data/oxygen options/OCNMS/OCNMS1/raw_data/2005/CTD_MB042_062705faed.cnv
* Sea-Bird SBE19 Data File:
* FileName = C:\Moorong data\CTD_062705.hex
* Software Version 1.1.6
* Temperature SN = 2997
* Conductivity SN = 2997
* System UpLoad Time = Jun 27 2005 13:44:43
* SEACAT PROFILER V3.1c SN 2997   06/27/05  13:37:44.336
* strain gauge pressure sensor: S/N = 184829,  range = 3000 psia,  tc = 40
# nquan = 9                                 
# nvalues = 624                         
# units = specified
# name 0 = timeJ: Julian Days
# name 1 = prSM: Pressure, Strain Gauge [db]
# name 2 = c0mS/cm: Conductivity [mS/cm]
# name 3 = t090C: Temperature [ITS-90, deg C]
# name 4 = oxML/L: Oxygen, Beckman/YSI [ml/l]
# name 5 = depSM: Depth [salt water, m], lat = 47.5
# name 6 = sal00: Salinity, Practical [PSU]
# name 7 = sigma-é00: Density [sigma-theta, kg/m^3]
# name 8 = flag: flag
# span 0 = 178.495764, 178.499369       
# span 1 =     -4.138,     41.059       
# span 2 =   0.142792,  37.427668       
# span 3 =     7.6792,    15.7702       
# span 4 =   -0.11402,   25.94415       
# span 5 =     -4.104,     40.712       
# span 6 =     0.0840,    33.6111       
# span 7 =    -0.9536,    26.2296       
# span 8 = 0.0000e+00, 0.0000e+00       
# interval = seconds: 0.5
# start_time = Jun 27 2005 11:53:54 [Instrument's time stamp, header]
# bad_flag = -9.990e-29
*END*
[from data line 321]
 178.497622      2.020  36.965800    12.2468    6.51191      2.003    31.8438    24.0930 -9.990e-29
 178.497627      2.023  36.971756    12.2556    6.49634      2.006    31.8420    24.0899 -9.990e-29
 178.497633      2.025  36.978559    12.2652    6.49004      2.008    31.8404    24.0869 -9.990e-29
 178.497639      2.028  36.985134    12.2739    6.49292      2.011    31.8393    24.0844 -9.990e-29
 178.497645      2.027  36.991220    12.2793    6.50455      2.010    31.8405    24.0843 -9.990e-29
 178.497650      2.017  36.995346    12.2788    6.50525      2.000    31.8449    24.0878 -9.990e-29
 178.497656      2.002  36.995106    12.2742    6.50409      1.985    31.8486    24.0915 -9.990e-29
 178.497662      1.990  36.991807    12.2703    6.49899      1.973    31.8487    24.0924 -9.990e-29
 178.497668      1.989  36.989397    12.2689    6.49686      1.972    31.8476    24.0918 -9.990e-29
 178.497674      1.999  36.989088    12.2690    6.49604      1.982    31.8472    24.0915 -9.990e-29
 178.497679      2.011  36.989846    12.2694    6.50057      1.994    31.8476    24.0917 -9.990e-29
 178.497685      2.022  36.990381    12.2698    6.50014      2.005    31.8478    24.0917 -9.990e-29
 178.497691      2.033  36.990784    12.2707    6.50102      2.016    31.8474    24.0913 -9.990e-29
 178.497697      2.044  36.991533    12.2721    6.50895      2.027    31.8469    24.0906 -9.990e-29
 178.497703      2.056  36.992447    12.2735    6.51479      2.039    31.8466    24.0901 -9.990e-29
 178.497708      2.071  36.993565    12.2757    6.51556      2.054    31.8458    24.0891 -9.990e-29
 178.497714      2.084  36.995756    12.2799    6.50605      2.067    31.8443    24.0872 -9.990e-29
 178.497720      2.093  36.999643    12.2849    6.49328      2.076    31.8438    24.0858 -9.990e-29
 178.497726      2.101  37.003061    12.2901    6.49354      2.083    31.8426    24.0839 -9.990e-29
 178.497731      2.114  37.006587    12.2969    6.50351      2.096    31.8402    24.0808 -9.990e-29
 178.497737      2.129  37.012620    12.3034    6.50859      2.111    31.8405    24.0798 -9.990e-29
 178.497743      2.137  37.017933    12.3061    6.50238      2.119    31.8433    24.0814 -9.990e-29
 178.497749      2.140  37.020024    12.3059    6.50263      2.122    31.8454    24.0831 -9.990e-29
 178.497755      2.146  37.020503    12.3064    6.50104      2.128    31.8455    24.0831 -9.990e-29
 178.497760      2.159  37.021071    12.3092    6.51004      2.141    31.8436    24.0811 -9.990e-29
 178.497766      2.177  37.022986    12.3132    6.50998      2.159    31.8420    24.0791 -9.990e-29
 178.497772      2.191  37.025937    12.3162    6.50249      2.173    31.8423    24.0788 -9.990e-29
 178.497778      2.199  37.028195    12.3176    6.48927      2.181    31.8433    24.0793 -9.990e-29
 178.497784      2.206  37.029349    12.3182    6.48441      2.188    31.8439    24.0796 -9.990e-29
 178.497789      2.215  37.029758    12.3190    6.49038      2.197    31.8436    24.0792 -9.990e-29
 178.497795      2.223  37.029908    12.3202    6.49139      2.204    31.8427    24.0783 -9.990e-29
 178.497801      2.227  37.030502    12.3218    6.48931      2.208    31.8419    24.0774 -9.990e-29
 178.497807      2.227  37.031710    12.3230    6.48212      2.208    31.8420    24.0773 -9.990e-29
 178.497813      2.222  37.032842    12.3241    6.47903      2.203    31.8422    24.0772 -9.990e-29
 178.497818      2.213  37.033105    12.3265    6.48085      2.195    31.8404    24.0754 -9.990e-29
 178.497824      2.203  37.033349    12.3285    6.49554      2.185    31.8389    24.0739 -9.990e-29
 178.497830      2.196  37.034403    12.3283    6.50019      2.178    31.8401    24.0748 -9.990e-29
 178.497836      2.186  37.035373    12.3280    6.49453      2.168    31.8413    24.0758 -9.990e-29
 178.497841      2.175  37.036371    12.3301    6.49543      2.157    31.8405    24.0748 -9.990e-29
 178.497847      2.168  37.039228    12.3335    6.49568      2.150    31.8403    24.0740 -9.990e-29
 178.497853      2.171  37.043208    12.3354    6.50476      2.153    31.8425    24.0753 -9.990e-29
 178.497859      2.182  37.045153    12.3357    6.50673      2.164    31.8441    24.0765 -9.990e-29
 178.497865      2.200  37.044794    12.3367    6.50799      2.182    31.8429    24.0754 -9.990e-29
 178.497870      2.216  37.044956    12.3390    6.50020      2.197    31.8411    24.0736 -9.990e-29
 178.497876      2.227  37.047113    12.3418    6.49851      2.208    31.8408    24.0728 -9.990e-29
 178.497882      2.233  37.050180    12.3444    6.49641      2.214    31.8415    24.0729 -9.990e-29
 178.497888      2.236  37.052208    12.3470    6.48742      2.217    31.8413    24.0722 -9.990e-29
 178.497894      2.235  37.053020    12.3499    6.47582      2.216    31.8396    24.0703 -9.990e-29
 178.497899      2.230  37.053818    12.3527    6.47052      2.211    31.8380    24.0685 -9.990e-29
 178.497905      2.226  37.055049    12.3557    6.45725      2.207    31.8366    24.0669 -9.990e-29
 178.497911      2.225  37.057177    12.3587    6.46155      2.206    31.8361    24.0659 -9.990e-29
 178.497917      2.225  37.059619    12.3606    6.47375      2.206    31.8368    24.0661 -9.990e-29
 178.497922      2.225  37.061089    12.3606    6.47738      2.206    31.8382    24.0672 -9.990e-29
 178.497928      2.228  37.061247    12.3602    6.48981      2.209    31.8387    24.0677 -9.990e-29
 178.497934      2.232  37.061369    12.3619    6.49137      2.213    31.8374    24.0663 -9.990e-29
 178.497940      2.237  37.063238    12.3664    6.49912      2.218    31.8353    24.0639 -9.990e-29
 178.497946      2.246  37.067047    12.3729    6.49985      2.227    31.8334    24.0612 -9.990e-29
 178.497951      2.256  37.072213    12.3802    6.48949      2.237    31.8322    24.0589 -9.990e-29
 178.497957      2.264  37.077718    12.3859    6.48656      2.245    31.8326    24.0581 -9.990e-29
 178.497963      2.270  37.081875    12.3868    6.45470      2.251    31.8358    24.0604 -9.990e-29
 178.497969      2.275  37.082325    12.3836    6.43005      2.256    31.8389    24.0635 -9.990e-29
 178.497975      2.278  37.079610    12.3787    6.40301      2.259    31.8405    24.0656 -9.990e-29
 178.497980      2.280  37.075657    12.3697    6.37309      2.261    31.8444    24.0703 -9.990e-29
 178.497986      2.281  37.068503    12.3554    6.36669      2.262    31.8497    24.0771 -9.990e-29
 178.497992      2.282  37.056959    12.3360    6.36581      2.263    31.8551    24.0850 -9.990e-29
 178.497998      2.282  37.040707    12.3148    6.37496      2.263    31.8576    24.0909 -9.990e-29
 178.498003      2.281  37.023245    12.3026    6.39684      2.262    31.8513    24.0883 -9.990e-29
 178.498009      2.279  37.014303    12.3080    6.40752      2.260    31.8381    24.0771 -9.990e-29
 178.498015      2.276  37.020953    12.3279    6.41275      2.257    31.8276    24.0652 -9.990e-29
 178.498021      2.273  37.040228    12.3441    6.41371      2.254    31.8323    24.0657 -9.990e-29
 178.498027      2.272  37.054048    12.3390    6.39457      2.253    31.8498    24.0803 -9.990e-29
 178.498032      2.278  37.048275    12.3153    6.37615      2.259    31.8644    24.0961 -9.990e-29
 178.498038      2.288  37.028054    12.2954    6.36400      2.269    31.8620    24.0979 -9.990e-29
 178.498044      2.297  37.012890    12.2937    6.34328      2.278    31.8489    24.0881 -9.990e-29
 178.498050      2.306  37.013893    12.2963    6.32332      2.287    31.8477    24.0867 -9.990e-29
 178.498056      2.316  37.016642    12.2909    6.31008      2.297    31.8549    24.0933 -9.990e-29
 178.498061      2.327  37.010732    12.2814    6.30735      2.308    31.8573    24.0969 -9.990e-29
 178.498067      2.340  37.001678    12.2692    6.32303      2.320    31.8590    24.1005 -9.990e-29
 178.498073      2.357  36.993046    12.2511    6.32413      2.337    31.8661    24.1095 -9.990e-29
 178.498079      2.373  36.980553    12.2354    6.31407      2.353    31.8675    24.1135 -9.990e-29
 178.498084      2.381  36.968224    12.2364    6.31816      2.361    31.8548    24.1035 -9.990e-29
 178.498090      2.382  36.968709    12.2515    6.32544      2.362    31.8424    24.0910 -9.990e-29
 178.498096      2.385  36.979788    12.2645    6.32996      2.365    31.8420    24.0883 -9.990e-29
 178.498102      2.393  36.989271    12.2656    6.33921      2.373    31.8501    24.0944 -9.990e-29
 178.498108      2.403  36.989570    12.2581    6.33835      2.383    31.8568    24.1009 -9.990e-29
 178.498113      2.408  36.983271    12.2538    6.33292      2.388    31.8544    24.0999 -9.990e-29
 178.498119      2.402  36.980976    12.2596    6.33413      2.382    31.8473    24.0933 -9.990e-29
 178.498125      2.391  36.987411    12.2717    6.33198      2.371    31.8432    24.0878 -9.990e-29
 178.498131      2.382  36.997643    12.2791    6.33062      2.362    31.8467    24.0892 -9.990e-29
 178.498137      2.378  37.002276    12.2750    6.33308      2.358    31.8546    24.0961 -9.990e-29
 178.498142      2.380  36.996782    12.2653    6.32700      2.360    31.8576    24.1002 -9.990e-29
 178.498148      2.383  36.987794    12.2603    6.32530      2.363    31.8532    24.0978 -9.990e-29
 178.498154      2.378  36.983451    12.2639    6.33642      2.358    31.8460    24.0915 -9.990e-29
 178.498160      2.367  36.986869    12.2704    6.33722      2.347    31.8438    24.0885 -9.990e-29
 178.498166      2.356  36.993577    12.2728    6.34799      2.336    31.8482    24.0915 -9.990e-29
 178.498171      2.349  36.996209    12.2724    6.36452      2.329    31.8510    24.0938 -9.990e-29
 178.498177      2.345  36.996535    12.2757    6.36935      2.325    31.8485    24.0912 -9.990e-29
 178.498183      2.344  37.001099    12.2832    6.38451      2.324    31.8465    24.0883 -9.990e-29
 178.498189      2.347  37.008640    12.2895    6.37856      2.327    31.8484    24.0885 -9.990e-29
 178.498194      2.353  37.011780    12.2938    6.36333      2.333    31.8477    24.0872 -9.990e-29
 178.498200      2.363  37.012405    12.2982    6.35990      2.343    31.8446    24.0839 -9.990e-29
 178.498206      2.377  37.015777    12.2987    6.34757      2.357    31.8474    24.0860 -9.990e-29
 178.498212      2.396  37.016244    12.2921    6.33811      2.376    31.8534    24.0919 -9.990e-29
 178.498218      2.418  37.010448    12.2828    6.32672      2.398    31.8558    24.0955 -9.990e-29
 178.498223      2.435  37.002938    12.2763    6.30741      2.415    31.8541    24.0954 -9.990e-29
 178.498229      2.443  36.998213    12.2714    6.29729      2.423    31.8538    24.0961 -9.990e-29
 178.498235      2.444  36.995519    12.2621    6.27900      2.424    31.8591    24.1020 -9.990e-29
 178.498241      2.442  36.988403    12.2509    6.28168      2.422    31.8618    24.1062 -9.990e-29
 178.498247      2.445  36.979092    12.2457    6.30887      2.425    31.8573    24.1036 -9.990e-29
 178.498252      2.454  36.976415    12.2424    6.32569      2.434    31.8575    24.1045 -9.990e-29
 178.498258      2.460  36.975620    12.2340    6.34078      2.439    31.8639    24.1110 -9.990e-29
 178.498264      2.459  36.968862    12.2299    6.34479      2.438    31.8609    24.1094 -9.990e-29
 178.498270      2.456  36.965012    12.2428    6.34783      2.435    31.8463    24.0956 -9.990e-29
 178.498275      2.459  36.976256    12.2666    6.35709      2.438    31.8368    24.0838 -9.990e-29
 178.498281      2.472  36.996784    12.2828    6.36249      2.451    31.8427    24.0854 -9.990e-29
 178.498287      2.493  37.009064    12.2850    6.36728      2.472    31.8526    24.0926 -9.990e-29
 178.498293      2.513  37.008676    12.2812    6.37951      2.492    31.8554    24.0955 -9.990e-29
 178.498299      2.530  37.004579    12.2791    6.38112      2.509    31.8533    24.0943 -9.990e-29
 178.498304      2.545  37.002464    12.2823    6.36709      2.524    31.8485    24.0900 -9.990e-29
 178.498310      2.559  37.005057    12.2903    6.34927      2.538    31.8442    24.0851 -9.990e-29
 178.498316      2.573  37.012393    12.2985    6.33624      2.552    31.8442    24.0836 -9.990e-29
 178.498322      2.592  37.019621    12.3030    6.32549      2.570    31.8473    24.0852 -9.990e-29
 178.498328      2.622  37.023430    12.3010    6.34834      2.600    31.8527    24.0897 -9.990e-29
 178.498333      2.663  37.022116    12.2865    6.37185      2.641    31.8637    24.1010 -9.990e-29
 178.498339      2.720  37.011065    12.2582    6.37678      2.697    31.8772    24.1167 -9.990e-29
 178.498345      2.790  36.988942    12.2309    6.36026      2.767    31.8792    24.1234 -9.990e-29
 178.498351      2.876  36.967673    12.2236    6.33382      2.852    31.8650    24.1138 -9.990e-29
 178.498356      2.985  36.964241    12.2390    6.31301      2.960    31.8486    24.0981 -9.990e-29
 178.498362      3.134  36.981296    12.2558    6.30087      3.108    31.8505    24.0965 0.0000e+00
 178.498368      3.332  36.998914    12.2448    6.32758      3.304    31.8767    24.1189 0.0000e+00
 178.498374      3.584  36.989518    12.2022    6.36320      3.554    31.9039    24.1479 0.0000e+00
 178.498380      3.896  36.952302    12.1470    6.39787      3.863    31.9151    24.1670 0.0000e+00
 178.498385      4.267  36.908219    12.0955    6.43709      4.231    31.9166    24.1777 0.0000e+00
 178.498391      4.682  36.870178    12.0572    6.43189      4.643    31.9126    24.1817 0.0000e+00
 178.498397      5.129  36.844006    12.0349    6.41282      5.086    31.9062    24.1810 0.0000e+00
 178.498403      5.603  36.830055    12.0235    6.36446      5.556    31.9024    24.1801 0.0000e+00
 178.498409      6.096  36.823114    12.0140    6.27214      6.045    31.9036    24.1828 0.0000e+00
 178.498414      6.595  36.816665    11.9967    6.16752      6.540    31.9120    24.1925 0.0000e+00
 178.498420      7.095  36.803171    11.9657    6.02967      7.036    31.9253    24.2086 0.0000e+00
 178.498426      7.592  36.778033    11.9196    5.92032      7.528    31.9403    24.2288 0.0000e+00
 178.498432      8.085  36.742428    11.8600    5.83417      8.017    31.9569    24.2526 0.0000e+00
 178.498437      8.575  36.700389    11.7878    5.75598      8.503    31.9780    24.2823 0.0000e+00
 178.498443      9.071  36.651857    11.6987    5.66641      8.995    32.0075    24.3214 0.0000e+00
 178.498449      9.584  36.594279    11.5809    5.56019      9.504    32.0530    24.3782 0.0000e+00
 178.498455     10.113  36.518642    11.4346    5.45335     10.028    32.1058    24.4456 0.0000e+00
 178.498461     10.647  36.422685    11.2892    5.36928     10.558    32.1381    24.4968 0.0000e+00
 178.498466     11.187  36.330858    11.1705    5.30504     11.093    32.1512    24.5281 0.0000e+00
 178.498472     11.734  36.261339    11.0792    5.21752     11.636    32.1623    24.5529 0.0000e+00
 178.498478     12.279  36.209916    11.0017    5.11131     12.176    32.1792    24.5796 0.0000e+00
 178.498484     12.818  36.166242    10.9195    4.96987     12.711    32.2079    24.6164 0.0000e+00
 178.498490     13.352  36.117979    10.8259    4.82129     13.240    32.2422    24.6594 0.0000e+00
 178.498495     13.885  36.061245    10.7206    4.70174     13.769    32.2784    24.7059 0.0000e+00
 178.498501     14.420  35.998235    10.5921    4.58198     14.299    32.3291    24.7675 0.0000e+00
 178.498507     14.958  35.922776    10.4240    4.47514     14.833    32.4028    24.8536 0.0000e+00
 178.498513     15.498  35.826669    10.2197    4.38445     15.368    32.4884    24.9549 0.0000e+00
 178.498519     16.041  35.710611    10.0248    4.31867     15.907    32.5460    25.0324 0.0000e+00
 178.498524     16.583  35.600256     9.8917    4.27752     16.444    32.5538    25.0606 0.0000e+00
 178.498530     17.116  35.529408     9.8217    4.26894     16.972    32.5447    25.0650 0.0000e+00
 178.498536     17.639  35.494866     9.7827    4.26929     17.491    32.5446    25.0713 0.0000e+00
