data/oxygen options/OCNMS/OCNMS1/raw_data/2005/CTD_CA042_062705faedb.cnv
* Sea-Bird SBE19 Data File:
* FileName = C:\Mooring data\CTD_CA2_062705.hex
* Software Version 1.1.5
* Temperature SN = 2997
* Conductivity SN = 2997
* System UpLoad Time = Jun 27 2005 17:59:49
* SEACAT PROFILER V3.1c SN 2997   06/27/05  17:59:19.279
* strain gauge pressure sensor: S/N = 184829,  range = 3000 psia,  tc = 40
# nquan = 9
# nvalues = 38                          
# units = specified
# name 0 = timeJ: Julian Days
# name 1 = prSM: Pressure, Strain Gauge [db]
# name 2 = c0mS/cm: Conductivity [mS/cm]
# name 3 = t090C: Temperature [ITS-90, deg C]
# name 4 = oxML/L: Oxygen, Beckman/YSI [ml/l]
# name 5 = depSM: Depth [salt water, m], lat = 47.5
# name 6 = sal00: Salinity, Practical [PSU]
# name 7 = sigma-é00: Density [sigma-theta, kg/m^3]
# name 8 = flag: flag
# span 0 = 178.585050, 178.585552       
# span 1 =      3.000,     40.000       
# span 2 =  34.816288,  37.280149       
# span 3 =     8.0801,    12.9177       
# span 4 =    3.09181,    6.71017       
# span 5 =      2.975,     39.662       
# span 6 =    31.5765,    33.4081       
# span 7 =    23.7582,    26.0125       
# span 8 = 0.0000e+00, 0.0000e+00       
# interval = decibars: 1                
# start_time = Jun 27 2005 13:59:15 [Instrument's time stamp, header]
# bad_flag = -9.990e-29
*END*
 178.585050      3.000  37.279932    12.9164    6.71017      2.975    31.5778    23.7594 0.0000e+00
 178.585072      4.000  37.280149    12.9177    6.62851      3.967    31.5765    23.7582 0.0000e+00
 178.585088      5.000  37.273703    12.8808    6.53379      4.958    31.6009    23.7842 0.0000e+00
 178.585101      6.000  37.228332    12.7188    6.58725      5.950    31.6933    23.8870 0.0000e+00
 178.585114      7.000  37.123390    12.5365    6.63226      6.941    31.7468    23.9632 0.0000e+00
 178.585128      8.000  37.082320    12.4806    6.62743      7.933    31.7545    23.9798 0.0000e+00
 178.585141      9.000  37.072605    12.4312    6.55304      8.924    31.7866    24.0141 0.0000e+00
 178.585153     10.000  37.056877    12.3468    6.44765      9.917    31.8428    24.0736 0.0000e+00
 178.585166     11.000  37.015672    12.2307    6.41143     10.908    31.9017    24.1411 0.0000e+00
 178.585177     12.000  36.945656    12.0914    6.38248     11.900    31.9529    24.2068 0.0000e+00
 178.585189     13.000  36.861536    11.9816    6.18915     12.891    31.9656    24.2371 0.0000e+00
 178.585202     14.000  36.799291    11.8594    5.71102     13.883    32.0100    24.2941 0.0000e+00
 178.585215     15.000  36.629420    11.5034    5.22515     14.875    32.1525    24.4694 0.0000e+00
 178.585227     16.000  36.335118    11.0245    4.90132     15.866    32.2815    24.6551 0.0000e+00
 178.585239     17.000  36.013372    10.5823    4.77615     16.858    32.3518    24.7868 0.0000e+00
 178.585251     18.000  35.795136    10.3663    4.78016     17.849    32.3248    24.8027 0.0000e+00
 178.585263     19.000  35.717063    10.2874    4.84806     18.840    32.3161    24.8092 0.0000e+00
 178.585275     20.000  35.682647    10.2487    4.93403     19.832    32.3155    24.8153 0.0000e+00
 178.585289     21.000  35.678203    10.2595    4.98790     20.823    32.3010    24.8022 0.0000e+00
 178.585304     22.000  35.698380    10.2783    4.95244     21.815    32.3041    24.8015 0.0000e+00
 178.585317     23.000  35.667838    10.2025    4.77608     22.807    32.3405    24.8426 0.0000e+00
 178.585329     24.000  35.612278    10.0927    4.55185     23.798    32.3821    24.8934 0.0000e+00
 178.585340     25.000  35.534618     9.8923    4.37361     24.790    32.4829    25.0053 0.0000e+00
 178.585352     26.000  35.415214     9.6146    4.22222     25.782    32.6118    25.1514 0.0000e+00
 178.585365     27.000  35.324031     9.4677    4.10858     26.773    32.6516    25.2060 0.0000e+00
 178.585379     28.000  35.300452     9.3507    3.96536     27.764    32.7337    25.2891 0.0000e+00
 178.585393     29.000  35.238249     9.1562    3.81783     28.756    32.8477    25.4091 0.0000e+00
 178.585405     30.000  35.177580     8.9901    3.72681     29.748    32.9378    25.5056 0.0000e+00
 178.585418     31.000  35.134811     8.8860    3.68843     30.739    32.9894    25.5622 0.0000e+00
 178.585431     32.000  35.104913     8.8221    3.68265     31.731    33.0171    25.5938 0.0000e+00
 178.585445     33.000  35.084027     8.7848    3.65494     32.722    33.0296    25.6094 0.0000e+00
 178.585459     34.000  35.052275     8.7233    3.59355     33.713    33.0533    25.6374 0.0000e+00
 178.585474     35.000  35.008168     8.6061    3.47976     34.705    33.1162    25.7047 0.0000e+00
 178.585488     36.000  34.954236     8.4813    3.38651     35.696    33.1763    25.7706 0.0000e+00
 178.585501     37.000  34.917834     8.3863    3.30210     36.688    33.2267    25.8246 0.0000e+00
 178.585516     38.000  34.895806     8.3034    3.19733     37.679    33.2814    25.8799 0.0000e+00
 178.585532     39.000  34.852767     8.1585    3.10655     38.671    33.3728    25.9732 0.0000e+00
 178.585552     40.000  34.816288     8.0801    3.09181     39.662    33.4081    26.0125 0.0000e+00
