data/oxygen options/OCNMS/OCNMS1/raw_data/2005/CTD_MB042_062705faed.cnv
* Sea-Bird SBE19 Data File:
* FileName = C:\Moorong data\CTD_062705.hex
* Software Version 1.1.6
* Temperature SN = 2997
* Conductivity SN = 2997
* System UpLoad Time = Jun 27 2005 13:44:43
* SEACAT PROFILER V3.1c SN 2997   06/27/05  13:37:44.336
* strain gauge pressure sensor: S/N = 184829,  range = 3000 psia,  tc = 40
# nquan = 9                                 
# nvalues = 624                         
# units = specified
# name 0 = timeJ: Julian Days
# name 1 = prSM: Pressure, Strain Gauge [db]
# name 2 = c0mS/cm: Conductivity [mS/cm]
# name 3 = t090C: Temperature [ITS-90, deg C]
# name 4 = oxML/L: Oxygen, Beckman/YSI [ml/l]
# name 5 = depSM: Depth [salt water, m], lat = 47.5
# name 6 = sal00: Salinity, Practical [PSU]
# name 7 = sigma-é00: Density [sigma-theta, kg/m^3]
# name 8 = flag: flag
# span 0 = 178.495764, 178.499369       
# span 1 =     -4.138,     41.059       
# span 2 =   0.142792,  37.427668       
# span 3 =     7.6792,    15.7702       
# span 4 =   -0.11402,   25.94415       
# span 5 =     -4.104,     40.712       
# span 6 =     0.0840,    33.6111       
# span 7 =    -0.9536,    26.2296       
# span 8 = 0.0000e+00, 0.0000e+00       
# interval = seconds: 0.5
# start_time = Jun 27 2005 11:53:54 [Instrument's time stamp, header]
# bad_flag = -9.990e-29
*END*
[from data line 161]
 178.496696      0.661  37.115973    12.3914   12.08847      0.655    31.8651    24.0822 -9.990e-29
 178.496701      0.675  37.092808    12.3849   12.13099      0.669    31.8485    24.0706 -9.990e-29
 178.496707      0.689  37.079556    12.3827   12.17955      0.683    31.8377    24.0626 -9.990e-29
 178.496713      0.704  37.076533    12.3856   12.23551      0.698    31.8324    24.0579 -9.990e-29
 178.496719      0.716  37.078634    12.3918   12.13915      0.710    31.8291    24.0543 -9.990e-29
 178.496725      0.721  37.082540    12.3991    8.64532      0.715    31.8266    24.0510 -9.990e-29
 178.496730      0.725  37.086781    12.4084    5.24895      0.719    31.8228    24.0462 -9.990e-29
 178.496736      0.731  37.093137    12.4188    3.45698      0.725    31.8200    24.0421 -9.990e-29
 178.496742      0.740  37.101163    12.4257    3.21039      0.734    31.8218    24.0422 -9.990e-29
 178.496748      0.754  37.104794    12.4286    4.67661      0.748    31.8228    24.0425 -9.990e-29
 178.496753      0.767  37.104436    12.4294    5.66294      0.761    31.8218    24.0415 -9.990e-29
 178.496759      0.777  37.104704    12.4229    6.08188      0.771    31.8276    24.0472 -9.990e-29
 178.496765      0.789  37.100397    12.4015    6.32951      0.782    31.8416    24.0621 -9.990e-29
 178.496771      0.804  37.082459    12.3653    6.46829      0.797    31.8552    24.0795 -9.990e-29
 178.496777      0.818  37.050560    12.3257    6.54017      0.811    31.8583    24.0894 -9.990e-29
 178.496782      0.832  37.016023    12.2972    6.57582      0.825    31.8495    24.0879 -9.990e-29
 178.496788      0.842  36.990569    12.2813    6.62339      0.835    31.8387    24.0825 -9.990e-29
 178.496794      0.850  36.977291    12.2720    6.64826      0.843    31.8339    24.0805 -9.990e-29
 178.496800      0.860  36.974783    12.2683    6.66766      0.853    31.8346    24.0818 -9.990e-29
 178.496806      0.873  36.977505    12.2674    6.67552      0.866    31.8380    24.0845 -9.990e-29
 178.496811      0.890  36.977922    12.2683    6.67879      0.883    31.8376    24.0841 -9.990e-29
 178.496817      0.906  36.977196    12.2772    6.68038      0.898    31.8293    24.0760 -9.990e-29
 178.496823      0.920  36.985616    12.2972    6.69556      0.912    31.8204    24.0653 -9.990e-29
 178.496829      0.932  37.003807    12.3207    6.71699      0.924    31.8178    24.0589 -9.990e-29
 178.496834      0.943  37.020760    12.3324    6.73659      0.935    31.8241    24.0616 -9.990e-29
 178.496840      0.954  37.025502    12.3293    6.74099      0.946    31.8313    24.0677 -9.990e-29
 178.496846      0.965  37.019923    12.3268    6.71661      0.957    31.8281    24.0657 -9.990e-29
 178.496852      0.976  37.017933    12.3354    6.68134      0.968    31.8188    24.0570 -9.990e-29
 178.496858      0.989  37.025331    12.3523    6.63908      0.981    31.8116    24.0481 -9.990e-29
 178.496863      1.005  37.035773    12.3667    6.61503      0.997    31.8093    24.0437 -9.990e-29
 178.496869      1.024  37.043613    12.3659    6.59470      1.015    31.8175    24.0502 -9.990e-29
 178.496875      1.047  37.044220    12.3397    6.58770      1.038    31.8403    24.0728 -9.990e-29
 178.496881      1.073  37.026684    12.2937    6.59379      1.064    31.8626    24.0987 -9.990e-29
 178.496887      1.093  36.990652    12.2536    6.59704      1.084    31.8622    24.1059 -9.990e-29
 178.496892      1.106  36.958746    12.2448    6.61278      1.097    31.8391    24.0897 -9.990e-29
 178.496898      1.111  36.955159    12.2688    6.62404      1.102    31.8153    24.0667 -9.990e-29
 178.496904      1.110  36.978509    12.3061    6.61636      1.101    31.8060    24.0525 -9.990e-29
 178.496910      1.105  37.008970    12.3336    6.60365      1.096    31.8118    24.0518 -9.990e-29
 178.496916      1.107  37.028920    12.3346    6.59049      1.098    31.8300    24.0657 -9.990e-29
 178.496921      1.114  37.025781    12.3168    6.56630      1.105    31.8421    24.0785 -9.990e-29
 178.496927      1.122  37.007753    12.3063    6.55341      1.113    31.8338    24.0740 -9.990e-29
 178.496933      1.133  36.999608    12.3083    6.53639      1.124    31.8243    24.0663 -9.990e-29
 178.496939      1.148  37.002297    12.3069    6.52752      1.138    31.8280    24.0694 -9.990e-29
 178.496944      1.166  36.999834    12.2949    6.52410      1.156    31.8358    24.0778 -9.990e-29
 178.496950      1.185  36.989543    12.2794    6.51940      1.175    31.8392    24.0832 -9.990e-29
 178.496956      1.202  36.977928    12.2689    6.52118      1.192    31.8370    24.0835 -9.990e-29
 178.496962      1.217  36.970284    12.2658    6.53318      1.207    31.8323    24.0804 -9.990e-29
 178.496968      1.233  36.968796    12.2679    6.55369      1.223    31.8291    24.0776 -9.990e-29
 178.496973      1.249  36.971524    12.2736    6.56914      1.239    31.8268    24.0747 -9.990e-29
 178.496979      1.264  36.975985    12.2806    6.56973      1.253    31.8251    24.0721 -9.990e-29
 178.496985      1.272  36.980890    12.2867    6.57351      1.261    31.8246    24.0706 -9.990e-29
 178.496991      1.280  36.985539    12.2935    6.57285      1.269    31.8233    24.0683 -9.990e-29
 178.496997      1.291  36.991138    12.3036    6.57706      1.280    31.8201    24.0639 -9.990e-29
 178.497002      1.307  36.999034    12.3163    6.58518      1.296    31.8169    24.0590 -9.990e-29
 178.497008      1.324  37.008594    12.3254    6.57373      1.313    31.8183    24.0584 -9.990e-29
 178.497014      1.335  37.015238    12.3255    6.56909      1.324    31.8245    24.0632 -9.990e-29
 178.497020      1.337  37.013861    12.3205    6.57145      1.326    31.8275    24.0664 -9.990e-29
 178.497025      1.333  37.008282    12.3188    6.56269      1.322    31.8236    24.0637 -9.990e-29
 178.497031      1.332  37.007361    12.3220    6.56101      1.321    31.8200    24.0604 -9.990e-29
 178.497037      1.334  37.011039    12.3255    6.56442      1.323    31.8205    24.0601 -9.990e-29
 178.497043      1.335  37.013617    12.3268    6.55608      1.324    31.8219    24.0609 -9.990e-29
 178.497049      1.335  37.014097    12.3271    6.54361      1.324    31.8221    24.0610 -9.990e-29
 178.497054      1.333  37.014289    12.3273    6.53788      1.322    31.8221    24.0610 -9.990e-29
 178.497060      1.335  37.014497    12.3272    6.52965      1.324    31.8224    24.0612 -9.990e-29
 178.497066      1.344  37.014485    12.3255    6.52826      1.333    31.8238    24.0627 -9.990e-29
 178.497072      1.356  37.013163    12.3217    6.52188      1.345    31.8258    24.0649 -9.990e-29
 178.497078      1.373  37.009934    12.3165    6.51476      1.362    31.8271    24.0669 -9.990e-29
 178.497083      1.400  37.005586    12.3100    6.51206      1.388    31.8284    24.0692 -9.990e-29
 178.497089      1.425  37.000532    12.3035    6.50124      1.413    31.8291    24.0709 -9.990e-29
 178.497095      1.438  36.995366    12.3003    6.49311      1.426    31.8269    24.0698 -9.990e-29
 178.497101      1.447  36.992774    12.3032    6.49192      1.435    31.8219    24.0654 -9.990e-29
 178.497106      1.458  36.996071    12.3081    6.50012      1.446    31.8209    24.0637 -9.990e-29
 178.497112      1.464  37.000734    12.3072    6.50738      1.452    31.8261    24.0679 -9.990e-29
 178.497118      1.463  36.999576    12.3020    6.50698      1.451    31.8295    24.0715 -9.990e-29
 178.497124      1.460  36.995024    12.2997    6.50397      1.448    31.8271    24.0700 -9.990e-29
 178.497130      1.456  36.993386    12.3007    6.50446      1.444    31.8246    24.0680 -9.990e-29
 178.497135      1.455  36.994207    12.3012    6.50977      1.443    31.8250    24.0682 -9.990e-29
 178.497141      1.459  36.994142    12.3019    6.50619      1.447    31.8243    24.0675 -9.990e-29
 178.497147      1.471  36.994836    12.3047    6.51176      1.459    31.8226    24.0657 -9.990e-29
 178.497153      1.490  36.997823    12.3075    6.51503      1.478    31.8231    24.0655 -9.990e-29
 178.497159      1.513  37.000407    12.3082    6.52101      1.500    31.8250    24.0668 -9.990e-29
 178.497164      1.538  37.001036    12.3076    6.51885      1.525    31.8261    24.0678 -9.990e-29
 178.497170      1.562  37.001718    12.3067    6.52576      1.549    31.8275    24.0690 -9.990e-29
 178.497176      1.577  37.003406    12.3057    6.52628      1.564    31.8299    24.0711 -9.990e-29
 178.497182      1.586  37.004842    12.3055    6.53000      1.573    31.8315    24.0724 -9.990e-29
 178.497188      1.592  37.005711    12.3075    6.51966      1.579    31.8306    24.0713 -9.990e-29
 178.497193      1.592  37.006402    12.3130    6.50603      1.579    31.8266    24.0672 -9.990e-29
 178.497199      1.586  37.008904    12.3191    6.50447      1.573    31.8238    24.0639 -9.990e-29
 178.497205      1.582  37.012942    12.3172    6.50906      1.569    31.8293    24.0685 -9.990e-29
 178.497211      1.579  37.011513    12.3058    6.52039      1.566    31.8376    24.0771 -9.990e-29
 178.497216      1.574  37.002656    12.2949    6.52063      1.561    31.8384    24.0797 -9.990e-29
 178.497222      1.566  36.994677    12.2918    6.52563      1.553    31.8334    24.0764 -9.990e-29
 178.497228      1.554  36.993689    12.2933    6.52364      1.541    31.8312    24.0744 -9.990e-29
 178.497234      1.547  36.995511    12.2933    6.52827      1.534    31.8329    24.0758 -9.990e-29
 178.497240      1.556  36.994666    12.2921    6.54097      1.543    31.8331    24.0762 -9.990e-29
 178.497245      1.578  36.993334    12.2933    6.53930      1.565    31.8308    24.0742 -9.990e-29
 178.497251      1.598  36.995282    12.2964    6.53257      1.585    31.8300    24.0730 -9.990e-29
 178.497257      1.607  36.999124    12.2984    6.52964      1.594    31.8320    24.0741 -9.990e-29
 178.497263      1.606  37.000954    12.2989    6.53407      1.593    31.8333    24.0751 -9.990e-29
 178.497269      1.601  37.000352    12.2983    6.54137      1.588    31.8333    24.0751 -9.990e-29
 178.497274      1.598  36.999258    12.2989    6.54219      1.585    31.8317    24.0738 -9.990e-29
 178.497280      1.599  37.000079    12.3029    6.53935      1.586    31.8291    24.0710 -9.990e-29
 178.497286      1.597  37.003849    12.3073    6.54179      1.584    31.8290    24.0701 -9.990e-29
 178.497292      1.598  37.007690    12.3088    6.54520      1.585    31.8314    24.0717 -9.990e-29
 178.497297      1.611  37.008257    12.3081    6.54734      1.598    31.8325    24.0727 -9.990e-29
 178.497303      1.632  37.006810    12.3076    6.53329      1.618    31.8315    24.0720 -9.990e-29
 178.497309      1.644  37.006403    12.3082    6.53114      1.630    31.8306    24.0712 -9.990e-29
 178.497315      1.649  37.006995    12.3083    6.52495      1.635    31.8311    24.0716 -9.990e-29
 178.497321      1.661  37.007071    12.3064    6.52716      1.647    31.8328    24.0732 -9.990e-29
 178.497326      1.679  37.005556    12.3030    6.53887      1.665    31.8342    24.0750 -9.990e-29
 178.497332      1.696  37.003172    12.3005    6.54052      1.682    31.8341    24.0753 -9.990e-29
 178.497338      1.705  37.001723    12.3005    6.53488      1.691    31.8327    24.0743 -9.990e-29
 178.497344      1.703  37.002018    12.3022    6.52903      1.689    31.8315    24.0730 -9.990e-29
 178.497350      1.693  37.003830    12.3036    6.52815      1.679    31.8321    24.0732 -9.990e-29
 178.497355      1.683  37.005593    12.3040    6.52328      1.669    31.8334    24.0742 -9.990e-29
 178.497361      1.681  37.006237    12.3032    6.52479      1.667    31.8347    24.0753 -9.990e-29
 178.497367      1.692  37.006003    12.3008    6.52904      1.678    31.8365    24.0772 -9.990e-29
 178.497373      1.711  37.004519    12.2969    6.52982      1.697    31.8384    24.0794 -9.990e-29
 178.497378      1.732  37.001428    12.2921    6.52869      1.718    31.8395    24.0811 -9.990e-29
 178.497384      1.751  36.997033    12.2876    6.51980      1.736    31.8391    24.0817 -9.990e-29
 178.497390      1.770  36.992138    12.2859    6.51473      1.755    31.8359    24.0795 -9.990e-29
 178.497396      1.786  36.989685    12.2865    6.52029      1.771    31.8330    24.0772 -9.990e-29
 178.497402      1.795  36.991387    12.2841    6.53386      1.780    31.8367    24.0804 -9.990e-29
 178.497407      1.802  36.992727    12.2762    6.55050      1.787    31.8447    24.0881 -9.990e-29
 178.497413      1.812  36.988708    12.2671    6.54096      1.797    31.8486    24.0928 -9.990e-29
 178.497419      1.822  36.981760    12.2649    6.52631      1.807    31.8438    24.0895 -9.990e-29
 178.497425      1.827  36.980490    12.2714    6.50135      1.812    31.8370    24.0831 -9.990e-29
 178.497431      1.832  36.986507    12.2792    6.49083      1.817    31.8362    24.0810 -9.990e-29
 178.497436      1.842  36.991520    12.2820    6.49351      1.827    31.8386    24.0823 -9.990e-29
 178.497442      1.857  36.992068    12.2773    6.49757      1.841    31.8431    24.0867 -9.990e-29
 178.497448      1.879  36.988823    12.2600    6.49970      1.863    31.8547    24.0989 -9.990e-29
 178.497454      1.905  36.977401    12.2323    6.49391      1.889    31.8673    24.1139 -9.990e-29
 178.497459      1.927  36.957086    12.2138    6.48869      1.911    31.8636    24.1145 -9.990e-29
 178.497465      1.943  36.941643    12.2157    6.48695      1.927    31.8471    24.1014 -9.990e-29
 178.497471      1.953  36.941803    12.2240    6.50065      1.937    31.8402    24.0945 -9.990e-29
 178.497477      1.960  36.948188    12.2248    6.50147      1.944    31.8457    24.0985 -9.990e-29
 178.497483      1.961  36.949074    12.2203    6.50526      1.945    31.8503    24.1030 -9.990e-29
 178.497488      1.959  36.946149    12.2169    6.50641      1.943    31.8504    24.1037 -9.990e-29
 178.497494      1.953  36.944981    12.2157    6.50697      1.937    31.8503    24.1039 -9.990e-29
 178.497500      1.946  36.945072    12.2152    6.50504      1.930    31.8509    24.1043 -9.990e-29
 178.497506      1.943  36.944803    12.2157    6.49949      1.927    31.8502    24.1037 -9.990e-29
 178.497512      1.939  36.945439    12.2169    6.49247      1.923    31.8498    24.1032 -9.990e-29
 178.497517      1.930  36.947206    12.2175    6.50177      1.914    31.8509    24.1040 -9.990e-29
 178.497523      1.919  36.948478    12.2178    6.49782      1.903    31.8519    24.1047 -9.990e-29
 178.497529      1.913  36.948648    12.2184    6.49248      1.897    31.8516    24.1043 -9.990e-29
 178.497535      1.914  36.948445    12.2189    6.48711      1.898    31.8510    24.1037 -9.990e-29
 178.497541      1.916  36.948102    12.2192    6.48895      1.900    31.8504    24.1032 -9.990e-29
 178.497546      1.924  36.947662    12.2193    6.50358      1.908    31.8499    24.1028 -9.990e-29
 178.497552      1.938  36.947600    12.2196    6.50294      1.922    31.8495    24.1025 -9.990e-29
 178.497558      1.951  36.948335    12.2201    6.49683      1.935    31.8498    24.1026 -9.990e-29
 178.497564      1.960  36.949105    12.2208    6.49077      1.944    31.8499    24.1026 -9.990e-29
 178.497569      1.964  36.949756    12.2225    6.49403      1.948    31.8491    24.1016 -9.990e-29
 178.497575      1.968  36.951656    12.2254    6.49753      1.952    31.8485    24.1006 -9.990e-29
 178.497581      1.978  36.954480    12.2282    6.49813      1.961    31.8488    24.1003 -9.990e-29
 178.497587      1.989  36.956888    12.2297    6.49560      1.972    31.8498    24.1008 -9.990e-29
 178.497593      1.997  36.958108    12.2304    6.49695      1.980    31.8504    24.1011 -9.990e-29
 178.497598      2.004  36.958587    12.2313    6.51049      1.987    31.8501    24.1007 -9.990e-29
 178.497604      2.009  36.959465    12.2327    6.51465      1.992    31.8497    24.1002 -9.990e-29
 178.497610      2.013  36.960732    12.2354    6.52099      1.996    31.8486    24.0989 -9.990e-29
