data/oxygen options/OCNMS/OCNMS1/raw_data/2005/CTD_KL015_062005faed.cnv
* Sea-Bird SBE19 Data File:
* FileName = C:\Mooring data\CTD_KL1_062005.hex
* Software Version 1.1.5
* Temperature SN = 2997
* Conductivity SN = 2997
* System UpLoad Time = Jun 21 2005 07:29:22
* SEACAT PROFILER V3.1c SN 2997   06/21/05  07:28:59.195
* strain gauge pressure sensor: S/N = 184829,  range = 3000 psia,  tc = 40
# nquan = 9                                 
# nvalues = 548                         
# units = specified
# name 0 = timeJ: Julian Days
# name 1 = prSM: Pressure, Strain Gauge [db]
# name 2 = c0mS/cm: Conductivity [mS/cm]
# name 3 = t090C: Temperature [ITS-90, deg C]
# name 4 = oxML/L: Oxygen, Beckman/YSI [ml/l]
# name 5 = depSM: Depth [salt water, m], lat = 47.5
# name 6 = sal00: Salinity, Practical [PSU]
# name 7 = sigma-é00: Density [sigma-theta, kg/m^3]
# name 8 = flag: flag
# span 0 = 171.532199, 171.535365       
# span 1 =     -3.956,     16.090       
# span 2 =   0.061437,  37.332773       
# span 3 =    11.8670,    19.0264       
# span 4 =   -0.10512,   20.90757       
# span 5 =     -3.923,     15.955       
# span 6 =     0.0369,    31.7077       
# span 7 =    -1.5619,    24.0496       
# span 8 = 0.0000e+00, 0.0000e+00       
# interval = seconds: 0.5
# start_time = Jun 20 2005 12:46:22 [Instrument's time stamp, header]
# bad_flag = -9.990e-29
*END*
[from data line 161]
 171.533131      0.116  37.220799    17.2838   -0.09232      0.115    28.1968    20.2360 -9.990e-29
 171.533137      0.119  37.213388    17.2913   -0.09240      0.118    28.1853    20.2256 -9.990e-29
 171.533142      0.120  37.213387    17.3088   -0.09243      0.119    28.1732    20.2122 -9.990e-29
 171.533148      0.124  37.211325    17.3179   -0.09245      0.123    28.1651    20.2040 -9.990e-29
 171.533154      0.139  37.208440    17.3077   -0.09244      0.138    28.1698    20.2099 -9.990e-29
 171.533160      0.167  37.204317    17.2928   -0.09242      0.166    28.1766    20.2186 -9.990e-29
 171.533166      0.196  37.199128    17.2936   -0.09241      0.194    28.1717    20.2146 -9.990e-29
 171.533171      0.215  37.194980    17.3144   -0.09242      0.213    28.1538    20.1961 -9.990e-29
 171.533177      0.222  37.190883    17.3355    6.76185      0.220    28.1357    20.1775 -9.990e-29
 171.533183      0.221  37.188159    17.3339   18.69972      0.219    28.1345    20.1769 -9.990e-29
 171.533189      0.221  37.186607    17.3147   20.90757      0.219    28.1465    20.1905 -9.990e-29
 171.533194      0.225  37.186469    17.2972   19.50078      0.223    28.1586    20.2037 -9.990e-29
 171.533200      0.234  37.189864    17.2893   14.20037      0.232    28.1669    20.2119 -9.990e-29
 171.533206      0.245  37.194089    17.2891    9.59134      0.243    28.1706    20.2148 -9.990e-29
 171.533212      0.254  37.196426    17.2926    9.63050      0.252    28.1701    20.2136 -9.990e-29
 171.533218      0.265  37.197248    17.2947    9.60885      0.263    28.1694    20.2126 -9.990e-29
 171.533223      0.280  37.196593    17.2906    9.63297      0.278    28.1716    20.2153 -9.990e-29
 171.533229      0.290  37.191409    17.2801    9.66058      0.288    28.1746    20.2199 -9.990e-29
 171.533235      0.293  37.179329    17.2703    9.68712      0.291    28.1712    20.2196 -9.990e-29
 171.533241      0.288  37.168408    17.2669    9.71452      0.286    28.1644    20.2151 -9.990e-29
 171.533247      0.279  37.166006    17.2664    9.74020      0.277    28.1627    20.2140 -9.990e-29
 171.533252      0.275  37.166737    17.2632    9.76633      0.273    28.1656    20.2169 -9.990e-29
 171.533258      0.279  37.163792    17.2580    9.78576      0.277    28.1667    20.2189 -9.990e-29
 171.533264      0.287  37.158349    17.2572    9.80485      0.285    28.1627    20.2160 -9.990e-29
 171.533270      0.296  37.156664    17.2612    9.81915      0.294    28.1585    20.2119 -9.990e-29
 171.533275      0.306  37.159354    17.2642    9.32151      0.303    28.1587    20.2114 -9.990e-29
 171.533281      0.317  37.161097    17.2638    6.89016      0.314    28.1604    20.2128 -9.990e-29
 171.533287      0.331  37.159796    17.2626    5.21940      0.328    28.1601    20.2129 -9.990e-29
 171.533293      0.344  37.158265    17.2629    4.49161      0.341    28.1586    20.2116 -9.990e-29
 171.533299      0.352  37.157885    17.2637    4.73183      0.349    28.1578    20.2108 -9.990e-29
 171.533304      0.361  37.157649    17.2646    5.71900      0.358    28.1569    20.2099 -9.990e-29
 171.533310      0.375  37.157865    17.2661    6.15689      0.372    28.1561    20.2089 -9.990e-29
 171.533316      0.391  37.158882    17.2682    6.35496      0.388    28.1555    20.2080 -9.990e-29
 171.533322      0.402  37.160435    17.2701    6.47672      0.399    28.1554    20.2076 -9.990e-29
 171.533328      0.403  37.161854    17.2708    6.53592      0.400    28.1561    20.2079 -9.990e-29
 171.533333      0.399  37.162292    17.2709    6.56338      0.396    28.1564    20.2081 -9.990e-29
 171.533339      0.399  37.161833    17.2721    6.57811      0.396    28.1552    20.2069 -9.990e-29
 171.533345      0.406  37.162169    17.2740    6.58750      0.403    28.1542    20.2057 -9.990e-29
 171.533351      0.417  37.163811    17.2743    6.60296      0.414    28.1554    20.2065 -9.990e-29
 171.533356      0.428  37.163964    17.2731    6.59174      0.424    28.1563    20.2075 -9.990e-29
 171.533362      0.440  37.162332    17.2730    6.57968      0.436    28.1550    20.2066 -9.990e-29
 171.533368      0.454  37.162408    17.2744    6.56383      0.450    28.1541    20.2055 -9.990e-29
 171.533374      0.471  37.163792    17.2743    6.57247      0.467    28.1553    20.2065 -9.990e-29
 171.533380      0.491  37.163346    17.2684    6.58105      0.487    28.1590    20.2107 -9.990e-29
 171.533385      0.512  37.158859    17.2561    6.58978      0.508    28.1638    20.2172 -9.990e-29
 171.533391      0.527  37.150012    17.2458    6.58533      0.523    28.1635    20.2193 -9.990e-29
 171.533397      0.532  37.143007    17.2466    6.57642      0.528    28.1571    20.2142 -9.990e-29
 171.533403      0.527  37.144816    17.2566    6.57107      0.523    28.1516    20.2077 -9.990e-29
 171.533409      0.517  37.152865    17.2666    6.56328      0.513    28.1515    20.2053 -9.990e-29
 171.533414      0.509  37.160013    17.2706    6.55376      0.505    28.1547    20.2069 -9.990e-29
 171.533420      0.507  37.162404    17.2698    6.55293      0.503    28.1573    20.2090 -9.990e-29
 171.533426      0.506  37.160487    17.2689    6.54147      0.502    28.1563    20.2085 -9.990e-29
 171.533432      0.503  37.158492    17.2698    6.53778      0.499    28.1540    20.2065 -9.990e-29
 171.533437      0.502  37.158863    17.2689    6.54051      0.498    28.1549    20.2074 -9.990e-29
 171.533443      0.506  37.159356    17.2617    6.54368      0.502    28.1603    20.2132 -9.990e-29
 171.533449      0.516  37.156204    17.2501    6.55423      0.512    28.1657    20.2200 -9.990e-29
 171.533455      0.533  37.149753    17.2424    6.54830      0.529    28.1657    20.2217 -9.990e-29
 171.533461      0.553  37.145473    17.2426    6.55201      0.548    28.1619    20.2188 -9.990e-29
 171.533466      0.569  37.146122    17.2484    6.54011      0.564    28.1584    20.2148 -9.990e-29
 171.533472      0.578  37.149823    17.2571    6.53194      0.573    28.1555    20.2106 -9.990e-29
 171.533478      0.580  37.154846    17.2659    6.53187      0.575    28.1536    20.2071 -9.990e-29
 171.533484      0.580  37.160105    17.2725    6.52948      0.575    28.1534    20.2055 -9.990e-29
 171.533490      0.586  37.163706    17.2764    6.52589      0.581    28.1538    20.2048 -9.990e-29
 171.533495      0.599  37.165472    17.2785    6.52048      0.594    28.1538    20.2044 -9.990e-29
 171.533501      0.611  37.166698    17.2795    6.51606      0.606    28.1541    20.2044 -9.990e-29
 171.533507      0.623  37.167400    17.2798    6.51034      0.618    28.1545    20.2046 -9.990e-29
 171.533513      0.640  37.167453    17.2785    6.51433      0.635    28.1554    20.2056 -9.990e-29
 171.533519      0.658  37.166428    17.2761    6.51746      0.653    28.1562    20.2068 -9.990e-29
 171.533524      0.675  37.164702    17.2740    6.52545      0.669    28.1562    20.2073 -9.990e-29
 171.533530      0.687  37.163960    17.2736    6.50971      0.681    28.1559    20.2071 -9.990e-29
 171.533536      0.691  37.164392    17.2759    6.49701      0.685    28.1546    20.2056 -9.990e-29
 171.533542      0.691  37.165516    17.2802    6.48296      0.685    28.1526    20.2031 -9.990e-29
 171.533547      0.692  37.167208    17.2843    6.47743      0.686    28.1512    20.2011 -9.990e-29
 171.533553      0.693  37.168986    17.2832    6.48862      0.687    28.1534    20.2030 -9.990e-29
 171.533559      0.695  37.168237    17.2729    6.49211      0.689    28.1600    20.2104 -9.990e-29
 171.533565      0.698  37.161783    17.2604    6.49045      0.692    28.1632    20.2157 -9.990e-29
 171.533571      0.702  37.153973    17.2527    6.49655      0.696    28.1620    20.2166 -9.990e-29
 171.533576      0.707  37.150145    17.2482    6.48906      0.701    28.1619    20.2175 -9.990e-29
 171.533582      0.713  37.148619    17.2458    6.49066      0.707    28.1623    20.2184 -9.990e-29
 171.533588      0.722  37.147979    17.2450    6.49664      0.716    28.1623    20.2185 -9.990e-29
 171.533594      0.733  37.147433    17.2458    6.49227      0.727    28.1613    20.2176 -9.990e-29
 171.533600      0.747  37.147435    17.2494    6.48176      0.741    28.1588    20.2148 -9.990e-29
 171.533605      0.761  37.149168    17.2559    6.47491      0.755    28.1557    20.2110 -9.990e-29
 171.533611      0.772  37.151641    17.2634    6.47862      0.766    28.1526    20.2069 -9.990e-29
 171.533617      0.784  37.154093    17.2686    6.48914      0.777    28.1510    20.2045 -9.990e-29
 171.533623      0.798  37.156458    17.2702    6.49219      0.791    28.1519    20.2048 -9.990e-29
 171.533628      0.807  37.158897    17.2707    6.48544      0.800    28.1536    20.2060 -9.990e-29
 171.533634      0.807  37.161277    17.2729    6.47619      0.800    28.1541    20.2059 -9.990e-29
 171.533640      0.802  37.164308    17.2774    6.47140      0.795    28.1535    20.2044 -9.990e-29
 171.533646      0.800  37.168634    17.2818    6.47213      0.793    28.1541    20.2039 -9.990e-29
 171.533652      0.806  37.172139    17.2842    6.46994      0.799    28.1554    20.2043 -9.990e-29
 171.533657      0.820  37.173858    17.2842    6.46866      0.813    28.1568    20.2054 -9.990e-29
 171.533663      0.838  37.173806    17.2820    6.46709      0.831    28.1583    20.2070 -9.990e-29
 171.533669      0.853  37.171316    17.2800    6.46443      0.846    28.1576    20.2069 -9.990e-29
 171.533675      0.862  37.169196    17.2788    6.46225      0.855    28.1566    20.2065 -9.990e-29
 171.533681      0.866  37.169068    17.2771    6.45809      0.859    28.1577    20.2077 -9.990e-29
 171.533686      0.864  37.169041    17.2751    6.45693      0.857    28.1591    20.2092 -9.990e-29
 171.533692      0.857  37.168484    17.2731    6.45512      0.850    28.1600    20.2104 -9.990e-29
 171.533698      0.847  37.167179    17.2712    6.45680      0.840    28.1602    20.2110 -9.990e-29
 171.533704      0.840  37.165590    17.2708    6.45728      0.833    28.1592    20.2102 -9.990e-29
 171.533709      0.834  37.165488    17.2720    6.46013      0.827    28.1582    20.2093 -9.990e-29
 171.533715      0.829  37.166699    17.2735    6.45441      0.822    28.1582    20.2089 -9.990e-29
 171.533721      0.825  37.167439    17.2738    6.45765      0.818    28.1586    20.2092 -9.990e-29
 171.533727      0.822  37.166977    17.2706    6.46338      0.815    28.1605    20.2113 -9.990e-29
 171.533733      0.819  37.164100    17.2644    6.45931      0.812    28.1624    20.2142 -9.990e-29
 171.533738      0.816  37.158861    17.2615    6.45337      0.809    28.1600    20.2130 -9.990e-29
 171.533744      0.809  37.156569    17.2660    6.44256      0.802    28.1549    20.2081 -9.990e-29
 171.533750      0.798  37.160294    17.2729    6.43604      0.791    28.1533    20.2053 -9.990e-29
 171.533756      0.789  37.165437    17.2748    6.43633      0.782    28.1563    20.2071 -9.990e-29
 171.533762      0.787  37.165931    17.2705    6.43978      0.780    28.1597    20.2107 -9.990e-29
 171.533767      0.792  37.161842    17.2654    6.44087      0.785    28.1598    20.2120 -9.990e-29
 171.533773      0.799  37.158330    17.2645    6.44001      0.792    28.1574    20.2104 -9.990e-29
 171.533779      0.801  37.158521    17.2678    6.43844      0.794    28.1553    20.2080 -9.990e-29
 171.533785      0.798  37.162071    17.2707    6.43466      0.791    28.1563    20.2081 -9.990e-29
 171.533791      0.798  37.164149    17.2686    6.44120      0.791    28.1595    20.2110 -9.990e-29
 171.533796      0.806  37.161888    17.2632    6.43620      0.799    28.1613    20.2136 -9.990e-29
 171.533802      0.821  37.158963    17.2585    6.43176      0.814    28.1621    20.2153 -9.990e-29
 171.533808      0.840  37.157042    17.2558    6.43286      0.833    28.1624    20.2161 -9.990e-29
 171.533814      0.857  37.155769    17.2548    6.43016      0.850    28.1620    20.2161 -9.990e-29
 171.533819      0.868  37.155650    17.2537    6.43160      0.861    28.1627    20.2168 -9.990e-29
 171.533825      0.878  37.155367    17.2506    6.42967      0.871    28.1646    20.2190 -9.990e-29
 171.533831      0.892  37.153388    17.2467    6.42248      0.885    28.1656    20.2207 -9.990e-29
 171.533837      0.907  37.150962    17.2436    6.42305      0.899    28.1657    20.2215 -9.990e-29
 171.533843      0.919  37.149300    17.2419    6.43466      0.911    28.1655    20.2217 -9.990e-29
 171.533848      0.928  37.148392    17.2413    6.43935      0.920    28.1652    20.2216 -9.990e-29
 171.533854      0.937  37.148112    17.2416    6.43449      0.929    28.1647    20.2212 -9.990e-29
 171.533860      0.944  37.148610    17.2457    6.42600      0.936    28.1623    20.2184 -9.990e-29
 171.533866      0.951  37.151634    17.2544    6.41752      0.943    28.1588    20.2137 -9.990e-29
 171.533872      0.958  37.157257    17.2622    6.41292      0.950    28.1581    20.2114 -9.990e-29
 171.533877      0.965  37.161732    17.2628    6.42347      0.957    28.1614    20.2138 -9.990e-29
 171.533883      0.973  37.160903    17.2565    6.42750      0.965    28.1651    20.2181 -9.990e-29
 171.533889      0.983  37.155873    17.2501    6.43570      0.975    28.1653    20.2197 -9.990e-29
 171.533895      0.990  37.152228    17.2489    6.44226      0.982    28.1631    20.2183 -9.990e-29
 171.533900      0.991  37.152359    17.2529    6.42709      0.983    28.1604    20.2153 -9.990e-29
 171.533906      0.991  37.155279    17.2594    6.42203      0.983    28.1584    20.2122 -9.990e-29
 171.533912      0.993  37.159801    17.2654    6.41783      0.985    28.1580    20.2106 -9.990e-29
 171.533918      0.998  37.164074    17.2672    6.42446      0.990    28.1603    20.2120 -9.990e-29
 171.533924      1.005  37.165352    17.2632    6.42859      0.997    28.1642    20.2158 -9.990e-29
 171.533929      1.012  37.162501    17.2575    6.42026      1.004    28.1657    20.2183 -9.990e-29
 171.533935      1.015  37.158410    17.2562    6.41888      1.007    28.1632    20.2167 -9.990e-29
 171.533941      1.017  37.157677    17.2606    6.41947      1.009    28.1595    20.2129 -9.990e-29
 171.533947      1.019  37.161527    17.2652    6.41676      1.010    28.1596    20.2119 -9.990e-29
 171.533953      1.017  37.165529    17.2645    6.41430      1.009    28.1634    20.2150 -9.990e-29
 171.533958      1.015  37.165458    17.2599    6.40800      1.007    28.1666    20.2184 -9.990e-29
 171.533964      1.017  37.162865    17.2552    6.40150      1.009    28.1676    20.2203 -9.990e-29
 171.533970      1.024  37.159861    17.2495    6.41121      1.015    28.1691    20.2227 -9.990e-29
 171.533976      1.034  37.156328    17.2412    6.41933      1.025    28.1719    20.2267 -9.990e-29
 171.533981      1.051  37.152563    17.2299    6.41640      1.042    28.1766    20.2329 -9.990e-29
 171.533987      1.069  37.147994    17.2186    6.41447      1.060    28.1806    20.2386 -9.990e-29
 171.533993      1.082  37.143775    17.2149    6.40694      1.073    28.1796    20.2386 -9.990e-29
 171.533999      1.086  37.143212    17.2222    6.40529      1.077    28.1740    20.2327 -9.990e-29
 171.534005      1.081  37.146636    17.2333    6.42215      1.072    28.1692    20.2265 -9.990e-29
 171.534010      1.073  37.151290    17.2403    6.42504      1.064    28.1682    20.2242 -9.990e-29
 171.534016      1.067  37.154377    17.2429    6.41838      1.058    28.1690    20.2242 -9.990e-29
 171.534022      1.065  37.155496    17.2459    6.41257      1.056    28.1679    20.2226 -9.990e-29
 171.534028      1.062  37.156663    17.2536    6.39460      1.053    28.1635    20.2175 -9.990e-29
 171.534034      1.061  37.160519    17.2647    6.39523      1.052    28.1591    20.2116 -9.990e-29
 171.534039      1.067  37.166567    17.2704    6.39945      1.058    28.1602    20.2111 -9.990e-29
 171.534045      1.076  37.169382    17.2672    6.40538      1.067    28.1648    20.2154 -9.990e-29
