data/oxygen options/OCNMS/OCNMS1/raw_data/2005/CTD_CA042_053105faedb.cnv
* Sea-Bird SBE19 Data File:
* FileName = C:\Mooring data\CTD_CA2_053105.hex
* Software Version 1.1.5
* Temperature SN = 2997
* Conductivity SN = 2997
* System UpLoad Time = May 31 2005 18:02:29
* SEACAT PROFILER V3.1c SN 2997   05/31/05  18:01:59.485
* strain gauge pressure sensor: S/N = 184829,  range = 3000 psia,  tc = 40
# nquan = 9
# nvalues = 39                          
# units = specified
# name 0 = timeJ: Julian Days
# name 1 = prSM: Pressure, Strain Gauge [db]
# name 2 = c0mS/cm: Conductivity [mS/cm]
# name 3 = t090C: Temperature [ITS-90, deg C]
# name 4 = oxML/L: Oxygen, Beckman/YSI [ml/l]
# name 5 = depSM: Depth [salt water, m], lat = 47.5
# name 6 = sal00: Salinity, Practical [PSU]
# name 7 = sigma-é00: Density [sigma-theta, kg/m^3]
# name 8 = flag: flag
# span 0 = 151.582956, 151.583489       
# span 1 =      3.000,     41.000       
# span 2 =  35.562675,  37.286309       
# span 3 =     9.7959,    14.9208       
# span 4 =    4.29242,    6.79242       
# span 5 =      2.975,     40.654       
# span 6 =    29.0122,    32.5914       
# span 7 =    21.3777,    25.1061       
# span 8 = 0.0000e+00, 0.0000e+00       
# interval = decibars: 1                
# start_time = May 31 2005 13:56:04 [Instrument's time stamp, header]
# bad_flag = -9.990e-29
*END*
 151.582956      3.000  36.201458    14.9208    6.21179      2.975    29.0122    21.3777 0.0000e+00
 151.582976      4.000  36.199798    14.8482    6.27569      3.966    29.0643    21.4329 0.0000e+00
 151.582990      5.000  36.244357    14.6531    6.44704      4.958    29.2498    21.6159 0.0000e+00
 151.583002      6.000  36.469283    14.4924    6.68634      5.950    29.5730    21.8978 0.0000e+00
 151.583014      7.000  36.819626    14.3100    6.79242      6.941    30.0291    22.2865 0.0000e+00
 151.583026      8.000  37.063197    14.1543    6.74107      7.933    30.3716    22.5823 0.0000e+00
 151.583037      9.000  37.157912    14.0908    6.65840      8.925    30.5080    22.7004 0.0000e+00
 151.583049     10.000  37.236366    14.0752    6.63163      9.916    30.5917    22.7681 0.0000e+00
 151.583062     11.000  37.265604    14.0344    6.55733     10.908    30.6504    22.8217 0.0000e+00
 151.583075     12.000  37.286309    13.9870    6.49465     11.900    30.7068    22.8748 0.0000e+00
 151.583088     13.000  37.269865    13.8687    6.41539     12.891    30.7859    22.9598 0.0000e+00
 151.583102     14.000  37.214602    13.7060    6.38252     13.883    30.8654    23.0538 0.0000e+00
 151.583115     15.000  37.154410    13.5368    6.40630     14.874    30.9460    23.1497 0.0000e+00
 151.583129     16.000  37.045886    13.4054    6.32011     15.866    30.9514    23.1799 0.0000e+00
 151.583142     17.000  37.005481    13.3333    6.21075     16.857    30.9720    23.2100 0.0000e+00
 151.583155     18.000  36.900461    13.1275    6.01318     17.849    31.0414    23.3038 0.0000e+00
 151.583168     19.000  36.685143    12.8632    5.88217     18.840    31.0556    23.3659 0.0000e+00
 151.583181     20.000  36.428278    12.4861    5.78246     19.832    31.1232    23.4900 0.0000e+00
 151.583194     21.000  36.169940    12.1330    5.51553     20.824    31.1697    23.5919 0.0000e+00
 151.583209     22.000  36.119756    11.9549    5.34298     21.815    31.2702    23.7027 0.0000e+00
 151.583222     23.000  36.050160    11.6052    5.22449     22.807    31.4975    23.9427 0.0000e+00
 151.583234     24.000  35.978870    11.3767    5.20010     23.798    31.6225    24.0808 0.0000e+00
 151.583247     25.000  35.947463    11.2755    5.19214     24.790    31.6782    24.1420 0.0000e+00
 151.583260     26.000  35.918548    11.1975    5.19897     25.782    31.7166    24.1857 0.0000e+00
 151.583273     27.000  35.892700    11.1466    5.22850     26.773    31.7346    24.2087 0.0000e+00
 151.583287     28.000  35.881862    11.1283    5.27324     27.764    31.7393    24.2156 0.0000e+00
 151.583301     29.000  35.877884    11.1232    5.21058     28.756    31.7393    24.2165 0.0000e+00
 151.583316     30.000  35.876311    11.0923    5.04958     29.748    31.7641    24.2412 0.0000e+00
 151.583329     31.000  35.857956    10.9376    4.96265     30.739    31.8797    24.3582 0.0000e+00
 151.583342     32.000  35.818214    10.7298    4.95706     31.730    32.0211    24.5043 0.0000e+00
 151.583356     33.000  35.793779    10.6688    4.93700     32.722    32.0498    24.5371 0.0000e+00
 151.583372     34.000  35.798361    10.6410    4.90943     33.713    32.0783    24.5642 0.0000e+00
 151.583387     35.000  35.792457    10.5391    4.86716     34.705    32.1617    24.6466 0.0000e+00
 151.583403     36.000  35.788502    10.4796    4.88366     35.696    32.2100    24.6943 0.0000e+00
 151.583417     37.000  35.774135    10.4249    4.80207     36.688    32.2436    24.7298 0.0000e+00
 151.583434     38.000  35.763339    10.3601    4.54997     37.679    32.2898    24.7768 0.0000e+00
 151.583449     39.000  35.696869    10.0818    4.32246     38.671    32.4710    24.9648 0.0000e+00
 151.583466     40.000  35.599226     9.8403    4.29242     39.663    32.5890    25.0969 0.0000e+00
 151.583489     41.000  35.562675     9.7959    4.34876     40.654    32.5914    25.1061 0.0000e+00
