data/oxygen options/OCNMS/OCNMS1/raw_data/2005/CTD_KL015_060805faed.cnv
* Sea-Bird SBE19 Data File:
* FileName = C:\Mooring data\CTD_KL1_060805.hex
* Software Version 1.1.5
* Temperature SN = 2997
* Conductivity SN = 2997
* System UpLoad Time = Jun 08 2005 16:10:55
* SEACAT PROFILER V3.1c SN 2997   06/08/05  16:09:52.806
* strain gauge pressure sensor: S/N = 184829,  range = 3000 psia,  tc = 40
# nquan = 9                                 
# nvalues = 589                         
# units = specified
# name 0 = timeJ: Julian Days
# name 1 = prSM: Pressure, Strain Gauge [db]
# name 2 = c0mS/cm: Conductivity [mS/cm]
# name 3 = t090C: Temperature [ITS-90, deg C]
# name 4 = oxML/L: Oxygen, Beckman/YSI [ml/l]
# name 5 = depSM: Depth [salt water, m], lat = 47.5
# name 6 = sal00: Salinity, Practical [PSU]
# name 7 = sigma-é00: Density [sigma-theta, kg/m^3]
# name 8 = flag: flag
# span 0 = 159.458032, 159.461435       
# span 1 =     -3.853,     15.628       
# span 2 =   0.460885,  36.768960       
# span 3 =    12.7064,    14.7871       
# span 4 =   -0.12223,   25.54932       
# span 5 =     -3.821,     15.497       
# span 6 =     0.2913,    30.9547       
# span 7 =    -0.4065,    23.3169       
# span 8 = 0.0000e+00, 0.0000e+00       
# interval = seconds: 0.5
# start_time = Jun 08 2005 10:59:34 [Instrument's time stamp, header]
# bad_flag = -9.990e-29
*END*
[from data line 161]
 159.458964      0.354  36.566474    14.7471    8.47414      0.351    29.4689    21.7651 -9.990e-29
 159.458970      0.348  36.572028    14.7473    5.38719      0.345    29.4738    21.7687 -9.990e-29
 159.458976      0.350  36.571715    14.7439    3.77362      0.347    29.4761    21.7712 -9.990e-29
 159.458981      0.360  36.567946    14.7409    3.54064      0.357    29.4750    21.7710 -9.990e-29
 159.458987      0.372  36.565249    14.7401    4.83971      0.369    29.4731    21.7698 -9.990e-29
 159.458993      0.381  36.565097    14.7413    5.76707      0.378    29.4721    21.7687 -9.990e-29
 159.458999      0.388  36.566749    14.7426    6.15043      0.385    29.4726    21.7688 -9.990e-29
 159.459005      0.398  36.567945    14.7422    6.36780      0.395    29.4740    21.7699 -9.990e-29
 159.459010      0.415  36.567498    14.7403    6.48910      0.412    29.4750    21.7711 -9.990e-29
 159.459016      0.432  36.565959    14.7397    6.55491      0.428    29.4741    21.7705 -9.990e-29
 159.459022      0.443  36.565223    14.7417    6.59014      0.439    29.4719    21.7685 -9.990e-29
 159.459028      0.446  36.566573    14.7461    6.59755      0.442    29.4698    21.7659 -9.990e-29
 159.459034      0.447  36.570149    14.7516    6.59436      0.443    29.4688    21.7640 -9.990e-29
 159.459039      0.455  36.575138    14.7539    6.59912      0.451    29.4715    21.7657 -9.990e-29
 159.459045      0.470  36.577560    14.7501    6.60545      0.466    29.4766    21.7703 -9.990e-29
 159.459051      0.488  36.574502    14.7449    6.61526      0.484    29.4777    21.7723 -9.990e-29
 159.459057      0.511  36.569758    14.7426    6.61325      0.507    29.4752    21.7709 -9.990e-29
 159.459062      0.536  36.567681    14.7433    6.59885      0.532    29.4728    21.7689 -9.990e-29
 159.459068      0.555  36.568885    14.7464    6.58373      0.550    29.4716    21.7672 -9.990e-29
 159.459074      0.572  36.572756    14.7494    6.57118      0.567    29.4728    21.7675 -9.990e-29
 159.459080      0.589  36.576067    14.7492    6.56828      0.584    29.4759    21.7700 -9.990e-29
 159.459086      0.605  36.575406    14.7471    6.57201      0.600    29.4769    21.7712 -9.990e-29
 159.459091      0.616  36.572720    14.7458    6.57090      0.611    29.4754    21.7703 -9.990e-29
 159.459097      0.619  36.571179    14.7455    6.56726      0.614    29.4743    21.7695 -9.990e-29
 159.459103      0.613  36.570991    14.7455    6.55867      0.608    29.4741    21.7694 -9.990e-29
 159.459109      0.607  36.570807    14.7446    6.55247      0.602    29.4746    21.7700 -9.990e-29
 159.459115      0.605  36.569846    14.7434    6.54004      0.600    29.4747    21.7703 -9.990e-29
 159.459120      0.611  36.569094    14.7428    6.53383      0.606    29.4745    21.7702 -9.990e-29
 159.459126      0.625  36.568691    14.7426    6.54083      0.620    29.4742    21.7701 -9.990e-29
 159.459132      0.639  36.568121    14.7431    6.54462      0.634    29.4733    21.7693 -9.990e-29
 159.459138      0.651  36.568329    14.7446    6.53927      0.646    29.4724    21.7683 -9.990e-29
 159.459144      0.661  36.569615    14.7460    6.52710      0.655    29.4725    21.7680 -9.990e-29
 159.459149      0.670  36.570913    14.7468    6.51675      0.664    29.4730    21.7683 -9.990e-29
 159.459155      0.682  36.571736    14.7486    6.50918      0.676    29.4724    21.7674 -9.990e-29
 159.459161      0.703  36.573202    14.7510    6.51517      0.697    29.4719    21.7665 -9.990e-29
 159.459167      0.725  36.575048    14.7520    6.50625      0.719    29.4728    21.7670 -9.990e-29
 159.459172      0.737  36.575834    14.7518    6.49791      0.731    29.4736    21.7677 -9.990e-29
 159.459178      0.740  36.576630    14.7516    6.49182      0.734    29.4745    21.7684 -9.990e-29
 159.459184      0.742  36.577398    14.7517    6.48883      0.736    29.4751    21.7689 -9.990e-29
 159.459190      0.748  36.576944    14.7504    6.49584      0.742    29.4757    21.7696 -9.990e-29
 159.459196      0.759  36.574684    14.7462    6.48805      0.753    29.4768    21.7713 -9.990e-29
 159.459201      0.769  36.570432    14.7427    6.48036      0.763    29.4757    21.7712 -9.990e-29
 159.459207      0.777  36.567512    14.7424    6.47507      0.771    29.4733    21.7694 -9.990e-29
 159.459213      0.782  36.567662    14.7425    6.47714      0.775    29.4733    21.7694 -9.990e-29
 159.459219      0.785  36.567739    14.7400    6.48238      0.778    29.4753    21.7714 -9.990e-29
 159.459225      0.787  36.565626    14.7361    6.48169      0.780    29.4764    21.7731 -9.990e-29
 159.459230      0.786  36.562454    14.7338    6.47618      0.779    29.4753    21.7727 -9.990e-29
 159.459236      0.787  36.560746    14.7352    6.46638      0.780    29.4727    21.7704 -9.990e-29
 159.459242      0.791  36.562169    14.7395    6.45266      0.784    29.4707    21.7680 -9.990e-29
 159.459248      0.794  36.565842    14.7436    6.45753      0.787    29.4709    21.7673 -9.990e-29
 159.459253      0.799  36.568833    14.7458    6.46397      0.792    29.4719    21.7676 -9.990e-29
 159.459259      0.807  36.570109    14.7468    6.45623      0.800    29.4723    21.7677 -9.990e-29
 159.459265      0.810  36.570833    14.7474    6.45437      0.803    29.4725    21.7677 -9.990e-29
 159.459271      0.809  36.571435    14.7480    6.44524      0.802    29.4725    21.7677 -9.990e-29
 159.459277      0.811  36.572178    14.7488    6.43729      0.804    29.4726    21.7676 -9.990e-29
 159.459282      0.822  36.572956    14.7493    6.44831      0.815    29.4729    21.7677 -9.990e-29
 159.459288      0.838  36.573145    14.7485    6.45721      0.831    29.4737    21.7685 -9.990e-29
 159.459294      0.850  36.572462    14.7474    6.45650      0.843    29.4739    21.7688 -9.990e-29
 159.459300      0.856  36.571700    14.7474    6.44118      0.849    29.4732    21.7683 -9.990e-29
 159.459306      0.856  36.572108    14.7483    6.42728      0.849    29.4729    21.7679 -9.990e-29
 159.459311      0.854  36.573692    14.7487    6.42926      0.847    29.4740    21.7687 -9.990e-29
 159.459317      0.859  36.574662    14.7473    6.43811      0.852    29.4759    21.7704 -9.990e-29
 159.459323      0.871  36.572971    14.7451    6.44664      0.864    29.4761    21.7710 -9.990e-29
 159.459329      0.882  36.570314    14.7448    6.43479      0.875    29.4739    21.7694 -9.990e-29
 159.459334      0.889  36.569898    14.7471    6.42334      0.882    29.4718    21.7673 -9.990e-29
 159.459340      0.896  36.572310    14.7498    6.41878      0.889    29.4719    21.7668 -9.990e-29
 159.459346      0.909  36.575184    14.7499    6.42067      0.901    29.4744    21.7687 -9.990e-29
 159.459352      0.927  36.575087    14.7476    6.43160      0.919    29.4761    21.7705 -9.990e-29
 159.459358      0.948  36.572473    14.7458    6.42735      0.940    29.4751    21.7701 -9.990e-29
 159.459363      0.960  36.570607    14.7462    6.41736      0.952    29.4731    21.7685 -9.990e-29
 159.459369      0.960  36.570949    14.7474    6.41398      0.952    29.4725    21.7678 -9.990e-29
 159.459375      0.956  36.572294    14.7474    6.41354      0.948    29.4737    21.7687 -9.990e-29
 159.459381      0.957  36.572535    14.7455    6.42024      0.949    29.4754    21.7704 -9.990e-29
 159.459387      0.966  36.570895    14.7431    6.42107      0.958    29.4757    21.7711 -9.990e-29
 159.459392      0.981  36.568576    14.7419    6.41309      0.973    29.4745    21.7705 -9.990e-29
 159.459398      0.994  36.567554    14.7424    6.41023      0.986    29.4732    21.7694 -9.990e-29
 159.459404      1.001  36.568171    14.7439    6.40281      0.993    29.4727    21.7686 -9.990e-29
 159.459410      1.006  36.569589    14.7449    6.40867      0.998    29.4732    21.7688 -9.990e-29
 159.459416      1.016  36.570357    14.7451    6.40859      1.008    29.4737    21.7692 -9.990e-29
 159.459421      1.029  36.570401    14.7457    6.40601      1.020    29.4733    21.7687 -9.990e-29
 159.459427      1.043  36.570927    14.7466    6.40299      1.034    29.4731    21.7684 -9.990e-29
 159.459433      1.054  36.571536    14.7476    6.39954      1.045    29.4729    21.7680 -9.990e-29
 159.459439      1.068  36.572502    14.7489    6.40223      1.059    29.4727    21.7676 -9.990e-29
 159.459444      1.085  36.574016    14.7504    6.39074      1.076    29.4729    21.7675 -9.990e-29
 159.459450      1.097  36.575125    14.7512    6.38455      1.088    29.4733    21.7676 -9.990e-29
 159.459456      1.102  36.575635    14.7509    6.38318      1.093    29.4740    21.7682 -9.990e-29
 159.459462      1.099  36.575483    14.7491    6.38765      1.090    29.4752    21.7695 -9.990e-29
 159.459468      1.093  36.573909    14.7448    6.39067      1.084    29.4771    21.7718 -9.990e-29
 159.459473      1.088  36.569748    14.7398    6.38574      1.079    29.4771    21.7729 -9.990e-29
 159.459479      1.083  36.564739    14.7384    6.38472      1.074    29.4737    21.7706 -9.990e-29
 159.459485      1.081  36.563414    14.7408    6.38699      1.072    29.4707    21.7678 -9.990e-29
 159.459491      1.089  36.566244    14.7438    6.38862      1.080    29.4710    21.7673 -9.990e-29
 159.459497      1.104  36.569150    14.7452    6.39164      1.095    29.4725    21.7682 -9.990e-29
 159.459502      1.126  36.569836    14.7457    6.39018      1.117    29.4727    21.7683 -9.990e-29
 159.459508      1.145  36.569775    14.7464    6.38187      1.135    29.4722    21.7677 -9.990e-29
 159.459514      1.160  36.570563    14.7472    6.37304      1.150    29.4722    21.7676 -9.990e-29
 159.459520      1.171  36.571567    14.7470    6.37814      1.161    29.4733    21.7685 -9.990e-29
 159.459525      1.180  36.571319    14.7460    6.38945      1.170    29.4738    21.7691 -9.990e-29
 159.459531      1.186  36.570045    14.7454    6.38886      1.176    29.4731    21.7687 -9.990e-29
 159.459537      1.189  36.569407    14.7461    6.38302      1.179    29.4720    21.7677 -9.990e-29
 159.459543      1.191  36.570236    14.7478    6.35724      1.181    29.4715    21.7669 -9.990e-29
 159.459549      1.191  36.571949    14.7497    6.35917      1.181    29.4716    21.7666 -9.990e-29
 159.459554      1.193  36.573463    14.7508    6.36325      1.183    29.4721    21.7668 -9.990e-29
 159.459560      1.202  36.574554    14.7509    6.36763      1.192    29.4730    21.7674 -9.990e-29
 159.459566      1.210  36.574992    14.7509    6.36053      1.200    29.4734    21.7677 -9.990e-29
 159.459572      1.209  36.574795    14.7517    6.35223      1.199    29.4726    21.7670 -9.990e-29
 159.459578      1.204  36.575380    14.7532    6.36074      1.194    29.4720    21.7662 -9.990e-29
 159.459583      1.201  36.576961    14.7537    6.36407      1.191    29.4730    21.7669 -9.990e-29
 159.459589      1.206  36.577719    14.7528    6.36220      1.196    29.4744    21.7681 -9.990e-29
 159.459595      1.214  36.576981    14.7516    6.36402      1.204    29.4746    21.7686 -9.990e-29
 159.459601      1.222  36.576002    14.7512    6.36773      1.212    29.4741    21.7682 -9.990e-29
 159.459606      1.230  36.575717    14.7514    6.36937      1.220    29.4737    21.7678 -9.990e-29
 159.459612      1.238  36.575743    14.7515    6.36714      1.228    29.4736    21.7678 -9.990e-29
 159.459618      1.248  36.575549    14.7516    6.35378      1.238    29.4734    21.7676 -9.990e-29
 159.459624      1.260  36.575435    14.7520    6.34468      1.249    29.4729    21.7672 -9.990e-29
 159.459630      1.274  36.575805    14.7527    6.33997      1.263    29.4727    21.7669 -9.990e-29
 159.459635      1.292  36.576590    14.7532    6.35176      1.281    29.4731    21.7670 -9.990e-29
 159.459641      1.310  36.577153    14.7531    6.35734      1.299    29.4736    21.7675 -9.990e-29
 159.459647      1.322  36.577119    14.7529    6.36674      1.311    29.4737    21.7676 -9.990e-29
 159.459653      1.322  36.576999    14.7533    6.35515      1.311    29.4733    21.7672 -9.990e-29
 159.459659      1.317  36.577192    14.7546    6.34236      1.306    29.4725    21.7663 -9.990e-29
 159.459664      1.313  36.577953    14.7561    6.34228      1.302    29.4721    21.7656 -9.990e-29
 159.459670      1.315  36.579170    14.7567    6.35481      1.304    29.4727    21.7660 -9.990e-29
 159.459676      1.324  36.579661    14.7560    6.35601      1.313    29.4737    21.7669 -9.990e-29
 159.459682      1.335  36.578955    14.7550    6.34572      1.324    29.4738    21.7672 -9.990e-29
 159.459688      1.341  36.578352    14.7550    6.33531      1.330    29.4733    21.7668 -9.990e-29
 159.459693      1.341  36.578726    14.7558    6.33092      1.330    29.4730    21.7664 -9.990e-29
 159.459699      1.341  36.579450    14.7562    6.34118      1.330    29.4733    21.7666 -9.990e-29
 159.459705      1.339  36.579805    14.7560    6.34799      1.328    29.4738    21.7670 -9.990e-29
 159.459711      1.341  36.579700    14.7558    6.34171      1.330    29.4739    21.7671 -9.990e-29
 159.459716      1.347  36.579555    14.7561    6.33689      1.336    29.4735    21.7667 -9.990e-29
 159.459722      1.348  36.579733    14.7565    6.33597      1.337    29.4734    21.7665 -9.990e-29
 159.459728      1.344  36.579907    14.7566    6.34792      1.333    29.4734    21.7666 -9.990e-29
 159.459734      1.344  36.579745    14.7565    6.34459      1.333    29.4734    21.7666 -9.990e-29
 159.459740      1.352  36.579589    14.7564    6.33738      1.341    29.4733    21.7665 -9.990e-29
 159.459745      1.364  36.579788    14.7565    6.32965      1.353    29.4734    21.7666 -9.990e-29
 159.459751      1.372  36.580044    14.7567    6.32629      1.361    29.4735    21.7666 -9.990e-29
 159.459757      1.377  36.580136    14.7567    6.34165      1.366    29.4736    21.7667 -9.990e-29
 159.459763      1.388  36.580183    14.7568    6.34155      1.376    29.4735    21.7666 -9.990e-29
 159.459769      1.406  36.580243    14.7569    6.33760      1.394    29.4735    21.7666 -9.990e-29
 159.459774      1.422  36.580396    14.7574    6.33436      1.410    29.4732    21.7663 -9.990e-29
 159.459780      1.435  36.580840    14.7583    6.32140      1.423    29.4730    21.7659 -9.990e-29
 159.459786      1.448  36.581604    14.7588    6.32770      1.436    29.4733    21.7660 -9.990e-29
 159.459792      1.467  36.582020    14.7582    6.32939      1.455    29.4741    21.7668 -9.990e-29
 159.459797      1.489  36.581521    14.7570    6.32801      1.477    29.4745    21.7674 -9.990e-29
 159.459803      1.507  36.580560    14.7566    6.33332      1.494    29.4740    21.7670 -9.990e-29
 159.459809      1.513  36.580093    14.7574    6.32386      1.500    29.4729    21.7660 -9.990e-29
 159.459815      1.508  36.580616    14.7588    6.32372      1.495    29.4723    21.7653 -9.990e-29
 159.459821      1.505  36.581700    14.7596    6.32379      1.492    29.4727    21.7654 -9.990e-29
 159.459826      1.511  36.582547    14.7593    6.32017      1.498    29.4737    21.7662 -9.990e-29
 159.459832      1.523  36.582602    14.7583    6.33156      1.510    29.4745    21.7671 -9.990e-29
 159.459838      1.532  36.581936    14.7576    6.32977      1.519    29.4744    21.7672 -9.990e-29
 159.459844      1.532  36.581339    14.7574    6.32454      1.519    29.4740    21.7669 -9.990e-29
 159.459850      1.522  36.581132    14.7577    6.32200      1.509    29.4736    21.7665 -9.990e-29
 159.459855      1.510  36.581034    14.7580    6.31994      1.497    29.4733    21.7662 -9.990e-29
 159.459861      1.503  36.580914    14.7571    6.32682      1.490    29.4739    21.7669 -9.990e-29
 159.459867      1.506  36.579489    14.7545    6.33224      1.493    29.4746    21.7679 -9.990e-29
 159.459873      1.515  36.576537    14.7524    6.32713      1.502    29.4735    21.7675 -9.990e-29
 159.459878      1.525  36.574847    14.7524    6.31992      1.512    29.4720    21.7664 -9.990e-29
