data/oxygen options/OCNMS/OCNMS1/raw_data/2005/CTD_CE015_052505faed.cnv
* Sea-Bird SBE19 Data File:
* FileName = C:\Documents and Settings\kirner.PTANGELES\Desktop\hypoxia CTD data\MCE1__052505.hex
* Software Version 1.1.5
* Temperature SN = 2997
* Conductivity SN = 2997
* System UpLoad Time = May 25 2005 18:17:01
* SEACAT PROFILER V3.1c SN 2997   05/25/05  18:15:48.077
* strain gauge pressure sensor: S/N = 184829,  range = 3000 psia,  tc = 40
# nquan = 9                                 
# nvalues = 512                         
# units = specified
# name 0 = timeJ: Julian Days
# name 1 = prSM: Pressure, Strain Gauge [db]
# name 2 = c0mS/cm: Conductivity [mS/cm]
# name 3 = t090C: Temperature [ITS-90, deg C]
# name 4 = oxML/L: Oxygen, Beckman/YSI [ml/l]
# name 5 = depSM: Depth [salt water, m], lat = 47.5
# name 6 = sal00: Salinity, Practical [PSU]
# name 7 = sigma-é00: Density [sigma-theta, kg/m^3]
# name 8 = flag: flag
# span 0 = 145.703264, 145.706221       
# span 1 =     -4.080,     17.303       
# span 2 =   0.155882,  36.294682       
# span 3 =    12.1658,    15.8052       
# span 4 =   -0.11371,   25.28836       
# span 5 =     -4.046,     17.158       
# span 6 =     0.0915,    31.2605       
# span 7 =    -0.9514,    23.6557       
# span 8 = 0.0000e+00, 0.0000e+00       
# interval = seconds: 0.5
# start_time = May 25 2005 16:52:42 [Instrument's time stamp, header]
# bad_flag = -9.990e-29
*END*
[from data line 481]
 145.706047      5.590  34.878544    13.2074    6.13655      5.543    29.1020    21.7893 0.0000e+00
 145.706053      5.453  34.806975    13.2311    6.17063      5.407    29.0177    21.7197 0.0000e+00
 145.706059      5.325  34.756788    13.2437    6.22153      5.280    28.9618    21.6740 -9.990e-29
 145.706065      5.202  34.722737    13.2557    6.23252      5.159    28.9213    21.6404 -9.990e-29
 145.706071      5.071  34.646072    13.2879    6.25061      5.029    28.8262    21.5608 0.0000e+00
 145.706076      4.921  34.520627    13.3490    6.25512      4.880    28.6646    21.4243 0.0000e+00
 145.706082      4.750  34.383169    13.4163    6.27563      4.710    28.4879    21.2750 0.0000e+00
 145.706088      4.564  34.263779    13.4686    6.31791      4.526    28.3395    21.1504 0.0000e+00
 145.706094      4.369  34.183103    13.5055    6.34110      4.332    28.2384    21.0653 0.0000e+00
 145.706100      4.169  34.126067    13.5332    6.33088      4.134    28.1659    21.0040 0.0000e+00
 145.706105      3.965  34.067072    13.5577    6.29879      3.932    28.0940    20.9438 0.0000e+00
 145.706111      3.752  34.012097    13.5940    6.24649      3.721    28.0173    20.8776 0.0000e+00
 145.706117      3.529  33.938848    13.6513    6.29132      3.500    27.9088    20.7828 0.0000e+00
 145.706123      3.303  33.814114    13.7104    6.32404      3.275    27.7525    20.6509 0.0000e+00
 145.706128      3.082  33.686801    13.7497    6.39595      3.056    27.6086    20.5323 0.0000e+00
 145.706134      2.865  33.603502    13.7697    6.37554      2.841    27.5188    20.4592 0.0000e+00
 145.706140      2.645  33.569731    13.8012    6.24398      2.623    27.4657    20.4122 0.0000e+00
 145.706146      2.421  33.539345    13.8886    6.04849      2.401    27.3760    20.3260 0.0000e+00
 145.706152      2.202  33.470148    14.0515    5.83648      2.184    27.1984    20.1573 0.0000e+00
 145.706157      1.994  33.425674    14.2800    5.66468      1.977    26.9984    19.9583 0.0000e+00
 145.706163      1.800  33.477771    14.5076    5.50489      1.785    26.8869    19.8272 0.0000e+00
 145.706169      1.627  33.585526    14.6411 -9.990e-29      1.613    26.8903    19.8030 0.0000e+00
 145.706175      1.480  33.649433    14.6760 -9.990e-29      1.468    26.9229    19.8210 -9.990e-29
 145.706181      1.361  33.649950    14.6704 -9.990e-29      1.350    26.9272    19.8255 -9.990e-29
 145.706186      1.274  33.626457    14.6592 -9.990e-29      1.263    26.9142    19.8177 -9.990e-29
 145.706192      1.215  33.600869    14.6467 -9.990e-29      1.205    26.9002    19.8095 -9.990e-29
 145.706198      1.177  33.579416    14.6229 -9.990e-29      1.167    26.8976    19.8123 -9.990e-29
 145.706204      1.149  33.568238    14.5895 -9.990e-29      1.139    26.9108    19.8291 -9.990e-29
 145.706209      1.130  33.569801    14.5651 -9.990e-29      1.121    26.9291    19.8481 -9.990e-29
 145.706215      1.122  33.564890    14.5581 -9.990e-29      1.113    26.9296    19.8499 -9.990e-29
 145.706221      1.121  33.539104 -9.990e-29 -9.990e-29      1.112 -9.990e-29 -9.990e-29 -9.990e-29
