data/oxygen options/OCNMS/OCNMS1/raw_data/2005/CTD_KL027_060805faed.cnv
* Sea-Bird SBE19 Data File:
* FileName = C:\Mooring data\CTD_KL2__060805.hex
* Software Version 1.1.5
* Temperature SN = 2997
* Conductivity SN = 2997
* System UpLoad Time = Jun 08 2005 16:09:15
* SEACAT PROFILER V3.1c SN 2997   06/08/05  16:08:16.100
* strain gauge pressure sensor: S/N = 184829,  range = 3000 psia,  tc = 40
# nquan = 9                                 
# nvalues = 591                         
# units = specified
# name 0 = timeJ: Julian Days
# name 1 = prSM: Pressure, Strain Gauge [db]
# name 2 = c0mS/cm: Conductivity [mS/cm]
# name 3 = t090C: Temperature [ITS-90, deg C]
# name 4 = oxML/L: Oxygen, Beckman/YSI [ml/l]
# name 5 = depSM: Depth [salt water, m], lat = 47.5
# name 6 = sal00: Salinity, Practical [PSU]
# name 7 = sigma-é00: Density [sigma-theta, kg/m^3]
# name 8 = flag: flag
# span 0 = 159.446944, 159.450359       
# span 1 =     -2.232,     27.431       
# span 2 =   0.014305,  37.312476       
# span 3 =    10.8718,    15.1719       
# span 4 =   -0.11722,   24.56382       
# span 5 =     -2.213,     27.200       
# span 6 =     0.0134,    32.1146       
# span 7 =    -0.8515,    24.5478       
# span 8 = 0.0000e+00, 0.0000e+00       
# interval = seconds: 0.5
# start_time = Jun 08 2005 10:43:36 [Instrument's time stamp, header]
# bad_flag = -9.990e-29
*END*
 159.446944     -2.232 -9.990e-29    14.7193   -0.11715     -2.213 -9.990e-29 -9.990e-29 -9.990e-29
 159.446950     -2.221   0.014890    14.7200   -0.11713     -2.202     0.0137    -0.8466 -9.990e-29
 159.446956     -2.206   0.014890    14.7190   -0.11712     -2.188     0.0137    -0.8464 -9.990e-29
 159.446962     -2.187   0.014890    14.7180   -0.11712     -2.169     0.0137    -0.8463 -9.990e-29
 159.446968     -2.162   0.014890    14.7177   -0.11713     -2.144     0.0137    -0.8462 -9.990e-29
 159.446973     -2.135   0.014890    14.7187   -0.11715     -2.117     0.0137    -0.8464 -9.990e-29
 159.446979     -2.111   0.014889    14.7205   -0.11716     -2.093     0.0137    -0.8467 -9.990e-29
 159.446985     -2.090   0.014888    14.7202   -0.11715     -2.073     0.0137    -0.8466 -9.990e-29
 159.446991     -2.066   0.014888    14.7174   -0.11712     -2.049     0.0137    -0.8462 -9.990e-29
 159.446997     -2.042   0.014887    14.7157   -0.11710     -2.025     0.0137    -0.8459 -9.990e-29
 159.447002     -2.020   0.014887    14.7168   -0.11712     -2.003     0.0137    -0.8461 -9.990e-29
 159.447008     -1.999   0.014886    14.7184   -0.11714     -1.982     0.0137    -0.8463 -9.990e-29
 159.447014     -1.978   0.014886    14.7183   -0.11715     -1.962     0.0137    -0.8463 -9.990e-29
 159.447020     -1.955   0.014885    14.7162   -0.11713     -1.939     0.0137    -0.8460 -9.990e-29
 159.447025     -1.929   0.014885    14.7134   -0.11712     -1.913     0.0137    -0.8456 -9.990e-29
 159.447031     -1.898   0.014884    14.7122   -0.11712     -1.882     0.0137    -0.8454 -9.990e-29
 159.447037     -1.864   0.014884    14.7141   -0.11710     -1.848     0.0137    -0.8457 -9.990e-29
 159.447043     -1.835   0.014883    14.7182   -0.11710     -1.820     0.0137    -0.8463 -9.990e-29
 159.447049     -1.812   0.014883    14.7210   -0.11711     -1.797     0.0137    -0.8467 -9.990e-29
 159.447054     -1.794   0.014882    14.7199   -0.11711     -1.779     0.0137    -0.8466 -9.990e-29
 159.447060     -1.779   0.014882    14.7171   -0.11711     -1.764     0.0137    -0.8461 -9.990e-29
 159.447066     -1.768   0.014881    14.7166   -0.11711     -1.753     0.0137    -0.8461 -9.990e-29
 159.447072     -1.758   0.014881    14.7187   -0.11710     -1.743     0.0137    -0.8464 -9.990e-29
 159.447078     -1.750   0.014880    14.7211   -0.11709     -1.735     0.0137    -0.8467 -9.990e-29
 159.447083     -1.743   0.014880    14.7228   -0.11710     -1.728     0.0137    -0.8470 -9.990e-29
 159.447089     -1.736   0.014879    14.7245   -0.11709     -1.722     0.0137    -0.8472 -9.990e-29
 159.447095     -1.726   0.014879    14.7257   -0.11707     -1.712     0.0137    -0.8474 -9.990e-29
 159.447101     -1.706   0.014878    14.7258   -0.11706     -1.692     0.0137    -0.8474 -9.990e-29
 159.447106     -1.680   0.014878    14.7254   -0.11706     -1.666     0.0137    -0.8474 -9.990e-29
 159.447112     -1.650   0.014877    14.7255   -0.11707     -1.636     0.0137    -0.8474 -9.990e-29
 159.447118     -1.615   0.014876    14.7269   -0.11707     -1.602     0.0137    -0.8476 -9.990e-29
 159.447124     -1.577   0.014876    14.7294   -0.11705     -1.564     0.0137    -0.8480 -9.990e-29
 159.447130     -1.541   0.014875    14.7312   -0.11704     -1.528     0.0137    -0.8482 -9.990e-29
 159.447135     -1.510   0.014875    14.7322   -0.11707     -1.497     0.0137    -0.8484 -9.990e-29
 159.447141     -1.486   0.014874    14.7341   -0.11709     -1.474     0.0137    -0.8487 -9.990e-29
 159.447147     -1.472   0.014874    14.7375   -0.11708     -1.460     0.0137    -0.8492 -9.990e-29
 159.447153     -1.463   0.014873    14.7403   -0.11707     -1.451     0.0137    -0.8496 -9.990e-29
 159.447159     -1.453   0.014871    14.7409   -0.11706     -1.441     0.0137    -0.8497 -9.990e-29
 159.447164     -1.443   0.014868    14.7405   -0.11708     -1.431     0.0137    -0.8496 -9.990e-29
 159.447170     -1.431   0.014858    14.7414   -0.11709     -1.419     0.0137    -0.8497 -9.990e-29
 159.447176     -1.416   0.014830    14.7434   -0.11707     -1.404     0.0137    -0.8500 -9.990e-29
 159.447182     -1.398   0.014748    14.7432   -0.11705     -1.386     0.0136    -0.8500 -9.990e-29
 159.447188     -1.381   0.014501    14.7398   -0.11705     -1.369     0.0135    -0.8496 -9.990e-29
 159.447193     -1.366   0.014316    14.7367   -0.11707     -1.355     0.0134    -0.8493 -9.990e-29
 159.447199     -1.349   0.014500    14.7369   -0.11708     -1.338     0.0135    -0.8492 -9.990e-29
 159.447205     -1.325   0.014746    14.7388   -0.11707     -1.314     0.0136    -0.8494 -9.990e-29
 159.447211     -1.300   0.014827    14.7394   -0.11705     -1.289     0.0137    -0.8495 -9.990e-29
 159.447216     -1.281   0.014854    14.7384   -0.11704     -1.270     0.0137    -0.8493 -9.990e-29
 159.447222     -1.264   0.014863    14.7384   -0.11706     -1.253     0.0137    -0.8493 -9.990e-29
 159.447228     -1.246   0.014865    14.7404   -0.11705     -1.236     0.0137    -0.8496 -9.990e-29
 159.447234     -1.231   0.014866    14.7428   -0.11704     -1.221     0.0137    -0.8499 -9.990e-29
 159.447240     -1.219   0.014866    14.7434   -0.11703     -1.209     0.0137    -0.8500 -9.990e-29
 159.447245     -1.208   0.014865    14.7418   -0.11703     -1.198     0.0137    -0.8498 -9.990e-29
 159.447251     -1.198   0.014864    14.7404   -0.11701     -1.188     0.0137    -0.8496 -9.990e-29
 159.447257     -1.187   0.014864    14.7414   -0.11708     -1.177     0.0137    -0.8497 -9.990e-29
 159.447263     -1.176   0.014863    14.7442   -0.11707     -1.166     0.0137    -0.8501 -9.990e-29
 159.447269     -1.163   0.014861    14.7461   -0.11706     -1.153     0.0137    -0.8504 -9.990e-29
 159.447274     -1.148   0.014858    14.7465   -0.11704     -1.138     0.0137    -0.8505 -9.990e-29
 159.447280     -1.135   0.014848    14.7471   -0.11705     -1.126     0.0137    -0.8506 -9.990e-29
 159.447286     -1.125   0.014820    14.7490   -0.11710     -1.116     0.0137    -0.8509 -9.990e-29
 159.447292     -1.116   0.014738    14.7512   -0.11711     -1.107     0.0136    -0.8512 -9.990e-29
 159.447297     -1.101   0.014491    14.7524   -0.11708     -1.092     0.0135    -0.8515 -9.990e-29
 159.447303     -1.080   0.014305    14.7505   -0.11715     -1.071     0.0134    -0.8513 -9.990e-29
 159.447309     -1.052   0.014487    14.7458   -0.11719     -1.043     0.0135    -0.8505 -9.990e-29
 159.447315     -1.018   0.014727    14.7437   -0.11721     -1.010     0.0136    -0.8501 -9.990e-29
 159.447321     -0.986   0.014791    14.7451   -0.11722     -0.978     0.0136    -0.8503 -9.990e-29
 159.447326     -0.958   0.014765    14.7460   -0.11096     -0.950     0.0136    -0.8504 -9.990e-29
 159.447332     -0.931   0.014615    14.7429   -0.10196     -0.923     0.0136    -0.8500 -9.990e-29
 159.447338     -0.908   0.014696    14.7366   -0.09712     -0.900     0.0136    -0.8491 -9.990e-29
 159.447344     -0.889   0.016227    14.7321   -0.09729     -0.882     0.0144    -0.8478 -9.990e-29
 159.447350     -0.862   0.021803    14.7274   -0.09712     -0.855     0.0172    -0.8449 -9.990e-29
 159.447355     -0.832   0.038860    14.7188   -0.09712     -0.825     0.0263    -0.8366 -9.990e-29
 159.447361     -0.799   0.089586    14.7116   -0.09685     -0.792     0.0548    -0.8133 -9.990e-29
 159.447367     -0.754   0.240507    14.7139   -0.09685     -0.748     0.1442    -0.7443 -9.990e-29
 159.447373     -0.693   0.692299    14.7375   -0.09678     -0.687     0.4259    -0.5294 -9.990e-29
 159.447378     -0.617   2.047350    14.8144   -0.09677     -0.612     1.3204     0.1503 -9.990e-29
 159.447384     -0.526   6.112397    14.9434   -0.09677     -0.522     4.2013     2.3472 -9.990e-29
 159.447390     -0.426  14.236745    15.0577   -0.09674     -0.422    10.4074     7.0853 -9.990e-29
 159.447396     -0.324  23.977769    15.1191   -0.09673     -0.321    18.3329    13.1425 -9.990e-29
 159.447402     -0.222  31.109485    15.1440   -0.09672     -0.220    24.3930    17.7833 -9.990e-29
 159.447407     -0.130  34.405318    15.1534   -0.09673     -0.129    27.2591    19.9818 -9.990e-29
 159.447413     -0.060  35.572582    15.1583   -0.09676     -0.059    28.2825    20.7671 -9.990e-29
 159.447419     -0.007  36.097054    15.1618   -0.09674     -0.007    28.7429    21.1202 -9.990e-29
 159.447425      0.036  36.406742    15.1644   -0.09672      0.036    29.0148    21.3286 -9.990e-29
 159.447431      0.072  36.589444    15.1664   -0.09671      0.071    29.1750    21.4514 -9.990e-29
 159.447436      0.103  36.685866    15.1681   -0.09672      0.102    29.2591    21.5157 -9.990e-29
 159.447442      0.131  36.738286    15.1699   -0.09672      0.130    29.3042    21.5500 -9.990e-29
 159.447448      0.159  36.767320    15.1715   -0.09675      0.158    29.3287    21.5685 -9.990e-29
 159.447454      0.188  36.792678    15.1719   -0.09686      0.186    29.3509    21.5854 -9.990e-29
 159.447459      0.215  36.810666    15.1707   -0.09679      0.213    29.3677    21.5986 -9.990e-29
 159.447465      0.238  36.817857    15.1692   -0.09674      0.236    29.3752    21.6047 -9.990e-29
 159.447471      0.259  36.815489    15.1687   -0.09671      0.257    29.3735    21.6035 -9.990e-29
 159.447477      0.274  36.814484    15.1696   -0.09671      0.272    29.3719    21.6021 -9.990e-29
 159.447483      0.280  36.826456    15.1703   -0.09684      0.278    29.3820    21.6097 -9.990e-29
 159.447488      0.283  36.839958    15.1698   -0.09682      0.281    29.3943    21.6193 -9.990e-29
 159.447494      0.289  36.843337    15.1688   -0.09682      0.287    29.3981    21.6224 -9.990e-29
 159.447500      0.305  36.836116    15.1683   -0.09675      0.302    29.3920    21.6178 -9.990e-29
 159.447506      0.327  36.812653    15.1681   -0.09672      0.324    29.3714    21.6020 -9.990e-29
 159.447512      0.347  36.761909    15.1682   -0.09680      0.344    29.3264    21.5673 -9.990e-29
 159.447517      0.363  36.718889    15.1688   -0.09685      0.360    29.2878    21.5376 -9.990e-29
 159.447523      0.376  36.737310    15.1694   -0.09683      0.373    29.3037    21.5496 -9.990e-29
 159.447529      0.391  36.787968    15.1696   -0.09683      0.388    29.3484    21.5840 -9.990e-29
 159.447535      0.409  36.812880    15.1693   -0.09679      0.406    29.3707    21.6012 -9.990e-29
 159.447541      0.418  36.783646    15.1687   -0.09674      0.415    29.3452    21.5817 -9.990e-29
 159.447546      0.414  36.721342    15.1679   -0.09673      0.411    29.2906    21.5399 -9.990e-29
 159.447552      0.407  36.689294    15.1673   -0.09681      0.404    29.2627    21.5186 -9.990e-29
 159.447558      0.403  36.708189    15.1666   -0.09685      0.400    29.2799    21.5320 -9.990e-29
 159.447564      0.411  36.750577    15.1653   -0.09680      0.408    29.3185    21.5619 -9.990e-29
 159.447569      0.432  36.764270    15.1640   -0.09677      0.428    29.3316    21.5722 -9.990e-29
 159.447575      0.454  36.727217    15.1633   -0.09677      0.450    29.2992    21.5475 -9.990e-29
 159.447581      0.470  36.687071    15.1632   -0.09678      0.466    29.2637    21.5203 -9.990e-29
 159.447587      0.482  36.682314    15.1637   -0.09677      0.478    29.2592    21.5166 -9.990e-29
 159.447593      0.489  36.707224    15.1643   -0.09674      0.485    29.2808    21.5331 -9.990e-29
 159.447598      0.497  36.748539    15.1646   -0.09677      0.493    29.3171    21.5610 -9.990e-29
 159.447604      0.510  36.784036    15.1645   -0.09677      0.506    29.3487    21.5853 -9.990e-29
 159.447610      0.529  36.778688    15.1643   -0.09677      0.525    29.3441    21.5818 -9.990e-29
 159.447616      0.551  36.735520    15.1639   -0.09677      0.546    29.3061    21.5527 -9.990e-29
 159.447622      0.569  36.710290    15.1628   -0.09676      0.564    29.2846    21.5364 -9.990e-29
 159.447627      0.580  36.730529    15.1612   -0.09679      0.575    29.3037    21.5514 -9.990e-29
 159.447633      0.585  36.763293    15.1601   -0.09681      0.580    29.3336    21.5746 -9.990e-29
 159.447639      0.583  36.780565    15.1598   -0.09680      0.578    29.3491    21.5866 -9.990e-29
 159.447645      0.580  36.789736    15.1602   -0.09678      0.575    29.3569    21.5925 -9.990e-29
 159.447650      0.583  36.803097    15.1604   -0.09680      0.578    29.3686    21.6015 -9.990e-29
 159.447656      0.596  36.811052    15.1604   -0.09682      0.591    29.3757    21.6069 -9.990e-29
 159.447662      0.617  36.804646    15.1605   -0.09683      0.612    29.3699    21.6024 -9.990e-29
 159.447668      0.638  36.797067    15.1610   -0.09680      0.633    29.3628    21.5969 -9.990e-29
 159.447674      0.656  36.795057    15.1617   -0.09678      0.651    29.3605    21.5950 -9.990e-29
 159.447679      0.672  36.792962    15.1621   -0.09681      0.666    29.3583    21.5932 -9.990e-29
 159.447685      0.688  36.784072    15.1622   -0.09685      0.682    29.3504    21.5871 -9.990e-29
 159.447691      0.700  36.765312    15.1624   -0.09685      0.694    29.3336    21.5741 -9.990e-29
 159.447697      0.705  36.748665    15.1626   -0.09685      0.699    29.3187    21.5626 -9.990e-29
 159.447703      0.707  36.745006    15.1628   -0.09684      0.701    29.3153    21.5600 -9.990e-29
 159.447708      0.710  36.742160    15.1631   -0.09681      0.704    29.3125    21.5578 -9.990e-29
 159.447714      0.715  36.726232    15.1640   -0.09685      0.709    29.2978    21.5462 -9.990e-29
 159.447720      0.722  36.706252    15.1648   -0.09687      0.716    29.2795    21.5320 -9.990e-29
 159.447726      0.732  36.699862    15.1649   -0.09689      0.726    29.2737    21.5276 -9.990e-29
 159.447731      0.745  36.710310    15.1646   -0.09687      0.739    29.2832    21.5349 -9.990e-29
 159.447737      0.758  36.715638    15.1638   -0.09687      0.752    29.2885    21.5392 -9.990e-29
 159.447743      0.763  36.695466    15.1626   -0.09687      0.757    29.2715    21.5264 -9.990e-29
 159.447749      0.760  36.665500    15.1613   -0.09689      0.754    29.2460    21.5070 -9.990e-29
 159.447755      0.757  36.651374    15.1612   -0.09691      0.751    29.2335    21.4975 -9.990e-29
 159.447760      0.760  36.655552    15.1622   -0.09691      0.754    29.2365    21.4995 -9.990e-29
 159.447766      0.768  36.666215    15.1630   -0.09690      0.762    29.2453    21.5061 -9.990e-29
 159.447772      0.776  36.663932    15.1631   -0.09689      0.770    29.2432    21.5045 -9.990e-29
 159.447778      0.782  36.638365    15.1622   -0.09691      0.775    29.2212    21.4878 -9.990e-29
 159.447784      0.786  36.608115    15.1608   -0.09692      0.779    29.1955    21.4683 -9.990e-29
 159.447789      0.788  36.595634    15.1603   -0.09695      0.781    29.1848    21.4602 -9.990e-29
 159.447795      0.793  36.599412    15.1606   -0.09695      0.786    29.1879    21.4625 -9.990e-29
 159.447801      0.804  36.601489    15.1605   -0.09693      0.797    29.1898    21.4640 -9.990e-29
 159.447807      0.819  36.590612    15.1597   -0.09690      0.812    29.1808    21.4572 -9.990e-29
 159.447813      0.830  36.571331    15.1586   -0.09686      0.823    29.1645    21.4450 -9.990e-29
 159.447818      0.833  36.557175    15.1583   11.00438      0.826    29.1522    21.4356 -9.990e-29
 159.447824      0.834  36.555048    15.1591   22.61767      0.827    29.1497    21.4335 -9.990e-29
 159.447830      0.839  36.557061    15.1601   24.56382      0.832    29.1508    21.4341 -9.990e-29
 159.447836      0.850  36.551316    15.1598   22.18060      0.843    29.1459    21.4304 -9.990e-29
 159.447841      0.859  36.534069    15.1581   15.27387      0.852    29.1319    21.4200 -9.990e-29
 159.447847      0.863  36.513149    15.1562   11.20130      0.856    29.1148    21.4072 -9.990e-29
 159.447853      0.860  36.501583    15.1563   11.22989      0.853    29.1045    21.3993 -9.990e-29
 159.447859      0.856  36.509169    15.1590   11.19863      0.849    29.1092    21.4024 -9.990e-29
 159.447865      0.859  36.538165    15.1627   11.20351      0.852    29.1321    21.4192 -9.990e-29
