data/oxygen options/ONMS/Olympic_Coast_National_Marine_Sanctuary_Hypoxia_Survey_CTD_Data_2004_2015/raw_data/2012/CAST_MO042_120913faed.cnv
* Sea-Bird SBE19 Data File:
* FileName = C:\Documents and Settings\OCNMS\Desktop\2012 mooring data\Hypoxia Sampling\CAST_MO042_120913.hex
* Software Version 1.25
* Temperature SN = 2997
* Conductivity SN = 2997
* System UpLoad Time = Sep 13 2012 12:11:37
** CAST_MO042_120913
* SEACAT PROFILER V3.1c SN 2997   09/13/12  12:10:36.032
# nquan = 9                                 
# nvalues = 1066                        
# units = specified
# name 0 = timeJ: Julian Days
# name 1 = prSM: Pressure, Strain Gauge [db]
# name 2 = c0mS/cm: Conductivity [mS/cm]
# name 3 = t090C: Temperature [ITS-90, deg C]
# name 4 = sbeox0ML/L: Oxygen, SBE 43 [ml/l]
# name 5 = depSM: Depth [salt water, m], lat = 47.5
# name 6 = sal00: Salinity, Practical [PSU]
# name 7 = sigma-é00: Density [sigma-theta, kg/m^3]
# name 8 = flag: flag
# span 0 = 257.500463, 257.506626       
# span 1 =     -2.235,     42.718       
# span 2 =   0.489546,  39.743438       
# span 3 =     7.3743,    15.4241       
# span 4 =   -12.0956,    13.4930       
# span 5 =     -2.216,     42.357       
# span 6 =     0.2940,    33.6896       
# span 7 =    -0.7135,    26.3336       
# span 8 = 0.0000e+00, 0.0000e+00       
# interval = seconds: 0.5
# start_time = Sep 13 2012 12:00:40 [Instrument's time stamp, header]
# bad_flag = -9.990e-29
*END*
[from data line 801]
 257.505098     26.924  34.484989     7.4813     1.1170     26.698    33.6343    26.2765 0.0000e+00
 257.505104     27.264  34.481963     7.4684     1.0979     27.035    33.6433    26.2855 0.0000e+00
 257.505110     27.601  34.478033     7.4579     1.0560     27.369    33.6491    26.2915 0.0000e+00
 257.505116     27.938  34.474592     7.4494     1.0343     27.703    33.6535    26.2961 0.0000e+00
 257.505122     28.279  34.472002     7.4424     1.0089     28.041    33.6573    26.3001 0.0000e+00
 257.505127     28.626  34.469523     7.4367     0.9748     28.385    33.6600    26.3030 0.0000e+00
 257.505133     28.975  34.467123     7.4325     0.9557     28.731    33.6613    26.3047 0.0000e+00
 257.505139     29.322  34.464875     7.4287     0.9358     29.075    33.6624    26.3061 0.0000e+00
 257.505145     29.662  34.461932     7.4220     0.9392     29.412    33.6655    26.3095 0.0000e+00
 257.505150     29.998  34.458764     7.4129     0.9282     29.745    33.6708    26.3149 0.0000e+00
 257.505156     30.332  34.456102     7.4066     0.9227     30.077    33.6738    26.3182 0.0000e+00
 257.505162     30.665  34.454230     7.4078     0.9291     30.407    33.6705    26.3154 0.0000e+00
 257.505168     30.993  34.454482     7.4143     0.9438     30.732    33.6643    26.3096 0.0000e+00
 257.505174     31.309  34.457668     7.4185     0.9568     31.045    33.6635    26.3084 0.0000e+00
 257.505179     31.614  34.461789     7.4159     0.9459     31.348    33.6704    26.3142 0.0000e+00
 257.505185     31.913  34.461616     7.4082     0.9301     31.644    33.6775    26.3209 0.0000e+00
 257.505191     32.217  34.456272     7.3998     0.9227     31.946    33.6797    26.3238 0.0000e+00
 257.505197     32.537  34.451425     7.3936     0.9324     32.263    33.6803    26.3252 0.0000e+00
 257.505203     32.876  34.449488     7.3903     0.9300     32.599    33.6813    26.3264 0.0000e+00
 257.505208     33.226  34.448909     7.3892     0.9165     32.946    33.6815    26.3268 0.0000e+00
 257.505214     33.569  34.448830     7.3895     0.9208     33.286    33.6810    26.3263 0.0000e+00
 257.505220     33.895  34.449057     7.3916     0.9153     33.609    33.6791    26.3245 0.0000e+00
 257.505226     34.206  34.449806     7.3956     0.9061     33.918    33.6758    26.3214 0.0000e+00
 257.505231     34.510  34.451991     7.3992     0.8963     34.219    33.6746    26.3199 0.0000e+00
 257.505237     34.808  34.455640     7.3993     0.8717     34.515    33.6783    26.3228 0.0000e+00
 257.505243     35.106  34.456572     7.3956     0.8642     34.810    33.6827    26.3268 0.0000e+00
 257.505249     35.416  34.452588     7.3911     0.8694     35.117    33.6826    26.3274 0.0000e+00
 257.505255     35.740  34.448370     7.3882     0.9078     35.439    33.6807    26.3263 0.0000e+00
 257.505260     36.068  34.446607     7.3878     0.9076     35.764    33.6790    26.3250 0.0000e+00
 257.505266     36.386  34.446539     7.3904     0.8955     36.079    33.6763    26.3225 0.0000e+00
 257.505272     36.686  34.448550     7.3944     0.9137     36.377    33.6744    26.3205 0.0000e+00
 257.505278     36.969  34.452992     7.3967     0.8888     36.657    33.6769    26.3221 0.0000e+00
 257.505284     37.249  34.456185     7.3947     0.8669     36.935    33.6822    26.3265 0.0000e+00
 257.505289     37.543  34.453900     7.3896     0.8437     37.226    33.6845    26.3291 0.0000e+00
 257.505295     37.862  34.449167     7.3847     0.8159     37.543    33.6840    26.3294 0.0000e+00
 257.505301     38.201  34.446229     7.3813     0.8255     37.879    33.6839    26.3298 0.0000e+00
 257.505307     38.550  34.445004     7.3792     0.8292     38.225    33.6845    26.3305 0.0000e+00
 257.505313     38.906  34.444330     7.3782     0.8382     38.578    33.6845    26.3307 0.0000e+00
 257.505318     39.263  34.443782     7.3784     0.8578     38.932    33.6836    26.3299 0.0000e+00
 257.505324     39.608  34.443663     7.3793     0.8441     39.274    33.6824    26.3289 0.0000e+00
 257.505330     39.934  34.444287     7.3803     0.8712     39.597    33.6819    26.3284 0.0000e+00
 257.505336     40.239  34.445280     7.3816     0.8590     39.899    33.6816    26.3280 0.0000e+00
 257.505341     40.527  34.445078     7.3825     0.8484     40.185    33.6804    26.3269 0.0000e+00
 257.505347     40.797  34.443328     7.3828     0.8446     40.453    33.6781    26.3250 0.0000e+00
 257.505353     41.051  34.441731     7.3818     0.8334     40.704    33.6772    26.3245 0.0000e+00
 257.505359     41.292  34.440915     7.3794     0.8363     40.943    33.6785    26.3258 0.0000e+00
 257.505365     41.526  34.440512     7.3773     0.8325     41.175    33.6800    26.3273 0.0000e+00
 257.505370     41.756  34.440526     7.3765     0.8347     41.403    33.6807    26.3280 0.0000e+00
 257.505376     41.974  34.441160     7.3769     0.8287     41.619    33.6809    26.3281 0.0000e+00
 257.505382     42.169  34.442701     7.3785     0.8166     41.813    33.6809    26.3279 0.0000e+00
 257.505388     42.331  34.444406     7.3808     0.8082     41.973    33.6804    26.3272 0.0000e+00
 257.505394     42.459  34.446311     7.3829     0.8081     42.100    33.6804    26.3269 -9.990e-29
 257.505399     42.556  34.449840     7.3846     0.8171     42.196    33.6825    26.3283 -9.990e-29
 257.505405     42.628  34.453539     7.3859     0.8367     42.268    33.6852    26.3303 -9.990e-29
 257.505411     42.680  34.455065     7.3864     0.8351     42.319    33.6864    26.3311 -9.990e-29
 257.505417     42.711  34.454779     7.3864     0.8411     42.350    33.6861    26.3308 -9.990e-29
 257.505422     42.718  34.453421     7.3863     0.8081     42.357    33.6847    26.3298 -9.990e-29
 257.505428     42.707  34.451987     7.3861     0.8301     42.346    33.6833    26.3287 -9.990e-29
 257.505434     42.680  34.451927     7.3866     0.8330     42.319    33.6828    26.3282 -9.990e-29
 257.505440     42.637  34.453728     7.3882     0.8103     42.277    33.6832    26.3283 -9.990e-29
 257.505446     42.574  34.456993     7.3897     0.8125     42.214    33.6853    26.3298 -9.990e-29
 257.505451     42.491  34.459358     7.3893     0.7968     42.132    33.6883    26.3322 -9.990e-29
 257.505457     42.393  34.458383     7.3869     0.8079     42.035    33.6896    26.3336 -9.990e-29
 257.505463     42.281  34.455572     7.3848     0.8213     41.924    33.6887    26.3331 -9.990e-29
 257.505469     42.160  34.452221     7.3831     0.8462     41.804    33.6868    26.3318 -9.990e-29
 257.505475     42.042  34.448347     7.3811     0.8364     41.687    33.6846    26.3304 -9.990e-29
 257.505480     41.926  34.446631     7.3794     0.8071     41.572    33.6844    26.3305 -9.990e-29
 257.505486     41.796  34.447029     7.3783     0.7936     41.443    33.6860    26.3319 0.0000e+00
 257.505492     41.640  34.447274     7.3783     0.8012     41.288    33.6863    26.3321 0.0000e+00
 257.505498     41.466  34.447136     7.3791     0.7966     41.116    33.6855    26.3314 0.0000e+00
 257.505503     41.287  34.446438     7.3800     0.8032     40.938    33.6839    26.3300 0.0000e+00
 257.505509     41.119  34.445374     7.3802     0.7905     40.772    33.6826    26.3290 0.0000e+00
 257.505515     40.971  34.444771     7.3799     0.7861     40.625    33.6824    26.3288 -9.990e-29
 257.505521     40.852  34.444391     7.3793     0.8077     40.507    33.6826    26.3291 -9.990e-29
 257.505527     40.767  34.443171     7.3783     0.8039     40.423    33.6823    26.3290 -9.990e-29
 257.505532     40.710  34.441730     7.3775     0.7896     40.366    33.6815    26.3285 -9.990e-29
 257.505538     40.669  34.441511     7.3775     0.7746     40.326    33.6813    26.3283 -9.990e-29
 257.505544     40.638  34.442224     7.3779     0.7701     40.295    33.6817    26.3286 -9.990e-29
 257.505550     40.614  34.442585     7.3783     0.7790     40.271    33.6817    26.3285 -9.990e-29
 257.505556     40.596  34.441956     7.3784     0.7985     40.253    33.6809    26.3279 -9.990e-29
 257.505561     40.583  34.440623     7.3780     0.8052     40.240    33.6799    26.3271 -9.990e-29
 257.505567     40.574  34.439615     7.3778     0.8468     40.231    33.6790    26.3264 -9.990e-29
 257.505573     40.564  34.439830     7.3781     0.8143     40.222    33.6789    26.3264 -9.990e-29
 257.505579     40.548  34.441001     7.3782     0.8235     40.206    33.6801    26.3273 -9.990e-29
 257.505584     40.530  34.441890     7.3778     0.8273     40.188    33.6815    26.3284 -9.990e-29
 257.505590     40.512  34.441449     7.3774     0.8100     40.170    33.6814    26.3284 -9.990e-29
 257.505596     40.494  34.440214     7.3774     0.7985     40.152    33.6801    26.3274 -9.990e-29
 257.505602     40.473  34.439903     7.3772     0.7679     40.131    33.6799    26.3273 -9.990e-29
 257.505608     40.454  34.440663     7.3769     0.7469     40.112    33.6811    26.3282 -9.990e-29
 257.505613     40.448  34.440713     7.3765     0.7702     40.106    33.6815    26.3286 -9.990e-29
 257.505619     40.463  34.439564     7.3757     0.7819     40.121    33.6810    26.3283 -9.990e-29
 257.505625     40.492  34.438490     7.3753     0.7887     40.150    33.6802    26.3278 -9.990e-29
 257.505631     40.518  34.438302     7.3755     0.7849     40.176    33.6798    26.3274 -9.990e-29
 257.505637     40.532  34.438752     7.3756     0.7594     40.190    33.6802    26.3277 -9.990e-29
 257.505642     40.529  34.439321     7.3758     0.7511     40.187    33.6806    26.3280 -9.990e-29
 257.505648     40.514  34.440213     7.3760     0.7677     40.172    33.6814    26.3286 -9.990e-29
 257.505654     40.494  34.440943     7.3756     0.7811     40.152    33.6826    26.3296 -9.990e-29
 257.505660     40.476  34.440246     7.3749     0.7923     40.134    33.6825    26.3296 -9.990e-29
 257.505666     40.464  34.438878     7.3751     0.7923     40.122    33.6809    26.3283 -9.990e-29
 257.505671     40.453  34.438380     7.3756     0.7834     40.111    33.6798    26.3274 -9.990e-29
 257.505677     40.442  34.438653     7.3754     0.7750     40.101    33.6803    26.3278 -9.990e-29
 257.505683     40.439  34.438944     7.3749     0.7728     40.098    33.6811    26.3286 -9.990e-29
 257.505689     40.447  34.438525     7.3746     0.7645     40.106    33.6810    26.3285 -9.990e-29
 257.505694     40.464  34.437402     7.3743     0.7562     40.122    33.6800    26.3278 -9.990e-29
 257.505700     40.481  34.436880     7.3743     0.7502     40.139    33.6795    26.3273 -9.990e-29
 257.505706     40.496  34.437387     7.3745     0.7503     40.154    33.6798    26.3276 -9.990e-29
 257.505712     40.505  34.437923     7.3746     0.7652     40.163    33.6803    26.3279 -9.990e-29
 257.505718     40.504  34.438084     7.3746     0.7824     40.162    33.6805    26.3281 -9.990e-29
 257.505723     40.497  34.438091     7.3748     0.7891     40.155    33.6803    26.3279 -9.990e-29
 257.505729     40.490  34.437955     7.3748     0.7786     40.148    33.6801    26.3278 -9.990e-29
 257.505735     40.480  34.438060     7.3748     0.7697     40.138    33.6803    26.3279 -9.990e-29
 257.505741     40.472  34.438552     7.3753     0.7735     40.130    33.6803    26.3278 -9.990e-29
 257.505747     40.474  34.438411     7.3757     0.7779     40.132    33.6798    26.3274 -9.990e-29
 257.505752     40.490  34.437453     7.3754     0.7741     40.148    33.6790    26.3268 -9.990e-29
 257.505758     40.516  34.436644     7.3755     0.7613     40.174    33.6780    26.3260 -9.990e-29
 257.505764     40.538  34.436591     7.3763     0.7464     40.196    33.6772    26.3252 -9.990e-29
 257.505770     40.540  34.437223     7.3769     0.7464     40.198    33.6773    26.3252 -9.990e-29
 257.505775     40.526  34.437707     7.3767     0.7614     40.184    33.6780    26.3258 -9.990e-29
 257.505781     40.508  34.437573     7.3763     0.7704     40.166    33.6783    26.3261 -9.990e-29
 257.505787     40.489  34.437208     7.3761     0.7832     40.147    33.6781    26.3260 -9.990e-29
 257.505793     40.468  34.437249     7.3761     0.7831     40.126    33.6781    26.3260 -9.990e-29
 257.505799     40.444  34.437754     7.3762     0.7703     40.103    33.6786    26.3264 -9.990e-29
 257.505804     40.419  34.438280     7.3765     0.7576     40.078    33.6789    26.3265 -9.990e-29
 257.505810     40.404  34.438413     7.3767     0.7426     40.063    33.6788    26.3265 -9.990e-29
 257.505816     40.408  34.437777     7.3764     0.7426     40.067    33.6784    26.3262 -9.990e-29
 257.505822     40.426  34.436646     7.3760     0.7410     40.085    33.6776    26.3256 -9.990e-29
 257.505828     40.451  34.435757     7.3759     0.7621     40.109    33.6767    26.3249 -9.990e-29
 257.505833     40.476  34.435607     7.3759     0.7710     40.134    33.6765    26.3248 -9.990e-29
 257.505839     40.494  34.436001     7.3758     0.7816     40.152    33.6771    26.3252 -9.990e-29
 257.505845     40.497  34.436346     7.3758     0.7755     40.155    33.6774    26.3255 -9.990e-29
 257.505851     40.485  34.436545     7.3757     0.7725     40.143    33.6777    26.3258 -9.990e-29
 257.505856     40.467  34.436869     7.3755     0.7560     40.125    33.6783    26.3262 -9.990e-29
 257.505862     40.449  34.437193     7.3753     0.7410     40.107    33.6789    26.3267 -9.990e-29
 257.505868     40.440  34.436835     7.3750     0.7410     40.099    33.6788    26.3267 -9.990e-29
 257.505874     40.439  34.435882     7.3749     0.7410     40.098    33.6778    26.3259 -9.990e-29
 257.505880     40.437  34.435308     7.3751     0.7770     40.096    33.6770    26.3253 -9.990e-29
 257.505885     40.425  34.435470     7.3756     0.7800     40.084    33.6767    26.3250 -9.990e-29
 257.505891     40.394  34.436028     7.3760     0.7694     40.053    33.6769    26.3251 -9.990e-29
 257.505897     40.338  34.436607     7.3762     0.7686     39.997    33.6774    26.3254 -9.990e-29
 257.505903     40.262  34.436864     7.3763     0.7513     39.922    33.6776    26.3256 -9.990e-29
 257.505909     40.178  34.436589     7.3761     0.7558     39.839    33.6775    26.3255 -9.990e-29
 257.505914     40.089  34.435978     7.3757     0.7662     39.751    33.6773    26.3254 -9.990e-29
 257.505920     39.990  34.435341     7.3754     0.7661     39.652    33.6770    26.3252 -9.990e-29
 257.505926     39.875  34.434952     7.3755     0.7623     39.538    33.6765    26.3248 -9.990e-29
 257.505932     39.731  34.434857     7.3756     0.7578     39.396    33.6764    26.3247 0.0000e+00
 257.505938     39.545  34.434934     7.3755     0.7450     39.211    33.6766    26.3249 0.0000e+00
 257.505943     39.311  34.435289     7.3758     0.7532     38.979    33.6768    26.3250 0.0000e+00
 257.505949     39.025  34.435841     7.3765     0.7598     38.696    33.6769    26.3250 0.0000e+00
 257.505955     38.696  34.436210     7.3774     0.7620     38.369    33.6766    26.3246 0.0000e+00
 257.505961     38.336  34.436333     7.3786     0.7642     38.013    33.6757    26.3237 0.0000e+00
 257.505966     37.952  34.436379     7.3799     0.7597     37.632    33.6747    26.3227 0.0000e+00
 257.505972     37.547  34.436415     7.3811     0.7762     37.230    33.6738    26.3218 0.0000e+00
 257.505978     37.124  34.436498     7.3816     0.7806     36.811    33.6736    26.3216 0.0000e+00
 257.505984     36.690  34.436743     7.3817     0.7722     36.381    33.6740    26.3219 0.0000e+00
 257.505990     36.253  34.436926     7.3823     0.7654     35.947    33.6738    26.3217 0.0000e+00
 257.505995     35.814  34.436735     7.3833     0.7482     35.512    33.6728    26.3208 0.0000e+00
 257.506001     35.371  34.436481     7.3842     0.7481     35.073    33.6719    26.3199 0.0000e+00
 257.506007     34.922  34.436390     7.3848     0.7525     34.628    33.6714    26.3194 0.0000e+00
 257.506013     34.463  34.436349     7.3851     0.7545     34.173    33.6713    26.3193 0.0000e+00
