data/oxygen options/ONMS/Olympic_Coast_National_Marine_Sanctuary_Hypoxia_Survey_CTD_Data_2004_2015/raw_data/2012/CAST_RR042_120830faed.cnv
* Sea-Bird SBE19 Data File:
* FileName = C:\Documents and Settings\OCNMS\Desktop\2012 mooring data\2nd service\CAST_RR042_120830.hex
* Software Version 1.25
* Temperature SN = 2997
* Conductivity SN = 2997
* System UpLoad Time = Aug 30 2012 14:25:33
** CAST_RR042_120830
* SEACAT PROFILER V3.1c SN 2997   08/30/12  14:24:26.353
# nquan = 9                                 
# nvalues = 1021                        
# units = specified
# name 0 = timeJ: Julian Days
# name 1 = prSM: Pressure, Strain Gauge [db]
# name 2 = c0mS/cm: Conductivity [mS/cm]
# name 3 = t090C: Temperature [ITS-90, deg C]
# name 4 = sbeox0ML/L: Oxygen, SBE 43 [ml/l]
# name 5 = depSM: Depth [salt water, m], lat = 47.5
# name 6 = sal00: Salinity, Practical [PSU]
# name 7 = sigma-é00: Density [sigma-theta, kg/m^3]
# name 8 = flag: flag
# span 0 = 243.593113, 243.599016       
# span 1 =     -5.774,     42.451       
# span 2 =   0.233418,  39.258777       
# span 3 =     7.3385,    15.3373       
# span 4 =    -1.7527,    16.2261       
# span 5 =     -5.726,     42.092       
# span 6 =     0.1408,    33.7144       
# span 7 =    -0.8336,    26.3597       
# span 8 = 0.0000e+00, 0.0000e+00       
# interval = seconds: 0.5
# start_time = Aug 30 2012 14:14:05 [Instrument's time stamp, header]
# bad_flag = -9.990e-29
*END*
[from data line 481]
 243.595897      0.093  38.801472    14.1750    -1.4452      0.092    31.9468    23.7928 -9.990e-29
 243.595903      0.126  38.844572    14.1723    -1.4452      0.125    31.9886    23.8255 -9.990e-29
 243.595909      0.160  38.992293    14.1751    -1.4447      0.159    32.1218    23.9277 -9.990e-29
 243.595914      0.196  39.078494    14.1814    -1.4447      0.194    32.1956    23.9834 -9.990e-29
 243.595920      0.233  39.109761    14.1891    -1.4442      0.231    32.2179    23.9990 -9.990e-29
 243.595926      0.265  39.130576    14.1947    -1.4441      0.263    32.2323    24.0090 -9.990e-29
 243.595932      0.289  39.147770    14.1935    -1.4442      0.287    32.2490    24.0221 -9.990e-29
 243.595937      0.306  39.163543    14.1890    -1.4444      0.303    32.2673    24.0372 -9.990e-29
 243.595943      0.319  39.182498    14.1882    -1.4442      0.316    32.2853    24.0513 -9.990e-29
 243.595949      0.328  39.203022    14.1928    -1.4440      0.325    32.3003    24.0619 -9.990e-29
 243.595955      0.332  39.210465    14.2023    -1.4441      0.329    32.2992    24.0590 -9.990e-29
 243.595961      0.334  39.200191    14.2134    -1.4442      0.331    32.2805    24.0423 -9.990e-29
 243.595966      0.336  39.185972    14.2212    -1.4439      0.333    32.2609    24.0256 -9.990e-29
 243.595972      0.344  39.179117    14.2249    -1.4432      0.341    32.2515    24.0176 -9.990e-29
 243.595978      0.353  39.185631    14.2273    -1.4434      0.350    32.2555    24.0201 -9.990e-29
 243.595984      0.360  39.203564    14.2296    -1.4436      0.357    32.2700    24.0309 -9.990e-29
 243.595990      0.366  39.213132    14.2314    -1.4436      0.363    32.2773    24.0361 -9.990e-29
 243.595995      0.371  39.206930    14.2316    -1.4434      0.368    32.2714    24.0315 -9.990e-29
 243.596001      0.374  39.200795    14.2299    -1.4428      0.371    32.2672    24.0286 -9.990e-29
 243.596007      0.377  39.206730    14.2301    -1.4419      0.374    32.2725    24.0327 -9.990e-29
 243.596013      0.379  39.219212    14.2360    -1.4428      0.376    32.2790    24.0365 -9.990e-29
 243.596019      0.380  39.222954    14.2464    -1.4432      0.377    32.2738    24.0303 -9.990e-29
 243.596024      0.381  39.217352    14.2545    -1.4430      0.378    32.2619    24.0194 -9.990e-29
 243.596030      0.382  39.216803    14.2548    -1.4427      0.379    32.2611    24.0187 -9.990e-29
 243.596036      0.383  39.224510    14.2534    -1.4425      0.380    32.2693    24.0254 -9.990e-29
 243.596042      0.384  39.232271    14.2589    -1.4422      0.381    32.2719    24.0262 -9.990e-29
 243.596047      0.384  39.232511    14.2709    -1.4421      0.381    32.2621    24.0161 -9.990e-29
 243.596053      0.384  39.223879    14.2851    -1.4427      0.381    32.2423    23.9979 -9.990e-29
 243.596059      0.384  39.218974    14.2917    -1.4426      0.381    32.2323    23.9888 -9.990e-29
 243.596065      0.384  39.226398    14.2842    -1.4426      0.381    32.2454    24.0005 -9.990e-29
 243.596071      0.384  39.237571    14.2751    -1.4426      0.381    32.2632    24.0161 -9.990e-29
 243.596076      0.384  39.243871    14.2771    -1.4428      0.381    32.2673    24.0189 -9.990e-29
 243.596082      0.384  39.245861    14.2875    -1.4429      0.381    32.2604    24.0114 -9.990e-29
 243.596088      0.383  39.243399    14.2982    -1.4427      0.380    32.2492    24.0006 -9.990e-29
 243.596094      0.383  39.236014    14.3035    -1.4422      0.380    32.2381    23.9908 -9.990e-29
 243.596100      0.382  39.232365    14.3006    -1.4419      0.379    32.2371    23.9907 -9.990e-29
 243.596105      0.380  39.238249    14.2941    -1.4420      0.377    32.2479    24.0004 -9.990e-29
 243.596111      0.379  39.245832    14.2923    -1.4430      0.376    32.2564    24.0073 -9.990e-29
 243.596117      0.377  39.247304    14.2944    -1.4437      0.374    32.2560    24.0066 -9.990e-29
 243.596123      0.374  39.241274    14.2939    -1.4437      0.371    32.2509    24.0027 -9.990e-29
 243.596128      0.371  39.230919    14.2898    -1.4435      0.368    32.2448    23.9989 -9.990e-29
 243.596134      0.367  39.225419    14.2870    -1.4431      0.364    32.2421    23.9974 -9.990e-29
 243.596140      0.361  39.229218    14.2916    -1.4427      0.358    32.2418    23.9962 -9.990e-29
 243.596146      0.354  39.238425    14.3039    -1.4424      0.351    32.2399    23.9922 -9.990e-29
 243.596152      0.345  39.244032    14.3136    -1.4418      0.342    32.2370    23.9879 -9.990e-29
 243.596157      0.337  39.237839    14.3073    -1.4416      0.334    32.2366    23.9889 -9.990e-29
 243.596163      0.339  39.225050    14.2846    -1.4414      0.336    32.2438    23.9992 -9.990e-29
 243.596169      0.351  39.217765    14.2626    -1.4436      0.348    32.2555    24.0128 -9.990e-29
 243.596175      0.365  39.220850    14.2557    12.4806      0.362    32.2641    24.0208 -9.990e-29
 243.596181      0.378  39.228335    14.2621    16.0717      0.375    32.2656    24.0207 -9.990e-29
 243.596186      0.390  39.230594    14.2734    16.2261      0.387    32.2582    24.0126 -9.990e-29
 243.596192      0.398  39.229530    14.2860    13.4176      0.395    32.2467    24.0011 -9.990e-29
 243.596198      0.398  39.233820    14.3021     7.4925      0.395    32.2372    23.9905 -9.990e-29
 243.596204      0.395  39.240792    14.3190     7.7668      0.392    32.2295    23.9810 -9.990e-29
 243.596209      0.393  39.241264    14.3270     8.0308      0.390    32.2233    23.9745 -9.990e-29
 243.596215      0.390  39.235321    14.3147     8.0524      0.387    32.2281    23.9808 -9.990e-29
 243.596221      0.389  39.227379    14.2826     7.9849      0.386    32.2476    24.0025 -9.990e-29
 243.596227      0.387  39.212465    14.2551     7.9022      0.384    32.2569    24.0154 -9.990e-29
 243.596233      0.385  39.189754    14.2533     7.8463      0.382    32.2376    24.0009 -9.990e-29
 243.596238      0.383  39.177716    14.2706     7.7942      0.380    32.2121    23.9777 -9.990e-29
 243.596244      0.381  39.180478    14.2879     7.7500      0.378    32.2002    23.9649 -9.990e-29
 243.596250      0.379  39.184363    14.2963     7.7406      0.376    32.1968    23.9605 -9.990e-29
 243.596256      0.376  39.183919    14.2991     7.7262      0.373    32.1940    23.9578 -9.990e-29
 243.596262      0.377  39.177451    14.3014     7.7209      0.374    32.1862    23.9513 -9.990e-29
 243.596267      0.386  39.175958    14.3052     7.7264      0.383    32.1817    23.9470 -9.990e-29
 243.596273      0.399  39.183061    14.3024     7.7061      0.396    32.1905    23.9544 -9.990e-29
 243.596279      0.413  39.181908    14.2811     7.6799      0.410    32.2072    23.9717 -9.990e-29
 243.596285      0.429  39.160327    14.2496     7.6531      0.425    32.2137    23.9832 -9.990e-29
 243.596291      0.443  39.130457    14.2327     7.6283      0.439    32.2004    23.9765 -9.990e-29
 243.596296      0.448  39.119157    14.2397     7.6336      0.444    32.1842    23.9625 -9.990e-29
 243.596302      0.440  39.129292    14.2596     7.6620      0.436    32.1769    23.9528 -9.990e-29
 243.596308      0.422  39.145807    14.2748     7.6657      0.418    32.1794    23.9515 -9.990e-29
 243.596314      0.407  39.157114    14.2713     7.6586      0.404    32.1926    23.9625 -9.990e-29
 243.596319      0.401  39.153094    14.2526     7.6316      0.398    32.2045    23.9756 -9.990e-29
 243.596325      0.401  39.136247    14.2343     7.5862      0.398    32.2044    23.9792 -9.990e-29
 243.596331      0.401  39.122781    14.2255     7.5808      0.398    32.1994    23.9772 -9.990e-29
 243.596337      0.403  39.119962    14.2272     7.5963      0.400    32.1954    23.9737 -9.990e-29
 243.596343      0.406  39.125719    14.2381     7.6538      0.403    32.1915    23.9685 -9.990e-29
 243.596348      0.406  39.137650    14.2545     7.6885      0.403    32.1888    23.9630 -9.990e-29
 243.596354      0.398  39.152062    14.2699     7.7171      0.395    32.1892    23.9601 -9.990e-29
 243.596360      0.387  39.163532    14.2785     7.7053      0.384    32.1925    23.9609 -9.990e-29
 243.596366      0.376  39.164953    14.2778     7.6709      0.373    32.1944    23.9625 -9.990e-29
 243.596372      0.369  39.155992    14.2711     7.6694      0.366    32.1918    23.9619 -9.990e-29
 243.596377      0.369  39.146569    14.2692     7.6659      0.366    32.1847    23.9568 -9.990e-29
 243.596383      0.372  39.149904    14.2796     7.6875      0.369    32.1791    23.9503 -9.990e-29
 243.596389      0.374  39.165969    14.2959     7.6980      0.371    32.1803    23.9478 -9.990e-29
 243.596395      0.375  39.178091    14.3032     7.7113      0.372    32.1853    23.9502 -9.990e-29
 243.596400      0.381  39.178353    14.2932     7.7169      0.378    32.1939    23.9589 -9.990e-29
 243.596406      0.394  39.166560    14.2709     7.7141      0.391    32.2016    23.9695 -9.990e-29
 243.596412      0.412  39.143251    14.2497     7.6796      0.409    32.1979    23.9711 -9.990e-29
 243.596418      0.431  39.124422    14.2410     7.6437      0.427    32.1879    23.9651 -9.990e-29
 243.596424      0.450  39.123634    14.2463     7.6282      0.446    32.1828    23.9601 -9.990e-29
 243.596429      0.459  39.135921    14.2588     7.6438      0.455    32.1836    23.9581 -9.990e-29
 243.596435      0.456  39.151339    14.2713     7.6670      0.452    32.1873    23.9584 -9.990e-29
 243.596441      0.445  39.167483    14.2803     7.6807      0.441    32.1946    23.9621 -9.990e-29
 243.596447      0.433  39.185159    14.2843     7.6908      0.429    32.2075    23.9712 -9.990e-29
 243.596453      0.424  39.191530    14.2780     7.6936      0.420    32.2186    23.9811 -9.990e-29
 243.596458      0.418  39.173809    14.2604     7.6918      0.415    32.2170    23.9836 -9.990e-29
 243.596464      0.413  39.144804    14.2430     7.6917      0.410    32.2049    23.9779 -9.990e-29
 243.596470      0.411  39.128044    14.2376     7.6854      0.408    32.1941    23.9706 -9.990e-29
 243.596476      0.410  39.132009    14.2464     7.6810      0.407    32.1904    23.9659 -9.990e-29
 243.596481      0.410  39.147423    14.2634     7.6892      0.407    32.1903    23.9624 -9.990e-29
 243.596487      0.412  39.158425    14.2808     7.6974      0.409    32.1859    23.9553 -9.990e-29
 243.596493      0.416  39.164570    14.2933     7.6766      0.413    32.1811    23.9490 -9.990e-29
 243.596499      0.422  39.174067    14.2965     7.6816      0.418    32.1872    23.9530 -9.990e-29
 243.596505      0.429  39.174377    14.2913     7.6720      0.425    32.1918    23.9577 -9.990e-29
 243.596510      0.440  39.160326    14.2876     7.6758      0.436    32.1820    23.9509 -9.990e-29
 243.596516      0.450  39.153531    14.2937     7.6963      0.446    32.1707    23.9409 -9.990e-29
 243.596522      0.451  39.160632    14.3053     7.6820      0.447    32.1675    23.9361 -9.990e-29
 243.596528      0.443  39.169250    14.3141     7.6787      0.439    32.1681    23.9347 -9.990e-29
 243.596534      0.435  39.174639    14.3182     7.6727      0.431    32.1696    23.9350 -9.990e-29
 243.596539      0.430  39.168870    14.3172     7.6808      0.426    32.1652    23.9318 -9.990e-29
 243.596545      0.427  39.157153    14.3131     7.7028      0.423    32.1579    23.9270 -9.990e-29
 243.596551      0.427  39.161976    14.3100     7.7112      0.423    32.1649    23.9330 -9.990e-29
 243.596557      0.430  39.174094    14.3045     7.7154      0.426    32.1805    23.9462 -9.990e-29
 243.596563      0.435  39.174932    14.2889     7.6899      0.431    32.1943    23.9601 -9.990e-29
 243.596568      0.444  39.160017    14.2668     7.6559      0.440    32.1990    23.9684 -9.990e-29
 243.596574      0.456  39.136928    14.2553     7.6160      0.452    32.1875    23.9618 -9.990e-29
 243.596580      0.469  39.130919    14.2638     7.5917      0.465    32.1749    23.9503 -9.990e-29
 243.596586      0.474  39.145749    14.2829     7.5881      0.470    32.1725    23.9446 -9.990e-29
 243.596591      0.472  39.161974    14.2975     7.5970      0.468    32.1752    23.9436 -9.990e-29
 243.596597      0.466  39.175466    14.3033     7.6314      0.462    32.1828    23.9482 -9.990e-29
 243.596603      0.458  39.187423    14.3056     7.6801      0.454    32.1918    23.9547 -9.990e-29
 243.596609      0.449  39.191389    14.3074     7.7127      0.445    32.1939    23.9560 -9.990e-29
 243.596615      0.444  39.189860    14.3070     7.7303      0.440    32.1929    23.9552 -9.990e-29
 243.596620      0.443  39.185845    14.2976     7.7301      0.439    32.1970    23.9604 -9.990e-29
 243.596626      0.446  39.171754    14.2733     7.7091      0.442    32.2044    23.9711 -9.990e-29
 243.596632      0.453  39.146168    14.2445     7.6864      0.449    32.2049    23.9775 -9.990e-29
 243.596638      0.464  39.123157    14.2291     7.6627      0.460    32.1967    23.9744 -9.990e-29
 243.596644      0.475  39.118539    14.2328     7.6280      0.471    32.1894    23.9680 -9.990e-29
 243.596649      0.480  39.133991    14.2515     7.6087      0.476    32.1879    23.9630 -9.990e-29
 243.596655      0.473  39.160974    14.2793     7.6105      0.469    32.1895    23.9584 -9.990e-29
 243.596661      0.459  39.194560    14.3122     7.6232      0.455    32.1928    23.9541 -9.990e-29
 243.596667      0.445  39.231906    14.3441     7.6437      0.441    32.2004    23.9534 -9.990e-29
 243.596672      0.435  39.257814    14.3651     7.6629      0.431    32.2066    23.9538 -9.990e-29
 243.596678      0.429  39.257522    14.3758     7.6770      0.425    32.1975    23.9445 -9.990e-29
 243.596684      0.425  39.248576    14.3817     7.6785      0.421    32.1844    23.9331 -9.990e-29
 243.596690      0.423  39.248187    14.3798     7.6787      0.419    32.1856    23.9345 -9.990e-29
 243.596696      0.423  39.243509    14.3667     7.6708      0.419    32.1922    23.9423 -9.990e-29
 243.596701      0.427  39.227183    14.3491     7.6694      0.423    32.1920    23.9458 -9.990e-29
 243.596707      0.432  39.209938    14.3375     7.6850      0.428    32.1858    23.9435 -9.990e-29
 243.596713      0.441  39.203516    14.3363     7.6852      0.437    32.1810    23.9400 -9.990e-29
 243.596719      0.449  39.209434    14.3439     7.6841      0.445    32.1801    23.9377 -9.990e-29
 243.596725      0.448  39.223250    14.3541     7.6791      0.444    32.1842    23.9387 -9.990e-29
 243.596730      0.438  39.239289    14.3609     7.6679      0.434    32.1932    23.9443 -9.990e-29
 243.596736      0.427  39.250919    14.3648     7.6669      0.423    32.2006    23.9492 -9.990e-29
 243.596742      0.419  39.256839    14.3685     7.6620      0.416    32.2029    23.9502 -9.990e-29
 243.596748      0.413  39.258777    14.3732     7.6601      0.410    32.2008    23.9476 -9.990e-29
 243.596753      0.408  39.258757    14.3759     7.6684      0.405    32.1985    23.9452 -9.990e-29
 243.596759      0.405  39.256190    14.3672     7.6870      0.402    32.2034    23.9508 -9.990e-29
 243.596765      0.403  39.240369    14.3461     7.6911      0.400    32.2065    23.9576 -9.990e-29
 243.596771      0.403  39.213731    14.3270     7.6879      0.400    32.1981    23.9551 -9.990e-29
 243.596777      0.403  39.199592    14.3187     7.7026      0.400    32.1920    23.9522 -9.990e-29
 243.596782      0.404  39.201503    14.3202     7.6991      0.401    32.1925    23.9522 -9.990e-29
 243.596788      0.407  39.207438    14.3283     7.6988      0.404    32.1912    23.9495 -9.990e-29
 243.596794      0.411  39.212978    14.3379     7.6876      0.408    32.1883    23.9453 -9.990e-29
 243.596800      0.417  39.209821    14.3459     7.6712      0.414    32.1788    23.9363 -9.990e-29
 243.596806      0.424  39.201042    14.3543     7.6790      0.420    32.1637    23.9229 -9.990e-29
 243.596811      0.430  39.201832    14.3645     7.6693      0.426    32.1560    23.9148 -9.990e-29
