data/oxygen options/ONMS/Olympic_Coast_National_Marine_Sanctuary_Hypoxia_Survey_CTD_Data_2004_2015/raw_data/2012/CAST_RR015_120913faed.cnv
* Sea-Bird SBE19 Data File:
* FileName = C:\Documents and Settings\OCNMS\Desktop\2012 mooring data\Hypoxia Sampling\CAST_RR015_120930.hex
* Software Version 1.25
* Temperature SN = 2997
* Conductivity SN = 2997
* System UpLoad Time = Sep 13 2012 14:25:53
** CAST_RR015_120930
* SEACAT PROFILER V3.1c SN 2997   09/13/12  14:25:01.466
# nquan = 9                                 
# nvalues = 844                         
# units = specified
# name 0 = timeJ: Julian Days
# name 1 = prSM: Pressure, Strain Gauge [db]
# name 2 = c0mS/cm: Conductivity [mS/cm]
# name 3 = t090C: Temperature [ITS-90, deg C]
# name 4 = sbeox0ML/L: Oxygen, SBE 43 [ml/l]
# name 5 = depSM: Depth [salt water, m], lat = 47.5
# name 6 = sal00: Salinity, Practical [PSU]
# name 7 = sigma-é00: Density [sigma-theta, kg/m^3]
# name 8 = flag: flag
# span 0 = 257.594155, 257.599034       
# span 1 =     -5.456,     16.155       
# span 2 =   0.147011,  39.818785       
# span 3 =    10.4438,    15.9097       
# span 4 =    -1.7346,    12.6025       
# span 5 =     -5.411,     16.020       
# span 6 =     0.0862,    32.9469       
# span 7 =    -0.9742,    25.2707       
# span 8 = 0.0000e+00, 0.0000e+00       
# interval = seconds: 0.5
# start_time = Sep 13 2012 14:15:35 [Instrument's time stamp, header]
# bad_flag = -9.990e-29
*END*
[from data line 801]
 257.598791     14.310  36.460994    10.4441     2.4104     14.190    32.9251    25.2572 -9.990e-29
 257.598796     14.278  36.461707    10.4446     2.4193     14.158    32.9254    25.2574 -9.990e-29
 257.598802     14.239  36.463270    10.4446     2.4228     14.120    32.9270    25.2586 -9.990e-29
 257.598808     14.191  36.464409    10.4443     2.4352     14.072    32.9284    25.2598 -9.990e-29
 257.598814     14.125  36.464960    10.4444     2.4459     14.007    32.9289    25.2601 -9.990e-29
 257.598819     14.034  36.465099    10.4446     2.4438     13.916    32.9289    25.2601 -9.990e-29
 257.598825     13.915  36.464449    10.4448     2.4547     13.798    32.9281    25.2595 -9.990e-29
 257.598831     13.766  36.463824    10.4450     2.4535     13.651    32.9274    25.2588 0.0000e+00
 257.598837     13.582  36.464072    10.4453     2.4488     13.468    32.9274    25.2588 0.0000e+00
 257.598843     13.363  36.464404    10.4457     2.4544     13.251    32.9275    25.2588 0.0000e+00
 257.598848     13.113  36.464145    10.4464     2.5104     13.003    32.9267    25.2581 0.0000e+00
 257.598854     12.834  36.463508    10.4479     2.6545     12.726    32.9248    25.2563 0.0000e+00
 257.598860     12.523  36.463328    10.4518     2.9402     12.418    32.9213    25.2529 0.0000e+00
 257.598866     12.184  36.465047    10.4634     3.3630     12.082    32.9126    25.2442 0.0000e+00
 257.598872     11.820  36.471517    10.4976     3.9205     11.721    32.8884    25.2194 0.0000e+00
 257.598877     11.433  36.491929    10.5976     4.5496     11.337    32.8188    25.1480 0.0000e+00
 257.598883     11.030  36.552379    10.8350     5.1307     10.938    32.6665    24.9881 0.0000e+00
 257.598889     10.614  36.704342    11.2335     5.5843     10.525    32.4636    24.7598 0.0000e+00
 257.598895     10.185  36.961118    11.7296     5.9069     10.100    32.2807    24.5279 0.0000e+00
 257.598900      9.746  37.284207    12.2568     6.1372      9.664    32.1373    24.3189 0.0000e+00
 257.598906      9.297  37.644000    12.7583     6.3017      9.219    32.0524    24.1575 0.0000e+00
 257.598912      8.838  37.989224    13.1609     7.5410      8.764    32.0374    24.0674 0.0000e+00
 257.598918      8.367  38.252517    13.4350     7.8041      8.297    32.0532    24.0253 0.0000e+00
 257.598924      7.891  38.419730    13.6124     7.6539      7.825    32.0602    23.9952 0.0000e+00
 257.598929      7.412  38.530670    13.7481     7.2527      7.350    32.0497    23.9596 0.0000e+00
 257.598935      6.934  38.615074    13.8829     6.3999      6.876    32.0153    23.9058 0.0000e+00
 257.598941      6.458  38.677925    14.0233     6.5816      6.404    31.9567    23.8318 0.0000e+00
 257.598947      5.977  38.688176    14.1647     7.0507      5.927    31.8492    23.7198 0.0000e+00
 257.598953      5.497  38.521675    14.3226     6.8601      5.451    31.5675    23.4698 0.0000e+00
 257.598958      5.030  37.860630    14.5096     6.6894      4.988    30.8163    22.8520 0.0000e+00
 257.598964      4.584  35.723369    14.6688     6.5407      4.546    28.7720    21.2450 0.0000e+00
 257.598970      4.164  29.038894    14.7360     6.4646      4.129    22.8447    16.6760 0.0000e+00
 257.598976      3.775  18.889459    14.7392     6.4260      3.743    14.2648    10.0958 0.0000e+00
 257.598981      3.418  13.070211    14.7237 -9.990e-29      3.389     9.5677     6.4992 0.0000e+00
 257.598987      3.095  14.429121    14.6996 -9.990e-29      3.069    10.6561     7.3374 0.0000e+00
 257.598993      2.806  20.128465    14.6726 -9.990e-29      2.783    15.3139    10.9118 0.0000e+00
 257.598999      2.552  24.617778    14.6472 -9.990e-29      2.531    19.0975    13.8174 0.0000e+00
 257.599005      2.333  21.630871    14.6255 -9.990e-29      2.314    16.5861    11.8955 0.0000e+00
 257.599010      2.152  13.896136    14.6090 -9.990e-29      2.134    10.2541     7.0446 0.0000e+00
 257.599016      2.010   8.182328    14.5975 -9.990e-29      1.993     5.7936     3.6249 -9.990e-29
 257.599022      1.908   5.508932    14.5887 -9.990e-29      1.892     3.7935     2.0895 -9.990e-29
 257.599028      1.846   4.434749    14.5846 -9.990e-29      1.831     3.0106     1.4877 -9.990e-29
 257.599034      1.826   4.155394 -9.990e-29 -9.990e-29      1.811 -9.990e-29 -9.990e-29 -9.990e-29
