data/oxygen options/ONMS/Olympic_Coast_National_Marine_Sanctuary_Hypoxia_Survey_CTD_Data_2004_2015/raw_data/2012/CAST_CE030_120920faed.cnv
* Sea-Bird SBE19 Data File:
* FileName = C:\Documents and Settings\OCNMS\Desktop\2012 mooring data\Hypoxia Sampling\120920\CAST_CE030_120920.hex
* Software Version 1.25
* Temperature SN = 2997
* Conductivity SN = 2997
* System UpLoad Time = Sep 20 2012 13:53:37
** CAST_CE030_120920
* SEACAT PROFILER V3.1c SN 2997   09/20/12  13:52:10.249
# nquan = 9                                 
# nvalues = 878                         
# units = specified
# name 0 = timeJ: Julian Days
# name 1 = prSM: Pressure, Strain Gauge [db]
# name 2 = c0mS/cm: Conductivity [mS/cm]
# name 3 = t090C: Temperature [ITS-90, deg C]
# name 4 = sbeox0ML/L: Oxygen, SBE 43 [ml/l]
# name 5 = depSM: Depth [salt water, m], lat = 47.5
# name 6 = sal00: Salinity, Practical [PSU]
# name 7 = sigma-é00: Density [sigma-theta, kg/m^3]
# name 8 = flag: flag
# span 0 = 264.563287, 264.568362       
# span 1 =     -5.070,     32.069       
# span 2 =   0.142431,  38.613071       
# span 3 =     8.1033,    13.9414       
# span 4 =    -1.8585,    13.1131       
# span 5 =     -5.028,     31.799       
# span 6 =     0.0910,    33.4863       
# span 7 =    -0.4204,    26.0667       
# span 8 = 0.0000e+00, 0.0000e+00       
# interval = seconds: 0.5
# start_time = Sep 20 2012 13:31:08 [Instrument's time stamp, header]
# bad_flag = -9.990e-29
*END*
[from data line 161]
 264.564219     -1.810   0.163580    11.8866    -1.8561     -1.795     0.1045    -0.4059 -9.990e-29
 264.564225     -1.800   0.165353    11.8831    -1.8557     -1.785     0.1057    -0.4046 -9.990e-29
 264.564230     -1.792   0.167394    11.8804    -1.8553     -1.777     0.1070    -0.4033 -9.990e-29
 264.564236     -1.785   0.170211    11.8783    -1.8552     -1.770     0.1088    -0.4016 -9.990e-29
 264.564242     -1.780   0.173134    11.8769    -1.8551     -1.765     0.1107    -0.4000 -9.990e-29
 264.564248     -1.775   0.175633    11.8766    -1.8553     -1.760     0.1123    -0.3987 -9.990e-29
 264.564253     -1.771   0.177721    11.8775    -1.8551     -1.756     0.1136    -0.3978 -9.990e-29
 264.564259     -1.766   0.179967    11.8799    -1.8551     -1.751     0.1150    -0.3969 -9.990e-29
 264.564265     -1.762   0.183153    11.8837    -1.8554     -1.747     0.1171    -0.3957 -9.990e-29
 264.564271     -1.757   0.186546    11.8886    -1.8552     -1.742     0.1193    -0.3946 -9.990e-29
 264.564277     -1.751   0.189689    11.8943    -1.8554     -1.736     0.1213    -0.3937 -9.990e-29
 264.564282     -1.744   0.193454    11.8994    -1.8555     -1.729     0.1237    -0.3924 -9.990e-29
 264.564288     -1.736   0.198433    11.9026    -1.8554     -1.722     0.1269    -0.3902 -9.990e-29
 264.564294     -1.725   0.203517    11.9039    -1.8554     -1.711     0.1302    -0.3878 -9.990e-29
 264.564300     -1.712   0.206631    11.9042    -1.8555     -1.698     0.1322    -0.3862 -9.990e-29
 264.564306     -1.699   0.208054    11.9039    -1.8557     -1.685     0.1331    -0.3855 -9.990e-29
 264.564311     -1.695   0.209683    11.9024    -1.8559     -1.681     0.1342    -0.3845 -9.990e-29
 264.564317     -1.698   0.212584    11.9002    -1.8562     -1.684     0.1360    -0.3828 -9.990e-29
 264.564323     -1.702   0.216197    11.8987    -1.8564     -1.688     0.1384    -0.3808 -9.990e-29
 264.564329     -1.693   0.219251    11.8976    -1.8564     -1.679     0.1404    -0.3791 -9.990e-29
 264.564334     -1.666   0.221392    11.8966    -1.8566     -1.652     0.1418    -0.3779 -9.990e-29
 264.564340     -1.636   0.222710    11.8961    -1.8566     -1.622     0.1426    -0.3771 -9.990e-29
 264.564346     -1.611   0.224407    11.8953    -1.8566     -1.598     0.1437    -0.3762 -9.990e-29
 264.564352     -1.585   0.227087    11.8928    -1.8567     -1.572     0.1455    -0.3745 -9.990e-29
 264.564358     -1.560   0.229896    11.8888    -1.8568     -1.547     0.1473    -0.3726 -9.990e-29
 264.564363     -1.538   0.232151    11.8840    -1.8570     -1.525     0.1488    -0.3709 -9.990e-29
 264.564369     -1.519   0.232984    11.8791    -1.8570     -1.506     0.1494    -0.3699 -9.990e-29
 264.564375     -1.506   0.232953    11.8752    -1.8570     -1.493     0.1494    -0.3695 -9.990e-29
 264.564381     -1.501   0.233679    11.8724    -1.8571     -1.488     0.1498    -0.3688 -9.990e-29
 264.564387     -1.501   0.235022    11.8703    -1.8569     -1.488     0.1507    -0.3679 -9.990e-29
 264.564392     -1.501   0.235454    11.8687    -1.8570     -1.488     0.1510    -0.3675 -9.990e-29
 264.564398     -1.501   0.234996    11.8674    -1.8567     -1.488     0.1507    -0.3676 -9.990e-29
 264.564404     -1.501   0.234698    11.8657    -1.8565     -1.488     0.1505    -0.3675 -9.990e-29
 264.564410     -1.501   0.234718    11.8634    -1.8560     -1.488     0.1505    -0.3672 -9.990e-29
 264.564416     -1.501   0.235083    11.8612    -1.8560     -1.488     0.1508    -0.3668 -9.990e-29
 264.564421     -1.501   0.235171    11.8599    -1.8560     -1.488     0.1509    -0.3666 -9.990e-29
 264.564427     -1.501   0.234549    11.8593    -1.8557     -1.488     0.1505    -0.3669 -9.990e-29
 264.564433     -1.501   0.234045    11.8592    -1.8556     -1.488     0.1501    -0.3671 -9.990e-29
 264.564439     -1.502   0.233543    11.8604    -1.8554     -1.489     0.1498    -0.3675 -9.990e-29
 264.564444     -1.493   0.232372    11.8633    -1.8552     -1.481     0.1490    -0.3684 -9.990e-29
 264.564450     -1.472   0.231186    11.8677    -1.8553     -1.460     0.1482    -0.3695 -9.990e-29
 264.564456     -1.449   0.230617    11.8732    -1.8553     -1.437     0.1478    -0.3705 -9.990e-29
 264.564462     -1.431   0.230462    11.8787    -1.8555     -1.419     0.1477    -0.3712 -9.990e-29
 264.564468     -1.409   0.230514    11.8831    -1.8556     -1.397     0.1477    -0.3717 -9.990e-29
 264.564473     -1.373   0.230842    11.8865    -1.8555     -1.362     0.1479    -0.3719 -9.990e-29
 264.564479     -1.333   0.231328    11.8902    -1.8554     -1.322     0.1482    -0.3721 -9.990e-29
 264.564485     -1.299   0.231516    11.8942    -1.8554     -1.288     0.1484    -0.3724 -9.990e-29
 264.564491     -1.274   0.231103    11.8978    -1.8554     -1.263     0.1481    -0.3731 -9.990e-29
 264.564497     -1.261   0.230094    11.9002    -1.8555     -1.250     0.1474    -0.3739 -9.990e-29
 264.564502     -1.254   0.228801    11.9005    -1.8557     -1.244     0.1466    -0.3746 -9.990e-29
 264.564508     -1.248   0.227716    11.8992    -1.8557     -1.238     0.1459    -0.3750 -9.990e-29
 264.564514     -1.244   0.227605    11.8975    -1.8558     -1.234     0.1458    -0.3748 -9.990e-29
 264.564520     -1.240   0.228320    11.8966    -1.8559     -1.230     0.1463    -0.3743 -9.990e-29
 264.564525     -1.237   0.228602    11.8969    -1.8558     -1.227     0.1464    -0.3742 -9.990e-29
 264.564531     -1.234   0.228273    11.8977    -1.8557     -1.224     0.1462    -0.3745 -9.990e-29
 264.564537     -1.232   0.228002    11.8978    -1.8557     -1.222     0.1461    -0.3746 -9.990e-29
 264.564543     -1.230   0.227983    11.8967    -1.8559     -1.220     0.1460    -0.3745 -9.990e-29
 264.564549     -1.228   0.228743    11.8946    -1.8560     -1.218     0.1465    -0.3739 -9.990e-29
 264.564554     -1.225   0.230743    11.8924    -1.8563     -1.215     0.1479    -0.3726 -9.990e-29
 264.564560     -1.223   0.232222    11.8902    -1.8563     -1.213     0.1488    -0.3716 -9.990e-29
 264.564566     -1.220   0.232385    11.8884    -1.8565     -1.210     0.1489    -0.3713 -9.990e-29
 264.564572     -1.216   0.233111    11.8877    -1.8566     -1.206     0.1494    -0.3709 -9.990e-29
 264.564578     -1.212   0.234259    11.8884    -1.8567     -1.202     0.1502    -0.3704 -9.990e-29
 264.564583     -1.206   0.234042    11.8890    -1.8567     -1.196     0.1500    -0.3705 -9.990e-29
 264.564589     -1.199   0.232724    11.8882    -1.8566     -1.189     0.1492    -0.3711 -9.990e-29
 264.564595     -1.190   0.231868    11.8856    -1.8565     -1.180     0.1486    -0.3713 -9.990e-29
 264.564601     -1.182   0.232547    11.8820    -1.8565     -1.172     0.1491    -0.3705 -9.990e-29
 264.564606     -1.180   0.234561    11.8784    -1.8562     -1.170     0.1504    -0.3691 -9.990e-29
 264.564612     -1.179   0.236166    11.8751    -1.8561     -1.169     0.1514    -0.3679 -9.990e-29
 264.564618     -1.175   0.236738    11.8720    -1.8563     -1.165     0.1518    -0.3672 -9.990e-29
 264.564624     -1.168   0.237039    11.8699    -1.8565     -1.158     0.1520    -0.3668 -9.990e-29
 264.564630     -1.156   0.236917    11.8691    -1.8566     -1.146     0.1520    -0.3668 -9.990e-29
 264.564635     -1.144   0.236209    11.8697    -1.8567     -1.134     0.1515    -0.3672 -9.990e-29
 264.564641     -1.136   0.235077    11.8714    -1.8564     -1.127     0.1508    -0.3680 -9.990e-29
 264.564647     -1.125   0.233674    11.8737    -1.8564     -1.116     0.1498    -0.3690 -9.990e-29
 264.564653     -1.112   0.232342    11.8764    -1.8563     -1.103     0.1490    -0.3700 -9.990e-29
 264.564659     -1.105   0.230967    11.8789    -1.8560     -1.096     0.1480    -0.3709 -9.990e-29
 264.564664     -1.102   0.229374    11.8798    -1.8555     -1.093     0.1470    -0.3719 -9.990e-29
 264.564670     -1.095   0.228209    11.8783    -1.8550     -1.086     0.1463    -0.3723 -9.990e-29
 264.564676     -1.085   0.227579    11.8758    -1.8548     -1.076     0.1459    -0.3723 -9.990e-29
 264.564682     -1.077   0.226643    11.8739    -1.8546     -1.068     0.1453    -0.3726 -9.990e-29
 264.564687     -1.078   0.225261    11.8736    -1.8546     -1.069     0.1444    -0.3732 -9.990e-29
 264.564693     -1.085   0.223805    11.8752    -1.8543     -1.076     0.1434    -0.3742 -9.990e-29
 264.564699     -1.088   0.222546    11.8783    -1.8540     -1.079     0.1426    -0.3752 -9.990e-29
 264.564705     -1.073   0.221651    11.8830    -1.8540     -1.064     0.1420    -0.3762 -9.990e-29
 264.564711     -1.052   0.221035    11.8899    -1.8539     -1.043     0.1416    -0.3773 -9.990e-29
 264.564716     -1.037   0.220611    11.8987    -1.8542     -1.028     0.1412    -0.3785 -9.990e-29
 264.564722     -1.027   0.220368    11.9074    -1.8542     -1.018     0.1411    -0.3796 -9.990e-29
 264.564728     -1.021   0.220164    11.9142    -1.8541     -1.012     0.1409    -0.3805 -9.990e-29
 264.564734     -1.019   0.219727    11.9189    -1.8535     -1.010     0.1406    -0.3813 -9.990e-29
 264.564740     -1.021   0.219026    11.9227    -1.8536     -1.012     0.1401    -0.3821 -9.990e-29
 264.564745     -1.026   0.218232    11.9270    -1.8533     -1.017     0.1396    -0.3830 -9.990e-29
 264.564751     -1.036   0.217392    11.9312    -1.8527     -1.027     0.1391    -0.3839 -9.990e-29
 264.564757     -1.046   0.216491    11.9333    -1.8523     -1.037     0.1385    -0.3846 -9.990e-29
 264.564763     -1.053   0.215432    11.9332    -1.8519     -1.044     0.1378    -0.3851 -9.990e-29
 264.564769     -1.053   0.214465    11.9326    -1.8518     -1.044     0.1372    -0.3856 -9.990e-29
 264.564774     -1.042   0.213959    11.9336    -1.8517     -1.033     0.1368    -0.3859 -9.990e-29
 264.564780     -1.027   0.213791    11.9373    -1.8514     -1.018     0.1367    -0.3865 -9.990e-29
 264.564786     -1.021   0.213735    11.9425    -1.8511     -1.012     0.1366    -0.3871 -9.990e-29
 264.564792     -1.018   0.213715    11.9480    -1.8507     -1.010     0.1366    -0.3877 -9.990e-29
 264.564797     -1.006   0.213706    11.9551    -1.8502     -0.998     0.1366    -0.3886 -9.990e-29
 264.564803     -0.989   0.213693    11.9645    -1.8498     -0.981     0.1365    -0.3897 -9.990e-29
 264.564809     -0.973   0.213657    11.9741    -1.8498     -0.965     0.1365    -0.3908 -9.990e-29
 264.564815     -0.959   0.213550    11.9820    -1.8497     -0.951     0.1364    -0.3918 -9.990e-29
 264.564821     -0.944   0.213228    11.9874    -1.8497     -0.936     0.1362    -0.3926 -9.990e-29
 264.564826     -0.932   0.212813    11.9918    -1.8495     -0.924     0.1359    -0.3933 -9.990e-29
 264.564832     -0.927   0.212855    11.9971    -1.8493     -0.919     0.1359    -0.3939 -9.990e-29
 264.564838     -0.924   0.213410    12.0043    -1.8492     -0.916     0.1362    -0.3945 -9.990e-29
 264.564844     -0.919   0.214110    12.0132    -1.8492     -0.911     0.1367    -0.3952 -9.990e-29
 264.564850     -0.911   0.214780    12.0223    -1.8487     -0.903     0.1371    -0.3959 -9.990e-29
 264.564855     -0.900   0.215206    12.0295    -1.8484     -0.892     0.1373    -0.3965 -9.990e-29
 264.564861     -0.886   0.215402    12.0338    -1.8483     -0.879     0.1374    -0.3969 -9.990e-29
 264.564867     -0.870   0.215626    12.0361    -1.8482     -0.863     0.1376    -0.3971 -9.990e-29
 264.564873     -0.862   0.216178    12.0379    -1.8481     -0.855     0.1379    -0.3970 -9.990e-29
 264.564878     -0.861   0.217237    12.0404    -1.8479     -0.854     0.1386    -0.3968 -9.990e-29
 264.564884     -0.857   0.218554    12.0435    -1.8479     -0.850     0.1394    -0.3965 -9.990e-29
 264.564890     -0.846   0.219671    12.0468    -1.8476     -0.839     0.1401    -0.3963 -9.990e-29
 264.564896     -0.828   0.220417    12.0516    -1.8475     -0.821     0.1406    -0.3965 -9.990e-29
 264.564902     -0.806   0.221231    12.0580    -1.8471     -0.799     0.1411    -0.3968 -9.990e-29
 264.564907     -0.788   0.222645    12.0637    -1.8468     -0.781     0.1420    -0.3968 -9.990e-29
 264.564913     -0.775   0.224329    12.0674    -1.8466     -0.769     0.1431    -0.3964 -9.990e-29
 264.564919     -0.767   0.225758    12.0701    -1.8465     -0.761     0.1440    -0.3960 -9.990e-29
 264.564925     -0.760   0.227178    12.0730    -1.8465     -0.754     0.1449    -0.3956 -9.990e-29
 264.564931     -0.749   0.228818    12.0759    -1.8464     -0.743     0.1460    -0.3951 -9.990e-29
 264.564936     -0.737   0.230652    12.0787    -1.8462     -0.731     0.1471    -0.3945 -9.990e-29
 264.564942     -0.728   0.232910    12.0822    -1.8460     -0.722     0.1486    -0.3938 -9.990e-29
 264.564948     -0.721   0.235834    12.0868    -1.8459     -0.715     0.1505    -0.3928 -9.990e-29
 264.564954     -0.716   0.238894    12.0926    -1.8456     -0.710     0.1524    -0.3920 -9.990e-29
 264.564959     -0.713   0.241187    12.0983    -1.8452     -0.707     0.1539    -0.3915 -9.990e-29
 264.564965     -0.711   0.243001    12.1026    -1.8446     -0.705     0.1550    -0.3911 -9.990e-29
 264.564971     -0.710   0.245092    12.1052    -1.8443     -0.704     0.1564    -0.3903 -9.990e-29
 264.564977     -0.710   0.247481    12.1069    -1.8439     -0.704     0.1579    -0.3893 -9.990e-29
 264.564983     -0.711   0.250032    12.1091    -1.8437     -0.705     0.1596    -0.3883 -9.990e-29
 264.564988     -0.714   0.252822    12.1122    -1.8435     -0.708     0.1614    -0.3872 -9.990e-29
 264.564994     -0.717   0.256250    12.1157    -1.8435     -0.711     0.1636    -0.3859 -9.990e-29
 264.565000     -0.723   0.260459    12.1199    -1.8433     -0.717     0.1663    -0.3843 -9.990e-29
 264.565006     -0.731   0.264970    12.1259    -1.8431     -0.725     0.1692    -0.3827 -9.990e-29
 264.565012     -0.741   0.269157    12.1340    -1.8428     -0.735     0.1719    -0.3815 -9.990e-29
 264.565017     -0.754   0.272512    12.1431    -1.8428     -0.748     0.1741    -0.3809 -9.990e-29
 264.565023     -0.762   0.275081    12.1517    -1.8427     -0.756     0.1757    -0.3806 -9.990e-29
 264.565029     -0.758   0.277520    12.1591    -1.8427     -0.752     0.1773    -0.3803 -9.990e-29
 264.565035     -0.749   0.280312    12.1648    -1.8425     -0.743     0.1790    -0.3795 -9.990e-29
 264.565041     -0.744   0.283302    12.1687    -1.8422     -0.738     0.1810    -0.3785 -9.990e-29
 264.565046     -0.743   0.286050    12.1717    -1.8419     -0.737     0.1828    -0.3774 -9.990e-29
 264.565052     -0.744   0.288343    12.1747    -1.8417     -0.738     0.1842    -0.3766 -9.990e-29
 264.565058     -0.749   0.290470    12.1778    -1.8417     -0.743     0.1856    -0.3759 -9.990e-29
 264.565064     -0.758   0.293051    12.1808    -1.8418     -0.752     0.1873    -0.3750 -9.990e-29
 264.565069     -0.762   0.296206    12.1834    -1.8420     -0.756     0.1893    -0.3737 -9.990e-29
 264.565075     -0.753   0.299160    12.1856    -1.8419     -0.747     0.1913    -0.3724 -9.990e-29
 264.565081     -0.740   0.301419    12.1882    -1.8417     -0.734     0.1927    -0.3716 -9.990e-29
 264.565087     -0.730   0.303228    12.1922    -1.8420     -0.724     0.1939    -0.3711 -9.990e-29
 264.565093     -0.722   0.304785    12.1977    -1.8420     -0.716     0.1949    -0.3710 -9.990e-29
 264.565098     -0.717   0.305949    12.2031    -1.8419     -0.711     0.1956    -0.3711 -9.990e-29
 264.565104     -0.713   0.306612    12.2064    -1.8414     -0.707     0.1960    -0.3711 -9.990e-29
 264.565110     -0.710   0.307102    12.2069    -1.8415     -0.704     0.1963    -0.3709 -9.990e-29
 264.565116     -0.708   0.308071    12.2053    -1.8412     -0.702     0.1970    -0.3703 -9.990e-29
 264.565122     -0.707   0.310256    12.2032    -1.8410     -0.701     0.1984    -0.3689 -9.990e-29
 264.565127     -0.707   0.313801    12.2025    -1.8408     -0.701     0.2007    -0.3670 -9.990e-29
 264.565133     -0.709   0.317344    12.2028    -1.8403     -0.703     0.2031    -0.3652 -9.990e-29
