data/oxygen options/ONMS/Olympic_Coast_National_Marine_Sanctuary_Hypoxia_Survey_CTD_Data_2004_2015/raw_data/2012/CAST_RR020_120920faed.cnv
* Sea-Bird SBE19 Data File:
* FileName = C:\Documents and Settings\OCNMS\Desktop\2012 mooring data\Hypoxia Sampling\120920\CAST_RR020_120920.hex
* Software Version 1.25
* Temperature SN = 2997
* Conductivity SN = 2997
* System UpLoad Time = Sep 20 2012 14:23:44
** CAST_RR020_120920
* SEACAT PROFILER V3.1c SN 2997   09/20/12  14:21:37.777
# nquan = 9                                 
# nvalues = 888                         
# units = specified
# name 0 = timeJ: Julian Days
# name 1 = prSM: Pressure, Strain Gauge [db]
# name 2 = c0mS/cm: Conductivity [mS/cm]
# name 3 = t090C: Temperature [ITS-90, deg C]
# name 4 = sbeox0ML/L: Oxygen, SBE 43 [ml/l]
# name 5 = depSM: Depth [salt water, m], lat = 47.5
# name 6 = sal00: Salinity, Practical [PSU]
# name 7 = sigma-é00: Density [sigma-theta, kg/m^3]
# name 8 = flag: flag
# span 0 = 264.592535, 264.597668       
# span 1 =     -4.980,     23.669       
# span 2 =   0.148674,  38.366327       
# span 3 =     9.1562,    14.4885       
# span 4 =    -1.8514,    13.3238       
# span 5 =     -4.938,     23.470       
# span 6 =     0.0942,    33.2144       
# span 7 =    -0.4574,    25.6907       
# span 8 = 0.0000e+00, 0.0000e+00       
# interval = seconds: 0.5
# start_time = Sep 20 2012 14:13:15 [Instrument's time stamp, header]
# bad_flag = -9.990e-29
*END*
[from data line 481]
 264.595318      1.273  38.297252    13.4459     6.6918      1.262    32.0885    24.0503 -9.990e-29
 264.595324      1.266  38.298740    13.4487     6.6910      1.255    32.0876    24.0490 -9.990e-29
 264.595330      1.264  38.302693    13.4551     6.6710      1.253    32.0859    24.0464 -9.990e-29
 264.595336      1.266  38.307682    13.4626     6.6725      1.255    32.0842    24.0436 -9.990e-29
 264.595341      1.273  38.311598    13.4683     6.6885      1.262    32.0831    24.0416 -9.990e-29
 264.595347      1.280  38.314070    13.4698     6.7181      1.269    32.0841    24.0421 -9.990e-29
 264.595353      1.285  38.314659    13.4682     6.7315      1.274    32.0860    24.0439 -9.990e-29
 264.595359      1.291  38.314699    13.4676     6.7322      1.280    32.0866    24.0444 -9.990e-29
 264.595365      1.299  38.318342    13.4705     6.7207      1.288    32.0875    24.0446 -9.990e-29
 264.595370      1.300  38.326507    13.4750     6.7144      1.289    32.0913    24.0466 -9.990e-29
 264.595376      1.296  38.333257    13.4781     6.7288      1.285    32.0950    24.0489 -9.990e-29
 264.595382      1.294  38.333013    13.4789     6.7264      1.283    32.0941    24.0480 -9.990e-29
 264.595388      1.293  38.329359    13.4780     6.7365      1.282    32.0915    24.0461 -9.990e-29
 264.595394      1.291  38.327494    13.4767     6.7201      1.280    32.0908    24.0459 -9.990e-29
 264.595399      1.291  38.327158    13.4758     6.7083      1.280    32.0913    24.0464 -9.990e-29
 264.595405      1.296  38.327891    13.4757     6.7114      1.285    32.0920    24.0470 -9.990e-29
 264.595411      1.309  38.330094    13.4760     6.7154      1.298    32.0938    24.0484 -9.990e-29
 264.595417      1.324  38.332210    13.4753     6.7346      1.313    32.0964    24.0505 -9.990e-29
 264.595422      1.334  38.332563    13.4742     6.7419      1.323    32.0976    24.0517 -9.990e-29
 264.595428      1.341  38.331051    13.4746     6.7456      1.330    32.0959    24.0502 -9.990e-29
 264.595434      1.349  38.329565    13.4776     6.7541      1.338    32.0920    24.0466 -9.990e-29
 264.595440      1.357  38.331152    13.4815     6.7624      1.346    32.0902    24.0444 -9.990e-29
 264.595446      1.368  38.335112    13.4841     6.7794      1.357    32.0917    24.0451 -9.990e-29
 264.595451      1.377  38.336629    13.4850     6.7713      1.366    32.0923    24.0454 -9.990e-29
 264.595457      1.380  38.334909    13.4855     6.7550      1.368    32.0903    24.0437 -9.990e-29
 264.595463      1.379  38.336051    13.4877     6.7433      1.367    32.0895    24.0427 -9.990e-29
 264.595469      1.376  38.342124    13.4915     6.7357      1.365    32.0920    24.0438 -9.990e-29
 264.595475      1.376  38.348324    13.4946     6.7592      1.365    32.0952    24.0457 -9.990e-29
 264.595480      1.375  38.351138    13.4955     6.7606      1.364    32.0970    24.0469 -9.990e-29
 264.595486      1.368  38.349823    13.4942     6.7712      1.357    32.0969    24.0471 -9.990e-29
 264.595492      1.356  38.346536    13.4921     6.7702      1.345    32.0956    24.0465 -9.990e-29
 264.595498      1.341  38.345284    13.4917     6.7626      1.330    32.0948    24.0460 -9.990e-29
 264.595503      1.335  38.347185    13.4934     6.7688      1.324    32.0951    24.0459 -9.990e-29
 264.595509      1.347  38.349718    13.4952     6.7774      1.336    32.0960    24.0462 -9.990e-29
 264.595515      1.368  38.350083    13.4962     6.7741      1.357    32.0955    24.0456 -9.990e-29
 264.595521      1.387  38.348754    13.4965     6.7588      1.375    32.0940    24.0444 -9.990e-29
 264.595527      1.402  38.347866    13.4960     6.7434      1.390    32.0935    24.0442 -9.990e-29
 264.595532      1.413  38.347341    13.4951     6.7378      1.401    32.0938    24.0445 -9.990e-29
 264.595538      1.421  38.346468    13.4943     6.7499      1.409    32.0937    24.0446 -9.990e-29
 264.595544      1.426  38.346868    13.4938     6.7525      1.414    32.0945    24.0453 -9.990e-29
 264.595550      1.428  38.348499    13.4939     6.7350      1.416    32.0959    24.0464 -9.990e-29
 264.595556      1.429  38.349040    13.4939     6.7097      1.417    32.0964    24.0468 -9.990e-29
 264.595561      1.428  38.348639    13.4927     6.7038      1.416    32.0970    24.0475 -9.990e-29
 264.595567      1.424  38.347308    13.4910     6.7301      1.412    32.0972    24.0480 -9.990e-29
 264.595573      1.422  38.346062    13.4906     6.7473      1.410    32.0964    24.0474 -9.990e-29
 264.595579      1.425  38.346587    13.4911     6.7441      1.413    32.0965    24.0474 -9.990e-29
 264.595584      1.431  38.347327    13.4915     6.7362      1.419    32.0968    24.0476 -9.990e-29
 264.595590      1.435  38.347013    13.4917     6.7209      1.423    32.0964    24.0472 -9.990e-29
 264.595596      1.437  38.345774    13.4917     6.7159      1.425    32.0952    24.0463 -9.990e-29
 264.595602      1.437  38.344743    13.4923     6.7267      1.425    32.0937    24.0450 -9.990e-29
 264.595608      1.435  38.345336    13.4937     6.7424      1.423    32.0931    24.0443 -9.990e-29
 264.595613      1.436  38.347208    13.4953     6.7564      1.424    32.0935    24.0443 -9.990e-29
 264.595619      1.444  38.348917    13.4965     6.7592      1.432    32.0941    24.0445 -9.990e-29
 264.595625      1.455  38.349369    13.4972     6.7536      1.443    32.0939    24.0442 -9.990e-29
 264.595631      1.465  38.349154    13.4972     6.7585      1.453    32.0937    24.0440 -9.990e-29
 264.595637      1.471  38.349651    13.4976     6.7713      1.459    32.0938    24.0441 -9.990e-29
 264.595642      1.469  38.351509    13.4989     6.7742      1.457    32.0945    24.0443 -9.990e-29
 264.595648      1.463  38.353828    13.4999     6.7777      1.451    32.0958    24.0451 -9.990e-29
 264.595654      1.457  38.354646    13.4997     6.7643      1.445    32.0967    24.0459 -9.990e-29
 264.595660      1.451  38.353919    13.4985     6.7631      1.439    32.0971    24.0464 -9.990e-29
 264.595666      1.444  38.352905    13.4973     6.7632      1.432    32.0971    24.0467 -9.990e-29
 264.595671      1.436  38.351361    13.4964     6.7617      1.424    32.0965    24.0463 -9.990e-29
 264.595677      1.431  38.349453    13.4961     6.7505      1.419    32.0949    24.0452 -9.990e-29
 264.595683      1.431  38.348548    13.4958     6.7384      1.419    32.0943    24.0448 -9.990e-29
 264.595689      1.434  38.349105    13.4955     6.7370      1.422    32.0951    24.0455 -9.990e-29
 264.595694      1.436  38.350171    13.4954     6.7396      1.424    32.0962    24.0463 -9.990e-29
 264.595700      1.435  38.349792    13.4951     6.7348      1.423    32.0961    24.0463 -9.990e-29
 264.595706      1.433  38.348009    13.4946     6.7346      1.421    32.0948    24.0454 -9.990e-29
 264.595712      1.430  38.346354    13.4945     6.7347      1.418    32.0934    24.0443 -9.990e-29
 264.595718      1.428  38.344848    13.4948     6.7439      1.416    32.0917    24.0430 -9.990e-29
 264.595723      1.432  38.343709    13.4953     6.7451      1.420    32.0902    24.0417 -9.990e-29
 264.595729      1.439  38.343646    13.4957     6.7375      1.427    32.0899    24.0414 -9.990e-29
 264.595735      1.445  38.344001    13.4955     6.7225      1.433    32.0903    24.0418 -9.990e-29
 264.595741      1.449  38.344114    13.4952     6.7119      1.437    32.0907    24.0421 -9.990e-29
 264.595747      1.452  38.344680    13.4955     6.7144      1.440    32.0910    24.0423 -9.990e-29
 264.595752      1.454  38.345880    13.4958     6.7197      1.442    32.0918    24.0429 -9.990e-29
 264.595758      1.456  38.345380    13.4955     6.7137      1.444    32.0916    24.0428 -9.990e-29
 264.595764      1.458  38.343619    13.4950     6.7326      1.446    32.0904    24.0419 -9.990e-29
 264.595770      1.459  38.343838    13.4946     6.7247      1.447    32.0909    24.0424 -9.990e-29
 264.595775      1.460  38.344633    13.4936     6.7312      1.448    32.0925    24.0438 -9.990e-29
 264.595781      1.461  38.344250    13.4920     6.7465      1.449    32.0935    24.0449 -9.990e-29
 264.595787      1.461  38.343847    13.4903     6.7491      1.449    32.0946    24.0461 -9.990e-29
 264.595793      1.462  38.343432    13.4893     6.7615      1.450    32.0950    24.0466 -9.990e-29
 264.595799      1.462  38.343559    13.4899     6.7507      1.450    32.0946    24.0462 -9.990e-29
 264.595804      1.462  38.346623    13.4926     6.7421      1.450    32.0952    24.0461 -9.990e-29
 264.595810      1.462  38.352212    13.4965     6.7378      1.450    32.0972    24.0468 -9.990e-29
 264.595816      1.462  38.355999    13.4987     6.7426      1.450    32.0988    24.0477 -9.990e-29
 264.595822      1.463  38.355176    13.4986     6.7405      1.451    32.0981    24.0472 -9.990e-29
 264.595828      1.463  38.352556    13.4980     6.7390      1.451    32.0962    24.0458 -9.990e-29
 264.595833      1.463  38.351355    13.4985     6.7502      1.451    32.0947    24.0445 -9.990e-29
 264.595839      1.463  38.352197    13.4999     6.7578      1.451    32.0943    24.0439 -9.990e-29
 264.595845      1.463  38.355073    13.5011     6.7561      1.451    32.0959    24.0450 -9.990e-29
 264.595851      1.463  38.357078    13.5013     6.7391      1.451    32.0976    24.0463 -9.990e-29
 264.595856      1.463  38.356391    13.5008     6.7107      1.451    32.0974    24.0462 -9.990e-29
 264.595862      1.463  38.355445    13.5007     6.6993      1.451    32.0966    24.0456 -9.990e-29
 264.595868      1.463  38.355204    13.5014     6.7158      1.451    32.0958    24.0448 -9.990e-29
 264.595874      1.463  38.354213    13.5021     6.7224      1.451    32.0943    24.0435 -9.990e-29
 264.595880      1.463  38.352818    13.5023     6.7183      1.451    32.0928    24.0423 -9.990e-29
 264.595885      1.463  38.352505    13.5022     6.7093      1.451    32.0926    24.0422 -9.990e-29
 264.595891      1.463  38.352846    13.5020     6.6973      1.451    32.0931    24.0426 -9.990e-29
 264.595897      1.463  38.353160    13.5016     6.7082      1.451    32.0937    24.0432 -9.990e-29
 264.595903      1.463  38.353292    13.5013     6.7295      1.451    32.0941    24.0435 -9.990e-29
 264.595909      1.463  38.352283    13.5009     6.7496      1.451    32.0935    24.0432 -9.990e-29
 264.595914      1.464  38.348213    13.5002     6.7618      1.452    32.0903    24.0408 -9.990e-29
 264.595920      1.464  38.340685    13.4993     6.7562      1.452    32.0841    24.0362 -9.990e-29
 264.595926      1.464  38.335896    13.4989     6.7472      1.452    32.0799    24.0330 -9.990e-29
 264.595932      1.464  38.338654    13.4988     6.7208      1.452    32.0826    24.0351 -9.990e-29
 264.595937      1.465  38.344218    13.4983     6.7080      1.453    32.0882    24.0396 -9.990e-29
 264.595943      1.465  38.347666    13.4974     6.7013      1.453    32.0922    24.0428 -9.990e-29
 264.595949      1.466  38.348539    13.4963     6.7045      1.454    32.0939    24.0444 -9.990e-29
 264.595955      1.466  38.347988    13.4953     6.7021      1.454    32.0942    24.0448 -9.990e-29
 264.595961      1.467  38.346945    13.4943     6.6962      1.455    32.0941    24.0449 -9.990e-29
 264.595966      1.469  38.344565    13.4932     6.6854      1.457    32.0928    24.0441 -9.990e-29
 264.595972      1.470  38.338781    13.4925     6.6673      1.458    32.0880    24.0406 -9.990e-29
 264.595978      1.472  38.334754    13.4926     6.6710      1.460    32.0842    24.0376 -9.990e-29
 264.595984      1.475  38.338308    13.4925     6.6714      1.463    32.0876    24.0402 -9.990e-29
 264.595990      1.478  38.342400    13.4905     6.6608      1.466    32.0930    24.0449 -9.990e-29
 264.595995      1.483  38.340705    13.4865     6.6512      1.471    32.0948    24.0470 -9.990e-29
 264.596001      1.488  38.335434    13.4829     6.6304      1.476    32.0929    24.0463 -9.990e-29
 264.596007      1.496  38.332990    13.4828     6.6331      1.484    32.0907    24.0446 -9.990e-29
 264.596013      1.501  38.336265    13.4850     6.6635      1.488    32.0919    24.0451 -9.990e-29
 264.596019      1.500  38.339525    13.4849     6.6894      1.487    32.0951    24.0476 -9.990e-29
 264.596024      1.497  38.338135    13.4810     6.7330      1.485    32.0971    24.0499 -9.990e-29
 264.596030      1.496  38.334715    13.4759     6.7546      1.484    32.0982    24.0517 -9.990e-29
 264.596036      1.497  38.333471    13.4735     6.7662      1.485    32.0990    24.0529 -9.990e-29
 264.596042      1.500  38.334410    13.4761     6.7574      1.487    32.0977    24.0513 -9.990e-29
 264.596047      1.502  38.335751    13.4811     6.7444      1.489    32.0947    24.0481 -9.990e-29
 264.596053      1.497  38.337540    13.4849     6.7325      1.485    32.0932    24.0461 -9.990e-29
 264.596059      1.490  38.340795    13.4870     6.7363      1.478    32.0945    24.0467 -9.990e-29
 264.596065      1.485  38.345322    13.4894     6.7378      1.473    32.0967    24.0479 -9.990e-29
 264.596071      1.481  38.350379    13.4928     6.7414      1.469    32.0985    24.0487 -9.990e-29
 264.596076      1.479  38.354812    13.4951     6.7456      1.467    32.1007    24.0499 -9.990e-29
 264.596082      1.477  38.356073    13.4960     6.7412      1.465    32.1012    24.0500 -9.990e-29
 264.596088      1.476  38.354109    13.4961     6.7398      1.464    32.0992    24.0485 -9.990e-29
 264.596094      1.476  38.352412    13.4962     6.7414      1.464    32.0976    24.0472 -9.990e-29
 264.596100      1.477  38.352587    13.4968     6.7458      1.465    32.0972    24.0469 -9.990e-29
 264.596105      1.479  38.353693    13.4976     6.7406      1.467    32.0976    24.0470 -9.990e-29
 264.596111      1.482  38.354908    13.4981     6.7252      1.470    32.0983    24.0474 -9.990e-29
 264.596117      1.486  38.355560    13.4984     6.7241      1.474    32.0987    24.0476 -9.990e-29
 264.596123      1.492  38.355342    13.4988     6.7242      1.480    32.0981    24.0471 -9.990e-29
 264.596128      1.495  38.355032    13.4995     6.7364      1.483    32.0972    24.0463 -9.990e-29
 264.596134      1.492  38.355842    13.5003     6.7485      1.480    32.0973    24.0462 -9.990e-29
 264.596140      1.486  38.357118    13.5010     6.7471      1.474    32.0979    24.0465 -9.990e-29
 264.596146      1.482  38.357706    13.5021     6.7457      1.470    32.0976    24.0460 -9.990e-29
 264.596152      1.478  38.358898    13.5040     6.7477      1.466    32.0971    24.0453 -9.990e-29
 264.596157      1.476  38.361108    13.5059     6.7336      1.464    32.0975    24.0453 -9.990e-29
 264.596163      1.475  38.362746    13.5071     6.7241      1.463    32.0980    24.0454 -9.990e-29
 264.596169      1.474  38.363141    13.5075     6.7277      1.462    32.0981    24.0454 -9.990e-29
 264.596175      1.474  38.362766    13.5073     6.7290      1.462    32.0979    24.0453 -9.990e-29
 264.596181      1.475  38.362186    13.5068     6.7365      1.463    32.0978    24.0453 -9.990e-29
 264.596186      1.477  38.361697    13.5064     6.7439      1.465    32.0977    24.0453 -9.990e-29
 264.596192      1.480  38.361713    13.5059     6.7486      1.468    32.0981    24.0457 -9.990e-29
 264.596198      1.483  38.362200    13.5054     6.7442      1.471    32.0990    24.0465 -9.990e-29
 264.596204      1.488  38.362634    13.5050     6.7473      1.476    32.0997    24.0471 -9.990e-29
 264.596209      1.495  38.362979    13.5052     6.7629      1.483    32.0999    24.0472 -9.990e-29
 264.596215      1.503  38.363642    13.5059     6.7722      1.490    32.0999    24.0471 -9.990e-29
 264.596221      1.514  38.364891    13.5067     6.7751      1.501    32.1004    24.0473 -9.990e-29
 264.596227      1.524  38.365537    13.5071     6.7679      1.511    32.1006    24.0474 -9.990e-29
 264.596233      1.530  38.364706    13.5072     6.7640      1.517    32.0998    24.0467 -9.990e-29
