data/oxygen options/ONMS/Olympic_Coast_National_Marine_Sanctuary_Hypoxia_Survey_CTD_Data_2004_2015/raw_data/2012/CAST_MO010_120930faed.cnv
* Sea-Bird SBE19 Data File:
* FileName = C:\Documents and Settings\OCNMS\Desktop\2012 mooring data\Hypoxia Sampling\CAST_MO010_120930.hex
* Software Version 1.25
* Temperature SN = 2997
* Conductivity SN = 2997
* System UpLoad Time = Sep 13 2012 13:16:46
** CAST_MO010_120930
* SEACAT PROFILER V3.1c SN 2997   09/13/12  13:15:39.158
# nquan = 9                                 
# nvalues = 901                         
# units = specified
# name 0 = timeJ: Julian Days
# name 1 = prSM: Pressure, Strain Gauge [db]
# name 2 = c0mS/cm: Conductivity [mS/cm]
# name 3 = t090C: Temperature [ITS-90, deg C]
# name 4 = sbeox0ML/L: Oxygen, SBE 43 [ml/l]
# name 5 = depSM: Depth [salt water, m], lat = 47.5
# name 6 = sal00: Salinity, Practical [PSU]
# name 7 = sigma-é00: Density [sigma-theta, kg/m^3]
# name 8 = flag: flag
# span 0 = 257.546250, 257.551458       
# span 1 =     -3.909,     10.649       
# span 2 =   0.394821,  38.801816       
# span 3 =     9.3121,    15.1848       
# span 4 =    -1.7397,    12.1640       
# span 5 =     -3.876,     10.560       
# span 6 =     0.2380,    33.2869       
# span 7 =    -0.7084,    25.7135       
# span 8 = 0.0000e+00, 0.0000e+00       
# interval = seconds: 0.5
# start_time = Sep 13 2012 13:06:36 [Instrument's time stamp, header]
# bad_flag = -9.990e-29
*END*
 257.546250     -3.909 -9.990e-29    14.9292    -1.7321     -3.876 -9.990e-29 -9.990e-29 -9.990e-29
 257.546256     -3.905   0.668927    14.9312    -1.7322     -3.872     0.4091    -0.5716 -9.990e-29
 257.546262     -3.895   0.660827    14.9340    -1.7324     -3.863     0.4039    -0.5760 -9.990e-29
 257.546267     -3.875   0.650738    14.9341    -1.7322     -3.843     0.3975    -0.5809 -9.990e-29
 257.546273     -3.847   0.640711    14.9319    -1.7321     -3.815     0.3912    -0.5855 -9.990e-29
 257.546279     -3.815   0.631037    14.9298    -1.7321     -3.783     0.3851    -0.5899 -9.990e-29
 257.546285     -3.780   0.621556    14.9281    -1.7321     -3.748     0.3791    -0.5943 -9.990e-29
 257.546291     -3.748   0.612178    14.9246    -1.7320     -3.717     0.3732    -0.5983 -9.990e-29
 257.546296     -3.723   0.603126    14.9191    -1.7321     -3.692     0.3676    -0.6018 -9.990e-29
 257.546302     -3.701   0.594877    14.9143    -1.7320     -3.670     0.3624    -0.6051 -9.990e-29
 257.546308     -3.683   0.587506    14.9115    -1.7318     -3.652     0.3578    -0.6083 -9.990e-29
 257.546314     -3.666   0.580597    14.9111    -1.7318     -3.635     0.3535    -0.6116 -9.990e-29
 257.546319     -3.651   0.573797    14.9128    -1.7318     -3.621     0.3492    -0.6151 -9.990e-29
 257.546325     -3.635   0.567453    14.9154    -1.7314     -3.605     0.3452    -0.6186 -9.990e-29
 257.546331     -3.618   0.561965    14.9177    -1.7307     -3.588     0.3417    -0.6217 -9.990e-29
 257.546337     -3.598   0.556658    14.9200    -1.7302     -3.568     0.3384    -0.6246 -9.990e-29
 257.546343     -3.575   0.551102    14.9222    -1.7302     -3.545     0.3348    -0.6276 -9.990e-29
 257.546348     -3.546   0.545638    14.9244    -1.7304     -3.516     0.3314    -0.6306 -9.990e-29
 257.546354     -3.515   0.540177    14.9273    -1.7304     -3.486     0.3280    -0.6337 -9.990e-29
 257.546360     -3.488   0.534637    14.9308    -1.7301     -3.459     0.3245    -0.6370 -9.990e-29
 257.546366     -3.463   0.529382    14.9346    -1.7300     -3.434     0.3211    -0.6401 -9.990e-29
 257.546372     -3.435   0.524602    14.9404    -1.7297     -3.406     0.3181    -0.6434 -9.990e-29
 257.546377     -3.406   0.520013    14.9506    -1.7295     -3.378     0.3152    -0.6472 -9.990e-29
 257.546383     -3.377   0.515034    14.9634    -1.7292     -3.349     0.3120    -0.6516 -9.990e-29
 257.546389     -3.353   0.509669    14.9733    -1.7287     -3.325     0.3085    -0.6557 -9.990e-29
 257.546395     -3.335   0.504517    14.9774    -1.7282     -3.307     0.3053    -0.6589 -9.990e-29
 257.546400     -3.318   0.499904    14.9784    -1.7277     -3.290     0.3024    -0.6613 -9.990e-29
 257.546406     -3.297   0.495769    14.9808    -1.7274     -3.270     0.2998    -0.6636 -9.990e-29
 257.546412     -3.271   0.492135    14.9857    -1.7270     -3.244     0.2975    -0.6661 -9.990e-29
 257.546418     -3.241   0.489141    14.9916    -1.7265     -3.214     0.2956    -0.6685 -9.990e-29
 257.546424     -3.215   0.486670    14.9981    -1.7263     -3.188     0.2940    -0.6707 -9.990e-29
 257.546429     -3.191   0.484748    15.0056    -1.7260     -3.164     0.2928    -0.6728 -9.990e-29
 257.546435     -3.164   0.483582    15.0148    -1.7257     -3.138     0.2920    -0.6748 -9.990e-29
 257.546441     -3.135   0.483279    15.0258    -1.7254     -3.109     0.2917    -0.6767 -9.990e-29
 257.546447     -3.107   0.483987    15.0375    -1.7252     -3.081     0.2921    -0.6782 -9.990e-29
 257.546453     -3.079   0.485546    15.0487    -1.7248     -3.053     0.2930    -0.6792 -9.990e-29
 257.546458     -3.048   0.487264    15.0595    -1.7245     -3.023     0.2939    -0.6801 -9.990e-29
 257.546464     -3.013   0.488666    15.0706    -1.7244     -2.988     0.2947    -0.6812 -9.990e-29
 257.546470     -2.976   0.489960    15.0808    -1.7244     -2.951     0.2955    -0.6822 -9.990e-29
 257.546476     -2.943   0.491765    15.0893    -1.7241     -2.918     0.2965    -0.6826 -9.990e-29
 257.546481     -2.916   0.494274    15.0968    -1.7239     -2.892     0.2980    -0.6826 -9.990e-29
 257.546487     -2.894   0.496958    15.1042    -1.7237     -2.870     0.2996    -0.6825 -9.990e-29
 257.546493     -2.875   0.498966    15.1117    -1.7235     -2.851     0.3008    -0.6827 -9.990e-29
 257.546499     -2.857   0.499655    15.1196    -1.7232     -2.833     0.3012    -0.6836 -9.990e-29
 257.546505     -2.840   0.499388    15.1279    -1.7230     -2.816     0.3010    -0.6851 -9.990e-29
 257.546510     -2.823   0.498917    15.1349    -1.7229     -2.799     0.3006    -0.6864 -9.990e-29
 257.546516     -2.804   0.498724    15.1397    -1.7232     -2.781     0.3005    -0.6873 -9.990e-29
 257.546522     -2.783   0.499105    15.1435    -1.7231     -2.760     0.3007    -0.6877 -9.990e-29
 257.546528     -2.761   0.500014    15.1478    -1.7231     -2.738     0.3012    -0.6879 -9.990e-29
 257.546534     -2.743   0.501557    15.1528    -1.7229     -2.720     0.3021    -0.6880 -9.990e-29
 257.546539     -2.723   0.503577    15.1587    -1.7229     -2.700     0.3034    -0.6880 -9.990e-29
 257.546545     -2.695   0.505446    15.1650    -1.7229     -2.673     0.3045    -0.6881 -9.990e-29
 257.546551     -2.662   0.506889    15.1712    -1.7228     -2.640     0.3053    -0.6884 -9.990e-29
 257.546557     -2.630   0.507617    15.1760    -1.7229     -2.608     0.3057    -0.6888 -9.990e-29
 257.546562     -2.601   0.507491    15.1779    -1.7232     -2.579     0.3056    -0.6891 -9.990e-29
 257.546568     -2.574   0.506898    15.1778    -1.7234     -2.553     0.3053    -0.6894 -9.990e-29
 257.546574     -2.550   0.506156    15.1779    -1.7234     -2.529     0.3048    -0.6898 -9.990e-29
 257.546580     -2.534   0.505383    15.1792    -1.7236     -2.513     0.3043    -0.6904 -9.990e-29
 257.546586     -2.519   0.504655    15.1812    -1.7238     -2.498     0.3039    -0.6910 -9.990e-29
 257.546591     -2.505   0.504110    15.1822    -1.7238     -2.484     0.3035    -0.6915 -9.990e-29
 257.546597     -2.495   0.503575    15.1824    -1.7237     -2.474     0.3032    -0.6917 -9.990e-29
 257.546603     -2.483   0.502892    15.1821    -1.7237     -2.462     0.3028    -0.6920 -9.990e-29
 257.546609     -2.466   0.502256    15.1805    -1.7238     -2.445     0.3024    -0.6921 -9.990e-29
 257.546615     -2.442   0.501375    15.1772    -1.7239     -2.422     0.3019    -0.6920 -9.990e-29
 257.546620     -2.413   0.499626    15.1738    -1.7239     -2.393     0.3008    -0.6923 -9.990e-29
 257.546626     -2.387   0.496892    15.1709    -1.7235     -2.367     0.2991    -0.6931 -9.990e-29
 257.546632     -2.366   0.493404    15.1678    -1.7234     -2.346     0.2970    -0.6943 -9.990e-29
 257.546638     -2.349   0.489494    15.1655    -1.7232     -2.329     0.2946    -0.6958 -9.990e-29
 257.546644     -2.334   0.485484    15.1652    -1.7231     -2.315     0.2921    -0.6977 -9.990e-29
 257.546649     -2.321   0.481563    15.1661    -1.7231     -2.302     0.2897    -0.6997 -9.990e-29
 257.546655     -2.309   0.478039    15.1662    -1.7232     -2.290     0.2875    -0.7014 -9.990e-29
 257.546661     -2.297   0.475195    15.1652    -1.7231     -2.278     0.2857    -0.7026 -9.990e-29
 257.546667     -2.284   0.473115    15.1648    -1.7231     -2.265     0.2844    -0.7035 -9.990e-29
 257.546672     -2.270   0.471792    15.1668    -1.7231     -2.251     0.2836    -0.7045 -9.990e-29
 257.546678     -2.253   0.471124    15.1712    -1.7230     -2.234     0.2832    -0.7055 -9.990e-29
 257.546684     -2.233   0.470776    15.1764    -1.7231     -2.214     0.2829    -0.7065 -9.990e-29
 257.546690     -2.208   0.470283    15.1809    -1.7230     -2.190     0.2826    -0.7075 -9.990e-29
 257.546696     -2.181   0.469541    15.1835    -1.7233     -2.163     0.2821    -0.7082 -9.990e-29
 257.546701     -2.159   0.469222    15.1839    -1.7240     -2.141     0.2819    -0.7084 -9.990e-29
 257.546707     -2.140   0.470009    15.1838    -1.7248     -2.122     0.2824    -0.7080 -9.990e-29
 257.546713     -2.119   0.471846    15.1842    -1.7255     -2.101     0.2835    -0.7072 -9.990e-29
 257.546719     -2.099   0.474413    15.1845    -1.7261     -2.081     0.2851    -0.7060 -9.990e-29
 257.546725     -2.083   0.477258    15.1848    -1.7271     -2.066     0.2869    -0.7047 -9.990e-29
 257.546730     -2.070   0.479747    15.1847    -1.7280     -2.053     0.2884    -0.7035 -9.990e-29
 257.546736     -2.059   0.481322    15.1835    -1.7289     -2.042     0.2894    -0.7026 -9.990e-29
 257.546742     -2.049   0.481870    15.1799    -1.7298     -2.032     0.2897    -0.7017 -9.990e-29
 257.546748     -2.040   0.481569    15.1711    -1.7306     -2.023     0.2896    -0.7005 -9.990e-29
 257.546753     -2.032   0.480572    15.1561    -1.7316     -2.015     0.2891    -0.6986 -9.990e-29
 257.546759     -2.022   0.479209    15.1377    -1.7321     -2.005     0.2884    -0.6963 -9.990e-29
 257.546765     -2.012   0.477880    15.1187    -1.7323     -1.995     0.2877    -0.6939 -9.990e-29
 257.546771     -2.000   0.476471    15.0990    -1.7323     -1.983     0.2870    -0.6915 -9.990e-29
 257.546777     -1.985   0.474211    15.0773    -1.7322     -1.968     0.2857    -0.6892 -9.990e-29
 257.546782     -1.968   0.470856    15.0543    -1.7321     -1.952     0.2838    -0.6871 -9.990e-29
 257.546788     -1.946   0.466915    15.0313    -1.7318     -1.930     0.2815    -0.6854 -9.990e-29
 257.546794     -1.918   0.462669    15.0090    -1.7317     -1.902     0.2790    -0.6840 -9.990e-29
 257.546800     -1.886   0.458546    14.9871    -1.7315     -1.870     0.2766    -0.6825 -9.990e-29
 257.546806     -1.858   0.455139    14.9672    -1.7312     -1.843     0.2746    -0.6810 -9.990e-29
 257.546811     -1.836   0.452886    14.9533    -1.7311     -1.821     0.2733    -0.6799 -9.990e-29
 257.546817     -1.817   0.451552    14.9466    -1.7312     -1.802     0.2726    -0.6795 -9.990e-29
 257.546823     -1.802   0.449911    14.9452    -1.7314     -1.787     0.2715    -0.6801 -9.990e-29
 257.546829     -1.789   0.447436    14.9469    -1.7317     -1.774     0.2700    -0.6816 -9.990e-29
 257.546834     -1.777   0.444702    14.9504    -1.7320     -1.762     0.2683    -0.6834 -9.990e-29
 257.546840     -1.766   0.442493    14.9550    -1.7322     -1.751     0.2669    -0.6852 -9.990e-29
 257.546846     -1.754   0.441185    14.9601    -1.7326     -1.739     0.2660    -0.6866 -9.990e-29
 257.546852     -1.741   0.440140    14.9659    -1.7330     -1.726     0.2654    -0.6880 -9.990e-29
 257.546858     -1.727   0.438521    14.9714    -1.7332     -1.713     0.2643    -0.6897 -9.990e-29
 257.546863     -1.710   0.436382    14.9741    -1.7335     -1.696     0.2630    -0.6911 -9.990e-29
 257.546869     -1.694   0.434193    14.9729    -1.7337     -1.680     0.2616    -0.6920 -9.990e-29
 257.546875     -1.681   0.431803    14.9687    -1.7337     -1.667     0.2602    -0.6925 -9.990e-29
 257.546881     -1.667   0.428792    14.9626    -1.7339     -1.653     0.2584    -0.6930 -9.990e-29
 257.546887     -1.647   0.425577    14.9556    -1.7342     -1.633     0.2564    -0.6934 -9.990e-29
 257.546892     -1.623   0.423404    14.9475    -1.7344     -1.609     0.2551    -0.6932 -9.990e-29
 257.546898     -1.603   0.423253    14.9385    -1.7345     -1.590     0.2551    -0.6919 -9.990e-29
 257.546904     -1.590   0.424369    14.9302    -1.7347     -1.577     0.2558    -0.6900 -9.990e-29
 257.546910     -1.577   0.424366    14.9237    -1.7349     -1.564     0.2559    -0.6890 -9.990e-29
 257.546916     -1.561   0.421578    14.9184    -1.7352     -1.548     0.2542    -0.6895 -9.990e-29
 257.546921     -1.545   0.416717    14.9142    -1.7355     -1.532     0.2512    -0.6912 -9.990e-29
 257.546927     -1.532   0.412160    14.9105    -1.7358     -1.519     0.2484    -0.6928 -9.990e-29
 257.546933     -1.520   0.409577    14.9061    -1.7360     -1.507     0.2468    -0.6934 -9.990e-29
 257.546939     -1.510   0.408848    14.9007    -1.7363     -1.497     0.2464    -0.6929 -9.990e-29
 257.546944     -1.500   0.408446    14.8955    -1.7365     -1.487     0.2462    -0.6923 -9.990e-29
 257.546950     -1.491   0.406728    14.8910    -1.7366     -1.479     0.2451    -0.6924 -9.990e-29
 257.546956     -1.480   0.404172    14.8863    -1.7368     -1.468     0.2436    -0.6929 -9.990e-29
 257.546962     -1.469   0.402350    14.8805    -1.7369     -1.457     0.2425    -0.6929 -9.990e-29
 257.546968     -1.456   0.401050    14.8740    -1.7369     -1.444     0.2417    -0.6925 -9.990e-29
 257.546973     -1.439   0.399092    14.8672    -1.7370     -1.427     0.2406    -0.6924 -9.990e-29
 257.546979     -1.424   0.396632    14.8603    -1.7371     -1.412     0.2391    -0.6925 -9.990e-29
 257.546985     -1.412   0.394821    14.8531    -1.7372     -1.400     0.2380    -0.6923 -9.990e-29
 257.546991     -1.398   0.395118    14.8458    -1.7372     -1.386     0.2382    -0.6910 -9.990e-29
 257.546997     -1.383   0.399580    14.8394    -1.7372     -1.371     0.2410    -0.6879 -9.990e-29
 257.547002     -1.373   0.407515    14.8342    -1.7375     -1.362     0.2460    -0.6833 -9.990e-29
 257.547008     -1.367   0.414005    14.8301    -1.7375     -1.356     0.2500    -0.6795 -9.990e-29
 257.547014     -1.358   0.416634    14.8271    -1.7376     -1.347     0.2517    -0.6778 -9.990e-29
 257.547020     -1.343   0.417801    14.8248    -1.7378     -1.332     0.2524    -0.6769 -9.990e-29
 257.547025     -1.328   0.419616    14.8227    -1.7378     -1.317     0.2535    -0.6757 -9.990e-29
 257.547031     -1.309   0.421730    14.8203    -1.7377     -1.298     0.2549    -0.6743 -9.990e-29
 257.547037     -1.292   0.423642    14.8175    -1.7376     -1.281     0.2561    -0.6729 -9.990e-29
 257.547043     -1.279   0.426243    14.8149    -1.7376     -1.268     0.2577    -0.6713 -9.990e-29
 257.547049     -1.268   0.430234    14.8120    -1.7375     -1.257     0.2602    -0.6689 -9.990e-29
 257.547054     -1.260   0.434846    14.8085    -1.7375     -1.249     0.2631    -0.6662 -9.990e-29
 257.547060     -1.254   0.439035    14.8052    -1.7372     -1.244     0.2657    -0.6636 -9.990e-29
 257.547066     -1.250   0.442851    14.8023    -1.7371     -1.240     0.2681    -0.6613 -9.990e-29
 257.547072     -1.247   0.446402    14.7999    -1.7373     -1.237     0.2703    -0.6593 -9.990e-29
 257.547078     -1.245   0.448887    14.7992    -1.7373     -1.235     0.2719    -0.6580 -9.990e-29
 257.547083     -1.244   0.449746    14.7996    -1.7375     -1.234     0.2724    -0.6576 -9.990e-29
 257.547089     -1.244   0.450124    14.7987    -1.7375     -1.234     0.2726    -0.6573 -9.990e-29
 257.547095     -1.244   0.453849    14.7958    -1.7376     -1.234     0.2750    -0.6550 -9.990e-29
 257.547101     -1.246   0.465886    14.7928    -1.7376     -1.236     0.2825    -0.6488 -9.990e-29
 257.547106     -1.244   0.487341    14.7919    -1.7375     -1.234     0.2959    -0.6382 -9.990e-29
 257.547112     -1.235   0.512501    14.7923    -1.7375     -1.225     0.3117    -0.6261 -9.990e-29
 257.547118     -1.221   0.534505    14.7913    -1.7373     -1.211     0.3255    -0.6152 -9.990e-29
 257.547124     -1.207   0.551692    14.7886    -1.7373     -1.197     0.3363    -0.6064 -9.990e-29
 257.547130     -1.192   0.564836    14.7856    -1.7374     -1.182     0.3446    -0.5996 -9.990e-29
 257.547135     -1.175   0.573751    14.7830    -1.7376     -1.165     0.3503    -0.5948 -9.990e-29
 257.547141     -1.153   0.578696    14.7813    -1.7377     -1.143     0.3534    -0.5921 -9.990e-29
 257.547147     -1.127   0.581285    14.7803    -1.7377     -1.118     0.3550    -0.5907 -9.990e-29
 257.547153     -1.099   0.583309    14.7796    -1.7379     -1.090     0.3563    -0.5896 -9.990e-29
 257.547159     -1.075   0.586360    14.7789    -1.7381     -1.066     0.3582    -0.5880 -9.990e-29
 257.547164     -1.058   0.592291    14.7784    -1.7382     -1.049     0.3620    -0.5850 -9.990e-29
 257.547170     -1.047   0.602368    14.7777    -1.7385     -1.038     0.3684    -0.5800 -9.990e-29
