data/oxygen options/ONMS/Olympic_Coast_National_Marine_Sanctuary_Hypoxia_Survey_CTD_Data_2004_2015/raw_data/2012/CAST_MO010_120930faed.cnv
* Sea-Bird SBE19 Data File:
* FileName = C:\Documents and Settings\OCNMS\Desktop\2012 mooring data\Hypoxia Sampling\CAST_MO010_120930.hex
* Software Version 1.25
* Temperature SN = 2997
* Conductivity SN = 2997
* System UpLoad Time = Sep 13 2012 13:16:46
** CAST_MO010_120930
* SEACAT PROFILER V3.1c SN 2997   09/13/12  13:15:39.158
# nquan = 9                                 
# nvalues = 901                         
# units = specified
# name 0 = timeJ: Julian Days
# name 1 = prSM: Pressure, Strain Gauge [db]
# name 2 = c0mS/cm: Conductivity [mS/cm]
# name 3 = t090C: Temperature [ITS-90, deg C]
# name 4 = sbeox0ML/L: Oxygen, SBE 43 [ml/l]
# name 5 = depSM: Depth [salt water, m], lat = 47.5
# name 6 = sal00: Salinity, Practical [PSU]
# name 7 = sigma-é00: Density [sigma-theta, kg/m^3]
# name 8 = flag: flag
# span 0 = 257.546250, 257.551458       
# span 1 =     -3.909,     10.649       
# span 2 =   0.394821,  38.801816       
# span 3 =     9.3121,    15.1848       
# span 4 =    -1.7397,    12.1640       
# span 5 =     -3.876,     10.560       
# span 6 =     0.2380,    33.2869       
# span 7 =    -0.7084,    25.7135       
# span 8 = 0.0000e+00, 0.0000e+00       
# interval = seconds: 0.5
# start_time = Sep 13 2012 13:06:36 [Instrument's time stamp, header]
# bad_flag = -9.990e-29
*END*
[from data line 161]
 257.547182     -1.038   0.626342    14.7735    -1.7389     -1.029     0.3836    -0.5676 -9.990e-29
 257.547188     -1.030   0.632903    14.7709    -1.7389     -1.021     0.3878    -0.5639 -9.990e-29
 257.547193     -1.022   0.634653    14.7687    -1.7391     -1.013     0.3889    -0.5627 -9.990e-29
 257.547199     -1.018   0.633374    14.7666    -1.7391     -1.010     0.3881    -0.5630 -9.990e-29
 257.547205     -1.013   0.630680    14.7641    -1.7392     -1.005     0.3864    -0.5640 -9.990e-29
 257.547211     -1.003   0.627409    14.7613    -1.7392     -0.995     0.3844    -0.5651 -9.990e-29
 257.547216     -0.992   0.622524    14.7581    -1.7392     -0.984     0.3813    -0.5670 -9.990e-29
 257.547222     -0.982   0.614492    14.7547    -1.7391     -0.974     0.3763    -0.5704 -9.990e-29
 257.547228     -0.974   0.604231    14.7511    -1.7392     -0.966     0.3698    -0.5749 -9.990e-29
 257.547234     -0.967   0.594670    14.7477    -1.7394     -0.959     0.3638    -0.5791 -9.990e-29
 257.547240     -0.960   0.588006    14.7448    -1.7393     -0.952     0.3596    -0.5819 -9.990e-29
 257.547245     -0.953   0.583657    14.7429    -1.7394     -0.945     0.3569    -0.5837 -9.990e-29
 257.547251     -0.945   0.579703    14.7419    -1.7394     -0.937     0.3544    -0.5855 -9.990e-29
 257.547257     -0.936   0.575299    14.7414    -1.7396     -0.928     0.3516    -0.5876 -9.990e-29
 257.547263     -0.926   0.570665    14.7415    -1.7396     -0.918     0.3487    -0.5899 -9.990e-29
 257.547269     -0.914   0.566266    14.7424    -1.7397     -0.906     0.3459    -0.5922 -9.990e-29
 257.547274     -0.902   0.562327    14.7434    -1.7395     -0.894     0.3434    -0.5942 -9.990e-29
 257.547280     -0.896   0.558023    14.7433    -1.7394     -0.889     0.3407    -0.5963 -9.990e-29
 257.547286     -0.890   0.552044    14.7426    -1.7392     -0.883     0.3369    -0.5991 -9.990e-29
 257.547292     -0.879   0.544725    14.7418    -1.7391     -0.872     0.3323    -0.6026 -9.990e-29
 257.547297     -0.863   0.538485    14.7404    -1.7388     -0.856     0.3284    -0.6054 -9.990e-29
 257.547303     -0.845   0.536076    14.7388    -1.7386     -0.838     0.3269    -0.6063 -9.990e-29
 257.547309     -0.828   0.536500    14.7379    -1.7386     -0.821     0.3272    -0.6060 -9.990e-29
 257.547315     -0.812   0.534788    14.7379    -1.7386     -0.805     0.3261    -0.6068 -9.990e-29
 257.547321     -0.794   0.529212    14.7384    -1.7387     -0.787     0.3226    -0.6096 -9.990e-29
 257.547326     -0.775   0.523962    14.7384    -1.7388     -0.769     0.3193    -0.6122 -9.990e-29
 257.547332     -0.756   0.525879    14.7378    -1.7387     -0.750     0.3205    -0.6111 -9.990e-29
 257.547338     -0.742   0.539732    14.7371    -1.7386     -0.736     0.3292    -0.6043 -9.990e-29
 257.547344     -0.731   0.562959    14.7367    -1.7385     -0.725     0.3438    -0.5929 -9.990e-29
 257.547350     -0.722   0.589994    14.7368    -1.7383     -0.716     0.3609    -0.5797 -9.990e-29
 257.547355     -0.715   0.618688    14.7372    -1.7378     -0.709     0.3791    -0.5657 -9.990e-29
 257.547361     -0.710   0.645779    14.7369    -1.7373     -0.704     0.3963    -0.5523 -9.990e-29
 257.547367     -0.705   0.665316    14.7359    -1.7372     -0.699     0.4087    -0.5425 -9.990e-29
 257.547373     -0.702   0.675115    14.7348    -1.7375     -0.696     0.4150    -0.5375 -9.990e-29
 257.547378     -0.699   0.677724    14.7346    -1.7377     -0.693     0.4166    -0.5362 -9.990e-29
 257.547384     -0.697   0.676623    14.7362    -1.7378     -0.691     0.4159    -0.5370 -9.990e-29
 257.547390     -0.695   0.674771    14.7391    -1.7379     -0.689     0.4147    -0.5384 -9.990e-29
 257.547396     -0.693   0.673577    14.7433    -1.7379     -0.687     0.4139    -0.5396 -9.990e-29
 257.547402     -0.692   0.673109    14.7492    -1.7378     -0.686     0.4135    -0.5408 -9.990e-29
 257.547407     -0.690   0.674406    14.7565    -1.7379     -0.684     0.4143    -0.5413 -9.990e-29
 257.547413     -0.688   0.679750    14.7631    -1.7379     -0.682     0.4176    -0.5397 -9.990e-29
 257.547419     -0.686   0.688519    14.7667    -1.7380     -0.680     0.4232    -0.5359 -9.990e-29
 257.547425     -0.683   0.694134    14.7671    -1.7378     -0.677     0.4267    -0.5332 -9.990e-29
 257.547431     -0.680   0.689689    14.7661    -1.7378     -0.674     0.4239    -0.5352 -9.990e-29
 257.547436     -0.677   0.675899    14.7652    -1.7377     -0.671     0.4151    -0.5419 -9.990e-29
 257.547442     -0.672   0.659847    14.7650    -1.7377     -0.666     0.4049    -0.5498 -9.990e-29
 257.547448     -0.666   0.647258    14.7660    -1.7376     -0.660     0.3969    -0.5561 -9.990e-29
 257.547454     -0.658   0.638510    14.7679    -1.7373     -0.653     0.3914    -0.5607 -9.990e-29
 257.547459     -0.648   0.630243    14.7695    -1.7371     -0.643     0.3861    -0.5650 -9.990e-29
 257.547465     -0.640   0.620292    14.7704    -1.7371     -0.635     0.3798    -0.5700 -9.990e-29
 257.547471     -0.637   0.610335    14.7711    -1.7371     -0.632     0.3735    -0.5750 -9.990e-29
 257.547477     -0.635   0.603153    14.7723    -1.7373     -0.630     0.3689    -0.5787 -9.990e-29
 257.547483     -0.629   0.599689    14.7737    -1.7372     -0.624     0.3667    -0.5807 -9.990e-29
 257.547488     -0.619   0.599200    14.7747    -1.7374     -0.614     0.3664    -0.5811 -9.990e-29
 257.547494     -0.604   0.601035    14.7754    -1.7374     -0.599     0.3675    -0.5803 -9.990e-29
 257.547500     -0.589   0.605982    14.7766    -1.7367     -0.584     0.3707    -0.5780 -9.990e-29
 257.547506     -0.579   0.615653    14.7785    -1.7364     -0.574     0.3768    -0.5736 -9.990e-29
 257.547512     -0.580   0.629656    14.7795    -1.7364     -0.575     0.3856    -0.5669 -9.990e-29
 257.547517     -0.586   0.644520    14.7791    -1.7363     -0.581     0.3951    -0.5595 -9.990e-29
 257.547523     -0.589   0.656259    14.7782    -1.7364     -0.584     0.4025    -0.5536 -9.990e-29
 257.547529     -0.586   0.662812    14.7775    -1.7363     -0.581     0.4067    -0.5503 -9.990e-29
 257.547535     -0.577   0.664057    14.7774    -1.7362     -0.572     0.4075    -0.5496 -9.990e-29
 257.547541     -0.560   0.661655    14.7783    -1.7359     -0.555     0.4060    -0.5510 -9.990e-29
 257.547546     -0.539   0.657941    14.7829    -1.7356     -0.535     0.4035    -0.5535 -9.990e-29
 257.547552     -0.521   0.654053    14.7909    -1.7353     -0.517     0.4010    -0.5567 -9.990e-29
 257.547558     -0.510   0.650897    14.7973    -1.7354     -0.506     0.3989    -0.5592 -9.990e-29
 257.547564     -0.499   0.650356    14.8001    -1.7357     -0.495     0.3986    -0.5599 -9.990e-29
 257.547569     -0.486   0.653926    14.8014    -1.7359     -0.482     0.4008    -0.5584 -9.990e-29
 257.547575     -0.471   0.659723    14.8031    -1.7357     -0.467     0.4045    -0.5558 -9.990e-29
 257.547581     -0.460   0.662743    14.8063    -1.7355     -0.456     0.4064    -0.5548 -9.990e-29
 257.547587     -0.452   0.659817    14.8117    -1.7352     -0.448     0.4045    -0.5571 -9.990e-29
 257.547593     -0.445   0.652025    14.8190    -1.7345     -0.441     0.3994    -0.5621 -9.990e-29
 257.547598     -0.440   0.642819    14.8269    -1.7341     -0.436     0.3935    -0.5678 -9.990e-29
 257.547604     -0.436   0.634874    14.8325    -1.7340     -0.432     0.3884    -0.5726 -9.990e-29
 257.547610     -0.432   0.628116    14.8336    -1.7339     -0.428     0.3841    -0.5761 -9.990e-29
 257.547616     -0.430   0.621286    14.8319    -1.7338     -0.426     0.3798    -0.5792 -9.990e-29
 257.547622     -0.428   0.614134    14.8317    -1.7338     -0.424     0.3753    -0.5827 -9.990e-29
 257.547627     -0.426   0.607089    14.8354    -1.7337     -0.422     0.3708    -0.5867 -9.990e-29
 257.547633     -0.424   0.600169    14.8426    -1.7339     -0.420     0.3664    -0.5912 -9.990e-29
 257.547639     -0.423   0.593005    14.8531    -1.7337     -0.419     0.3618    -0.5964 -9.990e-29
 257.547645     -0.422   0.585458    14.8656    -1.7337     -0.418     0.3569    -0.6020 -9.990e-29
 257.547650     -0.420   0.577982    14.8757    -1.7341     -0.416     0.3521    -0.6072 -9.990e-29
 257.547656     -0.419   0.571683    14.8815    -1.7339     -0.416     0.3481    -0.6112 -9.990e-29
 257.547662     -0.417   0.568127    14.8847    -1.7336     -0.414     0.3458    -0.6134 -9.990e-29
 257.547668     -0.415   0.567738    14.8867    -1.7332     -0.412     0.3456    -0.6139 -9.990e-29
 257.547674     -0.413   0.568892    14.8882    -1.7327     -0.410     0.3463    -0.6136 -9.990e-29
 257.547679     -0.410   0.569439    14.8895    -1.7327     -0.407     0.3466    -0.6136 -9.990e-29
 257.547685     -0.407   0.567341    14.8908    -1.7324     -0.404     0.3453    -0.6148 -9.990e-29
 257.547691     -0.402   0.561643    14.8925    -1.7320     -0.399     0.3417    -0.6178 -9.990e-29
 257.547697     -0.396   0.553606    14.8931    -1.7318     -0.393     0.3366    -0.6218 -9.990e-29
 257.547703     -0.388   0.545245    14.8929    -1.7322     -0.385     0.3314    -0.6259 -9.990e-29
 257.547708     -0.378   0.538144    14.8958    -1.7325     -0.375     0.3269    -0.6298 -9.990e-29
 257.547714     -0.366   0.533352    14.9026    -1.7324     -0.363     0.3239    -0.6331 -9.990e-29
 257.547720     -0.350   0.531125    14.9114    -1.7320     -0.347     0.3224    -0.6356 -9.990e-29
 257.547726     -0.334   0.530707    14.9203    -1.7312     -0.331     0.3221    -0.6372 -9.990e-29
 257.547731     -0.320   0.530434    14.9281    -1.7305     -0.317     0.3218    -0.6386 -9.990e-29
 257.547737     -0.309   0.528834    14.9356    -1.7295     -0.306     0.3208    -0.6405 -9.990e-29
 257.547743     -0.303   0.525436    14.9424    -1.7291     -0.300     0.3186    -0.6432 -9.990e-29
 257.547749     -0.302   0.520690    14.9453    -1.7287     -0.299     0.3156    -0.6460 -9.990e-29
 257.547755     -0.299   0.515464    14.9437    -1.7288     -0.297     0.3124    -0.6483 -9.990e-29
 257.547760     -0.287   0.510538    14.9424    -1.7286     -0.285     0.3093    -0.6504 -9.990e-29
 257.547766     -0.271   0.506541    14.9465    -1.7290     -0.269     0.3068    -0.6530 -9.990e-29
 257.547772     -0.258   0.503128    14.9574    -1.7294     -0.256     0.3046    -0.6564 -9.990e-29
 257.547778     -0.248   0.499622    14.9739    -1.7300     -0.246     0.3022    -0.6606 -9.990e-29
 257.547784     -0.235   0.496330    14.9932    -1.7303     -0.233     0.3001    -0.6653 -9.990e-29
 257.547789     -0.223   0.493843    15.0112    -1.7307     -0.221     0.2984    -0.6693 -9.990e-29
 257.547795     -0.216   0.492721    15.0246    -1.7310     -0.214     0.2976    -0.6719 -9.990e-29
 257.547801     -0.212   0.493129    15.0326    -1.7313     -0.210     0.2978    -0.6730 -9.990e-29
 257.547807     -0.208   0.493951    15.0364    -1.7313     -0.206     0.2983    -0.6732 -9.990e-29
 257.547813     -0.199   0.493514    15.0361    -1.7314     -0.197     0.2980    -0.6734 -9.990e-29
 257.547818     -0.189   0.491235    15.0307    -1.7313     -0.187     0.2966    -0.6736 -9.990e-29
 257.547824     -0.181   0.487952    15.0213    -1.7311     -0.179     0.2946    -0.6737 -9.990e-29
 257.547830     -0.175   0.484823    15.0108    -1.7309     -0.174     0.2928    -0.6736 -9.990e-29
 257.547836     -0.170   0.482102    15.0009    -1.7310     -0.169     0.2911    -0.6733 -9.990e-29
 257.547841     -0.166   0.479482    14.9919    -1.7310     -0.165     0.2896    -0.6732 -9.990e-29
 257.547847     -0.163   0.477347    14.9840    -1.7309     -0.162     0.2883    -0.6730 -9.990e-29
 257.547853     -0.161   0.476170    14.9781    -1.7303     -0.160     0.2876    -0.6726 -9.990e-29
 257.547859     -0.159   0.475488    14.9751    -1.7293     -0.158     0.2872    -0.6725 -9.990e-29
 257.547865     -0.158   0.474394    14.9748    -1.7290     -0.157     0.2865    -0.6729 -9.990e-29
 257.547870     -0.157   0.472534    14.9765    -1.7293     -0.156     0.2854    -0.6741 -9.990e-29
 257.547876     -0.156   0.470751    14.9793    -1.7292     -0.155     0.2842    -0.6754 -9.990e-29
 257.547882     -0.155   0.469987    14.9820    -1.7288     -0.154     0.2838    -0.6762 -9.990e-29
 257.547888     -0.155   0.469779    14.9840    -1.7284     -0.154     0.2836    -0.6766 -9.990e-29
 257.547894     -0.154   0.468741    14.9870    -1.7282     -0.153     0.2829    -0.6776 -9.990e-29
 257.547899     -0.154   0.466043    14.9941    -1.7284     -0.153     0.2812    -0.6800 -9.990e-29
 257.547905     -0.153   0.462516    15.0067    -1.7286     -0.152     0.2789    -0.6836 -9.990e-29
 257.547911     -0.153   0.460099    15.0211    -1.7288     -0.152     0.2774    -0.6871 -9.990e-29
 257.547917     -0.153   0.459444    15.0305    -1.7291     -0.152     0.2769    -0.6889 -9.990e-29
 257.547922     -0.153   0.459126    15.0343    -1.7295     -0.152     0.2767    -0.6896 -9.990e-29
 257.547928     -0.152   0.457613    15.0382    -1.7301     -0.151     0.2757    -0.6909 -9.990e-29
 257.547934     -0.152   0.455099    15.0448    -1.7306     -0.151     0.2741    -0.6932 -9.990e-29
 257.547940     -0.151   0.453215    15.0514    -1.7309     -0.150     0.2729    -0.6951 -9.990e-29
 257.547946     -0.151   0.453325    15.0544    -1.7307     -0.150     0.2729    -0.6955 -9.990e-29
 257.547951     -0.150   0.455020    15.0532    -1.7306     -0.149     0.2740    -0.6945 -9.990e-29
 257.547957     -0.150   0.456132    15.0492    -1.7306     -0.149     0.2747    -0.6934 -9.990e-29
 257.547963     -0.149   0.454824    15.0432    -1.7305     -0.148     0.2739    -0.6931 -9.990e-29
 257.547969     -0.147   0.451567    15.0354    -1.7305     -0.146     0.2720    -0.6934 -9.990e-29
 257.547975     -0.146   0.448106    15.0254    -1.7301     -0.145     0.2699    -0.6935 -9.990e-29
 257.547980     -0.144   0.445359    15.0137    -1.7285     -0.143     0.2683    -0.6930 -9.990e-29
 257.547986     -0.141   0.443541    15.0034    -1.7291     -0.140     0.2672    -0.6922 -9.990e-29
 257.547992     -0.138   0.442440    14.9977    -1.7295     -0.137     0.2666    -0.6919 -9.990e-29
 257.547998     -0.133   0.441698    14.9968    -1.7295     -0.132     0.2661    -0.6921 -9.990e-29
 257.548003     -0.128   0.441985    14.9977    -1.7291     -0.127     0.2663    -0.6921 -9.990e-29
 257.548009     -0.121   0.444236    14.9985    -1.7287     -0.120     0.2677    -0.6911 -9.990e-29
 257.548015     -0.116   0.448133    14.9986    -1.7286     -0.115     0.2701    -0.6893 -9.990e-29
 257.548021     -0.117   0.453889    14.9963    -1.7284     -0.116     0.2737    -0.6862 -9.990e-29
 257.548027     -0.120   0.468073    14.9902    -1.7283     -0.119     0.2825    -0.6784 -9.990e-29
 257.548032     -0.121   0.511257    14.9810    -1.7282     -0.120     0.3094    -0.6561 -9.990e-29
 257.548038     -0.120   0.610022    14.9706    -1.7280     -0.119     0.3714    -0.6066 -9.990e-29
 257.548044     -0.117   0.730533    14.9615    -1.7278     -0.116     0.4478    -0.5461 -9.990e-29
 257.548050     -0.111   0.804278    14.9560    -1.7280     -0.110     0.4949    -0.5088 -9.990e-29
 257.548056     -0.103   0.838795    14.9548    -1.7280     -0.102     0.5170    -0.4915 -9.990e-29
 257.548061     -0.092   0.872354    14.9580    -1.7281     -0.091     0.5385    -0.4754 -9.990e-29
 257.548067     -0.077   0.908729    14.9651    -1.7285     -0.076     0.5618    -0.4584 -9.990e-29
 257.548073     -0.061   0.930528    14.9739    -1.7290     -0.060     0.5757    -0.4490 -9.990e-29
 257.548079     -0.048   0.925290    14.9827    -1.7292     -0.048     0.5722    -0.4531 -9.990e-29
 257.548084     -0.037   0.903750    14.9913    -1.7293     -0.037     0.5582    -0.4652 -9.990e-29
 257.548090     -0.027   0.878162    14.9995    -1.7292     -0.027     0.5417    -0.4792 -9.990e-29
 257.548096     -0.018   0.851507    15.0057    -1.7296     -0.018     0.5245    -0.4935 -9.990e-29
