data/oxygen options/ONMS/Olympic_Coast_National_Marine_Sanctuary_Hypoxia_Survey_CTD_Data_2004_2015/raw_data/2012/CAST_RR042_120920faedb.cnv
* Sea-Bird SBE19 Data File:
* FileName = C:\Documents and Settings\OCNMS\Desktop\2012 mooring data\Hypoxia Sampling\120920\CAST_RR042_120920.hex
* Software Version 1.25
* Temperature SN = 2997
* Conductivity SN = 2997
* System UpLoad Time = Sep 20 2012 12:06:05
** CAST_RR042_120920
* SEACAT PROFILER V3.1c SN 2997   09/20/12  12:03:04.490
# nquan = 9
# nvalues = 40                          
# units = specified
# name 0 = timeJ: Julian Days
# name 1 = prSM: Pressure, Strain Gauge [db]
# name 2 = c0mS/cm: Conductivity [mS/cm]
# name 3 = t090C: Temperature [ITS-90, deg C]
# name 4 = sbeox0ML/L: Oxygen, SBE 43 [ml/l]
# name 5 = depSM: Depth [salt water, m], lat = 47.5
# name 6 = sal00: Salinity, Practical [PSU]
# name 7 = sigma-é00: Density [sigma-theta, kg/m^3]
# name 8 = flag: flag
# span 0 = 264.477335, 264.477942       
# span 1 =      2.000,     41.000       
# span 2 =  34.587254,  38.503328       
# span 3 =     7.6069,    13.4626       
# span 4 =     0.6232,     6.5738       
# span 5 =      1.983,     40.654       
# span 6 =    32.2665,    33.6178       
# span 7 =    24.1846,    26.2457       
# span 8 = 0.0000e+00, 0.0000e+00       
# interval = decibars: 1                
# start_time = Sep 20 2012 11:21:28 [Instrument's time stamp, header]
# bad_flag = -9.990e-29
*END*
 264.477335      2.000  38.503328    13.4626     6.5738      1.983    32.2665    24.1846 0.0000e+00
 264.477359      3.000  38.492286    13.4489     6.4836      2.975    32.2673    24.1879 0.0000e+00
 264.477378      4.000  38.485435    13.4371     5.9394      3.966    32.2706    24.1928 0.0000e+00
 264.477396      5.000  38.430269    13.3081     4.6888      4.958    32.3280    24.2630 0.0000e+00
 264.477413      6.000  38.117767    12.7594     3.5045      5.950    32.5023    24.5054 0.0000e+00
 264.477429      7.000  37.471450    11.6275     3.1853      6.942    32.8696    25.0027 0.0000e+00
 264.477443      8.000  36.552933    10.4834     2.7415      7.933    32.9841    25.2953 0.0000e+00
 264.477456      9.000  35.982501     9.8596     2.3021      8.924    32.9752    25.3945 0.0000e+00
 264.477467     10.000  35.761801     9.4894     2.0639      9.916    33.0893    25.5443 0.0000e+00
 264.477479     11.000  35.535693     9.1339     1.9402     10.908    33.1850    25.6760 0.0000e+00
 264.477489     12.000  35.382642     8.9013     1.9338     11.899    33.2425    25.7576 0.0000e+00
 264.477499     13.000  35.280231     8.7334     1.9589     12.891    33.2925    25.8228 0.0000e+00
 264.477510     14.000  35.200415     8.6098     1.9095     13.882    33.3245    25.8671 0.0000e+00
 264.477520     15.000  35.134231     8.5108     1.7117     14.875    33.3480    25.9005 0.0000e+00
 264.477531     16.000  35.064875     8.4110     1.4519     15.866    33.3687    25.9319 0.0000e+00
 264.477541     17.000  34.992444     8.2801     1.2651     16.857    33.4158    25.9885 0.0000e+00
 264.477552     18.000  34.901313     8.1132     1.1668     17.849    33.4776    26.0618 0.0000e+00
 264.477563     19.000  34.802563     7.9651     1.1489     18.841    33.5134    26.1118 0.0000e+00
 264.477573     20.000  34.760593     7.9011     1.1340     19.832    33.5294    26.1337 0.0000e+00
 264.477585     21.000  34.742668     7.8712     1.0746     20.824    33.5384    26.1452 0.0000e+00
 264.477597     22.000  34.728075     7.8501     1.0391     21.815    33.5426    26.1516 0.0000e+00
 264.477609     23.000  34.719636     7.8365     0.9723     22.807    33.5461    26.1563 0.0000e+00
 264.477621     24.000  34.702337     7.8083     0.9028     23.798    33.5542    26.1667 0.0000e+00
 264.477634     25.000  34.678802     7.7636     0.8362     24.790    33.5715    26.1868 0.0000e+00
 264.477646     26.000  34.657112     7.7192     0.7935     25.782    33.5904    26.2081 0.0000e+00
 264.477658     27.000  34.628831     7.6748     0.7854     26.773    33.6024    26.2239 0.0000e+00
 264.477671     28.000  34.613732     7.6551     0.7862     27.764    33.6047    26.2285 0.0000e+00
 264.477683     29.000  34.609947     7.6520     0.7929     28.756    33.6031    26.2277 0.0000e+00
 264.477697     30.000  34.608018     7.6466     0.7781     29.748    33.6058    26.2306 0.0000e+00
 264.477710     31.000  34.605674     7.6403     0.7307     30.739    33.6088    26.2339 0.0000e+00
 264.477725     32.000  34.601710     7.6305     0.7382     31.730    33.6135    26.2390 0.0000e+00
 264.477744     33.000  34.603095     7.6310     0.7407     32.722    33.6141    26.2394 0.0000e+00
 264.477779     34.000  34.601762     7.6302     0.6999     33.713    33.6129    26.2386 0.0000e+00
 264.477808     35.000  34.599553     7.6312     0.6810     34.705    33.6091    26.2355 0.0000e+00
 264.477831     36.000  34.597749     7.6208     0.6509     35.696    33.6168    26.2430 0.0000e+00
 264.477848     37.000  34.588409     7.6102     0.6537     36.688    33.6165    26.2444 0.0000e+00
 264.477866     38.000  34.587774     7.6100     0.6499     37.680    33.6155    26.2436 0.0000e+00
 264.477885     39.000  34.587414     7.6112     0.6298     38.671    33.6134    26.2418 0.0000e+00
 264.477906     40.000  34.587254     7.6069     0.6282     39.662    33.6169    26.2452 0.0000e+00
 264.477942     41.000  34.590043     7.6086     0.6232     40.654    33.6178    26.2457 0.0000e+00
