data/oxygen options/ONMS/Olympic_Coast_National_Marine_Sanctuary_Hypoxia_Survey_CTD_Data_2004_2015/raw_data/2012/CAST_HH035_120830faed.cnv
* Sea-Bird SBE19 Data File:
* FileName = C:\Documents and Settings\OCNMS\Desktop\2012 mooring data\2nd service\CAST_HH035_120830.hex
* Software Version 1.25
* Temperature SN = 2997
* Conductivity SN = 2997
* System UpLoad Time = Aug 30 2012 18:33:03
** CAST_HH035_120830
* SEACAT PROFILER V3.1c SN 2997   08/30/12  18:31:23.829
# nquan = 9                                 
# nvalues = 1526                        
# units = specified
# name 0 = timeJ: Julian Days
# name 1 = prSM: Pressure, Strain Gauge [db]
# name 2 = c0mS/cm: Conductivity [mS/cm]
# name 3 = t090C: Temperature [ITS-90, deg C]
# name 4 = sbeox0ML/L: Oxygen, SBE 43 [ml/l]
# name 5 = depSM: Depth [salt water, m], lat = 47.5
# name 6 = sal00: Salinity, Practical [PSU]
# name 7 = sigma-é00: Density [sigma-theta, kg/m^3]
# name 8 = flag: flag
# span 0 = 243.743924, 243.752749       
# span 1 =     -5.764,     30.820       
# span 2 =   0.242576,  38.585190       
# span 3 =    12.3202,    14.8943       
# span 4 =    -1.7614,    17.1762       
# span 5 =     -5.716,     30.560       
# span 6 =     0.1463,    32.7064       
# span 7 =    -0.7639,    24.7470       
# span 8 = 0.0000e+00, 0.0000e+00       
# interval = seconds: 0.5
# start_time = Aug 30 2012 17:51:15 [Instrument's time stamp, header]
# bad_flag = -9.990e-29
*END*
[from data line 801]
 243.748559     -0.131   0.257991    14.6713    -1.7422     -0.130     0.1550    -0.7296 -9.990e-29
 243.748565     -0.131   0.257867    14.6716    -1.7414     -0.130     0.1549    -0.7297 -9.990e-29
 243.748571     -0.130   0.257497    14.6731    -1.7404     -0.129     0.1547    -0.7301 -9.990e-29
 243.748576     -0.127   0.256943    14.6765    -1.7401     -0.126     0.1543    -0.7309 -9.990e-29
 243.748582     -0.122   0.256574    14.6834    -1.7401     -0.121     0.1541    -0.7321 -9.990e-29
 243.748588     -0.116   0.256450    14.6941    -1.7400     -0.115     0.1540    -0.7338 -9.990e-29
 243.748594     -0.111   0.256410    14.7048    -1.7397     -0.110     0.1539    -0.7354 -9.990e-29
 243.748600     -0.109   0.256399    14.7120    -1.7393     -0.108     0.1539    -0.7365 -9.990e-29
 243.748605     -0.099   0.256406    14.7182    -1.7389     -0.098     0.1538    -0.7374 -9.990e-29
 243.748611     -0.082   0.256441    14.7284    -1.7387     -0.081     0.1538    -0.7389 -9.990e-29
 243.748617     -0.060   0.256549    14.7441    -1.7384     -0.059     0.1538    -0.7413 -9.990e-29
 243.748623     -0.036   0.256876    14.7605    -1.7384     -0.036     0.1540    -0.7436 -9.990e-29
 243.748628     -0.017   0.257305    14.7713    -1.7383     -0.017     0.1542    -0.7450 -9.990e-29
 243.748634     -0.008   0.257305    14.7768    -1.7384     -0.008     0.1542    -0.7459 -9.990e-29
 243.748640     -0.006   0.256874    14.7819    -1.7383     -0.006     0.1539    -0.7468 -9.990e-29
 243.748646     -0.012   0.256545    14.7892    -1.7382     -0.012     0.1537    -0.7481 -9.990e-29
 243.748652     -0.026   0.256435    14.7978    -1.7381     -0.026     0.1536    -0.7494 -9.990e-29
 243.748657     -0.045   0.256398    14.8062    -1.7382     -0.045     0.1535    -0.7507 -9.990e-29
 243.748663     -0.061   0.256385    14.8131    -1.7383     -0.060     0.1535    -0.7518 -9.990e-29
 243.748669     -0.072   0.256381    14.8180    -1.7382     -0.071     0.1535    -0.7525 -9.990e-29
 243.748675     -0.077   0.256380    14.8209    -1.7380     -0.076     0.1535    -0.7530 -9.990e-29
 243.748681     -0.082   0.256382    14.8222    -1.7378     -0.081     0.1535    -0.7532 -9.990e-29
 243.748686     -0.091   0.256390    14.8231    -1.7376     -0.090     0.1535    -0.7533 -9.990e-29
 243.748692     -0.100   0.256416    14.8242    -1.7369     -0.099     0.1535    -0.7535 -9.990e-29
 243.748698     -0.105   0.256498    14.8255    -1.7365     -0.104     0.1535    -0.7536 -9.990e-29
 243.748704     -0.108   0.256744    14.8265    -1.7361     -0.107     0.1537    -0.7537 -9.990e-29
 243.748709     -0.108   0.256931    14.8266    -1.7356     -0.107     0.1538    -0.7536 -9.990e-29
 243.748715     -0.105   0.256756    14.8267    -1.7354     -0.104     0.1537    -0.7537 -9.990e-29
 243.748721     -0.099   0.256538    14.8289    -1.7355     -0.098     0.1535    -0.7541 -9.990e-29
 243.748727     -0.090   0.256541    14.8336    -1.7363     -0.089     0.1535    -0.7548 -9.990e-29
 243.748733     -0.076   0.256771    14.8401    -1.7368     -0.075     0.1536    -0.7557 -9.990e-29
 243.748738     -0.062   0.256983    14.8486    -1.7368     -0.061     0.1537    -0.7569 -9.990e-29
 243.748744     -0.055   0.256904    14.8597    -1.7370     -0.055     0.1536    -0.7586 -9.990e-29
 243.748750     -0.055   0.256986    14.8714    -1.7372     -0.055     0.1537    -0.7604 -9.990e-29
 243.748756     -0.057   0.257338    14.8819    -1.7373     -0.057     0.1538    -0.7618 -9.990e-29
 243.748762     -0.062   0.257323    14.8903    -1.7375     -0.061     0.1538    -0.7631 -9.990e-29
 243.748767     -0.065   0.256923    14.8943    -1.7376     -0.064     0.1535    -0.7639 -9.990e-29
 243.748773     -0.063   0.256711    14.8906    -1.7376     -0.062     0.1534    -0.7634 -9.990e-29
 243.748779     -0.059   0.256961    14.8804    -1.7374     -0.059     0.1536    -0.7618 -9.990e-29
 243.748785     -0.058   0.257452    14.8706    -1.7370     -0.058     0.1539    -0.7600 -9.990e-29
 243.748791     -0.059   0.257732    14.8644    -1.7371     -0.059     0.1541    -0.7590 -9.990e-29
 243.748796     -0.063   0.257624    14.8596    -1.7376     -0.062     0.1541    -0.7583 -9.990e-29
 243.748802     -0.065   0.257536    14.8549    -1.7384     -0.064     0.1540    -0.7576 -9.990e-29
 243.748808     -0.066   0.257908    14.8504    -1.7392     -0.065     0.1543    -0.7567 -9.990e-29
 243.748814     -0.070   0.258498    14.8467    -1.7392     -0.069     0.1547    -0.7559 -9.990e-29
 243.748819     -0.074   0.258984    14.8445    -1.7388     -0.073     0.1550    -0.7553 -9.990e-29
 243.748825     -0.072   0.259277    14.8453    -1.7385     -0.071     0.1551    -0.7553 -9.990e-29
 243.748831     -0.065   0.259214    14.8488    -1.7392     -0.064     0.1551    -0.7559 -9.990e-29
 243.748837     -0.057   0.259081    14.8510    -1.7405     -0.057     0.1550    -0.7563 -9.990e-29
 243.748843     -0.051   0.259250    14.8473    -1.7411     -0.051     0.1551    -0.7556 -9.990e-29
 243.748848     -0.043   0.259394    14.8367    -1.7417     -0.043     0.1552    -0.7540 -9.990e-29
 243.748854     -0.028   0.259151    14.8224    -1.7426     -0.028     0.1551    -0.7519 -9.990e-29
 243.748860     -0.005   0.258750    14.8108    -1.7438     -0.005     0.1549    -0.7503 -9.990e-29
 243.748866      0.019   0.258760    14.8065    -1.7447      0.019     0.1550    -0.7497 -9.990e-29
 243.748872      0.032   0.259194    14.8071    -1.7459      0.032     0.1552    -0.7496 -9.990e-29
 243.748877      0.036   0.259525    14.8041    -1.7471      0.036     0.1554    -0.7489 -9.990e-29
 243.748883      0.034   0.259640    14.7905    -1.7480      0.034     0.1555    -0.7468 -9.990e-29
 243.748889      0.028   0.259691    14.7696    -1.7488      0.028     0.1557    -0.7436 -9.990e-29
 243.748895      0.015   0.259745    14.7487    -1.7497      0.015     0.1558    -0.7405 -9.990e-29
 243.748900      0.001   0.259873    14.7284    -1.7505      0.001     0.1559    -0.7373 -9.990e-29
 243.748906     -0.008   0.260243    14.7049    -1.7508     -0.008     0.1562    -0.7336 -9.990e-29
 243.748912     -0.012   0.260796    14.6782    -1.7506     -0.012     0.1567    -0.7293 -9.990e-29
 243.748918     -0.016   0.261162    14.6502    -1.7503     -0.016     0.1570    -0.7250 -9.990e-29
 243.748924     -0.020   0.261272    14.6213    -1.7495     -0.020     0.1572    -0.7206 -9.990e-29
 243.748929     -0.024   0.261272    14.5933    -1.7485     -0.024     0.1573    -0.7164 -9.990e-29
 243.748935     -0.024   0.261163    14.5682    -1.7478     -0.024     0.1573    -0.7127 -9.990e-29
 243.748941     -0.020   0.260799    14.5453    -1.7473     -0.020     0.1571    -0.7095 -9.990e-29
 243.748947     -0.020   0.260248    14.5245    -1.7467     -0.020     0.1569    -0.7066 -9.990e-29
 243.748953     -0.025   0.259880    14.5090    -1.7463     -0.025     0.1567    -0.7045 -9.990e-29
 243.748958     -0.027   0.259758    14.5018    -1.7458     -0.027     0.1567    -0.7035 -9.990e-29
 243.748964     -0.024   0.259716    14.5034    -1.7456     -0.024     0.1566    -0.7038 -9.990e-29
 243.748970     -0.021   0.259699    14.5130    -1.7453     -0.021     0.1566    -0.7052 -9.990e-29
 243.748976     -0.019   0.259681    14.5292    -1.7451     -0.019     0.1565    -0.7076 -9.990e-29
 243.748981     -0.018   0.259640    14.5486    -1.7448     -0.018     0.1564    -0.7105 -9.990e-29
 243.748987     -0.011   0.259518    14.5675    -1.7443     -0.011     0.1563    -0.7134 -9.990e-29
 243.748993      0.004   0.259154    14.5844    -1.7439      0.004     0.1560    -0.7161 -9.990e-29
 243.748999      0.025   0.258616    14.5991    -1.7434      0.025     0.1556    -0.7185 -9.990e-29
 243.749005      0.045   0.258290    14.6114    -1.7425      0.045     0.1554    -0.7205 -9.990e-29
 243.749010      0.059   0.258296    14.6218    -1.7417      0.059     0.1553    -0.7221 -9.990e-29
 243.749016      0.071   0.258638    14.6305    -1.7414      0.070     0.1555    -0.7232 -9.990e-29
 243.749022      0.079   0.259220    14.6380    -1.7414      0.078     0.1558    -0.7241 -9.990e-29
 243.749028      0.085   0.259709    14.6456    -1.7415      0.084     0.1561    -0.7250 -9.990e-29
 243.749034      0.089   0.260204    14.6545    -1.7414      0.088     0.1564    -0.7261 -9.990e-29
 243.749039      0.091   0.260812    14.6653    -1.7414      0.090     0.1567    -0.7274 -9.990e-29
 243.749045      0.091   0.261235    14.6778    -1.7410      0.090     0.1569    -0.7291 -9.990e-29
 243.749051      0.090   0.261482    14.6927    -1.7407      0.089     0.1570    -0.7312 -9.990e-29
 243.749057      0.087   0.261882    14.7097    -1.7408      0.086     0.1572    -0.7336 -9.990e-29
 243.749063      0.082   0.262414    14.7251    -1.7407      0.081     0.1575    -0.7356 -9.990e-29
 243.749068      0.074   0.262679    14.7349    -1.7403      0.073     0.1576    -0.7370 -9.990e-29
 243.749074      0.064   0.262476    14.7391    -1.7400      0.063     0.1575    -0.7377 -9.990e-29
 243.749080      0.051   0.262088    14.7405    -1.7401      0.051     0.1572    -0.7381 -9.990e-29
 243.749086      0.034   0.262103    14.7419    -1.7404      0.034     0.1572    -0.7383 -9.990e-29
 243.749091      0.015   0.262540    14.7450    -1.7400      0.015     0.1575    -0.7386 -9.990e-29
 243.749097     -0.001   0.262873    14.7502    -1.7400     -0.001     0.1577    -0.7392 -9.990e-29
 243.749103     -0.017   0.262993    14.7550    -1.7398     -0.017     0.1577    -0.7399 -9.990e-29
 243.749109     -0.028   0.263058    14.7583    -1.7398     -0.028     0.1577    -0.7403 -9.990e-29
 243.749115     -0.031   0.263154    14.7625    -1.7395     -0.031     0.1578    -0.7409 -9.990e-29
 243.749120     -0.031   0.263409    14.7684    -1.7395     -0.031     0.1579    -0.7417 -9.990e-29
 243.749126     -0.031   0.263609    14.7727    -1.7395     -0.031     0.1580    -0.7423 -9.990e-29
 243.749132     -0.032   0.263467    14.7732    -1.7397     -0.032     0.1579    -0.7424 -9.990e-29
 243.749138     -0.034   0.263345    14.7727    -1.7397     -0.034     0.1579    -0.7424 -9.990e-29
 243.749144     -0.037   0.263635    14.7746    -1.7395     -0.037     0.1580    -0.7425 -9.990e-29
 243.749149     -0.037   0.264166    14.7780    -1.7392     -0.037     0.1583    -0.7428 -9.990e-29
 243.749155     -0.025   0.264539    14.7816    -1.7391     -0.025     0.1586    -0.7432 -9.990e-29
 243.749161     -0.005   0.264697    14.7849    -1.7390     -0.005     0.1586    -0.7436 -9.990e-29
 243.749167      0.011   0.264851    14.7878    -1.7391      0.011     0.1587    -0.7440 -9.990e-29
 243.749172      0.025   0.265207    14.7894    -1.7393      0.025     0.1589    -0.7440 -9.990e-29
 243.749178      0.041   0.265683    14.7892    -1.7398      0.041     0.1592    -0.7438 -9.990e-29
 243.749184      0.057   0.265807    14.7883    -1.7397      0.057     0.1593    -0.7436 -9.990e-29
 243.749190      0.069   0.265743    14.7892    -1.7396      0.068     0.1593    -0.7438 -9.990e-29
 243.749196      0.079   0.265958    14.7927    -1.7396      0.078     0.1594    -0.7442 -9.990e-29
 243.749201      0.086   0.266187    14.7969    -1.7398      0.085     0.1595    -0.7447 -9.990e-29
 243.749207      0.090   0.266179    14.7999    -1.7399      0.089     0.1595    -0.7452 -9.990e-29
 243.749213      0.093   0.265921    14.8010    -1.7398      0.092     0.1593    -0.7455 -9.990e-29
 243.749219      0.095   0.265624    14.7993    -1.7392      0.094     0.1591    -0.7453 -9.990e-29
 243.749225      0.095   0.265443    14.7947    -1.7387      0.094     0.1590    -0.7447 -9.990e-29
 243.749230      0.094   0.265137    14.7898    -1.7383      0.093     0.1589    -0.7441 -9.990e-29
 243.749236      0.091   0.264849    14.7876    -1.7384      0.090     0.1587    -0.7439 -9.990e-29
 243.749242      0.087   0.264750    14.7873    -1.7377      0.086     0.1587    -0.7439 -9.990e-29
 243.749248      0.085   0.264705    14.7867    -1.7376      0.084     0.1586    -0.7439 -9.990e-29
 243.749253      0.090   0.264654    14.7854    -1.7375      0.089     0.1586    -0.7437 -9.990e-29
 243.749259      0.097   0.264528    14.7856    -1.7378      0.096     0.1585    -0.7438 -9.990e-29
 243.749265      0.103   0.264159    14.7904    -1.7385      0.102     0.1583    -0.7447 -9.990e-29
 243.749271      0.108   0.263606    14.8000    -1.7387      0.107     0.1579    -0.7464 -9.990e-29
 243.749277      0.112   0.263239    14.8108    -1.7384      0.111     0.1577    -0.7482 -9.990e-29
 243.749282      0.117   0.263120    14.8193    -1.7385      0.116     0.1576    -0.7496 -9.990e-29
 243.749288      0.121   0.263091    14.8264    -1.7387      0.120     0.1575    -0.7507 -9.990e-29
 243.749294      0.125   0.263110    14.8334    -1.7388      0.124     0.1575    -0.7517 -9.990e-29
 243.749300      0.130   0.263202    14.8380    -1.7386      0.129     0.1575    -0.7524 -9.990e-29
 243.749306      0.136   0.263491    14.8378    -1.4489      0.135     0.1577    -0.7522 -9.990e-29
 243.749311      0.143   0.264361    14.8321    -1.4639      0.142     0.1583    -0.7509 -9.990e-29
 243.749317      0.151   0.266418    14.8239    -1.4682      0.150     0.1595    -0.7487 -9.990e-29
 243.749323      0.162   0.270743    14.8187    -1.4715      0.161     0.1622    -0.7459 -9.990e-29
 243.749329      0.176   0.281993    14.8164    -1.4750      0.175     0.1690    -0.7402 -9.990e-29
 243.749334      0.193   0.315721    14.8119    -1.4722      0.191     0.1896    -0.7236 -9.990e-29
 243.749340      0.215   0.417451    14.8009    -1.4717      0.213     0.2523    -0.6733 -9.990e-29
 243.749346      0.243   0.722823    14.7734    -1.4709      0.241     0.4450    -0.5200 -9.990e-29
 243.749352      0.280   1.638445    14.6943    -1.4865      0.278     1.0477    -0.0421 -9.990e-29
 243.749358      0.331   4.384038    14.4555    -1.4821      0.328     2.9838     1.4867 -9.990e-29
 243.749363      0.404  12.620393    14.0441    -1.4792      0.401     9.3744     6.4623 -9.990e-29
 243.749369      0.496  25.074568    13.6759    -1.4761      0.492    19.9815    14.6733 -9.990e-29
 243.749375      0.590  33.609574    13.4866    -1.4715      0.585    27.7291    20.6759 -9.990e-29
 243.749381      0.667  36.650868    13.4114    -1.4714      0.661    30.5858    22.8958 -9.990e-29
 243.749387      0.719  37.626500    13.3773    -1.4719      0.713    31.5205    23.6249 -9.990e-29
 243.749392      0.759  37.892151    13.3595    -1.4727      0.753    31.7831    23.8313 -9.990e-29
 243.749398      0.796  38.026073    13.3537    -1.4712      0.789    31.9130    23.9329 -9.990e-29
 243.749404      0.829  38.054393    13.3547    -1.4701      0.822    31.9386    23.9525 -9.990e-29
 243.749410      0.852  37.780636    13.3529    -1.4711      0.845    31.6845    23.7564 -9.990e-29
 243.749416      0.861  37.355104    13.3474    -1.4706      0.854    31.2922    23.4543 -9.990e-29
 243.749421      0.867  37.250662    13.3424    -1.4708      0.860    31.1990    23.3833 -9.990e-29
 243.749427      0.882  37.478749    13.3374    -1.4704      0.875    31.4157    23.5517 -9.990e-29
 243.749433      0.911  37.798957    13.3356    -1.4698      0.903    31.7159    23.7842 -9.990e-29
 243.749439      0.952  38.091416    13.3395    -1.4704      0.944    31.9859    23.9921 -9.990e-29
 243.749444      0.995  38.241807    13.3434    -1.4703      0.987    32.1232    24.0975 -9.990e-29
 243.749450      1.030  38.265160    13.3408    -1.4702      1.021    32.1472    24.1166 -9.990e-29
 243.749456      1.059  38.277169    13.3353    -1.4701      1.050    32.1631    24.1300 -9.990e-29
 243.749462      1.087  38.344225    13.3346    -1.4700      1.078    32.2264    24.1791 -9.990e-29
 243.749468      1.113  38.412256    13.3388    -1.4702      1.104    32.2865    24.2247 -9.990e-29
 243.749473      1.134  38.427370    13.3411    -1.4705      1.125    32.2987    24.2337 -9.990e-29
