data/oxygen options/ONMS/Olympic_Coast_National_Marine_Sanctuary_Hypoxia_Survey_CTD_Data_2004_2015/raw_data/2012/CAST_RR015_120830faed.cnv
* Sea-Bird SBE19 Data File:
* FileName = C:\Documents and Settings\OCNMS\Desktop\2012 mooring data\2nd service\CAST_RR015_120830.hex
* Software Version 1.25
* Temperature SN = 2997
* Conductivity SN = 2997
* System UpLoad Time = Aug 30 2012 13:58:33
** CAST_RR015_120830
* SEACAT PROFILER V3.1c SN 2997   08/30/12  13:57:27.735
# nquan = 9                                 
# nvalues = 936                         
# units = specified
# name 0 = timeJ: Julian Days
# name 1 = prSM: Pressure, Strain Gauge [db]
# name 2 = c0mS/cm: Conductivity [mS/cm]
# name 3 = t090C: Temperature [ITS-90, deg C]
# name 4 = sbeox0ML/L: Oxygen, SBE 43 [ml/l]
# name 5 = depSM: Depth [salt water, m], lat = 47.5
# name 6 = sal00: Salinity, Practical [PSU]
# name 7 = sigma-é00: Density [sigma-theta, kg/m^3]
# name 8 = flag: flag
# span 0 = 243.574676, 243.580087       
# span 1 =     -5.511,     15.991       
# span 2 =   0.257849,  37.395271       
# span 3 =    13.4409,    18.5207       
# span 4 =   -13.0131,    14.2877       
# span 5 =     -5.465,     15.857       
# span 6 =     0.1443,    30.6378       
# span 7 =    -1.3868,    22.8084       
# span 8 = 0.0000e+00, 0.0000e+00       
# interval = seconds: 0.5
# start_time = Aug 30 2012 13:47:32 [Instrument's time stamp, header]
# bad_flag = -9.990e-29
*END*
[from data line 161]
 243.575608     -2.155   0.275661    18.0398    -1.6240     -2.137     0.1536    -1.2924 -9.990e-29
 243.575613     -2.139   0.275695    18.0401    -1.6235     -2.121     0.1536    -1.2925 -9.990e-29
 243.575619     -2.126   0.275803    18.0415    -1.6232     -2.108     0.1536    -1.2927 -9.990e-29
 243.575625     -2.109   0.276126    18.0422    -1.6230     -2.091     0.1538    -1.2927 -9.990e-29
 243.575631     -2.093   0.276543    18.0408    -1.6233     -2.076     0.1541    -1.2923 -9.990e-29
 243.575637     -2.080   0.276503    18.0393    -1.6237     -2.063     0.1540    -1.2920 -9.990e-29
 243.575642     -2.070   0.275952    18.0430    -1.6239     -2.053     0.1537    -1.2929 -9.990e-29
 243.575648     -2.062   0.275260    18.0554    -1.6241     -2.045     0.1533    -1.2956 -9.990e-29
 243.575654     -2.055   0.274611    18.0735    -1.6242     -2.038     0.1529    -1.2992 -9.990e-29
 243.575660     -2.049   0.274245    18.0914    -1.6242     -2.032     0.1526    -1.3028 -9.990e-29
 243.575666     -2.044   0.274229    18.1057    -1.6240     -2.027     0.1525    -1.3055 -9.990e-29
 243.575671     -2.040   0.274540    18.1153    -1.6238     -2.023     0.1527    -1.3072 -9.990e-29
 243.575677     -2.036   0.275038    18.1188    -1.6233     -2.019     0.1530    -1.3076 -9.990e-29
 243.575683     -2.031   0.275280    18.1153    -1.6235     -2.014     0.1531    -1.3069 -9.990e-29
 243.575689     -2.026   0.275036    18.1080    -1.6234     -2.009     0.1530    -1.3056 -9.990e-29
 243.575694     -2.020   0.274532    18.1008    -1.6227     -2.003     0.1527    -1.3044 -9.990e-29
 243.575700     -2.014   0.274203    18.0958    -1.6220     -1.997     0.1526    -1.3036 -9.990e-29
 243.575706     -2.005   0.274162    18.0937    -1.6212     -1.988     0.1525    -1.3032 -9.990e-29
 243.575712     -1.995   0.274356    18.0946    -1.6209     -1.978     0.1526    -1.3033 -9.990e-29
 243.575718     -1.982   0.274489    18.0984    -1.6205     -1.965     0.1527    -1.3040 -9.990e-29
 243.575723     -1.965   0.274182    18.1051    -1.6201     -1.949     0.1525    -1.3054 -9.990e-29
 243.575729     -1.948   0.273579    18.1121    -1.6199     -1.932     0.1522    -1.3070 -9.990e-29
 243.575735     -1.933   0.272984    18.1179    -1.6196     -1.917     0.1518    -1.3083 -9.990e-29
 243.575741     -1.917   0.272710    18.1266    -1.6195     -1.901     0.1516    -1.3101 -9.990e-29
 243.575747     -1.897   0.272943    18.1413    -1.6197     -1.881     0.1517    -1.3128 -9.990e-29
 243.575752     -1.880   0.273440    18.1596    -1.6195     -1.864     0.1519    -1.3160 -9.990e-29
 243.575758     -1.871   0.273758    18.1773    -1.6193     -1.855     0.1520    -1.3192 -9.990e-29
 243.575764     -1.864   0.273766    18.1922    -1.6190     -1.848     0.1520    -1.3221 -9.990e-29
 243.575770     -1.854   0.273473    18.2048    -1.6188     -1.839     0.1518    -1.3246 -9.990e-29
 243.575775     -1.845   0.273042    18.2157    -1.6185     -1.830     0.1515    -1.3268 -9.990e-29
 243.575781     -1.842   0.273006    18.2242    -1.6182     -1.827     0.1515    -1.3285 -9.990e-29
 243.575787     -1.843   0.273315    18.2301    -1.6178     -1.828     0.1516    -1.3295 -9.990e-29
 243.575793     -1.848   0.273275    18.2328    -1.6177     -1.833     0.1516    -1.3300 -9.990e-29
 243.575799     -1.850   0.272832    18.2346    -1.6176     -1.835     0.1513    -1.3305 -9.990e-29
 243.575804     -1.840   0.272500    18.2387    -1.6175     -1.825     0.1511    -1.3314 -9.990e-29
 243.575810     -1.826   0.272390    18.2453    -1.6173     -1.811     0.1511    -1.3328 -9.990e-29
 243.575816     -1.812   0.272353    18.2532    -1.6172     -1.797     0.1510    -1.3343 -9.990e-29
 243.575822     -1.791   0.272341    18.2615    -1.6174     -1.776     0.1510    -1.3359 -9.990e-29
 243.575828     -1.768   0.272338    18.2703    -1.6174     -1.753     0.1509    -1.3375 -9.990e-29
 243.575833     -1.745   0.272337    18.2796    -1.6170     -1.730     0.1509    -1.3393 -9.990e-29
 243.575839     -1.724   0.272338    18.2878    -1.6168     -1.710     0.1509    -1.3409 -9.990e-29
 243.575845     -1.709   0.272341    18.2936    -1.6167     -1.695     0.1509    -1.3420 -9.990e-29
 243.575851     -1.699   0.272350    18.2976    -1.6165     -1.685     0.1509    -1.3427 -9.990e-29
 243.575856     -1.693   0.272377    18.3009    -1.6164     -1.679     0.1509    -1.3434 -9.990e-29
 243.575862     -1.686   0.272455    18.3041    -1.6162     -1.672     0.1509    -1.3439 -9.990e-29
 243.575868     -1.674   0.272688    18.3064    -1.6158     -1.660     0.1510    -1.3443 -9.990e-29
 243.575874     -1.656   0.272833    18.3078    -1.6155     -1.642     0.1511    -1.3445 -9.990e-29
 243.575880     -1.635   0.272531    18.3107    -1.6154     -1.621     0.1509    -1.3452 -9.990e-29
 243.575885     -1.619   0.271930    18.3162    -1.6155     -1.605     0.1506    -1.3465 -9.990e-29
 243.575891     -1.610   0.271334    18.3223    -1.6155     -1.597     0.1502    -1.3479 -9.990e-29
 243.575897     -1.604   0.271057    18.3280    -1.6154     -1.591     0.1500    -1.3491 -9.990e-29
 243.575903     -1.596   0.271281    18.3331    -1.6155     -1.583     0.1501    -1.3500 -9.990e-29
 243.575909     -1.589   0.271750    18.3380    -1.6158     -1.576     0.1504    -1.3507 -9.990e-29
 243.575914     -1.589   0.271983    18.3445    -1.6162     -1.576     0.1505    -1.3519 -9.990e-29
 243.575920     -1.594   0.271737    18.3525    -1.6165     -1.581     0.1503    -1.3535 -9.990e-29
 243.575926     -1.601   0.271236    18.3594    -1.6165     -1.588     0.1500    -1.3550 -9.990e-29
 243.575932     -1.601   0.270920    18.3633    -1.6164     -1.588     0.1499    -1.3559 -9.990e-29
 243.575938     -1.595   0.270920    18.3643    -1.6161     -1.582     0.1498    -1.3561 -9.990e-29
 243.575943     -1.587   0.271235    18.3644    -1.6160     -1.574     0.1500    -1.3560 -9.990e-29
 243.575949     -1.575   0.271732    18.3641    -1.6157     -1.562     0.1503    -1.3557 -9.990e-29
 243.575955     -1.564   0.271965    18.3609    -1.6156     -1.551     0.1504    -1.3550 -9.990e-29
 243.575961     -1.557   0.271691    18.3538    -1.6154     -1.544     0.1503    -1.3538 -9.990e-29
 243.575966     -1.554   0.271097    18.3453    -1.6152     -1.541     0.1500    -1.3524 -9.990e-29
 243.575972     -1.550   0.270496    18.3392    -1.6149     -1.537     0.1497    -1.3515 -9.990e-29
 243.575978     -1.540   0.270193    18.3376    -1.6148     -1.527     0.1495    -1.3513 -9.990e-29
 243.575984     -1.528   0.270338    18.3403    -1.6146     -1.515     0.1496    -1.3518 -9.990e-29
 243.575990     -1.519   0.270571    18.3453    -1.6144     -1.506     0.1497    -1.3526 -9.990e-29
 243.575995     -1.510   0.270649    18.3509    -1.6145     -1.497     0.1497    -1.3537 -9.990e-29
 243.576001     -1.503   0.270675    18.3567    -1.6143     -1.490     0.1497    -1.3548 -9.990e-29
 243.576007     -1.495   0.270683    18.3623    -1.6140     -1.483     0.1497    -1.3558 -9.990e-29
 243.576013     -1.487   0.270682    18.3679    -1.6136     -1.475     0.1497    -1.3569 -9.990e-29
 243.576019     -1.479   0.270672    18.3741    -1.6133     -1.467     0.1497    -1.3581 -9.990e-29
 243.576024     -1.469   0.270636    18.3807    -1.6132     -1.457     0.1496    -1.3594 -9.990e-29
 243.576030     -1.457   0.270529    18.3869    -1.6130     -1.445     0.1496    -1.3606 -9.990e-29
 243.576036     -1.442   0.270206    18.3923    -1.6127     -1.430     0.1494    -1.3618 -9.990e-29
 243.576042     -1.428   0.269788    18.3965    -1.6125     -1.416     0.1491    -1.3628 -9.990e-29
 243.576047     -1.418   0.269825    18.4002    -1.6124     -1.406     0.1491    -1.3635 -9.990e-29
 243.576053     -1.407   0.270365    18.4058    -1.6126     -1.395     0.1494    -1.3643 -9.990e-29
 243.576059     -1.390   0.271021    18.4140    -1.6128     -1.378     0.1497    -1.3656 -9.990e-29
 243.576065     -1.370   0.271561    18.4233    -1.6129     -1.359     0.1500    -1.3672 -9.990e-29
 243.576071     -1.350   0.271598    18.4315    -1.6133     -1.339     0.1500    -1.3687 -9.990e-29
 243.576076     -1.330   0.271180    18.4384    -1.6133     -1.319     0.1498    -1.3702 -9.990e-29
 243.576082     -1.312   0.270856    18.4452    -1.6131     -1.301     0.1495    -1.3717 -9.990e-29
 243.576088     -1.298   0.270747    18.4520    -1.6126     -1.287     0.1495    -1.3730 -9.990e-29
 243.576094     -1.289   0.270707    18.4571    -1.6120     -1.278     0.1494    -1.3740 -9.990e-29
 243.576100     -1.284   0.270684    18.4585    -1.6117     -1.273     0.1494    -1.3743 -9.990e-29
 243.576105     -1.282   0.270644    18.4560    -1.6114     -1.271     0.1494    -1.3738 -9.990e-29
 243.576111     -1.284   0.270534    18.4512    -1.6110     -1.273     0.1494    -1.3730 -9.990e-29
 243.576117     -1.289   0.270207    18.4458    -1.6109     -1.278     0.1492    -1.3721 -9.990e-29
 243.576123     -1.293   0.269777    18.4413    -1.6105     -1.282     0.1490    -1.3714 -9.990e-29
 243.576128     -1.293   0.269777    18.4411    -1.6100     -1.282     0.1490    -1.3713 -9.990e-29
 243.576134     -1.288   0.270208    18.4475    -1.6107     -1.277     0.1492    -1.3724 -9.990e-29
 243.576140     -1.279   0.270536    18.4592    -1.6116     -1.268     0.1493    -1.3745 -9.990e-29
 243.576146     -1.268   0.270644    18.4724    -1.6122     -1.257     0.1493    -1.3770 -9.990e-29
 243.576152     -1.259   0.270677    18.4843    -1.6123     -1.248     0.1493    -1.3793 -9.990e-29
 243.576157     -1.253   0.270677    18.4949    -1.6121     -1.243     0.1493    -1.3813 -9.990e-29
 243.576163     -1.248   0.270642    18.5042    -1.6120     -1.238     0.1492    -1.3831 -9.990e-29
 243.576169     -1.244   0.270525    18.5124    -1.6119     -1.234     0.1491    -1.3848 -9.990e-29
 243.576175     -1.240   0.270169    18.5197    -1.6123     -1.230     0.1489    -1.3863 -9.990e-29
 243.576181     -1.238   0.269653    18.5207    -1.6125     -1.228     0.1486    -1.3868 -9.990e-29
 243.576186     -1.236   0.269394    18.5104    -1.6130     -1.226     0.1485    -1.3849 -9.990e-29
 243.576192     -1.234   0.269599    18.4936    -1.6134     -1.224     0.1487    -1.3815 -9.990e-29
 243.576198     -1.233   0.269990    18.4797    -1.6139     -1.223     0.1490    -1.3787 -9.990e-29
 243.576204     -1.232   0.269978    18.4736    -1.6141     -1.222     0.1490    -1.3775 -9.990e-29
 243.576209     -1.231   0.269548    18.4736    -1.6143     -1.221     0.1487    -1.3777 -9.990e-29
 243.576215     -1.229   0.269233    18.4744    -1.6147     -1.219     0.1486    -1.3780 -9.990e-29
 243.576221     -1.228   0.269163    18.4723    -1.6152     -1.218     0.1485    -1.3776 -9.990e-29
 243.576227     -1.227   0.269246    18.4658    -1.6155     -1.217     0.1486    -1.3763 -9.990e-29
 243.576233     -1.226   0.269590    18.4560    -1.6158     -1.216     0.1488    -1.3743 -9.990e-29
 243.576238     -1.224   0.270099    18.4443    -1.6158     -1.214     0.1491    -1.3718 -9.990e-29
 243.576244     -1.222   0.270344    18.4318    -1.6161     -1.212     0.1493    -1.3693 -9.990e-29
 243.576250     -1.219   0.270098    18.4206    -1.6163     -1.209     0.1492    -1.3673 -9.990e-29
 243.576256     -1.216   0.269586    18.4113    -1.6166     -1.206     0.1490    -1.3657 -9.990e-29
 243.576262     -1.212   0.269231    18.4021    -1.6166     -1.202     0.1488    -1.3641 -9.990e-29
 243.576267     -1.207   0.269113    18.3908    -1.6173     -1.197     0.1488    -1.3620 -9.990e-29
 243.576273     -1.200   0.269074    18.3787    -1.6175     -1.190     0.1488    -1.3596 -9.990e-29
 243.576279     -1.192   0.269061    18.3685    -1.6174     -1.182     0.1488    -1.3577 -9.990e-29
 243.576285     -1.181   0.269056    18.3612    -1.6174     -1.171     0.1488    -1.3563 -9.990e-29
 243.576291     -1.167   0.269051    18.3557    -1.6176     -1.157     0.1488    -1.3552 -9.990e-29
 243.576296     -1.149   0.269038    18.3497    -1.6179     -1.139     0.1488    -1.3541 -9.990e-29
 243.576302     -1.130   0.268999    18.3424    -1.6180     -1.121     0.1489    -1.3527 -9.990e-29
 243.576308     -1.113   0.268881    18.3351    -1.6182     -1.104     0.1488    -1.3514 -9.990e-29
 243.576314     -1.097   0.268526    18.3270    -1.6187     -1.088     0.1486    -1.3500 -9.990e-29
 243.576319     -1.082   0.268014    18.3178    -1.6187     -1.073     0.1484    -1.3484 -9.990e-29
 243.576325     -1.065   0.267767    18.3110    -1.6187     -1.056     0.1483    -1.3472 -9.990e-29
 243.576331     -1.051   0.268009    18.3079    -1.6188     -1.042     0.1484    -1.3465 -9.990e-29
 243.576337     -1.042   0.268510    18.3055    -1.6189     -1.033     0.1487    -1.3459 -9.990e-29
 243.576343     -1.035   0.268830    18.3014    -1.6188     -1.026     0.1489    -1.3450 -9.990e-29
 243.576348     -1.024   0.268839    18.2958    -1.6188     -1.015     0.1489    -1.3439 -9.990e-29
 243.576354     -1.012   0.268550    18.2896    -1.6186     -1.004     0.1488    -1.3428 -9.990e-29
 243.576360     -1.003   0.268129    18.2824    -1.6185     -0.995     0.1486    -1.3416 -9.990e-29
 243.576366     -0.998   0.268120    18.2751    -1.6182     -0.990     0.1486    -1.3402 -9.990e-29
 243.576372     -0.994   0.268512    18.2707    -1.6179     -0.986     0.1488    -1.3392 -9.990e-29
 243.576377     -0.993   0.268718    18.2683    -1.6176     -0.985     0.1489    -1.3387 -9.990e-29
 243.576383     -0.993   0.268459    18.2659    -1.6173     -0.985     0.1488    -1.3383 -9.990e-29
 243.576389     -0.996   0.267942    18.2648    -1.6175     -0.988     0.1485    -1.3383 -9.990e-29
 243.576395     -0.997   0.267586    18.2662    -1.6174     -0.989     0.1483    -1.3388 -9.990e-29
 243.576400     -0.991   0.267468    18.2691    -1.6169     -0.983     0.1482    -1.3394 -9.990e-29
 243.576406     -0.983   0.267429    18.2732    -1.6167     -0.975     0.1482    -1.3402 -9.990e-29
 243.576412     -0.977   0.267418    18.2787    -1.6165     -0.969     0.1482    -1.3412 -9.990e-29
 243.576418     -0.971   0.267419    18.2858    -1.6162     -0.963     0.1482    -1.3426 -9.990e-29
 243.576424     -0.966   0.267430    18.2938    -1.6159     -0.958     0.1481    -1.3441 -9.990e-29
 243.576429     -0.962   0.267466    18.3016    -1.6160     -0.954     0.1481    -1.3456 -9.990e-29
 243.576435     -0.957   0.267574    18.3069    -1.6160     -0.949     0.1482    -1.3465 -9.990e-29
 243.576441     -0.952   0.267898    18.3099    -1.6161     -0.944     0.1483    -1.3470 -9.990e-29
 243.576447     -0.947   0.268317    18.3148    -1.6161     -0.939     0.1486    -1.3477 -9.990e-29
 243.576453     -0.941   0.268281    18.3228    -1.6158     -0.933     0.1485    -1.3493 -9.990e-29
 243.576458     -0.934   0.267742    18.3309    -1.6156     -0.926     0.1482    -1.3511 -9.990e-29
 243.576464     -0.929   0.267085    18.3382    -1.6153     -0.921     0.1478    -1.3527 -9.990e-29
 243.576470     -0.930   0.266541    18.3452    -1.6153     -0.922     0.1475    -1.3543 -9.990e-29
 243.576476     -0.934   0.266492    18.3504    -1.6151     -0.926     0.1474    -1.3553 -9.990e-29
 243.576481     -0.936   0.266870    18.3521    -1.6150     -0.928     0.1476    -1.3555 -9.990e-29
 243.576487     -0.937   0.267072    18.3519    -1.6149     -0.929     0.1478    -1.3554 -9.990e-29
 243.576493     -0.936   0.266813    18.3522    -1.6152     -0.928     0.1476    -1.3555 -9.990e-29
 243.576499     -0.933   0.266301    18.3547    -1.6161     -0.925     0.1473    -1.3562 -9.990e-29
 243.576505     -0.929   0.265957    18.3600    -1.6168     -0.921     0.1471    -1.3574 -9.990e-29
 243.576510     -0.923   0.265875    18.3667    -1.6172     -0.915     0.1470    -1.3587 -9.990e-29
 243.576516     -0.914   0.265945    18.3726    -1.6173     -0.906     0.1471    -1.3598 -9.990e-29
 243.576522     -0.903   0.266260    18.3769    -1.6184     -0.895     0.1472    -1.3605 -9.990e-29
