data/oxygen options/ONMS/Olympic_Coast_National_Marine_Sanctuary_Hypoxia_Survey_CTD_Data_2004_2015/raw_data/2012/CAST_CE065_120920faed.cnv
* Sea-Bird SBE19 Data File:
* FileName = C:\Documents and Settings\OCNMS\Desktop\2012 mooring data\Hypoxia Sampling\120920\CAST_CE065_120920.hex
* Software Version 1.25
* Temperature SN = 2997
* Conductivity SN = 2997
* System UpLoad Time = Sep 20 2012 12:08:11
** CAST_CE065_120920
* SEACAT PROFILER V3.1c SN 2997   09/20/12  12:07:04.456
# nquan = 9                                 
# nvalues = 1334                        
# units = specified
# name 0 = timeJ: Julian Days
# name 1 = prSM: Pressure, Strain Gauge [db]
# name 2 = c0mS/cm: Conductivity [mS/cm]
# name 3 = t090C: Temperature [ITS-90, deg C]
# name 4 = sbeox0ML/L: Oxygen, SBE 43 [ml/l]
# name 5 = depSM: Depth [salt water, m], lat = 47.5
# name 6 = sal00: Salinity, Practical [PSU]
# name 7 = sigma-é00: Density [sigma-theta, kg/m^3]
# name 8 = flag: flag
# span 0 = 264.490995, 264.498709       
# span 1 =     -4.986,     65.796       
# span 2 =   0.224098,  38.209715       
# span 3 =     7.3570,    13.2305       
# span 4 =    -1.8732,    13.9051       
# span 5 =     -4.944,     65.236       
# span 6 =     0.1445,    33.7698       
# span 7 =    -0.4073,    26.4006       
# span 8 = 0.0000e+00, 0.0000e+00       
# interval = seconds: 0.5
# start_time = Sep 20 2012 11:47:02 [Instrument's time stamp, header]
# bad_flag = -9.990e-29
*END*
[from data line 161]
 264.491927     -1.778   0.232791    11.5873    -1.8681     -1.763     0.1503    -0.3368 -9.990e-29
 264.491933     -1.771   0.232633    11.5883    -1.8680     -1.756     0.1502    -0.3370 -9.990e-29
 264.491939     -1.764   0.232580    11.5902    -1.8681     -1.749     0.1502    -0.3372 -9.990e-29
 264.491944     -1.756   0.233112    11.5926    -1.8682     -1.741     0.1505    -0.3372 -9.990e-29
 264.491950     -1.748   0.234385    11.5944    -1.8683     -1.733     0.1513    -0.3367 -9.990e-29
 264.491956     -1.738   0.235884    11.5960    -1.8684     -1.724     0.1523    -0.3361 -9.990e-29
 264.491962     -1.727   0.236837    11.5979    -1.8686     -1.713     0.1529    -0.3359 -9.990e-29
 264.491968     -1.712   0.237409    11.5996    -1.8686     -1.698     0.1533    -0.3358 -9.990e-29
 264.491973     -1.694   0.237808    11.6006    -1.8688     -1.680     0.1535    -0.3357 -9.990e-29
 264.491979     -1.672   0.238015    11.6012    -1.8688     -1.658     0.1537    -0.3356 -9.990e-29
 264.491985     -1.647   0.238858    11.6011    -1.8689     -1.633     0.1542    -0.3352 -9.990e-29
 264.491991     -1.623   0.240354    11.5999    -1.8689     -1.609     0.1552    -0.3343 -9.990e-29
 264.491997     -1.599   0.241175    11.5979    -1.8689     -1.586     0.1558    -0.3336 -9.990e-29
 264.492002     -1.576   0.241310    11.5956    -1.8687     -1.563     0.1559    -0.3333 -9.990e-29
 264.492008     -1.559   0.241491    11.5932    -1.8689     -1.546     0.1560    -0.3329 -9.990e-29
 264.492014     -1.545   0.241407    11.5907    -1.8690     -1.532     0.1560    -0.3327 -9.990e-29
 264.492020     -1.534   0.240945    11.5885    -1.8689     -1.521     0.1557    -0.3327 -9.990e-29
 264.492025     -1.525   0.240594    11.5865    -1.8688     -1.512     0.1554    -0.3327 -9.990e-29
 264.492031     -1.518   0.240440    11.5850    -1.8688     -1.505     0.1553    -0.3326 -9.990e-29
 264.492037     -1.512   0.240280    11.5843    -1.8687     -1.499     0.1552    -0.3326 -9.990e-29
 264.492043     -1.506   0.239899    11.5840    -1.8688     -1.493     0.1550    -0.3327 -9.990e-29
 264.492049     -1.506   0.239341    11.5840    -1.8687     -1.493     0.1546    -0.3330 -9.990e-29
 264.492054     -1.514   0.238969    11.5838    -1.8686     -1.501     0.1544    -0.3332 -9.990e-29
 264.492060     -1.523   0.238841    11.5831    -1.8685     -1.510     0.1543    -0.3332 -9.990e-29
 264.492066     -1.520   0.238786    11.5826    -1.8684     -1.507     0.1543    -0.3331 -9.990e-29
 264.492072     -1.506   0.238731    11.5832    -1.8683     -1.493     0.1542    -0.3332 -9.990e-29
 264.492078     -1.489   0.238602    11.5845    -1.8682     -1.477     0.1541    -0.3335 -9.990e-29
 264.492083     -1.470   0.238227    11.5858    -1.8683     -1.458     0.1539    -0.3338 -9.990e-29
 264.492089     -1.450   0.237660    11.5869    -1.8683     -1.438     0.1535    -0.3342 -9.990e-29
 264.492095     -1.426   0.237250    11.5881    -1.8683     -1.414     0.1532    -0.3346 -9.990e-29
 264.492101     -1.402   0.237005    11.5894    -1.8683     -1.390     0.1531    -0.3348 -9.990e-29
 264.492106     -1.385   0.236599    11.5910    -1.8681     -1.373     0.1528    -0.3352 -9.990e-29
 264.492112     -1.374   0.236041    11.5933    -1.8681     -1.363     0.1524    -0.3358 -9.990e-29
 264.492118     -1.362   0.235696    11.5957    -1.8680     -1.351     0.1522    -0.3362 -9.990e-29
 264.492124     -1.355   0.235656    11.5976    -1.8680     -1.344     0.1521    -0.3364 -9.990e-29
 264.492130     -1.356   0.235870    11.5985    -1.8679     -1.345     0.1523    -0.3364 -9.990e-29
 264.492135     -1.361   0.236069    11.5985    -1.8679     -1.350     0.1524    -0.3363 -9.990e-29
 264.492141     -1.361   0.235962    11.5985    -1.8680     -1.350     0.1523    -0.3364 -9.990e-29
 264.492147     -1.352   0.235960    11.5989    -1.8682     -1.341     0.1523    -0.3364 -9.990e-29
 264.492153     -1.339   0.236062    11.6000    -1.8682     -1.328     0.1524    -0.3365 -9.990e-29
 264.492159     -1.323   0.235850    11.6019    -1.8683     -1.312     0.1523    -0.3368 -9.990e-29
 264.492164     -1.305   0.235595    11.6038    -1.8682     -1.294     0.1521    -0.3372 -9.990e-29
 264.492170     -1.288   0.235510    11.6051    -1.8680     -1.277     0.1520    -0.3374 -9.990e-29
 264.492176     -1.274   0.235482    11.6060    -1.8678     -1.263     0.1520    -0.3375 -9.990e-29
 264.492182     -1.263   0.235473    11.6065    -1.8678     -1.252     0.1520    -0.3375 -9.990e-29
 264.492188     -1.254   0.235470    11.6061    -1.8678     -1.244     0.1520    -0.3375 -9.990e-29
 264.492193     -1.246   0.235469    11.6047    -1.8675     -1.236     0.1520    -0.3373 -9.990e-29
 264.492199     -1.240   0.235467    11.6029    -1.8673     -1.230     0.1520    -0.3371 -9.990e-29
 264.492205     -1.234   0.235464    11.6017    -1.8671     -1.224     0.1520    -0.3370 -9.990e-29
 264.492211     -1.229   0.235453    11.6017    -1.8670     -1.219     0.1520    -0.3370 -9.990e-29
 264.492216     -1.223   0.235421    11.6031    -1.8671     -1.213     0.1520    -0.3372 -9.990e-29
 264.492222     -1.217   0.235326    11.6057    -1.8670     -1.207     0.1519    -0.3375 -9.990e-29
 264.492228     -1.211   0.235039    11.6086    -1.8670     -1.201     0.1517    -0.3380 -9.990e-29
 264.492234     -1.203   0.234732    11.6112    -1.8671     -1.193     0.1515    -0.3384 -9.990e-29
 264.492240     -1.193   0.234547    11.6140    -1.8672     -1.183     0.1514    -0.3389 -9.990e-29
 264.492245     -1.185   0.234239    11.6176    -1.8674     -1.175     0.1511    -0.3394 -9.990e-29
 264.492251     -1.183   0.233948    11.6218    -1.8676     -1.173     0.1509    -0.3400 -9.990e-29
 264.492257     -1.182   0.233840    11.6255    -1.8677     -1.172     0.1509    -0.3405 -9.990e-29
 264.492263     -1.178   0.233771    11.6276    -1.8678     -1.168     0.1508    -0.3408 -9.990e-29
 264.492269     -1.170   0.233650    11.6286    -1.8678     -1.160     0.1507    -0.3410 -9.990e-29
 264.492274     -1.159   0.233315    11.6291    -1.8679     -1.149     0.1505    -0.3412 -9.990e-29
 264.492280     -1.148   0.232872    11.6284    -1.8678     -1.138     0.1502    -0.3413 -9.990e-29
 264.492286     -1.140   0.232840    11.6267    -1.8676     -1.130     0.1502    -0.3412 -9.990e-29
 264.492292     -1.135   0.233175    11.6241    -1.8673     -1.126     0.1504    -0.3407 -9.990e-29
 264.492297     -1.132   0.233214    11.6207    -1.8670     -1.123     0.1505    -0.3403 -9.990e-29
 264.492303     -1.128   0.233012    11.6173    -1.8668     -1.119     0.1503    -0.3400 -9.990e-29
 264.492309     -1.121   0.232850    11.6143    -1.8667     -1.112     0.1502    -0.3398 -9.990e-29
 264.492315     -1.115   0.232514    11.6122    -1.8665     -1.106     0.1500    -0.3397 -9.990e-29
 264.492321     -1.107   0.232108    11.6115    -1.8665     -1.098     0.1498    -0.3398 -9.990e-29
 264.492326     -1.090   0.231645    11.6124    -1.8663     -1.081     0.1495    -0.3402 -9.990e-29
 264.492332     -1.070   0.231059    11.6148    -1.8661     -1.061     0.1491    -0.3407 -9.990e-29
 264.492338     -1.051   0.230675    11.6187    -1.8660     -1.042     0.1488    -0.3414 -9.990e-29
 264.492344     -1.039   0.230535    11.6239    -1.8660     -1.030     0.1487    -0.3420 -9.990e-29
 264.492350     -1.031   0.230452    11.6295    -1.8660     -1.022     0.1486    -0.3427 -9.990e-29
 264.492355     -1.024   0.230315    11.6344    -1.8660     -1.015     0.1485    -0.3433 -9.990e-29
 264.492361     -1.012   0.229941    11.6383    -1.8660     -1.004     0.1482    -0.3440 -9.990e-29
 264.492367     -1.000   0.229386    11.6415    -1.8661     -0.992     0.1479    -0.3446 -9.990e-29
 264.492373     -0.989   0.229016    11.6446    -1.8662     -0.981     0.1476    -0.3451 -9.990e-29
 264.492378     -0.981   0.228893    11.6481    -1.8664     -0.973     0.1475    -0.3456 -9.990e-29
 264.492384     -0.973   0.228850    11.6512    -1.8665     -0.965     0.1475    -0.3460 -9.990e-29
 264.492390     -0.967   0.228830    11.6532    -1.8666     -0.959     0.1475    -0.3462 -9.990e-29
 264.492396     -0.960   0.228806    11.6543    -1.8668     -0.952     0.1474    -0.3463 -9.990e-29
 264.492402     -0.954   0.228746    11.6549    -1.8670     -0.946     0.1474    -0.3464 -9.990e-29
 264.492407     -0.947   0.228571    11.6550    -1.8671     -0.939     0.1473    -0.3465 -9.990e-29
 264.492413     -0.940   0.228231    11.6544    -1.8670     -0.932     0.1471    -0.3467 -9.990e-29
 264.492419     -0.931   0.227828    11.6528    -1.8672     -0.923     0.1468    -0.3467 -9.990e-29
 264.492425     -0.920   0.227561    11.6503    -1.8673     -0.912     0.1466    -0.3465 -9.990e-29
 264.492431     -0.910   0.227628    11.6470    -1.8674     -0.902     0.1467    -0.3461 -9.990e-29
 264.492436     -0.906   0.227749    11.6435    -1.8675     -0.898     0.1468    -0.3457 -9.990e-29
 264.492442     -0.903   0.227532    11.6400    -1.8675     -0.895     0.1467    -0.3454 -9.990e-29
 264.492448     -0.896   0.227241    11.6366    -1.8676     -0.889     0.1465    -0.3452 -9.990e-29
 264.492454     -0.885   0.227043    11.6338    -1.8677     -0.878     0.1464    -0.3449 -9.990e-29
 264.492459     -0.870   0.226673    11.6318    -1.8678     -0.863     0.1461    -0.3449 -9.990e-29
 264.492465     -0.852   0.226192    11.6300    -1.8677     -0.845     0.1458    -0.3449 -9.990e-29
 264.492471     -0.837   0.226065    11.6280    -1.8677     -0.830     0.1457    -0.3448 -9.990e-29
 264.492477     -0.822   0.226124    11.6260    -1.8678     -0.815     0.1458    -0.3445 -9.990e-29
 264.492483     -0.811   0.225893    11.6241    -1.8677     -0.804     0.1456    -0.3444 -9.990e-29
 264.492488     -0.807   0.225620    11.6225    -1.8676     -0.800     0.1455    -0.3444 -9.990e-29
 264.492494     -0.807   0.225493    11.6212    -1.8674     -0.800     0.1454    -0.3443 -9.990e-29
 264.492500     -0.805   0.225343    11.6196    -1.8672     -0.798     0.1453    -0.3442 -9.990e-29
 264.492506     -0.806   0.224969    11.6176    -1.8673     -0.799     0.1451    -0.3442 -9.990e-29
 264.492512     -0.815   0.224426    11.6162    -1.8672     -0.808     0.1447    -0.3443 -9.990e-29
 264.492517     -0.827   0.224098    11.6158    -1.8670     -0.820     0.1445    -0.3444 -9.990e-29
 264.492523     -0.835   0.224102    11.6159    -1.8670     -0.828     0.1445    -0.3444 -9.990e-29
 264.492529     -0.835   0.224444    11.6164    -1.8673     -0.828     0.1447    -0.3443 -9.990e-29
 264.492535     -0.831   0.225026    11.6175    -1.8675     -0.824     0.1451    -0.3441 -9.990e-29
 264.492541     -0.831   0.225518    11.6194    -1.8676     -0.824     0.1454    -0.3441 -9.990e-29
 264.492546     -0.836   0.226021    11.6219    -1.8677     -0.829     0.1457    -0.3441 -9.990e-29
 264.492552     -0.838   0.226652    11.6243    -1.8679     -0.831     0.1461    -0.3441 -9.990e-29
 264.492558     -0.827   0.227148    11.6264    -1.8680     -0.820     0.1465    -0.3440 -9.990e-29
 264.492564     -0.804   0.227616    11.6285    -1.8682     -0.797     0.1468    -0.3440 -9.990e-29
 264.492569     -0.779   0.228126    11.6300    -1.8682     -0.773     0.1471    -0.3440 -9.990e-29
 264.492575     -0.759   0.228251    11.6294    -1.8682     -0.753     0.1472    -0.3438 -9.990e-29
 264.492581     -0.744   0.228158    11.6266    -1.8680     -0.738     0.1471    -0.3436 -9.990e-29
 264.492587     -0.733   0.228275    11.6229    -1.8678     -0.727     0.1472    -0.3431 -9.990e-29
 264.492593     -0.724   0.228206    11.6194    -1.8676     -0.718     0.1472    -0.3427 -9.990e-29
 264.492598     -0.716   0.227861    11.6161    -1.8674     -0.710     0.1470    -0.3425 -9.990e-29
 264.492604     -0.711   0.227885    11.6131    -1.8673     -0.705     0.1470    -0.3422 -9.990e-29
 264.492610     -0.707   0.228312    11.6102    -1.8671     -0.701     0.1473    -0.3416 -9.990e-29
 264.492616     -0.703   0.228602    11.6079    -1.8669     -0.697     0.1475    -0.3412 -9.990e-29
 264.492622     -0.701   0.228589    11.6069    -1.8670     -0.695     0.1475    -0.3411 -9.990e-29
 264.492627     -0.698   0.228257    11.6079    -1.8670     -0.692     0.1473    -0.3414 -9.990e-29
 264.492633     -0.697   0.227715    11.6105    -1.8670     -0.691     0.1469    -0.3420 -9.990e-29
 264.492639     -0.695   0.227350    11.6142    -1.8670     -0.689     0.1466    -0.3426 -9.990e-29
 264.492645     -0.694   0.227228    11.6185    -1.8670     -0.688     0.1465    -0.3431 -9.990e-29
 264.492650     -0.692   0.227188    11.6227    -1.8671     -0.686     0.1465    -0.3436 -9.990e-29
 264.492656     -0.691   0.227174    11.6267    -1.8673     -0.685     0.1465    -0.3441 -9.990e-29
 264.492662     -0.690   0.227169    11.6301    -1.8674     -0.684     0.1465    -0.3445 -9.990e-29
 264.492668     -0.689   0.227167    11.6322    -1.8675     -0.683     0.1465    -0.3447 -9.990e-29
 264.492674     -0.687   0.227165    11.6328    -1.8675     -0.681     0.1464    -0.3448 -9.990e-29
 264.492679     -0.686   0.227160    11.6327    -1.8674     -0.680     0.1464    -0.3448 -9.990e-29
 264.492685     -0.683   0.227146    11.6326    -1.8675     -0.677     0.1464    -0.3447 -9.990e-29
 264.492691     -0.681   0.227105    11.6324    -1.8675     -0.675     0.1464    -0.3447 -9.990e-29
 264.492697     -0.677   0.226983    11.6314    -1.8676     -0.671     0.1463    -0.3447 -9.990e-29
 264.492703     -0.673   0.226618    11.6294    -1.8675     -0.667     0.1461    -0.3447 -9.990e-29
 264.492708     -0.667   0.226074    11.6267    -1.8675     -0.661     0.1458    -0.3446 -9.990e-29
 264.492714     -0.660   0.225733    11.6244    -1.8674     -0.654     0.1455    -0.3445 -9.990e-29
 264.492720     -0.651   0.225697    11.6233    -1.8672     -0.646     0.1455    -0.3444 -9.990e-29
 264.492726     -0.639   0.225916    11.6231    -1.8670     -0.634     0.1457    -0.3443 -9.990e-29
 264.492731     -0.628   0.226130    11.6230    -1.8669     -0.623     0.1458    -0.3442 -9.990e-29
 264.492737     -0.621   0.226071    11.6223    -1.8667     -0.616     0.1458    -0.3441 -9.990e-29
 264.492743     -0.619   0.226211    11.6216    -1.8665     -0.614     0.1459    -0.3440 -9.990e-29
 264.492749     -0.620   0.226738    11.6212    -1.8662     -0.615     0.1462    -0.3437 -9.990e-29
 264.492755     -0.621   0.227250    11.6216    -1.8661     -0.616     0.1465    -0.3435 -9.990e-29
 264.492760     -0.618   0.227874    11.6231    -1.8661     -0.613     0.1469    -0.3433 -9.990e-29
 264.492766     -0.610   0.228891    11.6257    -1.8660     -0.605     0.1476    -0.3431 -9.990e-29
 264.492772     -0.601   0.229995    11.6288    -1.8659     -0.596     0.1483    -0.3429 -9.990e-29
 264.492778     -0.595   0.230999    11.6323    -1.8658     -0.590     0.1490    -0.3427 -9.990e-29
 264.492784     -0.588   0.232134    11.6361    -1.8657     -0.583     0.1497    -0.3426 -9.990e-29
 264.492789     -0.577   0.233253    11.6400    -1.8657     -0.572     0.1504    -0.3424 -9.990e-29
 264.492795     -0.573   0.234187    11.6440    -1.8654     -0.568     0.1510    -0.3424 -9.990e-29
 264.492801     -0.573   0.235074    11.6480    -1.8650     -0.568     0.1516    -0.3424 -9.990e-29
 264.492807     -0.571   0.235992    11.6512    -1.8647     -0.566     0.1522    -0.3423 -9.990e-29
 264.492813     -0.561   0.237058    11.6536    -1.8643     -0.556     0.1529    -0.3420 -9.990e-29
 264.492818     -0.546   0.238033    11.6556    -1.8636     -0.541     0.1535    -0.3418 -9.990e-29
 264.492824     -0.536   0.238556    11.6574    -1.8627     -0.532     0.1538    -0.3417 -9.990e-29
 264.492830     -0.532   0.238771    11.6591    -1.8622     -0.528     0.1540    -0.3418 -9.990e-29
 264.492836     -0.531   0.238964    11.6614    -1.8616     -0.527     0.1541    -0.3419 -9.990e-29
 264.492841     -0.524   0.239394    11.6650    -1.8610     -0.520     0.1543    -0.3421 -9.990e-29
