data/oxygen options/ONMS/Olympic_Coast_National_Marine_Sanctuary_Hypoxia_Survey_CTD_Data_2004_2015/raw_data/2012/CAST_HH030_120913faed.cnv
* Sea-Bird SBE19 Data File:
* FileName = C:\Documents and Settings\OCNMS\Desktop\2012 mooring data\Hypoxia Sampling\CAST_HH030_120913.hex
* Software Version 1.25
* Temperature SN = 2997
* Conductivity SN = 2997
* System UpLoad Time = Sep 13 2012 15:42:41
** CAST_HH030_120913
* SEACAT PROFILER V3.1c SN 2997   09/13/12  15:41:41.141
# nquan = 9                                 
# nvalues = 994                         
# units = specified
# name 0 = timeJ: Julian Days
# name 1 = prSM: Pressure, Strain Gauge [db]
# name 2 = c0mS/cm: Conductivity [mS/cm]
# name 3 = t090C: Temperature [ITS-90, deg C]
# name 4 = sbeox0ML/L: Oxygen, SBE 43 [ml/l]
# name 5 = depSM: Depth [salt water, m], lat = 47.5
# name 6 = sal00: Salinity, Practical [PSU]
# name 7 = sigma-é00: Density [sigma-theta, kg/m^3]
# name 8 = flag: flag
# span 0 = 257.647523, 257.653270       
# span 1 =     -5.460,     25.878       
# span 2 =   0.226137,  38.991753       
# span 3 =     7.5060,    15.2418       
# span 4 =    -1.7423,    12.6769       
# span 5 =     -5.415,     25.660       
# span 6 =     0.1349,    33.6129       
# span 7 =    -0.7951,    26.2527       
# span 8 = 0.0000e+00, 0.0000e+00       
# interval = seconds: 0.5
# start_time = Sep 13 2012 15:32:26 [Instrument's time stamp, header]
# bad_flag = -9.990e-29
*END*
[from data line 321]
 257.649381     -0.890   0.226805    14.9116    -1.7331     -0.883     0.1353    -0.7806 -9.990e-29
 257.649387     -0.881   0.226761    14.9162    -1.7326     -0.874     0.1353    -0.7813 -9.990e-29
 257.649392     -0.875   0.226958    14.9204    -1.7324     -0.868     0.1354    -0.7819 -9.990e-29
 257.649398     -0.873   0.227104    14.9241    -1.7322     -0.866     0.1355    -0.7824 -9.990e-29
 257.649404     -0.874   0.226838    14.9281    -1.7320     -0.867     0.1353    -0.7831 -9.990e-29
 257.649410     -0.878   0.226360    14.9328    -1.7319     -0.871     0.1350    -0.7840 -9.990e-29
 257.649416     -0.880   0.226137    14.9387    -1.7318     -0.873     0.1349    -0.7851 -9.990e-29
 257.649421     -0.878   0.226427    14.9459    -1.7317     -0.871     0.1350    -0.7860 -9.990e-29
 257.649427     -0.870   0.227062    14.9544    -1.7316     -0.863     0.1354    -0.7870 -9.990e-29
 257.649433     -0.861   0.227779    14.9642    -1.7314     -0.854     0.1358    -0.7882 -9.990e-29
 257.649439     -0.854   0.228427    14.9738    -1.7314     -0.847     0.1361    -0.7894 -9.990e-29
 257.649444     -0.845   0.228763    14.9817    -1.7312     -0.838     0.1363    -0.7904 -9.990e-29
 257.649450     -0.832   0.228683    14.9876    -1.7310     -0.825     0.1362    -0.7914 -9.990e-29
 257.649456     -0.824   0.228631    14.9920    -1.7308     -0.817     0.1362    -0.7921 -9.990e-29
 257.649462     -0.820   0.229092    14.9954    -1.7303     -0.813     0.1365    -0.7924 -9.990e-29
 257.649468     -0.811   0.230129    14.9984    -1.7300     -0.804     0.1371    -0.7923 -9.990e-29
 257.649473     -0.797   0.231461    15.0013    -1.7295     -0.790     0.1379    -0.7922 -9.990e-29
 257.649479     -0.786   0.232652    15.0042    -1.7290     -0.779     0.1386    -0.7921 -9.990e-29
 257.649485     -0.780   0.233629    15.0072    -1.7287     -0.773     0.1391    -0.7921 -9.990e-29
 257.649491     -0.776   0.234586    15.0108    -1.7285     -0.770     0.1397    -0.7922 -9.990e-29
 257.649497     -0.769   0.235691    15.0154    -1.7284     -0.763     0.1404    -0.7924 -9.990e-29
 257.649502     -0.762   0.237312    15.0209    -1.7283     -0.756     0.1413    -0.7925 -9.990e-29
 257.649508     -0.759   0.239396    15.0279    -1.7281     -0.753     0.1425    -0.7926 -9.990e-29
 257.649514     -0.761   0.241399    15.0369    -1.7278     -0.755     0.1437    -0.7930 -9.990e-29
 257.649520     -0.763   0.243224    15.0472    -1.7277     -0.757     0.1448    -0.7938 -9.990e-29
 257.649525     -0.762   0.245090    15.0580    -1.7277     -0.756     0.1458    -0.7946 -9.990e-29
 257.649531     -0.760   0.247271    15.0681    -1.7278     -0.754     0.1471    -0.7951 -9.990e-29
 257.649537     -0.762   0.249908    15.0761    -1.7276     -0.756     0.1487    -0.7951 -9.990e-29
 257.649543     -0.765   0.252642    15.0819    -1.7273     -0.759     0.1503    -0.7948 -9.990e-29
 257.649549     -0.764   0.255244    15.0859    -1.7272     -0.758     0.1518    -0.7942 -9.990e-29
 257.649554     -0.763   0.257862    15.0893    -1.7272     -0.757     0.1534    -0.7935 -9.990e-29
 257.649560     -0.767   0.260666    15.0931    -1.7273     -0.761     0.1551    -0.7927 -9.990e-29
 257.649566     -0.775   0.264075    15.0970    -1.7273     -0.769     0.1571    -0.7918 -9.990e-29
 257.649572     -0.784   0.268206    15.0995    -1.7273     -0.777     0.1596    -0.7902 -9.990e-29
 257.649578     -0.787   0.272477    15.1005    -1.7273     -0.780     0.1622    -0.7884 -9.990e-29
 257.649583     -0.778   0.276496    15.1015    -1.7272     -0.772     0.1646    -0.7867 -9.990e-29
 257.649589     -0.762   0.280638    15.1039    -1.7273     -0.756     0.1671    -0.7851 -9.990e-29
 257.649595     -0.746   0.285445    15.1069    -1.7274     -0.740     0.1700    -0.7833 -9.990e-29
 257.649601     -0.734   0.290686    15.1089    -1.7274     -0.728     0.1731    -0.7812 -9.990e-29
 257.649606     -0.725   0.295599    15.1094    -1.7273     -0.719     0.1761    -0.7790 -9.990e-29
 257.649612     -0.717   0.299542    15.1088    -1.7272     -0.711     0.1785    -0.7770 -9.990e-29
 257.649618     -0.711   0.302237    15.1078    -1.7270     -0.705     0.1801    -0.7756 -9.990e-29
 257.649624     -0.707   0.304508    15.1071    -1.7268     -0.701     0.1815    -0.7744 -9.990e-29
 257.649630     -0.703   0.307721    15.1068    -1.7265     -0.697     0.1834    -0.7729 -9.990e-29
 257.649635     -0.700   0.312103    15.1062    -1.7264     -0.694     0.1861    -0.7707 -9.990e-29
 257.649641     -0.697   0.316857    15.1049    -1.7261     -0.691     0.1890    -0.7683 -9.990e-29
 257.649647     -0.695   0.320942    15.1033    -1.7259     -0.689     0.1915    -0.7661 -9.990e-29
 257.649653     -0.693   0.323716    15.1030    -1.7256     -0.687     0.1932    -0.7648 -9.990e-29
 257.649659     -0.691   0.325370    15.1045    -1.7255     -0.685     0.1942    -0.7642 -9.990e-29
 257.649664     -0.689   0.326450    15.1077    -1.7255     -0.683     0.1948    -0.7642 -9.990e-29
 257.649670     -0.686   0.327290    15.1123    -1.7254     -0.680     0.1953    -0.7645 -9.990e-29
 257.649676     -0.684   0.327903    15.1181    -1.7253     -0.678     0.1956    -0.7651 -9.990e-29
 257.649682     -0.681   0.328552    15.1242    -1.7252     -0.675     0.1960    -0.7658 -9.990e-29
 257.649688     -0.677   0.329548    15.1300    -1.7252     -0.671     0.1966    -0.7662 -9.990e-29
 257.649693     -0.672   0.330560    15.1358    -1.7251     -0.666     0.1972    -0.7667 -9.990e-29
 257.649699     -0.665   0.331276    15.1414    -1.7249     -0.659     0.1976    -0.7672 -9.990e-29
 257.649705     -0.662   0.332099    15.1461    -1.7244     -0.656     0.1981    -0.7675 -9.990e-29
 257.649711     -0.665   0.333570    15.1495    -1.7237     -0.659     0.1989    -0.7674 -9.990e-29
 257.649716     -0.670   0.335438    15.1522    -1.7236     -0.664     0.2001    -0.7669 -9.990e-29
 257.649722     -0.675   0.336873    15.1546    -1.7237     -0.669     0.2009    -0.7666 -9.990e-29
 257.649728     -0.678   0.337576    15.1568    -1.7239     -0.672     0.2013    -0.7666 -9.990e-29
 257.649734     -0.680   0.337929    15.1589    -1.7239     -0.674     0.2015    -0.7668 -9.990e-29
 257.649740     -0.681   0.338402    15.1614    -1.7242     -0.675     0.2018    -0.7670 -9.990e-29
 257.649745     -0.682   0.339074    15.1653    -1.7244     -0.676     0.2022    -0.7673 -9.990e-29
 257.649751     -0.682   0.339734    15.1720    -1.7246     -0.676     0.2026    -0.7680 -9.990e-29
 257.649757     -0.682   0.340708    15.1819    -1.7248     -0.676     0.2031    -0.7691 -9.990e-29
 257.649763     -0.681   0.342190    15.1918    -1.7249     -0.675     0.2040    -0.7700 -9.990e-29
 257.649769     -0.679   0.343388    15.1972    -1.7251     -0.673     0.2047    -0.7703 -9.990e-29
 257.649774     -0.676   0.343685    15.1973    -1.7252     -0.670     0.2048    -0.7701 -9.990e-29
 257.649780     -0.673   0.343476    15.1945    -1.7252     -0.667     0.2047    -0.7698 -9.990e-29
 257.649786     -0.668   0.343590    15.1908    -1.7251     -0.662     0.2048    -0.7691 -9.990e-29
 257.649792     -0.662   0.344734    15.1861    -1.7250     -0.656     0.2055    -0.7679 -9.990e-29
 257.649797     -0.658   0.346771    15.1803    -1.7249     -0.653     0.2068    -0.7660 -9.990e-29
 257.649803     -0.660   0.348543    15.1742    -1.7246     -0.654     0.2079    -0.7642 -9.990e-29
 257.649809     -0.664   0.349648    15.1690    -1.7244     -0.658     0.2086    -0.7629 -9.990e-29
 257.649815     -0.667   0.350450    15.1648    -1.7242     -0.661     0.2091    -0.7618 -9.990e-29
 257.649821     -0.669   0.350914    15.1612    -1.7242     -0.663     0.2094    -0.7610 -9.990e-29
 257.649826     -0.668   0.351104    15.1591    -1.7241     -0.662     0.2096    -0.7606 -9.990e-29
 257.649832     -0.667   0.351271    15.1591    -1.7239     -0.661     0.2097    -0.7605 -9.990e-29
 257.649838     -0.663   0.351641    15.1607    -1.7238     -0.657     0.2099    -0.7606 -9.990e-29
 257.649844     -0.658   0.352707    15.1633    -1.7238     -0.653     0.2105    -0.7605 -9.990e-29
 257.649850     -0.651   0.354782    15.1672    -1.7237     -0.646     0.2118    -0.7602 -9.990e-29
 257.649855     -0.645   0.357315    15.1723    -1.7234     -0.640     0.2133    -0.7598 -9.990e-29
 257.649861     -0.645   0.359253    15.1774    -1.7233     -0.640     0.2144    -0.7597 -9.990e-29
 257.649867     -0.647   0.359858    15.1812    -1.7232     -0.642     0.2148    -0.7600 -9.990e-29
 257.649873     -0.645   0.359385    15.1839    -1.7233     -0.640     0.2145    -0.7606 -9.990e-29
 257.649878     -0.641   0.358310    15.1868    -1.7233     -0.636     0.2138    -0.7616 -9.990e-29
 257.649884     -0.633   0.357968    15.1901    -1.7227     -0.628     0.2136    -0.7623 -9.990e-29
 257.649890     -0.621   0.360116    15.1930    -1.7223     -0.616     0.2149    -0.7617 -9.990e-29
 257.649896     -0.605   0.363191    15.1954    -1.7221     -0.600     0.2167    -0.7606 -9.990e-29
 257.649902     -0.588   0.364652    15.1984    -1.7220     -0.583     0.2176    -0.7604 -9.990e-29
 257.649907     -0.577   0.364784    15.2022    -1.7219     -0.572     0.2177    -0.7610 -9.990e-29
 257.649913     -0.571   0.364873    15.2056    -1.7217     -0.566     0.2177    -0.7614 -9.990e-29
 257.649919     -0.566   0.365037    15.2077    -1.7214     -0.561     0.2178    -0.7617 -9.990e-29
 257.649925     -0.562   0.364939    15.2095    -1.7209     -0.557     0.2177    -0.7620 -9.990e-29
 257.649931     -0.554   0.365005    15.2133    -1.5757     -0.549     0.2177    -0.7626 -9.990e-29
 257.649936     -0.542   0.366429    15.2202    -1.4321     -0.537     0.2186    -0.7630 -9.990e-29
 257.649942     -0.532   0.372216    15.2280    -1.4392     -0.528     0.2221    -0.7615 -9.990e-29
 257.649948     -0.530   0.382333    15.2344    -1.4466     -0.526     0.2282    -0.7577 -9.990e-29
 257.649954     -0.531   0.393665    15.2389    -1.4552     -0.527     0.2351    -0.7531 -9.990e-29
 257.649959     -0.530   0.415786    15.2417    -1.4618     -0.526     0.2486    -0.7431 -9.990e-29
 257.649965     -0.527   0.484834    15.2418    -1.4607     -0.523     0.2911    -0.7102 -9.990e-29
 257.649971     -0.522   0.697299    15.2329    -1.4634     -0.518     0.4239    -0.6061 -9.990e-29
 257.649977     -0.515   1.334809    15.1914    -1.4641     -0.511     0.8347    -0.2823 -9.990e-29
 257.649983     -0.501   3.243503    15.0532    -1.4616     -0.497     2.1341     0.7406 -9.990e-29
 257.649988     -0.479   8.967750    14.8053    -1.4615     -0.475     6.3598     4.0260 -9.990e-29
 257.649994     -0.452  19.724074    14.5253    -1.4617     -0.448    15.0359    10.7248 -9.990e-29
 257.650000     -0.418  30.467155    14.2328    -1.4635     -0.415    24.4011    17.9692 -9.990e-29
 257.650006     -0.380  36.114763    13.9310    -1.4685     -0.377    29.6843    22.0971 -9.990e-29
 257.650012     -0.340  37.937900    13.7064    -1.4690     -0.337    31.5385    23.5731 -9.990e-29
 257.650017     -0.294  38.565131    13.6028    -1.4674     -0.292    32.2066    24.1100 -9.990e-29
 257.650023     -0.244  38.790084    13.5717    -1.4671     -0.242    32.4423    24.2984 -9.990e-29
 257.650029     -0.196  38.828011    13.5768    -1.4662     -0.194    32.4733    24.3214 -9.990e-29
 257.650035     -0.151  38.768659    13.5945    -1.4649     -0.150    32.4030    24.2634 -9.990e-29
 257.650041     -0.109  38.708239    13.5925    -1.4675     -0.108    32.3484    24.2217 -9.990e-29
 257.650046     -0.074  38.705118    13.5588    -1.4675     -0.073    32.3740    24.2483 -9.990e-29
 257.650052     -0.041  38.728214    13.4855    -1.4684     -0.041    32.4578    24.3277 -9.990e-29
 257.650058     -0.015  38.737131    13.4042    -1.4678     -0.015    32.5354    24.4040 -9.990e-29
 257.650064      0.007  38.731392    13.3734    -1.4671      0.007    32.5563    24.4264 -9.990e-29
 257.650069      0.031  38.706097    13.3821    -1.4678      0.031    32.5252    24.4006 -9.990e-29
 257.650075      0.053  38.669488    13.3921    -1.4700      0.053    32.4824    24.3655 -9.990e-29
 257.650081      0.072  38.665169    13.3961    -1.4700      0.071    32.4749    24.3589 -9.990e-29
 257.650087      0.087  38.699122    13.3844    -1.4685      0.086    32.5167    24.3935 -9.990e-29
 257.650093      0.101  38.748789    13.3642    -1.4683      0.100    32.5804    24.4469 -9.990e-29
 257.650098      0.113  38.789589    13.3611    -1.4684      0.112    32.6213    24.4791 -9.990e-29
 257.650104      0.126  38.780631    13.3704    -1.4681      0.125    32.6049    24.4646 -9.990e-29
 257.650110      0.139  38.719455    13.3758    -1.4687      0.138    32.5430    24.4156 -9.990e-29
 257.650116      0.153  38.660619    13.3673    -1.4698      0.152    32.4952    24.3803 -9.990e-29
 257.650122      0.170  38.646674    13.3362    -1.4693      0.169    32.5086    24.3970 -9.990e-29
 257.650127      0.190  38.665720    13.3015    -1.4692      0.188    32.5562    24.4406 -9.990e-29
 257.650133      0.214  38.688208    13.3015    -1.4680      0.212    32.5772    24.4569 -9.990e-29
 257.650139      0.241  38.697015    13.3339    -1.4686      0.239    32.5578    24.4354 -9.990e-29
 257.650145      0.262  38.677505    13.3590    -1.4688      0.260    32.5180    24.3997 -9.990e-29
 257.650150      0.280  38.635006    13.3606    -1.4695      0.278    32.4769    24.3675 -9.990e-29
 257.650156      0.300  38.605844    13.3389    -1.4678      0.297    32.4680    24.3650 -9.990e-29
 257.650162      0.318  38.614426    13.3024    -1.4659      0.315    32.5072    24.4026 -9.990e-29
 257.650168      0.332  38.664317    13.2863    -1.4656      0.329    32.5678    24.4527 -9.990e-29
 257.650174      0.343  38.723382    13.3045    -1.4656      0.340    32.6076    24.4798 -9.990e-29
 257.650179      0.351  38.726889    13.3269    -1.4658      0.348    32.5917    24.4631 -9.990e-29
 257.650185      0.357  38.677237    13.3297    -1.4647      0.354    32.5428    24.4247 -9.990e-29
 257.650191      0.361  38.649956    13.3200    -1.4641      0.358    32.5255    24.4132 -9.990e-29
 257.650197      0.364  38.674764    13.3195    -1.4636      0.361    32.5492    24.4316 -9.990e-29
 257.650203      0.365  38.703461    13.3421    -1.4630      0.362    32.5567    24.4330 -9.990e-29
 257.650208      0.365  38.694144    13.3818    -1.4615      0.362    32.5141    24.3921 -9.990e-29
 257.650214      0.363  38.662373    13.4151    -1.4612      0.360    32.4560    24.3405 -9.990e-29
 257.650220      0.361  38.655970    13.4325    -1.4609      0.358    32.4352    24.3209 -9.990e-29
 257.650226      0.356  38.687666    13.4465    -1.4603      0.353    32.4529    24.3318 -9.990e-29
 257.650231      0.354  38.716769    13.4651    -1.4590      0.351    32.4643    24.3369 -9.990e-29
 257.650237      0.358  38.714813    13.4852    -1.4595      0.355    32.4453    24.3182 -9.990e-29
 257.650243      0.364  38.704372    13.5047    -1.4602      0.361    32.4190    24.2940 -9.990e-29
 257.650249      0.370  38.715761    13.5292    -1.4601      0.367    32.4088    24.2812 -9.990e-29
 257.650255      0.374  38.737799    13.5613    -1.4586      0.371    32.4022    24.2695 -9.990e-29
 257.650260      0.377  38.747169    13.5932    -1.4559      0.374    32.3838    24.2490 -9.990e-29
 257.650266      0.380  38.751291    13.6216    -1.4542      0.377    32.3636    24.2276 -9.990e-29
 257.650272      0.383  38.762919    13.6515    -1.4525      0.380    32.3491    24.2104 -9.990e-29
 257.650278      0.385  38.763909    13.6798    -1.4509      0.382    32.3262    24.1869 -9.990e-29
 257.650284      0.388  38.746029    13.6949    -1.4501      0.385    32.2968    24.1611 -9.990e-29
 257.650289      0.390  38.739203    13.6936    -1.4493      0.387    32.2916    24.1574 -9.990e-29
 257.650295      0.393  38.756155    13.6943    -1.4488      0.390    32.3067    24.1689 -9.990e-29
