data/oxygen options/ONMS/Olympic_Coast_National_Marine_Sanctuary_Hypoxia_Survey_CTD_Data_2004_2015/raw_data/2012/CAST_RR042_120920faed.cnv
* Sea-Bird SBE19 Data File:
* FileName = C:\Documents and Settings\OCNMS\Desktop\2012 mooring data\Hypoxia Sampling\120920\CAST_RR042_120920.hex
* Software Version 1.25
* Temperature SN = 2997
* Conductivity SN = 2997
* System UpLoad Time = Sep 20 2012 12:06:05
** CAST_RR042_120920
* SEACAT PROFILER V3.1c SN 2997   09/20/12  12:03:04.490
# nquan = 9                                 
# nvalues = 992                         
# units = specified
# name 0 = timeJ: Julian Days
# name 1 = prSM: Pressure, Strain Gauge [db]
# name 2 = c0mS/cm: Conductivity [mS/cm]
# name 3 = t090C: Temperature [ITS-90, deg C]
# name 4 = sbeox0ML/L: Oxygen, SBE 43 [ml/l]
# name 5 = depSM: Depth [salt water, m], lat = 47.5
# name 6 = sal00: Salinity, Practical [PSU]
# name 7 = sigma-é00: Density [sigma-theta, kg/m^3]
# name 8 = flag: flag
# span 0 = 264.473241, 264.478976       
# span 1 =     -4.989,     41.563       
# span 2 =   0.229601,  38.515666       
# span 3 =     7.6058,    13.4806       
# span 4 =    -1.8716,    13.2826       
# span 5 =     -4.947,     41.212       
# span 6 =     0.1484,    33.6209       
# span 7 =    -0.3528,    26.2478       
# span 8 = 0.0000e+00, 0.0000e+00       
# interval = seconds: 0.5
# start_time = Sep 20 2012 11:21:28 [Instrument's time stamp, header]
# bad_flag = -9.990e-29
*END*
[from data line 161]
 264.474172     -1.791   0.239528    11.5441    -1.8698     -1.776     0.1549    -0.3285 -9.990e-29
 264.474178     -1.785   0.240553    11.5444    -1.8698     -1.770     0.1556    -0.3280 -9.990e-29
 264.474184     -1.780   0.241780    11.5450    -1.8700     -1.765     0.1564    -0.3274 -9.990e-29
 264.474190     -1.776   0.242631    11.5460    -1.8700     -1.761     0.1569    -0.3271 -9.990e-29
 264.474196     -1.773   0.243135    11.5475    -1.8700     -1.758     0.1573    -0.3270 -9.990e-29
 264.474201     -1.770   0.243962    11.5500    -1.8700     -1.755     0.1578    -0.3268 -9.990e-29
 264.474207     -1.767   0.245108    11.5532    -1.8700     -1.752     0.1585    -0.3266 -9.990e-29
 264.474213     -1.764   0.246440    11.5556    -1.8700     -1.749     0.1594    -0.3262 -9.990e-29
 264.474219     -1.760   0.248074    11.5568    -1.8702     -1.745     0.1605    -0.3255 -9.990e-29
 264.474225     -1.756   0.249422    11.5571    -1.8702     -1.741     0.1614    -0.3248 -9.990e-29
 264.474230     -1.751   0.250068    11.5566    -1.8703     -1.736     0.1618    -0.3244 -9.990e-29
 264.474236     -1.745   0.250318    11.5557    -1.8704     -1.730     0.1620    -0.3242 -9.990e-29
 264.474242     -1.737   0.250506    11.5549    -1.8703     -1.723     0.1621    -0.3240 -9.990e-29
 264.474248     -1.728   0.250880    11.5545    -1.8701     -1.714     0.1623    -0.3238 -9.990e-29
 264.474253     -1.715   0.251386    11.5542    -1.8701     -1.701     0.1627    -0.3235 -9.990e-29
 264.474259     -1.700   0.251594    11.5536    -1.8699     -1.686     0.1628    -0.3233 -9.990e-29
 264.474265     -1.680   0.251780    11.5524    -1.8699     -1.666     0.1629    -0.3231 -9.990e-29
 264.474271     -1.654   0.252746    11.5508    -1.8699     -1.640     0.1636    -0.3224 -9.990e-29
 264.474277     -1.625   0.254120    11.5494    -1.8700     -1.611     0.1645    -0.3215 -9.990e-29
 264.474282     -1.600   0.254966    11.5482    -1.8701     -1.587     0.1650    -0.3209 -9.990e-29
 264.474288     -1.581   0.255305    11.5477    -1.8702     -1.568     0.1653    -0.3207 -9.990e-29
 264.474294     -1.568   0.255590    11.5485    -1.8701     -1.555     0.1655    -0.3207 -9.990e-29
 264.474300     -1.558   0.256201    11.5505    -1.8700     -1.545     0.1659    -0.3206 -9.990e-29
 264.474306     -1.553   0.257398    11.5524    -1.8699     -1.540     0.1666    -0.3202 -9.990e-29
 264.474311     -1.550   0.258563    11.5537    -1.8698     -1.537     0.1674    -0.3197 -9.990e-29
 264.474317     -1.547   0.259035    11.5544    -1.8698     -1.534     0.1677    -0.3195 -9.990e-29
 264.474323     -1.538   0.259445    11.5541    -1.8699     -1.525     0.1680    -0.3193 -9.990e-29
 264.474329     -1.528   0.260339    11.5530    -1.8699     -1.515     0.1686    -0.3187 -9.990e-29
 264.474334     -1.519   0.261248    11.5518    -1.8700     -1.506     0.1692    -0.3181 -9.990e-29
 264.474340     -1.511   0.261725    11.5515    -1.8699     -1.498     0.1695    -0.3178 -9.990e-29
 264.474346     -1.504   0.261852    11.5526    -1.8701     -1.491     0.1696    -0.3179 -9.990e-29
 264.474352     -1.497   0.261797    11.5545    -1.8701     -1.485     0.1695    -0.3181 -9.990e-29
 264.474358     -1.490   0.261487    11.5560    -1.8701     -1.478     0.1693    -0.3184 -9.990e-29
 264.474363     -1.482   0.261064    11.5569    -1.8701     -1.470     0.1690    -0.3188 -9.990e-29
 264.474369     -1.474   0.261070    11.5570    -1.8700     -1.462     0.1690    -0.3188 -9.990e-29
 264.474375     -1.463   0.261513    11.5565    -1.8699     -1.451     0.1693    -0.3185 -9.990e-29
 264.474381     -1.450   0.261876    11.5556    -1.8699     -1.438     0.1696    -0.3182 -9.990e-29
 264.474387     -1.434   0.262090    11.5547    -1.8700     -1.422     0.1697    -0.3180 -9.990e-29
 264.474392     -1.419   0.262439    11.5538    -1.8699     -1.407     0.1700    -0.3177 -9.990e-29
 264.474398     -1.406   0.262835    11.5528    -1.8698     -1.394     0.1702    -0.3174 -9.990e-29
 264.474404     -1.396   0.262702    11.5522    -1.8698     -1.384     0.1701    -0.3174 -9.990e-29
 264.474410     -1.389   0.262413    11.5523    -1.8699     -1.377     0.1699    -0.3175 -9.990e-29
 264.474416     -1.378   0.262690    11.5529    -1.8699     -1.367     0.1701    -0.3175 -9.990e-29
 264.474421     -1.364   0.262796    11.5539    -1.8698     -1.353     0.1702    -0.3175 -9.990e-29
 264.474427     -1.354   0.262875    11.5547    -1.8698     -1.343     0.1702    -0.3176 -9.990e-29
 264.474433     -1.352   0.264137    11.5549    -1.8699     -1.341     0.1711    -0.3169 -9.990e-29
 264.474439     -1.354   0.265497    11.5550    -1.8699     -1.343     0.1720    -0.3163 -9.990e-29
 264.474444     -1.355   0.265448    11.5557    -1.8700     -1.344     0.1719    -0.3164 -9.990e-29
 264.474450     -1.355   0.265033    11.5565    -1.8698     -1.344     0.1717    -0.3167 -9.990e-29
 264.474456     -1.350   0.265358    11.5570    -1.8698     -1.339     0.1719    -0.3165 -9.990e-29
 264.474462     -1.336   0.265751    11.5572    -1.8697     -1.325     0.1721    -0.3164 -9.990e-29
 264.474468     -1.316   0.265627    11.5575    -1.8697     -1.305     0.1721    -0.3165 -9.990e-29
 264.474473     -1.296   0.265373    11.5583    -1.8697     -1.285     0.1719    -0.3167 -9.990e-29
 264.474479     -1.281   0.265205    11.5587    -1.8697     -1.270     0.1718    -0.3168 -9.990e-29
 264.474485     -1.269   0.264901    11.5582    -1.8696     -1.258     0.1716    -0.3169 -9.990e-29
 264.474491     -1.260   0.264606    11.5575    -1.8698     -1.249     0.1714    -0.3170 -9.990e-29
 264.474497     -1.253   0.264482    11.5573    -1.8699     -1.243     0.1713    -0.3170 -9.990e-29
 264.474502     -1.247   0.264364    11.5579    -1.8698     -1.237     0.1712    -0.3172 -9.990e-29
 264.474508     -1.242   0.264650    11.5592    -1.8698     -1.232     0.1714    -0.3172 -9.990e-29
 264.474514     -1.237   0.265167    11.5606    -1.8698     -1.227     0.1717    -0.3171 -9.990e-29
 264.474520     -1.234   0.264941    11.5615    -1.8697     -1.224     0.1716    -0.3173 -9.990e-29
 264.474525     -1.230   0.264226    11.5618    -1.8698     -1.220     0.1711    -0.3177 -9.990e-29
 264.474531     -1.227   0.263730    11.5620    -1.8699     -1.217     0.1708    -0.3180 -9.990e-29
 264.474537     -1.223   0.263344    11.5617    -1.8700     -1.213     0.1705    -0.3181 -9.990e-29
 264.474543     -1.219   0.263109    11.5606    -1.8700     -1.209     0.1704    -0.3181 -9.990e-29
 264.474549     -1.214   0.263265    11.5597    -1.8701     -1.204     0.1705    -0.3179 -9.990e-29
 264.474554     -1.208   0.263466    11.5597    -1.8702     -1.198     0.1706    -0.3178 -9.990e-29
 264.474560     -1.201   0.263424    11.5600    -1.8703     -1.191     0.1706    -0.3179 -9.990e-29
 264.474566     -1.192   0.263085    11.5603    -1.8703     -1.182     0.1704    -0.3181 -9.990e-29
 264.474572     -1.185   0.262552    11.5603    -1.8705     -1.175     0.1700    -0.3184 -9.990e-29
 264.474578     -1.183   0.262219    11.5594    -1.8705     -1.173     0.1698    -0.3184 -9.990e-29
 264.474583     -1.183   0.262198    11.5576    -1.8705     -1.173     0.1698    -0.3183 -9.990e-29
 264.474589     -1.179   0.262460    11.5558    -1.8706     -1.169     0.1700    -0.3179 -9.990e-29
 264.474595     -1.173   0.262799    11.5542    -1.8706     -1.163     0.1702    -0.3176 -9.990e-29
 264.474601     -1.163   0.262562    11.5526    -1.8706     -1.153     0.1700    -0.3175 -9.990e-29
 264.474606     -1.148   0.261985    11.5511    -1.8707     -1.138     0.1697    -0.3176 -9.990e-29
 264.474612     -1.133   0.261960    11.5498    -1.8707     -1.124     0.1697    -0.3175 -9.990e-29
 264.474618     -1.120   0.261903    11.5485    -1.8707     -1.111     0.1696    -0.3174 -9.990e-29
 264.474624     -1.104   0.261183    11.5469    -1.8707     -1.095     0.1692    -0.3176 -9.990e-29
 264.474630     -1.084   0.260499    11.5455    -1.8706     -1.075     0.1687    -0.3178 -9.990e-29
 264.474635     -1.068   0.260046    11.5445    -1.8704     -1.059     0.1684    -0.3179 -9.990e-29
 264.474641     -1.055   0.259776    11.5438    -1.8703     -1.046     0.1682    -0.3180 -9.990e-29
 264.474647     -1.038   0.259880    11.5431    -1.8704     -1.029     0.1683    -0.3178 -9.990e-29
 264.474653     -1.023   0.259945    11.5425    -1.8705     -1.014     0.1684    -0.3177 -9.990e-29
 264.474659     -1.011   0.259689    11.5420    -1.8706     -1.003     0.1682    -0.3178 -9.990e-29
 264.474664     -1.003   0.259323    11.5415    -1.8706     -0.995     0.1680    -0.3179 -9.990e-29
 264.474670     -0.997   0.259097    11.5413    -1.8706     -0.989     0.1678    -0.3180 -9.990e-29
 264.474676     -0.994   0.259263    11.5419    -1.8707     -0.986     0.1679    -0.3180 -9.990e-29
 264.474682     -0.992   0.259673    11.5436    -1.8707     -0.984     0.1682    -0.3180 -9.990e-29
 264.474688     -0.993   0.259764    11.5455    -1.8707     -0.985     0.1682    -0.3182 -9.990e-29
 264.474693     -0.996   0.259659    11.5464    -1.8706     -0.988     0.1682    -0.3183 -9.990e-29
 264.474699     -0.996   0.259769    11.5461    -1.8707     -0.988     0.1682    -0.3182 -9.990e-29
 264.474705     -0.991   0.259688    11.5451    -1.8707     -0.983     0.1682    -0.3181 -9.990e-29
 264.474711     -0.983   0.259308    11.5440    -1.8706     -0.975     0.1679    -0.3182 -9.990e-29
 264.474716     -0.976   0.259227    11.5433    -1.8707     -0.968     0.1679    -0.3182 -9.990e-29
 264.474722     -0.970   0.259336    11.5426    -1.8706     -0.962     0.1680    -0.3180 -9.990e-29
 264.474728     -0.965   0.259226    11.5417    -1.8707     -0.957     0.1679    -0.3180 -9.990e-29
 264.474734     -0.960   0.259305    11.5413    -1.8707     -0.952     0.1679    -0.3179 -9.990e-29
 264.474740     -0.955   0.259677    11.5417    -1.8707     -0.947     0.1682    -0.3178 -9.990e-29
 264.474745     -0.949   0.259729    11.5421    -1.8708     -0.941     0.1682    -0.3178 -9.990e-29
 264.474751     -0.943   0.259530    11.5421    -1.8707     -0.935     0.1681    -0.3179 -9.990e-29
 264.474757     -0.936   0.259368    11.5422    -1.8706     -0.928     0.1680    -0.3180 -9.990e-29
 264.474763     -0.927   0.259025    11.5423    -1.8709     -0.919     0.1678    -0.3182 -9.990e-29
 264.474769     -0.916   0.258600    11.5421    -1.8708     -0.908     0.1675    -0.3184 -9.990e-29
 264.474774     -0.902   0.258630    11.5420    -1.8709     -0.894     0.1675    -0.3183 -9.990e-29
 264.474780     -0.884   0.259155    11.5418    -1.8707     -0.877     0.1678    -0.3181 -9.990e-29
 264.474786     -0.866   0.259215    11.5416    -1.8708     -0.859     0.1679    -0.3180 -9.990e-29
 264.474792     -0.851   0.258888    11.5415    -1.8709     -0.844     0.1677    -0.3182 -9.990e-29
 264.474797     -0.837   0.258846    11.5411    -1.8708     -0.830     0.1676    -0.3181 -9.990e-29
 264.474803     -0.827   0.258479    11.5411    -1.8706     -0.820     0.1674    -0.3183 -9.990e-29
 264.474809     -0.822   0.257849    11.5410    -1.8707     -0.815     0.1670    -0.3186 -9.990e-29
 264.474815     -0.813   0.257775    11.5403    -1.8707     -0.806     0.1669    -0.3186 -9.990e-29
 264.474821     -0.798   0.258160    11.5398    -1.8707     -0.791     0.1672    -0.3183 -9.990e-29
 264.474826     -0.786   0.258407    11.5396    -1.8707     -0.779     0.1674    -0.3182 -9.990e-29
 264.474832     -0.780   0.258294    11.5395    -1.8708     -0.773     0.1673    -0.3182 -9.990e-29
 264.474838     -0.775   0.258223    11.5394    -1.8708     -0.769     0.1672    -0.3183 -9.990e-29
 264.474844     -0.767   0.258650    11.5396    -1.8709     -0.761     0.1675    -0.3181 -9.990e-29
 264.474850     -0.759   0.259037    11.5407    -1.8710     -0.753     0.1678    -0.3180 -9.990e-29
 264.474855     -0.756   0.258793    11.5419    -1.8710     -0.750     0.1676    -0.3182 -9.990e-29
 264.474861     -0.753   0.258700    11.5424    -1.8710     -0.747     0.1675    -0.3184 -9.990e-29
 264.474867     -0.744   0.259185    11.5424    -1.8711     -0.738     0.1679    -0.3181 -9.990e-29
 264.474873     -0.735   0.259787    11.5422    -1.8710     -0.729     0.1683    -0.3178 -9.990e-29
 264.474878     -0.729   0.260755    11.5417    -1.8710     -0.723     0.1689    -0.3172 -9.990e-29
 264.474884     -0.725   0.261718    11.5406    -1.8711     -0.719     0.1695    -0.3166 -9.990e-29
 264.474890     -0.722   0.261746    11.5392    -1.8711     -0.716     0.1696    -0.3164 -9.990e-29
 264.474896     -0.722   0.261431    11.5376    -1.8713     -0.716     0.1694    -0.3164 -9.990e-29
 264.474902     -0.724   0.261458    11.5360    -1.8713     -0.718     0.1694    -0.3162 -9.990e-29
 264.474907     -0.728   0.261309    11.5349    -1.8714     -0.722     0.1693    -0.3162 -9.990e-29
 264.474913     -0.730   0.260785    11.5346    -1.8714     -0.724     0.1689    -0.3164 -9.990e-29
 264.474919     -0.725   0.260291    11.5348    -1.8713     -0.719     0.1686    -0.3167 -9.990e-29
 264.474925     -0.719   0.259723    11.5351    -1.8714     -0.713     0.1682    -0.3170 -9.990e-29
 264.474931     -0.714   0.258876    11.5348    -1.8713     -0.708     0.1677    -0.3174 -9.990e-29
 264.474936     -0.711   0.258283    11.5339    -1.8713     -0.705     0.1673    -0.3176 -9.990e-29
 264.474942     -0.709   0.258260    11.5324    -1.8714     -0.703     0.1673    -0.3175 -9.990e-29
 264.474948     -0.708   0.258220    11.5304    -1.8713     -0.702     0.1673    -0.3173 -9.990e-29
 264.474954     -0.708   0.258108    11.5287    -1.8714     -0.702     0.1672    -0.3171 -9.990e-29
 264.474959     -0.708   0.258328    11.5278    -1.8713     -0.702     0.1674    -0.3169 -9.990e-29
 264.474965     -0.710   0.258620    11.5277    -1.8711     -0.704     0.1675    -0.3167 -9.990e-29
 264.474971     -0.713   0.258820    11.5276    -1.8711     -0.707     0.1677    -0.3166 -9.990e-29
 264.474977     -0.718   0.259193    11.5270    -1.8711     -0.712     0.1679    -0.3164 -9.990e-29
 264.474983     -0.720   0.260235    11.5266    -1.8709     -0.714     0.1686    -0.3158 -9.990e-29
 264.474988     -0.715   0.262230    11.5264    -1.8708     -0.709     0.1699    -0.3147 -9.990e-29
 264.474994     -0.707   0.264514    11.5260    -1.8708     -0.701     0.1714    -0.3135 -9.990e-29
 264.475000     -0.700   0.266258    11.5259    -1.8710     -0.694     0.1726    -0.3126 -9.990e-29
 264.475006     -0.694   0.267572    11.5264    -1.8710     -0.688     0.1735    -0.3120 -9.990e-29
 264.475012     -0.687   0.269101    11.5278    -1.8710     -0.681     0.1745    -0.3113 -9.990e-29
 264.475017     -0.681   0.270670    11.5295    -1.8709     -0.675     0.1755    -0.3107 -9.990e-29
 264.475023     -0.674   0.271603    11.5309    -1.8709     -0.668     0.1761    -0.3104 -9.990e-29
 264.475029     -0.665   0.272035    11.5323    -1.8709     -0.659     0.1764    -0.3103 -9.990e-29
 264.475035     -0.659   0.272540    11.5339    -1.8705     -0.654     0.1767    -0.3102 -9.990e-29
 264.475041     -0.660   0.273238    11.5352    -1.8703     -0.654     0.1772    -0.3100 -9.990e-29
 264.475046     -0.663   0.273953    11.5353    -1.8701     -0.657     0.1777    -0.3097 -9.990e-29
 264.475052     -0.664   0.274529    11.5344    -1.8700     -0.658     0.1780    -0.3093 -9.990e-29
 264.475058     -0.663   0.274627    11.5337    -1.8697     -0.657     0.1781    -0.3091 -9.990e-29
 264.475064     -0.660   0.274377    11.5340    -1.8697     -0.654     0.1779    -0.3093 -9.990e-29
 264.475069     -0.656   0.274554    11.5350    -1.8696     -0.651     0.1781    -0.3093 -9.990e-29
 264.475075     -0.649   0.275392    11.5365    -1.8694     -0.644     0.1786    -0.3090 -9.990e-29
 264.475081     -0.639   0.276348    11.5390    -1.8693     -0.634     0.1792    -0.3088 -9.990e-29
 264.475087     -0.631   0.277033    11.5429    -1.8692     -0.626     0.1797    -0.3089 -9.990e-29
