data/oxygen options/ONMS/Olympic_Coast_National_Marine_Sanctuary_Hypoxia_Survey_CTD_Data_2004_2015/raw_data/2012/CAST_RR015_120913faed.cnv
* Sea-Bird SBE19 Data File:
* FileName = C:\Documents and Settings\OCNMS\Desktop\2012 mooring data\Hypoxia Sampling\CAST_RR015_120930.hex
* Software Version 1.25
* Temperature SN = 2997
* Conductivity SN = 2997
* System UpLoad Time = Sep 13 2012 14:25:53
** CAST_RR015_120930
* SEACAT PROFILER V3.1c SN 2997   09/13/12  14:25:01.466
# nquan = 9                                 
# nvalues = 844                         
# units = specified
# name 0 = timeJ: Julian Days
# name 1 = prSM: Pressure, Strain Gauge [db]
# name 2 = c0mS/cm: Conductivity [mS/cm]
# name 3 = t090C: Temperature [ITS-90, deg C]
# name 4 = sbeox0ML/L: Oxygen, SBE 43 [ml/l]
# name 5 = depSM: Depth [salt water, m], lat = 47.5
# name 6 = sal00: Salinity, Practical [PSU]
# name 7 = sigma-é00: Density [sigma-theta, kg/m^3]
# name 8 = flag: flag
# span 0 = 257.594155, 257.599034       
# span 1 =     -5.456,     16.155       
# span 2 =   0.147011,  39.818785       
# span 3 =    10.4438,    15.9097       
# span 4 =    -1.7346,    12.6025       
# span 5 =     -5.411,     16.020       
# span 6 =     0.0862,    32.9469       
# span 7 =    -0.9742,    25.2707       
# span 8 = 0.0000e+00, 0.0000e+00       
# interval = seconds: 0.5
# start_time = Sep 13 2012 14:15:35 [Instrument's time stamp, header]
# bad_flag = -9.990e-29
*END*
[from data line 641]
 257.597865      0.803  39.582934    15.1683     6.2006      0.796    31.8401    23.5010 -9.990e-29
 257.597870      0.805  39.584426    15.1738     6.1889      0.798    31.8370    23.4974 -9.990e-29
 257.597876      0.813  39.597090    15.1776     6.2106      0.806    31.8452    23.5029 -9.990e-29
 257.597882      0.818  39.605813    15.1815     6.2436      0.811    31.8499    23.5056 -9.990e-29
 257.597888      0.816  39.613766    15.1896     6.2609      0.809    31.8504    23.5043 -9.990e-29
 257.597894      0.812  39.625892    15.1974     6.2379      0.805    31.8549    23.5061 -9.990e-29
 257.597899      0.813  39.634207    15.2017     6.2386      0.806    31.8589    23.5082 -9.990e-29
 257.597905      0.819  39.636854    15.2047     6.2207      0.812    31.8588    23.5075 -9.990e-29
 257.597911      0.828  39.638990    15.2084     6.2102      0.821    31.8577    23.5059 -9.990e-29
 257.597917      0.839  39.640603    15.2122     6.2200      0.832    31.8561    23.5038 -9.990e-29
 257.597922      0.849  39.642668    15.2145     6.2333      0.842    31.8560    23.5033 -9.990e-29
 257.597928      0.854  39.645638    15.2137     6.2637      0.847    31.8594    23.5060 -9.990e-29
 257.597934      0.855  39.639970    15.2091     6.2820      0.848    31.8580    23.5059 -9.990e-29
 257.597940      0.855  39.623652    15.2029     6.2779      0.848    31.8484    23.4999 -9.990e-29
 257.597946      0.860  39.610175    15.1969     6.2757      0.853    31.8412    23.4957 -9.990e-29
 257.597951      0.865  39.606166    15.1927     6.2770      0.858    31.8411    23.4964 -9.990e-29
 257.597957      0.866  39.609584    15.1905     6.2740      0.859    31.8459    23.5006 -9.990e-29
 257.597963      0.868  39.616523    15.1884     6.2895      0.861    31.8538    23.5072 -9.990e-29
 257.597969      0.874  39.620489    15.1872     6.2670      0.867    31.8584    23.5109 -9.990e-29
 257.597975      0.882  39.620549    15.1882     6.2525      0.875    31.8576    23.5101 -9.990e-29
 257.597980      0.886  39.619526    15.1903     6.2432      0.879    31.8550    23.5077 -9.990e-29
 257.597986      0.889  39.614877    15.1928     6.2469      0.882    31.8488    23.5024 -9.990e-29
 257.597992      0.889  39.611555    15.1983     6.2813      0.882    31.8413    23.4954 -9.990e-29
 257.597998      0.887  39.618525    15.2081     6.3029      0.880    31.8396    23.4920 -9.990e-29
 257.598003      0.882  39.630453    15.2188     6.3093      0.875    31.8416    23.4912 -9.990e-29
 257.598009      0.879  39.643014    15.2265     6.2886      0.872    31.8466    23.4934 -9.990e-29
 257.598015      0.882  39.653286    15.2306     6.2766      0.875    31.8525    23.4970 -9.990e-29
 257.598021      0.890  39.653617    15.2318     6.3043      0.883    31.8518    23.4962 -9.990e-29
 257.598027      0.909  39.648315    15.2286     6.3136      0.901    31.8496    23.4953 -9.990e-29
 257.598032      0.940  39.643144    15.2161     6.3746      0.932    31.8551    23.5022 -9.990e-29
 257.598038      0.976  39.628911    15.1917     6.4436      0.968    31.8622    23.5129 -9.990e-29
 257.598044      1.016  39.600032    15.1515     6.5065      1.008    31.8690    23.5268 -9.990e-29
 257.598050      1.061  39.548203    15.0827     6.5717      1.052    31.8785    23.5489 -9.990e-29
 257.598056      1.114  39.465898    14.9742     6.5960      1.105    31.8930    23.5833 -9.990e-29
 257.598061      1.180  39.362117    14.8364     6.6079      1.170    31.9120    23.6274 -9.990e-29
 257.598067      1.258  39.240188    14.6980     6.6064      1.247    31.9151    23.6591 -9.990e-29
 257.598073      1.344  39.119580    14.5884     6.5835      1.333    31.8957    23.6673 -9.990e-29
 257.598079      1.440  39.041120    14.5191     6.5553      1.428    31.8813    23.6707 -9.990e-29
 257.598084      1.547  39.010499    14.4733     6.5293      1.534    31.8910    23.6878 -9.990e-29
 257.598090      1.663  39.003062    14.4353     6.5186      1.649    31.9155    23.7146 -9.990e-29
 257.598096      1.788  39.011069    14.4056     6.5178      1.773    31.9472    23.7453 0.0000e+00
 257.598102      1.921  39.029444    14.3827     6.5140      1.905    31.9829    23.7776 0.0000e+00
 257.598108      2.062  39.043960    14.3619     6.4870      2.045    32.0133    23.8053 0.0000e+00
 257.598113      2.206  39.050937    14.3400     6.4161      2.188    32.0377    23.8288 0.0000e+00
 257.598119      2.351  39.052893    14.3204     6.3093      2.331    32.0557    23.8467 0.0000e+00
 257.598125      2.496  39.052375    14.3094     6.1743      2.475    32.0643    23.8556 0.0000e+00
 257.598131      2.642  39.053116    14.3020     6.0878      2.620    32.0710    23.8624 0.0000e+00
 257.598137      2.791  39.052120    14.2791     6.0329      2.768    32.0891    23.8811 0.0000e+00
 257.598142      2.943  39.035112    14.2240     5.9999      2.918    32.1193    23.9158 0.0000e+00
 257.598148      3.104  38.990568    14.1444     5.9527      3.078    32.1446    23.9518 0.0000e+00
 257.598154      3.278  38.929639    14.0742     5.8679      3.251    32.1471    23.9682 0.0000e+00
 257.598160      3.466  38.880846    14.0349     5.7863      3.437    32.1349    23.9669 0.0000e+00
 257.598166      3.660  38.855260    14.0133     5.7053      3.629    32.1293    23.9670 0.0000e+00
 257.598171      3.858  38.843352    13.9865     5.6189      3.826    32.1407    23.9813 0.0000e+00
 257.598177      4.058  38.829740    13.9476     5.4594      4.024    32.1606    24.0046 0.0000e+00
 257.598183      4.264  38.803503    13.9043     5.2324      4.228    32.1725    24.0227 0.0000e+00
 257.598189      4.477  38.772743    13.8650     4.9193      4.440    32.1769    24.0341 0.0000e+00
 257.598194      4.694  38.746813    13.8280     4.5754      4.655    32.1839    24.0470 0.0000e+00
 257.598200      4.914  38.723012    13.7822     4.2667      4.873    32.2002    24.0689 0.0000e+00
 257.598206      5.149  38.690834    13.7121     4.0197      5.106    32.2292    24.1056 0.0000e+00
 257.598212      5.403  38.635329    13.6015     3.8197      5.358    32.2708    24.1600 0.0000e+00
 257.598218      5.673  38.537901    13.4522     3.5894      5.626    32.3061    24.2173 0.0000e+00
 257.598223      5.949  38.390726    13.2876     3.3376      5.899    32.3079    24.2515 0.0000e+00
 257.598229      6.228  38.231135    13.1128     3.0824      6.176    32.3065    24.2851 0.0000e+00
 257.598235      6.509  38.103989    12.9059     2.8446      6.455    32.3631    24.3694 0.0000e+00
 257.598241      6.795  37.987027    12.6595     2.6298      6.738    32.4636    24.4950 0.0000e+00
 257.598247      7.091  37.826182    12.4079     2.4742      7.032    32.5274    24.5926 0.0000e+00
 257.598252      7.397  37.613638    12.1589     2.4095      7.335    32.5395    24.6491 0.0000e+00
 257.598258      7.708  37.385792    11.8396     2.4163      7.644    32.5980    24.7540 0.0000e+00
 257.598264      8.017  37.159752    11.4136     2.4624      7.950    32.7529    24.9523 0.0000e+00
 257.598270      8.324  36.917502    10.9916     2.5212      8.254    32.8901    25.1345 0.0000e+00
 257.598275      8.634  36.698924    10.7121     2.5599      8.562    32.9238    25.2098 0.0000e+00
 257.598281      8.956  36.574297    10.5779     2.5930      8.881    32.9201    25.2302 0.0000e+00
 257.598287      9.286  36.526871    10.5179     2.6063      9.208    32.9267    25.2457 0.0000e+00
 257.598293      9.622  36.507316    10.4933     2.6124      9.541    32.9291    25.2518 0.0000e+00
 257.598299      9.963  36.497894    10.4879     2.6129      9.880    32.9244    25.2491 0.0000e+00
 257.598304     10.309  36.493263    10.4879     2.6065     10.223    32.9196    25.2454 0.0000e+00
 257.598310     10.656  36.491115    10.4843     2.5996     10.567    32.9206    25.2467 0.0000e+00
 257.598316     11.006  36.489653    10.4753     2.5893     10.914    32.9271    25.2534 0.0000e+00
 257.598322     11.363  36.487432    10.4657     2.5757     11.268    32.9334    25.2599 0.0000e+00
 257.598328     11.729  36.484800    10.4604     2.5635     11.631    32.9354    25.2624 0.0000e+00
 257.598333     12.096  36.483232    10.4586     2.5613     11.995    32.9353    25.2626 0.0000e+00
 257.598339     12.459  36.482822    10.4584     2.5538     12.355    32.9349    25.2624 0.0000e+00
 257.598345     12.818  36.482408    10.4589     2.5320     12.711    32.9339    25.2615 0.0000e+00
 257.598351     13.177  36.481392    10.4591     2.5176     13.067    32.9325    25.2604 0.0000e+00
 257.598356     13.530  36.480074    10.4592     2.5019     13.417    32.9309    25.2592 0.0000e+00
 257.598362     13.876  36.478917    10.4595     2.5063     13.760    32.9294    25.2579 0.0000e+00
 257.598368     14.210  36.478043    10.4584     2.5210     14.091    32.9293    25.2581 0.0000e+00
 257.598374     14.528  36.477401    10.4561     2.5093     14.406    32.9306    25.2595 0.0000e+00
 257.598380     14.825  36.477254    10.4574     2.4952     14.701    32.9292    25.2581 0.0000e+00
 257.598385     15.099  36.478524    10.4661     2.4802     14.972    32.9225    25.2514 0.0000e+00
 257.598391     15.344  36.479541    10.4804     2.4762     15.215    32.9104    25.2396 0.0000e+00
 257.598397     15.555  36.468216    10.4943     2.4977     15.425    32.8864    25.2185 0.0000e+00
 257.598403     15.734  36.454093    10.5006     2.5032     15.602    32.8665    25.2019 0.0000e+00
 257.598409     15.878  36.460913    10.4968     2.5072     15.745    32.8767    25.2105 -9.990e-29
 257.598414     15.984  36.474808    10.4870     2.5058     15.850    32.8994    25.2299 -9.990e-29
 257.598420     16.054  36.480698    10.4767     2.4932     15.919    32.9146    25.2435 -9.990e-29
 257.598426     16.101  36.482512    10.4688     2.4917     15.966    32.9236    25.2519 -9.990e-29
 257.598432     16.137  36.482668    10.4653     2.4738     16.002    32.9269    25.2550 -9.990e-29
 257.598437     16.155  36.484735    10.4671     2.4758     16.020    32.9273    25.2551 -9.990e-29
 257.598443     16.148  36.493146    10.4723     2.4848     16.013    32.9311    25.2571 -9.990e-29
 257.598449     16.116  36.505670    10.4764     2.5010     15.981    32.9399    25.2633 -9.990e-29
 257.598455     16.057  36.512123    10.4766     2.5202     15.922    32.9463    25.2682 -9.990e-29
 257.598461     15.971  36.509906    10.4735     2.5221     15.837    32.9469    25.2692 -9.990e-29
 257.598466     15.865  36.503345    10.4695     2.5136     15.732    32.9440    25.2676 -9.990e-29
 257.598472     15.750  36.495457    10.4660     2.4996     15.618    32.9393    25.2645 -9.990e-29
 257.598478     15.631  36.489728    10.4626     2.4869     15.500    32.9366    25.2631 -9.990e-29
 257.598484     15.510  36.487483    10.4594     2.4795     15.380    32.9373    25.2642 -9.990e-29
 257.598490     15.387  36.486848    10.4564     2.4831     15.258    32.9395    25.2663 -9.990e-29
 257.598495     15.263  36.486417    10.4547     2.4813     15.135    32.9406    25.2675 -9.990e-29
 257.598501     15.143  36.485614    10.4550     2.4847     15.016    32.9396    25.2667 -9.990e-29
 257.598507     15.032  36.484490    10.4557     2.4887     14.906    32.9379    25.2652 -9.990e-29
 257.598513     14.931  36.484905    10.4550     2.4834     14.806    32.9390    25.2662 -9.990e-29
 257.598519     14.844  36.486296    10.4521     2.4781     14.720    32.9430    25.2699 -9.990e-29
 257.598524     14.768  36.483796    10.4489     2.4689     14.644    32.9435    25.2707 -9.990e-29
 257.598530     14.702  36.477992    10.4484     2.4687     14.579    32.9381    25.2667 -9.990e-29
 257.598536     14.653  36.475150    10.4503     2.4813     14.530    32.9336    25.2628 -9.990e-29
 257.598542     14.615  36.476519    10.4519     2.4888     14.493    32.9335    25.2625 -9.990e-29
 257.598547     14.579  36.478324    10.4530     2.4783     14.457    32.9343    25.2629 -9.990e-29
 257.598553     14.542  36.478492    10.4531     2.4729     14.420    32.9344    25.2630 -9.990e-29
 257.598559     14.509  36.477248    10.4515     2.4549     14.387    32.9347    25.2634 -9.990e-29
 257.598565     14.485  36.475173    10.4500     2.4476     14.364    32.9339    25.2631 -9.990e-29
 257.598571     14.466  36.472862    10.4503     2.4530     14.345    32.9314    25.2610 -9.990e-29
 257.598576     14.452  36.471155    10.4521     2.4494     14.331    32.9280    25.2581 -9.990e-29
 257.598582     14.441  36.471135    10.4538     2.4639     14.320    32.9265    25.2566 -9.990e-29
 257.598588     14.433  36.472216    10.4535     2.4620     14.312    32.9278    25.2577 -9.990e-29
 257.598594     14.428  36.472478    10.4509     2.4619     14.307    32.9304    25.2602 -9.990e-29
 257.598600     14.426  36.471153    10.4480     2.4569     14.305    32.9317    25.2617 -9.990e-29
 257.598605     14.425  36.469274    10.4466     2.4606     14.304    32.9311    25.2615 -9.990e-29
 257.598611     14.426  36.468254    10.4471     2.4587     14.305    32.9296    25.2603 -9.990e-29
 257.598617     14.430  36.468415    10.4486     2.4584     14.309    32.9284    25.2591 -9.990e-29
 257.598623     14.436  36.469410    10.4496     2.4603     14.315    32.9285    25.2590 -9.990e-29
 257.598628     14.440  36.470884    10.4495     2.4515     14.319    32.9301    25.2602 -9.990e-29
 257.598634     14.439  36.472005    10.4492     2.4462     14.318    32.9315    25.2613 -9.990e-29
 257.598640     14.437  36.472026    10.4492     2.4302     14.316    32.9315    25.2614 -9.990e-29
 257.598646     14.437  36.472094    10.4489     2.4213     14.316    32.9319    25.2617 -9.990e-29
 257.598652     14.440  36.473421    10.4478     2.4177     14.319    32.9342    25.2637 -9.990e-29
 257.598657     14.446  36.473294    10.4469     2.4159     14.325    32.9349    25.2644 -9.990e-29
 257.598663     14.452  36.470424    10.4475     2.4230     14.331    32.9314    25.2616 -9.990e-29
 257.598669     14.452  36.468827    10.4489     2.4354     14.331    32.9286    25.2591 -9.990e-29
 257.598675     14.452  36.469734    10.4490     2.4429     14.331    32.9294    25.2597 -9.990e-29
 257.598681     14.451  36.470433    10.4476     2.4464     14.330    32.9314    25.2615 -9.990e-29
 257.598686     14.446  36.469617    10.4460     2.4448     14.325    32.9320    25.2623 -9.990e-29
 257.598692     14.439  36.467875    10.4448     2.4483     14.318    32.9313    25.2620 -9.990e-29
 257.598698     14.436  36.466247    10.4444     2.4499     14.315    32.9301    25.2610 -9.990e-29
 257.598704     14.435  36.464803    10.4444     2.4570     14.314    32.9286    25.2599 -9.990e-29
 257.598709     14.437  36.463859    10.4449     2.4571     14.316    32.9272    25.2587 -9.990e-29
 257.598715     14.441  36.464394    10.4460     2.4607     14.320    32.9267    25.2582 -9.990e-29
 257.598721     14.445  36.466003    10.4465     2.4608     14.324    32.9279    25.2590 -9.990e-29
 257.598727     14.443  36.467470    10.4462     2.4572     14.322    32.9297    25.2604 -9.990e-29
 257.598733     14.440  36.467390    10.4457     2.4484     14.319    32.9300    25.2608 -9.990e-29
 257.598738     14.440  36.465656    10.4453     2.4356     14.319    32.9287    25.2598 -9.990e-29
 257.598744     14.443  36.464437    10.4458     2.4266     14.322    32.9270    25.2584 -9.990e-29
 257.598750     14.445  36.464908    10.4470     2.4266     14.324    32.9264    25.2577 -9.990e-29
 257.598756     14.437  36.466016    10.4474     2.4250     14.316    32.9271    25.2582 -9.990e-29
 257.598762     14.419  36.466437    10.4469     2.4285     14.298    32.9280    25.2590 -9.990e-29
 257.598767     14.399  36.466173    10.4461     2.4250     14.278    32.9285    25.2595 -9.990e-29
 257.598773     14.380  36.465433    10.4452     2.4178     14.259    32.9285    25.2597 -9.990e-29
 257.598779     14.359  36.463792    10.4443     2.4195     14.239    32.9277    25.2592 -9.990e-29
