data/oxygen options/ONMS/Olympic_Coast_National_Marine_Sanctuary_Hypoxia_Survey_CTD_Data_2004_2015/raw_data/2012/CAST_HH042_120913faedb.cnv
* Sea-Bird SBE19 Data File:
* FileName = C:\Documents and Settings\OCNMS\Desktop\2012 mooring data\Hypoxia Sampling\CAST_HH042_120913.hex
* Software Version 1.25
* Temperature SN = 2997
* Conductivity SN = 2997
* System UpLoad Time = Sep 13 2012 16:29:46
** CAST_HH042_120913
* SEACAT PROFILER V3.1c SN 2997   09/13/12  16:28:47.179
# nquan = 9
# nvalues = 33                          
# units = specified
# name 0 = timeJ: Julian Days
# name 1 = prSM: Pressure, Strain Gauge [db]
# name 2 = c0mS/cm: Conductivity [mS/cm]
# name 3 = t090C: Temperature [ITS-90, deg C]
# name 4 = sbeox0ML/L: Oxygen, SBE 43 [ml/l]
# name 5 = depSM: Depth [salt water, m], lat = 47.5
# name 6 = sal00: Salinity, Practical [PSU]
# name 7 = sigma-é00: Density [sigma-theta, kg/m^3]
# name 8 = flag: flag
# span 0 = 257.664470, 257.664850       
# span 1 =      2.000,     34.000       
# span 2 =  34.455422,  37.678121       
# span 3 =     7.3818,    12.4461       
# span 4 =     1.2581,     4.6933       
# span 5 =      1.983,     33.713       
# span 6 =    32.3548,    33.6973       
# span 7 =    24.4504,    26.3400       
# span 8 = 0.0000e+00, 0.0000e+00       
# interval = decibars: 1                
# start_time = Sep 13 2012 15:51:22 [Instrument's time stamp, header]
# bad_flag = -9.990e-29
*END*
 257.664470      2.000  37.678121    12.4461     4.6933      1.983    32.3548    24.4504 0.0000e+00
 257.664493      3.000  36.928086    11.3545     4.1612      2.975    32.5801    24.8281 0.0000e+00
 257.664512      4.000  36.569570    10.7906     3.7842      3.966    32.7263    25.0423 0.0000e+00
 257.664527      5.000  36.380238    10.4511     3.5160      4.958    32.8418    25.1909 0.0000e+00
 257.664540      6.000  36.140795    10.0373     3.4603      5.950    32.9752    25.3650 0.0000e+00
 257.664552      7.000  35.843690     9.6052     3.4429      6.942    33.0678    25.5087 0.0000e+00
 257.664563      8.000  35.567774     9.2604     3.3285      7.933    33.1019    25.5910 0.0000e+00
 257.664574      9.000  35.360646     9.0087     3.1344      8.925    33.1205    25.6453 0.0000e+00
 257.664583     10.000  35.197021     8.8018     2.9116      9.916    33.1424    25.6948 0.0000e+00
 257.664593     11.000  35.090609     8.6473     2.6775     10.908    33.1753    25.7442 0.0000e+00
 257.664602     12.000  35.042398     8.5560     2.4453     11.900    33.2099    25.7853 0.0000e+00
 257.664612     13.000  35.008922     8.4730     2.1941     12.891    33.2524    25.8313 0.0000e+00
 257.664621     14.000  34.983648     8.3890     1.9517     13.882    33.3046    25.8849 0.0000e+00
 257.664631     15.000  34.951474     8.3025     1.7664     14.874    33.3520    25.9351 0.0000e+00
 257.664639     16.000  34.901729     8.1757     1.6566     15.866    33.4193    26.0068 0.0000e+00
 257.664649     17.000  34.824644     8.0087     1.5938     16.857    33.4962    26.0918 0.0000e+00
 257.664659     18.000  34.739278     7.8560     1.5479     17.849    33.5508    26.1571 0.0000e+00
 257.664669     19.000  34.668065     7.7480     1.5058     18.841    33.5778    26.1939 0.0000e+00
 257.664680     20.000  34.622332     7.6748     1.4340     19.832    33.5987    26.2209 0.0000e+00
 257.664690     21.000  34.579527     7.5958     1.3600     20.824    33.6285    26.2556 0.0000e+00
 257.664701     22.000  34.532870     7.5090     1.3347     21.815    33.6617    26.2940 0.0000e+00
 257.664712     23.000  34.490238     7.4392     1.3315     22.807    33.6828    26.3206 0.0000e+00
 257.664723     24.000  34.469693     7.4094     1.3509     23.798    33.6889    26.3296 0.0000e+00
 257.664735     25.000  34.463949     7.4004     1.3437     24.790    33.6910    26.3325 0.0000e+00
 257.664746     26.000  34.460733     7.3931     1.3229     25.781    33.6941    26.3360 0.0000e+00
 257.664758     27.000  34.458333     7.3903     1.3228     26.773    33.6937    26.3361 0.0000e+00
 257.664770     28.000  34.457334     7.3873     1.3245     27.764    33.6951    26.3376 0.0000e+00
 257.664781     29.000  34.457142     7.3845     1.3134     28.756    33.6972    26.3396 0.0000e+00
 257.664792     30.000  34.456412     7.3830     1.2956     29.748    33.6973    26.3400 0.0000e+00
 257.664804     31.000  34.455469     7.3826     1.2883     30.739    33.6962    26.3392 0.0000e+00
 257.664818     32.000  34.455422     7.3825     1.2868     31.730    33.6957    26.3388 0.0000e+00
 257.664832     33.000  34.455761     7.3818     1.2669     32.722    33.6963    26.3394 0.0000e+00
 257.664850     34.000  34.455945     7.3864     1.2581     33.713    33.6915    26.3350 0.0000e+00
