data/oxygen options/ONMS/Olympic_Coast_National_Marine_Sanctuary_Hypoxia_Survey_CTD_Data_2004_2015/raw_data/2012/CAST_HH042_121010faedb.cnv
* Sea-Bird SBE19 Data File:
* FileName = C:\Documents and Settings\OCNMS\Desktop\2012 mooring data\RECOVERY\CAST_HH042_121010.hex
* Software Version 1.25
* Temperature SN = 2997
* Conductivity SN = 2997
* System UpLoad Time = Oct 10 2012 17:08:34
** CAST_HH042_121010
* SEACAT PROFILER V3.1c SN 2997   10/10/12  17:07:44.263
# nquan = 9
# nvalues = 35                          
# units = specified
# name 0 = timeJ: Julian Days
# name 1 = prSM: Pressure, Strain Gauge [db]
# name 2 = c0mS/cm: Conductivity [mS/cm]
# name 3 = t090C: Temperature [ITS-90, deg C]
# name 4 = sbeox0ML/L: Oxygen, SBE 43 [ml/l]
# name 5 = depSM: Depth [salt water, m], lat = 47.5
# name 6 = sal00: Salinity, Practical [PSU]
# name 7 = sigma-é00: Density [sigma-theta, kg/m^3]
# name 8 = flag: flag
# span 0 = 284.707335, 284.708009       
# span 1 =      2.000,     36.000       
# span 2 =  34.695200,  36.394265       
# span 3 =     7.8520,    10.3681       
# span 4 =     1.3626,     6.5937       
# span 5 =      1.983,     35.696       
# span 6 =    32.9315,    33.4988       
# span 7 =    25.2755,    26.1171       
# span 8 = 0.0000e+00, 0.0000e+00       
# interval = decibars: 1                
# start_time = Oct 10 2012 16:52:22 [Instrument's time stamp, header]
# bad_flag = -9.990e-29
*END*
 284.707335      2.000  36.394265    10.3681     6.5937      1.983    32.9323    25.2755 0.0000e+00
 284.707365      3.000  36.379306    10.3518     6.4588      2.975    32.9315    25.2778 0.0000e+00
 284.707393      4.000  36.325407    10.2825     6.4129      3.967    32.9396    25.2959 0.0000e+00
 284.707419      5.000  36.297533    10.2486     6.4405      4.958    32.9419    25.3034 0.0000e+00
 284.707444      6.000  36.265503    10.2127     6.4266      5.950    32.9418    25.3094 0.0000e+00
 284.707467      7.000  36.235672    10.1796     6.3171      6.941    32.9412    25.3146 0.0000e+00
 284.707487      8.000  36.191795    10.1310     6.1433      7.933    32.9406    25.3224 0.0000e+00
 284.707506      9.000  36.167236    10.0965     5.8717      8.925    32.9467    25.3329 0.0000e+00
 284.707525     10.000  36.140416    10.0415     5.4786      9.917    32.9692    25.3598 0.0000e+00
 284.707544     11.000  36.086977     9.9520     5.1489     10.908    32.9963    25.3958 0.0000e+00
 284.707564     12.000  35.979678     9.7981     4.6525     11.900    33.0274    25.4456 0.0000e+00
 284.707584     13.000  35.881363     9.6306     4.2748     12.891    33.0804    25.5145 0.0000e+00
 284.707604     14.000  35.672650     9.3803     4.2180     13.882    33.0964    25.5676 0.0000e+00
 284.707628     15.000  35.580320     9.2567     4.1470     14.874    33.1152    25.6021 0.0000e+00
 284.707652     16.000  35.489630     9.1345     3.7519     15.865    33.1343    25.6365 0.0000e+00
 284.707676     17.000  35.383139     8.9798     3.2070     16.857    33.1673    25.6866 0.0000e+00
 284.707698     18.000  35.257736     8.7657     2.7834     17.849    33.2362    25.7739 0.0000e+00
 284.707718     19.000  35.132736     8.5694     2.4324     18.841    33.2892    25.8455 0.0000e+00
 284.707737     20.000  35.028537     8.4137     2.0530     19.832    33.3259    25.8979 0.0000e+00
 284.707756     21.000  34.896164     8.2004     1.8270     20.824    33.3875    25.9783 0.0000e+00
 284.707773     22.000  34.795778     8.0569     1.6238     21.815    33.4168    26.0225 0.0000e+00
 284.707789     23.000  34.757223     7.9834     1.5428     22.807    33.4455    26.0558 0.0000e+00
 284.707804     24.000  34.727379     7.9241     1.5153     23.798    33.4699    26.0837 0.0000e+00
 284.707819     25.000  34.716640     7.9021     1.4971     24.790    33.4790    26.0941 0.0000e+00
 284.707834     26.000  34.712798     7.8905     1.4999     25.781    33.4854    26.1008 0.0000e+00
 284.707847     27.000  34.710674     7.8856     1.5123     26.773    33.4874    26.1031 0.0000e+00
 284.707861     28.000  34.710754     7.8836     1.5086     27.765    33.4890    26.1047 0.0000e+00
 284.707876     29.000  34.711051     7.8830     1.5014     28.756    33.4894    26.1051 0.0000e+00
 284.707893     30.000  34.711831     7.8866     1.4891     29.747    33.4863    26.1022 0.0000e+00
 284.707911     31.000  34.713333     7.8870     1.4924     30.739    33.4870    26.1026 0.0000e+00
 284.707929     32.000  34.711906     7.8834     1.4623     31.730    33.4885    26.1043 0.0000e+00
 284.707947     33.000  34.712978     7.8825     1.4580     32.722    33.4900    26.1056 0.0000e+00
 284.707966     34.000  34.713881     7.8823     1.4067     33.714    33.4907    26.1063 0.0000e+00
 284.707986     35.000  34.709892     7.8723     1.3626     34.705    33.4956    26.1116 0.0000e+00
 284.708009     36.000  34.695200     7.8520     1.3851     35.696    33.4988    26.1171 0.0000e+00
