data/oxygen options/ONMS/Olympic_Coast_National_Marine_Sanctuary_Hypoxia_Survey_CTD_Data_2004_2015/raw_data/2012/CAST_CE065_120920faedb.cnv
* Sea-Bird SBE19 Data File:
* FileName = C:\Documents and Settings\OCNMS\Desktop\2012 mooring data\Hypoxia Sampling\120920\CAST_CE065_120920.hex
* Software Version 1.25
* Temperature SN = 2997
* Conductivity SN = 2997
* System UpLoad Time = Sep 20 2012 12:08:11
** CAST_CE065_120920
* SEACAT PROFILER V3.1c SN 2997   09/20/12  12:07:04.456
# nquan = 9
# nvalues = 65                          
# units = specified
# name 0 = timeJ: Julian Days
# name 1 = prSM: Pressure, Strain Gauge [db]
# name 2 = c0mS/cm: Conductivity [mS/cm]
# name 3 = t090C: Temperature [ITS-90, deg C]
# name 4 = sbeox0ML/L: Oxygen, SBE 43 [ml/l]
# name 5 = depSM: Depth [salt water, m], lat = 47.5
# name 6 = sal00: Salinity, Practical [PSU]
# name 7 = sigma-é00: Density [sigma-theta, kg/m^3]
# name 8 = flag: flag
# span 0 = 264.496651, 264.497493       
# span 1 =      2.000,     66.000       
# span 2 =  34.124035,  38.190212       
# span 3 =     7.3571,    13.2057       
# span 4 =     0.5914,     7.0672       
# span 5 =      1.983,     65.439       
# span 6 =    32.1909,    33.7696       
# span 7 =    24.1772,    26.4005       
# span 8 = 0.0000e+00, 0.0000e+00       
# interval = decibars: 1                
# start_time = Sep 20 2012 11:47:02 [Instrument's time stamp, header]
# bad_flag = -9.990e-29
*END*
 264.496651      2.000  38.190212    13.2057     7.0672      1.983    32.1909    24.1772 0.0000e+00
 264.496678      3.000  38.170261    13.1809     6.6171      2.975    32.1928    24.1835 0.0000e+00
 264.496699      4.000  38.134494    13.1038     6.1395      3.966    32.2242    24.2231 0.0000e+00
 264.496718      5.000  37.893215    12.7845     5.8131      4.958    32.2679    24.3191 0.0000e+00
 264.496735      6.000  37.701903    12.5362     5.6716      5.950    32.2984    24.3906 0.0000e+00
 264.496751      7.000  37.554724    12.3066     5.8060      6.941    32.3550    24.4781 0.0000e+00
 264.496765      8.000  37.266932    11.9370     5.8333      7.933    32.3976    24.5804 0.0000e+00
 264.496779      9.000  36.951230    11.6032     5.6813      8.925    32.3816    24.6294 0.0000e+00
 264.496792     10.000  36.596998    11.0894     5.4573      9.916    32.4852    24.8022 0.0000e+00
 264.496805     11.000  36.058698    10.3660     5.0396     10.908    32.5927    25.0116 0.0000e+00
 264.496816     12.000  35.554995     9.7417     4.3169     11.900    32.6455    25.1569 0.0000e+00
 264.496827     13.000  35.257000     9.3833     3.6776     12.891    32.6659    25.2306 0.0000e+00
 264.496837     14.000  35.191841     9.2231     3.5296     13.883    32.7449    25.3178 0.0000e+00
 264.496847     15.000  35.191291     9.0844     3.6021     14.874    32.8716    25.4388 0.0000e+00
 264.496858     16.000  35.159299     8.9232     3.6950     15.866    32.9872    25.5544 0.0000e+00
 264.496867     17.000  35.045294     8.7398     3.7597     16.858    33.0384    25.6230 0.0000e+00
 264.496878     18.000  34.932810     8.6163     3.8245     17.849    33.0353    25.6394 0.0000e+00
 264.496888     19.000  34.862257     8.5370     3.8705     18.841    33.0348    25.6511 0.0000e+00
 264.496900     20.000  34.800236     8.4607     3.9900     19.833    33.0405    25.6671 0.0000e+00
 264.496914     21.000  34.715647     8.3407     4.2143     20.824    33.0634    25.7031 0.0000e+00
 264.496926     22.000  34.592234     8.1713     4.4428     21.816    33.0916    25.7504 0.0000e+00
 264.496939     23.000  34.468743     8.0218     4.6578     22.807    33.1009    25.7796 0.0000e+00
 264.496951     24.000  34.351760     7.8897     4.7359     23.799    33.1006    25.7986 0.0000e+00
 264.496963     25.000  34.233672     7.7714     4.6781     24.790    33.0858    25.8041 0.0000e+00
 264.496975     26.000  34.155204     7.6954     4.5030     25.781    33.0732    25.8051 0.0000e+00
 264.496988     27.000  34.124035     7.6549     4.2790     26.773    33.0778    25.8145 0.0000e+00
 264.497000     28.000  34.141587     7.6351     4.1321     27.765    33.1150    25.8465 0.0000e+00
 264.497013     29.000  34.161760     7.6067     4.0980     28.756    33.1635    25.8886 0.0000e+00
 264.497025     30.000  34.167742     7.5829     4.0487     29.748    33.1921    25.9145 0.0000e+00
 264.497039     31.000  34.173931     7.5710     3.9460     30.739    33.2096    25.9301 0.0000e+00
 264.497052     32.000  34.180814     7.5656     3.8526     31.731    33.2217    25.9403 0.0000e+00
 264.497063     33.000  34.192138     7.5602     3.7503     32.722    33.2387    25.9544 0.0000e+00
 264.497075     34.000  34.201808     7.5583     3.7116     33.713    33.2505    25.9639 0.0000e+00
 264.497086     35.000  34.215815     7.5605     3.6977     34.705    33.2631    25.9735 0.0000e+00
 264.497098     36.000  34.235152     7.5614     3.7212     35.696    33.2825    25.9887 0.0000e+00
 264.497110     37.000  34.240985     7.5538     3.7178     36.688    33.2957    26.0002 0.0000e+00
 264.497124     38.000  34.238657     7.5435     3.4558     37.679    33.3025    26.0070 0.0000e+00
 264.497138     39.000  34.241665     7.5342     2.8658     38.671    33.3142    26.0175 0.0000e+00
 264.497150     40.000  34.265501     7.5219     2.3715     39.662    33.3514    26.0485 0.0000e+00
 264.497162     41.000  34.311636     7.4994     2.1399     40.654    33.4224    26.1075 0.0000e+00
 264.497173     42.000  34.349513     7.4813     1.9610     41.645    33.4803    26.1556 0.0000e+00
 264.497184     43.000  34.370224     7.4705     1.7348     42.636    33.5127    26.1826 0.0000e+00
 264.497196     44.000  34.389662     7.4608     1.5652     43.628    33.5426    26.2076 0.0000e+00
 264.497210     45.000  34.417396     7.4509     1.4020     44.620    33.5818    26.2398 0.0000e+00
 264.497224     46.000  34.442635     7.4403     1.0887     45.611    33.6189    26.2705 0.0000e+00
 264.497238     47.000  34.469607     7.4278     0.7700     46.602    33.6599    26.3045 0.0000e+00
 264.497250     48.000  34.503043     7.4028     0.5914     47.594    33.7199    26.3553 0.0000e+00
 264.497263     49.000  34.515565     7.3806     0.6306     48.585    33.7547    26.3857 0.0000e+00
 264.497275     50.000  34.515296     7.3693     0.6641     49.576    33.7650    26.3954 0.0000e+00
 264.497288     51.000  34.514001     7.3638     0.6871     50.568    33.7684    26.3989 0.0000e+00
 264.497301     52.000  34.513317     7.3631     0.7115     51.560    33.7679    26.3986 0.0000e+00
 264.497315     53.000  34.514215     7.3625     0.7089     52.551    33.7690    26.3996 0.0000e+00
 264.497328     54.000  34.514250     7.3614     0.7020     53.542    33.7696    26.4002 0.0000e+00
 264.497341     55.000  34.513949     7.3614     0.6754     54.534    33.7688    26.3996 0.0000e+00
 264.497353     56.000  34.513660     7.3601     0.6619     55.525    33.7693    26.4002 0.0000e+00
 264.497364     57.000  34.513411     7.3590     0.6706     56.517    33.7695    26.4005 0.0000e+00
 264.497376     58.000  34.514680     7.3601     0.6674     57.508    33.7694    26.4002 0.0000e+00
 264.497389     59.000  34.514466     7.3599     0.6542     58.499    33.7688    26.3999 0.0000e+00
 264.497403     60.000  34.512855     7.3594     0.6604     59.491    33.7671    26.3986 0.0000e+00
 264.497417     61.000  34.513682     7.3598     0.6344     60.482    33.7672    26.3986 0.0000e+00
 264.497430     62.000  34.514027     7.3591     0.6620     61.473    33.7677    26.3992 0.0000e+00
 264.497443     63.000  34.514187     7.3581     0.6380     62.464    33.7684    26.3999 0.0000e+00
 264.497456     64.000  34.512201     7.3575     0.6059     63.456    33.7663    26.3983 0.0000e+00
 264.497471     65.000  34.477005     7.3571     0.6097     64.447    33.7280    26.3682 0.0000e+00
 264.497493     66.000  34.317888     7.3575     0.6108     65.439    33.5542    26.2314 0.0000e+00
