data/oxygen options/ONMS/Olympic_Coast_National_Marine_Sanctuary_Hypoxia_Survey_CTD_Data_2004_2015/raw_data/2012/CAST_RR020_120906faed.cnv
* Sea-Bird SBE19 Data File:
* FileName = C:\Documents and Settings\OCNMS\Desktop\2012 mooring data\Hypoxia Sampling\CAST_RR020_120906.hex
* Software Version 1.25
* Temperature SN = 2997
* Conductivity SN = 2997
* System UpLoad Time = Sep 06 2012 14:40:08
** CAST_RR020_120906
* SEACAT PROFILER V3.1c SN 2997   09/06/12  14:39:05.823
# nquan = 9                                 
# nvalues = 956                         
# units = specified
# name 0 = timeJ: Julian Days
# name 1 = prSM: Pressure, Strain Gauge [db]
# name 2 = c0mS/cm: Conductivity [mS/cm]
# name 3 = t090C: Temperature [ITS-90, deg C]
# name 4 = sbeox0ML/L: Oxygen, SBE 43 [ml/l]
# name 5 = depSM: Depth [salt water, m], lat = 47.5
# name 6 = sal00: Salinity, Practical [PSU]
# name 7 = sigma-é00: Density [sigma-theta, kg/m^3]
# name 8 = flag: flag
# span 0 = 250.603900, 250.609427       
# span 1 =     -4.971,     20.678       
# span 2 =   0.358717,  39.811224       
# span 3 =     8.6788,    14.8758       
# span 4 =    -1.7933,    13.7133       
# span 5 =     -4.930,     20.504       
# span 6 =     0.2225,    33.3750       
# span 7 =    -0.5250,    25.8917       
# span 8 = 0.0000e+00, 0.0000e+00       
# interval = seconds: 0.5
# start_time = Sep 06 2012 14:29:37 [Instrument's time stamp, header]
# bad_flag = -9.990e-29
*END*
[from data line 641]
 250.607610      0.905  39.783283    14.8606     6.7250      0.897    32.2728    23.9002 -9.990e-29
 250.607616      0.908  39.787402    14.8619     6.7221      0.900    32.2755    23.9020 -9.990e-29
 250.607622      0.910  39.790726    14.8593     6.7180      0.902    32.2806    23.9065 -9.990e-29
 250.607627      0.910  39.787517    14.8521     6.7100      0.902    32.2837    23.9104 -9.990e-29
 250.607633      0.910  39.776780    14.8465     6.7110      0.902    32.2786    23.9077 -9.990e-29
 250.607639      0.909  39.771017    14.8472     6.7172      0.901    32.2728    23.9031 -9.990e-29
 250.607645      0.906  39.775911    14.8494     6.7324      0.898    32.2754    23.9046 -9.990e-29
 250.607650      0.903  39.781093    14.8480     6.7384      0.895    32.2813    23.9094 -9.990e-29
 250.607656      0.898  39.781059    14.8441     6.7370      0.891    32.2845    23.9127 -9.990e-29
 250.607662      0.896  39.780727    14.8411     6.7134      0.889    32.2867    23.9150 -9.990e-29
 250.607668      0.900  39.781816    14.8400     6.6931      0.892    32.2886    23.9167 -9.990e-29
 250.607674      0.907  39.781210    14.8405     6.7009      0.899    32.2876    23.9159 -9.990e-29
 250.607679      0.913  39.781383    14.8423     6.7173      0.905    32.2863    23.9145 -9.990e-29
 250.607685      0.923  39.783605    14.8441     6.7272      0.915    32.2868    23.9145 -9.990e-29
 250.607691      0.941  39.785712    14.8440     6.7122      0.933    32.2888    23.9160 -9.990e-29
 250.607697      0.964  39.785950    14.8415     6.7378      0.956    32.2911    23.9183 -9.990e-29
 250.607703      0.989  39.782873    14.8382     6.7801      0.981    32.2910    23.9190 -9.990e-29
 250.607708      1.019  39.779021    14.8360     6.7672      1.010    32.2893    23.9181 -9.990e-29
 250.607714      1.055  39.776461    14.8331     6.7283      1.046    32.2894    23.9188 -9.990e-29
 250.607720      1.099  39.772258    14.8227     6.7452      1.090    32.2942    23.9247 -9.990e-29
 250.607726      1.154  39.757926    14.7945     6.8302      1.144    32.3046    23.9388 -9.990e-29
 250.607731      1.223  39.721557    14.7460     6.9530      1.213    32.3118    23.9547 -9.990e-29
 250.607737      1.312  39.658293    14.6839     7.0302      1.301    32.3060    23.9633 -9.990e-29
 250.607743      1.421  39.578414    14.5884     7.0362      1.409    32.3128    23.9888 -9.990e-29
 250.607749      1.548  39.466117    14.3996     7.0220      1.535    32.3678    24.0709 0.0000e+00
 250.607755      1.694  39.243877    14.0956     7.0275      1.680    32.4189    24.1736 0.0000e+00
 250.607760      1.858  38.939201    13.7682     7.0401      1.842    32.4136    24.2365 0.0000e+00
 250.607766      2.044  38.711748    13.5343     7.0284      2.027    32.4001    24.2734 0.0000e+00
 250.607772      2.249  38.603861    13.4115     6.9379      2.230    32.4036    24.3008 0.0000e+00
 250.607778      2.470  38.555035    13.3563     6.7926      2.449    32.4048    24.3127 0.0000e+00
 250.607784      2.703  38.534228    13.3333     6.6226      2.680    32.4048    24.3173 0.0000e+00
 250.607789      2.947  38.528733    13.3126     6.4658      2.922    32.4171    24.3310 0.0000e+00
 250.607795      3.200  38.517128    13.2707     6.3842      3.173    32.4419    24.3585 0.0000e+00
 250.607801      3.460  38.479935    13.2012     6.3161      3.431    32.4662    24.3910 0.0000e+00
 250.607807      3.731  38.420156    13.1067     6.1748      3.700    32.4907    24.4287 0.0000e+00
 250.607812      4.022  38.339813    12.9960     5.9606      3.988    32.5097    24.4652 0.0000e+00
 250.607818      4.335  38.243197    12.8880     5.6835      4.299    32.5110    24.4873 0.0000e+00
 250.607824      4.663  38.155482    12.7925     5.4451      4.624    32.5099    24.5051 0.0000e+00
 250.607830      5.002  38.095213    12.7046     5.2990      4.960    32.5283    24.5364 0.0000e+00
 250.607836      5.347  38.057015    12.6288     5.1764      5.302    32.5573    24.5734 0.0000e+00
 250.607841      5.700  38.038050    12.5737     4.9920      5.652    32.5868    24.6069 0.0000e+00
 250.607847      6.061  38.026383    12.5380     4.7454      6.010    32.6064    24.6290 0.0000e+00
 250.607853      6.423  37.993479    12.5197     4.4531      6.369    32.5907    24.6203 0.0000e+00
 250.607859      6.779  37.954768    12.4972     4.1634      6.722    32.5731    24.6110 0.0000e+00
 250.607865      7.127  37.929149    12.4179     3.9056      7.067    32.6173    24.6604 0.0000e+00
 250.607870      7.462  37.856610    12.2500     3.6902      7.400    32.6938    24.7516 0.0000e+00
 250.607876      7.785  37.704228    12.0214     3.5179      7.720    32.7470    24.8358 0.0000e+00
 250.607882      8.099  37.529834    11.7725     3.4311      8.031    32.7968    24.9208 0.0000e+00
 250.607888      8.406  37.366370    11.5147     3.3923      8.336    32.8655    25.0214 0.0000e+00
 250.607894      8.709  37.203623    11.2513     3.3772      8.636    32.9402    25.1272 0.0000e+00
 250.607899      9.011  37.036812    10.9999     3.2861      8.936    33.0006    25.2191 0.0000e+00
 250.607905      9.313  36.868617    10.8007     3.1067      9.235    33.0128    25.2636 0.0000e+00
 250.607911      9.613  36.725635    10.6951     2.8473      9.533    32.9653    25.2451 0.0000e+00
 250.607917      9.905  36.660229    10.6704     2.6248      9.822    32.9222    25.2158 0.0000e+00
 250.607922     10.185  36.667987    10.6412     2.5073     10.100    32.9561    25.2474 0.0000e+00
 250.607928     10.454  36.643201    10.5002     2.5160     10.366    33.0589    25.3518 0.0000e+00
 250.607934     10.713  36.505136    10.2176     2.5747     10.623    33.1773    25.4925 0.0000e+00
 250.607940     10.961  36.284188     9.9147     2.5860     10.869    33.2312    25.5854 0.0000e+00
 250.607946     11.196  36.088428     9.7516     2.5526     11.102    33.1817    25.5737 0.0000e+00
 250.607951     11.416  36.011287     9.7528     2.4867     11.320    33.1016    25.5110 0.0000e+00
 250.607957     11.619  36.030430     9.8067     2.4234     11.522    33.0715    25.4786 0.0000e+00
 250.607963     11.799  36.049727     9.7817     2.3487     11.700    33.1141    25.5160 0.0000e+00
 250.607969     11.955  36.009146     9.6720     2.2463     11.855    33.1736    25.5806 0.0000e+00
 250.607975     12.093  35.936306     9.5800     2.1469     11.992    33.1839    25.6036 0.0000e+00
 250.607980     12.223  35.895329     9.5426     2.0606     12.121    33.1763    25.6038 0.0000e+00
 250.607986     12.351  35.889731     9.5035     2.0258     12.248    33.2067    25.6339 0.0000e+00
 250.607992     12.482  35.866027     9.4125     2.0267     12.377    33.2667    25.6956 0.0000e+00
 250.607998     12.616  35.797019     9.2891     2.0534     12.510    33.3103    25.7495 0.0000e+00
 250.608003     12.752  35.715530     9.1921     2.0819     12.645    33.3164    25.7697 0.0000e+00
 250.608009     12.887  35.663489     9.1523     2.0867     12.779    33.2996    25.7629 0.0000e+00
 250.608015     13.012  35.654865     9.1594     2.0727     12.903    33.2839    25.7495 -9.990e-29
 250.608021     13.122  35.673025     9.1849     2.0499     13.012    33.2789    25.7415 -9.990e-29
 250.608027     13.220  35.692815     9.1997     2.0253     13.109    33.2856    25.7444 -9.990e-29
 250.608032     13.311  35.699663     9.1838     2.0147     13.199    33.3075    25.7641 -9.990e-29
 250.608038     13.403  35.679669     9.1440     1.9986     13.291    33.3239    25.7832 -9.990e-29
 250.608044     13.499  35.641953     9.1086     1.9609     13.386    33.3178    25.7841 -9.990e-29
 250.608050     13.604  35.615686     9.0921     1.9011     13.490    33.3059    25.7774 -9.990e-29
 250.608056     13.714  35.609453     9.0884     1.8300     13.599    33.3028    25.7756 -9.990e-29
 250.608061     13.827  35.609824     9.0839     1.7738     13.711    33.3073    25.7798 -9.990e-29
 250.608067     13.944  35.601532     9.0657     1.7235     13.827    33.3157    25.7892 -9.990e-29
 250.608073     14.065  35.579612     9.0289     1.6790     13.947    33.3273    25.8041 -9.990e-29
 250.608079     14.197  35.542768     8.9818     1.6482     14.078    33.3330    25.8160 0.0000e+00
 250.608084     14.337  35.497812     8.9387     1.6115     14.217    33.3265    25.8177 0.0000e+00
 250.608090     14.486  35.460336     8.9004     1.5847     14.365    33.3233    25.8211 0.0000e+00
 250.608096     14.641  35.432021     8.8571     1.5634     14.518    33.3343    25.8365 0.0000e+00
 250.608102     14.799  35.406441     8.8076     1.5465     14.675    33.3540    25.8597 0.0000e+00
 250.608108     14.961  35.381578     8.7643     1.5489     14.836    33.3687    25.8779 0.0000e+00
 250.608113     15.129  35.360106     8.7381     1.5492     15.002    33.3708    25.8836 0.0000e+00
 250.608119     15.306  35.347736     8.7287     1.5511     15.178    33.3666    25.8817 0.0000e+00
 250.608125     15.490  35.344218     8.7285     1.5550     15.360    33.3630    25.8789 0.0000e+00
 250.608131     15.675  35.345424     8.7307     1.5520     15.544    33.3621    25.8779 0.0000e+00
 250.608137     15.855  35.349606     8.7347     1.5550     15.722    33.3626    25.8777 0.0000e+00
 250.608142     16.030  35.355066     8.7406     1.5537     15.896    33.3627    25.8769 0.0000e+00
 250.608148     16.202  35.359568     8.7442     1.5566     16.066    33.3640    25.8773 0.0000e+00
 250.608154     16.374  35.360163     8.7407     1.5521     16.237    33.3678    25.8808 0.0000e+00
 250.608160     16.547  35.354850     8.7327     1.5490     16.408    33.3697    25.8836 0.0000e+00
 250.608166     16.725  35.347756     8.7263     1.5462     16.585    33.3682    25.8834 0.0000e+00
 250.608171     16.909  35.343430     8.7215     1.5331     16.767    33.3681    25.8841 0.0000e+00
 250.608177     17.104  35.340590     8.7186     1.5350     16.961    33.3678    25.8842 0.0000e+00
 250.608183     17.308  35.339374     8.7206     1.5372     17.163    33.3645    25.8814 0.0000e+00
 250.608189     17.514  35.343208     8.7264     1.5339     17.367    33.3630    25.8793 0.0000e+00
 250.608194     17.708  35.350489     8.7318     1.5287     17.559    33.3655    25.8804 0.0000e+00
 250.608200     17.882  35.355807     8.7321     1.5231     17.732    33.3707    25.8844 0.0000e+00
 250.608206     18.043  35.355057     8.7266     1.5137     17.892    33.3750    25.8887 0.0000e+00
 250.608212     18.204  35.347808     8.7184     1.5142     18.051    33.3750    25.8900 0.0000e+00
 250.608218     18.372  35.338965     8.7105     1.5069     18.218    33.3731    25.8897 0.0000e+00
 250.608223     18.549  35.332988     8.7089     1.5034     18.393    33.3683    25.8862 0.0000e+00
 250.608229     18.733  35.333113     8.7153     1.5114     18.576    33.3623    25.8805 0.0000e+00
 250.608235     18.915  35.338950     8.7219     1.5117     18.756    33.3621    25.8793 0.0000e+00
 250.608241     19.080  35.344286     8.7235     1.5119     18.920    33.3661    25.8822 0.0000e+00
 250.608247     19.222  35.346721     8.7216     1.4985     19.061    33.3704    25.8859 -9.990e-29
 250.608252     19.346  35.347270     8.7193     1.4888     19.184    33.3731    25.8883 -9.990e-29
 250.608258     19.455  35.346110     8.7179     1.4696     19.292    33.3732    25.8886 -9.990e-29
 250.608264     19.552  35.343942     8.7166     1.4715     19.388    33.3721    25.8879 -9.990e-29
 250.608270     19.648  35.340123     8.7144     1.4819     19.483    33.3701    25.8867 -9.990e-29
 250.608275     19.752  35.335167     8.7125     1.4845     19.586    33.3666    25.8843 -9.990e-29
 250.608281     19.867  35.332558     8.7129     1.4868     19.700    33.3635    25.8818 -9.990e-29
 250.608287     19.987  35.333863     8.7155     1.4926     19.819    33.3623    25.8805 -9.990e-29
 250.608293     20.104  35.336908     8.7181     1.4887     19.935    33.3630    25.8806 -9.990e-29
 250.608299     20.211  35.339037     8.7192     1.4849     20.041    33.3642    25.8814 -9.990e-29
 250.608304     20.311  35.339736     8.7194     1.4772     20.140    33.3647    25.8817 -9.990e-29
 250.608310     20.407  35.339945     8.7210     1.4731     20.236    33.3633    25.8804 -9.990e-29
 250.608316     20.495  35.341071     8.7238     1.4792     20.323    33.3618    25.8788 -9.990e-29
 250.608322     20.569  35.341261     8.7254     1.4775     20.396    33.3605    25.8775 -9.990e-29
 250.608328     20.620  35.335173     8.7255     1.4797     20.447    33.3540    25.8724 -9.990e-29
 250.608333     20.652  35.322538     8.7245     1.4721     20.479    33.3416    25.8629 -9.990e-29
 250.608339     20.671  35.312841     8.7230     1.4723     20.497    33.3329    25.8563 -9.990e-29
 250.608345     20.678  35.313324     8.7224     1.4687     20.504    33.3339    25.8572 -9.990e-29
 250.608351     20.674  35.320717     8.7226     1.4684     20.500    33.3415    25.8631 -9.990e-29
 250.608356     20.658  35.329202     8.7227     1.4571     20.485    33.3503    25.8700 -9.990e-29
 250.608362     20.629  35.334415     8.7227     1.4627     20.456    33.3558    25.8743 -9.990e-29
 250.608368     20.586  35.336034     8.7225     1.4612     20.413    33.3577    25.8758 -9.990e-29
 250.608374     20.521  35.337346     8.7209     1.4476     20.349    33.3606    25.8783 -9.990e-29
 250.608380     20.422  35.338986     8.7167     1.4574     20.251    33.3664    25.8835 -9.990e-29
 250.608385     20.283  35.338669     8.7104     1.4575     20.113    33.3720    25.8889 0.0000e+00
 250.608391     20.111  35.335418     8.7043     1.4656     19.942    33.3745    25.8917 0.0000e+00
 250.608397     19.922  35.331627     8.7014     1.4716     19.755    33.3733    25.8913 0.0000e+00
 250.608403     19.725  35.328970     8.7012     1.4675     19.559    33.3708    25.8893 0.0000e+00
 250.608409     19.528  35.326712     8.7007     1.4598     19.364    33.3690    25.8880 0.0000e+00
 250.608414     19.346  35.324652     8.6996     1.4579     19.184    33.3679    25.8873 0.0000e+00
 250.608420     19.187  35.322293     8.6989     1.4501     19.026    33.3662    25.8861 0.0000e+00
 250.608426     19.059  35.319860     8.6989     1.4579     18.899    33.3637    25.8841 -9.990e-29
 250.608432     18.966  35.318596     8.6985     1.4559     18.807    33.3628    25.8835 -9.990e-29
 250.608438     18.903  35.318505     8.6977     1.4481     18.744    33.3635    25.8841 -9.990e-29
 250.608443     18.857  35.318913     8.6980     1.4480     18.699    33.3637    25.8842 -9.990e-29
 250.608449     18.821  35.319251     8.6993     1.4382     18.663    33.3628    25.8833 -9.990e-29
 250.608455     18.792  35.319415     8.7004     1.4422     18.634    33.3620    25.8825 -9.990e-29
 250.608461     18.768  35.319631     8.6999     1.4388     18.611    33.3627    25.8831 -9.990e-29
 250.608466     18.749  35.319636     8.6984     1.4390     18.592    33.3641    25.8845 -9.990e-29
 250.608472     18.733  35.319444     8.6976     1.4431     18.576    33.3646    25.8850 -9.990e-29
 250.608478     18.719  35.319924     8.6991     1.4451     18.562    33.3637    25.8841 -9.990e-29
 250.608484     18.706  35.321164     8.7026     1.4493     18.549    33.3618    25.8820 -9.990e-29
 250.608490     18.693  35.322585     8.7058     1.4568     18.536    33.3602    25.8803 -9.990e-29
 250.608495     18.679  35.324409     8.7079     1.4432     18.522    33.3602    25.8799 -9.990e-29
 250.608501     18.668  35.326275     8.7097     1.4470     18.511    33.3604    25.8799 -9.990e-29
 250.608507     18.668  35.326760     8.7099     1.4473     18.511    33.3608    25.8801 -9.990e-29
 250.608513     18.682  35.324836     8.7066     1.4395     18.525    33.3618    25.8815 -9.990e-29
 250.608519     18.713  35.321307     8.7018     1.4435     18.556    33.3627    25.8828 -9.990e-29
 250.608524     18.757  35.319318     8.6993     1.4395     18.600    33.3629    25.8834 -9.990e-29
