data/oxygen options/ONMS/Olympic_Coast_National_Marine_Sanctuary_Hypoxia_Survey_CTD_Data_2004_2015/raw_data/2012/CAST_RR042_120906faedb.cnv
* Sea-Bird SBE19 Data File:
* FileName = C:\Documents and Settings\OCNMS\Desktop\2012 mooring data\Hypoxia Sampling\CAST_RR042_120906.hex
* Software Version 1.25
* Temperature SN = 2997
* Conductivity SN = 2997
* System UpLoad Time = Sep 06 2012 11:41:13
** CAST_RR042_120906
* SEACAT PROFILER V3.1c SN 2997   09/06/12  11:40:18.005
# nquan = 9
# nvalues = 40                          
# units = specified
# name 0 = timeJ: Julian Days
# name 1 = prSM: Pressure, Strain Gauge [db]
# name 2 = c0mS/cm: Conductivity [mS/cm]
# name 3 = t090C: Temperature [ITS-90, deg C]
# name 4 = sbeox0ML/L: Oxygen, SBE 43 [ml/l]
# name 5 = depSM: Depth [salt water, m], lat = 47.5
# name 6 = sal00: Salinity, Practical [PSU]
# name 7 = sigma-é00: Density [sigma-theta, kg/m^3]
# name 8 = flag: flag
# span 0 = 250.443487, 250.443972       
# span 1 =      2.000,     41.000       
# span 2 =  34.441182,  37.503857       
# span 3 =     7.3409,    12.9872       
# span 4 =     0.7117,     6.4885       
# span 5 =      1.983,     40.654       
# span 6 =    31.7296,    33.7224       
# span 7 =    23.8632,    26.3649       
# span 8 = 0.0000e+00, 0.0000e+00       
# interval = decibars: 1                
# start_time = Sep 06 2012 10:31:17 [Instrument's time stamp, header]
# bad_flag = -9.990e-29
*END*
 250.443487      2.000  37.503857    12.9872     6.4885      1.983    31.7296    23.8632 0.0000e+00
 250.443514      3.000  37.372009    12.6639     6.2119      2.975    31.8770    24.0397 0.0000e+00
 250.443530      4.000  37.334255    12.5447     5.9778      3.967    31.9417    24.1126 0.0000e+00
 250.443543      5.000  37.191949    12.3416     5.8013      4.958    31.9783    24.1795 0.0000e+00
 250.443554      6.000  37.024569    12.0899     5.7480      5.950    32.0327    24.2688 0.0000e+00
 250.443565      7.000  36.809736    11.7110     5.7338      6.941    32.1511    24.4306 0.0000e+00
 250.443575      8.000  36.484085    11.2151     5.6817      7.933    32.2642    24.6081 0.0000e+00
 250.443586      9.000  36.386321    10.9664     5.5898      8.925    32.3861    24.7467 0.0000e+00
 250.443596     10.000  36.342443    10.8540     5.4235      9.916    32.4416    24.8096 0.0000e+00
 250.443607     11.000  36.460393    10.8966     5.0099     10.908    32.5204    24.8636 0.0000e+00
 250.443618     12.000  36.617580    10.9182     4.2523     11.899    32.6566    24.9658 0.0000e+00
 250.443630     13.000  36.666434    10.8499     3.4571     12.891    32.7658    25.0628 0.0000e+00
 250.443642     14.000  36.655540    10.6700     2.9279     13.883    32.9162    25.2113 0.0000e+00
 250.443653     15.000  36.584933    10.4509     2.6508     14.874    33.0433    25.3482 0.0000e+00
 250.443664     16.000  36.449833    10.1747     2.4811     15.866    33.1585    25.4850 0.0000e+00
 250.443675     17.000  36.243730     9.8641     2.3162     16.857    33.2339    25.5960 0.0000e+00
 250.443685     18.000  36.036087     9.5779     2.2014     17.849    33.2856    25.6836 0.0000e+00
 250.443695     19.000  35.867238     9.3203     2.2117     18.840    33.3510    25.7764 0.0000e+00
 250.443706     20.000  35.672301     9.0366     2.2713     19.832    33.4139    25.8707 0.0000e+00
 250.443716     21.000  35.447887     8.7655     2.2475     20.823    33.4342    25.9290 0.0000e+00
 250.443727     22.000  35.259627     8.6448     2.0360     21.815    33.3502    25.8819 0.0000e+00
 250.443738     23.000  35.312236     8.6649     1.7644     22.807    33.3861    25.9069 0.0000e+00
 250.443750     24.000  35.142036     8.2767     1.6185     23.798    33.5748    26.1136 0.0000e+00
 250.443762     25.000  34.820737     7.8764     1.5001     24.790    33.6153    26.2048 0.0000e+00
 250.443772     26.000  34.651486     7.6936     1.4018     25.781    33.6091    26.2265 0.0000e+00
 250.443783     27.000  34.599103     7.6275     1.2373     26.773    33.6161    26.2414 0.0000e+00
 250.443794     28.000  34.566689     7.5808     1.0444     27.765    33.6257    26.2557 0.0000e+00
 250.443806     29.000  34.534190     7.5072     0.9277     28.755    33.6615    26.2943 0.0000e+00
 250.443819     30.000  34.488620     7.4485     0.8723     29.747    33.6686    26.3081 0.0000e+00
 250.443832     31.000  34.467314     7.3946     0.8633     30.739    33.6973    26.3384 0.0000e+00
 250.443845     32.000  34.451884     7.3552     0.8641     31.730    33.7184    26.3605 0.0000e+00
 250.443858     33.000  34.447727     7.3461     0.8548     32.722    33.7224    26.3649 0.0000e+00
 250.443870     34.000  34.445957     7.3459     0.8295     33.713    33.7201    26.3632 0.0000e+00
 250.443882     35.000  34.444699     7.3440     0.8106     34.706    33.7201    26.3635 0.0000e+00
 250.443895     36.000  34.443122     7.3410     0.7897     35.697    33.7208    26.3645 0.0000e+00
 250.443907     37.000  34.442113     7.3409     0.7877     36.688    33.7194    26.3633 0.0000e+00
 250.443920     38.000  34.441182     7.3422     0.7782     37.679    33.7166    26.3610 0.0000e+00
 250.443935     39.000  34.442219     7.3467     0.7514     38.671    33.7129    26.3574 0.0000e+00
 250.443952     40.000  34.441201     7.3434     0.7117     39.663    33.7145    26.3592 0.0000e+00
 250.443972     41.000  34.441214     7.3494     0.7143     40.654    33.7082    26.3533 0.0000e+00
