data/oxygen options/ONMS/Olympic_Coast_National_Marine_Sanctuary_Hypoxia_Survey_CTD_Data_2004_2015/raw_data/2012/CAST_HH042_120913faed.cnv
* Sea-Bird SBE19 Data File:
* FileName = C:\Documents and Settings\OCNMS\Desktop\2012 mooring data\Hypoxia Sampling\CAST_HH042_120913.hex
* Software Version 1.25
* Temperature SN = 2997
* Conductivity SN = 2997
* System UpLoad Time = Sep 13 2012 16:29:46
** CAST_HH042_120913
* SEACAT PROFILER V3.1c SN 2997   09/13/12  16:28:47.179
# nquan = 9                                 
# nvalues = 870                         
# units = specified
# name 0 = timeJ: Julian Days
# name 1 = prSM: Pressure, Strain Gauge [db]
# name 2 = c0mS/cm: Conductivity [mS/cm]
# name 3 = t090C: Temperature [ITS-90, deg C]
# name 4 = sbeox0ML/L: Oxygen, SBE 43 [ml/l]
# name 5 = depSM: Depth [salt water, m], lat = 47.5
# name 6 = sal00: Salinity, Practical [PSU]
# name 7 = sigma-é00: Density [sigma-theta, kg/m^3]
# name 8 = flag: flag
# span 0 = 257.660671, 257.665700       
# span 1 =     -5.046,     34.861       
# span 2 =   0.426424,  38.982304       
# span 3 =     7.3805,    15.0085       
# span 4 =    -1.7550,    12.5543       
# span 5 =     -5.004,     34.567       
# span 6 =     0.2575,    33.6985       
# span 7 =    -0.6785,    26.3403       
# span 8 = 0.0000e+00, 0.0000e+00       
# interval = seconds: 0.5
# start_time = Sep 13 2012 15:51:22 [Instrument's time stamp, header]
# bad_flag = -9.990e-29
*END*
[from data line 161]
 257.661603     -1.868   0.488932    14.4305    -1.7509     -1.852     0.2995    -0.5823 -9.990e-29
 257.661609     -1.846   0.488103    14.4314    -1.7508     -1.831     0.2990    -0.5829 -9.990e-29
 257.661615     -1.828   0.485734    14.4319    -1.7508     -1.813     0.2975    -0.5841 -9.990e-29
 257.661620     -1.815   0.484203    14.4326    -1.7507     -1.800     0.2965    -0.5850 -9.990e-29
 257.661626     -1.804   0.484239    14.4332    -1.7508     -1.789     0.2966    -0.5850 -9.990e-29
 257.661632     -1.795   0.485889    14.4346    -1.7508     -1.780     0.2976    -0.5844 -9.990e-29
 257.661638     -1.788   0.487481    14.4373    -1.7507     -1.773     0.2986    -0.5841 -9.990e-29
 257.661644     -1.783   0.487263    14.4400    -1.7505     -1.768     0.2984    -0.5846 -9.990e-29
 257.661649     -1.778   0.486051    14.4414    -1.7505     -1.763     0.2976    -0.5854 -9.990e-29
 257.661655     -1.774   0.484999    14.4419    -1.7503     -1.759     0.2970    -0.5860 -9.990e-29
 257.661661     -1.770   0.484367    14.4423    -1.7503     -1.755     0.2966    -0.5863 -9.990e-29
 257.661667     -1.766   0.484419    14.4427    -1.7502     -1.751     0.2966    -0.5864 -9.990e-29
 257.661672     -1.761   0.485227    14.4432    -1.7502     -1.746     0.2971    -0.5860 -9.990e-29
 257.661678     -1.757   0.486208    14.4438    -1.7499     -1.742     0.2977    -0.5857 -9.990e-29
 257.661684     -1.751   0.486457    14.4449    -1.7498     -1.736     0.2979    -0.5857 -9.990e-29
 257.661690     -1.745   0.485198    14.4469    -1.7499     -1.730     0.2971    -0.5866 -9.990e-29
 257.661696     -1.736   0.483524    14.4493    -1.7499     -1.722     0.2960    -0.5878 -9.990e-29
 257.661701     -1.726   0.483630    14.4519    -1.7498     -1.712     0.2960    -0.5881 -9.990e-29
 257.661707     -1.713   0.484551    14.4547    -1.7495     -1.699     0.2966    -0.5881 -9.990e-29
 257.661713     -1.696   0.483088    14.4572    -1.7494     -1.682     0.2957    -0.5892 -9.990e-29
 257.661719     -1.680   0.480615    14.4592    -1.7493     -1.666     0.2941    -0.5907 -9.990e-29
 257.661725     -1.670   0.481031    14.4615    -1.7492     -1.656     0.2943    -0.5909 -9.990e-29
 257.661730     -1.667   0.483230    14.4645    -1.7493     -1.653     0.2957    -0.5902 -9.990e-29
 257.661736     -1.661   0.484056    14.4671    -1.7493     -1.647     0.2962    -0.5902 -9.990e-29
 257.661742     -1.649   0.483504    14.4687    -1.7491     -1.635     0.2958    -0.5907 -9.990e-29
 257.661748     -1.633   0.482501    14.4697    -1.7491     -1.619     0.2952    -0.5914 -9.990e-29
 257.661753     -1.622   0.481926    14.4719    -1.7492     -1.608     0.2948    -0.5920 -9.990e-29
 257.661759     -1.614   0.483225    14.4760    -1.7491     -1.601     0.2956    -0.5920 -9.990e-29
 257.661765     -1.600   0.484257    14.4802    -1.7491     -1.587     0.2962    -0.5921 -9.990e-29
 257.661771     -1.580   0.482524    14.4830    -1.7490     -1.567     0.2951    -0.5934 -9.990e-29
 257.661777     -1.561   0.481252    14.4844    -1.7490     -1.548     0.2943    -0.5942 -9.990e-29
 257.661782     -1.546   0.483177    14.4851    -1.7489     -1.533     0.2955    -0.5934 -9.990e-29
 257.661788     -1.533   0.484776    14.4863    -1.7489     -1.520     0.2965    -0.5928 -9.990e-29
 257.661794     -1.523   0.482645    14.4878    -1.7490     -1.510     0.2952    -0.5940 -9.990e-29
 257.661800     -1.514   0.479481    14.4882    -1.7490     -1.501     0.2932    -0.5956 -9.990e-29
 257.661806     -1.506   0.478261    14.4881    -1.7489     -1.493     0.2924    -0.5962 -9.990e-29
 257.661811     -1.498   0.478469    14.4888    -1.7488     -1.486     0.2925    -0.5962 -9.990e-29
 257.661817     -1.491   0.478723    14.4902    -1.7488     -1.479     0.2927    -0.5963 -9.990e-29
 257.661823     -1.482   0.478255    14.4919    -1.7488     -1.470     0.2924    -0.5968 -9.990e-29
 257.661829     -1.473   0.478102    14.4938    -1.7487     -1.461     0.2923    -0.5972 -9.990e-29
 257.661834     -1.462   0.478062    14.4952    -1.7487     -1.450     0.2922    -0.5974 -9.990e-29
 257.661840     -1.449   0.475868    14.4952    -1.7488     -1.437     0.2908    -0.5985 -9.990e-29
 257.661846     -1.432   0.473576    14.4944    -1.7487     -1.420     0.2894    -0.5995 -9.990e-29
 257.661852     -1.415   0.474774    14.4945    -1.7488     -1.403     0.2902    -0.5989 -9.990e-29
 257.661858     -1.406   0.477187    14.4959    -1.7488     -1.394     0.2917    -0.5979 -9.990e-29
 257.661863     -1.404   0.477943    14.4977    -1.7490     -1.392     0.2921    -0.5978 -9.990e-29
 257.661869     -1.399   0.478051    14.4991    -1.7489     -1.387     0.2922    -0.5980 -9.990e-29
 257.661875     -1.393   0.478210    14.5001    -1.7487     -1.381     0.2923    -0.5981 -9.990e-29
 257.661881     -1.393   0.477524    14.5006    -1.7487     -1.381     0.2918    -0.5985 -9.990e-29
 257.661887     -1.398   0.476189    14.5004    -1.7489     -1.386     0.2910    -0.5991 -9.990e-29
 257.661892     -1.402   0.475747    14.5001    -1.7490     -1.390     0.2907    -0.5993 -9.990e-29
 257.661898     -1.399   0.476162    14.5003    -1.7490     -1.387     0.2910    -0.5991 -9.990e-29
 257.661904     -1.390   0.475777    14.4998    -1.7490     -1.378     0.2908    -0.5992 -9.990e-29
 257.661910     -1.379   0.474632    14.4983    -1.7491     -1.367     0.2900    -0.5995 -9.990e-29
 257.661916     -1.368   0.475076    14.4976    -1.7492     -1.357     0.2903    -0.5992 -9.990e-29
 257.661921     -1.357   0.476593    14.4987    -1.7492     -1.346     0.2913    -0.5986 -9.990e-29
 257.661927     -1.346   0.474567    14.5001    -1.7491     -1.335     0.2900    -0.5998 -9.990e-29
 257.661933     -1.334   0.470725    14.4998    -1.7491     -1.323     0.2876    -0.6017 -9.990e-29
 257.661939     -1.324   0.471017    14.4978    -1.7491     -1.313     0.2878    -0.6012 -9.990e-29
 257.661944     -1.320   0.472512    14.4957    -1.7491     -1.309     0.2887    -0.6002 -9.990e-29
 257.661950     -1.317   0.471669    14.4944    -1.7489     -1.306     0.2882    -0.6004 -9.990e-29
 257.661956     -1.311   0.471792    14.4936    -1.7488     -1.300     0.2883    -0.6002 -9.990e-29
 257.661962     -1.302   0.473601    14.4923    -1.7488     -1.291     0.2894    -0.5991 -9.990e-29
 257.661968     -1.288   0.474527    14.4905    -1.7488     -1.277     0.2900    -0.5984 -9.990e-29
 257.661973     -1.274   0.475250    14.4895    -1.7488     -1.263     0.2905    -0.5979 -9.990e-29
 257.661979     -1.263   0.477289    14.4900    -1.7488     -1.252     0.2918    -0.5970 -9.990e-29
 257.661985     -1.254   0.478938    14.4909    -1.7489     -1.244     0.2928    -0.5963 -9.990e-29
 257.661991     -1.247   0.479074    14.4918    -1.7488     -1.237     0.2929    -0.5964 -9.990e-29
 257.661997     -1.241   0.478988    14.4928    -1.7488     -1.231     0.2928    -0.5966 -9.990e-29
 257.662002     -1.235   0.480225    14.4941    -1.7490     -1.225     0.2936    -0.5962 -9.990e-29
 257.662008     -1.230   0.483881    14.4951    -1.7488     -1.220     0.2959    -0.5945 -9.990e-29
 257.662014     -1.224   0.489297    14.4954    -1.7487     -1.214     0.2993    -0.5919 -9.990e-29
 257.662020     -1.218   0.494286    14.4950    -1.7485     -1.208     0.3024    -0.5894 -9.990e-29
 257.662025     -1.212   0.498302    14.4939    -1.7483     -1.202     0.3050    -0.5873 -9.990e-29
 257.662031     -1.204   0.502829    14.4923    -1.7484     -1.194     0.3079    -0.5848 -9.990e-29
 257.662037     -1.194   0.508920    14.4908    -1.7483     -1.184     0.3117    -0.5816 -9.990e-29
 257.662043     -1.183   0.515288    14.4890    -1.7482     -1.173     0.3157    -0.5782 -9.990e-29
 257.662049     -1.168   0.521567    14.4864    -1.7481     -1.158     0.3197    -0.5748 -9.990e-29
 257.662054     -1.149   0.531701    14.4848    -1.7479     -1.139     0.3262    -0.5696 -9.990e-29
 257.662060     -1.129   0.545364    14.4859    -1.7478     -1.120     0.3348    -0.5630 -9.990e-29
 257.662066     -1.112   0.555862    14.4881    -1.7478     -1.103     0.3414    -0.5582 -9.990e-29
 257.662072     -1.095   0.562248    14.4895    -1.7478     -1.086     0.3455    -0.5553 -9.990e-29
 257.662078     -1.083   0.570268    14.4899    -1.7479     -1.074     0.3506    -0.5514 -9.990e-29
 257.662083     -1.074   0.581760    14.4898    -1.7480     -1.065     0.3579    -0.5457 -9.990e-29
 257.662089     -1.064   0.593598    14.4897    -1.7480     -1.055     0.3654    -0.5398 -9.990e-29
 257.662095     -1.057   0.604413    14.4903    -1.7479     -1.048     0.3723    -0.5346 -9.990e-29
 257.662101     -1.051   0.614600    14.4917    -1.7478     -1.042     0.3788    -0.5298 -9.990e-29
 257.662106     -1.042   0.624447    14.4937    -1.7477     -1.033     0.3850    -0.5252 -9.990e-29
 257.662112     -1.034   0.633609    14.4951    -1.7476     -1.025     0.3909    -0.5209 -9.990e-29
 257.662118     -1.031   0.640462    14.4956    -1.7478     -1.022     0.3953    -0.5176 -9.990e-29
 257.662124     -1.032   0.643626    14.4952    -1.7479     -1.023     0.3973    -0.5159 -9.990e-29
 257.662130     -1.033   0.643443    14.4938    -1.7478     -1.024     0.3972    -0.5158 -9.990e-29
 257.662135     -1.031   0.643544    14.4921    -1.7478     -1.022     0.3973    -0.5155 -9.990e-29
 257.662141     -1.028   0.647387    14.4915    -1.7478     -1.019     0.3997    -0.5135 -9.990e-29
 257.662147     -1.030   0.653452    14.4930    -1.7478     -1.021     0.4036    -0.5107 -9.990e-29
 257.662153     -1.037   0.657648    14.4957    -1.7477     -1.028     0.4062    -0.5091 -9.990e-29
 257.662159     -1.044   0.656158    14.4973    -1.7475     -1.035     0.4053    -0.5100 -9.990e-29
 257.662164     -1.047   0.650317    14.4965    -1.7474     -1.038     0.4015    -0.5128 -9.990e-29
 257.662170     -1.048   0.649500    14.4953    -1.7475     -1.039     0.4010    -0.5130 -9.990e-29
 257.662176     -1.041   0.655938    14.4957    -1.7475     -1.032     0.4052    -0.5099 -9.990e-29
 257.662182     -1.027   0.657733    14.4968    -1.7474     -1.018     0.4063    -0.5092 -9.990e-29
 257.662188     -1.012   0.651741    14.4971    -1.7474     -1.004     0.4025    -0.5122 -9.990e-29
 257.662193     -1.001   0.647134    14.4964    -1.7475     -0.993     0.3995    -0.5144 -9.990e-29
 257.662199     -0.992   0.647182    14.4957    -1.7476     -0.984     0.3995    -0.5142 -9.990e-29
 257.662205     -0.985   0.651396    14.4961    -1.7475     -0.977     0.4022    -0.5122 -9.990e-29
 257.662211     -0.980   0.659308    14.4973    -1.7474     -0.972     0.4073    -0.5085 -9.990e-29
 257.662216     -0.976   0.668177    14.4982    -1.7473     -0.968     0.4130    -0.5042 -9.990e-29
 257.662222     -0.973   0.676543    14.4991    -1.7473     -0.965     0.4183    -0.5002 -9.990e-29
 257.662228     -0.970   0.682827    14.5004    -1.7472     -0.962     0.4223    -0.4973 -9.990e-29
 257.662234     -0.968   0.683226    14.5015    -1.7472     -0.960     0.4226    -0.4973 -9.990e-29
 257.662240     -0.963   0.678828    14.5016    -1.7471     -0.955     0.4197    -0.4995 -9.990e-29
 257.662245     -0.948   0.675396    14.5008    -1.7470     -0.940     0.4176    -0.5010 -9.990e-29
 257.662251     -0.934   0.674443    14.5006    -1.7471     -0.926     0.4169    -0.5015 -9.990e-29
 257.662257     -0.926   0.673040    14.5019    -1.7471     -0.918     0.4160    -0.5024 -9.990e-29
 257.662263     -0.919   0.669869    14.5037    -1.7468     -0.911     0.4140    -0.5042 -9.990e-29
 257.662269     -0.911   0.666790    14.5053    -1.7465     -0.903     0.4120    -0.5060 -9.990e-29
 257.662274     -0.899   0.665791    14.5065    -1.7463     -0.891     0.4113    -0.5067 -9.990e-29
 257.662280     -0.887   0.667752    14.5078    -1.7460     -0.880     0.4126    -0.5059 -9.990e-29
 257.662286     -0.880   0.670861    14.5103    -1.7457     -0.873     0.4146    -0.5047 -9.990e-29
 257.662292     -0.871   0.670958    14.5139    -1.7455     -0.864     0.4146    -0.5053 -9.990e-29
 257.662297     -0.857   0.665959    14.5172    -1.7452     -0.850     0.4113    -0.5082 -9.990e-29
 257.662303     -0.840   0.657504    14.5199    -1.7449     -0.833     0.4059    -0.5129 -9.990e-29
 257.662309     -0.829   0.648714    14.5242    -1.7446     -0.822     0.4002    -0.5179 -9.990e-29
 257.662315     -0.826   0.640050    14.5312    -1.7438     -0.819     0.3946    -0.5232 -9.990e-29
 257.662321     -0.828   0.629370    14.5396    -1.7435     -0.821     0.3877    -0.5298 -9.990e-29
 257.662326     -0.825   0.617384    14.5479    -1.7431     -0.818     0.3800    -0.5370 -9.990e-29
 257.662332     -0.818   0.606934    14.5561    -1.7426     -0.811     0.3733    -0.5434 -9.990e-29
 257.662338     -0.814   0.598479    14.5644    -1.7423     -0.807     0.3678    -0.5489 -9.990e-29
 257.662344     -0.815   0.591819    14.5730    -1.7419     -0.808     0.3635    -0.5535 -9.990e-29
 257.662350     -0.814   0.586380    14.5819    -1.7416     -0.807     0.3600    -0.5575 -9.990e-29
 257.662355     -0.817   0.579891    14.5909    -1.7413     -0.810     0.3558    -0.5621 -9.990e-29
 257.662361     -0.823   0.573112    14.6009    -1.7413     -0.816     0.3514    -0.5669 -9.990e-29
 257.662367     -0.830   0.570292    14.6126    -1.7411     -0.823     0.3495    -0.5701 -9.990e-29
 257.662373     -0.832   0.572100    14.6253    -1.7408     -0.825     0.3506    -0.5712 -9.990e-29
 257.662378     -0.822   0.573750    14.6381    -1.7407     -0.815     0.3515    -0.5724 -9.990e-29
 257.662384     -0.803   0.571353    14.6501    -1.7403     -0.796     0.3499    -0.5754 -9.990e-29
 257.662390     -0.787   0.566140    14.6606    -1.7398     -0.780     0.3465    -0.5796 -9.990e-29
 257.662396     -0.776   0.561126    14.6702    -1.7395     -0.770     0.3432    -0.5835 -9.990e-29
 257.662402     -0.771   0.557378    14.6790    -1.7394     -0.765     0.3408    -0.5867 -9.990e-29
 257.662407     -0.772   0.553775    14.6857    -1.7390     -0.766     0.3385    -0.5895 -9.990e-29
 257.662413     -0.772   0.549387    14.6904    -1.7386     -0.766     0.3357    -0.5924 -9.990e-29
 257.662419     -0.770   0.545561    14.6954    -1.7384     -0.764     0.3332    -0.5950 -9.990e-29
 257.662425     -0.768   0.543838    14.7014    -1.7382     -0.762     0.3321    -0.5968 -9.990e-29
 257.662431     -0.767   0.543582    14.7087    -1.7379     -0.761     0.3319    -0.5980 -9.990e-29
 257.662436     -0.761   0.543343    14.7173    -1.7374     -0.755     0.3316    -0.5995 -9.990e-29
 257.662442     -0.756   0.542805    14.7267    -1.7369     -0.750     0.3312    -0.6012 -9.990e-29
 257.662448     -0.751   0.542359    14.7358    -1.7367     -0.745     0.3309    -0.6028 -9.990e-29
 257.662454     -0.741   0.541409    14.7444    -1.7364     -0.735     0.3302    -0.6046 -9.990e-29
 257.662459     -0.730   0.538689    14.7533    -1.7361     -0.724     0.3284    -0.6073 -9.990e-29
 257.662465     -0.722   0.534447    14.7622    -1.7358     -0.716     0.3257    -0.6107 -9.990e-29
 257.662471     -0.715   0.530225    14.7702    -1.7355     -0.709     0.3230    -0.6140 -9.990e-29
 257.662477     -0.710   0.527035    14.7780    -1.7351     -0.704     0.3209    -0.6168 -9.990e-29
 257.662483     -0.706   0.525054    14.7869    -1.7347     -0.700     0.3196    -0.6191 -9.990e-29
 257.662488     -0.702   0.524408    14.7969    -1.7344     -0.696     0.3191    -0.6210 -9.990e-29
 257.662494     -0.700   0.525345    14.8065    -1.7343     -0.694     0.3196    -0.6221 -9.990e-29
 257.662500     -0.698   0.527451    14.8148    -1.7342     -0.692     0.3209    -0.6223 -9.990e-29
 257.662506     -0.696   0.529660    14.8228    -1.7341     -0.690     0.3222    -0.6225 -9.990e-29
 257.662512     -0.695   0.531045    14.8311    -1.7342     -0.689     0.3230    -0.6231 -9.990e-29
 257.662517     -0.694   0.531237    14.8394    -1.7344     -0.688     0.3230    -0.6243 -9.990e-29
