data/oxygen options/ONMS/Olympic_Coast_National_Marine_Sanctuary_Hypoxia_Survey_CTD_Data_2004_2015/raw_data/2012/CAST_HH042_120913faed.cnv
* Sea-Bird SBE19 Data File:
* FileName = C:\Documents and Settings\OCNMS\Desktop\2012 mooring data\Hypoxia Sampling\CAST_HH042_120913.hex
* Software Version 1.25
* Temperature SN = 2997
* Conductivity SN = 2997
* System UpLoad Time = Sep 13 2012 16:29:46
** CAST_HH042_120913
* SEACAT PROFILER V3.1c SN 2997   09/13/12  16:28:47.179
# nquan = 9                                 
# nvalues = 870                         
# units = specified
# name 0 = timeJ: Julian Days
# name 1 = prSM: Pressure, Strain Gauge [db]
# name 2 = c0mS/cm: Conductivity [mS/cm]
# name 3 = t090C: Temperature [ITS-90, deg C]
# name 4 = sbeox0ML/L: Oxygen, SBE 43 [ml/l]
# name 5 = depSM: Depth [salt water, m], lat = 47.5
# name 6 = sal00: Salinity, Practical [PSU]
# name 7 = sigma-é00: Density [sigma-theta, kg/m^3]
# name 8 = flag: flag
# span 0 = 257.660671, 257.665700       
# span 1 =     -5.046,     34.861       
# span 2 =   0.426424,  38.982304       
# span 3 =     7.3805,    15.0085       
# span 4 =    -1.7550,    12.5543       
# span 5 =     -5.004,     34.567       
# span 6 =     0.2575,    33.6985       
# span 7 =    -0.6785,    26.3403       
# span 8 = 0.0000e+00, 0.0000e+00       
# interval = seconds: 0.5
# start_time = Sep 13 2012 15:51:22 [Instrument's time stamp, header]
# bad_flag = -9.990e-29
*END*
[from data line 801]
 257.665307     34.275  34.447900     7.3822     1.1595     33.986    33.6868    26.3319 -9.990e-29
 257.665313     34.189  34.447710     7.3814     1.1573     33.901    33.6874    26.3324 -9.990e-29
 257.665318     34.078  34.447063     7.3810     1.1549     33.791    33.6871    26.3323 -9.990e-29
 257.665324     33.935  34.446793     7.3811     1.1427     33.649    33.6868    26.3320 0.0000e+00
 257.665330     33.745  34.447118     7.3816     1.1381     33.461    33.6867    26.3319 0.0000e+00
 257.665336     33.497  34.447366     7.3816     1.1462     33.215    33.6871    26.3322 0.0000e+00
 257.665341     33.191  34.447327     7.3809     1.1528     32.911    33.6879    26.3329 0.0000e+00
 257.665347     32.836  34.446969     7.3806     1.1616     32.559    33.6880    26.3330 0.0000e+00
 257.665353     32.436  34.446392     7.3808     1.1674     32.163    33.6874    26.3325 0.0000e+00
 257.665359     31.998  34.445966     7.3806     1.1651     31.728    33.6873    26.3325 0.0000e+00
 257.665365     31.520  34.445704     7.3805     1.1566     31.255    33.6874    26.3325 0.0000e+00
 257.665370     31.000  34.445274     7.3811     1.1600     30.739    33.6866    26.3318 0.0000e+00
 257.665376     30.439  34.444683     7.3818     1.1568     30.183    33.6855    26.3309 0.0000e+00
 257.665382     29.842  34.444283     7.3825     1.1578     29.591    33.6847    26.3301 0.0000e+00
 257.665388     29.216  34.444121     7.3834     1.1586     28.970    33.6839    26.3294 0.0000e+00
 257.665394     28.574  34.444000     7.3844     1.1608     28.334    33.6831    26.3286 0.0000e+00
 257.665399     27.921  34.443782     7.3860     1.1939     27.686    33.6817    26.3272 0.0000e+00
 257.665405     27.260  34.443755     7.3886     1.2335     27.031    33.6794    26.3251 0.0000e+00
 257.665411     26.594  34.444465     7.3929     1.2851     26.370    33.6763    26.3221 0.0000e+00
 257.665417     25.925  34.446319     7.4011     1.3530     25.707    33.6707    26.3165 0.0000e+00
 257.665422     25.244  34.450130     7.4175     1.4283     25.032    33.6592    26.3051 0.0000e+00
 257.665428     24.551  34.457638     7.4462     1.4971     24.345    33.6398    26.2858 0.0000e+00
 257.665434     23.853  34.470478     7.4866     1.5898     23.653    33.6149    26.2605 0.0000e+00
 257.665440     23.158  34.488993     7.5358     1.7309     22.963    33.5876    26.2321 0.0000e+00
 257.665446     22.467  34.514376     7.5927     1.9029     22.278    33.5604    26.2025 0.0000e+00
 257.665451     21.779  34.546900     7.6559     2.1124     21.596    33.5348    26.1734 0.0000e+00
 257.665457     21.095  34.583481     7.7316     2.3193     20.918    33.5016    26.1364 0.0000e+00
 257.665463     20.413  34.624203     7.8319     2.5143     20.242    33.4493    26.0809 0.0000e+00
 257.665469     19.733  34.674113     7.9578     2.7163     19.567    33.3826    26.0102 0.0000e+00
 257.665475     19.054  34.735952     8.0916     2.9119     18.894    33.3214    25.9425 0.0000e+00
 257.665480     18.381  34.800368     8.2070     3.0836     18.227    33.2806    25.8934 0.0000e+00
 257.665486     17.716  34.852490     8.2967     3.2187     17.567    33.2513    25.8570 0.0000e+00
 257.665492     17.058  34.890178     8.3736     3.3341     16.915    33.2188    25.8200 0.0000e+00
 257.665498     16.402  34.920043     8.4489     3.4267     16.264    33.1797    25.7780 0.0000e+00
 257.665503     15.749  34.947776     8.5277     3.5188     15.617    33.1351    25.7311 0.0000e+00
 257.665509     15.101  34.979584     8.6174     3.6181     14.974    33.0847    25.6780 0.0000e+00
 257.665515     14.460  35.027109     8.7252     3.7455     14.339    33.0341    25.6218 0.0000e+00
 257.665521     13.828  35.105027     8.8519     3.9059     13.712    32.9978    25.5738 0.0000e+00
 257.665527     13.206  35.210857     9.0161     4.0889     13.095    32.9559    25.5154 0.0000e+00
 257.665532     12.595  35.336776     9.2501     4.2784     12.490    32.8705    25.4117 0.0000e+00
 257.665538     11.989  35.500060     9.5431     4.4501     11.889    32.7701    25.2863 0.0000e+00
 257.665544     11.389  35.696681     9.8349     4.6031     11.294    32.7056    25.1883 0.0000e+00
 257.665550     10.799  35.869052    10.0855     4.7806     10.709    32.6540    25.1065 0.0000e+00
 257.665556     10.220  35.989435    10.3031     4.8962     10.134    32.5799    25.0120 0.0000e+00
 257.665561      9.654  36.090931    10.4993     4.9315      9.573    32.5064    24.9214 0.0000e+00
 257.665567      9.104  36.199218    10.6590     4.9891      9.028    32.4725    24.8676 0.0000e+00
 257.665573      8.569  36.325038    10.7846     5.1685      8.497    32.4864    24.8566 0.0000e+00
 257.665579      8.053  36.482068    10.9000     5.4378      7.986    32.5401    24.8783 0.0000e+00
 257.665584      7.561  36.610979    10.9964     5.7437      7.498    32.5825    24.8943 0.0000e+00
 257.665590      7.094  36.655126    11.0902     5.9257      7.035    32.5432    24.8471 0.0000e+00
 257.665596      6.646  36.692438    11.2281     5.9517      6.590    32.4583    24.7566 0.0000e+00
 257.665602      6.215  36.814135    11.4311     5.8772      6.163    32.3995    24.6744 0.0000e+00
 257.665608      5.800  37.002109    11.7551     5.7395      5.752    32.3001    24.5383 0.0000e+00
 257.665613      5.398  37.226353    12.2218     6.4197      5.353    32.1136    24.3070 0.0000e+00
 257.665619      5.012  37.548354    12.6999     6.4778      4.970    32.0130    24.1381 0.0000e+00
 257.665625      4.645  37.929683    13.0450     6.3521      4.606    32.0810    24.1238 0.0000e+00
 257.665631      4.306  38.185806    13.1934     6.3989      4.270    32.1962    24.1838 0.0000e+00
 257.665637      3.993  38.216795    13.1761     6.3903      3.960    32.2401    24.2211 0.0000e+00
 257.665642      3.703  38.092052    13.1187     6.3615      3.672    32.1717    24.1795 0.0000e+00
 257.665648      3.436  37.878372    13.0887 -9.990e-29      3.407    31.9963    24.0497 0.0000e+00
 257.665654      3.192  37.476297    13.0741 -9.990e-29      3.165    31.6308    23.7698 0.0000e+00
 257.665660      2.972  36.617530    13.0648 -9.990e-29      2.947    30.8336    23.1550 0.0000e+00
 257.665666      2.780  34.464639    13.0555 -9.990e-29      2.757    28.8353    21.6121 0.0000e+00
 257.665671      2.615  28.314621    13.0432 -9.990e-29      2.593    23.2159    17.2769 0.0000e+00
 257.665677      2.477  18.420745    13.0291 -9.990e-29      2.456    14.5081    10.5713 -9.990e-29
 257.665683      2.364  10.585399    13.0170 -9.990e-29      2.344     7.9627     5.5334 -9.990e-29
 257.665689      2.279   6.772299    13.0084 -9.990e-29      2.260     4.9280     3.1948 -9.990e-29
 257.665694      2.224   4.569321    13.0049 -9.990e-29      2.205     3.2371     1.8893 -9.990e-29
 257.665700      2.205   3.312491 -9.990e-29 -9.990e-29      2.187 -9.990e-29 -9.990e-29 -9.990e-29
