data/oxygen options/ONMS/Olympic_Coast_National_Marine_Sanctuary_Hypoxia_Survey_CTD_Data_2004_2015/raw_data/2012/CAST_CE030_120920faed.cnv
* Sea-Bird SBE19 Data File:
* FileName = C:\Documents and Settings\OCNMS\Desktop\2012 mooring data\Hypoxia Sampling\120920\CAST_CE030_120920.hex
* Software Version 1.25
* Temperature SN = 2997
* Conductivity SN = 2997
* System UpLoad Time = Sep 20 2012 13:53:37
** CAST_CE030_120920
* SEACAT PROFILER V3.1c SN 2997   09/20/12  13:52:10.249
# nquan = 9                                 
# nvalues = 878                         
# units = specified
# name 0 = timeJ: Julian Days
# name 1 = prSM: Pressure, Strain Gauge [db]
# name 2 = c0mS/cm: Conductivity [mS/cm]
# name 3 = t090C: Temperature [ITS-90, deg C]
# name 4 = sbeox0ML/L: Oxygen, SBE 43 [ml/l]
# name 5 = depSM: Depth [salt water, m], lat = 47.5
# name 6 = sal00: Salinity, Practical [PSU]
# name 7 = sigma-é00: Density [sigma-theta, kg/m^3]
# name 8 = flag: flag
# span 0 = 264.563287, 264.568362       
# span 1 =     -5.070,     32.069       
# span 2 =   0.142431,  38.613071       
# span 3 =     8.1033,    13.9414       
# span 4 =    -1.8585,    13.1131       
# span 5 =     -5.028,     31.799       
# span 6 =     0.0910,    33.4863       
# span 7 =    -0.4204,    26.0667       
# span 8 = 0.0000e+00, 0.0000e+00       
# interval = seconds: 0.5
# start_time = Sep 20 2012 13:31:08 [Instrument's time stamp, header]
# bad_flag = -9.990e-29
*END*
[from data line 321]
 264.565145     -0.680   0.318606    12.2044    -1.8396     -0.674     0.2039    -0.3648 -9.990e-29
 264.565150     -0.652   0.318006    12.2072    -1.8395     -0.647     0.2035    -0.3654 -9.990e-29
 264.565156     -0.634   0.318577    12.2108    -1.8397     -0.629     0.2038    -0.3655 -9.990e-29
 264.565162     -0.622   0.320525    12.2144    -1.8398     -0.617     0.2051    -0.3650 -9.990e-29
 264.565168     -0.605   0.323125    12.2185    -1.8402     -0.600     0.2068    -0.3642 -9.990e-29
 264.565174     -0.587   0.325415    12.2239    -1.8407     -0.582     0.2082    -0.3636 -9.990e-29
 264.565179     -0.570   0.327124    12.2305    -1.8408     -0.565     0.2093    -0.3636 -9.990e-29
 264.565185     -0.559   0.328870    12.2381    -1.8409     -0.554     0.2104    -0.3636 -9.990e-29
 264.565191     -0.552   0.331321    12.2453    -1.8408     -0.547     0.2120    -0.3632 -9.990e-29
 264.565197     -0.541   0.334422    12.2504    -1.8407     -0.536     0.2140    -0.3623 -9.990e-29
 264.565203     -0.524   0.337322    12.2521    -1.8404     -0.520     0.2159    -0.3610 -9.990e-29
 264.565208     -0.510   0.339459    12.2504    -1.8395     -0.506     0.2173    -0.3597 -9.990e-29
 264.565214     -0.501   0.340915    12.2460    -1.8394     -0.497     0.2183    -0.3584 -9.990e-29
 264.565220     -0.492   0.341970    12.2391    -1.8399     -0.488     0.2190    -0.3570 -9.990e-29
 264.565226     -0.480   0.343473    12.2318    -1.8403     -0.476     0.2201    -0.3553 -9.990e-29
 264.565231     -0.467   0.346322    12.2269    -1.8407     -0.463     0.2220    -0.3533 -9.990e-29
 264.565237     -0.457   0.349884    12.2252    -1.8407     -0.453     0.2243    -0.3512 -9.990e-29
 264.565243     -0.449   0.352267    12.2263    -1.8408     -0.445     0.2259    -0.3501 -9.990e-29
 264.565249     -0.443   0.352771    12.2304    -1.8409     -0.439     0.2262    -0.3504 -9.990e-29
 264.565255     -0.438   0.352620    12.2376    -1.8410     -0.434     0.2260    -0.3513 -9.990e-29
 264.565260     -0.435   0.353272    12.2453    -1.8412     -0.431     0.2264    -0.3520 -9.990e-29
 264.565266     -0.432   0.355040    12.2474    -1.8413     -0.428     0.2276    -0.3513 -9.990e-29
 264.565272     -0.429   0.357513    12.2425    -1.8413     -0.425     0.2292    -0.3494 -9.990e-29
 264.565278     -0.427   0.360113    12.2351    -1.8413     -0.423     0.2310    -0.3472 -9.990e-29
 264.565284     -0.426   0.361876    12.2289    -1.8413     -0.422     0.2322    -0.3455 -9.990e-29
 264.565289     -0.425   0.362385    12.2251    -1.8413     -0.421     0.2325    -0.3448 -9.990e-29
 264.565295     -0.424   0.362316    12.2221    -1.8413     -0.420     0.2325    -0.3445 -9.990e-29
 264.565301     -0.423   0.362684    12.2189    -1.8412     -0.419     0.2328    -0.3439 -9.990e-29
 264.565307     -0.422   0.363978    12.2158    -1.8413     -0.418     0.2336    -0.3428 -9.990e-29
 264.565313     -0.421   0.365707    12.2131    -1.8414     -0.417     0.2348    -0.3416 -9.990e-29
 264.565318     -0.420   0.366854    12.2113    -1.8413     -0.416     0.2356    -0.3408 -9.990e-29
 264.565324     -0.419   0.366731    12.2103    -1.8412     -0.416     0.2355    -0.3408 -9.990e-29
 264.565330     -0.418   0.365728    12.2100    -1.8411     -0.415     0.2348    -0.3412 -9.990e-29
 264.565336     -0.416   0.364719    12.2099    -1.8414     -0.413     0.2342    -0.3417 -9.990e-29
 264.565341     -0.414   0.364018    12.2099    -1.8416     -0.411     0.2337    -0.3421 -9.990e-29
 264.565347     -0.412   0.363797    12.2104    -1.8418     -0.409     0.2336    -0.3423 -9.990e-29
 264.565353     -0.409   0.363761    12.2111    -1.8414     -0.406     0.2335    -0.3424 -9.990e-29
 264.565359     -0.405   0.363307    12.2113    -1.8371     -0.402     0.2332    -0.3426 -9.990e-29
 264.565365     -0.401   0.362382    12.2113    -1.4731     -0.398     0.2326    -0.3431 -9.990e-29
 264.565370     -0.395   0.361412    12.2119    -1.4587     -0.392     0.2320    -0.3437 -9.990e-29
 264.565376     -0.387   0.361868    12.2128    -1.4568     -0.384     0.2323    -0.3436 -9.990e-29
 264.565382     -0.377   0.366020    12.2133    -1.4571     -0.374     0.2350    -0.3415 -9.990e-29
 264.565388     -0.364   0.378293    12.2142    -1.4579     -0.361     0.2431    -0.3353 -9.990e-29
 264.565394     -0.347   0.413942    12.2210    -1.4585     -0.344     0.2666    -0.3177 -9.990e-29
 264.565399     -0.325   0.521236    12.2493    -1.4594     -0.322     0.3380    -0.2653 -9.990e-29
 264.565405     -0.298   0.844339    12.3413    -1.4594     -0.296     0.5563    -0.1060 -9.990e-29
 264.565411     -0.262   1.814794    12.6145    -1.4587     -0.260     1.2305     0.3852 -9.990e-29
 264.565417     -0.217   4.715470    13.0903    -1.4585     -0.215     3.3402     1.9574 -9.990e-29
 264.565422     -0.162  13.236954    13.5353    -1.4586     -0.161    10.0019     7.0248 -9.990e-29
 264.565428     -0.100  25.890645    13.7771    -1.4587     -0.099    20.6419    15.1631 -9.990e-29
 264.565434     -0.022  34.298381    13.8678    -1.4585     -0.022    28.0790    20.8718 -9.990e-29
 264.565440      0.074  37.087304    13.8954    -1.4584      0.073    30.6018    22.8120 -9.990e-29
 264.565446      0.175  37.983300    13.9001    -1.4597      0.174    31.4213    23.4435 -9.990e-29
 264.565451      0.276  38.242674    13.8934    -1.4593      0.274    31.6657    23.6335 -9.990e-29
 264.565457      0.370  38.295870    13.8824    -1.4588      0.367    31.7238    23.6806 -9.990e-29
 264.565463      0.449  38.307393    13.8756    -1.4590      0.445    31.7400    23.6945 -9.990e-29
 264.565469      0.516  38.340236    13.8749    -1.4591      0.512    31.7708    23.7184 -9.990e-29
 264.565475      0.574  38.385520    13.8762    -1.4597      0.569    31.8115    23.7496 -9.990e-29
 264.565480      0.626  38.410613    13.8768    -1.4590      0.621    31.8341    23.7669 -9.990e-29
 264.565486      0.673  38.415358    13.8782    -1.4584      0.667    31.8373    23.7691 -9.990e-29
 264.565492      0.708  38.415611    13.8821    -1.4585      0.702    31.8343    23.7660 -9.990e-29
 264.565498      0.734  38.408909    13.8865    -1.4590      0.728    31.8245    23.7575 -9.990e-29
 264.565503      0.755  38.376234    13.8869    -1.4597      0.749    31.7940    23.7339 -9.990e-29
 264.565509      0.771  38.332859    13.8810    -1.4586      0.765    31.7589    23.7080 -9.990e-29
 264.565515      0.780  38.326854    13.8743    -1.4584      0.773    31.7589    23.7093 -9.990e-29
 264.565521      0.790  38.354141    13.8740    -1.4584      0.783    31.7843    23.7290 -9.990e-29
 264.565527      0.799  38.369298    13.8788    -1.4585      0.792    31.7943    23.7358 -9.990e-29
 264.565532      0.813  38.354436    13.8824    -1.4584      0.806    31.7776    23.7221 -9.990e-29
 264.565538      0.832  38.337930    13.8829    -1.4586      0.825    31.7620    23.7100 -9.990e-29
 264.565544      0.851  38.354931    13.8832    -1.4588      0.844    31.7774    23.7218 -9.990e-29
 264.565550      0.864  38.385526    13.8841    -1.4586      0.857    31.8049    23.7428 -9.990e-29
 264.565556      0.874  38.388142    13.8840    -1.4584      0.867    31.8073    23.7448 -9.990e-29
 264.565561      0.880  38.362912    13.8830    -1.4584      0.873    31.7849    23.7276 -9.990e-29
 264.565567      0.884  38.353522    13.8830    -1.4592      0.877    31.7762    23.7210 -9.990e-29
 264.565573      0.885  38.381077    13.8840    -1.4594      0.878    31.8008    23.7397 -9.990e-29
 264.565579      0.883  38.409477    13.8842    -1.4590      0.876    31.8269    23.7598 -9.990e-29
 264.565584      0.883  38.416639    13.8825    -1.4586      0.876    31.8349    23.7663 -9.990e-29
 264.565590      0.889  38.416039    13.8794    -1.4593      0.882    31.8369    23.7685 -9.990e-29
 264.565596      0.897  38.416407    13.8765    -1.4592      0.890    31.8396    23.7712 -9.990e-29
 264.565602      0.903  38.415436    13.8753    -1.4590      0.895    31.8397    23.7715 -9.990e-29
 264.565608      0.908  38.416315    13.8764    -1.4596      0.900    31.8396    23.7712 -9.990e-29
 264.565613      0.912  38.424144    13.8798    -1.4599      0.904    31.8440    23.7739 -9.990e-29
 264.565619      0.915  38.426951    13.8831    -1.4600      0.907    31.8439    23.7732 -9.990e-29
 264.565625      0.917  38.402707    13.8826    -1.4599      0.909    31.8219    23.7563 -9.990e-29
 264.565631      0.919  38.361677    13.8801    -1.4598      0.911    31.7861    23.7292 -9.990e-29
 264.565637      0.920  38.346093    13.8779    -1.4596      0.912    31.7736    23.7200 -9.990e-29
 264.565642      0.921  38.360397    13.8742    -1.4595      0.913    31.7898    23.7333 -9.990e-29
 264.565648      0.922  38.370992    13.8712    -1.4596      0.914    31.8021    23.7433 -9.990e-29
 264.565654      0.923  38.369597    13.8716    -1.4594      0.915    31.8005    23.7420 -9.990e-29
 264.565660      0.923  38.367243    13.8729    -1.4591      0.915    31.7972    23.7392 -9.990e-29
 264.565666      0.924  38.354070    13.8732    -1.4594      0.916    31.7848    23.7296 -9.990e-29
 264.565671      0.924  38.323724    13.8740    -1.4596      0.916    31.7562    23.7073 -9.990e-29
 264.565677      0.924  38.295143    13.8766    -1.4596      0.916    31.7277    23.6848 -9.990e-29
 264.565683      0.924  38.279530    13.8806    -1.4593      0.916    31.7100    23.6703 -9.990e-29
 264.565689      0.925  38.273442    13.8873    -1.4592      0.917    31.6988    23.6603 -9.990e-29
 264.565694      0.925  38.272128    13.8949    -1.4597      0.917    31.6913    23.6530 -9.990e-29
 264.565700      0.925  38.266555    13.8980    -1.4598      0.917    31.6836    23.6464 -9.990e-29
 264.565706      0.925  38.256020    13.8984    -1.4594      0.917    31.6736    23.6386 -9.990e-29
 264.565712      0.925  38.255620    13.9017    -1.4591      0.917    31.6705    23.6355 -9.990e-29
 264.565718      0.925  38.265947    13.9063    -1.4595      0.917    31.6762    23.6390 -9.990e-29
 264.565723      0.925  38.264914    13.9075    -1.4595      0.917    31.6743    23.6373 -9.990e-29
 264.565729      0.925  38.247226    13.9047     9.7561      0.917    31.6603    23.6271 -9.990e-29
 264.565735      0.925  38.234690    13.8997    12.8182      0.917    31.6529    23.6223 -9.990e-29
 264.565741      0.926  38.242531    13.8957    13.1131      0.918    31.6634    23.6313 -9.990e-29
 264.565747      0.926  38.263277    13.8949    11.0234      0.918    31.6832    23.6467 -9.990e-29
 264.565752      0.926  38.272484    13.8963     6.3535      0.918    31.6905    23.6521 -9.990e-29
 264.565758      0.926  38.261697    13.8984     6.6888      0.918    31.6788    23.6426 -9.990e-29
 264.565764      0.926  38.255201    13.9007     6.9718      0.918    31.6710    23.6361 -9.990e-29
 264.565770      0.927  38.265630    13.9023     6.9874      0.919    31.6792    23.6422 -9.990e-29
 264.565775      0.927  38.276638    13.9021     6.9078      0.919    31.6896    23.6502 -9.990e-29
 264.565781      0.924  38.290581    13.9003     6.8246      0.916    31.7039    23.6616 -9.990e-29
 264.565787      0.912  38.355750    13.8985     6.7344      0.904    31.7655    23.7095 -9.990e-29
 264.565793      0.903  38.466025    13.8985     6.6782      0.895    31.8672    23.7880 -9.990e-29
 264.565799      0.910  38.543752    13.9009     6.6369      0.902    31.9369    23.8413 -9.990e-29
 264.565804      0.924  38.573783    13.9038     6.5823      0.916    31.9622    23.8603 -9.990e-29
 264.565810      0.935  38.584396    13.9037     6.5717      0.927    31.9720    23.8679 -9.990e-29
 264.565816      0.937  38.584701    13.9008     6.5476      0.929    31.9747    23.8706 -9.990e-29
 264.565822      0.936  38.581835    13.8995     6.5370      0.928    31.9732    23.8696 -9.990e-29
 264.565828      0.935  38.582066    13.9013     6.5480      0.927    31.9719    23.8683 -9.990e-29
 264.565833      0.936  38.585144    13.9034     6.5326      0.928    31.9730    23.8687 -9.990e-29
 264.565839      0.936  38.586771    13.9042     6.5354      0.928    31.9738    23.8692 -9.990e-29
 264.565845      0.938  38.585201    13.9045     6.5332      0.930    31.9721    23.8678 -9.990e-29
 264.565851      0.940  38.581706    13.9036     6.5261      0.932    31.9696    23.8661 -9.990e-29
 264.565856      0.943  38.579475    13.9021     6.5379      0.935    31.9688    23.8658 -9.990e-29
 264.565862      0.948  38.580581    13.9018     6.5311      0.940    31.9701    23.8668 -9.990e-29
 264.565868      0.954  38.583140    13.9025     6.5304      0.946    31.9719    23.8680 -9.990e-29
 264.565874      0.962  38.583844    13.9024     6.5251      0.954    31.9726    23.8686 -9.990e-29
 264.565880      0.968  38.582515    13.9017     6.5100      0.960    31.9719    23.8683 -9.990e-29
 264.565885      0.968  38.581306    13.9014     6.5006      0.960    31.9711    23.8676 -9.990e-29
 264.565891      0.967  38.581409    13.9017     6.5083      0.959    31.9709    23.8675 -9.990e-29
 264.565897      0.968  38.582967    13.9034     6.5066      0.960    31.9709    23.8671 -9.990e-29
 264.565903      0.972  38.585821    13.9071     6.5222      0.964    31.9705    23.8660 -9.990e-29
 264.565909      0.975  38.588736    13.9109     6.5122      0.967    31.9700    23.8649 -9.990e-29
 264.565914      0.972  38.589999    13.9123     6.5177      0.964    31.9700    23.8646 -9.990e-29
 264.565920      0.968  38.588496    13.9112     6.5148      0.960    31.9696    23.8645 -9.990e-29
 264.565926      0.966  38.585590    13.9096     6.5226      0.958    31.9682    23.8638 -9.990e-29
 264.565932      0.968  38.584697    13.9094     6.5159      0.960    31.9676    23.8633 -9.990e-29
 264.565938      0.972  38.586872    13.9106     6.5021      0.964    31.9686    23.8638 -9.990e-29
 264.565943      0.979  38.590533    13.9121     6.5006      0.971    31.9707    23.8652 -9.990e-29
 264.565949      0.989  38.593281    13.9129     6.5036      0.981    31.9726    23.8664 -9.990e-29
 264.565955      1.003  38.593742    13.9132     6.5113      0.995    31.9727    23.8665 -9.990e-29
 264.565961      1.018  38.592534    13.9133     6.5199      1.010    31.9715    23.8656 -9.990e-29
 264.565966      1.031  38.591411    13.9126     6.5445      1.022    31.9711    23.8653 -9.990e-29
 264.565972      1.042  38.591122    13.9113     6.5540      1.033    31.9719    23.8662 -9.990e-29
 264.565978      1.051  38.590724    13.9112     6.5665      1.042    31.9716    23.8660 -9.990e-29
 264.565984      1.064  38.590812    13.9127     6.5606      1.055    31.9704    23.8648 -9.990e-29
 264.565990      1.082  38.592630    13.9149     6.5534      1.073    31.9703    23.8643 -9.990e-29
 264.565995      1.097  38.595241    13.9171     6.5434      1.088    31.9708    23.8643 -9.990e-29
 264.566001      1.106  38.597090    13.9193     6.5305      1.097    31.9707    23.8637 -9.990e-29
 264.566007      1.109  38.598964    13.9226     6.5340      1.100    31.9697    23.8622 -9.990e-29
 264.566013      1.111  38.602244    13.9260     6.5213      1.102    31.9699    23.8617 -9.990e-29
 264.566019      1.117  38.605144    13.9275     6.5225      1.108    31.9713    23.8625 -9.990e-29
 264.566024      1.122  38.605373    13.9265     6.5178      1.113    31.9723    23.8635 -9.990e-29
 264.566030      1.122  38.603800    13.9258     6.5226      1.113    31.9715    23.8630 -9.990e-29
 264.566036      1.122  38.602815    13.9274     6.5359      1.113    31.9692    23.8609 -9.990e-29
 264.566042      1.126  38.602230    13.9294     6.5386      1.117    31.9670    23.8588 -9.990e-29
 264.566047      1.130  38.600709    13.9291     6.5464      1.121    31.9659    23.8580 -9.990e-29
 264.566053      1.129  38.598468    13.9275     6.5314      1.120    31.9651    23.8577 -9.990e-29
 264.566059      1.125  38.596446    13.9265     6.5318      1.116    31.9641    23.8571 -9.990e-29
