data/oxygen options/ONMS/Olympic_Coast_National_Marine_Sanctuary_Hypoxia_Survey_CTD_Data_2004_2015/raw_data/2012/CAST_RR042_120913faed.cnv
* Sea-Bird SBE19 Data File:
* FileName = C:\Documents and Settings\OCNMS\Desktop\2012 mooring data\Hypoxia Sampling\CAST_RR042_120913.hex
* Software Version 1.25
* Temperature SN = 2997
* Conductivity SN = 2997
* System UpLoad Time = Sep 13 2012 10:56:02
** CAST_RR042_120913
* SEACAT PROFILER V3.1c SN 2997   09/13/12  10:55:08.006
# nquan = 9                                 
# nvalues = 983                         
# units = specified
# name 0 = timeJ: Julian Days
# name 1 = prSM: Pressure, Strain Gauge [db]
# name 2 = c0mS/cm: Conductivity [mS/cm]
# name 3 = t090C: Temperature [ITS-90, deg C]
# name 4 = sbeox0ML/L: Oxygen, SBE 43 [ml/l]
# name 5 = depSM: Depth [salt water, m], lat = 47.5
# name 6 = sal00: Salinity, Practical [PSU]
# name 7 = sigma-é00: Density [sigma-theta, kg/m^3]
# name 8 = flag: flag
# span 0 = 257.445394, 257.451076       
# span 1 =     -4.967,     43.227       
# span 2 =   0.165026,  39.196750       
# span 3 =     7.4072,    14.9911       
# span 4 =    -1.7947,    13.3842       
# span 5 =     -4.926,     42.862       
# span 6 =     0.1010,    33.6641       
# span 7 =    -0.7546,    26.3088       
# span 8 = 0.0000e+00, 0.0000e+00       
# interval = seconds: 0.5
# start_time = Sep 13 2012 10:41:22 [Instrument's time stamp, header]
# bad_flag = -9.990e-29
*END*
[from data line 481]
 257.448177      1.155  38.878939    13.8343     6.1997      1.145    32.3022    24.1370 -9.990e-29
 257.448183      1.154  38.867179    13.8302     6.2174      1.144    32.2948    24.1321 -9.990e-29
 257.448189      1.160  38.870922    13.8295     6.2462      1.150    32.2989    24.1354 -9.990e-29
 257.448194      1.167  38.881745    13.8308     6.2596      1.157    32.3078    24.1420 -9.990e-29
 257.448200      1.173  38.892818    13.8357     6.2574      1.163    32.3139    24.1458 -9.990e-29
 257.448206      1.178  38.905474    13.8444     6.2582      1.168    32.3183    24.1474 -9.990e-29
 257.448212      1.181  38.916420    13.8531     6.2601      1.171    32.3211    24.1478 -9.990e-29
 257.448218      1.184  38.922875    13.8584     6.2515      1.174    32.3226    24.1479 -9.990e-29
 257.448223      1.186  38.927273    13.8626     6.2385      1.176    32.3231    24.1474 -9.990e-29
 257.448229      1.188  38.937147    13.8684     6.2281      1.178    32.3274    24.1495 -9.990e-29
 257.448235      1.189  38.949963    13.8740     6.2228      1.179    32.3345    24.1539 -9.990e-29
 257.448241      1.189  38.957023    13.8791     6.2264      1.179    32.3367    24.1546 -9.990e-29
 257.448247      1.190  38.962126    13.8864     6.2349      1.180    32.3353    24.1520 -9.990e-29
 257.448252      1.190  38.969261    13.8928     6.2431      1.180    32.3365    24.1516 -9.990e-29
 257.448258      1.190  38.972804    13.8930     6.2442      1.180    32.3396    24.1539 -9.990e-29
 257.448264      1.190  38.967381    13.8864     6.2176      1.180    32.3402    24.1557 -9.990e-29
 257.448270      1.190  38.956393    13.8783     6.1945      1.180    32.3368    24.1548 -9.990e-29
 257.448275      1.189  38.949272    13.8750     6.1830      1.179    32.3330    24.1525 -9.990e-29
 257.448281      1.188  38.946592    13.8771     6.1685      1.178    32.3288    24.1488 -9.990e-29
 257.448287      1.186  38.944205    13.8810     6.1646      1.176    32.3233    24.1438 -9.990e-29
 257.448293      1.184  38.943959    13.8845     6.1752      1.174    32.3201    24.1406 -9.990e-29
 257.448299      1.182  38.948313    13.8871     6.1918      1.172    32.3220    24.1415 -9.990e-29
 257.448304      1.179  38.954095    13.8884     6.2098      1.169    32.3262    24.1445 -9.990e-29
 257.448310      1.174  38.955555    13.8892     6.2091      1.164    32.3269    24.1449 -9.990e-29
 257.448316      1.173  38.954627    13.8918     6.1976      1.163    32.3238    24.1420 -9.990e-29
 257.448322      1.179  38.957908    13.8960     6.2107      1.169    32.3233    24.1407 -9.990e-29
 257.448328      1.188  38.963034    13.9000     6.1970      1.178    32.3247    24.1410 -9.990e-29
 257.448333      1.197  38.963380    13.9045     6.1934      1.187    32.3212    24.1374 -9.990e-29
 257.448339      1.206  38.960516    13.9096     6.1920      1.196    32.3143    24.1310 -9.990e-29
 257.448345      1.216  38.959576    13.9119     6.2007      1.206    32.3115    24.1283 -9.990e-29
 257.448351      1.227  38.958734    13.9110     6.1952      1.217    32.3115    24.1285 -9.990e-29
 257.448356      1.236  38.952932    13.9099     6.1737      1.226    32.3070    24.1253 -9.990e-29
 257.448362      1.239  38.946750    13.9092     6.1800      1.229    32.3019    24.1215 -9.990e-29
 257.448368      1.241  38.947057    13.9073     6.1903      1.231    32.3038    24.1233 -9.990e-29
 257.448374      1.241  38.948647    13.9022     6.2177      1.231    32.3095    24.1288 -9.990e-29
 257.448380      1.236  38.944663    13.8917     6.2300      1.226    32.3147    24.1350 -9.990e-29
 257.448385      1.230  38.934261    13.8775     6.2097      1.220    32.3170    24.1397 -9.990e-29
 257.448391      1.226  38.920929    13.8650     6.1993      1.216    32.3152    24.1408 -9.990e-29
 257.448397      1.223  38.910968    13.8581     6.1978      1.213    32.3118    24.1396 -9.990e-29
 257.448403      1.223  38.906209    13.8563     6.2246      1.213    32.3089    24.1377 -9.990e-29
 257.448409      1.224  38.903653    13.8564     6.2437      1.214    32.3065    24.1358 -9.990e-29
 257.448414      1.227  38.903240    13.8534     6.2258      1.217    32.3086    24.1381 -9.990e-29
 257.448420      1.232  38.901044    13.8457     6.1863      1.222    32.3131    24.1431 -9.990e-29
 257.448426      1.240  38.891321    13.8411     6.1478      1.230    32.3079    24.1401 -9.990e-29
 257.448432      1.246  38.885749    13.8461     6.1438      1.236    32.2986    24.1318 -9.990e-29
 257.448438      1.248  38.894810    13.8569     6.1639      1.238    32.2979    24.1291 -9.990e-29
 257.448443      1.248  38.910961    13.8682     6.1900      1.238    32.3033    24.1310 -9.990e-29
 257.448449      1.251  38.926031    13.8781     6.2069      1.241    32.3089    24.1333 -9.990e-29
 257.448455      1.254  38.932090    13.8828     6.2146      1.244    32.3105    24.1336 -9.990e-29
 257.448461      1.253  38.920956    13.8804     6.2116      1.243    32.3023    24.1277 -9.990e-29
 257.448466      1.250  38.901302    13.8761     6.2130      1.240    32.2877    24.1173 -9.990e-29
 257.448472      1.252  38.892858    13.8769     6.2096      1.242    32.2792    24.1106 -9.990e-29
 257.448478      1.257  38.905082    13.8847     6.1962      1.247    32.2840    24.1127 -9.990e-29
 257.448484      1.266  38.926242    13.8935     6.1727      1.255    32.2961    24.1203 -9.990e-29
 257.448490      1.276  38.936355    13.8962     6.1451      1.265    32.3032    24.1252 -9.990e-29
 257.448495      1.282  38.932644    13.8923     6.1472      1.271    32.3031    24.1258 -9.990e-29
 257.448501      1.289  38.919676    13.8850     6.1764      1.278    32.2972    24.1228 -9.990e-29
 257.448507      1.298  38.901999    13.8764     6.2077      1.287    32.2881    24.1175 -9.990e-29
 257.448513      1.301  38.890766    13.8701     6.2132      1.290    32.2830    24.1149 -9.990e-29
 257.448519      1.298  38.891156    13.8676     6.2041      1.287    32.2855    24.1173 -9.990e-29
 257.448524      1.297  38.898633    13.8664     6.1978      1.286    32.2934    24.1237 -9.990e-29
 257.448530      1.299  38.907463    13.8669     6.2006      1.288    32.3011    24.1296 -9.990e-29
 257.448536      1.294  38.910916    13.8719     6.2190      1.283    32.3001    24.1277 -9.990e-29
 257.448542      1.283  38.906859    13.8816     6.2176      1.272    32.2882    24.1166 -9.990e-29
 257.448547      1.273  38.906120    13.8916     6.2076      1.262    32.2791    24.1075 -9.990e-29
 257.448553      1.269  38.915546    13.8967     6.1881      1.258    32.2836    24.1099 -9.990e-29
 257.448559      1.269  38.926401    13.8952     6.1846      1.258    32.2949    24.1189 -9.990e-29
 257.448565      1.273  38.926255    13.8897     6.1818      1.262    32.2993    24.1235 -9.990e-29
 257.448571      1.279  38.916023    13.8852     6.2031      1.268    32.2937    24.1200 -9.990e-29
 257.448576      1.281  38.912862    13.8852     6.2131      1.270    32.2907    24.1178 -9.990e-29
 257.448582      1.285  38.922068    13.8856     6.2148      1.274    32.2989    24.1240 -9.990e-29
 257.448588      1.294  38.927327    13.8794     6.2145      1.283    32.3090    24.1331 -9.990e-29
 257.448594      1.306  38.918830    13.8654     6.2176      1.295    32.3129    24.1389 -9.990e-29
 257.448600      1.311  38.901485    13.8503     6.2254      1.300    32.3096    24.1395 -9.990e-29
 257.448605      1.308  38.889689    13.8453     6.2138      1.297    32.3029    24.1353 -9.990e-29
 257.448611      1.298  38.894592    13.8540     6.2095      1.287    32.3001    24.1314 -9.990e-29
 257.448617      1.291  38.907587    13.8676     6.1963      1.280    32.3007    24.1290 -9.990e-29
 257.448623      1.290  38.916292    13.8753     6.2071      1.279    32.3022    24.1287 -9.990e-29
 257.448628      1.295  38.919418    13.8740     6.2091      1.284    32.3062    24.1320 -9.990e-29
 257.448634      1.302  38.917201    13.8678     6.2148      1.291    32.3094    24.1357 -9.990e-29
 257.448640      1.304  38.903311    13.8606     6.2057      1.293    32.3026    24.1320 -9.990e-29
 257.448646      1.299  38.882186    13.8561     6.2061      1.288    32.2868    24.1207 -9.990e-29
 257.448652      1.297  38.875511    13.8563     6.2024      1.286    32.2805    24.1158 -9.990e-29
 257.448657      1.302  38.887258    13.8572     6.2007      1.291    32.2906    24.1234 -9.990e-29
 257.448663      1.309  38.900020    13.8556     6.2099      1.298    32.3038    24.1339 -9.990e-29
 257.448669      1.311  38.904465    13.8532     6.2182      1.300    32.3099    24.1391 -9.990e-29
 257.448675      1.307  38.902025    13.8520     6.2340      1.296    32.3086    24.1384 -9.990e-29
 257.448681      1.306  38.900639    13.8527     6.2358      1.295    32.3068    24.1368 -9.990e-29
 257.448686      1.308  38.903489    13.8518     6.2124      1.297    32.3102    24.1396 -9.990e-29
 257.448692      1.309  38.903716    13.8463     6.1885      1.298    32.3150    24.1445 -9.990e-29
 257.448698      1.312  38.898246    13.8395     6.1729      1.301    32.3157    24.1464 -9.990e-29
 257.448704      1.319  38.892102    13.8363     6.1633      1.308    32.3127    24.1447 -9.990e-29
 257.448709      1.326  38.891643    13.8377     6.1606      1.315    32.3111    24.1432 -9.990e-29
 257.448715      1.332  38.895123    13.8404     6.1469      1.321    32.3120    24.1434 -9.990e-29
 257.448721      1.338  38.896522    13.8408     6.1302      1.327    32.3130    24.1440 -9.990e-29
 257.448727      1.345  38.890971    13.8387     6.1408      1.334    32.3096    24.1418 -9.990e-29
 257.448733      1.353  38.883943    13.8375     6.1577      1.342    32.3041    24.1378 -9.990e-29
 257.448738      1.363  38.887345    13.8404     6.1709      1.352    32.3048    24.1378 -9.990e-29
 257.448744      1.371  38.897295    13.8473     6.1775      1.360    32.3082    24.1390 -9.990e-29
 257.448750      1.373  38.905193    13.8543     6.1674      1.362    32.3096    24.1387 -9.990e-29
 257.448756      1.373  38.908671    13.8575     6.1757      1.362    32.3101    24.1384 -9.990e-29
 257.448762      1.376  38.906194    13.8552     6.1981      1.365    32.3098    24.1386 -9.990e-29
 257.448767      1.382  38.899489    13.8500     6.2101      1.370    32.3079    24.1383 -9.990e-29
 257.448773      1.392  38.895293    13.8464     6.2297      1.380    32.3071    24.1383 -9.990e-29
 257.448779      1.401  38.897523    13.8461     6.2231      1.389    32.3094    24.1402 -9.990e-29
 257.448785      1.407  38.900731    13.8489     6.1935      1.395    32.3100    24.1401 -9.990e-29
 257.448791      1.409  38.903018    13.8540     6.1698      1.397    32.3078    24.1374 -9.990e-29
 257.448796      1.411  38.906859    13.8585     6.1395      1.399    32.3076    24.1363 -9.990e-29
 257.448802      1.419  38.908962    13.8591     6.1452      1.407    32.3090    24.1373 -9.990e-29
 257.448808      1.428  38.907075    13.8562     6.1637      1.416    32.3097    24.1384 -9.990e-29
 257.448814      1.436  38.904834    13.8523     6.1925      1.424    32.3109    24.1401 -9.990e-29
 257.448819      1.441  38.904279    13.8502     6.2178      1.429    32.3122    24.1415 -9.990e-29
 257.448825      1.445  38.904656    13.8515     6.2111      1.433    32.3114    24.1407 -9.990e-29
 257.448831      1.448  38.907014    13.8559     6.2206      1.436    32.3099    24.1386 -9.990e-29
 257.448837      1.450  38.911123    13.8606     6.2132      1.438    32.3098    24.1375 -9.990e-29
 257.448843      1.452  38.915725    13.8640     6.2025      1.440    32.3112    24.1379 -9.990e-29
 257.448848      1.452  38.920218    13.8671     6.1942      1.440    32.3127    24.1384 -9.990e-29
 257.448854      1.452  38.923300    13.8708     6.2037      1.440    32.3124    24.1375 -9.990e-29
 257.448860      1.451  38.925704    13.8751     6.2175      1.439    32.3110    24.1355 -9.990e-29
 257.448866      1.450  38.927822    13.8784     6.2313      1.438    32.3102    24.1342 -9.990e-29
 257.448872      1.452  38.927423    13.8776     6.2381      1.440    32.3105    24.1346 -9.990e-29
 257.448877      1.461  38.921720    13.8739     6.2375      1.449    32.3084    24.1337 -9.990e-29
 257.448883      1.471  38.914866    13.8717     6.2281      1.459    32.3039    24.1307 -9.990e-29
 257.448889      1.472  38.914516    13.8716     6.1966      1.460    32.3036    24.1305 -9.990e-29
 257.448895      1.470  38.917577    13.8712     6.1714      1.458    32.3068    24.1331 -9.990e-29
 257.448900      1.468  38.918589    13.8687     6.1662      1.456    32.3098    24.1359 -9.990e-29
 257.448906      1.466  38.915122    13.8619     6.1754      1.454    32.3124    24.1392 -9.990e-29
 257.448912      1.465  38.905851    13.8515     6.1894      1.453    32.3125    24.1415 -9.990e-29
 257.448918      1.464  38.894222    13.8406     6.1955      1.452    32.3110    24.1425 -9.990e-29
 257.448924      1.463  38.882041    13.8302     6.1953      1.451    32.3084    24.1427 -9.990e-29
 257.448929      1.462  38.871494    13.8216     6.2074      1.450    32.3059    24.1425 -9.990e-29
 257.448935      1.461  38.867507    13.8192     6.2166      1.449    32.3042    24.1417 -9.990e-29
 257.448941      1.460  38.870867    13.8257     6.2183      1.448    32.3019    24.1385 -9.990e-29
 257.448947      1.458  38.879270    13.8372     6.2272      1.446    32.3000    24.1347 -9.990e-29
 257.448953      1.456  38.888733    13.8453     6.2105      1.444    32.3019    24.1346 -9.990e-29
 257.448958      1.454  38.895570    13.8474     6.2169      1.442    32.3065    24.1377 -9.990e-29
 257.448964      1.451  38.899314    13.8476     6.2413      1.439    32.3098    24.1402 -9.990e-29
 257.448970      1.447  38.901539    13.8479     6.2436      1.435    32.3116    24.1415 -9.990e-29
 257.448976      1.442  38.901791    13.8479     6.2391      1.430    32.3118    24.1417 -9.990e-29
 257.448981      1.437  38.900345    13.8477     6.2130      1.425    32.3107    24.1408 -9.990e-29
 257.448987      1.433  38.900260    13.8472     6.1875      1.421    32.3110    24.1412 -9.990e-29
 257.448993      1.437  38.901924    13.8470     6.1880      1.425    32.3127    24.1426 -9.990e-29
 257.448999      1.443  38.904134    13.8478     6.1939      1.431    32.3141    24.1434 -9.990e-29
 257.449005      1.447  38.906977    13.8494     6.1955      1.435    32.3154    24.1441 -9.990e-29
 257.449010      1.451  38.910262    13.8515     6.1920      1.439    32.3166    24.1447 -9.990e-29
 257.449016      1.454  38.912706    13.8540     6.1918      1.442    32.3168    24.1443 -9.990e-29
 257.449022      1.456  38.914711    13.8576     6.2059      1.444    32.3156    24.1426 -9.990e-29
 257.449028      1.458  38.918331    13.8630     6.2162      1.446    32.3144    24.1406 -9.990e-29
 257.449034      1.459  38.923851    13.8679     6.2095      1.447    32.3154    24.1404 -9.990e-29
 257.449039      1.461  38.926806    13.8678     6.1938      1.449    32.3182    24.1426 -9.990e-29
 257.449045      1.462  38.920433    13.8622     6.1667      1.450    32.3170    24.1428 -9.990e-29
 257.449051      1.463  38.907383    13.8570     6.1579      1.451    32.3093    24.1379 -9.990e-29
 257.449057      1.464  38.901014    13.8579     6.1679      1.452    32.3027    24.1326 -9.990e-29
 257.449063      1.465  38.906222    13.8629     6.1762      1.453    32.3033    24.1320 -9.990e-29
 257.449068      1.466  38.911960    13.8645     6.1925      1.454    32.3072    24.1348 -9.990e-29
 257.449074      1.468  38.905648    13.8571     6.2144      1.456    32.3076    24.1366 -9.990e-29
 257.449080      1.470  38.890022    13.8413     6.2282      1.458    32.3065    24.1389 -9.990e-29
 257.449086      1.472  38.875565    13.8227     6.2288      1.460    32.3088    24.1445 -9.990e-29
 257.449091      1.475  38.862552    13.8069     6.2202      1.463    32.3100    24.1486 -9.990e-29
