data/oxygen options/ONMS/Olympic_Coast_National_Marine_Sanctuary_Hypoxia_Survey_CTD_Data_2004_2015/raw_data/2012/CAST_CE100_120906faedb.cnv
* Sea-Bird SBE19 Data File:
* FileName = C:\Documents and Settings\OCNMS\Desktop\2012 mooring data\Hypoxia Sampling\CAST_CE100_120906.hex
* Software Version 1.25
* Temperature SN = 2997
* Conductivity SN = 2997
* System UpLoad Time = Sep 06 2012 14:59:18
** CAST_CE100_120906
* SEACAT PROFILER V3.1c SN 2997   09/06/12  14:57:40.632
# nquan = 9
# nvalues = 102                         
# units = specified
# name 0 = timeJ: Julian Days
# name 1 = prSM: Pressure, Strain Gauge [db]
# name 2 = c0mS/cm: Conductivity [mS/cm]
# name 3 = t090C: Temperature [ITS-90, deg C]
# name 4 = sbeox0ML/L: Oxygen, SBE 43 [ml/l]
# name 5 = depSM: Depth [salt water, m], lat = 47.5
# name 6 = sal00: Salinity, Practical [PSU]
# name 7 = sigma-é00: Density [sigma-theta, kg/m^3]
# name 8 = flag: flag
# span 0 = 250.546535, 250.547733       
# span 1 =      2.000,    103.000       
# span 2 =  34.277941,  38.518082       
# span 3 =     7.0569,    13.4919       
# span 4 =     0.9560,     6.9968       
# span 5 =      1.983,    102.115       
# span 6 =    32.2555,    33.9354       
# span 7 =    24.1701,    26.5725       
# span 8 = 0.0000e+00, 0.0000e+00       
# interval = decibars: 1                
# start_time = Sep 06 2012 13:01:00 [Instrument's time stamp, header]
# bad_flag = -9.990e-29
*END*
 250.546535      2.000  38.518082    13.4919     6.9968      1.983    32.2555    24.1701 0.0000e+00
 250.546560      3.000  38.292102    13.2340     6.8133      2.975    32.2621    24.2268 0.0000e+00
 250.546575      4.000  37.972223    12.8039     6.4757      3.967    32.3266    24.3608 0.0000e+00
 250.546587      5.000  37.658482    12.4591     6.1968      4.958    32.3236    24.4247 0.0000e+00
 250.546598      6.000  37.470130    12.1953     5.8912      5.950    32.3704    24.5110 0.0000e+00
 250.546609      7.000  37.268512    11.9195     5.4709      6.941    32.4148    24.5970 0.0000e+00
 250.546618      8.000  37.056464    11.5968     5.0187      7.933    32.4903    24.7149 0.0000e+00
 250.546628      9.000  36.869773    11.3369     4.7955      8.924    32.5357    24.7973 0.0000e+00
 250.546638     10.000  36.824127    11.2646     4.6402      9.916    32.5542    24.8246 0.0000e+00
 250.546648     11.000  36.974297    11.2491     4.4683     10.908    32.7154    24.9528 0.0000e+00
 250.546658     12.000  36.908509    11.0290     4.2419     11.900    32.8462    25.0937 0.0000e+00
 250.546668     13.000  36.718358    10.7651     3.9518     12.891    32.8934    25.1770 0.0000e+00
 250.546677     14.000  36.531693    10.5349     3.7105     13.883    32.9141    25.2331 0.0000e+00
 250.546687     15.000  36.349767    10.2150     3.6532     14.874    33.0207    25.3708 0.0000e+00
 250.546697     16.000  36.075199     9.8695     3.6427     15.866    33.0576    25.4573 0.0000e+00
 250.546707     17.000  35.802742     9.5066     3.5882     16.857    33.1122    25.5596 0.0000e+00
 250.546717     18.000  35.499769     9.0312     3.5039     17.849    33.2402    25.7356 0.0000e+00
 250.546726     19.000  35.161440     8.6014     3.4157     18.841    33.2891    25.8404 0.0000e+00
 250.546735     20.000  34.908550     8.2910     3.3309     19.832    33.3151    25.9079 0.0000e+00
 250.546745     21.000  34.747375     8.0671     3.2901     20.824    33.3560    25.9733 0.0000e+00
 250.546753     22.000  34.620958     7.9048     3.2854     21.815    33.3752    26.0122 0.0000e+00
 250.546762     23.000  34.557887     7.8258     3.2738     22.807    33.3828    26.0295 0.0000e+00
 250.546772     24.000  34.535338     7.8117     3.2176     23.798    33.3716    26.0228 0.0000e+00
 250.546782     25.000  34.531407     7.8196     3.1087     24.790    33.3594    26.0121 0.0000e+00
 250.546793     26.000  34.541430     7.7995     3.0056     25.781    33.3889    26.0382 0.0000e+00
 250.546805     27.000  34.516890     7.7365     2.9233     26.773    33.4224    26.0737 0.0000e+00
 250.546815     28.000  34.495494     7.6821     2.8601     27.765    33.4512    26.1040 0.0000e+00
 250.546825     29.000  34.477154     7.6390     2.8220     28.756    33.4725    26.1270 0.0000e+00
 250.546835     30.000  34.466777     7.6139     2.7188     29.747    33.4850    26.1403 0.0000e+00
 250.546846     31.000  34.468121     7.6015     2.5986     30.739    33.4978    26.1523 0.0000e+00
 250.546858     32.000  34.460536     7.5638     2.5413     31.730    33.5255    26.1794 0.0000e+00
 250.546868     33.000  34.448156     7.5247     2.5173     32.722    33.5495    26.2038 0.0000e+00
 250.546880     34.000  34.453529     7.5146     2.5112     33.714    33.5645    26.2171 0.0000e+00
 250.546892     35.000  34.446871     7.4921     2.5289     34.705    33.5786    26.2313 0.0000e+00
 250.546903     36.000  34.436184     7.4741     2.5247     35.696    33.5840    26.2381 0.0000e+00
 250.546916     37.000  34.432361     7.4655     2.4853     36.688    33.5877    26.2422 0.0000e+00
 250.546926     38.000  34.433246     7.4554     2.4515     37.679    33.5980    26.2518 0.0000e+00
 250.546938     39.000  34.438623     7.4463     2.4217     38.671    33.6121    26.2642 0.0000e+00
 250.546949     40.000  34.450990     7.4344     2.4142     39.662    33.6367    26.2851 0.0000e+00
 250.546962     41.000  34.462383     7.4196     2.3819     40.654    33.6629    26.3079 0.0000e+00
 250.546972     42.000  34.471066     7.4075     2.3631     41.645    33.6836    26.3259 0.0000e+00
 250.546982     43.000  34.480559     7.3971     2.3336     42.637    33.7035    26.3431 0.0000e+00
 250.546992     44.000  34.486446     7.3903     2.2898     43.628    33.7160    26.3539 0.0000e+00
 250.547001     45.000  34.488863     7.3864     2.2635     44.620    33.7220    26.3591 0.0000e+00
 250.547011     46.000  34.493168     7.3811     2.2395     45.611    33.7313    26.3672 0.0000e+00
 250.547021     47.000  34.499851     7.3736     2.2322     46.602    33.7454    26.3794 0.0000e+00
 250.547033     48.000  34.503093     7.3694     2.2355     47.594    33.7525    26.3856 0.0000e+00
 250.547046     49.000  34.504717     7.3709     2.2436     48.585    33.7523    26.3852 0.0000e+00
 250.547060     50.000  34.505362     7.3681     2.1813     49.577    33.7553    26.3879 0.0000e+00
 250.547073     51.000  34.505759     7.3609     2.0658     50.568    33.7623    26.3945 0.0000e+00
 250.547083     52.000  34.508994     7.3552     1.9510     51.560    33.7709    26.4021 0.0000e+00
 250.547093     53.000  34.518810     7.3449     1.8580     52.551    33.7911    26.4194 0.0000e+00
 250.547103     54.000  34.531343     7.3313     1.7136     53.542    33.8176    26.4422 0.0000e+00
 250.547112     55.000  34.538295     7.3224     1.5488     54.534    33.8333    26.4559 0.0000e+00
 250.547122     56.000  34.539365     7.3109     1.4414     55.525    33.8453    26.4669 0.0000e+00
 250.547131     57.000  34.536296     7.2910     1.3972     56.517    33.8610    26.4820 0.0000e+00
 250.547141     58.000  34.531932     7.2739     1.3647     57.508    33.8724    26.4934 0.0000e+00
 250.547152     59.000  34.528905     7.2654     1.3583     58.499    33.8770    26.4982 0.0000e+00
 250.547163     60.000  34.527040     7.2611     1.3812     59.491    33.8786    26.5001 0.0000e+00
 250.547174     61.000  34.525147     7.2580     1.4296     60.482    33.8791    26.5010 0.0000e+00
 250.547187     62.000  34.523248     7.2550     1.5010     61.474    33.8796    26.5017 0.0000e+00
 250.547198     63.000  34.522153     7.2506     1.5424     62.465    33.8822    26.5044 0.0000e+00
 250.547209     64.000  34.520782     7.2480     1.4723     63.456    33.8828    26.5052 0.0000e+00
 250.547219     65.000  34.519721     7.2446     1.3163     64.448    33.8844    26.5070 0.0000e+00
 250.547230     66.000  34.517986     7.2374     1.2496     65.439    33.8891    26.5117 0.0000e+00
 250.547241     67.000  34.513621     7.2261     1.2589     66.430    33.8949    26.5179 0.0000e+00
 250.547253     68.000  34.509480     7.2153     1.2702     67.422    33.9006    26.5239 0.0000e+00
 250.547268     69.000  34.508146     7.2113     1.2910     68.413    33.9025    26.5259 0.0000e+00
 250.547281     70.000  34.503929     7.2048     1.3066     69.404    33.9038    26.5279 0.0000e+00
 250.547294     71.000  34.501542     7.1990     1.3019     70.395    33.9064    26.5308 0.0000e+00
 250.547307     72.000  34.500761     7.1963     1.3100     71.387    33.9077    26.5321 0.0000e+00
 250.547322     73.000  34.501056     7.1958     1.3117     72.378    33.9080    26.5325 0.0000e+00
 250.547337     74.000  34.501326     7.1957     1.2958     73.369    33.9079    26.5325 0.0000e+00
 250.547352     75.000  34.500807     7.1950     1.2824     74.360    33.9076    26.5323 0.0000e+00
 250.547365     76.000  34.500626     7.1930     1.2749     75.351    33.9089    26.5336 0.0000e+00
 250.547377     77.000  34.500272     7.1920     1.2783     76.343    33.9089    26.5338 0.0000e+00
 250.547388     78.000  34.499529     7.1903     1.2875     77.335    33.9093    26.5344 0.0000e+00
 250.547400     79.000  34.497490     7.1864     1.2722     78.326    33.9105    26.5358 0.0000e+00
 250.547411     80.000  34.495712     7.1844     1.2634     79.317    33.9100    26.5357 0.0000e+00
 250.547425     81.000  34.497222     7.1855     1.2559     80.308    33.9101    26.5357 0.0000e+00
 250.547438     82.000  34.497244     7.1847     1.2524     81.300    33.9104    26.5361 0.0000e+00
 250.547450     83.000  34.496247     7.1832     1.2549     82.291    33.9103    26.5361 0.0000e+00
 250.547461     84.000  34.496262     7.1825     1.2488     83.282    33.9105    26.5364 0.0000e+00
 250.547472     85.000  34.495581     7.1816     1.2454     84.273    33.9101    26.5363 0.0000e+00
 250.547483     86.000  34.495155     7.1810     1.2193     85.265    33.9098    26.5361 0.0000e+00
 250.547495     87.000  34.494763     7.1790     1.1858     86.256    33.9108    26.5372 0.0000e+00
 250.547508     88.000  34.489442     7.1662     1.1622     87.247    33.9171    26.5439 0.0000e+00
 250.547519     89.000  34.477116     7.1455     1.1528     88.238    33.9235    26.5519 0.0000e+00
 250.547530     90.000  34.464349     7.1286     1.1326     89.229    33.9257    26.5560 0.0000e+00
 250.547540     91.000  34.454663     7.1172     1.1153     90.221    33.9258    26.5576 0.0000e+00
 250.547549     92.000  34.449148     7.1098     1.0978     91.212    33.9265    26.5592 0.0000e+00
 250.547559     93.000  34.444354     7.1038     1.0752     92.203    33.9267    26.5602 0.0000e+00
 250.547569     94.000  34.441215     7.0998     1.0495     93.194    33.9268    26.5608 0.0000e+00
 250.547580     95.000  34.439491     7.0961     1.0216     94.185    33.9280    26.5623 0.0000e+00
 250.547592     96.000  34.436560     7.0906     0.9897     95.177    33.9297    26.5644 0.0000e+00
 250.547602     97.000  34.429245     7.0761     0.9791     96.168    33.9354    26.5709 0.0000e+00
 250.547612     98.000  34.417257     7.0628     1.0102     97.159    33.9350    26.5725 0.0000e+00
 250.547623     99.000  34.411410     7.0570     0.9878     98.150    33.9338    26.5723 0.0000e+00
 250.547632    100.000  34.411056     7.0569     0.9582     99.142    33.9330    26.5717 0.0000e+00
 250.547643    101.000  34.410552     7.0570     0.9560    100.133    33.9318    26.5708 0.0000e+00
 250.547655    102.000  34.387259     7.0582     0.9674    101.124    33.9047    26.5492 0.0000e+00
 250.547733    103.000  34.277941     7.0605     0.9797    102.115    33.7823    26.4525 0.0000e+00
