data/oxygen options/ONMS/Olympic_Coast_National_Marine_Sanctuary_Hypoxia_Survey_CTD_Data_2004_2015/raw_data/2012/CAST_RR020_120920faed.cnv
* Sea-Bird SBE19 Data File:
* FileName = C:\Documents and Settings\OCNMS\Desktop\2012 mooring data\Hypoxia Sampling\120920\CAST_RR020_120920.hex
* Software Version 1.25
* Temperature SN = 2997
* Conductivity SN = 2997
* System UpLoad Time = Sep 20 2012 14:23:44
** CAST_RR020_120920
* SEACAT PROFILER V3.1c SN 2997   09/20/12  14:21:37.777
# nquan = 9                                 
# nvalues = 888                         
# units = specified
# name 0 = timeJ: Julian Days
# name 1 = prSM: Pressure, Strain Gauge [db]
# name 2 = c0mS/cm: Conductivity [mS/cm]
# name 3 = t090C: Temperature [ITS-90, deg C]
# name 4 = sbeox0ML/L: Oxygen, SBE 43 [ml/l]
# name 5 = depSM: Depth [salt water, m], lat = 47.5
# name 6 = sal00: Salinity, Practical [PSU]
# name 7 = sigma-é00: Density [sigma-theta, kg/m^3]
# name 8 = flag: flag
# span 0 = 264.592535, 264.597668       
# span 1 =     -4.980,     23.669       
# span 2 =   0.148674,  38.366327       
# span 3 =     9.1562,    14.4885       
# span 4 =    -1.8514,    13.3238       
# span 5 =     -4.938,     23.470       
# span 6 =     0.0942,    33.2144       
# span 7 =    -0.4574,    25.6907       
# span 8 = 0.0000e+00, 0.0000e+00       
# interval = seconds: 0.5
# start_time = Sep 20 2012 14:13:15 [Instrument's time stamp, header]
# bad_flag = -9.990e-29
*END*
[from data line 321]
 264.594392     -0.475   0.182035    12.1694    -1.8446     -0.471     0.1156    -0.4297 -9.990e-29
 264.594398     -0.460   0.181944    12.1687    -1.8445     -0.456     0.1155    -0.4297 -9.990e-29
 264.594404     -0.443   0.181613    12.1680    -1.8445     -0.439     0.1153    -0.4298 -9.990e-29
 264.594410     -0.427   0.180800    12.1675    -1.8444     -0.423     0.1148    -0.4301 -9.990e-29
 264.594416     -0.412   0.179724    12.1666    -1.8443     -0.409     0.1141    -0.4305 -9.990e-29
 264.594421     -0.401   0.178806    12.1655    -1.8440     -0.398     0.1135    -0.4309 -9.990e-29
 264.594427     -0.396   0.178125    12.1653    -1.8439     -0.393     0.1131    -0.4312 -9.990e-29
 264.594433     -0.395   0.177523    12.1659    -1.8440     -0.392     0.1127    -0.4315 -9.990e-29
 264.594439     -0.391   0.176947    12.1665    -1.8442     -0.388     0.1123    -0.4319 -9.990e-29
 264.594444     -0.386   0.176380    12.1673    -1.8443     -0.383     0.1120    -0.4323 -9.990e-29
 264.594450     -0.378   0.175815    12.1687    -1.8445     -0.375     0.1116    -0.4327 -9.990e-29
 264.594456     -0.367   0.175250    12.1704    -1.8445     -0.364     0.1113    -0.4332 -9.990e-29
 264.594462     -0.357   0.174683    12.1725    -1.8444     -0.354     0.1109    -0.4337 -9.990e-29
 264.594468     -0.352   0.174108    12.1752    -1.8443     -0.349     0.1105    -0.4344 -9.990e-29
 264.594473     -0.351   0.173508    12.1781    -1.8442     -0.348     0.1101    -0.4350 -9.990e-29
 264.594479     -0.354   0.172835    12.1796    -1.8440     -0.351     0.1097    -0.4355 -9.990e-29
 264.594485     -0.356   0.171943    12.1790    -1.8441     -0.353     0.1091    -0.4359 -9.990e-29
 264.594491     -0.355   0.170945    12.1769    -1.8441     -0.352     0.1085    -0.4361 -9.990e-29
 264.594497     -0.353   0.170368    12.1744    -1.8442     -0.350     0.1081    -0.4361 -9.990e-29
 264.594502     -0.356   0.170194    12.1725    -1.8441     -0.353     0.1080    -0.4360 -9.990e-29
 264.594508     -0.363   0.169836    12.1719    -1.8441     -0.360     0.1078    -0.4361 -9.990e-29
 264.594514     -0.375   0.169013    12.1727    -1.8443     -0.372     0.1073    -0.4366 -9.990e-29
 264.594520     -0.388   0.167932    12.1744    -1.8446     -0.385     0.1066    -0.4373 -9.990e-29
 264.594525     -0.399   0.167012    12.1762    -1.8449     -0.396     0.1060    -0.4380 -9.990e-29
 264.594531     -0.409   0.166330    12.1777    -1.8449     -0.406     0.1056    -0.4385 -9.990e-29
 264.594537     -0.413   0.165726    12.1785    -1.8450     -0.410     0.1052    -0.4389 -9.990e-29
 264.594543     -0.408   0.165149    12.1787    -1.8452     -0.405     0.1048    -0.4392 -9.990e-29
 264.594549     -0.398   0.164580    12.1786    -1.8453     -0.395     0.1044    -0.4395 -9.990e-29
 264.594554     -0.391   0.164010    12.1781    -1.8453     -0.388     0.1041    -0.4397 -9.990e-29
 264.594560     -0.390   0.163433    12.1765    -1.8452     -0.387     0.1037    -0.4398 -9.990e-29
 264.594566     -0.392   0.162828    12.1731    -1.8451     -0.389     0.1033    -0.4397 -9.990e-29
 264.594572     -0.392   0.162141    12.1686    -1.8450     -0.389     0.1029    -0.4395 -9.990e-29
 264.594578     -0.389   0.161208    12.1644    -1.8449     -0.386     0.1023    -0.4395 -9.990e-29
 264.594583     -0.385   0.160090    12.1612    -1.8448     -0.382     0.1016    -0.4397 -9.990e-29
 264.594589     -0.378   0.159157    12.1586    -1.8446     -0.375     0.1010    -0.4398 -9.990e-29
 264.594595     -0.369   0.158470    12.1563    -1.8443     -0.366     0.1006    -0.4399 -9.990e-29
 264.594601     -0.360   0.157865    12.1547    -1.8440     -0.357     0.1002    -0.4400 -9.990e-29
 264.594606     -0.356   0.157287    12.1545    -1.8439     -0.353     0.0999    -0.4403 -9.990e-29
 264.594612     -0.353   0.156718    12.1557    -1.8438     -0.350     0.0995    -0.4407 -9.990e-29
 264.594618     -0.345   0.156152    12.1577    -1.8436     -0.342     0.0991    -0.4412 -9.990e-29
 264.594624     -0.336   0.155585    12.1600    -1.8436     -0.333     0.0988    -0.4418 -9.990e-29
 264.594630     -0.326   0.155015    12.1631    -1.8436     -0.323     0.0984    -0.4424 -9.990e-29
 264.594635     -0.306   0.154434    12.1673    -1.8436     -0.303     0.0980    -0.4432 -9.990e-29
 264.594641     -0.278   0.153820    12.1724    -1.8436     -0.276     0.0976    -0.4441 -9.990e-29
 264.594647     -0.254   0.153166    12.1778    -1.8436     -0.252     0.0972    -0.4451 -9.990e-29
 264.594653     -0.237   0.152530    12.1829    -1.8435     -0.235     0.0968    -0.4460 -9.990e-29
 264.594659     -0.225   0.152047    12.1869    -1.8436     -0.223     0.0965    -0.4467 -9.990e-29
 264.594664     -0.217   0.151808    12.1897    -1.8437     -0.215     0.0963    -0.4471 -9.990e-29
 264.594670     -0.214   0.151731    12.1918    -1.8438     -0.212     0.0963    -0.4474 -9.990e-29
 264.594676     -0.210   0.151708    12.1933    -1.8437     -0.208     0.0962    -0.4476 -9.990e-29
 264.594682     -0.201   0.151704    12.1942    -1.8436     -0.199     0.0962    -0.4477 -9.990e-29
 264.594688     -0.191   0.151704    12.1948    -1.8434     -0.189     0.0962    -0.4478 -9.990e-29
 264.594693     -0.183   0.151704    12.1952    -1.8432     -0.181     0.0962    -0.4479 -9.990e-29
 264.594699     -0.177   0.151696    12.1956    -1.8430     -0.176     0.0962    -0.4479 -9.990e-29
 264.594705     -0.172   0.151660    12.1958    -1.8428     -0.171     0.0962    -0.4479 -9.990e-29
 264.594711     -0.169   0.151542    12.1953    -1.8425     -0.168     0.0961    -0.4479 -9.990e-29
 264.594716     -0.167   0.151178    12.1941    -1.8423     -0.166     0.0959    -0.4480 -9.990e-29
 264.594722     -0.166   0.150630    12.1937    -1.8422     -0.165     0.0956    -0.4482 -9.990e-29
 264.594728     -0.165   0.150266    12.1948    -1.8420     -0.164     0.0953    -0.4485 -9.990e-29
 264.594734     -0.165   0.150148    12.1975    -1.8417     -0.164     0.0953    -0.4489 -9.990e-29
 264.594740     -0.166   0.150112    12.2012    -1.8414     -0.165     0.0952    -0.4494 -9.990e-29
 264.594745     -0.168   0.150103    12.2054    -1.8409     -0.167     0.0952    -0.4499 -9.990e-29
 264.594751     -0.171   0.150104    12.2097    -1.8407     -0.170     0.0952    -0.4504 -9.990e-29
 264.594757     -0.175   0.150107    12.2144    -1.8407     -0.174     0.0952    -0.4509 -9.990e-29
 264.594763     -0.180   0.150110    12.2194    -1.8406     -0.178     0.0952    -0.4515 -9.990e-29
 264.594769     -0.183   0.150110    12.2243    -1.8408     -0.181     0.0952    -0.4521 -9.990e-29
 264.594774     -0.179   0.150102    12.2290    -1.8409     -0.178     0.0952    -0.4527 -9.990e-29
 264.594780     -0.172   0.150067    12.2342    -1.8411     -0.171     0.0951    -0.4533 -9.990e-29
 264.594786     -0.167   0.149950    12.2404    -1.8410     -0.166     0.0950    -0.4541 -9.990e-29
 264.594792     -0.163   0.149589    12.2477    -1.8409     -0.162     0.0948    -0.4551 -9.990e-29
 264.594797     -0.159   0.149050    12.2550    -1.8408     -0.158     0.0944    -0.4563 -9.990e-29
 264.594803     -0.155   0.148712    12.2602    -1.8406     -0.154     0.0942    -0.4571 -9.990e-29
 264.594809     -0.152   0.148674    12.2626    -1.7233     -0.151     0.0942    -0.4574 -9.990e-29
 264.594815     -0.149   0.148877    12.2629    -1.4847     -0.148     0.0943    -0.4573 -9.990e-29
 264.594821     -0.141   0.149585    12.2617    -1.4725     -0.140     0.0948    -0.4568 -9.990e-29
 264.594826     -0.128   0.151734    12.2598    -1.4711     -0.127     0.0961    -0.4555 -9.990e-29
 264.594832     -0.118   0.158185    12.2592    -1.4712     -0.117     0.1002    -0.4523 -9.990e-29
 264.594838     -0.110   0.177531    12.2616    -1.4720     -0.109     0.1125    -0.4429 -9.990e-29
 264.594844     -0.100   0.236114    12.2695    -1.4729     -0.099     0.1500    -0.4146 -9.990e-29
 264.594850     -0.086   0.413142    12.2908    -1.4732     -0.085     0.2656    -0.3267 -9.990e-29
 264.594855     -0.068   0.945202    12.3502    -1.4729     -0.067     0.6256    -0.0530 -9.990e-29
 264.594861     -0.044   2.541698    12.5130    -1.4727     -0.044     1.7599     0.8090 -9.990e-29
 264.594867     -0.013   7.331286    12.8107    -1.4729     -0.013     5.3933     3.5812 -9.990e-29
 264.594873      0.026  17.268793    13.1193    -1.4729      0.026    13.4920     9.7748 -9.990e-29
 264.594878      0.077  28.477267    13.2988    -1.4729      0.076    23.2074    17.2245 -9.990e-29
 264.594884      0.142  34.953066    13.3622    -1.4729      0.141    29.0546    21.7228 -9.990e-29
 264.594890      0.222  37.096517    13.3764    -1.4729      0.220    31.0281    23.2444 -9.990e-29
 264.594896      0.313  37.792498    13.3743    -1.4734      0.310    31.6779    23.7471 -9.990e-29
 264.594902      0.412  37.998142    13.3699    -1.4734      0.409    31.8735    23.8992 -9.990e-29
 264.594907      0.512  38.046492    13.3666    -1.4730      0.508    31.9214    23.9368 -9.990e-29
 264.594913      0.604  38.063663    13.3633    -1.4724      0.599    31.9401    23.9520 -9.990e-29
 264.594919      0.679  38.084897    13.3595    -1.4723      0.673    31.9631    23.9705 -9.990e-29
 264.594925      0.738  38.103225    13.3560    -1.4721      0.732    31.9831    23.9867 -9.990e-29
 264.594931      0.786  38.112851    13.3546    -1.4720      0.779    31.9933    23.9948 -9.990e-29
 264.594936      0.825  38.118785    13.3563    -1.4719      0.818    31.9974    23.9977 -9.990e-29
 264.594942      0.858  38.120557    13.3618    -1.4717      0.851    31.9944    23.9943 -9.990e-29
 264.594948      0.887  38.112708    13.3695    -1.4722      0.880    31.9806    23.9821 -9.990e-29
 264.594954      0.913  38.087594    13.3749    -1.4721      0.905    31.9526    23.9594 -9.990e-29
 264.594959      0.938  38.052653    13.3774    -1.4716      0.930    31.9179    23.9320 -9.990e-29
 264.594965      0.964  38.039760    13.3798    -1.4715      0.956    31.9038    23.9207 -9.990e-29
 264.594971      0.992  38.062003    13.3835    -1.4712      0.984    31.9215    23.9336 -9.990e-29
 264.594977      1.021  38.095831    13.3885    -1.4716      1.012    31.9489    23.9538 -9.990e-29
 264.594983      1.047  38.116896    13.3933    -1.4717      1.038    31.9645    23.9649 -9.990e-29
 264.594988      1.072  38.124171    13.3964    -1.4716      1.063    31.9687    23.9675 -9.990e-29
 264.594994      1.094  38.127938    13.3981    -1.4714      1.085    31.9708    23.9688 -9.990e-29
 264.595000      1.110  38.131561    13.3985    -1.4712      1.101    31.9738    23.9710 -9.990e-29
 264.595006      1.120  38.127565    13.3985    -1.4713      1.111    31.9701    23.9682 -9.990e-29
 264.595012      1.125  38.120171    13.4006    -1.4722      1.116    31.9614    23.9610 -9.990e-29
 264.595017      1.131  38.128114    13.4049    -1.4718      1.122    31.9652    23.9631 -9.990e-29
 264.595023      1.136  38.145761    13.4068    -1.4711      1.127    31.9801    23.9742 -9.990e-29
 264.595029      1.138  38.154640    13.4031    -1.4708      1.128    31.9915    23.9838 -9.990e-29
 264.595035      1.141  38.156528    13.3990    -1.4707      1.131    31.9967    23.9886 -9.990e-29
 264.595041      1.145  38.160686    13.3998    -1.4714      1.135    31.9999    23.9909 -9.990e-29
 264.595046      1.145  38.165956    13.4042    -1.4713      1.135    32.0011    23.9910 -9.990e-29
 264.595052      1.147  38.166496    13.4070    -1.4713      1.137    31.9993    23.9890 -9.990e-29
 264.595058      1.154  38.163609    13.4046    -1.4713      1.144    31.9986    23.9890 -9.990e-29
 264.595064      1.163  38.161315    13.4006    -1.4711      1.153    31.9998    23.9907 -9.990e-29
 264.595069      1.170  38.153773    13.4019    -1.4712      1.160    31.9917    23.9842 -9.990e-29
 264.595075      1.175  38.145517    13.4093    -1.4715      1.165    31.9777    23.9719 -9.990e-29
 264.595081      1.180  38.154133    13.4177    -1.4716      1.170    31.9787    23.9710 -9.990e-29
 264.595087      1.183  38.171521    13.4249    -1.4717      1.173    31.9889    23.9775 -9.990e-29
 264.595093      1.186  38.177745    13.4322    -1.4718      1.176    31.9886    23.9758 -9.990e-29
 264.595098      1.188  38.160395    13.4378    -1.4715      1.178    31.9677    23.9585 -9.990e-29
 264.595104      1.190  38.124376    13.4389    -1.4714      1.180    31.9332    23.9316 -9.990e-29
 264.595110      1.192  38.097883    13.4368    -1.4717      1.182    31.9103    23.9143 -9.990e-29
 264.595116      1.193  38.093799    13.4347    -1.4718      1.183    31.9082    23.9131 -9.990e-29
 264.595122      1.194  38.102220    13.4337    -1.4717      1.184    31.9169    23.9201 -9.990e-29
 264.595127      1.195  38.108620    13.4334    -1.4715      1.185    31.9231    23.9249 -9.990e-29
 264.595133      1.197  38.102505    13.4332    -1.4717      1.187    31.9176    23.9207 -9.990e-29
 264.595139      1.198  38.087508    13.4325    -1.4719      1.188    31.9042    23.9105 -9.990e-29
 264.595145      1.200  38.073909    13.4317    -1.4715      1.190    31.8922    23.9013 -9.990e-29
 264.595150      1.203  38.066567    13.4310    -1.4715      1.193    31.8859    23.8966 -9.990e-29
 264.595156      1.205  38.068601    13.4304    -1.4718      1.195    31.8883    23.8986 -9.990e-29
 264.595162      1.209  38.078825    13.4311    -1.4718      1.199    31.8973    23.9054 -9.990e-29
 264.595168      1.213  38.083996    13.4334    -1.4714      1.203    31.9002    23.9072 -9.990e-29
 264.595174      1.219  38.075343    13.4356     9.8663      1.209    31.8902    23.8991 -9.990e-29
 264.595179      1.226  38.063202    13.4364    12.9843      1.216    31.8783    23.8896 -9.990e-29
 264.595185      1.235  38.059979    13.4363    13.3238      1.225    31.8753    23.8874 -9.990e-29
 264.595191      1.247  38.060839    13.4363    11.1923      1.237    31.8761    23.8880 -9.990e-29
 264.595197      1.258  38.056866    13.4369     6.4275      1.247    31.8719    23.8846 -9.990e-29
 264.595203      1.265  38.055108    13.4379     6.7664      1.254    31.8694    23.8825 -9.990e-29
 264.595208      1.272  38.059966    13.4384     7.0502      1.261    31.8735    23.8856 -9.990e-29
 264.595214      1.279  38.060570    13.4374     7.0789      1.268    31.8749    23.8869 -9.990e-29
 264.595220      1.279  38.058869    13.4343     7.0064      1.268    31.8759    23.8883 -9.990e-29
 264.595226      1.272  38.077268    13.4308     6.9062      1.261    31.8960    23.9045 -9.990e-29
 264.595231      1.265  38.135276    13.4294     6.8464      1.254    31.9513    23.9475 -9.990e-29
 264.595237      1.262  38.211652    13.4301     6.8159      1.251    32.0220    24.0020 -9.990e-29
 264.595243      1.264  38.260336    13.4314     6.7865      1.253    32.0663    24.0360 -9.990e-29
 264.595249      1.267  38.277905    13.4329     6.7708      1.256    32.0814    24.0474 -9.990e-29
 264.595255      1.265  38.286127    13.4348     6.7335      1.254    32.0875    24.0517 -9.990e-29
 264.595260      1.263  38.292063    13.4375     6.7180      1.252    32.0908    24.0537 -9.990e-29
 264.595266      1.266  38.298606    13.4398     6.6966      1.255    32.0949    24.0565 -9.990e-29
 264.595272      1.273  38.306099    13.4394     6.6750      1.262    32.1023    24.0622 -9.990e-29
 264.595278      1.281  38.308866    13.4372     6.6585      1.270    32.1067    24.0661 -9.990e-29
 264.595284      1.287  38.305575    13.4363     6.6435      1.276    32.1044    24.0645 -9.990e-29
 264.595289      1.293  38.303067    13.4389     6.6545      1.282    32.0998    24.0604 -9.990e-29
 264.595295      1.302  38.304180    13.4436     6.6613      1.291    32.0969    24.0572 -9.990e-29
 264.595301      1.305  38.303696    13.4469     6.6749      1.294    32.0937    24.0541 -9.990e-29
 264.595307      1.298  38.300433    13.4477     6.6740      1.287    32.0900    24.0511 -9.990e-29
