data/oxygen options/ONMS/Olympic_Coast_National_Marine_Sanctuary_Hypoxia_Survey_CTD_Data_2004_2015/raw_data/2012/CAST_MO015_120913faed.cnv
* Sea-Bird SBE19 Data File:
* FileName = C:\Documents and Settings\OCNMS\Desktop\2012 mooring data\Hypoxia Sampling\CAST_MO015_120913.hex
* Software Version 1.25
* Temperature SN = 2997
* Conductivity SN = 2997
* System UpLoad Time = Sep 13 2012 13:01:44
** CAST_MO015_120913
* SEACAT PROFILER V3.1c SN 2997   09/13/12  13:00:43.880
# nquan = 9                                 
# nvalues = 786                         
# units = specified
# name 0 = timeJ: Julian Days
# name 1 = prSM: Pressure, Strain Gauge [db]
# name 2 = c0mS/cm: Conductivity [mS/cm]
# name 3 = t090C: Temperature [ITS-90, deg C]
# name 4 = sbeox0ML/L: Oxygen, SBE 43 [ml/l]
# name 5 = depSM: Depth [salt water, m], lat = 47.5
# name 6 = sal00: Salinity, Practical [PSU]
# name 7 = sigma-é00: Density [sigma-theta, kg/m^3]
# name 8 = flag: flag
# span 0 = 257.536736, 257.541279       
# span 1 =     -2.826,     15.238       
# span 2 =   0.434918,  39.463435       
# span 3 =     8.5754,    15.0033       
# span 4 =    -1.7479,    12.2955       
# span 5 =     -2.802,     15.110       
# span 6 =     0.2620,    33.4077       
# span 7 =    -0.6927,    25.9374       
# span 8 = 0.0000e+00, 0.0000e+00       
# interval = seconds: 0.5
# start_time = Sep 13 2012 12:52:54 [Instrument's time stamp, header]
# bad_flag = -9.990e-29
*END*
[from data line 161]
 257.537668     -0.602   0.462019    14.5865    -1.7451     -0.597     0.2815    -0.6190 -9.990e-29
 257.537674     -0.592   0.471590    14.5865    -1.7449     -0.587     0.2875    -0.6144 -9.990e-29
 257.537679     -0.585   0.486045    14.5872    -1.7446     -0.580     0.2966    -0.6074 -9.990e-29
 257.537685     -0.575   0.504175    14.5878    -1.7442     -0.570     0.3080    -0.5987 -9.990e-29
 257.537691     -0.561   0.524138    14.5866    -1.7440     -0.556     0.3206    -0.5888 -9.990e-29
 257.537697     -0.548   0.543766    14.5839    -1.7441     -0.543     0.3330    -0.5787 -9.990e-29
 257.537703     -0.535   0.559337    14.5817    -1.7439     -0.531     0.3429    -0.5708 -9.990e-29
 257.537708     -0.524   0.567256    14.5815    -1.7437     -0.520     0.3479    -0.5668 -9.990e-29
 257.537714     -0.516   0.567565    14.5838    -1.7439     -0.512     0.3481    -0.5670 -9.990e-29
 257.537720     -0.505   0.563996    14.5878    -1.7439     -0.501     0.3458    -0.5694 -9.990e-29
 257.537726     -0.495   0.560648    14.5926    -1.7438     -0.491     0.3436    -0.5718 -9.990e-29
 257.537731     -0.490   0.560254    14.5983    -1.7437     -0.486     0.3433    -0.5729 -9.990e-29
 257.537737     -0.489   0.563948    14.6041    -1.7435     -0.485     0.3456    -0.5719 -9.990e-29
 257.537743     -0.492   0.570567    14.6082    -1.7431     -0.488     0.3497    -0.5693 -9.990e-29
 257.537749     -0.496   0.577311    14.6112    -1.7428     -0.492     0.3540    -0.5665 -9.990e-29
 257.537755     -0.495   0.581548    14.6144    -1.7426     -0.491     0.3566    -0.5649 -9.990e-29
 257.537760     -0.495   0.582284    14.6163    -1.7424     -0.491     0.3571    -0.5648 -9.990e-29
 257.537766     -0.500   0.580500    14.6158    -1.7419     -0.496     0.3560    -0.5656 -9.990e-29
 257.537772     -0.505   0.578800    14.6154    -1.7411     -0.501     0.3549    -0.5664 -9.990e-29
 257.537778     -0.503   0.579899    14.6177    -1.7412     -0.499     0.3556    -0.5662 -9.990e-29
 257.537784     -0.493   0.583050    14.6226    -1.7412     -0.489     0.3575    -0.5654 -9.990e-29
 257.537789     -0.483   0.583598    14.6297    -1.7411     -0.479     0.3578    -0.5662 -9.990e-29
 257.537795     -0.477   0.579504    14.6377    -1.7408     -0.473     0.3551    -0.5695 -9.990e-29
 257.537801     -0.474   0.574168    14.6446    -1.7404     -0.470     0.3517    -0.5732 -9.990e-29
 257.537807     -0.471   0.572100    14.6500    -1.7402     -0.467     0.3504    -0.5750 -9.990e-29
 257.537812     -0.462   0.576077    14.6562    -1.7402     -0.458     0.3528    -0.5740 -9.990e-29
 257.537818     -0.452   0.586420    14.6656    -1.7402     -0.448     0.3593    -0.5704 -9.990e-29
 257.537824     -0.443   0.599205    14.6752    -1.7403     -0.439     0.3673    -0.5656 -9.990e-29
 257.537830     -0.435   0.608230    14.6811    -1.7401     -0.431     0.3730    -0.5621 -9.990e-29
 257.537836     -0.429   0.610580    14.6851    -1.7396     -0.425     0.3744    -0.5615 -9.990e-29
 257.537841     -0.422   0.607176    14.6901    -1.7393     -0.418     0.3722    -0.5640 -9.990e-29
 257.537847     -0.416   0.601229    14.6967    -1.7390     -0.413     0.3684    -0.5679 -9.990e-29
 257.537853     -0.409   0.596435    14.7036    -1.7388     -0.406     0.3653    -0.5714 -9.990e-29
 257.537859     -0.402   0.594152    14.7085    -1.7385     -0.399     0.3638    -0.5732 -9.990e-29
 257.537865     -0.393   0.593551    14.7110    -1.7383     -0.390     0.3634    -0.5739 -9.990e-29
 257.537870     -0.383   0.593276    14.7124    -1.7381     -0.380     0.3632    -0.5743 -9.990e-29
 257.537876     -0.370   0.592407    14.7148    -1.7382     -0.367     0.3626    -0.5751 -9.990e-29
 257.537882     -0.354   0.590893    14.7203    -1.7383     -0.351     0.3616    -0.5767 -9.990e-29
 257.537888     -0.337   0.590035    14.7285    -1.7382     -0.334     0.3610    -0.5784 -9.990e-29
 257.537894     -0.324   0.590903    14.7374    -1.7381     -0.321     0.3615    -0.5793 -9.990e-29
 257.537899     -0.314   0.591887    14.7457    -1.7380     -0.311     0.3620    -0.5801 -9.990e-29
 257.537905     -0.304   0.589871    14.7536    -1.7379     -0.301     0.3607    -0.5823 -9.990e-29
 257.537911     -0.296   0.583828    14.7610    -1.7377     -0.294     0.3568    -0.5864 -9.990e-29
 257.537917     -0.289   0.576220    14.7668    -1.7376     -0.287     0.3519    -0.5911 -9.990e-29
 257.537922     -0.282   0.570186    14.7703    -1.7376     -0.280     0.3481    -0.5946 -9.990e-29
 257.537928     -0.274   0.566541    14.7719    -1.7377     -0.272     0.3458    -0.5966 -9.990e-29
 257.537934     -0.265   0.563745    14.7730    -1.7375     -0.263     0.3440    -0.5981 -9.990e-29
 257.537940     -0.260   0.559732    14.7749    -1.7374     -0.258     0.3415    -0.6004 -9.990e-29
 257.537946     -0.261   0.554133    14.7777    -1.7372     -0.259     0.3379    -0.6036 -9.990e-29
 257.537951     -0.265   0.548339    14.7809    -1.7369     -0.263     0.3343    -0.6069 -9.990e-29
 257.537957     -0.267   0.543483    14.7843    -1.7366     -0.265     0.3312    -0.6098 -9.990e-29
 257.537963     -0.267   0.539730    14.7881    -1.7364     -0.265     0.3288    -0.6122 -9.990e-29
 257.537969     -0.263   0.536506    14.7917    -1.7360     -0.261     0.3267    -0.6143 -9.990e-29
 257.537975     -0.252   0.532835    14.7942    -1.7354     -0.250     0.3244    -0.6165 -9.990e-29
 257.537980     -0.239   0.528251    14.7964    -1.7347     -0.237     0.3215    -0.6191 -9.990e-29
 257.537986     -0.223   0.523284    14.7997    -1.7345     -0.221     0.3184    -0.6220 -9.990e-29
 257.537992     -0.208   0.519061    14.8044    -1.7345     -0.206     0.3157    -0.6248 -9.990e-29
 257.537998     -0.196   0.516038    14.8104    -1.7345     -0.194     0.3137    -0.6272 -9.990e-29
 257.538003     -0.186   0.513506    14.8177    -1.7345     -0.184     0.3121    -0.6295 -9.990e-29
 257.538009     -0.179   0.510305    14.8257    -1.7343     -0.178     0.3100    -0.6323 -9.990e-29
 257.538015     -0.173   0.506041    14.8345    -1.7339     -0.172     0.3073    -0.6358 -9.990e-29
 257.538021     -0.169   0.501671    14.8455    -1.7333     -0.168     0.3045    -0.6396 -9.990e-29
 257.538027     -0.165   0.498565    14.8588    -1.7329     -0.164     0.3024    -0.6432 -9.990e-29
 257.538032     -0.162   0.497565    14.8713    -1.7327     -0.161     0.3017    -0.6456 -9.990e-29
 257.538038     -0.160   0.497891    14.8796    -1.7324     -0.159     0.3019    -0.6467 -9.990e-29
 257.538044     -0.159   0.497209    14.8841    -1.7322     -0.158     0.3014    -0.6478 -9.990e-29
 257.538050     -0.157   0.494056    14.8871    -1.7322     -0.156     0.2994    -0.6498 -9.990e-29
 257.538056     -0.156   0.489209    14.8906    -1.7322     -0.155     0.2964    -0.6526 -9.990e-29
 257.538061     -0.156   0.484507    14.8968    -1.7322     -0.155     0.2934    -0.6559 -9.990e-29
 257.538067     -0.155   0.481433    14.9064    -1.7320     -0.154     0.2914    -0.6589 -9.990e-29
 257.538073     -0.155   0.479763    14.9178    -1.7321     -0.154     0.2903    -0.6614 -9.990e-29
 257.538079     -0.154   0.477822    14.9280    -1.7320     -0.153     0.2890    -0.6640 -9.990e-29
 257.538084     -0.154   0.475237    14.9358    -1.7320     -0.153     0.2873    -0.6664 -9.990e-29
 257.538090     -0.153   0.472991    14.9421    -1.7319     -0.152     0.2859    -0.6685 -9.990e-29
 257.538096     -0.153   0.471410    14.9469    -1.7318     -0.152     0.2849    -0.6700 -9.990e-29
 257.538102     -0.153   0.470045    14.9498    -1.7317     -0.152     0.2840    -0.6711 -9.990e-29
 257.538108     -0.152   0.468185    14.9516    -1.7316     -0.151     0.2828    -0.6723 -9.990e-29
 257.538113     -0.152   0.465562    14.9535    -1.7315     -0.151     0.2812    -0.6739 -9.990e-29
 257.538119     -0.152   0.462555    14.9551    -1.7317     -0.151     0.2793    -0.6756 -9.990e-29
 257.538125     -0.151   0.459581    14.9564    -1.7320     -0.150     0.2775    -0.6772 -9.990e-29
 257.538131     -0.151   0.457106    14.9578    -1.7320     -0.150     0.2759    -0.6786 -9.990e-29
 257.538137     -0.150   0.455704    14.9596    -1.7319     -0.149     0.2750    -0.6796 -9.990e-29
 257.538142     -0.149   0.455166    14.9618    -1.7317     -0.148     0.2747    -0.6802 -9.990e-29
 257.538148     -0.148   0.454219    14.9645    -1.7315     -0.147     0.2741    -0.6810 -9.990e-29
 257.538154     -0.146   0.452155    14.9673    -1.7316     -0.145     0.2728    -0.6825 -9.990e-29
 257.538160     -0.145   0.449544    14.9694    -1.7319     -0.144     0.2712    -0.6840 -9.990e-29
 257.538166     -0.142   0.447332    14.9693    -1.7318     -0.141     0.2698    -0.6851 -9.990e-29
 257.538171     -0.139   0.446442    14.9666    -1.7317     -0.138     0.2692    -0.6851 -9.990e-29
 257.538177     -0.135   0.446793    14.9636    -1.7315     -0.134     0.2695    -0.6845 -9.990e-29
 257.538183     -0.130   0.446640    14.9630    -1.7312     -0.129     0.2694    -0.6844 -9.990e-29
 257.538189     -0.123   0.444670    14.9651    -1.7313     -0.122     0.2682    -0.6857 -9.990e-29
 257.538194     -0.115   0.441575    14.9683    -1.7311     -0.114     0.2662    -0.6877 -9.990e-29
 257.538200     -0.104   0.439317    14.9703    -1.7309     -0.103     0.2648    -0.6891 -9.990e-29
 257.538206     -0.090   0.439314    14.9698    -1.7305     -0.089     0.2648    -0.6890 -9.990e-29
 257.538212     -0.072   0.440453    14.9688    -1.7300     -0.071     0.2655    -0.6883 -9.990e-29
 257.538218     -0.053   0.440377    14.9697    -1.7293     -0.053     0.2655    -0.6885 -9.990e-29
 257.538223     -0.036   0.438431    14.9724    -1.7291     -0.036     0.2642    -0.6898 -9.990e-29
 257.538229     -0.020   0.435894    14.9761    -1.7291     -0.020     0.2627    -0.6916 -9.990e-29
 257.538235     -0.009   0.434918    14.9798    -1.7285     -0.009     0.2620    -0.6927 -9.990e-29
 257.538241     -0.001   0.436414    14.9833    -1.7276     -0.001     0.2629    -0.6925 -9.990e-29
 257.538247      0.007   0.438504    14.9876    -1.7281      0.007     0.2642    -0.6922 -9.990e-29
 257.538252      0.018   0.439544    14.9924    -1.7285      0.018     0.2648    -0.6924 -9.990e-29
 257.538258      0.030   0.442582    14.9962    -1.7289      0.030     0.2667    -0.6916 -9.990e-29
 257.538264      0.041   0.456094    14.9980    -1.7286      0.041     0.2750    -0.6854 -9.990e-29
 257.538270      0.048   0.489794    14.9992    -1.7282      0.048     0.2959    -0.6693 -9.990e-29
 257.538275      0.050   0.545993    15.0011    -1.7290      0.050     0.3310    -0.6425 -9.990e-29
 257.538281      0.048   0.606626    15.0033    -1.7295      0.048     0.3690    -0.6134 -9.990e-29
 257.538287      0.042   0.646805    15.0031    -1.7297      0.042     0.3943    -0.5938 -9.990e-29
 257.538293      0.034   0.678030    14.9987    -1.7300      0.034     0.4141    -0.5778 -9.990e-29
 257.538299      0.035   0.734184    14.9902    -1.7298      0.035     0.4498    -0.5489 -9.990e-29
 257.538304      0.043   0.802661    14.9787    -1.7291      0.043     0.4936    -0.5133 -9.990e-29
 257.538310      0.051   0.846872    14.9646    -1.7290      0.051     0.5221    -0.4891 -9.990e-29
 257.538316      0.055   0.878150    14.9479    -1.7289      0.055     0.5424    -0.4709 -9.990e-29
 257.538322      0.055   0.932660    14.9296    -1.7291      0.055     0.5777    -0.4407 -9.990e-29
 257.538328      0.051   1.022174    14.9128    -1.7285      0.051     0.6359    -0.3932 -9.990e-29
 257.538333      0.043   1.112103    14.9016    -1.7269      0.043     0.6946    -0.3461 -9.990e-29
 257.538339      0.034   1.157882    14.8974    -1.7265      0.034     0.7246    -0.3223 -9.990e-29
 257.538345      0.033   1.161292    14.8980    -1.7259      0.033     0.7268    -0.3207 -9.990e-29
 257.538351      0.039   1.145155    14.9000    -1.7258      0.039     0.7162    -0.3292 -9.990e-29
 257.538356      0.045   1.130599    14.9013    -1.7260      0.045     0.7067    -0.3368 -9.990e-29
 257.538362      0.050   1.139195    14.9028    -1.7267      0.050     0.7123    -0.3327 -9.990e-29
 257.538368      0.060   1.169112    14.9070    -1.7276      0.059     0.7318    -0.3182 -9.990e-29
 257.538374      0.070   1.194336    14.9151    -1.7283      0.069     0.7481    -0.3068 -9.990e-29
 257.538380      0.078   1.196438    14.9256    -1.7289      0.077     0.7493    -0.3075 -9.990e-29
 257.538385      0.083   1.189851    14.9360    -1.7296      0.082     0.7448    -0.3126 -9.990e-29
 257.538391      0.085   1.215080    14.9455    -1.7300      0.084     0.7611    -0.3014 -9.990e-29
 257.538397      0.086   1.271979    14.9556    -1.7304      0.085     0.7983    -0.2742 -9.990e-29
 257.538403      0.085   1.316783    14.9665    -1.7306      0.084     0.8275    -0.2533 -9.990e-29
 257.538409      0.081   1.322828    14.9749    -1.7308      0.080     0.8313    -0.2517 -9.990e-29
 257.538414      0.080   1.279893    14.9766    -1.7312      0.079     0.8030    -0.2737 -9.990e-29
 257.538420      0.085   1.201071    14.9717    -1.7317      0.084     0.7515    -0.3128 -9.990e-29
 257.538426      0.092   1.116403    14.9627    -1.7323      0.091     0.6964    -0.3541 -9.990e-29
 257.538432      0.098   1.045913    14.9519    -1.7328      0.097     0.6507    -0.3877 -9.990e-29
 257.538437      0.102   0.996400    14.9415    -1.7333      0.101     0.6188    -0.4108 -9.990e-29
 257.538443      0.105   0.962207    14.9336    -1.7337      0.104     0.5968    -0.4266 -9.990e-29
 257.538449      0.108   0.934843    14.9289    -1.7341      0.107     0.5792    -0.4395 -9.990e-29
 257.538455      0.110   0.908829    14.9263    -1.7346      0.109     0.5624    -0.4521 -9.990e-29
 257.538461      0.112   0.881039    14.9229    -1.7349      0.111     0.5446    -0.4654 -9.990e-29
 257.538466      0.113   0.851518    14.9164    -1.7351      0.112     0.5257    -0.4790 -9.990e-29
 257.538472      0.114   0.824091    14.9071    -1.7352      0.113     0.5082    -0.4911 -9.990e-29
 257.538478      0.115   0.802053    14.8962    -1.7353      0.114     0.4942    -0.5003 -9.990e-29
 257.538484      0.116   0.783703    14.8854    -1.7352      0.115     0.4826    -0.5077 -9.990e-29
 257.538490      0.117   0.766166    14.8752    -1.7353      0.116     0.4715    -0.5147 -9.990e-29
 257.538495      0.117   0.749867    14.8655    -1.7356      0.116     0.4612    -0.5212 -9.990e-29
 257.538501      0.118   0.735773    14.8564    -1.7360      0.117     0.4523    -0.5267 -9.990e-29
 257.538507      0.119   0.723361    14.8483    -1.7363      0.118     0.4445    -0.5316 -9.990e-29
 257.538513      0.119   0.711582    14.8422    -1.7365      0.118     0.4371    -0.5364 -9.990e-29
 257.538519      0.120   0.699125    14.8388    -1.7366      0.119     0.4292    -0.5420 -9.990e-29
 257.538524      0.122   0.685988    14.8374    -1.7367      0.121     0.4208    -0.5483 -9.990e-29
 257.538530      0.123   0.672923    14.8373    -1.7368      0.122     0.4125    -0.5547 -9.990e-29
 257.538536      0.125   0.660225    14.8372    -1.7368      0.124     0.4045    -0.5609 -9.990e-29
 257.538542      0.128   0.649231    14.8350    -1.7366      0.127     0.3975    -0.5660 -9.990e-29
 257.538547      0.131   0.640785    14.8301    -1.7369      0.130     0.3922    -0.5693 -9.990e-29
 257.538553      0.135   0.633034    14.8242    -1.7372      0.134     0.3873    -0.5722 -9.990e-29
 257.538559      0.140   0.623947    14.8188    -1.7371      0.139     0.3816    -0.5758 -9.990e-29
 257.538565      0.146   0.614142    14.8145    -1.7369      0.145     0.3755    -0.5800 -9.990e-29
 257.538571      0.154   0.606043    14.8115    -1.7369      0.153     0.3704    -0.5835 -9.990e-29
 257.538576      0.165   0.601032    14.8098    -1.7372      0.164     0.3672    -0.5856 -9.990e-29
 257.538582      0.175   0.597408    14.8095    -1.7374      0.174     0.3649    -0.5874 -9.990e-29
