data/oxygen options/ONMS/Olympic_Coast_National_Marine_Sanctuary_Hypoxia_Survey_CTD_Data_2004_2015/raw_data/2012/CAST_HH030_120913faed.cnv
* Sea-Bird SBE19 Data File:
* FileName = C:\Documents and Settings\OCNMS\Desktop\2012 mooring data\Hypoxia Sampling\CAST_HH030_120913.hex
* Software Version 1.25
* Temperature SN = 2997
* Conductivity SN = 2997
* System UpLoad Time = Sep 13 2012 15:42:41
** CAST_HH030_120913
* SEACAT PROFILER V3.1c SN 2997   09/13/12  15:41:41.141
# nquan = 9                                 
# nvalues = 994                         
# units = specified
# name 0 = timeJ: Julian Days
# name 1 = prSM: Pressure, Strain Gauge [db]
# name 2 = c0mS/cm: Conductivity [mS/cm]
# name 3 = t090C: Temperature [ITS-90, deg C]
# name 4 = sbeox0ML/L: Oxygen, SBE 43 [ml/l]
# name 5 = depSM: Depth [salt water, m], lat = 47.5
# name 6 = sal00: Salinity, Practical [PSU]
# name 7 = sigma-é00: Density [sigma-theta, kg/m^3]
# name 8 = flag: flag
# span 0 = 257.647523, 257.653270       
# span 1 =     -5.460,     25.878       
# span 2 =   0.226137,  38.991753       
# span 3 =     7.5060,    15.2418       
# span 4 =    -1.7423,    12.6769       
# span 5 =     -5.415,     25.660       
# span 6 =     0.1349,    33.6129       
# span 7 =    -0.7951,    26.2527       
# span 8 = 0.0000e+00, 0.0000e+00       
# interval = seconds: 0.5
# start_time = Sep 13 2012 15:32:26 [Instrument's time stamp, header]
# bad_flag = -9.990e-29
*END*
[from data line 481]
 257.650307      0.400  38.769914    13.7809     9.4961      0.397    32.2465    24.1049 -9.990e-29
 257.650312      0.405  38.753058    13.8569    12.3668      0.402    32.1671    24.0281 -9.990e-29
 257.650318      0.411  38.746943    13.9351    12.6769      0.408    32.0960    23.9572 -9.990e-29
 257.650324      0.419  38.757404    14.0087    10.5899      0.416    32.0443    23.9022 -9.990e-29
 257.650330      0.429  38.764193    14.0700     5.9279      0.425    31.9995    23.8551 -9.990e-29
 257.650336      0.441  38.762919    14.1119     6.1532      0.437    31.9636    23.8187 -9.990e-29
 257.650341      0.453  38.765348    14.1367     6.3044      0.449    31.9453    23.7995 -9.990e-29
 257.650347      0.460  38.776426    14.1446     6.2699      0.456    31.9489    23.8006 -9.990e-29
 257.650353      0.468  38.790782    14.1414     6.1847      0.464    31.9647    23.8135 -9.990e-29
 257.650359      0.477  38.804052    14.1390     6.1286      0.473    31.9789    23.8249 -9.990e-29
 257.650365      0.482  38.827790    14.1246     6.0997      0.478    32.0126    23.8539 -9.990e-29
 257.650370      0.486  38.849402    14.0875     6.0806      0.482    32.0633    23.9007 -9.990e-29
 257.650376      0.483  38.834410    14.0441     6.0616      0.479    32.0857    23.9269 -9.990e-29
 257.650382      0.474  38.808235    14.0170     6.0410      0.470    32.0842    23.9313 -9.990e-29
 257.650388      0.465  38.809396    14.0237     6.0306      0.461    32.0797    23.9264 -9.990e-29
 257.650394      0.462  38.827130    14.0494     6.0167      0.458    32.0746    23.9172 -9.990e-29
 257.650399      0.460  38.849236    14.0581     6.0059      0.456    32.0877    23.9255 -9.990e-29
 257.650405      0.453  38.860950    14.0443     5.9956      0.449    32.1099    23.9456 -9.990e-29
 257.650411      0.446  38.851029    14.0349     5.9907      0.442    32.1086    23.9465 -9.990e-29
 257.650417      0.444  38.847735    14.0524     6.0152      0.440    32.0910    23.9293 -9.990e-29
 257.650422      0.445  38.868548    14.0923     6.0450      0.441    32.0769    23.9102 -9.990e-29
 257.650428      0.449  38.898653    14.1321     6.0591      0.445    32.0715    23.8978 -9.990e-29
 257.650434      0.454  38.930027    14.1559     6.0464      0.450    32.0805    23.8999 -9.990e-29
 257.650440      0.454  38.955787    14.1669     6.0288      0.450    32.0950    23.9088 -9.990e-29
 257.650446      0.454  38.967165    14.1752     6.0302      0.450    32.0985    23.9098 -9.990e-29
 257.650451      0.458  38.970392    14.1865     6.0417      0.454    32.0921    23.9025 -9.990e-29
 257.650457      0.467  38.975962    14.2006     6.0385      0.463    32.0854    23.8944 -9.990e-29
 257.650463      0.476  38.984600    14.2129     6.0180      0.472    32.0831    23.8901 -9.990e-29
 257.650469      0.483  38.991600    14.2186     5.9953      0.479    32.0848    23.8902 -9.990e-29
 257.650475      0.492  38.991753    14.2188     5.9892      0.488    32.0848    23.8902 -9.990e-29
 257.650480      0.508  38.987533    14.2173     5.9912      0.504    32.0821    23.8885 -9.990e-29
 257.650486      0.527  38.986226    14.2143     5.9816      0.523    32.0834    23.8901 -9.990e-29
 257.650492      0.542  38.986112    14.2054     5.9821      0.537    32.0907    23.8975 -9.990e-29
 257.650498      0.550  38.978095    14.1866     5.9893      0.545    32.0990    23.9078 -9.990e-29
 257.650503      0.556  38.962157    14.1642     6.0154      0.551    32.1030    23.9155 -9.990e-29
 257.650509      0.563  38.951251    14.1492     6.0270      0.558    32.1055    23.9205 -9.990e-29
 257.650515      0.570  38.949349    14.1463     6.0188      0.565    32.1062    23.9217 -9.990e-29
 257.650521      0.570  38.950572    14.1515     6.0124      0.565    32.1029    23.9181 -9.990e-29
 257.650527      0.566  38.952649    14.1535     6.0110      0.561    32.1032    23.9179 -9.990e-29
 257.650532      0.560  38.951088    14.1444     6.0213      0.555    32.1093    23.9245 -9.990e-29
 257.650538      0.557  38.939911    14.1275     6.0248      0.552    32.1131    23.9309 -9.990e-29
 257.650544      0.556  38.923295    14.1127     6.0115      0.551    32.1102    23.9317 -9.990e-29
 257.650550      0.557  38.913286    14.1067     5.9949      0.552    32.1060    23.9297 -9.990e-29
 257.650556      0.560  38.913372    14.1088     5.9861      0.555    32.1043    23.9280 -9.990e-29
 257.650561      0.566  38.918082    14.1146     5.9878      0.561    32.1038    23.9264 -9.990e-29
 257.650567      0.571  38.921392    14.1180     5.9963      0.566    32.1040    23.9259 -9.990e-29
 257.650573      0.570  38.918776    14.1155     6.0029      0.565    32.1037    23.9261 -9.990e-29
 257.650579      0.568  38.907331    14.1081     6.0044      0.563    32.0994    23.9243 -9.990e-29
 257.650584      0.569  38.891434    14.1005     5.9934      0.564    32.0911    23.9195 -9.990e-29
 257.650590      0.573  38.882414    14.0964     5.9946      0.568    32.0862    23.9166 -9.990e-29
 257.650596      0.580  38.881152    14.0905     6.0108      0.575    32.0900    23.9207 -9.990e-29
 257.650602      0.587  38.877584    14.0761     6.0498      0.582    32.0987    23.9304 -9.990e-29
 257.650608      0.590  38.867535    14.0584     6.0775      0.585    32.1042    23.9382 -9.990e-29
 257.650613      0.588  38.858363    14.0485     6.0271      0.583    32.1040    23.9401 -9.990e-29
 257.650619      0.582  38.857473    14.0489     5.9611      0.577    32.1029    23.9392 -9.990e-29
 257.650625      0.576  38.858094    14.0548     5.9346      0.571    32.0985    23.9346 -9.990e-29
 257.650631      0.574  38.854913    14.0669     5.9476      0.569    32.0855    23.9221 -9.990e-29
 257.650637      0.570  38.858282    14.0847     5.9687      0.565    32.0738    23.9094 -9.990e-29
 257.650642      0.562  38.868234    14.0892     5.9987      0.557    32.0792    23.9126 -9.990e-29
 257.650648      0.551  38.862764    14.0491     6.0244      0.546    32.1076    23.9428 -9.990e-29
 257.650654      0.547  38.807712    13.9491     6.0338      0.542    32.1403    23.9886 -9.990e-29
 257.650660      0.549  38.702546    13.8415     6.0427      0.544    32.1332    24.0051 -9.990e-29
 257.650666      0.552  38.611579    13.8055     6.0335      0.547    32.0792    23.9707 -9.990e-29
 257.650671      0.562  38.612994    13.8398     6.0160      0.557    32.0519    23.9426 -9.990e-29
 257.650677      0.579  38.695785    13.8917     6.0093      0.574    32.0850    23.9576 -9.990e-29
 257.650683      0.595  38.773129    13.9357     6.0149      0.590    32.1196    23.9753 -9.990e-29
 257.650689      0.607  38.820437    13.9719     6.0297      0.602    32.1330    23.9782 -9.990e-29
 257.650694      0.617  38.850952    13.9971     6.0203      0.612    32.1401    23.9785 -9.990e-29
 257.650700      0.623  38.861688    14.0109     5.9877      0.618    32.1384    23.9744 -9.990e-29
 257.650706      0.628  38.863069    14.0223     5.9677      0.623    32.1302    23.9657 -9.990e-29
 257.650712      0.632  38.859205    14.0327     5.9827      0.627    32.1179    23.9541 -9.990e-29
 257.650718      0.634  38.848332    14.0369     6.0289      0.629    32.1044    23.9429 -9.990e-29
 257.650723      0.634  38.840630    14.0344     6.0220      0.629    32.0994    23.9395 -9.990e-29
 257.650729      0.633  38.836504    14.0270     5.9967      0.628    32.1018    23.9429 -9.990e-29
 257.650735      0.631  38.827114    14.0194     5.9785      0.626    32.0995    23.9426 -9.990e-29
 257.650741      0.627  38.807809    14.0197     5.9671      0.622    32.0815    23.9287 -9.990e-29
 257.650747      0.621  38.783690    14.0286     5.9745      0.616    32.0518    23.9040 -9.990e-29
 257.650752      0.614  38.774728    14.0379     5.9977      0.609    32.0359    23.8897 -9.990e-29
 257.650758      0.603  38.784688    14.0320     6.0253      0.598    32.0499    23.9018 -9.990e-29
 257.650764      0.594  38.785412    13.9798     6.0423      0.589    32.0941    23.9466 -9.990e-29
 257.650770      0.593  38.727465    13.8716     6.0401      0.588    32.1311    23.9972 -9.990e-29
 257.650775      0.602  38.639509    13.7635     6.0316      0.597    32.1402    24.0263 -9.990e-29
 257.650781      0.611  38.623365    13.7111     6.0300      0.606    32.1692    24.0593 -9.990e-29
 257.650787      0.617  38.667033    13.7098     6.0458      0.612    32.2108    24.0917 -9.990e-29
 257.650793      0.621  38.698185    13.7462     6.0726      0.616    32.2091    24.0830 -9.990e-29
 257.650799      0.623  38.716912    13.8084     6.0817      0.618    32.1742    24.0435 -9.990e-29
 257.650804      0.623  38.739804    13.8645     6.0642      0.618    32.1484    24.0121 -9.990e-29
 257.650810      0.621  38.755949    13.8962     6.0311      0.616    32.1368    23.9966 -9.990e-29
 257.650816      0.616  38.752174    13.9101     5.9889      0.611    32.1217    23.9821 -9.990e-29
 257.650822      0.610  38.746455    13.9193     5.9581      0.605    32.1087    23.9702 -9.990e-29
 257.650828      0.600  38.761453    13.9301     5.9447      0.595    32.1135    23.9718 -9.990e-29
 257.650833      0.591  38.783009    13.9404     5.9618      0.586    32.1248    23.9784 -9.990e-29
 257.650839      0.591  38.801789    13.9484     5.9901      0.586    32.1354    23.9849 -9.990e-29
 257.650845      0.600  38.809801    13.9463     6.0302      0.595    32.1446    23.9924 -9.990e-29
 257.650851      0.609  38.765643    13.9159     6.0685      0.604    32.1293    23.9868 -9.990e-29
 257.650856      0.615  38.674901    13.8536     6.0618      0.610    32.0975    23.9750 -9.990e-29
 257.650862      0.619  38.606553    13.7927     6.0515      0.614    32.0853    23.9779 -9.990e-29
 257.650868      0.621  38.598358    13.7785     6.0377      0.616    32.0895    23.9841 -9.990e-29
 257.650874      0.620  38.637719    13.8200     6.0457      0.615    32.0913    23.9770 -9.990e-29
 257.650880      0.617  38.688038    13.8805     6.0536      0.612    32.0872    23.9615 -9.990e-29
 257.650885      0.617  38.720615    13.9281     6.0200      0.612    32.0775    23.9444 -9.990e-29
 257.650891      0.622  38.744183    13.9690     6.0099      0.617    32.0651    23.9264 -9.990e-29
 257.650897      0.629  38.758829    14.0021     6.0128      0.624    32.0510    23.9088 -9.990e-29
 257.650903      0.635  38.748249    14.0111     6.0326      0.630    32.0338    23.8936 -9.990e-29
 257.650909      0.639  38.743192    13.9993     6.0423      0.634    32.0389    23.9000 -9.990e-29
 257.650914      0.643  38.758799    13.9752     6.0196      0.638    32.0734    23.9316 -9.990e-29
 257.650920      0.645  38.761555    13.9318     6.0074      0.640    32.1122    23.9704 -9.990e-29
 257.650926      0.648  38.725461    13.8747     6.0240      0.643    32.1266    23.9932 -9.990e-29
 257.650932      0.649  38.675248    13.8440     6.0491      0.644    32.1059    23.9834 -9.990e-29
 257.650938      0.650  38.684058    13.8588     6.0561      0.645    32.1016    23.9771 -9.990e-29
 257.650943      0.651  38.742357    13.8876     6.0280      0.646    32.1314    23.9942 -9.990e-29
 257.650949      0.652  38.791740    13.8987     5.9990      0.647    32.1677    24.0200 -9.990e-29
 257.650955      0.652  38.794985    13.8900     5.9984      0.647    32.1780    24.0297 -9.990e-29
 257.650961      0.653  38.736279    13.8851     6.0288      0.648    32.1279    23.9920 -9.990e-29
 257.650966      0.653  38.695379    13.9058     6.0587      0.648    32.0728    23.9453 -9.990e-29
 257.650972      0.653  38.730392    13.9433     6.0805      0.648    32.0738    23.9384 -9.990e-29
 257.650978      0.653  38.783249    13.9663     6.0877      0.648    32.1034    23.9565 -9.990e-29
 257.650984      0.653  38.784376    13.9530     6.0558      0.648    32.1155    23.9686 -9.990e-29
 257.650990      0.652  38.734191    13.9207     6.0255      0.647    32.0962    23.9603 -9.990e-29
 257.650995      0.652  38.701966    13.9087     6.0017      0.647    32.0765    23.9475 -9.990e-29
 257.651001      0.651  38.715351    13.9268     6.0234      0.646    32.0737    23.9417 -9.990e-29
 257.651007      0.651  38.737295    13.9534     6.0652      0.646    32.0718    23.9348 -9.990e-29
 257.651013      0.649  38.761221    13.9708     6.0694      0.644    32.0793    23.9370 -9.990e-29
 257.651019      0.648  38.781519    13.9768     6.0487      0.643    32.0930    23.9464 -9.990e-29
 257.651024      0.646  38.776164    13.9700     6.0372      0.641    32.0938    23.9483 -9.990e-29
 257.651030      0.643  38.750919    13.9467     6.0512      0.638    32.0899    23.9501 -9.990e-29
 257.651036      0.639  38.719916    13.9244     6.0684      0.634    32.0799    23.9470 -9.990e-29
 257.651042      0.635  38.707316    13.9312     6.0544      0.630    32.0626    23.9322 -9.990e-29
 257.651047      0.629  38.726699    13.9508     6.0310      0.624    32.0642    23.9294 -9.990e-29
 257.651053      0.626  38.742222    13.9284     6.0159      0.621    32.0972    23.9595 -9.990e-29
 257.651059      0.630  38.717950    13.8616     6.0219      0.625    32.1306    23.9989 -9.990e-29
 257.651065      0.636  38.665186    13.8100     6.0409      0.631    32.1250    24.0051 -9.990e-29
 257.651071      0.641  38.637913    13.8075     6.0498      0.636    32.1019    23.9878 -9.990e-29
 257.651076      0.645  38.654047    13.8200     6.0646      0.640    32.1063    23.9887 -9.990e-29
 257.651082      0.648  38.663325    13.7994     6.0788      0.643    32.1322    24.0128 -9.990e-29
 257.651088      0.651  38.639973    13.7568     6.0806      0.646    32.1463    24.0323 -9.990e-29
 257.651094      0.654  38.615008    13.7436     6.0756      0.649    32.1342    24.0257 -9.990e-29
 257.651100      0.656  38.624568    13.7807     6.0489      0.651    32.1120    24.0010 -9.990e-29
 257.651105      0.659  38.663967    13.8447     5.9961      0.653    32.0949    23.9748 -9.990e-29
 257.651111      0.662  38.703322    13.9029     5.9707      0.656    32.0826    23.9534 -9.990e-29
 257.651117      0.665  38.723349    13.9421     5.9802      0.659    32.0683    23.9344 -9.990e-29
 257.651123      0.669  38.728866    13.9593     6.0456      0.663    32.0591    23.9237 -9.990e-29
 257.651128      0.674  38.731115    13.9472     6.0994      0.668    32.0712    23.9356 -9.990e-29
 257.651134      0.680  38.716806    13.9079     6.0776      0.674    32.0908    23.9588 -9.990e-29
 257.651140      0.688  38.671299    13.8533     6.0315      0.682    32.0944    23.9727 -9.990e-29
 257.651146      0.698  38.610069    13.7997     6.0004      0.692    32.0826    23.9745 -9.990e-29
 257.651152      0.706  38.584212    13.7885     6.0139      0.700    32.0681    23.9655 -9.990e-29
 257.651157      0.709  38.633153    13.8529     6.0344      0.703    32.0595    23.9458 -9.990e-29
 257.651163      0.707  38.727392    13.9547     6.0453      0.701    32.0615    23.9266 -9.990e-29
 257.651169      0.699  38.799781    14.0132     6.0427      0.693    32.0795    23.9284 -9.990e-29
 257.651175      0.690  38.802247    13.9959     6.0513      0.684    32.0962    23.9449 -9.990e-29
 257.651181      0.684  38.744780    13.9524     6.0612      0.678    32.0795    23.9409 -9.990e-29
 257.651186      0.679  38.690805    13.9413     6.0716      0.673    32.0390    23.9119 -9.990e-29
 257.651192      0.675  38.684842    13.9531     6.0687      0.669    32.0236    23.8977 -9.990e-29
 257.651198      0.673  38.703752    13.9462     6.0515      0.667    32.0468    23.9170 -9.990e-29
 257.651204      0.672  38.704901    13.9163     6.0239      0.666    32.0728    23.9432 -9.990e-29
 257.651209      0.672  38.692583    13.8927     6.0116      0.666    32.0812    23.9544 -9.990e-29
 257.651215      0.673  38.687865    13.8910     6.0202      0.667    32.0782    23.9525 -9.990e-29
 257.651221      0.675  38.687203    13.8971     6.0508      0.669    32.0725    23.9468 -9.990e-29
