data/oxygen options/ONMS/Olympic_Coast_National_Marine_Sanctuary_Hypoxia_Survey_CTD_Data_2004_2015/raw_data/2012/CAST_MO015_120913faed.cnv
* Sea-Bird SBE19 Data File:
* FileName = C:\Documents and Settings\OCNMS\Desktop\2012 mooring data\Hypoxia Sampling\CAST_MO015_120913.hex
* Software Version 1.25
* Temperature SN = 2997
* Conductivity SN = 2997
* System UpLoad Time = Sep 13 2012 13:01:44
** CAST_MO015_120913
* SEACAT PROFILER V3.1c SN 2997   09/13/12  13:00:43.880
# nquan = 9                                 
# nvalues = 786                         
# units = specified
# name 0 = timeJ: Julian Days
# name 1 = prSM: Pressure, Strain Gauge [db]
# name 2 = c0mS/cm: Conductivity [mS/cm]
# name 3 = t090C: Temperature [ITS-90, deg C]
# name 4 = sbeox0ML/L: Oxygen, SBE 43 [ml/l]
# name 5 = depSM: Depth [salt water, m], lat = 47.5
# name 6 = sal00: Salinity, Practical [PSU]
# name 7 = sigma-é00: Density [sigma-theta, kg/m^3]
# name 8 = flag: flag
# span 0 = 257.536736, 257.541279       
# span 1 =     -2.826,     15.238       
# span 2 =   0.434918,  39.463435       
# span 3 =     8.5754,    15.0033       
# span 4 =    -1.7479,    12.2955       
# span 5 =     -2.802,     15.110       
# span 6 =     0.2620,    33.4077       
# span 7 =    -0.6927,    25.9374       
# span 8 = 0.0000e+00, 0.0000e+00       
# interval = seconds: 0.5
# start_time = Sep 13 2012 12:52:54 [Instrument's time stamp, header]
# bad_flag = -9.990e-29
*END*
[from data line 641]
 257.540446      4.979  38.755756    14.0125     5.2073      4.937    32.0378    23.8966 0.0000e+00
 257.540451      5.317  38.744201    13.9962     4.8100      5.273    32.0407    23.9021 0.0000e+00
 257.540457      5.664  38.730533    13.9714     4.3610      5.617    32.0486    23.9133 0.0000e+00
 257.540463      6.021  38.709880    13.9242     3.9067      5.971    32.0688    23.9386 0.0000e+00
 257.540469      6.394  38.668619    13.8235     3.4450      6.341    32.1147    23.9945 0.0000e+00
 257.540475      6.784  38.574052    13.6350     3.0061      6.727    32.1850    24.0871 0.0000e+00
 257.540480      7.188  38.399166    13.3506     2.5913      7.128    32.2619    24.2035 0.0000e+00
 257.540486      7.601  38.160563    12.9856     2.1775      7.537    32.3480    24.3421 0.0000e+00
 257.540492      8.022  37.886791    12.5436     1.8130      7.955    32.4676    24.5203 0.0000e+00
 257.540498      8.449  37.571243    12.0097     1.4547      8.378    32.6284    24.7460 0.0000e+00
 257.540503      8.880  37.199196    11.4098     1.1561      8.806    32.7946    24.9854 0.0000e+00
 257.540509      9.315  36.806604    10.8110     0.9595      9.237    32.9417    25.2065 0.0000e+00
 257.540515      9.758  36.441754    10.2518     0.8563      9.676    33.0825    25.4126 0.0000e+00
 257.540521     10.209  36.113695     9.7517     0.8547     10.124    33.2078    25.5942 0.0000e+00
 257.540527     10.669  35.829534     9.3265     0.9032     10.580    33.3100    25.7432 0.0000e+00
 257.540532     11.131  35.597776     8.9952     0.9644     11.038    33.3792    25.8500 0.0000e+00
 257.540538     11.592  35.426220     8.7862     1.0143     11.495    33.3964    25.8961 0.0000e+00
 257.540544     12.046  35.326219     8.6843     1.0596     11.945    33.3874    25.9048 0.0000e+00
 257.540550     12.487  35.279657     8.6350     1.0899     12.382    33.3848    25.9104 0.0000e+00
 257.540556     12.911  35.257377     8.6006     1.1345     12.803    33.3937    25.9226 0.0000e+00
 257.540561     13.308  35.246937     8.5776     1.2126     13.197    33.4043    25.9344 0.0000e+00
 257.540567     13.676  35.248327     8.5754     1.3563     13.561    33.4077    25.9374 0.0000e+00
 257.540573     14.010  35.257150     8.5919     1.5324     13.893    33.4012    25.9298 0.0000e+00
 257.540579     14.307  35.264359     8.6174     1.6940     14.187    33.3845    25.9129 0.0000e+00
 257.540584     14.565  35.275562     8.6559     1.7675     14.443    33.3598    25.8876 0.0000e+00
 257.540590     14.782  35.301136     8.7379     1.7480     14.658    33.3093    25.8354 0.0000e+00
 257.540596     14.956  35.361656     8.8649     1.6722     14.831    33.2533    25.7718 0.0000e+00
 257.540602     15.084  35.459891     8.9725     1.5702     14.958    33.2549    25.7564 -9.990e-29
 257.540608     15.171  35.545302     9.0200     1.4536     15.044    33.2994    25.7837 -9.990e-29
 257.540613     15.221  35.579386     9.0313     1.3342     15.093    33.3243    25.8014 -9.990e-29
 257.540619     15.238  35.575605     9.0305     1.2430     15.110    33.3211    25.7990 -9.990e-29
 257.540625     15.223  35.560198     9.0077     1.1778     15.095    33.3264    25.8068 -9.990e-29
 257.540631     15.180  35.535499     8.9510     1.1526     15.053    33.3539    25.8372 -9.990e-29
 257.540637     15.115  35.475213     8.8736     1.1588     14.988    33.3637    25.8570 -9.990e-29
 257.540642     15.031  35.391838     8.7969     1.1785     14.905    33.3487    25.8571 -9.990e-29
 257.540648     14.932  35.338763     8.7475     1.2360     14.807    33.3396    25.8577 -9.990e-29
 257.540654     14.820  35.326327     8.7303     1.2890     14.696    33.3429    25.8629 -9.990e-29
 257.540660     14.697  35.331132     8.7171     1.3340     14.574    33.3604    25.8786 -9.990e-29
 257.540666     14.567  35.332052     8.6993     1.3629     14.445    33.3782    25.8953 0.0000e+00
 257.540671     14.440  35.323512     8.6958     1.3713     14.319    33.3726    25.8915 -9.990e-29
 257.540677     14.320  35.319800     8.7177     1.3862     14.200    33.3481    25.8689 -9.990e-29
 257.540683     14.213  35.332120     8.7529     1.4212     14.094    33.3279    25.8477 -9.990e-29
 257.540689     14.124  35.349375     8.7830     1.4848     14.006    33.3177    25.8350 -9.990e-29
 257.540694     14.052  35.359771     8.8103     1.5548     13.934    33.3030    25.8192 -9.990e-29
 257.540700     13.993  35.368135     8.8439     1.6207     13.876    33.2802    25.7962 -9.990e-29
 257.540706     13.942  35.379938     8.8775     1.6662     13.825    33.2610    25.7759 -9.990e-29
 257.540712     13.897  35.397957     8.9049     1.6725     13.781    33.2542    25.7663 -9.990e-29
 257.540718     13.855  35.423737     8.9324     1.6254     13.739    33.2553    25.7629 -9.990e-29
 257.540723     13.817  35.453489     8.9613     1.5135     13.701    33.2593    25.7615 -9.990e-29
 257.540729     13.790  35.478082     8.9869     1.3780     13.674    33.2610    25.7588 -9.990e-29
 257.540735     13.771  35.496063     9.0125     1.2621     13.656    33.2558    25.7507 -9.990e-29
 257.540741     13.756  35.510606     9.0289     1.1932     13.641    33.2556    25.7480 -9.990e-29
 257.540747     13.747  35.509096     9.0017     1.1665     13.632    33.2795    25.7710 -9.990e-29
 257.540752     13.749  35.468160     8.9239     1.1647     13.634    33.3097    25.8068 -9.990e-29
 257.540758     13.757  35.397544     8.8484     1.1817     13.642    33.3068    25.8163 -9.990e-29
 257.540764     13.767  35.344138     8.8163     1.2118     13.652    33.2811    25.8012 -9.990e-29
 257.540770     13.780  35.326240     8.8154     1.2525     13.665    33.2632    25.7873 -9.990e-29
 257.540775     13.792  35.326046     8.8213     1.2459     13.676    33.2575    25.7819 -9.990e-29
 257.540781     13.801  35.327530     8.8247     1.2330     13.685    33.2558    25.7801 -9.990e-29
 257.540787     13.807  35.330347     8.8237     1.1732     13.691    33.2597    25.7833 -9.990e-29
 257.540793     13.809  35.344332     8.8162     1.1121     13.693    33.2814    25.8014 -9.990e-29
 257.540799     13.809  35.359486     8.8012     1.0776     13.693    33.3113    25.8272 -9.990e-29
 257.540804     13.806  35.349448     8.7707     1.0395     13.690    33.3295    25.8462 -9.990e-29
 257.540810     13.800  35.318112     8.7229     1.0339     13.684    33.3417    25.8631 -9.990e-29
 257.540816     13.795  35.288577     8.6803     1.0492     13.679    33.3508    25.8768 -9.990e-29
 257.540822     13.798  35.268977     8.6623     1.0677     13.682    33.3472    25.8767 -9.990e-29
 257.540828     13.811  35.259970     8.6597     1.0783     13.695    33.3402    25.8716 -9.990e-29
 257.540833     13.826  35.255615     8.6578     1.0807     13.710    33.3374    25.8698 -9.990e-29
 257.540839     13.838  35.252257     8.6607     1.0657     13.722    33.3311    25.8644 -9.990e-29
 257.540845     13.850  35.253178     8.6732     1.0668     13.734    33.3203    25.8540 -9.990e-29
 257.540851     13.862  35.258961     8.6864     1.0892     13.746    33.3140    25.8470 -9.990e-29
 257.540856     13.870  35.266033     8.6873     1.1206     13.754    33.3205    25.8520 -9.990e-29
 257.540862     13.870  35.265262     8.6718     1.1380     13.754    33.3343    25.8652 -9.990e-29
 257.540868     13.867  35.256657     8.6590     1.1481     13.751    33.3374    25.8695 -9.990e-29
 257.540874     13.865  35.253866     8.6650     1.1347     13.749    33.3288    25.8619 -9.990e-29
 257.540880     13.863  35.263160     8.6820     1.1250     13.747    33.3225    25.8544 -9.990e-29
 257.540885     13.862  35.278363     8.6961     1.1239     13.746    33.3252    25.8543 -9.990e-29
 257.540891     13.862  35.288301     8.6959     1.1220     13.746    33.3358    25.8626 -9.990e-29
 257.540897     13.862  35.284861     8.6814     1.1255     13.746    33.3459    25.8727 -9.990e-29
 257.540903     13.862  35.274020     8.6698     1.1017     13.746    33.3454    25.8742 -9.990e-29
 257.540909     13.864  35.268681     8.6738     1.0796     13.748    33.3360    25.8662 -9.990e-29
 257.540914     13.865  35.271718     8.6836     1.0527     13.749    33.3300    25.8600 -9.990e-29
 257.540920     13.868  35.277575     8.6839     1.0381     13.752    33.3359    25.8645 -9.990e-29
 257.540926     13.871  35.277737     8.6736     1.0582     13.755    33.3457    25.8738 -9.990e-29
 257.540932     13.876  35.268246     8.6554     1.0742     13.760    33.3529    25.8823 -9.990e-29
 257.540937     13.882  35.254333     8.6343     1.0745     13.766    33.3582    25.8897 -9.990e-29
 257.540943     13.889  35.243553     8.6248     1.0526     13.773    33.3558    25.8893 -9.990e-29
 257.540949     13.895  35.242227     8.6324     1.0271     13.779    33.3473    25.8814 -9.990e-29
 257.540955     13.890  35.250066     8.6475     1.0194     13.774    33.3413    25.8744 -9.990e-29
 257.540961     13.875  35.259599     8.6568     1.0465     13.759    33.3425    25.8739 -9.990e-29
 257.540966     13.856  35.262815     8.6490     1.0658     13.740    33.3533    25.8835 -9.990e-29
 257.540972     13.843  35.255047     8.6293     1.0822     13.727    33.3637    25.8947 -9.990e-29
 257.540978     13.836  35.243304     8.6180     1.0909     13.720    33.3620    25.8951 -9.990e-29
 257.540984     13.833  35.241049     8.6232     1.1006     13.717    33.3548    25.8886 -9.990e-29
 257.540990     13.829  35.248070     8.6392     1.1422     13.713    33.3470    25.8801 -9.990e-29
 257.540995     13.823  35.256923     8.6559     1.2078     13.707    33.3406    25.8725 -9.990e-29
 257.541001     13.815  35.263732     8.6648     1.2917     13.699    33.3393    25.8702 -9.990e-29
 257.541007     13.805  35.267500     8.6723     1.3303     13.689    33.3362    25.8666 -9.990e-29
 257.541013     13.792  35.273814     8.6914     1.3245     13.676    33.3249    25.8548 -9.990e-29
 257.541019     13.774  35.289411     8.7244     1.2712     13.659    33.3102    25.8382 -9.990e-29
 257.541024     13.752  35.314926     8.7673     1.2363     13.637    33.2966    25.8209 -9.990e-29
 257.541030     13.723  35.346299     8.8047     1.2556     13.608    33.2943    25.8133 -9.990e-29
 257.541036     13.685  35.363197     8.8150     1.3577     13.570    33.3023    25.8180 -9.990e-29
 257.541042     13.638  35.351752     8.8074     1.5632     13.524    33.2975    25.8154 -9.990e-29
 257.541047     13.576  35.337040     8.8125     1.8103     13.462    33.2773    25.7988 -9.990e-29
 257.541053     13.496  35.340889     8.8443     2.0925     13.383    33.2515    25.7737 -9.990e-29
 257.541059     13.394  35.364506     8.9058     2.3636     13.282    33.2186    25.7383 -9.990e-29
 257.541065     13.263  35.409696     9.0164     2.6801     13.152    33.1625    25.6771 0.0000e+00
 257.541071     13.098  35.487991     9.1955     3.0987     12.988    33.0772    25.5821 0.0000e+00
 257.541076     12.903  35.613058     9.4161     3.6504     12.795    33.0025    25.4884 0.0000e+00
 257.541082     12.681  35.784763     9.6509     4.3066     12.575    32.9629    25.4194 0.0000e+00
 257.541088     12.436  35.994034     9.9117     4.9535     12.332    32.9379    25.3570 0.0000e+00
 257.541094     12.170  36.215790    10.2559     5.4906     12.068    32.8496    25.2304 0.0000e+00
 257.541100     11.882  36.443828    10.7630     5.8347     11.782    32.6224    24.9663 0.0000e+00
 257.541105     11.572  36.735202    11.4360     5.9745     11.475    32.3158    24.6086 0.0000e+00
 257.541111     11.236  37.134497    12.1683     6.0001     11.142    32.0690    24.2825 0.0000e+00
 257.541117     10.871  37.579222    12.8073     5.9858     10.780    31.9489    24.0679 0.0000e+00
 257.541123     10.479  37.955975    13.2687     5.9673     10.391    31.9149    23.9515 0.0000e+00
 257.541128     10.070  38.216458    13.5530     5.9322      9.986    31.9201    23.8989 0.0000e+00
 257.541134      9.647  38.371899    13.6968     5.8943      9.566    31.9445    23.8889 0.0000e+00
 257.541140      9.217  38.458165    13.7649     5.8632      9.140    31.9678    23.8931 0.0000e+00
 257.541146      8.793  38.521958    13.8128     5.8241      8.719    31.9870    23.8982 0.0000e+00
 257.541152      8.372  38.578307    13.8642     5.7969      8.302    31.9964    23.8950 0.0000e+00
 257.541157      7.949  38.619974    13.9241     5.7844      7.883    31.9852    23.8741 0.0000e+00
 257.541163      7.528  38.653770    13.9843     5.7743      7.465    31.9664    23.8473 0.0000e+00
 257.541169      7.115  38.690583    14.0329     5.7831      7.055    31.9601    23.8324 0.0000e+00
 257.541175      6.715  38.735238    14.0750     5.7881      6.659    31.9664    23.8286 0.0000e+00
 257.541181      6.324  38.799096    14.1247     5.7444      6.271    31.9839    23.8320 0.0000e+00
 257.541186      5.937  38.889978    14.1848     5.6406      5.887    32.0176    23.8455 0.0000e+00
 257.541192      5.557  38.989524    14.2617     5.5340      5.511    32.0452    23.8509 0.0000e+00
 257.541198      5.184  39.067393    14.3641     6.3836      5.141    32.0317    23.8191 0.0000e+00
 257.541204      4.821  39.122064    14.4677     6.3971      4.781    31.9960    23.7700 0.0000e+00
 257.541209      4.470  39.168161    14.5287     6.2850      4.433    31.9878    23.7509 0.0000e+00
 257.541215      4.135  39.200478    14.5304     6.2592      4.100    32.0159    23.7722 0.0000e+00
 257.541221      3.815  39.193195    14.4940     6.1906      3.783    32.0395    23.7980 0.0000e+00
 257.541227      3.512  39.121486    14.4488 -9.990e-29      3.483    32.0116    23.7860 0.0000e+00
 257.541233      3.232  38.967075    14.4052 -9.990e-29      3.205    31.9069    23.7143 0.0000e+00
 257.541238      2.979  38.642325    14.3645 -9.990e-29      2.954    31.6443    23.5203 0.0000e+00
 257.541244      2.754  37.819029    14.3292 -9.990e-29      2.731    30.9231    22.9716 0.0000e+00
 257.541250      2.560  35.493042    14.2992 -9.990e-29      2.539    28.8402    21.3726 0.0000e+00
 257.541256      2.396  28.640376    14.2730 -9.990e-29      2.376    22.7695    16.7071 0.0000e+00
 257.541262      2.262  18.051811    14.2500 -9.990e-29      2.243    13.7489     9.7857 -9.990e-29
 257.541267      2.162  10.395156    14.2314 -9.990e-29      2.144     7.5662     5.0440 -9.990e-29
 257.541273      2.102   7.133935    14.2235 -9.990e-29      2.084     5.0490     3.1110 -9.990e-29
 257.541279      2.082   5.407760 -9.990e-29 -9.990e-29      2.065 -9.990e-29 -9.990e-29 -9.990e-29
