data/oxygen options/ONMS/Olympic_Coast_National_Marine_Sanctuary_Hypoxia_Survey_CTD_Data_2004_2015/raw_data/2012/CAST_RR025_120906faedb.cnv
* Sea-Bird SBE19 Data File:
* FileName = C:\Documents and Settings\OCNMS\Desktop\2012 mooring data\Hypoxia Sampling\CAST_RR025_120906.hex
* Software Version 1.25
* Temperature SN = 2997
* Conductivity SN = 2997
* System UpLoad Time = Sep 06 2012 14:45:32
** CAST_RR025_120906
* SEACAT PROFILER V3.1c SN 2997   09/06/12  14:43:20.689
# nquan = 9
# nvalues = 24                          
# units = specified
# name 0 = timeJ: Julian Days
# name 1 = prSM: Pressure, Strain Gauge [db]
# name 2 = c0mS/cm: Conductivity [mS/cm]
# name 3 = t090C: Temperature [ITS-90, deg C]
# name 4 = sbeox0ML/L: Oxygen, SBE 43 [ml/l]
# name 5 = depSM: Depth [salt water, m], lat = 47.5
# name 6 = sal00: Salinity, Practical [PSU]
# name 7 = sigma-é00: Density [sigma-theta, kg/m^3]
# name 8 = flag: flag
# span 0 = 250.599019, 250.599283       
# span 1 =      2.000,     25.000       
# span 2 =  34.756359,  37.955948       
# span 3 =     7.8575,    12.8311       
# span 4 =     1.2232,     6.2634       
# span 5 =      1.983,     24.791       
# span 6 =    32.2889,    33.5745       
# span 7 =    24.3263,    26.1690       
# span 8 = 0.0000e+00, 0.0000e+00       
# interval = decibars: 1                
# start_time = Sep 06 2012 14:16:44 [Instrument's time stamp, header]
# bad_flag = -9.990e-29
*END*
 250.599019      2.000  37.955948    12.8311     6.2634      1.983    32.2889    24.3263 0.0000e+00
 250.599040      3.000  37.856791    12.5508     5.6762      2.975    32.4349    24.4935 0.0000e+00
 250.599055      4.000  37.745581    12.2597     5.1083      3.967    32.5800    24.6614 0.0000e+00
 250.599068      5.000  37.448946    11.9328     4.7012      4.958    32.5788    24.7219 0.0000e+00
 250.599080      6.000  37.269130    11.5334     4.4558      5.950    32.7546    24.9319 0.0000e+00
 250.599090      7.000  37.010636    11.1623     3.9783      6.942    32.8301    25.0575 0.0000e+00
 250.599101      8.000  36.834443    10.9714     3.2388      7.933    32.8260    25.0882 0.0000e+00
 250.599111      9.000  36.752841    10.7993     2.5349      8.924    32.8989    25.1752 0.0000e+00
 250.599120     10.000  36.652507    10.5700     1.9966      9.916    33.0051    25.2979 0.0000e+00
 250.599130     11.000  36.491586    10.2368     1.6910     10.908    33.1460    25.4647 0.0000e+00
 250.599139     12.000  36.233263     9.8017     1.5146     11.899    33.2829    25.6447 0.0000e+00
 250.599147     13.000  35.905917     9.3379     1.4407     12.891    33.3772    25.7940 0.0000e+00
 250.599156     14.000  35.659003     8.9818     1.4007     13.882    33.4544    25.9111 0.0000e+00
 250.599164     15.000  35.463172     8.7471     1.3285     14.875    33.4704    25.9603 0.0000e+00
 250.599172     16.000  35.315989     8.6076     1.2523     15.866    33.4474    25.9637 0.0000e+00
 250.599181     17.000  35.244403     8.4854     1.2232     16.858    33.4873    26.0136 0.0000e+00
 250.599191     18.000  35.105067     8.2739     1.2348     17.849    33.5407    26.0875 0.0000e+00
 250.599200     19.000  34.929468     8.0497     1.2600     18.841    33.5679    26.1422 0.0000e+00
 250.599210     20.000  34.827390     7.9286     1.2585     19.832    33.5745    26.1651 0.0000e+00
 250.599220     21.000  34.777686     7.8775     1.2718     20.823    33.5699    26.1690 0.0000e+00
 250.599230     22.000  34.756359     7.8575     1.2919     21.815    33.5658    26.1687 0.0000e+00
 250.599242     23.000  34.756975     7.8641     1.2959     22.807    33.5596    26.1629 0.0000e+00
 250.599258     24.000  34.775121     7.8848     1.2767     23.798    33.5587    26.1592 0.0000e+00
 250.599283     25.000  34.819170     7.9300     1.2362     24.791    33.5621    26.1552 0.0000e+00
