data/oxygen options/ONMS/Olympic_Coast_National_Marine_Sanctuary_Hypoxia_Survey_CTD_Data_2004_2015/raw_data/2012/CAST_RR042_120913faed.cnv
* Sea-Bird SBE19 Data File:
* FileName = C:\Documents and Settings\OCNMS\Desktop\2012 mooring data\Hypoxia Sampling\CAST_RR042_120913.hex
* Software Version 1.25
* Temperature SN = 2997
* Conductivity SN = 2997
* System UpLoad Time = Sep 13 2012 10:56:02
** CAST_RR042_120913
* SEACAT PROFILER V3.1c SN 2997   09/13/12  10:55:08.006
# nquan = 9                                 
# nvalues = 983                         
# units = specified
# name 0 = timeJ: Julian Days
# name 1 = prSM: Pressure, Strain Gauge [db]
# name 2 = c0mS/cm: Conductivity [mS/cm]
# name 3 = t090C: Temperature [ITS-90, deg C]
# name 4 = sbeox0ML/L: Oxygen, SBE 43 [ml/l]
# name 5 = depSM: Depth [salt water, m], lat = 47.5
# name 6 = sal00: Salinity, Practical [PSU]
# name 7 = sigma-é00: Density [sigma-theta, kg/m^3]
# name 8 = flag: flag
# span 0 = 257.445394, 257.451076       
# span 1 =     -4.967,     43.227       
# span 2 =   0.165026,  39.196750       
# span 3 =     7.4072,    14.9911       
# span 4 =    -1.7947,    13.3842       
# span 5 =     -4.926,     42.862       
# span 6 =     0.1010,    33.6641       
# span 7 =    -0.7546,    26.3088       
# span 8 = 0.0000e+00, 0.0000e+00       
# interval = seconds: 0.5
# start_time = Sep 13 2012 10:41:22 [Instrument's time stamp, header]
# bad_flag = -9.990e-29
*END*
[from data line 321]
 257.447251     -0.390   0.307746    14.6300    -1.7444     -0.387     0.1855    -0.6999 -9.990e-29
 257.447257     -0.379   0.311141    14.6404    -1.7435     -0.376     0.1876    -0.6998 -9.990e-29
 257.447263     -0.371   0.313277    14.6403    -1.7430     -0.368     0.1889    -0.6988 -9.990e-29
 257.447269     -0.367   0.313126    14.6314    -1.7423     -0.364     0.1888    -0.6975 -9.990e-29
 257.447274     -0.364   0.311594    14.6190    -1.7415     -0.361     0.1879    -0.6964 -9.990e-29
 257.447280     -0.358   0.309955    14.6083    -1.7410     -0.355     0.1870    -0.6955 -9.990e-29
 257.447286     -0.347   0.308791    14.6058    -1.7410     -0.344     0.1863    -0.6957 -9.990e-29
 257.447292     -0.336   0.308210    14.6142    -1.7417     -0.333     0.1859    -0.6973 -9.990e-29
 257.447297     -0.328   0.307989    14.6306    -1.7421     -0.325     0.1857    -0.6998 -9.990e-29
 257.447303     -0.322   0.307831    14.6506    -1.7416     -0.319     0.1855    -0.7029 -9.990e-29
 257.447309     -0.319   0.307524    14.6705    -1.7412     -0.316     0.1852    -0.7061 -9.990e-29
 257.447315     -0.314   0.307211    14.6884    -1.7409     -0.311     0.1849    -0.7089 -9.990e-29
 257.447321     -0.306   0.307578    14.7051    -1.7409     -0.303     0.1851    -0.7113 -9.990e-29
 257.447326     -0.299   0.309112    14.7208    -1.7414     -0.297     0.1860    -0.7129 -9.990e-29
 257.447332     -0.288   0.311091    14.7316    -1.7422     -0.286     0.1871    -0.7136 -9.990e-29
 257.447338     -0.273   0.311725    14.7332    -1.7425     -0.271     0.1875    -0.7135 -9.990e-29
 257.447344     -0.262   0.310195    14.7280    -1.7417     -0.260     0.1866    -0.7135 -9.990e-29
 257.447350     -0.253   0.307782    14.7249    -1.7411     -0.251     0.1851    -0.7142 -9.990e-29
 257.447355     -0.242   0.306248    14.7283    -1.7411     -0.240     0.1842    -0.7154 -9.990e-29
 257.447361     -0.233   0.306314    14.7345    -1.7412     -0.231     0.1842    -0.7163 -9.990e-29
 257.447367     -0.229   0.307511    14.7386    -1.7409     -0.227     0.1849    -0.7164 -9.990e-29
 257.447373     -0.229   0.308114    14.7369    -1.7404     -0.227     0.1853    -0.7158 -9.990e-29
 257.447378     -0.234   0.306709    14.7287    -1.7398     -0.232     0.1845    -0.7152 -9.990e-29
 257.447384     -0.241   0.304191    14.7194    -1.7393     -0.239     0.1830    -0.7150 -9.990e-29
 257.447390     -0.244   0.302181    14.7173    -1.7389     -0.242     0.1817    -0.7157 -9.990e-29
 257.447396     -0.244   0.301318    14.7245    -1.7384     -0.242     0.1812    -0.7172 -9.990e-29
 257.447402     -0.238   0.301559    14.7336    -1.7385     -0.236     0.1813    -0.7184 -9.990e-29
 257.447407     -0.224   0.302115    14.7389    -1.7390     -0.222     0.1816    -0.7190 -9.990e-29
 257.447413     -0.210   0.302064    14.7429    -1.7395     -0.208     0.1816    -0.7196 -9.990e-29
 257.447419     -0.199   0.301336    14.7502    -1.7398     -0.197     0.1811    -0.7210 -9.990e-29
 257.447425     -0.192   0.300620    14.7613    -1.7402     -0.190     0.1806    -0.7231 -9.990e-29
 257.447431     -0.187   0.300620    14.7741    -1.7400     -0.185     0.1805    -0.7250 -9.990e-29
 257.447436     -0.185   0.301334    14.7867    -1.7392     -0.183     0.1809    -0.7266 -9.990e-29
 257.447442     -0.184   0.302053    14.7976    -1.7386     -0.182     0.1813    -0.7279 -9.990e-29
 257.447448     -0.185   0.302074    14.8039    -1.7381     -0.183     0.1813    -0.7289 -9.990e-29
 257.447454     -0.189   0.301421    14.8031    -1.7375     -0.187     0.1809    -0.7290 -9.990e-29
 257.447459     -0.190   0.300330    14.7964    -1.7374     -0.188     0.1803    -0.7285 -9.990e-29
 257.447465     -0.185   0.298453    14.7874    -1.7369     -0.183     0.1792    -0.7281 -9.990e-29
 257.447471     -0.178   0.296052    14.7795    -1.7363     -0.177     0.1777    -0.7280 -9.990e-29
 257.447477     -0.172   0.294351    14.7761    -1.7357     -0.171     0.1767    -0.7283 -9.990e-29
 257.447483     -0.168   0.293849    14.7810    -1.7353     -0.167     0.1764    -0.7293 -9.990e-29
 257.447488     -0.165   0.294429    14.7932    -1.7352     -0.164     0.1767    -0.7308 -9.990e-29
 257.447494     -0.162   0.295753    14.8078    -1.7351     -0.161     0.1774    -0.7324 -9.990e-29
 257.447500     -0.160   0.296818    14.8219    -1.7350     -0.159     0.1780    -0.7341 -9.990e-29
 257.447506     -0.158   0.297015    14.8341    -1.7352     -0.157     0.1781    -0.7358 -9.990e-29
 257.447512     -0.157   0.296606    14.8447    -1.7356     -0.156     0.1778    -0.7377 -9.990e-29
 257.447517     -0.156   0.295781    14.8567    -1.7354     -0.155     0.1772    -0.7399 -9.990e-29
 257.447523     -0.155   0.294549    14.8705    -1.7346     -0.154     0.1764    -0.7426 -9.990e-29
 257.447529     -0.154   0.293112    14.8834    -1.7342     -0.153     0.1755    -0.7452 -9.990e-29
 257.447535     -0.154   0.291767    14.8926    -1.7336     -0.153     0.1747    -0.7473 -9.990e-29
 257.447541     -0.153   0.290936    14.8981    -1.7335     -0.152     0.1741    -0.7485 -9.990e-29
 257.447546     -0.153   0.291172    14.9012    -1.7336     -0.152     0.1743    -0.7489 -9.990e-29
 257.447552     -0.153   0.292238    14.9018    -1.7331     -0.152     0.1749    -0.7485 -9.990e-29
 257.447558     -0.152   0.292786    14.8998    -1.7326     -0.151     0.1752    -0.7479 -9.990e-29
 257.447564     -0.152   0.291889    14.8986    -1.7316     -0.151     0.1747    -0.7481 -9.990e-29
 257.447569     -0.151   0.290010    14.9038    -1.7304     -0.150     0.1735    -0.7498 -9.990e-29
 257.447575     -0.150   0.288518    14.9150    -1.7296     -0.149     0.1726    -0.7522 -9.990e-29
 257.447581     -0.149   0.288747    14.9272    -1.7290     -0.148     0.1727    -0.7540 -9.990e-29
 257.447587     -0.148   0.290446    14.9365    -1.7290     -0.147     0.1737    -0.7546 -9.990e-29
 257.447593     -0.147   0.293114    14.9411    -1.7236     -0.146     0.1753    -0.7541 -9.990e-29
 257.447598     -0.145   0.298651    14.9434    -1.7189     -0.144     0.1786    -0.7518 -9.990e-29
 257.447604     -0.142   0.310564    14.9472    -1.7227     -0.141     0.1859    -0.7468 -9.990e-29
 257.447610     -0.139   0.333667    14.9534    -1.7259     -0.138     0.1999    -0.7368 -9.990e-29
 257.447616     -0.136   0.373308    14.9625    -1.7285     -0.135     0.2241    -0.7194 -9.990e-29
 257.447622     -0.131   0.433634    14.9740    -1.7301     -0.130     0.2613    -0.6924 -9.990e-29
 257.447627     -0.124   0.511502    14.9853    -1.7312     -0.123     0.3096    -0.6567 -9.990e-29
 257.447633     -0.116   0.589513    14.9911    -1.4318     -0.115     0.3584    -0.6198 -9.990e-29
 257.447639     -0.105   0.662075    14.9875    -1.4428     -0.104     0.4041    -0.5838 -9.990e-29
 257.447645     -0.092   0.774456    14.9749    -1.4477     -0.091     0.4756    -0.5266 -9.990e-29
 257.447650     -0.074   1.038853    14.9523    -1.4474     -0.073     0.6461    -0.3913 -9.990e-29
 257.447656     -0.052   1.482178    14.9213    -1.4472     -0.052     0.9378    -0.1613 -9.990e-29
 257.447662     -0.027   1.867473    14.8880    -1.4478     -0.027     1.1963     0.0434 -9.990e-29
 257.447668     -0.008   2.024318    14.8553    -1.4494     -0.008     1.3034     0.1310 -9.990e-29
 257.447674      0.009   2.199546    14.8200    -1.4508      0.009     1.4238     0.2293 -9.990e-29
 257.447679      0.031   2.976982    14.7637    -1.4505      0.031     1.9631     0.6536 -9.990e-29
 257.447685      0.060   5.656367    14.6294    -1.4518      0.059     3.8981     2.1636 -9.990e-29
 257.447691      0.090  13.988030    14.4123    -1.4514      0.089    10.3800     7.1740 -9.990e-29
 257.447697      0.119  26.561669    14.2269    -1.4511      0.118    20.9844    15.3440 -9.990e-29
 257.447703      0.147  34.947224    14.1372    -1.4512      0.146    28.4686    21.1188 -9.990e-29
 257.447708      0.178  37.742439    14.0985    -1.4515      0.177    31.0393    23.1084 -9.990e-29
 257.447714      0.212  38.685468    14.0623    -1.4525      0.210    31.9336    23.8058 -9.990e-29
 257.447720      0.252  39.003448    14.0103    -1.4527      0.250    32.2697    24.0759 -9.990e-29
 257.447726      0.301  39.106938    13.9599    -1.4527      0.298    32.4075    24.1927 -9.990e-29
 257.447731      0.357  39.157489    13.9390    -1.4522      0.354    32.4719    24.2466 -9.990e-29
 257.447737      0.416  39.196750    13.9433    -1.4516      0.413    32.5045    24.2709 -9.990e-29
 257.447743      0.476  39.184074    13.9502    -1.4519      0.472    32.4869    24.2559 -9.990e-29
 257.447749      0.538  39.124442    13.9473    -1.4524      0.534    32.4342    24.2159 -9.990e-29
 257.447755      0.597  39.091353    13.9336    -1.4533      0.592    32.4152    24.2040 -9.990e-29
 257.447760      0.652  39.102923    13.9145    -1.4538      0.647    32.4420    24.2286 -9.990e-29
 257.447766      0.703  39.126984    13.8980    -1.4540      0.697    32.4782    24.2599 -9.990e-29
 257.447772      0.743  39.139053    13.8948    -1.4537      0.737    32.4920    24.2713 -9.990e-29
 257.447778      0.777  39.131158    13.9065    -1.4525      0.771    32.4748    24.2556 -9.990e-29
 257.447784      0.810  39.107931    13.9225    -1.4518      0.803    32.4398    24.2253 -9.990e-29
 257.447789      0.840  39.080462    13.9299    -1.4521      0.833    32.4082    24.1993 -9.990e-29
 257.447795      0.864  39.065393    13.9198    -1.4525      0.857    32.4028    24.1972 -9.990e-29
 257.447801      0.885  39.065642    13.8904    -1.4529      0.878    32.4278    24.2225 -9.990e-29
 257.447807      0.903  39.077096    13.8537    -1.4532      0.895    32.4694    24.2622 -9.990e-29
 257.447813      0.919  39.106095    13.8340    -1.4535      0.911    32.5129    24.2998 -9.990e-29
 257.447818      0.936  39.142022    13.8436    -1.4545      0.928    32.5381    24.3173 -9.990e-29
 257.447824      0.952  39.147635    13.8733    -1.4550      0.944    32.5181    24.2958 -9.990e-29
 257.447830      0.967  39.111397    13.9019    -1.4548      0.959    32.4604    24.2453 -9.990e-29
 257.447836      0.975  39.067955    13.9124    -1.4543      0.967    32.4113    24.2053 -9.990e-29
 257.447841      0.978  39.058044    13.9061    -1.4535      0.970    32.4075    24.2036 -9.990e-29
 257.447847      0.976  39.079696    13.8966    -1.4540      0.968    32.4355    24.2272 -9.990e-29
 257.447853      0.973  39.099620    13.8911    -1.4548      0.965    32.4586    24.2462 -9.990e-29
 257.447859      0.974  39.095667    13.8777    -1.4547      0.966    32.4663    24.2549 -9.990e-29
 257.447865      0.977  39.069320    13.8489    -1.4547      0.969    32.4662    24.2607 -9.990e-29
 257.447870      0.983  39.059445    13.8258    -1.4545      0.975    32.4766    24.2735 -9.990e-29
 257.447876      0.989  39.080366    13.8263    -1.4544      0.981    32.4956    24.2880 -9.990e-29
 257.447882      0.990  39.079877    13.8414    -1.4537      0.982    32.4824    24.2747 -9.990e-29
 257.447888      0.991  39.038864    13.8539    -1.4532      0.983    32.4338    24.2347 -9.990e-29
 257.447894      0.996  39.000172    13.8538    -1.4532      0.988    32.3981    24.2071 -9.990e-29
 257.447899      1.006  38.998538    13.8432    -1.4531      0.998    32.4055    24.2150 -9.990e-29
 257.447905      1.022  39.023419    13.8329    -1.4531      1.013    32.4372    24.2416 -9.990e-29
 257.447911      1.039  39.037983    13.8260    -1.4531      1.030    32.4566    24.2579 -9.990e-29
 257.447917      1.054  39.033665    13.8199    -1.4533      1.045    32.4577    24.2601 -9.990e-29
 257.447922      1.070  39.036676    13.8197    -1.4531      1.061    32.4607    24.2624 -9.990e-29
 257.447928      1.082  39.057787    13.8329    -1.4528      1.073    32.4690    24.2662 -9.990e-29
 257.447934      1.086  39.075872    13.8567    -1.4529      1.077    32.4657    24.2587 -9.990e-29
 257.447940      1.088  39.073052    13.8767    -1.4540      1.079    32.4461    24.2395 -9.990e-29
 257.447946      1.092  39.055692    13.8816    -1.4546      1.083    32.4259    24.2229 -9.990e-29
 257.447951      1.098  39.043828    13.8753    -1.4542      1.089    32.4203    24.2198 -9.990e-29
 257.447957      1.106  39.053617    13.8695    -1.4535      1.097    32.4342    24.2318 -9.990e-29
 257.447963      1.113  39.080774    13.8733    -1.4534      1.104    32.4561    24.2479 -9.990e-29
 257.447969      1.115  39.100468    13.8869    -1.4537      1.106    32.4629    24.2504 -9.990e-29
 257.447975      1.112  39.089120    13.9002    -1.4533      1.103    32.4411    24.2309 -9.990e-29
 257.447980      1.104  39.051805    13.9022    -1.4532      1.095    32.4049    24.2025 -9.990e-29
 257.447986      1.094  39.021175    13.8862    -1.4535      1.085    32.3901    24.1943 -9.990e-29
 257.447992      1.091  39.015818    13.8590    -1.4538      1.082    32.4081    24.2138 -9.990e-29
 257.447998      1.098  39.030308    13.8435    10.2311      1.089    32.4346    24.2374 -9.990e-29
 257.448003      1.112  39.049818    13.8508    13.1713      1.103    32.4465    24.2451 -9.990e-29
 257.448009      1.125  39.056684    13.8694    13.3842      1.116    32.4371    24.2341 -9.990e-29
 257.448015      1.133  39.047202    13.8811    11.0544      1.124    32.4185    24.2173 -9.990e-29
 257.448021      1.138  39.028938    13.8798     6.0823      1.128    32.4027    24.2053 -9.990e-29
 257.448027      1.140  39.016238    13.8759     6.3796      1.130    32.3942    24.1996 -9.990e-29
 257.448032      1.142  39.024704    13.8769     6.5714      1.132    32.4012    24.2048 -9.990e-29
 257.448038      1.149  39.042684    13.8790     6.5874      1.139    32.4161    24.2158 -9.990e-29
 257.448044      1.158  39.038714    13.8762     6.5139      1.148    32.4148    24.2154 -9.990e-29
 257.448050      1.164  39.005854    13.8648     6.4443      1.154    32.3940    24.2017 -9.990e-29
 257.448056      1.169  38.954117    13.8453     6.3787      1.159    32.3625    24.1814 -9.990e-29
 257.448061      1.172  38.900837    13.8303     6.3136      1.162    32.3259    24.1561 -9.990e-29
 257.448067      1.174  38.878101    13.8314     6.2754      1.164    32.3039    24.1389 -9.990e-29
 257.448073      1.174  38.886437    13.8404     6.2507      1.164    32.3040    24.1372 -9.990e-29
 257.448079      1.173  38.897769    13.8469     6.2336      1.163    32.3090    24.1397 -9.990e-29
 257.448084      1.171  38.904830    13.8527     6.2294      1.161    32.3107    24.1398 -9.990e-29
 257.448090      1.167  38.912589    13.8607     6.2367      1.157    32.3111    24.1385 -9.990e-29
 257.448096      1.162  38.919102    13.8674     6.2449      1.152    32.3115    24.1375 -9.990e-29
 257.448102      1.154  38.919638    13.8676     6.2644      1.144    32.3119    24.1377 -9.990e-29
 257.448108      1.144  38.911586    13.8583     6.2663      1.134    32.3122    24.1399 -9.990e-29
 257.448113      1.131  38.892651    13.8411     6.2683      1.122    32.3092    24.1410 -9.990e-29
 257.448119      1.118  38.868996    13.8273     6.2633      1.109    32.2989    24.1359 -9.990e-29
 257.448125      1.113  38.860100    13.8263     6.2407      1.104    32.2916    24.1304 -9.990e-29
 257.448131      1.116  38.870939    13.8336     6.2111      1.107    32.2954    24.1319 -9.990e-29
 257.448137      1.122  38.885742    13.8428     6.1716      1.113    32.3014    24.1347 -9.990e-29
 257.448142      1.133  38.898507    13.8520     6.1453      1.124    32.3055    24.1359 -9.990e-29
 257.448148      1.143  38.907237    13.8580     6.1414      1.133    32.3085    24.1370 -9.990e-29
 257.448154      1.151  38.907361    13.8586     6.1587      1.141    32.3081    24.1366 -9.990e-29
 257.448160      1.155  38.904121    13.8549     6.1812      1.145    32.3082    24.1375 -9.990e-29
 257.448166      1.157  38.899958    13.8490     6.1921      1.147    32.3093    24.1395 -9.990e-29
