data/oxygen options/ONMS/Olympic_Coast_National_Marine_Sanctuary_Hypoxia_Survey_CTD_Data_2004_2015/raw_data/2012/CAST_CE030_120920faedb.cnv
* Sea-Bird SBE19 Data File:
* FileName = C:\Documents and Settings\OCNMS\Desktop\2012 mooring data\Hypoxia Sampling\120920\CAST_CE030_120920.hex
* Software Version 1.25
* Temperature SN = 2997
* Conductivity SN = 2997
* System UpLoad Time = Sep 20 2012 13:53:37
** CAST_CE030_120920
* SEACAT PROFILER V3.1c SN 2997   09/20/12  13:52:10.249
# nquan = 9
# nvalues = 31                          
# units = specified
# name 0 = timeJ: Julian Days
# name 1 = prSM: Pressure, Strain Gauge [db]
# name 2 = c0mS/cm: Conductivity [mS/cm]
# name 3 = t090C: Temperature [ITS-90, deg C]
# name 4 = sbeox0ML/L: Oxygen, SBE 43 [ml/l]
# name 5 = depSM: Depth [salt water, m], lat = 47.5
# name 6 = sal00: Salinity, Practical [PSU]
# name 7 = sigma-é00: Density [sigma-theta, kg/m^3]
# name 8 = flag: flag
# span 0 = 264.567100, 264.567491       
# span 1 =      2.000,     32.000       
# span 2 =  34.900888,  38.488510       
# span 3 =     8.1057,    13.7444       
# span 4 =     1.1415,     6.4516       
# span 5 =      1.983,     31.730       
# span 6 =    32.0158,    33.4836       
# span 7 =    23.9342,    26.0642       
# span 8 = 0.0000e+00, 0.0000e+00       
# interval = decibars: 1                
# start_time = Sep 20 2012 13:31:08 [Instrument's time stamp, header]
# bad_flag = -9.990e-29
*END*
 264.567100      2.000  38.488510    13.7444     6.4516      1.983    32.0158    23.9342 0.0000e+00
 264.567125      3.000  38.385266    13.6016     6.2244      2.975    32.0391    23.9809 0.0000e+00
 264.567143      4.000  38.325964    13.4872     6.0874      3.967    32.0795    24.0351 0.0000e+00
 264.567160      5.000  38.207732    13.2633     5.7269      4.958    32.1574    24.1400 0.0000e+00
 264.567174      6.000  38.156166    13.0653     5.5357      5.950    32.2765    24.2711 0.0000e+00
 264.567187      7.000  37.992503    12.7867     5.4508      6.941    32.3594    24.3896 0.0000e+00
 264.567199      8.000  37.856586    12.6155     5.0173      7.933    32.3768    24.4362 0.0000e+00
 264.567211      9.000  37.789892    12.5188     4.2132      8.925    32.3961    24.4698 0.0000e+00
 264.567221     10.000  37.726543    12.3734     3.2732      9.916    32.4607    24.5475 0.0000e+00
 264.567232     11.000  37.532558    12.0109     2.7069     10.908    32.5889    24.7152 0.0000e+00
 264.567241     12.000  37.178199    11.3662     2.4758     11.900    32.8120    25.0063 0.0000e+00
 264.567250     13.000  36.693699    10.6207     2.3336     12.891    32.9994    25.2843 0.0000e+00
 264.567259     14.000  36.291040    10.1373     2.2716     13.883    33.0325    25.3930 0.0000e+00
 264.567267     15.000  36.082005     9.8472     2.2383     14.874    33.0855    25.4829 0.0000e+00
 264.567275     16.000  35.911198     9.5625     2.2368     15.866    33.1725    25.5976 0.0000e+00
 264.567284     17.000  35.700882     9.2679     2.1925     16.857    33.2286    25.6890 0.0000e+00
 264.567293     18.000  35.508920     9.0007     2.0614     17.849    33.2783    25.7703 0.0000e+00
 264.567301     19.000  35.332241     8.7829     1.8025     18.840    33.2976    25.8194 0.0000e+00
 264.567311     20.000  35.212982     8.6284     1.5493     19.832    33.3175    25.8587 0.0000e+00
 264.567321     21.000  35.114269     8.4810     1.3840     20.824    33.3523    25.9085 0.0000e+00
 264.567330     22.000  35.028544     8.3359     1.3086     21.815    33.3988    25.9669 0.0000e+00
 264.567341     23.000  34.969062     8.2353     1.2909     22.807    33.4307    26.0070 0.0000e+00
 264.567351     24.000  34.944682     8.1902     1.3078     23.798    33.4474    26.0268 0.0000e+00
 264.567360     25.000  34.933662     8.1655     1.2929     24.789    33.4587    26.0394 0.0000e+00
 264.567371     26.000  34.929190     8.1557     1.2491     25.781    33.4629    26.0442 0.0000e+00
 264.567380     27.000  34.924712     8.1469     1.2111     26.773    33.4661    26.0479 0.0000e+00
 264.567391     28.000  34.917688     8.1344     1.1997     27.764    33.4700    26.0529 0.0000e+00
 264.567402     29.000  34.909487     8.1199     1.1931     28.756    33.4746    26.0587 0.0000e+00
 264.567415     30.000  34.903010     8.1074     1.1744     29.748    33.4792    26.0642 0.0000e+00
 264.567431     31.000  34.900888     8.1057     1.1777     30.739    33.4781    26.0635 0.0000e+00
 264.567491     32.000  34.937906     8.1408     1.1415     31.730    33.4836    26.0627 0.0000e+00
