data/oxygen options/ONMS/Olympic_Coast_National_Marine_Sanctuary_Hypoxia_Survey_CTD_Data_2004_2015/raw_data/2012/CAST_HH042_121010faed.cnv
* Sea-Bird SBE19 Data File:
* FileName = C:\Documents and Settings\OCNMS\Desktop\2012 mooring data\RECOVERY\CAST_HH042_121010.hex
* Software Version 1.25
* Temperature SN = 2997
* Conductivity SN = 2997
* System UpLoad Time = Oct 10 2012 17:08:34
** CAST_HH042_121010
* SEACAT PROFILER V3.1c SN 2997   10/10/12  17:07:44.263
# nquan = 9                                 
# nvalues = 1296                        
# units = specified
# name 0 = timeJ: Julian Days
# name 1 = prSM: Pressure, Strain Gauge [db]
# name 2 = c0mS/cm: Conductivity [mS/cm]
# name 3 = t090C: Temperature [ITS-90, deg C]
# name 4 = sbeox0ML/L: Oxygen, SBE 43 [ml/l]
# name 5 = depSM: Depth [salt water, m], lat = 47.5
# name 6 = sal00: Salinity, Practical [PSU]
# name 7 = sigma-é00: Density [sigma-theta, kg/m^3]
# name 8 = flag: flag
# span 0 = 284.703032, 284.710527       
# span 1 =     -4.926,     36.076       
# span 2 =   0.254139,  36.479793       
# span 3 =     7.8585,    10.5892       
# span 4 =   -15.4472,    16.4789       
# span 5 =     -4.885,     35.772       
# span 6 =     0.1702,    33.4986       
# span 7 =    -0.1937,    26.1156       
# span 8 = 0.0000e+00, 0.0000e+00       
# interval = seconds: 0.5
# start_time = Oct 10 2012 16:52:22 [Instrument's time stamp, header]
# bad_flag = -9.990e-29
*END*
[from data line 961]
 284.708594     32.546  34.709061     7.8814     1.3766     32.272    33.4871    26.1035 0.0000e+00
 284.708600     32.149  34.708570     7.8817     1.3706     31.878    33.4865    26.1030 0.0000e+00
 284.708605     31.725  34.708160     7.8824     1.3684     31.458    33.4856    26.1022 0.0000e+00
 284.708611     31.277  34.707849     7.8832     1.3742     31.014    33.4847    26.1014 0.0000e+00
 284.708617     30.806  34.707415     7.8833     1.3661     30.547    33.4843    26.1011 0.0000e+00
 284.708623     30.318  34.706852     7.8825     1.3681     30.063    33.4847    26.1015 0.0000e+00
 284.708628     29.818  34.706199     7.8816     1.3659     29.567    33.4851    26.1019 0.0000e+00
 284.708634     29.318  34.705770     7.8813     1.3636     29.071    33.4852    26.1020 0.0000e+00
 284.708640     28.830  34.705805     7.8813     1.3757     28.587    33.4855    26.1022 0.0000e+00
 284.708646     28.361  34.705851     7.8815     1.3775     28.122    33.4856    26.1022 0.0000e+00
 284.708652     27.906  34.705468     7.8814     1.3846     27.671    33.4855    26.1022 0.0000e+00
 284.708657     27.459  34.704763     7.8811     1.3987     27.228    33.4852    26.1020 0.0000e+00
 284.708663     27.020  34.703975     7.8812     1.4125     26.793    33.4845    26.1014 0.0000e+00
 284.708669     26.591  34.703234     7.8820     1.4581     26.367    33.4831    26.1002 0.0000e+00
 284.708675     26.168  34.702731     7.8835     1.5304     25.948    33.4813    26.0986 0.0000e+00
 284.708681     25.744  34.702412     7.8858     1.6523     25.528    33.4790    26.0964 0.0000e+00
 284.708686     25.319  34.702472     7.8894     1.8337     25.106    33.4758    26.0934 0.0000e+00
 284.708692     24.890  34.703610     7.8966     2.0423     24.681    33.4703    26.0880 0.0000e+00
 284.708698     24.460  34.706842     7.9128     2.2505     24.254    33.4585    26.0764 0.0000e+00
 284.708704     24.033  34.715417     7.9453     2.4454     23.831    33.4367    26.0545 0.0000e+00
 284.708709     23.606  34.732427     7.9977     2.6419     23.408    33.4050    26.0220 0.0000e+00
 284.708715     23.179  34.760447     8.0730     2.8406     22.984    33.3633    25.9781 0.0000e+00
 284.708721     22.749  34.801616     8.1660     3.0463     22.558    33.3188    25.9295 0.0000e+00
 284.708727     22.320  34.850964     8.2545     3.2598     22.133    33.2875    25.8918 0.0000e+00
 284.708733     21.898  34.900425     8.3256     3.4988     21.714    33.2728    25.8696 0.0000e+00
 284.708738     21.483  34.953851     8.3950     3.7209     21.303    33.2639    25.8522 0.0000e+00
 284.708744     21.064  35.019259     8.4790     3.9153     20.887    33.2538    25.8316 0.0000e+00
 284.708750     20.637  35.080867     8.5720     4.0413     20.464    33.2313    25.7998 0.0000e+00
 284.708756     20.200  35.129588     8.6714     4.1172     20.030    33.1893    25.7517 0.0000e+00
 284.708762     19.756  35.185648     8.7777     4.2019     19.590    33.1486    25.7035 0.0000e+00
 284.708767     19.305  35.250491     8.8747     4.3102     19.143    33.1260    25.6707 0.0000e+00
 284.708773     18.846  35.305903     8.9489     4.4342     18.688    33.1148    25.6504 0.0000e+00
 284.708779     18.379  35.349107     9.0043     4.5893     18.225    33.1083    25.6367 0.0000e+00
 284.708785     17.905  35.388493     9.0560     4.7674     17.755    33.1014    25.6231 0.0000e+00
 284.708791     17.418  35.432956     9.1166     4.9665     17.272    33.0915    25.6058 0.0000e+00
 284.708796     16.918  35.484712     9.1940     5.1992     16.776    33.0735    25.5795 0.0000e+00
 284.708802     16.407  35.539456     9.2959     5.4327     16.269    33.0360    25.5339 0.0000e+00
 284.708808     15.879  35.599668     9.4124     5.6609     15.746    32.9908    25.4799 0.0000e+00
 284.708814     15.322  35.660558     9.5161     5.8579     15.194    32.9582    25.4377 0.0000e+00
 284.708819     14.750  35.721606     9.6041     5.9760     14.626    32.9402    25.4094 0.0000e+00
 284.708825     14.193  35.792591     9.6981     6.0444     14.074    32.9270    25.3837 0.0000e+00
 284.708831     13.648  35.864045     9.7953     6.0792     13.534    32.9113    25.3554 0.0000e+00
 284.708837     13.108  35.928241     9.8722     6.1215     12.998    32.9067    25.3392 0.0000e+00
 284.708843     12.575  35.986260     9.9236     6.1889     12.470    32.9191    25.3403 0.0000e+00
 284.708848     12.056  36.029830     9.9580     6.2409     11.955    32.9322    25.3448 0.0000e+00
 284.708854     11.542  36.056059     9.9818     6.2939     11.445    32.9374    25.3449 0.0000e+00
 284.708860     11.022  36.072534    10.0001     6.3265     10.930    32.9376    25.3420 0.0000e+00
 284.708866     10.498  36.085602    10.0194     6.3451     10.410    32.9335    25.3356 0.0000e+00
 284.708872      9.975  36.098747    10.0417     6.3483      9.892    32.9268    25.3266 0.0000e+00
 284.708877      9.454  36.111074    10.0605     6.3395      9.375    32.9224    25.3200 0.0000e+00
 284.708883      8.935  36.118357    10.0712     6.3462      8.860    32.9203    25.3165 0.0000e+00
 284.708889      8.411  36.123089    10.0765     6.3514      8.341    32.9205    25.3158 0.0000e+00
 284.708895      7.876  36.128842    10.0829     6.3770      7.810    32.9207    25.3149 0.0000e+00
 284.708900      7.337  36.136628    10.0962     6.4033      7.276    32.9167    25.3096 0.0000e+00
 284.708906      6.808  36.150169    10.1155     6.4241      6.751    32.9131    25.3035 0.0000e+00
 284.708912      6.293  36.166855    10.1388     6.4453      6.240    32.9090    25.2964 0.0000e+00
 284.708918      5.794  36.187710    10.1672     6.4494      5.746    32.9045    25.2881 0.0000e+00
 284.708924      5.313  36.216515    10.2003     6.4519      5.269    32.9038    25.2819 0.0000e+00
 284.708929      4.850  36.244686    10.2317     6.4805      4.809    32.9039    25.2767 0.0000e+00
 284.708935      4.401  36.263915    10.2532     6.4950      4.364    32.9040    25.2731 0.0000e+00
 284.708941      3.968  36.274697    10.2642     6.4760      3.935    32.9051    25.2721 0.0000e+00
 284.708947      3.553  36.284193    10.2715     6.4028      3.523    32.9083    25.2733 0.0000e+00
 284.708953      3.155  36.296167    10.2827     6.2856      3.129    32.9103    25.2730 0.0000e+00
 284.708958      2.779  36.308720    10.2989     7.3703      2.756    32.9085    25.2688 0.0000e+00
 284.708964      2.430  36.320724    10.3141     7.4495      2.410    32.9069    25.2650 0.0000e+00
 284.708970      2.118  36.332000    10.3226     7.2073      2.100    32.9107    25.2665 0.0000e+00
 284.708976      1.851  36.341403    10.3207     7.0946      1.836    32.9220    25.2757 0.0000e+00
 284.708981      1.631  36.338007    10.3071     6.8230      1.617    32.9311    25.2850 0.0000e+00
 284.708987      1.451  36.305581    10.2838     6.5966      1.439    32.9196    25.2800 0.0000e+00
 284.708993      1.304  36.213838    10.2536     6.4646      1.293    32.8545    25.2344 -9.990e-29
 284.708999      1.182  35.959557    10.2202     6.4083      1.172    32.6282    25.0636 -9.990e-29
 284.709005      1.080  35.228402    10.1871     6.3926      1.071    31.9211    24.5177 -9.990e-29
 284.709010      0.996  33.073004    10.1560     6.3994      0.988    29.7879    22.8603 -9.990e-29
 284.709016      0.925  26.640280    10.1274     6.4128      0.917    23.4829    17.9581 -9.990e-29
 284.709022      0.868  16.689655    10.1000     6.4214      0.861    14.0988    10.6723 -9.990e-29
 284.709028      0.824   9.743030    10.0722     6.4493      0.817     7.8814     5.8462 -9.990e-29
 284.709034      0.791   7.143702    10.0436     6.4470      0.784     5.6505     4.1139 -9.990e-29
 284.709039      0.766   5.615445    10.0149     6.4674      0.760     4.3703     3.1197 -9.990e-29
 284.709045      0.748   4.398211     9.9886     6.5379      0.742     3.3699     2.3421 -9.990e-29
 284.709051      0.736   3.573383     9.9656     6.5903      0.730     2.7037     1.8242 -9.990e-29
 284.709057      0.730   2.981122     9.9450     6.6226      0.724     2.2321     1.4576 -9.990e-29
 284.709063      0.724   2.589465     9.9266     6.6493      0.718     1.9239     1.2182 -9.990e-29
 284.709068      0.714   2.354207     9.9096     6.6772      0.708     1.7405     1.0763 -9.990e-29
 284.709074      0.703   2.301522     9.8931     6.6683      0.697     1.7001     1.0462 -9.990e-29
 284.709080      0.695   2.445977     9.8775     6.6807      0.689     1.8138     1.1366 -9.990e-29
 284.709086      0.685   2.678596     9.8636     6.6807      0.679     1.9975     1.2816 -9.990e-29
 284.709091      0.673   3.013489     9.8515     6.6843      0.667     2.2636     1.4909 -9.990e-29
 284.709097      0.666   3.432923     9.8404   -10.9341      0.660     2.5999     1.7548 -9.990e-29
 284.709103      0.665   3.586408     9.8308   -15.4426      0.659     2.7242     1.8529 -9.990e-29
 284.709109      0.664   3.330813     9.8241   -15.4472      0.658     2.5190     1.6931 -9.990e-29
 284.709115      0.663   2.920071     9.8199   -10.9524      0.657     2.1912     1.4372 -9.990e-29
 284.709120      0.663   2.553143     9.8173    -1.9428      0.657     1.9011     1.2104 -9.990e-29
 284.709126      0.664   2.262057     9.8160    -1.9435      0.658     1.6729     1.0319 -9.990e-29
 284.709132      0.665   2.040128     9.8152    -1.9438      0.659     1.5002     0.8967 -9.990e-29
 284.709138      0.666   1.876369     9.8134    -1.9439      0.660     1.3737     0.7977 -9.990e-29
 284.709144      0.669   1.745869     9.8102    -1.9440      0.663     1.2734     0.7194 -9.990e-29
 284.709149      0.672   1.634236     9.8059    -1.9444      0.666     1.1881     0.6529 -9.990e-29
 284.709155      0.677   1.543910     9.8008    -1.9450      0.671     1.1193     0.5994 -9.990e-29
 284.709161      0.682   1.475254     9.7951    -1.9454      0.676     1.0673     0.5590 -9.990e-29
 284.709167      0.685   1.418177     9.7880    -1.9455      0.679     1.0241     0.5259 -9.990e-29
 284.709172      0.682   1.361958     9.7797    -1.9452      0.676     0.9818     0.4934 -9.990e-29
 284.709178      0.676   1.305326     9.7721    -1.9455      0.670     0.9392     0.4606 -9.990e-29
 284.709184      0.671   1.256427     9.7667    -1.9458      0.665     0.9025     0.4323 -9.990e-29
 284.709190      0.668   1.223191     9.7641    -1.9463      0.662     0.8776     0.4129 -9.990e-29
 284.709196      0.665   1.204514     9.7631    -1.9467      0.659     0.8636     0.4020 -9.990e-29
 284.709201      0.663   1.189898     9.7621    -1.9466      0.657     0.8526     0.3935 -9.990e-29
 284.709207      0.661   1.167612     9.7605    -1.9467      0.655     0.8360     0.3805 -9.990e-29
 284.709213      0.660   1.134532     9.7586    -1.9468      0.654     0.8112     0.3613 -9.990e-29
 284.709219      0.659   1.099175     9.7572    -1.9472      0.653     0.7848     0.3407 -9.990e-29
 284.709225      0.658   1.075332     9.7574    -1.9472      0.653     0.7670     0.3267 -9.990e-29
 284.709230      0.657   1.066663     9.7589    -1.9474      0.652     0.7605     0.3214 -9.990e-29
 284.709236      0.657   1.057177     9.7603    -1.9477      0.652     0.7534     0.3157 -9.990e-29
 284.709242      0.656   1.030905     9.7608    -1.9477      0.651     0.7338     0.3003 -9.990e-29
 284.709248      0.656   0.992145     9.7607    -1.9479      0.651     0.7050     0.2777 -9.990e-29
 284.709253      0.656   0.954023     9.7606    -1.9481      0.651     0.6767     0.2555 -9.990e-29
 284.709259      0.655   0.926634     9.7602    -1.9483      0.650     0.6565     0.2396 -9.990e-29
 284.709265      0.655   0.911122     9.7593    -1.9483      0.650     0.6450     0.2307 -9.990e-29
 284.709271      0.655   0.899541     9.7579    -1.9484      0.650     0.6365     0.2241 -9.990e-29
 284.709277      0.655   0.886976     9.7562    -1.9485      0.650     0.6272     0.2170 -9.990e-29
 284.709282      0.655   0.874395     9.7537    -1.9485      0.650     0.6180     0.2099 -9.990e-29
 284.709288      0.655   0.864410     9.7509    -1.9485      0.650     0.6107     0.2044 -9.990e-29
 284.709294      0.654   0.858107     9.7485    -1.9487      0.649     0.6061     0.2010 -9.990e-29
 284.709300      0.654   0.853729     9.7463    -1.9488      0.649     0.6029     0.1987 -9.990e-29
 284.709306      0.654   0.848760     9.7440    -1.9489      0.649     0.5993     0.1960 -9.990e-29
 284.709311      0.654   0.842487     9.7420    -1.9489      0.649     0.5947     0.1926 -9.990e-29
 284.709317      0.654   0.835964     9.7406    -1.9490      0.649     0.5899     0.1890 -9.990e-29
 284.709323      0.653   0.830832     9.7398    -1.9492      0.648     0.5862     0.1861 -9.990e-29
 284.709329      0.653   0.827444     9.7395    -1.9493      0.648     0.5837     0.1841 -9.990e-29
 284.709334      0.652   0.823866     9.7394    -1.9493      0.647     0.5810     0.1821 -9.990e-29
 284.709340      0.651   0.819203     9.7390    -1.9483      0.646     0.5776     0.1794 -9.990e-29
 284.709346      0.650   0.814439     9.7385    -1.9474      0.645     0.5741     0.1767 -9.990e-29
 284.709352      0.649   0.809313     9.7379    -1.9463      0.644     0.5704     0.1738 -9.990e-29
 284.709358      0.647   0.801974     9.7371    -1.9463      0.642     0.5650     0.1697 -9.990e-29
 284.709363      0.645   0.792605     9.7362    -1.9465      0.640     0.5581     0.1644 -9.990e-29
 284.709369      0.646   0.784775     9.7350    -1.9464      0.641     0.5524     0.1600 -9.990e-29
 284.709375      0.655   0.781333     9.7338    -1.9463      0.650     0.5499     0.1581 -9.990e-29
 284.709381      0.664   0.781015     9.7327    -1.9459      0.658     0.5497     0.1580 -9.990e-29
 284.709387      0.666   0.781735     9.7319    -1.9456      0.660     0.5502     0.1585 -9.990e-29
 284.709392      0.663   0.788882     9.7311    -1.9452      0.657     0.5555     0.1627 -9.990e-29
 284.709398      0.662   0.820846     9.7298    -1.9454      0.656     0.5790     0.1813 -9.990e-29
 284.709404      0.660   0.889790     9.7282    -1.9455      0.654     0.6298     0.2214 -9.990e-29
 284.709410      0.659   0.979091     9.7266    -1.9461      0.653     0.6960     0.2735 -9.990e-29
 284.709416      0.658   1.054961     9.7254    -1.9468      0.653     0.7525     0.3180 -9.990e-29
 284.709421      0.658   1.096155     9.7245    -1.9471      0.653     0.7833     0.3423 -9.990e-29
 284.709427      0.657   1.112735     9.7228    -1.9476      0.652     0.7957     0.3522 -9.990e-29
 284.709433      0.657   1.127361     9.7204    -1.9481      0.652     0.8067     0.3611 -9.990e-29
 284.709439      0.656   1.152887     9.7184    -1.9486      0.651     0.8259     0.3763 -9.990e-29
 284.709444      0.656   1.190111     9.7171    -1.9490      0.651     0.8538     0.3984 -9.990e-29
 284.709450      0.656   1.228290     9.7162    -1.9494      0.651     0.8826     0.4210 -9.990e-29
 284.709456      0.656   1.252410     9.7148    -1.9496      0.651     0.9008     0.4354 -9.990e-29
 284.709462      0.656   1.254191     9.7123    -1.9498      0.651     0.9022     0.4367 -9.990e-29
 284.709468      0.657   1.236562     9.7095    -1.9503      0.652     0.8890     0.4266 -9.990e-29
 284.709473      0.657   1.205378     9.7064    -1.9507      0.652     0.8656     0.4085 -9.990e-29
 284.709479      0.657   1.167255     9.7019    -1.9512      0.652     0.8370     0.3865 -9.990e-29
 284.709485      0.658   1.131741     9.6963    -1.9512      0.653     0.8105     0.3661 -9.990e-29
 284.709491      0.659   1.104106     9.6910    -1.9512      0.653     0.7899     0.3504 -9.990e-29
 284.709497      0.660   1.081845     9.6866    -1.9514      0.654     0.7734     0.3378 -9.990e-29
 284.709502      0.661   1.060205     9.6828    -1.9519      0.655     0.7573     0.3255 -9.990e-29
 284.709508      0.663   1.038579     9.6791    -1.9519      0.657     0.7412     0.3132 -9.990e-29
