data/oxygen options/ONMS/Olympic_Coast_National_Marine_Sanctuary_Hypoxia_Survey_CTD_Data_2004_2015/raw_data/2012/CAST_MO042_120920faed.cnv
* Sea-Bird SBE19 Data File:
* FileName = C:\Documents and Settings\OCNMS\Desktop\2012 mooring data\Hypoxia Sampling\120920\CAST_MO042_120920.hex
* Software Version 1.25
* Temperature SN = 2997
* Conductivity SN = 2997
* System UpLoad Time = Sep 20 2012 13:09:42
** CAST_MO042_120920
* SEACAT PROFILER V3.1c SN 2997   09/20/12  13:08:39.755
# nquan = 9                                 
# nvalues = 984                         
# units = specified
# name 0 = timeJ: Julian Days
# name 1 = prSM: Pressure, Strain Gauge [db]
# name 2 = c0mS/cm: Conductivity [mS/cm]
# name 3 = t090C: Temperature [ITS-90, deg C]
# name 4 = sbeox0ML/L: Oxygen, SBE 43 [ml/l]
# name 5 = depSM: Depth [salt water, m], lat = 47.5
# name 6 = sal00: Salinity, Practical [PSU]
# name 7 = sigma-é00: Density [sigma-theta, kg/m^3]
# name 8 = flag: flag
# span 0 = 264.540046, 264.545735       
# span 1 =     -5.204,     42.186       
# span 2 =   0.200866,  38.932662       
# span 3 =     7.6614,    13.9923       
# span 4 =    -1.8574,    13.2333       
# span 5 =     -5.161,     41.830       
# span 6 =     0.1281,    33.6282       
# span 7 =    -0.4219,    26.2400       
# span 8 = 0.0000e+00, 0.0000e+00       
# interval = seconds: 0.5
# start_time = Sep 20 2012 12:57:40 [Instrument's time stamp, header]
# bad_flag = -9.990e-29
*END*
 264.540046     -5.204 -9.990e-29    11.9084    -1.8553     -5.161 -9.990e-29 -9.990e-29 -9.990e-29
 264.540052     -5.185   0.241588    11.9055    -1.8555     -5.142     0.1549    -0.3686 -9.990e-29
 264.540058     -5.161   0.241158    11.9020    -1.8556     -5.118     0.1546    -0.3685 -9.990e-29
 264.540064     -5.134   0.241157    11.8980    -1.8555     -5.091     0.1546    -0.3680 -9.990e-29
 264.540069     -5.106   0.241587    11.8938    -1.8556     -5.063     0.1549    -0.3673 -9.990e-29
 264.540075     -5.077   0.241914    11.8895    -1.8555     -5.035     0.1552    -0.3666 -9.990e-29
 264.540081     -5.048   0.242019    11.8854    -1.8556     -5.006     0.1552    -0.3661 -9.990e-29
 264.540087     -5.023   0.242043    11.8821    -1.8555     -4.981     0.1553    -0.3657 -9.990e-29
 264.540093     -4.999   0.242017    11.8797    -1.8556     -4.957     0.1553    -0.3654 -9.990e-29
 264.540098     -4.974   0.241907    11.8774    -1.8556     -4.933     0.1552    -0.3652 -9.990e-29
 264.540104     -4.948   0.241567    11.8750    -1.8557     -4.907     0.1550    -0.3651 -9.990e-29
 264.540110     -4.918   0.241099    11.8738    -1.8559     -4.877     0.1547    -0.3652 -9.990e-29
 264.540116     -4.888   0.240985    11.8737    -1.8560     -4.847     0.1546    -0.3653 -9.990e-29
 264.540122     -4.859   0.241073    11.8737    -1.8559     -4.819     0.1547    -0.3652 -9.990e-29
 264.540127     -4.829   0.240929    11.8738    -1.8557     -4.789     0.1546    -0.3653 -9.990e-29
 264.540133     -4.802   0.240914    11.8739    -1.8558     -4.762     0.1546    -0.3653 -9.990e-29
 264.540139     -4.778   0.241007    11.8737    -1.8558     -4.738     0.1546    -0.3652 -9.990e-29
 264.540145     -4.758   0.240779    11.8730    -1.8557     -4.718     0.1545    -0.3653 -9.990e-29
 264.540150     -4.739   0.240482    11.8720    -1.8556     -4.700     0.1543    -0.3653 -9.990e-29
 264.540156     -4.721   0.240274    11.8702    -1.8555     -4.682     0.1542    -0.3652 -9.990e-29
 264.540162     -4.702   0.239876    11.8679    -1.8555     -4.663     0.1539    -0.3652 -9.990e-29
 264.540168     -4.681   0.239313    11.8667    -1.8557     -4.642     0.1535    -0.3653 -9.990e-29
 264.540174     -4.657   0.238940    11.8674    -1.8559     -4.618     0.1533    -0.3656 -9.990e-29
 264.540179     -4.629   0.238815    11.8687    -1.8560     -4.590     0.1532    -0.3658 -9.990e-29
 264.540185     -4.593   0.238772    11.8698    -1.8561     -4.555     0.1532    -0.3659 -9.990e-29
 264.540191     -4.553   0.238754    11.8711    -1.8562     -4.515     0.1532    -0.3661 -9.990e-29
 264.540197     -4.515   0.238735    11.8727    -1.8563     -4.477     0.1531    -0.3663 -9.990e-29
 264.540203     -4.479   0.238693    11.8742    -1.8565     -4.442     0.1531    -0.3665 -9.990e-29
 264.540208     -4.445   0.238569    11.8751    -1.8565     -4.408     0.1530    -0.3667 -9.990e-29
 264.540214     -4.410   0.238199    11.8748    -1.8564     -4.373     0.1528    -0.3668 -9.990e-29
 264.540220     -4.371   0.237645    11.8729    -1.8564     -4.335     0.1524    -0.3669 -9.990e-29
 264.540226     -4.331   0.237276    11.8702    -1.8563     -4.295     0.1522    -0.3667 -9.990e-29
 264.540231     -4.295   0.237152    11.8677    -1.8561     -4.259     0.1521    -0.3665 -9.990e-29
 264.540237     -4.265   0.237111    11.8653    -1.8561     -4.229     0.1521    -0.3663 -9.990e-29
 264.540243     -4.241   0.237095    11.8628    -1.8562     -4.206     0.1521    -0.3660 -9.990e-29
 264.540249     -4.219   0.237086    11.8601    -1.8563     -4.184     0.1521    -0.3657 -9.990e-29
 264.540255     -4.199   0.237072    11.8579    -1.8564     -4.164     0.1521    -0.3654 -9.990e-29
 264.540260     -4.179   0.237033    11.8571    -1.8565     -4.144     0.1521    -0.3653 -9.990e-29
 264.540266     -4.159   0.236919    11.8576    -1.8565     -4.124     0.1520    -0.3655 -9.990e-29
 264.540272     -4.136   0.236577    11.8590    -1.8563     -4.102     0.1518    -0.3658 -9.990e-29
 264.540278     -4.110   0.236105    11.8613    -1.8564     -4.076     0.1515    -0.3663 -9.990e-29
 264.540284     -4.078   0.235982    11.8636    -1.8564     -4.044     0.1514    -0.3666 -9.990e-29
 264.540289     -4.043   0.236043    11.8644    -1.8564     -4.009     0.1514    -0.3667 -9.990e-29
 264.540295     -4.012   0.235817    11.8637    -1.8564     -3.979     0.1513    -0.3667 -9.990e-29
 264.540301     -3.986   0.235557    11.8621    -1.8564     -3.953     0.1511    -0.3667 -9.990e-29
 264.540307     -3.964   0.235469    11.8603    -1.8565     -3.931     0.1511    -0.3665 -9.990e-29
 264.540313     -3.945   0.235437    11.8591    -1.8567     -3.912     0.1510    -0.3664 -9.990e-29
 264.540318     -3.927   0.235418    11.8591    -1.8568     -3.894     0.1510    -0.3664 -9.990e-29
 264.540324     -3.910   0.235386    11.8595    -1.8569     -3.877     0.1510    -0.3665 -9.990e-29
 264.540330     -3.891   0.235302    11.8594    -1.8569     -3.859     0.1510    -0.3665 -9.990e-29
 264.540336     -3.870   0.235054    11.8594    -1.8568     -3.838     0.1508    -0.3666 -9.990e-29
 264.540341     -3.846   0.234865    11.8596    -1.8568     -3.814     0.1507    -0.3667 -9.990e-29
 264.540347     -3.822   0.235037    11.8594    -1.8569     -3.790     0.1508    -0.3666 -9.990e-29
 264.540353     -3.799   0.235245    11.8583    -1.8567     -3.767     0.1509    -0.3664 -9.990e-29
 264.540359     -3.773   0.235214    11.8564    -1.8567     -3.742     0.1509    -0.3662 -9.990e-29
 264.540365     -3.741   0.234900    11.8539    -1.8565     -3.710     0.1507    -0.3661 -9.990e-29
 264.540370     -3.710   0.234440    11.8517    -1.8562     -3.679     0.1504    -0.3660 -9.990e-29
 264.540376     -3.683   0.234329    11.8503    -1.8563     -3.652     0.1503    -0.3659 -9.990e-29
 264.540382     -3.658   0.234419    11.8501    -1.8563     -3.628     0.1504    -0.3659 -9.990e-29
 264.540388     -3.633   0.234276    11.8507    -1.8564     -3.603     0.1503    -0.3660 -9.990e-29
 264.540394     -3.606   0.234263    11.8514    -1.8562     -3.576     0.1503    -0.3661 -9.990e-29
 264.540399     -3.577   0.234364    11.8525    -1.8562     -3.547     0.1504    -0.3662 -9.990e-29
 264.540405     -3.547   0.234159    11.8547    -1.8563     -3.517     0.1502    -0.3665 -9.990e-29
 264.540411     -3.518   0.233931    11.8576    -1.8564     -3.489     0.1501    -0.3670 -9.990e-29
 264.540417     -3.490   0.233927    11.8609    -1.8564     -3.461     0.1500    -0.3674 -9.990e-29
 264.540422     -3.463   0.234144    11.8639    -1.8562     -3.434     0.1502    -0.3676 -9.990e-29
 264.540428     -3.442   0.234319    11.8651    -1.8561     -3.413     0.1503    -0.3677 -9.990e-29
 264.540434     -3.424   0.234131    11.8650    -1.8561     -3.395     0.1502    -0.3677 -9.990e-29
 264.540440     -3.409   0.233884    11.8651    -1.8560     -3.381     0.1500    -0.3679 -9.990e-29
 264.540446     -3.395   0.233802    11.8658    -1.8560     -3.367     0.1499    -0.3680 -9.990e-29
 264.540451     -3.382   0.233775    11.8661    -1.8561     -3.354     0.1499    -0.3680 -9.990e-29
 264.540457     -3.369   0.233768    11.8655    -1.8563     -3.341     0.1499    -0.3680 -9.990e-29
 264.540463     -3.355   0.233773    11.8648    -1.8563     -3.327     0.1499    -0.3679 -9.990e-29
 264.540469     -3.339   0.233796    11.8652    -1.8564     -3.311     0.1499    -0.3679 -9.990e-29
 264.540475     -3.320   0.233868    11.8670    -1.8564     -3.292     0.1500    -0.3681 -9.990e-29
 264.540480     -3.297   0.234086    11.8692    -1.8565     -3.270     0.1501    -0.3682 -9.990e-29
 264.540486     -3.268   0.234187    11.8710    -1.8564     -3.241     0.1502    -0.3684 -9.990e-29
 264.540492     -3.236   0.233753    11.8721    -1.8562     -3.209     0.1499    -0.3688 -9.990e-29
 264.540498     -3.207   0.233314    11.8720    -1.8560     -3.180     0.1496    -0.3690 -9.990e-29
 264.540503     -3.184   0.233389    11.8707    -1.8561     -3.157     0.1497    -0.3688 -9.990e-29
 264.540509     -3.166   0.233525    11.8687    -1.8562     -3.140     0.1498    -0.3685 -9.990e-29
 264.540515     -3.150   0.233353    11.8669    -1.8562     -3.124     0.1497    -0.3684 -9.990e-29
 264.540521     -3.137   0.233196    11.8653    -1.8562     -3.111     0.1496    -0.3682 -9.990e-29
 264.540527     -3.126   0.233398    11.8642    -1.8563     -3.100     0.1497    -0.3680 -9.990e-29
 264.540532     -3.114   0.233674    11.8642    -1.8562     -3.088     0.1499    -0.3679 -9.990e-29
 264.540538     -3.103   0.233842    11.8659    -1.8560     -3.077     0.1500    -0.3680 -9.990e-29
 264.540544     -3.091   0.234124    11.8688    -1.8560     -3.065     0.1501    -0.3682 -9.990e-29
 264.540550     -3.077   0.234345    11.8709    -1.8561     -3.051     0.1503    -0.3683 -9.990e-29
 264.540556     -3.061   0.234246    11.8708    -1.8562     -3.035     0.1502    -0.3683 -9.990e-29
 264.540561     -3.041   0.234247    11.8699    -1.8562     -3.016     0.1502    -0.3682 -9.990e-29
 264.540567     -3.017   0.234350    11.8692    -1.8563     -2.992     0.1503    -0.3681 -9.990e-29
 264.540573     -2.990   0.234139    11.8688    -1.8563     -2.965     0.1502    -0.3682 -9.990e-29
 264.540579     -2.965   0.233886    11.8691    -1.8564     -2.940     0.1500    -0.3683 -9.990e-29
 264.540584     -2.938   0.233810    11.8705    -1.8565     -2.914     0.1499    -0.3685 -9.990e-29
 264.540590     -2.912   0.233810    11.8723    -1.8567     -2.888     0.1499    -0.3687 -9.990e-29
 264.540596     -2.891   0.233886    11.8730    -1.8565     -2.867     0.1500    -0.3688 -9.990e-29
 264.540602     -2.873   0.234138    11.8723    -1.8564     -2.849     0.1501    -0.3686 -9.990e-29
 264.540608     -2.856   0.234348    11.8709    -1.8566     -2.832     0.1503    -0.3683 -9.990e-29
 264.540613     -2.840   0.234245    11.8693    -1.8566     -2.816     0.1502    -0.3682 -9.990e-29
 264.540619     -2.824   0.234244    11.8678    -1.8565     -2.800     0.1502    -0.3680 -9.990e-29
 264.540625     -2.806   0.234346    11.8666    -1.8563     -2.783     0.1503    -0.3678 -9.990e-29
 264.540631     -2.786   0.234133    11.8654    -1.8560     -2.763     0.1502    -0.3678 -9.990e-29
 264.540637     -2.762   0.233875    11.8640    -1.8561     -2.739     0.1500    -0.3677 -9.990e-29
 264.540642     -2.733   0.233782    11.8635    -1.8561     -2.710     0.1499    -0.3677 -9.990e-29
 264.540648     -2.701   0.233729    11.8643    -1.8562     -2.678     0.1499    -0.3679 -9.990e-29
 264.540654     -2.672   0.233646    11.8648    -1.8562     -2.650     0.1498    -0.3680 -9.990e-29
 264.540660     -2.650   0.233422    11.8644    -1.8563     -2.628     0.1497    -0.3680 -9.990e-29
 264.540666     -2.632   0.233313    11.8645    -1.8563     -2.610     0.1496    -0.3681 -9.990e-29
 264.540671     -2.618   0.233728    11.8663    -1.8561     -2.596     0.1499    -0.3681 -9.990e-29
 264.540677     -2.606   0.234112    11.8696    -1.8558     -2.584     0.1501    -0.3683 -9.990e-29
 264.540683     -2.596   0.233873    11.8726    -1.8557     -2.574     0.1500    -0.3687 -9.990e-29
 264.540689     -2.587   0.233797    11.8736    -1.8557     -2.565     0.1499    -0.3689 -9.990e-29
 264.540694     -2.579   0.234339    11.8732    -1.8556     -2.557     0.1503    -0.3686 -9.990e-29
 264.540700     -2.571   0.234561    11.8724    -1.8557     -2.550     0.1504    -0.3684 -9.990e-29
 264.540706     -2.563   0.234206    11.8716    -1.8559     -2.542     0.1502    -0.3685 -9.990e-29
 264.540712     -2.554   0.233906    11.8710    -1.8559     -2.533     0.1500    -0.3685 -9.990e-29
 264.540718     -2.543   0.233818    11.8717    -1.8560     -2.522     0.1499    -0.3687 -9.990e-29
 264.540723     -2.531   0.233822    11.8747    -1.8561     -2.510     0.1499    -0.3690 -9.990e-29
 264.540729     -2.515   0.233924    11.8788    -1.8561     -2.494     0.1500    -0.3694 -9.990e-29
 264.540735     -2.495   0.234262    11.8821    -1.8560     -2.474     0.1502    -0.3696 -9.990e-29
 264.540741     -2.475   0.234732    11.8836    -1.8558     -2.454     0.1505    -0.3696 -9.990e-29
 264.540747     -2.460   0.234854    11.8834    -1.8557     -2.439     0.1506    -0.3695 -9.990e-29
 264.540752     -2.452   0.234792    11.8822    -1.8556     -2.432     0.1505    -0.3694 -9.990e-29
 264.540758     -2.439   0.235017    11.8806    -1.8555     -2.419     0.1507    -0.3691 -9.990e-29
 264.540764     -2.422   0.235277    11.8789    -1.8555     -2.402     0.1509    -0.3688 -9.990e-29
 264.540770     -2.403   0.235363    11.8773    -1.8556     -2.383     0.1509    -0.3685 -9.990e-29
 264.540775     -2.383   0.235392    11.8763    -1.8556     -2.363     0.1509    -0.3684 -9.990e-29
 264.540781     -2.362   0.235401    11.8766    -1.8554     -2.342     0.1509    -0.3684 -9.990e-29
 264.540787     -2.345   0.235403    11.8785    -1.8552     -2.325     0.1509    -0.3686 -9.990e-29
 264.540793     -2.331   0.235403    11.8813    -1.8550     -2.312     0.1509    -0.3690 -9.990e-29
 264.540799     -2.318   0.235400    11.8840    -1.8550     -2.299     0.1509    -0.3693 -9.990e-29
 264.540804     -2.305   0.235390    11.8862    -1.8554     -2.286     0.1509    -0.3695 -9.990e-29
 264.540810     -2.292   0.235362    11.8877    -1.8557     -2.273     0.1509    -0.3697 -9.990e-29
 264.540816     -2.279   0.235279    11.8885    -1.8557     -2.260     0.1508    -0.3699 -9.990e-29
 264.540822     -2.263   0.235030    11.8889    -1.8557     -2.244     0.1507    -0.3700 -9.990e-29
 264.540828     -2.245   0.234836    11.8900    -1.8557     -2.226     0.1505    -0.3703 -9.990e-29
 264.540833     -2.226   0.234992    11.8924    -1.8557     -2.207     0.1506    -0.3705 -9.990e-29
 264.540839     -2.212   0.235155    11.8957    -1.8557     -2.194     0.1507    -0.3708 -9.990e-29
 264.540845     -2.195   0.234987    11.8979    -1.8558     -2.177     0.1506    -0.3711 -9.990e-29
 264.540851     -2.175   0.234820    11.8970    -1.8558     -2.157     0.1505    -0.3711 -9.990e-29
 264.540856     -2.156   0.234986    11.8934    -1.8558     -2.138     0.1506    -0.3706 -9.990e-29
 264.540862     -2.136   0.235153    11.8895    -1.8558     -2.118     0.1507    -0.3700 -9.990e-29
 264.540868     -2.117   0.234990    11.8873    -1.8558     -2.099     0.1506    -0.3699 -9.990e-29
 264.540874     -2.104   0.234832    11.8865    -1.8558     -2.086     0.1505    -0.3699 -9.990e-29
 264.540880     -2.094   0.235025    11.8861    -1.8556     -2.077     0.1507    -0.3697 -9.990e-29
 264.540885     -2.084   0.235270    11.8858    -1.8553     -2.067     0.1508    -0.3696 -9.990e-29
 264.540891     -2.069   0.235343    11.8854    -1.8550     -2.052     0.1509    -0.3695 -9.990e-29
 264.540897     -2.051   0.235341    11.8847    -1.8549     -2.034     0.1509    -0.3694 -9.990e-29
 264.540903     -2.034   0.235264    11.8842    -1.8547     -2.017     0.1508    -0.3694 -9.990e-29
 264.540909     -2.016   0.235007    11.8841    -1.8545     -1.999     0.1507    -0.3695 -9.990e-29
 264.540914     -1.998   0.234782    11.8843    -1.8542     -1.981     0.1505    -0.3696 -9.990e-29
 264.540920     -1.976   0.234843    11.8851    -1.8540     -1.960     0.1506    -0.3697 -9.990e-29
 264.540926     -1.951   0.234720    11.8871    -1.8540     -1.935     0.1505    -0.3700 -9.990e-29
 264.540932     -1.925   0.234249    11.8913    -1.8541     -1.909     0.1501    -0.3707 -9.990e-29
 264.540937     -1.899   0.233907    11.8971    -1.8540     -1.883     0.1499    -0.3716 -9.990e-29
 264.540943     -1.874   0.233792    11.9026    -1.8540     -1.858     0.1498    -0.3723 -9.990e-29
 264.540949     -1.851   0.233752    11.9073    -1.8542     -1.836     0.1498    -0.3728 -9.990e-29
 264.540955     -1.833   0.233734    11.9120    -1.8540     -1.818     0.1497    -0.3734 -9.990e-29
 264.540961     -1.819   0.233716    11.9168    -1.8536     -1.804     0.1497    -0.3739 -9.990e-29
 264.540966     -1.809   0.233674    11.9215    -1.8536     -1.794     0.1497    -0.3745 -9.990e-29
