data/oxygen options/ONMS/Olympic_Coast_National_Marine_Sanctuary_Hypoxia_Survey_CTD_Data_2004_2015/raw_data/2012/CAST_RR042_120920faed.cnv
* Sea-Bird SBE19 Data File:
* FileName = C:\Documents and Settings\OCNMS\Desktop\2012 mooring data\Hypoxia Sampling\120920\CAST_RR042_120920.hex
* Software Version 1.25
* Temperature SN = 2997
* Conductivity SN = 2997
* System UpLoad Time = Sep 20 2012 12:06:05
** CAST_RR042_120920
* SEACAT PROFILER V3.1c SN 2997   09/20/12  12:03:04.490
# nquan = 9                                 
# nvalues = 992                         
# units = specified
# name 0 = timeJ: Julian Days
# name 1 = prSM: Pressure, Strain Gauge [db]
# name 2 = c0mS/cm: Conductivity [mS/cm]
# name 3 = t090C: Temperature [ITS-90, deg C]
# name 4 = sbeox0ML/L: Oxygen, SBE 43 [ml/l]
# name 5 = depSM: Depth [salt water, m], lat = 47.5
# name 6 = sal00: Salinity, Practical [PSU]
# name 7 = sigma-é00: Density [sigma-theta, kg/m^3]
# name 8 = flag: flag
# span 0 = 264.473241, 264.478976       
# span 1 =     -4.989,     41.563       
# span 2 =   0.229601,  38.515666       
# span 3 =     7.6058,    13.4806       
# span 4 =    -1.8716,    13.2826       
# span 5 =     -4.947,     41.212       
# span 6 =     0.1484,    33.6209       
# span 7 =    -0.3528,    26.2478       
# span 8 = 0.0000e+00, 0.0000e+00       
# interval = seconds: 0.5
# start_time = Sep 20 2012 11:21:28 [Instrument's time stamp, header]
# bad_flag = -9.990e-29
*END*
[from data line 961]
 264.478802      9.096  38.000173    13.1100     6.4502      9.020    32.0905    24.1186 0.0000e+00
 264.478808      8.708  38.042166    13.1478     6.4606      8.635    32.0982    24.1171 0.0000e+00
 264.478814      8.332  38.104423    13.1905     6.4633      8.262    32.1207    24.1260 0.0000e+00
 264.478819      7.964  38.169184    13.2302     6.4367      7.897    32.1480    24.1393 0.0000e+00
 264.478825      7.603  38.213236    13.2663     6.4195      7.539    32.1590    24.1406 0.0000e+00
 264.478831      7.251  38.241578    13.2917     6.4017      7.190    32.1642    24.1396 0.0000e+00
 264.478837      6.907  38.281577    13.3044     6.3959      6.849    32.1910    24.1579 0.0000e+00
 264.478843      6.567  38.333920    13.3126     6.3890      6.512    32.2332    24.1888 0.0000e+00
 264.478848      6.226  38.371102    13.3170     6.3638      6.174    32.2644    24.2121 0.0000e+00
 264.478854      5.883  38.385545    13.3145     6.3417      5.834    32.2802    24.2248 0.0000e+00
 264.478860      5.544  38.386985    13.3066     6.3209      5.498    32.2884    24.2327 0.0000e+00
 264.478866      5.211  38.375665    13.2972     6.3323      5.167    32.2859    24.2326 0.0000e+00
 264.478872      4.890  38.351621    13.2912     6.3601      4.849    32.2686    24.2204 0.0000e+00
 264.478877      4.576  38.330423    13.2909     6.3744      4.538    32.2491    24.2054 0.0000e+00
 264.478883      4.264  38.334236    13.2985     6.3981      4.228    32.2464    24.2018 0.0000e+00
 264.478889      3.954  38.359178    13.3158     6.3475      3.921    32.2552    24.2051 0.0000e+00
 264.478895      3.653  38.380792    13.3382     6.2418      3.622    32.2566    24.2017 0.0000e+00
 264.478900      3.362  38.392598    13.3564     6.1484      3.334    32.2523    24.1948 0.0000e+00
 264.478906      3.081  38.405860    13.3690     6.0957      3.055    32.2542    24.1937 0.0000e+00
 264.478912      2.808  38.418097    13.3797     7.1519      2.785    32.2567    24.1935 0.0000e+00
 264.478918      2.540  38.414249    13.3840     7.0728      2.519    32.2495    24.1871 0.0000e+00
 264.478924      2.275  38.397593    13.3832 -9.990e-29      2.256    32.2347    24.1759 0.0000e+00
 264.478929      2.028  38.385707    13.3778 -9.990e-29      2.011    32.2283    24.1719 0.0000e+00
 264.478935      1.813  38.371151    13.3579 -9.990e-29      1.798    32.2316    24.1785 0.0000e+00
 264.478941      1.633  38.322194    13.3267 -9.990e-29      1.619    32.2123    24.1697 0.0000e+00
 264.478947      1.484  38.206059    13.2931 -9.990e-29      1.472    32.1320    24.1143 -9.990e-29
 264.478953      1.367  37.927291    13.2607 -9.990e-29      1.356    31.8983    23.9400 -9.990e-29
 264.478958      1.278  37.152858    13.2321 -9.990e-29      1.267    31.1981    23.4042 -9.990e-29
 264.478964      1.212  34.877071    13.2080 -9.990e-29      1.202    29.1017    21.7889 -9.990e-29
 264.478970      1.168  28.094679    13.1972 -9.990e-29      1.158    22.9251    17.0252 -9.990e-29
 264.478976      1.152  18.214496 -9.990e-29 -9.990e-29      1.142 -9.990e-29 -9.990e-29 -9.990e-29
