data/oxygen options/ONMS/Olympic_Coast_National_Marine_Sanctuary_Hypoxia_Survey_CTD_Data_2004_2015/raw_data/2012/CAST_CE065_120906faed.cnv
* Sea-Bird SBE19 Data File:
* FileName = C:\Documents and Settings\OCNMS\Desktop\2012 mooring data\Hypoxia Sampling\CAST_CE065_120906.hex
* Software Version 1.25
* Temperature SN = 2997
* Conductivity SN = 2997
* System UpLoad Time = Sep 06 2012 11:44:22
** CAST_CE065_120906
* SEACAT PROFILER V3.1c SN 2997   09/06/12  11:43:08.661
# nquan = 9                                 
# nvalues = 1059                        
# units = specified
# name 0 = timeJ: Julian Days
# name 1 = prSM: Pressure, Strain Gauge [db]
# name 2 = c0mS/cm: Conductivity [mS/cm]
# name 3 = t090C: Temperature [ITS-90, deg C]
# name 4 = sbeox0ML/L: Oxygen, SBE 43 [ml/l]
# name 5 = depSM: Depth [salt water, m], lat = 47.5
# name 6 = sal00: Salinity, Practical [PSU]
# name 7 = sigma-é00: Density [sigma-theta, kg/m^3]
# name 8 = flag: flag
# span 0 = 250.471551, 250.477674       
# span 1 =     -4.977,     66.186       
# span 2 =   0.175699,  38.971115       
# span 3 =     7.2310,    14.0247       
# span 4 =    -1.8535,    14.7690       
# span 5 =     -4.936,     65.623       
# span 6 =     0.1116,    33.8679       
# span 7 =    -0.4306,    26.4950       
# span 8 = 0.0000e+00, 0.0000e+00       
# interval = seconds: 0.5
# start_time = Sep 06 2012 11:19:02 [Instrument's time stamp, header]
# bad_flag = -9.990e-29
*END*
 250.471551     -4.977 -9.990e-29    13.3185    -1.7960     -4.936 -9.990e-29 -9.990e-29 -9.990e-29
 250.471557     -4.970   0.526548    13.3156    -1.7963     -4.929     0.3325    -0.4028 -9.990e-29
 250.471563     -4.961   0.526651    13.3126    -1.7966     -4.920     0.3325    -0.4023 -9.990e-29
 250.471568     -4.949   0.527876    13.3092    -1.7971     -4.908     0.3334    -0.4012 -9.990e-29
 250.471574     -4.934   0.528555    13.3034    -1.7977     -4.893     0.3339    -0.4001 -9.990e-29
 250.471580     -4.915   0.526846    13.2955    -1.7980     -4.874     0.3328    -0.3999 -9.990e-29
 250.471586     -4.891   0.523266    13.2878    -1.7981     -4.850     0.3305    -0.4006 -9.990e-29
 250.471591     -4.864   0.519817    13.2801    -1.7985     -4.823     0.3284    -0.4013 -9.990e-29
 250.471597     -4.837   0.517416    13.2714    -1.7990     -4.797     0.3269    -0.4013 -9.990e-29
 250.471603     -4.807   0.514528    13.2623    -1.7994     -4.767     0.3251    -0.4016 -9.990e-29
 250.471609     -4.779   0.510877    13.2533    -1.7998     -4.739     0.3227    -0.4022 -9.990e-29
 250.471615     -4.753   0.509017    13.2438    -1.8004     -4.713     0.3216    -0.4018 -9.990e-29
 250.471620     -4.728   0.510045    13.2336    -1.8010     -4.689     0.3224    -0.3999 -9.990e-29
 250.471626     -4.704   0.510658    13.2242    -1.8015     -4.665     0.3228    -0.3983 -9.990e-29
 250.471632     -4.677   0.507551    13.2166    -1.8020     -4.638     0.3209    -0.3988 -9.990e-29
 250.471638     -4.647   0.501810    13.2096    -1.8026     -4.608     0.3172    -0.4008 -9.990e-29
 250.471644     -4.612   0.496514    13.2014    -1.8031     -4.574     0.3138    -0.4024 -9.990e-29
 250.471649     -4.573   0.493684    13.1919    -1.8037     -4.535     0.3120    -0.4025 -9.990e-29
 250.471655     -4.537   0.492583    13.1818    -1.8041     -4.499     0.3114    -0.4017 -9.990e-29
 250.471661     -4.506   0.490927    13.1708    -1.8046     -4.468     0.3104    -0.4011 -9.990e-29
 250.471667     -4.477   0.487897    13.1584    -1.8050     -4.440     0.3085    -0.4009 -9.990e-29
 250.471672     -4.449   0.484144    13.1451    -1.8054     -4.412     0.3062    -0.4010 -9.990e-29
 250.471678     -4.420   0.480456    13.1319    -1.8059     -4.383     0.3039    -0.4011 -9.990e-29
 250.471684     -4.389   0.477712    13.1191    -1.8063     -4.352     0.3022    -0.4008 -9.990e-29
 250.471690     -4.353   0.476397    13.1065    -1.8068     -4.317     0.3014    -0.3997 -9.990e-29
 250.471696     -4.314   0.475603    13.0939    -1.8071     -4.278     0.3010    -0.3985 -9.990e-29
 250.471701     -4.278   0.474569    13.0817    -1.8076     -4.242     0.3004    -0.3973 -9.990e-29
 250.471707     -4.248   0.473314    13.0704    -1.8079     -4.213     0.2997    -0.3965 -9.990e-29
 250.471713     -4.222   0.471011    13.0598    -1.8081     -4.187     0.2982    -0.3962 -9.990e-29
 250.471719     -4.197   0.467092    13.0495    -1.8085     -4.162     0.2958    -0.3968 -9.990e-29
 250.471725     -4.173   0.463240    13.0393    -1.8092     -4.138     0.2933    -0.3974 -9.990e-29
 250.471730     -4.147   0.461230    13.0289    -1.8098     -4.112     0.2921    -0.3970 -9.990e-29
 250.471736     -4.118   0.460337    13.0183    -1.8104     -4.084     0.2916    -0.3961 -9.990e-29
 250.471742     -4.085   0.459678    13.0083    -1.8112     -4.051     0.2912    -0.3951 -9.990e-29
 250.471748     -4.049   0.459783    12.9990    -1.8117     -4.015     0.2914    -0.3938 -9.990e-29
 250.471753     -4.016   0.459998    12.9903    -1.8123     -3.983     0.2916    -0.3925 -9.990e-29
 250.471759     -3.990   0.458719    12.9823    -1.8128     -3.957     0.2908    -0.3921 -9.990e-29
 250.471765     -3.968   0.456202    12.9736    -1.8136     -3.935     0.2892    -0.3922 -9.990e-29
 250.471771     -3.948   0.454361    12.9623    -1.8141     -3.915     0.2881    -0.3917 -9.990e-29
 250.471777     -3.930   0.454361    12.9486    -1.8146     -3.897     0.2882    -0.3899 -9.990e-29
 250.471782     -3.912   0.455414    12.9337    -1.8151     -3.879     0.2890    -0.3874 -9.990e-29
 250.471788     -3.894   0.456486    12.9182    -1.8156     -3.862     0.2898    -0.3848 -9.990e-29
 250.471794     -3.874   0.457122    12.9024    -1.8158     -3.842     0.2903    -0.3823 -9.990e-29
 250.471800     -3.850   0.456835    12.8870    -1.8162     -3.818     0.2902    -0.3805 -9.990e-29
 250.471806     -3.822   0.456667    12.8723    -1.8167     -3.790     0.2902    -0.3786 -9.990e-29
 250.471811     -3.792   0.458367    12.8577    -1.8171     -3.760     0.2915    -0.3758 -9.990e-29
 250.471817     -3.762   0.460667    12.8432    -1.8177     -3.731     0.2931    -0.3727 -9.990e-29
 250.471823     -3.730   0.461449    12.8296    -1.8182     -3.699     0.2937    -0.3706 -9.990e-29
 250.471829     -3.698   0.461528    12.8172    -1.8187     -3.667     0.2938    -0.3689 -9.990e-29
 250.471834     -3.670   0.462439    12.8058    -1.8195     -3.639     0.2945    -0.3669 -9.990e-29
 250.471840     -3.642   0.464071    12.7957    -1.8203     -3.612     0.2957    -0.3648 -9.990e-29
 250.471846     -3.618   0.465071    12.7857    -1.8209     -3.588     0.2964    -0.3630 -9.990e-29
 250.471852     -3.600   0.466001    12.7747    -1.8210     -3.570     0.2971    -0.3610 -9.990e-29
 250.471858     -3.582   0.469534    12.7635    -1.8214     -3.552     0.2995    -0.3578 -9.990e-29
 250.471863     -3.560   0.474649    12.7522    -1.8217     -3.530     0.3029    -0.3537 -9.990e-29
 250.471869     -3.532   0.477471    12.7402    -1.8222     -3.503     0.3049    -0.3507 -9.990e-29
 250.471875     -3.500   0.477136    12.7274    -1.8225     -3.471     0.3048    -0.3492 -9.990e-29
 250.471881     -3.472   0.476291    12.7134    -1.8230     -3.443     0.3043    -0.3478 -9.990e-29
 250.471887     -3.449   0.476350    12.6978    -1.8236     -3.420     0.3045    -0.3457 -9.990e-29
 250.471892     -3.430   0.474973    12.6820    -1.8240     -3.401     0.3037    -0.3444 -9.990e-29
 250.471898     -3.414   0.471768    12.6679    -1.8246     -3.386     0.3017    -0.3442 -9.990e-29
 250.471904     -3.399   0.471626    12.6564    -1.8253     -3.371     0.3017    -0.3428 -9.990e-29
 250.471910     -3.386   0.479113    12.6469    -1.8262     -3.358     0.3067    -0.3377 -9.990e-29
 250.471916     -3.372   0.490212    12.6383    -1.8269     -3.344     0.3141    -0.3309 -9.990e-29
 250.471921     -3.358   0.495797    12.6294    -1.8272     -3.330     0.3179    -0.3268 -9.990e-29
 250.471927     -3.342   0.494282    12.6194    -1.8274     -3.314     0.3170    -0.3263 -9.990e-29
 250.471933     -3.323   0.491164    12.6081    -1.8279     -3.295     0.3150    -0.3265 -9.990e-29
 250.471939     -3.300   0.490355    12.5964    -1.8285     -3.272     0.3145    -0.3254 -9.990e-29
 250.471944     -3.277   0.490575    12.5840    -1.8293     -3.250     0.3148    -0.3237 -9.990e-29
 250.471950     -3.254   0.489155    12.5701    -1.8302     -3.227     0.3140    -0.3226 -9.990e-29
 250.471956     -3.228   0.487313    12.5547    -1.8309     -3.201     0.3129    -0.3216 -9.990e-29
 250.471962     -3.196   0.486257    12.5389    -1.8313     -3.169     0.3123    -0.3201 -9.990e-29
 250.471968     -3.165   0.483830    12.5252    -1.8320     -3.139     0.3108    -0.3196 -9.990e-29
 250.471973     -3.137   0.478806    12.5144    -1.8323     -3.111     0.3075    -0.3209 -9.990e-29
 250.471979     -3.111   0.474226    12.5045    -1.8326     -3.085     0.3046    -0.3220 -9.990e-29
 250.471985     -3.084   0.473175    12.4932    -1.8334     -3.058     0.3040    -0.3211 -9.990e-29
 250.471991     -3.059   0.473504    12.4794    -1.8340     -3.033     0.3043    -0.3191 -9.990e-29
 250.471997     -3.039   0.472150    12.4634    -1.8348     -3.014     0.3035    -0.3178 -9.990e-29
 250.472002     -3.019   0.468225    12.4465    -1.8353     -2.994     0.3010    -0.3177 -9.990e-29
 250.472008     -2.992   0.462380    12.4311    -1.8359     -2.967     0.2973    -0.3188 -9.990e-29
 250.472014     -2.962   0.458229    12.4176    -1.8365     -2.937     0.2946    -0.3192 -9.990e-29
 250.472020     -2.936   0.457232    12.4054    -1.8369     -2.912     0.2941    -0.3182 -9.990e-29
 250.472025     -2.914   0.455115    12.3937    -1.8375     -2.890     0.2927    -0.3178 -9.990e-29
 250.472031     -2.898   0.452185    12.3811    -1.8380     -2.874     0.2909    -0.3178 -9.990e-29
 250.472037     -2.884   0.455954    12.3672    -1.8384     -2.860     0.2935    -0.3141 -9.990e-29
 250.472043     -2.873   0.462982    12.3528    -1.8388     -2.849     0.2983    -0.3086 -9.990e-29
 250.472049     -2.863   0.462581    12.3385    -1.8393     -2.839     0.2981    -0.3070 -9.990e-29
 250.472054     -2.855   0.456248    12.3249    -1.8398     -2.831     0.2940    -0.3086 -9.990e-29
 250.472060     -2.847   0.449725    12.3118    -1.8402     -2.823     0.2898    -0.3104 -9.990e-29
 250.472066     -2.839   0.444635    12.2995    -1.8407     -2.815     0.2865    -0.3115 -9.990e-29
 250.472072     -2.827   0.440649    12.2882    -1.8414     -2.803     0.2839    -0.3121 -9.990e-29
 250.472078     -2.804   0.436702    12.2768    -1.8418     -2.781     0.2814    -0.3128 -9.990e-29
 250.472083     -2.779   0.432886    12.2647    -1.8426     -2.756     0.2789    -0.3133 -9.990e-29
 250.472089     -2.759   0.430578    12.2524    -1.8432     -2.736     0.2775    -0.3129 -9.990e-29
 250.472095     -2.737   0.433716    12.2400    -1.8439     -2.714     0.2797    -0.3098 -9.990e-29
 250.472101     -2.712   0.443556    12.2269    -1.8443     -2.689     0.2863    -0.3030 -9.990e-29
 250.472106     -2.692   0.454820    12.2130    -1.8447     -2.670     0.2939    -0.2955 -9.990e-29
 250.472112     -2.679   0.465230    12.1990    -1.8451     -2.657     0.3009    -0.2883 -9.990e-29
 250.472118     -2.673   0.478556    12.1853    -1.8456     -2.651     0.3100    -0.2797 -9.990e-29
 250.472124     -2.669   0.492505    12.1717    -1.8460     -2.647     0.3194    -0.2707 -9.990e-29
 250.472130     -2.657   0.499532    12.1585    -1.8465     -2.635     0.3242    -0.2654 -9.990e-29
 250.472135     -2.638   0.500555    12.1450    -1.8469     -2.616     0.3250    -0.2632 -9.990e-29
 250.472141     -2.618   0.498434    12.1304    -1.8473     -2.596     0.3237    -0.2625 -9.990e-29
 250.472147     -2.601   0.494051    12.1159    -1.8478     -2.579     0.3209    -0.2630 -9.990e-29
 250.472153     -2.586   0.494121    12.1031    -1.8479     -2.564     0.3210    -0.2614 -9.990e-29
 250.472159     -2.571   0.500239    12.0919    -1.8484     -2.550     0.3252    -0.2568 -9.990e-29
 250.472164     -2.555   0.506029    12.0818    -1.8490     -2.534     0.3292    -0.2525 -9.990e-29
 250.472170     -2.538   0.507997    12.0719    -1.8495     -2.517     0.3306    -0.2503 -9.990e-29
 250.472176     -2.519   0.506953    12.0616    -1.8502     -2.498     0.3300    -0.2496 -9.990e-29
 250.472182     -2.496   0.505777    12.0514    -1.8505     -2.475     0.3293    -0.2489 -9.990e-29
 250.472187     -2.473   0.506069    12.0426    -1.8506     -2.452     0.3296    -0.2477 -9.990e-29
 250.472193     -2.451   0.505855    12.0350    -1.8509     -2.431     0.3295    -0.2469 -9.990e-29
 250.472199     -2.429   0.500828    12.0272    -1.8513     -2.409     0.3262    -0.2486 -9.990e-29
 250.472205     -2.412   0.491330    12.0185    -1.8516     -2.392     0.3199    -0.2525 -9.990e-29
 250.472211     -2.396   0.485021    12.0087    -1.8516     -2.376     0.3157    -0.2546 -9.990e-29
 250.472216     -2.377   0.483853    11.9981    -1.8517     -2.357     0.3150    -0.2540 -9.990e-29
 250.472222     -2.359   0.481150    11.9876    -1.8519     -2.339     0.3133    -0.2541 -9.990e-29
 250.472228     -2.344   0.473719    11.9777    -1.8519     -2.324     0.3084    -0.2568 -9.990e-29
 250.472234     -2.331   0.462025    11.9686    -1.8519     -2.312     0.3006    -0.2619 -9.990e-29
 250.472240     -2.319   0.453030    11.9610    -1.8517     -2.300     0.2946    -0.2657 -9.990e-29
 250.472245     -2.308   0.456186    11.9547    -1.8516     -2.289     0.2968    -0.2633 -9.990e-29
 250.472251     -2.298   0.464499    11.9490    -1.8516     -2.279     0.3024    -0.2582 -9.990e-29
 250.472257     -2.286   0.465674    11.9443    -1.8515     -2.267     0.3032    -0.2570 -9.990e-29
 250.472263     -2.274   0.461146    11.9415    -1.8516     -2.255     0.3002    -0.2591 -9.990e-29
 250.472269     -2.259   0.456372    11.9401    -1.8515     -2.240     0.2970    -0.2614 -9.990e-29
 250.472274     -2.240   0.451613    11.9398    -1.8513     -2.221     0.2938    -0.2639 -9.990e-29
 250.472280     -2.222   0.445725    11.9408    -1.8513     -2.203     0.2898    -0.2671 -9.990e-29
 250.472286     -2.208   0.437280    11.9426    -1.8512     -2.190     0.2842    -0.2717 -9.990e-29
 250.472292     -2.191   0.426486    11.9450    -1.8511     -2.173     0.2769    -0.2777 -9.990e-29
 250.472297     -2.166   0.418837    11.9480    -1.8509     -2.148     0.2718    -0.2820 -9.990e-29
 250.472303     -2.137   0.416326    11.9510    -1.8508     -2.119     0.2701    -0.2837 -9.990e-29
 250.472309     -2.110   0.413404    11.9530    -1.8506     -2.092     0.2681    -0.2854 -9.990e-29
 250.472315     -2.088   0.408400    11.9540    -1.8504     -2.071     0.2648    -0.2882 -9.990e-29
 250.472321     -2.068   0.404069    11.9551    -1.8503     -2.051     0.2619    -0.2906 -9.990e-29
 250.472326     -2.051   0.401844    11.9570    -1.8500     -2.034     0.2604    -0.2920 -9.990e-29
 250.472332     -2.034   0.402645    11.9591    -1.8496     -2.017     0.2609    -0.2918 -9.990e-29
 250.472338     -2.021   0.405893    11.9614    -1.8496     -2.004     0.2630    -0.2904 -9.990e-29
 250.472344     -2.016   0.408182    11.9641    -1.8497     -1.999     0.2646    -0.2895 -9.990e-29
 250.472350     -2.014   0.407595    11.9675    -1.8498     -1.997     0.2641    -0.2902 -9.990e-29
 250.472355     -2.010   0.406130    11.9717    -1.8493     -1.993     0.2631    -0.2915 -9.990e-29
 250.472361     -2.005   0.404061    11.9766    -1.8490     -1.988     0.2617    -0.2931 -9.990e-29
 250.472367     -1.997   0.400303    11.9817    -1.8493     -1.980     0.2592    -0.2957 -9.990e-29
 250.472373     -1.987   0.396502    11.9866    -1.8495     -1.970     0.2566    -0.2983 -9.990e-29
 250.472378     -1.973   0.393138    11.9914    -1.8497     -1.957     0.2543    -0.3006 -9.990e-29
 250.472384     -1.956   0.390721    11.9959    -1.8497     -1.940     0.2527    -0.3024 -9.990e-29
 250.472390     -1.937   0.392682    11.9997    -1.8498     -1.921     0.2540    -0.3018 -9.990e-29
 250.472396     -1.921   0.394455    12.0028    -1.8500     -1.905     0.2551    -0.3013 -9.990e-29
 250.472402     -1.905   0.386790    12.0052    -1.8499     -1.889     0.2500    -0.3056 -9.990e-29
 250.472407     -1.890   0.374426    12.0069    -1.8498     -1.874     0.2418    -0.3122 -9.990e-29
 250.472413     -1.874   0.374105    12.0073    -1.8497     -1.858     0.2416    -0.3124 -9.990e-29
 250.472419     -1.860   0.389288    12.0060    -1.8497     -1.844     0.2517    -0.3044 -9.990e-29
 250.472425     -1.848   0.402036    12.0042    -1.8496     -1.833     0.2602    -0.2975 -9.990e-29
 250.472431     -1.832   0.401679    12.0031    -1.8496     -1.817     0.2600    -0.2976 -9.990e-29
 250.472436     -1.817   0.393290    12.0027    -1.8501     -1.802     0.2544    -0.3019 -9.990e-29
 250.472442     -1.804   0.382859    12.0027    -1.8502     -1.789     0.2474    -0.3073 -9.990e-29
 250.472448     -1.793   0.372542    12.0035    -1.8502     -1.778     0.2406    -0.3128 -9.990e-29
 250.472454     -1.784   0.360777    12.0051    -1.8503     -1.769     0.2328    -0.3191 -9.990e-29
 250.472459     -1.776   0.348494    12.0069    -1.8507     -1.761     0.2246    -0.3256 -9.990e-29
 250.472465     -1.768   0.341472    12.0088    -1.8509     -1.753     0.2200    -0.3295 -9.990e-29
 250.472471     -1.760   0.340324    12.0104    -1.8510     -1.745     0.2192    -0.3303 -9.990e-29
