data/oxygen options/ONMS/Olympic_Coast_National_Marine_Sanctuary_Hypoxia_Survey_CTD_Data_2004_2015/raw_data/2012/CAST_MO042_120920faed.cnv
* Sea-Bird SBE19 Data File:
* FileName = C:\Documents and Settings\OCNMS\Desktop\2012 mooring data\Hypoxia Sampling\120920\CAST_MO042_120920.hex
* Software Version 1.25
* Temperature SN = 2997
* Conductivity SN = 2997
* System UpLoad Time = Sep 20 2012 13:09:42
** CAST_MO042_120920
* SEACAT PROFILER V3.1c SN 2997   09/20/12  13:08:39.755
# nquan = 9                                 
# nvalues = 984                         
# units = specified
# name 0 = timeJ: Julian Days
# name 1 = prSM: Pressure, Strain Gauge [db]
# name 2 = c0mS/cm: Conductivity [mS/cm]
# name 3 = t090C: Temperature [ITS-90, deg C]
# name 4 = sbeox0ML/L: Oxygen, SBE 43 [ml/l]
# name 5 = depSM: Depth [salt water, m], lat = 47.5
# name 6 = sal00: Salinity, Practical [PSU]
# name 7 = sigma-é00: Density [sigma-theta, kg/m^3]
# name 8 = flag: flag
# span 0 = 264.540046, 264.545735       
# span 1 =     -5.204,     42.186       
# span 2 =   0.200866,  38.932662       
# span 3 =     7.6614,    13.9923       
# span 4 =    -1.8574,    13.2333       
# span 5 =     -5.161,     41.830       
# span 6 =     0.1281,    33.6282       
# span 7 =    -0.4219,    26.2400       
# span 8 = 0.0000e+00, 0.0000e+00       
# interval = seconds: 0.5
# start_time = Sep 20 2012 12:57:40 [Instrument's time stamp, header]
# bad_flag = -9.990e-29
*END*
[from data line 161]
 264.540978     -1.795   0.233180    11.9267    -1.8545     -1.780     0.1493    -0.3754 -9.990e-29
 264.540984     -1.791   0.232626    11.9272    -1.8550     -1.776     0.1490    -0.3757 -9.990e-29
 264.540990     -1.788   0.232256    11.9277    -1.8552     -1.773     0.1487    -0.3760 -9.990e-29
 264.540995     -1.787   0.232132    11.9275    -1.8554     -1.772     0.1486    -0.3760 -9.990e-29
 264.541001     -1.786   0.232087    11.9273    -1.8556     -1.771     0.1486    -0.3760 -9.990e-29
 264.541007     -1.787   0.232062    11.9295    -1.8557     -1.772     0.1486    -0.3763 -9.990e-29
 264.541013     -1.788   0.232025    11.9325    -1.8560     -1.773     0.1485    -0.3766 -9.990e-29
 264.541019     -1.791   0.231928    11.9316    -1.8562     -1.776     0.1485    -0.3766 -9.990e-29
 264.541024     -1.796   0.231642    11.9256    -1.8564     -1.781     0.1483    -0.3760 -9.990e-29
 264.541030     -1.798   0.231337    11.9169    -1.8563     -1.783     0.1482    -0.3752 -9.990e-29
 264.541036     -1.793   0.231161    11.9084    -1.8564     -1.778     0.1481    -0.3743 -9.990e-29
 264.541042     -1.785   0.230880    11.9015    -1.8566     -1.770     0.1479    -0.3736 -9.990e-29
 264.541047     -1.778   0.230674    11.8959    -1.8565     -1.763     0.1478    -0.3731 -9.990e-29
 264.541053     -1.772   0.230824    11.8913    -1.8565     -1.757     0.1479    -0.3725 -9.990e-29
 264.541059     -1.766   0.230976    11.8872    -1.8566     -1.751     0.1480    -0.3719 -9.990e-29
 264.541065     -1.760   0.230779    11.8828    -1.8568     -1.745     0.1479    -0.3715 -9.990e-29
 264.541071     -1.754   0.230524    11.8786    -1.8568     -1.739     0.1478    -0.3711 -9.990e-29
 264.541076     -1.746   0.230426    11.8754    -1.8567     -1.731     0.1477    -0.3708 -9.990e-29
 264.541082     -1.737   0.230353    11.8734    -1.8565     -1.723     0.1477    -0.3706 -9.990e-29
 264.541088     -1.725   0.230211    11.8717    -1.8563     -1.711     0.1476    -0.3705 -9.990e-29
 264.541094     -1.711   0.229811    11.8705    -1.8561     -1.697     0.1473    -0.3706 -9.990e-29
 264.541100     -1.698   0.229173    11.8700    -1.8562     -1.684     0.1469    -0.3708 -9.990e-29
 264.541105     -1.689   0.228553    11.8694    -1.8563     -1.675     0.1465    -0.3711 -9.990e-29
 264.541111     -1.678   0.228232    11.8681    -1.8563     -1.664     0.1463    -0.3711 -9.990e-29
 264.541117     -1.662   0.228338    11.8667    -1.8564     -1.648     0.1464    -0.3709 -9.990e-29
 264.541123     -1.644   0.228456    11.8662    -1.8565     -1.630     0.1465    -0.3708 -9.990e-29
 264.541128     -1.630   0.228191    11.8674    -1.8565     -1.616     0.1463    -0.3710 -9.990e-29
 264.541134     -1.620   0.227744    11.8707    -1.8566     -1.606     0.1460    -0.3716 -9.990e-29
 264.541140     -1.606   0.227626    11.8747    -1.8567     -1.593     0.1459    -0.3722 -9.990e-29
 264.541146     -1.585   0.227680    11.8772    -1.8567     -1.572     0.1459    -0.3724 -9.990e-29
 264.541152     -1.565   0.227426    11.8774    -1.8567     -1.552     0.1458    -0.3726 -9.990e-29
 264.541157     -1.549   0.227080    11.8766    -1.8566     -1.536     0.1455    -0.3727 -9.990e-29
 264.541163     -1.537   0.226734    11.8756    -1.8566     -1.524     0.1453    -0.3727 -9.990e-29
 264.541169     -1.526   0.226479    11.8743    -1.8567     -1.513     0.1451    -0.3727 -9.990e-29
 264.541175     -1.518   0.226530    11.8727    -1.8568     -1.505     0.1452    -0.3725 -9.990e-29
 264.541181     -1.510   0.226403    11.8713    -1.8568     -1.497     0.1451    -0.3724 -9.990e-29
 264.541186     -1.504   0.225930    11.8700    -1.8568     -1.491     0.1448    -0.3725 -9.990e-29
 264.541192     -1.497   0.225587    11.8688    -1.8568     -1.485     0.1446    -0.3725 -9.990e-29
 264.541198     -1.491   0.225468    11.8682    -1.8568     -1.479     0.1445    -0.3725 -9.990e-29
 264.541204     -1.483   0.225416    11.8686    -1.8567     -1.471     0.1445    -0.3726 -9.990e-29
 264.541209     -1.475   0.225365    11.8692    -1.8566     -1.463     0.1444    -0.3727 -9.990e-29
 264.541215     -1.465   0.225247    11.8690    -1.8567     -1.453     0.1444    -0.3727 -9.990e-29
 264.541221     -1.453   0.224903    11.8679    -1.8568     -1.441     0.1441    -0.3728 -9.990e-29
 264.541227     -1.438   0.224430    11.8668    -1.8567     -1.426     0.1438    -0.3729 -9.990e-29
 264.541233     -1.423   0.224304    11.8662    -1.8566     -1.411     0.1438    -0.3729 -9.990e-29
 264.541238     -1.412   0.224357    11.8661    -1.8565     -1.400     0.1438    -0.3728 -9.990e-29
 264.541244     -1.399   0.224107    11.8664    -1.8563     -1.387     0.1436    -0.3730 -9.990e-29
 264.541250     -1.384   0.223774    11.8669    -1.8561     -1.372     0.1434    -0.3732 -9.990e-29
 264.541256     -1.375   0.223468    11.8676    -1.8556     -1.364     0.1432    -0.3735 -9.990e-29
 264.541262     -1.371   0.223335    11.8681    -1.8553     -1.360     0.1431    -0.3736 -9.990e-29
 264.541267     -1.363   0.223752    11.8683    -1.8552     -1.352     0.1434    -0.3734 -9.990e-29
 264.541273     -1.346   0.224168    11.8689    -1.8552     -1.335     0.1437    -0.3733 -9.990e-29
 264.541279     -1.323   0.224032    11.8705    -1.8550     -1.312     0.1436    -0.3735 -9.990e-29
 264.541285     -1.302   0.223717    11.8728    -1.8546     -1.291     0.1434    -0.3739 -9.990e-29
 264.541291     -1.286   0.223356    11.8758    -1.8544     -1.275     0.1431    -0.3745 -9.990e-29
 264.541296     -1.273   0.223023    11.8800    -1.8544     -1.262     0.1429    -0.3751 -9.990e-29
 264.541302     -1.263   0.222827    11.8862    -1.8544     -1.252     0.1427    -0.3759 -9.990e-29
 264.541308     -1.256   0.222507    11.8935    -1.8545     -1.246     0.1425    -0.3769 -9.990e-29
 264.541314     -1.250   0.222190    11.8998    -1.8545     -1.240     0.1423    -0.3778 -9.990e-29
 264.541319     -1.245   0.222008    11.9039    -1.8545     -1.235     0.1421    -0.3784 -9.990e-29
 264.541325     -1.241   0.221717    11.9073    -1.8545     -1.231     0.1419    -0.3789 -9.990e-29
 264.541331     -1.238   0.221483    11.9119    -1.8544     -1.228     0.1418    -0.3796 -9.990e-29
 264.541337     -1.235   0.221550    11.9172    -1.8543     -1.225     0.1418    -0.3802 -9.990e-29
 264.541343     -1.232   0.221452    11.9211    -1.8543     -1.222     0.1417    -0.3807 -9.990e-29
 264.541348     -1.230   0.221062    11.9227    -1.8544     -1.220     0.1415    -0.3811 -9.990e-29
 264.541354     -1.228   0.220965    11.9227    -1.8545     -1.218     0.1414    -0.3811 -9.990e-29
 264.541360     -1.225   0.221035    11.9223    -1.8545     -1.215     0.1414    -0.3810 -9.990e-29
 264.541366     -1.223   0.220812    11.9218    -1.8543     -1.213     0.1413    -0.3811 -9.990e-29
 264.541372     -1.219   0.220552    11.9213    -1.8544     -1.209     0.1411    -0.3812 -9.990e-29
 264.541377     -1.216   0.220461    11.9217    -1.8543     -1.206     0.1411    -0.3813 -9.990e-29
 264.541383     -1.211   0.220418    11.9230    -1.8546     -1.201     0.1410    -0.3814 -9.990e-29
 264.541389     -1.205   0.220367    11.9243    -1.8547     -1.195     0.1410    -0.3816 -9.990e-29
 264.541395     -1.197   0.220241    11.9248    -1.8547     -1.187     0.1409    -0.3817 -9.990e-29
 264.541400     -1.187   0.219870    11.9241    -1.8550     -1.177     0.1407    -0.3818 -9.990e-29
 264.541406     -1.175   0.219314    11.9233    -1.8552     -1.165     0.1403    -0.3820 -9.990e-29
 264.541412     -1.159   0.218940    11.9235    -1.8554     -1.149     0.1401    -0.3822 -9.990e-29
 264.541418     -1.142   0.218803    11.9243    -1.8556     -1.132     0.1400    -0.3824 -9.990e-29
 264.541424     -1.129   0.218721    11.9245    -1.8558     -1.120     0.1399    -0.3825 -9.990e-29
 264.541429     -1.118   0.218584    11.9234    -1.8560     -1.109     0.1399    -0.3824 -9.990e-29
 264.541435     -1.108   0.218210    11.9212    -1.8562     -1.099     0.1396    -0.3823 -9.990e-29
 264.541441     -1.099   0.217655    11.9185    -1.8563     -1.090     0.1393    -0.3823 -9.990e-29
 264.541447     -1.094   0.217285    11.9153    -1.8562     -1.085     0.1390    -0.3821 -9.990e-29
 264.541453     -1.094   0.217161    11.9110    -1.8563     -1.085     0.1390    -0.3817 -9.990e-29
 264.541458     -1.093   0.217120    11.9062    -1.8563     -1.084     0.1390    -0.3812 -9.990e-29
 264.541464     -1.093   0.217106    11.9015    -1.8562     -1.084     0.1390    -0.3806 -9.990e-29
 264.541470     -1.088   0.217100    11.8970    -1.8562     -1.079     0.1390    -0.3801 -9.990e-29
 264.541476     -1.078   0.217095    11.8925    -1.8563     -1.069     0.1390    -0.3796 -9.990e-29
 264.541481     -1.067   0.217083    11.8883    -1.8564     -1.058     0.1390    -0.3791 -9.990e-29
 264.541487     -1.054   0.217046    11.8849    -1.8563     -1.045     0.1390    -0.3787 -9.990e-29
 264.541493     -1.042   0.216933    11.8826    -1.8563     -1.033     0.1389    -0.3785 -9.990e-29
 264.541499     -1.036   0.216593    11.8816    -1.8565     -1.027     0.1387    -0.3786 -9.990e-29
 264.541505     -1.030   0.216122    11.8815    -1.8566     -1.021     0.1384    -0.3788 -9.990e-29
 264.541510     -1.020   0.216000    11.8820    -1.8568     -1.011     0.1383    -0.3789 -9.990e-29
 264.541516     -1.010   0.216061    11.8824    -1.8567     -1.002     0.1384    -0.3789 -9.990e-29
 264.541522     -1.003   0.215834    11.8821    -1.8568     -0.995     0.1382    -0.3790 -9.990e-29
 264.541528     -0.998   0.215566    11.8811    -1.8569     -0.990     0.1380    -0.3790 -9.990e-29
 264.541534     -0.996   0.215451    11.8804    -1.8569     -0.988     0.1380    -0.3790 -9.990e-29
 264.541539     -0.995   0.215337    11.8801    -1.8570     -0.987     0.1379    -0.3790 -9.990e-29
 264.541545     -0.997   0.215070    11.8790    -1.8569     -0.989     0.1377    -0.3790 -9.990e-29
 264.541551     -0.997   0.214845    11.8769    -1.8570     -0.989     0.1376    -0.3789 -9.990e-29
 264.541557     -0.991   0.214916    11.8744    -1.8571     -0.983     0.1376    -0.3786 -9.990e-29
 264.541563     -0.983   0.214821    11.8723    -1.8571     -0.975     0.1376    -0.3784 -9.990e-29
 264.541568     -0.975   0.214433    11.8710    -1.8571     -0.967     0.1373    -0.3784 -9.990e-29
 264.541574     -0.969   0.214340    11.8700    -1.8572     -0.961     0.1373    -0.3784 -9.990e-29
 264.541580     -0.963   0.214416    11.8689    -1.8571     -0.955     0.1373    -0.3782 -9.990e-29
 264.541586     -0.958   0.214206    11.8679    -1.8571     -0.950     0.1372    -0.3782 -9.990e-29
 264.541591     -0.952   0.213985    11.8670    -1.8570     -0.944     0.1371    -0.3782 -9.990e-29
 264.541597     -0.945   0.214009    11.8660    -1.8570     -0.937     0.1371    -0.3781 -9.990e-29
 264.541603     -0.938   0.214310    11.8650    -1.8569     -0.930     0.1373    -0.3778 -9.990e-29
 264.541609     -0.929   0.214732    11.8640    -1.8570     -0.921     0.1375    -0.3775 -9.990e-29
 264.541615     -0.922   0.214730    11.8634    -1.8570     -0.914     0.1376    -0.3774 -9.990e-29
 264.541620     -0.921   0.214299    11.8630    -1.8568     -0.913     0.1373    -0.3776 -9.990e-29
 264.541626     -0.922   0.213970    11.8627    -1.8566     -0.914     0.1371    -0.3777 -9.990e-29
 264.541632     -0.921   0.213857    11.8630    -1.8567     -0.913     0.1370    -0.3778 -9.990e-29
 264.541638     -0.917   0.213808    11.8639    -1.8567     -0.909     0.1370    -0.3779 -9.990e-29
 264.541644     -0.911   0.213756    11.8650    -1.8566     -0.903     0.1369    -0.3781 -9.990e-29
 264.541649     -0.901   0.213631    11.8662    -1.8565     -0.893     0.1368    -0.3783 -9.990e-29
 264.541655     -0.887   0.213266    11.8670    -1.8565     -0.880     0.1366    -0.3786 -9.990e-29
 264.541661     -0.873   0.212726    11.8672    -1.8566     -0.866     0.1362    -0.3789 -9.990e-29
 264.541667     -0.862   0.212394    11.8682    -1.8565     -0.855     0.1360    -0.3792 -9.990e-29
 264.541672     -0.849   0.212381    11.8708    -1.8566     -0.842     0.1360    -0.3795 -9.990e-29
 264.541678     -0.833   0.212669    11.8731    -1.8565     -0.826     0.1362    -0.3796 -9.990e-29
 264.541684     -0.817   0.213087    11.8741    -1.8566     -0.810     0.1364    -0.3795 -9.990e-29
 264.541690     -0.801   0.213083    11.8749    -1.8566     -0.794     0.1364    -0.3796 -9.990e-29
 264.541696     -0.787   0.212652    11.8759    -1.8568     -0.780     0.1362    -0.3799 -9.990e-29
 264.541701     -0.779   0.212325    11.8767    -1.8568     -0.773     0.1359    -0.3802 -9.990e-29
 264.541707     -0.773   0.212216    11.8771    -1.8567     -0.767     0.1359    -0.3803 -9.990e-29
 264.541713     -0.763   0.212181    11.8772    -1.8566     -0.757     0.1359    -0.3803 -9.990e-29
 264.541719     -0.754   0.212170    11.8770    -1.8568     -0.748     0.1358    -0.3803 -9.990e-29
 264.541725     -0.748   0.212167    11.8767    -1.8569     -0.742     0.1358    -0.3802 -9.990e-29
 264.541730     -0.746   0.212165    11.8765    -1.8569     -0.740     0.1358    -0.3802 -9.990e-29
 264.541736     -0.743   0.212161    11.8761    -1.8569     -0.737     0.1358    -0.3802 -9.990e-29
 264.541742     -0.735   0.212148    11.8749    -1.8569     -0.729     0.1358    -0.3800 -9.990e-29
 264.541748     -0.726   0.212108    11.8735    -1.8566     -0.720     0.1358    -0.3799 -9.990e-29
 264.541753     -0.718   0.211986    11.8732    -1.8564     -0.712     0.1357    -0.3799 -9.990e-29
 264.541759     -0.712   0.211618    11.8738    -1.8563     -0.706     0.1355    -0.3802 -9.990e-29
 264.541765     -0.708   0.211066    11.8740    -1.8562     -0.702     0.1351    -0.3805 -9.990e-29
 264.541771     -0.704   0.210698    11.8730    -1.8562     -0.698     0.1349    -0.3806 -9.990e-29
 264.541777     -0.702   0.210577    11.8717    -1.8564     -0.696     0.1348    -0.3805 -9.990e-29
 264.541782     -0.699   0.210537    11.8711    -1.8565     -0.693     0.1348    -0.3804 -9.990e-29
 264.541788     -0.698   0.210524    11.8715    -1.8566     -0.692     0.1348    -0.3805 -9.990e-29
 264.541794     -0.696   0.210521    11.8732    -1.8566     -0.690     0.1348    -0.3807 -9.990e-29
 264.541800     -0.695   0.210520    11.8766    -1.8568     -0.689     0.1348    -0.3811 -9.990e-29
 264.541806     -0.694   0.210520    11.8803    -1.8569     -0.688     0.1348    -0.3815 -9.990e-29
 264.541811     -0.694   0.210520    11.8830    -1.8569     -0.688     0.1348    -0.3818 -9.990e-29
 264.541817     -0.693   0.210520    11.8842    -1.8569     -0.687     0.1348    -0.3819 -9.990e-29
 264.541823     -0.693   0.210518    11.8837    -1.8570     -0.687     0.1348    -0.3819 -9.990e-29
 264.541829     -0.693   0.210510    11.8819    -1.8570     -0.687     0.1348    -0.3817 -9.990e-29
 264.541834     -0.692   0.210483    11.8799    -1.8571     -0.686     0.1347    -0.3815 -9.990e-29
 264.541840     -0.692   0.210401    11.8780    -1.8570     -0.686     0.1347    -0.3813 -9.990e-29
 264.541846     -0.691   0.210153    11.8760    -1.8569     -0.685     0.1345    -0.3812 -9.990e-29
 264.541852     -0.691   0.209960    11.8736    -1.8568     -0.685     0.1344    -0.3810 -9.990e-29
 264.541858     -0.690   0.210114    11.8716    -1.8566     -0.684     0.1345    -0.3807 -9.990e-29
 264.541863     -0.690   0.210266    11.8703    -1.8565     -0.684     0.1346    -0.3805 -9.990e-29
 264.541869     -0.689   0.210065    11.8691    -1.8566     -0.683     0.1345    -0.3804 -9.990e-29
 264.541875     -0.688   0.209795    11.8678    -1.8568     -0.682     0.1343    -0.3804 -9.990e-29
 264.541881     -0.687   0.209648    11.8671    -1.8569     -0.681     0.1342    -0.3804 -9.990e-29
 264.541887     -0.686   0.209427    11.8672    -1.8571     -0.680     0.1341    -0.3805 -9.990e-29
 264.541892     -0.684   0.209388    11.8684    -1.8569     -0.678     0.1341    -0.3807 -9.990e-29
