data/oxygen options/ONMS/Olympic_Coast_National_Marine_Sanctuary_Hypoxia_Survey_CTD_Data_2004_2015/raw_data/2012/CAST_HH065_120920faed.cnv
* Sea-Bird SBE19 Data File:
* FileName = C:\Documents and Settings\OCNMS\Desktop\2012 mooring data\Hypoxia Sampling\120920\CAST_HH065_120920.hex
* Software Version 1.25
* Temperature SN = 2997
* Conductivity SN = 2997
* System UpLoad Time = Sep 20 2012 10:35:31
** CAST_HH065_120920
* SEACAT PROFILER V3.1c SN 2997   09/20/12  10:34:09.272
# nquan = 9                                 
# nvalues = 1388                        
# units = specified
# name 0 = timeJ: Julian Days
# name 1 = prSM: Pressure, Strain Gauge [db]
# name 2 = c0mS/cm: Conductivity [mS/cm]
# name 3 = t090C: Temperature [ITS-90, deg C]
# name 4 = sbeox0ML/L: Oxygen, SBE 43 [ml/l]
# name 5 = depSM: Depth [salt water, m], lat = 47.5
# name 6 = sal00: Salinity, Practical [PSU]
# name 7 = sigma-é00: Density [sigma-theta, kg/m^3]
# name 8 = flag: flag
# span 0 = 264.393889, 264.401916       
# span 1 =     -5.017,     65.491       
# span 2 =   0.024784,  37.419350       
# span 3 =     7.3453,    11.9914       
# span 4 =    -1.9040,    13.7550       
# span 5 =     -4.975,     64.934       
# span 6 =     0.0186,    33.7707       
# span 7 =    -0.3867,    26.4030       
# span 8 = 0.0000e+00, 0.0000e+00       
# interval = seconds: 0.5
# start_time = Sep 20 2012 09:27:12 [Instrument's time stamp, header]
# bad_flag = -9.990e-29
*END*
[from data line 961]
 264.399450      1.884  37.416646    11.9806     6.0217      1.868    32.5070    24.6571 -9.990e-29
 264.399456      1.886  37.417045    11.9824     6.0053      1.870    32.5059    24.6559 -9.990e-29
 264.399462      1.895  37.417803    11.9853     5.9822      1.879    32.5041    24.6539 -9.990e-29
 264.399468      1.900  37.418241    11.9880     5.9690      1.884    32.5021    24.6519 -9.990e-29
 264.399473      1.904  37.418374    11.9879     5.9755      1.888    32.5023    24.6521 -9.990e-29
 264.399479      1.914  37.418370    11.9850     5.9908      1.898    32.5049    24.6546 -9.990e-29
 264.399485      1.931  37.418195    11.9827     6.0008      1.915    32.5067    24.6565 -9.990e-29
 264.399491      1.948  37.418131    11.9822     5.9958      1.932    32.5071    24.6568 -9.990e-29
 264.399497      1.962  37.418609    11.9825     5.9691      1.946    32.5073    24.6569 -9.990e-29
 264.399502      1.973  37.419104    11.9829     5.9677      1.957    32.5074    24.6570 -9.990e-29
 264.399508      1.983  37.419116    11.9831     5.9708      1.966    32.5072    24.6568 -9.990e-29
 264.399514      1.991  37.419182    11.9833     5.9721      1.974    32.5071    24.6567 -9.990e-29
 264.399520      1.999  37.419350    11.9833     5.9591      1.982    32.5073    24.6568 -9.990e-29
 264.399525      2.006  37.419245    11.9831     5.9321      1.989    32.5073    24.6569 -9.990e-29
 264.399531      2.018  37.418686    11.9822     5.9389      2.001    32.5076    24.6572 -9.990e-29
 264.399537      2.039  37.416890    11.9806     5.9688      2.022    32.5072    24.6573 -9.990e-29
 264.399543      2.067  37.414784    11.9794     5.9994      2.050    32.5062    24.6567 -9.990e-29
 264.399549      2.099  37.414568    11.9791     6.0220      2.081    32.5063    24.6568 -9.990e-29
 264.399554      2.137  37.415912    11.9792     6.0197      2.119    32.5075    24.6577 -9.990e-29
 264.399560      2.184  37.417206    11.9792     5.9709      2.166    32.5087    24.6587 -9.990e-29
 264.399566      2.242  37.417331    11.9779     5.8666      2.223    32.5099    24.6599 -9.990e-29
 264.399572      2.316  37.415294    11.9728     5.6625      2.297    32.5124    24.6627 -9.990e-29
 264.399578      2.409  37.408898    11.9593     5.3621      2.389    32.5179    24.6695 -9.990e-29
 264.399583      2.529  37.394062    11.9311     5.0600      2.508    32.5281    24.6827 -9.990e-29
 264.399589      2.677  37.364418    11.8779     4.7924      2.655    32.5458    24.7063 0.0000e+00
 264.399595      2.851  37.306744    11.7865     4.5791      2.827    32.5698    24.7418 0.0000e+00
 264.399601      3.050  37.201835    11.6415     4.4392      3.025    32.5949    24.7880 0.0000e+00
 264.399606      3.272  37.024674    11.4359     4.3592      3.245    32.6028    24.8314 0.0000e+00
 264.399612      3.510  36.800192    11.1911     4.3147      3.481    32.5985    24.8721 0.0000e+00
 264.399618      3.759  36.604554    10.9278     4.2919      3.728    32.6387    24.9500 0.0000e+00
 264.399624      4.017  36.440822    10.6472     4.2785      3.983    32.7264    25.0672 0.0000e+00
 264.399630      4.283  36.268273    10.3529     4.2741      4.247    32.8182    25.1893 0.0000e+00
 264.399635      4.557  36.062446    10.0448     4.2743      4.519    32.8895    25.2969 0.0000e+00
 264.399641      4.840  35.820067     9.7435     4.2818      4.800    32.9177    25.3688 0.0000e+00
 264.399647      5.131  35.590551     9.4772     4.3032      5.088    32.9265    25.4191 0.0000e+00
 264.399653      5.433  35.396176     9.2409     4.3336      5.388    32.9436    25.4703 0.0000e+00
 264.399659      5.744  35.220322     9.0283     4.3719      5.696    32.9578    25.5149 0.0000e+00
 264.399664      6.056  35.055381     8.8505     4.4212      6.005    32.9508    25.5371 0.0000e+00
 264.399670      6.370  34.912771     8.7192     4.4870      6.317    32.9236    25.5360 0.0000e+00
 264.399676      6.687  34.817437     8.6231     4.5503      6.631    32.9130    25.5424 0.0000e+00
 264.399682      7.012  34.752579     8.5413     4.5869      6.953    32.9209    25.5610 0.0000e+00
 264.399688      7.346  34.691057     8.4691     4.5993      7.285    32.9234    25.5739 0.0000e+00
 264.399693      7.695  34.637074     8.4025     4.5629      7.631    32.9285    25.5879 0.0000e+00
 264.399699      8.059  34.591443     8.3369     4.4865      7.992    32.9416    25.6079 0.0000e+00
 264.399705      8.435  34.552663     8.2776     4.3936      8.364    32.9559    25.6280 0.0000e+00
 264.399711      8.822  34.527807     8.2251     4.2845      8.748    32.9787    25.6537 0.0000e+00
 264.399716      9.219  34.508900     8.1642     4.1372      9.142    33.0157    25.6917 0.0000e+00
 264.399722      9.626  34.470122     8.0899     3.9558      9.545    33.0443    25.7251 0.0000e+00
 264.399728     10.041  34.422475     8.0269     3.7516      9.957    33.0528    25.7410 0.0000e+00
 264.399734     10.467  34.406032     7.9940     3.5669     10.379    33.0662    25.7563 0.0000e+00
 264.399740     10.905  34.425712     7.9910     3.4539     10.814    33.0898    25.7753 0.0000e+00
 264.399745     11.356  34.469607     8.0129     3.4018     11.261    33.1157    25.7925 0.0000e+00
 264.399751     11.824  34.530648     8.0457     3.4095     11.725    33.1495    25.8142 0.0000e+00
 264.399757     12.313  34.594938     8.0661     3.4348     12.210    33.1985    25.8497 0.0000e+00
 264.399763     12.823  34.636108     8.0554     3.4732     12.716    33.2523    25.8935 0.0000e+00
 264.399769     13.354  34.635062     8.0144     3.4966     13.242    33.2899    25.9290 0.0000e+00
 264.399774     13.899  34.600455     7.9579     3.5182     13.783    33.3065    25.9503 0.0000e+00
 264.399780     14.452  34.550540     7.9021     3.5216     14.331    33.3061    25.9581 0.0000e+00
 264.399786     15.013  34.504439     7.8575     3.5131     14.887    33.2990    25.9590 0.0000e+00
 264.399792     15.588  34.474590     7.8244     3.4923     15.457    33.2983    25.9633 0.0000e+00
 264.399797     16.174  34.458127     7.7982     3.4573     16.038    33.3054    25.9726 0.0000e+00
 264.399803     16.771  34.449861     7.7772     3.4331     16.630    33.3163    25.9842 0.0000e+00
 264.399809     17.378  34.448811     7.7625     3.4018     17.232    33.3289    25.9963 0.0000e+00
 264.399815     17.990  34.455775     7.7536     3.3730     17.839    33.3446    26.0099 0.0000e+00
 264.399821     18.609  34.467669     7.7466     3.3335     18.453    33.3638    26.0260 0.0000e+00
 264.399826     19.230  34.477898     7.7382     3.2979     19.069    33.3826    26.0419 0.0000e+00
 264.399832     19.842  34.486616     7.7291     3.2851     19.675    33.4004    26.0573 0.0000e+00
 264.399838     20.436  34.494201     7.7205     3.2716     20.264    33.4165    26.0712 0.0000e+00
 264.399844     21.012  34.498959     7.7143     3.2653     20.836    33.4273    26.0806 0.0000e+00
 264.399850     21.573  34.503830     7.7118     3.2517     21.392    33.4347    26.0867 0.0000e+00
 264.399855     22.119  34.510226     7.7101     3.2233     21.933    33.4430    26.0935 0.0000e+00
 264.399861     22.655  34.514311     7.7039     3.1621     22.465    33.4531    26.1023 0.0000e+00
 264.399867     23.186  34.509724     7.6908     3.0875     22.991    33.4605    26.1100 0.0000e+00
 264.399873     23.710  34.497037     7.6727     3.0149     23.511    33.4639    26.1153 0.0000e+00
 264.399878     24.232  34.486747     7.6529     2.9717     24.028    33.4717    26.1242 0.0000e+00
 264.399884     24.758  34.483582     7.6310     2.9424     24.550    33.4891    26.1411 0.0000e+00
 264.399890     25.293  34.482722     7.6077     2.9193     25.080    33.5104    26.1611 0.0000e+00
 264.399896     25.835  34.482419     7.5896     2.8941     25.618    33.5272    26.1770 0.0000e+00
 264.399902     26.386  34.484465     7.5800     2.8790     26.164    33.5384    26.1872 0.0000e+00
 264.399907     26.946  34.487625     7.5757     2.8546     26.719    33.5457    26.1935 0.0000e+00
 264.399913     27.516  34.489907     7.5732     2.8290     27.285    33.5504    26.1975 0.0000e+00
 264.399919     28.094  34.492071     7.5716     2.8094     27.858    33.5540    26.2006 0.0000e+00
 264.399925     28.678  34.496965     7.5711     2.7793     28.437    33.5594    26.2050 0.0000e+00
 264.399931     29.267  34.506592     7.5717     2.7540     29.021    33.5690    26.2124 0.0000e+00
 264.399936     29.856  34.520301     7.5732     2.7218     29.605    33.5821    26.2225 0.0000e+00
 264.399942     30.442  34.535041     7.5741     2.6954     30.186    33.5968    26.2340 0.0000e+00
 264.399948     31.026  34.546891     7.5725     2.6840     30.765    33.6109    26.2453 0.0000e+00
 264.399954     31.602  34.554806     7.5668     2.6751     31.336    33.6247    26.2569 0.0000e+00
 264.399959     32.162  34.559773     7.5587     2.6724     31.891    33.6377    26.2683 0.0000e+00
 264.399965     32.705  34.562215     7.5518     2.6572     32.429    33.6467    26.2764 0.0000e+00
 264.399971     33.231  34.563106     7.5466     2.6271     32.951    33.6525    26.2817 0.0000e+00
 264.399977     33.738  34.563591     7.5408     2.5754     33.454    33.6584    26.2871 0.0000e+00
 264.399983     34.225  34.564277     7.5338     2.4842     33.937    33.6657    26.2939 0.0000e+00
 264.399988     34.693  34.564919     7.5274     2.3578     34.401    33.6724    26.3000 0.0000e+00
 264.399994     35.150  34.564654     7.5221     2.2231     34.854    33.6770    26.3044 0.0000e+00
 264.400000     35.608  34.563648     7.5162     2.0959     35.308    33.6814    26.3087 0.0000e+00
 264.400006     36.075  34.562763     7.5084     1.9926     35.771    33.6878    26.3149 0.0000e+00
 264.400012     36.550  34.561340     7.4981     1.8928     36.242    33.6960    26.3228 0.0000e+00
 264.400017     37.026  34.557442     7.4851     1.7618     36.714    33.7042    26.3311 0.0000e+00
 264.400023     37.493  34.551436     7.4722     1.5601     37.177    33.7100    26.3375 0.0000e+00
 264.400029     37.952  34.545918     7.4619     1.3447     37.632    33.7138    26.3420 0.0000e+00
 264.400035     38.406  34.541895     7.4521     1.1556     38.082    33.7188    26.3472 0.0000e+00
 264.400041     38.862  34.537883     7.4404     1.0377     38.534    33.7256    26.3543 0.0000e+00
 264.400046     39.328  34.532417     7.4256     0.9894     38.996    33.7338    26.3628 0.0000e+00
 264.400052     39.809  34.525454     7.4085     0.9705     39.473    33.7427    26.3722 0.0000e+00
 264.400058     40.303  34.518315     7.3930     0.9781     39.963    33.7498    26.3800 0.0000e+00
 264.400064     40.806  34.513207     7.3820     0.9949     40.461    33.7547    26.3854 0.0000e+00
 264.400069     41.305  34.510560     7.3755     1.0148     40.956    33.7580    26.3889 0.0000e+00
 264.400075     41.798  34.509042     7.3725     1.0251     41.445    33.7590    26.3901 0.0000e+00
 264.400081     42.283  34.508272     7.3720     1.0378     41.926    33.7584    26.3898 0.0000e+00
 264.400087     42.738  34.508303     7.3730     1.0394     42.377    33.7572    26.3887 0.0000e+00
 264.400093     43.150  34.508578     7.3745     1.0298     42.785    33.7559    26.3874 0.0000e+00
 264.400098     43.523  34.509422     7.3759     1.0090     43.155    33.7553    26.3867 0.0000e+00
 264.400104     43.865  34.511362     7.3776     0.9996     43.494    33.7555    26.3867 0.0000e+00
 264.400110     44.185  34.513025     7.3781     1.0052     43.812    33.7567    26.3876 0.0000e+00
 264.400116     44.497  34.512111     7.3752     1.0297     44.121    33.7584    26.3893 0.0000e+00
 264.400122     44.818  34.508484     7.3705     1.0771     44.439    33.7589    26.3904 0.0000e+00
 264.400127     45.156  34.505116     7.3677     1.1070     44.774    33.7578    26.3899 0.0000e+00
 264.400133     45.514  34.504203     7.3673     1.1174     45.129    33.7570    26.3894 0.0000e+00
 264.400139     45.898  34.505047     7.3680     1.1182     45.510    33.7571    26.3893 0.0000e+00
 264.400145     46.311  34.506496     7.3696     1.0850     45.919    33.7569    26.3889 0.0000e+00
 264.400150     46.751  34.508200     7.3717     1.0601     46.356    33.7565    26.3883 0.0000e+00
 264.400156     47.209  34.509592     7.3734     1.0313     46.810    33.7561    26.3878 0.0000e+00
 264.400162     47.677  34.510249     7.3743     1.0110     47.274    33.7557    26.3874 0.0000e+00
 264.400168     48.142  34.510454     7.3723     0.9875     47.735    33.7576    26.3892 0.0000e+00
 264.400174     48.595  34.510464     7.3680     0.9489     48.184    33.7616    26.3929 0.0000e+00
 264.400179     49.030  34.510301     7.3649     0.9270     48.615    33.7643    26.3955 0.0000e+00
 264.400185     49.441  34.509775     7.3636     0.9095     49.022    33.7648    26.3960 0.0000e+00
 264.400191     49.825  34.508777     7.3626     0.8949     49.403    33.7645    26.3960 0.0000e+00
 264.400197     50.183  34.507690     7.3622     0.8698     49.758    33.7635    26.3953 0.0000e+00
 264.400203     50.522  34.506778     7.3623     0.8335     50.094    33.7623    26.3943 0.0000e+00
 264.400208     50.846  34.505980     7.3617     0.8077     50.415    33.7618    26.3940 0.0000e+00
 264.400214     51.163  34.505388     7.3597     0.8076     50.730    33.7630    26.3952 0.0000e+00
 264.400220     51.484  34.504805     7.3570     0.7998     51.048    33.7648    26.3970 0.0000e+00
 264.400226     51.817  34.504051     7.3545     0.7935     51.378    33.7663    26.3985 0.0000e+00
 264.400231     52.166  34.503274     7.3523     0.7888     51.724    33.7674    26.3997 0.0000e+00
 264.400237     52.532  34.502591     7.3504     0.7736     52.087    33.7683    26.4007 0.0000e+00
 264.400243     52.916  34.502245     7.3490     0.7711     52.468    33.7691    26.4016 0.0000e+00
 264.400249     53.326  34.502370     7.3483     0.7725     52.874    33.7698    26.4022 0.0000e+00
 264.400255     53.763  34.502606     7.3480     0.7740     53.307    33.7701    26.4025 0.0000e+00
 264.400260     54.215  34.502739     7.3477     0.7693     53.755    33.7703    26.4027 0.0000e+00
 264.400266     54.664  34.502980     7.3474     0.7722     54.201    33.7707    26.4030 0.0000e+00
 264.400272     55.092  34.503120     7.3474     0.7669     54.625    33.7706    26.4030 0.0000e+00
 264.400278     55.492  34.502818     7.3475     0.7699     55.021    33.7700    26.4025 0.0000e+00
 264.400284     55.867  34.502264     7.3474     0.7668     55.393    33.7693    26.4020 0.0000e+00
 264.400289     56.229  34.501876     7.3471     0.7714     55.752    33.7690    26.4018 0.0000e+00
 264.400295     56.588  34.501730     7.3471     0.7661     56.108    33.7687    26.4015 0.0000e+00
 264.400301     56.945  34.501666     7.3471     0.7623     56.462    33.7684    26.4013 0.0000e+00
 264.400307     57.306  34.501631     7.3468     0.7607     56.820    33.7685    26.4014 0.0000e+00
 264.400312     57.681  34.501615     7.3465     0.7463     57.192    33.7686    26.4016 0.0000e+00
 264.400318     58.072  34.501630     7.3462     0.7281     57.579    33.7687    26.4017 0.0000e+00
 264.400324     58.483  34.501729     7.3457     0.7281     57.987    33.7691    26.4021 0.0000e+00
 264.400330     58.913  34.502078     7.3455     0.7372     58.413    33.7695    26.4024 0.0000e+00
 264.400336     59.353  34.502615     7.3457     0.7447     58.849    33.7696    26.4025 0.0000e+00
 264.400341     59.788  34.502967     7.3457     0.7560     59.280    33.7698    26.4027 0.0000e+00
 264.400347     60.205  34.503076     7.3457     0.7477     59.694    33.7697    26.4026 0.0000e+00
 264.400353     60.603  34.503120     7.3460     0.7478     60.088    33.7693    26.4022 0.0000e+00
 264.400359     60.980  34.503192     7.3463     0.7440     60.462    33.7689    26.4019 0.0000e+00
 264.400365     61.339  34.503420     7.3461     0.7524     60.818    33.7692    26.4021 0.0000e+00
