data/oxygen options/ONMS/Olympic_Coast_National_Marine_Sanctuary_Hypoxia_Survey_CTD_Data_2004_2015/raw_data/2012/CAST_MO042_120913faed.cnv
* Sea-Bird SBE19 Data File:
* FileName = C:\Documents and Settings\OCNMS\Desktop\2012 mooring data\Hypoxia Sampling\CAST_MO042_120913.hex
* Software Version 1.25
* Temperature SN = 2997
* Conductivity SN = 2997
* System UpLoad Time = Sep 13 2012 12:11:37
** CAST_MO042_120913
* SEACAT PROFILER V3.1c SN 2997   09/13/12  12:10:36.032
# nquan = 9                                 
# nvalues = 1066                        
# units = specified
# name 0 = timeJ: Julian Days
# name 1 = prSM: Pressure, Strain Gauge [db]
# name 2 = c0mS/cm: Conductivity [mS/cm]
# name 3 = t090C: Temperature [ITS-90, deg C]
# name 4 = sbeox0ML/L: Oxygen, SBE 43 [ml/l]
# name 5 = depSM: Depth [salt water, m], lat = 47.5
# name 6 = sal00: Salinity, Practical [PSU]
# name 7 = sigma-é00: Density [sigma-theta, kg/m^3]
# name 8 = flag: flag
# span 0 = 257.500463, 257.506626       
# span 1 =     -2.235,     42.718       
# span 2 =   0.489546,  39.743438       
# span 3 =     7.3743,    15.4241       
# span 4 =   -12.0956,    13.4930       
# span 5 =     -2.216,     42.357       
# span 6 =     0.2940,    33.6896       
# span 7 =    -0.7135,    26.3336       
# span 8 = 0.0000e+00, 0.0000e+00       
# interval = seconds: 0.5
# start_time = Sep 13 2012 12:00:40 [Instrument's time stamp, header]
# bad_flag = -9.990e-29
*END*
[from data line 321]
 257.502321     -0.149   0.519856    14.4290    -1.7517     -0.148     0.3191    -0.5669 -9.990e-29
 257.502326     -0.158   0.517153    14.4263    -1.7521     -0.157     0.3174    -0.5678 -9.990e-29
 257.502332     -0.158   0.517911    14.4236    -1.7523     -0.157     0.3179    -0.5671 -9.990e-29
 257.502338     -0.154   0.529228    14.4220    -1.7520     -0.153     0.3251    -0.5613 -9.990e-29
 257.502344     -0.150   0.545710    14.4220    -1.7519     -0.149     0.3356    -0.5531 -9.990e-29
 257.502350     -0.145   0.552242    14.4244    -1.7523     -0.144     0.3397    -0.5503 -9.990e-29
 257.502355     -0.141   0.545354    14.4275    -1.7526     -0.140     0.3353    -0.5542 -9.990e-29
 257.502361     -0.135   0.533022    14.4274    -1.7527     -0.134     0.3275    -0.5602 -9.990e-29
 257.502367     -0.128   0.524822    14.4230    -1.7530     -0.127     0.3223    -0.5636 -9.990e-29
 257.502373     -0.124   0.526979    14.4162    -1.7530     -0.123     0.3237    -0.5615 -9.990e-29
 257.502378     -0.127   0.535725    14.4100    -1.7526     -0.126     0.3293    -0.5562 -9.990e-29
 257.502384     -0.133   0.541686    14.4074    -1.7525     -0.132     0.3331    -0.5529 -9.990e-29
 257.502390     -0.137   0.542845    14.4086    -1.7527     -0.136     0.3338    -0.5525 -9.990e-29
 257.502396     -0.140   0.541851    14.4086    -1.7528     -0.139     0.3332    -0.5530 -9.990e-29
 257.502402     -0.143   0.536826    14.4036    -1.7524     -0.142     0.3301    -0.5547 -9.990e-29
 257.502407     -0.145   0.529925    14.3959    -1.7519     -0.144     0.3257    -0.5570 -9.990e-29
 257.502413     -0.146   0.531321    14.3896    -1.7518     -0.145     0.3267    -0.5553 -9.990e-29
 257.502419     -0.146   0.542877    14.3867    -1.7520     -0.145     0.3340    -0.5492 -9.990e-29
 257.502425     -0.147   0.551765    14.3869    -1.7521     -0.146     0.3397    -0.5449 -9.990e-29
 257.502431     -0.147   0.551014    14.3889    -1.7523     -0.146     0.3392    -0.5455 -9.990e-29
 257.502436     -0.146   0.550139    14.3906    -1.7530     -0.145     0.3386    -0.5462 -9.990e-29
 257.502442     -0.145   0.554616    14.3919    -1.7533     -0.144     0.3415    -0.5442 -9.990e-29
 257.502448     -0.144   0.556019    14.3950    -1.7534     -0.143     0.3423    -0.5440 -9.990e-29
 257.502454     -0.142   0.549577    14.4009    -1.7535     -0.141     0.3382    -0.5481 -9.990e-29
 257.502459     -0.139   0.542751    14.4076    -1.7536     -0.138     0.3338    -0.5524 -9.990e-29
 257.502465     -0.135   0.540281    14.4118    -1.7534     -0.134     0.3322    -0.5543 -9.990e-29
 257.502471     -0.131   0.537764    14.4120    -1.7534     -0.130     0.3306    -0.5555 -9.990e-29
 257.502477     -0.125   0.531289    14.4087    -1.7537     -0.124     0.3265    -0.5582 -9.990e-29
 257.502483     -0.117   0.523295    14.4022    -1.7538     -0.116     0.3215    -0.5612 -9.990e-29
 257.502488     -0.107   0.517515    14.3934    -1.7538     -0.106     0.3179    -0.5627 -9.990e-29
 257.502494     -0.093   0.512329    14.3847    -1.7539     -0.092     0.3147    -0.5639 -9.990e-29
 257.502500     -0.076   0.508572    14.3775    -1.7541     -0.075     0.3124    -0.5647 -9.990e-29
 257.502506     -0.059   0.513965    14.3733    -1.7543     -0.059     0.3158    -0.5614 -9.990e-29
 257.502512     -0.043   0.528503    14.3733    -1.7541     -0.043     0.3250    -0.5543 -9.990e-29
 257.502517     -0.030   0.537801    14.3753    -1.7540     -0.030     0.3309    -0.5500 -9.990e-29
 257.502523     -0.022   0.532666    14.3753    -1.7538     -0.022     0.3277    -0.5525 -9.990e-29
 257.502529     -0.022   0.521750    14.3719    -1.7544     -0.022     0.3208    -0.5574 -9.990e-29
 257.502535     -0.027   0.515408    14.3675    -1.7549     -0.027     0.3168    -0.5598 -9.990e-29
 257.502541     -0.029   0.515702    14.3641    -1.7547     -0.029     0.3170    -0.5592 -9.990e-29
 257.502546     -0.026   0.521914    14.3617    -1.7543     -0.026     0.3209    -0.5558 -9.990e-29
 257.502552     -0.029   0.529043    14.3601    -1.7541     -0.029     0.3255    -0.5520 -9.990e-29
 257.502558     -0.036   0.528324    14.3597    -1.7537     -0.036     0.3250    -0.5523 -9.990e-29
 257.502564     -0.041   0.519351    14.3607    -1.7535     -0.041     0.3193    -0.5569 -9.990e-29
 257.502569     -0.038   0.511195    14.3618    -1.7534     -0.038     0.3141    -0.5611 -9.990e-29
 257.502575     -0.032   0.508851    14.3599    -1.7533     -0.032     0.3127    -0.5619 -9.990e-29
 257.502581     -0.031   0.509745    14.3539    -1.7534     -0.031     0.3133    -0.5606 -9.990e-29
 257.502587     -0.036   0.509904    14.3484    -1.7536     -0.036     0.3134    -0.5597 -9.990e-29
 257.502593     -0.038   0.508432    14.3479    -1.7538     -0.038     0.3125    -0.5603 -9.990e-29
 257.502598     -0.032   0.510376    14.3521    -1.7536     -0.032     0.3137    -0.5600 -9.990e-29
 257.502604     -0.022   0.519437    14.3595    -1.7533     -0.022     0.3194    -0.5567 -9.990e-29
 257.502610     -0.013   0.527768    14.3678    -1.7533     -0.013     0.3246    -0.5538 -9.990e-29
 257.502616     -0.004   0.525993    14.3740    -1.7534     -0.004     0.3234    -0.5556 -9.990e-29
 257.502622      0.003   0.517834    14.3767    -1.7532      0.003     0.3182    -0.5600 -9.990e-29
 257.502627      0.006   0.513449    14.3770    -1.7527      0.006     0.3154    -0.5622 -9.990e-29
 257.502633      0.010   0.516956    14.3759    -1.7525      0.010     0.3177    -0.5603 -9.990e-29
 257.502639      0.012   0.523618    14.3740    -1.7525      0.012     0.3219    -0.5568 -9.990e-29
 257.502645      0.008   0.524603    14.3726    -1.7526      0.008     0.3226    -0.5561 -9.990e-29
 257.502650      0.000   0.519565    14.3736    -1.7526      0.000     0.3194    -0.5587 -9.990e-29
 257.502656     -0.002   0.517288    14.3772    -1.7523     -0.002     0.3179    -0.5604 -9.990e-29
 257.502662      0.006   0.519715    14.3813    -1.7521      0.006     0.3194    -0.5598 -9.990e-29
 257.502668      0.020   0.519012    14.3851    -1.7521      0.020     0.3189    -0.5607 -9.990e-29
 257.502674      0.031   0.512027    14.3903    -1.7518      0.031     0.3144    -0.5649 -9.990e-29
 257.502679      0.038   0.504947    14.3969    -1.7516      0.038     0.3099    -0.5694 -9.990e-29
 257.502685      0.043   0.502170    14.4022    -1.7515      0.043     0.3081    -0.5716 -9.990e-29
 257.502691      0.052   0.501656    14.4046    -1.7512      0.052     0.3078    -0.5722 -9.990e-29
 257.502697      0.062   0.499951    14.4055    -1.7502      0.061     0.3067    -0.5731 -9.990e-29
 257.502703      0.068   0.496442    14.4070    -1.7493      0.067     0.3045    -0.5751 -9.990e-29
 257.502708      0.071   0.494754    14.4103    -1.7487      0.070     0.3034    -0.5764 -9.990e-29
 257.502714      0.071   0.497616    14.4150    -1.7478      0.070     0.3051    -0.5757 -9.990e-29
 257.502720      0.068   0.500541    14.4200    -1.7464      0.067     0.3069    -0.5750 -9.990e-29
 257.502726      0.061   0.498019    14.4250    -1.7452      0.060     0.3053    -0.5770 -9.990e-29
 257.502731      0.056   0.492776    14.4302    -1.7435      0.056     0.3020    -0.5804 -9.990e-29
 257.502737      0.055   0.491108    14.4374    -1.7411      0.055     0.3009    -0.5823 -9.990e-29
 257.502743      0.059   0.492453    14.4498    -1.7386      0.059     0.3016    -0.5835 -9.990e-29
 257.502749      0.068   0.492514    14.4680    -1.7365      0.067     0.3015    -0.5862 -9.990e-29
 257.502755      0.078   0.492478    14.4888    -1.7350      0.077     0.3013    -0.5894 -9.990e-29
 257.502760      0.085   0.495066    14.5112    -1.7335      0.084     0.3028    -0.5915 -9.990e-29
 257.502766      0.090   0.498192    14.5380    -1.7324      0.089     0.3046    -0.5940 -9.990e-29
 257.502772      0.094   0.498275    14.5704    -1.7312      0.093     0.3044    -0.5989 -9.990e-29
 257.502778      0.096   0.495977    14.6085    -1.7301      0.095     0.3027    -0.6058 -9.990e-29
 257.502784      0.097   0.495432    14.6550    -1.7288      0.096     0.3020    -0.6132 -9.990e-29
 257.502789      0.097   0.498126    14.7106    -1.7275      0.096     0.3033    -0.6204 -9.990e-29
 257.502795      0.095   0.500457    14.7687    -1.7263      0.094     0.3043    -0.6283 -9.990e-29
 257.502801      0.093   0.499442    14.8218    -1.7252      0.092     0.3033    -0.6370 -9.990e-29
 257.502807      0.088   0.497050    14.8669    -1.7244      0.087     0.3014    -0.6452 -9.990e-29
 257.502813      0.082   0.495625    14.9052    -1.7237      0.081     0.3003    -0.6518 -9.990e-29
 257.502818      0.074   0.497143    14.9393    -1.7226      0.073     0.3010    -0.6564 -9.990e-29
 257.502824      0.062   0.500862    14.9721    -1.7210      0.061     0.3030    -0.6598 -9.990e-29
 257.502830      0.052   0.501775    15.0052    -1.7198      0.052     0.3034    -0.6645 -9.990e-29
 257.502836      0.046   0.499438    15.0389    -1.7187      0.046     0.3017    -0.6710 -9.990e-29
 257.502841      0.045   0.496826    15.0724    -1.7178      0.045     0.2998    -0.6775 -9.990e-29
 257.502847      0.047   0.494884    15.1040    -1.7171      0.047     0.2983    -0.6834 -9.990e-29
 257.502853      0.053   0.494342    15.1327    -1.7157      0.053     0.2978    -0.6882 -9.990e-29
 257.502859      0.064   0.495034    15.1588    -1.7155      0.063     0.2980    -0.6920 -9.990e-29
 257.502865      0.076   0.494006    15.1848    -1.7151      0.075     0.2972    -0.6967 -9.990e-29
 257.502870      0.085   0.490440    15.2141    -1.7146      0.084     0.2948    -0.7031 -9.990e-29
 257.502876      0.092   0.489546    15.2461    -1.7143      0.091     0.2940    -0.7086 -9.990e-29
 257.502882      0.097   0.495668    15.2773    -1.7141      0.096     0.2976    -0.7107 -9.990e-29
 257.502888      0.102   0.505896    15.3061    -1.7143      0.101     0.3037    -0.7104 -9.990e-29
 257.502894      0.105   0.514494    15.3319    -1.7146      0.104     0.3088    -0.7104 -9.990e-29
 257.502899      0.107   0.518534    15.3538    -1.7147      0.106     0.3112    -0.7120 -9.990e-29
 257.502905      0.109   0.521740    15.3723    -1.7130      0.108     0.3130    -0.7135 -9.990e-29
 257.502911      0.110   0.537245    15.3879    -1.7131      0.109     0.3225    -0.7086 -9.990e-29
 257.502917      0.111   0.559148    15.4013    -1.7140      0.110     0.3359    -0.7003 -9.990e-29
 257.502922      0.112   0.564616    15.4130    -1.7134      0.111     0.3392    -0.6996 -9.990e-29
 257.502928      0.112   0.558172    15.4215    -1.7113      0.111     0.3352    -0.7040 -9.990e-29
 257.502934      0.112   0.553370    15.4241    -1.7108      0.111     0.3322    -0.7068 -9.990e-29
 257.502940      0.112   0.552108    15.4187    -1.7116      0.111     0.3314    -0.7065 -9.990e-29
 257.502946      0.111   0.558795    15.4058    -1.7139      0.110     0.3357    -0.7012 -9.990e-29
 257.502951      0.110   0.585113    15.3920    -1.7149      0.109     0.3521    -0.6863 -9.990e-29
 257.502957      0.109   0.651208    15.3819    -1.7156      0.108     0.3934    -0.6528 -9.990e-29
 257.502963      0.107   0.765481    15.3702    -1.7100      0.106     0.4654    -0.5954 -9.990e-29
 257.502969      0.104   0.891497    15.3507    -1.7109      0.103     0.5455    -0.5304 -9.990e-29
 257.502975      0.101   0.990193    15.3244    -1.7143      0.100     0.6089    -0.4773 -9.990e-29
 257.502980      0.096   1.106782    15.2942    -1.7157      0.095     0.6844    -0.4143 -9.990e-29
 257.502986      0.091   1.317520    15.2659    -1.7183      0.090     0.8218    -0.3038 -9.990e-29
 257.502992      0.083   1.587675    15.2446    -1.7195      0.082     0.9998    -0.1632 -9.990e-29
 257.502998      0.078   1.778335    15.2278    -1.7086      0.077     1.1267    -0.0626 -9.990e-29
 257.503003      0.079   1.807414    15.2095    -1.4278      0.078     1.1466    -0.0444 -9.990e-29
 257.503009      0.081   1.749146    15.1869    -1.4309      0.080     1.1084    -0.0704 -9.990e-29
 257.503015      0.086   1.748582    15.1610    -1.4330      0.085     1.1088    -0.0661 -9.990e-29
 257.503021      0.097   1.931297    15.1356    -1.4335      0.096     1.2317     0.0327 -9.990e-29
 257.503027      0.111   2.228897    15.1127    -1.4342      0.110     1.4333     0.1916 -9.990e-29
 257.503032      0.125   2.384790    15.0916    -1.4345      0.124     1.5400     0.2771 -9.990e-29
 257.503038      0.140   2.401805    15.0701    -1.4338      0.139     1.5525     0.2901 -9.990e-29
 257.503044      0.156   2.580328    15.0456    -1.4325      0.155     1.6756     0.3887 -9.990e-29
 257.503050      0.174   3.437167    15.0084    -1.4318      0.173     2.2719     0.8538 -9.990e-29
 257.503056      0.196   6.347519    14.9468    -1.4314      0.194     4.3740     2.4793 -9.990e-29
 257.503061      0.223  14.804858    14.8691    -1.4310      0.221    10.9104     7.5032 -9.990e-29
 257.503067      0.256  27.091954    14.7996    -1.4317      0.254    21.1322    15.3493 -9.990e-29
 257.503073      0.299  35.152317    14.7538    -1.4313      0.297    28.2022    20.7891 -9.990e-29
 257.503079      0.349  37.828892    14.7330    -1.4313      0.346    30.6129    22.6486 -9.990e-29
 257.503084      0.400  38.721803    14.7332    -1.4315      0.397    31.4178    23.2685 -9.990e-29
 257.503090      0.453  39.008689    14.7495    -1.4315      0.449    31.6638    23.4546 -9.990e-29
 257.503096      0.506  39.097828    14.7733    -1.4314      0.502    31.7250    23.4967 -9.990e-29
 257.503102      0.553  39.143364    14.7968    -1.4314      0.548    31.7470    23.5087 -9.990e-29
 257.503108      0.594  39.182469    14.8167    -1.4315      0.589    31.7661    23.5192 -9.990e-29
 257.503113      0.631  39.205074    14.8272    -1.4315      0.626    31.7779    23.5261 -9.990e-29
 257.503119      0.667  39.208253    14.8283    -1.4312      0.661    31.7799    23.5273 -9.990e-29
 257.503125      0.703  39.205201    14.8278    -1.4311      0.697    31.7775    23.5256 -9.990e-29
 257.503131      0.738  39.204170    14.8272    -1.4313      0.732    31.7771    23.5254 -9.990e-29
 257.503137      0.766  39.208255    14.8259    -1.4305      0.760    31.7818    23.5293 -9.990e-29
 257.503142      0.788  39.211123    14.8257    -1.4304      0.781    31.7846    23.5315 -9.990e-29
 257.503148      0.810  39.208741    14.8276    -1.4303      0.803    31.7808    23.5282 -9.990e-29
 257.503154      0.828  39.206889    14.8297    -1.4301      0.821    31.7775    23.5252 -9.990e-29
 257.503160      0.841  39.203646    14.8300    -1.4303      0.834    31.7743    23.5227 -9.990e-29
 257.503166      0.848  39.198039    14.8304    -1.4305      0.841    31.7689    23.5184 -9.990e-29
 257.503171      0.850  39.197152    14.8332    -1.4313      0.843    31.7658    23.5154 -9.990e-29
 257.503177      0.847  39.204273    14.8376    -1.4317      0.840    31.7686    23.5167 -9.990e-29
 257.503183      0.844  39.212076    14.8424    -1.4320      0.837    31.7718    23.5181 -9.990e-29
 257.503189      0.849  39.212462    14.8473    -1.4315      0.842    31.7681    23.5142 -9.990e-29
 257.503194      0.861  39.219385    14.8523    -1.4310      0.854    31.7703    23.5149 -9.990e-29
 257.503200      0.874  39.242066    14.8578    -1.4310      0.867    31.7863    23.5260 -9.990e-29
 257.503206      0.884  39.259741    14.8612    -1.4312      0.877    31.7994    23.5354 -9.990e-29
 257.503212      0.890  39.261222    14.8584    -1.4314      0.883    31.8031    23.5388 -9.990e-29
 257.503218      0.899  39.254638    14.8477    -1.4315      0.891    31.8058    23.5432 -9.990e-29
 257.503223      0.911  39.246332    14.8297    -1.4320      0.903    31.8130    23.5526 -9.990e-29
 257.503229      0.918  39.238665    14.8134    -1.4321      0.910    31.8194    23.5610 -9.990e-29
 257.503235      0.919  39.234853    14.8093    -1.4310      0.911    31.8193    23.5617 -9.990e-29
