data/oxygen options/ONMS/Olympic_Coast_National_Marine_Sanctuary_Hypoxia_Survey_CTD_Data_2004_2015/raw_data/2012/CAST_MO042_120913faedb.cnv
* Sea-Bird SBE19 Data File:
* FileName = C:\Documents and Settings\OCNMS\Desktop\2012 mooring data\Hypoxia Sampling\CAST_MO042_120913.hex
* Software Version 1.25
* Temperature SN = 2997
* Conductivity SN = 2997
* System UpLoad Time = Sep 13 2012 12:11:37
** CAST_MO042_120913
* SEACAT PROFILER V3.1c SN 2997   09/13/12  12:10:36.032
# nquan = 9
# nvalues = 41                          
# units = specified
# name 0 = timeJ: Julian Days
# name 1 = prSM: Pressure, Strain Gauge [db]
# name 2 = c0mS/cm: Conductivity [mS/cm]
# name 3 = t090C: Temperature [ITS-90, deg C]
# name 4 = sbeox0ML/L: Oxygen, SBE 43 [ml/l]
# name 5 = depSM: Depth [salt water, m], lat = 47.5
# name 6 = sal00: Salinity, Practical [PSU]
# name 7 = sigma-é00: Density [sigma-theta, kg/m^3]
# name 8 = flag: flag
# span 0 = 257.504681, 257.505377       
# span 1 =      2.000,     42.000       
# span 2 =  34.441818,  39.084699       
# span 3 =     7.3778,    14.6019       
# span 4 =     0.8194,     6.4014       
# span 5 =      1.983,     41.645       
# span 6 =    31.8448,    33.6851       
# span 7 =    23.6313,    26.3305       
# span 8 = 0.0000e+00, 0.0000e+00       
# interval = decibars: 1                
# start_time = Sep 13 2012 12:00:40 [Instrument's time stamp, header]
# bad_flag = -9.990e-29
*END*
 257.504681      2.000  39.084699    14.6019     6.4014      1.983    31.8527    23.6313 0.0000e+00
 257.504709      3.000  39.019839    14.5242     6.3728      2.975    31.8571    23.6511 0.0000e+00
 257.504730      4.000  38.982213    14.4971     6.1970      3.967    31.8448    23.6473 0.0000e+00
 257.504749      5.000  38.955054    14.4506     6.1404      4.958    31.8579    23.6671 0.0000e+00
 257.504767      6.000  38.926239    14.4066     6.0851      5.950    31.8675    23.6837 0.0000e+00
 257.504783      7.000  38.864182    14.2672     6.1658      6.941    31.9254    23.7573 0.0000e+00
 257.504799      8.000  38.695691    14.0442     6.1260      7.933    31.9551    23.8263 0.0000e+00
 257.504815      9.000  38.552974    13.8149     5.7478      8.925    32.0139    23.9185 0.0000e+00
 257.504831     10.000  38.372517    13.5186     5.3314      9.916    32.0942    24.0403 0.0000e+00
 257.504847     11.000  38.049925    12.9515     5.0843     10.908    32.2713    24.2894 0.0000e+00
 257.504862     12.000  37.424202    12.2330     4.8887     11.900    32.2912    24.4427 0.0000e+00
 257.504878     13.000  36.971153    11.6091     4.6077     12.891    32.3943    24.6380 0.0000e+00
 257.504894     14.000  36.794133    11.2075     4.5105     13.883    32.5735    24.8500 0.0000e+00
 257.504909     15.000  36.775607    11.0262     4.3739     14.874    32.7156    24.9928 0.0000e+00
 257.504924     16.000  36.690336    10.9689     3.5139     15.866    32.6819    24.9766 0.0000e+00
 257.504940     17.000  36.566400    10.6836     2.5746     16.857    32.8137    25.1291 0.0000e+00
 257.504956     18.000  36.153381    10.0201     1.9738     17.849    32.9985    25.3861 0.0000e+00
 257.504971     19.000  35.674531     9.2659     1.6514     18.840    33.2025    25.6688 0.0000e+00
 257.504986     20.000  35.250629     8.5997     1.5048     19.832    33.3842    25.9154 0.0000e+00
 257.505002     21.000  34.870156     8.0728     1.4594     20.824    33.4816    26.0710 0.0000e+00
 257.505018     22.000  34.683122     7.7675     1.5469     21.815    33.5738    26.1880 0.0000e+00
 257.505034     23.000  34.590008     7.6387     1.5386     22.806    33.5973    26.2250 0.0000e+00
 257.505051     24.000  34.535246     7.5648     1.3833     23.798    33.6092    26.2449 0.0000e+00
 257.505067     25.000  34.505103     7.5216     1.3064     24.790    33.6179    26.2579 0.0000e+00
 257.505083     26.000  34.489522     7.5072     1.2210     25.782    33.6145    26.2573 0.0000e+00
 257.505100     27.000  34.484172     7.4791     1.1154     26.773    33.6355    26.2778 0.0000e+00
 257.505117     28.000  34.474298     7.4480     1.0277     27.764    33.6545    26.2971 0.0000e+00
 257.505133     29.000  34.466983     7.4322     0.9535     28.756    33.6614    26.3048 0.0000e+00
 257.505150     30.000  34.458911     7.4138     0.9300     29.747    33.6701    26.3142 0.0000e+00
 257.505168     31.000  34.455421     7.4135     0.9434     30.739    33.6661    26.3111 0.0000e+00
 257.505187     32.000  34.460301     7.4075     0.9319     31.731    33.6768    26.3204 0.0000e+00
 257.505205     33.000  34.448700     7.3889     0.9255     32.722    33.6817    26.3269 0.0000e+00
 257.505222     34.000  34.449154     7.3924     0.9127     33.713    33.6784    26.3238 0.0000e+00
 257.505241     35.000  34.454383     7.3965     0.8740     34.705    33.6796    26.3242 0.0000e+00
 257.505259     36.000  34.447583     7.3892     0.9020     35.697    33.6787    26.3246 0.0000e+00
 257.505279     37.000  34.452767     7.3955     0.8893     36.688    33.6778    26.3230 0.0000e+00
 257.505297     38.000  34.449356     7.3837     0.8194     37.680    33.6851    26.3304 0.0000e+00
 257.505314     39.000  34.443885     7.3780     0.8429     38.671    33.6842    26.3305 0.0000e+00
 257.505331     40.000  34.444413     7.3805     0.8593     39.662    33.6818    26.3283 0.0000e+00
 257.505352     41.000  34.442624     7.3817     0.8392     40.654    33.6783    26.3253 0.0000e+00
 257.505377     42.000  34.441818     7.3778     0.8234     41.645    33.6807    26.3278 0.0000e+00
