data/oxygen options/ONMS/Olympic_Coast_National_Marine_Sanctuary_Hypoxia_Survey_CTD_Data_2004_2015/raw_data/2012/CAST_RR020_120906faed.cnv
* Sea-Bird SBE19 Data File:
* FileName = C:\Documents and Settings\OCNMS\Desktop\2012 mooring data\Hypoxia Sampling\CAST_RR020_120906.hex
* Software Version 1.25
* Temperature SN = 2997
* Conductivity SN = 2997
* System UpLoad Time = Sep 06 2012 14:40:08
** CAST_RR020_120906
* SEACAT PROFILER V3.1c SN 2997   09/06/12  14:39:05.823
# nquan = 9                                 
# nvalues = 956                         
# units = specified
# name 0 = timeJ: Julian Days
# name 1 = prSM: Pressure, Strain Gauge [db]
# name 2 = c0mS/cm: Conductivity [mS/cm]
# name 3 = t090C: Temperature [ITS-90, deg C]
# name 4 = sbeox0ML/L: Oxygen, SBE 43 [ml/l]
# name 5 = depSM: Depth [salt water, m], lat = 47.5
# name 6 = sal00: Salinity, Practical [PSU]
# name 7 = sigma-é00: Density [sigma-theta, kg/m^3]
# name 8 = flag: flag
# span 0 = 250.603900, 250.609427       
# span 1 =     -4.971,     20.678       
# span 2 =   0.358717,  39.811224       
# span 3 =     8.6788,    14.8758       
# span 4 =    -1.7933,    13.7133       
# span 5 =     -4.930,     20.504       
# span 6 =     0.2225,    33.3750       
# span 7 =    -0.5250,    25.8917       
# span 8 = 0.0000e+00, 0.0000e+00       
# interval = seconds: 0.5
# start_time = Sep 06 2012 14:29:37 [Instrument's time stamp, header]
# bad_flag = -9.990e-29
*END*
[from data line 321]
 250.605758     -0.670   0.512127    13.5319    -1.7896     -0.664     0.3213    -0.4401 -9.990e-29
 250.605764     -0.664   0.514780    13.5289    -1.7901     -0.658     0.3230    -0.4384 -9.990e-29
 250.605770     -0.656   0.513134    13.5184    -1.7910     -0.651     0.3220    -0.4377 -9.990e-29
 250.605775     -0.645   0.507207    13.5052    -1.7918     -0.640     0.3183    -0.4389 -9.990e-29
 250.605781     -0.632   0.499064    13.4927    -1.7927     -0.627     0.3131    -0.4412 -9.990e-29
 250.605787     -0.619   0.491134    13.4809    -1.7931     -0.614     0.3081    -0.4436 -9.990e-29
 250.605793     -0.610   0.485578    13.4700    -1.7933     -0.605     0.3046    -0.4448 -9.990e-29
 250.605799     -0.600   0.482185    13.4609    -1.7932     -0.595     0.3025    -0.4453 -9.990e-29
 250.605804     -0.584   0.479199    13.4540    -1.7928     -0.579     0.3006    -0.4458 -9.990e-29
 250.605810     -0.566   0.475961    13.4471    -1.7922     -0.561     0.2985    -0.4465 -9.990e-29
 250.605816     -0.548   0.472029    13.4363    -1.7905     -0.543     0.2961    -0.4470 -9.990e-29
 250.605822     -0.529   0.466589    13.4203    -1.7891     -0.525     0.2927    -0.4475 -9.990e-29
 250.605828     -0.513   0.460693    13.4020    -1.7881     -0.509     0.2890    -0.4479 -9.990e-29
 250.605833     -0.503   0.456443    13.3857    -1.7874     -0.499     0.2864    -0.4478 -9.990e-29
 250.605839     -0.498   0.454264    13.3746    -1.7866     -0.494     0.2850    -0.4474 -9.990e-29
 250.605845     -0.498   0.453465    13.3699    -1.7863     -0.494     0.2846    -0.4472 -9.990e-29
 250.605851     -0.499   0.453533    13.3720    -1.7863     -0.495     0.2846    -0.4474 -9.990e-29
 250.605856     -0.496   0.454561    13.3818    -1.7862     -0.492     0.2852    -0.4482 -9.990e-29
 250.605862     -0.489   0.457367    13.4016    -1.7862     -0.485     0.2869    -0.4496 -9.990e-29
 250.605868     -0.477   0.461817    13.4305    -1.7860     -0.473     0.2895    -0.4513 -9.990e-29
 250.605874     -0.465   0.465541    13.4611    -1.7858     -0.461     0.2917    -0.4537 -9.990e-29
 250.605880     -0.455   0.465753    13.4871    -1.7858     -0.451     0.2916    -0.4572 -9.990e-29
 250.605885     -0.448   0.462184    13.5080    -1.7857     -0.444     0.2892    -0.4619 -9.990e-29
 250.605891     -0.442   0.457827    13.5239    -1.7856     -0.438     0.2863    -0.4663 -9.990e-29
 250.605897     -0.438   0.455730    13.5337    -1.7855     -0.434     0.2849    -0.4687 -9.990e-29
 250.605903     -0.434   0.455311    13.5389    -1.7852     -0.430     0.2845    -0.4696 -9.990e-29
 250.605909     -0.431   0.453799    13.5426    -1.7850     -0.427     0.2835    -0.4709 -9.990e-29
 250.605914     -0.429   0.450286    13.5467    -1.7848     -0.425     0.2813    -0.4732 -9.990e-29
 250.605920     -0.428   0.445622    13.5512    -1.7846     -0.424     0.2782    -0.4762 -9.990e-29
 250.605926     -0.426   0.440235    13.5554    -1.7844     -0.422     0.2747    -0.4795 -9.990e-29
 250.605932     -0.425   0.434137    13.5584    -1.7846     -0.421     0.2708    -0.4829 -9.990e-29
 250.605938     -0.425   0.428055    13.5608    -1.7849     -0.421     0.2669    -0.4863 -9.990e-29
 250.605943     -0.424   0.423290    13.5638    -1.7851     -0.420     0.2638    -0.4891 -9.990e-29
 250.605949     -0.424   0.420135    13.5681    -1.7850     -0.420     0.2618    -0.4913 -9.990e-29
 250.605955     -0.423   0.417704    13.5736    -1.7848     -0.419     0.2602    -0.4933 -9.990e-29
 250.605961     -0.423   0.415523    13.5793    -1.7847     -0.419     0.2587    -0.4951 -9.990e-29
 250.605966     -0.423   0.414008    13.5843    -1.7846     -0.419     0.2577    -0.4966 -9.990e-29
 250.605972     -0.423   0.413352    13.5885    -1.7844     -0.419     0.2573    -0.4975 -9.990e-29
 250.605978     -0.422   0.413235    13.5902    -1.7842     -0.418     0.2572    -0.4978 -9.990e-29
 250.605984     -0.422   0.413502    13.5883    -1.7841     -0.418     0.2574    -0.4974 -9.990e-29
 250.605990     -0.422   0.413955    13.5843    -1.7842     -0.418     0.2577    -0.4966 -9.990e-29
 250.605995     -0.422   0.414091    13.5819    -1.7844     -0.418     0.2578    -0.4962 -9.990e-29
 250.606001     -0.422   0.413540    13.5826    -1.7846     -0.418     0.2574    -0.4966 -9.990e-29
 250.606007     -0.422   0.412119    13.5855    -1.7846     -0.418     0.2565    -0.4977 -9.990e-29
 250.606013     -0.422   0.409965    13.5890    -1.7848     -0.418     0.2551    -0.4993 -9.990e-29
 250.606019     -0.422   0.407528    13.5929    -1.7851     -0.418     0.2535    -0.5010 -9.990e-29
 250.606024     -0.422   0.405251    13.5971    -1.7853     -0.418     0.2521    -0.5027 -9.990e-29
 250.606030     -0.422   0.402866    13.6010    -1.7857     -0.418     0.2505    -0.5045 -9.990e-29
 250.606036     -0.422   0.399779    13.6029    -1.7863     -0.418     0.2485    -0.5063 -9.990e-29
 250.606042     -0.422   0.395750    13.6022    -1.7864     -0.418     0.2460    -0.5082 -9.990e-29
 250.606047     -0.422   0.391498    13.5997    -1.7860     -0.418     0.2433    -0.5099 -9.990e-29
 250.606053     -0.421   0.388551    13.5970    -1.7850     -0.417     0.2414    -0.5110 -9.990e-29
 250.606059     -0.421   0.386302    13.5943    -1.7847     -0.417     0.2400    -0.5117 -9.990e-29
 250.606065     -0.421   0.382861    13.5903    -1.7842     -0.417     0.2378    -0.5129 -9.990e-29
 250.606071     -0.421   0.378069    13.5850    -1.7830     -0.417     0.2348    -0.5145 -9.990e-29
 250.606076     -0.420   0.372735    13.5787    -1.7815     -0.416     0.2314    -0.5163 -9.990e-29
 250.606082     -0.420   0.368053    13.5709    -1.7810     -0.416     0.2285    -0.5175 -9.990e-29
 250.606088     -0.419   0.364976    13.5642    -1.7812     -0.416     0.2266    -0.5181 -9.990e-29
 250.606094     -0.419   0.362725    13.5640    -1.7808     -0.416     0.2251    -0.5192 -9.990e-29
 250.606100     -0.418   0.360514    13.5721    -1.7803     -0.415     0.2237    -0.5214 -9.990e-29
 250.606105     -0.416   0.358717    13.5839    -1.7795     -0.413     0.2225    -0.5240 -9.990e-29
 250.606111     -0.415   0.359367    13.5937    -1.7795     -0.412     0.2228    -0.5250 -9.990e-29
 250.606117     -0.413   0.367762    13.6005    -1.7144     -0.410     0.2281    -0.5218 -9.990e-29
 250.606123     -0.410   0.395096    13.6078    -1.4425     -0.407     0.2455    -0.5093 -9.990e-29
 250.606128     -0.407   0.457333    13.6169    -1.4302     -0.404     0.2853    -0.4795 -9.990e-29
 250.606134     -0.403   0.549439    13.6250    -1.4286     -0.400     0.3447    -0.4345 -9.990e-29
 250.606140     -0.397   0.635893    13.6309    -1.4283     -0.394     0.4009    -0.3916 -9.990e-29
 250.606146     -0.390   0.696328    13.6370    -1.4286     -0.387     0.4404    -0.3617 -9.990e-29
 250.606152     -0.381   0.766479    13.6474    -1.4292     -0.378     0.4864    -0.3274 -9.990e-29
 250.606157     -0.369   0.942649    13.6698    -1.4297     -0.366     0.6030    -0.2399 -9.990e-29
 250.606163     -0.354   1.432052    13.7250    -1.4291     -0.351     0.9324     0.0079 -9.990e-29
 250.606169     -0.334   2.819673    13.8781    -1.4290     -0.331     1.8958     0.7320 -9.990e-29
 250.606175     -0.309   6.909165    14.1720    -1.4293     -0.306     4.8853     2.9930 -9.990e-29
 250.606181     -0.277  16.450128    14.4935    -1.4286     -0.275    12.3505     8.6714 -9.990e-29
 250.606186     -0.240  28.504703    14.6961    -1.4276     -0.238    22.4066    16.3473 -9.990e-29
 250.606192     -0.204  35.923837    14.7796    -1.4285     -0.202    28.8707    21.2980 -9.990e-29
 250.606198     -0.171  38.368675    14.8079    -1.4287     -0.170    31.0397    22.9615 -9.990e-29
 250.606204     -0.139  39.159611    14.8160    -1.4285     -0.138    31.7463    23.5040 -9.990e-29
 250.606209     -0.106  39.398355    14.8170    -1.4281     -0.105    31.9612    23.6693 -9.990e-29
 250.606215     -0.071  39.450915    14.8147    -1.4280     -0.070    32.0105    23.7079 -9.990e-29
 250.606221     -0.034  39.465877    14.8121    -1.4283     -0.034    32.0262    23.7205 -9.990e-29
 250.606227      0.001  39.494058    14.8113    -1.4289      0.001    32.0523    23.7408 -9.990e-29
 250.606233      0.038  39.520960    14.8134    -1.4292      0.038    32.0749    23.7577 -9.990e-29
 250.606238      0.074  39.544390    14.8157    -1.4285      0.073    32.0942    23.7721 -9.990e-29
 250.606244      0.108  39.581624    14.8151    -1.4284      0.107    32.1284    23.7986 -9.990e-29
 250.606250      0.140  39.610057    14.8126    -1.4282      0.139    32.1561    23.8205 -9.990e-29
 250.606256      0.174  39.606001    14.8104    -1.4283      0.173    32.1543    23.8195 -9.990e-29
 250.606262      0.208  39.599964    14.8089    -1.4287      0.206    32.1500    23.8166 -9.990e-29
 250.606267      0.238  39.615887    14.8075    -1.4293      0.236    32.1656    23.8289 -9.990e-29
 250.606273      0.268  39.637498    14.8046    -1.4287      0.266    32.1875    23.8464 -9.990e-29
 250.606279      0.295  39.643780    14.7997    -1.4283      0.293    32.1972    23.8549 -9.990e-29
 250.606285      0.316  39.628583    14.7954    -1.4285      0.313    32.1870    23.8480 -9.990e-29
 250.606291      0.332  39.608120    14.7941    -1.4288      0.329    32.1696    23.8348 -9.990e-29
 250.606296      0.345  39.609515    14.7957    -1.4288      0.342    32.1695    23.8344 -9.990e-29
 250.606302      0.356  39.632989    14.7986    -1.4287      0.353    32.1884    23.8483 -9.990e-29
 250.606308      0.364  39.652166    14.7998    -1.4286      0.361    32.2047    23.8607 -9.990e-29
 250.606314      0.372  39.653431    14.7970    -1.4284      0.369    32.2082    23.8639 -9.990e-29
 250.606319      0.378  39.640201    14.7933    -1.4288      0.375    32.1993    23.8578 -9.990e-29
 250.606325      0.384  39.622343    14.7929    -1.4289      0.381    32.1834    23.8457 -9.990e-29
 250.606331      0.390  39.616443    14.7952    -1.4286      0.387    32.1762    23.8397 -9.990e-29
 250.606337      0.396  39.628692    14.7975    -1.4283      0.393    32.1854    23.8462 -9.990e-29
 250.606343      0.402  39.637919    14.7996    -1.4287      0.399    32.1920    23.8509 -9.990e-29
 250.606348      0.410  39.628454    14.8016    -1.4289      0.407    32.1818    23.8426 -9.990e-29
 250.606354      0.419  39.611262    14.8024    -1.4289      0.416    32.1655    23.8299 -9.990e-29
 250.606360      0.430  39.601577    14.8021    -1.4288      0.426    32.1570    23.8234 -9.990e-29
 250.606366      0.444  39.605027    14.8020    -1.4285      0.440    32.1602    23.8259 -9.990e-29
 250.606372      0.461  39.616169    14.8020    -1.4287      0.457    32.1703    23.8337 -9.990e-29
 250.606377      0.479  39.620206    14.8019    -1.4290      0.475    32.1740    23.8366 -9.990e-29
 250.606383      0.495  39.610797    14.8019    -1.4290      0.491    32.1655    23.8300 -9.990e-29
 250.606389      0.513  39.605707    14.8020    -1.4290      0.509    32.1608    23.8264 -9.990e-29
 250.606395      0.535  39.616127    14.8022    -1.4291      0.531    32.1701    23.8334 -9.990e-29
 250.606400      0.553  39.623495    14.8026    -1.4287      0.548    32.1764    23.8382 -9.990e-29
 250.606406      0.565  39.613581    14.8027    -1.4282      0.560    32.1673    23.8312 -9.990e-29
 250.606412      0.572  39.599553    14.8027    -1.4286      0.567    32.1546    23.8215 -9.990e-29
 250.606418      0.577  39.595259    14.8031    -1.4288      0.572    32.1504    23.8181 -9.990e-29
 250.606424      0.586  39.600064    14.8035    -1.4288      0.581    32.1544    23.8211 -9.990e-29
 250.606429      0.595  39.603609    14.8036    -1.4289      0.590    32.1576    23.8235 -9.990e-29
 250.606435      0.600  39.595538    14.8039    -1.4289      0.595    32.1500    23.8176 -9.990e-29
 250.606441      0.602  39.581386    14.8042    -1.4288      0.597    32.1369    23.8075 -9.990e-29
 250.606447      0.604  39.571472    14.8043    -1.4283      0.599    32.1279    23.8005 -9.990e-29
 250.606453      0.612  39.568877    14.8050    -1.4281      0.607    32.1250    23.7981 -9.990e-29
 250.606458      0.621  39.578594    14.8063    -1.4285      0.616    32.1327    23.8038 -9.990e-29
 250.606464      0.628  39.601297    14.8071    -1.4286      0.623    32.1526    23.8189 -9.990e-29
 250.606470      0.633  39.616865    14.8071    -1.4286      0.628    32.1666    23.8298 -9.990e-29
 250.606476      0.637  39.609677    14.8067    -1.4284      0.632    32.1605    23.8251 -9.990e-29
 250.606481      0.640  39.595415    14.8061    10.1858      0.635    32.1481    23.8157 -9.990e-29
 250.606487      0.642  39.588173    14.8054    13.3155      0.637    32.1421    23.8112 -9.990e-29
 250.606493      0.643  39.586187    14.8048    13.7133      0.638    32.1408    23.8103 -9.990e-29
 250.606499      0.643  39.592461    14.8049    11.5944      0.638    32.1464    23.8146 -9.990e-29
 250.606505      0.643  39.611482    14.8058     6.7895      0.638    32.1628    23.8271 -9.990e-29
 250.606510      0.642  39.635596    14.8064     6.9558      0.637    32.1842    23.8434 -9.990e-29
 250.606516      0.640  39.644323    14.8062     7.0918      0.635    32.1922    23.8497 -9.990e-29
 250.606522      0.637  39.634215    14.8060     7.0661      0.632    32.1833    23.8428 -9.990e-29
 250.606528      0.632  39.626027    14.8060     6.9874      0.627    32.1758    23.8371 -9.990e-29
 250.606534      0.627  39.634106    14.8063     6.9101      0.622    32.1829    23.8425 -9.990e-29
 250.606539      0.624  39.665908    14.8072     6.8418      0.619    32.2109    23.8639 -9.990e-29
 250.606545      0.627  39.710083    14.8094     6.7988      0.622    32.2491    23.8928 -9.990e-29
 250.606551      0.634  39.738715    14.8127     6.7708      0.629    32.2723    23.9100 -9.990e-29
 250.606557      0.638  39.749678    14.8159     6.7554      0.633    32.2796    23.9149 -9.990e-29
 250.606563      0.642  39.755397    14.8182     6.7409      0.637    32.2828    23.9169 -9.990e-29
 250.606568      0.645  39.758498    14.8189     6.7271      0.640    32.2851    23.9185 -9.990e-29
 250.606574      0.647  39.758682    14.8187     6.7107      0.642    32.2854    23.9188 -9.990e-29
 250.606580      0.649  39.757361    14.8194     6.6947      0.644    32.2836    23.9173 -9.990e-29
 250.606586      0.650  39.757304    14.8213     6.7003      0.645    32.2820    23.9156 -9.990e-29
 250.606591      0.651  39.760164    14.8233     6.6983      0.646    32.2829    23.9159 -9.990e-29
 250.606597      0.652  39.763637    14.8245     6.7046      0.647    32.2851    23.9173 -9.990e-29
 250.606603      0.652  39.763995    14.8239     6.6872      0.647    32.2859    23.9181 -9.990e-29
 250.606609      0.652  39.761762    14.8218     6.6840      0.647    32.2856    23.9183 -9.990e-29
 250.606615      0.652  39.759053    14.8200     6.6867      0.647    32.2846    23.9179 -9.990e-29
 250.606620      0.652  39.757345    14.8193     6.6917      0.647    32.2837    23.9174 -9.990e-29
 250.606626      0.652  39.757210    14.8194     6.6953      0.647    32.2835    23.9172 -9.990e-29
 250.606632      0.651  39.756832    14.8195     6.6711      0.646    32.2831    23.9168 -9.990e-29
 250.606638      0.651  39.753514    14.8192     6.6801      0.646    32.2803    23.9148 -9.990e-29
 250.606644      0.650  39.750162    14.8191     6.6873      0.645    32.2773    23.9125 -9.990e-29
 250.606649      0.648  39.751883    14.8198     6.7044      0.643    32.2783    23.9131 -9.990e-29
 250.606655      0.647  39.755413    14.8211     6.7170      0.642    32.2804    23.9145 -9.990e-29
 250.606661      0.644  39.757660    14.8223     6.7029      0.639    32.2815    23.9150 -9.990e-29
 250.606667      0.641  39.759987    14.8234     6.6962      0.636    32.2827    23.9157 -9.990e-29
 250.606672      0.641  39.762740    14.8246     6.6895      0.636    32.2842    23.9166 -9.990e-29
