data/oxygen options/ONMS/Olympic_Coast_National_Marine_Sanctuary_Hypoxia_Survey_CTD_Data_2004_2015/raw_data/2012/CAST_RR042_120830faed.cnv
* Sea-Bird SBE19 Data File:
* FileName = C:\Documents and Settings\OCNMS\Desktop\2012 mooring data\2nd service\CAST_RR042_120830.hex
* Software Version 1.25
* Temperature SN = 2997
* Conductivity SN = 2997
* System UpLoad Time = Aug 30 2012 14:25:33
** CAST_RR042_120830
* SEACAT PROFILER V3.1c SN 2997   08/30/12  14:24:26.353
# nquan = 9                                 
# nvalues = 1021                        
# units = specified
# name 0 = timeJ: Julian Days
# name 1 = prSM: Pressure, Strain Gauge [db]
# name 2 = c0mS/cm: Conductivity [mS/cm]
# name 3 = t090C: Temperature [ITS-90, deg C]
# name 4 = sbeox0ML/L: Oxygen, SBE 43 [ml/l]
# name 5 = depSM: Depth [salt water, m], lat = 47.5
# name 6 = sal00: Salinity, Practical [PSU]
# name 7 = sigma-é00: Density [sigma-theta, kg/m^3]
# name 8 = flag: flag
# span 0 = 243.593113, 243.599016       
# span 1 =     -5.774,     42.451       
# span 2 =   0.233418,  39.258777       
# span 3 =     7.3385,    15.3373       
# span 4 =    -1.7527,    16.2261       
# span 5 =     -5.726,     42.092       
# span 6 =     0.1408,    33.7144       
# span 7 =    -0.8336,    26.3597       
# span 8 = 0.0000e+00, 0.0000e+00       
# interval = seconds: 0.5
# start_time = Aug 30 2012 14:14:05 [Instrument's time stamp, header]
# bad_flag = -9.990e-29
*END*
[from data line 161]
 243.594045     -2.335   0.252239    14.5036    -1.7506     -2.316     0.1521    -0.7074 -9.990e-29
 243.594051     -2.322   0.251810    14.5006    -1.7506     -2.303     0.1518    -0.7071 -9.990e-29
 243.594057     -2.311   0.252042    14.4976    -1.7507     -2.292     0.1520    -0.7066 -9.990e-29
 243.594063     -2.300   0.252135    14.4954    -1.7507     -2.281     0.1520    -0.7062 -9.990e-29
 243.594068     -2.288   0.251660    14.4945    -1.7507     -2.269     0.1518    -0.7063 -9.990e-29
 243.594074     -2.275   0.251089    14.4941    -1.7507     -2.256     0.1514    -0.7065 -9.990e-29
 243.594080     -2.260   0.250768    14.4928    -1.7507     -2.241     0.1512    -0.7065 -9.990e-29
 243.594086     -2.242   0.250819    14.4908    -1.7507     -2.223     0.1513    -0.7061 -9.990e-29
 243.594091     -2.220   0.250757    14.4890    -1.7507     -2.201     0.1512    -0.7059 -9.990e-29
 243.594097     -2.192   0.250499    14.4877    -1.7508     -2.174     0.1511    -0.7058 -9.990e-29
 243.594103     -2.161   0.250254    14.4870    -1.7509     -2.143     0.1509    -0.7059 -9.990e-29
 243.594109     -2.134   0.249695    14.4863    -1.7511     -2.116     0.1506    -0.7060 -9.990e-29
 243.594115     -2.113   0.248628    14.4858    -1.7512     -2.095     0.1499    -0.7064 -9.990e-29
 243.594120     -2.096   0.247290    14.4855    -1.7512     -2.079     0.1491    -0.7070 -9.990e-29
 243.594126     -2.083   0.246663    14.4854    -1.7513     -2.066     0.1487    -0.7073 -9.990e-29
 243.594132     -2.073   0.247020    14.4851    -1.7513     -2.056     0.1490    -0.7071 -9.990e-29
 243.594138     -2.065   0.247175    14.4845    -1.7513     -2.048     0.1491    -0.7069 -9.990e-29
 243.594144     -2.059   0.246782    14.4836    -1.7513     -2.042     0.1488    -0.7070 -9.990e-29
 243.594149     -2.055   0.246422    14.4820    -1.7512     -2.038     0.1486    -0.7069 -9.990e-29
 243.594155     -2.051   0.246166    14.4794    -1.7513     -2.034     0.1485    -0.7067 -9.990e-29
 243.594161     -2.048   0.245672    14.4766    -1.7513     -2.031     0.1482    -0.7065 -9.990e-29
 243.594167     -2.046   0.244835    14.4742    -1.7513     -2.029     0.1477    -0.7065 -9.990e-29
 243.594172     -2.045   0.244199    14.4725    -1.7514     -2.028     0.1473    -0.7066 -9.990e-29
 243.594178     -2.043   0.244021    14.4712    -1.7517     -2.026     0.1472    -0.7065 -9.990e-29
 243.594184     -2.043   0.243512    14.4704    -1.7517     -2.026     0.1469    -0.7066 -9.990e-29
 243.594190     -2.042   0.242543    14.4702    -1.7516     -2.025     0.1463    -0.7070 -9.990e-29
 243.594196     -2.042   0.242037    14.4704    -1.7516     -2.025     0.1460    -0.7073 -9.990e-29
 243.594201     -2.042   0.242424    14.4705    -1.7516     -2.025     0.1462    -0.7071 -9.990e-29
 243.594207     -2.042   0.243113    14.4698    -1.7516     -2.025     0.1466    -0.7067 -9.990e-29
 243.594213     -2.043   0.243364    14.4687    -1.7516     -2.026     0.1468    -0.7064 -9.990e-29
 243.594219     -2.044   0.244063    14.4672    -1.7515     -2.027     0.1472    -0.7059 -9.990e-29
 243.594225     -2.045   0.245587    14.4646    -1.7516     -2.028     0.1482    -0.7048 -9.990e-29
 243.594230     -2.043   0.246095    14.4621    -1.7518     -2.026     0.1485    -0.7041 -9.990e-29
 243.594236     -2.032   0.245155    14.4611    -1.7520     -2.015     0.1479    -0.7044 -9.990e-29
 243.594242     -2.016   0.244281    14.4614    -1.7519     -1.999     0.1474    -0.7049 -9.990e-29
 243.594248     -1.999   0.243967    14.4621    -1.7519     -1.982     0.1472    -0.7051 -9.990e-29
 243.594253     -1.980   0.243794    14.4627    -1.7520     -1.963     0.1471    -0.7053 -9.990e-29
 243.594259     -1.957   0.243533    14.4631    -1.7520     -1.941     0.1469    -0.7055 -9.990e-29
 243.594265     -1.933   0.242835    14.4631    -1.7520     -1.917     0.1465    -0.7058 -9.990e-29
 243.594271     -1.915   0.241873    14.4625    -1.7520     -1.899     0.1459    -0.7062 -9.990e-29
 243.594277     -1.902   0.241577    14.4610    -1.7520     -1.886     0.1457    -0.7061 -9.990e-29
 243.594282     -1.884   0.242105    14.4586    -1.7520     -1.868     0.1461    -0.7055 -9.990e-29
 243.594288     -1.862   0.242501    14.4565    -1.7520     -1.846     0.1463    -0.7050 -9.990e-29
 243.594294     -1.840   0.242188    14.4556    -1.7518     -1.825     0.1461    -0.7050 -9.990e-29
 243.594300     -1.824   0.241300    14.4551    -1.7516     -1.809     0.1456    -0.7054 -9.990e-29
 243.594306     -1.811   0.240311    14.4546    -1.7514     -1.796     0.1450    -0.7058 -9.990e-29
 243.594311     -1.800   0.239564    14.4545    -1.7513     -1.785     0.1445    -0.7061 -9.990e-29
 243.594317     -1.792   0.239168    14.4546    -1.7512     -1.777     0.1443    -0.7063 -9.990e-29
 243.594323     -1.785   0.239148    14.4547    -1.7510     -1.770     0.1443    -0.7063 -9.990e-29
 243.594329     -1.778   0.238922    14.4549    -1.7509     -1.763     0.1441    -0.7065 -9.990e-29
 243.594334     -1.773   0.238188    14.4556    -1.7508     -1.758     0.1437    -0.7069 -9.990e-29
 243.594340     -1.768   0.237629    14.4572    -1.7506     -1.753     0.1433    -0.7074 -9.990e-29
 243.594346     -1.762   0.237604    14.4603    -1.7505     -1.747     0.1433    -0.7079 -9.990e-29
 243.594352     -1.756   0.238079    14.4645    -1.7503     -1.741     0.1436    -0.7083 -9.990e-29
 243.594358     -1.750   0.239134    14.4688    -1.7501     -1.735     0.1442    -0.7084 -9.990e-29
 243.594363     -1.742   0.239960    14.4726    -1.7499     -1.727     0.1447    -0.7086 -9.990e-29
 243.594369     -1.732   0.239999    14.4761    -1.7498     -1.718     0.1447    -0.7091 -9.990e-29
 243.594375     -1.725   0.239856    14.4794    -1.7495     -1.711     0.1446    -0.7096 -9.990e-29
 243.594381     -1.723   0.239892    14.4827    -1.7492     -1.709     0.1446    -0.7101 -9.990e-29
 243.594387     -1.723   0.240155    14.4861    -1.7487     -1.709     0.1448    -0.7105 -9.990e-29
 243.594392     -1.719   0.240994    14.4895    -1.7484     -1.705     0.1453    -0.7106 -9.990e-29
 243.594398     -1.712   0.242422    14.4931    -1.7480     -1.698     0.1461    -0.7105 -9.990e-29
 243.594404     -1.702   0.243573    14.4976    -1.7476     -1.688     0.1468    -0.7106 -9.990e-29
 243.594410     -1.688   0.243770    14.5028    -1.7472     -1.674     0.1469    -0.7112 -9.990e-29
 243.594416     -1.668   0.243274    14.5082    -1.7469     -1.654     0.1466    -0.7123 -9.990e-29
 243.594421     -1.642   0.243083    14.5140    -1.7464     -1.628     0.1465    -0.7132 -9.990e-29
 243.594427     -1.617   0.244049    14.5208    -1.7460     -1.604     0.1470    -0.7138 -9.990e-29
 243.594433     -1.599   0.245799    14.5293    -1.7455     -1.586     0.1481    -0.7142 -9.990e-29
 243.594439     -1.583   0.247346    14.5388    -1.7450     -1.570     0.1490    -0.7149 -9.990e-29
 243.594444     -1.568   0.248538    14.5487    -1.7447     -1.555     0.1497    -0.7158 -9.990e-29
 243.594450     -1.557   0.249858    14.5589    -1.7443     -1.544     0.1504    -0.7167 -9.990e-29
 243.594456     -1.550   0.251405    14.5692    -1.7441     -1.537     0.1513    -0.7175 -9.990e-29
 243.594462     -1.546   0.253027    14.5791    -1.7438     -1.533     0.1523    -0.7182 -9.990e-29
 243.594468     -1.545   0.254673    14.5889    -1.7436     -1.532     0.1533    -0.7189 -9.990e-29
 243.594473     -1.547   0.256323    14.5992    -1.7433     -1.534     0.1542    -0.7196 -9.990e-29
 243.594479     -1.547   0.257964    14.6103    -1.7430     -1.534     0.1552    -0.7205 -9.990e-29
 243.594485     -1.542   0.259567    14.6218    -1.7426     -1.529     0.1561    -0.7215 -9.990e-29
 243.594491     -1.535   0.261058    14.6330    -1.7424     -1.522     0.1570    -0.7225 -9.990e-29
 243.594497     -1.531   0.262208    14.6433    -1.7423     -1.518     0.1576    -0.7235 -9.990e-29
 243.594502     -1.529   0.262892    14.6524    -1.7419     -1.516     0.1580    -0.7245 -9.990e-29
 243.594508     -1.528   0.263466    14.6599    -1.7417     -1.515     0.1584    -0.7254 -9.990e-29
 243.594514     -1.529   0.264140    14.6665    -1.7414     -1.516     0.1587    -0.7260 -9.990e-29
 243.594520     -1.528   0.264708    14.6737    -1.7412     -1.515     0.1591    -0.7268 -9.990e-29
 243.594525     -1.520   0.265371    14.6815    -1.7411     -1.507     0.1594    -0.7277 -9.990e-29
 243.594531     -1.509   0.266462    14.6896    -1.7409     -1.496     0.1601    -0.7284 -9.990e-29
 243.594537     -1.498   0.267775    14.6972    -1.7408     -1.486     0.1608    -0.7289 -9.990e-29
 243.594543     -1.487   0.268845    14.7035    -1.7405     -1.475     0.1615    -0.7294 -9.990e-29
 243.594549     -1.476   0.269439    14.7094    -1.7403     -1.464     0.1618    -0.7300 -9.990e-29
 243.594554     -1.463   0.269795    14.7160    -1.7402     -1.451     0.1620    -0.7308 -9.990e-29
 243.594560     -1.447   0.270388    14.7227    -1.7400     -1.435     0.1623    -0.7315 -9.990e-29
 243.594566     -1.433   0.271458    14.7287    -1.7397     -1.421     0.1630    -0.7319 -9.990e-29
 243.594572     -1.427   0.272769    14.7337    -1.7394     -1.415     0.1637    -0.7321 -9.990e-29
 243.594578     -1.430   0.273857    14.7383    -1.7391     -1.418     0.1644    -0.7323 -9.990e-29
 243.594583     -1.432   0.274514    14.7429    -1.7390     -1.420     0.1648    -0.7326 -9.990e-29
 243.594589     -1.430   0.275063    14.7478    -1.7388     -1.418     0.1651    -0.7331 -9.990e-29
 243.594595     -1.428   0.275682    14.7533    -1.7388     -1.416     0.1654    -0.7337 -9.990e-29
 243.594601     -1.429   0.276089    14.7585    -1.7386     -1.417     0.1657    -0.7343 -9.990e-29
 243.594606     -1.431   0.276273    14.7633    -1.7383     -1.419     0.1657    -0.7349 -9.990e-29
 243.594612     -1.433   0.276481    14.7685    -1.7382     -1.421     0.1659    -0.7356 -9.990e-29
 243.594618     -1.438   0.276989    14.7746    -1.7380     -1.426     0.1661    -0.7363 -9.990e-29
 243.594624     -1.445   0.277922    14.7811    -1.7378     -1.433     0.1667    -0.7368 -9.990e-29
 243.594630     -1.447   0.278864    14.7871    -1.7377     -1.435     0.1672    -0.7373 -9.990e-29
 243.594635     -1.447   0.279411    14.7921    -1.7376     -1.435     0.1675    -0.7378 -9.990e-29
 243.594641     -1.443   0.279739    14.7963    -1.7373     -1.431     0.1677    -0.7383 -9.990e-29
 243.594647     -1.435   0.280285    14.8003    -1.7372     -1.423     0.1680    -0.7386 -9.990e-29
 243.594653     -1.424   0.281226    14.8052    -1.7370     -1.412     0.1686    -0.7389 -9.990e-29
 243.594659     -1.411   0.282155    14.8105    -1.7369     -1.399     0.1691    -0.7393 -9.990e-29
 243.594664     -1.402   0.282651    14.8152    -1.7368     -1.390     0.1694    -0.7398 -9.990e-29
 243.594670     -1.395   0.282821    14.8195    -1.7366     -1.383     0.1695    -0.7403 -9.990e-29
 243.594676     -1.390   0.282894    14.8239    -1.7361     -1.378     0.1695    -0.7410 -9.990e-29
 243.594682     -1.382   0.282967    14.8281    -1.7349     -1.370     0.1696    -0.7416 -9.990e-29
 243.594687     -1.371   0.283137    14.8322    -1.7345     -1.360     0.1697    -0.7421 -9.990e-29
 243.594693     -1.364   0.283630    14.8364    -1.7341     -1.353     0.1699    -0.7425 -9.990e-29
 243.594699     -1.362   0.284553    14.8408    -1.7338     -1.351     0.1705    -0.7428 -9.990e-29
 243.594705     -1.356   0.285476    14.8454    -1.7336     -1.345     0.1710    -0.7430 -9.990e-29
 243.594711     -1.340   0.285969    14.8501    -1.7335     -1.329     0.1713    -0.7435 -9.990e-29
 243.594716     -1.318   0.286138    14.8553    -1.7334     -1.307     0.1714    -0.7442 -9.990e-29
 243.594722     -1.298   0.286206    14.8637    -1.7332     -1.287     0.1714    -0.7455 -9.990e-29
 243.594728     -1.282   0.286266    14.8781    -1.7331     -1.271     0.1714    -0.7477 -9.990e-29
 243.594734     -1.269   0.286396    14.8958    -1.7330     -1.258     0.1714    -0.7503 -9.990e-29
 243.594740     -1.259   0.286771    14.9107    -1.7329     -1.248     0.1715    -0.7524 -9.990e-29
 243.594745     -1.251   0.287337    14.9216    -1.7327     -1.241     0.1718    -0.7538 -9.990e-29
 243.594751     -1.244   0.287742    14.9300    -1.7325     -1.234     0.1721    -0.7549 -9.990e-29
 243.594757     -1.238   0.287974    14.9360    -1.7323     -1.228     0.1722    -0.7557 -9.990e-29
 243.594763     -1.232   0.288343    14.9402    -1.7321     -1.222     0.1724    -0.7562 -9.990e-29
 243.594769     -1.226   0.288787    14.9440    -1.7320     -1.216     0.1726    -0.7566 -9.990e-29
 243.594774     -1.220   0.288791    14.9478    -1.7318     -1.210     0.1726    -0.7572 -9.990e-29
 243.594780     -1.214   0.288362    14.9512    -1.7317     -1.204     0.1723    -0.7579 -9.990e-29
 243.594786     -1.206   0.288034    14.9546    -1.7316     -1.196     0.1721    -0.7586 -9.990e-29
 243.594792     -1.197   0.287925    14.9585    -1.7313     -1.187     0.1721    -0.7592 -9.990e-29
 243.594797     -1.190   0.287888    14.9630    -1.7310     -1.180     0.1720    -0.7599 -9.990e-29
 243.594803     -1.190   0.287875    14.9677    -1.7308     -1.180     0.1720    -0.7606 -9.990e-29
 243.594809     -1.191   0.287869    14.9724    -1.7306     -1.181     0.1720    -0.7614 -9.990e-29
 243.594815     -1.189   0.287863    14.9771    -1.7305     -1.179     0.1719    -0.7621 -9.990e-29
 243.594821     -1.185   0.287849    14.9818    -1.7302     -1.175     0.1719    -0.7628 -9.990e-29
 243.594826     -1.182   0.287807    14.9862    -1.7299     -1.172     0.1719    -0.7635 -9.990e-29
 243.594832     -1.185   0.287682    14.9904    -1.7297     -1.175     0.1718    -0.7642 -9.990e-29
 243.594838     -1.189   0.287309    14.9951    -1.7296     -1.179     0.1715    -0.7651 -9.990e-29
 243.594844     -1.190   0.286742    15.0010    -1.7295     -1.180     0.1712    -0.7663 -9.990e-29
 243.594850     -1.189   0.286331    15.0074    -1.7295     -1.179     0.1709    -0.7675 -9.990e-29
 243.594855     -1.186   0.286085    15.0134    -1.7292     -1.176     0.1707    -0.7685 -9.990e-29
 243.594861     -1.180   0.285674    15.0190    -1.7290     -1.170     0.1704    -0.7696 -9.990e-29
 243.594867     -1.170   0.285105    15.0248    -1.7288     -1.160     0.1701    -0.7708 -9.990e-29
 243.594873     -1.161   0.284727    15.0312    -1.7286     -1.151     0.1698    -0.7719 -9.990e-29
 243.594878     -1.156   0.284589    15.0375    -1.7285     -1.146     0.1697    -0.7730 -9.990e-29
 243.594884     -1.151   0.284505    15.0428    -1.7282     -1.141     0.1696    -0.7738 -9.990e-29
 243.594890     -1.140   0.284366    15.0467    -1.7280     -1.130     0.1695    -0.7745 -9.990e-29
 243.594896     -1.124   0.283987    15.0499    -1.7278     -1.115     0.1693    -0.7752 -9.990e-29
 243.594902     -1.106   0.283417    15.0534    -1.7277     -1.097     0.1689    -0.7760 -9.990e-29
 243.594907     -1.092   0.283002    15.0583    -1.7277     -1.083     0.1687    -0.7769 -9.990e-29
 243.594913     -1.083   0.282742    15.0639    -1.7276     -1.074     0.1685    -0.7779 -9.990e-29
 243.594919     -1.073   0.282291    15.0694    -1.7276     -1.064     0.1682    -0.7790 -9.990e-29
 243.594925     -1.065   0.281601    15.0748    -1.7274     -1.056     0.1678    -0.7801 -9.990e-29
 243.594931     -1.060   0.280858    15.0802    -1.7271     -1.051     0.1673    -0.7813 -9.990e-29
 243.594936     -1.053   0.280179    15.0857    -1.7268     -1.044     0.1669    -0.7825 -9.990e-29
 243.594942     -1.047   0.279767    15.0905    -1.7266     -1.038     0.1666    -0.7834 -9.990e-29
 243.594948     -1.046   0.279626    15.0946    -1.7264     -1.037     0.1665    -0.7841 -9.990e-29
 243.594954     -1.047   0.279566    15.0981    -1.7264     -1.038     0.1664    -0.7847 -9.990e-29
 243.594959     -1.040   0.279509    15.1009    -1.7262     -1.031     0.1664    -0.7852 -9.990e-29
