data/oxygen options/ONMS/Olympic_Coast_National_Marine_Sanctuary_Hypoxia_Survey_CTD_Data_2004_2015/raw_data/2012/CAST_HH035_120830faed.cnv
* Sea-Bird SBE19 Data File:
* FileName = C:\Documents and Settings\OCNMS\Desktop\2012 mooring data\2nd service\CAST_HH035_120830.hex
* Software Version 1.25
* Temperature SN = 2997
* Conductivity SN = 2997
* System UpLoad Time = Aug 30 2012 18:33:03
** CAST_HH035_120830
* SEACAT PROFILER V3.1c SN 2997   08/30/12  18:31:23.829
# nquan = 9                                 
# nvalues = 1526                        
# units = specified
# name 0 = timeJ: Julian Days
# name 1 = prSM: Pressure, Strain Gauge [db]
# name 2 = c0mS/cm: Conductivity [mS/cm]
# name 3 = t090C: Temperature [ITS-90, deg C]
# name 4 = sbeox0ML/L: Oxygen, SBE 43 [ml/l]
# name 5 = depSM: Depth [salt water, m], lat = 47.5
# name 6 = sal00: Salinity, Practical [PSU]
# name 7 = sigma-é00: Density [sigma-theta, kg/m^3]
# name 8 = flag: flag
# span 0 = 243.743924, 243.752749       
# span 1 =     -5.764,     30.820       
# span 2 =   0.242576,  38.585190       
# span 3 =    12.3202,    14.8943       
# span 4 =    -1.7614,    17.1762       
# span 5 =     -5.716,     30.560       
# span 6 =     0.1463,    32.7064       
# span 7 =    -0.7639,    24.7470       
# span 8 = 0.0000e+00, 0.0000e+00       
# interval = seconds: 0.5
# start_time = Aug 30 2012 17:51:15 [Instrument's time stamp, header]
# bad_flag = -9.990e-29
*END*
[from data line 1281]
 243.751337     26.081  37.988624    12.4975     6.0790     25.862    32.5973    24.6302 -9.990e-29
 243.751343     25.920  37.988781    12.4983     6.0679     25.702    32.5968    24.6296 -9.990e-29
 243.751348     25.790  37.989002    12.4988     6.0665     25.573    32.5967    24.6294 -9.990e-29
 243.751354     25.681  37.988441    12.4989     6.0681     25.465    32.5961    24.6289 -9.990e-29
 243.751360     25.593  37.987449    12.4987     6.0596     25.378    32.5953    24.6284 -9.990e-29
 243.751366     25.527  37.986363    12.4982     6.0596     25.312    32.5948    24.6280 -9.990e-29
 243.751372     25.484  37.984836    12.4977     6.0465     25.270    32.5938    24.6274 -9.990e-29
 243.751377     25.461  37.983612    12.4973     6.0532     25.247    32.5930    24.6268 -9.990e-29
 243.751383     25.457  37.983838    12.4971     6.0612     25.243    32.5933    24.6272 -9.990e-29
 243.751389     25.471  37.984674    12.4972     6.0711     25.257    32.5940    24.6277 -9.990e-29
 243.751395     25.504  37.984971    12.4973     6.0776     25.290    32.5942    24.6278 -9.990e-29
 243.751400     25.555  37.984542    12.4972     6.0743     25.340    32.5939    24.6276 -9.990e-29
 243.751406     25.617  37.983916    12.4973     6.0731     25.402    32.5932    24.6270 -9.990e-29
 243.751412     25.686  37.983914    12.4975     6.0634     25.470    32.5930    24.6268 -9.990e-29
 243.751418     25.758  37.984512    12.4974     6.0685     25.541    32.5936    24.6273 -9.990e-29
 243.751424     25.833  37.985365    12.4971     6.0765     25.616    32.5946    24.6282 -9.990e-29
 243.751429     25.917  37.986469    12.4967     6.0867     25.699    32.5960    24.6293 -9.990e-29
 243.751435     26.009  37.987594    12.4961     6.0966     25.790    32.5976    24.6306 -9.990e-29
 243.751441     26.108  37.988536    12.4958     6.0934     25.888    32.5987    24.6316 -9.990e-29
 243.751447     26.212  37.989406    12.4959     6.0949     25.992    32.5994    24.6321 -9.990e-29
 243.751453     26.313  37.990224    12.4959     6.0931     26.092    32.6001    24.6327 -9.990e-29
 243.751458     26.405  37.990936    12.4953     6.0858     26.183    32.6013    24.6337 -9.990e-29
 243.751464     26.487  37.991348    12.4942     6.0897     26.264    32.6026    24.6349 -9.990e-29
 243.751470     26.553  37.991429    12.4931     6.0812     26.330    32.6036    24.6359 -9.990e-29
 243.751476     26.610  37.991262    12.4918     6.0741     26.386    32.6046    24.6369 -9.990e-29
 243.751481     26.668  37.991164    12.4902     6.0682     26.444    32.6058    24.6382 -9.990e-29
 243.751487     26.731  37.991545    12.4887     6.0591     26.506    32.6075    24.6397 -9.990e-29
 243.751493     26.796  37.992328    12.4866     6.0619     26.571    32.6100    24.6421 -9.990e-29
 243.751499     26.857  37.993417    12.4813     6.0534     26.631    32.6156    24.6475 -9.990e-29
 243.751505     26.918  37.995119    12.4710     6.0483     26.692    32.6262    24.6576 -9.990e-29
 243.751510     26.992  37.998002    12.4597     6.0371     26.765    32.6387    24.6695 -9.990e-29
 243.751516     27.076  38.001405    12.4532     6.0302     26.848    32.6476    24.6776 -9.990e-29
 243.751522     27.152  38.003677    12.4520     6.0430     26.924    32.6508    24.6803 -9.990e-29
 243.751528     27.217  38.004462    12.4518     6.0445     26.988    32.6517    24.6811 -9.990e-29
 243.751534     27.276  38.004783    12.4498     6.0507     27.047    32.6537    24.6830 -9.990e-29
 243.751539     27.331  38.005046    12.4475     6.0520     27.101    32.6559    24.6852 -9.990e-29
 243.751545     27.383  38.005020    12.4468     6.0581     27.153    32.6565    24.6858 -9.990e-29
 243.751551     27.430  38.005209    12.4473     6.0577     27.199    32.6562    24.6855 -9.990e-29
 243.751557     27.480  38.005841    12.4480     6.0639     27.249    32.6562    24.6853 -9.990e-29
 243.751563     27.536  38.006616    12.4483     6.0571     27.304    32.6566    24.6856 -9.990e-29
 243.751568     27.588  38.007427    12.4486     6.0270     27.356    32.6571    24.6859 -9.990e-29
 243.751574     27.632  38.008213    12.4489     5.9758     27.400    32.6576    24.6862 -9.990e-29
 243.751580     27.673  38.008877    12.4488     5.9431     27.440    32.6583    24.6868 -9.990e-29
 243.751586     27.716  38.009726    12.4479     5.9212     27.483    32.6599    24.6882 -9.990e-29
 243.751591     27.753  38.011125    12.4447     5.9253     27.520    32.6640    24.6920 -9.990e-29
 243.751597     27.788  38.012694    12.4380     5.9427     27.554    32.6713    24.6989 -9.990e-29
 243.751603     27.827  38.013552    12.4291     5.9573     27.593    32.6799    24.7073 -9.990e-29
 243.751609     27.868  38.013193    12.4226     5.9665     27.634    32.6852    24.7126 -9.990e-29
 243.751615     27.905  38.012664    12.4213     5.9725     27.670    32.6858    24.7133 -9.990e-29
 243.751620     27.932  38.012974    12.4237     5.9688     27.697    32.6840    24.7115 -9.990e-29
 243.751626     27.946  38.013445    12.4268     5.9754     27.711    32.6817    24.7092 -9.990e-29
 243.751632     27.948  38.013619    12.4292     5.9801     27.713    32.6798    24.7072 -9.990e-29
 243.751638     27.944  38.013763    12.4308     5.9883     27.709    32.6785    24.7059 -9.990e-29
 243.751644     27.940  38.014104    12.4314     5.9910     27.705    32.6784    24.7057 -9.990e-29
 243.751649     27.941  38.014570    12.4310     5.9879     27.706    32.6791    24.7064 -9.990e-29
 243.751655     27.948  38.014696    12.4304     5.9927     27.713    32.6798    24.7070 -9.990e-29
 243.751661     27.955  38.014683    12.4309     6.0048     27.720    32.6793    24.7065 -9.990e-29
 243.751667     27.956  38.015106    12.4323     6.0155     27.721    32.6785    24.7056 -9.990e-29
 243.751672     27.945  38.015442    12.4335     6.0222     27.710    32.6778    24.7048 -9.990e-29
 243.751678     27.927  38.015053    12.4342     6.0039     27.692    32.6768    24.7039 -9.990e-29
 243.751684     27.909  38.014575    12.4347     5.9795     27.674    32.6759    24.7032 -9.990e-29
 243.751690     27.894  38.014527    12.4356     5.9582     27.659    32.6751    24.7024 -9.990e-29
 243.751696     27.881  38.014317    12.4366     5.9418     27.646    32.6741    24.7013 -9.990e-29
 243.751701     27.873  38.013700    12.4370     5.9544     27.639    32.6731    24.7005 -9.990e-29
 243.751707     27.875  38.013567    12.4361     5.9654     27.640    32.6738    24.7012 -9.990e-29
 243.751713     27.886  38.014335    12.4337     5.9746     27.651    32.6766    24.7039 -9.990e-29
 243.751719     27.908  38.014820    12.4309     5.9860     27.673    32.6795    24.7066 -9.990e-29
 243.751725     27.932  38.014584    12.4298     5.9839     27.697    32.6802    24.7074 -9.990e-29
 243.751730     27.944  38.014465    12.4304     5.9907     27.709    32.6796    24.7068 -9.990e-29
 243.751736     27.935  38.014337    12.4315     6.0037     27.700    32.6785    24.7057 -9.990e-29
 243.751742     27.910  38.014061    12.4325     6.0169     27.675    32.6774    24.7047 -9.990e-29
 243.751748     27.875  38.013862    12.4334     6.0250     27.640    32.6764    24.7038 -9.990e-29
 243.751753     27.837  38.013511    12.4345     6.0406     27.603    32.6751    24.7026 -9.990e-29
 243.751759     27.801  38.013132    12.4357     6.0434     27.567    32.6737    24.7013 -9.990e-29
 243.751765     27.774  38.012816    12.4371     6.0587     27.540    32.6722    24.6998 -9.990e-29
 243.751771     27.764  38.012176    12.4388     6.0378     27.530    32.6701    24.6979 -9.990e-29
 243.751777     27.772  38.010955    12.4402     5.9979     27.538    32.6677    24.6958 -9.990e-29
 243.751782     27.801  38.009799    12.4410     5.9593     27.567    32.6659    24.6942 -9.990e-29
 243.751788     27.856  38.008883    12.4414     5.9230     27.622    32.6647    24.6932 -9.990e-29
 243.751794     27.945  38.008139    12.4412     5.9077     27.710    32.6641    24.6928 -9.990e-29
 243.751800     28.069  38.008849    12.4397     5.9028     27.833    32.6660    24.6945 -9.990e-29
 243.751806     28.223  38.010875    12.4356     5.9001     27.986    32.6715    24.6995 0.0000e+00
 243.751811     28.404  38.011907    12.4282     5.9030     28.165    32.6788    24.7067 0.0000e+00
 243.751817     28.616  38.009994    12.4172     5.9030     28.375    32.6865    24.7147 0.0000e+00
 243.751823     28.854  38.004859    12.4034     5.9046     28.611    32.6935    24.7228 0.0000e+00
 243.751829     29.113  37.996968    12.3887     5.8947     28.868    32.6986    24.7296 0.0000e+00
 243.751834     29.391  37.987596    12.3753     5.8919     29.144    32.7012    24.7341 0.0000e+00
 243.751840     29.681  37.978842    12.3643     5.8972     29.431    32.7023    24.7371 0.0000e+00
 243.751846     29.971  37.970829    12.3537     5.9103     29.719    32.7037    24.7402 0.0000e+00
 243.751852     30.250  37.961866    12.3416     5.9291     29.995    32.7056    24.7439 0.0000e+00
 243.751858     30.496  37.951236    12.3289     5.9336     30.239    32.7064    24.7470 0.0000e+00
 243.751863     30.687  37.938801    12.3202     5.9188     30.429    32.7019    24.7452 -9.990e-29
 243.751869     30.801  37.929858    12.3213     5.8978     30.542    32.6924    24.7375 -9.990e-29
 243.751875     30.820  37.932681    12.3301     5.8982     30.560    32.6874    24.7320 -9.990e-29
 243.751881     30.744  37.943219    12.3383     5.8962     30.485    32.6904    24.7328 -9.990e-29
 243.751887     30.600  37.952028    12.3437     5.8976     30.342    32.6942    24.7347 0.0000e+00
 243.751892     30.423  37.958007    12.3491     5.8936     30.167    32.6953    24.7345 0.0000e+00
 243.751898     30.252  37.964125    12.3556     5.8964     29.997    32.6955    24.7335 0.0000e+00
 243.751904     30.108  37.970734    12.3613     5.9029     29.855    32.6970    24.7335 -9.990e-29
 243.751910     29.999  37.975477    12.3650     5.9138     29.746    32.6983    24.7339 -9.990e-29
 243.751916     29.924  37.977431    12.3670     5.9032     29.672    32.6985    24.7336 -9.990e-29
 243.751921     29.874  37.977557    12.3676     5.9029     29.623    32.6981    24.7332 -9.990e-29
 243.751927     29.835  37.977177    12.3680     5.9023     29.584    32.6974    24.7326 -9.990e-29
 243.751933     29.798  37.977497    12.3686     5.9016     29.547    32.6972    24.7323 -9.990e-29
 243.751939     29.751  37.978418    12.3694     5.9053     29.501    32.6974    24.7323 -9.990e-29
 243.751944     29.687  37.979519    12.3709     5.9017     29.437    32.6972    24.7318 -9.990e-29
 243.751950     29.607  37.981742    12.3731     5.9071     29.358    32.6974    24.7316 -9.990e-29
 243.751956     29.513  37.985282    12.3754     5.9203     29.265    32.6989    24.7323 -9.990e-29
 243.751962     29.405  37.988173    12.3784     5.9228     29.158    32.6991    24.7319 -9.990e-29
 243.751968     29.275  37.989820    12.3823     5.9401     29.029    32.6973    24.7297 0.0000e+00
 243.751973     29.120  37.991333    12.3864     5.9569     28.875    32.6952    24.7274 0.0000e+00
 243.751979     28.937  37.993085    12.3903     5.9805     28.693    32.6936    24.7253 0.0000e+00
 243.751985     28.724  37.995203    12.3947     6.0135     28.482    32.6919    24.7232 0.0000e+00
 243.751991     28.481  37.998307    12.3999     6.0381     28.241    32.6904    24.7210 0.0000e+00
 243.751997     28.208  38.002090    12.4060     6.0616     27.971    32.6889    24.7187 0.0000e+00
 243.752002     27.907  38.004907    12.4141     6.0875     27.672    32.6846    24.7138 0.0000e+00
 243.752008     27.578  38.006069    12.4239     6.0990     27.346    32.6773    24.7063 0.0000e+00
 243.752014     27.227  38.005480    12.4328     6.1144     26.998    32.6692    24.6983 0.0000e+00
 243.752020     26.853  38.002953    12.4414     6.1168     26.627    32.6594    24.6891 0.0000e+00
 243.752025     26.458  37.999075    12.4514     6.1036     26.236    32.6472    24.6776 0.0000e+00
 243.752031     26.050  37.995438    12.4626     6.0921     25.831    32.6341    24.6654 0.0000e+00
 243.752037     25.630  37.992831    12.4748     6.0740     25.415    32.6212    24.6530 0.0000e+00
 243.752043     25.188  37.990618    12.4867     6.0564     24.976    32.6090    24.6412 0.0000e+00
 243.752049     24.717  37.988686    12.4955     6.0370     24.509    32.5997    24.6323 0.0000e+00
 243.752054     24.218  37.987296    12.4999     6.0044     24.014    32.5947    24.6277 0.0000e+00
 243.752060     23.697  37.986315    12.5012     5.9867     23.498    32.5929    24.6260 0.0000e+00
 243.752066     23.168  37.985033    12.5006     5.9438     22.973    32.5924    24.6257 0.0000e+00
 243.752072     22.641  37.982339    12.4977     5.9189     22.451    32.5925    24.6263 0.0000e+00
 243.752078     22.115  37.976918    12.4921     5.8955     21.929    32.5924    24.6273 0.0000e+00
 243.752083     21.597  37.968301    12.4853     5.8784     21.416    32.5903    24.6270 0.0000e+00
 243.752089     21.091  37.958480    12.4799     5.8808     20.914    32.5858    24.6245 0.0000e+00
 243.752095     20.600  37.948403    12.4763     5.8770     20.427    32.5795    24.6203 0.0000e+00
 243.752101     20.123  37.938674    12.4734     5.8769     19.954    32.5729    24.6157 0.0000e+00
 243.752106     19.655  37.932042    12.4708     5.8806     19.490    32.5690    24.6132 0.0000e+00
 243.752112     19.196  37.928102    12.4686     5.8891     19.035    32.5673    24.6123 0.0000e+00
 243.752118     18.747  37.925000    12.4671     5.9297     18.590    32.5659    24.6114 0.0000e+00
 243.752124     18.300  37.922554    12.4659     6.0487     18.146    32.5647    24.6108 0.0000e+00
 243.752130     17.850  37.920339    12.4646     6.3199     17.700    32.5639    24.6104 0.0000e+00
 243.752135     17.392  37.917678    12.4626     6.6587     17.246    32.5633    24.6103 0.0000e+00
 243.752141     16.928  37.913858    12.4600     7.0387     16.786    32.5621    24.6098 0.0000e+00
 243.752147     16.467  37.907743    12.4564     7.3483     16.329    32.5596    24.6085 0.0000e+00
 243.752153     16.018  37.896260    12.4508     7.5582     15.884    32.5536    24.6050 0.0000e+00
 243.752159     15.586  37.873096    12.4505     7.6727     15.455    32.5319    24.5882 0.0000e+00
 243.752164     15.183  37.837655    12.4697     7.7144     15.056    32.4816    24.5455 0.0000e+00
 243.752170     14.826  37.805460    12.5096     7.7018     14.702    32.4165    24.4875 0.0000e+00
 243.752176     14.527  37.793001    12.5528     7.6975     14.405    32.3675    24.4412 0.0000e+00
 243.752182     14.283  37.793229    12.5860     7.6872     14.163    32.3393    24.4130 0.0000e+00
 243.752187     14.079  37.799206    12.6167     7.6797     13.961    32.3187    24.3911 0.0000e+00
 243.752193     13.898  37.818945    12.6524     7.6808     13.782    32.3069    24.3752 0.0000e+00
 243.752199     13.736  37.850791    12.6897     7.6769     13.621    32.3053    24.3667 0.0000e+00
 243.752205     13.597  37.881225    12.7210     7.6565     13.483    32.3074    24.3623 -9.990e-29
 243.752211     13.477  37.897087    12.7459     7.6613     13.364    32.3012    24.3527 -9.990e-29
 243.752216     13.366  37.907801    12.7716     7.6730     13.254    32.2894    24.3386 -9.990e-29
 243.752222     13.259  37.927132    12.7993     7.6783     13.148    32.2841    24.3291 -9.990e-29
 243.752228     13.148  37.954560    12.8278     7.6737     13.038    32.2858    24.3249 -9.990e-29
 243.752234     13.031  37.992522    12.8569     7.6666     12.922    32.2969    24.3278 -9.990e-29
 243.752240     12.908  38.030609    12.8792     7.6512     12.800    32.3139    24.3367 -9.990e-29
 243.752245     12.782  38.051857    12.8936     7.6306     12.675    32.3218    24.3399 0.0000e+00
 243.752251     12.651  38.061667    12.9109     7.5993     12.545    32.3163    24.3323 0.0000e+00
