data/oxygen options/ONMS/Olympic_Coast_National_Marine_Sanctuary_Hypoxia_Survey_CTD_Data_2004_2015/raw_data/2012/CAST_HH035_120830faedb.cnv
* Sea-Bird SBE19 Data File:
* FileName = C:\Documents and Settings\OCNMS\Desktop\2012 mooring data\2nd service\CAST_HH035_120830.hex
* Software Version 1.25
* Temperature SN = 2997
* Conductivity SN = 2997
* System UpLoad Time = Aug 30 2012 18:33:03
** CAST_HH035_120830
* SEACAT PROFILER V3.1c SN 2997   08/30/12  18:31:23.829
# nquan = 9
# nvalues = 30                          
# units = specified
# name 0 = timeJ: Julian Days
# name 1 = prSM: Pressure, Strain Gauge [db]
# name 2 = c0mS/cm: Conductivity [mS/cm]
# name 3 = t090C: Temperature [ITS-90, deg C]
# name 4 = sbeox0ML/L: Oxygen, SBE 43 [ml/l]
# name 5 = depSM: Depth [salt water, m], lat = 47.5
# name 6 = sal00: Salinity, Practical [PSU]
# name 7 = sigma-é00: Density [sigma-theta, kg/m^3]
# name 8 = flag: flag
# span 0 = 243.750951, 243.751917       
# span 1 =      2.000,     31.000       
# span 2 =  37.852305,  38.363362       
# span 3 =    12.3410,    13.3265       
# span 4 =     5.7274,     7.7102       
# span 5 =      1.983,     30.738       
# span 6 =    32.2509,    32.7036       
# span 7 =    24.1996,    24.7405       
# span 8 = 0.0000e+00, 0.0000e+00       
# interval = decibars: 1                
# start_time = Aug 30 2012 17:51:15 [Instrument's time stamp, header]
# bad_flag = -9.990e-29
*END*
 243.750951      2.000  38.363362    13.3265     7.7102      1.983    32.2509    24.1996 0.0000e+00
 243.750974      3.000  38.361297    13.3233     7.6328      2.975    32.2512    24.2005 0.0000e+00
 243.750991      4.000  38.359055    13.3185     7.5941      3.966    32.2528    24.2028 0.0000e+00
 243.751005      5.000  38.355084    13.3059     7.6350      4.958    32.2593    24.2103 0.0000e+00
 243.751019      6.000  38.344726    13.2864     7.6041      5.950    32.2658    24.2192 0.0000e+00
 243.751031      7.000  38.330186    13.2607     7.5926      6.941    32.2735    24.2303 0.0000e+00
 243.751043      8.000  38.314265    13.2337     7.5850      7.933    32.2812    24.2416 0.0000e+00
 243.751054      9.000  38.294189    13.1920     7.5250      8.925    32.2973    24.2624 0.0000e+00
 243.751066     10.000  38.251922    13.1231     7.1356      9.916    32.3158    24.2904 0.0000e+00
 243.751076     11.000  38.197786    13.0332     6.3661     10.908    32.3410    24.3275 0.0000e+00
 243.751087     12.000  38.087527    12.8393     5.7466     11.899    32.4023    24.4129 0.0000e+00
 243.751098     13.000  37.897131    12.5843     5.7274     12.891    32.4403    24.4915 0.0000e+00
 243.751108     14.000  37.852305    12.4812     5.8108     13.883    32.4861    24.5468 0.0000e+00
 243.751118     15.000  37.892806    12.4618     5.8650     14.874    32.5412    24.5932 0.0000e+00
 243.751128     16.000  37.909919    12.4577     5.9060     15.866    32.5608    24.6092 0.0000e+00
 243.751138     17.000  37.912132    12.4549     5.9478     16.858    32.5648    24.6129 0.0000e+00
 243.751149     18.000  37.913153    12.4541     6.0063     17.849    32.5661    24.6141 0.0000e+00
 243.751158     19.000  37.916029    12.4566     6.0319     18.841    32.5662    24.6137 0.0000e+00
 243.751169     20.000  37.919147    12.4570     6.0666     19.832    32.5686    24.6154 0.0000e+00
 243.751180     21.000  37.919817    12.4579     6.1183     20.824    32.5680    24.6149 0.0000e+00
 243.751190     22.000  37.932580    12.4703     6.1406     21.815    32.5690    24.6133 0.0000e+00
 243.751200     23.000  37.957084    12.4844     6.1371     22.807    32.5798    24.6191 0.0000e+00
 243.751210     24.000  37.972213    12.4914     6.0995     23.798    32.5878    24.6239 0.0000e+00
 243.751220     25.000  37.980363    12.4912     6.0043     24.790    32.5953    24.6298 0.0000e+00
 243.751231     26.000  37.988342    12.4786     5.9527     25.781    32.6135    24.6463 0.0000e+00
 243.751242     27.000  38.001193    12.4407     5.9684     26.773    32.6582    24.6883 0.0000e+00
 243.751461     28.000  38.009377    12.4218     5.9512     27.765    32.6822    24.7105 0.0000e+00
 243.751828     29.000  37.999782    12.3960     5.8982     28.756    32.6950    24.7254 0.0000e+00
 243.751847     30.000  37.968767    12.3515     5.9158     29.747    32.7036    24.7405 0.0000e+00
 243.751917     31.000  37.941107    12.3410     5.8817     30.738    32.6860    24.7288 0.0000e+00
