data/oxygen options/ONMS/Olympic_Coast_National_Marine_Sanctuary_Hypoxia_Survey_CTD_Data_2004_2015/raw_data/2012/CAST_HH065_120906faed.cnv
* Sea-Bird SBE19 Data File:
* FileName = C:\Documents and Settings\OCNMS\Desktop\2012 mooring data\Hypoxia Sampling\CAST_HH065_120906.hex
* Software Version 1.25
* Temperature SN = 2997
* Conductivity SN = 2997
* System UpLoad Time = Sep 06 2012 11:38:10
** CAST_HH065_120906
* SEACAT PROFILER V3.1c SN 2997   09/06/12  11:32:10.677
# nquan = 9                                 
# nvalues = 1539                        
# units = specified
# name 0 = timeJ: Julian Days
# name 1 = prSM: Pressure, Strain Gauge [db]
# name 2 = c0mS/cm: Conductivity [mS/cm]
# name 3 = t090C: Temperature [ITS-90, deg C]
# name 4 = sbeox0ML/L: Oxygen, SBE 43 [ml/l]
# name 5 = depSM: Depth [salt water, m], lat = 47.5
# name 6 = sal00: Salinity, Practical [PSU]
# name 7 = sigma-é00: Density [sigma-theta, kg/m^3]
# name 8 = flag: flag
# span 0 = 250.380833, 250.389734       
# span 1 =     -5.017,     65.909       
# span 2 =   0.004780,  39.052343       
# span 3 =     7.2225,    13.9350       
# span 4 =   -15.3422,    24.3319       
# span 5 =     -4.975,     65.348       
# span 6 =     0.0077,    33.7994       
# span 7 =    -0.4785,    26.4431       
# span 8 = 0.0000e+00, 0.0000e+00       
# interval = seconds: 0.5
# start_time = Sep 06 2012 09:08:24 [Instrument's time stamp, header]
# bad_flag = -9.990e-29
*END*
[from data line 1121]
 250.387321     39.381  34.510737     7.6060     2.8245     39.049    33.5355    26.1813 -9.990e-29
 250.387326     39.511  34.514878     7.6100     2.7298     39.177    33.5360    26.1812 0.0000e+00
 250.387332     39.661  34.521060     7.6136     2.6697     39.326    33.5392    26.1831 0.0000e+00
 250.387338     39.830  34.528573     7.6178     2.6360     39.494    33.5431    26.1856 0.0000e+00
 250.387344     40.019  34.540160     7.6225     2.6585     39.681    33.5510    26.1912 0.0000e+00
 250.387350     40.227  34.555596     7.6242     2.6957     39.887    33.5659    26.2027 0.0000e+00
 250.387355     40.442  34.566347     7.6230     2.7134     40.101    33.5786    26.2128 0.0000e+00
 250.387361     40.640  34.569952     7.6233     2.6722     40.297    33.5821    26.2155 0.0000e+00
 250.387367     40.802  34.571223     7.6251     2.5899     40.457    33.5817    26.2149 0.0000e+00
 250.387373     40.935  34.571300     7.6255     2.5328     40.589    33.5813    26.2145 -9.990e-29
 250.387378     41.056  34.569171     7.6226     2.5145     40.709    33.5817    26.2153 -9.990e-29
 250.387384     41.177  34.566490     7.6141     2.5330     40.829    33.5870    26.2207 -9.990e-29
 250.387390     41.305  34.564731     7.6012     2.5595     40.956    33.5975    26.2308 0.0000e+00
 250.387396     41.444  34.562675     7.5903     2.5543     41.094    33.6058    26.2388 0.0000e+00
 250.387402     41.586  34.560946     7.5860     2.5331     41.235    33.6080    26.2412 0.0000e+00
 250.387407     41.715  34.561165     7.5871     2.5216     41.363    33.6071    26.2403 -9.990e-29
 250.387413     41.825  34.562508     7.5903     2.5063     41.472    33.6054    26.2385 -9.990e-29
 250.387419     41.929  34.563410     7.5914     2.4893     41.575    33.6052    26.2383 -9.990e-29
 250.387425     42.040  34.562844     7.5871     2.4495     41.685    33.6087    26.2416 -9.990e-29
 250.387431     42.175  34.560623     7.5785     2.4398     41.819    33.6146    26.2475 0.0000e+00
 250.387436     42.338  34.557715     7.5698     2.4478     41.980    33.6198    26.2528 0.0000e+00
 250.387442     42.518  34.555291     7.5632     2.4646     42.159    33.6235    26.2566 0.0000e+00
 250.387448     42.706  34.553484     7.5590     2.4791     42.345    33.6255    26.2588 0.0000e+00
 250.387454     42.886  34.552129     7.5570     2.4798     42.524    33.6259    26.2594 0.0000e+00
 250.387459     43.042  34.551665     7.5570     2.4749     42.678    33.6253    26.2589 0.0000e+00
 250.387465     43.169  34.552600     7.5586     2.4760     42.804    33.6247    26.2583 -9.990e-29
 250.387471     43.277  34.554507     7.5609     2.4771     42.911    33.6245    26.2578 -9.990e-29
 250.387477     43.371  34.556015     7.5621     2.4756     43.005    33.6249    26.2579 -9.990e-29
 250.387483     43.458  34.555782     7.5611     2.4680     43.091    33.6256    26.2586 -9.990e-29
 250.387488     43.544  34.554066     7.5592     2.4539     43.176    33.6255    26.2588 -9.990e-29
 250.387494     43.637  34.552509     7.5582     2.4480     43.268    33.6248    26.2584 -9.990e-29
 250.387500     43.749  34.551841     7.5575     2.4465     43.379    33.6247    26.2584 -9.990e-29
 250.387506     43.882  34.551180     7.5550     2.4416     43.511    33.6263    26.2600 0.0000e+00
 250.387512     44.040  34.549653     7.5505     2.4320     43.668    33.6290    26.2627 0.0000e+00
 250.387517     44.229  34.547469     7.5453     2.4175     43.855    33.6315    26.2655 0.0000e+00
 250.387523     44.443  34.545087     7.5408     2.4215     44.067    33.6332    26.2675 0.0000e+00
 250.387529     44.668  34.543256     7.5385     2.4183     44.290    33.6334    26.2679 0.0000e+00
 250.387535     44.886  34.542899     7.5378     2.4108     44.507    33.6335    26.2682 0.0000e+00
 250.387541     45.091  34.543547     7.5368     2.3993     44.710    33.6351    26.2696 0.0000e+00
 250.387546     45.278  34.543828     7.5348     2.3999     44.895    33.6373    26.2715 0.0000e+00
 250.387552     45.446  34.543005     7.5319     2.4143     45.062    33.6391    26.2734 0.0000e+00
 250.387558     45.602  34.541105     7.5285     2.4126     45.216    33.6403    26.2748 0.0000e+00
 250.387564     45.752  34.538965     7.5267     2.4184     45.365    33.6396    26.2745 0.0000e+00
 250.387569     45.891  34.537657     7.5280     2.3942     45.503    33.6369    26.2722 0.0000e+00
 250.387575     46.017  34.538244     7.5308     2.3586     45.628    33.6347    26.2701 -9.990e-29
 250.387581     46.137  34.540396     7.5318     2.3089     45.747    33.6360    26.2710 -9.990e-29
 250.387587     46.266  34.541391     7.5288     2.2451     45.875    33.6400    26.2745 0.0000e+00
 250.387593     46.419  34.539763     7.5213     2.1864     46.026    33.6454    26.2799 0.0000e+00
 250.387598     46.604  34.536150     7.5096     2.1417     46.210    33.6528    26.2873 0.0000e+00
 250.387604     46.828  34.530782     7.4935     2.1431     46.432    33.6624    26.2972 0.0000e+00
 250.387610     47.086  34.523230     7.4736     2.1436     46.688    33.6735    26.3087 0.0000e+00
 250.387616     47.354  34.514071     7.4551     2.1341     46.953    33.6814    26.3175 0.0000e+00
 250.387622     47.615  34.505656     7.4440     2.1176     47.212    33.6829    26.3203 0.0000e+00
 250.387627     47.861  34.500211     7.4401     2.1065     47.456    33.6807    26.3191 0.0000e+00
 250.387633     48.081  34.497760     7.4357     2.1276     47.674    33.6822    26.3209 0.0000e+00
 250.387639     48.272  34.495599     7.4253     2.1556     47.864    33.6899    26.3284 0.0000e+00
 250.387645     48.438  34.491414     7.4142     2.1667     48.028    33.6960    26.3348 0.0000e+00
 250.387650     48.577  34.487472     7.4113     2.1535     48.166    33.6945    26.3340 -9.990e-29
 250.387656     48.684  34.488043     7.4175     2.1456     48.272    33.6890    26.3289 -9.990e-29
 250.387662     48.762  34.492213     7.4251     2.1445     48.349    33.6861    26.3255 -9.990e-29
 250.387668     48.820  34.495466     7.4270     2.1416     48.407    33.6878    26.3266 -9.990e-29
 250.387674     48.880  34.495428     7.4228     2.1364     48.466    33.6918    26.3303 -9.990e-29
 250.387679     48.965  34.492621     7.4163     2.1134     48.551    33.6950    26.3338 -9.990e-29
 250.387685     49.090  34.489473     7.4090     2.0904     48.675    33.6987    26.3377 0.0000e+00
 250.387691     49.255  34.486275     7.3996     2.0804     48.838    33.7043    26.3434 0.0000e+00
 250.387697     49.453  34.481568     7.3885     2.0751     49.034    33.7099    26.3493 0.0000e+00
 250.387703     49.679  34.476364     7.3787     2.0747     49.258    33.7136    26.3537 0.0000e+00
 250.387708     49.927  34.472129     7.3710     2.0802     49.504    33.7164    26.3570 0.0000e+00
 250.387714     50.186  34.468823     7.3651     2.0918     49.761    33.7184    26.3594 0.0000e+00
 250.387720     50.443  34.466520     7.3612     2.0974     50.016    33.7196    26.3609 0.0000e+00
 250.387726     50.681  34.465516     7.3603     2.0984     50.252    33.7193    26.3607 0.0000e+00
 250.387731     50.883  34.466157     7.3628     2.0758     50.452    33.7174    26.3589 0.0000e+00
 250.387737     51.046  34.468182     7.3667     2.0546     50.614    33.7158    26.3571 0.0000e+00
 250.387743     51.181  34.469818     7.3686     2.0569     50.748    33.7156    26.3567 0.0000e+00
 250.387749     51.308  34.469334     7.3662     2.0598     50.873    33.7174    26.3584 0.0000e+00
 250.387755     51.449  34.466652     7.3605     2.0589     51.013    33.7199    26.3612 0.0000e+00
 250.387760     51.612  34.463249     7.3539     2.0389     51.175    33.7226    26.3643 0.0000e+00
 250.387766     51.796  34.460193     7.3474     2.0178     51.357    33.7255    26.3675 0.0000e+00
 250.387772     51.994  34.457337     7.3413     2.0224     51.554    33.7283    26.3705 0.0000e+00
 250.387778     52.202  34.454800     7.3369     2.0299     51.760    33.7297    26.3722 0.0000e+00
 250.387784     52.412  34.453125     7.3345     2.0291     51.968    33.7301    26.3729 0.0000e+00
 250.387789     52.612  34.452323     7.3337     2.0255     52.166    33.7299    26.3729 0.0000e+00
 250.387795     52.797  34.452451     7.3339     2.0175     52.350    33.7298    26.3727 0.0000e+00
 250.387801     52.971  34.453125     7.3343     2.0166     52.522    33.7300    26.3729 0.0000e+00
 250.387807     53.135  34.453009     7.3327     2.0180     52.685    33.7314    26.3742 0.0000e+00
 250.387813     53.296  34.451956     7.3288     2.0145     52.844    33.7340    26.3767 0.0000e+00
 250.387818     53.460  34.450810     7.3254     1.9940     53.007    33.7360    26.3788 0.0000e+00
 250.387824     53.629  34.450294     7.3234     1.9688     53.175    33.7373    26.3801 0.0000e+00
 250.387830     53.806  34.450287     7.3218     1.9351     53.350    33.7387    26.3815 0.0000e+00
 250.387836     53.991  34.449668     7.3194     1.9040     53.533    33.7403    26.3830 0.0000e+00
 250.387841     54.195  34.448180     7.3153     1.8737     53.736    33.7426    26.3854 0.0000e+00
 250.387847     54.424  34.446089     7.3084     1.8603     53.963    33.7469    26.3898 0.0000e+00
 250.387853     54.676  34.443413     7.2988     1.8561     54.212    33.7533    26.3961 0.0000e+00
 250.387859     54.937  34.440513     7.2890     1.8623     54.471    33.7596    26.4024 0.0000e+00
 250.387865     55.190  34.438009     7.2821     1.8705     54.722    33.7634    26.4065 0.0000e+00
 250.387870     55.422  34.436487     7.2791     1.8527     54.952    33.7646    26.4078 0.0000e+00
 250.387876     55.624  34.436721     7.2798     1.8449     55.152    33.7641    26.4073 0.0000e+00
 250.387882     55.802  34.438470     7.2826     1.8371     55.329    33.7632    26.4062 0.0000e+00
 250.387888     55.976  34.439593     7.2841     1.8257     55.501    33.7628    26.4057 0.0000e+00
 250.387894     56.164  34.438798     7.2817     1.8166     55.688    33.7642    26.4072 0.0000e+00
 250.387899     56.370  34.436714     7.2759     1.8068     55.892    33.7675    26.4106 0.0000e+00
 250.387905     56.591  34.434492     7.2695     1.8182     56.111    33.7712    26.4144 0.0000e+00
 250.387911     56.815  34.433097     7.2656     1.8389     56.333    33.7734    26.4166 0.0000e+00
 250.387917     57.017  34.432915     7.2652     1.8489     56.533    33.7735    26.4168 0.0000e+00
 250.387922     57.176  34.433707     7.2670     1.8391     56.691    33.7725    26.4158 -9.990e-29
 250.387928     57.289  34.434855     7.2693     1.8261     56.803    33.7715    26.4146 -9.990e-29
 250.387934     57.372  34.435659     7.2706     1.8178     56.885    33.7711    26.4141 -9.990e-29
 250.387940     57.448  34.435518     7.2699     1.8165     56.961    33.7715    26.4146 -9.990e-29
 250.387946     57.538  34.434257     7.2678     1.8006     57.050    33.7722    26.4154 -9.990e-29
 250.387951     57.661  34.432443     7.2652     1.7843     57.172    33.7727    26.4161 -9.990e-29
 250.387957     57.829  34.431029     7.2627     1.7784     57.338    33.7735    26.4171 0.0000e+00
 250.387963     58.044  34.430377     7.2603     1.7877     57.551    33.7750    26.4187 0.0000e+00
 250.387969     58.295  34.430187     7.2585     1.7894     57.800    33.7765    26.4201 0.0000e+00
 250.387975     58.562  34.430212     7.2576     1.7627     58.065    33.7772    26.4208 0.0000e+00
 250.387980     58.828  34.430490     7.2570     1.7246     58.329    33.7780    26.4215 0.0000e+00
 250.387986     59.085  34.430838     7.2559     1.6948     58.583    33.7793    26.4227 0.0000e+00
 250.387992     59.341  34.430608     7.2535     1.6809     58.837    33.7813    26.4246 0.0000e+00
 250.387998     59.603  34.429500     7.2491     1.6762     59.097    33.7843    26.4275 0.0000e+00
 250.388003     59.867  34.427725     7.2435     1.6690     59.359    33.7877    26.4310 0.0000e+00
 250.388009     60.123  34.425724     7.2381     1.6660     59.613    33.7907    26.4341 0.0000e+00
 250.388015     60.363  34.424196     7.2336     1.6819     59.850    33.7933    26.4368 0.0000e+00
 250.388021     60.580  34.423349     7.2305     1.6941     60.066    33.7953    26.4388 0.0000e+00
 250.388027     60.770  34.423182     7.2297     1.7018     60.254    33.7958    26.4393 0.0000e+00
 250.388032     60.929  34.424037     7.2308     1.6922     60.412    33.7956    26.4390 -9.990e-29
 250.388038     61.050  34.425383     7.2327     1.6983     60.532    33.7951    26.4384 -9.990e-29
 250.388044     61.132  34.426219     7.2346     1.7076     60.613    33.7941    26.4373 -9.990e-29
 250.388050     61.184  34.426551     7.2363     1.6915     60.664    33.7928    26.4360 -9.990e-29
 250.388056     61.218  34.426828     7.2374     1.6748     60.698    33.7920    26.4353 -9.990e-29
 250.388061     61.249  34.426871     7.2369     1.6489     60.729    33.7925    26.4357 -9.990e-29
 250.388067     61.297  34.426186     7.2352     1.6597     60.776    33.7934    26.4367 -9.990e-29
 250.388073     61.381  34.424992     7.2331     1.6717     60.860    33.7941    26.4375 -9.990e-29
 250.388079     61.516  34.423945     7.2307     1.6579     60.993    33.7953    26.4388 0.0000e+00
 250.388084     61.696  34.423340     7.2287     1.6494     61.172    33.7965    26.4400 0.0000e+00
 250.388090     61.900  34.422936     7.2272     1.6449     61.374    33.7974    26.4409 0.0000e+00
 250.388096     62.101  34.422761     7.2263     1.6563     61.573    33.7980    26.4415 0.0000e+00
 250.388102     62.287  34.423147     7.2262     1.6556     61.758    33.7984    26.4419 0.0000e+00
 250.388108     62.453  34.423496     7.2264     1.6556     61.922    33.7985    26.4419 0.0000e+00
 250.388113     62.596  34.423160     7.2262     1.6472     62.064    33.7983    26.4418 -9.990e-29
 250.388119     62.717  34.422821     7.2256     1.6578     62.184    33.7985    26.4420 -9.990e-29
 250.388125     62.810  34.423155     7.2256     1.6692     62.276    33.7988    26.4422 -9.990e-29
 250.388131     62.878  34.424055     7.2267     1.6547     62.344    33.7986    26.4420 -9.990e-29
 250.388137     62.932  34.425047     7.2276     1.6441     62.397    33.7988    26.4420 -9.990e-29
 250.388142     62.982  34.425223     7.2278     1.6542     62.447    33.7988    26.4420 -9.990e-29
 250.388148     63.034  34.424267     7.2274     1.6550     62.498    33.7981    26.4415 -9.990e-29
 250.388154     63.095  34.423155     7.2267     1.6642     62.559    33.7976    26.4411 -9.990e-29
 250.388160     63.167  34.422652     7.2261     1.6558     62.630    33.7976    26.4412 -9.990e-29
 250.388166     63.239  34.422658     7.2260     1.6383     62.702    33.7976    26.4413 -9.990e-29
 250.388171     63.304  34.423188     7.2261     1.6490     62.766    33.7981    26.4416 -9.990e-29
 250.388177     63.367  34.423835     7.2260     1.6453     62.828    33.7989    26.4423 -9.990e-29
 250.388183     63.439  34.423791     7.2254     1.6329     62.900    33.7994    26.4427 -9.990e-29
 250.388189     63.529  34.423008     7.2246     1.6224     62.989    33.7992    26.4428 -9.990e-29
 250.388194     63.644  34.422128     7.2238     1.6179     63.103    33.7990    26.4427 -9.990e-29
 250.388200     63.781  34.421669     7.2231     1.6439     63.239    33.7991    26.4429 0.0000e+00
 250.388206     63.929  34.421587     7.2229     1.6430     63.386    33.7992    26.4429 0.0000e+00
 250.388212     64.075  34.421778     7.2231     1.6346     63.530    33.7991    26.4429 0.0000e+00
 250.388218     64.216  34.421944     7.2234     1.6360     63.670    33.7989    26.4427 0.0000e+00
 250.388223     64.352  34.421755     7.2231     1.6421     63.805    33.7989    26.4427 0.0000e+00
 250.388229     64.483  34.421526     7.2226     1.6390     63.935    33.7991    26.4430 0.0000e+00
 250.388235     64.609  34.421521     7.2225     1.6199     64.060    33.7992    26.4430 0.0000e+00
