data/oxygen options/ONMS/Olympic_Coast_National_Marine_Sanctuary_Hypoxia_Survey_CTD_Data_2004_2015/raw_data/2012/CAST_HH042_121010faed.cnv
* Sea-Bird SBE19 Data File:
* FileName = C:\Documents and Settings\OCNMS\Desktop\2012 mooring data\RECOVERY\CAST_HH042_121010.hex
* Software Version 1.25
* Temperature SN = 2997
* Conductivity SN = 2997
* System UpLoad Time = Oct 10 2012 17:08:34
** CAST_HH042_121010
* SEACAT PROFILER V3.1c SN 2997   10/10/12  17:07:44.263
# nquan = 9                                 
# nvalues = 1296                        
# units = specified
# name 0 = timeJ: Julian Days
# name 1 = prSM: Pressure, Strain Gauge [db]
# name 2 = c0mS/cm: Conductivity [mS/cm]
# name 3 = t090C: Temperature [ITS-90, deg C]
# name 4 = sbeox0ML/L: Oxygen, SBE 43 [ml/l]
# name 5 = depSM: Depth [salt water, m], lat = 47.5
# name 6 = sal00: Salinity, Practical [PSU]
# name 7 = sigma-é00: Density [sigma-theta, kg/m^3]
# name 8 = flag: flag
# span 0 = 284.703032, 284.710527       
# span 1 =     -4.926,     36.076       
# span 2 =   0.254139,  36.479793       
# span 3 =     7.8585,    10.5892       
# span 4 =   -15.4472,    16.4789       
# span 5 =     -4.885,     35.772       
# span 6 =     0.1702,    33.4986       
# span 7 =    -0.1937,    26.1156       
# span 8 = 0.0000e+00, 0.0000e+00       
# interval = seconds: 0.5
# start_time = Oct 10 2012 16:52:22 [Instrument's time stamp, header]
# bad_flag = -9.990e-29
*END*
 284.703032     -4.926 -9.990e-29    10.3301    -1.9240     -4.885 -9.990e-29 -9.990e-29 -9.990e-29
 284.703038     -4.904   0.310186    10.3308    -1.9241     -4.863     0.2080    -0.1642 -9.990e-29
 284.703044     -4.881   0.309710    10.3314    -1.9244     -4.840     0.2077    -0.1645 -9.990e-29
 284.703050     -4.858   0.308836    10.3315    -1.9245     -4.818     0.2071    -0.1650 -9.990e-29
 284.703056     -4.831   0.308059    10.3310    -1.9245     -4.791     0.2066    -0.1654 -9.990e-29
 284.703061     -4.797   0.307821    10.3302    -1.9245     -4.757     0.2064    -0.1654 -9.990e-29
 284.703067     -4.763   0.307802    10.3293    -1.9245     -4.723     0.2064    -0.1654 -9.990e-29
 284.703073     -4.731   0.307242    10.3284    -1.9247     -4.692     0.2060    -0.1656 -9.990e-29
 284.703079     -4.698   0.305947    10.3270    -1.9246     -4.659     0.2051    -0.1662 -9.990e-29
 284.703084     -4.664   0.305331    10.3252    -1.9247     -4.625     0.2047    -0.1663 -9.990e-29
 284.703090     -4.630   0.306235    10.3228    -1.9249     -4.591     0.2054    -0.1656 -9.990e-29
 284.703096     -4.597   0.307095    10.3202    -1.9248     -4.559     0.2060    -0.1649 -9.990e-29
 284.703102     -4.565   0.306846    10.3184    -1.9249     -4.527     0.2058    -0.1648 -9.990e-29
 284.703108     -4.535   0.306264    10.3177    -1.9250     -4.497     0.2054    -0.1651 -9.990e-29
 284.703113     -4.509   0.305682    10.3172    -1.9251     -4.471     0.2050    -0.1653 -9.990e-29
 284.703119     -4.486   0.304878    10.3162    -1.9251     -4.449     0.2045    -0.1657 -9.990e-29
 284.703125     -4.465   0.304442    10.3148    -1.9252     -4.428     0.2042    -0.1658 -9.990e-29
 284.703131     -4.444   0.304348    10.3138    -1.9252     -4.407     0.2041    -0.1657 -9.990e-29
 284.703137     -4.422   0.303920    10.3127    -1.9252     -4.385     0.2038    -0.1659 -9.990e-29
 284.703142     -4.397   0.303139    10.3114    -1.9254     -4.360     0.2033    -0.1662 -9.990e-29
 284.703148     -4.368   0.302073    10.3102    -1.9255     -4.332     0.2026    -0.1666 -9.990e-29
 284.703154     -4.333   0.301519    10.3091    -1.9258     -4.297     0.2022    -0.1668 -9.990e-29
 284.703160     -4.294   0.301846    10.3077    -1.9259     -4.258     0.2024    -0.1665 -9.990e-29
 284.703166     -4.258   0.301832    10.3065    -1.9260     -4.223     0.2024    -0.1664 -9.990e-29
 284.703171     -4.225   0.301459    10.3057    -1.9260     -4.190     0.2022    -0.1665 -9.990e-29
 284.703177     -4.194   0.300784    10.3052    -1.9261     -4.159     0.2017    -0.1668 -9.990e-29
 284.703183     -4.164   0.298908    10.3045    -1.9262     -4.129     0.2004    -0.1678 -9.990e-29
 284.703189     -4.131   0.297205    10.3031    -1.9264     -4.097     0.1992    -0.1686 -9.990e-29
 284.703194     -4.095   0.297836    10.3010    -1.9262     -4.061     0.1997    -0.1680 -9.990e-29
 284.703200     -4.056   0.299983    10.2983    -1.9263     -4.022     0.2012    -0.1666 -9.990e-29
 284.703206     -4.022   0.300971    10.2949    -1.9264     -3.988     0.2019    -0.1657 -9.990e-29
 284.703212     -3.993   0.299906    10.2917    -1.9267     -3.960     0.2012    -0.1660 -9.990e-29
 284.703218     -3.970   0.298135    10.2893    -1.9266     -3.937     0.2000    -0.1667 -9.990e-29
 284.703223     -3.949   0.297175    10.2875    -1.9268     -3.916     0.1993    -0.1671 -9.990e-29
 284.703229     -3.930   0.297409    10.2858    -1.9268     -3.897     0.1995    -0.1668 -9.990e-29
 284.703235     -3.911   0.298043    10.2841    -1.9268     -3.878     0.1999    -0.1663 -9.990e-29
 284.703241     -3.891   0.298263    10.2830    -1.9268     -3.859     0.2001    -0.1660 -9.990e-29
 284.703247     -3.869   0.297808    10.2826    -1.9268     -3.837     0.1998    -0.1663 -9.990e-29
 284.703252     -3.844   0.297180    10.2816    -1.9269     -3.812     0.1993    -0.1665 -9.990e-29
 284.703258     -3.813   0.297205    10.2799    -1.9269     -3.781     0.1994    -0.1663 -9.990e-29
 284.703264     -3.776   0.297364    10.2782    -1.9269     -3.745     0.1995    -0.1661 -9.990e-29
 284.703270     -3.737   0.296764    10.2765    -1.9269     -3.706     0.1991    -0.1662 -9.990e-29
 284.703275     -3.709   0.295711    10.2750    -1.9268     -3.678     0.1984    -0.1667 -9.990e-29
 284.703281     -3.687   0.295017    10.2743    -1.9269     -3.656     0.1979    -0.1670 -9.990e-29
 284.703287     -3.668   0.294866    10.2741    -1.9270     -3.637     0.1978    -0.1670 -9.990e-29
 284.703293     -3.650   0.294503    10.2738    -1.9269     -3.620     0.1975    -0.1672 -9.990e-29
 284.703299     -3.632   0.293446    10.2732    -1.9269     -3.602     0.1968    -0.1677 -9.990e-29
 284.703304     -3.612   0.292502    10.2727    -1.9269     -3.582     0.1962    -0.1682 -9.990e-29
 284.703310     -3.589   0.292630    10.2725    -1.9269     -3.559     0.1963    -0.1681 -9.990e-29
 284.703316     -3.562   0.293446    10.2725    -1.9268     -3.532     0.1968    -0.1676 -9.990e-29
 284.703322     -3.534   0.293824    10.2728    -1.9269     -3.505     0.1971    -0.1675 -9.990e-29
 284.703328     -3.510   0.293163    10.2733    -1.9268     -3.481     0.1966    -0.1679 -9.990e-29
 284.703333     -3.490   0.291689    10.2733    -1.9270     -3.461     0.1956    -0.1687 -9.990e-29
 284.703339     -3.469   0.290207    10.2728    -1.9268     -3.440     0.1946    -0.1694 -9.990e-29
 284.703345     -3.448   0.289512    10.2725    -1.9268     -3.419     0.1941    -0.1698 -9.990e-29
 284.703351     -3.432   0.289783    10.2727    -1.9267     -3.403     0.1943    -0.1696 -9.990e-29
 284.703356     -3.414   0.290278    10.2733    -1.9267     -3.386     0.1946    -0.1694 -9.990e-29
 284.703362     -3.390   0.289995    10.2741    -1.9268     -3.362     0.1944    -0.1697 -9.990e-29
 284.703368     -3.361   0.289112    10.2747    -1.9268     -3.333     0.1938    -0.1702 -9.990e-29
 284.703374     -3.331   0.288669    10.2752    -1.9266     -3.303     0.1935    -0.1705 -9.990e-29
 284.703380     -3.302   0.288630    10.2756    -1.9266     -3.274     0.1935    -0.1705 -9.990e-29
 284.703385     -3.276   0.287836    10.2760    -1.9265     -3.249     0.1929    -0.1710 -9.990e-29
 284.703391     -3.252   0.286338    10.2767    -1.9264     -3.225     0.1919    -0.1719 -9.990e-29
 284.703397     -3.228   0.285459    10.2777    -1.9262     -3.201     0.1913    -0.1725 -9.990e-29
 284.703403     -3.202   0.285692    10.2787    -1.9262     -3.175     0.1915    -0.1724 -9.990e-29
 284.703409     -3.178   0.286240    10.2793    -1.9262     -3.152     0.1918    -0.1722 -9.990e-29
 284.703414     -3.157   0.286175    10.2796    -1.9261     -3.131     0.1918    -0.1723 -9.990e-29
 284.703420     -3.139   0.284858    10.2804    -1.9260     -3.113     0.1909    -0.1730 -9.990e-29
 284.703426     -3.123   0.282748    10.2815    -1.9259     -3.097     0.1894    -0.1743 -9.990e-29
 284.703432     -3.107   0.282016    10.2831    -1.9258     -3.081     0.1889    -0.1748 -9.990e-29
 284.703438     -3.090   0.282793    10.2854    -1.9257     -3.064     0.1894    -0.1746 -9.990e-29
 284.703443     -3.072   0.282795    10.2880    -1.9255     -3.046     0.1894    -0.1749 -9.990e-29
 284.703449     -3.051   0.282028    10.2903    -1.9255     -3.026     0.1889    -0.1755 -9.990e-29
 284.703455     -3.026   0.281683    10.2921    -1.9254     -3.001     0.1886    -0.1759 -9.990e-29
 284.703461     -2.995   0.281301    10.2938    -1.9255     -2.970     0.1884    -0.1763 -9.990e-29
 284.703466     -2.961   0.280374    10.2960    -1.9253     -2.936     0.1877    -0.1770 -9.990e-29
 284.703472     -2.930   0.279329    10.2982    -1.9254     -2.906     0.1870    -0.1777 -9.990e-29
 284.703478     -2.905   0.278434    10.3003    -1.9254     -2.881     0.1864    -0.1784 -9.990e-29
 284.703484     -2.882   0.277606    10.3027    -1.9253     -2.858     0.1858    -0.1791 -9.990e-29
 284.703490     -2.863   0.276848    10.3052    -1.9253     -2.839     0.1853    -0.1798 -9.990e-29
 284.703495     -2.844   0.276257    10.3074    -1.9255     -2.820     0.1848    -0.1803 -9.990e-29
 284.703501     -2.825   0.276155    10.3091    -1.9254     -2.801     0.1848    -0.1805 -9.990e-29
 284.703507     -2.805   0.276406    10.3104    -1.9256     -2.782     0.1849    -0.1805 -9.990e-29
 284.703513     -2.782   0.276239    10.3115    -1.9258     -2.759     0.1848    -0.1807 -9.990e-29
 284.703519     -2.760   0.275432    10.3125    -1.9259     -2.737     0.1842    -0.1812 -9.990e-29
 284.703524     -2.740   0.274570    10.3132    -1.9258     -2.717     0.1837    -0.1818 -9.990e-29
 284.703530     -2.723   0.274167    10.3133    -1.9257     -2.700     0.1834    -0.1820 -9.990e-29
 284.703536     -2.710   0.274243    10.3130    -1.9257     -2.687     0.1834    -0.1819 -9.990e-29
 284.703542     -2.702   0.274344    10.3125    -1.9257     -2.679     0.1835    -0.1818 -9.990e-29
 284.703547     -2.688   0.274054    10.3117    -1.9257     -2.666     0.1833    -0.1819 -9.990e-29
 284.703553     -2.669   0.273541    10.3104    -1.9255     -2.647     0.1830    -0.1820 -9.990e-29
 284.703559     -2.647   0.273227    10.3086    -1.9256     -2.625     0.1828    -0.1820 -9.990e-29
 284.703565     -2.621   0.273251    10.3067    -1.9255     -2.599     0.1828    -0.1818 -9.990e-29
 284.703571     -2.594   0.273092    10.3057    -1.9255     -2.572     0.1827    -0.1818 -9.990e-29
 284.703576     -2.572   0.272540    10.3059    -1.9255     -2.551     0.1823    -0.1821 -9.990e-29
 284.703582     -2.558   0.271967    10.3067    -1.9255     -2.537     0.1819    -0.1825 -9.990e-29
 284.703588     -2.547   0.271163    10.3074    -1.9255     -2.526     0.1813    -0.1830 -9.990e-29
 284.703594     -2.534   0.270162    10.3081    -1.9255     -2.513     0.1807    -0.1836 -9.990e-29
 284.703600     -2.519   0.269848    10.3091    -1.9253     -2.498     0.1804    -0.1839 -9.990e-29
 284.703605     -2.500   0.270356    10.3104    -1.9252     -2.479     0.1808    -0.1838 -9.990e-29
 284.703611     -2.476   0.270704    10.3115    -1.9252     -2.455     0.1810    -0.1837 -9.990e-29
 284.703617     -2.450   0.270249    10.3122    -1.9252     -2.430     0.1807    -0.1840 -9.990e-29
 284.703623     -2.428   0.269494    10.3127    -1.9252     -2.408     0.1802    -0.1844 -9.990e-29
 284.703628     -2.410   0.269095    10.3133    -1.9252     -2.390     0.1799    -0.1847 -9.990e-29
 284.703634     -2.390   0.269074    10.3138    -1.9252     -2.370     0.1799    -0.1848 -9.990e-29
 284.703640     -2.371   0.268848    10.3144    -1.9253     -2.351     0.1797    -0.1850 -9.990e-29
 284.703646     -2.355   0.268118    10.3155    -1.9253     -2.335     0.1792    -0.1855 -9.990e-29
 284.703652     -2.343   0.267574    10.3171    -1.9253     -2.323     0.1788    -0.1859 -9.990e-29
 284.703657     -2.333   0.267600    10.3186    -1.9253     -2.314     0.1789    -0.1860 -9.990e-29
 284.703663     -2.324   0.267676    10.3196    -1.9254     -2.305     0.1789    -0.1861 -9.990e-29
 284.703669     -2.317   0.267352    10.3202    -1.9254     -2.298     0.1787    -0.1863 -9.990e-29
 284.703675     -2.310   0.266751    10.3204    -1.9253     -2.291     0.1783    -0.1867 -9.990e-29
 284.703681     -2.303   0.266180    10.3203    -1.9256     -2.284     0.1779    -0.1870 -9.990e-29
 284.703686     -2.296   0.265987    10.3200    -1.9255     -2.277     0.1777    -0.1870 -9.990e-29
 284.703692     -2.289   0.265915    10.3196    -1.9256     -2.270     0.1777    -0.1870 -9.990e-29
 284.703698     -2.280   0.265316    10.3191    -1.9257     -2.261     0.1773    -0.1873 -9.990e-29
 284.703704     -2.269   0.264499    10.3187    -1.9258     -2.250     0.1767    -0.1877 -9.990e-29
 284.703709     -2.256   0.264037    10.3183    -1.9260     -2.237     0.1764    -0.1879 -9.990e-29
 284.703715     -2.239   0.263867    10.3180    -1.9261     -2.220     0.1763    -0.1880 -9.990e-29
 284.703721     -2.218   0.263766    10.3177    -1.9262     -2.200     0.1762    -0.1880 -9.990e-29
 284.703727     -2.196   0.263600    10.3169    -1.9263     -2.178     0.1761    -0.1880 -9.990e-29
 284.703733     -2.175   0.263147    10.3155    -1.9263     -2.157     0.1758    -0.1881 -9.990e-29
 284.703738     -2.154   0.262361    10.3143    -1.9264     -2.136     0.1753    -0.1884 -9.990e-29
 284.703744     -2.136   0.261856    10.3129    -1.9264     -2.118     0.1750    -0.1886 -9.990e-29
 284.703750     -2.120   0.262065    10.3109    -1.9264     -2.102     0.1751    -0.1883 -9.990e-29
 284.703756     -2.101   0.262528    10.3086    -1.9264     -2.083     0.1754    -0.1878 -9.990e-29
 284.703762     -2.081   0.262758    10.3063    -1.9265     -2.064     0.1756    -0.1874 -9.990e-29
 284.703767     -2.064   0.262325    10.3041    -1.9266     -2.047     0.1753    -0.1875 -9.990e-29
 284.703773     -2.049   0.261202    10.3020    -1.9266     -2.032     0.1746    -0.1879 -9.990e-29
 284.703779     -2.035   0.260476    10.3002    -1.9266     -2.018     0.1741    -0.1881 -9.990e-29
 284.703785     -2.021   0.260839    10.2992    -1.9265     -2.004     0.1743    -0.1878 -9.990e-29
 284.703791     -2.005   0.261668    10.2985    -1.9266     -1.988     0.1749    -0.1873 -9.990e-29
 284.703796     -1.991   0.261852    10.2978    -1.9266     -1.974     0.1750    -0.1871 -9.990e-29
 284.703802     -1.983   0.261083    10.2973    -1.9267     -1.966     0.1745    -0.1875 -9.990e-29
 284.703808     -1.976   0.260549    10.2965    -1.9268     -1.960     0.1741    -0.1877 -9.990e-29
 284.703814     -1.965   0.260644    10.2952    -1.9268     -1.949     0.1742    -0.1875 -9.990e-29
 284.703819     -1.949   0.260387    10.2941    -1.9267     -1.933     0.1740    -0.1876 -9.990e-29
 284.703825     -1.928   0.259987    10.2936    -1.9266     -1.912     0.1738    -0.1877 -9.990e-29
 284.703831     -1.903   0.260572    10.2935    -1.9267     -1.887     0.1742    -0.1874 -9.990e-29
 284.703837     -1.883   0.261814    10.2936    -1.9265     -1.867     0.1750    -0.1867 -9.990e-29
 284.703843     -1.866   0.262048    10.2934    -1.9265     -1.850     0.1752    -0.1866 -9.990e-29
 284.703848     -1.847   0.261030    10.2928    -1.9265     -1.832     0.1745    -0.1871 -9.990e-29
 284.703854     -1.828   0.260725    10.2917    -1.9264     -1.813     0.1743    -0.1871 -9.990e-29
 284.703860     -1.814   0.261834    10.2904    -1.9264     -1.799     0.1750    -0.1864 -9.990e-29
 284.703866     -1.802   0.262514    10.2899    -1.9265     -1.787     0.1755    -0.1860 -9.990e-29
 284.703872     -1.792   0.262562    10.2906    -1.9264     -1.777     0.1755    -0.1860 -9.990e-29
 284.703877     -1.783   0.263150    10.2921    -1.9265     -1.768     0.1759    -0.1859 -9.990e-29
 284.703883     -1.775   0.263399    10.2935    -1.9265     -1.760     0.1761    -0.1859 -9.990e-29
 284.703889     -1.768   0.262534    10.2948    -1.9266     -1.753     0.1755    -0.1865 -9.990e-29
 284.703895     -1.761   0.261617    10.2958    -1.9267     -1.746     0.1749    -0.1871 -9.990e-29
 284.703900     -1.753   0.261636    10.2964    -1.9266     -1.738     0.1749    -0.1871 -9.990e-29
 284.703906     -1.744   0.262064    10.2970    -1.9267     -1.729     0.1752    -0.1869 -9.990e-29
 284.703912     -1.734   0.261811    10.2973    -1.9266     -1.720     0.1750    -0.1871 -9.990e-29
 284.703918     -1.721   0.261092    10.2971    -1.9268     -1.707     0.1745    -0.1875 -9.990e-29
 284.703924     -1.709   0.260606    10.2966    -1.9269     -1.695     0.1742    -0.1877 -9.990e-29
 284.703929     -1.703   0.260260    10.2959    -1.9269     -1.689     0.1739    -0.1878 -9.990e-29
 284.703935     -1.696   0.260147    10.2949    -1.9270     -1.682     0.1739    -0.1878 -9.990e-29
 284.703941     -1.685   0.260669    10.2940    -1.9271     -1.671     0.1742    -0.1874 -9.990e-29
 284.703947     -1.668   0.261412    10.2934    -1.9271     -1.654     0.1747    -0.1869 -9.990e-29
 284.703953     -1.649   0.261708    10.2930    -1.9270     -1.635     0.1749    -0.1867 -9.990e-29
