data/oxygen options/ONMS/Olympic_Coast_National_Marine_Sanctuary_Hypoxia_Survey_CTD_Data_2004_2015/raw_data/2012/CAST_CE065_120920faed.cnv
* Sea-Bird SBE19 Data File:
* FileName = C:\Documents and Settings\OCNMS\Desktop\2012 mooring data\Hypoxia Sampling\120920\CAST_CE065_120920.hex
* Software Version 1.25
* Temperature SN = 2997
* Conductivity SN = 2997
* System UpLoad Time = Sep 20 2012 12:08:11
** CAST_CE065_120920
* SEACAT PROFILER V3.1c SN 2997   09/20/12  12:07:04.456
# nquan = 9                                 
# nvalues = 1334                        
# units = specified
# name 0 = timeJ: Julian Days
# name 1 = prSM: Pressure, Strain Gauge [db]
# name 2 = c0mS/cm: Conductivity [mS/cm]
# name 3 = t090C: Temperature [ITS-90, deg C]
# name 4 = sbeox0ML/L: Oxygen, SBE 43 [ml/l]
# name 5 = depSM: Depth [salt water, m], lat = 47.5
# name 6 = sal00: Salinity, Practical [PSU]
# name 7 = sigma-é00: Density [sigma-theta, kg/m^3]
# name 8 = flag: flag
# span 0 = 264.490995, 264.498709       
# span 1 =     -4.986,     65.796       
# span 2 =   0.224098,  38.209715       
# span 3 =     7.3570,    13.2305       
# span 4 =    -1.8732,    13.9051       
# span 5 =     -4.944,     65.236       
# span 6 =     0.1445,    33.7698       
# span 7 =    -0.4073,    26.4006       
# span 8 = 0.0000e+00, 0.0000e+00       
# interval = seconds: 0.5
# start_time = Sep 20 2012 11:47:02 [Instrument's time stamp, header]
# bad_flag = -9.990e-29
*END*
[from data line 1121]
 264.497483     65.540  34.391138     7.3573     0.6103     64.983    33.6342    26.2944 0.0000e+00
 264.497488     65.690  34.399721     7.3576     0.6019     65.131    33.6432    26.3014 -9.990e-29
 264.497494     65.775  34.427007     7.3581     0.6147     65.216    33.6723    26.3243 -9.990e-29
 264.497500     65.796  34.449451     7.3587     0.6237     65.236    33.6961    26.3429 -9.990e-29
 264.497506     65.759  34.472332     7.3595     0.6222     65.200    33.7202    26.3617 -9.990e-29
 264.497512     65.664  34.490872     7.3605     0.6222     65.106    33.7394    26.3767 -9.990e-29
 264.497517     65.508  34.505146     7.3612     0.6094     64.951    33.7543    26.3884 0.0000e+00
 264.497523     65.291  34.512902     7.3614     0.6010     64.736    33.7626    26.3949 0.0000e+00
 264.497529     65.035  34.516079     7.3611     0.6033     64.482    33.7665    26.3980 0.0000e+00
 264.497535     64.767  34.516671     7.3606     0.6056     64.216    33.7678    26.3990 0.0000e+00
 264.497541     64.507  34.516026     7.3603     0.6124     63.959    33.7675    26.3988 0.0000e+00
 264.497546     64.266  34.514965     7.3600     0.6086     63.720    33.7667    26.3983 0.0000e+00
 264.497552     64.052  34.514309     7.3594     0.5979     63.508    33.7667    26.3984 0.0000e+00
 264.497558     63.883  34.514302     7.3587     0.5957     63.340    33.7675    26.3990 -9.990e-29
 264.497564     63.760  34.514373     7.3586     0.5979     63.218    33.7677    26.3992 -9.990e-29
 264.497569     63.681  34.514056     7.3588     0.6047     63.140    33.7672    26.3988 -9.990e-29
 264.497575     63.644  34.513484     7.3587     0.6092     63.103    33.7667    26.3984 -9.990e-29
 264.497581     63.638  34.513011     7.3585     0.6009     63.097    33.7664    26.3982 -9.990e-29
 264.497587     63.651  34.512564     7.3585     0.5986     63.110    33.7659    26.3978 -9.990e-29
 264.497593     63.675  34.512101     7.3584     0.5903     63.134    33.7655    26.3975 -9.990e-29
 264.497598     63.701  34.512122     7.3584     0.5902     63.160    33.7655    26.3975 -9.990e-29
 264.497604     63.725  34.512648     7.3588     0.5947     63.183    33.7657    26.3976 -9.990e-29
 264.497610     63.738  34.513258     7.3594     0.5970     63.196    33.7657    26.3976 -9.990e-29
 264.497616     63.737  34.513642     7.3598     0.6098     63.195    33.7658    26.3975 -9.990e-29
 264.497622     63.723  34.513748     7.3599     0.5954     63.181    33.7658    26.3975 -9.990e-29
 264.497627     63.698  34.513714     7.3598     0.5826     63.157    33.7659    26.3976 -9.990e-29
 264.497633     63.669  34.513491     7.3598     0.5864     63.128    33.7656    26.3974 -9.990e-29
 264.497639     63.635  34.513340     7.3597     0.5804     63.094    33.7656    26.3974 -9.990e-29
 264.497645     63.589  34.513614     7.3598     0.5977     63.049    33.7658    26.3976 -9.990e-29
 264.497650     63.533  34.514115     7.3602     0.6023     62.993    33.7660    26.3977 -9.990e-29
 264.497656     63.471  34.514388     7.3607     0.5917     62.932    33.7658    26.3975 -9.990e-29
 264.497662     63.412  34.514234     7.3612     0.5917     62.873    33.7652    26.3969 -9.990e-29
 264.497668     63.366  34.514006     7.3611     0.5788     62.828    33.7651    26.3968 -9.990e-29
 264.497674     63.339  34.513957     7.3605     0.5788     62.801    33.7656    26.3973 -9.990e-29
 264.497679     63.331  34.513461     7.3596     0.5833     62.793    33.7660    26.3977 -9.990e-29
 264.497685     63.344  34.512410     7.3590     0.5856     62.806    33.7654    26.3974 -9.990e-29
 264.497691     63.378  34.511640     7.3585     0.5901     62.839    33.7650    26.3971 -9.990e-29
 264.497697     63.431  34.511242     7.3582     0.5901     62.892    33.7649    26.3971 -9.990e-29
 264.497703     63.497  34.511242     7.3583     0.5818     62.957    33.7647    26.3969 -9.990e-29
 264.497708     63.569  34.511635     7.3586     0.5795     63.029    33.7648    26.3970 -9.990e-29
 264.497714     63.633  34.511821     7.3589     0.5711     63.092    33.7647    26.3968 -9.990e-29
 264.497720     63.681  34.512042     7.3592     0.5795     63.140    33.7646    26.3967 -9.990e-29
 264.497726     63.711  34.512590     7.3595     0.5945     63.170    33.7649    26.3969 -9.990e-29
 264.497731     63.726  34.513070     7.3596     0.5907     63.184    33.7653    26.3972 -9.990e-29
 264.497737     63.726  34.513560     7.3595     0.5908     63.184    33.7660    26.3977 -9.990e-29
 264.497743     63.712  34.514150     7.3596     0.5757     63.171    33.7665    26.3982 -9.990e-29
 264.497749     63.682  34.514501     7.3597     0.5712     63.141    33.7668    26.3984 -9.990e-29
 264.497755     63.639  34.514520     7.3597     0.5757     63.098    33.7669    26.3984 -9.990e-29
 264.497760     63.588  34.514227     7.3598     0.5779     63.048    33.7665    26.3981 -9.990e-29
 264.497766     63.532  34.513790     7.3601     0.5908     62.992    33.7657    26.3975 -9.990e-29
 264.497772     63.469  34.513742     7.3603     0.5848     62.930    33.7655    26.3973 -9.990e-29
 264.497778     63.410  34.514016     7.3604     0.5742     62.871    33.7657    26.3974 -9.990e-29
 264.497784     63.368  34.513856     7.3604     0.5697     62.829    33.7656    26.3973 -9.990e-29
 264.497789     63.352  34.513044     7.3604     0.5674     62.814    33.7647    26.3966 -9.990e-29
 264.497795     63.363  34.512176     7.3603     0.5825     62.825    33.7639    26.3960 -9.990e-29
 264.497801     63.391  34.511772     7.3599     0.5809     62.852    33.7638    26.3960 -9.990e-29
 264.497807     63.430  34.511850     7.3594     0.5786     62.891    33.7643    26.3965 -9.990e-29
 264.497813     63.474  34.511950     7.3592     0.5680     62.935    33.7646    26.3967 -9.990e-29
 264.497818     63.522  34.511639     7.3589     0.5635     62.982    33.7646    26.3967 -9.990e-29
 264.497824     63.573  34.511060     7.3585     0.5680     63.033    33.7643    26.3966 -9.990e-29
 264.497830     63.616  34.510558     7.3585     0.5702     63.075    33.7637    26.3961 -9.990e-29
 264.497836     63.637  34.510579     7.3588     0.5664     63.096    33.7635    26.3959 -9.990e-29
 264.497841     63.626  34.511145     7.3592     0.5724     63.085    33.7637    26.3960 -9.990e-29
 264.497847     63.576  34.511887     7.3594     0.5913     63.036    33.7643    26.3965 -9.990e-29
 264.497853     63.490  34.512670     7.3596     0.5897     62.950    33.7650    26.3970 -9.990e-29
 264.497859     63.369  34.513415     7.3599     0.5814     62.830    33.7656    26.3974 -9.990e-29
 264.497865     63.216  34.513994     7.3604     0.5617     62.679    33.7658    26.3975 0.0000e+00
 264.497870     63.028  34.514053     7.3608     0.5610     62.492    33.7656    26.3972 0.0000e+00
 264.497876     62.803  34.513671     7.3607     0.5783     62.269    33.7654    26.3971 0.0000e+00
 264.497882     62.539  34.513453     7.3602     0.5873     62.008    33.7657    26.3975 0.0000e+00
 264.497888     62.241  34.513667     7.3600     0.5978     61.712    33.7663    26.3979 0.0000e+00
 264.497894     61.914  34.514035     7.3604     0.5850     61.388    33.7665    26.3980 0.0000e+00
 264.497899     61.565  34.513928     7.3609     0.5782     61.042    33.7660    26.3976 0.0000e+00
 264.497905     61.197  34.513200     7.3608     0.5675     60.677    33.7655    26.3972 0.0000e+00
 264.497911     60.808  34.512559     7.3606     0.5713     60.292    33.7652    26.3970 0.0000e+00
 264.497917     60.393  34.512271     7.3608     0.5780     59.880    33.7649    26.3967 0.0000e+00
 264.497922     59.954  34.511948     7.3608     0.5802     59.445    33.7648    26.3966 0.0000e+00
 264.497928     59.487  34.511719     7.3609     0.5824     58.982    33.7646    26.3965 0.0000e+00
 264.497934     58.998  34.511836     7.3609     0.5862     58.497    33.7650    26.3967 0.0000e+00
 264.497940     58.497  34.511892     7.3607     0.5801     58.001    33.7655    26.3972 0.0000e+00
 264.497946     57.987  34.511404     7.3605     0.5778     57.495    33.7654    26.3971 0.0000e+00
 264.497951     57.462  34.510840     7.3610     0.5672     56.974    33.7646    26.3964 0.0000e+00
 264.497957     56.917  34.510566     7.3618     0.5710     56.434    33.7638    26.3956 0.0000e+00
 264.497963     56.358  34.510215     7.3626     0.5777     55.880    33.7629    26.3948 0.0000e+00
 264.497969     55.791  34.509879     7.3626     0.5799     55.318    33.7628    26.3947 0.0000e+00
 264.497975     55.218  34.509688     7.3617     0.5904     54.750    33.7637    26.3956 0.0000e+00
 264.497980     54.638  34.509456     7.3609     0.5798     54.175    33.7645    26.3963 0.0000e+00
 264.497986     54.048  34.508983     7.3607     0.5775     53.590    33.7645    26.3963 0.0000e+00
 264.497992     53.449  34.508309     7.3605     0.5752     52.996    33.7643    26.3961 0.0000e+00
 264.497998     52.850  34.507759     7.3603     0.5728     52.402    33.7641    26.3961 0.0000e+00
 264.498003     52.259  34.507266     7.3600     0.5772     51.816    33.7642    26.3961 0.0000e+00
 264.498009     51.679  34.506835     7.3598     0.5937     51.241    33.7642    26.3961 0.0000e+00
 264.498015     51.110  34.506556     7.3600     0.6311     50.677    33.7640    26.3959 0.0000e+00
 264.498021     50.555  34.506159     7.3604     0.7144     50.127    33.7634    26.3954 0.0000e+00
 264.498027     50.008  34.505779     7.3608     0.8789     49.585    33.7629    26.3950 0.0000e+00
 264.498032     49.465  34.505571     7.3618     1.1079     49.046    33.7619    26.3941 0.0000e+00
 264.498038     48.921  34.505359     7.3646     1.3737     48.507    33.7592    26.3915 0.0000e+00
 264.498044     48.368  34.504963     7.3711     1.5994     47.959    33.7527    26.3855 0.0000e+00
 264.498050     47.804  34.503400     7.3823     1.7836     47.400    33.7404    26.3742 0.0000e+00
 264.498056     47.236  34.498126     7.3969     1.9223     46.836    33.7207    26.3567 0.0000e+00
 264.498061     46.663  34.485016     7.4123     2.0464     46.268    33.6918    26.3317 0.0000e+00
 264.498067     46.078  34.464055     7.4252     2.1651     45.688    33.6568    26.3024 0.0000e+00
 264.498073     45.482  34.442681     7.4344     2.2574     45.097    33.6250    26.2761 0.0000e+00
 264.498079     44.876  34.426104     7.4413     2.3396     44.497    33.6006    26.2559 0.0000e+00
 264.498084     44.260  34.412487     7.4474     2.4246     43.886    33.5802    26.2390 0.0000e+00
 264.498090     43.638  34.398899     7.4540     2.5733     43.269    33.5594    26.2217 0.0000e+00
 264.498096     43.013  34.384686     7.4610     2.8105     42.650    33.5375    26.2035 0.0000e+00
 264.498102     42.388  34.371721     7.4671     3.0685     42.030    33.5179    26.1872 0.0000e+00
 264.498108     41.766  34.362983     7.4721     3.2322     41.413    33.5039    26.1755 0.0000e+00
 264.498113     41.150  34.355884     7.4780     3.2826     40.802    33.4908    26.1643 0.0000e+00
 264.498119     40.544  34.344984     7.4863     3.2353     40.202    33.4713    26.1478 0.0000e+00
 264.498125     39.953  34.326492     7.4960     3.2280     39.616    33.4422    26.1236 0.0000e+00
 264.498131     39.377  34.301616     7.5033     3.3158     39.045    33.4085    26.0961 0.0000e+00
 264.498137     38.813  34.280974     7.5050     3.4690     38.485    33.3848    26.0772 0.0000e+00
 264.498142     38.261  34.276907     7.5028     3.6442     37.938    33.3828    26.0759 0.0000e+00
 264.498148     37.715  34.284094     7.5038     3.7757     37.397    33.3899    26.0813 0.0000e+00
 264.498154     37.166  34.283100     7.5118     3.8391     36.852    33.3814    26.0735 0.0000e+00
 264.498160     36.609  34.265423     7.5244     3.8590     36.300    33.3504    26.0474 0.0000e+00
 264.498166     36.044  34.236155     7.5362     3.8767     35.740    33.3077    26.0121 0.0000e+00
 264.498171     35.467  34.210134     7.5440     3.8893     35.168    33.2724    25.9833 0.0000e+00
 264.498177     34.878  34.195888     7.5484     3.9242     34.584    33.2531    25.9674 0.0000e+00
 264.498183     34.276  34.189084     7.5510     3.9639     33.987    33.2436    25.9596 0.0000e+00
 264.498189     33.668  34.184675     7.5530     3.9836     33.384    33.2372    25.9543 0.0000e+00
 264.498194     33.051  34.179685     7.5558     4.0108     32.773    33.2294    25.9477 0.0000e+00
 264.498200     32.423  34.173162     7.5602     4.0131     32.150    33.2185    25.9385 0.0000e+00
 264.498206     31.780  34.165472     7.5646     4.0112     31.512    33.2063    25.9283 0.0000e+00
 264.498212     31.129  34.158223     7.5666     4.0127     30.867    33.1968    25.9206 0.0000e+00
 264.498218     30.481  34.153053     7.5671     4.0279     30.224    33.1911    25.9160 0.0000e+00
 264.498223     29.845  34.150450     7.5685     4.0800     29.594    33.1872    25.9128 0.0000e+00
 264.498229     29.232  34.149288     7.5713     4.1489     28.986    33.1836    25.9095 0.0000e+00
 264.498235     28.647  34.148119     7.5749     4.2287     28.406    33.1792    25.9055 0.0000e+00
 264.498241     28.081  34.146047     7.5796     4.3046     27.845    33.1727    25.8998 0.0000e+00
 264.498247     27.530  34.142091     7.5886     4.3253     27.298    33.1601    25.8886 0.0000e+00
 264.498252     26.987  34.133878     7.6046     4.2823     26.760    33.1363    25.8676 0.0000e+00
 264.498258     26.449  34.121758     7.6248     4.1953     26.227    33.1042    25.8395 0.0000e+00
 264.498264     25.915  34.113194     7.6454     4.0696     25.697    33.0757    25.8141 0.0000e+00
 264.498270     25.386  34.113669     7.6713     3.9562     25.173    33.0518    25.7917 0.0000e+00
 264.498275     24.863  34.124481     7.7163     3.8449     24.654    33.0210    25.7610 0.0000e+00
 264.498281     24.341  34.156230     7.7853     3.7638     24.136    32.9899    25.7268 0.0000e+00
 264.498287     23.818  34.213837     7.8626     3.7414     23.618    32.9788    25.7069 0.0000e+00
 264.498293     23.299  34.279585     7.9286     3.7300     23.103    32.9870    25.7038 0.0000e+00
 264.498299     22.794  34.333743     7.9776     3.7184     22.603    32.9988    25.7060 0.0000e+00
 264.498304     22.305  34.375841     8.0100     3.7112     22.118    33.0133    25.7127 0.0000e+00
 264.498310     21.827  34.413408     8.0298     3.7101     21.644    33.0349    25.7267 0.0000e+00
 264.498316     21.364  34.438403     8.0524     3.6983     21.185    33.0404    25.7277 0.0000e+00
 264.498322     20.924  34.447864     8.0933     3.6863     20.748    33.0121    25.6995 0.0000e+00
 264.498328     20.505  34.457869     8.1431     3.6422     20.333    32.9761    25.6639 0.0000e+00
 264.498333     20.099  34.485220     8.1758     3.5891     19.930    32.9746    25.6579 0.0000e+00
 264.498339     19.699  34.520578     8.1950     3.5669     19.534    32.9943    25.6705 0.0000e+00
 264.498345     19.312  34.544561     8.2390     3.5794     19.150    32.9785    25.6517 0.0000e+00
 264.498351     18.941  34.584774     8.3285     3.6332     18.782    32.9373    25.6060 0.0000e+00
 264.498356     18.586  34.666378     8.4453     3.7452     18.430    32.9144    25.5706 0.0000e+00
 264.498362     18.241  34.758288     8.5564     3.9401     18.088    32.9077    25.5485 0.0000e+00
 264.498368     17.901  34.828053     8.6355     4.1969     17.751    32.9074    25.5363 0.0000e+00
 264.498374     17.561  34.885379     8.6923     4.4649     17.414    32.9148    25.5334 0.0000e+00
 264.498380     17.217  34.944661     8.7729     4.6830     17.073    32.9021    25.5111 0.0000e+00
 264.498385     16.868  34.999935     8.8835     4.8032     16.727    32.8574    25.4591 0.0000e+00
 264.498391     16.518  35.043805     8.9843     4.9097     16.379    32.8101    25.4063 0.0000e+00
 264.498397     16.167  35.064319     9.0560     4.9973     16.031    32.7654    25.3602 0.0000e+00
