data/oxygen options/ONMS/Olympic_Coast_National_Marine_Sanctuary_Hypoxia_Survey_CTD_Data_2004_2015/raw_data/2012/CAST_RR020_121010faed.cnv
* Sea-Bird SBE19 Data File:
* FileName = C:\Documents and Settings\OCNMS\Desktop\2012 mooring data\RECOVERY\CAST_RR020_121010.hex
* Software Version 1.25
* Temperature SN = 2997
* Conductivity SN = 2997
* System UpLoad Time = Oct 10 2012 14:00:25
** CAST_RR020_121010
* SEACAT PROFILER V3.1c SN 2997   10/10/12  13:58:43.997
# nquan = 9                                 
# nvalues = 956                         
# units = specified
# name 0 = timeJ: Julian Days
# name 1 = prSM: Pressure, Strain Gauge [db]
# name 2 = c0mS/cm: Conductivity [mS/cm]
# name 3 = t090C: Temperature [ITS-90, deg C]
# name 4 = sbeox0ML/L: Oxygen, SBE 43 [ml/l]
# name 5 = depSM: Depth [salt water, m], lat = 47.5
# name 6 = sal00: Salinity, Practical [PSU]
# name 7 = sigma-é00: Density [sigma-theta, kg/m^3]
# name 8 = flag: flag
# span 0 = 284.575613, 284.581140       
# span 1 =     -4.921,     22.391       
# span 2 =   0.102903,  36.340958       
# span 3 =     8.3636,    10.8815       
# span 4 =    -1.9105,    15.3133       
# span 5 =     -4.880,     22.203       
# span 6 =     0.0674,    33.3664       
# span 7 =    -0.3279,    25.9371       
# span 8 = 0.0000e+00, 0.0000e+00       
# interval = seconds: 0.5
# start_time = Oct 10 2012 13:48:53 [Instrument's time stamp, header]
# bad_flag = -9.990e-29
*END*
[from data line 321]
 284.577471     -0.418   0.106090    10.7860    -1.9045     -0.415     0.0696    -0.3167 -9.990e-29
 284.577477     -0.419   0.106091    10.7875    -1.9045     -0.416     0.0696    -0.3169 -9.990e-29
 284.577483     -0.419   0.106091    10.7897    -1.9046     -0.416     0.0696    -0.3171 -9.990e-29
 284.577488     -0.419   0.106092    10.7930    -1.9047     -0.416     0.0696    -0.3174 -9.990e-29
 284.577494     -0.419   0.106092    10.7972    -1.9046     -0.416     0.0696    -0.3178 -9.990e-29
 284.577500     -0.419   0.106092    10.8019    -1.9044     -0.416     0.0696    -0.3183 -9.990e-29
 284.577506     -0.418   0.106092    10.8062    -1.9043     -0.415     0.0696    -0.3187 -9.990e-29
 284.577512     -0.417   0.106091    10.8090    -1.9040     -0.414     0.0696    -0.3190 -9.990e-29
 284.577517     -0.416   0.106087    10.8103    -1.9041     -0.413     0.0696    -0.3191 -9.990e-29
 284.577523     -0.415   0.106074    10.8106    -1.9039     -0.412     0.0696    -0.3192 -9.990e-29
 284.577529     -0.413   0.106033    10.8100    -1.9040     -0.410     0.0696    -0.3191 -9.990e-29
 284.577535     -0.411   0.105910    10.8091    -1.9039     -0.408     0.0695    -0.3191 -9.990e-29
 284.577541     -0.407   0.105542    10.8090    -1.9039     -0.404     0.0692    -0.3193 -9.990e-29
 284.577546     -0.403   0.104989    10.8105    -1.9037     -0.400     0.0689    -0.3197 -9.990e-29
 284.577552     -0.398   0.104620    10.8131    -1.9037     -0.395     0.0686    -0.3202 -9.990e-29
 284.577558     -0.391   0.104498    10.8163    -1.9036     -0.388     0.0686    -0.3205 -9.990e-29
 284.577564     -0.382   0.104457    10.8192    -1.9034     -0.379     0.0685    -0.3209 -9.990e-29
 284.577569     -0.370   0.104443    10.8215    -1.9033     -0.367     0.0685    -0.3211 -9.990e-29
 284.577575     -0.356   0.104439    10.8233    -1.9032     -0.353     0.0685    -0.3213 -9.990e-29
 284.577581     -0.337   0.104438    10.8246    -1.9030     -0.334     0.0685    -0.3214 -9.990e-29
 284.577587     -0.316   0.104438    10.8255    -1.9028     -0.313     0.0685    -0.3215 -9.990e-29
 284.577593     -0.302   0.104438    10.8264    -1.9027     -0.299     0.0685    -0.3216 -9.990e-29
 284.577598     -0.298   0.104439    10.8279    -1.9027     -0.296     0.0685    -0.3217 -9.990e-29
 284.577604     -0.298   0.104439    10.8299    -1.9026     -0.296     0.0685    -0.3219 -9.990e-29
 284.577610     -0.295   0.104440    10.8327    -1.9024     -0.293     0.0685    -0.3222 -9.990e-29
 284.577616     -0.288   0.104440    10.8359    -1.9024     -0.286     0.0685    -0.3225 -9.990e-29
 284.577622     -0.285   0.104440    10.8386    -1.9023     -0.283     0.0685    -0.3228 -9.990e-29
 284.577627     -0.287   0.104441    10.8414    -1.9023     -0.285     0.0685    -0.3231 -9.990e-29
 284.577633     -0.284   0.104441    10.8450    -1.9023     -0.282     0.0685    -0.3235 -9.990e-29
 284.577639     -0.272   0.104442    10.8486    -1.9023     -0.270     0.0685    -0.3238 -9.990e-29
 284.577645     -0.255   0.104442    10.8513    -1.9022     -0.253     0.0685    -0.3241 -9.990e-29
 284.577650     -0.241   0.104442    10.8532    -1.9023     -0.239     0.0685    -0.3243 -9.990e-29
 284.577656     -0.232   0.104443    10.8551    -1.9022     -0.230     0.0685    -0.3245 -9.990e-29
 284.577662     -0.228   0.104443    10.8569    -1.9021     -0.226     0.0685    -0.3247 -9.990e-29
 284.577668     -0.224   0.104444    10.8585    -1.9020     -0.222     0.0685    -0.3248 -9.990e-29
 284.577674     -0.217   0.104444    10.8598    -1.9018     -0.215     0.0685    -0.3249 -9.990e-29
 284.577679     -0.209   0.104444    10.8606    -1.9020     -0.207     0.0685    -0.3250 -9.990e-29
 284.577685     -0.205   0.104445    10.8610    -1.9021     -0.203     0.0685    -0.3251 -9.990e-29
 284.577691     -0.204   0.104445    10.8613    -1.9021     -0.202     0.0685    -0.3251 -9.990e-29
 284.577697     -0.206   0.104445    10.8616    -1.9022     -0.204     0.0685    -0.3251 -9.990e-29
 284.577703     -0.207   0.104446    10.8622    -1.9020     -0.205     0.0685    -0.3252 -9.990e-29
 284.577708     -0.204   0.104446    10.8634    -1.9020     -0.202     0.0685    -0.3253 -9.990e-29
 284.577714     -0.199   0.104447    10.8650    -1.9022     -0.197     0.0685    -0.3255 -9.990e-29
 284.577720     -0.197   0.104447    10.8666    -1.9021     -0.195     0.0685    -0.3256 -9.990e-29
 284.577726     -0.198   0.104447    10.8674    -1.9020     -0.196     0.0684    -0.3257 -9.990e-29
 284.577731     -0.197   0.104448    10.8669    -1.9019     -0.195     0.0685    -0.3257 -9.990e-29
 284.577737     -0.191   0.104448    10.8659    -1.9017     -0.189     0.0685    -0.3256 -9.990e-29
 284.577743     -0.182   0.104446    10.8652    -1.9017     -0.180     0.0685    -0.3255 -9.990e-29
 284.577749     -0.176   0.104438    10.8651    -1.9016     -0.175     0.0684    -0.3255 -9.990e-29
 284.577755     -0.171   0.104410    10.8658    -1.9015     -0.170     0.0684    -0.3256 -9.990e-29
 284.577760     -0.168   0.104326    10.8661    -1.9014     -0.167     0.0684    -0.3256 -9.990e-29
 284.577766     -0.165   0.104072    10.8659    -1.9014     -0.164     0.0682    -0.3257 -9.990e-29
 284.577772     -0.163   0.103859    10.8666    -1.9014     -0.162     0.0681    -0.3259 -9.990e-29
 284.577778     -0.162   0.103958    10.8683    -1.9014     -0.161     0.0681    -0.3260 -9.990e-29
 284.577784     -0.161   0.103946    10.8705    -1.9014     -0.160     0.0681    -0.3263 -9.990e-29
 284.577789     -0.161   0.103804    10.8727    -1.9012     -0.160     0.0680    -0.3266 -9.990e-29
 284.577795     -0.161   0.103894    10.8748    -1.9014     -0.160     0.0681    -0.3267 -9.990e-29
 284.577801     -0.162   0.103783    10.8769    -1.9016     -0.161     0.0680    -0.3270 -9.990e-29
 284.577807     -0.163   0.103319    10.8789    -1.9016     -0.162     0.0677    -0.3274 -9.990e-29
 284.577812     -0.165   0.102988    10.8803    -1.9015     -0.164     0.0675    -0.3278 -9.990e-29
 284.577818     -0.168   0.102903    10.8810    -1.9017     -0.167     0.0674    -0.3279 -9.990e-29
 284.577824     -0.172   0.102949    10.8813    -1.9018     -0.171     0.0675    -0.3279 -9.990e-29
 284.577830     -0.176   0.103185    10.8814    -1.9021     -0.175     0.0676    -0.3278 -9.990e-29
 284.577836     -0.183   0.103371    10.8815    -1.9023     -0.181     0.0677    -0.3277 -9.990e-29
 284.577841     -0.191   0.103199    10.8814    -1.9028     -0.189     0.0676    -0.3278 -9.990e-29
 284.577847     -0.193   0.102992    10.8803    -1.9030     -0.191     0.0675    -0.3277 -9.990e-29
 284.577853     -0.180   0.103029    10.8785    -1.7296     -0.178     0.0675    -0.3275 -9.990e-29
 284.577859     -0.161   0.103357    10.8773    -1.5528     -0.160     0.0677    -0.3273 -9.990e-29
 284.577865     -0.142   0.104413    10.8763    -1.5594     -0.141     0.0684    -0.3266 -9.990e-29
 284.577870     -0.123   0.107048    10.8739    -1.5618     -0.122     0.0701    -0.3250 -9.990e-29
 284.577876     -0.101   0.114219    10.8698    -1.5623     -0.100     0.0748    -0.3210 -9.990e-29
 284.577882     -0.077   0.136042    10.8642    -1.5624     -0.076     0.0890    -0.3093 -9.990e-29
 284.577888     -0.047   0.202164    10.8566    -1.5626     -0.047     0.1326    -0.2742 -9.990e-29
 284.577894     -0.011   0.400749    10.8449    -1.5627     -0.011     0.2672    -0.1674 -9.990e-29
 284.577899      0.030   0.996573    10.8230    -1.5627      0.030     0.6883     0.1648 -9.990e-29
 284.577905      0.074   2.783513    10.7707    -1.5630      0.073     2.0296     1.2181 -9.990e-29
 284.577911      0.128   8.143049    10.6655    -1.5636      0.127     6.3934     4.6241 -9.990e-29
 284.577917      0.200  18.199464    10.5328    -1.5637      0.198    15.3090    11.5556 -9.990e-29
 284.577922      0.294  28.262259    10.4278    -1.5640      0.292    24.8548    18.9793 -9.990e-29
 284.577928      0.408  33.630262    10.3694    -1.5639      0.405    30.1669    23.1207 -9.990e-29
 284.577934      0.523  35.433848    10.3471    -1.5633      0.519    31.9868    24.5422 -9.990e-29
 284.577940      0.622  36.055927    10.3437    -1.5631      0.617    32.6145    25.0320 -9.990e-29
 284.577946      0.697  36.258707    10.3413    -1.5633      0.691    32.8206    25.1931 -9.990e-29
 284.577951      0.749  36.306395    10.3340    -1.5635      0.743    32.8752    25.2369 -9.990e-29
 284.577957      0.785  36.316355    10.3262    -1.5638      0.778    32.8923    25.2515 -9.990e-29
 284.577963      0.813  36.323154    10.3220    -1.5640      0.806    32.9029    25.2605 -9.990e-29
 284.577969      0.833  36.317369    10.3205    -1.5635      0.826    32.8985    25.2573 -9.990e-29
 284.577975      0.852  36.297447    10.3204    -1.5634      0.845    32.8785    25.2417 -9.990e-29
 284.577980      0.875  36.279400    10.3243    -1.5635      0.868    32.8568    25.2241 -9.990e-29
 284.577986      0.899  36.271655    10.3316    -1.5627      0.891    32.8423    25.2117 -9.990e-29
 284.577992      0.922  36.271727    10.3340    -1.5634      0.914    32.8402    25.2096 -9.990e-29
 284.577998      0.939  36.275791    10.3283    -1.5633      0.931    32.8495    25.2178 -9.990e-29
 284.578003      0.950  36.283103    10.3205    -1.5630      0.942    32.8639    25.2304 -9.990e-29
 284.578009      0.957  36.292210    10.3164    -1.5630      0.949    32.8768    25.2411 -9.990e-29
 284.578015      0.967  36.296207    10.3189    -1.5631      0.959    32.8785    25.2420 -9.990e-29
 284.578021      0.975  36.291460    10.3252    -1.5634      0.967    32.8680    25.2328 -9.990e-29
 284.578027      0.977  36.283400    10.3292    -1.5634      0.969    32.8563    25.2230 -9.990e-29
 284.578032      0.975  36.279767    10.3301    -1.5632      0.967    32.8518    25.2193 -9.990e-29
 284.578038      0.967  36.282999    10.3311    -1.5632      0.959    32.8542    25.2210 -9.990e-29
 284.578044      0.957  36.294046    10.3327    -1.5633      0.949    32.8639    25.2283 -9.990e-29
 284.578050      0.950  36.301308    10.3332    -1.5635      0.942    32.8707    25.2335 -9.990e-29
 284.578056      0.944  36.294303    10.3313    -1.5635      0.936    32.8654    25.2297 -9.990e-29
 284.578061      0.939  36.292818    10.3293    -1.5633      0.931    32.8657    25.2303 -9.990e-29
 284.578067      0.935  36.306076    10.3301    -1.5635      0.927    32.8783    25.2400 -9.990e-29
 284.578073      0.932  36.314222    10.3322    -1.5634      0.924    32.8846    25.2445 -9.990e-29
 284.578079      0.929  36.304590    10.3323    -1.5629      0.921    32.8749    25.2369 -9.990e-29
 284.578084      0.927  36.287865    10.3296    -1.5628      0.919    32.8605    25.2261 -9.990e-29
 284.578090      0.924  36.283760    10.3265    -1.5630      0.916    32.8591    25.2256 -9.990e-29
 284.578096      0.922  36.294084    10.3252    -1.5630      0.914    32.8707    25.2349 -9.990e-29
 284.578102      0.919  36.302914    10.3253    -1.5628      0.911    32.8795    25.2417 -9.990e-29
 284.578108      0.916  36.300733    10.3267    -1.5629      0.908    32.8760    25.2388 -9.990e-29
 284.578113      0.913  36.293034    10.3295    -1.5630      0.905    32.8658    25.2303 -9.990e-29
 284.578119      0.909  36.287479    10.3324    -1.5630      0.901    32.8575    25.2234 -9.990e-29
 284.578125      0.903  36.283382    10.3345    -1.5626      0.895    32.8515    25.2183 -9.990e-29
 284.578131      0.896  36.280885    10.3361    -1.5621      0.889    32.8476    25.2150 -9.990e-29
 284.578137      0.888  36.288422    10.3374    -1.5621      0.881    32.8540    25.2198 -9.990e-29
 284.578142      0.877  36.303716    10.3386    -1.5621      0.870    32.8683    25.2307 -9.990e-29
 284.578148      0.863  36.311310    10.3392    -1.5622      0.856    32.8754    25.2361 -9.990e-29
 284.578154      0.849  36.307884    10.3381    -1.5621      0.842    32.8730    25.2344 -9.990e-29
 284.578160      0.843  36.305674    10.3362    -1.5621      0.836    32.8725    25.2344 -9.990e-29
 284.578166      0.845  36.311258    10.3364    -1.5622      0.838    32.8779    25.2386 -9.990e-29
 284.578171      0.846  36.316957    10.3404    -1.5623      0.839    32.8800    25.2395 -9.990e-29
 284.578177      0.843  36.316364    10.3473    -1.5623      0.836    32.8732    25.2330 -9.990e-29
 284.578183      0.833  36.314286    10.3539    -1.5623      0.826    32.8651    25.2256 -9.990e-29
 284.578189      0.823  36.318039    10.3580    -1.5623      0.816    32.8652    25.2250 -9.990e-29
 284.578194      0.814  36.325344    10.3597    -1.5625      0.807    32.8710    25.2292 -9.990e-29
 284.578200      0.812  36.328018    10.3601    -1.5627      0.805    32.8733    25.2310 -9.990e-29
 284.578206      0.819  36.326825    10.3597    -1.5625      0.812    32.8725    25.2304 -9.990e-29
 284.578212      0.828  36.327456    10.3575    -1.5627      0.821    32.8751    25.2328 -9.990e-29
 284.578218      0.831  36.330751    10.3546    11.4284      0.824    32.8810    25.2379 -9.990e-29
 284.578223      0.832  36.334942    10.3535    15.1276      0.825    32.8863    25.2422 -9.990e-29
 284.578229      0.840  36.336093    10.3539    15.3133      0.833    32.8871    25.2427 -9.990e-29
 284.578235      0.856  36.332936    10.3527    12.3619      0.849    32.8850    25.2413 -9.990e-29
 284.578241      0.871  36.330224    10.3481     6.2008      0.864    32.8864    25.2432 -9.990e-29
 284.578247      0.883  36.332183    10.3420     6.4809      0.876    32.8939    25.2501 -9.990e-29
 284.578252      0.892  36.337505    10.3391     6.8072      0.885    32.9019    25.2568 -9.990e-29
 284.578258      0.899  36.340958    10.3418     6.9082      0.891    32.9029    25.2571 -9.990e-29
 284.578264      0.905  36.338743    10.3469     6.8875      0.897    32.8960    25.2509 -9.990e-29
 284.578270      0.910  36.326226    10.3502     6.8102      0.902    32.8804    25.2382 -9.990e-29
 284.578275      0.913  36.300723    10.3506     6.7472      0.905    32.8544    25.2178 -9.990e-29
 284.578281      0.916  36.271364    10.3497     6.6735      0.908    32.8257    25.1956 -9.990e-29
 284.578287      0.918  36.252220    10.3490     6.6230      0.910    32.8070    25.1812 -9.990e-29
 284.578293      0.919  36.246897    10.3491     6.6113      0.911    32.8016    25.1769 -9.990e-29
 284.578299      0.920  36.247175    10.3490     6.5920      0.912    32.8020    25.1772 -9.990e-29
 284.578304      0.921  36.245581    10.3466     6.5832      0.913    32.8025    25.1781 -9.990e-29
 284.578310      0.922  36.239431    10.3428     6.5542      0.914    32.7998    25.1766 -9.990e-29
 284.578316      0.922  36.233969    10.3407     6.5370      0.914    32.7962    25.1741 -9.990e-29
 284.578322      0.923  36.234234    10.3411     6.5303      0.915    32.7961    25.1740 -9.990e-29
 284.578328      0.923  36.233858    10.3428     6.5382      0.915    32.7942    25.1722 -9.990e-29
 284.578333      0.923  36.231776    10.3438     6.5352      0.915    32.7912    25.1697 -9.990e-29
 284.578339      0.922  36.230254    10.3393     6.5090      0.914    32.7937    25.1724 -9.990e-29
 284.578345      0.922  36.225583    10.3291     6.5026      0.914    32.7982    25.1777 -9.990e-29
 284.578351      0.922  36.218817    10.3216     6.4976      0.914    32.7982    25.1789 -9.990e-29
 284.578356      0.921  36.216620    10.3220     6.5200      0.913    32.7956    25.1768 -9.990e-29
 284.578362      0.920  36.219979    10.3250     6.5191      0.912    32.7963    25.1769 -9.990e-29
 284.578368      0.919  36.223289    10.3244     6.5163      0.911    32.8001    25.1800 -9.990e-29
 284.578374      0.917  36.223120    10.3205     6.5073      0.909    32.8035    25.1833 -9.990e-29
 284.578380      0.914  36.219806    10.3162     6.5061      0.906    32.8040    25.1844 -9.990e-29
 284.578385      0.916  36.215651    10.3137     6.5096      0.908    32.8021    25.1833 -9.990e-29
