data/oxygen options/ONMS/Olympic_Coast_National_Marine_Sanctuary_Hypoxia_Survey_CTD_Data_2004_2015/raw_data/2012/CAST_CE065_120906faed.cnv
* Sea-Bird SBE19 Data File:
* FileName = C:\Documents and Settings\OCNMS\Desktop\2012 mooring data\Hypoxia Sampling\CAST_CE065_120906.hex
* Software Version 1.25
* Temperature SN = 2997
* Conductivity SN = 2997
* System UpLoad Time = Sep 06 2012 11:44:22
** CAST_CE065_120906
* SEACAT PROFILER V3.1c SN 2997   09/06/12  11:43:08.661
# nquan = 9                                 
# nvalues = 1059                        
# units = specified
# name 0 = timeJ: Julian Days
# name 1 = prSM: Pressure, Strain Gauge [db]
# name 2 = c0mS/cm: Conductivity [mS/cm]
# name 3 = t090C: Temperature [ITS-90, deg C]
# name 4 = sbeox0ML/L: Oxygen, SBE 43 [ml/l]
# name 5 = depSM: Depth [salt water, m], lat = 47.5
# name 6 = sal00: Salinity, Practical [PSU]
# name 7 = sigma-é00: Density [sigma-theta, kg/m^3]
# name 8 = flag: flag
# span 0 = 250.471551, 250.477674       
# span 1 =     -4.977,     66.186       
# span 2 =   0.175699,  38.971115       
# span 3 =     7.2310,    14.0247       
# span 4 =    -1.8535,    14.7690       
# span 5 =     -4.936,     65.623       
# span 6 =     0.1116,    33.8679       
# span 7 =    -0.4306,    26.4950       
# span 8 = 0.0000e+00, 0.0000e+00       
# interval = seconds: 0.5
# start_time = Sep 06 2012 11:19:02 [Instrument's time stamp, header]
# bad_flag = -9.990e-29
*END*
[from data line 161]
 250.472483     -1.742   0.336204    12.0100    -1.8515     -1.727     0.2165    -0.3323 -9.990e-29
 250.472488     -1.731   0.332747    12.0065    -1.8515     -1.717     0.2142    -0.3337 -9.990e-29
 250.472494     -1.722   0.328013    12.0030    -1.8514     -1.708     0.2111    -0.3357 -9.990e-29
 250.472500     -1.718   0.322897    12.0002    -1.8514     -1.704     0.2078    -0.3380 -9.990e-29
 250.472506     -1.715   0.318895    11.9968    -1.8515     -1.701     0.2051    -0.3397 -9.990e-29
 250.472512     -1.709   0.315665    11.9927    -1.8518     -1.695     0.2030    -0.3409 -9.990e-29
 250.472517     -1.698   0.312233    11.9890    -1.8518     -1.684     0.2008    -0.3422 -9.990e-29
 250.472523     -1.684   0.308466    11.9856    -1.8520     -1.670     0.1983    -0.3437 -9.990e-29
 250.472529     -1.668   0.307103    11.9820    -1.8522     -1.654     0.1974    -0.3440 -9.990e-29
 250.472535     -1.654   0.309107    11.9787    -1.8523     -1.640     0.1988    -0.3426 -9.990e-29
 250.472541     -1.642   0.308860    11.9767    -1.8524     -1.628     0.1986    -0.3425 -9.990e-29
 250.472546     -1.630   0.303830    11.9756    -1.8527     -1.616     0.1953    -0.3449 -9.990e-29
 250.472552     -1.613   0.301163    11.9742    -1.8531     -1.600     0.1936    -0.3462 -9.990e-29
 250.472558     -1.591   0.305065    11.9721    -1.8531     -1.578     0.1962    -0.3439 -9.990e-29
 250.472564     -1.571   0.309129    11.9696    -1.8532     -1.558     0.1988    -0.3415 -9.990e-29
 250.472569     -1.554   0.308268    11.9670    -1.8530     -1.541     0.1983    -0.3416 -9.990e-29
 250.472575     -1.542   0.303563    11.9640    -1.8530     -1.529     0.1952    -0.3437 -9.990e-29
 250.472581     -1.532   0.297610    11.9606    -1.8527     -1.519     0.1913    -0.3464 -9.990e-29
 250.472587     -1.524   0.293554    11.9573    -1.8528     -1.511     0.1887    -0.3481 -9.990e-29
 250.472593     -1.517   0.293196    11.9538    -1.8527     -1.504     0.1884    -0.3478 -9.990e-29
 250.472598     -1.512   0.294411    11.9498    -1.8527     -1.499     0.1893    -0.3467 -9.990e-29
 250.472604     -1.507   0.292188    11.9460    -1.8527     -1.494     0.1878    -0.3474 -9.990e-29
 250.472610     -1.503   0.285239    11.9438    -1.8529     -1.490     0.1833    -0.3508 -9.990e-29
 250.472616     -1.499   0.278700    11.9436    -1.8528     -1.486     0.1790    -0.3541 -9.990e-29
 250.472622     -1.495   0.276045    11.9449    -1.8528     -1.483     0.1772    -0.3556 -9.990e-29
 250.472627     -1.491   0.275407    11.9470    -1.8526     -1.479     0.1768    -0.3562 -9.990e-29
 250.472633     -1.486   0.274841    11.9495    -1.8525     -1.474     0.1764    -0.3568 -9.990e-29
 250.472639     -1.480   0.273607    11.9516    -1.8523     -1.468     0.1756    -0.3576 -9.990e-29
 250.472645     -1.473   0.271178    11.9527    -1.8520     -1.461     0.1740    -0.3590 -9.990e-29
 250.472650     -1.465   0.268202    11.9532    -1.8520     -1.453     0.1721    -0.3606 -9.990e-29
 250.472656     -1.454   0.265706    11.9533    -1.8520     -1.442     0.1704    -0.3619 -9.990e-29
 250.472662     -1.440   0.263142    11.9532    -1.8522     -1.428     0.1687    -0.3632 -9.990e-29
 250.472668     -1.426   0.259874    11.9533    -1.8522     -1.414     0.1666    -0.3649 -9.990e-29
 250.472674     -1.416   0.257091    11.9545    -1.8521     -1.404     0.1648    -0.3664 -9.990e-29
 250.472679     -1.406   0.256078    11.9573    -1.8520     -1.394     0.1641    -0.3673 -9.990e-29
 250.472685     -1.389   0.256602    11.9616    -1.8521     -1.377     0.1644    -0.3675 -9.990e-29
 250.472691     -1.365   0.257162    11.9666    -1.8522     -1.354     0.1648    -0.3678 -9.990e-29
 250.472697     -1.338   0.255749    11.9707    -1.8523     -1.327     0.1638    -0.3690 -9.990e-29
 250.472703     -1.312   0.252154    11.9728    -1.8521     -1.301     0.1615    -0.3711 -9.990e-29
 250.472708     -1.292   0.248793    11.9732    -1.8520     -1.281     0.1593    -0.3729 -9.990e-29
 250.472714     -1.275   0.246731    11.9726    -1.8520     -1.264     0.1580    -0.3738 -9.990e-29
 250.472720     -1.262   0.244893    11.9724    -1.8519     -1.251     0.1568    -0.3747 -9.990e-29
 250.472726     -1.251   0.243055    11.9731    -1.8521     -1.241     0.1556    -0.3758 -9.990e-29
 250.472731     -1.241   0.242098    11.9738    -1.8523     -1.231     0.1549    -0.3763 -9.990e-29
 250.472737     -1.231   0.242421    11.9737    -1.8524     -1.221     0.1552    -0.3762 -9.990e-29
 250.472743     -1.222   0.242255    11.9735    -1.8522     -1.212     0.1550    -0.3762 -9.990e-29
 250.472749     -1.212   0.239729    11.9742    -1.8523     -1.202     0.1534    -0.3776 -9.990e-29
 250.472755     -1.205   0.235917    11.9757    -1.8525     -1.195     0.1509    -0.3797 -9.990e-29
 250.472760     -1.205   0.232391    11.9771    -1.8526     -1.195     0.1486    -0.3817 -9.990e-29
 250.472766     -1.208   0.229445    11.9779    -1.8527     -1.198     0.1467    -0.3832 -9.990e-29
 250.472772     -1.210   0.228145    11.9776    -1.8529     -1.200     0.1459    -0.3839 -9.990e-29
 250.472778     -1.210   0.228983    11.9756    -1.8529     -1.200     0.1464    -0.3832 -9.990e-29
 250.472784     -1.209   0.229771    11.9730    -1.8530     -1.199     0.1469    -0.3825 -9.990e-29
 250.472789     -1.206   0.228803    11.9715    -1.8530     -1.196     0.1463    -0.3828 -9.990e-29
 250.472795     -1.202   0.227570    11.9710    -1.8531     -1.192     0.1455    -0.3834 -9.990e-29
 250.472801     -1.196   0.227762    11.9701    -1.8531     -1.186     0.1456    -0.3832 -9.990e-29
 250.472807     -1.188   0.227986    11.9682    -1.8530     -1.178     0.1458    -0.3829 -9.990e-29
 250.472813     -1.182   0.226894    11.9658    -1.8532     -1.172     0.1451    -0.3831 -9.990e-29
 250.472818     -1.181   0.225257    11.9633    -1.8533     -1.171     0.1440    -0.3837 -9.990e-29
 250.472824     -1.182   0.223118    11.9609    -1.8532     -1.172     0.1427    -0.3845 -9.990e-29
 250.472830     -1.179   0.220406    11.9588    -1.8533     -1.169     0.1409    -0.3856 -9.990e-29
 250.472836     -1.173   0.219054    11.9571    -1.8532     -1.163     0.1400    -0.3861 -9.990e-29
 250.472841     -1.163   0.220038    11.9557    -1.8531     -1.153     0.1407    -0.3854 -9.990e-29
 250.472847     -1.149   0.221363    11.9547    -1.8532     -1.139     0.1415    -0.3846 -9.990e-29
 250.472853     -1.130   0.221489    11.9545    -1.8531     -1.121     0.1416    -0.3846 -9.990e-29
 250.472859     -1.105   0.220594    11.9548    -1.8532     -1.096     0.1410    -0.3850 -9.990e-29
 250.472865     -1.076   0.219161    11.9544    -1.8532     -1.067     0.1401    -0.3857 -9.990e-29
 250.472870     -1.050   0.217506    11.9541    -1.8534     -1.041     0.1390    -0.3865 -9.990e-29
 250.472876     -1.030   0.215647    11.9543    -1.8533     -1.021     0.1378    -0.3875 -9.990e-29
 250.472882     -1.014   0.213335    11.9545    -1.8535     -1.006     0.1363    -0.3887 -9.990e-29
 250.472888     -1.001   0.210819    11.9550    -1.8535     -0.993     0.1347    -0.3900 -9.990e-29
 250.472894     -0.991   0.209184    11.9557    -1.8534     -0.983     0.1337    -0.3909 -9.990e-29
 250.472899     -0.983   0.209033    11.9559    -1.8534     -0.975     0.1336    -0.3910 -9.990e-29
 250.472905     -0.976   0.209623    11.9558    -1.8534     -0.968     0.1339    -0.3907 -9.990e-29
 250.472911     -0.970   0.209541    11.9553    -1.8534     -0.962     0.1339    -0.3907 -9.990e-29
 250.472917     -0.965   0.208690    11.9543    -1.8534     -0.957     0.1333    -0.3910 -9.990e-29
 250.472922     -0.959   0.207608    11.9530    -1.8533     -0.951     0.1326    -0.3914 -9.990e-29
 250.472928     -0.954   0.205973    11.9515    -1.8531     -0.946     0.1316    -0.3921 -9.990e-29
 250.472934     -0.948   0.204936    11.9500    -1.8529     -0.940     0.1309    -0.3924 -9.990e-29
 250.472940     -0.942   0.206449    11.9495    -1.8525     -0.934     0.1319    -0.3916 -9.990e-29
 250.472946     -0.934   0.209224    11.9500    -1.8520     -0.926     0.1337    -0.3902 -9.990e-29
 250.472951     -0.929   0.210331    11.9504    -1.8516     -0.921     0.1344    -0.3897 -9.990e-29
 250.472957     -0.930   0.209045    11.9505    -1.8513     -0.922     0.1336    -0.3904 -9.990e-29
 250.472963     -0.934   0.206986    11.9508    -1.8510     -0.926     0.1323    -0.3915 -9.990e-29
 250.472969     -0.936   0.206030    11.9520    -1.8506     -0.928     0.1316    -0.3921 -9.990e-29
 250.472975     -0.937   0.206011    11.9549    -1.8501     -0.929     0.1316    -0.3924 -9.990e-29
 250.472980     -0.936   0.205420    11.9599    -1.8497     -0.928     0.1312    -0.3933 -9.990e-29
 250.472986     -0.933   0.203449    11.9665    -1.8490     -0.925     0.1299    -0.3951 -9.990e-29
 250.472992     -0.928   0.200956    11.9746    -1.8487     -0.920     0.1283    -0.3973 -9.990e-29
 250.472998     -0.922   0.199575    11.9839    -1.8483     -0.914     0.1274    -0.3991 -9.990e-29
 250.473003     -0.913   0.199658    11.9932    -1.8480     -0.905     0.1274    -0.4001 -9.990e-29
 250.473009     -0.901   0.200189    12.0020    -1.8474     -0.893     0.1277    -0.4009 -9.990e-29
 250.473015     -0.885   0.200192    12.0108    -1.8469     -0.878     0.1277    -0.4019 -9.990e-29
 250.473021     -0.868   0.199651    12.0204    -1.8464     -0.861     0.1273    -0.4033 -9.990e-29
 250.473027     -0.854   0.198932    12.0311    -1.8464     -0.847     0.1268    -0.4049 -9.990e-29
 250.473032     -0.842   0.198161    12.0425    -1.8461     -0.835     0.1263    -0.4066 -9.990e-29
 250.473038     -0.835   0.197396    12.0538    -1.8458     -0.828     0.1258    -0.4084 -9.990e-29
 250.473044     -0.833   0.196704    12.0639    -1.8457     -0.826     0.1253    -0.4099 -9.990e-29
 250.473050     -0.832   0.196246    12.0732    -1.8457     -0.825     0.1250    -0.4112 -9.990e-29
 250.473056     -0.830   0.195945    12.0832    -1.8456     -0.823     0.1247    -0.4125 -9.990e-29
 250.473061     -0.829   0.195380    12.0941    -1.8455     -0.822     0.1243    -0.4141 -9.990e-29
 250.473067     -0.829   0.194329    12.1048    -1.8454     -0.822     0.1236    -0.4159 -9.990e-29
 250.473073     -0.824   0.193029    12.1133    -1.8453     -0.817     0.1228    -0.4176 -9.990e-29
 250.473079     -0.810   0.191940    12.1195    -1.8448     -0.803     0.1221    -0.4188 -9.990e-29
 250.473084     -0.791   0.191250    12.1253    -1.8446     -0.784     0.1216    -0.4199 -9.990e-29
 250.473090     -0.774   0.190572    12.1308    -1.8447     -0.768     0.1211    -0.4209 -9.990e-29
 250.473096     -0.762   0.189535    12.1345    -1.8450     -0.756     0.1205    -0.4218 -9.990e-29
 250.473102     -0.754   0.188394    12.1367    -1.8450     -0.748     0.1197    -0.4227 -9.990e-29
 250.473108     -0.751   0.187267    12.1388    -1.8451     -0.745     0.1190    -0.4235 -9.990e-29
 250.473113     -0.747   0.185738    12.1416    -1.8451     -0.741     0.1180    -0.4246 -9.990e-29
 250.473119     -0.738   0.183960    12.1449    -1.8453     -0.732     0.1169    -0.4258 -9.990e-29
 250.473125     -0.727   0.182862    12.1494    -1.8455     -0.721     0.1162    -0.4269 -9.990e-29
 250.473131     -0.719   0.182621    12.1549    -1.8457     -0.713     0.1160    -0.4277 -9.990e-29
 250.473137     -0.713   0.182341    12.1587    -1.8460     -0.707     0.1158    -0.4283 -9.990e-29
 250.473142     -0.707   0.181628    12.1586    -1.8463     -0.701     0.1154    -0.4286 -9.990e-29
 250.473148     -0.703   0.180618    12.1563    -1.8462     -0.697     0.1147    -0.4289 -9.990e-29
 250.473154     -0.700   0.179050    12.1542    -1.8462     -0.694     0.1137    -0.4294 -9.990e-29
 250.473160     -0.697   0.177026    12.1525    -1.8460     -0.691     0.1124    -0.4302 -9.990e-29
 250.473166     -0.694   0.175699    12.1500    -1.8458     -0.688     0.1116    -0.4306 -9.990e-29
 250.473171     -0.692   0.176046    12.1462    -1.8460     -0.686     0.1118    -0.4300 -9.990e-29
 250.473177     -0.689   0.177401    12.1419    -1.8463     -0.683     0.1127    -0.4288 -9.990e-29
 250.473183     -0.686   0.178232    12.1371    -1.8464     -0.680     0.1132    -0.4278 -9.990e-29
 250.473189     -0.683   0.177965    12.1320    -1.8462     -0.677     0.1131    -0.4273 -9.990e-29
 250.473194     -0.679   0.177329    12.1282    -1.8458     -0.673     0.1127    -0.4272 -9.990e-29
 250.473200     -0.674   0.177115    12.1269    -1.8456     -0.668     0.1126    -0.4271 -9.990e-29
 250.473206     -0.669   0.177572    12.1280    -1.8457     -0.663     0.1128    -0.4270 -9.990e-29
 250.473212     -0.661   0.178179    12.1303    -1.8459     -0.655     0.1132    -0.4270 -9.990e-29
 250.473218     -0.652   0.178064    12.1313    -1.8459     -0.647     0.1131    -0.4272 -9.990e-29
 250.473223     -0.645   0.177605    12.1293    -1.8457     -0.640     0.1129    -0.4272 -9.990e-29
 250.473229     -0.643   0.177831    12.1262    -1.8458     -0.638     0.1130    -0.4267 -9.990e-29
 250.473235     -0.643   0.179022    12.1255    -1.8458     -0.638     0.1138    -0.4260 -9.990e-29
 250.473241     -0.639   0.180531    12.1283    -1.8459     -0.634     0.1147    -0.4256 -9.990e-29
 250.473247     -0.632   0.181581    12.1329    -1.8456     -0.627     0.1154    -0.4256 -9.990e-29
 250.473252     -0.621   0.182445    12.1357    -1.8455     -0.616     0.1159    -0.4255 -9.990e-29
 250.473258     -0.610   0.183701    12.1352    -1.8453     -0.605     0.1167    -0.4248 -9.990e-29
 250.473264     -0.603   0.185342    12.1333    -1.8451     -0.598     0.1178    -0.4238 -9.990e-29
 250.473270     -0.594   0.187322    12.1323    -1.8449     -0.589     0.1191    -0.4227 -9.990e-29
 250.473275     -0.583   0.190045    12.1318    -1.8446     -0.578     0.1208    -0.4212 -9.990e-29
 250.473281     -0.573   0.194907    12.1307    -1.8444     -0.568     0.1239    -0.4187 -9.990e-29
 250.473287     -0.565   0.202837    12.1298    -1.8440     -0.560     0.1290    -0.4146 -9.990e-29
 250.473293     -0.561   0.211656    12.1303    -1.8439     -0.556     0.1347    -0.4102 -9.990e-29
 250.473299     -0.566   0.218157    12.1321    -1.8439     -0.561     0.1389    -0.4071 -9.990e-29
 250.473304     -0.576   0.222131    12.1345    -1.8435     -0.571     0.1414    -0.4054 -9.990e-29
 250.473310     -0.583   0.226088    12.1376    -1.8433     -0.578     0.1440    -0.4038 -9.990e-29
 250.473316     -0.584   0.231411    12.1413    -1.8430     -0.579     0.1474    -0.4015 -9.990e-29
 250.473322     -0.581   0.237426    12.1452    -1.8426     -0.576     0.1513    -0.3990 -9.990e-29
 250.473328     -0.580   0.244384    12.1495    -1.8418     -0.575     0.1558    -0.3960 -9.990e-29
 250.473333     -0.576   0.253239    12.1539    -1.8406     -0.571     0.1615    -0.3920 -9.990e-29
 250.473339     -0.569   0.263045    12.1578    -1.8401     -0.564     0.1678    -0.3875 -9.990e-29
 250.473345     -0.563   0.271913    12.1611    -1.8405     -0.558     0.1736    -0.3834 -9.990e-29
 250.473351     -0.553   0.279469    12.1649    -1.8407     -0.548     0.1785    -0.3800 -9.990e-29
 250.473356     -0.538   0.285804    12.1704    -1.8408     -0.534     0.1826    -0.3774 -9.990e-29
 250.473362     -0.527   0.289933    12.1774    -1.8410     -0.523     0.1853    -0.3761 -9.990e-29
 250.473368     -0.518   0.291250    12.1861    -1.8411     -0.514     0.1861    -0.3765 -9.990e-29
 250.473374     -0.506   0.290940    12.1976    -1.8408     -0.502     0.1858    -0.3781 -9.990e-29
 250.473380     -0.496   0.290780    12.2127    -1.8405     -0.492     0.1857    -0.3800 -9.990e-29
 250.473385     -0.490   0.291643    12.2282    -1.8403     -0.486     0.1861    -0.3814 -9.990e-29
 250.473391     -0.484   0.294106    12.2374    -1.8400     -0.480     0.1877    -0.3813 -9.990e-29
 250.473397     -0.474   0.298111    12.2381    -1.8391     -0.470     0.1903    -0.3793 -9.990e-29
