data/oxygen options/ONMS/Olympic_Coast_National_Marine_Sanctuary_Hypoxia_Survey_CTD_Data_2004_2015/raw_data/2012/CAST_RR042_120906faed.cnv
* Sea-Bird SBE19 Data File:
* FileName = C:\Documents and Settings\OCNMS\Desktop\2012 mooring data\Hypoxia Sampling\CAST_RR042_120906.hex
* Software Version 1.25
* Temperature SN = 2997
* Conductivity SN = 2997
* System UpLoad Time = Sep 06 2012 11:41:13
** CAST_RR042_120906
* SEACAT PROFILER V3.1c SN 2997   09/06/12  11:40:18.005
# nquan = 9                                 
# nvalues = 1226                        
# units = specified
# name 0 = timeJ: Julian Days
# name 1 = prSM: Pressure, Strain Gauge [db]
# name 2 = c0mS/cm: Conductivity [mS/cm]
# name 3 = t090C: Temperature [ITS-90, deg C]
# name 4 = sbeox0ML/L: Oxygen, SBE 43 [ml/l]
# name 5 = depSM: Depth [salt water, m], lat = 47.5
# name 6 = sal00: Salinity, Practical [PSU]
# name 7 = sigma-é00: Density [sigma-theta, kg/m^3]
# name 8 = flag: flag
# span 0 = 250.438391, 250.445480       
# span 1 =     -5.235,     42.049       
# span 2 =   0.095918,  37.627838       
# span 3 =     7.3375,    13.3047       
# span 4 =   -14.2747,    14.0728       
# span 5 =     -5.191,     41.694       
# span 6 =     0.0610,    33.7225       
# span 7 =    -0.5121,    26.3649       
# span 8 = 0.0000e+00, 0.0000e+00       
# interval = seconds: 0.5
# start_time = Sep 06 2012 10:31:17 [Instrument's time stamp, header]
# bad_flag = -9.990e-29
*END*
[from data line 961]
 250.443953     40.071  34.440765     7.3424     0.7082     39.733    33.7149    26.3597 0.0000e+00
 250.443958     40.395  34.440952     7.3432     0.7013     40.054    33.7142    26.3590 0.0000e+00
 250.443964     40.694  34.441861     7.3461     0.6982     40.350    33.7122    26.3570 0.0000e+00
 250.443970     40.953  34.442409     7.3495     0.7055     40.607    33.7094    26.3543 0.0000e+00
 250.443976     41.162  34.441411     7.3515     0.7152     40.814    33.7063    26.3516 0.0000e+00
 250.443981     41.327  34.439189     7.3515     0.7392     40.978    33.7038    26.3496 0.0000e+00
 250.443987     41.457  34.436500     7.3514     0.7360     41.107    33.7009    26.3474 -9.990e-29
 250.443993     41.561  34.433670     7.3518     0.7300     41.210    33.6974    26.3446 -9.990e-29
 250.443999     41.645  34.431219     7.3515     0.7300     41.293    33.6949    26.3427 -9.990e-29
 250.444005     41.716  34.429246     7.3503     0.7217     41.364    33.6939    26.3421 -9.990e-29
 250.444010     41.776  34.429604     7.3493     0.7140     41.423    33.6953    26.3433 -9.990e-29
 250.444016     41.831  34.433333     7.3489     0.7140     41.478    33.6997    26.3468 -9.990e-29
 250.444022     41.879  34.436451     7.3489     0.7080     41.525    33.7031    26.3494 -9.990e-29
 250.444028     41.920  34.437520     7.3492     0.6981     41.566    33.7039    26.3501 -9.990e-29
 250.444034     41.955  34.438527     7.3500     0.7026     41.601    33.7042    26.3502 -9.990e-29
 250.444039     41.987  34.439700     7.3506     0.6965     41.632    33.7049    26.3506 -9.990e-29
 250.444045     42.017  34.440368     7.3502     0.7033     41.662    33.7060    26.3516 -9.990e-29
 250.444051     42.041  34.440308     7.3495     0.7122     41.686    33.7066    26.3521 -9.990e-29
 250.444057     42.049  34.440563     7.3490     0.7145     41.694    33.7073    26.3528 -9.990e-29
 250.444063     42.048  34.442035     7.3487     0.7024     41.693    33.7092    26.3543 -9.990e-29
 250.444068     42.041  34.443892     7.3489     0.7061     41.686    33.7111    26.3558 -9.990e-29
 250.444074     42.028  34.444696     7.3494     0.7001     41.673    33.7115    26.3560 -9.990e-29
 250.444080     42.012  34.443843     7.3496     0.6941     41.657    33.7103    26.3551 -9.990e-29
 250.444086     41.996  34.442441     7.3493     0.6820     41.641    33.7091    26.3542 -9.990e-29
 250.444091     41.976  34.442546     7.3485     0.6669     41.621    33.7100    26.3550 -9.990e-29
 250.444097     41.950  34.444302     7.3482     0.6631     41.596    33.7122    26.3568 -9.990e-29
 250.444103     41.925  34.445574     7.3488     0.6697     41.571    33.7130    26.3573 -9.990e-29
 250.444109     41.904  34.445265     7.3492     0.6726     41.550    33.7123    26.3567 -9.990e-29
 250.444115     41.884  34.444647     7.3496     0.6689     41.530    33.7113    26.3558 -9.990e-29
 250.444120     41.866  34.444579     7.3496     0.6711     41.512    33.7112    26.3558 -9.990e-29
 250.444126     41.848  34.444416     7.3483     0.6817     41.495    33.7123    26.3568 -9.990e-29
 250.444132     41.829  34.443946     7.3470     0.6908     41.476    33.7131    26.3576 -9.990e-29
 250.444138     41.807  34.443665     7.3474     0.6787     41.454    33.7124    26.3570 -9.990e-29
 250.444144     41.776  34.443764     7.3493     0.6802     41.423    33.7107    26.3554 -9.990e-29
 250.444149     41.728  34.444380     7.3515     0.6696     41.376    33.7092    26.3539 -9.990e-29
 250.444155     41.653  34.446896     7.3537     0.6636     41.301    33.7098    26.3541 -9.990e-29
 250.444161     41.551  34.450752     7.3547     0.6597     41.200    33.7131    26.3565 -9.990e-29
 250.444167     41.430  34.452136     7.3533     0.6469     41.080    33.7160    26.3590 -9.990e-29
 250.444172     41.298  34.448976     7.3502     0.6680     40.949    33.7157    26.3592 0.0000e+00
 250.444178     41.168  34.442668     7.3461     0.6710     40.820    33.7129    26.3576 -9.990e-29
 250.444184     41.053  34.437127     7.3423     0.6672     40.706    33.7106    26.3563 -9.990e-29
 250.444190     40.955  34.434491     7.3402     0.6566     40.609    33.7098    26.3560 -9.990e-29
 250.444196     40.868  34.433489     7.3400     0.6559     40.523    33.7090    26.3554 -9.990e-29
 250.444201     40.785  34.433348     7.3407     0.6566     40.441    33.7082    26.3546 -9.990e-29
 250.444207     40.702  34.434446     7.3413     0.6611     40.358    33.7088    26.3551 -9.990e-29
 250.444213     40.613  34.436011     7.3413     0.6633     40.270    33.7106    26.3564 -9.990e-29
 250.444219     40.522  34.436773     7.3409     0.6610     40.180    33.7118    26.3575 -9.990e-29
 250.444225     40.443  34.436074     7.3405     0.6572     40.102    33.7115    26.3573 -9.990e-29
 250.444230     40.390  34.434109     7.3405     0.6467     40.049    33.7094    26.3556 -9.990e-29
 250.444236     40.358  34.432744     7.3407     0.6445     40.017    33.7077    26.3543 -9.990e-29
 250.444242     40.332  34.432961     7.3410     0.6467     39.991    33.7077    26.3542 -9.990e-29
 250.444248     40.299  34.433935     7.3412     0.6534     39.959    33.7086    26.3549 -9.990e-29
 250.444253     40.252  34.434729     7.3412     0.6496     39.912    33.7095    26.3555 -9.990e-29
 250.444259     40.188  34.435286     7.3410     0.6557     39.849    33.7103    26.3562 -9.990e-29
 250.444265     40.107  34.435792     7.3410     0.6579     39.768    33.7109    26.3567 -9.990e-29
 250.444271     40.021  34.435809     7.3409     0.6602     39.683    33.7110    26.3568 -9.990e-29
 250.444277     39.950  34.434803     7.3401     0.6624     39.613    33.7108    26.3567 -9.990e-29
 250.444282     39.903  34.433118     7.3392     0.6663     39.566    33.7098    26.3561 -9.990e-29
 250.444288     39.872  34.431876     7.3390     0.6520     39.535    33.7087    26.3552 -9.990e-29
 250.444294     39.851  34.431665     7.3392     0.6475     39.515    33.7083    26.3549 -9.990e-29
 250.444300     39.839  34.432206     7.3392     0.6452     39.503    33.7089    26.3554 -9.990e-29
 250.444306     39.835  34.432544     7.3389     0.6369     39.499    33.7095    26.3559 -9.990e-29
 250.444311     39.842  34.432015     7.3387     0.6353     39.506    33.7091    26.3556 -9.990e-29
 250.444317     39.867  34.431040     7.3386     0.6331     39.530    33.7082    26.3549 -9.990e-29
 250.444323     39.906  34.430565     7.3385     0.6353     39.569    33.7077    26.3546 -9.990e-29
 250.444329     39.957  34.430519     7.3383     0.6421     39.620    33.7079    26.3547 -9.990e-29
 250.444334     40.023  34.430286     7.3382     0.6465     39.685    33.7077    26.3546 -9.990e-29
 250.444340     40.105  34.430120     7.3382     0.6382     39.766    33.7074    26.3544 -9.990e-29
 250.444346     40.190  34.430363     7.3385     0.6359     39.851    33.7074    26.3543 -9.990e-29
 250.444352     40.259  34.431341     7.3394     0.6359     39.919    33.7075    26.3543 -9.990e-29
 250.444358     40.298  34.432682     7.3405     0.6382     39.958    33.7079    26.3544 -9.990e-29
 250.444363     40.306  34.433378     7.3411     0.6427     39.966    33.7081    26.3545 -9.990e-29
 250.444369     40.287  34.433239     7.3407     0.6427     39.947    33.7083    26.3547 -9.990e-29
 250.444375     40.249  34.432646     7.3400     0.6428     39.909    33.7084    26.3549 -9.990e-29
 250.444381     40.194  34.432495     7.3396     0.6345     39.855    33.7086    26.3551 -9.990e-29
 250.444387     40.118  34.433147     7.3396     0.6322     39.779    33.7094    26.3557 -9.990e-29
 250.444392     40.025  34.433799     7.3396     0.6405     39.687    33.7101    26.3563 -9.990e-29
 250.444398     39.930  34.433643     7.3394     0.6450     39.593    33.7102    26.3564 -9.990e-29
 250.444404     39.854  34.432476     7.3388     0.6495     39.518    33.7095    26.3559 -9.990e-29
 250.444410     39.812  34.430991     7.3383     0.6472     39.476    33.7084    26.3551 -9.990e-29
 250.444416     39.810  34.430014     7.3380     0.6427     39.474    33.7077    26.3546 -9.990e-29
 250.444421     39.849  34.429368     7.3378     0.6261     39.513    33.7071    26.3542 -9.990e-29
 250.444427     39.927  34.428755     7.3375     0.6134     39.590    33.7067    26.3539 -9.990e-29
 250.444433     40.031  34.428483     7.3377     0.6194     39.693    33.7062    26.3535 -9.990e-29
 250.444439     40.137  34.428751     7.3383     0.6179     39.798    33.7058    26.3531 -9.990e-29
 250.444444     40.224  34.429358     7.3389     0.6268     39.884    33.7059    26.3530 -9.990e-29
 250.444450     40.279  34.429998     7.3394     0.6208     39.939    33.7061    26.3531 -9.990e-29
 250.444456     40.301  34.430408     7.3397     0.6163     39.961    33.7062    26.3532 -9.990e-29
 250.444462     40.297  34.430580     7.3396     0.6207     39.957    33.7065    26.3534 -9.990e-29
 250.444468     40.283  34.430748     7.3392     0.6229     39.943    33.7071    26.3539 -9.990e-29
 250.444473     40.279  34.430579     7.3389     0.6357     39.939    33.7072    26.3541 -9.990e-29
 250.444479     40.290  34.429856     7.3387     0.6380     39.950    33.7066    26.3536 -9.990e-29
 250.444485     40.307  34.429299     7.3385     0.6297     39.967    33.7062    26.3533 -9.990e-29
 250.444491     40.323  34.429287     7.3385     0.6169     39.983    33.7061    26.3533 -9.990e-29
 250.444497     40.332  34.429251     7.3386     0.6102     39.991    33.7060    26.3532 -9.990e-29
 250.444502     40.328  34.429146     7.3391     0.6124     39.988    33.7054    26.3526 -9.990e-29
 250.444508     40.307  34.429395     7.3399     0.6275     39.967    33.7049    26.3521 -9.990e-29
 250.444514     40.265  34.429774     7.3404     0.6343     39.925    33.7049    26.3520 -9.990e-29
 250.444520     40.206  34.430233     7.3401     0.6260     39.867    33.7057    26.3527 -9.990e-29
 250.444525     40.145  34.430829     7.3395     0.6298     39.806    33.7069    26.3538 -9.990e-29
 250.444531     40.093  34.430685     7.3390     0.6275     39.755    33.7073    26.3541 -9.990e-29
 250.444537     40.066  34.429612     7.3387     0.6298     39.728    33.7064    26.3535 -9.990e-29
 250.444543     40.070  34.428988     7.3388     0.6320     39.732    33.7056    26.3529 -9.990e-29
 250.444549     40.096  34.429104     7.3389     0.6276     39.757    33.7057    26.3529 -9.990e-29
 250.444554     40.139  34.428999     7.3387     0.6109     39.800    33.7057    26.3530 -9.990e-29
 250.444560     40.199  34.428538     7.3385     0.6064     39.860    33.7054    26.3527 -9.990e-29
 250.444566     40.273  34.428231     7.3385     0.6064     39.933    33.7050    26.3524 -9.990e-29
 250.444572     40.349  34.428234     7.3389     0.6026     40.008    33.7046    26.3520 -9.990e-29
 250.444578     40.414  34.428553     7.3392     0.6093     40.073    33.7046    26.3520 -9.990e-29
 250.444583     40.459  34.429058     7.3392     0.6093     40.117    33.7051    26.3524 -9.990e-29
 250.444589     40.487  34.429304     7.3391     0.6198     40.145    33.7055    26.3527 -9.990e-29
 250.444595     40.509  34.429064     7.3391     0.6266     40.167    33.7052    26.3525 -9.990e-29
 250.444601     40.526  34.428582     7.3391     0.6266     40.184    33.7047    26.3521 -9.990e-29
 250.444606     40.526  34.428342     7.3390     0.6326     40.184    33.7045    26.3520 -9.990e-29
 250.444612     40.501  34.428588     7.3390     0.6304     40.159    33.7048    26.3522 -9.990e-29
 250.444618     40.453  34.429090     7.3393     0.6221     40.111    33.7051    26.3524 -9.990e-29
 250.444624     40.388  34.429404     7.3396     0.6177     40.047    33.7052    26.3524 -9.990e-29
 250.444630     40.314  34.429393     7.3395     0.6049     39.974    33.7053    26.3525 -9.990e-29
 250.444635     40.244  34.429046     7.3389     0.6049     39.904    33.7055    26.3528 -9.990e-29
 250.444641     40.191  34.428467     7.3385     0.6094     39.852    33.7053    26.3527 -9.990e-29
 250.444647     40.164  34.428011     7.3386     0.6199     39.825    33.7047    26.3522 -9.990e-29
 250.444653     40.165  34.427635     7.3390     0.6350     39.826    33.7039    26.3515 -9.990e-29
 250.444659     40.196  34.427401     7.3396     0.6289     39.857    33.7031    26.3508 -9.990e-29
 250.444664     40.252  34.427562     7.3401     0.6327     39.912    33.7027    26.3504 -9.990e-29
 250.444670     40.326  34.427777     7.3401     0.6282     39.986    33.7029    26.3506 -9.990e-29
 250.444676     40.404  34.427786     7.3395     0.6260     40.063    33.7035    26.3511 -9.990e-29
 250.444682     40.475  34.427651     7.3389     0.6116     40.133    33.7039    26.3515 -9.990e-29
 250.444687     40.531  34.427273     7.3387     0.5943     40.189    33.7037    26.3513 -9.990e-29
 250.444693     40.569  34.426785     7.3386     0.5920     40.226    33.7032    26.3510 -9.990e-29
 250.444699     40.594  34.426731     7.3386     0.5965     40.251    33.7031    26.3509 -9.990e-29
 250.444705     40.606  34.427113     7.3387     0.6077     40.263    33.7034    26.3512 -9.990e-29
 250.444711     40.606  34.427392     7.3389     0.6205     40.263    33.7036    26.3512 -9.990e-29
 250.444716     40.590  34.427455     7.3392     0.6228     40.247    33.7033    26.3510 -9.990e-29
 250.444722     40.549  34.427459     7.3392     0.6311     40.207    33.7034    26.3510 -9.990e-29
 250.444728     40.480  34.427482     7.3391     0.6228     40.138    33.7035    26.3512 -9.990e-29
 250.444734     40.391  34.427628     7.3392     0.6161     40.050    33.7036    26.3512 -9.990e-29
 250.444740     40.293  34.427608     7.3394     0.6139     39.953    33.7035    26.3511 -9.990e-29
 250.444745     40.202  34.426909     7.3394     0.6116     39.863    33.7027    26.3505 -9.990e-29
 250.444751     40.134  34.425796     7.3391     0.5995     39.795    33.7019    26.3499 -9.990e-29
 250.444757     40.093  34.425098     7.3385     0.5950     39.755    33.7017    26.3498 -9.990e-29
 250.444763     40.076  34.425081     7.3380     0.6033     39.738    33.7022    26.3503 -9.990e-29
 250.444769     40.082  34.425233     7.3381     0.6100     39.744    33.7022    26.3503 -9.990e-29
 250.444774     40.107  34.425272     7.3386     0.6272     39.768    33.7018    26.3499 -9.990e-29
 250.444780     40.139  34.425322     7.3390     0.6189     39.800    33.7014    26.3495 -9.990e-29
 250.444786     40.161  34.425524     7.3393     0.6038     39.822    33.7014    26.3494 -9.990e-29
 250.444792     40.155  34.425660     7.3394     0.5993     39.816    33.7014    26.3495 -9.990e-29
 250.444797     40.117  34.425422     7.3392     0.5887     39.778    33.7014    26.3495 -9.990e-29
 250.444803     40.041  34.425128     7.3391     0.5931     39.703    33.7012    26.3493 -9.990e-29
 250.444809     39.913  34.425018     7.3394     0.5976     39.576    33.7008    26.3490 0.0000e+00
 250.444815     39.721  34.425017     7.3397     0.5998     39.386    33.7006    26.3488 0.0000e+00
 250.444821     39.460  34.425199     7.3398     0.6125     39.127    33.7009    26.3490 0.0000e+00
 250.444826     39.133  34.425322     7.3395     0.6229     38.803    33.7014    26.3495 0.0000e+00
 250.444832     38.743  34.425064     7.3392     0.6334     38.416    33.7016    26.3496 0.0000e+00
 250.444838     38.304  34.424716     7.3391     0.6334     37.981    33.7016    26.3496 0.0000e+00
 250.444844     37.831  34.424451     7.3391     0.6431     37.512    33.7015    26.3496 0.0000e+00
 250.444850     37.338  34.423993     7.3395     0.6409     37.023    33.7009    26.3490 0.0000e+00
 250.444855     36.830  34.423366     7.3403     0.6363     36.519    33.6996    26.3479 0.0000e+00
 250.444861     36.310  34.422933     7.3410     0.6481     36.004    33.6987    26.3471 0.0000e+00
 250.444867     35.779  34.422752     7.3415     0.6513     35.477    33.6983    26.3467 0.0000e+00
