data/oxygen options/ONMS/Olympic_Coast_National_Marine_Sanctuary_Hypoxia_Survey_CTD_Data_2004_2015/raw_data/2012/CAST_HH065_120920faed.cnv
* Sea-Bird SBE19 Data File:
* FileName = C:\Documents and Settings\OCNMS\Desktop\2012 mooring data\Hypoxia Sampling\120920\CAST_HH065_120920.hex
* Software Version 1.25
* Temperature SN = 2997
* Conductivity SN = 2997
* System UpLoad Time = Sep 20 2012 10:35:31
** CAST_HH065_120920
* SEACAT PROFILER V3.1c SN 2997   09/20/12  10:34:09.272
# nquan = 9                                 
# nvalues = 1388                        
# units = specified
# name 0 = timeJ: Julian Days
# name 1 = prSM: Pressure, Strain Gauge [db]
# name 2 = c0mS/cm: Conductivity [mS/cm]
# name 3 = t090C: Temperature [ITS-90, deg C]
# name 4 = sbeox0ML/L: Oxygen, SBE 43 [ml/l]
# name 5 = depSM: Depth [salt water, m], lat = 47.5
# name 6 = sal00: Salinity, Practical [PSU]
# name 7 = sigma-é00: Density [sigma-theta, kg/m^3]
# name 8 = flag: flag
# span 0 = 264.393889, 264.401916       
# span 1 =     -5.017,     65.491       
# span 2 =   0.024784,  37.419350       
# span 3 =     7.3453,    11.9914       
# span 4 =    -1.9040,    13.7550       
# span 5 =     -4.975,     64.934       
# span 6 =     0.0186,    33.7707       
# span 7 =    -0.3867,    26.4030       
# span 8 = 0.0000e+00, 0.0000e+00       
# interval = seconds: 0.5
# start_time = Sep 20 2012 09:27:12 [Instrument's time stamp, header]
# bad_flag = -9.990e-29
*END*
[from data line 641]
 264.397598      0.184   0.024805    11.0195    -1.8969      0.182     0.0186    -0.3802 -9.990e-29
 264.397604      0.184   0.024806    11.0185    -1.8969      0.182     0.0186    -0.3801 -9.990e-29
 264.397610      0.179   0.024806    11.0168    -1.8968      0.178     0.0186    -0.3800 -9.990e-29
 264.397616      0.173   0.024807    11.0144    -1.8966      0.172     0.0186    -0.3797 -9.990e-29
 264.397622      0.172   0.024808    11.0121    -1.8964      0.171     0.0186    -0.3795 -9.990e-29
 264.397627      0.174   0.024808    11.0100    -1.8965      0.173     0.0186    -0.3793 -9.990e-29
 264.397633      0.179   0.024809    11.0075    -1.8967      0.178     0.0186    -0.3790 -9.990e-29
 264.397639      0.184   0.024809    11.0043    -1.8971      0.182     0.0186    -0.3787 -9.990e-29
 264.397645      0.185   0.024810    11.0008    -1.8972      0.183     0.0186    -0.3783 -9.990e-29
 264.397650      0.181   0.024811    10.9982    -1.8973      0.179     0.0186    -0.3781 -9.990e-29
 264.397656      0.173   0.024811    10.9976    -1.8972      0.172     0.0186    -0.3780 -9.990e-29
 264.397662      0.165   0.024812    10.9991    -1.8972      0.164     0.0186    -0.3782 -9.990e-29
 264.397668      0.159   0.024812    11.0016    -1.8973      0.158     0.0186    -0.3784 -9.990e-29
 264.397674      0.156   0.024813    11.0030    -1.8973      0.155     0.0186    -0.3786 -9.990e-29
 264.397679      0.155   0.024814    11.0017    -1.8973      0.154     0.0186    -0.3784 -9.990e-29
 264.397685      0.157   0.024814    10.9980    -1.8973      0.156     0.0186    -0.3781 -9.990e-29
 264.397691      0.162   0.024815    10.9935    -1.8973      0.161     0.0186    -0.3776 -9.990e-29
 264.397697      0.169   0.024815    10.9903    -1.8974      0.168     0.0186    -0.3773 -9.990e-29
 264.397703      0.179   0.024816    10.9890    -1.8974      0.178     0.0186    -0.3772 -9.990e-29
 264.397708      0.190   0.024817    10.9887    -1.8975      0.188     0.0186    -0.3771 -9.990e-29
 264.397714      0.192   0.024817    10.9884    -1.8977      0.190     0.0186    -0.3771 -9.990e-29
 264.397720      0.186   0.024818    10.9879    -1.8977      0.184     0.0186    -0.3770 -9.990e-29
 264.397726      0.180   0.024818    10.9876    -1.8978      0.178     0.0186    -0.3770 -9.990e-29
 264.397731      0.178   0.024819    10.9874    -1.8978      0.177     0.0186    -0.3770 -9.990e-29
 264.397737      0.180   0.024820    10.9870    -1.8977      0.178     0.0186    -0.3769 -9.990e-29
 264.397743      0.186   0.024820    10.9864    -1.8978      0.184     0.0186    -0.3769 -9.990e-29
 264.397749      0.196   0.024821    10.9854    -1.8977      0.194     0.0186    -0.3768 -9.990e-29
 264.397755      0.207   0.024821    10.9842    -1.8976      0.205     0.0186    -0.3767 -9.990e-29
 264.397760      0.216   0.024822    10.9824    -1.8976      0.214     0.0186    -0.3765 -9.990e-29
 264.397766      0.222   0.024823    10.9800    -1.8973      0.220     0.0186    -0.3762 -9.990e-29
 264.397772      0.222   0.024823    10.9779    -1.8974      0.220     0.0186    -0.3760 -9.990e-29
 264.397778      0.215   0.024824    10.9768    -1.8972      0.213     0.0186    -0.3759 -9.990e-29
 264.397784      0.211   0.024824    10.9767    -1.8974      0.209     0.0186    -0.3759 -9.990e-29
 264.397789      0.213   0.024825    10.9771    -1.8974      0.211     0.0186    -0.3759 -9.990e-29
 264.397795      0.220   0.024826    10.9778    -1.8978      0.218     0.0186    -0.3760 -9.990e-29
 264.397801      0.230   0.024826    10.9789    -1.8982      0.228     0.0186    -0.3761 -9.990e-29
 264.397807      0.239   0.024827    10.9806    -1.8985      0.237     0.0186    -0.3763 -9.990e-29
 264.397812      0.247   0.024828    10.9826    -1.8987      0.245     0.0186    -0.3765 -9.990e-29
 264.397818      0.250   0.024828    10.9846    -1.8990      0.248     0.0186    -0.3767 -9.990e-29
 264.397824      0.249   0.024829    10.9860    -1.8991      0.247     0.0186    -0.3768 -9.990e-29
 264.397830      0.248   0.024829    10.9861    -1.8994      0.246     0.0186    -0.3769 -9.990e-29
 264.397836      0.246   0.024830    10.9843    -1.8993      0.244     0.0186    -0.3767 -9.990e-29
 264.397841      0.244   0.024831    10.9806    -1.8992      0.242     0.0186    -0.3763 -9.990e-29
 264.397847      0.242   0.024831    10.9749    -1.8993      0.240     0.0186    -0.3757 -9.990e-29
 264.397853      0.239   0.024832    10.9679    -1.8992      0.237     0.0186    -0.3750 -9.990e-29
 264.397859      0.235   0.024832    10.9614    -1.8990      0.233     0.0186    -0.3744 -9.990e-29
 264.397865      0.235   0.024833    10.9559    -1.8991      0.233     0.0186    -0.3738 -9.990e-29
 264.397870      0.242   0.024834    10.9514    -1.8990      0.240     0.0186    -0.3733 -9.990e-29
 264.397876      0.252   0.024834    10.9476    -1.8991      0.250     0.0186    -0.3730 -9.990e-29
 264.397882      0.259   0.024835    10.9448    -1.8989      0.257     0.0186    -0.3727 -9.990e-29
 264.397888      0.257   0.024835    10.9436    -1.8989      0.255     0.0186    -0.3726 -9.990e-29
 264.397894      0.252   0.024836    10.9436    -1.8988      0.250     0.0186    -0.3726 -9.990e-29
 264.397899      0.251   0.024837    10.9443    -1.8987      0.249     0.0186    -0.3726 -9.990e-29
 264.397905      0.254   0.024837    10.9457    -1.8988      0.252     0.0186    -0.3728 -9.990e-29
 264.397911      0.257   0.024838    10.9474    -1.8988      0.255     0.0186    -0.3729 -9.990e-29
 264.397917      0.265   0.024838    10.9489    -1.8988      0.263     0.0186    -0.3731 -9.990e-29
 264.397922      0.278   0.024839    10.9498    -1.8987      0.276     0.0186    -0.3732 -9.990e-29
 264.397928      0.288   0.024840    10.9504    -1.8988      0.286     0.0186    -0.3732 -9.990e-29
 264.397934      0.292   0.024840    10.9514    -1.8987      0.290     0.0186    -0.3733 -9.990e-29
 264.397940      0.289   0.024841    10.9525    -1.8988      0.287     0.0186    -0.3735 -9.990e-29
 264.397946      0.281   0.024841    10.9535    -1.8990      0.279     0.0186    -0.3736 -9.990e-29
 264.397951      0.270   0.024842    10.9544    -1.8989      0.268     0.0186    -0.3736 -9.990e-29
 264.397957      0.265   0.024843    10.9546    -1.8990      0.263     0.0186    -0.3737 -9.990e-29
 264.397963      0.265   0.024843    10.9543    -1.8992      0.263     0.0186    -0.3736 -9.990e-29
 264.397969      0.266   0.024844    10.9543    -1.8998      0.264     0.0186    -0.3736 -9.990e-29
 264.397975      0.268   0.024844    10.9547    -1.9000      0.266     0.0186    -0.3737 -9.990e-29
 264.397980      0.270   0.024845    10.9553    -1.9001      0.268     0.0186    -0.3737 -9.990e-29
 264.397986      0.274   0.024846    10.9550    -1.9004      0.272     0.0186    -0.3737 -9.990e-29
 264.397992      0.276   0.024847    10.9534    -1.9005      0.274     0.0186    -0.3735 -9.990e-29
 264.397998      0.274   0.024848    10.9513    -1.9008      0.272     0.0186    -0.3733 -9.990e-29
 264.398003      0.274   0.024850    10.9496    -1.9008      0.272     0.0186    -0.3732 -9.990e-29
 264.398009      0.275   0.024856    10.9469    -1.9008      0.273     0.0186    -0.3729 -9.990e-29
 264.398015      0.278   0.024874    10.9417    -1.9010      0.276     0.0186    -0.3724 -9.990e-29
 264.398021      0.282   0.024926    10.9350    -1.8232      0.280     0.0186    -0.3717 -9.990e-29
 264.398027      0.289   0.025080    10.9291    -1.7021      0.287     0.0187    -0.3710 -9.990e-29
 264.398032      0.297   0.025540    10.9246    -1.5433      0.295     0.0190    -0.3703 -9.990e-29
 264.398038      0.313   0.026919    10.9207    -1.5162      0.310     0.0198    -0.3693 -9.990e-29
 264.398044      0.338   0.031057    10.9173    -1.5132      0.335     0.0223    -0.3670 -9.990e-29
 264.398050      0.363   0.043467    10.9157    -1.5119      0.360     0.0299    -0.3609 -9.990e-29
 264.398056      0.387   0.080697    10.9194    -1.5117      0.384     0.0532    -0.3429 -9.990e-29
 264.398061      0.411   0.192386    10.9358    -1.5125      0.408     0.1259    -0.2875 -9.990e-29
 264.398067      0.436   0.527451    10.9881    -1.5139      0.432     0.3535    -0.1141 -9.990e-29
 264.398073      0.465   1.532646    11.0980    -1.5140      0.461     1.0724     0.4368 -9.990e-29
 264.398079      0.498   4.548228    11.2589    -1.5133      0.494     3.3739     2.2117 -9.990e-29
 264.398084      0.539  10.997891    11.4794    -1.5133      0.535     8.6439     6.2700 -9.990e-29
 264.398090      0.590  20.336242    11.7258    -1.5133      0.585    16.7292    12.4861 -9.990e-29
 264.398096      0.653  29.202470    11.8961    -1.5134      0.648    24.7619    18.6703 -9.990e-29
 264.398102      0.734  34.338316    11.9694    -1.5135      0.728    29.5596    22.3732 -9.990e-29
 264.398108      0.836  36.249686    11.9914    -1.5136      0.829    31.3729    23.7752 -9.990e-29
 264.398113      0.963  36.913527    11.9886    -1.5134      0.955    32.0146    24.2735 0.0000e+00
 264.398119      1.101  37.140829    11.9778    -1.5130      1.092    32.2433    24.4529 0.0000e+00
 264.398125      1.229  37.200301    11.9672    -1.5128      1.219    32.3098    24.5066 -9.990e-29
 264.398131      1.338  37.202986    11.9588    -1.5127      1.327    32.3197    24.5158 -9.990e-29
 264.398137      1.426  37.218391    11.9537    -1.5138      1.414    32.3390    24.5317 -9.990e-29
 264.398142      1.494  37.254543    11.9515    -1.5136      1.482    32.3758    24.5607 -9.990e-29
 264.398148      1.547  37.281022    11.9509    -1.5129      1.534    32.4019    24.5810 -9.990e-29
 264.398154      1.588  37.289807    11.9520    -1.5128      1.575    32.4094    24.5867 -9.990e-29
 264.398160      1.621  37.287386    11.9553    -1.5128      1.607    32.4042    24.5820 -9.990e-29
 264.398166      1.646  37.278191    11.9600    -1.5129      1.632    32.3912    24.5711 -9.990e-29
 264.398171      1.665  37.270512    11.9645    -1.5130      1.651    32.3799    24.5614 -9.990e-29
 264.398177      1.680  37.272978    11.9671    -1.5135      1.666    32.3800    24.5610 -9.990e-29
 264.398183      1.692  37.283650    11.9676    -1.5139      1.678    32.3899    24.5686 -9.990e-29
 264.398189      1.701  37.290245    11.9669    -1.5130      1.687    32.3968    24.5742 -9.990e-29
 264.398194      1.708  37.276720    11.9651    -1.5128      1.694    32.3853    24.5656 -9.990e-29
 264.398200      1.714  37.253432    11.9628    -1.5129      1.700    32.3648    24.5501 -9.990e-29
 264.398206      1.718  37.258068    11.9612    -1.5133      1.704    32.3707    24.5549 -9.990e-29
 264.398212      1.721  37.288219    11.9606    -1.5139      1.707    32.4004    24.5780 -9.990e-29
 264.398218      1.724  37.309382    11.9606    -1.5140      1.710    32.4208    24.5939 -9.990e-29
 264.398223      1.726  37.312611    11.9611    -1.5136      1.712    32.4235    24.5959 -9.990e-29
 264.398229      1.728  37.304268    11.9612    -1.5131      1.714    32.4153    24.5896 -9.990e-29
 264.398235      1.729  37.285934    11.9605    -1.5133      1.715    32.3982    24.5764 -9.990e-29
 264.398241      1.730  37.263799    11.9593    -1.5138      1.716    32.3779    24.5608 -9.990e-29
 264.398247      1.731  37.261397    11.9578    -1.5137      1.717    32.3769    24.5603 -9.990e-29
 264.398252      1.732  37.285988    11.9571    -1.5131      1.718    32.4012    24.5794 -9.990e-29
 264.398258      1.732  37.307423    11.9579    -1.5134      1.718    32.4213    24.5948 -9.990e-29
 264.398264      1.733  37.302547    11.9583    -1.5136      1.719    32.4162    24.5908 -9.990e-29
 264.398270      1.733  37.273640    11.9574    -1.5135      1.719    32.3890    24.5699 -9.990e-29
 264.398275      1.733  37.242493    11.9564    -1.5130      1.719    32.3598    24.5473 -9.990e-29
 264.398281      1.734  37.235756    11.9562    -1.5126      1.720    32.3535    24.5425 -9.990e-29
 264.398287      1.734  37.254347    11.9565    -1.5127      1.720    32.3712    24.5562 -9.990e-29
 264.398293      1.735  37.271882    11.9573    -1.5133      1.721    32.3874    24.5686 -9.990e-29
 264.398299      1.736  37.267291    11.9588    -1.5133      1.722    32.3817    24.5639 -9.990e-29
 264.398304      1.737  37.252762    11.9608    -1.5129      1.722    32.3659    24.5513 -9.990e-29
 264.398310      1.738  37.252446    11.9636    -1.5128      1.723    32.3632    24.5486 -9.990e-29
 264.398316      1.740  37.259577    11.9661    -1.5127      1.725    32.3679    24.5518 -9.990e-29
 264.398322      1.742  37.253221    11.9664    -1.5130      1.727    32.3615    24.5468 -9.990e-29
 264.398328      1.744  37.243772    11.9648    -1.5132      1.729    32.3537    24.5411 -9.990e-29
 264.398333      1.747  37.255433    11.9637    -1.5133      1.732    32.3660    24.5508 -9.990e-29
 264.398339      1.751  37.286198    11.9644    -1.5133      1.736    32.3951    24.5733 -9.990e-29
 264.398345      1.757  37.308542    11.9659    -1.5133      1.742    32.4154    24.5887 -9.990e-29
 264.398351      1.763  37.302199    11.9663    -1.5130      1.748    32.4089    24.5836 -9.990e-29
 264.398356      1.768  37.282625    11.9651    -1.5134      1.753    32.3910    24.5700 -9.990e-29
 264.398362      1.766  37.279016    11.9636    -1.5135      1.751    32.3888    24.5685 -9.990e-29
 264.398368      1.761  37.293099    11.9631    -1.5133      1.746    32.4029    24.5795 -9.990e-29
 264.398374      1.759  37.307046    11.9639    -1.5129      1.744    32.4157    24.5893 -9.990e-29
 264.398380      1.759  37.307889    11.9652    -1.5127      1.744    32.4154    24.5888 -9.990e-29
 264.398385      1.760  37.294329    11.9660    -1.5132      1.745    32.4016    24.5780 -9.990e-29
 264.398391      1.762  37.276681    11.9661    -1.5131      1.747    32.3844    24.5646 -9.990e-29
 264.398397      1.767  37.264855    11.9660    10.2040      1.752    32.3731    24.5559 -9.990e-29
 264.398403      1.769  37.261954    11.9663    13.5188      1.754    32.3700    24.5534 -9.990e-29
 264.398409      1.765  37.266168    11.9666    13.7550      1.750    32.3738    24.5563 -9.990e-29
 264.398414      1.759  37.267242    11.9668    11.2496      1.744    32.3747    24.5570 -9.990e-29
 264.398420      1.755  37.259701    11.9668     5.9157      1.740    32.3674    24.5513 -9.990e-29
 264.398426      1.752  37.256283    11.9667     6.0977      1.737    32.3642    24.5488 -9.990e-29
 264.398432      1.750  37.267940    11.9671     6.3231      1.735    32.3751    24.5572 -9.990e-29
 264.398438      1.750  37.287055    11.9682     6.3674      1.735    32.3926    24.5706 -9.990e-29
 264.398443      1.750  37.295780    11.9689     6.3019      1.735    32.4004    24.5766 -9.990e-29
 264.398449      1.752  37.296038    11.9688     6.2248      1.737    32.4008    24.5768 -9.990e-29
 264.398455      1.751  37.318252    11.9683     6.1545      1.736    32.4227    24.5939 -9.990e-29
 264.398461      1.742  37.362158    11.9678     6.0984      1.727    32.4656    24.6273 -9.990e-29
 264.398466      1.730  37.392525    11.9679     6.0783      1.716    32.4949    24.6500 -9.990e-29
 264.398472      1.721  37.403706    11.9688     6.0549      1.707    32.5049    24.6577 -9.990e-29
 264.398478      1.721  37.407623    11.9696     6.0195      1.707    32.5080    24.6599 -9.990e-29
 264.398484      1.723  37.407635    11.9696     5.9870      1.709    32.5080    24.6599 -9.990e-29
 264.398490      1.726  37.406937    11.9693     5.9481      1.712    32.5076    24.6596 -9.990e-29
 264.398495      1.727  37.406658    11.9692     5.9389      1.713    32.5074    24.6595 -9.990e-29
 264.398501      1.729  37.406804    11.9692     5.9528      1.715    32.5075    24.6596 -9.990e-29
 264.398507      1.730  37.406824    11.9687     5.9712      1.716    32.5080    24.6601 -9.990e-29
 264.398513      1.731  37.405441    11.9672     5.9793      1.717    32.5080    24.6603 -9.990e-29
