data/oxygen options/ONMS/Olympic_Coast_National_Marine_Sanctuary_Hypoxia_Survey_CTD_Data_2004_2015/raw_data/2012/CAST_RR020_121010faed.cnv
* Sea-Bird SBE19 Data File:
* FileName = C:\Documents and Settings\OCNMS\Desktop\2012 mooring data\RECOVERY\CAST_RR020_121010.hex
* Software Version 1.25
* Temperature SN = 2997
* Conductivity SN = 2997
* System UpLoad Time = Oct 10 2012 14:00:25
** CAST_RR020_121010
* SEACAT PROFILER V3.1c SN 2997   10/10/12  13:58:43.997
# nquan = 9                                 
# nvalues = 956                         
# units = specified
# name 0 = timeJ: Julian Days
# name 1 = prSM: Pressure, Strain Gauge [db]
# name 2 = c0mS/cm: Conductivity [mS/cm]
# name 3 = t090C: Temperature [ITS-90, deg C]
# name 4 = sbeox0ML/L: Oxygen, SBE 43 [ml/l]
# name 5 = depSM: Depth [salt water, m], lat = 47.5
# name 6 = sal00: Salinity, Practical [PSU]
# name 7 = sigma-é00: Density [sigma-theta, kg/m^3]
# name 8 = flag: flag
# span 0 = 284.575613, 284.581140       
# span 1 =     -4.921,     22.391       
# span 2 =   0.102903,  36.340958       
# span 3 =     8.3636,    10.8815       
# span 4 =    -1.9105,    15.3133       
# span 5 =     -4.880,     22.203       
# span 6 =     0.0674,    33.3664       
# span 7 =    -0.3279,    25.9371       
# span 8 = 0.0000e+00, 0.0000e+00       
# interval = seconds: 0.5
# start_time = Oct 10 2012 13:48:53 [Instrument's time stamp, header]
# bad_flag = -9.990e-29
*END*
[from data line 801]
 284.580249     21.130  35.040940     8.3912     1.6980     20.953    33.3597    25.9279 -9.990e-29
 284.580255     21.088  35.038343     8.3887     1.6922     20.911    33.3594    25.9280 -9.990e-29
 284.580260     21.061  35.037563     8.3879     1.6822     20.884    33.3593    25.9281 -9.990e-29
 284.580266     21.046  35.038635     8.3885     1.6822     20.869    33.3599    25.9285 -9.990e-29
 284.580272     21.039  35.039581     8.3890     1.6726     20.862    33.3604    25.9288 -9.990e-29
 284.580278     21.036  35.039377     8.3875     1.6747     20.859    33.3616    25.9300 -9.990e-29
 284.580284     21.035  35.038264     8.3836     1.6709     20.858    33.3642    25.9325 -9.990e-29
 284.580289     21.037  35.035273     8.3783     1.6651     20.860    33.3660    25.9348 -9.990e-29
 284.580295     21.045  35.030852     8.3739     1.6634     20.868    33.3655    25.9351 -9.990e-29
 284.580301     21.062  35.028024     8.3718     1.6555     20.885    33.3645    25.9346 -9.990e-29
 284.580307     21.078  35.027453     8.3718     1.6597     20.901    33.3639    25.9341 -9.990e-29
 284.580312     21.092  35.027769     8.3722     1.6661     20.915    33.3638    25.9340 -9.990e-29
 284.580318     21.103  35.028227     8.3724     1.6643     20.926    33.3641    25.9342 -9.990e-29
 284.580324     21.113  35.028834     8.3730     1.6665     20.936    33.3642    25.9342 -9.990e-29
 284.580330     21.122  35.029793     8.3740     1.6587     20.945    33.3643    25.9341 -9.990e-29
 284.580336     21.126  35.031218     8.3751     1.6509     20.949    33.3647    25.9343 -9.990e-29
 284.580341     21.122  35.032725     8.3762     1.6686     20.945    33.3653    25.9345 -9.990e-29
 284.580347     21.113  35.033475     8.3772     1.6670     20.936    33.3651    25.9343 -9.990e-29
 284.580353     21.103  35.033303     8.3772     1.6631     20.926    33.3650    25.9341 -9.990e-29
 284.580359     21.091  35.031936     8.3761     1.6689     20.914    33.3646    25.9340 -9.990e-29
 284.580365     21.081  35.029746     8.3747     1.6568     20.904    33.3636    25.9334 -9.990e-29
 284.580370     21.078  35.028250     8.3735     1.6610     20.901    33.3631    25.9332 -9.990e-29
 284.580376     21.079  35.028208     8.3724     1.6552     20.902    33.3641    25.9342 -9.990e-29
 284.580382     21.086  35.028957     8.3716     1.6510     20.909    33.3657    25.9355 -9.990e-29
 284.580388     21.095  35.029210     8.3716     1.6473     20.918    33.3659    25.9357 -9.990e-29
 284.580394     21.102  35.028699     8.3722     1.6474     20.925    33.3648    25.9348 -9.990e-29
 284.580399     21.107  35.028378     8.3733     1.6516     20.930    33.3634    25.9335 -9.990e-29
 284.580405     21.110  35.028895     8.3751     1.6615     20.933    33.3623    25.9323 -9.990e-29
 284.580411     21.113  35.029775     8.3766     1.6600     20.936    33.3618    25.9317 -9.990e-29
 284.580417     21.115  35.030465     8.3771     1.6580     20.938    33.3620    25.9318 -9.990e-29
 284.580422     21.116  35.031279     8.3770     1.6557     20.939    33.3630    25.9326 -9.990e-29
 284.580428     21.117  35.032137     8.3769     1.6458     20.940    33.3640    25.9334 -9.990e-29
 284.580434     21.116  35.032458     8.3772     1.6478     20.939    33.3641    25.9334 -9.990e-29
 284.580440     21.116  35.032064     8.3768     1.6479     20.939    33.3640    25.9334 -9.990e-29
 284.580446     21.114  35.030944     8.3758     1.6421     20.937    33.3638    25.9334 -9.990e-29
 284.580451     21.112  35.029801     8.3754     1.6443     20.935    33.3629    25.9328 -9.990e-29
 284.580457     21.108  35.028746     8.3746     1.6444     20.931    33.3626    25.9327 -9.990e-29
 284.580463     21.104  35.027449     8.3730     1.6463     20.927    33.3627    25.9330 -9.990e-29
 284.580469     21.098  35.026933     8.3725     1.6427     20.921    33.3627    25.9330 -9.990e-29
 284.580475     21.090  35.027586     8.3735     1.6405     20.913    33.3624    25.9327 -9.990e-29
 284.580480     21.079  35.028553     8.3745     1.6405     20.902    33.3625    25.9326 -9.990e-29
 284.580486     21.066  35.028839     8.3744     1.6505     20.889    33.3629    25.9329 -9.990e-29
 284.580492     21.053  35.028218     8.3735     1.6489     20.876    33.3631    25.9332 -9.990e-29
 284.580498     21.048  35.027499     8.3721     1.6468     20.871    33.3637    25.9339 -9.990e-29
 284.580503     21.055  35.026992     8.3705     1.6448     20.878    33.3646    25.9349 -9.990e-29
 284.580509     21.071  35.026559     8.3695     1.6426     20.894    33.3651    25.9354 -9.990e-29
 284.580515     21.087  35.026354     8.3695     1.6468     20.910    33.3649    25.9352 -9.990e-29
 284.580521     21.101  35.026651     8.3697     1.6390     20.924    33.3650    25.9353 -9.990e-29
 284.580527     21.113  35.027470     8.3703     1.6368     20.936    33.3653    25.9354 -9.990e-29
 284.580532     21.124  35.028222     8.3713     1.6289     20.947    33.3652    25.9352 -9.990e-29
 284.580538     21.135  35.028229     8.3716     1.6368     20.958    33.3649    25.9349 -9.990e-29
 284.580544     21.142  35.027499     8.3709     1.6353     20.964    33.3648    25.9349 -9.990e-29
 284.580550     21.142  35.026740     8.3699     1.6353     20.964    33.3649    25.9352 -9.990e-29
 284.580556     21.139  35.026622     8.3697     1.6452     20.962    33.3650    25.9353 -9.990e-29
 284.580561     21.136  35.026985     8.3703     1.6374     20.959    33.3648    25.9350 -9.990e-29
 284.580567     21.133  35.027194     8.3706     1.6472     20.956    33.3647    25.9349 -9.990e-29
 284.580573     21.132  35.026967     8.3705     1.6316     20.955    33.3646    25.9348 -9.990e-29
 284.580579     21.130  35.026561     8.3707     1.6252     20.953    33.3640    25.9343 -9.990e-29
 284.580584     21.129  35.026557     8.3711     1.6351     20.952    33.3636    25.9340 -9.990e-29
 284.580590     21.127  35.026947     8.3708     1.6293     20.950    33.3643    25.9346 -9.990e-29
 284.580596     21.126  35.027134     8.3699     1.6356     20.949    33.3653    25.9355 -9.990e-29
 284.580602     21.125  35.026806     8.3694     1.6412     20.948    33.3655    25.9357 -9.990e-29
 284.580608     21.123  35.026087     8.3693     1.6335     20.946    33.3648    25.9352 -9.990e-29
 284.580613     21.122  35.025697     8.3692     1.6356     20.945    33.3645    25.9350 -9.990e-29
 284.580619     21.120  35.026237     8.3694     1.6334     20.943    33.3649    25.9352 -9.990e-29
 284.580625     21.117  35.027306     8.3699     1.6314     20.940    33.3655    25.9357 -9.990e-29
 284.580631     21.114  35.028088     8.3711     1.6355     20.937    33.3652    25.9352 -9.990e-29
 284.580637     21.110  35.028505     8.3724     1.6356     20.933    33.3644    25.9344 -9.990e-29
 284.580642     21.105  35.029113     8.3731     1.6355     20.928    33.3644    25.9343 -9.990e-29
 284.580648     21.098  35.029603     8.3737     1.6434     20.921    33.3644    25.9342 -9.990e-29
 284.580654     21.085  35.029509     8.3737     1.6454     20.908    33.3643    25.9341 -9.990e-29
 284.580660     21.066  35.029266     8.3733     1.6374     20.889    33.3644    25.9343 -9.990e-29
 284.580666     21.047  35.029110     8.3733     1.6412     20.870    33.3642    25.9341 -9.990e-29
 284.580671     21.027  35.028835     8.3736     1.6312     20.850    33.3637    25.9337 -9.990e-29
 284.580677     21.000  35.028632     8.3740     1.6232     20.824    33.3631    25.9331 -9.990e-29
 284.580683     20.966  35.028793     8.3745     1.6309     20.790    33.3628    25.9328 -9.990e-29
 284.580689     20.921  35.028971     8.3746     1.6307     20.745    33.3629    25.9329 -9.990e-29
 284.580694     20.864  35.028845     8.3746     1.6368     20.689    33.3628    25.9328 -9.990e-29
 284.580700     20.789  35.028807     8.3748     1.6385     20.614    33.3626    25.9326 -9.990e-29
 284.580706     20.693  35.029364     8.3754     1.6339     20.519    33.3627    25.9326 -9.990e-29
 284.580712     20.570  35.030140     8.3760     1.6411     20.397    33.3630    25.9328 -9.990e-29
 284.580718     20.416  35.030489     8.3762     1.6425     20.245    33.3632    25.9329 0.0000e+00
 284.580723     20.233  35.030316     8.3769     1.6576     20.063    33.3625    25.9322 0.0000e+00
 284.580729     20.024  35.029952     8.3779     1.6590     19.856    33.3612    25.9311 0.0000e+00
 284.580735     19.787  35.030033     8.3795     1.6700     19.621    33.3599    25.9298 0.0000e+00
 284.580741     19.529  35.031227     8.3827     1.6851     19.365    33.3583    25.9280 0.0000e+00
 284.580747     19.256  35.034009     8.3876     1.7043     19.094    33.3567    25.9261 0.0000e+00
 284.580752     18.966  35.037608     8.3947     1.7373     18.807    33.3539    25.9228 0.0000e+00
 284.580758     18.663  35.041782     8.4055     1.7711     18.506    33.3482    25.9167 0.0000e+00
 284.580764     18.349  35.048180     8.4198     1.8122     18.195    33.3416    25.9093 0.0000e+00
 284.580770     18.021  35.056372     8.4351     1.8401     17.870    33.3359    25.9026 0.0000e+00
 284.580775     17.680  35.064960     8.4497     1.8578     17.532    33.3313    25.8968 0.0000e+00
 284.580781     17.329  35.073635     8.4632     1.8935     17.184    33.3279    25.8920 0.0000e+00
 284.580787     16.972  35.082765     8.4755     1.9596     16.830    33.3261    25.8887 0.0000e+00
 284.580793     16.612  35.092765     8.4860     2.0604     16.473    33.3269    25.8877 0.0000e+00
 284.580799     16.248  35.102411     8.4955     2.2467     16.112    33.3282    25.8874 0.0000e+00
 284.580804     15.873  35.110562     8.5095     2.4915     15.740    33.3238    25.8817 0.0000e+00
 284.580810     15.485  35.117446     8.5341     2.7468     15.355    33.3080    25.8656 0.0000e+00
 284.580816     15.081  35.129444     8.5747     3.0454     14.955    33.2825    25.8394 0.0000e+00
 284.580822     14.657  35.152471     8.6350     3.3605     14.534    33.2501    25.8048 0.0000e+00
 284.580828     14.224  35.183627     8.7103     3.6549     14.105    33.2122    25.7636 0.0000e+00
 284.580833     13.801  35.225812     8.7842     3.8926     13.685    33.1873    25.7327 0.0000e+00
 284.580839     13.392  35.273669     8.8542     4.0242     13.280    33.1720    25.7099 0.0000e+00
 284.580845     12.989  35.311480     8.9374     4.0795     12.880    33.1340    25.6671 0.0000e+00
 284.580851     12.585  35.350460     9.0250     4.1051     12.480    33.0931    25.6214 0.0000e+00
 284.580856     12.183  35.398901     9.0923     4.1261     12.081    33.0811    25.6014 0.0000e+00
 284.580862     11.781  35.438500     9.1345     4.1361     11.682    33.0831    25.5964 0.0000e+00
 284.580868     11.384  35.462137     9.1594     4.1566     11.289    33.0847    25.5937 0.0000e+00
 284.580874     10.997  35.473332     9.1768     4.1664     10.905    33.0804    25.5875 0.0000e+00
 284.580880     10.622  35.476936     9.1944     4.1746     10.533    33.0679    25.5750 0.0000e+00
 284.580885     10.259  35.482239     9.2113     4.2004     10.173    33.0579    25.5644 0.0000e+00
 284.580891      9.907  35.490154     9.2247     4.2147      9.824    33.0539    25.5591 0.0000e+00
 284.580897      9.561  35.497234     9.2330     4.2426      9.481    33.0536    25.5576 0.0000e+00
 284.580903      9.217  35.502278     9.2360     4.2774      9.140    33.0562    25.5592 0.0000e+00
 284.580909      8.868  35.503052     9.2381     4.3181      8.794    33.0553    25.5581 0.0000e+00
 284.580914      8.516  35.502274     9.2425     4.3541      8.445    33.0505    25.5537 0.0000e+00
 284.580920      8.162  35.504508     9.2483     4.3840      8.094    33.0476    25.5505 0.0000e+00
 284.580926      7.806  35.507693     9.2543     4.4312      7.741    33.0455    25.5479 0.0000e+00
 284.580932      7.442  35.508795     9.2606     4.5330      7.380    33.0410    25.5433 0.0000e+00
 284.580938      7.068  35.509287     9.2680     4.6984      7.009    33.0348    25.5373 0.0000e+00
 284.580943      6.691  35.511507     9.2778     4.9695      6.635    33.0282    25.5306 0.0000e+00
 284.580949      6.321  35.516737     9.2912     5.3393      6.268    33.0214    25.5231 0.0000e+00
 284.580955      5.965  35.526914     9.3114     5.7552      5.915    33.0134    25.5136 0.0000e+00
 284.580961      5.621  35.545526     9.3447     6.1190      5.574    33.0020    25.4994 0.0000e+00
 284.580966      5.284  35.573864     9.4115     6.3630      5.240    32.9698    25.4634 0.0000e+00
 284.580972      4.950  35.622269     9.5330     6.4964      4.909    32.9080    25.3955 0.0000e+00
 284.580978      4.620  35.713267     9.6890     6.5548      4.581    32.8584    25.3315 0.0000e+00
 284.580984      4.298  35.835431     9.8315     6.5569      4.262    32.8532    25.3039 0.0000e+00
 284.580990      3.984  35.942712     9.9349     6.5310      3.951    32.8683    25.2986 0.0000e+00
 284.580995      3.677  36.008438    10.0130     6.5035      3.646    32.8641    25.2823 0.0000e+00
 284.581001      3.374  36.044078    10.0815     6.4792      3.346    32.8381    25.2506 0.0000e+00
 284.581007      3.072  36.071957    10.1343     6.4452      3.046    32.8185    25.2265 0.0000e+00
 284.581013      2.774  36.094522    10.1683     6.3673      2.751    32.8107    25.2146 0.0000e+00
 284.581019      2.487  36.110501    10.1897     6.2372      2.466    32.8075    25.2086 0.0000e+00
 284.581024      2.217  36.122722    10.2035     6.1070      2.198    32.8075    25.2062 0.0000e+00
 284.581030      1.974  36.130117    10.2139     6.0169      1.958    32.8057    25.2030 0.0000e+00
 284.581036      1.759  36.136389    10.2226     7.1838      1.744    32.8042    25.2004 0.0000e+00
 284.581042      1.568  36.143741    10.2288     7.1739      1.555    32.8061    25.2009 0.0000e+00
 284.581047      1.400  36.146289    10.2287     7.0866      1.388    32.8088    25.2030 0.0000e+00
 284.581053      1.257  36.137911    10.2180     7.0431      1.247    32.8101    25.2058 -9.990e-29
 284.581059      1.136  36.116962    10.2038     7.0132      1.127    32.8019    25.2018 -9.990e-29
 284.581065      1.033  36.075121    10.1939     7.0853      1.024    32.7686    25.1775 -9.990e-29
 284.581071      0.949  35.975085    10.1870     7.1045      0.941    32.6739    25.1048 -9.990e-29
 284.581076      0.884  35.704757    10.1808     7.1217      0.877    32.4067    24.8974 -9.990e-29
 284.581082      0.834  34.926109    10.1746     7.1190      0.827    31.6281    24.2914 -9.990e-29
 284.581088      0.795  32.619991    10.1685 -9.990e-29      0.788    29.3263    22.4988 -9.990e-29
 284.581094      0.764  25.727826    10.1630 -9.990e-29      0.758    22.5787    17.2500 -9.990e-29
 284.581100      0.741  15.344277    10.1578 -9.990e-29      0.735    12.8483     9.6944 -9.990e-29
 284.581105      0.723   8.427190    10.1522 -9.990e-29      0.717     6.7273     4.9402 -9.990e-29
 284.581111      0.710   6.192229    10.1466 -9.990e-29      0.704     4.8345     3.4680 -9.990e-29
 284.581117      0.700   5.359598    10.1422 -9.990e-29      0.694     4.1434     2.9301 -9.990e-29
 284.581123      0.693   4.628686    10.1389 -9.990e-29      0.687     3.5437     2.4629 -9.990e-29
 284.581128      0.688   3.670472    10.1359 -9.990e-29      0.682     2.7688     1.8587 -9.990e-29
 284.581134      0.685   2.817934    10.1344 -9.990e-29      0.679     2.0920     1.3302 -9.990e-29
 284.581140      0.684   2.331450 -9.990e-29 -9.990e-29      0.678 -9.990e-29 -9.990e-29 -9.990e-29
