data/oxygen options/ONMS/Olympic_Coast_National_Marine_Sanctuary_Hypoxia_Survey_CTD_Data_2004_2015/raw_data/2012/CAST_RR065_120906faed.cnv
* Sea-Bird SBE19 Data File:
* FileName = C:\Documents and Settings\OCNMS\Desktop\2012 mooring data\Hypoxia Sampling\CAST_RR065_120906.hex
* Software Version 1.25
* Temperature SN = 2997
* Conductivity SN = 2997
* System UpLoad Time = Sep 06 2012 15:00:52
** CAST_RR065_120906
* SEACAT PROFILER V3.1c SN 2997   09/06/12  14:59:40.599
# nquan = 9                                 
# nvalues = 1054                        
# units = specified
# name 0 = timeJ: Julian Days
# name 1 = prSM: Pressure, Strain Gauge [db]
# name 2 = c0mS/cm: Conductivity [mS/cm]
# name 3 = t090C: Temperature [ITS-90, deg C]
# name 4 = sbeox0ML/L: Oxygen, SBE 43 [ml/l]
# name 5 = depSM: Depth [salt water, m], lat = 47.5
# name 6 = sal00: Salinity, Practical [PSU]
# name 7 = sigma-é00: Density [sigma-theta, kg/m^3]
# name 8 = flag: flag
# span 0 = 250.564606, 250.570700       
# span 1 =     -6.044,     65.876       
# span 2 =   0.154510,  38.340194       
# span 3 =     7.2354,    14.1521       
# span 4 =    -1.8453,    13.7701       
# span 5 =     -5.994,     65.316       
# span 6 =     0.0978,    33.8168       
# span 7 =    -0.4900,    26.4548       
# span 8 = 0.0000e+00, 0.0000e+00       
# interval = seconds: 0.5
# start_time = Sep 06 2012 13:33:02 [Instrument's time stamp, header]
# bad_flag = -9.990e-29
*END*
[from data line 801]
 250.569242     41.519  34.400554     7.3495     1.2270     41.168    33.6636    26.3183 0.0000e+00
 250.569248     42.061  34.404230     7.3459     1.2286     41.706    33.6709    26.3245 0.0000e+00
 250.569253     42.586  34.408232     7.3472     1.2054     42.226    33.6737    26.3266 0.0000e+00
 250.569259     43.091  34.412788     7.3490     1.1542     42.727    33.6766    26.3287 0.0000e+00
 250.569265     43.589  34.416067     7.3460     1.1001     43.221    33.6829    26.3340 0.0000e+00
 250.569271     44.093  34.415095     7.3391     1.0269     43.720    33.6883    26.3392 0.0000e+00
 250.569277     44.615  34.412433     7.3314     0.9789     44.238    33.6927    26.3438 0.0000e+00
 250.569282     45.157  34.412305     7.3215     0.9527     44.775    33.7019    26.3524 0.0000e+00
 250.569288     45.716  34.416152     7.3076     0.9120     45.329    33.7194    26.3681 0.0000e+00
 250.569294     46.284  34.423994     7.2931     0.8942     45.893    33.7418    26.3878 0.0000e+00
 250.569300     46.854  34.432220     7.2828     0.8589     46.458    33.7605    26.4040 0.0000e+00
 250.569306     47.420  34.437168     7.2765     0.8297     47.019    33.7718    26.4137 0.0000e+00
 250.569311     47.975  34.439766     7.2717     0.8218     47.569    33.7790    26.4201 0.0000e+00
 250.569317     48.516  34.441730     7.2675     0.8071     48.105    33.7850    26.4254 0.0000e+00
 250.569323     49.048  34.443373     7.2632     0.8030     48.633    33.7907    26.4305 0.0000e+00
 250.569329     49.573  34.444576     7.2587     0.7922     49.153    33.7962    26.4354 0.0000e+00
 250.569334     50.092  34.445199     7.2548     0.7890     49.668    33.8004    26.4393 0.0000e+00
 250.569340     50.606  34.445443     7.2524     0.7713     50.177    33.8028    26.4415 0.0000e+00
 250.569346     51.124  34.445567     7.2513     0.7612     50.691    33.8038    26.4424 0.0000e+00
 250.569352     51.653  34.445671     7.2508     0.7596     51.215    33.8041    26.4428 0.0000e+00
 250.569358     52.200  34.445824     7.2499     0.7473     51.758    33.8049    26.4435 0.0000e+00
 250.569363     52.770  34.446167     7.2485     0.7373     52.323    33.8063    26.4449 0.0000e+00
 250.569369     53.361  34.446530     7.2472     0.7327     52.909    33.8077    26.4462 0.0000e+00
 250.569375     53.963  34.446771     7.2462     0.7220     53.506    33.8087    26.4471 0.0000e+00
 250.569381     54.568  34.447142     7.2456     0.7219     54.105    33.8094    26.4477 0.0000e+00
 250.569387     55.172  34.447510     7.2452     0.7111     54.704    33.8099    26.4482 0.0000e+00
 250.569392     55.764  34.447741     7.2447     0.7081     55.291    33.8103    26.4486 0.0000e+00
 250.569398     56.342  34.448074     7.2444     0.6950     55.864    33.8107    26.4489 0.0000e+00
 250.569404     56.910  34.448326     7.2442     0.6919     56.427    33.8109    26.4491 0.0000e+00
 250.569410     57.476  34.448206     7.2437     0.6767     56.988    33.8110    26.4493 0.0000e+00
 250.569416     58.044  34.448050     7.2425     0.6607     57.551    33.8117    26.4500 0.0000e+00
 250.569421     58.623  34.448142     7.2408     0.6515     58.125    33.8132    26.4514 0.0000e+00
 250.569427     59.209  34.448538     7.2398     0.6462     58.706    33.8143    26.4525 0.0000e+00
 250.569433     59.793  34.449140     7.2395     0.6501     59.285    33.8150    26.4530 0.0000e+00
 250.569439     60.361  34.449564     7.2389     0.6410     59.848    33.8158    26.4537 0.0000e+00
 250.569444     60.905  34.449745     7.2385     0.6442     60.388    33.8161    26.4540 0.0000e+00
 250.569450     61.431  34.449859     7.2385     0.6470     60.909    33.8159    26.4539 0.0000e+00
 250.569456     61.947  34.449991     7.2385     0.6438     61.421    33.8158    26.4539 0.0000e+00
 250.569462     62.455  34.450250     7.2380     0.6468     61.924    33.8164    26.4544 0.0000e+00
 250.569468     62.953  34.450356     7.2374     0.6344     62.418    33.8168    26.4548 0.0000e+00
 250.569473     63.434  34.449824     7.2369     0.6306     62.895    33.8165    26.4546 0.0000e+00
 250.569479     63.886  34.448437     7.2367     0.6229     63.343    33.8150    26.4535 0.0000e+00
 250.569485     64.300  34.444837     7.2375     0.6274     63.753    33.8101    26.4495 0.0000e+00
 250.569491     64.667  34.434159     7.2387     0.6304     64.117    33.7971    26.4391 0.0000e+00
 250.569497     64.976  34.413686     7.2395     0.6288     64.424    33.7738    26.4207 0.0000e+00
 250.569502     65.222  34.390823     7.2396     0.6273     64.667    33.7487    26.4009 0.0000e+00
 250.569508     65.412  34.381364     7.2398     0.6105     64.856    33.7381    26.3925 0.0000e+00
 250.569514     65.557  34.391164     7.2404     0.6128     65.000    33.7481    26.4003 -9.990e-29
 250.569520     65.666  34.405663     7.2407     0.6029     65.108    33.7636    26.4125 -9.990e-29
 250.569525     65.748  34.416764     7.2403     0.5991     65.189    33.7760    26.4223 -9.990e-29
 250.569531     65.807  34.425840     7.2399     0.6058     65.247    33.7863    26.4304 -9.990e-29
 250.569537     65.846  34.431562     7.2397     0.6103     65.286    33.7927    26.4355 -9.990e-29
 250.569543     65.869  34.437651     7.2395     0.6132     65.309    33.7995    26.4409 -9.990e-29
 250.569549     65.876  34.443837     7.2393     0.6155     65.316    33.8064    26.4464 -9.990e-29
 250.569554     65.872  34.446619     7.2393     0.6155     65.312    33.8095    26.4488 -9.990e-29
 250.569560     65.862  34.447481     7.2393     0.6093     65.302    33.8104    26.4495 -9.990e-29
 250.569566     65.840  34.448141     7.2391     0.6032     65.280    33.8113    26.4503 -9.990e-29
 250.569572     65.797  34.448931     7.2388     0.6009     65.237    33.8125    26.4513 -9.990e-29
 250.569578     65.721  34.449794     7.2393     0.6116     65.162    33.8130    26.4516 -9.990e-29
 250.569583     65.604  34.450774     7.2413     0.6039     65.046    33.8122    26.4506 -9.990e-29
 250.569589     65.441  34.452627     7.2437     0.5956     64.885    33.8119    26.4501 0.0000e+00
 250.569595     65.236  34.455037     7.2447     0.5827     64.681    33.8137    26.4513 0.0000e+00
 250.569601     64.997  34.456187     7.2445     0.5721     64.444    33.8152    26.4526 0.0000e+00
 250.569606     64.738  34.455946     7.2440     0.5812     64.188    33.8156    26.4529 0.0000e+00
 250.569612     64.478  34.455125     7.2431     0.5881     63.930    33.8157    26.4532 0.0000e+00
 250.569618     64.238  34.453765     7.2415     0.5865     63.692    33.8159    26.4535 0.0000e+00
 250.569624     64.041  34.451745     7.2398     0.5804     63.497    33.8155    26.4534 0.0000e+00
 250.569630     63.902  34.449746     7.2387     0.5865     63.359    33.8144    26.4528 -9.990e-29
 250.569635     63.822  34.448475     7.2384     0.5910     63.280    33.8134    26.4520 -9.990e-29
 250.569641     63.803  34.447930     7.2383     0.5978     63.261    33.8129    26.4516 -9.990e-29
 250.569647     63.834  34.447957     7.2379     0.6001     63.291    33.8133    26.4520 -9.990e-29
 250.569653     63.896  34.448043     7.2375     0.5955     63.353    33.8137    26.4524 -9.990e-29
 250.569659     63.971  34.447751     7.2372     0.5871     63.427    33.8137    26.4524 -9.990e-29
 250.569664     64.051  34.447263     7.2369     0.5764     63.507    33.8134    26.4522 -9.990e-29
 250.569670     64.129  34.447058     7.2370     0.5742     63.584    33.8130    26.4519 -9.990e-29
 250.569676     64.187  34.447433     7.2376     0.5597     63.641    33.8128    26.4517 -9.990e-29
 250.569682     64.214  34.448340     7.2382     0.5620     63.668    33.8132    26.4519 -9.990e-29
 250.569687     64.205  34.449316     7.2385     0.5666     63.659    33.8140    26.4525 -9.990e-29
 250.569693     64.165  34.449994     7.2387     0.5627     63.620    33.8146    26.4529 -9.990e-29
 250.569699     64.104  34.450170     7.2385     0.5696     63.559    33.8150    26.4532 -9.990e-29
 250.569705     64.036  34.449531     7.2384     0.5696     63.492    33.8144    26.4528 -9.990e-29
 250.569711     63.973  34.448357     7.2386     0.5718     63.429    33.8130    26.4516 -9.990e-29
 250.569716     63.927  34.447336     7.2389     0.5848     63.384    33.8116    26.4505 -9.990e-29
 250.569722     63.910  34.446801     7.2389     0.5870     63.367    33.8110    26.4500 -9.990e-29
 250.569728     63.920  34.446609     7.2384     0.5871     63.377    33.8113    26.4503 -9.990e-29
 250.569734     63.949  34.446515     7.2380     0.5764     63.405    33.8116    26.4506 -9.990e-29
 250.569740     63.995  34.446406     7.2380     0.5696     63.451    33.8114    26.4505 -9.990e-29
 250.569745     64.055  34.446147     7.2382     0.5612     63.511    33.8109    26.4501 -9.990e-29
 250.569751     64.127  34.445963     7.2385     0.5612     63.582    33.8104    26.4496 -9.990e-29
 250.569757     64.205  34.446181     7.2388     0.5574     63.659    33.8103    26.4495 -9.990e-29
 250.569763     64.281  34.446541     7.2393     0.5574     63.735    33.8102    26.4493 -9.990e-29
 250.569769     64.349  34.446975     7.2399     0.5536     63.802    33.8100    26.4491 -9.990e-29
 250.569774     64.407  34.447513     7.2402     0.5619     63.859    33.8103    26.4493 -9.990e-29
 250.569780     64.459  34.447764     7.2397     0.5604     63.911    33.8110    26.4499 -9.990e-29
 250.569786     64.509  34.447513     7.2389     0.5604     63.961    33.8115    26.4504 -9.990e-29
 250.569792     64.560  34.446996     7.2385     0.5627     64.011    33.8113    26.4503 -9.990e-29
 250.569797     64.611  34.446657     7.2384     0.5604     64.062    33.8110    26.4501 -9.990e-29
 250.569803     64.657  34.446613     7.2382     0.5650     64.107    33.8111    26.4502 -9.990e-29
 250.569809     64.695  34.446816     7.2379     0.5650     64.145    33.8116    26.4507 -9.990e-29
 250.569815     64.725  34.446988     7.2376     0.5650     64.175    33.8121    26.4511 -9.990e-29
 250.569821     64.744  34.446812     7.2376     0.5566     64.194    33.8119    26.4509 -9.990e-29
 250.569826     64.757  34.446622     7.2380     0.5544     64.206    33.8113    26.4504 -9.990e-29
 250.569832     64.770  34.446738     7.2383     0.5459     64.219    33.8111    26.4502 -9.990e-29
 250.569838     64.788  34.446765     7.2381     0.5375     64.237    33.8113    26.4504 -9.990e-29
 250.569844     64.820  34.446191     7.2376     0.5482     64.269    33.8112    26.4504 -9.990e-29
 250.569850     64.868  34.445384     7.2370     0.5444     64.317    33.8109    26.4502 -9.990e-29
 250.569855     64.927  34.444960     7.2367     0.5489     64.375    33.8107    26.4501 -9.990e-29
 250.569861     64.992  34.444924     7.2366     0.5428     64.439    33.8107    26.4501 -9.990e-29
 250.569867     65.054  34.445239     7.2368     0.5466     64.501    33.8108    26.4502 -9.990e-29
 250.569873     65.105  34.445773     7.2373     0.5535     64.551    33.8109    26.4502 -9.990e-29
 250.569878     65.144  34.446131     7.2377     0.5641     64.590    33.8109    26.4501 -9.990e-29
 250.569884     65.168  34.446241     7.2383     0.5603     64.614    33.8104    26.4496 -9.990e-29
 250.569890     65.175  34.446260     7.2388     0.5619     64.621    33.8099    26.4492 -9.990e-29
 250.569896     65.170  34.446224     7.2387     0.5452     64.616    33.8100    26.4493 -9.990e-29
 250.569902     65.160  34.446098     7.2382     0.5383     64.606    33.8103    26.4496 -9.990e-29
 250.569907     65.155  34.445727     7.2378     0.5406     64.601    33.8103    26.4497 -9.990e-29
 250.569913     65.156  34.445186     7.2379     0.5406     64.602    33.8096    26.4491 -9.990e-29
 250.569919     65.166  34.444888     7.2382     0.5414     64.612    33.8090    26.4486 -9.990e-29
 250.569925     65.184  34.445004     7.2381     0.5307     64.630    33.8092    26.4488 -9.990e-29
 250.569931     65.212  34.445141     7.2375     0.5284     64.658    33.8099    26.4494 -9.990e-29
 250.569936     65.259  34.444935     7.2367     0.5391     64.704    33.8105    26.4499 -9.990e-29
 250.569942     65.338  34.444682     7.2361     0.5481     64.782    33.8107    26.4502 -9.990e-29
 250.569948     65.440  34.444619     7.2361     0.5527     64.884    33.8106    26.4502 -9.990e-29
 250.569954     65.547  34.444671     7.2362     0.5504     64.990    33.8105    26.4501 -9.990e-29
 250.569959     65.643  34.444917     7.2367     0.5458     65.085    33.8103    26.4498 -9.990e-29
 250.569965     65.723  34.445134     7.2374     0.5374     65.164    33.8098    26.4493 -9.990e-29
 250.569971     65.778  34.445062     7.2377     0.5352     65.219    33.8094    26.4490 -9.990e-29
 250.569977     65.798  34.445176     7.2378     0.5352     65.238    33.8094    26.4490 -9.990e-29
 250.569983     65.782  34.445639     7.2382     0.5375     65.223    33.8095    26.4490 -9.990e-29
 250.569988     65.728  34.445958     7.2386     0.5421     65.169    33.8095    26.4489 -9.990e-29
 250.569994     65.637  34.446010     7.2386     0.5337     65.079    33.8096    26.4490 -9.990e-29
 250.570000     65.516  34.445876     7.2384     0.5314     64.959    33.8097    26.4491 -9.990e-29
 250.570006     65.379  34.445391     7.2377     0.5314     64.823    33.8099    26.4494 -9.990e-29
 250.570012     65.246  34.444481     7.2365     0.5336     64.691    33.8102    26.4497 -9.990e-29
 250.570017     65.140  34.443627     7.2356     0.5465     64.586    33.8102    26.4499 -9.990e-29
 250.570023     65.070  34.443383     7.2354     0.5739     64.517    33.8101    26.4499 -9.990e-29
 250.570029     65.028  34.443435     7.2356     0.5639     64.475    33.8100    26.4497 -9.990e-29
 250.570035     64.986  34.443306     7.2358     0.5486     64.433    33.8097    26.4495 -9.990e-29
 250.570041     64.910  34.443392     7.2360     0.5266     64.358    33.8096    26.4494 -9.990e-29
 250.570046     64.785  34.443816     7.2361     0.5151     64.234    33.8101    26.4497 -9.990e-29
 250.570052     64.605  34.444036     7.2361     0.5264     64.056    33.8104    26.4500 -9.990e-29
 250.570058     64.368  34.443795     7.2365     0.5332     63.821    33.8099    26.4495 -9.990e-29
 250.570064     64.067  34.443346     7.2370     0.5293     63.522    33.8090    26.4487 -9.990e-29
 250.570069     63.692  34.443220     7.2373     0.5353     63.151    33.8088    26.4485 0.0000e+00
 250.570075     63.236  34.443262     7.2372     0.5375     62.699    33.8091    26.4488 0.0000e+00
 250.570081     62.700  34.442982     7.2369     0.5481     62.167    33.8094    26.4490 0.0000e+00
 250.570087     62.093  34.442580     7.2369     0.5693     61.566    33.8093    26.4489 0.0000e+00
 250.570093     61.435  34.442093     7.2373     0.5692     60.913    33.8086    26.4484 0.0000e+00
 250.570098     60.747  34.441450     7.2379     0.5751     60.231    33.8077    26.4475 0.0000e+00
 250.570104     60.029  34.440926     7.2385     0.5766     59.519    33.8069    26.4468 0.0000e+00
 250.570110     59.285  34.440398     7.2392     0.5865     58.782    33.8060    26.4460 0.0000e+00
 250.570116     58.518  34.439738     7.2404     0.5971     58.021    33.8045    26.4446 0.0000e+00
 250.570122     57.731  34.439199     7.2416     0.6009     57.241    33.8031    26.4434 0.0000e+00
 250.570127     56.924  34.438639     7.2426     0.6107     56.441    33.8019    26.4423 0.0000e+00
 250.570133     56.099  34.437885     7.2437     0.6122     55.623    33.8004    26.4409 0.0000e+00
 250.570139     55.254  34.437069     7.2451     0.6242     54.786    33.7985    26.4393 0.0000e+00
 250.570145     54.390  34.436238     7.2467     0.6363     53.929    33.7965    26.4374 0.0000e+00
 250.570150     53.518  34.435420     7.2475     0.6461     53.064    33.7952    26.4363 0.0000e+00
 250.570156     52.654  34.434660     7.2473     0.6665     52.208    33.7950    26.4362 0.0000e+00
