data/oxygen options/ONMS/Olympic_Coast_National_Marine_Sanctuary_Hypoxia_Survey_CTD_Data_2004_2015/raw_data/2012/CAST_RR042_120906faed.cnv
* Sea-Bird SBE19 Data File:
* FileName = C:\Documents and Settings\OCNMS\Desktop\2012 mooring data\Hypoxia Sampling\CAST_RR042_120906.hex
* Software Version 1.25
* Temperature SN = 2997
* Conductivity SN = 2997
* System UpLoad Time = Sep 06 2012 11:41:13
** CAST_RR042_120906
* SEACAT PROFILER V3.1c SN 2997   09/06/12  11:40:18.005
# nquan = 9                                 
# nvalues = 1226                        
# units = specified
# name 0 = timeJ: Julian Days
# name 1 = prSM: Pressure, Strain Gauge [db]
# name 2 = c0mS/cm: Conductivity [mS/cm]
# name 3 = t090C: Temperature [ITS-90, deg C]
# name 4 = sbeox0ML/L: Oxygen, SBE 43 [ml/l]
# name 5 = depSM: Depth [salt water, m], lat = 47.5
# name 6 = sal00: Salinity, Practical [PSU]
# name 7 = sigma-é00: Density [sigma-theta, kg/m^3]
# name 8 = flag: flag
# span 0 = 250.438391, 250.445480       
# span 1 =     -5.235,     42.049       
# span 2 =   0.095918,  37.627838       
# span 3 =     7.3375,    13.3047       
# span 4 =   -14.2747,    14.0728       
# span 5 =     -5.191,     41.694       
# span 6 =     0.0610,    33.7225       
# span 7 =    -0.5121,    26.3649       
# span 8 = 0.0000e+00, 0.0000e+00       
# interval = seconds: 0.5
# start_time = Sep 06 2012 10:31:17 [Instrument's time stamp, header]
# bad_flag = -9.990e-29
*END*
[from data line 801]
 250.443027      1.504  37.428144    12.9225     6.2248      1.491    31.7129    23.8628 -9.990e-29
 250.443032      1.505  37.427080    12.9224     6.2086      1.492    31.7120    23.8621 -9.990e-29
 250.443038      1.505  37.424949    12.9196     6.1952      1.492    31.7123    23.8629 -9.990e-29
 250.443044      1.499  37.424513    12.9176     6.1953      1.486    31.7136    23.8643 -9.990e-29
 250.443050      1.491  37.425748    12.9176     6.2185      1.479    31.7148    23.8652 -9.990e-29
 250.443056      1.485  37.426935    12.9178     6.2334      1.473    31.7157    23.8659 -9.990e-29
 250.443061      1.480  37.426296    12.9168     6.2334      1.468    31.7160    23.8662 -9.990e-29
 250.443067      1.476  37.422975    12.9149     6.2443      1.464    31.7144    23.8654 -9.990e-29
 250.443073      1.474  37.418708    12.9135     6.2469      1.462    31.7116    23.8635 -9.990e-29
 250.443079      1.472  37.416765    12.9132     6.2577      1.460    31.7100    23.8623 -9.990e-29
 250.443084      1.470  37.417917    12.9130     6.2578      1.458    31.7113    23.8633 -9.990e-29
 250.443090      1.469  37.419776    12.9127     6.2591      1.457    31.7133    23.8649 -9.990e-29
 250.443096      1.468  37.421457    12.9137     6.2455      1.456    31.7140    23.8653 -9.990e-29
 250.443102      1.468  37.423521    12.9166     6.2120      1.456    31.7135    23.8644 -9.990e-29
 250.443108      1.467  37.425916    12.9197     6.1886      1.455    31.7132    23.8635 -9.990e-29
 250.443113      1.467  37.429033    12.9216     6.1749      1.455    31.7145    23.8642 -9.990e-29
 250.443119      1.468  37.435346    12.9231     6.1796      1.456    31.7192    23.8675 -9.990e-29
 250.443125      1.468  37.451031    12.9257     6.1975      1.456    31.7318    23.8768 -9.990e-29
 250.443131      1.469  37.475151    12.9299     6.2100      1.457    31.7510    23.8908 -9.990e-29
 250.443137      1.470  37.492241    12.9367     6.2201      1.458    31.7614    23.8976 -9.990e-29
 250.443142      1.472  37.492593    12.9499     6.2012      1.460    31.7507    23.8867 -9.990e-29
 250.443148      1.474  37.486760    12.9760     6.1846      1.462    31.7233    23.8604 -9.990e-29
 250.443154      1.477  37.497215    13.0205     6.1846      1.465    31.6959    23.8306 -9.990e-29
 250.443160      1.481  37.528377    13.0733     6.1942      1.469    31.6811    23.8088 -9.990e-29
 250.443166      1.487  37.556808    13.1117     6.2144      1.475    31.6757    23.7971 -9.990e-29
 250.443171      1.493  37.561594    13.1271     6.2216      1.481    31.6673    23.7877 -9.990e-29
 250.443177      1.502  37.551928    13.1284     6.2196      1.489    31.6572    23.7795 -9.990e-29
 250.443183      1.509  37.551344    13.1258     6.1937      1.496    31.6588    23.7813 -9.990e-29
 250.443189      1.510  37.559623    13.1240     6.1788      1.497    31.6681    23.7888 -9.990e-29
 250.443194      1.510  37.569874    13.1254     6.1907      1.497    31.6765    23.7951 -9.990e-29
 250.443200      1.513  37.581195    13.1301     6.1933      1.500    31.6832    23.7993 -9.990e-29
 250.443206      1.519  37.586829    13.1345     6.2032      1.506    31.6848    23.7997 -9.990e-29
 250.443212      1.529  37.584763    13.1347     6.2024      1.516    31.6827    23.7981 -9.990e-29
 250.443218      1.542  37.576163    13.1287     6.1960      1.529    31.6797    23.7969 -9.990e-29
 250.443223      1.557  37.559649    13.1174     6.1973      1.544    31.6736    23.7944 -9.990e-29
 250.443229      1.565  37.532808    13.1067     6.2083      1.552    31.6573    23.7839 -9.990e-29
 250.443235      1.566  37.504108    13.1029     6.2145      1.553    31.6336    23.7663 -9.990e-29
 250.443241      1.565  37.494665    13.1021     6.2037      1.552    31.6254    23.7601 -9.990e-29
 250.443247      1.558  37.503650    13.0955     6.1910      1.545    31.6393    23.7721 -9.990e-29
 250.443252      1.544  37.512228    13.0846     6.1757      1.531    31.6565    23.7875 -9.990e-29
 250.443258      1.531  37.520631    13.0784     6.1738      1.518    31.6695    23.7989 -9.990e-29
 250.443264      1.522  37.532219    13.0805     6.1814      1.509    31.6787    23.8055 -9.990e-29
 250.443270      1.517  37.541707    13.0890     6.1864      1.504    31.6805    23.8053 -9.990e-29
 250.443275      1.515  37.551658    13.1013     6.2027      1.502    31.6795    23.8021 -9.990e-29
 250.443281      1.517  37.564321    13.1163     6.2114      1.504    31.6789    23.7987 -9.990e-29
 250.443287      1.522  37.576966    13.1313     6.2063      1.509    31.6783    23.7953 -9.990e-29
 250.443293      1.530  37.586991    13.1407     6.1954      1.517    31.6798    23.7946 -9.990e-29
 250.443299      1.539  37.590331    13.1442     6.1795      1.526    31.6800    23.7941 -9.990e-29
 250.443304      1.544  37.587643    13.1448     6.1822      1.531    31.6770    23.7916 -9.990e-29
 250.443310      1.550  37.585930    13.1446     6.1933      1.537    31.6756    23.7906 -9.990e-29
 250.443316      1.561  37.588450    13.1441     6.2110      1.548    31.6783    23.7928 -9.990e-29
 250.443322      1.574  37.592343    13.1430     6.2102      1.561    31.6829    23.7966 -9.990e-29
 250.443328      1.586  37.593217    13.1418     6.2037      1.573    31.6847    23.7982 -9.990e-29
 250.443333      1.597  37.591617    13.1421     6.1914      1.584    31.6830    23.7968 -9.990e-29
 250.443339      1.604  37.593193    13.1441     6.1875      1.591    31.6828    23.7962 -9.990e-29
 250.443345      1.602  37.597185    13.1467     6.1894      1.589    31.6843    23.7970 -9.990e-29
 250.443351      1.592  37.598211    13.1500     6.1853      1.579    31.6825    23.7949 -9.990e-29
 250.443356      1.578  37.597580    13.1550     6.1670      1.565    31.6778    23.7903 -9.990e-29
 250.443362      1.566  37.599435    13.1615     6.1422      1.553    31.6741    23.7861 -9.990e-29
 250.443368      1.561  37.603950    13.1669     6.1386      1.548    31.6738    23.7849 -9.990e-29
 250.443374      1.562  37.608122    13.1692     6.1515      1.549    31.6758    23.7860 -9.990e-29
 250.443380      1.565  37.607933    13.1694     6.1854      1.552    31.6755    23.7857 -9.990e-29
 250.443385      1.566  37.604193    13.1684     6.2053      1.553    31.6728    23.7838 -9.990e-29
 250.443391      1.570  37.600259    13.1657     6.2176      1.557    31.6714    23.7832 -9.990e-29
 250.443397      1.576  37.593069    13.1612     6.2186      1.563    31.6684    23.7818 -9.990e-29
 250.443403      1.580  37.587542    13.1577     6.2092      1.567    31.6661    23.7807 -9.990e-29
 250.443409      1.583  37.594180    13.1589     6.2026      1.570    31.6713    23.7845 -9.990e-29
 250.443414      1.586  37.606085    13.1647     6.1952      1.573    31.6777    23.7883 -9.990e-29
 250.443420      1.587  37.614419    13.1720     6.2127      1.574    31.6794    23.7882 -9.990e-29
 250.443426      1.588  37.618467    13.1781     6.2088      1.575    31.6781    23.7860 -9.990e-29
 250.443432      1.592  37.618526    13.1817     6.1977      1.579    31.6751    23.7830 -9.990e-29
 250.443437      1.605  37.619101    13.1844     6.1881      1.592    31.6734    23.7811 -9.990e-29
 250.443443      1.623  37.622022    13.1879     6.1705      1.609    31.6732    23.7803 -9.990e-29
 250.443449      1.642  37.623840    13.1919     6.1829      1.628    31.6716    23.7782 -9.990e-29
 250.443455      1.668  37.625240    13.1956     6.1964      1.654    31.6698    23.7761 -9.990e-29
 250.443461      1.707  37.627469    13.1974     6.2067      1.693    31.6704    23.7762 -9.990e-29
 250.443466      1.762  37.627838    13.1947     6.2118      1.747    31.6730    23.7788 -9.990e-29
 250.443472      1.831  37.623979    13.1817     6.2386      1.816    31.6802    23.7869 -9.990e-29
 250.443478      1.916  37.607887    13.1457     6.2951      1.900    31.6951    23.8055 -9.990e-29
 250.443484      2.020  37.570372    13.0773     6.3645      2.003    31.7170    23.8358 -9.990e-29
 250.443490      2.147  37.515702    12.9865     6.4214      2.129    31.7415    23.8725 0.0000e+00
 250.443495      2.300  37.460004    12.8870     6.4204      2.281    31.7724    23.9157 0.0000e+00
 250.443501      2.485  37.412984    12.7868     6.3660      2.464    31.8122    23.9659 0.0000e+00
 250.443507      2.705  37.379667    12.7076     6.2737      2.682    31.8474    24.0084 0.0000e+00
 250.443513      2.965  37.369900    12.6642     6.2054      2.940    31.8747    24.0378 0.0000e+00
 250.443519      3.269  37.374504    12.6396     6.1735      3.242    31.8998    24.0620 0.0000e+00
 250.443524      3.615  37.369847    12.6066     6.0706      3.585    31.9232    24.0864 0.0000e+00
 250.443530      3.999  37.342372    12.5512     5.9682      3.966    31.9439    24.1131 0.0000e+00
 250.443536      4.425  37.289000    12.4716     5.8853      4.388    31.9605    24.1411 0.0000e+00
 250.443542      4.894  37.213581    12.3702     5.7950      4.853    31.9747    24.1713 0.0000e+00
 250.443547      5.396  37.128657    12.2538     5.7567      5.351    31.9925    24.2070 0.0000e+00
 250.443553      5.922  37.042498    12.1239     5.7402      5.872    32.0208    24.2533 0.0000e+00
 250.443559      6.461  36.940992    11.9564     5.7434      6.407    32.0666    24.3199 0.0000e+00
 250.443565      7.010  36.807485    11.7069     5.7337      6.951    32.1524    24.4324 0.0000e+00
 250.443571      7.564  36.622436    11.4088     5.7124      7.501    32.2308    24.5474 0.0000e+00
 250.443576      8.117  36.449940    11.1798     5.6678      8.049    32.2615    24.6122 0.0000e+00
 250.443582      8.669  36.397696    11.0389     5.6187      8.596    32.3336    24.6931 0.0000e+00
 250.443588      9.225  36.388647    10.9239     5.5701      9.148    32.4258    24.7851 0.0000e+00
 250.443594      9.783  36.341167    10.8483     5.4801      9.701    32.4454    24.8136 0.0000e+00
 250.443600     10.334  36.338083    10.8455     5.3479     10.247    32.4446    24.8135 0.0000e+00
 250.443605     10.871  36.420018    10.8860     5.1244     10.780    32.4898    24.8416 0.0000e+00
 250.443611     11.390  36.534248    10.9209     4.7833     11.295    32.5719    24.8994 0.0000e+00
 250.443617     11.894  36.621830    10.9291     4.3558     11.794    32.6512    24.9597 0.0000e+00
 250.443623     12.388  36.658881    10.9121     3.9212     12.284    32.7029    25.0029 0.0000e+00
 250.443628     12.879  36.666739    10.8734     3.5141     12.771    32.7451    25.0425 0.0000e+00
 250.443634     13.372  36.673750    10.8058     3.2009     13.260    32.8124    25.1068 0.0000e+00
 250.443640     13.869  36.669592    10.7036     2.9566     13.753    32.8999    25.1928 0.0000e+00
 250.443646     14.371  36.637452    10.5898     2.7812     14.251    32.9702    25.2673 0.0000e+00
 250.443652     14.880  36.596593    10.4818     2.6669     14.755    33.0269    25.3301 0.0000e+00
 250.443657     15.395  36.551840    10.3587     2.5665     15.266    33.0936    25.4032 0.0000e+00
 250.443663     15.917  36.477613    10.2065     2.4996     15.784    33.1574    25.4789 0.0000e+00
 250.443669     16.451  36.368983    10.0381     2.4048     16.313    33.2015    25.5417 0.0000e+00
 250.443675     16.996  36.244610     9.8654     2.3169     16.853    33.2336    25.5956 0.0000e+00
 250.443681     17.552  36.123440     9.7005     2.2439     17.405    33.2618    25.6449 0.0000e+00
 250.443686     18.117  36.017480     9.5501     2.1970     17.965    33.2923    25.6933 0.0000e+00
 250.443692     18.682  35.922603     9.4049     2.2031     18.525    33.3294    25.7459 0.0000e+00
 250.443698     19.247  35.824253     9.2542     2.2209     19.085    33.3681    25.8004 0.0000e+00
 250.443704     19.811  35.714446     9.0942     2.2579     19.645    33.4037    25.8537 0.0000e+00
 250.443709     20.378  35.593447     8.9256     2.2955     20.207    33.4359    25.9055 0.0000e+00
 250.443715     20.944  35.462841     8.7616     2.2903     20.768    33.4537    25.9449 0.0000e+00
 250.443721     21.499  35.332123     8.6499     2.1904     21.318    33.4217    25.9372 0.0000e+00
 250.443727     22.030  35.254315     8.6424     2.0281     21.845    33.3468    25.8796 0.0000e+00
 250.443733     22.533  35.271767     8.7029     1.8685     22.344    33.3078    25.8398 0.0000e+00
 250.443738     23.014  35.332054     8.7145     1.7469     22.821    33.3600    25.8788 0.0000e+00
 250.443744     23.491  35.335155     8.5781     1.6674     23.294    33.4920    26.0033 0.0000e+00
 250.443750     23.977  35.208437     8.3164     1.6172     23.776    33.6071    26.1332 0.0000e+00
 250.443756     24.478  34.996853     8.0581     1.5542     24.272    33.6292    26.1891 0.0000e+00
 250.443762     24.998  34.821467     7.8772     1.5003     24.788    33.6153    26.2047 0.0000e+00
 250.443767     25.537  34.715470     7.7624     1.4526     25.322    33.6118    26.2187 0.0000e+00
 250.443773     26.088  34.651117     7.6935     1.3879     25.869    33.6088    26.2262 0.0000e+00
 250.443779     26.641  34.615887     7.6509     1.3045     26.417    33.6117    26.2346 0.0000e+00
 250.443785     27.185  34.594655     7.6188     1.1969     26.956    33.6196    26.2454 0.0000e+00
 250.443791     27.712  34.575289     7.5942     1.0930     27.479    33.6222    26.2510 0.0000e+00
 250.443796     28.221  34.560467     7.5708     1.0086     27.984    33.6286    26.2594 0.0000e+00
 250.443802     28.709  34.547164     7.5338     0.9541     28.467    33.6498    26.2813 0.0000e+00
 250.443808     29.179  34.524866     7.4887     0.9146     28.933    33.6692    26.3030 0.0000e+00
 250.443814     29.630  34.498503     7.4589     0.8873     29.381    33.6694    26.3073 0.0000e+00
 250.443819     30.061  34.482706     7.4464     0.8637     29.808    33.6642    26.3050 0.0000e+00
 250.443825     30.478  34.477066     7.4302     0.8560     30.221    33.6736    26.3147 0.0000e+00
 250.443831     30.894  34.470082     7.4021     0.8627     30.634    33.6931    26.3340 0.0000e+00
 250.443837     31.323  34.460229     7.3755     0.8627     31.059    33.7081    26.3495 0.0000e+00
 250.443843     31.771  34.453354     7.3593     0.8681     31.503    33.7162    26.3582 0.0000e+00
 250.443848     32.236  34.450309     7.3509     0.8601     31.964    33.7208    26.3630 0.0000e+00
 250.443854     32.709  34.448654     7.3471     0.8597     32.433    33.7225    26.3649 0.0000e+00
 250.443860     33.183  34.447244     7.3460     0.8509     32.903    33.7218    26.3645 0.0000e+00
 250.443866     33.652  34.446379     7.3460     0.8393     33.368    33.7207    26.3636 0.0000e+00
 250.443872     34.117  34.445971     7.3460     0.8254     33.829    33.7200    26.3631 0.0000e+00
 250.443877     34.577  34.445419     7.3452     0.8213     34.286    33.7199    26.3632 0.0000e+00
 250.443883     35.036  34.444491     7.3435     0.8074     34.741    33.7204    26.3637 0.0000e+00
 250.443889     35.506  34.443572     7.3417     0.7929     35.207    33.7209    26.3644 0.0000e+00
 250.443895     35.987  34.443062     7.3407     0.7927     35.684    33.7211    26.3647 0.0000e+00
 250.443900     36.471  34.442786     7.3407     0.7843     36.163    33.7205    26.3643 0.0000e+00
 250.443906     36.949  34.442319     7.3409     0.7886     36.637    33.7196    26.3635 0.0000e+00
 250.443912     37.411  34.441542     7.3408     0.7861     37.095    33.7186    26.3628 0.0000e+00
 250.443918     37.850  34.441042     7.3412     0.7769     37.531    33.7175    26.3618 0.0000e+00
 250.443924     38.269  34.441214     7.3433     0.7782     37.946    33.7154    26.3599 0.0000e+00
 250.443929     38.665  34.441673     7.3464     0.7690     38.339    33.7127    26.3574 0.0000e+00
 250.443935     39.037  34.442412     7.3478     0.7493     38.708    33.7120    26.3566 0.0000e+00
 250.443941     39.392  34.442682     7.3463     0.7334     39.060    33.7136    26.3580 0.0000e+00
