data/oxygen options/ONMS/Olympic_Coast_National_Marine_Sanctuary_Hypoxia_Survey_CTD_Data_2004_2015/raw_data/2012/CAST_HH065_120906faed.cnv
* Sea-Bird SBE19 Data File:
* FileName = C:\Documents and Settings\OCNMS\Desktop\2012 mooring data\Hypoxia Sampling\CAST_HH065_120906.hex
* Software Version 1.25
* Temperature SN = 2997
* Conductivity SN = 2997
* System UpLoad Time = Sep 06 2012 11:38:10
** CAST_HH065_120906
* SEACAT PROFILER V3.1c SN 2997   09/06/12  11:32:10.677
# nquan = 9                                 
# nvalues = 1539                        
# units = specified
# name 0 = timeJ: Julian Days
# name 1 = prSM: Pressure, Strain Gauge [db]
# name 2 = c0mS/cm: Conductivity [mS/cm]
# name 3 = t090C: Temperature [ITS-90, deg C]
# name 4 = sbeox0ML/L: Oxygen, SBE 43 [ml/l]
# name 5 = depSM: Depth [salt water, m], lat = 47.5
# name 6 = sal00: Salinity, Practical [PSU]
# name 7 = sigma-é00: Density [sigma-theta, kg/m^3]
# name 8 = flag: flag
# span 0 = 250.380833, 250.389734       
# span 1 =     -5.017,     65.909       
# span 2 =   0.004780,  39.052343       
# span 3 =     7.2225,    13.9350       
# span 4 =   -15.3422,    24.3319       
# span 5 =     -4.975,     65.348       
# span 6 =     0.0077,    33.7994       
# span 7 =    -0.4785,    26.4431       
# span 8 = 0.0000e+00, 0.0000e+00       
# interval = seconds: 0.5
# start_time = Sep 06 2012 09:08:24 [Instrument's time stamp, header]
# bad_flag = -9.990e-29
*END*
[from data line 961]
 250.386395      2.286  37.444294    13.9305     6.4387      2.267    30.9005    23.0354 -9.990e-29
 250.386400      2.295  37.444785    13.9311     6.4478      2.276    30.9004    23.0353 -9.990e-29
 250.386406      2.307  37.444879    13.9317     6.4518      2.288    30.9000    23.0348 -9.990e-29
 250.386412      2.321  37.444652    13.9322     6.4562      2.302    30.8994    23.0342 -9.990e-29
 250.386418      2.333  37.444697    13.9321     6.4414      2.314    30.8995    23.0344 -9.990e-29
 250.386424      2.341  37.445041    13.9316     6.4297      2.321    30.9002    23.0350 -9.990e-29
 250.386429      2.349  37.445345    13.9314     6.4270      2.329    30.9007    23.0354 -9.990e-29
 250.386435      2.367  37.445390    13.9314     6.4334      2.347    30.9007    23.0354 -9.990e-29
 250.386441      2.399  37.445549    13.9312     6.4422      2.379    30.9010    23.0357 -9.990e-29
 250.386447      2.439  37.445987    13.9311     6.4390      2.419    30.9015    23.0361 -9.990e-29
 250.386453      2.476  37.446116    13.9311     6.4489      2.455    30.9016    23.0361 -9.990e-29
 250.386458      2.510  37.446059    13.9313     6.4496      2.489    30.9013    23.0359 -9.990e-29
 250.386464      2.546  37.446248    13.9314     6.4386      2.525    30.9014    23.0360 -9.990e-29
 250.386470      2.599  37.446324    13.9308     6.4354      2.577    30.9020    23.0365 -9.990e-29
 250.386476      2.682  37.445782    13.9298     6.4434      2.660    30.9022    23.0369 -9.990e-29
 250.386481      2.795  37.444968    13.9291     6.4646      2.772    30.9020    23.0369 -9.990e-29
 250.386487      2.938  37.444430    13.9284     6.4629      2.913    30.9020    23.0371 0.0000e+00
 250.386493      3.109  37.443959    13.9276     6.4516      3.083    30.9022    23.0373 0.0000e+00
 250.386499      3.313  37.443437    13.9264     6.4482      3.285    30.9026    23.0379 0.0000e+00
 250.386505      3.552  37.443237    13.9249     6.4631      3.522    30.9035    23.0389 0.0000e+00
 250.386510      3.835  37.443603    13.9234     6.4736      3.803    30.9049    23.0403 0.0000e+00
 250.386516      4.161  37.444972    13.9226     6.4737      4.126    30.9067    23.0419 0.0000e+00
 250.386522      4.522  37.448559    13.9209     6.4372      4.484    30.9112    23.0457 0.0000e+00
 250.386528      4.906  37.453490    13.9138     6.3891      4.865    30.9213    23.0550 0.0000e+00
 250.386534      5.299  37.455081    13.8994     6.3250      5.255    30.9342    23.0678 0.0000e+00
 250.386539      5.687  37.449238    13.8795     6.2615      5.639    30.9447    23.0800 0.0000e+00
 250.386545      6.074  37.438203    13.8474     6.2018      6.023    30.9603    23.0985 0.0000e+00
 250.386551      6.476  37.425699    13.7843     6.1043      6.422    30.9996    23.1415 0.0000e+00
 250.386557      6.906  37.408448    13.6833     6.0044      6.848    31.0653    23.2124 0.0000e+00
 250.386563      7.369  37.383566    13.5460     5.8730      7.307    31.1537    23.3081 0.0000e+00
 250.386568      7.861  37.329582    13.3842     5.7821      7.795    31.2356    23.4035 0.0000e+00
 250.386574      8.370  37.243925    13.2382     5.7324      8.300    31.2754    23.4629 0.0000e+00
 250.386580      8.890  37.182080    13.1241     5.6929      8.816    31.3113    23.5130 0.0000e+00
 250.386586      9.428  37.159556    13.0056     5.6116      9.349    31.3879    23.5953 0.0000e+00
 250.386591      9.992  37.141201    12.8531     5.4492      9.908    31.4970    23.7093 0.0000e+00
 250.386597     10.573  37.105278    12.6935     5.2360     10.484    31.5962    23.8167 0.0000e+00
 250.386603     11.154  37.059852    12.5571     5.0987     11.061    31.6674    23.8979 0.0000e+00
 250.386609     11.731  37.010945    12.4150     5.0207     11.633    31.7404    23.9814 0.0000e+00
 250.386615     12.297  36.923521    12.2277     4.9540     12.194    31.8154    24.0748 0.0000e+00
 250.386620     12.850  36.766667    11.9784     4.9100     12.742    31.8769    24.1688 0.0000e+00
 250.386626     13.395  36.522783    11.6878     4.8826     13.283    31.8898    24.2321 0.0000e+00
 250.386632     13.940  36.250931    11.4328     4.8797     13.823    31.8442    24.2428 0.0000e+00
 250.386638     14.491  36.070898    11.2794     4.8975     14.370    31.8001    24.2359 0.0000e+00
 250.386644     15.048  35.981183    11.2177     4.9394     14.922    31.7651    24.2196 0.0000e+00
 250.386649     15.612  35.921446    11.1825     4.8861     15.481    31.7366    24.2037 0.0000e+00
 250.386655     16.185  35.865182    11.1141     4.8215     16.049    31.7400    24.2184 0.0000e+00
 250.386661     16.761  35.742923    10.9945     4.7925     16.620    31.7227    24.2259 0.0000e+00
 250.386667     17.329  35.552370    10.8227     4.7945     17.184    31.6827    24.2246 0.0000e+00
 250.386672     17.887  35.409092    10.6114     4.8327     17.737    31.7235    24.2926 0.0000e+00
 250.386678     18.432  35.363402    10.3939     4.8791     18.277    31.8675    24.4416 0.0000e+00
 250.386684     18.955  35.343662    10.1758     4.9159     18.796    32.0394    24.6122 0.0000e+00
 250.386690     19.447  35.273612     9.9310     4.9355     19.284    32.1858    24.7669 0.0000e+00
 250.386696     19.901  35.161153     9.6812     4.9341     19.734    32.2948    24.8928 0.0000e+00
 250.386701     20.311  35.059018     9.5074     4.8760     20.140    32.3467    24.9613 0.0000e+00
 250.386707     20.674  35.014652     9.4336     4.7874     20.500    32.3676    24.9895 0.0000e+00
 250.386713     20.991  35.017533     9.4070     4.6236     20.815    32.3945    25.0148 0.0000e+00
 250.386719     21.269  35.020456     9.3833     4.4248     21.090    32.4189    25.0376 0.0000e+00
 250.386725     21.522  35.009901     9.3398     4.2677     21.341    32.4473    25.0668 0.0000e+00
 250.386730     21.765  34.987994     9.2619     4.1550     21.582    32.4954    25.1167 0.0000e+00
 250.386736     22.016  34.949561     9.1533     4.1146     21.831    32.5546    25.1801 0.0000e+00
 250.386742     22.284  34.892593     9.0315     4.1037     22.097    32.6069    25.2401 0.0000e+00
 250.386748     22.570  34.831809     8.9274     4.1023     22.380    32.6392    25.2815 0.0000e+00
 250.386753     22.862  34.790271     8.8710     4.1051     22.670    32.6477    25.2969 0.0000e+00
 250.386759     23.144  34.774134     8.8562     4.1145     22.950    32.6443    25.2966 0.0000e+00
 250.386765     23.409  34.770775     8.8530     4.1326     23.212    32.6436    25.2965 0.0000e+00
 250.386771     23.657  34.770618     8.8421     4.1271     23.458    32.6534    25.3058 0.0000e+00
 250.386777     23.885  34.768367     8.8242     4.1229     23.684    32.6674    25.3196 0.0000e+00
 250.386782     24.101  34.763215     8.8093     4.1454     23.898    32.6757    25.3283 0.0000e+00
 250.386788     24.308  34.761688     8.8038     4.1586     24.104    32.6791    25.3318 0.0000e+00
 250.386794     24.504  34.763939     8.8040     4.1866     24.298    32.6812    25.3334 0.0000e+00
 250.386800     24.688  34.765636     8.8029     4.1833     24.480    32.6839    25.3357 0.0000e+00
 250.386806     24.863  34.767875     8.8015     4.1594     24.654    32.6874    25.3387 0.0000e+00
 250.386811     25.026  34.774716     8.8046     4.1404     24.816    32.6916    25.3416 0.0000e+00
 250.386817     25.177  34.787951     8.8076     4.1108     24.965    32.7026    25.3497 0.0000e+00
 250.386823     25.320  34.799416     8.8019     4.1018     25.107    32.7198    25.3640 0.0000e+00
 250.386829     25.459  34.797468     8.7864     4.0812     25.245    32.7320    25.3760 0.0000e+00
 250.386834     25.604  34.786185     8.7659     4.0828     25.389    32.7391    25.3847 0.0000e+00
 250.386840     25.769  34.781281     8.7471     4.0870     25.552    32.7513    25.3971 0.0000e+00
 250.386846     25.950  34.787370     8.7373     4.0765     25.732    32.7666    25.4106 0.0000e+00
 250.386852     26.133  34.798518     8.7386     4.0709     25.913    32.7770    25.4185 0.0000e+00
 250.386858     26.310  34.807132     8.7439     4.0557     26.089    32.7810    25.4209 0.0000e+00
 250.386863     26.478  34.810087     8.7457     4.0550     26.255    32.7824    25.4217 0.0000e+00
 250.386869     26.640  34.809597     8.7424     4.0601     26.416    32.7848    25.4241 0.0000e+00
 250.386875     26.796  34.806642     8.7373     4.0544     26.571    32.7864    25.4261 0.0000e+00
 250.386881     26.949  34.803957     8.7299     4.0635     26.722    32.7904    25.4304 0.0000e+00
 250.386887     27.100  34.801836     8.7086     4.0521     26.872    32.8078    25.4473 0.0000e+00
 250.386892     27.254  34.793482     8.6666     4.0293     27.025    32.8380    25.4773 0.0000e+00
 250.386898     27.421  34.780593     8.6202     4.0062     27.190    32.8675    25.5075 0.0000e+00
 250.386904     27.606  34.776178     8.5885     3.9572     27.374    32.8923    25.5317 0.0000e+00
 250.386910     27.810  34.782139     8.5692     3.8758     27.576    32.9164    25.5536 0.0000e+00
 250.386916     28.027  34.787882     8.5486     3.8099     27.791    32.9416    25.5764 0.0000e+00
 250.386921     28.255  34.784771     8.5091     3.7741     28.017    32.9751    25.6087 0.0000e+00
 250.386927     28.491  34.759087     8.4298     3.7692     28.251    33.0222    25.6575 0.0000e+00
 250.386933     28.733  34.686617     8.3219     3.7829     28.491    33.0467    25.6930 0.0000e+00
 250.386939     28.975  34.581022     8.2230     3.8120     28.731    33.0277    25.6928 0.0000e+00
 250.386944     29.206  34.500835     8.1422     3.8359     28.960    33.0186    25.6975 0.0000e+00
 250.386950     29.419  34.465088     8.0787     3.8752     29.171    33.0403    25.7239 0.0000e+00
 250.386956     29.612  34.447896     8.0431     3.9085     29.363    33.0555    25.7410 0.0000e+00
 250.386962     29.780  34.443080     8.0563     3.8870     29.529    33.0378    25.7252 0.0000e+00
 250.386968     29.919  34.474402     8.1386     3.8566     29.667    32.9935    25.6784 -9.990e-29
 250.386973     30.035  34.547168     8.2560     3.8180     29.782    32.9604    25.6350 -9.990e-29
 250.386979     30.135  34.621135     8.3279     3.7741     29.881    32.9712    25.6328 -9.990e-29
 250.386985     30.226  34.654318     8.3037     3.7342     29.972    33.0290    25.6818 -9.990e-29
 250.386991     30.318  34.621492     8.2143     3.6622     30.063    33.0782    25.7337 -9.990e-29
 250.386997     30.424  34.550548     8.1374     3.5715     30.168    33.0754    25.7428 -9.990e-29
 250.387002     30.552  34.512063     8.0982     3.5048     30.295    33.0713    25.7454 0.0000e+00
 250.387008     30.701  34.504504     8.0558     3.4644     30.443    33.1033    25.7767 0.0000e+00
 250.387014     30.872  34.484688     7.9769     3.4601     30.612    33.1568    25.8302 0.0000e+00
 250.387020     31.067  34.452468     7.8761     3.4474     30.805    33.2180    25.8929 0.0000e+00
 250.387025     31.287  34.427564     7.7900     3.4515     31.024    33.2732    25.9488 0.0000e+00
 250.387031     31.518  34.416473     7.7405     3.4549     31.253    33.3085    25.9836 0.0000e+00
 250.387037     31.743  34.417225     7.7264     3.4624     31.476    33.3227    25.9968 0.0000e+00
 250.387043     31.944  34.422917     7.7326     3.4641     31.675    33.3228    25.9959 0.0000e+00
 250.387049     32.119  34.427639     7.7447     3.4448     31.848    33.3162    25.9890 0.0000e+00
 250.387054     32.273  34.432040     7.7465     3.4315     32.001    33.3191    25.9911 0.0000e+00
 250.387060     32.416  34.430184     7.7278     3.4263     32.143    33.3350    26.0062 0.0000e+00
 250.387066     32.558  34.419553     7.6976     3.4196     32.284    33.3524    26.0242 0.0000e+00
 250.387072     32.703  34.408332     7.6698     3.4247     32.427    33.3669    26.0396 0.0000e+00
 250.387078     32.852  34.401671     7.6501     3.4124     32.575    33.3785    26.0516 0.0000e+00
 250.387083     33.006  34.398476     7.6372     3.4015     32.728    33.3874    26.0604 0.0000e+00
 250.387089     33.161  34.396679     7.6269     3.4183     32.882    33.3953    26.0680 0.0000e+00
 250.387095     33.315  34.395514     7.6198     3.4206     33.034    33.4008    26.0734 0.0000e+00
 250.387101     33.469  34.395620     7.6181     3.4328     33.187    33.4025    26.0749 0.0000e+00
 250.387106     33.620  34.398210     7.6201     3.4273     33.337    33.4033    26.0753 0.0000e+00
 250.387112     33.761  34.403710     7.6236     3.4033     33.476    33.4058    26.0768 0.0000e+00
 250.387118     33.887  34.410469     7.6283     3.3920     33.601    33.4085    26.0782 -9.990e-29
 250.387124     34.002  34.415541     7.6316     3.3721     33.715    33.4107    26.0795 -9.990e-29
 250.387130     34.118  34.415044     7.6295     3.3642     33.830    33.4121    26.0809 -9.990e-29
 250.387135     34.250  34.408694     7.6209     3.3518     33.961    33.4135    26.0832 0.0000e+00
 250.387141     34.412  34.401476     7.6081     3.3274     34.122    33.4179    26.0885 0.0000e+00
 250.387147     34.610  34.396654     7.5959     3.3281     34.318    33.4244    26.0953 0.0000e+00
 250.387153     34.834  34.395088     7.5882     3.3169     34.540    33.4300    26.1008 0.0000e+00
 250.387159     35.065  34.396372     7.5837     3.3162     34.769    33.4356    26.1059 0.0000e+00
 250.387164     35.291  34.397741     7.5785     3.3156     34.993    33.4420    26.1116 0.0000e+00
 250.387170     35.510  34.397666     7.5727     3.3310     35.211    33.4474    26.1167 0.0000e+00
 250.387176     35.715  34.398292     7.5701     3.3514     35.414    33.4504    26.1195 0.0000e+00
 250.387182     35.892  34.401581     7.5734     3.3737     35.589    33.4507    26.1193 0.0000e+00
 250.387188     36.032  34.406320     7.5808     3.3740     35.728    33.4487    26.1166 -9.990e-29
 250.387193     36.135  34.409313     7.5871     3.3423     35.830    33.4458    26.1134 -9.990e-29
 250.387199     36.216  34.408399     7.5889     3.3004     35.911    33.4430    26.1110 -9.990e-29
 250.387205     36.292  34.404610     7.5870     3.2560     35.986    33.4407    26.1095 -9.990e-29
 250.387211     36.379  34.400743     7.5831     3.2084     36.072    33.4403    26.1097 -9.990e-29
 250.387216     36.484  34.398374     7.5775     3.1673     36.176    33.4430    26.1127 -9.990e-29
 250.387222     36.611  34.397151     7.5695     3.1222     36.302    33.4494    26.1188 0.0000e+00
 250.387228     36.759  34.397131     7.5591     3.0955     36.449    33.4593    26.1280 0.0000e+00
 250.387234     36.930  34.399973     7.5491     3.0744     36.619    33.4719    26.1394 0.0000e+00
 250.387240     37.120  34.408912     7.5448     3.0784     36.807    33.4856    26.1508 0.0000e+00
 250.387245     37.321  34.424672     7.5468     3.0729     37.006    33.5006    26.1623 0.0000e+00
 250.387251     37.524  34.440266     7.5514     3.0242     37.207    33.5130    26.1713 0.0000e+00
 250.387257     37.725  34.449608     7.5566     2.9798     37.407    33.5179    26.1745 0.0000e+00
 250.387263     37.923  34.456201     7.5626     2.9475     37.603    33.5192    26.1746 0.0000e+00
 250.387269     38.119  34.466043     7.5708     2.9452     37.797    33.5218    26.1755 0.0000e+00
 250.387274     38.312  34.479383     7.5819     2.9748     37.989    33.5254    26.1768 0.0000e+00
 250.387280     38.506  34.493853     7.5943     2.9875     38.181    33.5290    26.1778 0.0000e+00
 250.387286     38.696  34.508591     7.6045     2.9863     38.369    33.5350    26.1811 0.0000e+00
 250.387292     38.868  34.520293     7.6095     2.9847     38.540    33.5427    26.1864 0.0000e+00
 250.387297     39.008  34.524407     7.6085     2.9713     38.679    33.5480    26.1908 -9.990e-29
 250.387303     39.112  34.521385     7.6044     2.9772     38.782    33.5487    26.1919 -9.990e-29
 250.387309     39.194  34.515046     7.6018     2.9513     38.863    33.5443    26.1888 -9.990e-29
