data/oxygen options/OCNMS/OCNMS1/raw_data/2006/CTD_KL027_053106faedb.cnv
* Sea-Bird SBE19 Data File:
* FileName = C:\MOORING_DATA_2006\CTD_KL027_053106.hex
* Software Version 1.1.6
* Temperature SN = 2997
* Conductivity SN = 2997
* System UpLoad Time = May 31 2006 10:51:48
* SEACAT PROFILER V3.1c SN 2997   05/31/06  10:50:58.037
* strain gauge pressure sensor: S/N = 184829,  range = 3000 psia,  tc = 40
# nquan = 9
# nvalues = 24                          
# units = specified
# name 0 = timeJ: Julian Days
# name 1 = prSM: Pressure, Strain Gauge [db]
# name 2 = c0mS/cm: Conductivity [mS/cm]
# name 3 = t090C: Temperature [ITS-90, deg C]
# name 4 = oxML/L: Oxygen, Beckman/YSI [ml/l]
# name 5 = depSM: Depth [salt water, m], lat = 47.5
# name 6 = sal00: Salinity, Practical [PSU]
# name 7 = sigma-é00: Density [sigma-theta, kg/m^3]
# name 8 = flag: flag
# span 0 = 151.440328, 151.440620       
# span 1 =      2.000,     25.000       
# span 2 =  33.022460,  36.236484       
# span 3 =    11.1682,    14.9815       
# span 4 =    4.70924,    6.93380       
# span 5 =      1.983,     24.790       
# span 6 =    26.1623,    32.0399       
# span 7 =    19.1746,    24.4422       
# span 8 = 0.0000e+00, 0.0000e+00       
# interval = decibars: 1                
# start_time = May 31 2006 10:30:23 [Instrument's time stamp, header]
# bad_flag = -9.990e-29
*END*
 151.440328      2.000  33.022460    14.9815    6.93380      1.983    26.1623    19.1746 0.0000e+00
 151.440351      3.000  33.266581    14.6925    6.84023      2.975    26.5725    19.5484 0.0000e+00
 151.440369      4.000  33.260051    14.2831    6.57478      3.967    26.8482    19.8420 0.0000e+00
 151.440384      5.000  33.263019    13.7133    6.57192      4.958    27.2502    20.2630 0.0000e+00
 151.440398      6.000  33.416867    13.2069    6.67511      5.950    27.7537    20.7482 0.0000e+00
 151.440411      7.000  33.681410    12.9843    6.67792      6.941    28.1616    21.1052 0.0000e+00
 151.440423      8.000  33.890903    12.8543    6.63324      7.933    28.4528    21.3545 0.0000e+00
 151.440435      9.000  34.105281    12.7606    6.50980      8.924    28.7228    21.5807 0.0000e+00
 151.440447     10.000  34.306089    12.6958    6.38513      9.916    28.9596    21.7759 0.0000e+00
 151.440459     11.000  34.476955    12.6209    6.38020     10.908    29.1770    21.9581 0.0000e+00
 151.440472     12.000  34.662973    12.5357    6.46746     11.899    29.4176    22.1601 0.0000e+00
 151.440483     13.000  34.952090    12.4576    6.38269     12.891    29.7512    22.4328 0.0000e+00
 151.440495     14.000  35.480450    12.3692    6.11809     13.883    30.3216    22.8909 0.0000e+00
 151.440505     15.000  35.881989    12.2636    5.93670     14.874    30.7892    23.2728 0.0000e+00
 151.440515     16.000  36.041241    12.1418    5.85980     15.866    31.0412    23.4906 0.0000e+00
 151.440526     17.000  36.027752    12.0483    5.78857     16.857    31.1056    23.5578 0.0000e+00
 151.440535     18.000  36.035982    11.9950    5.65525     17.849    31.1576    23.6079 0.0000e+00
 151.440546     19.000  36.058403    11.9267    5.52350     18.841    31.2359    23.6812 0.0000e+00
 151.440557     20.000  36.097777    11.8179    5.42161     19.832    31.3650    23.8012 0.0000e+00
 151.440568     21.000  36.160060    11.6912    5.25561     20.824    31.5321    23.9540 0.0000e+00
 151.440579     22.000  36.217816    11.5881    4.97653     21.816    31.6754    24.0839 0.0000e+00
 151.440591     23.000  36.236484    11.5097    4.70924     22.807    31.7603    24.1640 0.0000e+00
 151.440605     24.000  36.230589    11.3520 -9.990e-29     23.798    31.8899    24.2929 0.0000e+00
 151.440620     25.000  36.221473    11.1682 -9.990e-29     24.790    32.0399    24.4422 0.0000e+00
