data/oxygen options/OCNMS/OCNMS1/raw_data/2006/CTD_MB042_060606faed.cnv
* Sea-Bird SBE19 Data File:
* FileName = C:\MOORING_DATA_2006\CTD_MB042_060606.hex
* Software Version 1.1.6
* Temperature SN = 2997
* Conductivity SN = 2997
* System UpLoad Time = Jun 06 2006 13:14:26
* SEACAT PROFILER V3.1c SN 2997   06/06/06  13:13:39.912
* strain gauge pressure sensor: S/N = 184829,  range = 3000 psia,  tc = 40
# nquan = 9                                 
# nvalues = 1811                        
# units = specified
# name 0 = timeJ: Julian Days
# name 1 = prSM: Pressure, Strain Gauge [db]
# name 2 = c0mS/cm: Conductivity [mS/cm]
# name 3 = t090C: Temperature [ITS-90, deg C]
# name 4 = oxML/L: Oxygen, Beckman/YSI [ml/l]
# name 5 = depSM: Depth [salt water, m], lat = 47.5
# name 6 = sal00: Salinity, Practical [PSU]
# name 7 = sigma-é00: Density [sigma-theta, kg/m^3]
# name 8 = flag: flag
# span 0 = 157.539294, 157.549769       
# span 1 =     -5.018,     41.006       
# span 2 =   1.467352,  35.652208       
# span 3 =     8.1157,    14.7547       
# span 4 =  -14.41430,   32.45336       
# span 5 =     -4.976,     40.660       
# span 6 =     0.9382,    33.2856       
# span 7 =    -0.0960,    25.9107       
# span 8 = 0.0000e+00, 0.0000e+00       
# interval = seconds: 0.5
# start_time = Jun 06 2006 12:56:35 [Instrument's time stamp, header]
# bad_flag = -9.990e-29
*END*
[from data line 641]
 157.543003     29.188  34.669034     8.6997    4.00728     28.942    32.6761    25.3455 -9.990e-29
 157.543009     29.187  34.668293     8.6988    4.01207     28.941    32.6761    25.3457 -9.990e-29
 157.543015     29.175  34.668959     8.6991    4.00645     28.929    32.6765    25.3460 -9.990e-29
 157.543021     29.147  34.669669     8.7005    4.01275     28.902    32.6760    25.3453 -9.990e-29
 157.543027     29.109  34.670241     8.7029    4.01317     28.864    32.6744    25.3437 -9.990e-29
 157.543032     29.078  34.670871     8.7053    4.01088     28.833    32.6729    25.3421 -9.990e-29
 157.543038     29.058  34.671271     8.7065    4.00457     28.813    32.6722    25.3414 -9.990e-29
 157.543044     29.049  34.671410     8.7067    4.00704     28.805    32.6722    25.3414 -9.990e-29
 157.543050     29.050  34.671467     8.7063    3.99997     28.806    32.6726    25.3418 -9.990e-29
 157.543056     29.057  34.671510     8.7057    3.99162     28.812    32.6732    25.3423 -9.990e-29
 157.543061     29.067  34.671590     8.7053    4.00078     28.822    32.6736    25.3427 -9.990e-29
 157.543067     29.079  34.671246     8.7043    3.99247     28.834    32.6742    25.3433 -9.990e-29
 157.543073     29.090  34.669450     8.7020    3.99648     28.845    32.6744    25.3438 -9.990e-29
 157.543079     29.093  34.667167     8.7001    4.00698     28.848    32.6738    25.3436 -9.990e-29
 157.543084     29.083  34.666955     8.7000    3.99825     28.838    32.6737    25.3436 -9.990e-29
 157.543090     29.060  34.668522     8.7013    4.00032     28.815    32.6741    25.3437 -9.990e-29
 157.543096     29.027  34.670025     8.7032    4.00821     28.783    32.6739    25.3433 -9.990e-29
 157.543102     28.993  34.671219     8.7052    4.00787     28.749    32.6734    25.3425 -9.990e-29
 157.543108     28.971  34.672006     8.7064    4.01096     28.727    32.6731    25.3421 -9.990e-29
 157.543113     28.962  34.671748     8.7059    4.00948     28.718    32.6733    25.3424 -9.990e-29
 157.543119     28.967  34.670657     8.7045    3.99808     28.723    32.6734    25.3427 -9.990e-29
 157.543125     28.981  34.669514     8.7040    4.00402     28.737    32.6727    25.3422 -9.990e-29
 157.543131     28.993  34.669034     8.7040    4.00579     28.749    32.6722    25.3418 -9.990e-29
 157.543137     28.994  34.669690     8.7035    4.00817     28.750    32.6733    25.3428 -9.990e-29
 157.543142     28.988  34.670665     8.7028    4.00892     28.744    32.6750    25.3442 -9.990e-29
 157.543148     28.981  34.671011     8.7025    3.99626     28.737    32.6756    25.3447 -9.990e-29
 157.543154     28.971  34.671183     8.7027    3.99507     28.727    32.6756    25.3447 -9.990e-29
 157.543160     28.962  34.671402     8.7023    3.99339     28.718    32.6762    25.3452 -9.990e-29
 157.543166     28.962  34.670834     8.7005    3.99599     28.718    32.6773    25.3463 -9.990e-29
 157.543171     28.972  34.669274     8.6984    3.99912     28.728    32.6776    25.3469 -9.990e-29
 157.543177     28.977  34.668002     8.6977    3.99815     28.733    32.6769    25.3465 -9.990e-29
 157.543183     28.968  34.668117     8.6987    3.99929     28.724    32.6761    25.3457 -9.990e-29
 157.543189     28.941  34.669203     8.7011    4.00789     28.697    32.6751    25.3445 -9.990e-29
 157.543194     28.910  34.670458     8.7048    4.01878     28.667    32.6730    25.3423 -9.990e-29
 157.543200     28.884  34.671870     8.7091    4.02056     28.641    32.6705    25.3397 -9.990e-29
 157.543206     28.867  34.673632     8.7132    4.02810     28.624    32.6686    25.3375 -9.990e-29
 157.543212     28.852  34.675283     8.7173    4.03324     28.609    32.6665    25.3353 -9.990e-29
 157.543218     28.844  34.676775     8.7224    4.03064     28.601    32.6634    25.3321 -9.990e-29
 157.543223     28.854  34.678969     8.7278    4.02793     28.611    32.6607    25.3291 -9.990e-29
 157.543229     28.880  34.681421     8.7312    4.02287     28.637    32.6601    25.3282 -9.990e-29
 157.543235     28.909  34.682348     8.7323    4.01018     28.666    32.6600    25.3280 -9.990e-29
 157.543241     28.935  34.681856     8.7330    4.00806     28.691    32.6589    25.3269 -9.990e-29
 157.543247     28.960  34.681528     8.7330    4.01592     28.716    32.6585    25.3267 -9.990e-29
 157.543252     28.989  34.680919     8.7307    4.00874     28.745    32.6600    25.3282 -9.990e-29
 157.543258     29.016  34.678650     8.7271    4.00917     28.772    32.6609    25.3294 -9.990e-29
 157.543264     29.030  34.676175     8.7242    4.00878     28.786    32.6610    25.3299 -9.990e-29
 157.543270     29.027  34.675233     8.7228    4.01883     28.783    32.6613    25.3304 -9.990e-29
 157.543275     29.008  34.675682     8.7231    4.03418     28.764    32.6615    25.3305 -9.990e-29
 157.543281     28.975  34.677555     8.7236    4.03484     28.731    32.6630    25.3316 -9.990e-29
 157.543287     28.934  34.679414     8.7238    4.02386     28.691    32.6648    25.3330 -9.990e-29
 157.543293     28.892  34.679806     8.7268    4.02452     28.649    32.6625    25.3307 -9.990e-29
 157.543299     28.859  34.680371     8.7356    4.01452     28.616    32.6549    25.3235 -9.990e-29
 157.543304     28.845  34.683540     8.7488    4.02266     28.602    32.6461    25.3145 -9.990e-29
 157.543310     28.854  34.689043     8.7590    4.02526     28.611    32.6424    25.3101 -9.990e-29
 157.543316     28.883  34.692436     8.7580    4.02021     28.640    32.6469    25.3137 -9.990e-29
 157.543322     28.920  34.689266     8.7480    4.02090     28.677    32.6528    25.3199 -9.990e-29
 157.543328     28.950  34.682030     8.7397    4.01915     28.706    32.6529    25.3212 -9.990e-29
 157.543333     28.962  34.677896     8.7363    4.03127     28.718    32.6517    25.3208 -9.990e-29
 157.543339     28.954  34.678633     8.7339    4.03383     28.710    32.6547    25.3235 -9.990e-29
 157.543345     28.929  34.681292     8.7319    4.04080     28.686    32.6593    25.3274 -9.990e-29
 157.543351     28.893  34.683802     8.7331    4.02943     28.650    32.6608    25.3284 -9.990e-29
 157.543356     28.849  34.685577     8.7396    4.03086     28.606    32.6567    25.3242 -9.990e-29
 157.543362     28.798  34.687856     8.7521    4.03958     28.556    32.6476    25.3152 -9.990e-29
 157.543368     28.751  34.691428     8.7677    4.03804     28.509    32.6370    25.3045 -9.990e-29
 157.543374     28.720  34.696001     8.7773    4.04903     28.478    32.6329    25.2998 -9.990e-29
 157.543380     28.717  34.698136     8.7739    4.05355     28.475    32.6383    25.3045 -9.990e-29
 157.543385     28.737  34.694508     8.7630    4.05993     28.495    32.6445    25.3111 -9.990e-29
 157.543391     28.760  34.688688     8.7570    4.05966     28.518    32.6440    25.3116 -9.990e-29
 157.543397     28.767  34.686368     8.7619    4.06131     28.525    32.6370    25.3054 -9.990e-29
 157.543403     28.753  34.689489     8.7741    4.04869     28.511    32.6290    25.2973 -9.990e-29
 157.543409     28.731  34.695474     8.7856    4.05178     28.489    32.6247    25.2921 -9.990e-29
 157.543414     28.708  34.701645     8.7928    4.06002     28.466    32.6245    25.2909 -9.990e-29
 157.543420     28.686  34.706692     8.7976    4.06002     28.445    32.6254    25.2908 -9.990e-29
 157.543426     28.672  34.709486     8.8011    4.06097     28.431    32.6251    25.2901 -9.990e-29
 157.543432     28.666  34.710945     8.8044    4.06382     28.425    32.6236    25.2884 -9.990e-29
 157.543438     28.663  34.712446     8.8083    4.06973     28.422    32.6216    25.2862 -9.990e-29
 157.543443     28.667  34.714303     8.8122    4.07123     28.426    32.6199    25.2843 -9.990e-29
 157.543449     28.678  34.716179     8.8147    4.06758     28.437    32.6196    25.2836 -9.990e-29
 157.543455     28.689  34.717207     8.8150    4.06970     28.448    32.6204    25.2842 -9.990e-29
 157.543461     28.696  34.717066     8.8141    4.06877     28.455    32.6210    25.2849 -9.990e-29
 157.543466     28.699  34.716685     8.8134    4.06963     28.458    32.6213    25.2852 -9.990e-29
 157.543472     28.699  34.716111     8.8132    4.06960     28.458    32.6209    25.2849 -9.990e-29
 157.543478     28.696  34.715133     8.8135    4.06340     28.455    32.6196    25.2838 -9.990e-29
 157.543484     28.689  34.715242     8.8143    4.06349     28.448    32.6189    25.2832 -9.990e-29
 157.543490     28.678  34.717139     8.8164    4.06258     28.437    32.6190    25.2829 -9.990e-29
 157.543495     28.662  34.719987     8.8214    4.07197     28.421    32.6174    25.2809 -9.990e-29
 157.543501     28.644  34.723092     8.8293    4.07547     28.403    32.6134    25.2765 -9.990e-29
 157.543507     28.637  34.725542     8.8347    4.07663     28.396    32.6110    25.2738 -9.990e-29
 157.543513     28.647  34.725554     8.8324    4.07369     28.406    32.6131    25.2758 -9.990e-29
 157.543519     28.668  34.721462     8.8244    4.06998     28.427    32.6162    25.2795 -9.990e-29
 157.543524     28.688  34.715099     8.8184    4.06108     28.447    32.6150    25.2795 -9.990e-29
 157.543530     28.700  34.711997     8.8174    4.05935     28.458    32.6127    25.2779 -9.990e-29
 157.543536     28.699  34.714184     8.8172    4.05045     28.458    32.6152    25.2798 -9.990e-29
 157.543542     28.691  34.717840     8.8154    4.05057     28.450    32.6206    25.2844 -9.990e-29
 157.543547     28.684  34.719428     8.8124    4.05444     28.443    32.6251    25.2883 -9.990e-29
 157.543553     28.684  34.718257     8.8082    4.04790     28.443    32.6277    25.2910 -9.990e-29
 157.543559     28.693  34.714446     8.8035    4.04953     28.452    32.6281    25.2920 -9.990e-29
 157.543565     28.703  34.709640     8.8013    4.04971     28.461    32.6251    25.2900 -9.990e-29
 157.543571     28.710  34.707524     8.8018    4.05209     28.468    32.6224    25.2878 -9.990e-29
 157.543576     28.713  34.709198     8.8023    4.05675     28.471    32.6237    25.2888 -9.990e-29
 157.543582     28.714  34.711282     8.8016    4.05775     28.472    32.6265    25.2911 -9.990e-29
 157.543588     28.713  34.711507     8.8010    4.05766     28.471    32.6273    25.2918 -9.990e-29
 157.543594     28.713  34.710731     8.8010    4.05758     28.471    32.6265    25.2911 -9.990e-29
 157.543600     28.720  34.710159     8.8021    4.04947     28.478    32.6249    25.2897 -9.990e-29
 157.543605     28.728  34.710710     8.8043    4.04715     28.486    32.6234    25.2882 -9.990e-29
 157.543611     28.740  34.711993     8.8064    4.04710     28.498    32.6228    25.2875 -9.990e-29
 157.543617     28.759  34.712911     8.8067    4.04831     28.517    32.6235    25.2879 -9.990e-29
 157.543623     28.782  34.712442     8.8047    4.06066     28.540    32.6248    25.2893 -9.990e-29
 157.543628     28.808  34.709959     8.8015    4.07011     28.566    32.6252    25.2900 -9.990e-29
 157.543634     28.828  34.708319     8.7992    4.06543     28.585    32.6256    25.2907 -9.990e-29
 157.543640     28.832  34.709256     8.7984    4.07079     28.589    32.6273    25.2922 -9.990e-29
 157.543646     28.819  34.710088     8.7982    4.06644     28.576    32.6283    25.2930 -9.990e-29
 157.543652     28.798  34.710242     8.7987    4.05551     28.556    32.6280    25.2927 -9.990e-29
 157.543657     28.775  34.711042     8.8003    4.05492     28.533    32.6274    25.2920 -9.990e-29
 157.543663     28.758  34.712430     8.8031    4.06131     28.516    32.6263    25.2907 -9.990e-29
 157.543669     28.750  34.714013     8.8072    4.05514     28.508    32.6242    25.2884 -9.990e-29
 157.543675     28.750  34.716215     8.8120    4.05671     28.508    32.6221    25.2860 -9.990e-29
 157.543681     28.758  34.718604     8.8144    4.05585     28.516    32.6223    25.2859 -9.990e-29
 157.543686     28.771  34.718197     8.8122    4.05434     28.529    32.6239    25.2874 -9.990e-29
 157.543692     28.781  34.713887     8.8087    4.05842     28.539    32.6226    25.2870 -9.990e-29
 157.543698     28.779  34.710581     8.8071    4.05874     28.537    32.6207    25.2857 -9.990e-29
 157.543704     28.767  34.711159     8.8061    4.05039     28.525    32.6222    25.2870 -9.990e-29
 157.543709     28.751  34.711901     8.8039    4.05044     28.509    32.6250    25.2896 -9.990e-29
 157.543715     28.739  34.710989     8.8017    4.05057     28.497    32.6261    25.2907 -9.990e-29
 157.543721     28.735  34.710571     8.8014    4.05105     28.493    32.6259    25.2907 -9.990e-29
 157.543727     28.734  34.712330     8.8023    4.04682     28.492    32.6269    25.2913 -9.990e-29
 157.543733     28.736  34.714119     8.8021    4.04448     28.494    32.6290    25.2929 -9.990e-29
 157.543738     28.745  34.713276     8.8002    4.04458     28.503    32.6298    25.2939 -9.990e-29
 157.543744     28.758  34.710916     8.7976    4.04609     28.516    32.6298    25.2943 -9.990e-29
 157.543750     28.772  34.708938     8.7946    4.05005     28.530    32.6305    25.2953 -9.990e-29
 157.543756     28.787  34.706946     8.7900    4.04976     28.545    32.6326    25.2976 -9.990e-29
 157.543762     28.804  34.703402     8.7847    4.05057     28.562    32.6338    25.2994 -9.990e-29
 157.543767     28.819  34.700308     8.7820    4.05070     28.576    32.6330    25.2992 -9.990e-29
 157.543773     28.826  34.700263     8.7827    4.05009     28.583    32.6323    25.2986 -9.990e-29
 157.543779     28.825  34.702081     8.7844    4.04970     28.582    32.6327    25.2986 -9.990e-29
 157.543785     28.820  34.704260     8.7857    4.04928     28.577    32.6338    25.2992 -9.990e-29
 157.543791     28.811  34.706896     8.7875    4.04954     28.569    32.6349    25.2998 -9.990e-29
 157.543796     28.801  34.709017     8.7899    4.05125     28.559    32.6349    25.2994 -9.990e-29
 157.543802     28.795  34.708961     8.7919    4.06040     28.553    32.6330    25.2976 -9.990e-29
 157.543808     28.790  34.708334     8.7937    4.06332     28.548    32.6307    25.2955 -9.990e-29
 157.543814     28.789  34.708541     8.7951    4.05469     28.547    32.6296    25.2945 -9.990e-29
 157.543819     28.789  34.708734     8.7966    4.04163     28.547    32.6284    25.2933 -9.990e-29
 157.543825     28.792  34.709170     8.7993    4.03568     28.550    32.6264    25.2913 -9.990e-29
 157.543831     28.797  34.710427     8.8022    4.03774     28.555    32.6250    25.2898 -9.990e-29
 157.543837     28.805  34.711933     8.8038    4.04429     28.563    32.6251    25.2897 -9.990e-29
 157.543843     28.821  34.712330     8.8020    4.04779     28.578    32.6272    25.2915 -9.990e-29
 157.543848     28.845  34.709902     8.7954    4.03831     28.602    32.6307    25.2953 -9.990e-29
 157.543854     28.866  34.703092     8.7871    4.03611     28.623    32.6312    25.2970 -9.990e-29
 157.543860     28.878  34.695715     8.7813    4.03710     28.635    32.6289    25.2960 -9.990e-29
 157.543866     28.880  34.694196     8.7783    4.03951     28.637    32.6300    25.2974 -9.990e-29
 157.543872     28.873  34.696505     8.7769    4.04364     28.630    32.6337    25.3005 -9.990e-29
 157.543877     28.861  34.697865     8.7765    4.04433     28.618    32.6355    25.3020 -9.990e-29
 157.543883     28.851  34.698406     8.7770    4.05223     28.608    32.6356    25.3020 -9.990e-29
 157.543889     28.848  34.699405     8.7794    4.04554     28.605    32.6345    25.3007 -9.990e-29
 157.543895     28.851  34.701072     8.7832    4.04385     28.608    32.6327    25.2988 -9.990e-29
 157.543900     28.855  34.702823     8.7867    4.04191     28.612    32.6313    25.2971 -9.990e-29
 157.543906     28.858  34.704185     8.7888    4.04007     28.615    32.6308    25.2964 -9.990e-29
 157.543912     28.862  34.704728     8.7892    4.04499     28.619    32.6310    25.2965 -9.990e-29
 157.543918     28.874  34.704053     8.7881    4.04630     28.631    32.6313    25.2969 -9.990e-29
