data/oxygen options/OCNMS/OCNMS1/raw_data/2006/CTD_MB042_070706_CASTfaedb.cnv
* Sea-Bird SBE19 Data File:
* FileName = C:\MOORING_DATA_2006\CTD_MB042_070706_CAST.hex
* Software Version 1.1.8
* Temperature SN = 2997
* Conductivity SN = 2997
* System UpLoad Time = Jul 07 2006 11:41:36
* SEACAT PROFILER V3.1c SN 2997   07/07/06  11:39:38.413
* strain gauge pressure sensor: S/N = 184829,  range = 3000 psia,  tc = 40
# nquan = 9
# nvalues = 38                          
# units = specified
# name 0 = timeJ: Julian Days
# name 1 = prSM: Pressure, Strain Gauge [db]
# name 2 = c0mS/cm: Conductivity [mS/cm]
# name 3 = t090C: Temperature [ITS-90, deg C]
# name 4 = oxML/L: Oxygen, Beckman/YSI [ml/l]
# name 5 = depSM: Depth [salt water, m], lat = 47.5
# name 6 = sal00: Salinity, Practical [PSU]
# name 7 = sigma-é00: Density [sigma-theta, kg/m^3]
# name 8 = flag: flag
# span 0 = 188.470248, 188.470720       
# span 1 =      1.000,     38.000       
# span 2 =  34.598252,  36.073151       
# span 3 =     7.7186,    12.0383       
# span 4 =    2.97183,    6.16497       
# span 5 =      0.991,     37.679       
# span 6 =    31.1620,    33.5793       
# span 7 =    23.6034,    26.1996       
# span 8 = 0.0000e+00, 0.0000e+00       
# interval = decibars: 1                
# start_time = Jul 07 2006 11:13:49 [Instrument's time stamp, header]
# bad_flag = -9.990e-29
*END*
 188.470248      1.000  36.073151    12.0383    6.16497      0.991    31.1620    23.6034 0.0000e+00
 188.470278      2.000  36.006951    11.5185    5.56687      1.983    31.5383    23.9893 0.0000e+00
 188.470294      3.000  35.643377    10.7582    5.41650      2.975    31.8352    24.3539 0.0000e+00
 188.470308      4.000  35.462747    10.4057    5.43613      3.967    31.9628    24.5136 0.0000e+00
 188.470320      5.000  35.457070    10.2180    5.37243      4.959    32.1223    24.6695 0.0000e+00
 188.470332      6.000  35.454727    10.0005    5.24975      5.950    32.3131    24.8545 0.0000e+00
 188.470343      7.000  35.368889     9.8303    5.21471      6.941    32.3781    24.9333 0.0000e+00
 188.470355      8.000  35.329616     9.7570    5.18622      7.933    32.4037    24.9652 0.0000e+00
 188.470366      9.000  35.303338     9.6995    5.12987      8.925    32.4282    24.9938 0.0000e+00
 188.470377     10.000  35.284311     9.6544    4.97701      9.916    32.4490    25.0174 0.0000e+00
 188.470389     11.000  35.288598     9.5899    4.85647     10.908    32.5114    25.0766 0.0000e+00
 188.470400     12.000  35.241261     9.4499    4.76576     11.899    32.5895    25.1601 0.0000e+00
 188.470411     13.000  35.102867     9.1935    4.69223     12.891    32.6805    25.2720 0.0000e+00
 188.470422     14.000  34.863595     8.8992    4.70360     13.883    32.7022    25.3351 0.0000e+00
 188.470433     15.000  34.730454     8.7192    4.70061     14.874    32.7288    25.3837 0.0000e+00
 188.470446     16.000  34.661396     8.5852    4.65825     15.866    32.7801    25.4442 0.0000e+00
 188.470457     17.000  34.645615     8.5450    4.63782     16.857    32.8004    25.4662 0.0000e+00
 188.470469     18.000  34.687747     8.5692    4.62254     17.849    32.8217    25.4792 0.0000e+00
 188.470480     19.000  34.712166     8.5749    4.55157     18.841    32.8416    25.4940 0.0000e+00
 188.470492     20.000  34.719071     8.5732    4.39928     19.832    32.8500    25.5008 0.0000e+00
 188.470503     21.000  34.743053     8.5697    4.16423     20.824    32.8781    25.5234 0.0000e+00
 188.470514     22.000  34.787219     8.5528    3.91970     21.815    32.9397    25.5743 0.0000e+00
 188.470526     23.000  34.815634     8.5471    3.72848     22.807    32.9745    25.6023 0.0000e+00
 188.470536     24.000  34.833125     8.5034    3.60042     23.798    33.0333    25.6551 0.0000e+00
 188.470548     25.000  34.786929     8.3798    3.51582     24.790    33.1001    25.7261 0.0000e+00
 188.470559     26.000  34.723579     8.2611    3.45230     25.781    33.1445    25.7786 0.0000e+00
 188.470570     27.000  34.684887     8.1856    3.40031     26.773    33.1742    25.8132 0.0000e+00
 188.470582     28.000  34.672251     8.1302    3.35911     27.765    33.2127    25.8516 0.0000e+00
 188.470594     29.000  34.649415     8.0461    3.29623     28.756    33.2678    25.9072 0.0000e+00
 188.470606     30.000  34.618633     7.9716    3.26383     29.747    33.3053    25.9476 0.0000e+00
 188.470618     31.000  34.601937     7.9398    3.25581     30.739    33.3173    25.9617 0.0000e+00
 188.470631     32.000  34.598252     7.9091    3.20100     31.730    33.3421    25.9857 0.0000e+00
 188.470643     33.000  34.601683     7.8715    3.13753     32.722    33.3814    26.0219 0.0000e+00
 188.470656     34.000  34.611173     7.8334    3.07730     33.713    33.4275    26.0637 0.0000e+00
 188.470669     35.000  34.623464     7.7928    3.02591     34.705    33.4791    26.1101 0.0000e+00
 188.470683     36.000  34.636740     7.7560    2.99734     35.696    33.5283    26.1541 0.0000e+00
 188.470698     37.000  34.645621     7.7331    2.97183     36.688    33.5595    26.1819 0.0000e+00
 188.470720     38.000  34.651572     7.7186    2.97585     37.679    33.5793    26.1996 0.0000e+00
