data/oxygen options/OCNMS/OCNMS1/raw_data/2006/CTD_TH042_100206faed.cnv
* Sea-Bird SBE19 Data File:
* FileName = C:\MOORING_DATA_2006\CTD_TH042_100206.hex
* Software Version 1.1.6
* Temperature SN = 2997
* Conductivity SN = 2997
* System UpLoad Time = Oct 02 2006 18:03:38
* SEACAT PROFILER V3.1c SN 2997   10/02/06  18:04:35.284
* strain gauge pressure sensor: S/N = 184829,  range = 3000 psia,  tc = 40
# nquan = 9                                 
# nvalues = 1996                        
# units = specified
# name 0 = timeJ: Julian Days
# name 1 = prSM: Pressure, Strain Gauge [db]
# name 2 = c0mS/cm: Conductivity [mS/cm]
# name 3 = t090C: Temperature [ITS-90, deg C]
# name 4 = oxML/L: Oxygen, Beckman/YSI [ml/l]
# name 5 = depSM: Depth [salt water, m], lat = 47.5
# name 6 = sal00: Salinity, Practical [PSU]
# name 7 = sigma-é00: Density [sigma-theta, kg/m^3]
# name 8 = flag: flag
# span 0 = 275.738148, 275.749693       
# span 1 =     -4.611,     44.392       
# span 2 =   0.160087,  37.410918       
# span 3 =     7.7809,    12.8043       
# span 4 =  -11.13293,   37.41829       
# span 5 =     -4.573,     44.017       
# span 6 =     0.1004,    33.8432       
# span 7 =    -0.5176,    26.3973       
# span 8 = 0.0000e+00, 0.0000e+00       
# interval = seconds: 0.5
# start_time = Oct 02 2006 17:42:56 [Instrument's time stamp, header]
# bad_flag = -9.990e-29
*END*
[from data line 1921]
 275.749265      4.930  37.095178    11.2371    5.85355      4.889    32.8477    25.0577 -9.990e-29
 275.749271      4.926  37.095384    11.2371    5.84900      4.885    32.8479    25.0578 -9.990e-29
 275.749277      4.923  37.095555    11.2372    5.86196      4.882    32.8479    25.0579 -9.990e-29
 275.749282      4.919  37.095359    11.2374    5.85395      4.878    32.8476    25.0576 -9.990e-29
 275.749288      4.915  37.095098    11.2374    5.85469      4.874    32.8473    25.0574 -9.990e-29
 275.749294      4.906  37.094985    11.2373    5.84407      4.865    32.8473    25.0574 -9.990e-29
 275.749300      4.892  37.094872    11.2371    5.84020      4.851    32.8474    25.0574 -9.990e-29
 275.749306      4.880  37.094607    11.2364    5.83553      4.839    32.8477    25.0579 -9.990e-29
 275.749311      4.874  37.093838    11.2347    5.84295      4.833    32.8485    25.0588 -9.990e-29
 275.749317      4.869  37.092101    11.2320    5.84797      4.828    32.8492    25.0598 -9.990e-29
 275.749323      4.856  37.089885    11.2295    5.85734      4.815    32.8492    25.0603 -9.990e-29
 275.749329      4.826  37.088721    11.2289    5.86850      4.786    32.8487    25.0599 -9.990e-29
 275.749334      4.768  37.089301    11.2306    5.85770      4.728    32.8477    25.0589 -9.990e-29
 275.749340      4.675  37.090714    11.2339    5.85787      4.636    32.8462    25.0571 -9.990e-29
 275.749346      4.545  37.092038    11.2372    5.83623      4.507    32.8446    25.0553 0.0000e+00
 275.749352      4.386  37.093356    11.2397    5.83995      4.349    32.8438    25.0542 0.0000e+00
 275.749358      4.215  37.094745    11.2417    5.84404      4.180    32.8434    25.0535 0.0000e+00
 275.749363      4.036  37.095814    11.2434    5.87553      4.002    32.8430    25.0529 0.0000e+00
 275.749369      3.849  37.096307    11.2448    5.89414      3.817    32.8424    25.0522 0.0000e+00
 275.749375      3.648  37.096322    11.2464    5.91255      3.618    32.8410    25.0508 0.0000e+00
 275.749381      3.431  37.096442    11.2509    5.93591      3.402    32.8372    25.0471 0.0000e+00
 275.749387      3.196  37.097949    11.2643    5.89696      3.169    32.8269    25.0366 0.0000e+00
 275.749392      2.950  37.102854    11.2936    5.86689      2.925    32.8057    25.0149 0.0000e+00
 275.749398      2.702  37.114332    11.3372    5.84743      2.679    32.7784    24.9857 0.0000e+00
 275.749404      2.458  37.135347    11.3808    5.84546      2.437    32.7604    24.9639 0.0000e+00
 275.749410      2.220  37.159146    11.4173    6.90057      2.201    32.7515    24.9504 0.0000e+00
 275.749416      1.990  37.174833    11.4613    7.00191      1.973    32.7280    24.9241 0.0000e+00
 275.749421      1.770  37.184822    11.5227    6.97944      1.755    32.6835    24.8784 0.0000e+00
 275.749427      1.564  37.192338    11.5804    7.00531      1.551    32.6401    24.8341 0.0000e+00
 275.749433      1.375  37.185530    11.6091    7.03003      1.364    32.6082    24.8042 0.0000e+00
 275.749439      1.208  37.147482    11.6091    7.05032      1.198    32.5712    24.7754 0.0000e+00
 275.749444      1.066  37.049354    11.5945    7.03252      1.057    32.4883    24.7137 -9.990e-29
 275.749450      0.948  36.786121    11.5777    6.97272      0.940    32.2463    24.5287 -9.990e-29
 275.749456      0.856  36.020830    11.5630    6.89604      0.849    31.5139    23.9626 -9.990e-29
 275.749462      0.788  33.744869    11.5489    6.82027      0.781    29.3235    22.2648 -9.990e-29
 275.749468      0.738  26.934843    11.5333    6.64776      0.732    22.8757    17.2702 -9.990e-29
 275.749473      0.706  16.260263    11.5153    6.66922      0.700    13.1873     9.7789 -9.990e-29
 275.749479      0.683   8.306940    11.4973    6.63299      0.677     6.3864     4.5202 -9.990e-29
 275.749485      0.664   4.968567    11.4829    6.57389      0.658     3.6850     2.4276 -9.990e-29
 275.749491      0.652   3.586412    11.4724    6.49482      0.647     2.6055     1.5901 -9.990e-29
 275.749497      0.647   2.952109    11.4631    6.38909      0.642     2.1201     1.2137 -9.990e-29
 275.749502      0.644   2.631007    11.4548    6.29079      0.639     1.8772     1.0256 -9.990e-29
 275.749508      0.647   2.491552    11.4484    6.28487      0.642     1.7725     0.9448 -9.990e-29
 275.749514      0.657   2.509978    11.4435    6.32601      0.652     1.7866     0.9563 -9.990e-29
 275.749520      0.669   2.670867    11.4393    6.36094      0.663     1.9081     1.0514 -9.990e-29
 275.749525      0.679   3.168186    11.4358    6.32684      0.673     2.2865     1.3463 -9.990e-29
 275.749531      0.681   3.691773    11.4336    6.23197      0.675     2.6896     1.6600 -9.990e-29
 275.749537      0.675   3.519891    11.4331    6.10563      0.669     2.5569     1.5568 -9.990e-29
 275.749543      0.663   2.938899    11.4349    5.97785      0.657     2.1116     1.2103 -9.990e-29
 275.749549      0.650   2.496806    11.4394   -2.43129      0.645     1.7769     0.9492 -9.990e-29
 275.749554      0.643   2.217357    11.4449  -10.09829      0.638     1.5673     0.7854 -9.990e-29
 275.749560      0.643   2.067799    11.4487  -11.13293      0.638     1.4559     0.6981 -9.990e-29
 275.749566      0.644   1.993643    11.4502   -8.54880      0.639     1.4009     0.6551 -9.990e-29
 275.749572      0.647   1.948204    11.4505   -2.40090      0.642     1.3673     0.6288 -9.990e-29
 275.749578      0.647   1.915311    11.4509   -0.07448      0.642     1.3429     0.6098 -9.990e-29
 275.749583      0.645   1.877757    11.4524   -0.07449      0.640     1.3152     0.5880 -9.990e-29
 275.749589      0.650   1.812118    11.4551   -0.07445      0.645     1.2667     0.5499 -9.990e-29
 275.749595      0.660   1.713037    11.4587   -0.07440      0.654     1.1939     0.4927 -9.990e-29
 275.749601      0.674   1.603284    11.4637   -0.07438      0.668     1.1135     0.4295 -9.990e-29
 275.749606      0.687   1.513596    11.4713   -0.07440      0.681     1.0479     0.3775 -9.990e-29
 275.749612      0.691   1.457046    11.4821   -0.07442      0.685     1.0066     0.3440 -9.990e-29
 275.749618      0.687   1.421509    11.4937   -0.07442      0.681     0.9805     0.3224 -9.990e-29
 275.749624      0.680   1.381803    11.5027   -0.07442      0.674     0.9516     0.2989 -9.990e-29
 275.749630      0.672   1.321617    11.5096   -0.07443      0.666     0.9080     0.2641 -9.990e-29
 275.749635      0.667   1.247836    11.5190   -0.07445      0.661     0.8548     0.2215 -9.990e-29
 275.749641      0.662   1.182508    11.5335 -9.990e-29      0.656     0.8077     0.1831 -9.990e-29
 275.749647      0.650   1.139528    11.5485 -9.990e-29      0.645     0.7767     0.1573 -9.990e-29
 275.749653      0.637   1.115971    11.5587 -9.990e-29      0.632     0.7597     0.1429 -9.990e-29
 275.749659      0.629   1.098740    11.5633 -9.990e-29      0.624     0.7473     0.1327 -9.990e-29
 275.749664      0.631   1.074848    11.5649 -9.990e-29      0.626     0.7303     0.1193 -9.990e-29
 275.749670      0.638   1.041850    11.5657 -9.990e-29      0.633     0.7069     0.1009 -9.990e-29
 275.749676      0.646   1.008461    11.5655 -9.990e-29      0.641     0.6832     0.0825 -9.990e-29
 275.749682      0.656   0.983428    11.5642 -9.990e-29      0.651     0.6656     0.0688 -9.990e-29
 275.749687      0.664   0.966667    11.5633 -9.990e-29      0.658     0.6537     0.0597 -9.990e-29
 275.749693      0.667   0.954139 -9.990e-29 -9.990e-29      0.661 -9.990e-29 -9.990e-29 -9.990e-29
