data/oxygen options/OCNMS/OCNMS1/raw_data/2006/CTD_KL027_053106faed.cnv
* Sea-Bird SBE19 Data File:
* FileName = C:\MOORING_DATA_2006\CTD_KL027_053106.hex
* Software Version 1.1.6
* Temperature SN = 2997
* Conductivity SN = 2997
* System UpLoad Time = May 31 2006 10:51:48
* SEACAT PROFILER V3.1c SN 2997   05/31/06  10:50:58.037
* strain gauge pressure sensor: S/N = 184829,  range = 3000 psia,  tc = 40
# nquan = 9                                 
# nvalues = 499                         
# units = specified
# name 0 = timeJ: Julian Days
# name 1 = prSM: Pressure, Strain Gauge [db]
# name 2 = c0mS/cm: Conductivity [mS/cm]
# name 3 = t090C: Temperature [ITS-90, deg C]
# name 4 = oxML/L: Oxygen, Beckman/YSI [ml/l]
# name 5 = depSM: Depth [salt water, m], lat = 47.5
# name 6 = sal00: Salinity, Practical [PSU]
# name 7 = sigma-é00: Density [sigma-theta, kg/m^3]
# name 8 = flag: flag
# span 0 = 151.437766, 151.440648       
# span 1 =     -5.586,     25.573       
# span 2 =   0.017200,  36.238421       
# span 3 =    11.1626,    16.9814       
# span 4 =   -0.06525,   31.23058       
# span 5 =     -5.539,     25.358       
# span 6 =     0.0152,    32.0437       
# span 7 =    -1.2089,    24.4461       
# span 8 = 0.0000e+00, 0.0000e+00       
# interval = seconds: 0.5
# start_time = May 31 2006 10:30:23 [Instrument's time stamp, header]
# bad_flag = -9.990e-29
*END*
[from data line 321]
 151.439624      1.227  33.068132    14.9311    6.99859      1.217    26.2369    19.2421 -9.990e-29
 151.439630      1.226  33.075577    14.9218    7.01976      1.216    26.2496    19.2538 -9.990e-29
 151.439635      1.230  33.093729    14.9042    7.01082      1.220    26.2774    19.2787 -9.990e-29
 151.439641      1.238  33.122102    14.8898    6.97935      1.228    26.3120    19.3082 -9.990e-29
 151.439647      1.247  33.139088    14.8922    6.93984      1.237    26.3253    19.3180 -9.990e-29
 151.439653      1.249  33.133116    14.9084    6.93189      1.239    26.3092    19.3023 -9.990e-29
 151.439659      1.241  33.112440    14.9244    6.95823      1.231    26.2803    19.2768 -9.990e-29
 151.439664      1.229  33.088134    14.9322    6.99145      1.219    26.2537    19.2548 -9.990e-29
 151.439670      1.226  33.072598    14.9304    7.01315      1.216    26.2413    19.2457 -9.990e-29
 151.439676      1.231  33.083762    14.9208    7.01454      1.221    26.2575    19.2601 -9.990e-29
 151.439682      1.238  33.116868    14.9125    6.98968      1.228    26.2921    19.2884 -9.990e-29
 151.439687      1.241  33.140367    14.9130    6.97665      1.231    26.3124    19.3039 -9.990e-29
 151.439693      1.241  33.140722    14.9208    6.96648      1.231    26.3075    19.2985 -9.990e-29
 151.439699      1.237  33.121737    14.9302    6.96606      1.227    26.2845    19.2789 -9.990e-29
 151.439705      1.235  33.094497    14.9366    6.96550      1.225    26.2563    19.2560 -9.990e-29
 151.439711      1.238  33.071974    14.9381    6.95575      1.228    26.2355    19.2397 -9.990e-29
 151.439716      1.245  33.061660    14.9362    6.95841      1.235    26.2278    19.2341 -9.990e-29
 151.439722      1.259  33.066026    14.9349    6.96149      1.248    26.2325    19.2380 -9.990e-29
 151.439728      1.271  33.070688    14.9367    6.96738      1.260    26.2353    19.2398 -9.990e-29
 151.439734      1.273  33.066699    14.9401    6.95825      1.262    26.2296    19.2347 -9.990e-29
 151.439740      1.269  33.063842    14.9415    6.94167      1.258    26.2261    19.2318 -9.990e-29
 151.439745      1.269  33.067245    14.9394    6.92814      1.258    26.2305    19.2356 -9.990e-29
 151.439751      1.275  33.074131    14.9351    6.94938      1.264    26.2394    19.2433 -9.990e-29
 151.439757      1.285  33.081321    14.9305    6.98788      1.274    26.2488    19.2515 -9.990e-29
 151.439763      1.295  33.089966    14.9249    7.01683      1.284    26.2602    19.2613 -9.990e-29
 151.439769      1.305  33.106516    14.9168    7.04970      1.294    26.2801    19.2783 -9.990e-29
 151.439774      1.315  33.128348    14.9083    7.02259      1.304    26.3050    19.2991 -9.990e-29
 151.439780      1.328  33.144186    14.9056    6.96128      1.317    26.3207    19.3118 -9.990e-29
 151.439786      1.338  33.145976    14.9131    6.91487      1.327    26.3173    19.3076 -9.990e-29
 151.439792      1.339  33.129906    14.9284    6.91809      1.328    26.2929    19.2857 -9.990e-29
 151.439797      1.330  33.102540    14.9437    6.95182      1.319    26.2586    19.2563 -9.990e-29
 151.439803      1.324  33.077243    14.9510    7.00983      1.313    26.2315    19.2340 -9.990e-29
 151.439809      1.328  33.062291    14.9461    7.03618      1.317    26.2217    19.2274 -9.990e-29
 151.439815      1.343  33.065746    14.9319    7.01408      1.332    26.2342    19.2399 -9.990e-29
 151.439821      1.366  33.091625    14.9206    6.97329      1.355    26.2645    19.2655 -9.990e-29
 151.439826      1.385  33.117235    14.9227    6.94516      1.373    26.2856    19.2813 -9.990e-29
 151.439832      1.393  33.116163    14.9340    6.94570      1.381    26.2770    19.2724 -9.990e-29
 151.439838      1.395  33.093669    14.9449    6.95976      1.383    26.2500    19.2494 -9.990e-29
 151.439844      1.400  33.065129    14.9501    6.97621      1.388    26.2215    19.2264 -9.990e-29
 151.439850      1.411  33.045145    14.9461    6.97711      1.399    26.2066    19.2159 -9.990e-29
 151.439855      1.426  33.050201    14.9361    6.97563      1.414    26.2177    19.2264 -9.990e-29
 151.439861      1.440  33.071875    14.9312    6.97620      1.428    26.2400    19.2446 -9.990e-29
 151.439867      1.456  33.084671    14.9331    6.97092      1.444    26.2500    19.2518 -9.990e-29
 151.439873      1.470  33.081525    14.9369    6.94993      1.458    26.2447    19.2470 -9.990e-29
 151.439878      1.473  33.071113    14.9405    6.93353      1.461    26.2331    19.2374 -9.990e-29
 151.439884      1.463  33.061942    14.9436    6.92742      1.451    26.2230    19.2290 -9.990e-29
 151.439890      1.446  33.056877    14.9460    6.94731      1.434    26.2169    19.2238 -9.990e-29
 151.439896      1.435  33.054177    14.9459    6.97103      1.423    26.2146    19.2221 -9.990e-29
 151.439902      1.433  33.056940    14.9412    7.00068      1.421    26.2202    19.2273 -9.990e-29
 151.439907      1.440  33.078351    14.9311    7.01979      1.428    26.2458    19.2490 -9.990e-29
 151.439913      1.453  33.115546    14.9195    7.00544      1.441    26.2862    19.2824 -9.990e-29
 151.439919      1.463  33.141304    14.9147    6.98675      1.451    26.3120    19.3032 -9.990e-29
 151.439925      1.467  33.142300    14.9210    6.96330      1.455    26.3087    19.2994 -9.990e-29
 151.439931      1.466  33.123196    14.9343    6.95963      1.454    26.2830    19.2769 -9.990e-29
 151.439936      1.462  33.095481    14.9468    6.95515      1.450    26.2503    19.2493 -9.990e-29
 151.439942      1.465  33.067011    14.9555    6.95246      1.453    26.2195    19.2238 -9.990e-29
 151.439948      1.475  33.041836    14.9608    6.93769      1.463    26.1938    19.2031 -9.990e-29
 151.439954      1.484  33.031758    14.9628    6.92486      1.472    26.1837    19.1948 -9.990e-29
 151.439959      1.489  33.033403    14.9632    6.93791      1.477    26.1848    19.1957 -9.990e-29
 151.439965      1.488  33.033804    14.9624    6.96477      1.476    26.1857    19.1965 -9.990e-29
 151.439971      1.484  33.034591    14.9588    6.99608      1.472    26.1888    19.1996 -9.990e-29
 151.439977      1.479  33.044068    14.9503    7.00877      1.467    26.2028    19.2121 -9.990e-29
 151.439983      1.477  33.069241    14.9359    6.99431      1.465    26.2346    19.2394 -9.990e-29
 151.439988      1.474  33.104413    14.9224    6.96945      1.462    26.2745    19.2728 -9.990e-29
 151.439994      1.470  33.128637    14.9197    6.96371      1.458    26.2976    19.2911 -9.990e-29
 151.440000      1.470  33.127661    14.9271    6.96915      1.458    26.2917    19.2851 -9.990e-29
 151.440006      1.467  33.109121    14.9358    6.97759      1.455    26.2696    19.2664 -9.990e-29
 151.440012      1.463  33.087502    14.9397    6.99439      1.451    26.2480    19.2490 -9.990e-29
 151.440017      1.466  33.077106    14.9380    6.99150      1.454    26.2400    19.2432 -9.990e-29
 151.440023      1.476  33.091508    14.9345    6.97403      1.464    26.2550    19.2554 -9.990e-29
 151.440029      1.485  33.111213    14.9340    6.94303      1.473    26.2727    19.2691 -9.990e-29
 151.440035      1.489  33.109781    14.9364    6.91478      1.477    26.2698    19.2664 -9.990e-29
 151.440041      1.493  33.095923    14.9406    6.94137      1.481    26.2548    19.2540 -9.990e-29
 151.440046      1.501  33.081398    14.9458    6.96910      1.488    26.2386    19.2405 -9.990e-29
 151.440052      1.510  33.069791    14.9484    6.99780      1.497    26.2266    19.2308 -9.990e-29
 151.440058      1.515  33.068015    14.9447    7.01504      1.502    26.2276    19.2322 -9.990e-29
 151.440064      1.518  33.078722    14.9359    6.98981      1.505    26.2429    19.2458 -9.990e-29
 151.440069      1.518  33.102147    14.9299    6.94872      1.505    26.2674    19.2659 -9.990e-29
 151.440075      1.516  33.121296    14.9342    6.91794      1.503    26.2814    19.2757 -9.990e-29
 151.440081      1.511  33.113473    14.9458    6.92159      1.498    26.2667    19.2621 -9.990e-29
 151.440087      1.507  33.092315    14.9551    6.95487      1.494    26.2419    19.2412 -9.990e-29
 151.440093      1.508  33.077785    14.9552    6.99545      1.495    26.2291    19.2313 -9.990e-29
 151.440098      1.515  33.071783    14.9438    7.02027      1.502    26.2315    19.2354 -9.990e-29
 151.440104      1.528  33.087578    14.9236    7.01200      1.515    26.2589    19.2606 -9.990e-29
 151.440110      1.542  33.124344    14.9062    6.99733      1.529    26.3028    19.2979 -9.990e-29
 151.440116      1.556  33.148682    14.9039    6.97718      1.543    26.3258    19.3160 -9.990e-29
 151.440122      1.565  33.145933    14.9134    6.94426      1.552    26.3170    19.3073 -9.990e-29
 151.440127      1.566  33.130893    14.9225    6.94303      1.553    26.2976    19.2906 -9.990e-29
 151.440133      1.564  33.114868    14.9257    6.93712      1.551    26.2814    19.2775 -9.990e-29
 151.440139      1.561  33.098327    14.9249    6.93889      1.548    26.2674    19.2669 -9.990e-29
 151.440145      1.559  33.089454    14.9215    6.96444      1.546    26.2619    19.2633 -9.990e-29
 151.440150      1.561  33.094323    14.9122    6.99089      1.548    26.2724    19.2733 -9.990e-29
 151.440156      1.572  33.108190    14.8938    7.01388      1.559    26.2970    19.2959 -9.990e-29
 151.440162      1.588  33.131022    14.8741    7.01480      1.575    26.3303    19.3255 -9.990e-29
 151.440168      1.601  33.153999    14.8640    6.99442      1.588    26.3573    19.3483 -9.990e-29
 151.440174      1.609  33.165687    14.8647    6.98105      1.596    26.3671    19.3557 -9.990e-29
 151.440179      1.611  33.167628    14.8742    6.98167      1.598    26.3624    19.3501 -9.990e-29
 151.440185      1.607  33.161259    14.8877    6.99029      1.594    26.3477    19.3361 -9.990e-29
 151.440191      1.603  33.148709    14.8966    6.99883      1.590    26.3307    19.3212 -9.990e-29
 151.440197      1.601  33.135637    14.8976    6.98611      1.588    26.3185    19.3117 -9.990e-29
 151.440203      1.602  33.129250    14.8952    6.98131      1.589    26.3145    19.3091 -9.990e-29
 151.440208      1.606  33.131657    14.8978    6.96753      1.593    26.3149    19.3089 -9.990e-29
 151.440214      1.609  33.132587    14.9068    6.97858      1.596    26.3097    19.3030 -9.990e-29
 151.440220      1.606  33.127083    14.9132    6.99402      1.593    26.3005    19.2947 -9.990e-29
 151.440226      1.602  33.121231    14.9088    6.98380      1.589    26.2983    19.2939 -9.990e-29
 151.440231      1.601  33.121776    14.8984    6.95816      1.588    26.3058    19.3018 -9.990e-29
 151.440237      1.602  33.128856    14.8932    6.94232      1.589    26.3155    19.3103 -9.990e-29
 151.440243      1.606  33.132827    14.8954    6.95052      1.593    26.3175    19.3114 -9.990e-29
 151.440249      1.613  33.129424    14.8998    6.97246      1.600    26.3116    19.3059 -9.990e-29
 151.440255      1.623  33.123609    14.9019    6.98441      1.609    26.3051    19.3005 -9.990e-29
 151.440260      1.638  33.119933    14.8960    6.97121      1.624    26.3058    19.3022 -9.990e-29
 151.440266      1.657  33.126359    14.8829    6.96289      1.643    26.3203    19.3160 -9.990e-29
 151.440272      1.679  33.143019    14.8732    6.97957      1.665    26.3414    19.3342 -9.990e-29
 151.440278      1.699  33.154545    14.8728    7.00156      1.685    26.3518    19.3423 -9.990e-29
 151.440284      1.720  33.156099    14.8770    7.02576      1.706    26.3503    19.3403 -9.990e-29
 151.440289      1.743  33.154765    14.8777    7.04477      1.728    26.3487    19.3389 -9.990e-29
 151.440295      1.768  33.153783    14.8740    7.02475      1.753    26.3503    19.3409 -9.990e-29
 151.440301      1.795  33.151815    14.8763    6.96507      1.780    26.3470    19.3379 -9.990e-29
 151.440307      1.819  33.143967    14.8950    6.92892      1.804    26.3275    19.3191 -9.990e-29
 151.440313      1.846  33.125350    14.9263    6.88132      1.831    26.2901    19.2840 -9.990e-29
 151.440318      1.892  33.097455    14.9528    6.86018      1.876    26.2478    19.2462 -9.990e-29
 151.440324      1.977  33.069585    14.9607    6.84435      1.960    26.2181    19.2217 -9.990e-29
 151.440330      2.113  33.057806    14.9430    6.88442      2.095    26.2196    19.2265 0.0000e+00
 151.440336      2.302  33.088425    14.9000    6.94435      2.283    26.2752    19.2779 0.0000e+00
 151.440341      2.533  33.169175    14.8372    6.93605      2.512    26.3884    19.3777 0.0000e+00
 151.440347      2.797  33.255797    14.7582    6.89425      2.774    26.5182    19.4934 0.0000e+00
 151.440353      3.084  33.297283    14.6680    6.83159      3.058    26.6162    19.5869 0.0000e+00
 151.440359      3.390  33.296223    14.5631    6.71738      3.362    26.6869    19.6623 0.0000e+00
 151.440365      3.723  33.280307    14.4316    6.59709      3.692    26.7631    19.7472 0.0000e+00
 151.440370      4.087  33.260223    14.2628    6.53605      4.053    26.8618    19.8566 0.0000e+00
 151.440376      4.474  33.241095    14.0401    6.51809      4.437    26.9997    20.0066 0.0000e+00
 151.440382      4.876  33.244456    13.7846    6.54217      4.835    27.1823    20.1970 0.0000e+00
 151.440388      5.283  33.282018    13.5487    6.60545      5.239    27.3840    20.3979 0.0000e+00
 151.440394      5.695  33.347190    13.3409    6.65126      5.647    27.5928    20.5986 0.0000e+00
 151.440399      6.123  33.456169    13.1638    6.67893      6.072    27.8215    20.8087 0.0000e+00
 151.440405      6.566  33.589965    13.0440    6.68669      6.511    28.0328    20.9944 0.0000e+00
 151.440411      7.020  33.693169    12.9744    6.67981      6.961    28.1796    21.1209 0.0000e+00
 151.440417      7.479  33.777763    12.9184    6.66802      7.416    28.2996    21.2241 0.0000e+00
 151.440422      7.942  33.875211    12.8586    6.65102      7.876    28.4348    21.3397 0.0000e+00
 151.440428      8.417  33.981429    12.8043    6.59896      8.347    28.5744    21.4578 0.0000e+00
 151.440434      8.908  34.088891    12.7634    6.52456      8.833    28.7053    21.5667 0.0000e+00
 151.440440      9.409  34.190039    12.7304    6.45054      9.330    28.8247    21.6651 0.0000e+00
 151.440446      9.908  34.289075    12.7013    6.38639      9.825    28.9394    21.7592 0.0000e+00
 151.440451     10.394  34.382901    12.6719    6.34712     10.307    29.0496    21.8500 0.0000e+00
 151.440457     10.865  34.457547    12.6351    6.34932     10.774    29.1478    21.9328 0.0000e+00
 151.440463     11.328  34.528409    12.5917    6.41413     11.233    29.2477    22.0182 0.0000e+00
 151.440469     11.791  34.615932    12.5511    6.45762     11.692    29.3614    22.1137 0.0000e+00
 151.440475     12.254  34.718480    12.5165    6.48157     12.151    29.4848    22.2156 0.0000e+00
 151.440480     12.722  34.842670    12.4809    6.43767     12.615    29.6296    22.3343 0.0000e+00
 151.440486     13.205  35.040234    12.4400    6.33420     13.094    29.8483    22.5112 0.0000e+00
 151.440492     13.715  35.325043    12.3954    6.19316     13.600    30.1532    22.7556 0.0000e+00
 151.440498     14.252  35.618697    12.3460    6.05155     14.133    30.4714    23.0112 0.0000e+00
 151.440503     14.814  35.852883    12.2875    5.94792     14.690    30.7417    23.2315 0.0000e+00
 151.440509     15.391  35.993805    12.2181    5.88803     15.262    30.9329    23.3926 0.0000e+00
 151.440515     15.976  36.038088    12.1448    5.86136     15.842    31.0357    23.4858 0.0000e+00
 151.440521     16.556  36.032396    12.0841    5.82802     16.417    31.0805    23.5317 0.0000e+00
 151.440527     17.128  36.026297    12.0423    5.77158     16.984    31.1092    23.5617 0.0000e+00
 151.440532     17.688  36.031241    12.0118    5.70017     17.540    31.1391    23.5905 0.0000e+00
 151.440538     18.241  36.040317    11.9824    5.61920     18.088    31.1722    23.6216 0.0000e+00
