data/oxygen options/OCNMS/OCNMS1/raw_data/2006/CTD_CE015_080806faed.cnv
* Sea-Bird SBE19 Data File:
* FileName = C:\MOORING_DATA_2006\CTD_CE015_080806.hex
* Software Version 1.1.6
* Temperature SN = 2997
* Conductivity SN = 2997
* System UpLoad Time = Aug 08 2006 16:34:38
* SEACAT PROFILER V3.1c SN 2997   08/08/06  16:34:13.156
* strain gauge pressure sensor: S/N = 184829,  range = 3000 psia,  tc = 40
# nquan = 9                                 
# nvalues = 1624                        
# units = specified
# name 0 = timeJ: Julian Days
# name 1 = prSM: Pressure, Strain Gauge [db]
# name 2 = c0mS/cm: Conductivity [mS/cm]
# name 3 = t090C: Temperature [ITS-90, deg C]
# name 4 = oxML/L: Oxygen, Beckman/YSI [ml/l]
# name 5 = depSM: Depth [salt water, m], lat = 47.5
# name 6 = sal00: Salinity, Practical [PSU]
# name 7 = sigma-é00: Density [sigma-theta, kg/m^3]
# name 8 = flag: flag
# span 0 = 220.680370, 220.689763       
# span 1 =     -4.939,     13.697       
# span 2 =   0.435033,  36.942164       
# span 3 =     8.7795,    12.2375       
# span 4 =  -12.52664,   39.61977       
# span 5 =     -4.898,     13.582       
# span 6 =     0.2836,    33.5849       
# span 7 =    -0.2633,    26.0403       
# span 8 = 0.0000e+00, 0.0000e+00       
# interval = seconds: 0.5
# start_time = Aug 08 2006 16:19:44 [Instrument's time stamp, header]
# bad_flag = -9.990e-29
*END*
[from data line 161]
 220.681302      0.023  36.720820    10.4751    5.88373      0.023    33.1642    25.4380 -9.990e-29
 220.681308      0.028  36.721306    10.4756    5.88959      0.028    33.1643    25.4380 -9.990e-29
 220.681314      0.042  36.721548    10.4756    5.88563      0.042    33.1645    25.4381 -9.990e-29
 220.681319      0.067  36.721318    10.4755    5.88790      0.066    33.1644    25.4380 -9.990e-29
 220.681325      0.095  36.720883    10.4755    5.90313      0.094    33.1639    25.4377 -9.990e-29
 220.681331      0.120  36.720793    10.4752    5.90612      0.119    33.1641    25.4379 -9.990e-29
 220.681337      0.134  36.720938    10.4750    5.89339      0.133    33.1644    25.4382 -9.990e-29
 220.681343      0.136  36.720959    10.4750    5.88091      0.135    33.1644    25.4382 -9.990e-29
 220.681348      0.132  36.720894    10.4747    5.87453      0.131    33.1646    25.4384 -9.990e-29
 220.681354      0.136  36.720667    10.4739    5.87811      0.135    33.1651    25.4389 -9.990e-29
 220.681360      0.152  36.720547    10.4724    5.88013      0.151    33.1664    25.4401 -9.990e-29
 220.681366      0.177  36.720386    10.4703    5.88211      0.176    33.1681    25.4419 -9.990e-29
 220.681372      0.204  36.719978    10.4688    5.88193      0.202    33.1691    25.4429 -9.990e-29
 220.681377      0.226  36.719911    10.4687    5.88241      0.224    33.1691    25.4429 -9.990e-29
 220.681383      0.237  36.720104    10.4696    5.87900      0.235    33.1684    25.4422 -9.990e-29
 220.681389      0.236  36.720262    10.4707    5.87721      0.234    33.1676    25.4414 -9.990e-29
 220.681395      0.232  36.720608    10.4715    5.87590      0.230    33.1672    25.4410 -9.990e-29
 220.681400      0.233  36.721053    10.4719    5.87918      0.231    33.1673    25.4410 -9.990e-29
 220.681406      0.245  36.721080    10.4723    5.87452      0.243    33.1670    25.4406 -9.990e-29
 220.681412      0.262  36.720734    10.4730    5.87291      0.260    33.1660    25.4397 -9.990e-29
 220.681418      0.283  36.720685    10.4737    5.88886      0.281    33.1653    25.4391 -9.990e-29
 220.681424      0.304  36.720878    10.4743    5.89304      0.301    33.1649    25.4387 -9.990e-29
 220.681429      0.318  36.721019    10.4746    5.88987      0.315    33.1648    25.4385 -9.990e-29
 220.681435      0.321  36.721308    10.4747    5.87632      0.318    33.1650    25.4387 -9.990e-29
 220.681441      0.318  36.721577    10.4747    5.86736      0.315    33.1652    25.4389 -9.990e-29
 220.681447      0.318  36.721634    10.4746    5.87602      0.315    33.1654    25.4390 -9.990e-29
 220.681453      0.325  36.721565    10.4746    5.87620      0.322    33.1653    25.4389 -9.990e-29
 220.681458      0.339  36.721291    10.4750    5.86992      0.336    33.1647    25.4384 -9.990e-29
 220.681464      0.360  36.721017    10.4757    5.86658      0.357    33.1637    25.4375 -9.990e-29
 220.681470      0.387  36.720948    10.4761    5.86479      0.384    33.1633    25.4371 -9.990e-29
 220.681476      0.412  36.721003    10.4761    5.87668      0.409    33.1633    25.4371 -9.990e-29
 220.681481      0.432  36.721266    10.4762    5.87530      0.428    33.1635    25.4373 -9.990e-29
 220.681487      0.449  36.721536    10.4765    5.85744      0.445    33.1635    25.4372 -9.990e-29
 220.681493      0.465  36.721621    10.4766    5.84406      0.461    33.1635    25.4372 -9.990e-29
 220.681499      0.479  36.721644    10.4768    5.84741      0.475    33.1633    25.4370 -9.990e-29
 220.681505      0.493  36.721646    10.4772    5.86449      0.489    33.1629    25.4367 -9.990e-29
 220.681510      0.507  36.721642    10.4776    5.87500      0.503    33.1626    25.4363 -9.990e-29
 220.681516      0.523  36.721634    10.4778    5.86873      0.519    33.1624    25.4361 -9.990e-29
 220.681522      0.537  36.721624    10.4778    5.86293      0.533    33.1624    25.4361 -9.990e-29
 220.681528      0.542  36.721606    10.4778    5.85970      0.537    33.1623    25.4361 -9.990e-29
 220.681534      0.538  36.721568    10.4777    5.86047      0.534    33.1624    25.4361 -9.990e-29
 220.681539      0.534  36.721467    10.4774    5.87373      0.530    33.1626    25.4363 -9.990e-29
 220.681545      0.532  36.721182    10.4769    5.87541      0.528    33.1627    25.4365 -9.990e-29
 220.681551      0.534  36.720903    10.4766    5.87498      0.530    33.1627    25.4366 -9.990e-29
 220.681557      0.540  36.720829    10.4767    5.87325      0.535    33.1626    25.4364 -9.990e-29
 220.681563      0.544  36.720871    10.4767    5.86154      0.539    33.1626    25.4365 -9.990e-29
 220.681568      0.544  36.721095    10.4765    5.85204      0.539    33.1630    25.4368 -9.990e-29
 220.681574      0.544  36.721249    10.4756    5.85808      0.539    33.1640    25.4377 -9.990e-29
 220.681580      0.548  36.720989    10.4741    5.86973      0.543    33.1651    25.4389 -9.990e-29
 220.681586      0.556  36.720538    10.4726    5.86871      0.551    33.1660    25.4398 -9.990e-29
 220.681591      0.569  36.720427    10.4720    5.86865      0.564    33.1664    25.4403 -9.990e-29
 220.681597      0.583  36.720518    10.4723    5.85604      0.578    33.1662    25.4401 -9.990e-29
 220.681603      0.590  36.720380    10.4728    5.85269      0.585    33.1656    25.4395 -9.990e-29
 220.681609      0.591  36.720400    10.4730    5.86404      0.586    33.1655    25.4394 -9.990e-29
 220.681615      0.596  36.720616    10.4730    5.86069      0.591    33.1657    25.4395 -9.990e-29
 220.681620      0.607  36.720764    10.4731    5.86236      0.602    33.1657    25.4395 -9.990e-29
 220.681626      0.622  36.721054    10.4734    5.86033      0.617    33.1658    25.4395 -9.990e-29
 220.681632      0.633  36.721321    10.4735    5.85890      0.628    33.1659    25.4396 -9.990e-29
 220.681638      0.636  36.721369    10.4731    5.86924      0.631    33.1663    25.4400 -9.990e-29
 220.681644      0.637  36.721271    10.4722    5.88047      0.632    33.1671    25.4407 -9.990e-29
 220.681649      0.643  36.720909    10.4706    5.88291      0.638    33.1682    25.4419 -9.990e-29
 220.681655      0.655  36.720372    10.4695    5.88147      0.650    33.1686    25.4424 -9.990e-29
 220.681661      0.665  36.720075    10.4697    5.87597      0.659    33.1681    25.4420 -9.990e-29
 220.681667      0.670  36.720193    10.4704    5.87215      0.664    33.1676    25.4415 -9.990e-29
 220.681672      0.670  36.720330    10.4709    5.87203      0.664    33.1673    25.4411 -9.990e-29
 220.681678      0.669  36.720119    10.4712    5.87322      0.663    33.1668    25.4407 -9.990e-29
 220.681684      0.675  36.719848    10.4712    5.86527      0.669    33.1665    25.4405 -9.990e-29
 220.681690      0.690  36.719728    10.4706    5.86306      0.684    33.1670    25.4409 -9.990e-29
 220.681696      0.705  36.719609    10.4691    5.86330      0.699    33.1682    25.4421 -9.990e-29
 220.681701      0.716  36.719343    10.4667    5.86485      0.710    33.1701    25.4440 -9.990e-29
 220.681707      0.726  36.719145    10.4649    5.87657      0.720    33.1715    25.4455 -9.990e-29
 220.681713      0.734  36.719324    10.4647    5.88619      0.728    33.1719    25.4458 -9.990e-29
 220.681719      0.741  36.719567    10.4655    5.88822      0.735    33.1714    25.4453 -9.990e-29
 220.681725      0.748  36.719647    10.4664    5.87860      0.742    33.1707    25.4445 -9.990e-29
 220.681730      0.754  36.719680    10.4671    5.87950      0.748    33.1701    25.4439 -9.990e-29
 220.681736      0.760  36.719722    10.4677    5.87770      0.754    33.1696    25.4434 -9.990e-29
 220.681742      0.767  36.719837    10.4686    5.87896      0.761    33.1688    25.4427 -9.990e-29
 220.681748      0.775  36.720191    10.4692    5.86437      0.769    33.1687    25.4425 -9.990e-29
 220.681753      0.781  36.720703    10.4694    5.84920      0.774    33.1690    25.4427 -9.990e-29
 220.681759      0.779  36.720945    10.4695    5.84781      0.772    33.1691    25.4428 -9.990e-29
 220.681765      0.776  36.720688    10.4695    5.84215      0.770    33.1689    25.4426 -9.990e-29
 220.681771      0.777  36.720163    10.4695    5.85050      0.771    33.1684    25.4422 -9.990e-29
 220.681777      0.790  36.719800    10.4696    5.85297      0.783    33.1679    25.4418 -9.990e-29
 220.681782      0.804  36.719687    10.4697    5.84769      0.797    33.1677    25.4416 -9.990e-29
 220.681788      0.809  36.719683    10.4701    5.84831      0.802    33.1673    25.4413 -9.990e-29
 220.681794      0.801  36.719783    10.4707    5.85779      0.794    33.1669    25.4408 -9.990e-29
 220.681800      0.783  36.720123    10.4710    5.86126      0.776    33.1669    25.4408 -9.990e-29
 220.681806      0.766  36.720598    10.4706    5.86508      0.760    33.1678    25.4416 -9.990e-29
 220.681811      0.764  36.720720    10.4699    5.87201      0.758    33.1686    25.4423 -9.990e-29
 220.681817      0.776  36.720649    10.4695    5.87039      0.770    33.1688    25.4426 -9.990e-29
 220.681823      0.793  36.720852    10.4697    5.87691      0.786    33.1689    25.4426 -9.990e-29
 220.681829      0.812  36.721033    10.4701    5.88462      0.805    33.1687    25.4423 -9.990e-29
 220.681834      0.832  36.720873    10.4704    5.87619      0.825    33.1682    25.4419 -9.990e-29
 220.681840      0.848  36.720715    10.4702    5.87278      0.841    33.1682    25.4420 -9.990e-29
 220.681846      0.861  36.720910    10.4696    5.86734      0.854    33.1690    25.4427 -9.990e-29
 220.681852      0.873  36.721155    10.4690    5.86531      0.866    33.1698    25.4434 -9.990e-29
 220.681858      0.889  36.721212    10.4679    5.86943      0.882    33.1708    25.4444 -9.990e-29
 220.681863      0.909  36.721158    10.4660    5.87863      0.901    33.1725    25.4460 -9.990e-29
 220.681869      0.926  36.720919    10.4648    5.88066      0.918    33.1733    25.4469 -9.990e-29
 220.681875      0.937  36.720734    10.4650    5.88837      0.929    33.1730    25.4466 -9.990e-29
 220.681881      0.943  36.720914    10.4656    5.88826      0.935    33.1726    25.4462 -9.990e-29
 220.681887      0.948  36.721136    10.4659    5.87660      0.940    33.1725    25.4461 -9.990e-29
 220.681892      0.957  36.721135    10.4659    5.87432      0.949    33.1725    25.4461 -9.990e-29
 220.681898      0.966  36.720905    10.4657    5.87738      0.958    33.1725    25.4461 -9.990e-29
 220.681904      0.972  36.720701    10.4653    5.88107      0.964    33.1726    25.4463 -9.990e-29
 220.681910      0.979  36.720809    10.4649    5.88490      0.971    33.1731    25.4467 -9.990e-29
 220.681916      0.992  36.720811    10.4649    5.88478      0.984    33.1731    25.4467 -9.990e-29
 220.681921      1.007  36.720709    10.4653    5.88938      0.999    33.1726    25.4463 -9.990e-29
 220.681927      1.017  36.720926    10.4658    5.89076      1.009    33.1724    25.4460 -9.990e-29
 220.681933      1.019  36.721186    10.4664    5.89721      1.010    33.1721    25.4457 -9.990e-29
 220.681939      1.016  36.721273    10.4667    5.89033      1.008    33.1719    25.4455 -9.990e-29
 220.681944      1.012  36.721302    10.4668    5.87706      1.004    33.1719    25.4454 -9.990e-29
 220.681950      1.009  36.721313    10.4665    5.88065      1.001    33.1721    25.4457 -9.990e-29
 220.681956      1.004  36.721317    10.4657    5.88879      0.996    33.1729    25.4464 -9.990e-29
 220.681962      1.003  36.721316    10.4649    5.90426      0.995    33.1736    25.4471 -9.990e-29
 220.681968      1.009  36.721308    10.4643    5.90796      1.001    33.1741    25.4476 -9.990e-29
 220.681973      1.014  36.721281    10.4641    5.89450      1.006    33.1743    25.4478 -9.990e-29
 220.681979      1.006  36.721196    10.4645    5.88888      0.998    33.1738    25.4473 -9.990e-29
 220.681985      0.984  36.720937    10.4649    5.87693      0.976    33.1732    25.4468 -9.990e-29
 220.681991      0.960  36.720718    10.4650    5.88553      0.952    33.1729    25.4465 -9.990e-29
 220.681997      0.944  36.720809    10.4645    5.89056      0.936    33.1735    25.4471 -9.990e-29
 220.682002      0.941  36.720768    10.4638    5.89983      0.933    33.1741    25.4477 -9.990e-29
 220.682008      0.946  36.720541    10.4629    5.90366      0.938    33.1747    25.4483 -9.990e-29
 220.682014      0.946  36.720383    10.4611    5.89319      0.938    33.1762    25.4497 -9.990e-29
 220.682020      0.933  36.720079    10.4591    5.89684      0.925    33.1777    25.4513 -9.990e-29
 220.682025      0.914  36.719783    10.4578    5.91102      0.906    33.1786    25.4522 -9.990e-29
 220.682031      0.906  36.719661    10.4579    5.91102      0.898    33.1784    25.4520 -9.990e-29
 220.682037      0.916  36.719547    10.4585    5.90802      0.908    33.1777    25.4514 -9.990e-29
 220.682043      0.936  36.719289    10.4588    5.89403      0.928    33.1772    25.4509 -9.990e-29
 220.682049      0.955  36.719100    10.4596    5.88673      0.947    33.1762    25.4500 -9.990e-29
 220.682054      0.970  36.719288    10.4610    5.89044      0.962    33.1751    25.4490 -9.990e-29
 220.682060      0.986  36.719542    10.4619    5.90007      0.978    33.1746    25.4484 -9.990e-29
 220.682066      1.009  36.719636    10.4621    5.91353      1.001    33.1745    25.4482 -9.990e-29
 220.682072      1.035  36.719694    10.4620    5.90700      1.026    33.1746    25.4484 -9.990e-29
 220.682078      1.057  36.719792    10.4619    5.90324      1.048    33.1748    25.4485 -9.990e-29
 220.682083      1.069  36.720060    10.4620    5.89738      1.060    33.1750    25.4486 -9.990e-29
 220.682089      1.067  36.720291    10.4623    5.90355      1.058    33.1749    25.4486 -9.990e-29
 220.682095      1.060  36.720231    10.4630    5.91737      1.051    33.1742    25.4479 -9.990e-29
 220.682101      1.059  36.720357    10.4639    5.92495      1.050    33.1735    25.4472 -9.990e-29
 220.682106      1.065  36.720837    10.4646    5.91180      1.056    33.1734    25.4470 -9.990e-29
 220.682112      1.069  36.721190    10.4650    5.89506      1.060    33.1734    25.4469 -9.990e-29
 220.682118      1.068  36.721320    10.4655    5.88763      1.059    33.1730    25.4465 -9.990e-29
 220.682124      1.066  36.721401    10.4665    5.89552      1.057    33.1722    25.4457 -9.990e-29
 220.682130      1.071  36.721540    10.4685    5.91263      1.062    33.1705    25.4441 -9.990e-29
 220.682135      1.087  36.721919    10.4710    5.91970      1.078    33.1686    25.4422 -9.990e-29
 220.682141      1.112  36.722481    10.4729    5.91681      1.103    33.1674    25.4409 -9.990e-29
 220.682147      1.139  36.722852    10.4738    5.90443      1.129    33.1670    25.4404 -9.990e-29
 220.682153      1.155  36.722966    10.4742    5.89768      1.145    33.1667    25.4401 -9.990e-29
 220.682159      1.164  36.722970    10.4737    5.89988      1.154    33.1672    25.4406 -9.990e-29
 220.682164      1.181  36.722869    10.4719    5.89401      1.171    33.1687    25.4421 -9.990e-29
 220.682170      1.209  36.722528    10.4695    5.90412      1.199    33.1705    25.4439 -9.990e-29
 220.682176      1.235  36.722053    10.4687    5.91363      1.225    33.1708    25.4442 -9.990e-29
 220.682182      1.259  36.721929    10.4691    5.91687      1.248    33.1703    25.4438 -9.990e-29
 220.682188      1.280  36.721988    10.4687    5.91884      1.269    33.1707    25.4442 -9.990e-29
 220.682193      1.296  36.721744    10.4677    5.90615      1.285    33.1714    25.4449 -9.990e-29
 220.682199      1.305  36.721431    10.4672    5.90220      1.294    33.1715    25.4451 -9.990e-29
 220.682205      1.310  36.721192    10.4659    5.90220      1.299    33.1724    25.4460 -9.990e-29
 220.682211      1.316  36.720706    10.4631    5.91171      1.305    33.1745    25.4481 -9.990e-29
 220.682216      1.323  36.719886    10.4605    5.91674      1.312    33.1760    25.4498 -9.990e-29
