data/oxygen options/OCNMS/OCNMS1/raw_data/2006/CTD_CA042_060606faed.cnv
* Sea-Bird SBE19 Data File:
* FileName = C:\MOORING_DATA_2006\CTD_CA042_060606.hex
* Software Version 1.1.6
* Temperature SN = 2997
* Conductivity SN = 2997
* System UpLoad Time = Jun 06 2006 16:54:41
* SEACAT PROFILER V3.1c SN 2997   06/06/06  16:54:05.090
* strain gauge pressure sensor: S/N = 184829,  range = 3000 psia,  tc = 40
# nquan = 9                                 
# nvalues = 1500                        
# units = specified
# name 0 = timeJ: Julian Days
# name 1 = prSM: Pressure, Strain Gauge [db]
# name 2 = c0mS/cm: Conductivity [mS/cm]
# name 3 = t090C: Temperature [ITS-90, deg C]
# name 4 = oxML/L: Oxygen, Beckman/YSI [ml/l]
# name 5 = depSM: Depth [salt water, m], lat = 47.5
# name 6 = sal00: Salinity, Practical [PSU]
# name 7 = sigma-é00: Density [sigma-theta, kg/m^3]
# name 8 = flag: flag
# span 0 = 157.692581, 157.701256       
# span 1 =     -5.627,     40.195       
# span 2 =   1.123047,  37.428204       
# span 3 =     8.3691,    15.7679       
# span 4 =   -0.06699,   30.91542       
# span 5 =     -5.580,     39.856       
# span 6 =     0.6926,    33.1009       
# span 7 =    -0.4303,    25.7264       
# span 8 = 0.0000e+00, 0.0000e+00       
# interval = seconds: 0.5
# start_time = Jun 06 2006 16:37:19 [Instrument's time stamp, header]
# bad_flag = -9.990e-29
*END*
[from data line 1441]
 157.700920      3.519  33.981383    14.9966    6.72276      3.490    26.9940    19.8105 -9.990e-29
 157.700926      3.533  33.980905    14.9940    6.70955      3.503    26.9953    19.8121 -9.990e-29
 157.700932      3.548  33.983504    14.9852    6.68669      3.518    27.0037    19.8203 -9.990e-29
 157.700938      3.557  33.988143    14.9755    6.66322      3.527    27.0145    19.8306 -9.990e-29
 157.700943      3.556  33.989593    14.9744    6.66267      3.526    27.0165    19.8324 -9.990e-29
 157.700949      3.545  33.987534    14.9824    6.67489      3.515    27.0092    19.8251 -9.990e-29
 157.700955      3.527  33.985194    14.9845    6.68368      3.498    27.0057    19.8220 -9.990e-29
 157.700961      3.511  33.984495    14.9732    6.69994      3.482    27.0128    19.8298 -9.990e-29
 157.700966      3.503  33.986563    14.9609    6.71406      3.474    27.0232    19.8403 -9.990e-29
 157.700972      3.503  33.989671    14.9618    6.71199      3.474    27.0253    19.8417 -9.990e-29
 157.700978      3.502  33.990111    14.9744    6.68890      3.473    27.0170    19.8327 -9.990e-29
 157.700984      3.497  33.986783    14.9890    6.67348      3.468    27.0040    19.8198 -9.990e-29
 157.700990      3.486  33.981417    15.0015    6.66662      3.457    26.9906    19.8070 -9.990e-29
 157.700995      3.474  33.975833    15.0117    6.66298      3.445    26.9787    19.7957 -9.990e-29
 157.701001      3.468  33.970998    15.0193    6.67457      3.439    26.9692    19.7869 -9.990e-29
 157.701007      3.477  33.968318    15.0194    6.69527      3.448    26.9668    19.7850 -9.990e-29
 157.701013      3.501  33.970390    15.0088    6.70885      3.472    26.9759    19.7941 -9.990e-29
 157.701019      3.528  33.976055    14.9953    6.70288      3.499    26.9902    19.8079 -9.990e-29
 157.701024      3.547  33.979968    14.9893    6.68180      3.517    26.9977    19.8149 -9.990e-29
 157.701030      3.556  33.981174    14.9911    6.66232      3.526    26.9976    19.8144 -9.990e-29
 157.701036      3.560  33.981838    14.9934    6.66576      3.530    26.9966    19.8132 -9.990e-29
 157.701042      3.562  33.982285    14.9929    6.68178      3.532    26.9973    19.8138 -9.990e-29
 157.701047      3.559  33.981992    14.9896    6.70086      3.529    26.9993    19.8161 -9.990e-29
 157.701053      3.546  33.981688    14.9827    6.69742      3.516    27.0038    19.8209 -9.990e-29
 157.701059      3.527  33.983211    14.9734    6.65193      3.498    27.0116    19.8288 -9.990e-29
 157.701065      3.509  33.986350    14.9670    6.57451      3.480    27.0188    19.8356 -9.990e-29
 157.701071      3.495  33.988000    14.9680    6.56681      3.466    27.0195    19.8360 -9.990e-29
 157.701076      3.484  33.986433    14.9736    6.60893      3.455    27.0143    19.8309 -9.990e-29
 157.701082      3.476  33.984045    14.9759    6.68712      3.447    27.0106    19.8275 -9.990e-29
 157.701088      3.474  33.983261    14.9676    6.75475      3.445    27.0156    19.8331 -9.990e-29
 157.701094      3.482  33.987521    14.9443    6.75210      3.453    27.0355    19.8531 -9.990e-29
 157.701100      3.493  34.001387    14.9162    6.70999      3.464    27.0671    19.8832 -9.990e-29
 157.701105      3.494  34.017551    14.9039    6.68140      3.465    27.0899    19.9032 -9.990e-29
 157.701111      3.482  34.020554    14.9138    6.67587      3.453    27.0857    19.8979 -9.990e-29
 157.701117      3.459  34.009908    14.9347    6.68894      3.430    27.0618    19.8754 -9.990e-29
 157.701123      3.436  33.996088    14.9502    6.71151      3.407    27.0390    19.8546 -9.990e-29
 157.701128      3.427  33.986461    14.9495    6.71684      3.398    27.0310    19.8486 -9.990e-29
 157.701134      3.428  33.986141    14.9379    6.70779      3.399    27.0387    19.8569 -9.990e-29
 157.701140      3.434  33.991901    14.9333    6.70889      3.405    27.0469    19.8642 -9.990e-29
 157.701146      3.434  33.994038    14.9428    6.72515      3.405    27.0423    19.8587 -9.990e-29
 157.701152      3.425  33.990350    14.9593    6.72269      3.396    27.0276    19.8440 -9.990e-29
 157.701157      3.411  33.984331    14.9761    6.70077      3.383    27.0107    19.8276 -9.990e-29
 157.701163      3.399  33.978048    14.9905    6.68972      3.371    26.9953    19.8128 -9.990e-29
 157.701169      3.397  33.973221    15.0015    6.69637      3.369    26.9835    19.8014 -9.990e-29
 157.701175      3.404  33.970148    15.0103    6.71376      3.376    26.9747    19.7929 -9.990e-29
 157.701181      3.418  33.967535    15.0193    6.71773      3.389    26.9662    19.7845 -9.990e-29
 157.701186      3.439  33.965824    15.0252    6.70365      3.410    26.9606    19.7790 -9.990e-29
 157.701192      3.464  33.966661    15.0229    6.68009      3.435    26.9629    19.7813 -9.990e-29
 157.701198      3.486  33.969479    15.0190    6.66804      3.457    26.9681    19.7860 -9.990e-29
 157.701204      3.497  33.970748    15.0238 -9.990e-29      3.468    26.9659    19.7834 -9.990e-29
 157.701209      3.499  33.969356    15.0320 -9.990e-29      3.470    26.9590    19.7764 -9.990e-29
 157.701215      3.500  33.968490    15.0312 -9.990e-29      3.471    26.9588    19.7764 -9.990e-29
 157.701221      3.505  33.969802    15.0200 -9.990e-29      3.476    26.9677    19.7855 -9.990e-29
 157.701227      3.514  33.972802    15.0083 -9.990e-29      3.485    26.9784    19.7961 -9.990e-29
 157.701233      3.523  33.975322    15.0067 -9.990e-29      3.494    26.9817    19.7990 -9.990e-29
 157.701238      3.524  33.974550    15.0145 -9.990e-29      3.495    26.9756    19.7928 -9.990e-29
 157.701244      3.517  33.971137    15.0221 -9.990e-29      3.488    26.9674    19.7849 -9.990e-29
 157.701250      3.511  33.967260    15.0247 -9.990e-29      3.482    26.9622    19.7804 -9.990e-29
 157.701256      3.509  33.964480 -9.990e-29 -9.990e-29      3.480 -9.990e-29 -9.990e-29 -9.990e-29
