data/oxygen options/OCNMS/OCNMS1/raw_data/2006/CTD_CA042_050306faed.cnv
* Sea-Bird SBE19 Data File:
* FileName = C:\MOORING_DATA_2006\CTD_CA042_050306.hex
* Software Version 1.1.6
* Temperature SN = 2997
* Conductivity SN = 2997
* System UpLoad Time = May 03 2006 14:54:37
** CA42 DO COMPARISON
**
# nquan = 9                                 
# nvalues = 1863                        
# units = specified
# name 0 = timeJ: Julian Days
# name 1 = prSM: Pressure, Strain Gauge [db]
# name 2 = c0mS/cm: Conductivity [mS/cm]
# name 3 = t090C: Temperature [ITS-90, deg C]
# name 4 = oxML/L: Oxygen, Beckman/YSI [ml/l]
# name 5 = depSM: Depth [salt water, m], lat = 47.5
# name 6 = sal00: Salinity, Practical [PSU]
# name 7 = sigma-é00: Density [sigma-theta, kg/m^3]
# name 8 = flag: flag
# span 0 = 123.604838, 123.615613       
# span 1 =     -3.824,     32.125       
# span 2 =   1.752158,  35.151115       
# span 3 =     8.0822,    11.4658       
# span 4 =   -5.62154,   40.96955       
# span 5 =     -3.792,     31.854       
# span 6 =     1.2286,    33.5312       
# span 7 =     0.5398,    26.1084       
# span 8 = 0.0000e+00, 0.0000e+00       
# interval = seconds: 0.5
# start_time = May 03 2006 14:30:58 [Instrument's time stamp, header]
# bad_flag = -9.990e-29
*END*
[from data line 961]
 123.610399     20.723  34.834842     8.2265    3.25416     20.549    33.2977    25.9039 -9.990e-29
 123.610405     20.733  34.838667     8.2247    3.24860     20.559    33.3034    25.9087 -9.990e-29
 123.610411     20.746  34.842214     8.2232    3.24084     20.572    33.3086    25.9130 -9.990e-29
 123.610417     20.760  34.844043     8.2220    3.25943     20.586    33.3117    25.9156 -9.990e-29
 123.610422     20.766  34.843602     8.2216    3.26389     20.592    33.3116    25.9156 -9.990e-29
 123.610428     20.761  34.841987     8.2219    3.26106     20.587    33.3096    25.9139 -9.990e-29
 123.610434     20.748  34.840777     8.2211    3.25205     20.574    33.3091    25.9137 -9.990e-29
 123.610440     20.736  34.839472     8.2174    3.23924     20.562    33.3112    25.9159 -9.990e-29
 123.610446     20.728  34.842304     8.2129    3.23468     20.554    33.3185    25.9223 -9.990e-29
 123.610451     20.722  34.849677     8.2114    3.22110     20.548    33.3278    25.9297 -9.990e-29
 123.610457     20.716  34.850659     8.2115    3.19613     20.542    33.3287    25.9305 -9.990e-29
 123.610463     20.703  34.847109     8.2096    3.16783     20.529    33.3267    25.9292 -9.990e-29
 123.610469     20.693  34.847184     8.2029    3.12441     20.519    33.3332    25.9353 -9.990e-29
 123.610475     20.696  34.853781     8.1902    3.08328     20.522    33.3523    25.9521 -9.990e-29
 123.610480     20.713  34.867274     8.1768    3.07324     20.539    33.3794    25.9754 -9.990e-29
 123.610486     20.737  34.879842     8.1680    3.07393     20.563    33.4011    25.9937 -9.990e-29
 123.610492     20.761  34.886357     8.1625    3.09068     20.587    33.4133    26.0041 -9.990e-29
 123.610498     20.777  34.888202     8.1588    3.10408     20.603    33.4187    26.0089 -9.990e-29
 123.610503     20.778  34.887265     8.1574    3.10470     20.604    33.4191    26.0094 -9.990e-29
 123.610509     20.755  34.885652     8.1584    3.10437     20.581    33.4164    26.0072 -9.990e-29
 123.610515     20.708  34.884005     8.1605    3.10844     20.534    33.4127    26.0039 -9.990e-29
 123.610521     20.650  34.881803     8.1615    3.12367     20.477    33.4094    26.0012 -9.990e-29
 123.610527     20.599  34.880028     8.1607    3.14094     20.426    33.4083    26.0005 -9.990e-29
 123.610532     20.560  34.879671     8.1597    3.15590     20.387    33.4089    26.0011 -9.990e-29
 123.610538     20.531  34.879687     8.1604    3.16512     20.359    33.4083    26.0005 -9.990e-29
 123.610544     20.514  34.878404     8.1640    3.16920     20.342    33.4035    25.9962 -9.990e-29
 123.610550     20.517  34.874665     8.1698    3.17412     20.345    33.3940    25.9879 -9.990e-29
 123.610556     20.540  34.870205     8.1750    3.18002     20.368    33.3843    25.9795 -9.990e-29
 123.610561     20.571  34.868045     8.1780    3.17545     20.398    33.3791    25.9750 -9.990e-29
 123.610567     20.600  34.867539     8.1799    3.18793     20.427    33.3767    25.9729 -9.990e-29
 123.610573     20.623  34.866881     8.1815    3.19423     20.450    33.3745    25.9709 -9.990e-29
 123.610579     20.644  34.865746     8.1823    3.19198     20.471    33.3725    25.9692 -9.990e-29
 123.610584     20.663  34.864855     8.1825    3.19703     20.490    33.3714    25.9683 -9.990e-29
 123.610590     20.676  34.864696     8.1831    3.18874     20.502    33.3706    25.9676 -9.990e-29
 123.610596     20.677  34.864487     8.1847    3.19379     20.503    33.3689    25.9660 -9.990e-29
 123.610602     20.664  34.863937     8.1869    3.21167     20.491    33.3662    25.9636 -9.990e-29
 123.610608     20.651  34.862867     8.1897    3.22081     20.478    33.3624    25.9602 -9.990e-29
 123.610613     20.645  34.860962     8.1926    3.22933     20.472    33.3577    25.9560 -9.990e-29
 123.610619     20.641  34.859041     8.1944    3.23302     20.468    33.3539    25.9528 -9.990e-29
 123.610625     20.631  34.857898     8.1955    3.22476     20.458    33.3516    25.9508 -9.990e-29
 123.610631     20.610  34.857123     8.1967    3.22705     20.437    33.3497    25.9491 -9.990e-29
 123.610637     20.584  34.856234     8.1980    3.23274     20.411    33.3475    25.9472 -9.990e-29
 123.610642     20.565  34.855157     8.1992    3.23895     20.392    33.3452    25.9453 -9.990e-29
 123.610648     20.556  34.854133     8.2003    3.25656     20.383    33.3431    25.9434 -9.990e-29
 123.610654     20.557  34.853471     8.2014    3.25506     20.384    33.3414    25.9419 -9.990e-29
 123.610660     20.563  34.852277     8.2022    3.25827     20.390    33.3393    25.9402 -9.990e-29
 123.610666     20.566  34.850074     8.2027    3.25237     20.393    33.3365    25.9379 -9.990e-29
 123.610671     20.562  34.848403     8.2031    3.25223     20.389    33.3344    25.9362 -9.990e-29
 123.610677     20.551  34.848389     8.2035    3.26269     20.378    33.3340    25.9358 -9.990e-29
 123.610683     20.532  34.849444     8.2042    3.27006     20.360    33.3344    25.9361 -9.990e-29
 123.610689     20.508  34.850163     8.2055    3.26108     20.336    33.3340    25.9355 -9.990e-29
 123.610694     20.486  34.849814     8.2070    3.26148     20.314    33.3322    25.9339 -9.990e-29
 123.610700     20.473  34.849043     8.2086    3.24729     20.301    33.3299    25.9318 -9.990e-29
 123.610706     20.478  34.848497     8.2098    3.23430     20.306    33.3281    25.9303 -9.990e-29
 123.610712     20.499  34.848563     8.2097    3.22555     20.327    33.3283    25.9304 -9.990e-29
 123.610718     20.531  34.849318     8.2087    3.21206     20.359    33.3300    25.9319 -9.990e-29
 123.610723     20.567  34.850637     8.2063    3.20723     20.394    33.3337    25.9352 -9.990e-29
 123.610729     20.600  34.854271     8.2016    3.21122     20.427    33.3420    25.9424 -9.990e-29
 123.610735     20.624  34.860568     8.1969    3.21733     20.451    33.3532    25.9518 -9.990e-29
 123.610741     20.627  34.865014     8.1963    3.23265     20.454    33.3585    25.9561 -9.990e-29
 123.610747     20.602  34.863990     8.2011    3.23900     20.429    33.3528    25.9509 -9.990e-29
 123.610752     20.559  34.858362     8.2079    3.24734     20.386    33.3404    25.9402 -9.990e-29
 123.610758     20.517  34.851837     8.2118    3.25724     20.345    33.3298    25.9313 -9.990e-29
 123.610764     20.483  34.848047     8.2119    3.25515     20.311    33.3257    25.9280 -9.990e-29
 123.610770     20.453  34.846979     8.2103    3.25303     20.281    33.3261    25.9286 -9.990e-29
 123.610775     20.426  34.847762     8.2089    3.23790     20.255    33.3282    25.9305 -9.990e-29
 123.610781     20.404  34.849749     8.2086    3.24051     20.233    33.3306    25.9324 -9.990e-29
 123.610787     20.395  34.850531     8.2090    3.25249     20.224    33.3311    25.9327 -9.990e-29
 123.610793     20.403  34.850021     8.2092    3.24799     20.232    33.3304    25.9321 -9.990e-29
 123.610799     20.423  34.850336     8.2094    3.25660     20.252    33.3305    25.9322 -9.990e-29
 123.610804     20.444  34.851325     8.2096    3.24290     20.272    33.3313    25.9328 -9.990e-29
 123.610810     20.459  34.851492     8.2098    3.22969     20.287    33.3313    25.9328 -9.990e-29
 123.610816     20.473  34.851049     8.2098    3.22949     20.301    33.3309    25.9324 -9.990e-29
 123.610822     20.491  34.851081     8.2091    3.20891     20.319    33.3315    25.9331 -9.990e-29
 123.610828     20.514  34.852181     8.2072    3.20219     20.342    33.3345    25.9357 -9.990e-29
 123.610833     20.540  34.854125     8.2039    3.19596     20.368    33.3397    25.9402 -9.990e-29
 123.610839     20.561  34.856692     8.2000    3.18920     20.388    33.3461    25.9458 -9.990e-29
 123.610845     20.576  34.861052     8.1975    3.19710     20.403    33.3531    25.9517 -9.990e-29
 123.610851     20.579  34.865714     8.1981    3.20473     20.406    33.3575    25.9551 -9.990e-29
 123.610856     20.564  34.865668     8.2016    3.22064     20.391    33.3541    25.9519 -9.990e-29
 123.610862     20.528  34.860842     8.2054    3.21736     20.356    33.3454    25.9445 -9.990e-29
 123.610868     20.484  34.856011     8.2067    3.20541     20.312    33.3391    25.9393 -9.990e-29
 123.610874     20.444  34.853700     8.2045    3.20131     20.272    33.3387    25.9394 -9.990e-29
 123.610880     20.419  34.855307     8.1997    3.18043     20.248    33.3450    25.9450 -9.990e-29
 123.610885     20.413  34.859603     8.1949    3.15619     20.242    33.3541    25.9529 -9.990e-29
 123.610891     20.423  34.861647     8.1914    3.15375     20.252    33.3596    25.9577 -9.990e-29
 123.610897     20.452  34.861912     8.1861    3.13907     20.280    33.3649    25.9627 -9.990e-29
 123.610903     20.497  34.866351     8.1787    3.14888     20.325    33.3767    25.9730 -9.990e-29
 123.610909     20.548  34.874140     8.1745    3.16157     20.375    33.3889    25.9832 -9.990e-29
 123.610914     20.590  34.878269     8.1761    3.16405     20.417    33.3918    25.9852 -9.990e-29
 123.610920     20.614  34.876939     8.1804    3.17329     20.441    33.3863    25.9803 -9.990e-29
 123.610926     20.621  34.872852     8.1835    3.17426     20.448    33.3790    25.9741 -9.990e-29
 123.610932     20.616  34.868962     8.1846    3.18294     20.443    33.3738    25.9698 -9.990e-29
 123.610938     20.599  34.867930     8.1849    3.20368     20.426    33.3724    25.9687 -9.990e-29
 123.610943     20.569  34.867811     8.1868    3.22544     20.396    33.3705    25.9669 -9.990e-29
 123.610949     20.527  34.865632     8.1914    3.23812     20.355    33.3638    25.9610 -9.990e-29
 123.610955     20.489  34.861843     8.1970    3.23062     20.317    33.3545    25.9528 -9.990e-29
 123.610961     20.468  34.856995     8.2014    3.20971     20.296    33.3452    25.9449 -9.990e-29
 123.610966     20.469  34.853030     8.2015    3.18768     20.297    33.3408    25.9415 -9.990e-29
 123.610972     20.491  34.854748     8.1974    3.18105     20.319    33.3466    25.9466 -9.990e-29
 123.610978     20.531  34.862750     8.1934    3.17465     20.359    33.3588    25.9568 -9.990e-29
 123.610984     20.579  34.870310     8.1912    3.17863     20.406    33.3690    25.9651 -9.990e-29
 123.610990     20.625  34.872912     8.1898    3.18346     20.452    33.3730    25.9685 -9.990e-29
 123.610995     20.663  34.872332     8.1889    3.18639     20.490    33.3733    25.9688 -9.990e-29
 123.611001     20.688  34.871152     8.1890    3.19009     20.514    33.3719    25.9677 -9.990e-29
 123.611007     20.688  34.868910     8.1907    3.19006     20.514    33.3679    25.9643 -9.990e-29
 123.611013     20.659  34.864849     8.1932    3.19043     20.486    33.3612    25.9587 -9.990e-29
 123.611019     20.616  34.861400     8.1951    3.18113     20.443    33.3558    25.9541 -9.990e-29
 123.611024     20.574  34.860685     8.1937    3.16912     20.401    33.3563    25.9548 -9.990e-29
 123.611030     20.542  34.863429     8.1878    3.14970     20.370    33.3649    25.9624 -9.990e-29
 123.611036     20.527  34.868793     8.1797    3.13994     20.355    33.3783    25.9741 -9.990e-29
 123.611042     20.524  34.874386     8.1734    3.12718     20.352    33.3903    25.9844 -9.990e-29
 123.611047     20.528  34.878683     8.1714    3.12217     20.356    33.3967    25.9898 -9.990e-29
 123.611053     20.536  34.880109     8.1722    3.11039     20.364    33.3975    25.9903 -9.990e-29
 123.611059     20.543  34.878871     8.1730    3.09617     20.371    33.3954    25.9885 -9.990e-29
 123.611065     20.555  34.877798     8.1721    3.09240     20.382    33.3951    25.9884 -9.990e-29
 123.611071     20.572  34.879938     8.1698    3.07291     20.399    33.3996    25.9923 -9.990e-29
 123.611076     20.587  34.884207     8.1671    3.06117     20.414    33.4067    25.9982 -9.990e-29
 123.611082     20.596  34.886752     8.1619    3.04974     20.423    33.4143    26.0050 -9.990e-29
 123.611088     20.600  34.888713     8.1526    3.05586     20.427    33.4253    26.0150 -9.990e-29
 123.611094     20.599  34.891574     8.1448    3.07233     20.426    33.4358    26.0244 -9.990e-29
 123.611100     20.589  34.893531     8.1434    3.08561     20.416    33.4392    26.0273 -9.990e-29
 123.611105     20.561  34.893257     8.1468    3.07617     20.388    33.4357    26.0240 -9.990e-29
 123.611111     20.517  34.891495     8.1512    3.05329     20.345    33.4296    26.0186 -9.990e-29
 123.611117     20.472  34.890564     8.1516    3.03081     20.300    33.4283    26.0175 -9.990e-29
 123.611123     20.434  34.890902     8.1464    3.01217     20.262    33.4336    26.0224 -9.990e-29
 123.611128     20.412  34.891463     8.1394    3.01094     20.241    33.4409    26.0292 -9.990e-29
 123.611134     20.407  34.893555     8.1334    2.99363     20.236    33.4488    26.0363 -9.990e-29
 123.611140     20.414  34.897908     8.1292    2.98226     20.243    33.4575    26.0437 -9.990e-29
 123.611146     20.427  34.901350     8.1250    2.97921     20.256    33.4652    26.0504 -9.990e-29
 123.611152     20.441  34.902859     8.1202    2.98727     20.269    33.4713    26.0559 -9.990e-29
 123.611157     20.452  34.903887     8.1183    3.01280     20.280    33.4742    26.0585 -9.990e-29
 123.611163     20.454  34.904119     8.1207    3.02511     20.282    33.4722    26.0565 -9.990e-29
 123.611169     20.446  34.902743     8.1250    3.02915     20.274    33.4666    26.0515 -9.990e-29
 123.611175     20.436  34.900167     8.1286    3.03649     20.264    33.4605    26.0462 -9.990e-29
 123.611181     20.432  34.897442     8.1305    3.02508     20.260    33.4557    26.0422 -9.990e-29
 123.611186     20.443  34.895424     8.1310    3.03210     20.271    33.4531    26.0400 -9.990e-29
 123.611192     20.469  34.894790     8.1310    3.03198     20.297    33.4524    26.0395 -9.990e-29
 123.611198     20.499  34.894694     8.1312    3.03008     20.327    33.4521    26.0392 -9.990e-29
 123.611204     20.517  34.894447     8.1316    3.04143     20.345    33.4515    26.0387 -9.990e-29
 123.611209     20.517  34.894277     8.1320    3.04784     20.345    33.4509    26.0381 -9.990e-29
 123.611215     20.507  34.893960     8.1324    3.04976     20.335    33.4502    26.0375 -9.990e-29
 123.611221     20.499  34.893634     8.1329    3.04842     20.327    33.4494    26.0368 -9.990e-29
 123.611227     20.497  34.893426     8.1336    3.04233     20.325    33.4485    26.0360 -9.990e-29
 123.611233     20.496  34.893057     8.1343    3.03810     20.324    33.4474    26.0351 -9.990e-29
 123.611238     20.488  34.892598     8.1348    3.04746     20.316    33.4464    26.0342 -9.990e-29
 123.611244     20.472  34.892557     8.1350    3.04887     20.300    33.4462    26.0340 -9.990e-29
 123.611250     20.460  34.892879     8.1352    3.05807     20.288    33.4464    26.0341 -9.990e-29
 123.611256     20.460  34.892874     8.1355    3.05816     20.288    33.4461    26.0339 -9.990e-29
 123.611262     20.464  34.892535     8.1358    3.05424     20.292    33.4454    26.0333 -9.990e-29
 123.611267     20.463  34.892530     8.1363    3.04376     20.291    33.4450    26.0329 -9.990e-29
 123.611273     20.461  34.892853     8.1365    3.03680     20.289    33.4451    26.0329 -9.990e-29
 123.611279     20.462  34.892813     8.1363    3.04603     20.290    33.4453    26.0331 -9.990e-29
 123.611285     20.467  34.892357     8.1361    3.05027     20.295    33.4450    26.0329 -9.990e-29
 123.611291     20.480  34.891997     8.1360    3.05418     20.308    33.4447    26.0327 -9.990e-29
 123.611296     20.507  34.891816     8.1360    3.05188     20.335    33.4445    26.0325 -9.990e-29
 123.611302     20.544  34.891571     8.1359    3.03005     20.372    33.4443    26.0324 -9.990e-29
 123.611308     20.589  34.891497     8.1357    3.03515     20.416    33.4444    26.0325 -9.990e-29
 123.611314     20.642  34.892054     8.1354    3.03746     20.469    33.4452    26.0332 -9.990e-29
