data/oxygen options/OCNMS/OCNMS1/raw_data/2006/CTD_TH042_092706_CASTfaed.cnv
* Sea-Bird SBE19 Data File:
* FileName = C:\MOORING_DATA_2006\CTD_TH042_092706_CAST.hex
* Software Version 1.1.6
* Temperature SN = 2997
* Conductivity SN = 2997
* System UpLoad Time = Sep 27 2006 10:32:06
* SEACAT PROFILER V3.1c SN 2997   09/27/06  10:32:37.615
* strain gauge pressure sensor: S/N = 184829,  range = 3000 psia,  tc = 40
# nquan = 9                                 
# nvalues = 2052                        
# units = specified
# name 0 = timeJ: Julian Days
# name 1 = prSM: Pressure, Strain Gauge [db]
# name 2 = c0mS/cm: Conductivity [mS/cm]
# name 3 = t090C: Temperature [ITS-90, deg C]
# name 4 = oxML/L: Oxygen, Beckman/YSI [ml/l]
# name 5 = depSM: Depth [salt water, m], lat = 47.5
# name 6 = sal00: Salinity, Practical [PSU]
# name 7 = sigma-é00: Density [sigma-theta, kg/m^3]
# name 8 = flag: flag
# span 0 = 270.423356, 270.435226       
# span 1 =     -3.471,     45.444       
# span 2 =   0.198994,  38.178549       
# span 3 =     8.0960,    19.3777       
# span 4 =   -0.06925,   24.92842       
# span 5 =     -3.442,     45.060       
# span 6 =     0.1084,    34.9575       
# span 7 =    -1.5849,    27.1548       
# span 8 = 0.0000e+00, 0.0000e+00       
# interval = seconds: 0.5
# start_time = Sep 27 2006 10:09:38 [Instrument's time stamp, header]
# bad_flag = -9.990e-29
*END*
[from data line 161]
 270.424288      0.719  38.105010    14.1725   -0.05730      0.713    31.3109    23.3027 -9.990e-29
 270.424294      0.720  38.106469    14.1773   -0.05731      0.714    31.3083    23.2998 -9.990e-29
 270.424300      0.727  38.100313    14.1901   -0.05732      0.721    31.2923    23.2848 -9.990e-29
 270.424306      0.737  38.089571    14.2044   -0.05734      0.731    31.2709    23.2653 -9.990e-29
 270.424311      0.746  38.081253    14.2101   -0.05734      0.740    31.2587    23.2547 -9.990e-29
 270.424317      0.755  38.083359    14.2072   -0.05733      0.749    31.2630    23.2586 -9.990e-29
 270.424323      0.764  38.098718    14.2042   -0.05732      0.758    31.2794    23.2719 -9.990e-29
 270.424329      0.774  38.120337    14.2061   -0.05733      0.768    31.2976    23.2856 -9.990e-29
 270.424334      0.785  38.133300    14.2119   -0.05735      0.778    31.3048    23.2899 -9.990e-29
 270.424340      0.794  38.131907    14.2154   -0.05735      0.787    31.3006    23.2860 -9.990e-29
 270.424346      0.797  38.127779    14.2105   -0.05735      0.790    31.3008    23.2872 -9.990e-29
 270.424352      0.799  38.131701    14.2001   -0.05735      0.792    31.3129    23.2986 -9.990e-29
 270.424358      0.804  38.143870    14.1927   -0.05733      0.797    31.3300    23.3133 -9.990e-29
 270.424363      0.808  38.156964    14.1937   -0.05733      0.801    31.3411    23.3217 -9.990e-29
 270.424369      0.812  38.159846    14.2002   -0.05733      0.805    31.3385    23.3183 -9.990e-29
 270.424375      0.823  38.149639    14.2019   -0.05734      0.816    31.3278    23.3097 -9.990e-29
 270.424381      0.839  38.137999    14.1933   -0.05734      0.832    31.3241    23.3087 -9.990e-29
 270.424387      0.853  38.138032    14.1814   -0.05734      0.846    31.3338    23.3186 -9.990e-29
 270.424392      0.864  38.150923    14.1765   -0.05736      0.857    31.3496    23.3317 -9.990e-29
 270.424398      0.873  38.166385    14.1798   -0.05736      0.866    31.3610    23.3399 -9.990e-29
 270.424404      0.882  38.170825    14.1864   -0.05735      0.875    31.3597    23.3375 -9.990e-29
 270.424410      0.890  38.159520    14.1916   -0.05734      0.883    31.3452    23.3252 -9.990e-29
 270.424416      0.904  38.143782    14.1921   -0.05737      0.896    31.3304    23.3137 -9.990e-29
 270.424421      0.922  38.139107    14.1897   10.98668      0.914    31.3280    23.3124 -9.990e-29
 270.424427      0.939  38.148256    14.1881   22.92804      0.931    31.3377    23.3202 -9.990e-29
 270.424433      0.950  38.159880    14.1866   24.92842      0.942    31.3495    23.3296 -9.990e-29
 270.424439      0.957  38.162568    14.1809   22.58029      0.949    31.3566    23.3363 -9.990e-29
 270.424444      0.959  38.159358    14.1714   15.58813      0.951    31.3614    23.3419 -9.990e-29
 270.424450      0.958  38.160572    14.1656   11.37452      0.950    31.3672    23.3476 -9.990e-29
 270.424456      0.957  38.169529    14.1681   11.39443      0.949    31.3734    23.3518 -9.990e-29
 270.424462      0.961  38.178549    14.1725   11.33723      0.953    31.3780    23.3545 -9.990e-29
 270.424468      0.965  38.174431    14.1707   11.33171      0.957    31.3757    23.3531 -9.990e-29
 270.424473      0.966  38.146092    14.1651   11.27937      0.958    31.3544    23.3378 -9.990e-29
 270.424479      0.963  38.091666    14.1628    5.21178      0.955    31.3065    23.3013 -9.990e-29
 270.424485      0.956  38.027235    14.1647    1.31875      0.948    31.2460    23.2543 -9.990e-29
 270.424491      0.950  37.985272    14.1680    0.45981      0.942    31.2050    23.2220 -9.990e-29
 270.424497      0.948  37.985570    14.1705    1.38547      0.940    31.2032    23.2201 -9.990e-29
 270.424502      0.949  38.010034    14.1694    4.39663      0.941    31.2265    23.2383 -9.990e-29
 270.424508      0.959  38.034080    14.1646    5.40599      0.951    31.2523    23.2592 -9.990e-29
 270.424514      0.978  38.051642    14.1610    5.45343      0.970    31.2713    23.2746 -9.990e-29
 270.424520      0.999  38.062591    14.1624    5.51569      0.991    31.2802    23.2811 -9.990e-29
 270.424525      1.014  38.067516    14.1675    5.52062      1.006    31.2805    23.2804 -9.990e-29
 270.424531      1.019  38.068511    14.1719    5.52650      1.010    31.2779    23.2774 -9.990e-29
 270.424537      1.021  38.068039    14.1711    5.54072      1.012    31.2781    23.2777 -9.990e-29
 270.424543      1.026  38.068293    14.1646    5.56975      1.017    31.2836    23.2833 -9.990e-29
 270.424549      1.041  38.070753    14.1580    5.59158      1.032    31.2912    23.2905 -9.990e-29
 270.424554      1.061  38.073667    14.1561    5.62036      1.052    31.2954    23.2941 -9.990e-29
 270.424560      1.079  38.073642    14.1575    5.61860      1.070    31.2942    23.2930 -9.990e-29
 270.424566      1.089  38.070097    14.1597    5.59323      1.080    31.2892    23.2886 -9.990e-29
 270.424572      1.089  38.065613    14.1614    5.57772      1.080    31.2837    23.2841 -9.990e-29
 270.424578      1.090  38.062644    14.1612    5.59838      1.081    31.2812    23.2821 -9.990e-29
 270.424583      1.095  38.061737    14.1575    5.66427      1.086    31.2833    23.2846 -9.990e-29
 270.424589      1.105  38.062820    14.1502    5.73191      1.096    31.2902    23.2914 -9.990e-29
 270.424595      1.120  38.065110    14.1426    5.76807      1.111    31.2985    23.2993 -9.990e-29
 270.424601      1.142  38.066629    14.1399    5.76287      1.132    31.3021    23.3026 -9.990e-29
 270.424606      1.167  38.065487    14.1438    5.76152      1.157    31.2978    23.2986 -9.990e-29
 270.424612      1.188  38.061299    14.1508    5.80992      1.178    31.2883    23.2898 -9.990e-29
 270.424618      1.199  38.055788    14.1562    5.89661      1.189    31.2789    23.2814 -9.990e-29
 270.424624      1.199  38.051159    14.1576    5.97104      1.189    31.2735    23.2770 -9.990e-29
 270.424630      1.202  38.048551    14.1561    6.00261      1.192    31.2724    23.2764 -9.990e-29
 270.424635      1.217  38.047871    14.1544    5.98131      1.207    31.2731    23.2773 -9.990e-29
 270.424641      1.240  38.047108    14.1531    5.94863      1.230    31.2735    23.2779 -9.990e-29
 270.424647      1.260  38.044137    14.1512    5.94388      1.249    31.2723    23.2773 -9.990e-29
 270.424653      1.270  38.040061    14.1489    5.99113      1.259    31.2704    23.2764 -9.990e-29
 270.424659      1.274  38.037314    14.1461    6.06272      1.263    31.2702    23.2767 -9.990e-29
 270.424664      1.277  38.036178    14.1427    6.11109      1.266    31.2719    23.2788 -9.990e-29
 270.424670      1.279  38.035153    14.1404    6.10091      1.268    31.2728    23.2800 -9.990e-29
 270.424676      1.280  38.032326    14.1401    6.05584      1.269    31.2705    23.2782 -9.990e-29
 270.424682      1.276  38.027310    14.1410    6.04771      1.265    31.2652    23.2739 -9.990e-29
 270.424688      1.267  38.021847    14.1417    6.08277      1.256    31.2596    23.2695 -9.990e-29
 270.424693      1.266  38.017645    14.1409    6.15277      1.255    31.2564    23.2672 -9.990e-29
 270.424699      1.275  38.015288    14.1383    6.20848      1.264    31.2563    23.2677 -9.990e-29
 270.424705      1.288  38.014457    14.1352    6.24303      1.277    31.2581    23.2697 -9.990e-29
 270.424711      1.301  38.014059    14.1343    6.24867      1.290    31.2584    23.2701 -9.990e-29
 270.424716      1.310  38.012455    14.1361    6.22893      1.299    31.2555    23.2675 -9.990e-29
 270.424722      1.312  38.009206    14.1385    6.20607      1.301    31.2506    23.2632 -9.990e-29
 270.424728      1.311  38.005606    14.1395    6.18874      1.300    31.2465    23.2598 -9.990e-29
 270.424734      1.311  38.002480    14.1390    6.19474      1.300    31.2440    23.2580 -9.990e-29
 270.424740      1.317  38.000164    14.1374    6.22425      1.306    31.2432    23.2577 -9.990e-29
 270.424745      1.334  37.998953    14.1352    6.25889      1.323    31.2439    23.2587 -9.990e-29
 270.424751      1.357  37.998370    14.1340    6.28019      1.346    31.2443    23.2593 -9.990e-29
 270.424757      1.385  37.997653    14.1352    6.27433      1.373    31.2427    23.2578 -9.990e-29
 270.424763      1.410  37.996425    14.1387    6.24667      1.398    31.2387    23.2540 -9.990e-29
 270.424769      1.421  37.994745    14.1430    6.24043      1.409    31.2337    23.2492 -9.990e-29
 270.424774      1.419  37.992817    14.1453    6.28306      1.407    31.2301    23.2460 -9.990e-29
 270.424780      1.413  37.990889    14.1442    6.33613      1.401    31.2292    23.2455 -9.990e-29
 270.424786      1.410  37.989412    14.1412    6.34764      1.398    31.2303    23.2470 -9.990e-29
 270.424792      1.411  37.988704    14.1382    6.31242      1.399    31.2321    23.2490 -9.990e-29
 270.424797      1.406  37.988043    14.1367    6.25966      1.394    31.2327    23.2497 -9.990e-29
 270.424803      1.396  37.986582    14.1377    6.24270      1.384    31.2305    23.2479 -9.990e-29
 270.424809      1.388  37.984648    14.1397    6.28274      1.376    31.2271    23.2449 -9.990e-29
 270.424815      1.387  37.983064    14.1404    6.35256      1.375    31.2251    23.2432 -9.990e-29
 270.424821      1.392  37.982555    14.1397    6.38590      1.380    31.2252    23.2434 -9.990e-29
 270.424826      1.403  37.983037    14.1392    6.35346      1.391    31.2261    23.2441 -9.990e-29
 270.424832      1.418  37.982946    14.1401    6.30646      1.406    31.2252    23.2433 -9.990e-29
 270.424838      1.427  37.981071    14.1418    6.29876      1.415    31.2221    23.2406 -9.990e-29
 270.424844      1.429  37.978309    14.1433    6.33468      1.417    31.2184    23.2374 -9.990e-29
 270.424850      1.422  37.976059    14.1443    6.38775      1.410    31.2155    23.2350 -9.990e-29
 270.424855      1.410  37.974721    14.1444    6.38972      1.398    31.2142    23.2340 -9.990e-29
 270.424861      1.402  37.974229    14.1435    6.34362      1.390    31.2145    23.2344 -9.990e-29
 270.424867      1.401  37.973962    14.1433    6.31397      1.389    31.2144    23.2343 -9.990e-29
 270.424873      1.407  37.972476    14.1444    6.31919      1.395    31.2122    23.2324 -9.990e-29
 270.424878      1.416  37.970067    14.1455    6.36209      1.404    31.2091    23.2298 -9.990e-29
 270.424884      1.425  37.968605    14.1457    6.39604      1.413    31.2076    23.2286 -9.990e-29
 270.424890      1.438  37.968418    14.1453    6.38962      1.426    31.2077    23.2288 -9.990e-29
 270.424896      1.456  37.968731    14.1453    6.36806      1.444    31.2080    23.2290 -9.990e-29
 270.424902      1.472  37.968311    14.1461    6.36465      1.460    31.2070    23.2280 -9.990e-29
 270.424907      1.482  37.966633    14.1474    6.38254      1.470    31.2044    23.2258 -9.990e-29
 270.424913      1.487  37.964856    14.1481    6.40803      1.475    31.2022    23.2239 -9.990e-29
 270.424919      1.488  37.964013    14.1479    6.42920      1.476    31.2016    23.2235 -9.990e-29
 270.424925      1.489  37.964134    14.1475    6.43326      1.477    31.2020    23.2239 -9.990e-29
 270.424931      1.494  37.964291    14.1474    6.42876      1.482    31.2022    23.2241 -9.990e-29
 270.424936      1.499  37.963608    14.1480    6.41788      1.486    31.2011    23.2231 -9.990e-29
 270.424942      1.500  37.962328    14.1488    6.39521      1.487    31.1993    23.2215 -9.990e-29
 270.424948      1.501  37.961023    14.1486    6.38419      1.488    31.1983    23.2208 -9.990e-29
 270.424954      1.508  37.960231    14.1470    6.40090      1.495    31.1989    23.2216 -9.990e-29
 270.424959      1.515  37.960050    14.1451    6.45408      1.502    31.2002    23.2230 -9.990e-29
 270.424965      1.520  37.959713    14.1440    6.49413      1.507    31.2008    23.2237 -9.990e-29
 270.424971      1.522  37.958802    14.1443    6.47610      1.509    31.1997    23.2228 -9.990e-29
 270.424977      1.522  37.957820    14.1452    6.42830      1.509    31.1981    23.2213 -9.990e-29
 270.424983      1.520  37.957173    14.1462    6.38190      1.507    31.1967    23.2201 -9.990e-29
 270.424988      1.515  37.956593    14.1471    6.38526      1.502    31.1954    23.2189 -9.990e-29
 270.424994      1.512  37.955904    14.1478    6.43173      1.499    31.1942    23.2178 -9.990e-29
 270.425000      1.514  37.955342    14.1476    6.48054      1.501    31.1939    23.2176 -9.990e-29
 270.425006      1.521  37.955315    14.1469    6.49967      1.508    31.1944    23.2182 -9.990e-29
 270.425012      1.535  37.955818    14.1467    6.47018      1.522    31.1950    23.2187 -9.990e-29
 270.425017      1.552  37.955875    14.1470    6.44437      1.539    31.1949    23.2185 -9.990e-29
 270.425023      1.568  37.955033    14.1474    6.43297      1.555    31.1938    23.2175 -9.990e-29
 270.425029      1.581  37.953885    14.1478    6.44451      1.568    31.1924    23.2164 -9.990e-29
 270.425035      1.586  37.953180    14.1477    6.48434      1.573    31.1918    23.2160 -9.990e-29
 270.425041      1.589  37.953132    14.1470    6.51195      1.576    31.1923    23.2165 -9.990e-29
 270.425046      1.594  37.953149    14.1464    6.52064      1.581    31.1928    23.2170 -9.990e-29
 270.425052      1.597  37.952727    14.1465    6.50037      1.584    31.1924    23.2167 -9.990e-29
 270.425058      1.594  37.951896    14.1472    6.46428      1.581    31.1910    23.2155 -9.990e-29
 270.425064      1.589  37.951265    14.1480    6.44485      1.576    31.1898    23.2144 -9.990e-29
 270.425069      1.585  37.951150    14.1483    6.44587      1.572    31.1895    23.2141 -9.990e-29
 270.425075      1.583  37.950872    14.1477    6.46241      1.570    31.1897    23.2144 -9.990e-29
 270.425081      1.583  37.950092    14.1464    6.48706      1.570    31.1900    23.2149 -9.990e-29
 270.425087      1.585  37.949487    14.1454    6.51081      1.572    31.1903    23.2153 -9.990e-29
 270.425093      1.588  37.949408    14.1453    6.52041      1.575    31.1903    23.2153 -9.990e-29
 270.425098      1.592  37.949219    14.1459    6.52368      1.579    31.1896    23.2147 -9.990e-29
 270.425104      1.595  37.948703    14.1470    6.52758      1.582    31.1883    23.2134 -9.990e-29
 270.425110      1.592  37.948327    14.1484    6.54059      1.579    31.1868    23.2120 -9.990e-29
 270.425116      1.586  37.948183    14.1496    6.53353      1.573    31.1857    23.2109 -9.990e-29
 270.425122      1.582  37.948115    14.1502    6.51291      1.569    31.1852    23.2103 -9.990e-29
 270.425127      1.579  37.948066    14.1504    6.48051      1.566    31.1850    23.2101 -9.990e-29
 270.425133      1.578  37.948005    14.1503    6.45792      1.565    31.1850    23.2102 -9.990e-29
 270.425139      1.578  37.947884    14.1502    6.47438      1.565    31.1849    23.2102 -9.990e-29
 270.425145      1.579  37.947577    14.1501    6.51851      1.566    31.1847    23.2100 -9.990e-29
 270.425150      1.581  37.947267    14.1493    6.56606      1.568    31.1851    23.2105 -9.990e-29
 270.425156      1.585  37.947138    14.1480    6.56073      1.572    31.1860    23.2115 -9.990e-29
 270.425162      1.591  37.947051    14.1476    6.50181      1.578    31.1863    23.2117 -9.990e-29
 270.425168      1.598  37.946923    14.1490    6.45138      1.585    31.1850    23.2105 -9.990e-29
 270.425174      1.608  37.946617    14.1514    6.46111      1.595    31.1828    23.2083 -9.990e-29
 270.425179      1.617  37.946318    14.1528    6.53712      1.603    31.1814    23.2069 -9.990e-29
 270.425185      1.621  37.946223    14.1523    6.59614      1.607    31.1817    23.2073 -9.990e-29
 270.425191      1.624  37.946238    14.1505    6.58365      1.610    31.1832    23.2088 -9.990e-29
 270.425197      1.632  37.946418    14.1489    6.51853      1.618    31.1846    23.2102 -9.990e-29
 270.425203      1.640  37.946478    14.1485    6.46702      1.626    31.1850    23.2106 -9.990e-29
