data/oxygen options/OCNMS/OCNMS1/raw_data/2006/CTD_CE015_092506faed.cnv
* Sea-Bird SBE19 Data File:
* FileName = C:\MOORING_DATA_2006\CTD_CE015_092506.hex
* Software Version 1.1.6
* Temperature SN = 2997
* Conductivity SN = 2997
* System UpLoad Time = Sep 25 2006 16:15:05
* SEACAT PROFILER V3.1c SN 2997   09/25/06  16:15:46.687
* strain gauge pressure sensor: S/N = 184829,  range = 3000 psia,  tc = 40
# nquan = 9                                 
# nvalues = 2048                        
# units = specified
# name 0 = timeJ: Julian Days
# name 1 = prSM: Pressure, Strain Gauge [db]
# name 2 = c0mS/cm: Conductivity [mS/cm]
# name 3 = t090C: Temperature [ITS-90, deg C]
# name 4 = oxML/L: Oxygen, Beckman/YSI [ml/l]
# name 5 = depSM: Depth [salt water, m], lat = 47.5
# name 6 = sal00: Salinity, Practical [PSU]
# name 7 = sigma-é00: Density [sigma-theta, kg/m^3]
# name 8 = flag: flag
# span 0 = 268.665532, 268.677378       
# span 1 =     -4.911,     18.815       
# span 2 =   0.092519,  37.438993       
# span 3 =    11.4492,    17.8113       
# span 4 =  -13.35273,   32.06772       
# span 5 =     -4.870,     18.657       
# span 6 =     0.0537,    32.9758       
# span 7 =    -1.3247,    25.1171       
# span 8 = 0.0000e+00, 0.0000e+00       
# interval = seconds: 0.5
# start_time = Sep 25 2006 15:58:22 [Instrument's time stamp, header]
# bad_flag = -9.990e-29
*END*
[from data line 481]
 268.668316      1.410  36.153790    13.7040    9.12904      1.398    29.8955    22.3051 -9.990e-29
 268.668322      1.421  36.158731    13.6878    9.39412      1.409    29.9126    22.3216 -9.990e-29
 268.668328      1.440  36.134489    13.6807    9.51186      1.428    29.8959    22.3101 -9.990e-29
 268.668333      1.464  36.116021    13.6900    9.58540      1.452    29.8717    22.2895 -9.990e-29
 268.668339      1.482  36.136471    13.7263    9.51218      1.470    29.8622    22.2750 -9.990e-29
 268.668345      1.482  36.183332    13.7845    9.24014      1.470    29.8598    22.2617 -9.990e-29
 268.668351      1.464  36.220389    13.8204    8.91384      1.452    29.8659    22.2592 -9.990e-29
 268.668356      1.441  36.231967    13.8110    8.69114      1.429    29.8838    22.2749 -9.990e-29
 268.668362      1.423  36.214989    13.7592    8.63569      1.411    29.9086    22.3043 -9.990e-29
 268.668368      1.413  36.164213    13.6849    8.64185      1.401    29.9199    22.3278 -9.990e-29
 268.668374      1.407  36.113994    13.6526    8.57968      1.395    29.8990    22.3180 -9.990e-29
 268.668380      1.396  36.116241    13.6760    8.40460      1.384    29.8828    22.3009 -9.990e-29
 268.668385      1.378  36.152064    13.6773    8.24103      1.366    29.9147    22.3253 -9.990e-29
 268.668391      1.362  36.161556    13.6207    8.15492      1.351    29.9677    22.3773 -9.990e-29
 268.668397      1.350  36.131033    13.5510    8.17698      1.339    29.9942    22.4115 -9.990e-29
 268.668403      1.342  36.090460    13.5077    8.27648      1.331    29.9907    22.4174 -9.990e-29
 268.668409      1.337  36.067033    13.4949    8.32826      1.326    29.9792    22.4109 -9.990e-29
 268.668414      1.335  36.067072    13.5081    8.37559      1.324    29.9688    22.4004 -9.990e-29
 268.668420      1.337  36.079968    13.5343    8.35969      1.326    29.9602    22.3886 -9.990e-29
 268.668426      1.341  36.093198    13.5445    8.35214      1.330    29.9644    22.3898 -9.990e-29
 268.668432      1.348  36.094126    13.5243    8.47317      1.337    29.9811    22.4067 -9.990e-29
 268.668437      1.359  36.080632    13.4920    8.65395      1.348    29.9940    22.4229 -9.990e-29
 268.668443      1.375  36.067251    13.4773    8.89660      1.364    29.9932    22.4252 -9.990e-29
 268.668449      1.391  36.065299    13.5006    9.06593      1.379    29.9731    22.4051 -9.990e-29
 268.668455      1.402  36.083938    13.5624    9.09759      1.390    29.9418    22.3689 -9.990e-29
 268.668461      1.406  36.117736    13.6318    9.02555      1.394    29.9187    22.3373 -9.990e-29
 268.668466      1.409  36.146717    13.6674    8.84002      1.397    29.9175    22.3294 -9.990e-29
 268.668472      1.407  36.157946    13.6647    8.62222      1.395    29.9299    22.3395 -9.990e-29
 268.668478      1.400  36.151832    13.6428    8.41329      1.388    29.9414    22.3527 -9.990e-29
 268.668484      1.396  36.140416    13.6147    8.23417      1.384    29.9529    22.3671 -9.990e-29
 268.668490      1.393  36.121375    13.5830    8.15278      1.381    29.9602    22.3790 -9.990e-29
 268.668495      1.394  36.091745    13.5432    8.15550      1.382    29.9641    22.3898 -9.990e-29
 268.668501      1.405  36.067532    13.5088    8.19285      1.393    29.9687    22.4001 -9.990e-29
 268.668507      1.423  36.055700    13.5000    8.28662      1.411    29.9647    22.3987 -9.990e-29
 268.668513      1.437  36.052802    13.5151    8.37156      1.425    29.9502    22.3846 -9.990e-29
 268.668519      1.443  36.056649    13.5298    8.41337      1.431    29.9422    22.3755 -9.990e-29
 268.668524      1.446  36.061716    13.5198    8.49259      1.434    29.9547    22.3872 -9.990e-29
 268.668530      1.451  36.065793    13.4939    8.62779      1.439    29.9788    22.4108 -9.990e-29
 268.668536      1.457  36.068155    13.4742    8.78777      1.445    29.9964    22.4283 -9.990e-29
 268.668542      1.465  36.065219    13.4702    8.96488      1.453    29.9968    22.4294 -9.990e-29
 268.668547      1.471  36.065962    13.4901    9.07850      1.459    29.9819    22.4140 -9.990e-29
 268.668553      1.471  36.083149    13.5314    9.07402      1.459    29.9654    22.3931 -9.990e-29
 268.668559      1.467  36.110536    13.5751    8.98621      1.455    29.9564    22.3776 -9.990e-29
 268.668565      1.460  36.136418    13.6041    8.89611      1.448    29.9575    22.3728 -9.990e-29
 268.668571      1.460  36.152700    13.6058    8.87672      1.448    29.9712    22.3830 -9.990e-29
 268.668576      1.467  36.144651    13.5850    8.92184      1.455    29.9800    22.3939 -9.990e-29
 268.668582      1.472  36.118931    13.5730    8.93677      1.460    29.9657    22.3852 -9.990e-29
 268.668588      1.472  36.107973    13.5909    8.89825      1.460    29.9416    22.3631 -9.990e-29
 268.668594      1.466  36.119591    13.6287    8.78733      1.454    29.9228    22.3411 -9.990e-29
 268.668600      1.458  36.130582    13.6587    8.67816      1.446    29.9095    22.3249 -9.990e-29
 268.668605      1.457  36.126447    13.6641    8.60137      1.445    29.9014    22.3176 -9.990e-29
 268.668611      1.462  36.115702    13.6526    8.54075      1.450    29.9005    22.3192 -9.990e-29
 268.668617      1.469  36.107017    13.6368    8.54470      1.457    29.9049    22.3257 -9.990e-29
 268.668623      1.480  36.099467    13.6222    8.63154      1.468    29.9093    22.3320 -9.990e-29
 268.668628      1.489  36.090273    13.6127    8.85945      1.477    29.9083    22.3331 -9.990e-29
 268.668634      1.494  36.079513    13.6158    9.12938      1.482    29.8960    22.3229 -9.990e-29
 268.668640      1.496  36.077509    13.6390    9.39388      1.484    29.8760    22.3030 -9.990e-29
 268.668646      1.493  36.091120    13.6731    9.60015      1.481    29.8619    22.2854 -9.990e-29
 268.668652      1.485  36.111578    13.6953    9.70190      1.473    29.8634    22.2821 -9.990e-29
 268.668657      1.478  36.131963    13.6986    9.75191      1.466    29.8796    22.2940 -9.990e-29
 268.668663      1.478  36.155352    13.7020    9.70048      1.466    29.8984    22.3078 -9.990e-29
 268.668669      1.486  36.181535    13.7217    9.62695      1.474    29.9071    22.3106 -9.990e-29
 268.668675      1.493  36.202243    13.7438    9.58599      1.481    29.9089    22.3076 -9.990e-29
 268.668681      1.496  36.208635    13.7470    9.56330      1.484    29.9122    22.3096 -9.990e-29
 268.668686      1.495  36.198025    13.7397    9.50190      1.483    29.9082    22.3079 -9.990e-29
 268.668692      1.490  36.185433    13.7457    9.42008      1.478    29.8920    22.2942 -9.990e-29
 268.668698      1.481  36.187717    13.7729    9.27930      1.469    29.8729    22.2740 -9.990e-29
 268.668704      1.466  36.194460    13.8082    9.07449      1.454    29.8516    22.2506 -9.990e-29
 268.668709      1.451  36.192784    13.8291    8.83414      1.439    29.8338    22.2328 -9.990e-29
 268.668715      1.441  36.187189    13.8165    8.54587      1.429    29.8385    22.2389 -9.990e-29
 268.668721      1.440  36.176395    13.7656    8.33206      1.428    29.8682    22.2719 -9.990e-29
 268.668727      1.449  36.152186    13.6949    8.23897      1.437    29.9011    22.3113 -9.990e-29
 268.668733      1.465  36.118730    13.6389    8.27948      1.453    29.9140    22.3323 -9.990e-29
 268.668738      1.482  36.090851    13.6147    8.49585      1.470    29.9073    22.3319 -9.990e-29
 268.668744      1.503  36.079025    13.6097    8.77466      1.490    29.9003    22.3275 -9.990e-29
 268.668750      1.521  36.078689    13.6054    9.10541      1.508    29.9033    22.3307 -9.990e-29
 268.668756      1.528  36.079860    13.5925    9.46703      1.515    29.9145    22.3418 -9.990e-29
 268.668762      1.528  36.084661    13.5810    9.70826      1.515    29.9279    22.3544 -9.990e-29
 268.668767      1.527  36.099496    13.5994    9.77574      1.514    29.9272    22.3503 -9.990e-29
 268.668773      1.523  36.130125    13.6645    9.69243      1.510    29.9045    22.3199 -9.990e-29
 268.668779      1.517  36.177007    13.7457    9.49445      1.504    29.8842    22.2882 -9.990e-29
 268.668785      1.508  36.217421    13.7876    9.31018      1.495    29.8886    22.2833 -9.990e-29
 268.668791      1.497  36.225640    13.7766    9.19929      1.485    29.9048    22.2979 -9.990e-29
 268.668796      1.485  36.204230    13.7466    9.20794      1.473    29.9085    22.3068 -9.990e-29
 268.668802      1.482  36.170636    13.7314    9.23930      1.470    29.8895    22.2951 -9.990e-29
 268.668808      1.486  36.145670    13.7417    9.24095      1.474    29.8586    22.2692 -9.990e-29
 268.668814      1.491  36.144263    13.7666    9.23710      1.479    29.8379    22.2483 -9.990e-29
 268.668819      1.490  36.157246    13.7830    9.19764      1.478    29.8371    22.2444 -9.990e-29
 268.668825      1.486  36.162678    13.7746    9.14219      1.474    29.8486    22.2550 -9.990e-29
 268.668831      1.481  36.153793    13.7459    9.06764      1.469    29.8628    22.2716 -9.990e-29
 268.668837      1.479  36.142301    13.7135    8.98845      1.467    29.8775    22.2894 -9.990e-29
 268.668843      1.477  36.137553    13.6917    8.89279      1.465    29.8901    22.3034 -9.990e-29
 268.668848      1.470  36.138259    13.6830    8.79068      1.458    29.8975    22.3109 -9.990e-29
 268.668854      1.461  36.136380    13.6757    8.73962      1.449    29.9015    22.3154 -9.990e-29
 268.668860      1.459  36.127726    13.6531    8.75840      1.447    29.9112    22.3273 -9.990e-29
 268.668866      1.464  36.113660    13.6154    8.85393      1.452    29.9277    22.3475 -9.990e-29
 268.668872      1.471  36.100660    13.5920    8.91390      1.459    29.9340    22.3570 -9.990e-29
 268.668877      1.480  36.098867    13.6082    8.96261      1.468    29.9197    22.3428 -9.990e-29
 268.668883      1.489  36.105322    13.6399    9.04249      1.477    29.9009    22.3220 -9.990e-29
 268.668889      1.498  36.114046    13.6482    9.12606      1.485    29.9024    22.3215 -9.990e-29
 268.668895      1.512  36.119856    13.6384    9.21446      1.499    29.9154    22.3335 -9.990e-29
 268.668900      1.527  36.119854    13.6362    9.27234      1.514    29.9171    22.3353 -9.990e-29
 268.668906      1.540  36.122451    13.6451    9.27253      1.527    29.9126    22.3300 -9.990e-29
 268.668912      1.547  36.127740    13.6508    9.17823      1.534    29.9130    22.3292 -9.990e-29
 268.668918      1.546  36.135484    13.6535    9.02510      1.533    29.9180    22.3325 -9.990e-29
 268.668924      1.539  36.150966    13.6659    8.89192      1.526    29.9225    22.3336 -9.990e-29
 268.668929      1.530  36.163988    13.6722    8.83065      1.517    29.9296    22.3378 -9.990e-29
 268.668935      1.520  36.156586    13.6479    8.81712      1.507    29.9418    22.3520 -9.990e-29
 268.668941      1.508  36.130671    13.6053    8.82875      1.495    29.9513    22.3677 -9.990e-29
 268.668947      1.501  36.108332    13.5752    8.88742      1.488    29.9542    22.3759 -9.990e-29
 268.668953      1.507  36.101276    13.5749    8.93234      1.494    29.9480    22.3712 -9.990e-29
 268.668958      1.518  36.104570    13.6053    8.88753      1.505    29.9272    22.3491 -9.990e-29
 268.668964      1.527  36.114751    13.6479    8.81088      1.514    29.9033    22.3223 -9.990e-29
 268.668970      1.534  36.130814    13.6604    8.77282      1.521    29.9083    22.3237 -9.990e-29
 268.668976      1.539  36.137174    13.6212    8.81134      1.526    29.9448    22.3596 -9.990e-29
 268.668981      1.543  36.117653    13.5688    8.93519      1.530    29.9678    22.3877 -9.990e-29
 268.668987      1.546  36.093891    13.5586    9.03718      1.533    29.9539    22.3789 -9.990e-29
 268.668993      1.548  36.097559    13.5940    9.00734      1.535    29.9296    22.3532 -9.990e-29
 268.668999      1.550  36.118955    13.6289    8.90063      1.537    29.9220    22.3405 -9.990e-29
 268.669005      1.551  36.132773    13.6332    8.77323      1.538    29.9314    22.3468 -9.990e-29
 268.669010      1.556  36.133337    13.6124    8.69391      1.543    29.9481    22.3639 -9.990e-29
 268.669016      1.569  36.120290    13.5905    8.61803      1.556    29.9533    22.3722 -9.990e-29
 268.669022      1.587  36.104273    13.5862    8.57037      1.574    29.9419    22.3642 -9.990e-29
 268.669028      1.606  36.097571    13.5912    8.56998      1.593    29.9318    22.3554 -9.990e-29
 268.669034      1.625  36.090868    13.5812    8.69886      1.611    29.9334    22.3587 -9.990e-29
 268.669039      1.635  36.079715    13.5495    8.88839      1.621    29.9480    22.3761 -9.990e-29
 268.669045      1.636  36.072416    13.5281    9.10619      1.622    29.9580    22.3881 -9.990e-29
 268.669051      1.635  36.076608    13.5556    9.30893      1.621    29.9403    22.3690 -9.990e-29
 268.669057      1.625  36.097484    13.6345    9.41084      1.611    29.8979    22.3207 -9.990e-29
 268.669063      1.606  36.128658    13.7235    9.45560      1.593    29.8571    22.2717 -9.990e-29
 268.669068      1.591  36.153931    13.7704    9.45031      1.578    29.8438    22.2521 -9.990e-29
 268.669074      1.586  36.168876    13.7576    9.39574      1.573    29.8675    22.2729 -9.990e-29
 268.669080      1.587  36.169880    13.7129    9.32390      1.574    29.9032    22.3094 -9.990e-29
 268.669086      1.590  36.158842    13.6921    9.19076      1.577    29.9093    22.3182 -9.990e-29
 268.669091      1.595  36.159161    13.7201    8.97973      1.582    29.8878    22.2960 -9.990e-29
 268.669097      1.602  36.175722    13.7596    8.78315      1.589    29.8722    22.2762 -9.990e-29
 268.669103      1.608  36.184050    13.7608    8.73624      1.595    29.8789    22.2811 -9.990e-29
 268.669109      1.608  36.160478    13.7088    8.75284      1.595    29.8978    22.3060 -9.990e-29
 268.669115      1.607  36.115636    13.6365    8.84298      1.594    29.9130    22.3320 -9.990e-29
 268.669120      1.605  36.083931    13.5973    8.95432      1.592    29.9145    22.3409 -9.990e-29
 268.669126      1.597  36.083069    13.6077    8.92268      1.584    29.9055    22.3319 -9.990e-29
 268.669132      1.587  36.107947    13.6390    8.80825      1.574    29.9040    22.3246 -9.990e-29
 268.669138      1.579  36.138446    13.6640    8.76022      1.566    29.9125    22.3262 -9.990e-29
 268.669144      1.573  36.160275    13.6638    8.75963      1.560    29.9327    22.3418 -9.990e-29
 268.669149      1.571  36.158797    13.6291    8.84166      1.558    29.9585    22.3686 -9.990e-29
 268.669155      1.579  36.135964    13.6007    8.92697      1.566    29.9597    22.3751 -9.990e-29
 268.669161      1.589  36.130297    13.6120    8.82794      1.576    29.9456    22.3620 -9.990e-29
 268.669167      1.591  36.148236    13.6401    8.64472      1.578    29.9402    22.3523 -9.990e-29
 268.669172      1.591  36.163775    13.6547    8.47820      1.578    29.9430    22.3516 -9.990e-29
 268.669178      1.594  36.170151    13.6411    8.40596      1.581    29.9595    22.3670 -9.990e-29
 268.669184      1.599  36.156235    13.5986    8.50878      1.586    29.9800    22.3912 -9.990e-29
 268.669190      1.606  36.118607    13.5481    8.72283      1.593    29.9849    22.4049 -9.990e-29
 268.669196      1.616  36.087832    13.5195    8.91509      1.603    29.9790    22.4060 -9.990e-29
 268.669201      1.629  36.080615    13.5279    8.99521      1.615    29.9657    22.3941 -9.990e-29
 268.669207      1.648  36.092919    13.5718    8.93275      1.634    29.9427    22.3677 -9.990e-29
 268.669213      1.671  36.125432    13.6230    8.69738      1.657    29.9325    22.3498 -9.990e-29
 268.669219      1.706  36.161498    13.6411    8.32311      1.692    29.9515    22.3609 -9.990e-29
 268.669225      1.764  36.170136    13.6150    7.90431      1.749    29.9799    22.3879 -9.990e-29
 268.669230      1.851  36.144923    13.5558    7.50275      1.836    30.0030    22.4174 -9.990e-29
