data/oxygen options/OCNMS/OCNMS1/raw_data/2006/CTD_TH042_071706_CASTfaed.cnv
* Sea-Bird SBE19 Data File:
* FileName = C:\MOORING_DATA_2006\CTD_TH042_071706_CAST.hex
* Software Version 1.1.8
* Temperature SN = 2997
* Conductivity SN = 2997
* System UpLoad Time = Jul 17 2006 10:59:55
* SEACAT PROFILER V3.1c SN 2997   07/17/06  10:58:52.633
* strain gauge pressure sensor: S/N = 184829,  range = 3000 psia,  tc = 40
# nquan = 9                                 
# nvalues = 1976                        
# units = specified
# name 0 = timeJ: Julian Days
# name 1 = prSM: Pressure, Strain Gauge [db]
# name 2 = c0mS/cm: Conductivity [mS/cm]
# name 3 = t090C: Temperature [ITS-90, deg C]
# name 4 = oxML/L: Oxygen, Beckman/YSI [ml/l]
# name 5 = depSM: Depth [salt water, m], lat = 47.5
# name 6 = sal00: Salinity, Practical [PSU]
# name 7 = sigma-é00: Density [sigma-theta, kg/m^3]
# name 8 = flag: flag
# span 0 = 198.445451, 198.456881       
# span 1 =     -5.368,     36.581       
# span 2 =   0.092360,  38.696208       
# span 3 =     7.7573,    17.9013       
# span 4 =  -13.12847,   32.17280       
# span 5 =     -5.323,     36.272       
# span 6 =     0.0536,    33.6317       
# span 7 =    -1.3430,    26.2345       
# span 8 = 0.0000e+00, 0.0000e+00       
# interval = seconds: 0.5
# start_time = Jul 17 2006 10:41:27 [Instrument's time stamp, header]
# bad_flag = -9.990e-29
*END*
[from data line 961]
 198.451013     29.589  34.630375     8.2747    4.08966     29.340    33.0312    25.6878 -9.990e-29
 198.451019     29.561  34.630172     8.2754    4.08015     29.312    33.0303    25.6870 -9.990e-29
 198.451024     29.558  34.629567     8.2757    4.07613     29.309    33.0294    25.6862 -9.990e-29
 198.451030     29.573  34.629429     8.2759    4.07227     29.324    33.0290    25.6860 -9.990e-29
 198.451036     29.596  34.629566     8.2759    4.07431     29.347    33.0292    25.6861 -9.990e-29
 198.451042     29.626  34.629591     8.2751    4.08806     29.377    33.0299    25.6868 -9.990e-29
 198.451047     29.656  34.629531     8.2732    4.08084     29.406    33.0316    25.6884 -9.990e-29
 198.451053     29.680  34.629293     8.2720    4.07945     29.430    33.0325    25.6893 -9.990e-29
 198.451059     29.693  34.629111     8.2730    4.08580     29.443    33.0314    25.6882 -9.990e-29
 198.451065     29.698  34.629295     8.2752    4.07802     29.448    33.0295    25.6864 -9.990e-29
 198.451071     29.695  34.629523     8.2768    4.08805     29.445    33.0282    25.6852 -9.990e-29
 198.451076     29.687  34.629528     8.2768    4.07854     29.437    33.0282    25.6852 -9.990e-29
 198.451082     29.683  34.629311     8.2755    4.07538     29.433    33.0292    25.6862 -9.990e-29
 198.451088     29.687  34.629138     8.2740    4.08542     29.437    33.0305    25.6874 -9.990e-29
 198.451094     29.703  34.629330     8.2731    4.07707     29.453    33.0315    25.6883 -9.990e-29
 198.451100     29.732  34.629577     8.2734    4.07912     29.482    33.0315    25.6882 -9.990e-29
 198.451105     29.764  34.629639     8.2743    4.07626     29.513    33.0307    25.6875 -9.990e-29
 198.451111     29.791  34.629590     8.2742    4.07530     29.540    33.0307    25.6875 -9.990e-29
 198.451117     29.812  34.629356     8.2735    4.07942     29.561    33.0311    25.6879 -9.990e-29
 198.451123     29.818  34.629178     8.2738    4.08001     29.567    33.0306    25.6875 -9.990e-29
 198.451128     29.807  34.629372     8.2748    4.07980     29.556    33.0299    25.6868 -9.990e-29
 198.451134     29.782  34.629627     8.2756    4.09939     29.531    33.0294    25.6863 -9.990e-29
 198.451140     29.749  34.629715     8.2761    4.09430     29.499    33.0291    25.6860 -9.990e-29
 198.451146     29.715  34.629746     8.2761    4.09178     29.465    33.0291    25.6860 -9.990e-29
 198.451152     29.687  34.629756     8.2754    4.08753     29.437    33.0298    25.6866 -9.990e-29
 198.451157     29.671  34.629751     8.2743    4.06339     29.421    33.0308    25.6876 -9.990e-29
 198.451163     29.675  34.629716     8.2733    4.07277     29.425    33.0317    25.6885 -9.990e-29
 198.451169     29.703  34.629598     8.2721    4.06607     29.453    33.0327    25.6894 -9.990e-29
 198.451175     29.752  34.629232     8.2694    4.05873     29.502    33.0349    25.6915 -9.990e-29
 198.451181     29.810  34.628682     8.2655    4.07132     29.559    33.0379    25.6945 -9.990e-29
 198.451186     29.858  34.628328     8.2627    4.06169     29.607    33.0401    25.6966 -9.990e-29
 198.451192     29.891  34.628251     8.2625    4.06568     29.639    33.0402    25.6967 -9.990e-29
 198.451198     29.910  34.628336     8.2644    4.07701     29.658    33.0385    25.6951 -9.990e-29
 198.451204     29.917  34.628689     8.2670    4.06974     29.665    33.0365    25.6931 -9.990e-29
 198.451209     29.912  34.629215     8.2692    4.08117     29.660    33.0349    25.6916 -9.990e-29
 198.451215     29.900  34.629484     8.2699    4.08160     29.648    33.0346    25.6912 -9.990e-29
 198.451221     29.884  34.629290     8.2693    4.07094     29.632    33.0349    25.6916 -9.990e-29
 198.451227     29.854  34.628927     8.2695    4.07998     29.603    33.0344    25.6911 -9.990e-29
 198.451233     29.804  34.629024     8.2714    4.07687     29.553    33.0327    25.6895 -9.990e-29
 198.451238     29.748  34.629701     8.2734    4.06913     29.498    33.0316    25.6883 -9.990e-29
 198.451244     29.704  34.630171     8.2737    4.06862     29.454    33.0318    25.6885 -9.990e-29
 198.451250     29.682  34.629936     8.2710    4.05697     29.432    33.0341    25.6907 -9.990e-29
 198.451256     29.685  34.629236     8.2650    4.05878     29.435    33.0390    25.6954 -9.990e-29
 198.451262     29.708  34.628254     8.2582    4.05570     29.458    33.0444    25.7006 -9.990e-29
 198.451267     29.745  34.627354     8.2533    4.04617     29.495    33.0480    25.7042 -9.990e-29
 198.451273     29.786  34.627006     8.2508    4.05554     29.535    33.0500    25.7061 -9.990e-29
 198.451279     29.815  34.627298     8.2520    4.05080     29.564    33.0491    25.7053 -9.990e-29
 198.451285     29.825  34.628049     8.2567    4.05333     29.574    33.0455    25.7017 -9.990e-29
 198.451291     29.823  34.628570     8.2612    4.05665     29.572    33.0418    25.6982 -9.990e-29
 198.451296     29.816  34.628426     8.2620    4.04505     29.565    33.0409    25.6973 -9.990e-29
 198.451302     29.812  34.627981     8.2571    4.04813     29.561    33.0451    25.7013 -9.990e-29
 198.451308     29.816  34.627195     8.2480    4.03972     29.565    33.0528    25.7087 -9.990e-29
 198.451314     29.818  34.626136     8.2409    4.04058     29.567    33.0584    25.7142 -9.990e-29
 198.451319     29.807  34.625625     8.2401    4.05379     29.556    33.0586    25.7144 -9.990e-29
 198.451325     29.778  34.626094     8.2437    4.05011     29.527    33.0557    25.7116 -9.990e-29
 198.451331     29.732  34.627036     8.2481    4.05142     29.482    33.0526    25.7085 -9.990e-29
 198.451337     29.681  34.627455     8.2513    4.04041     29.431    33.0500    25.7061 -9.990e-29
 198.451343     29.636  34.627345     8.2525    4.02702     29.387    33.0488    25.7049 -9.990e-29
 198.451348     29.601  34.627114     8.2508    4.03723     29.352    33.0502    25.7063 -9.990e-29
 198.451354     29.564  34.626448     8.2460    4.02219     29.315    33.0540    25.7100 -9.990e-29
 198.451360     29.523  34.625571     8.2409    4.03012     29.275    33.0579    25.7138 -9.990e-29
 198.451366     29.475  34.624988     8.2368    4.02261     29.227    33.0612    25.7170 -9.990e-29
 198.451372     29.409  34.624474     8.2324    4.02898     29.161    33.0648    25.7204 -9.990e-29
 198.451377     29.312  34.623896     8.2287    4.04795     29.065    33.0677    25.7233 -9.990e-29
 198.451383     29.170  34.623596     8.2282    4.05651     28.925    33.0679    25.7235 -9.990e-29
 198.451389     28.968  34.623726     8.2316    4.07429     28.724    33.0649    25.7207 -9.990e-29
 198.451395     28.699  34.624451     8.2384    4.08168     28.458    33.0594    25.7154 -9.990e-29
 198.451400     28.362  34.625610     8.2480    4.09369     28.123    33.0518    25.7079 0.0000e+00
 198.451406     27.966  34.626497     8.2611    4.11115     27.731    33.0406    25.6972 0.0000e+00
 198.451412     27.524  34.627169     8.2771    4.10270     27.292    33.0265    25.6837 0.0000e+00
 198.451418     27.056  34.627957     8.2920    4.10994     26.828    33.0135    25.6713 0.0000e+00
 198.451424     26.586  34.628788     8.3001    4.12162     26.362    33.0070    25.6650 0.0000e+00
 198.451429     26.142  34.629648     8.3023    4.12729     25.922    33.0061    25.6639 0.0000e+00
 198.451435     25.728  34.631123     8.3090    4.15470     25.512    33.0015    25.6594 0.0000e+00
 198.451441     25.332  34.634054     8.3231    4.16460     25.119    32.9916    25.6495 0.0000e+00
 198.451447     24.937  34.637295     8.3390    4.21213     24.727    32.9803    25.6382 0.0000e+00
 198.451453     24.525  34.639553     8.3613    4.26729     24.319    32.9619    25.6205 0.0000e+00
 198.451458     24.093  34.643276     8.3942    4.29345     23.891    32.9353    25.5947 0.0000e+00
 198.451464     23.652  34.650618     8.4293    4.33565     23.453    32.9104    25.5699 0.0000e+00
 198.451470     23.211  34.661835     8.4695    4.38456     23.016    32.8849    25.5439 0.0000e+00
 198.451476     22.777  34.677867     8.5357    4.41780     22.586    32.8403    25.4989 0.0000e+00
 198.451481     22.358  34.698219     8.6360    4.38670     22.170    32.7687    25.4276 0.0000e+00
 198.451487     21.963  34.727038     8.7392    4.34100     21.779    32.7036    25.3609 0.0000e+00
 198.451493     21.617  34.767989     8.8059    4.31114     21.435    32.6849    25.3361 0.0000e+00
 198.451499     21.338  34.805596     8.8479    4.28527     21.159    32.6856    25.3301 0.0000e+00
 198.451505     21.132  34.833943     8.9113    4.29343     20.955    32.6569    25.2978 0.0000e+00
 198.451510     20.989  34.871202     8.9944    4.29596     20.813    32.6193    25.2556 -9.990e-29
 198.451516     20.896  34.908168     9.0452    4.29014     20.721    32.6112    25.2413 -9.990e-29
 198.451522     20.833  34.922358     9.0679    4.29936     20.658    32.6051    25.2330 -9.990e-29
 198.451528     20.781  34.922045     9.1081    4.29297     20.607    32.5680    25.1977 -9.990e-29
 198.451534     20.727  34.923633     9.1567    4.28823     20.553    32.5253    25.1566 -9.990e-29
 198.451539     20.672  34.932596     9.1918    4.26397     20.498    32.5026    25.1334 -9.990e-29
 198.451545     20.616  34.946302     9.2156    4.22215     20.443    32.4951    25.1237 -9.990e-29
 198.451551     20.561  34.960039     9.2349    4.21564     20.388    32.4917    25.1181 -9.990e-29
 198.451557     20.516  34.970812     9.2554    4.20611     20.344    32.4842    25.1089 -9.990e-29
 198.451562     20.495  34.978402     9.2718    4.21494     20.323    32.4771    25.1008 -9.990e-29
 198.451568     20.509  34.983954     9.2746    4.23276     20.337    32.4803    25.1029 -9.990e-29
 198.451574     20.556  34.983652     9.2591    4.23283     20.383    32.4941    25.1161 -9.990e-29
 198.451580     20.612  34.972603     9.2356    4.23504     20.439    32.5040    25.1276 -9.990e-29
 198.451586     20.651  34.957936     9.2287    4.23558     20.478    32.4951    25.1217 -9.990e-29
 198.451591     20.663  34.953164     9.2465    4.23176     20.490    32.4740    25.1024 -9.990e-29
 198.451597     20.653  34.959760     9.2736    4.23148     20.480    32.4562    25.0842 -9.990e-29
 198.451603     20.629  34.970809     9.2944    4.22195     20.456    32.4487    25.0750 -9.990e-29
 198.451609     20.601  34.981975     9.3007    4.22186     20.428    32.4545    25.0786 -9.990e-29
 198.451615     20.586  34.987396     9.2937    4.20455     20.413    32.4664    25.0890 -9.990e-29
 198.451620     20.591  34.984765     9.2822    4.19801     20.418    32.4742    25.0969 -9.990e-29
 198.451626     20.616  34.981784     9.2712    4.19037     20.443    32.4811    25.1040 -9.990e-29
 198.451632     20.658  34.980635     9.2583    4.19209     20.485    32.4916    25.1143 -9.990e-29
 198.451638     20.704  34.976973     9.2418    4.21701     20.530    32.5028    25.1257 -9.990e-29
 198.451644     20.739  34.970954     9.2265    4.21856     20.565    32.5106    25.1341 -9.990e-29
 198.451649     20.765  34.965195     9.2167    4.22965     20.591    32.5135    25.1380 -9.990e-29
 198.451655     20.788  34.960977     9.2100    4.21783     20.613    32.5153    25.1404 -9.990e-29
 198.451661     20.806  34.957716     9.2045    4.19965     20.631    32.5169    25.1426 -9.990e-29
 198.451667     20.810  34.954978     9.2064    4.22185     20.635    32.5123    25.1387 -9.990e-29
 198.451672     20.797  34.955272     9.2206    4.22111     20.622    32.4997    25.1266 -9.990e-29
 198.451678     20.775  34.960661     9.2391    4.23965     20.601    32.4884    25.1148 -9.990e-29
 198.451684     20.755  34.968231     9.2498    4.23641     20.581    32.4865    25.1117 -9.990e-29
 198.451690     20.744  34.974053     9.2475    4.20663     20.570    32.4946    25.1184 -9.990e-29
 198.451696     20.746  34.973549     9.2364    4.16339     20.572    32.5042    25.1276 -9.990e-29
 198.451701     20.757  34.966603     9.2284    4.13389     20.583    32.5043    25.1290 -9.990e-29
 198.451707     20.773  34.961888     9.2267    4.16480     20.599    32.5010    25.1266 -9.990e-29
 198.451713     20.795  34.962081     9.2173    4.19591     20.620    32.5097    25.1349 -9.990e-29
 198.451719     20.825  34.960700     9.1883    4.23701     20.650    32.5347    25.1591 -9.990e-29
 198.451725     20.864  34.950850     9.1468    4.26055     20.689    32.5624    25.1872 -9.990e-29
 198.451730     20.906  34.930799     9.1072    4.24351     20.730    32.5779    25.2055 -9.990e-29
 198.451736     20.934  34.908577     9.0873    4.24229     20.758    32.5730    25.2048 -9.990e-29
 198.451742     20.930  34.900140     9.1004    4.23600     20.754    32.5523    25.1866 -9.990e-29
 198.451748     20.896  34.911028     9.1331    4.23517     20.721    32.5337    25.1669 -9.990e-29
 198.451753     20.846  34.927325     9.1622    4.23324     20.671    32.5240    25.1548 -9.990e-29
 198.451759     20.798  34.939913     9.1814    4.19950     20.623    32.5196    25.1483 -9.990e-29
 198.451765     20.761  34.949310     9.1933    4.17924     20.587    32.5184    25.1455 -9.990e-29
 198.451771     20.744  34.954584     9.1978    4.15722     20.570    32.5198    25.1459 -9.990e-29
 198.451777     20.743  34.955466     9.1959    4.16975     20.569    32.5224    25.1482 -9.990e-29
 198.451782     20.755  34.954245     9.1902    4.20450     20.581    32.5264    25.1522 -9.990e-29
 198.451788     20.780  34.952646     9.1770    4.20999     20.606    32.5368    25.1624 -9.990e-29
 198.451794     20.812  34.946842     9.1497    4.23668     20.637    32.5557    25.1815 -9.990e-29
 198.451800     20.840  34.934689     9.1124    4.22832     20.665    32.5772    25.2042 -9.990e-29
 198.451806     20.857  34.921277     9.0839    4.21088     20.682    32.5893    25.2181 -9.990e-29
 198.451811     20.860  34.913939     9.0841    4.20715     20.685    32.5815    25.2120 -9.990e-29
 198.451817     20.849  34.917451     9.1124    4.18297     20.674    32.5593    25.1902 -9.990e-29
 198.451823     20.824  34.928069     9.1483    4.19034     20.649    32.5375    25.1675 -9.990e-29
 198.451829     20.790  34.937507     9.1724    4.18648     20.615    32.5253    25.1542 -9.990e-29
 198.451834     20.764  34.943765     9.1785    4.19818     20.590    32.5262    25.1539 -9.990e-29
 198.451840     20.757  34.946774     9.1656    4.22352     20.583    32.5411    25.1676 -9.990e-29
 198.451846     20.767  34.942127     9.1389    4.21909     20.593    32.5607    25.1871 -9.990e-29
 198.451852     20.783  34.932589     9.1149    4.21840     20.609    32.5727    25.2003 -9.990e-29
 198.451858     20.793  34.926735     9.1053    4.20871     20.618    32.5754    25.2039 -9.990e-29
 198.451863     20.794  34.925715     9.1087    4.21914     20.619    32.5713    25.2001 -9.990e-29
 198.451869     20.789  34.928151     9.1211    4.22039     20.614    32.5625    25.1913 -9.990e-29
 198.451875     20.783  34.933353     9.1373    4.18124     20.609    32.5530    25.1814 -9.990e-29
 198.451881     20.775  34.938712     9.1499    4.14754     20.601    32.5471    25.1747 -9.990e-29
 198.451887     20.769  34.941272     9.1529    4.11078     20.595    32.5470    25.1742 -9.990e-29
 198.451892     20.769  34.939952     9.1459    4.15144     20.595    32.5520    25.1792 -9.990e-29
 198.451898     20.779  34.936349     9.1324    4.22497     20.605    32.5606    25.1881 -9.990e-29
 198.451904     20.804  34.931814     9.1095    4.28844     20.629    32.5768    25.2044 -9.990e-29
 198.451910     20.837  34.922532     9.0666    4.33193     20.662    32.6065    25.2343 -9.990e-29
 198.451916     20.864  34.902840     9.0119    4.31173     20.689    32.6362    25.2660 -9.990e-29
 198.451921     20.872  34.878431     8.9813    4.26494     20.697    32.6389    25.2729 -9.990e-29
 198.451927     20.859  34.867206     8.9997    4.22122     20.684    32.6104    25.2477 -9.990e-29
