data/oxygen options/OCNMS/OCNMS1/raw_data/2006/CTD_TH042_100206faed.cnv
* Sea-Bird SBE19 Data File:
* FileName = C:\MOORING_DATA_2006\CTD_TH042_100206.hex
* Software Version 1.1.6
* Temperature SN = 2997
* Conductivity SN = 2997
* System UpLoad Time = Oct 02 2006 18:03:38
* SEACAT PROFILER V3.1c SN 2997   10/02/06  18:04:35.284
* strain gauge pressure sensor: S/N = 184829,  range = 3000 psia,  tc = 40
# nquan = 9                                 
# nvalues = 1996                        
# units = specified
# name 0 = timeJ: Julian Days
# name 1 = prSM: Pressure, Strain Gauge [db]
# name 2 = c0mS/cm: Conductivity [mS/cm]
# name 3 = t090C: Temperature [ITS-90, deg C]
# name 4 = oxML/L: Oxygen, Beckman/YSI [ml/l]
# name 5 = depSM: Depth [salt water, m], lat = 47.5
# name 6 = sal00: Salinity, Practical [PSU]
# name 7 = sigma-é00: Density [sigma-theta, kg/m^3]
# name 8 = flag: flag
# span 0 = 275.738148, 275.749693       
# span 1 =     -4.611,     44.392       
# span 2 =   0.160087,  37.410918       
# span 3 =     7.7809,    12.8043       
# span 4 =  -11.13293,   37.41829       
# span 5 =     -4.573,     44.017       
# span 6 =     0.1004,    33.8432       
# span 7 =    -0.5176,    26.3973       
# span 8 = 0.0000e+00, 0.0000e+00       
# interval = seconds: 0.5
# start_time = Oct 02 2006 17:42:56 [Instrument's time stamp, header]
# bad_flag = -9.990e-29
*END*
[from data line 1761]
 275.748339      4.925  37.096313    11.2299    5.86708      4.884    32.8552    25.0648 -9.990e-29
 275.748345      4.941  37.095880    11.2305    5.85955      4.900    32.8542    25.0640 -9.990e-29
 275.748351      4.940  37.095589    11.2313    5.87154      4.899    32.8532    25.0630 -9.990e-29
 275.748356      4.928  37.095616    11.2323    5.87030      4.887    32.8524    25.0622 -9.990e-29
 275.748362      4.911  37.096005    11.2334    5.86435      4.870    32.8518    25.0615 -9.990e-29
 275.748368      4.898  37.096719    11.2343    5.85769      4.857    32.8517    25.0613 -9.990e-29
 275.748374      4.892  37.097034    11.2350    5.86628      4.851    32.8514    25.0609 -9.990e-29
 275.748380      4.893  37.096814    11.2353    5.85787      4.852    32.8509    25.0605 -9.990e-29
 275.748385      4.900  37.096893    11.2355    5.86417      4.859    32.8508    25.0604 -9.990e-29
 275.748391      4.914  37.097383    11.2358    5.86541      4.873    32.8510    25.0605 -9.990e-29
 275.748397      4.936  37.097821    11.2364    5.86879      4.895    32.8509    25.0603 -9.990e-29
 275.748403      4.963  37.097674    11.2368    5.86899      4.922    32.8504    25.0598 -9.990e-29
 275.748409      4.984  37.097312    11.2365    5.86226      4.942    32.8503    25.0598 -9.990e-29
 275.748414      4.991  37.097379    11.2361    5.86036      4.949    32.8507    25.0602 -9.990e-29
 275.748420      4.990  37.097410    11.2359    5.86652      4.948    32.8509    25.0604 -9.990e-29
 275.748426      4.985  37.097453    11.2357    5.86399      4.943    32.8511    25.0606 -9.990e-29
 275.748432      4.979  37.097568    11.2355    5.86233      4.937    32.8514    25.0609 -9.990e-29
 275.748438      4.977  37.097354    11.2354    5.86041      4.935    32.8513    25.0608 -9.990e-29
 275.748443      4.969  37.097095    11.2352    5.86642      4.927    32.8512    25.0608 -9.990e-29
 275.748449      4.951  37.097010    11.2350    5.86407      4.910    32.8513    25.0609 -9.990e-29
 275.748455      4.931  37.096990    11.2353    5.86197      4.890    32.8510    25.0606 -9.990e-29
 275.748461      4.912  37.097015    11.2360    5.87444      4.871    32.8505    25.0600 -9.990e-29
 275.748466      4.895  37.097123    11.2365    5.86168      4.854    32.8501    25.0597 -9.990e-29
 275.748472      4.886  37.097464    11.2366    5.86958      4.845    32.8504    25.0599 -9.990e-29
 275.748478      4.882  37.097938    11.2367    5.86055      4.841    32.8508    25.0602 -9.990e-29
 275.748484      4.885  37.098061    11.2369    5.86265      4.844    32.8507    25.0601 -9.990e-29
 275.748490      4.889  37.098003    11.2372    5.86309      4.848    32.8504    25.0598 -9.990e-29
 275.748495      4.891  37.098253    11.2377    5.86558      4.850    32.8502    25.0595 -9.990e-29
 275.748501      4.895  37.098026    11.2381    5.86114      4.854    32.8496    25.0590 -9.990e-29
 275.748507      4.902  37.097027    11.2385    5.86535      4.861    32.8482    25.0579 -9.990e-29
 275.748513      4.907  37.096734    11.2390    5.86226      4.866    32.8475    25.0572 -9.990e-29
 275.748519      4.915  37.097322    11.2393    5.86677      4.874    32.8478    25.0574 -9.990e-29
 275.748524      4.932  37.097898    11.2389    5.86251      4.891    32.8487    25.0582 -9.990e-29
 275.748530      4.957  37.098112    11.2374    5.86649      4.916    32.8503    25.0596 -9.990e-29
 275.748536      4.988  37.097695    11.2356    5.86101      4.946    32.8514    25.0609 -9.990e-29
 275.748542      5.016  37.097217    11.2349    5.87301      4.974    32.8516    25.0611 -9.990e-29
 275.748547      5.027  37.097168    11.2354    5.86228      4.985    32.8511    25.0607 -9.990e-29
 275.748553      5.024  37.097489    11.2361    5.86601      4.982    32.8508    25.0603 -9.990e-29
 275.748559      5.014  37.098050    11.2364    5.86631      4.972    32.8511    25.0605 -9.990e-29
 275.748565      5.001  37.098485    11.2363    5.85661      4.959    32.8516    25.0609 -9.990e-29
 275.748571      4.989  37.098818    11.2364    5.86798      4.947    32.8518    25.0611 -9.990e-29
 275.748576      4.981  37.098937    11.2367    5.86612      4.939    32.8517    25.0609 -9.990e-29
 275.748582      4.973  37.098448    11.2371    5.86679      4.931    32.8509    25.0602 -9.990e-29
 275.748588      4.963  37.097823    11.2377    5.86876      4.922    32.8497    25.0592 -9.990e-29
 275.748594      4.956  37.097732    11.2383    5.86561      4.915    32.8491    25.0586 -9.990e-29
 275.748600      4.946  37.098055    11.2391    5.86781      4.905    32.8487    25.0581 -9.990e-29
 275.748605      4.934  37.098479    11.2398    5.87726      4.893    32.8485    25.0578 -9.990e-29
 275.748611      4.926  37.099011    11.2400    5.87056      4.885    32.8488    25.0581 -9.990e-29
 275.748617      4.927  37.099618    11.2398    5.86601      4.886    32.8496    25.0587 -9.990e-29
 275.748623      4.937  37.099989    11.2395    5.84899      4.896    32.8503    25.0593 -9.990e-29
 275.748628      4.951  37.100058    11.2391    5.85036      4.910    32.8507    25.0597 -9.990e-29
 275.748634      4.968  37.099919    11.2383    5.84884      4.926    32.8512    25.0602 -9.990e-29
 275.748640      4.987  37.099390    11.2366    5.85069      4.945    32.8522    25.0613 -9.990e-29
 275.748646      5.006  37.097768    11.2321    5.85594      4.964    32.8546    25.0640 -9.990e-29
 275.748652      5.021  37.094013    11.2241    5.85450      4.979    32.8581    25.0681 -9.990e-29
 275.748657      5.034  37.089293    11.2177    5.87228      4.992    32.8591    25.0701 -9.990e-29
 275.748663      5.041  37.087413    11.2177    5.86937      4.999    32.8573    25.0686 -9.990e-29
 275.748669      5.035  37.089230    11.2227    5.86904      4.993    32.8546    25.0657 -9.990e-29
 275.748675      5.014  37.092120    11.2290    5.86464      4.972    32.8518    25.0624 -9.990e-29
 275.748681      4.985  37.094888    11.2342    5.86883      4.943    32.8499    25.0600 -9.990e-29
 275.748686      4.957  37.097302    11.2372    5.86570      4.916    32.8496    25.0592 -9.990e-29
 275.748692      4.935  37.098658    11.2382    5.86267      4.894    32.8501    25.0594 -9.990e-29
 275.748698      4.922  37.098524    11.2379    5.84679      4.881    32.8502    25.0595 -9.990e-29
 275.748704      4.917  37.097286    11.2369    5.85758      4.876    32.8499    25.0595 -9.990e-29
 275.748709      4.920  37.096099    11.2356    5.85641      4.879    32.8499    25.0597 -9.990e-29
 275.748715      4.931  37.095067    11.2330    5.85768      4.890    32.8512    25.0612 -9.990e-29
 275.748721      4.952  37.093937    11.2294    5.86822      4.911    32.8533    25.0634 -9.990e-29
 275.748727      4.979  37.092887    11.2268    5.86453      4.937    32.8546    25.0649 -9.990e-29
 275.748733      5.004  37.091080    11.2257    5.86804      4.962    32.8538    25.0645 -9.990e-29
 275.748738      5.022  37.089471    11.2255    5.85831      4.980    32.8523    25.0634 -9.990e-29
 275.748744      5.029  37.089844    11.2254    5.86120      4.987    32.8528    25.0638 -9.990e-29
 275.748750      5.030  37.091014    11.2249    5.86286      4.988    32.8544    25.0651 -9.990e-29
 275.748756      5.029  37.091741    11.2244    5.87249      4.987    32.8556    25.0661 -9.990e-29
 275.748762      5.022  37.092434    11.2250    5.87584      4.980    32.8557    25.0661 -9.990e-29
 275.748767      5.005  37.093459    11.2270    5.87885      4.963    32.8549    25.0651 -9.990e-29
 275.748773      4.979  37.094499    11.2293    5.87125      4.937    32.8539    25.0639 -9.990e-29
 275.748779      4.952  37.095263    11.2307    5.87390      4.911    32.8534    25.0633 -9.990e-29
 275.748785      4.932  37.096210    11.2315    5.86767      4.891    32.8537    25.0634 -9.990e-29
 275.748791      4.921  37.097483    11.2323    5.86997      4.880    32.8542    25.0636 -9.990e-29
 275.748796      4.917  37.097978    11.2325    5.86571      4.876    32.8545    25.0638 -9.990e-29
 275.748802      4.918  37.097236    11.2320    5.86213      4.877    32.8542    25.0637 -9.990e-29
 275.748808      4.918  37.096512    11.2318    5.86392      4.877    32.8537    25.0633 -9.990e-29
 275.748814      4.922  37.096528    11.2320    5.86215      4.881    32.8535    25.0632 -9.990e-29
 275.748819      4.931  37.096744    11.2319    5.86583      4.890    32.8538    25.0634 -9.990e-29
 275.748825      4.940  37.096890    11.2317    5.87332      4.899    32.8542    25.0637 -9.990e-29
 275.748831      4.949  37.097163    11.2317    5.87499      4.908    32.8544    25.0639 -9.990e-29
 275.748837      4.956  37.097369    11.2320    5.86703      4.915    32.8544    25.0638 -9.990e-29
 275.748843      4.952  37.097221    11.2325    5.86228      4.911    32.8538    25.0632 -9.990e-29
 275.748848      4.937  37.097086    11.2329    5.85996      4.896    32.8533    25.0628 -9.990e-29
 275.748854      4.923  37.097346    11.2332    5.86958      4.882    32.8533    25.0627 -9.990e-29
 275.748860      4.918  37.097792    11.2337    5.87494      4.877    32.8533    25.0626 -9.990e-29
 275.748866      4.920  37.097898    11.2341    5.87352      4.879    32.8530    25.0624 -9.990e-29
 275.748872      4.927  37.097808    11.2342    5.87274      4.886    32.8528    25.0622 -9.990e-29
 275.748877      4.929  37.097964    11.2343    5.86928      4.888    32.8529    25.0623 -9.990e-29
 275.748883      4.927  37.098013    11.2348    5.86847      4.886    32.8525    25.0619 -9.990e-29
 275.748889      4.930  37.098024    11.2357    5.86368      4.889    32.8517    25.0611 -9.990e-29
 275.748895      4.942  37.098575    11.2368    5.87659      4.901    32.8513    25.0605 -9.990e-29
 275.748900      4.959  37.099282    11.2376    5.87192      4.918    32.8512    25.0604 -9.990e-29
 275.748906      4.974  37.099405    11.2376    5.86310      4.932    32.8514    25.0605 -9.990e-29
 275.748912      4.984  37.099112    11.2372    5.85313      4.942    32.8514    25.0606 -9.990e-29
 275.748918      4.989  37.099134    11.2372    5.86124      4.947    32.8514    25.0606 -9.990e-29
 275.748924      4.989  37.099504    11.2373    5.86217      4.947    32.8517    25.0608 -9.990e-29
 275.748929      4.990  37.099594    11.2368    5.86604      4.948    32.8523    25.0613 -9.990e-29
 275.748935      4.998  37.098966    11.2344    5.86809      4.956    32.8538    25.0629 -9.990e-29
 275.748941      5.016  37.096786    11.2298    5.85542      4.974    32.8557    25.0653 -9.990e-29
 275.748947      5.031  37.093515    11.2266    5.85693      4.989    32.8553    25.0655 -9.990e-29
 275.748953      5.036  37.092087    11.2274    5.85726      4.994    32.8532    25.0637 -9.990e-29
 275.748958      5.030  37.093401    11.2306    5.85934      4.988    32.8517    25.0620 -9.990e-29
 275.748964      5.015  37.095286    11.2337    5.87058      4.973    32.8508    25.0607 -9.990e-29
 275.748970      4.992  37.096328    11.2353    5.87041      4.950    32.8504    25.0601 -9.990e-29
 275.748976      4.969  37.096799    11.2353    5.87184      4.927    32.8508    25.0605 -9.990e-29
 275.748981      4.953  37.096770    11.2334    5.86898      4.912    32.8525    25.0621 -9.990e-29
 275.748987      4.948  37.095644    11.2308    5.86689      4.907    32.8537    25.0635 -9.990e-29
 275.748993      4.952  37.094166    11.2292    5.86666      4.911    32.8537    25.0638 -9.990e-29
 275.748999      4.963  37.093733    11.2284    5.86678      4.922    32.8540    25.0641 -9.990e-29
 275.749005      4.972  37.093768    11.2270    5.87409      4.930    32.8553    25.0654 -9.990e-29
 275.749010      4.975  37.093759    11.2255    5.86026      4.933    32.8566    25.0667 -9.990e-29
 275.749016      4.973  37.094257    11.2252    5.86321      4.931    32.8573    25.0673 -9.990e-29
 275.749022      4.965  37.094804    11.2256    5.86327      4.924    32.8575    25.0674 -9.990e-29
 275.749028      4.956  37.095010    11.2259    5.86459      4.915    32.8575    25.0673 -9.990e-29
 275.749034      4.953  37.095151    11.2260    5.87648      4.912    32.8575    25.0673 -9.990e-29
 275.749039      4.957  37.095419    11.2264    5.86804      4.916    32.8574    25.0672 -9.990e-29
 275.749045      4.958  37.095612    11.2269    5.87267      4.917    32.8572    25.0669 -9.990e-29
 275.749051      4.952  37.095429    11.2274    5.86644      4.911    32.8565    25.0663 -9.990e-29
 275.749057      4.940  37.095188    11.2280    5.86161      4.899    32.8558    25.0656 -9.990e-29
 275.749062      4.925  37.095131    11.2284    5.85670      4.884    32.8554    25.0652 -9.990e-29
 275.749068      4.913  37.095185    11.2286    5.85966      4.872    32.8553    25.0651 -9.990e-29
 275.749074      4.910  37.095423    11.2289    5.85790      4.869    32.8552    25.0650 -9.990e-29
 275.749080      4.914  37.095606    11.2291    5.86402      4.873    32.8552    25.0650 -9.990e-29
 275.749086      4.922  37.095418    11.2290    5.86160      4.881    32.8551    25.0649 -9.990e-29
 275.749091      4.926  37.095170    11.2290    5.85801      4.885    32.8549    25.0647 -9.990e-29
 275.749097      4.925  37.095096    11.2293    5.86646      4.884    32.8545    25.0644 -9.990e-29
 275.749103      4.929  37.095099    11.2296    5.86646      4.888    32.8543    25.0642 -9.990e-29
 275.749109      4.937  37.095185    11.2301    5.87111      4.896    32.8539    25.0638 -9.990e-29
 275.749115      4.942  37.095472    11.2309    5.86914      4.901    32.8535    25.0633 -9.990e-29
 275.749120      4.939  37.095781    11.2318    5.86439      4.898    32.8530    25.0628 -9.990e-29
 275.749126      4.929  37.095966    11.2326    5.86426      4.888    32.8524    25.0622 -9.990e-29
 275.749132      4.915  37.096275    11.2331    5.87215      4.874    32.8523    25.0620 -9.990e-29
 275.749138      4.909  37.096564    11.2330    5.86617      4.868    32.8527    25.0623 -9.990e-29
 275.749144      4.914  37.096659    11.2327    5.86456      4.873    32.8530    25.0627 -9.990e-29
 275.749149      4.923  37.096690    11.2325    5.86272      4.882    32.8533    25.0628 -9.990e-29
 275.749155      4.932  37.096700    11.2327    5.86122      4.891    32.8531    25.0627 -9.990e-29
 275.749161      4.937  37.096701    11.2331    5.87115      4.896    32.8527    25.0623 -9.990e-29
 275.749167      4.935  37.096699    11.2336    5.86588      4.894    32.8523    25.0619 -9.990e-29
 275.749172      4.929  37.096693    11.2340    5.86284      4.888    32.8519    25.0615 -9.990e-29
 275.749178      4.923  37.096678    11.2339    5.85441      4.882    32.8520    25.0616 -9.990e-29
 275.749184      4.917  37.096635    11.2336    5.84966      4.876    32.8522    25.0618 -9.990e-29
 275.749190      4.915  37.096509    11.2336    5.84528      4.874    32.8521    25.0618 -9.990e-29
 275.749196      4.920  37.096135    11.2339    5.85341      4.879    32.8515    25.0612 -9.990e-29
 275.749201      4.930  37.095577    11.2340    5.85082      4.889    32.8508    25.0607 -9.990e-29
 275.749207      4.936  37.095215    11.2338    5.85848      4.895    32.8506    25.0606 -9.990e-29
 275.749213      4.934  37.095130    11.2339    5.86175      4.893    32.8505    25.0604 -9.990e-29
 275.749219      4.924  37.095210    11.2346    5.85386      4.883    32.8499    25.0599 -9.990e-29
 275.749225      4.910  37.095564    11.2354    5.86005      4.869    32.8496    25.0595 -9.990e-29
 275.749230      4.899  37.096105    11.2362    5.85205      4.858    32.8494    25.0592 -9.990e-29
 275.749236      4.895  37.096434    11.2368    5.85849      4.854    32.8492    25.0589 -9.990e-29
 275.749242      4.898  37.096433    11.2371    5.85534      4.857    32.8489    25.0586 -9.990e-29
 275.749248      4.908  37.096102    11.2371    5.86602      4.867    32.8486    25.0584 -9.990e-29
 275.749253      4.921  37.095563    11.2371    5.85583      4.880    32.8480    25.0580 -9.990e-29
