data/oxygen options/OCNMS/OCNMS1/raw_data/2006/CTD_KL027_053106faed.cnv
* Sea-Bird SBE19 Data File:
* FileName = C:\MOORING_DATA_2006\CTD_KL027_053106.hex
* Software Version 1.1.6
* Temperature SN = 2997
* Conductivity SN = 2997
* System UpLoad Time = May 31 2006 10:51:48
* SEACAT PROFILER V3.1c SN 2997   05/31/06  10:50:58.037
* strain gauge pressure sensor: S/N = 184829,  range = 3000 psia,  tc = 40
# nquan = 9                                 
# nvalues = 499                         
# units = specified
# name 0 = timeJ: Julian Days
# name 1 = prSM: Pressure, Strain Gauge [db]
# name 2 = c0mS/cm: Conductivity [mS/cm]
# name 3 = t090C: Temperature [ITS-90, deg C]
# name 4 = oxML/L: Oxygen, Beckman/YSI [ml/l]
# name 5 = depSM: Depth [salt water, m], lat = 47.5
# name 6 = sal00: Salinity, Practical [PSU]
# name 7 = sigma-é00: Density [sigma-theta, kg/m^3]
# name 8 = flag: flag
# span 0 = 151.437766, 151.440648       
# span 1 =     -5.586,     25.573       
# span 2 =   0.017200,  36.238421       
# span 3 =    11.1626,    16.9814       
# span 4 =   -0.06525,   31.23058       
# span 5 =     -5.539,     25.358       
# span 6 =     0.0152,    32.0437       
# span 7 =    -1.2089,    24.4461       
# span 8 = 0.0000e+00, 0.0000e+00       
# interval = seconds: 0.5
# start_time = May 31 2006 10:30:23 [Instrument's time stamp, header]
# bad_flag = -9.990e-29
*END*
[from data line 161]
 151.438698     -0.068  32.996086    15.0030    6.88963     -0.067    26.1261    19.1424 -9.990e-29
 151.438704     -0.052  32.999628    14.9952    6.93611     -0.052    26.1344    19.1503 -9.990e-29
 151.438709     -0.035  33.029771    14.9851    6.95785     -0.035    26.1675    19.1778 -9.990e-29
 151.438715     -0.018  33.074629    14.9813    6.97122     -0.018    26.2093    19.2108 -9.990e-29
 151.438721     -0.001  33.092057    14.9848    6.99480     -0.001    26.2223    19.2200 -9.990e-29
 151.438727      0.005  33.076196    14.9885    6.99662      0.005    26.2059    19.2067 -9.990e-29
 151.438733      0.003  33.054144    14.9872    6.99199      0.003    26.1874    19.1927 -9.990e-29
 151.438738      0.000  33.040826    14.9822    6.99909      0.000    26.1791    19.1874 -9.990e-29
 151.438744      0.001  33.035909    14.9783    7.00128      0.001    26.1774    19.1868 -9.990e-29
 151.438750      0.006  33.031764    14.9775    7.02265      0.006    26.1743    19.1846 -9.990e-29
 151.438756      0.014  33.027397    14.9777    7.03094      0.014    26.1703    19.1815 -9.990e-29
 151.438762      0.027  33.033847    14.9763    7.01108      0.027    26.1769    19.1869 -9.990e-29
 151.438767      0.041  33.055277    14.9750    7.00336      0.041    26.1966    19.2022 -9.990e-29
 151.438773      0.048  33.072111    14.9759    6.99598      0.048    26.2107    19.2129 -9.990e-29
 151.438779      0.049  33.068172    14.9777    7.00936      0.049    26.2061    19.2090 -9.990e-29
 151.438785      0.052  33.053948    14.9784    7.02520      0.052    26.1931    19.1989 -9.990e-29
 151.438791      0.062  33.041910    14.9758    7.02383      0.061    26.1843    19.1927 -9.990e-29
 151.438796      0.080  33.040716    14.9706    7.00884      0.079    26.1867    19.1956 -9.990e-29
 151.438802      0.102  33.057791    14.9675    6.98749      0.101    26.2038    19.2093 -9.990e-29
 151.438808      0.122  33.073358    14.9694    6.99472      0.121    26.2161    19.2184 -9.990e-29
 151.438814      0.135  33.067865    14.9731    6.99864      0.134    26.2089    19.2121 -9.990e-29
 151.438819      0.148  33.054214    14.9741    7.00859      0.147    26.1962    19.2021 -9.990e-29
 151.438825      0.165  33.047879    14.9723    7.02092      0.164    26.1919    19.1992 -9.990e-29
 151.438831      0.183  33.051110    14.9704    7.01515      0.181    26.1960    19.2027 -9.990e-29
 151.438837      0.200  33.062100    14.9696    7.01108      0.198    26.2061    19.2107 -9.990e-29
 151.438843      0.211  33.072574    14.9701    6.99464      0.209    26.2150    19.2174 -9.990e-29
 151.438848      0.214  33.072446    14.9714    6.97030      0.212    26.2140    19.2163 -9.990e-29
 151.438854      0.213  33.064395    14.9722    6.95567      0.211    26.2064    19.2104 -9.990e-29
 151.438860      0.212  33.051748    14.9724    6.96309      0.210    26.1952    19.2017 -9.990e-29
 151.438866      0.210  33.036747    14.9729    6.97615      0.208    26.1817    19.1912 -9.990e-29
 151.438872      0.209  33.026899    14.9737    6.98560      0.207    26.1725    19.1840 -9.990e-29
 151.438877      0.211  33.028738    14.9727    6.99897      0.209    26.1748    19.1860 -9.990e-29
 151.438883      0.222  33.045887    14.9691    7.00904      0.220    26.1922    19.2001 -9.990e-29
 151.438889      0.238  33.075479    14.9659    7.00740      0.236    26.2203    19.2223 -9.990e-29
 151.438895      0.255  33.104899    14.9655    7.00861      0.253    26.2464    19.2424 -9.990e-29
 151.438900      0.270  33.121861    14.9661    7.02458      0.268    26.2608    19.2534 -9.990e-29
 151.438906      0.281  33.126611    14.9654    7.01409      0.279    26.2655    19.2571 -9.990e-29
 151.438912      0.291  33.123852    14.9651    6.97025      0.289    26.2633    19.2555 -9.990e-29
 151.438918      0.303  33.111633    14.9687    6.91324      0.300    26.2501    19.2447 -9.990e-29
 151.438924      0.307  33.086041    14.9764    6.92626      0.304    26.2225    19.2219 -9.990e-29
 151.438929      0.304  33.056156    14.9845    6.96365      0.301    26.1909    19.1960 -9.990e-29
 151.438935      0.303  33.032619    14.9896    7.01627      0.300    26.1669    19.1765 -9.990e-29
 151.438941      0.312  33.013803    14.9879    7.02739      0.309    26.1515    19.1650 -9.990e-29
 151.438947      0.336  33.012779    14.9770    6.98661      0.333    26.1579    19.1721 -9.990e-29
 151.438953      0.363  33.050651    14.9660    6.95018      0.360    26.1984    19.2055 -9.990e-29
 151.438958      0.374  33.087171    14.9664    6.93857      0.371    26.2302    19.2298 -9.990e-29
 151.438964      0.366  33.076364    14.9730    6.95123      0.363    26.2163    19.2178 -9.990e-29
 151.438970      0.354  33.045900    14.9768    6.99339      0.351    26.1871    19.1946 -9.990e-29
 151.438976      0.356  33.024145    14.9745    7.00377      0.353    26.1695    19.1816 -9.990e-29
 151.438981      0.371  33.024736    14.9655    6.96837      0.368    26.1761    19.1884 -9.990e-29
 151.438987      0.391  33.055796    14.9572    6.93664      0.388    26.2088    19.2153 -9.990e-29
 151.438993      0.411  33.081447    14.9581    6.93000      0.408    26.2307    19.2319 -9.990e-29
 151.438999      0.425  33.073169    14.9647    6.95133      0.421    26.2190    19.2216 -9.990e-29
 151.439005      0.440  33.053036    14.9674    6.99710      0.436    26.1996    19.2061 -9.990e-29
 151.439010      0.461  33.040209    14.9590    7.00308      0.457    26.1939    19.2035 -9.990e-29
 151.439016      0.486  33.048460    14.9371    6.97566      0.482    26.2158    19.2247 -9.990e-29
 151.439022      0.506  33.082677    14.9160    6.95713      0.502    26.2600    19.2630 -9.990e-29
 151.439028      0.515  33.108949    14.9120    6.95428      0.511    26.2857    19.2836 -9.990e-29
 151.439034      0.513  33.111350    14.9178    6.98902      0.509    26.2840    19.2810 -9.990e-29
 151.439039      0.509  33.109379    14.9197    7.03223      0.505    26.2810    19.2783 -9.990e-29
 151.439045      0.510  33.112226    14.9127    7.04288      0.506    26.2882    19.2853 -9.990e-29
 151.439051      0.523  33.123179    14.8982    7.02696      0.519    26.3075    19.3031 -9.990e-29
 151.439057      0.537  33.142321    14.8873    7.00074      0.533    26.3317    19.3238 -9.990e-29
 151.439063      0.543  33.153189    14.8897    6.97832      0.538    26.3396    19.3295 -9.990e-29
 151.439068      0.539  33.145100    14.9011    6.98816      0.535    26.3248    19.3158 -9.990e-29
 151.439074      0.535  33.121324    14.9136    6.98870      0.531    26.2955    19.2907 -9.990e-29
 151.439080      0.534  33.092803    14.9252    6.99623      0.530    26.2627    19.2632 -9.990e-29
 151.439086      0.537  33.072001    14.9338    6.98963      0.533    26.2387    19.2430 -9.990e-29
 151.439091      0.538  33.063175    14.9389    6.97911      0.534    26.2275    19.2334 -9.990e-29
 151.439097      0.535  33.063575    14.9437    6.95999      0.531    26.2246    19.2302 -9.990e-29
 151.439103      0.531  33.063135    14.9503    6.95095      0.527    26.2198    19.2251 -9.990e-29
 151.439109      0.530  33.055153    14.9581    6.94007      0.526    26.2076    19.2142 -9.990e-29
 151.439115      0.532  33.043047    14.9647    6.93866      0.528    26.1926    19.2013 -9.990e-29
 151.439120      0.537  33.032581    14.9670    6.95625      0.533    26.1819    19.1926 -9.990e-29
 151.439126      0.550  33.030587    14.9633    6.97113      0.545    26.1826    19.1939 -9.990e-29
 151.439132      0.576  33.040621    14.9582    6.98590      0.571    26.1948    19.2043 -9.990e-29
 151.439138      0.608  33.054816    14.9563    6.97506      0.603    26.2085    19.2152 -9.990e-29
 151.439144      0.635  33.071971    14.9545    6.97940      0.630    26.2247    19.2281 -9.990e-29
 151.439149      0.654  33.098195    14.9499    6.98547      0.649    26.2508    19.2490 -9.990e-29
 151.439155      0.668  33.123108    14.9415    6.99455      0.662    26.2783    19.2719 -9.990e-29
 151.439161      0.680  33.134582    14.9309    7.02748      0.674    26.2955    19.2872 -9.990e-29
 151.439167      0.697  33.133393    14.9227    7.01205      0.691    26.3000    19.2923 -9.990e-29
 151.439172      0.714  33.128093    14.9183    6.96631      0.708    26.2983    19.2919 -9.990e-29
 151.439178      0.729  33.125103    14.9194    6.91861      0.723    26.2949    19.2891 -9.990e-29
 151.439184      0.738  33.122696    14.9269    6.89884      0.732    26.2877    19.2821 -9.990e-29
 151.439190      0.738  33.115415    14.9358    6.93017      0.732    26.2754    19.2708 -9.990e-29
 151.439196      0.733  33.100817    14.9401    6.97913      0.727    26.2597    19.2578 -9.990e-29
 151.439201      0.730  33.088555    14.9352    7.01677      0.724    26.2522    19.2531 -9.990e-29
 151.439207      0.735  33.094755    14.9171    7.02434      0.729    26.2698    19.2703 -9.990e-29
 151.439213      0.744  33.120369    14.8940    7.02371      0.738    26.3078    19.3042 -9.990e-29
 151.439219      0.751  33.145158    14.8845    7.01176      0.745    26.3360    19.3277 -9.990e-29
 151.439225      0.759  33.150584    14.8951    6.98725      0.753    26.3336    19.3238 -9.990e-29
 151.439230      0.763  33.134878    14.9168    6.96123      0.757    26.3052    19.2975 -9.990e-29
 151.439236      0.760  33.109010    14.9372    6.94653      0.754    26.2688    19.2654 -9.990e-29
 151.439242      0.752  33.086099    14.9500    6.94229      0.746    26.2401    19.2408 -9.990e-29
 151.439248      0.749  33.070315    14.9565    6.96324      0.743    26.2219    19.2255 -9.990e-29
 151.439253      0.759  33.061325    14.9584    6.98755      0.753    26.2128    19.2181 -9.990e-29
 151.439259      0.782  33.062243    14.9538    7.00232      0.775    26.2166    19.2220 -9.990e-29
 151.439265      0.811  33.082670    14.9454    6.99704      0.804    26.2402    19.2418 -9.990e-29
 151.439271      0.839  33.114508    14.9406    6.99177      0.832    26.2713    19.2667 -9.990e-29
 151.439277      0.860  33.129001    14.9410    6.98378      0.853    26.2838    19.2762 -9.990e-29
 151.439282      0.872  33.125827    14.9450    6.98434      0.865    26.2783    19.2711 -9.990e-29
 151.439288      0.873  33.117535    14.9517    6.97719      0.866    26.2665    19.2607 -9.990e-29
 151.439294      0.870  33.099203    14.9588    6.95776      0.863    26.2457    19.2433 -9.990e-29
 151.439300      0.865  33.071580    14.9647    6.95141      0.858    26.2175    19.2204 -9.990e-29
 151.439306      0.860  33.045442    14.9700    6.95944      0.853    26.1910    19.1990 -9.990e-29
 151.439311      0.856  33.029061    14.9755    6.96021      0.849    26.1730    19.1841 -9.990e-29
 151.439317      0.860  33.021302    14.9798    6.94541      0.853    26.1633    19.1758 -9.990e-29
 151.439323      0.866  33.019635    14.9799    6.92667      0.859    26.1618    19.1746 -9.990e-29
 151.439329      0.867  33.024052    14.9748    6.92186      0.860    26.1691    19.1812 -9.990e-29
 151.439334      0.862  33.033686    14.9677    6.94066      0.855    26.1823    19.1928 -9.990e-29
 151.439340      0.859  33.043981    14.9601    6.97447      0.852    26.1964    19.2051 -9.990e-29
 151.439346      0.864  33.054061    14.9468    7.01044      0.857    26.2141    19.2215 -9.990e-29
 151.439352      0.876  33.076217    14.9224    7.03272      0.869    26.2499    19.2539 -9.990e-29
 151.439358      0.891  33.111377    14.8945    7.01604      0.884    26.2995    19.2977 -9.990e-29
 151.439363      0.902  33.142499    14.8796    6.97985      0.894    26.3369    19.3294 -9.990e-29
 151.439369      0.906  33.156686    14.8815    6.94576      0.898    26.3481    19.3376 -9.990e-29
 151.439375      0.903  33.154324    14.8912    6.93792      0.895    26.3395    19.3291 -9.990e-29
 151.439381      0.897  33.141758    14.9003    6.96133      0.890    26.3223    19.3140 -9.990e-29
 151.439387      0.895  33.123501    14.9048    6.98921      0.888    26.3032    19.2985 -9.990e-29
 151.439392      0.903  33.110489    14.9015    7.01521      0.895    26.2940    19.2921 -9.990e-29
 151.439398      0.920  33.116168    14.8873    7.02207      0.912    26.3086    19.3061 -9.990e-29
 151.439404      0.944  33.136873    14.8678    7.00460      0.936    26.3399    19.3341 -9.990e-29
 151.439410      0.967  33.156468    14.8557    6.98031      0.959    26.3653    19.3561 -9.990e-29
 151.439416      0.986  33.165177    14.8554    6.99386      0.978    26.3731    19.3622 -9.990e-29
 151.439421      1.004  33.162809    14.8618    7.00749      0.996    26.3667    19.3560 -9.990e-29
 151.439427      1.016  33.154582    14.8700    7.01105      1.008    26.3540    19.3445 -9.990e-29
 151.439433      1.019  33.144629    14.8783    6.98141      1.010    26.3396    19.3318 -9.990e-29
 151.439439      1.018  33.137023    14.8866    6.94845      1.010    26.3273    19.3207 -9.990e-29
 151.439444      1.016  33.137845    14.8957    6.95746      1.008    26.3219    19.3147 -9.990e-29
 151.439450      1.014  33.138636    14.9072    6.98935      1.006    26.3149    19.3069 -9.990e-29
 151.439456      1.012  33.126971    14.9164    7.02838      1.004    26.2985    19.2924 -9.990e-29
 151.439462      1.013  33.114170    14.9152    7.01710      1.005    26.2880    19.2847 -9.990e-29
 151.439468      1.023  33.120685    14.9052    6.97603      1.014    26.3005    19.2963 -9.990e-29
 151.439473      1.037  33.141726    14.8986    6.95842      1.028    26.3234    19.3152 -9.990e-29
 151.439479      1.047  33.150955    14.9026    6.96288      1.038    26.3288    19.3186 -9.990e-29
 151.439485      1.051  33.139906    14.9113    6.98805      1.042    26.3132    19.3048 -9.990e-29
 151.439491      1.053  33.117914    14.9171    7.00612      1.044    26.2900    19.2858 -9.990e-29
 151.439497      1.056  33.102704    14.9180    6.98364      1.047    26.2761    19.2749 -9.990e-29
 151.439502      1.062  33.116562    14.9185    6.95480      1.053    26.2879    19.2839 -9.990e-29
 151.439508      1.066  33.133101    14.9250    6.95021      1.057    26.2980    19.2904 -9.990e-29
 151.439514      1.060  33.114937    14.9362    6.95427      1.051    26.2746    19.2701 -9.990e-29
 151.439520      1.049  33.083215    14.9459    6.97771      1.040    26.2402    19.2417 -9.990e-29
 151.439525      1.047  33.060061    14.9493    6.98603      1.038    26.2177    19.2237 -9.990e-29
 151.439531      1.060  33.053805    14.9464    6.98451      1.051    26.2141    19.2215 -9.990e-29
 151.439537      1.080  33.075135    14.9432    6.96927      1.071    26.2350    19.2382 -9.990e-29
 151.439543      1.103  33.097538    14.9440    6.95420      1.094    26.2541    19.2527 -9.990e-29
 151.439549      1.127  33.094808    14.9466    6.95448      1.118    26.2499    19.2490 -9.990e-29
 151.439554      1.145  33.086255    14.9456    6.96364      1.135    26.2431    19.2440 -9.990e-29
 151.439560      1.159  33.091266    14.9392    6.97953      1.149    26.2518    19.2519 -9.990e-29
 151.439566      1.172  33.104166    14.9308    6.99512      1.162    26.2687    19.2667 -9.990e-29
 151.439572      1.187  33.114664    14.9237    7.00335      1.177    26.2827    19.2789 -9.990e-29
 151.439578      1.203  33.124956    14.9196    6.99062      1.193    26.2945    19.2887 -9.990e-29
 151.439583      1.219  33.135842    14.9196    6.98282      1.209    26.3040    19.2961 -9.990e-29
 151.439589      1.230  33.137708    14.9225    6.97728      1.220    26.3037    19.2953 -9.990e-29
 151.439595      1.237  33.126847    14.9265    6.95763      1.227    26.2915    19.2850 -9.990e-29
 151.439601      1.240  33.110043    14.9298    6.94013      1.230    26.2745    19.2713 -9.990e-29
 151.439606      1.241  33.091202    14.9319    6.92943      1.231    26.2566    19.2571 -9.990e-29
 151.439612      1.238  33.072634    14.9334    6.94043      1.228    26.2393    19.2435 -9.990e-29
