data/oxygen options/OCNMS/OCNMS1/raw_data/2006/CTD_CA042_050306faed.cnv
* Sea-Bird SBE19 Data File:
* FileName = C:\MOORING_DATA_2006\CTD_CA042_050306.hex
* Software Version 1.1.6
* Temperature SN = 2997
* Conductivity SN = 2997
* System UpLoad Time = May 03 2006 14:54:37
** CA42 DO COMPARISON
**
# nquan = 9                                 
# nvalues = 1863                        
# units = specified
# name 0 = timeJ: Julian Days
# name 1 = prSM: Pressure, Strain Gauge [db]
# name 2 = c0mS/cm: Conductivity [mS/cm]
# name 3 = t090C: Temperature [ITS-90, deg C]
# name 4 = oxML/L: Oxygen, Beckman/YSI [ml/l]
# name 5 = depSM: Depth [salt water, m], lat = 47.5
# name 6 = sal00: Salinity, Practical [PSU]
# name 7 = sigma-é00: Density [sigma-theta, kg/m^3]
# name 8 = flag: flag
# span 0 = 123.604838, 123.615613       
# span 1 =     -3.824,     32.125       
# span 2 =   1.752158,  35.151115       
# span 3 =     8.0822,    11.4658       
# span 4 =   -5.62154,   40.96955       
# span 5 =     -3.792,     31.854       
# span 6 =     1.2286,    33.5312       
# span 7 =     0.5398,    26.1084       
# span 8 = 0.0000e+00, 0.0000e+00       
# interval = seconds: 0.5
# start_time = May 03 2006 14:30:58 [Instrument's time stamp, header]
# bad_flag = -9.990e-29
*END*
[from data line 481]
 123.607622     29.359  34.926432     8.0866    2.92836     29.112    33.5244    26.1027 0.0000e+00
 123.607627     29.171  34.926424     8.0870    2.91201     28.925    33.5241    26.1024 0.0000e+00
 123.607633     29.009  34.925958     8.0873    2.91420     28.765    33.5234    26.1018 0.0000e+00
 123.607639     28.880  34.924966     8.0874    2.91830     28.637    33.5223    26.1009 -9.990e-29
 123.607645     28.789  34.923987     8.0871    2.91765     28.547    33.5216    26.1004 -9.990e-29
 123.607650     28.731  34.923393     8.0867    2.93295     28.489    33.5214    26.1003 -9.990e-29
 123.607656     28.692  34.923133     8.0867    2.92258     28.451    33.5211    26.1001 -9.990e-29
 123.607662     28.667  34.923410     8.0867    2.91131     28.426    33.5214    26.1003 -9.990e-29
 123.607668     28.653  34.923650     8.0865    2.90728     28.412    33.5219    26.1007 -9.990e-29
 123.607674     28.645  34.923048     8.0865    2.91435     28.404    33.5212    26.1002 -9.990e-29
 123.607679     28.640  34.922475     8.0868    2.92239     28.399    33.5203    26.0994 -9.990e-29
 123.607685     28.631  34.922845     8.0871    2.92714     28.390    33.5204    26.0995 -9.990e-29
 123.607691     28.615  34.923521     8.0873    2.92444     28.374    33.5210    26.0999 -9.990e-29
 123.607697     28.598  34.923715     8.0874    2.92094     28.357    33.5211    26.1000 -9.990e-29
 123.607703     28.589  34.923120     8.0873    2.92100     28.348    33.5206    26.0996 -9.990e-29
 123.607708     28.590  34.922057     8.0871    2.92106     28.349    33.5196    26.0988 -9.990e-29
 123.607714     28.603  34.921348     8.0870    2.92106     28.362    33.5189    26.0983 -9.990e-29
 123.607720     28.614  34.921162     8.0870    2.92106     28.373    33.5187    26.0982 -9.990e-29
 123.607726     28.617  34.921243     8.0874    2.92171     28.376    33.5184    26.0979 -9.990e-29
 123.607731     28.611  34.921692     8.0878    2.92177     28.370    33.5185    26.0979 -9.990e-29
 123.607737     28.596  34.922539     8.0879    2.92171     28.355    33.5194    26.0985 -9.990e-29
 123.607743     28.575  34.923226     8.0881    2.93097     28.335    33.5199    26.0989 -9.990e-29
 123.607749     28.556  34.922980     8.0883    2.92373     28.316    33.5195    26.0985 -9.990e-29
 123.607755     28.542  34.922028     8.0880    2.92170     28.302    33.5187    26.0980 -9.990e-29
 123.607760     28.531  34.921340     8.0875    2.91114     28.291    33.5185    26.0979 -9.990e-29
 123.607766     28.523  34.921114     8.0872    2.90621     28.283    33.5185    26.0980 -9.990e-29
 123.607772     28.517  34.921041     8.0871    2.91941     28.277    33.5186    26.0980 -9.990e-29
 123.607778     28.514  34.921016     8.0869    2.92367     28.274    33.5187    26.0982 -9.990e-29
 123.607784     28.513  34.921000     8.0869    2.92776     28.273    33.5187    26.0982 -9.990e-29
 123.607789     28.513  34.920965     8.0871    2.91705     28.273    33.5185    26.0980 -9.990e-29
 123.607795     28.515  34.920858     8.0875    2.91096     28.275    33.5180    26.0975 -9.990e-29
 123.607801     28.519  34.920530     8.0880    2.92006     28.279    33.5172    26.0968 -9.990e-29
 123.607807     28.525  34.920097     8.0884    2.93336     28.285    33.5163    26.0961 -9.990e-29
 123.607812     28.530  34.920097     8.0886    2.92112     28.290    33.5161    26.0959 -9.990e-29
 123.607818     28.525  34.920526     8.0888    2.92428     28.285    33.5164    26.0961 -9.990e-29
 123.607824     28.509  34.920826     8.0890    2.91114     28.269    33.5165    26.0961 -9.990e-29
 123.607830     28.496  34.920830     8.0891    2.90921     28.256    33.5164    26.0961 -9.990e-29
 123.607836     28.491  34.920537     8.0893    2.91532     28.251    33.5159    26.0956 -9.990e-29
 123.607841     28.491  34.920114     8.0894    2.92306     28.251    33.5154    26.0952 -9.990e-29
 123.607847     28.492  34.920111     8.0894    2.92927     28.252    33.5154    26.0952 -9.990e-29
 123.607853     28.493  34.920517     8.0894    2.92940     28.253    33.5158    26.0955 -9.990e-29
 123.607859     28.499  34.920744     8.0895    2.92725     28.259    33.5160    26.0956 -9.990e-29
 123.607865     28.519  34.920528     8.0893    2.91445     28.279    33.5159    26.0956 -9.990e-29
 123.607870     28.558  34.920136     8.0889    2.91231     28.318    33.5159    26.0956 -9.990e-29
 123.607876     28.614  34.920163     8.0885    2.91237     28.373    33.5162    26.0960 -9.990e-29
 123.607882     28.679  34.920637     8.0884    2.91455     28.438    33.5168    26.0965 -9.990e-29
 123.607888     28.739  34.921061     8.0886    2.91883     28.497    33.5170    26.0966 -9.990e-29
 123.607894     28.785  34.921431     8.0889    2.91883     28.543    33.5171    26.0966 -9.990e-29
 123.607899     28.816  34.921673     8.0887    2.91871     28.574    33.5176    26.0970 -9.990e-29
 123.607905     28.834  34.921540     8.0882    2.91932     28.591    33.5179    26.0973 -9.990e-29
 123.607911     28.840  34.921410     8.0880    2.91886     28.597    33.5179    26.0974 -9.990e-29
 123.607917     28.835  34.921665     8.0880    2.91886     28.592    33.5182    26.0976 -9.990e-29
 123.607922     28.821  34.922079     8.0878    2.91891     28.578    33.5189    26.0981 -9.990e-29
 123.607928     28.813  34.922075     8.0874    2.90978     28.571    33.5192    26.0985 -9.990e-29
 123.607934     28.820  34.921642     8.0869    2.90773     28.577    33.5192    26.0986 -9.990e-29
 123.607940     28.845  34.921318     8.0865    2.90834     28.602    33.5193    26.0987 -9.990e-29
 123.607946     28.876  34.921226     8.0863    2.91021     28.633    33.5194    26.0988 -9.990e-29
 123.607951     28.901  34.921235     8.0861    2.91419     28.658    33.5195    26.0989 -9.990e-29
 123.607957     28.923  34.921351     8.0859    2.91364     28.680    33.5198    26.0992 -9.990e-29
 123.607963     28.952  34.921722     8.0856    2.90518     28.708    33.5205    26.0998 -9.990e-29
 123.607969     28.989  34.922274     8.0855    2.90325     28.745    33.5212    26.1003 -9.990e-29
 123.607975     29.028  34.922615     8.0856    2.90337     28.784    33.5214    26.1005 -9.990e-29
 123.607980     29.064  34.922633     8.0855    2.90530     28.819    33.5215    26.1006 -9.990e-29
 123.607986     29.089  34.922346     8.0854    2.91878     28.844    33.5213    26.1004 -9.990e-29
 123.607992     29.101  34.921924     8.0856    2.92074     28.856    33.5207    26.0999 -9.990e-29
 123.607998     29.101  34.921919     8.0858    2.91157     28.856    33.5205    26.0997 -9.990e-29
 123.608003     29.093  34.922320     8.0857    2.90811     28.848    33.5210    26.1001 -9.990e-29
 123.608009     29.089  34.922533     8.0853    2.89456     28.844    33.5216    26.1007 -9.990e-29
 123.608015     29.102  34.922276     8.0847    2.89459     28.857    33.5219    26.1010 -9.990e-29
 123.608021     29.134  34.921760     8.0841    2.90793     28.889    33.5219    26.1011 -9.990e-29
 123.608027     29.177  34.921413     8.0841    2.91210     28.931    33.5215    26.1008 -9.990e-29
 123.608032     29.225  34.921326     8.0846    2.91620     28.979    33.5209    26.1003 -9.990e-29
 123.608038     29.273  34.921375     8.0850    2.90494     29.027    33.5206    26.0999 -9.990e-29
 123.608044     29.316  34.921619     8.0853    2.89876     29.069    33.5205    26.0998 -9.990e-29
 123.608050     29.347  34.921816     8.0855    2.90803     29.100    33.5205    26.0998 -9.990e-29
 123.608056     29.365  34.921660     8.0856    2.91222     29.118    33.5203    26.0996 -9.990e-29
 123.608061     29.371  34.921499     8.0859    2.91715     29.124    33.5198    26.0992 -9.990e-29
 123.608067     29.369  34.921670     8.0860    2.91429     29.122    33.5199    26.0992 -9.990e-29
 123.608073     29.367  34.921837     8.0859    2.91078     29.120    33.5202    26.0995 -9.990e-29
 123.608079     29.370  34.921653     8.0855    2.90151     29.123    33.5203    26.0997 -9.990e-29
 123.608084     29.378  34.921430     8.0852    2.89952     29.131    33.5204    26.0997 -9.990e-29
 123.608090     29.391  34.921425     8.0850    2.89875     29.144    33.5206    26.0999 -9.990e-29
 123.608096     29.411  34.921625     8.0851    2.91028     29.163    33.5207    26.1000 -9.990e-29
 123.608102     29.439  34.921729     8.0852    2.91703     29.191    33.5207    26.1000 -9.990e-29
 123.608108     29.475  34.921307     8.0852    2.91703     29.227    33.5202    26.0996 -9.990e-29
 123.608113     29.519  34.920911     8.0852    2.91503     29.271    33.5198    26.0993 -9.990e-29
 123.608119     29.561  34.921131     8.0855    2.91105     29.312    33.5197    26.0992 -9.990e-29
 123.608125     29.589  34.921690     8.0857    2.91945     29.340    33.5201    26.0994 -9.990e-29
 123.608131     29.607  34.922205     8.0858    2.91280     29.358    33.5205    26.0998 -9.990e-29
 123.608137     29.623  34.922234     8.0860    2.91063     29.374    33.5204    26.0996 -9.990e-29
 123.608142     29.642  34.921811     8.0861    2.89934     29.392    33.5198    26.0992 -9.990e-29
 123.608148     29.667  34.921486     8.0860    2.89541     29.417    33.5195    26.0990 -9.990e-29
 123.608154     29.695  34.921381     8.0860    2.90952     29.445    33.5194    26.0989 -9.990e-29
 123.608160     29.719  34.921350     8.0859    2.91298     29.469    33.5195    26.0989 -9.990e-29
 123.608166     29.735  34.921342     8.0857    2.91727     29.485    33.5196    26.0991 -9.990e-29
 123.608171     29.745  34.921343     8.0857    2.91592     29.495    33.5196    26.0991 -9.990e-29
 123.608177     29.745  34.921347     8.0860    2.90227     29.495    33.5194    26.0988 -9.990e-29
 123.608183     29.732  34.921352     8.0862    2.90114     29.482    33.5192    26.0987 -9.990e-29
 123.608189     29.712  34.921356     8.0862    2.90964     29.462    33.5192    26.0987 -9.990e-29
 123.608194     29.702  34.921360     8.0860    2.90519     29.452    33.5194    26.0989 -9.990e-29
 123.608200     29.714  34.921364     8.0856    2.91568     29.464    33.5198    26.0992 -9.990e-29
 123.608206     29.748  34.921369     8.0854    2.91633     29.498    33.5200    26.0994 -9.990e-29
 123.608212     29.795  34.921373     8.0852    2.91363     29.544    33.5201    26.0995 -9.990e-29
 123.608218     29.843  34.921375     8.0851    2.91633     29.592    33.5202    26.0996 -9.990e-29
 123.608223     29.888  34.921370     8.0853    2.90310     29.636    33.5200    26.0994 -9.990e-29
 123.608229     29.919  34.921344     8.0854    2.90946     29.667    33.5198    26.0993 -9.990e-29
 123.608235     29.935  34.921257     8.0852    2.92081     29.683    33.5199    26.0994 -9.990e-29
 123.608241     29.944  34.920984     8.0852    2.91580     29.692    33.5196    26.0992 -9.990e-29
 123.608247     29.948  34.920719     8.0853    2.91580     29.696    33.5193    26.0989 -9.990e-29
 123.608252     29.942  34.920662     8.0853    2.90095     29.690    33.5192    26.0988 -9.990e-29
 123.608258     29.930  34.920729     8.0853    2.89678     29.678    33.5193    26.0989 -9.990e-29
 123.608264     29.921  34.921003     8.0853    2.90998     29.669    33.5196    26.0991 -9.990e-29
 123.608270     29.917  34.921285     8.0854    2.91350     29.665    33.5198    26.0993 -9.990e-29
 123.608275     29.919  34.921383     8.0856    2.91770     29.667    33.5197    26.0992 -9.990e-29
 123.608281     29.922  34.921420     8.0857    2.90637     29.670    33.5196    26.0991 -9.990e-29
 123.608287     29.923  34.921439     8.0856    2.91019     29.671    33.5198    26.0992 -9.990e-29
 123.608293     29.925  34.921460     8.0855    2.90310     29.673    33.5199    26.0993 -9.990e-29
 123.608299     29.929  34.921503     8.0856    2.91222     29.677    33.5198    26.0993 -9.990e-29
 123.608304     29.926  34.921620     8.0858    2.91647     29.674    33.5198    26.0992 -9.990e-29
 123.608310     29.912  34.921959     8.0859    2.91439     29.660    33.5200    26.0994 -9.990e-29
 123.608316     29.891  34.922406     8.0859    2.90782     29.639    33.5205    26.0998 -9.990e-29
 123.608322     29.873  34.922429     8.0858    2.90101     29.622    33.5206    26.0999 -9.990e-29
 123.608328     29.871  34.922053     8.0858    2.90153     29.620    33.5202    26.0996 -9.990e-29
 123.608333     29.885  34.921892     8.0859    2.90359     29.633    33.5200    26.0993 -9.990e-29
 123.608339     29.906  34.922102     8.0859    2.91617     29.654    33.5202    26.0995 -9.990e-29
 123.608345     29.927  34.922395     8.0856    2.91838     29.675    33.5208    26.1000 -9.990e-29
 123.608351     29.942  34.922403     8.0853    2.90975     29.690    33.5211    26.1003 -9.990e-29
 123.608356     29.952  34.922124     8.0851    2.90567     29.700    33.5210    26.1002 -9.990e-29
 123.608362     29.960  34.922108     8.0852    2.90112     29.708    33.5208    26.1001 -9.990e-29
 123.608368     29.963  34.922322     8.0854    2.90370     29.711    33.5209    26.1001 -9.990e-29
 123.608374     29.958  34.922481     8.0854    2.90781     29.706    33.5210    26.1002 -9.990e-29
 123.608380     29.944  34.922785     8.0854    2.91693     29.692    33.5214    26.1005 -9.990e-29
 123.608385     29.925  34.923070     8.0854    2.90974     29.673    33.5217    26.1007 -9.990e-29
 123.608391     29.907  34.923142     8.0854    2.90760     29.655    33.5218    26.1008 -9.990e-29
 123.608397     29.898  34.923089     8.0854    2.90573     29.646    33.5217    26.1008 -9.990e-29
 123.608403     29.903  34.922831     8.0854    2.90392     29.651    33.5214    26.1006 -9.990e-29
 123.608409     29.916  34.922572     8.0854    2.90803     29.664    33.5212    26.1003 -9.990e-29
 123.608414     29.934  34.922519     8.0854    2.90803     29.682    33.5211    26.1003 -9.990e-29
 123.608420     29.951  34.922589     8.0854    2.90803     29.699    33.5212    26.1003 -9.990e-29
 123.608426     29.954  34.922863     8.0854    2.90778     29.702    33.5215    26.1006 -9.990e-29
 123.608432     29.944  34.923134     8.0853    2.89854     29.692    33.5218    26.1009 -9.990e-29
 123.608437     29.927  34.923192     8.0852    2.89636     29.675    33.5220    26.1010 -9.990e-29
 123.608443     29.913  34.923106     8.0849    2.89654     29.661    33.5222    26.1012 -9.990e-29
 123.608449     29.908  34.922750     8.0841    2.89924     29.656    33.5226    26.1017 -9.990e-29
 123.608455     29.917  34.922201     8.0833    2.91272     29.665    33.5228    26.1019 -9.990e-29
 123.608461     29.931  34.921836     8.0828    2.91465     29.679    33.5229    26.1020 -9.990e-29
 123.608466     29.939  34.921721     8.0828    2.89616     29.687    33.5227    26.1019 -9.990e-29
 123.608472     29.937  34.921688     8.0832    2.89924     29.685    33.5223    26.1016 -9.990e-29
 123.608478     29.924  34.921682     8.0838    2.89719     29.672    33.5217    26.1010 -9.990e-29
 123.608484     29.905  34.921685     8.0842    2.91054     29.653    33.5214    26.1007 -9.990e-29
 123.608490     29.886  34.921691     8.0841    2.91876     29.634    33.5215    26.1008 -9.990e-29
 123.608495     29.875  34.921698     8.0838    2.90534     29.624    33.5218    26.1011 -9.990e-29
 123.608501     29.875  34.921706     8.0837    2.90130     29.624    33.5219    26.1011 -9.990e-29
 123.608507     29.882  34.921714     8.0837    2.88794     29.630    33.5219    26.1012 -9.990e-29
 123.608513     29.888  34.921722     8.0840    2.89725     29.636    33.5216    26.1009 -9.990e-29
 123.608519     29.889  34.921730     8.0842    2.90332     29.637    33.5214    26.1007 -9.990e-29
 123.608524     29.886  34.921738     8.0840    2.91471     29.634    33.5216    26.1009 -9.990e-29
 123.608530     29.878  34.921747     8.0837    2.91034     29.626    33.5219    26.1012 -9.990e-29
 123.608536     29.868  34.921755     8.0837    2.90405     29.617    33.5219    26.1012 -9.990e-29
