data/oxygen options/OCNMS/OCNMS1/raw_data/2006/CTD_MB042_092606faed.cnv
* Sea-Bird SBE19 Data File:
* FileName = C:\MOORING_DATA_2006\CTD_MB042_092606.hex
* Software Version 1.1.6
* Temperature SN = 2997
* Conductivity SN = 2997
* System UpLoad Time = Sep 26 2006 12:02:29
* SEACAT PROFILER V3.1c SN 2997   09/26/06  12:03:35.730
* strain gauge pressure sensor: S/N = 184829,  range = 3000 psia,  tc = 40
# nquan = 9                                 
# nvalues = 1904                        
# units = specified
# name 0 = timeJ: Julian Days
# name 1 = prSM: Pressure, Strain Gauge [db]
# name 2 = c0mS/cm: Conductivity [mS/cm]
# name 3 = t090C: Temperature [ITS-90, deg C]
# name 4 = oxML/L: Oxygen, Beckman/YSI [ml/l]
# name 5 = depSM: Depth [salt water, m], lat = 47.5
# name 6 = sal00: Salinity, Practical [PSU]
# name 7 = sigma-é00: Density [sigma-theta, kg/m^3]
# name 8 = flag: flag
# span 0 = 269.470532, 269.481545       
# span 1 =     -4.892,     42.442       
# span 2 =   0.435346,  38.374036       
# span 3 =     8.6202,    15.5584       
# span 4 =   -0.54821,   36.29847       
# span 5 =     -4.851,     42.083       
# span 6 =     0.2605,    33.7482       
# span 7 =    -0.7387,    26.0372       
# span 8 = 0.0000e+00, 0.0000e+00       
# interval = seconds: 0.5
# start_time = Sep 26 2006 11:17:34 [Instrument's time stamp, header]
# bad_flag = -9.990e-29
*END*
[from data line 161]
 269.471464      0.097  37.457002    11.4850    7.22649      0.096    32.9842    25.1189 -9.990e-29
 269.471470      0.105  37.477906    11.4954    7.22156      0.104    32.9954    25.1258 -9.990e-29
 269.471476      0.115  37.496738    11.4973    7.21340      0.114    33.0122    25.1384 -9.990e-29
 269.471481      0.128  37.507239    11.4921    7.18838      0.127    33.0271    25.1510 -9.990e-29
 269.471487      0.143  37.507746    11.4865    7.17650      0.142    33.0326    25.1563 -9.990e-29
 269.471493      0.159  37.504590    11.4857    7.17754      0.158    33.0302    25.1546 -9.990e-29
 269.471499      0.171  37.504821    11.4886    7.16968      0.170    33.0279    25.1522 -9.990e-29
 269.471505      0.180  37.506544    11.4904    7.17788      0.178    33.0279    25.1519 -9.990e-29
 269.471510      0.187  37.504247    11.4887    7.18352      0.185    33.0272    25.1517 -9.990e-29
 269.471516      0.193  37.494349    11.4844    7.16219      0.191    33.0213    25.1479 -9.990e-29
 269.471522      0.197  37.478280    11.4829    7.15267      0.195    33.0069    25.1370 -9.990e-29
 269.471528      0.201  37.469998    11.4892    7.14129      0.199    32.9932    25.1251 -9.990e-29
 269.471534      0.203  37.480380    11.4982    7.11870      0.201    32.9953    25.1252 -9.990e-29
 269.471539      0.205  37.496385    11.5015    7.10072      0.203    33.0081    25.1345 -9.990e-29
 269.471545      0.211  37.504054    11.4943    7.10060      0.209    33.0220    25.1466 -9.990e-29
 269.471551      0.225  37.497952    11.4768    7.11819      0.223    33.0316    25.1573 -9.990e-29
 269.471557      0.244  37.475035    11.4598    7.15743      0.242    33.0243    25.1547 -9.990e-29
 269.471563      0.265  37.453593    11.4567    7.18932      0.263    33.0061    25.1411 -9.990e-29
 269.471568      0.285  37.455000    11.4666    7.20865      0.283    32.9986    25.1335 -9.990e-29
 269.471574      0.297  37.469953    11.4789    7.23091      0.295    33.0023    25.1341 -9.990e-29
 269.471580      0.301  37.483088    11.4881    7.23148      0.298    33.0069    25.1360 -9.990e-29
 269.471586      0.307  37.497381    11.4964    7.22710      0.304    33.0135    25.1396 -9.990e-29
 269.471591      0.318  37.513982    11.5046    7.21603      0.315    33.0225    25.1451 -9.990e-29
 269.471597      0.337  37.523655    11.5096    7.20673      0.334    33.0275    25.1481 -9.990e-29
 269.471603      0.359  37.524198    11.5104    7.42188      0.356    33.0273    25.1478 -9.990e-29
 269.471609      0.377  37.521427    11.5078    7.25107      0.374    33.0269    25.1480 -9.990e-29
 269.471615      0.389  37.516739    11.5024    7.18922      0.386    33.0271    25.1491 -9.990e-29
 269.471620      0.399  37.507851    11.4959    7.12433      0.396    33.0242    25.1480 -9.990e-29
 269.471626      0.413  37.498103    11.4918    7.05404      0.410    33.0183    25.1442 -9.990e-29
 269.471632      0.426  37.495294    11.4925    7.14034      0.422    33.0149    25.1414 -9.990e-29
 269.471638      0.435  37.499084    11.4962    7.12312      0.431    33.0153    25.1411 -9.990e-29
 269.471644      0.442  37.503349    11.4988    7.09040      0.438    33.0172    25.1421 -9.990e-29
 269.471649      0.446  37.505404    11.4973    7.07661      0.442    33.0205    25.1449 -9.990e-29
 269.471655      0.452  37.501301    11.4898    7.08139      0.448    33.0232    25.1484 -9.990e-29
 269.471661      0.465  37.482249    11.4807    7.09411      0.461    33.0127    25.1418 -9.990e-29
 269.471667      0.481  37.457667    11.4802    7.12760      0.477    32.9890    25.1235 -9.990e-29
 269.471672      0.493  37.455402    11.4875    7.14480      0.489    32.9803    25.1154 -9.990e-29
 269.471678      0.497  37.473035    11.4943    7.15384      0.493    32.9915    25.1229 -9.990e-29
 269.471684      0.497  37.488681    11.4974    7.15583      0.493    33.0040    25.1321 -9.990e-29
 269.471690      0.498  37.499124    11.4983    7.16227      0.494    33.0135    25.1393 -9.990e-29
 269.471696      0.501  37.505431    11.4986    7.16638      0.497    33.0194    25.1438 -9.990e-29
 269.471701      0.504  37.505397    11.4988    7.16635      0.500    33.0192    25.1436 -9.990e-29
 269.471707      0.510  37.503507    11.4989    7.16865      0.506    33.0172    25.1421 -9.990e-29
 269.471713      0.516  37.505135    11.4992    7.17451      0.512    33.0185    25.1430 -9.990e-29
 269.471719      0.525  37.508570    11.5003    7.17956      0.521    33.0209    25.1447 -9.990e-29
 269.471725      0.537  37.511141    11.5018    7.17428      0.533    33.0221    25.1453 -9.990e-29
 269.471730      0.552  37.513515    11.5030    7.17403      0.547    33.0234    25.1461 -9.990e-29
 269.471736      0.572  37.516656    11.5045    7.17334      0.567    33.0251    25.1472 -9.990e-29
 269.471742      0.593  37.519185    11.5063    7.17524      0.588    33.0259    25.1475 -9.990e-29
 269.471748      0.609  37.518906    11.5077    7.17719      0.604    33.0244    25.1460 -9.990e-29
 269.471753      0.619  37.516612    11.5091    7.17218      0.614    33.0209    25.1431 -9.990e-29
 269.471759      0.630  37.515457    11.5114    7.17493      0.625    33.0177    25.1402 -9.990e-29
 269.471765      0.637  37.516188    11.5138    7.18148      0.632    33.0163    25.1386 -9.990e-29
 269.471771      0.637  37.517580    11.5150    7.18120      0.632    33.0166    25.1386 -9.990e-29
 269.471777      0.639  37.519849    11.5150    7.18279      0.634    33.0188    25.1404 -9.990e-29
 269.471782      0.654  37.521574    11.5145    7.18736      0.649    33.0209    25.1421 -9.990e-29
 269.471788      0.681  37.520612    11.5139    7.19416      0.675    33.0205    25.1419 -9.990e-29
 269.471794      0.707  37.518527    11.5129    7.19057      0.701    33.0194    25.1412 -9.990e-29
 269.471800      0.727  37.517632    11.5119    7.17692      0.721    33.0194    25.1414 -9.990e-29
 269.471806      0.736  37.517897    11.5126    7.17741      0.730    33.0190    25.1409 -9.990e-29
 269.471811      0.740  37.519154    11.5156    7.16910      0.734    33.0176    25.1393 -9.990e-29
 269.471817      0.744  37.521439    11.5183    7.17149      0.738    33.0174    25.1386 -9.990e-29
 269.471823      0.751  37.522795    11.5190    7.16782      0.745    33.0181    25.1391 -9.990e-29
 269.471829      0.762  37.518901    11.5185    7.16684      0.756    33.0147    25.1365 -9.990e-29
 269.471834      0.770  37.512464    11.5177    7.17729      0.764    33.0091    25.1323 -9.990e-29
 269.471840      0.774  37.511770    11.5168    7.17832      0.768    33.0092    25.1326 -9.990e-29
 269.471846      0.780  37.515937    11.5153    7.17184      0.773    33.0147    25.1371 -9.990e-29
 269.471852      0.788  37.519905    11.5142    7.16928      0.781    33.0195    25.1411 -9.990e-29
 269.471858      0.799  37.521155    11.5148    7.16759      0.792    33.0202    25.1415 -9.990e-29
 269.471863      0.812  37.520836    11.5166    7.17052      0.805    33.0183    25.1397 -9.990e-29
 269.471869      0.825  37.521928    11.5170    7.18030      0.818    33.0190    25.1401 -9.990e-29
 269.471875      0.834  37.522565    11.5138    7.17946      0.827    33.0225    25.1434 -9.990e-29
 269.471881      0.844  37.517469    11.5093    7.17171      0.837    33.0215    25.1435 -9.990e-29
 269.471887      0.856  37.508303    11.5086    7.17742      0.849    33.0131    25.1371 -9.990e-29
 269.471892      0.862  37.505326    11.5130    7.17751      0.855    33.0063    25.1310 -9.990e-29
 269.471898      0.861  37.511338    11.5180    7.18098      0.854    33.0077    25.1312 -9.990e-29
 269.471904      0.863  37.519253    11.5188    7.18798      0.856    33.0147    25.1365 -9.990e-29
 269.471910      0.873  37.522281    11.5154    7.17658      0.866    33.0207    25.1418 -9.990e-29
 269.471916      0.886  37.520015    11.5128    7.17467      0.879    33.0208    25.1423 -9.990e-29
 269.471921      0.895  37.518451    11.5149    7.17443      0.888    33.0174    25.1393 -9.990e-29
 269.471927      0.895  37.520592    11.5194    7.16910      0.888    33.0155    25.1370 -9.990e-29
 269.471933      0.893  37.524287    11.5205    7.17631      0.886    33.0181    25.1388 -9.990e-29
 269.471939      0.894  37.526653    11.5172    7.17662      0.887    33.0234    25.1435 -9.990e-29
 269.471944      0.905  37.525840    11.5125    7.17115      0.897    33.0268    25.1470 -9.990e-29
 269.471950      0.921  37.522110    11.5105    7.17374      0.913    33.0249    25.1459 -9.990e-29
 269.471956      0.931  37.517801    11.5135    7.18086      0.923    33.0180    25.1400 -9.990e-29
 269.471962      0.927  37.516899    11.5182    7.19076      0.919    33.0129    25.1352 -9.990e-29
 269.471968      0.917  37.519886    11.5199    7.19255      0.909    33.0144    25.1360 -9.990e-29
 269.471973      0.913  37.521952    11.5173    7.17423      0.905    33.0187    25.1399 -9.990e-29
 269.471979      0.919  37.519676    11.5140    7.16547      0.911    33.0194    25.1410 -9.990e-29
 269.471985      0.932  37.515627    11.5149    7.16254      0.924    33.0146    25.1371 -9.990e-29
 269.471991      0.948  37.516176    11.5178    7.16625      0.940    33.0126    25.1350 -9.990e-29
 269.471997      0.968  37.520366    11.5171    7.18808      0.960    33.0173    25.1388 -9.990e-29
 269.472002      0.989  37.520311    11.5107    7.19339      0.981    33.0230    25.1444 -9.990e-29
 269.472008      1.007  37.513128    11.5036    7.19456      0.999    33.0222    25.1451 -9.990e-29
 269.472014      1.025  37.506061    11.5040    7.18442      1.016    33.0150    25.1394 -9.990e-29
 269.472020      1.038  37.508752    11.5116    7.18234      1.029    33.0108    25.1348 -9.990e-29
 269.472025      1.040  37.517485    11.5183    7.18736      1.031    33.0134    25.1355 -9.990e-29
 269.472031      1.031  37.523142    11.5210    7.18520      1.022    33.0165    25.1375 -9.990e-29
 269.472037      1.018  37.525969    11.5212    7.19124      1.010    33.0191    25.1395 -9.990e-29
 269.472043      1.004  37.526924    11.5204    7.19269      0.996    33.0208    25.1409 -9.990e-29
 269.472049      0.994  37.525032    11.5197    7.19878      0.986    33.0195    25.1401 -9.990e-29
 269.472054      0.995  37.522809    11.5184    7.18661      0.987    33.0185    25.1395 -9.990e-29
 269.472060      1.007  37.520652    11.5157    7.16452      0.999    33.0188    25.1402 -9.990e-29
 269.472066      1.023  37.518481    11.5144    7.15771      1.014    33.0178    25.1397 -9.990e-29
 269.472072      1.034  37.518442    11.5173    7.14828      1.025    33.0152    25.1372 -9.990e-29
 269.472078      1.038  37.520474    11.5218    7.14573      1.029    33.0132    25.1348 -9.990e-29
 269.472083      1.039  37.522791    11.5220    7.13991      1.030    33.0153    25.1363 -9.990e-29
 269.472089      1.040  37.519500    11.5169    7.14438      1.031    33.0166    25.1383 -9.990e-29
 269.472095      1.043  37.502283    11.5124    7.13029      1.034    33.0038    25.1291 -9.990e-29
 269.472101      1.048  37.485757    11.5137    7.14357      1.039    32.9864    25.1154 -9.990e-29
 269.472106      1.054  37.491073    11.5187    7.14577      1.045    32.9871    25.1151 -9.990e-29
 269.472112      1.062  37.505115    11.5211    7.14326      1.053    32.9988    25.1237 -9.990e-29
 269.472118      1.073  37.512942    11.5170    7.14872      1.064    33.0101    25.1332 -9.990e-29
 269.472124      1.087  37.513768    11.5065    7.13868      1.078    33.0203    25.1430 -9.990e-29
 269.472130      1.105  37.501956    11.4958    7.12682      1.096    33.0182    25.1434 -9.990e-29
 269.472135      1.124  37.486991    11.4957    7.12687      1.115    33.0036    25.1321 -9.990e-29
 269.472141      1.137  37.487053    11.5056    7.11508      1.128    32.9949    25.1235 -9.990e-29
 269.472147      1.145  37.497726    11.5137    7.11483      1.135    32.9981    25.1245 -9.990e-29
 269.472153      1.152  37.506307    11.5103    7.12077      1.142    33.0095    25.1340 -9.990e-29
 269.472159      1.159  37.502920    11.4961    7.12419      1.149    33.0189    25.1439 -9.990e-29
 269.472164      1.166  37.485288    11.4844    7.12943      1.156    33.0120    25.1407 -9.990e-29
 269.472170      1.169  37.473085    11.4880    7.15233      1.159    32.9969    25.1282 -9.990e-29
 269.472176      1.165  37.479758    11.5016    7.16525      1.155    32.9913    25.1214 -9.990e-29
 269.472182      1.157  37.496243    11.5125    7.17448      1.147    32.9977    25.1244 -9.990e-29
 269.472188      1.154  37.511980    11.5171    7.17780      1.144    33.0090    25.1324 -9.990e-29
 269.472193      1.159  37.519342    11.5177    7.17992      1.149    33.0157    25.1375 -9.990e-29
 269.472199      1.173  37.515800    11.5181    7.18679      1.163    33.0119    25.1344 -9.990e-29
 269.472205      1.192  37.511210    11.5207    7.19235      1.182    33.0050    25.1286 -9.990e-29
 269.472211      1.209  37.513466    11.5239    7.20108      1.199    33.0044    25.1275 -9.990e-29
 269.472216      1.221  37.518836    11.5253    7.20257      1.211    33.0084    25.1304 -9.990e-29
 269.472222      1.228  37.523818    11.5253    7.19746      1.218    33.0133    25.1342 -9.990e-29
 269.472228      1.232  37.527754    11.5256    7.19167      1.222    33.0168    25.1369 -9.990e-29
 269.472234      1.232  37.529715    11.5271    7.19201      1.222    33.0174    25.1371 -9.990e-29
 269.472240      1.228  37.530065    11.5299    7.19722      1.218    33.0153    25.1349 -9.990e-29
 269.472245      1.221  37.530384    11.5321    7.19904      1.211    33.0136    25.1332 -9.990e-29
 269.472251      1.213  37.531092    11.5315    7.19644      1.203    33.0149    25.1343 -9.990e-29
 269.472257      1.213  37.529759    11.5287    7.18403      1.203    33.0160    25.1357 -9.990e-29
 269.472263      1.222  37.526846    11.5275    7.17908      1.212    33.0143    25.1346 -9.990e-29
 269.472269      1.230  37.527437    11.5296    7.17872      1.220    33.0130    25.1332 -9.990e-29
 269.472274      1.234  37.531189    11.5325    7.18774      1.224    33.0140    25.1335 -9.990e-29
 269.472280      1.240  37.534120    11.5327    7.19913      1.230    33.0167    25.1355 -9.990e-29
 269.472286      1.250  37.533962    11.5300    7.20239      1.240    33.0190    25.1378 -9.990e-29
 269.472292      1.262  37.530501    11.5283    7.20088      1.251    33.0171    25.1366 -9.990e-29
 269.472297      1.272  37.528649    11.5305    7.19480      1.261    33.0133    25.1333 -9.990e-29
 269.472303      1.282  37.530417    11.5335    7.18262      1.271    33.0124    25.1320 -9.990e-29
 269.472309      1.286  37.532543    11.5342    7.17233      1.275    33.0138    25.1330 -9.990e-29
 269.472315      1.282  37.533369    11.5339    7.17969      1.271    33.0149    25.1339 -9.990e-29
 269.472321      1.277  37.533427    11.5342    7.17729      1.266    33.0147    25.1337 -9.990e-29
 269.472326      1.280  37.534471    11.5347    7.19642      1.269    33.0153    25.1340 -9.990e-29
 269.472332      1.286  37.536202    11.5337    7.20151      1.275    33.0179    25.1362 -9.990e-29
 269.472338      1.293  37.535313    11.5313    7.19672      1.282    33.0191    25.1377 -9.990e-29
 269.472344      1.299  37.531173    11.5301    7.18944      1.288    33.0161    25.1355 -9.990e-29
 269.472350      1.306  37.528351    11.5320    7.17902      1.295    33.0117    25.1317 -9.990e-29
 269.472355      1.314  37.530369    11.5356    7.17970      1.303    33.0104    25.1301 -9.990e-29
 269.472361      1.323  37.534301    11.5374    7.18181      1.312    33.0127    25.1315 -9.990e-29
 269.472367      1.335  37.536406    11.5350    7.18658      1.324    33.0169    25.1352 -9.990e-29
 269.472373      1.349  37.534996    11.5299    7.18558      1.338    33.0200    25.1386 -9.990e-29
 269.472378      1.363  37.530990    11.5263    7.17649      1.352    33.0193    25.1387 -9.990e-29
