data/oxygen options/OCNMS/OCNMS1/raw_data/2006/CTD_CE015_080806faed.cnv
* Sea-Bird SBE19 Data File:
* FileName = C:\MOORING_DATA_2006\CTD_CE015_080806.hex
* Software Version 1.1.6
* Temperature SN = 2997
* Conductivity SN = 2997
* System UpLoad Time = Aug 08 2006 16:34:38
* SEACAT PROFILER V3.1c SN 2997   08/08/06  16:34:13.156
* strain gauge pressure sensor: S/N = 184829,  range = 3000 psia,  tc = 40
# nquan = 9                                 
# nvalues = 1624                        
# units = specified
# name 0 = timeJ: Julian Days
# name 1 = prSM: Pressure, Strain Gauge [db]
# name 2 = c0mS/cm: Conductivity [mS/cm]
# name 3 = t090C: Temperature [ITS-90, deg C]
# name 4 = oxML/L: Oxygen, Beckman/YSI [ml/l]
# name 5 = depSM: Depth [salt water, m], lat = 47.5
# name 6 = sal00: Salinity, Practical [PSU]
# name 7 = sigma-é00: Density [sigma-theta, kg/m^3]
# name 8 = flag: flag
# span 0 = 220.680370, 220.689763       
# span 1 =     -4.939,     13.697       
# span 2 =   0.435033,  36.942164       
# span 3 =     8.7795,    12.2375       
# span 4 =  -12.52664,   39.61977       
# span 5 =     -4.898,     13.582       
# span 6 =     0.2836,    33.5849       
# span 7 =    -0.2633,    26.0403       
# span 8 = 0.0000e+00, 0.0000e+00       
# interval = seconds: 0.5
# start_time = Aug 08 2006 16:19:44 [Instrument's time stamp, header]
# bad_flag = -9.990e-29
*END*
 220.680370     -4.939 -9.990e-29    12.2375   -0.06233     -4.898 -9.990e-29 -9.990e-29 -9.990e-29
 220.680376     -4.876   1.877661    12.1677   -0.06234     -4.835     1.2905     0.4864 -9.990e-29
 220.680382     -4.800   3.646843    11.9769   -0.06235     -4.760     2.6169     1.5398 -9.990e-29
 220.680388     -4.695   8.409804    11.6123   -0.06237     -4.656     6.4520     4.5567 -9.990e-29
 220.680394     -4.555  16.009268    11.1620   -0.06238     -4.517    13.0915     9.7533 -9.990e-29
 220.680399     -4.385  23.360751    10.7906   -0.06235     -4.348    19.9667    15.1307 -9.990e-29
 220.680405     -4.195  29.247035    10.5937   -0.06235     -4.160    25.6953    19.6065 -9.990e-29
 220.680411     -3.999  33.583924    10.5279   -0.06240     -3.966    29.9918    22.9581 -9.990e-29
 220.680417     -3.817  35.793410    10.5110   -0.06238     -3.785    32.2041    24.6836 -9.990e-29
 220.680422     -3.670  36.563166    10.5057   -0.06236     -3.639    32.9797    25.2889 -9.990e-29
 220.680428     -3.551  36.816300    10.5000   -0.06236     -3.521    33.2390    25.4919 -9.990e-29
 220.680434     -3.444  36.865639    10.4932   -0.06235     -3.415    33.2948    25.5366 -9.990e-29
 220.680440     -3.331  36.858868    10.4857   -0.06240     -3.303    33.2948    25.5379 -9.990e-29
 220.680446     -3.194  36.852590    10.4794   -0.06237     -3.167    33.2942    25.5385 -9.990e-29
 220.680451     -3.034  36.855819    10.4766   -0.06240     -3.009    33.2999    25.5434 -9.990e-29
 220.680457     -2.867  36.879025    10.4773   -0.06237     -2.843    33.3225    25.5610 -9.990e-29
 220.680463     -2.716  36.907703    10.4792   -0.06236     -2.693    33.3496    25.5817 -9.990e-29
 220.680469     -2.593  36.904907    10.4786   -0.06236     -2.571    33.3472    25.5800 -9.990e-29
 220.680475     -2.494  36.880368    10.4744   -0.06239     -2.473    33.3264    25.5645 -9.990e-29
 220.680480     -2.414  36.883267    10.4701   -0.06241     -2.394    33.3332    25.5705 -9.990e-29
 220.680486     -2.346  36.915783    10.4695   -0.06238     -2.326    33.3664    25.5965 -9.990e-29
 220.680492     -2.291  36.942164    10.4732   -0.06238     -2.272    33.3895    25.6139 -9.990e-29
 220.680498     -2.254  36.932503    10.4793   -0.06236     -2.235    33.3742    25.6009 -9.990e-29
 220.680503     -2.233  36.895230    10.4845   -0.06238     -2.214    33.3319    25.5671 -9.990e-29
 220.680509     -2.221  36.863671    10.4864   -0.06239     -2.202    33.2985    25.5407 -9.990e-29
 220.680515     -2.219  36.847915    10.4857   -0.06239     -2.200    33.2833    25.5289 -9.990e-29
 220.680521     -2.222  36.853877    10.4843   -0.06239     -2.203    33.2906    25.5348 -9.990e-29
 220.680527     -2.225  36.868185    10.4821   -0.06239     -2.206    33.3070    25.5480 -9.990e-29
 220.680532     -2.225  36.861667    10.4787   -0.06237     -2.206    33.3035    25.5459 -9.990e-29
 220.680538     -2.214  36.840215    10.4754   -0.06237     -2.196    33.2850    25.5320 -9.990e-29
 220.680544     -2.189  36.839171    10.4742   -0.06236     -2.171    33.2850    25.5322 -9.990e-29
 220.680550     -2.163  36.864432    10.4756   -0.06238     -2.145    33.3091    25.5508 -9.990e-29
 220.680556     -2.147  36.886281    10.4783   -0.06240     -2.129    33.3286    25.5655 -9.990e-29
 220.680561     -2.140  36.887284    10.4809   -0.06241     -2.122    33.3272    25.5640 -9.990e-29
 220.680567     -2.133  36.866528    10.4815   -0.06240     -2.115    33.3058    25.5472 -9.990e-29
 220.680573     -2.121  36.842897    10.4796   -0.06239     -2.103    33.2838    25.5304 -9.990e-29
 220.680579     -2.103  36.837050    10.4771   -0.06239     -2.085    33.2802    25.5280 -9.990e-29
 220.680584     -2.079  36.847919    10.4759   -0.06242     -2.062    33.2922    25.5376 -9.990e-29
 220.680590     -2.050  36.870355    10.4766   -0.06243     -2.033    33.3141    25.5545 -9.990e-29
 220.680596     -2.024  36.894998    10.4793   -0.06243     -2.007    33.3364    25.5714 -9.990e-29
 220.680602     -2.007  36.905332    10.4820   -0.06243     -1.990    33.3443    25.5771 -9.990e-29
 220.680608     -2.004  36.889888    10.4828   -0.06242     -1.987    33.3280    25.5643 -9.990e-29
 220.680613     -2.004  36.851628    10.4822   -0.06243     -1.987    33.2901    25.5349 -9.990e-29
 220.680619     -1.995  36.814148    10.4810   -0.06243     -1.978    33.2535    25.5066 -9.990e-29
 220.680625     -1.973  36.799836    10.4803   -0.06243     -1.957    33.2398    25.4960 -9.990e-29
 220.680631     -1.944  36.810362    10.4803   -0.06243     -1.928    33.2503    25.5042 -9.990e-29
 220.680637     -1.925  36.825535    10.4803   -0.06243     -1.909    33.2656    25.5161 -9.990e-29
 220.680642     -1.921  36.816775    10.4799   -0.06243     -1.905    33.2571    25.5096 -9.990e-29
 220.680648     -1.924  36.785858    10.4792   -0.06243     -1.908    33.2267    25.4860 -9.990e-29
 220.680654     -1.918  36.761120    10.4784   -0.06243     -1.902    33.2026    25.4673 -9.990e-29
 220.680660     -1.897  36.754453    10.4781   -0.06243     -1.881    33.1961    25.4623 -9.990e-29
 220.680666     -1.874  36.760887    10.4783   -0.06243     -1.858    33.2024    25.4672 -9.990e-29
 220.680671     -1.860  36.767679    10.4786   -0.06244     -1.844    33.2090    25.4722 -9.990e-29
 220.680677     -1.853  36.762561    10.4785   -0.06242     -1.838    33.2039    25.4683 -9.990e-29
 220.680683     -1.840  36.752168    10.4775   -0.06243     -1.825    33.1944    25.4610 -9.990e-29
 220.680689     -1.813  36.747322    10.4763   -0.06244     -1.798    33.1906    25.4583 -9.990e-29
 220.680694     -1.773  36.750532    10.4758   -0.06244     -1.758    33.1942    25.4612 -9.990e-29
 220.680700     -1.727  36.758780    10.4764   -0.06243     -1.713    33.2020    25.4672 -9.990e-29
 220.680706     -1.684  36.765107    10.4774   -0.06243     -1.670    33.2074    25.4712 -9.990e-29
 220.680712     -1.654  36.764481    10.4776   -0.06244     -1.640    33.2066    25.4705 -9.990e-29
 220.680718     -1.637  36.757744    10.4761   -0.06244     -1.623    33.2012    25.4666 -9.990e-29
 220.680723     -1.621  36.752737    10.4737   -0.06243     -1.607    33.1983    25.4648 -9.990e-29
 220.680729     -1.607  36.755683    10.4726   -0.06243     -1.594    33.2023    25.4681 -9.990e-29
 220.680735     -1.592  36.764334    10.4731   -0.06243     -1.579    33.2105    25.4744 -9.990e-29
 220.680741     -1.569  36.769462    10.4736   -0.06243     -1.556    33.2152    25.4780 -9.990e-29
 220.680747     -1.534  36.765560    10.4733   -0.06243     -1.521    33.2115    25.4752 -9.990e-29
 220.680752     -1.495  36.760324    10.4728   -0.06242     -1.483    33.2067    25.4715 -9.990e-29
 220.680758     -1.458  36.762473    10.4729   -0.06242     -1.446    33.2088    25.4731 -9.990e-29
 220.680764     -1.428  36.769818    10.4732   -0.06242     -1.416    33.2159    25.4785 -9.990e-29
 220.680770     -1.409  36.771390    10.4732   -0.06243     -1.397    33.2174    25.4798 -9.990e-29
 220.680775     -1.394  36.764232    10.4728   -0.06244     -1.382    33.2106    25.4745 -9.990e-29
 220.680781     -1.379  36.761235    10.4724   -0.06244     -1.367    33.2079    25.4725 -9.990e-29
 220.680787     -1.363  36.766812    10.4725   -0.06244     -1.352    33.2134    25.4768 -9.990e-29
 220.680793     -1.343  36.772685    10.4731   -0.06244     -1.332    33.2188    25.4808 -9.990e-29
 220.680799     -1.320  36.775462    10.4742   -0.06244     -1.309    33.2206    25.4820 -9.990e-29
 220.680804     -1.292  36.776596    10.4751   -0.06245     -1.281    33.2209    25.4821 -9.990e-29
 220.680810     -1.261  36.779838    10.4749   -0.06245     -1.250    33.2243    25.4848 -9.990e-29
 220.680816     -1.234  36.786140    10.4738   -0.06245     -1.224    33.2316    25.4907 -9.990e-29
 220.680822     -1.213  36.790437    10.4726   -0.06244     -1.203    33.2370    25.4952 -9.990e-29
 220.680828     -1.197  36.787794    10.4712   -0.06244     -1.187    33.2356    25.4943 -9.990e-29
 220.680833     -1.181  36.778048    10.4699   -0.06244     -1.171    33.2270    25.4878 -9.990e-29
 220.680839     -1.160  36.770079    10.4692   -0.06244     -1.150    33.2196    25.4822 -9.990e-29
 220.680845     -1.136  36.772328    10.4697   -0.06245     -1.127    33.2214    25.4835 -9.990e-29
 220.680851     -1.116  36.778812    10.4705   -0.06245     -1.107    33.2272    25.4879 -9.990e-29
 220.680856     -1.104  36.777415    10.4709   -0.06245     -1.095    33.2254    25.4864 -9.990e-29
 220.680862     -1.094  36.765709    10.4711   -0.06245     -1.085    33.2135    25.4771 -9.990e-29
 220.680868     -1.082  36.752765    10.4714   -0.06245     -1.073    33.2002    25.4667 -9.990e-29
 220.680874     -1.066  36.747123    10.4717   20.23968     -1.057    33.1943    25.4620 -9.990e-29
 220.680880     -1.046  36.751355    10.4719   37.03092     -1.037    33.1983    25.4651 -9.990e-29
 220.680885     -1.021  36.760439    10.4723   39.61977     -1.012    33.2071    25.4719 -9.990e-29
 220.680891     -0.993  36.765165    10.4730   35.25707     -0.985    33.2112    25.4749 -9.990e-29
 220.680897     -0.969  36.763974    10.4734   23.55643     -0.961    33.2096    25.4736 -9.990e-29
 220.680903     -0.951  36.758078    10.4734   18.13449     -0.943    33.2037    25.4690 -9.990e-29
 220.680909     -0.935  36.749149    10.4732   18.13027     -0.927    33.1949    25.4622 -9.990e-29
 220.680914     -0.914  36.742667    10.4728    8.52150     -0.906    33.1887    25.4575 -9.990e-29
 220.680920     -0.893  36.741765    10.4727    0.24367     -0.886    33.1879    25.4568 -9.990e-29
 220.680926     -0.873  36.744114    10.4731   -2.76322     -0.866    33.1899    25.4583 -9.990e-29
 220.680932     -0.859  36.741621    10.4735   -2.23504     -0.852    33.1870    25.4560 -9.990e-29
 220.680938     -0.853  36.732640    10.4738    2.32685     -0.846    33.1777    25.4487 -9.990e-29
 220.680943     -0.850  36.725947    10.4740    4.68870     -0.843    33.1708    25.4433 -9.990e-29
 220.680949     -0.846  36.723833    10.4742    5.15308     -0.839    33.1685    25.4414 -9.990e-29
 220.680955     -0.837  36.722913    10.4747    5.45885     -0.830    33.1671    25.4403 -9.990e-29
 220.680961     -0.817  36.722516    10.4753    5.61456     -0.810    33.1661    25.4394 -9.990e-29
 220.680966     -0.790  36.722671    10.4760    5.71934     -0.783    33.1656    25.4389 -9.990e-29
 220.680972     -0.759  36.723018    10.4767    5.78933     -0.753    33.1653    25.4386 -9.990e-29
 220.680978     -0.725  36.722893    10.4772    5.85101     -0.719    33.1647    25.4380 -9.990e-29
 220.680984     -0.695  36.722122    10.4774    5.87507     -0.689    33.1638    25.4372 -9.990e-29
 220.680990     -0.672  36.721356    10.4777    5.90051     -0.666    33.1627    25.4364 -9.990e-29
 220.680995     -0.653  36.721252    10.4780    5.92107     -0.648    33.1623    25.4360 -9.990e-29
 220.681001     -0.638  36.721665    10.4781    5.94415     -0.633    33.1626    25.4362 -9.990e-29
 220.681007     -0.626  36.722018    10.4780    5.94958     -0.621    33.1631    25.4366 -9.990e-29
 220.681013     -0.616  36.722218    10.4779    5.96128     -0.611    33.1634    25.4368 -9.990e-29
 220.681019     -0.607  36.722525    10.4780    5.95782     -0.602    33.1636    25.4370 -9.990e-29
 220.681024     -0.599  36.722782    10.4782    5.96270     -0.594    33.1637    25.4370 -9.990e-29
 220.681030     -0.592  36.722769    10.4783    5.97113     -0.587    33.1636    25.4369 -9.990e-29
 220.681036     -0.584  36.722461    10.4783    5.96123     -0.579    33.1632    25.4367 -9.990e-29
 220.681042     -0.575  36.722005    10.4784    5.96589     -0.570    33.1627    25.4362 -9.990e-29
 220.681047     -0.565  36.721909    10.4785    5.95278     -0.560    33.1625    25.4361 -9.990e-29
 220.681053     -0.553  36.722042    10.4786    5.96763     -0.548    33.1625    25.4361 -9.990e-29
 220.681059     -0.539  36.722014    10.4781    5.97377     -0.535    33.1630    25.4365 -9.990e-29
 220.681065     -0.521  36.721784    10.4772    5.97239     -0.517    33.1635    25.4371 -9.990e-29
 220.681071     -0.502  36.721601    10.4768    5.96417     -0.498    33.1637    25.4373 -9.990e-29
 220.681076     -0.491  36.721775    10.4771    5.95273     -0.487    33.1636    25.4372 -9.990e-29
 220.681082     -0.485  36.721972    10.4777    5.94765     -0.481    33.1632    25.4368 -9.990e-29
 220.681088     -0.477  36.721891    10.4780    5.95380     -0.473    33.1629    25.4365 -9.990e-29
 220.681094     -0.461  36.721606    10.4774    5.96270     -0.457    33.1631    25.4368 -9.990e-29
 220.681100     -0.441  36.721298    10.4762    5.95976     -0.437    33.1639    25.4376 -9.990e-29
 220.681105     -0.429  36.721309    10.4753    5.95374     -0.425    33.1647    25.4384 -9.990e-29
 220.681111     -0.432  36.721661    10.4750    5.93716     -0.428    33.1654    25.4389 -9.990e-29
 220.681117     -0.441  36.721900    10.4744    5.94331     -0.437    33.1662    25.4396 -9.990e-29
 220.681123     -0.440  36.721792    10.4727    5.94236     -0.436    33.1676    25.4410 -9.990e-29
 220.681128     -0.422  36.721205    10.4703    5.95609     -0.418    33.1692    25.4427 -9.990e-29
 220.681134     -0.392  36.720489    10.4685    5.95476     -0.389    33.1701    25.4437 -9.990e-29
 220.681140     -0.366  36.720382    10.4682    5.95113     -0.363    33.1703    25.4439 -9.990e-29
 220.681146     -0.352  36.720751    10.4685    5.94601     -0.349    33.1704    25.4439 -9.990e-29
 220.681152     -0.343  36.720973    10.4687    5.94098     -0.340    33.1704    25.4439 -9.990e-29
 220.681157     -0.331  36.720796    10.4689    5.93639     -0.328    33.1700    25.4436 -9.990e-29
 220.681163     -0.311  36.720554    10.4693    5.95383     -0.308    33.1694    25.4430 -9.990e-29
 220.681169     -0.286  36.720496    10.4700    5.94499     -0.284    33.1687    25.4424 -9.990e-29
 220.681175     -0.259  36.720555    10.4705    5.95150     -0.257    33.1683    25.4420 -9.990e-29
 220.681181     -0.231  36.720820    10.4708    5.94505     -0.229    33.1683    25.4419 -9.990e-29
 220.681186     -0.210  36.721094    10.4713    5.93156     -0.208    33.1681    25.4417 -9.990e-29
 220.681192     -0.195  36.721189    10.4724    5.94338     -0.193    33.1672    25.4408 -9.990e-29
 220.681198     -0.175  36.721243    10.4739    5.93514     -0.174    33.1658    25.4395 -9.990e-29
 220.681204     -0.151  36.721339    10.4751    5.94666     -0.150    33.1648    25.4385 -9.990e-29
 220.681209     -0.128  36.721614    10.4758    5.93419     -0.127    33.1645    25.4381 -9.990e-29
 220.681215     -0.109  36.721885    10.4759    5.93736     -0.108    33.1646    25.4382 -9.990e-29
 220.681221     -0.094  36.721961    10.4754    5.93270     -0.093    33.1652    25.4387 -9.990e-29
 220.681227     -0.082  36.721953    10.4750    5.93072     -0.081    33.1655    25.4390 -9.990e-29
 220.681233     -0.071  36.721863    10.4751    5.93586     -0.070    33.1653    25.4389 -9.990e-29
 220.681238     -0.060  36.721581    10.4753    5.92625     -0.059    33.1649    25.4385 -9.990e-29
 220.681244     -0.051  36.721300    10.4753    5.92171     -0.051    33.1646    25.4382 -9.990e-29
 220.681250     -0.040  36.721218    10.4756    5.91931     -0.040    33.1642    25.4379 -9.990e-29
 220.681256     -0.029  36.721235    10.4759    5.91305     -0.029    33.1639    25.4376 -9.990e-29
 220.681262     -0.016  36.721382    10.4759    5.92488     -0.016    33.1641    25.4378 -9.990e-29
 220.681267     -0.001  36.721305    10.4756    5.91449     -0.001    33.1643    25.4380 -9.990e-29
 220.681273      0.014  36.720914    10.4756    5.91240      0.014    33.1639    25.4376 -9.990e-29
 220.681279      0.020  36.720817    10.4759    5.92279      0.020    33.1635    25.4373 -9.990e-29
 220.681285      0.018  36.720895    10.4760    5.90815      0.018    33.1635    25.4373 -9.990e-29
 220.681291      0.017  36.720702    10.4755    5.90338      0.017    33.1638    25.4376 -9.990e-29
