data/oxygen options/OCNMS/OCNMS1/raw_data/2006/CTD_CE015_092506faed.cnv
* Sea-Bird SBE19 Data File:
* FileName = C:\MOORING_DATA_2006\CTD_CE015_092506.hex
* Software Version 1.1.6
* Temperature SN = 2997
* Conductivity SN = 2997
* System UpLoad Time = Sep 25 2006 16:15:05
* SEACAT PROFILER V3.1c SN 2997   09/25/06  16:15:46.687
* strain gauge pressure sensor: S/N = 184829,  range = 3000 psia,  tc = 40
# nquan = 9                                 
# nvalues = 2048                        
# units = specified
# name 0 = timeJ: Julian Days
# name 1 = prSM: Pressure, Strain Gauge [db]
# name 2 = c0mS/cm: Conductivity [mS/cm]
# name 3 = t090C: Temperature [ITS-90, deg C]
# name 4 = oxML/L: Oxygen, Beckman/YSI [ml/l]
# name 5 = depSM: Depth [salt water, m], lat = 47.5
# name 6 = sal00: Salinity, Practical [PSU]
# name 7 = sigma-é00: Density [sigma-theta, kg/m^3]
# name 8 = flag: flag
# span 0 = 268.665532, 268.677378       
# span 1 =     -4.911,     18.815       
# span 2 =   0.092519,  37.438993       
# span 3 =    11.4492,    17.8113       
# span 4 =  -13.35273,   32.06772       
# span 5 =     -4.870,     18.657       
# span 6 =     0.0537,    32.9758       
# span 7 =    -1.3247,    25.1171       
# span 8 = 0.0000e+00, 0.0000e+00       
# interval = seconds: 0.5
# start_time = Sep 25 2006 15:58:22 [Instrument's time stamp, header]
# bad_flag = -9.990e-29
*END*
[from data line 801]
 268.670168     10.325  37.415266    12.4393    4.62558     10.239    32.1062    24.2602 -9.990e-29
 268.670174     10.309  37.403864    12.4421    4.61596     10.223    32.0929    24.2494 -9.990e-29
 268.670179     10.289  37.396824    12.4438    4.62540     10.203    32.0848    24.2428 -9.990e-29
 268.670185     10.272  37.393735    12.4441    4.62596     10.186    32.0816    24.2402 -9.990e-29
 268.670191     10.261  37.393283    12.4436    4.62706     10.175    32.0816    24.2403 -9.990e-29
 268.670197     10.255  37.395428    12.4428    4.63377     10.169    32.0843    24.2426 -9.990e-29
 268.670203     10.255  37.396859    12.4422    4.63013     10.169    32.0862    24.2442 -9.990e-29
 268.670208     10.259  37.395558    12.4418    4.62642     10.173    32.0853    24.2435 -9.990e-29
 268.670214     10.265  37.393716    12.4416    4.61872     10.179    32.0837    24.2424 -9.990e-29
 268.670220     10.268  37.392245    12.4418    4.63235     10.182    32.0821    24.2411 -9.990e-29
 268.670226     10.272  37.390863    12.4422    4.68439     10.186    32.0804    24.2397 -9.990e-29
 268.670231     10.282  37.389972    12.4426    4.76597     10.196    32.0792    24.2387 -9.990e-29
 268.670237     10.300  37.391751    12.4420    4.82370     10.214    32.0814    24.2405 -9.990e-29
 268.670243     10.325  37.400816    12.4391    4.85375     10.239    32.0926    24.2497 -9.990e-29
 268.670249     10.355  37.418035    12.4315    4.82760     10.268    32.1155    24.2689 -9.990e-29
 268.670255     10.380  37.433835    12.4225    4.78229     10.293    32.1383    24.2883 -9.990e-29
 268.670260     10.388  37.438993    12.4219    4.73865     10.301    32.1437    24.2926 -9.990e-29
 268.670266     10.375  37.434213    12.4296    4.70400     10.288    32.1326    24.2825 -9.990e-29
 268.670272     10.345  37.423777    12.4371    4.68072     10.258    32.1162    24.2684 -9.990e-29
 268.670278     10.309  37.413402    12.4410    4.66057     10.223    32.1030    24.2574 -9.990e-29
 268.670284     10.277  37.404964    12.4428    4.65736     10.191    32.0934    24.2496 -9.990e-29
 268.670289     10.252  37.396751    12.4439    4.66613     10.166    32.0846    24.2426 -9.990e-29
 268.670295     10.231  37.391834    12.4445    4.67360     10.145    32.0794    24.2385 -9.990e-29
 268.670301     10.214  37.392072    12.4450    4.67678     10.129    32.0792    24.2383 -9.990e-29
 268.670307     10.200  37.394416    12.4451    4.66360     10.115    32.0814    24.2399 -9.990e-29
 268.670313     10.187  37.396941    12.4446    4.65327     10.102    32.0842    24.2422 -9.990e-29
 268.670318     10.179  37.397968    12.4438    4.66319     10.094    32.0859    24.2436 -9.990e-29
 268.670324     10.184  37.396064    12.4436    4.70972     10.099    32.0842    24.2424 -9.990e-29
 268.670330     10.203  37.393177    12.4440    4.77016     10.118    32.0811    24.2399 -9.990e-29
 268.670336     10.228  37.392188    12.4446    4.81691     10.142    32.0797    24.2387 -9.990e-29
 268.670341     10.256  37.396827    12.4445    4.84229     10.170    32.0842    24.2422 -9.990e-29
 268.670347     10.289  37.410472    12.4437    4.84530     10.203    32.0979    24.2530 -9.990e-29
 268.670353     10.321  37.427759    12.4431    4.84400     10.235    32.1149    24.2662 -9.990e-29
 268.670359     10.336  37.436402    12.4426    4.83383     10.249    32.1235    24.2731 -9.990e-29
 268.670365     10.332  37.434462    12.4409    4.81051     10.246    32.1231    24.2731 -9.990e-29
 268.670370     10.321  37.432255    12.4383    4.78116     10.235    32.1233    24.2737 -9.990e-29
 268.670376     10.315  37.433569    12.4369    4.74381     10.229    32.1257    24.2758 -9.990e-29
 268.670382     10.313  37.431743    12.4386    4.70782     10.227    32.1225    24.2730 -9.990e-29
 268.670388     10.307  37.422658    12.4425    4.67874     10.221    32.1105    24.2630 -9.990e-29
 268.670394     10.293  37.411587    12.4457    4.66906     10.207    32.0972    24.2521 -9.990e-29
 268.670399     10.274  37.404522    12.4470    4.67487     10.188    32.0894    24.2457 -9.990e-29
 268.670405     10.256  37.398776    12.4470    4.68516     10.170    32.0839    24.2415 -9.990e-29
 268.670411     10.248  37.393421    12.4462    4.69235     10.162    32.0795    24.2382 -9.990e-29
 268.670417     10.253  37.391975    12.4451    4.68399     10.167    32.0790    24.2381 -9.990e-29
 268.670422     10.267  37.392508    12.4443    4.67927     10.181    32.0802    24.2392 -9.990e-29
 268.670428     10.282  37.392367    12.4443    4.66818     10.196    32.0801    24.2390 -9.990e-29
 268.670434     10.292  37.391360    12.4449    4.67023     10.206    32.0786    24.2378 -9.990e-29
 268.670440     10.297  37.389824    12.4454    4.67095     10.211    32.0767    24.2362 -9.990e-29
 268.670446     10.300  37.389073    12.4455    4.66091     10.214    32.0759    24.2356 -9.990e-29
 268.670451     10.299  37.389226    12.4458    4.65650     10.213    32.0758    24.2354 -9.990e-29
 268.670457     10.288  37.388800    12.4465    4.65695     10.202    32.0748    24.2345 -9.990e-29
 268.670463     10.272  37.387225    12.4476    4.67067     10.186    32.0724    24.2324 -9.990e-29
 268.670469     10.258  37.385762    12.4488    4.67337     10.172    32.0699    24.2303 -9.990e-29
 268.670475     10.249  37.385263    12.4495    4.66753     10.163    32.0689    24.2294 -9.990e-29
 268.670480     10.245  37.385622    12.4499    4.66363     10.159    32.0689    24.2293 -9.990e-29
 268.670486     10.241  37.386193    12.4504    4.66107     10.155    32.0690    24.2293 -9.990e-29
 268.670492     10.233  37.386051    12.4511    4.67353     10.147    32.0683    24.2286 -9.990e-29
 268.670498     10.224  37.385567    12.4518    4.68695     10.138    32.0672    24.2276 -9.990e-29
 268.670503     10.222  37.385773    12.4518    4.68795     10.136    32.0674    24.2278 -9.990e-29
 268.670509     10.237  37.388066    12.4509    4.69519     10.151    32.0703    24.2303 -9.990e-29
 268.670515     10.264  37.393256    12.4501    4.71984     10.178    32.0760    24.2348 -9.990e-29
 268.670521     10.287  37.398725    12.4500    4.74627     10.201    32.0813    24.2389 -9.990e-29
 268.670527     10.301  37.401104    12.4503    4.76308     10.215    32.0833    24.2404 -9.990e-29
 268.670532     10.306  37.401319    12.4506    4.75765     10.220    32.0832    24.2403 -9.990e-29
 268.670538     10.307  37.403579    12.4505    4.76031     10.221    32.0855    24.2421 -9.990e-29
 268.670544     10.311  37.407528    12.4503    4.77514     10.225    32.0894    24.2451 -9.990e-29
 268.670550     10.325  37.408336    12.4502    4.77969     10.239    32.0903    24.2458 -9.990e-29
 268.670556     10.343  37.406516    12.4502    4.77785     10.256    32.0885    24.2445 -9.990e-29
 268.670561     10.364  37.406929    12.4501    4.75590     10.277    32.0890    24.2449 -9.990e-29
 268.670567     10.379  37.410124    12.4501    4.74170     10.292    32.0920    24.2472 -9.990e-29
 268.670573     10.378  37.411383    12.4504    4.73108     10.291    32.0930    24.2479 -9.990e-29
 268.670579     10.368  37.407332    12.4507    4.72385     10.281    32.0889    24.2446 -9.990e-29
 268.670584     10.361  37.400982    12.4509    4.71870     10.274    32.0826    24.2398 -9.990e-29
 268.670590     10.354  37.397886    12.4513    4.70531     10.267    32.0793    24.2371 -9.990e-29
 268.670596     10.345  37.398401    12.4516    4.70606     10.258    32.0796    24.2373 -9.990e-29
 268.670602     10.339  37.399845    12.4515    4.71063     10.252    32.0810    24.2384 -9.990e-29
 268.670608     10.334  37.400774    12.4514    4.71688     10.247    32.0820    24.2392 -9.990e-29
 268.670613     10.331  37.400182    12.4516    4.70898     10.245    32.0813    24.2386 -9.990e-29
 268.670619     10.326  37.398961    12.4519    4.69969     10.240    32.0799    24.2374 -9.990e-29
 268.670625     10.317  37.398282    12.4521    4.68973     10.231    32.0790    24.2368 -9.990e-29
 268.670631     10.312  37.397797    12.4519    4.69145     10.226    32.0788    24.2366 -9.990e-29
 268.670637     10.317  37.396858    12.4510    4.69996     10.231    32.0786    24.2367 -9.990e-29
 268.670642     10.326  37.394773    12.4496    4.69096     10.240    32.0778    24.2363 -9.990e-29
 268.670648     10.332  37.392684    12.4487    4.68340     10.246    32.0766    24.2355 -9.990e-29
 268.670654     10.330  37.392289    12.4490    4.68059     10.244    32.0760    24.2350 -9.990e-29
 268.670660     10.326  37.392498    12.4498    4.67750     10.240    32.0755    24.2344 -9.990e-29
 268.670666     10.327  37.391905    12.4501    4.67592     10.241    32.0747    24.2338 -9.990e-29
 268.670671     10.338  37.390277    12.4496    4.67886     10.251    32.0735    24.2330 -9.990e-29
 268.670677     10.354  37.388806    12.4488    4.67310     10.267    32.0728    24.2326 -9.990e-29
 268.670683     10.370  37.389452    12.4482    4.68941     10.283    32.0739    24.2335 -9.990e-29
 268.670689     10.380  37.390831    12.4481    4.69570     10.293    32.0753    24.2346 -9.990e-29
 268.670694     10.382  37.390290    12.4484    4.70569     10.295    32.0745    24.2340 -9.990e-29
 268.670700     10.372  37.388789    12.4489    4.72224     10.285    32.0727    24.2325 -9.990e-29
 268.670706     10.357  37.388249    12.4488    4.73357     10.270    32.0723    24.2321 -9.990e-29
 268.670712     10.349  37.389630    12.4482    4.73418     10.262    32.0741    24.2337 -9.990e-29
 268.670718     10.349  37.393652    12.4475    4.72785     10.262    32.0785    24.2373 -9.990e-29
 268.670723     10.346  37.397821    12.4475    4.71195     10.259    32.0825    24.2403 -9.990e-29
 268.670729     10.337  37.398158    12.4485    4.71114     10.250    32.0820    24.2397 -9.990e-29
 268.670735     10.322  37.395108    12.4497    4.72738     10.236    32.0781    24.2365 -9.990e-29
 268.670741     10.303  37.392455    12.4500    4.74580     10.217    32.0753    24.2343 -9.990e-29
 268.670747     10.288  37.392266    12.4488    4.75172     10.202    32.0761    24.2351 -9.990e-29
 268.670752     10.280  37.394288    12.4470    4.75196     10.194    32.0796    24.2382 -9.990e-29
 268.670758     10.279  37.397290    12.4459    4.75119     10.193    32.0834    24.2413 -9.990e-29
 268.670764     10.284  37.399660    12.4455    4.75368     10.198    32.0860    24.2434 -9.990e-29
 268.670770     10.296  37.400632    12.4452    4.75409     10.210    32.0872    24.2444 -9.990e-29
 268.670775     10.312  37.400937    12.4449    4.74919     10.226    32.0877    24.2449 -9.990e-29
 268.670781     10.323  37.401540    12.4448    4.73695     10.237    32.0884    24.2454 -9.990e-29
 268.670787     10.327  37.402118    12.4450    4.72633     10.241    32.0888    24.2457 -9.990e-29
 268.670793     10.323  37.401757    12.4456    4.72375     10.237    32.0879    24.2449 -9.990e-29
 268.670799     10.312  37.399972    12.4465    4.71813     10.226    32.0854    24.2428 -9.990e-29
 268.670804     10.292  37.397185    12.4474    4.70752     10.206    32.0820    24.2400 -9.990e-29
 268.670810     10.271  37.394724    12.4479    4.70734     10.185    32.0793    24.2377 -9.990e-29
 268.670816     10.265  37.393234    12.4477    4.71638     10.179    32.0780    24.2368 -9.990e-29
 268.670822     10.278  37.392409    12.4470    4.73039     10.192    32.0778    24.2368 -9.990e-29
 268.670828     10.301  37.391708    12.4463    4.73835     10.215    32.0777    24.2369 -9.990e-29
 268.670833     10.332  37.391312    12.4456    4.73072     10.246    32.0779    24.2371 -9.990e-29
 268.670839     10.369  37.392934    12.4447    4.73053     10.282    32.0802    24.2391 -9.990e-29
 268.670845     10.401  37.395931    12.4445    4.71479     10.314    32.0833    24.2415 -9.990e-29
 268.670851     10.417  37.397001    12.4451    4.71226     10.330    32.0838    24.2418 -9.990e-29
 268.670856     10.415  37.395325    12.4463    4.70778     10.328    32.0811    24.2395 -9.990e-29
 268.670862     10.398  37.392592    12.4473    4.69784     10.311    32.0777    24.2366 -9.990e-29
 268.670868     10.374  37.390203    12.4482    4.68911     10.287    32.0746    24.2341 -9.990e-29
 268.670874     10.350  37.387775    12.4490    4.68649     10.263    32.0716    24.2316 -9.990e-29
 268.670880     10.332  37.385434    12.4493    4.69855     10.246    32.0692    24.2296 -9.990e-29
 268.670885     10.325  37.385105    12.4492    4.71416     10.239    32.0689    24.2295 -9.990e-29
 268.670891     10.327  37.386348    12.4496    4.71488     10.241    32.0698    24.2301 -9.990e-29
 268.670897     10.339  37.387450    12.4505    4.71888     10.252    32.0701    24.2301 -9.990e-29
 268.670903     10.356  37.389880    12.4512    4.71541     10.269    32.0718    24.2313 -9.990e-29
 268.670909     10.373  37.393508    12.4517    4.71407     10.286    32.0748    24.2336 -9.990e-29
 268.670914     10.385  37.394195    12.4520    4.70827     10.298    32.0752    24.2338 -9.990e-29
 268.670920     10.393  37.391730    12.4519    4.71060     10.306    32.0729    24.2321 -9.990e-29
 268.670926     10.399  37.390117    12.4518    4.70498     10.312    32.0715    24.2310 -9.990e-29
 268.670932     10.401  37.390567    12.4519    4.69751     10.314    32.0718    24.2312 -9.990e-29
 268.670937     10.400  37.390874    12.4521    4.69033     10.313    32.0719    24.2313 -9.990e-29
 268.670943     10.397  37.389761    12.4525    4.67980     10.310    32.0705    24.2301 -9.990e-29
 268.670949     10.391  37.387986    12.4530    4.68286     10.304    32.0684    24.2284 -9.990e-29
 268.670955     10.381  37.386544    12.4533    4.68785     10.294    32.0668    24.2270 -9.990e-29
 268.670961     10.372  37.385754    12.4536    4.68528     10.285    32.0658    24.2262 -9.990e-29
 268.670966     10.366  37.385120    12.4539    4.67999     10.279    32.0649    24.2255 -9.990e-29
 268.670972     10.360  37.384353    12.4542    4.67103     10.273    32.0639    24.2247 -9.990e-29
 268.670978     10.352  37.383552    12.4546    4.66379     10.265    32.0628    24.2237 -9.990e-29
 268.670984     10.352  37.382768    12.4554    4.66235     10.265    32.0614    24.2225 -9.990e-29
 268.670990     10.363  37.382074    12.4562    4.66990     10.276    32.0601    24.2213 -9.990e-29
 268.670995     10.382  37.381666    12.4568    4.67055     10.295    32.0591    24.2205 -9.990e-29
 268.671001     10.401  37.381557    12.4572    4.67239     10.314    32.0587    24.2200 -9.990e-29
 268.671007     10.417  37.381599    12.4570    4.66025     10.330    32.0589    24.2202 -9.990e-29
 268.671013     10.432  37.381843    12.4566    4.66105     10.345    32.0595    24.2207 -9.990e-29
 268.671019     10.450  37.382053    12.4561    4.65863     10.363    32.0601    24.2213 -9.990e-29
 268.671024     10.473  37.381944    12.4555    4.65366     10.385    32.0605    24.2217 -9.990e-29
 268.671030     10.493  37.381928    12.4555    4.65580     10.405    32.0605    24.2217 -9.990e-29
 268.671036     10.512  37.381980    12.4561    4.66884     10.424    32.0600    24.2213 -9.990e-29
 268.671042     10.522  37.381606    12.4570    4.67006     10.434    32.0589    24.2202 -9.990e-29
 268.671047     10.512  37.381427    12.4581    4.66459     10.424    32.0578    24.2191 -9.990e-29
 268.671053     10.489  37.381201    12.4601    4.66633     10.401    32.0558    24.2173 -9.990e-29
 268.671059     10.460  37.379502    12.4629    4.65552     10.372    32.0518    24.2136 -9.990e-29
 268.671065     10.428  37.376865    12.4661    4.66470     10.341    32.0466    24.2090 -9.990e-29
 268.671071     10.400  37.374261    12.4692    4.66806     10.313    32.0415    24.2044 -9.990e-29
 268.671076     10.381  37.371022    12.4713    4.67337     10.294    32.0366    24.2003 -9.990e-29
 268.671082     10.371  37.367876    12.4718    4.66838     10.284    32.0332    24.1975 -9.990e-29
