data/oxygen options/OCNMS/OCNMS1/raw_data/2006/CTD_KL027_092706faedb.cnv
* Sea-Bird SBE19 Data File:
* FileName = C:\MOORING_DATA_2006\CTD_KL027_092706.hex
* Software Version 1.1.6
* Temperature SN = 2997
* Conductivity SN = 2997
* System UpLoad Time = Sep 27 2006 12:50:37
* SEACAT PROFILER V3.1c SN 2997   09/27/06  12:51:36.225
* strain gauge pressure sensor: S/N = 184829,  range = 3000 psia,  tc = 40
# nquan = 9
# nvalues = 26                          
# units = specified
# name 0 = timeJ: Julian Days
# name 1 = prSM: Pressure, Strain Gauge [db]
# name 2 = c0mS/cm: Conductivity [mS/cm]
# name 3 = t090C: Temperature [ITS-90, deg C]
# name 4 = oxML/L: Oxygen, Beckman/YSI [ml/l]
# name 5 = depSM: Depth [salt water, m], lat = 47.5
# name 6 = sal00: Salinity, Practical [PSU]
# name 7 = sigma-é00: Density [sigma-theta, kg/m^3]
# name 8 = flag: flag
# span 0 = 270.524897, 270.525350       
# span 1 =      2.000,     27.000       
# span 2 =  36.620732,  38.241111       
# span 3 =     8.8612,    15.1701       
# span 4 =    4.99510,    7.06504       
# span 5 =      1.983,     26.773       
# span 6 =    30.6355,    35.0852       
# span 7 =    22.5745,    27.0935       
# span 8 = 0.0000e+00, 0.0000e+00       
# interval = decibars: 1                
# start_time = Sep 27 2006 12:31:21 [Instrument's time stamp, header]
# bad_flag = -9.990e-29
*END*
 270.524897      2.000  38.241111    15.1701    5.68269      1.983    30.6355    22.5745 0.0000e+00
 270.524924      3.000  38.216620    14.4543    6.20455      2.975    31.1849    23.1474 0.0000e+00
 270.524944      4.000  38.198722    13.4182    6.20505      3.967    32.0178    24.0014 0.0000e+00
 270.524962      5.000  38.188127    12.9922    6.05080      4.958    32.3687    24.3569 0.0000e+00
 270.524979      6.000  38.170470    12.8081    5.94910      5.950    32.5101    24.5022 0.0000e+00
 270.524994      7.000  38.153750    12.5672    5.97616      6.942    32.7024    24.6978 0.0000e+00
 270.525011      8.000  38.135872    12.2810    6.14168      7.934    32.9353    24.9330 0.0000e+00
 270.525027      9.000  38.109748    11.9278    6.34856      8.925    33.2226    25.2225 0.0000e+00
 270.525043     10.000  38.077162    11.6662    6.55281      9.917    33.4248    25.4282 0.0000e+00
 270.525061     11.000  38.036640    11.5014    6.72429     10.908    33.5336    25.5432 0.0000e+00
 270.525079     12.000  37.996269    11.3575    6.84315     11.899    33.6242    25.6400 0.0000e+00
 270.525095     13.000  37.977662    11.1760    6.98648     12.891    33.7714    25.7875 0.0000e+00
 270.525111     14.000  37.970593    10.8985    7.06504     13.883    34.0202    26.0310 0.0000e+00
 270.525129     15.000  37.958803    10.6073    6.99007     14.874    34.2801    26.2851 0.0000e+00
 270.525146     16.000  37.934078    10.2886    6.87249     15.865    34.5564    26.5562 0.0000e+00
 270.525162     17.000  37.897492     9.9630    6.68167     16.857    34.8311    26.8267 0.0000e+00
 270.525180     18.000  37.841797     9.7070    6.44833     17.849    35.0217    27.0191 0.0000e+00
 270.525198     19.000  37.764065     9.5593    6.23167     18.841    35.0852    27.0935 0.0000e+00
 270.525215     20.000  37.656685     9.5788    6.16884     19.832    34.9545    26.9881 0.0000e+00
 270.525233     21.000  37.510933     9.6715    5.98837     20.824    34.7136    26.7842 0.0000e+00
 270.525253     22.000  37.337260     9.5551    5.78865     21.815    34.6463    26.7510 0.0000e+00
 270.525271     23.000  37.163109     9.1402    5.60572     22.807    34.8688    26.9931 0.0000e+00
 270.525290     24.000  36.989817     8.9168    5.45537     23.798    34.9057    27.0581 0.0000e+00
 270.525310     25.000  36.834685     8.8888    5.29618     24.790    34.7697    26.9560 0.0000e+00
 270.525329     26.000  36.717116     8.8612    5.15918     25.782    34.6726    26.8843 0.0000e+00
 270.525350     27.000  36.620732     8.8708    4.99510     26.773    34.5614    26.7957 0.0000e+00
