data/oxygen options/OCNMS/OCNMS1/raw_data/2006/CTD_MB042_050206faed.cnv
* Sea-Bird SBE19 Data File:
* FileName = C:\MOORING_DATA_2006\CTD_MB042_050206000.hex
* Software Version 1.1.6
* Temperature SN = 2997
* Conductivity SN = 2997
* System UpLoad Time = May 02 2006 15:05:08
** FL COMPARISON
**
# nquan = 9                                 
# nvalues = 1807                        
# units = specified
# name 0 = timeJ: Julian Days
# name 1 = prSM: Pressure, Strain Gauge [db]
# name 2 = c0mS/cm: Conductivity [mS/cm]
# name 3 = t090C: Temperature [ITS-90, deg C]
# name 4 = oxML/L: Oxygen, Beckman/YSI [ml/l]
# name 5 = depSM: Depth [salt water, m], lat = 47.5
# name 6 = sal00: Salinity, Practical [PSU]
# name 7 = sigma-é00: Density [sigma-theta, kg/m^3]
# name 8 = flag: flag
# span 0 = 122.610891, 122.621343       
# span 1 =     -6.365,     29.770       
# span 2 =   0.010995,  35.504488       
# span 3 =     7.5169,    12.6557       
# span 4 =   -8.26566,   42.25478       
# span 5 =     -6.312,     29.519       
# span 6 =     0.0106,    34.1167       
# span 7 =    -0.5696,    26.5824       
# span 8 = 0.0000e+00, 0.0000e+00       
# interval = seconds: 0.5
# start_time = May 02 2006 14:39:41 [Instrument's time stamp, header]
# bad_flag = -9.990e-29
*END*
[from data line 1441]
 122.619230     29.145  34.736831     7.5637    2.24693     28.900    33.8258    26.4154 -9.990e-29
 122.619236     29.132  34.736905     7.5638    2.25138     28.887    33.8257    26.4154 -9.990e-29
 122.619242     29.117  34.736680     7.5640    2.24919     28.872    33.8253    26.4150 -9.990e-29
 122.619248     29.117  34.736418     7.5641    2.24227     28.872    33.8249    26.4147 -9.990e-29
 122.619253     29.136  34.736333     7.5638    2.24493     28.891    33.8251    26.4149 -9.990e-29
 122.619259     29.166  34.736314     7.5631    2.24698     28.921    33.8258    26.4155 -9.990e-29
 122.619265     29.201  34.736333     7.5625    2.25849     28.955    33.8264    26.4161 -9.990e-29
 122.619271     29.230  34.736412     7.5625    2.24437     28.984    33.8264    26.4161 -9.990e-29
 122.619277     29.242  34.736653     7.5629    2.23535     28.996    33.8263    26.4159 -9.990e-29
 122.619282     29.239  34.736815     7.5630    2.24274     28.993    33.8264    26.4160 -9.990e-29
 122.619288     29.232  34.736549     7.5627    2.24505     28.986    33.8264    26.4160 -9.990e-29
 122.619294     29.230  34.736061     7.5627    2.25350     28.984    33.8259    26.4156 -9.990e-29
 122.619300     29.228  34.735819     7.5628    2.24254     28.982    33.8255    26.4153 -9.990e-29
 122.619306     29.223  34.736059     7.5629    2.24528     28.977    33.8257    26.4154 -9.990e-29
 122.619311     29.212  34.736538     7.5631    2.23832     28.966    33.8260    26.4157 -9.990e-29
 122.619317     29.201  34.736769     7.5633    2.24735     28.955    33.8261    26.4157 -9.990e-29
 122.619323     29.202  34.736498     7.5632    2.25154     28.956    33.8259    26.4156 -9.990e-29
 122.619329     29.218  34.735923     7.5629    2.25836     28.972    33.8255    26.4153 -9.990e-29
 122.619334     29.242  34.735396     7.5623    2.25362     28.996    33.8255    26.4154 -9.990e-29
 122.619340     29.276  34.735334     7.5616    2.24712     29.030    33.8261    26.4160 -9.990e-29
 122.619346     29.322  34.735653     7.5611    2.23582     29.075    33.8269    26.4167 -9.990e-29
 122.619352     29.374  34.735652     7.5606    2.24070     29.127    33.8274    26.4171 -9.990e-29
 122.619358     29.427  34.735328     7.5604    2.23747     29.179    33.8272    26.4170 -9.990e-29
 122.619363     29.471  34.735367     7.5606    2.23757     29.223    33.8270    26.4169 -9.990e-29
 122.619369     29.496  34.735818     7.5610    2.24025     29.248    33.8271    26.4169 -9.990e-29
 122.619375     29.501  34.736156     7.5614    2.23816     29.253    33.8271    26.4168 -9.990e-29
 122.619381     29.484  34.736269     7.5615    2.24237     29.236    33.8271    26.4168 -9.990e-29
 122.619387     29.450  34.736303     7.5615    2.24187     29.202    33.8272    26.4168 -9.990e-29
 122.619392     29.405  34.736304     7.5618    2.25148     29.158    33.8269    26.4166 -9.990e-29
 122.619398     29.354  34.736269     7.5620    2.24417     29.107    33.8267    26.4164 -9.990e-29
 122.619404     29.307  34.736150     7.5617    2.25154     29.060    33.8269    26.4166 -9.990e-29
 122.619410     29.274  34.735789     7.5612    2.24255     29.028    33.8270    26.4167 -9.990e-29
 122.619416     29.261  34.735262     7.5609    2.24717     29.015    33.8267    26.4166 -9.990e-29
 122.619421     29.272  34.734986     7.5608    2.25143     29.026    33.8265    26.4164 -9.990e-29
 122.619427     29.298  34.735151     7.5608    2.24931     29.051    33.8267    26.4166 -9.990e-29
 122.619433     29.329  34.735414     7.5609    2.24239     29.082    33.8269    26.4167 -9.990e-29
 122.619439     29.363  34.735561     7.5610    2.24507     29.116    33.8269    26.4167 -9.990e-29
 122.619444     29.400  34.735786     7.5612    2.23831     29.153    33.8269    26.4167 -9.990e-29
 122.619450     29.441  34.735827     7.5612    2.24735     29.193    33.8270    26.4167 -9.990e-29
 122.619456     29.474  34.735734     7.5612    2.24201     29.226    33.8269    26.4166 -9.990e-29
 122.619462     29.488  34.735942     7.5611    2.24721     29.240    33.8272    26.4169 -9.990e-29
 122.619468     29.481  34.736163     7.5609    2.25136     29.233    33.8276    26.4173 -9.990e-29
 122.619473     29.460  34.736128     7.5608    2.23964     29.212    33.8277    26.4173 -9.990e-29
 122.619479     29.441  34.735789     7.5608    2.24972     29.193    33.8273    26.4170 -9.990e-29
 122.619485     29.432  34.735253     7.5608    2.23787     29.184    33.8267    26.4166 -9.990e-29
 122.619491     29.432  34.734925     7.5608    2.24741     29.184    33.8264    26.4163 -9.990e-29
 122.619497     29.441  34.734927     7.5609    2.24221     29.193    33.8263    26.4162 -9.990e-29
 122.619502     29.450  34.735261     7.5611    2.23792     29.202    33.8264    26.4163 -9.990e-29
 122.619508     29.444  34.735806     7.5615    2.24018     29.196    33.8267    26.4164 -9.990e-29
 122.619514     29.413  34.736164     7.5617    2.24769     29.165    33.8269    26.4166 -9.990e-29
 122.619520     29.360  34.736247     7.5617    2.24456     29.113    33.8270    26.4166 -9.990e-29
 122.619525     29.295  34.736164     7.5616    2.25193     29.048    33.8270    26.4167 -9.990e-29
 122.619531     29.230  34.735805     7.5616    2.24230     28.984    33.8267    26.4164 -9.990e-29
 122.619537     29.173  34.735250     7.5617    2.24705     28.927    33.8260    26.4159 -9.990e-29
 122.619543     29.131  34.734879     7.5616    2.25179     28.886    33.8257    26.4157 -9.990e-29
 122.619549     29.112  34.734756     7.5618    2.24910     28.867    33.8254    26.4154 -9.990e-29
 122.619554     29.124  34.734716     7.5625    2.24235     28.879    33.8247    26.4147 -9.990e-29
 122.619560     29.161  34.734704     7.5627    2.24488     28.916    33.8244    26.4145 -9.990e-29
 122.619566     29.205  34.734702     7.5626    2.24762     28.959    33.8245    26.4146 -9.990e-29
 122.619572     29.245  34.734703     7.5625    2.24962     28.999    33.8246    26.4146 -9.990e-29
 122.619578     29.268  34.734704     7.5627    2.25169     29.022    33.8244    26.4145 -9.990e-29
 122.619583     29.273  34.734703     7.5631    2.24750     29.027    33.8240    26.4141 -9.990e-29
 122.619589     29.264  34.734695     7.5634    2.24750     29.018    33.8237    26.4138 -9.990e-29
 122.619595     29.249  34.734668     7.5635    2.24745     29.003    33.8236    26.4137 -9.990e-29
 122.619601     29.231  34.734583     7.5632    2.24707     28.985    33.8238    26.4139 -9.990e-29
 122.619606     29.214  34.734326     7.5628    2.24705     28.968    33.8239    26.4141 -9.990e-29
 122.619612     29.201  34.734113     7.5627    2.25653     28.955    33.8238    26.4140 -9.990e-29
 122.619618     29.190  34.734219     7.5628    2.24976     28.944    33.8238    26.4140 -9.990e-29
 122.619624     29.181  34.734220     7.5630    2.25663     28.935    33.8236    26.4138 -9.990e-29
 122.619630     29.173  34.734117     7.5631    2.24761     28.927    33.8234    26.4136 -9.990e-29
 122.619635     29.171  34.734330     7.5631    2.25296     28.925    33.8236    26.4138 -9.990e-29
 122.619641     29.178  34.734581     7.5632    2.24754     28.932    33.8238    26.4139 -9.990e-29
 122.619647     29.195  34.734641     7.5635    2.25229     28.949    33.8236    26.4137 -9.990e-29
 122.619653     29.223  34.734589     7.5638    2.24750     28.977    33.8232    26.4134 -9.990e-29
 122.619659     29.259  34.734353     7.5640    2.25213     29.013    33.8227    26.4130 -9.990e-29
 122.619664     29.298  34.734176     7.5642    2.24731     29.051    33.8223    26.4126 -9.990e-29
 122.619670     29.337  34.734379     7.5643    2.25225     29.090    33.8224    26.4127 -9.990e-29
 122.619676     29.374  34.734667     7.5644    2.24754     29.127    33.8226    26.4128 -9.990e-29
 122.619682     29.404  34.734864     7.5645    2.25239     29.157    33.8227    26.4129 -9.990e-29
 122.619688     29.424  34.735227     7.5648    2.24718     29.176    33.8228    26.4129 -9.990e-29
 122.619693     29.430  34.735678     7.5651    2.25251     29.182    33.8230    26.4130 -9.990e-29
 122.619699     29.420  34.735692     7.5651    2.25731     29.172    33.8230    26.4131 -9.990e-29
 122.619705     29.402  34.735286     7.5653    2.25451     29.155    33.8224    26.4125 -9.990e-29
 122.619711     29.385  34.735038     7.5657    2.25658     29.138    33.8218    26.4120 -9.990e-29
 122.619716     29.379  34.735178     7.5660    2.24269     29.132    33.8216    26.4118 -9.990e-29
 122.619722     29.392  34.735329     7.5659    2.25011     29.145    33.8219    26.4120 -9.990e-29
 122.619728     29.423  34.735128     7.5655    2.24274     29.175    33.8220    26.4122 -9.990e-29
 122.619734     29.463  34.734867     7.5651    2.25237     29.215    33.8221    26.4123 -9.990e-29
 122.619740     29.501  34.734757     7.5649    2.25665     29.253    33.8222    26.4124 -9.990e-29
 122.619745     29.530  34.734647     7.5649    2.26412     29.281    33.8220    26.4123 -9.990e-29
 122.619751     29.545  34.734386     7.5649    2.25896     29.296    33.8218    26.4121 -9.990e-29
 122.619757     29.538  34.734184     7.5650    2.25253     29.289    33.8214    26.4118 -9.990e-29
 122.619763     29.508  34.734330     7.5651    2.25048     29.260    33.8215    26.4119 -9.990e-29
 122.619769     29.466  34.734456     7.5649    2.25799     29.218    33.8219    26.4122 -9.990e-29
 122.619774     29.426  34.734166     7.5645    2.25460     29.178    33.8220    26.4123 -9.990e-29
 122.619780     29.404  34.733634     7.5640    2.26193     29.157    33.8219    26.4123 -9.990e-29
 122.619786     29.406  34.733272     7.5636    2.25294     29.159    33.8219    26.4124 -9.990e-29
 122.619792     29.428  34.733156     7.5634    2.24856     29.180    33.8219    26.4124 -9.990e-29
 122.619797     29.462  34.733127     7.5633    2.25066     29.214    33.8220    26.4125 -9.990e-29
 122.619803     29.503  34.733145     7.5633    2.23857     29.255    33.8220    26.4125 -9.990e-29
 122.619809     29.541  34.733231     7.5632    2.25025     29.292    33.8222    26.4127 -9.990e-29
 122.619815     29.564  34.733495     7.5631    2.24364     29.315    33.8225    26.4130 -9.990e-29
 122.619821     29.571  34.733725     7.5629    2.25281     29.322    33.8230    26.4133 -9.990e-29
 122.619826     29.556  34.733663     7.5628    2.25724     29.307    33.8230    26.4134 -9.990e-29
 122.619832     29.520  34.733785     7.5626    2.25562     29.272    33.8234    26.4137 -9.990e-29
 122.619838     29.477  34.734254     7.5624    2.24797     29.229    33.8241    26.4143 -9.990e-29
 122.619844     29.442  34.734571     7.5622    2.24102     29.194    33.8246    26.4147 -9.990e-29
 122.619850     29.421  34.734595     7.5620    2.24133     29.173    33.8249    26.4149 -9.990e-29
 122.619855     29.425  34.734358     7.5618    2.24293     29.177    33.8248    26.4149 -9.990e-29
 122.619861     29.462  34.734103     7.5614    2.23825     29.214    33.8249    26.4151 -9.990e-29
 122.619867     29.532  34.734047     7.5608    2.24514     29.283    33.8254    26.4155 -9.990e-29
 122.619873     29.622  34.734113     7.5603    2.23832     29.373    33.8259    26.4160 -9.990e-29
 122.619878     29.706  34.734387     7.5601    2.24786     29.456    33.8264    26.4164 -9.990e-29
 122.619884     29.762  34.734666     7.5602    2.25195     29.511    33.8265    26.4165 -9.990e-29
 122.619890     29.770  34.734757     7.5604    2.24929     29.519    33.8264    26.4164 -9.990e-29
 122.619896     29.732  34.734779     7.5605    2.25136     29.482    33.8264    26.4164 -9.990e-29
 122.619902     29.666  34.734758     7.5603    2.24767     29.416    33.8266    26.4165 -9.990e-29
 122.619907     29.594  34.734665     7.5599    2.23820     29.345    33.8269    26.4169 -9.990e-29
 122.619913     29.538  34.734376     7.5596    2.23617     29.289    33.8269    26.4169 -9.990e-29
 122.619919     29.505  34.734066     7.5597    2.24589     29.257    33.8265    26.4166 -9.990e-29
 122.619925     29.490  34.733881     7.5599    2.24073     29.242    33.8261    26.4162 -9.990e-29
 122.619931     29.483  34.733572     7.5602    2.25230     29.235    33.8255    26.4157 -9.990e-29
 122.619936     29.476  34.733285     7.5608    2.24272     29.228    33.8246    26.4149 -9.990e-29
 122.619942     29.467  34.733195     7.5613    2.25682     29.219    33.8240    26.4144 -9.990e-29
 122.619948     29.466  34.733178     7.5613    2.24501     29.218    33.8240    26.4144 -9.990e-29
 122.619954     29.475  34.733210     7.5607    2.24764     29.227    33.8246    26.4149 -9.990e-29
 122.619959     29.500  34.733333     7.5601    2.24025     29.252    33.8253    26.4156 -9.990e-29
 122.619965     29.547  34.733708     7.5600    2.24338     29.298    33.8258    26.4160 -9.990e-29
 122.619971     29.611  34.734271     7.5602    2.24228     29.362    33.8262    26.4162 -9.990e-29
 122.619977     29.673  34.734648     7.5604    2.24753     29.423    33.8264    26.4164 -9.990e-29
 122.619983     29.708  34.734776     7.5605    2.25200     29.458    33.8264    26.4164 -9.990e-29
 122.619988     29.696  34.734819     7.5604    2.24947     29.446    33.8265    26.4165 -9.990e-29
 122.619994     29.642  34.734830     7.5605    2.25228     29.392    33.8265    26.4164 -9.990e-29
 122.620000     29.563  34.734822     7.5605    2.24809     29.314    33.8265    26.4165 -9.990e-29
 122.620006     29.480  34.734783     7.5603    2.24792     29.232    33.8267    26.4166 -9.990e-29
 122.620012     29.409  34.734660     7.5602    2.24778     29.161    33.8267    26.4166 -9.990e-29
 122.620017     29.359  34.734287     7.5603    2.24787     29.112    33.8262    26.4163 -9.990e-29
 122.620023     29.329  34.733728     7.5603    2.23827     29.082    33.8256    26.4158 -9.990e-29
 122.620029     29.324  34.733357     7.5602    2.24566     29.077    33.8253    26.4156 -9.990e-29
 122.620035     29.350  34.733236     7.5601    2.23811     29.103    33.8253    26.4155 -9.990e-29
 122.620041     29.405  34.733202     7.5599    2.24759     29.158    33.8254    26.4157 -9.990e-29
 122.620046     29.472  34.733204     7.5597    2.24268     29.224    33.8256    26.4158 -9.990e-29
 122.620052     29.530  34.733243     7.5597    2.24759     29.281    33.8256    26.4158 -9.990e-29
 122.620058     29.559  34.733366     7.5600    2.24220     29.310    33.8254    26.4157 -9.990e-29
 122.620064     29.558  34.733733     7.5605    2.24781     29.309    33.8253    26.4155 -9.990e-29
 122.620069     29.540  34.734267     7.5607    2.24255     29.291    33.8257    26.4158 -9.990e-29
 122.620075     29.513  34.734558     7.5608    2.24732     29.265    33.8259    26.4160 -9.990e-29
 122.620081     29.473  34.734432     7.5607    2.25211     29.225    33.8259    26.4160 -9.990e-29
 122.620087     29.424  34.734279     7.5607    2.25008     29.176    33.8258    26.4159 -9.990e-29
 122.620093     29.375  34.734452     7.5610    2.24260     29.128    33.8257    26.4158 -9.990e-29
 122.620098     29.339  34.734621     7.5613    2.24556     29.092    33.8256    26.4156 -9.990e-29
 122.620104     29.327  34.734445     7.5616    2.24766     29.080    33.8251    26.4152 -9.990e-29
 122.620110     29.344  34.734251     7.5617    2.24015     29.097    33.8248    26.4150 -9.990e-29
 122.620116     29.385  34.734338     7.5616    2.24914     29.138    33.8250    26.4151 -9.990e-29
 122.620122     29.441  34.734260     7.5616    2.23801     29.193    33.8249    26.4150 -9.990e-29
 122.620127     29.493  34.733907     7.5615    2.23803     29.245    33.8246    26.4148 -9.990e-29
 122.620133     29.529  34.733927     7.5613    2.24015     29.280    33.8248    26.4150 -9.990e-29
 122.620139     29.545  34.734343     7.5612    2.24704     29.296    33.8253    26.4154 -9.990e-29
 122.620145     29.539  34.734584     7.5615    2.25395     29.290    33.8253    26.4153 -9.990e-29
