data/oxygen options/OCNMS/OCNMS1/raw_data/2006/CTD_MB042_050206faed.cnv
* Sea-Bird SBE19 Data File:
* FileName = C:\MOORING_DATA_2006\CTD_MB042_050206000.hex
* Software Version 1.1.6
* Temperature SN = 2997
* Conductivity SN = 2997
* System UpLoad Time = May 02 2006 15:05:08
** FL COMPARISON
**
# nquan = 9                                 
# nvalues = 1807                        
# units = specified
# name 0 = timeJ: Julian Days
# name 1 = prSM: Pressure, Strain Gauge [db]
# name 2 = c0mS/cm: Conductivity [mS/cm]
# name 3 = t090C: Temperature [ITS-90, deg C]
# name 4 = oxML/L: Oxygen, Beckman/YSI [ml/l]
# name 5 = depSM: Depth [salt water, m], lat = 47.5
# name 6 = sal00: Salinity, Practical [PSU]
# name 7 = sigma-é00: Density [sigma-theta, kg/m^3]
# name 8 = flag: flag
# span 0 = 122.610891, 122.621343       
# span 1 =     -6.365,     29.770       
# span 2 =   0.010995,  35.504488       
# span 3 =     7.5169,    12.6557       
# span 4 =   -8.26566,   42.25478       
# span 5 =     -6.312,     29.519       
# span 6 =     0.0106,    34.1167       
# span 7 =    -0.5696,    26.5824       
# span 8 = 0.0000e+00, 0.0000e+00       
# interval = seconds: 0.5
# start_time = May 02 2006 14:39:41 [Instrument's time stamp, header]
# bad_flag = -9.990e-29
*END*
[from data line 961]
 122.616453     19.756  34.736615     7.5627    2.25614     19.590    33.8310    26.4196 -9.990e-29
 122.616458     19.717  34.736080     7.5631    2.25307     19.552    33.8301    26.4188 -9.990e-29
 122.616464     19.681  34.735965     7.5639    2.26089     19.516    33.8292    26.4180 -9.990e-29
 122.616470     19.654  34.736115     7.5647    2.25124     19.489    33.8286    26.4174 -9.990e-29
 122.616476     19.643  34.736168     7.5649    2.25597     19.478    33.8285    26.4172 -9.990e-29
 122.616481     19.649  34.736193     7.5643    2.25124     19.484    33.8291    26.4178 -9.990e-29
 122.616487     19.661  34.736225     7.5635    2.25655     19.496    33.8299    26.4185 -9.990e-29
 122.616493     19.678  34.736309     7.5631    2.25141     19.513    33.8304    26.4190 -9.990e-29
 122.616499     19.699  34.736561     7.5630    2.24725     19.534    33.8307    26.4193 -9.990e-29
 122.616505     19.723  34.736759     7.5632    2.23976     19.557    33.8307    26.4193 -9.990e-29
 122.616510     19.741  34.736610     7.5633    2.25384     19.575    33.8305    26.4190 -9.990e-29
 122.616516     19.747  34.736481     7.5633    2.25325     19.581    33.8303    26.4189 -9.990e-29
 122.616522     19.737  34.736765     7.5636    2.25343     19.571    33.8303    26.4189 -9.990e-29
 122.616528     19.719  34.737283     7.5638    2.25353     19.553    33.8307    26.4192 -9.990e-29
 122.616534     19.704  34.737607     7.5637    2.24716     19.539    33.8312    26.4195 -9.990e-29
 122.616539     19.695  34.737613     7.5633    2.24183     19.530    33.8316    26.4199 -9.990e-29
 122.616545     19.693  34.737314     7.5630    2.25857     19.528    33.8315    26.4199 -9.990e-29
 122.616551     19.693  34.736874     7.5628    2.25313     19.528    33.8313    26.4197 -9.990e-29
 122.616557     19.681  34.736835     7.5629    2.25323     19.516    33.8311    26.4196 -9.990e-29
 122.616563     19.649  34.737146     7.5630    2.24424     19.484    33.8314    26.4198 -9.990e-29
 122.616568     19.608  34.737106     7.5629    2.23588     19.443    33.8314    26.4199 -9.990e-29
 122.616574     19.580  34.736665     7.5627    2.24958     19.416    33.8312    26.4197 -9.990e-29
 122.616580     19.571  34.736360     7.5627    2.25390     19.407    33.8309    26.4194 -9.990e-29
 122.616586     19.566  34.736352     7.5629    2.25809     19.402    33.8307    26.4192 -9.990e-29
 122.616591     19.545  34.736632     7.5632    2.25547     19.381    33.8307    26.4192 -9.990e-29
 122.616597     19.504  34.737017     7.5633    2.26070     19.340    33.8310    26.4195 -9.990e-29
 122.616603     19.449  34.736900     7.5630    2.25389     19.286    33.8312    26.4197 -9.990e-29
 122.616609     19.401  34.736131     7.5627    2.25177     19.238    33.8307    26.4193 -9.990e-29
 122.616615     19.383  34.735372     7.5627    2.24024     19.220    33.8299    26.4186 -9.990e-29
 122.616620     19.399  34.735299     7.5632    2.24550     19.236    33.8293    26.4181 -9.990e-29
 122.616626     19.436  34.735820     7.5638    2.24236     19.273    33.8293    26.4180 -9.990e-29
 122.616632     19.480  34.736510     7.5640    2.26075     19.317    33.8298    26.4184 -9.990e-29
 122.616638     19.516  34.737171     7.5639    2.25804     19.352    33.8306    26.4190 -9.990e-29
 122.616644     19.539  34.737565     7.5639    2.26276     19.375    33.8310    26.4194 -9.990e-29
 122.616649     19.554  34.737658     7.5639    2.25572     19.390    33.8311    26.4194 -9.990e-29
 122.616655     19.565  34.737579     7.5638    2.24677     19.401    33.8311    26.4195 -9.990e-29
 122.616661     19.575  34.737228     7.5636    2.23997     19.411    33.8309    26.4193 -9.990e-29
 122.616667     19.583  34.736701     7.5636    2.24542     19.419    33.8303    26.4189 -9.990e-29
 122.616672     19.585  34.736421     7.5635    2.25182     19.421    33.8301    26.4187 -9.990e-29
 122.616678     19.575  34.736581     7.5635    2.25339     19.411    33.8303    26.4189 -9.990e-29
 122.616684     19.545  34.736835     7.5636    2.24643     19.381    33.8305    26.4190 -9.990e-29
 122.616690     19.499  34.736963     7.5636    2.24964     19.335    33.8307    26.4191 -9.990e-29
 122.616696     19.443  34.737141     7.5634    2.25180     19.280    33.8311    26.4195 -9.990e-29
 122.616701     19.385  34.737049     7.5633    2.25403     19.222    33.8311    26.4195 -9.990e-29
 122.616707     19.343  34.736571     7.5634    2.24666     19.181    33.8305    26.4190 -9.990e-29
 122.616713     19.332  34.736197     7.5632    2.24990     19.170    33.8303    26.4189 -9.990e-29
 122.616719     19.352  34.735992     7.5629    2.24250     19.190    33.8304    26.4190 -9.990e-29
 122.616725     19.390  34.735689     7.5629    2.25192     19.227    33.8300    26.4187 -9.990e-29
 122.616730     19.431  34.735447     7.5631    2.25660     19.268    33.8295    26.4183 -9.990e-29
 122.616736     19.467  34.735506     7.5631    2.25380     19.304    33.8296    26.4184 -9.990e-29
 122.616742     19.498  34.735388     7.5630    2.25587     19.334    33.8295    26.4183 -9.990e-29
 122.616748     19.535  34.734939     7.5629    2.24275     19.371    33.8291    26.4180 -9.990e-29
 122.616753     19.582  34.734687     7.5628    2.24971     19.418    33.8289    26.4179 -9.990e-29
 122.616759     19.627  34.734860     7.5626    2.25182     19.462    33.8293    26.4182 -9.990e-29
 122.616765     19.661  34.735130     7.5625    2.25394     19.496    33.8297    26.4185 -9.990e-29
 122.616771     19.678  34.735301     7.5624    2.25655     19.513    33.8299    26.4188 -9.990e-29
 122.616777     19.670  34.735605     7.5622    2.25183     19.505    33.8305    26.4192 -9.990e-29
 122.616782     19.637  34.735889     7.5619    2.25233     19.472    33.8311    26.4197 -9.990e-29
 122.616788     19.589  34.735973     7.5619    2.25178     19.425    33.8312    26.4198 -9.990e-29
 122.616794     19.544  34.735973     7.5622    2.24267     19.380    33.8309    26.4196 -9.990e-29
 122.616800     19.522  34.735897     7.5624    2.24971     19.358    33.8307    26.4193 -9.990e-29
 122.616806     19.525  34.735648     7.5625    2.25180     19.361    33.8303    26.4190 -9.990e-29
 122.616811     19.540  34.735460     7.5625    2.25398     19.376    33.8301    26.4188 -9.990e-29
 122.616817     19.556  34.735645     7.5625    2.25607     19.392    33.8303    26.4190 -9.990e-29
 122.616823     19.569  34.735892     7.5625    2.25184     19.405    33.8305    26.4192 -9.990e-29
 122.616829     19.580  34.735973     7.5626    2.25180     19.416    33.8305    26.4192 -9.990e-29
 122.616834     19.590  34.735999     7.5628    2.25180     19.426    33.8304    26.4190 -9.990e-29
 122.616840     19.599  34.736009     7.5631    2.25184     19.435    33.8301    26.4187 -9.990e-29
 122.616846     19.608  34.736020     7.5631    2.25173     19.443    33.8301    26.4188 -9.990e-29
 122.616852     19.622  34.736050     7.5629    2.25175     19.457    33.8303    26.4190 -9.990e-29
 122.616858     19.646  34.736144     7.5629    2.24283     19.481    33.8304    26.4190 -9.990e-29
 122.616863     19.677  34.736432     7.5632    2.24973     19.512    33.8304    26.4190 -9.990e-29
 122.616869     19.710  34.736741     7.5635    2.25194     19.545    33.8304    26.4190 -9.990e-29
 122.616875     19.736  34.736924     7.5638    2.25400     19.570    33.8303    26.4188 -9.990e-29
 122.616881     19.754  34.737230     7.5641    2.25535     19.588    33.8303    26.4188 -9.990e-29
 122.616887     19.764  34.737509     7.5641    2.25166     19.598    33.8306    26.4191 -9.990e-29
 122.616892     19.768  34.737575     7.5640    2.25156     19.602    33.8308    26.4192 -9.990e-29
 122.616898     19.766  34.737521     7.5639    2.25161     19.600    33.8308    26.4192 -9.990e-29
 122.616904     19.762  34.737280     7.5638    2.25159     19.596    33.8307    26.4191 -9.990e-29
 122.616910     19.763  34.737094     7.5637    2.26117     19.597    33.8306    26.4191 -9.990e-29
 122.616916     19.771  34.737283     7.5637    2.24431     19.605    33.8308    26.4192 -9.990e-29
 122.616921     19.777  34.737539     7.5639    2.25883     19.611    33.8309    26.4193 -9.990e-29
 122.616927     19.773  34.737647     7.5645    2.24280     19.607    33.8304    26.4188 -9.990e-29
 122.616933     19.750  34.737753     7.5650    2.24808     19.584    33.8300    26.4185 -9.990e-29
 122.616939     19.711  34.738004     7.5652    2.24541     19.546    33.8301    26.4185 -9.990e-29
 122.616944     19.670  34.738176     7.5650    2.24804     19.505    33.8305    26.4188 -9.990e-29
 122.616950     19.638  34.737943     7.5645    2.24684     19.473    33.8308    26.4191 -9.990e-29
 122.616956     19.622  34.737560     7.5641    2.25212     19.457    33.8308    26.4192 -9.990e-29
 122.616962     19.628  34.737081     7.5640    2.25684     19.463    33.8303    26.4188 -9.990e-29
 122.616968     19.662  34.736434     7.5639    2.25427     19.497    33.8297    26.4184 -9.990e-29
 122.616973     19.717  34.735321     7.5629    2.25626     19.552    33.8295    26.4183 -9.990e-29
 122.616979     19.783  34.732823     7.5616    2.25204     19.617    33.8280    26.4173 -9.990e-29
 122.616985     19.849  34.730098     7.5608    2.25263     19.682    33.8258    26.4157 -9.990e-29
 122.616991     19.892  34.729125     7.5604    2.25259     19.725    33.8251    26.4152 -9.990e-29
 122.616997     19.902  34.729169     7.5602    2.25265     19.735    33.8253    26.4155 -9.990e-29
 122.617002     19.884  34.729171     7.5602    2.25262     19.717    33.8254    26.4155 -9.990e-29
 122.617008     19.850  34.729136     7.5600    2.25261     19.683    33.8255    26.4156 -9.990e-29
 122.617014     19.811  34.729023     7.5595    2.25259     19.645    33.8259    26.4160 -9.990e-29
 122.617020     19.773  34.728687     7.5590    2.25264     19.607    33.8261    26.4162 -9.990e-29
 122.617025     19.742  34.728244     7.5587    2.25262     19.576    33.8259    26.4161 -9.990e-29
 122.617031     19.723  34.728231     7.5587    2.25269     19.557    33.8259    26.4161 -9.990e-29
 122.617037     19.726  34.728636     7.5591    2.25253     19.560    33.8259    26.4161 -9.990e-29
 122.617043     19.749  34.728881     7.5595    2.25250     19.583    33.8258    26.4159 -9.990e-29
 122.617049     19.786  34.728735     7.5595    2.25245     19.620    33.8256    26.4158 -9.990e-29
 122.617054     19.830  34.729127     7.5597    2.25247     19.664    33.8258    26.4159 -9.990e-29
 122.617060     19.877  34.731147     7.5604    2.24353     19.710    33.8273    26.4170 -9.990e-29
 122.617066     19.919  34.733563     7.5612    2.25036     19.752    33.8291    26.4183 -9.990e-29
 122.617072     19.952  34.734551     7.5616    2.24289     19.785    33.8298    26.4187 -9.990e-29
 122.617078     19.969  34.734311     7.5615    2.26178     19.801    33.8296    26.4186 -9.990e-29
 122.617083     19.967  34.733650     7.5613    2.24964     19.799    33.8291    26.4182 -9.990e-29
 122.617089     19.950  34.732809     7.5614    2.25227     19.783    33.8281    26.4174 -9.990e-29
 122.617095     19.925  34.732356     7.5617    2.24501     19.758    33.8273    26.4168 -9.990e-29
 122.617101     19.900  34.732812     7.5619    2.24820     19.733    33.8276    26.4170 -9.990e-29
 122.617106     19.876  34.733667     7.5620    2.24768     19.709    33.8285    26.4177 -9.990e-29
 122.617112     19.853  34.734384     7.5620    2.25241     19.686    33.8293    26.4183 -9.990e-29
 122.617118     19.825  34.734798     7.5619    2.25648     19.659    33.8298    26.4187 -9.990e-29
 122.617124     19.785  34.734907     7.5619    2.25445     19.619    33.8300    26.4188 -9.990e-29
 122.617130     19.741  34.734859     7.5620    2.24757     19.575    33.8298    26.4187 -9.990e-29
 122.617135     19.705  34.734595     7.5620    2.24080     19.540    33.8296    26.4185 -9.990e-29
 122.617141     19.688  34.734328     7.5621    2.24139     19.523    33.8292    26.4182 -9.990e-29
 122.617147     19.695  34.734268     7.5623    2.25237     19.530    33.8289    26.4180 -9.990e-29
 122.617153     19.720  34.734341     7.5628    2.24971     19.554    33.8285    26.4176 -9.990e-29
 122.617159     19.753  34.734646     7.5637    2.25699     19.587    33.8279    26.4170 -9.990e-29
 122.617164     19.779  34.735033     7.5645    2.24688     19.613    33.8276    26.4166 -9.990e-29
 122.617170     19.786  34.735085     7.5645    2.24337     19.620    33.8276    26.4166 -9.990e-29
 122.617176     19.775  34.734870     7.5636    2.25456     19.609    33.8283    26.4173 -9.990e-29
 122.617182     19.759  34.734850     7.5629    2.25511     19.593    33.8289    26.4179 -9.990e-29
 122.617188     19.748  34.734995     7.5627    2.25879     19.582    33.8293    26.4182 -9.990e-29
 122.617193     19.743  34.735124     7.5627    2.25699     19.577    33.8294    26.4183 -9.990e-29
 122.617199     19.729  34.735405     7.5626    2.25222     19.563    33.8298    26.4186 -9.990e-29
 122.617205     19.698  34.735647     7.5624    2.24311     19.533    33.8303    26.4190 -9.990e-29
 122.617211     19.657  34.735610     7.5623    2.25010     19.492    33.8304    26.4191 -9.990e-29
 122.617216     19.619  34.735242     7.5624    2.24334     19.454    33.8299    26.4187 -9.990e-29
 122.617222     19.599  34.734611     7.5624    2.26127     19.435    33.8292    26.4182 -9.990e-29
 122.617228     19.601  34.733994     7.5623    2.24977     19.436    33.8287    26.4178 -9.990e-29
 122.617234     19.607  34.733686     7.5622    2.25244     19.442    33.8284    26.4176 -9.990e-29
 122.617240     19.601  34.733835     7.5623    2.25508     19.436    33.8285    26.4176 -9.990e-29
 122.617245     19.578  34.734073     7.5624    2.25085     19.414    33.8287    26.4177 -9.990e-29
 122.617251     19.545  34.734154     7.5625    2.25719     19.381    33.8287    26.4177 -9.990e-29
 122.617257     19.521  34.734182     7.5629    2.25296     19.357    33.8283    26.4174 -9.990e-29
 122.617263     19.523  34.734193     7.5631    2.25296     19.359    33.8281    26.4172 -9.990e-29
 122.617269     19.549  34.734200     7.5629    2.24335     19.385    33.8283    26.4174 -9.990e-29
 122.617274     19.590  34.734209     7.5627    2.25068     19.426    33.8285    26.4176 -9.990e-29
 122.617280     19.638  34.734226     7.5626    2.24330     19.473    33.8286    26.4177 -9.990e-29
 122.617286     19.693  34.734270     7.5625    2.25213     19.528    33.8287    26.4178 -9.990e-29
 122.617292     19.746  34.734398     7.5626    2.24730     19.580    33.8287    26.4178 -9.990e-29
 122.617297     19.791  34.734775     7.5631    2.26155     19.625    33.8286    26.4176 -9.990e-29
 122.617303     19.826  34.735340     7.5635    2.24868     19.660    33.8288    26.4177 -9.990e-29
 122.617309     19.847  34.735719     7.5638    2.25213     19.680    33.8290    26.4178 -9.990e-29
 122.617315     19.849  34.735856     7.5642    2.24525     19.682    33.8287    26.4175 -9.990e-29
 122.617321     19.832  34.735928     7.5647    2.24796     19.666    33.8283    26.4171 -9.990e-29
 122.617326     19.796  34.736027     7.5648    2.25701     19.630    33.8283    26.4171 -9.990e-29
 122.617332     19.743  34.736284     7.5647    2.26391     19.577    33.8287    26.4175 -9.990e-29
 122.617338     19.678  34.736475     7.5646    2.25917     19.513    33.8291    26.4178 -9.990e-29
 122.617344     19.609  34.736292     7.5646    2.25214     19.444    33.8289    26.4176 -9.990e-29
 122.617350     19.553  34.736049     7.5650    2.25058     19.389    33.8283    26.4171 -9.990e-29
 122.617355     19.525  34.735981     7.5654    2.24796     19.361    33.8278    26.4167 -9.990e-29
 122.617361     19.530  34.735997     7.5655    2.25257     19.366    33.8278    26.4166 -9.990e-29
 122.617367     19.569  34.736115     7.5658    2.25200     19.405    33.8276    26.4164 -9.990e-29
