data/oxygen options/OCNMS/OCNMS1/raw_data/2006/CTD_CE015_071106faed.cnv
* Sea-Bird SBE19 Data File:
* FileName = C:\MOORING_DATA_2006\CTD_CE015_071106.hex
* Software Version 1.1.8
* Temperature SN = 2997
* Conductivity SN = 2997
* System UpLoad Time = Jul 11 2006 16:13:52
* SEACAT PROFILER V3.1c SN 2997   07/11/06  16:12:44.369
* strain gauge pressure sensor: S/N = 184829,  range = 3000 psia,  tc = 40
# nquan = 9                                 
# nvalues = 1349                        
# units = specified
# name 0 = timeJ: Julian Days
# name 1 = prSM: Pressure, Strain Gauge [db]
# name 2 = c0mS/cm: Conductivity [mS/cm]
# name 3 = t090C: Temperature [ITS-90, deg C]
# name 4 = oxML/L: Oxygen, Beckman/YSI [ml/l]
# name 5 = depSM: Depth [salt water, m], lat = 47.5
# name 6 = sal00: Salinity, Practical [PSU]
# name 7 = sigma-é00: Density [sigma-theta, kg/m^3]
# name 8 = flag: flag
# span 0 = 192.656019, 192.663819       
# span 1 =     -5.429,     12.673       
# span 2 =   0.250447,  37.938581       
# span 3 =     9.3594,    14.2363       
# span 4 =   -0.06957,   34.59028       
# span 5 =     -5.384,     12.567       
# span 6 =     0.1521,    33.5127       
# span 7 =    -0.6628,    25.8954       
# span 8 = 0.0000e+00, 0.0000e+00       
# interval = seconds: 0.5
# start_time = Jul 11 2006 15:44:40 [Instrument's time stamp, header]
# bad_flag = -9.990e-29
*END*
[from data line 961]
 192.661580      4.207  37.217416    11.0088    8.86325      4.172    33.1738    25.3522 -9.990e-29
 192.661586      4.216  37.226615    11.0096    8.84986      4.181    33.1822    25.3586 -9.990e-29
 192.661591      4.221  37.225516    11.0005    8.84144      4.186    33.1893    25.3657 -9.990e-29
 192.661597      4.225  37.219389    10.9896    8.83095      4.190    33.1931    25.3706 -9.990e-29
 192.661603      4.228  37.216519    10.9872    8.85816      4.193    33.1924    25.3705 -9.990e-29
 192.661609      4.229  37.219249    10.9978    8.89503      4.194    33.1856    25.3633 -9.990e-29
 192.661615      4.228  37.227471    11.0112    8.91741      4.193    33.1816    25.3578 -9.990e-29
 192.661620      4.226  37.236994    11.0163    8.93557      4.191    33.1864    25.3607 -9.990e-29
 192.661626      4.223  37.238257    11.0142    8.92292      4.188    33.1896    25.3635 -9.990e-29
 192.661632      4.217  37.232382    11.0108    8.90475      4.182    33.1868    25.3620 -9.990e-29
 192.661638      4.214  37.228924    11.0126    8.89800      4.179    33.1818    25.3577 -9.990e-29
 192.661644      4.217  37.236169    11.0242    8.91072      4.182    33.1785    25.3531 -9.990e-29
 192.661649      4.222  37.252550    11.0422    8.94814      4.187    33.1785    25.3498 -9.990e-29
 192.661655      4.225  37.269606    11.0590    8.94524      4.190    33.1802    25.3482 -9.990e-29
 192.661661      4.226  37.282026    11.0690    8.92145      4.191    33.1835    25.3490 -9.990e-29
 192.661667      4.225  37.282244    11.0707    8.90234      4.190    33.1821    25.3476 -9.990e-29
 192.661672      4.224  37.271670    11.0715    8.91211      4.189    33.1709    25.3388 -9.990e-29
 192.661678      4.220  37.263131    11.0808    8.94504      4.185    33.1541    25.3240 -9.990e-29
 192.661684      4.215  37.270482    11.0960    8.97666      4.180    33.1477    25.3163 -9.990e-29
 192.661690      4.207  37.290614    11.1051    8.98117      4.172    33.1594    25.3238 -9.990e-29
 192.661696      4.196  37.298191    11.1030    8.96670      4.161    33.1688    25.3315 -9.990e-29
 192.661701      4.182  37.288166    11.0983    8.93739      4.147    33.1631    25.3279 -9.990e-29
 192.661707      4.168  37.279147    11.1032    8.92268      4.133    33.1498    25.3166 -9.990e-29
 192.661713      4.161  37.282667    11.1190    8.91552      4.126    33.1390    25.3054 -9.990e-29
 192.661719      4.166  37.296678    11.1361    8.94350      4.131    33.1374    25.3012 -9.990e-29
 192.661725      4.178  37.310123    11.1468    8.97521      4.143    33.1411    25.3021 -9.990e-29
 192.661730      4.190  37.314559    11.1490    8.98156      4.155    33.1435    25.3036 -9.990e-29
 192.661736      4.197  37.310288    11.1457    8.97479      4.162    33.1422    25.3032 -9.990e-29
 192.661742      4.202  37.301710    11.1446    8.96972      4.167    33.1347    25.2975 -9.990e-29
 192.661748      4.203  37.295334    11.1516    8.97615      4.168    33.1221    25.2865 -9.990e-29
 192.661753      4.201  37.297799    11.1668    8.99113      4.166    33.1109    25.2750 -9.990e-29
 192.661759      4.196  37.311826    11.1849    8.99571      4.161    33.1085    25.2699 -9.990e-29
 192.661765      4.192  37.330306    11.1978    8.99065      4.157    33.1151    25.2727 -9.990e-29
 192.661771      4.193  37.340289    11.2030    8.98878      4.158    33.1203    25.2758 -9.990e-29
 192.661777      4.194  37.341618    11.2052    8.99056      4.159    33.1196    25.2749 -9.990e-29
 192.661782      4.196  37.342796    11.2084    8.99238      4.161    33.1179    25.2730 -9.990e-29
 192.661788      4.203  37.347071    11.2118    8.98994      4.168    33.1191    25.2733 -9.990e-29
 192.661794      4.211  37.351719    11.2125    8.98242      4.176    33.1230    25.2762 -9.990e-29
 192.661800      4.216  37.352276    11.2102    8.97557      4.181    33.1256    25.2787 -9.990e-29
 192.661806      4.219  37.348917    11.2082    8.97669      4.184    33.1241    25.2779 -9.990e-29
 192.661811      4.221  37.345574    11.2096    8.98196      4.186    33.1196    25.2741 -9.990e-29
 192.661817      4.220  37.345637    11.2131    8.99463      4.185    33.1165    25.2710 -9.990e-29
 192.661823      4.218  37.348064    11.2155    9.00276      4.183    33.1167    25.2708 -9.990e-29
 192.661829      4.213  37.347668    11.2185    8.98902      4.178    33.1136    25.2679 -9.990e-29
 192.661834      4.206  37.342797    11.2268    8.97306      4.171    33.1014    25.2568 -9.990e-29
 192.661840      4.196  37.336486    11.2406    8.97041      4.161    33.0827    25.2399 -9.990e-29
 192.661846      4.183  37.332097    11.2531    8.96832      4.148    33.0672    25.2255 -9.990e-29
 192.661852      4.169  37.331629    11.2593    8.97418      4.134    33.0612    25.2197 -9.990e-29
 192.661858      4.164  37.336698    11.2611    8.98933      4.129    33.0646    25.2220 -9.990e-29
 192.661863      4.169  37.345086    11.2602    8.98856      4.134    33.0736    25.2292 -9.990e-29
 192.661869      4.183  37.350020    11.2569    8.99619      4.148    33.0814    25.2359 -9.990e-29
 192.661875      4.196  37.349657    11.2552    8.99976      4.161    33.0826    25.2371 -9.990e-29
 192.661881      4.206  37.346874    11.2574    8.98826      4.171    33.0779    25.2331 -9.990e-29
 192.661887      4.213  37.344123    11.2618    8.98785      4.178    33.0712    25.2271 -9.990e-29
 192.661892      4.217  37.342218    11.2657    8.97886      4.182    33.0658    25.2222 -9.990e-29
 192.661898      4.219  37.341420    11.2670    8.98386      4.184    33.0639    25.2205 -9.990e-29
 192.661904      4.220  37.342345    11.2671    8.98108      4.185    33.0647    25.2211 -9.990e-29
 192.661910      4.218  37.343975    11.2687    8.97993      4.183    33.0649    25.2209 -9.990e-29
 192.661916      4.215  37.344551    11.2732    8.95450      4.180    33.0614    25.2174 -9.990e-29
 192.661921      4.208  37.342591    11.2806    8.91178      4.173    33.0528    25.2094 -9.990e-29
 192.661927      4.199  37.337161    11.2908    8.86269      4.164    33.0384    25.1963 -9.990e-29
 192.661933      4.187  37.330552    11.2997    8.85560      4.152    33.0239    25.1834 -9.990e-29
 192.661939      4.175  37.326853    11.3037    8.88989      4.140    33.0167    25.1771 -9.990e-29
 192.661944      4.172  37.326176    11.3023    8.92455      4.137    33.0173    25.1778 -9.990e-29
 192.661950      4.175  37.325935    11.2934    8.97309      4.140    33.0250    25.1854 -9.990e-29
 192.661956      4.183  37.324679    11.2759    8.99710      4.148    33.0394    25.1998 -9.990e-29
 192.661962      4.195  37.320728    11.2561    9.01253      4.160    33.0533    25.2142 -9.990e-29
 192.661968      4.207  37.313857    11.2485    8.98156      4.172    33.0533    25.2156 -9.990e-29
 192.661973      4.213  37.309483    11.2580    8.90202      4.178    33.0405    25.2039 -9.990e-29
 192.661979      4.208  37.310178    11.2728    8.81884      4.173    33.0279    25.1914 -9.990e-29
 192.661985      4.200  37.312374    11.2813    8.80292      4.165    33.0225    25.1857 -9.990e-29
 192.661991      4.201  37.315067    11.2818    8.84554      4.166    33.0247    25.1873 -9.990e-29
 192.661997      4.212  37.317360    11.2756    8.90095      4.177    33.0325    25.1945 -9.990e-29
 192.662002      4.225  37.317256    11.2562    8.90766      4.190    33.0498    25.2114 -9.990e-29
 192.662008      4.236  37.311806    11.2182    8.84476      4.201    33.0785    25.2406 -9.990e-29
 192.662014      4.246  37.298226    11.1753    8.78148      4.211    33.1036    25.2678 -9.990e-29
 192.662020      4.256  37.281404    11.1515    8.78888      4.220    33.1084    25.2758 -9.990e-29
 192.662025      4.262  37.269192    11.1534    8.83606      4.226    33.0947    25.2648 -9.990e-29
 192.662031      4.260  37.264366    11.1610    8.85854      4.224    33.0830    25.2544 -9.990e-29
 192.662037      4.254  37.263286    11.1428    8.83511      4.218    33.0984    25.2696 -9.990e-29
 192.662043      4.248  37.253849    11.0971    8.76544      4.213    33.1302    25.3025 -9.990e-29
 192.662049      4.243  37.227960    11.0597    8.72653      4.208    33.1383    25.3155 -9.990e-29
 192.662054      4.236  37.203830    11.0584    8.73112      4.201    33.1155    25.2980 -9.990e-29
 192.662060      4.229  37.208734    11.0826    8.75005      4.194    33.0986    25.2805 -9.990e-29
 192.662066      4.221  37.234050    11.0956    8.76944      4.186    33.1120    25.2886 -9.990e-29
 192.662072      4.215  37.250694    11.0744    8.77833      4.180    33.1476    25.3200 -9.990e-29
 192.662078      4.219  37.244395    11.0318    8.76401      4.184    33.1798    25.3527 -9.990e-29
 192.662083      4.234  37.216290    10.9993    8.75299      4.199    33.1813    25.3597 -9.990e-29
 192.662089      4.248  37.191730    10.9940    8.78338      4.213    33.1617    25.3454 -9.990e-29
 192.662095      4.253  37.191248    11.0112    8.82691      4.217    33.1457    25.3298 -9.990e-29
 192.662101      4.254  37.208018    11.0356    8.86663      4.218    33.1403    25.3213 -9.990e-29
 192.662106      4.256  37.231292    11.0510    8.90072      4.220    33.1494    25.3257 -9.990e-29
 192.662112      4.257  37.248904    11.0516    8.90365      4.221    33.1663    25.3387 -9.990e-29
 192.662118      4.259  37.251237    11.0462    8.87628      4.223    33.1735    25.3453 -9.990e-29
 192.662124      4.262  37.241399    11.0495    8.86410      4.226    33.1608    25.3348 -9.990e-29
 192.662130      4.261  37.235441    11.0668    8.85694      4.225    33.1393    25.3150 -9.990e-29
 192.662135      4.252  37.241678    11.0859    8.84872      4.216    33.1282    25.3030 -9.990e-29
 192.662141      4.243  37.251030    11.0904    8.84691      4.208    33.1334    25.3062 -9.990e-29
 192.662147      4.247  37.256892    11.0759    8.85423      4.212    33.1523    25.3235 -9.990e-29
 192.662153      4.263  37.254738    11.0494    8.85705      4.227    33.1741    25.3452 -9.990e-29
 192.662159      4.284  37.244496    11.0257    8.85945      4.248    33.1854    25.3582 -9.990e-29
 192.662164      4.303  37.235502    11.0163    8.88934      4.267    33.1849    25.3595 -9.990e-29
 192.662170      4.312  37.230901    11.0178    8.90238      4.276    33.1790    25.3546 -9.990e-29
 192.662176      4.313  37.229596    11.0279    8.90860      4.277    33.1686    25.3447 -9.990e-29
 192.662182      4.309  37.234888    11.0470    8.91207      4.273    33.1566    25.3320 -9.990e-29
 192.662187      4.299  37.246538    11.0662    8.89471      4.263    33.1508    25.3240 -9.990e-29
 192.662193      4.289  37.258193    11.0789    8.88567      4.253    33.1509    25.3218 -9.990e-29
 192.662199      4.281  37.266318    11.0880    8.88849      4.245    33.1507    25.3201 -9.990e-29
 192.662205      4.275  37.275574    11.0947    8.89296      4.239    33.1538    25.3213 -9.990e-29
 192.662211      4.271  37.282590    11.0950    8.91497      4.235    33.1605    25.3265 -9.990e-29
 192.662216      4.267  37.278202    11.0910    8.93665      4.231    33.1598    25.3266 -9.990e-29
 192.662222      4.265  37.267775    11.0857    8.95826      4.229    33.1542    25.3232 -9.990e-29
 192.662228      4.264  37.260404    11.0769    8.96347      4.228    33.1549    25.3253 -9.990e-29
 192.662234      4.263  37.258597    11.0697    8.92556      4.227    33.1596    25.3303 -9.990e-29
 192.662240      4.264  37.261623    11.0736    8.89228      4.228    33.1591    25.3292 -9.990e-29
 192.662245      4.265  37.269581    11.0880    8.89460      4.229    33.1540    25.3226 -9.990e-29
 192.662251      4.266  37.281291    11.1030    8.89461      4.230    33.1520    25.3184 -9.990e-29
 192.662257      4.269  37.292167    11.1104    8.92692      4.233    33.1561    25.3203 -9.990e-29
 192.662263      4.273  37.298192    11.1060    8.93117      4.237    33.1660    25.3288 -9.990e-29
 192.662269      4.279  37.293373    11.0904    8.90127      4.243    33.1754    25.3388 -9.990e-29
 192.662274      4.282  37.272403    11.0770    8.89292      4.246    33.1667    25.3345 -9.990e-29
 192.662280      4.278  37.252196    11.0784    8.90835      4.242    33.1454    25.3177 -9.990e-29
 192.662286      4.272  37.255171    11.0908    8.91259      4.236    33.1372    25.3090 -9.990e-29
 192.662292      4.267  37.270137    11.1049    8.92412      4.231    33.1393    25.3082 -9.990e-29
 192.662297      4.263  37.278521    11.1125    8.91934      4.227    33.1407    25.3079 -9.990e-29
 192.662303      4.259  37.280283    11.1093    8.91191      4.223    33.1453    25.3121 -9.990e-29
 192.662309      4.257  37.278525    11.1029    8.92081      4.221    33.1494    25.3164 -9.990e-29
 192.662315      4.254  37.277640    11.1025    8.93080      4.218    33.1489    25.3161 -9.990e-29
 192.662321      4.252  37.281127    11.1049    8.93076      4.216    33.1502    25.3166 -9.990e-29
 192.662326      4.250  37.284660    11.1034    8.92185      4.214    33.1550    25.3207 -9.990e-29
 192.662332      4.248  37.284541    11.0992    8.92929      4.213    33.1587    25.3243 -9.990e-29
 192.662338      4.245  37.282860    11.0973    8.93524      4.210    33.1587    25.3247 -9.990e-29
 192.662344      4.243  37.283552    11.1009    8.94916      4.208    33.1562    25.3220 -9.990e-29
 192.662350      4.240  37.286981    11.1077    8.97299      4.205    33.1534    25.3187 -9.990e-29
 192.662355      4.240  37.290989    11.1103    8.99228      4.205    33.1550    25.3195 -9.990e-29
 192.662361      4.248  37.291949    11.1076    8.99553      4.213    33.1584    25.3226 -9.990e-29
 192.662367      4.261  37.290588    11.1064    8.98291      4.225    33.1582    25.3226 -9.990e-29
 192.662373      4.269  37.292949    11.1128    8.98293      4.233    33.1547    25.3188 -9.990e-29
 192.662378      4.266  37.298258    11.1250    8.98889      4.230    33.1490    25.3121 -9.990e-29
 192.662384      4.251  37.303497    11.1370    8.98949      4.215    33.1433    25.3056 -9.990e-29
 192.662390      4.236  37.309486    11.1469    9.00030      4.201    33.1404    25.3015 -9.990e-29
 192.662396      4.233  37.315802    11.1544    8.98878      4.198    33.1398    25.2998 -9.990e-29
 192.662402      4.242  37.318532    11.1583    8.95576      4.207    33.1390    25.2984 -9.990e-29
 192.662407      4.250  37.317954    11.1607    8.95073      4.214    33.1363    25.2959 -9.990e-29
 192.662413      4.250  37.318915    11.1643    8.96067      4.214    33.1340    25.2934 -9.990e-29
 192.662419      4.245  37.321578    11.1685    8.97512      4.210    33.1328    25.2918 -9.990e-29
 192.662425      4.243  37.323886    11.1709    9.00238      4.208    33.1330    25.2914 -9.990e-29
 192.662431      4.250  37.324436    11.1704    9.02813      4.214    33.1340    25.2923 -9.990e-29
 192.662436      4.262  37.321161    11.1688    9.01847      4.226    33.1322    25.2912 -9.990e-29
 192.662442      4.269  37.315310    11.1704    9.01575      4.233    33.1249    25.2853 -9.990e-29
 192.662448      4.265  37.314232    11.1768    8.99543      4.229    33.1181    25.2788 -9.990e-29
 192.662454      4.249  37.320421    11.1853    8.98680      4.213    33.1166    25.2761 -9.990e-29
 192.662459      4.229  37.327547    11.1925    8.99548      4.194    33.1171    25.2753 -9.990e-29
 192.662465      4.211  37.333336    11.1985    9.00346      4.176    33.1175    25.2744 -9.990e-29
 192.662471      4.204  37.338218    11.2029    8.99932      4.169    33.1183    25.2743 -9.990e-29
 192.662477      4.207  37.339735    11.2034    8.97234      4.172    33.1194    25.2750 -9.990e-29
 192.662483      4.211  37.338229    11.2007    8.96911      4.176    33.1203    25.2763 -9.990e-29
 192.662488      4.217  37.336185    11.1971    8.96586      4.182    33.1215    25.2779 -9.990e-29
 192.662494      4.229  37.335370    11.1951    8.97307      4.194    33.1225    25.2790 -9.990e-29
