data/oxygen options/OCNMS/OCNMS1/raw_data/2006/CTD_CA015_081606faed.cnv
* Sea-Bird SBE19 Data File:
* FileName = C:\MOORING_DATA_2006\CTD_CA015_081606.hex
* Software Version 1.1.6
* Temperature SN = 2997
* Conductivity SN = 2997
* System UpLoad Time = Aug 16 2006 19:08:37
* SEACAT PROFILER V3.1c SN 2997   08/16/06  19:08:12.461
* strain gauge pressure sensor: S/N = 184829,  range = 3000 psia,  tc = 40
# nquan = 9                                 
# nvalues = 1319                        
# units = specified
# name 0 = timeJ: Julian Days
# name 1 = prSM: Pressure, Strain Gauge [db]
# name 2 = c0mS/cm: Conductivity [mS/cm]
# name 3 = t090C: Temperature [ITS-90, deg C]
# name 4 = oxML/L: Oxygen, Beckman/YSI [ml/l]
# name 5 = depSM: Depth [salt water, m], lat = 47.5
# name 6 = sal00: Salinity, Practical [PSU]
# name 7 = sigma-é00: Density [sigma-theta, kg/m^3]
# name 8 = flag: flag
# span 0 = 228.783218, 228.790845       
# span 1 =     -4.076,     18.447       
# span 2 =   0.760344,  37.502201       
# span 3 =     8.7581,    12.6617       
# span 4 =  -11.24443,   37.05739       
# span 5 =     -4.042,     18.292       
# span 6 =     0.5110,    33.5177       
# span 7 =    -0.0815,    25.9809       
# span 8 = 0.0000e+00, 0.0000e+00       
# interval = seconds: 0.5
# start_time = Aug 16 2006 18:47:50 [Instrument's time stamp, header]
# bad_flag = -9.990e-29
*END*
[from data line 161]
 228.784149      1.002  37.205373    11.6744    5.84855      0.994    32.5703    24.7628 -9.990e-29
 228.784155      1.025  37.188889    11.6643    5.84708      1.016    32.5631    24.7590 -9.990e-29
 228.784161      1.047  37.176703    11.6604    5.84354      1.038    32.5547    24.7532 -9.990e-29
 228.784167      1.063  37.175008    11.6629    5.85488      1.054    32.5508    24.7497 -9.990e-29
 228.784172      1.077  37.179863    11.6693    5.85580      1.068    32.5499    24.7479 -9.990e-29
 228.784178      1.090  37.187648    11.6766    5.87064      1.081    32.5511    24.7474 -9.990e-29
 228.784184      1.099  37.194165    11.6822    5.86639      1.090    32.5525    24.7475 -9.990e-29
 228.784190      1.109  37.196328    11.6852    5.88304      1.100    32.5520    24.7466 -9.990e-29
 228.784196      1.120  37.193662    11.6873    5.88463      1.111    32.5475    24.7427 -9.990e-29
 228.784201      1.125  37.192158    11.6910    5.87710      1.116    32.5428    24.7384 -9.990e-29
 228.784207      1.124  37.198229    11.6943    5.85710      1.115    32.5459    24.7401 -9.990e-29
 228.784213      1.125  37.205952    11.6928    5.83414      1.116    32.5547    24.7473 -9.990e-29
 228.784219      1.132  37.208240    11.6876    5.83095      1.123    32.5615    24.7535 -9.990e-29
 228.784225      1.147  37.209834    11.6838    5.84375      1.137    32.5664    24.7580 -9.990e-29
 228.784230      1.165  37.215108    11.6831    5.85094      1.155    32.5721    24.7626 -9.990e-29
 228.784236      1.184  37.218755    11.6826    5.85414      1.174    32.5761    24.7657 -9.990e-29
 228.784242      1.204  37.213863    11.6763    5.84720      1.194    32.5768    24.7675 -9.990e-29
 228.784248      1.223  37.198402    11.6665    5.83873      1.213    32.5704    24.7643 -9.990e-29
 228.784253      1.239  37.182054    11.6643    5.82894      1.229    32.5564    24.7538 -9.990e-29
 228.784259      1.246  37.178929    11.6711    5.83487      1.236    32.5474    24.7455 -9.990e-29
 228.784265      1.242  37.187106    11.6768    5.83610      1.232    32.5503    24.7468 -9.990e-29
 228.784271      1.236  37.194492    11.6738    5.83762      1.226    32.5602    24.7550 -9.990e-29
 228.784277      1.238  37.193552    11.6626    5.84409      1.228    32.5691    24.7640 -9.990e-29
 228.784282      1.250  37.182481    11.6511    5.84129      1.240    32.5684    24.7655 -9.990e-29
 228.784288      1.264  37.168399    11.6474    5.84168      1.253    32.5579    24.7581 -9.990e-29
 228.784294      1.276  37.161143    11.6530    5.83404      1.265    32.5459    24.7477 -9.990e-29
 228.784300      1.283  37.162260    11.6624    5.84171      1.272    32.5387    24.7404 -9.990e-29
 228.784306      1.285  37.168194    11.6671    5.85514      1.274    32.5404    24.7409 -9.990e-29
 228.784311      1.292  37.173963    11.6646    5.85983      1.281    32.5482    24.7474 -9.990e-29
 228.784317      1.302  37.177730    11.6610    5.86582      1.291    32.5550    24.7534 -9.990e-29
 228.784323      1.314  37.180037    11.6601    5.84523      1.303    32.5581    24.7559 -9.990e-29
 228.784329      1.326  37.180035    11.6620    5.83679      1.315    32.5564    24.7542 -9.990e-29
 228.784334      1.337  37.180531    11.6675    5.83824      1.326    32.5520    24.7498 -9.990e-29
 228.784340      1.343  37.184437    11.6743    5.84064      1.332    32.5499    24.7469 -9.990e-29
 228.784346      1.347  37.190233    11.6764    5.85264      1.336    32.5537    24.7495 -9.990e-29
 228.784352      1.360  37.193313    11.6711    5.84600      1.349    32.5613    24.7564 -9.990e-29
 228.784358      1.385  37.187693    11.6622    5.84292      1.373    32.5636    24.7598 -9.990e-29
 228.784363      1.417  37.174864    11.6580    5.84033      1.405    32.5548    24.7537 -9.990e-29
 228.784369      1.439  37.167454    11.6617    5.83748      1.427    32.5443    24.7449 -9.990e-29
 228.784375      1.445  37.171853    11.6680    5.85150      1.433    32.5431    24.7428 -9.990e-29
 228.784381      1.440  37.179343    11.6699    5.86961      1.428    32.5487    24.7468 -9.990e-29
 228.784387      1.431  37.182530    11.6668    5.87363      1.419    32.5546    24.7519 -9.990e-29
 228.784392      1.423  37.181744    11.6635    5.86269      1.411    32.5567    24.7542 -9.990e-29
 228.784398      1.410  37.179308    11.6634    5.84363      1.398    32.5544    24.7524 -9.990e-29
 228.784404      1.393  37.179832    11.6664    5.82944      1.381    32.5523    24.7503 -9.990e-29
 228.784410      1.377  37.185701    11.6707    5.83773      1.366    32.5543    24.7510 -9.990e-29
 228.784416      1.372  37.193528    11.6758    5.85106      1.361    32.5574    24.7525 -9.990e-29
 228.784421      1.380  37.201974    11.6786    5.85811      1.368    32.5632    24.7565 -9.990e-29
 228.784427      1.398  37.204357    11.6736    5.84941      1.386    32.5699    24.7626 -9.990e-29
 228.784433      1.418  37.193764    11.6654    5.84033      1.406    32.5667    24.7617 -9.990e-29
 228.784439      1.434  37.181879    11.6633    5.83781      1.422    32.5570    24.7545 -9.990e-29
 228.784444      1.443  37.180346    11.6676    5.84060      1.431    32.5517    24.7496 -9.990e-29
 228.784450      1.443  37.186002    11.6732    5.85658      1.431    32.5523    24.7490 -9.990e-29
 228.784456      1.441  37.191810    11.6765    5.86109      1.429    32.5551    24.7506 -9.990e-29
 228.784462      1.444  37.190374    11.6768    5.86020      1.432    32.5534    24.7492 -9.990e-29
 228.784468      1.452  37.179226    11.6775    5.85670      1.440    32.5419    24.7402 -9.990e-29
 228.784473      1.458  37.172677    11.6827    5.85751      1.446    32.5310    24.7307 -9.990e-29
 228.784479      1.458  37.181072    11.6909    5.86086      1.446    32.5320    24.7300 -9.990e-29
 228.784485      1.451  37.193733    11.6960    5.86495      1.439    32.5398    24.7352 -9.990e-29
 228.784491      1.442  37.202305    11.6965    5.86805      1.430    32.5478    24.7412 -9.990e-29
 228.784497      1.438  37.207564    11.6973    5.87715      1.426    32.5522    24.7445 -9.990e-29
 228.784502      1.443  37.210920    11.7004    5.84905      1.431    32.5527    24.7443 -9.990e-29
 228.784508      1.458  37.209561    11.7033    5.83288      1.446    32.5488    24.7408 -9.990e-29
 228.784514      1.480  37.203362    11.7046    5.82706      1.468    32.5417    24.7350 -9.990e-29
 228.784520      1.501  37.202017    11.7047    5.82942      1.488    32.5403    24.7339 -9.990e-29
 228.784525      1.518  37.206542    11.7024    5.84083      1.505    32.5467    24.7393 -9.990e-29
 228.784531      1.532  37.206708    11.6933    5.84488      1.519    32.5548    24.7473 -9.990e-29
 228.784537      1.545  37.196008    11.6751    5.84280      1.532    32.5604    24.7549 -9.990e-29
 228.784543      1.557  37.178132    11.6560    5.82495      1.544    32.5597    24.7579 -9.990e-29
 228.784549      1.568  37.165153    11.6481    5.81525      1.555    32.5540    24.7549 -9.990e-29
 228.784554      1.581  37.164446    11.6523    5.81931      1.568    32.5496    24.7507 -9.990e-29
 228.784560      1.590  37.172826    11.6597    5.84339      1.577    32.5513    24.7507 -9.990e-29
 228.784566      1.593  37.180154    11.6619    5.85514      1.580    32.5565    24.7543 -9.990e-29
 228.784572      1.594  37.180502    11.6567    5.85799      1.581    32.5614    24.7591 -9.990e-29
 228.784578      1.597  37.173778    11.6463    5.83284      1.584    32.5640    24.7630 -9.990e-29
 228.784583      1.602  37.161683    11.6401    5.83439      1.589    32.5576    24.7592 -9.990e-29
 228.784589      1.610  37.157824    11.6478    5.84337      1.597    32.5471    24.7496 -9.990e-29
 228.784595      1.618  37.168839    11.6618    5.85533      1.604    32.5455    24.7458 -9.990e-29
 228.784601      1.620  37.181933    11.6673    5.83909      1.606    32.5535    24.7510 -9.990e-29
 228.784606      1.622  37.191010    11.6599    5.80751      1.608    32.5688    24.7643 -9.990e-29
 228.784612      1.628  37.191914    11.6463    5.80334      1.614    32.5816    24.7767 -9.990e-29
 228.784618      1.638  37.177442    11.6376    5.81667      1.624    32.5752    24.7733 -9.990e-29
 228.784624      1.654  37.161961    11.6370    5.83022      1.640    32.5606    24.7621 -9.990e-29
 228.784630      1.675  37.157366    11.6387    5.83635      1.661    32.5546    24.7571 -9.990e-29
 228.784635      1.700  37.152859    11.6343    5.82991      1.686    32.5541    24.7575 -9.990e-29
 228.784641      1.720  37.144117    11.6239    5.80478      1.706    32.5547    24.7599 -9.990e-29
 228.784647      1.734  37.136684    11.6210    5.80236      1.720    32.5500    24.7567 -9.990e-29
 228.784653      1.741  37.138034    11.6313    5.81816      1.726    32.5422    24.7489 -9.990e-29
 228.784659      1.739  37.149207    11.6430    5.82422      1.724    32.5429    24.7472 -9.990e-29
 228.784664      1.727  37.159292    11.6427    5.84082      1.713    32.5529    24.7551 -9.990e-29
 228.784670      1.718  37.159852    11.6293    5.83658      1.704    32.5653    24.7671 -9.990e-29
 228.784676      1.718  37.151074    11.6141    5.82223      1.704    32.5701    24.7736 -9.990e-29
 228.784682      1.724  37.139760    11.6090    5.82224      1.710    32.5635    24.7695 -9.990e-29
 228.784687      1.728  37.136618    11.6150    5.83701      1.714    32.5552    24.7619 -9.990e-29
 228.784693      1.729  37.145302    11.6229    5.83463      1.715    32.5567    24.7616 -9.990e-29
 228.784699      1.733  37.157751    11.6272    5.83610      1.719    32.5651    24.7673 -9.990e-29
 228.784705      1.744  37.166441    11.6267    5.82087      1.729    32.5740    24.7743 -9.990e-29
 228.784711      1.771  37.165002    11.6223    5.80646      1.756    32.5764    24.7771 -9.990e-29
 228.784716      1.807  37.153196    11.6217    5.82332      1.792    32.5654    24.7686 -9.990e-29
 228.784722      1.833  37.146687    11.6273    5.84169      1.818    32.5541    24.7588 -9.990e-29
 228.784728      1.843  37.151933    11.6308    5.85293      1.828    32.5562    24.7598 -9.990e-29
 228.784734      1.840  37.158534    11.6269    5.85357      1.825    32.5660    24.7682 -9.990e-29
 228.784740      1.834  37.161263    11.6202    5.82728      1.819    32.5746    24.7760 -9.990e-29
 228.784745      1.828  37.159266    11.6182    5.80282      1.813    32.5744    24.7762 -9.990e-29
 228.784751      1.823  37.155486    11.6241    5.79180      1.808    32.5655    24.7683 -9.990e-29
 228.784757      1.817  37.157214    11.6340    5.79406      1.802    32.5585    24.7610 -9.990e-29
 228.784763      1.810  37.162820    11.6392    5.81731      1.795    32.5594    24.7608 -9.990e-29
 228.784769      1.802  37.164630    11.6329    5.82936      1.787    32.5667    24.7676 -9.990e-29
 228.784774      1.797  37.158323    11.6150    5.82612      1.782    32.5763    24.7783 -9.990e-29
 228.784780      1.798  37.143339    11.5941    5.81202      1.783    32.5801    24.7850 -9.990e-29
 228.784786      1.801  37.126619    11.5837    5.80648      1.786    32.5729    24.7814 -9.990e-29
 228.784792      1.803  37.120080    11.5875    5.79383      1.788    32.5632    24.7731 -9.990e-29
 228.784797      1.803  37.126210    11.5969    5.79529      1.788    32.5609    24.7696 -9.990e-29
 228.784803      1.802  37.135224    11.6029    5.79850      1.787    32.5644    24.7713 -9.990e-29
 228.784809      1.804  37.138943    11.5998    5.79603      1.789    32.5708    24.7768 -9.990e-29
 228.784815      1.812  37.135589    11.5887    5.80927      1.797    32.5772    24.7838 -9.990e-29
 228.784821      1.824  37.126859    11.5791    5.82048      1.809    32.5772    24.7855 -9.990e-29
 228.784826      1.835  37.118495    11.5770    5.83421      1.820    32.5708    24.7810 -9.990e-29
 228.784832      1.843  37.116163    11.5812    5.82857      1.828    32.5649    24.7756 -9.990e-29
 228.784838      1.843  37.121796    11.5876    5.81223      1.828    32.5647    24.7743 -9.990e-29
 228.784844      1.839  37.130556    11.5922    5.80147      1.824    32.5692    24.7770 -9.990e-29
 228.784850      1.837  37.136168    11.5942    5.79841      1.822    32.5730    24.7795 -9.990e-29
 228.784855      1.839  37.138258    11.5942    5.80644      1.824    32.5750    24.7811 -9.990e-29
 228.784861      1.850  37.139048    11.5921    5.81010      1.835    32.5776    24.7835 -9.990e-29
 228.784867      1.867  37.138462    11.5858    5.82457      1.851    32.5826    24.7885 -9.990e-29
 228.784873      1.887  37.133471    11.5744    5.82482      1.871    32.5877    24.7946 -9.990e-29
 228.784878      1.911  37.125266    11.5655    5.82248      1.895    32.5875    24.7961 -9.990e-29
 228.784884      1.935  37.120851    11.5681    5.82608      1.919    32.5809    24.7904 -9.990e-29
 228.784890      1.953  37.124988    11.5810    5.83324      1.937    32.5736    24.7824 -9.990e-29
 228.784896      1.963  37.135333    11.5962    5.84578      1.947    32.5703    24.7771 -9.990e-29
 228.784902      1.968  37.148283    11.6063    5.85137      1.952    32.5741    24.7782 -9.990e-29
 228.784907      1.978  37.158105    11.6093    5.83763      1.961    32.5810    24.7830 -9.990e-29
 228.784913      1.992  37.158820    11.6105    5.82189      1.975    32.5807    24.7825 -9.990e-29
 228.784919      2.001  37.156986    11.6161    5.82146      1.984    32.5740    24.7763 -9.990e-29
 228.784925      1.994  37.159126    11.6246    5.81478      1.977    32.5686    24.7705 -9.990e-29
 228.784931      1.981  37.162478    11.6294    5.81996      1.964    32.5676    24.7689 -9.990e-29
 228.784936      1.974  37.164774    11.6253    5.82175      1.958    32.5735    24.7742 -9.990e-29
 228.784942      1.976  37.161779    11.6127    5.82236      1.959    32.5816    24.7829 -9.990e-29
 228.784948      1.987  37.148375    11.6000    5.82122      1.970    32.5797    24.7837 -9.990e-29
 228.784954      2.004  37.133611    11.5976    5.82550      1.987    32.5674    24.7746 -9.990e-29
 228.784959      2.019  37.131449    11.6046    5.81959      2.002    32.5591    24.7669 -9.990e-29
 228.784965      2.029  37.138998    11.6129    5.81046      2.012    32.5592    24.7654 -9.990e-29
 228.784971      2.031  37.146683    11.6171    5.80959      2.014    32.5630    24.7676 -9.990e-29
 228.784977      2.024  37.151281    11.6162    5.80702      2.007    32.5683    24.7719 -9.990e-29
 228.784983      2.017  37.152188    11.6115    5.80541      2.000    32.5733    24.7766 -9.990e-29
 228.784988      2.014  37.149488    11.6037    5.81427      1.997    32.5775    24.7813 -9.990e-29
 228.784994      2.013  37.143503    11.5930    5.81652      1.996    32.5811    24.7860 -9.990e-29
 228.785000      2.016  37.134100    11.5836    5.82571      1.999    32.5802    24.7871 -9.990e-29
 228.785006      2.019  37.125002    11.5805    5.82820      2.002    32.5740    24.7828 -9.990e-29
 228.785012      2.016  37.123142    11.5829    5.82539      1.999    32.5701    24.7793 -9.990e-29
 228.785017      2.012  37.128277    11.5892    5.83848      1.995    32.5696    24.7778 -9.990e-29
 228.785023      2.007  37.136029    11.5974    5.83818      1.990    32.5699    24.7766 -9.990e-29
 228.785029      2.001  37.144386    11.6046    5.83796      1.984    32.5718    24.7767 -9.990e-29
 228.785035      2.001  37.151024    11.6099    5.83404      1.984    32.5736    24.7771 -9.990e-29
 228.785041      2.008  37.154131    11.6127    5.82813      1.991    32.5742    24.7771 -9.990e-29
 228.785046      2.018  37.152799    11.6126    5.82152      2.001    32.5729    24.7761 -9.990e-29
 228.785052      2.031  37.150294    11.6111    5.82688      2.014    32.5718    24.7755 -9.990e-29
 228.785058      2.045  37.150564    11.6088    5.82999      2.028    32.5741    24.7777 -9.990e-29
 228.785064      2.055  37.151716    11.6056    5.82954      2.038    32.5780    24.7814 -9.990e-29
