data/oxygen options/OCNMS/OCNMS1/raw_data/2006/CTD_CA015_081606faed.cnv
* Sea-Bird SBE19 Data File:
* FileName = C:\MOORING_DATA_2006\CTD_CA015_081606.hex
* Software Version 1.1.6
* Temperature SN = 2997
* Conductivity SN = 2997
* System UpLoad Time = Aug 16 2006 19:08:37
* SEACAT PROFILER V3.1c SN 2997   08/16/06  19:08:12.461
* strain gauge pressure sensor: S/N = 184829,  range = 3000 psia,  tc = 40
# nquan = 9                                 
# nvalues = 1319                        
# units = specified
# name 0 = timeJ: Julian Days
# name 1 = prSM: Pressure, Strain Gauge [db]
# name 2 = c0mS/cm: Conductivity [mS/cm]
# name 3 = t090C: Temperature [ITS-90, deg C]
# name 4 = oxML/L: Oxygen, Beckman/YSI [ml/l]
# name 5 = depSM: Depth [salt water, m], lat = 47.5
# name 6 = sal00: Salinity, Practical [PSU]
# name 7 = sigma-é00: Density [sigma-theta, kg/m^3]
# name 8 = flag: flag
# span 0 = 228.783218, 228.790845       
# span 1 =     -4.076,     18.447       
# span 2 =   0.760344,  37.502201       
# span 3 =     8.7581,    12.6617       
# span 4 =  -11.24443,   37.05739       
# span 5 =     -4.042,     18.292       
# span 6 =     0.5110,    33.5177       
# span 7 =    -0.0815,    25.9809       
# span 8 = 0.0000e+00, 0.0000e+00       
# interval = seconds: 0.5
# start_time = Aug 16 2006 18:47:50 [Instrument's time stamp, header]
# bad_flag = -9.990e-29
*END*
 228.783218     -4.076 -9.990e-29    12.6617   -0.05960     -4.042 -9.990e-29 -9.990e-29 -9.990e-29
 228.783223     -4.071   1.578825    12.6600   -0.05994     -4.037     1.0617     0.2483 -9.990e-29
 228.783229     -4.064   1.558678    12.6561   -0.06005     -4.030     1.0476     0.2378 -9.990e-29
 228.783235     -4.050   1.532648    12.6499   -0.06006     -4.016     1.0294     0.2245 -9.990e-29
 228.783241     -4.026   1.519312    12.6419   -0.06006     -3.992     1.0202     0.2183 -9.990e-29
 228.783247     -3.992   1.547328    12.6316   -0.06051     -3.959     1.0403     0.2352 -9.990e-29
 228.783252     -3.953   1.673476    12.6163   -0.06020     -3.920     1.1300     0.3068 -9.990e-29
 228.783258     -3.900   2.071874    12.5876   -0.06006     -3.867     1.4158     0.5325 -9.990e-29
 228.783264     -3.825   3.277050    12.5224   -0.06042     -3.793     2.3027     1.2288 -9.990e-29
 228.783270     -3.730   6.906264    12.4002   -0.06016     -3.699     5.1141     3.4206 -9.990e-29
 228.783275     -3.612  15.645774    12.2553   -0.06063     -3.582    12.4000     9.0651 -9.990e-29
 228.783281     -3.467  26.950149    12.1533   -0.06012     -3.438    22.5142    16.8887 -9.990e-29
 228.783287     -3.303  33.999873    12.1087   -0.06022     -3.275    29.1295    22.0147 -9.990e-29
 228.783293     -3.136  36.333486    12.0950   -0.06039     -3.110    31.3679    23.7521 -9.990e-29
 228.783299     -2.973  37.049569    12.0909   -0.06046     -2.948    32.0595    24.2892 -9.990e-29
 228.783304     -2.810  37.098985    12.0856   -0.06046     -2.787    32.1115    24.3306 -9.990e-29
 228.783310     -2.648  36.970610    12.0780   -0.06047     -2.626    31.9944    24.2412 -9.990e-29
 228.783316     -2.487  37.045292    12.0748   -0.06042     -2.466    32.0690    24.2996 -9.990e-29
 228.783322     -2.336  37.118590    12.0759   -0.06037     -2.317    32.1386    24.3534 -9.990e-29
 228.783328     -2.193  37.017303    12.0696   -0.06035     -2.175    32.0464    24.2831 -9.990e-29
 228.783333     -2.053  36.881278    12.0394   -0.06034     -2.036    31.9412    24.2071 -9.990e-29
 228.783339     -1.915  36.856758    11.9740   -0.06030     -1.899    31.9736    24.2443 -9.990e-29
 228.783345     -1.776  37.081013    11.8905   -0.06029     -1.761    32.2622    24.4837 -9.990e-29
 228.783351     -1.636  37.328018    11.8323   -0.06033     -1.622    32.5522    24.7196 -9.990e-29
 228.783356     -1.505  37.436852    11.8181   -0.06033     -1.492    32.6703    24.8139 -9.990e-29
 228.783362     -1.398  37.482501    11.8283   -0.06033     -1.386    32.7056    24.8395 -9.990e-29
 228.783368     -1.317  37.467487    11.8457   -0.06038     -1.306    32.6757    24.8130 -9.990e-29
 228.783374     -1.252  37.438573    11.8647   -0.06036     -1.242    32.6310    24.7747 -9.990e-29
 228.783380     -1.198  37.443624    11.8832   -0.06036     -1.188    32.6196    24.7625 -9.990e-29
 228.783385     -1.161  37.468080    11.9031   -0.06037     -1.151    32.6259    24.7637 -9.990e-29
 228.783391     -1.135  37.475565    11.9199   -0.06039     -1.126    32.6184    24.7548 -9.990e-29
 228.783397     -1.100  37.460935    11.9214   -0.06039     -1.091    32.6029    24.7424 -9.990e-29
 228.783403     -1.050  37.451272    11.9097   -0.06043     -1.041    32.6037    24.7453 -9.990e-29
 228.783409     -0.995  37.460642    11.8995   -0.06045     -0.987    32.6217    24.7611 -9.990e-29
 228.783414     -0.944  37.480236    11.8940   -0.06040     -0.936    32.6455    24.7806 -9.990e-29
 228.783420     -0.902  37.491876    11.8905   -0.06042     -0.894    32.6599    24.7924 -9.990e-29
 228.783426     -0.871  37.479118    11.8890   -0.06046     -0.864    32.6488    24.7841 -9.990e-29
 228.783432     -0.845  37.453021    11.8844   -0.06044     -0.838    32.6275    24.7684 -9.990e-29
 228.783437     -0.817  37.438273    11.8732   -0.06052     -0.810    32.6230    24.7670 -9.990e-29
 228.783443     -0.787  37.442160    11.8596   -0.06054     -0.780    32.6387    24.7817 -9.990e-29
 228.783449     -0.756  37.459784    11.8454   -0.06052     -0.750    32.6683    24.8073 -9.990e-29
 228.783455     -0.730  37.481001    11.8308   -0.06050     -0.724    32.7017    24.8360 -9.990e-29
 228.783461     -0.714  37.495964    11.8262   -0.06051     -0.708    32.7203    24.8512 -9.990e-29
 228.783466     -0.705  37.502201    11.8348   -0.06052     -0.699    32.7187    24.8485 -9.990e-29
 228.783472     -0.698  37.494016    11.8398   -0.06053     -0.692    32.7064    24.8379 -9.990e-29
 228.783478     -0.686  37.461076    11.8304   -0.06052     -0.680    32.6827    24.8213 -9.990e-29
 228.783484     -0.662  37.418391    11.8095   -0.06056     -0.656    32.6596    24.8072 -9.990e-29
 228.783490     -0.625  37.405560    11.7862   -0.06057     -0.620    32.6676    24.8177 -9.990e-29
 228.783495     -0.582  37.424569    11.7782   -0.06053     -0.577    32.6931    24.8390 -9.990e-29
 228.783501     -0.546  37.437942    11.7884   -0.06052     -0.541    32.6971    24.8402 -9.990e-29
 228.783507     -0.520  37.420884    11.7979   -0.06053     -0.516    32.6721    24.8191 -9.990e-29
 228.783513     -0.494  37.384330    11.7952   -0.06055     -0.490    32.6390    24.7938 -9.990e-29
 228.783519     -0.461  37.360909    11.7858   -0.06056     -0.457    32.6245    24.7843 -9.990e-29
 228.783524     -0.424  37.366542    11.7802   -0.06056     -0.420    32.6348    24.7934 -9.990e-29
 228.783530     -0.393  37.384631    11.7778   -0.06058     -0.390    32.6545    24.8091 -9.990e-29
 228.783536     -0.375  37.388822    11.7745   -0.06057     -0.372    32.6615    24.8151 -9.990e-29
 228.783542     -0.364  37.374622    11.7730   -0.06056     -0.361    32.6490    24.8057 -9.990e-29
 228.783547     -0.361  37.356215    11.7738   -0.06052     -0.358    32.6304    24.7911 -9.990e-29
 228.783553     -0.363  37.352272    11.7737   -0.06054     -0.360    32.6266    24.7882 -9.990e-29
 228.783559     -0.360  37.368774    11.7717   -0.06056     -0.357    32.6444    24.8024 -9.990e-29
 228.783565     -0.345  37.386231    11.7673   -0.06059     -0.342    32.6653    24.8194 -9.990e-29
 228.783571     -0.328  37.383620    11.7598   -0.06060     -0.325    32.6693    24.8239 -9.990e-29
 228.783576     -0.311  37.369817    11.7513   -0.06062     -0.308    32.6634    24.8209 -9.990e-29
 228.783582     -0.293  37.370755    11.7485   -0.06061     -0.291    32.6667    24.8240 -9.990e-29
 228.783588     -0.277  37.383216    11.7563   -0.06059     -0.275    32.6720    24.8267 -9.990e-29
 228.783594     -0.267  37.381192    11.7679   -0.06056     -0.265    32.6598    24.8151 -9.990e-29
 228.783600     -0.257  37.362004    11.7716   -0.06056     -0.255    32.6379    24.7974 -9.990e-29
 228.783605     -0.243  37.352259    11.7652   -0.06057     -0.241    32.6340    24.7956 -9.990e-29
 228.783611     -0.223  37.364233    11.7537   -0.06055     -0.221    32.6558    24.8146 -9.990e-29
 228.783617     -0.197  37.374641    11.7395   -0.06059     -0.195    32.6784    24.8347 -9.990e-29
 228.783623     -0.167  37.371571    11.7261   -0.06067     -0.166    32.6872    24.8440 -9.990e-29
 228.783628     -0.140  37.372825    11.7215   -0.06068     -0.139    32.6925    24.8490 -9.990e-29
 228.783634     -0.122  37.381774    11.7297   -0.06065     -0.121    32.6939    24.8486 -9.990e-29
 228.783640     -0.117  37.378388    11.7451   -0.06057     -0.116    32.6771    24.8327 -9.990e-29
 228.783646     -0.121  37.358170    11.7595   -0.06054     -0.120    32.6448    24.8049 -9.990e-29
 228.783652     -0.124  37.337379    11.7674   -0.06051     -0.123    32.6176    24.7824 -9.990e-29
 228.783657     -0.118  37.321977    11.7683   -0.06052     -0.117    32.6018    24.7700 -9.990e-29
 228.783663     -0.099  37.308840    11.7605   -0.06056     -0.098    32.5959    24.7668 -9.990e-29
 228.783669     -0.066  37.302913    11.7375   -0.06056     -0.065    32.6103    24.7822 -9.990e-29
 228.783675     -0.021  37.306972    11.7100   -0.06056     -0.021    32.6384    24.8091 -9.990e-29
 228.783681      0.022  37.319715    11.7045   -0.06055      0.022    32.6556    24.8235 -9.990e-29
 228.783686      0.045  37.334021    11.7278   -0.06059      0.045    32.6491    24.8141 -9.990e-29
 228.783692      0.044  37.328582    11.7613   -0.06058      0.044    32.6143    24.7810 -9.990e-29
 228.783698      0.033  37.305137    11.7861   -0.06060      0.033    32.5698    24.7418 -9.990e-29
 228.783704      0.027  37.291918    11.7972   -0.06060      0.027    32.5472    24.7222 -9.990e-29
 228.783709      0.039  37.296573    11.7946   -0.06060      0.039    32.5540    24.7280 -9.990e-29
 228.783715      0.071  37.308503    11.7850   -0.06062      0.070    32.5740    24.7453 -9.990e-29
 228.783721      0.110  37.318391    11.7793   -0.06068      0.109    32.5886    24.7577 -9.990e-29
 228.783727      0.143  37.322047    11.7783   -0.06071      0.142    32.5930    24.7613 -9.990e-29
 228.783733      0.158  37.320432    11.7745   -0.06069      0.157    32.5948    24.7634 -9.990e-29
 228.783738      0.157  37.314777    11.7654   -0.06066      0.156    32.5973    24.7670 -9.990e-29
 228.783744      0.153  37.307658    11.7557   -0.06064      0.152    32.5989    24.7700 -9.990e-29
 228.783750      0.158  37.306433    11.7492   18.67821      0.157    32.6034    24.7747 -9.990e-29
 228.783756      0.172  37.312850    11.7462   34.56929      0.171    32.6122    24.7821 -9.990e-29
 228.783762      0.187  37.315849    11.7407   37.05739      0.185    32.6200    24.7892 -9.990e-29
 228.783767      0.205  37.308226    11.7240   33.04901      0.203    32.6272    24.7979 -9.990e-29
 228.783773      0.232  37.296665    11.7003   22.17959      0.230    32.6368    24.8096 -9.990e-29
 228.783779      0.259  37.294941    11.6877   16.97053      0.257    32.6462    24.8192 -9.990e-29
 228.783785      0.277  37.302454    11.6948   17.01835      0.275    32.6473    24.8188 -9.990e-29
 228.783791      0.281  37.300061    11.7124    9.75818      0.279    32.6294    24.8017 -9.990e-29
 228.783796      0.277  37.282343    11.7281    1.34861      0.275    32.5984    24.7747 -9.990e-29
 228.783802      0.273  37.263283    11.7381   -1.86334      0.271    32.5711    24.7517 -9.990e-29
 228.783808      0.273  37.251149    11.7419   -1.86900      0.271    32.5560    24.7392 -9.990e-29
 228.783814      0.276  37.242687    11.7379    1.80415      0.274    32.5512    24.7363 -9.990e-29
 228.783819      0.284  37.231123    11.7284    4.50087      0.282    32.5483    24.7358 -9.990e-29
 228.783825      0.296  37.214523    11.7202    5.00725      0.294    32.5393    24.7303 -9.990e-29
 228.783831      0.313  37.202185    11.7182    5.34651      0.310    32.5291    24.7227 -9.990e-29
 228.783837      0.333  37.202356    11.7183    5.53907      0.330    32.5292    24.7227 -9.990e-29
 228.783843      0.351  37.210792    11.7141    5.65138      0.348    32.5410    24.7327 -9.990e-29
 228.783848      0.374  37.214639    11.7053    5.73449      0.371    32.5525    24.7432 -9.990e-29
 228.783854      0.403  37.210071    11.6984    5.80048      0.400    32.5541    24.7457 -9.990e-29
 228.783860      0.427  37.207282    11.7012    5.82717      0.423    32.5489    24.7412 -9.990e-29
 228.783866      0.435  37.211544    11.7145    5.86114      0.431    32.5414    24.7329 -9.990e-29
 228.783872      0.427  37.221826    11.7313    5.86682      0.423    32.5367    24.7262 -9.990e-29
 228.783877      0.412  37.234464    11.7447    5.86897      0.409    32.5372    24.7242 -9.990e-29
 228.783883      0.396  37.243330    11.7520    5.87364      0.393    32.5395    24.7245 -9.990e-29
 228.783889      0.387  37.249051    11.7538    5.87868      0.384    32.5434    24.7273 -9.990e-29
 228.783895      0.394  37.250299    11.7523    5.88393      0.391    32.5460    24.7295 -9.990e-29
 228.783900      0.421  37.243712    11.7485    5.89208      0.417    32.5429    24.7278 -9.990e-29
 228.783906      0.461  37.237355    11.7430    5.90341      0.457    32.5415    24.7278 -9.990e-29
 228.783912      0.505  37.233989    11.7365    5.90365      0.501    32.5439    24.7309 -9.990e-29
 228.783918      0.545  37.228581    11.7312    5.89395      0.540    32.5433    24.7313 -9.990e-29
 228.783924      0.581  37.223474    11.7299    5.88818      0.576    32.5394    24.7286 -9.990e-29
 228.783929      0.614  37.224217    11.7322    5.89232      0.609    32.5381    24.7272 -9.990e-29
 228.783935      0.643  37.230698    11.7354    5.90695      0.638    32.5416    24.7293 -9.990e-29
 228.783941      0.666  37.237733    11.7372    5.92779      0.660    32.5469    24.7330 -9.990e-29
 228.783947      0.682  37.242374    11.7355    5.92195      0.676    32.5529    24.7380 -9.990e-29
 228.783953      0.690  37.242590    11.7301    5.91418      0.684    32.5578    24.7428 -9.990e-29
 228.783958      0.686  37.238121    11.7238    5.90138      0.680    32.5590    24.7449 -9.990e-29
 228.783964      0.673  37.236101    11.7200    5.88825      0.667    32.5604    24.7467 -9.990e-29
 228.783970      0.660  37.241697    11.7217    5.87043      0.654    32.5643    24.7494 -9.990e-29
 228.783976      0.654  37.250031    11.7278    5.86325      0.649    32.5671    24.7504 -9.990e-29
 228.783981      0.658  37.253149    11.7314    5.86814      0.653    32.5670    24.7497 -9.990e-29
 228.783987      0.674  37.247922    11.7269    5.86444      0.668    32.5658    24.7496 -9.990e-29
 228.783993      0.698  37.237486    11.7155    5.86817      0.692    32.5656    24.7516 -9.990e-29
 228.783999      0.722  37.224200    11.7015    5.87162      0.716    32.5650    24.7537 -9.990e-29
 228.784005      0.745  37.208864    11.6904    5.87478      0.739    32.5598    24.7517 -9.990e-29
 228.784010      0.763  37.196277    11.6878    5.88225      0.757    32.5498    24.7444 -9.990e-29
 228.784016      0.769  37.193781    11.6954    5.87813      0.763    32.5407    24.7359 -9.990e-29
 228.784022      0.764  37.203100    11.7071    5.87590      0.758    32.5395    24.7328 -9.990e-29
 228.784028      0.754  37.214224    11.7142    5.87091      0.748    32.5441    24.7351 -9.990e-29
 228.784034      0.750  37.218994    11.7144    5.87101      0.744    32.5486    24.7386 -9.990e-29
 228.784039      0.758  37.219289    11.7094    5.88022      0.752    32.5533    24.7431 -9.990e-29
 228.784045      0.779  37.215510    11.7021    5.87126      0.772    32.5560    24.7465 -9.990e-29
 228.784051      0.807  37.208796    11.6963    5.87212      0.800    32.5545    24.7465 -9.990e-29
 228.784057      0.833  37.202539    11.6942    5.87914      0.826    32.5503    24.7436 -9.990e-29
 228.784063      0.852  37.199057    11.6954    5.86913      0.845    32.5458    24.7399 -9.990e-29
 228.784068      0.865  37.201006    11.6972    5.87834      0.858    32.5461    24.7398 -9.990e-29
 228.784074      0.880  37.206500    11.6978    5.86985      0.873    32.5509    24.7434 -9.990e-29
 228.784080      0.900  37.211652    11.6978    5.85096      0.892    32.5559    24.7473 -9.990e-29
 228.784086      0.916  37.213800    11.6978    5.85212      0.908    32.5580    24.7489 -9.990e-29
 228.784091      0.925  37.213568    11.6975    5.85838      0.917    32.5581    24.7490 -9.990e-29
 228.784097      0.928  37.213457    11.6952    5.86443      0.920    32.5600    24.7509 -9.990e-29
 228.784103      0.926  37.212204    11.6893    5.88761      0.918    32.5639    24.7551 -9.990e-29
 228.784109      0.921  37.207583    11.6804    5.87331      0.913    32.5672    24.7593 -9.990e-29
 228.784115      0.924  37.199046    11.6724    5.85867      0.916    32.5659    24.7597 -9.990e-29
 228.784120      0.932  37.190362    11.6708    5.84923      0.924    32.5589    24.7546 -9.990e-29
 228.784126      0.944  37.190149    11.6769    5.83506      0.936    32.5533    24.7491 -9.990e-29
 228.784132      0.959  37.199249    11.6846    5.84253      0.951    32.5554    24.7493 -9.990e-29
 228.784138      0.975  37.208485    11.6877    5.84205      0.967    32.5617    24.7536 -9.990e-29
