data/oxygen options/OCNMS/OCNMS1/raw_data/2006/CTD_MB042_092606faed.cnv
* Sea-Bird SBE19 Data File:
* FileName = C:\MOORING_DATA_2006\CTD_MB042_092606.hex
* Software Version 1.1.6
* Temperature SN = 2997
* Conductivity SN = 2997
* System UpLoad Time = Sep 26 2006 12:02:29
* SEACAT PROFILER V3.1c SN 2997   09/26/06  12:03:35.730
* strain gauge pressure sensor: S/N = 184829,  range = 3000 psia,  tc = 40
# nquan = 9                                 
# nvalues = 1904                        
# units = specified
# name 0 = timeJ: Julian Days
# name 1 = prSM: Pressure, Strain Gauge [db]
# name 2 = c0mS/cm: Conductivity [mS/cm]
# name 3 = t090C: Temperature [ITS-90, deg C]
# name 4 = oxML/L: Oxygen, Beckman/YSI [ml/l]
# name 5 = depSM: Depth [salt water, m], lat = 47.5
# name 6 = sal00: Salinity, Practical [PSU]
# name 7 = sigma-é00: Density [sigma-theta, kg/m^3]
# name 8 = flag: flag
# span 0 = 269.470532, 269.481545       
# span 1 =     -4.892,     42.442       
# span 2 =   0.435346,  38.374036       
# span 3 =     8.6202,    15.5584       
# span 4 =   -0.54821,   36.29847       
# span 5 =     -4.851,     42.083       
# span 6 =     0.2605,    33.7482       
# span 7 =    -0.7387,    26.0372       
# span 8 = 0.0000e+00, 0.0000e+00       
# interval = seconds: 0.5
# start_time = Sep 26 2006 11:17:34 [Instrument's time stamp, header]
# bad_flag = -9.990e-29
*END*
[from data line 1281]
 269.477946     21.010  36.290978     9.8288    4.14955     20.834    33.3129    25.6637 -9.990e-29
 269.477951     20.978  36.293424     9.8307    4.14865     20.802    33.3137    25.6640 -9.990e-29
 269.477957     20.961  36.294999     9.8318    4.15209     20.785    33.3143    25.6642 -9.990e-29
 269.477963     20.949  36.295555     9.8324    4.14657     20.773    33.3143    25.6642 -9.990e-29
 269.477969     20.941  36.295833     9.8329    4.14361     20.765    33.3141    25.6639 -9.990e-29
 269.477975     20.946  36.296200     9.8334    4.14057     20.770    33.3140    25.6638 -9.990e-29
 269.477980     20.969  36.296584     9.8340    4.13870     20.793    33.3139    25.6635 -9.990e-29
 269.477986     21.005  36.296933     9.8343    4.15214     20.829    33.3139    25.6635 -9.990e-29
 269.477992     21.050  36.297146     9.8342    4.14586     20.873    33.3142    25.6638 -9.990e-29
 269.477998     21.093  36.296944     9.8340    4.13582     20.916    33.3142    25.6638 -9.990e-29
 269.478003     21.120  36.296618     9.8339    4.14018     20.943    33.3139    25.6636 -9.990e-29
 269.478009     21.123  36.296288     9.8340    4.14000     20.946    33.3135    25.6633 -9.990e-29
 269.478015     21.108  36.296073     9.8340    4.14556     20.931    33.3133    25.6631 -9.990e-29
 269.478021     21.082  36.296245     9.8340    4.13982     20.905    33.3135    25.6632 -9.990e-29
 269.478027     21.051  36.296470     9.8341    4.13230     20.874    33.3136    25.6633 -9.990e-29
 269.478032     21.028  36.296485     9.8339    4.14204     20.851    33.3138    25.6635 -9.990e-29
 269.478038     21.022  36.296306     9.8333    4.13843     20.845    33.3142    25.6639 -9.990e-29
 269.478044     21.034  36.295696     9.8329    4.13932     20.857    33.3139    25.6638 -9.990e-29
 269.478050     21.052  36.294398     9.8327    4.13887     20.875    33.3128    25.6629 -9.990e-29
 269.478056     21.060  36.292920     9.8327    4.13581     20.883    33.3113    25.6617 -9.990e-29
 269.478061     21.050  36.292655     9.8326    4.14764     20.873    33.3111    25.6616 -9.990e-29
 269.478067     21.028  36.293806     9.8325    4.14211     20.851    33.3124    25.6626 -9.990e-29
 269.478073     21.008  36.295100     9.8325    4.13995     20.832    33.3137    25.6637 -9.990e-29
 269.478079     20.996  36.296018     9.8324    4.14530     20.820    33.3147    25.6645 -9.990e-29
 269.478084     21.001  36.296101     9.8319    4.14509     20.825    33.3153    25.6650 -9.990e-29
 269.478090     21.021  36.294895     9.8312    4.13320     20.844    33.3147    25.6647 -9.990e-29
 269.478096     21.047  36.293593     9.8307    4.13630     20.870    33.3138    25.6641 -9.990e-29
 269.478102     21.070  36.293262     9.8311    4.13356     20.893    33.3131    25.6634 -9.990e-29
 269.478108     21.092  36.291775     9.8319    4.14586     20.915    33.3108    25.6615 -9.990e-29
 269.478113     21.107  36.289388     9.8323    4.14488     20.930    33.3080    25.6593 -9.990e-29
 269.478119     21.107  36.290208     9.8325    4.14012     20.930    33.3087    25.6597 -9.990e-29
 269.478125     21.095  36.293082     9.8332    4.15185     20.918    33.3110    25.6614 -9.990e-29
 269.478131     21.080  36.295108     9.8341    4.14742     20.903    33.3122    25.6622 -9.990e-29
 269.478137     21.070  36.296742     9.8347    4.14118     20.893    33.3133    25.6630 -9.990e-29
 269.478142     21.071  36.297917     9.8346    4.13587     20.894    33.3146    25.6640 -9.990e-29
 269.478148     21.090  36.297957     9.8343    4.13073     20.913    33.3149    25.6643 -9.990e-29
 269.478154     21.117  36.296910     9.8340    4.13674     20.940    33.3141    25.6638 -9.990e-29
 269.478160     21.143  36.295622     9.8339    4.14060     20.965    33.3129    25.6628 -9.990e-29
 269.478166     21.159  36.295175     9.8339    4.13291     20.981    33.3124    25.6624 -9.990e-29
 269.478171     21.160  36.295531     9.8338    4.13801     20.982    33.3129    25.6628 -9.990e-29
 269.478177     21.139  36.296040     9.8332    4.13984     20.962    33.3140    25.6638 -9.990e-29
 269.478183     21.110  36.296256     9.8321    4.13401     20.933    33.3152    25.6649 -9.990e-29
 269.478189     21.091  36.295904     9.8305    4.13335     20.914    33.3163    25.6661 -9.990e-29
 269.478194     21.086  36.294514     9.8286    4.12265     20.909    33.3167    25.6666 -9.990e-29
 269.478200     21.090  36.291726     9.8262    4.13081     20.913    33.3161    25.6666 -9.990e-29
 269.478206     21.098  36.288307     9.8238    4.13697     20.921    33.3148    25.6660 -9.990e-29
 269.478212     21.104  36.285676     9.8226    4.13992     20.927    33.3132    25.6649 -9.990e-29
 269.478218     21.102  36.284807     9.8231    4.13329     20.925    33.3119    25.6638 -9.990e-29
 269.478223     21.093  36.285470     9.8244    4.13576     20.916    33.3113    25.6632 -9.990e-29
 269.478229     21.081  36.286861     9.8256    4.13767     20.904    33.3116    25.6632 -9.990e-29
 269.478235     21.073  36.288030     9.8258    4.13941     20.896    33.3127    25.6640 -9.990e-29
 269.478241     21.074  36.288289     9.8244    4.12530     20.897    33.3142    25.6654 -9.990e-29
 269.478247     21.082  36.287418     9.8214    4.11691     20.905    33.3161    25.6674 -9.990e-29
 269.478252     21.100  36.284813     9.8178    4.11682     20.923    33.3168    25.6685 -9.990e-29
 269.478258     21.123  36.280923     9.8147    4.12043     20.946    33.3156    25.6681 -9.990e-29
 269.478264     21.144  36.277286     9.8130    4.12765     20.966    33.3135    25.6667 -9.990e-29
 269.478270     21.157  36.275217     9.8129    4.12861     20.979    33.3115    25.6652 -9.990e-29
 269.478275     21.153  36.275317     9.8134    4.13753     20.975    33.3111    25.6648 -9.990e-29
 269.478281     21.133  36.276033     9.8136    4.13860     20.956    33.3117    25.6652 -9.990e-29
 269.478287     21.103  36.276071     9.8136    4.13132     20.926    33.3117    25.6653 -9.990e-29
 269.478293     21.070  36.276041     9.8137    4.12847     20.893    33.3116    25.6652 -9.990e-29
 269.478299     21.041  36.276458     9.8140    4.13091     20.864    33.3118    25.6652 -9.990e-29
 269.478304     21.018  36.277315     9.8146    4.13553     20.842    33.3121    25.6654 -9.990e-29
 269.478310     21.000  36.278069     9.8152    4.13086     20.824    33.3123    25.6655 -9.990e-29
 269.478316     20.985  36.278598     9.8156    4.12015     20.809    33.3125    25.6655 -9.990e-29
 269.478322     20.978  36.279043     9.8152    4.12299     20.802    33.3133    25.6662 -9.990e-29
 269.478328     20.985  36.278873     9.8142    4.13488     20.809    33.3141    25.6670 -9.990e-29
 269.478333     21.007  36.277855     9.8131    4.13285     20.831    33.3140    25.6672 -9.990e-29
 269.478339     21.033  36.276872     9.8123    4.13260     20.856    33.3138    25.6671 -9.990e-29
 269.478345     21.053  36.276854     9.8124    4.13545     20.876    33.3136    25.6670 -9.990e-29
 269.478351     21.061  36.277209     9.8132    4.12651     20.884    33.3133    25.6665 -9.990e-29
 269.478356     21.065  36.277283     9.8138    4.13002     20.888    33.3128    25.6661 -9.990e-29
 269.478362     21.072  36.277172     9.8136    4.12031     20.895    33.3129    25.6661 -9.990e-29
 269.478368     21.086  36.276727     9.8130    4.12394     20.909    33.3130    25.6663 -9.990e-29
 269.478374     21.106  36.275909     9.8128    4.12946     20.929    33.3123    25.6658 -9.990e-29
 269.478380     21.119  36.275306     9.8133    4.13167     20.942    33.3112    25.6649 -9.990e-29
 269.478385     21.117  36.275793     9.8140    4.12496     20.940    33.3111    25.6647 -9.990e-29
 269.478391     21.104  36.276892     9.8143    4.11952     20.927    33.3119    25.6653 -9.990e-29
 269.478397     21.089  36.277262     9.8137    4.11202     20.912    33.3128    25.6661 -9.990e-29
 269.478403     21.083  36.276270     9.8122    4.11914     20.906    33.3132    25.6667 -9.990e-29
 269.478409     21.094  36.274273     9.8107    4.12505     20.917    33.3126    25.6664 -9.990e-29
 269.478414     21.111  36.272531     9.8103    4.11810     20.934    33.3112    25.6654 -9.990e-29
 269.478420     21.116  36.272082     9.8105    4.12538     20.939    33.3105    25.6648 -9.990e-29
 269.478426     21.112  36.272883     9.8103    4.12385     20.935    33.3115    25.6656 -9.990e-29
 269.478432     21.100  36.273752     9.8095    4.12663     20.923    33.3131    25.6670 -9.990e-29
 269.478437     21.082  36.273602     9.8086    4.12815     20.905    33.3138    25.6677 -9.990e-29
 269.478443     21.059  36.272791     9.8080    4.12443     20.882    33.3136    25.6676 -9.990e-29
 269.478449     21.039  36.272478     9.8084    4.13224     20.862    33.3129    25.6670 -9.990e-29
 269.478455     21.026  36.273361     9.8106    4.13408     20.849    33.3118    25.6658 -9.990e-29
 269.478461     21.017  36.275494     9.8138    4.14385     20.841    33.3110    25.6646 -9.990e-29
 269.478466     21.013  36.278911     9.8171    4.13450     20.837    33.3114    25.6644 -9.990e-29
 269.478472     21.013  36.282556     9.8189    4.13857     20.837    33.3135    25.6658 -9.990e-29
 269.478478     21.018  36.283995     9.8190    4.12969     20.842    33.3149    25.6668 -9.990e-29
 269.478484     21.027  36.283460     9.8189    4.13297     20.850    33.3144    25.6665 -9.990e-29
 269.478490     21.042  36.283599     9.8197    4.13614     20.865    33.3138    25.6659 -9.990e-29
 269.478495     21.063  36.285156     9.8210    4.12600     20.886    33.3142    25.6659 -9.990e-29
 269.478501     21.091  36.285715     9.8215    4.12584     20.914    33.3143    25.6659 -9.990e-29
 269.478507     21.124  36.282650     9.8208    4.12202     20.947    33.3118    25.6641 -9.990e-29
 269.478513     21.156  36.279163     9.8195    4.11540     20.978    33.3094    25.6625 -9.990e-29
 269.478519     21.179  36.278452     9.8180    4.12654     21.001    33.3100    25.6632 -9.990e-29
 269.478524     21.188  36.279004     9.8174    4.13611     21.010    33.3112    25.6642 -9.990e-29
 269.478530     21.178  36.280429     9.8182    4.14026     21.000    33.3119    25.6646 -9.990e-29
 269.478536     21.148  36.282377     9.8198    4.14130     20.970    33.3124    25.6648 -9.990e-29
 269.478542     21.106  36.284640     9.8214    4.13570     20.929    33.3133    25.6652 -9.990e-29
 269.478547     21.069  36.287427     9.8229    4.14759     20.892    33.3147    25.6661 -9.990e-29
 269.478553     21.049  36.289965     9.8244    4.13570     20.872    33.3159    25.6668 -9.990e-29
 269.478559     21.040  36.291148     9.8256    4.13222     20.863    33.3160    25.6666 -9.990e-29
 269.478565     21.037  36.290864     9.8262    4.12004     20.860    33.3152    25.6659 -9.990e-29
 269.478571     21.039  36.290413     9.8261    4.12263     20.862    33.3148    25.6656 -9.990e-29
 269.478576     21.048  36.290313     9.8251    4.13179     20.871    33.3156    25.6664 -9.990e-29
 269.478582     21.063  36.289866     9.8237    4.12521     20.886    33.3165    25.6673 -9.990e-29
 269.478588     21.081  36.289033     9.8231    4.12553     20.904    33.3162    25.6672 -9.990e-29
 269.478594     21.095  36.288382     9.8231    4.13002     20.918    33.3155    25.6666 -9.990e-29
 269.478600     21.098  36.287600     9.8226    4.12711     20.921    33.3152    25.6665 -9.990e-29
 269.478605     21.089  36.286761     9.8217    4.12048     20.912    33.3151    25.6666 -9.990e-29
 269.478611     21.080  36.285866     9.8209    4.12486     20.903    33.3150    25.6666 -9.990e-29
 269.478617     21.075  36.284840     9.8207    4.13240     20.898    33.3141    25.6660 -9.990e-29
 269.478623     21.067  36.284552     9.8210    4.14122     20.890    33.3136    25.6655 -9.990e-29
 269.478628     21.053  36.285176     9.8216    4.12714     20.876    33.3136    25.6654 -9.990e-29
 269.478634     21.041  36.285856     9.8220    4.11847     20.864    33.3140    25.6656 -9.990e-29
 269.478640     21.036  36.285814     9.8217    4.13101     20.859    33.3142    25.6659 -9.990e-29
 269.478646     21.036  36.283869     9.8202    4.12977     20.859    33.3136    25.6656 -9.990e-29
 269.478652     21.042  36.281348     9.8178    4.12745     20.865    33.3132    25.6658 -9.990e-29
 269.478657     21.051  36.281057     9.8165    4.11398     20.874    33.3142    25.6667 -9.990e-29
 269.478663     21.053  36.282040     9.8165    4.11348     20.876    33.3152    25.6675 -9.990e-29
 269.478669     21.049  36.282240     9.8159    4.12157     20.872    33.3159    25.6682 -9.990e-29
 269.478675     21.047  36.280236     9.8134    4.11860     20.870    33.3162    25.6688 -9.990e-29
 269.478681     21.052  36.276155     9.8095    4.11852     20.875    33.3156    25.6690 -9.990e-29
 269.478686     21.059  36.270725     9.8051    4.11469     20.882    33.3141    25.6686 -9.990e-29
 269.478692     21.061  36.265113     9.8021    4.12442     20.884    33.3112    25.6667 -9.990e-29
 269.478698     21.053  36.261928     9.8016    4.13109     20.876    33.3084    25.6646 -9.990e-29
 269.478704     21.039  36.261964     9.8032    4.12276     20.862    33.3070    25.6633 -9.990e-29
 269.478709     21.027  36.264705     9.8061    4.12710     20.850    33.3071    25.6629 -9.990e-29
 269.478715     21.019  36.268754     9.8092    4.13342     20.843    33.3084    25.6634 -9.990e-29
 269.478721     21.017  36.272775     9.8117    4.13641     20.841    33.3101    25.6643 -9.990e-29
 269.478727     21.019  36.276519     9.8135    4.13100     20.843    33.3123    25.6657 -9.990e-29
 269.478733     21.026  36.279363     9.8147    4.12241     20.849    33.3141    25.6669 -9.990e-29
 269.478738     21.038  36.280609     9.8155    4.12719     20.861    33.3146    25.6672 -9.990e-29
 269.478744     21.057  36.280233     9.8157    4.12217     20.880    33.3140    25.6667 -9.990e-29
 269.478750     21.082  36.277729     9.8151    4.12480     20.905    33.3120    25.6653 -9.990e-29
 269.478756     21.107  36.275364     9.8147    4.12168     20.930    33.3100    25.6637 -9.990e-29
 269.478762     21.117  36.276712     9.8149    4.12825     20.940    33.3112    25.6646 -9.990e-29
 269.478767     21.108  36.279075     9.8150    4.12582     20.931    33.3135    25.6664 -9.990e-29
 269.478773     21.092  36.279992     9.8147    4.12520     20.915    33.3147    25.6674 -9.990e-29
 269.478779     21.081  36.280121     9.8146    4.11576     20.904    33.3149    25.6676 -9.990e-29
 269.478785     21.074  36.279632     9.8149    4.11951     20.897    33.3142    25.6670 -9.990e-29
 269.478791     21.067  36.278990     9.8153    4.13335     20.890    33.3131    25.6661 -9.990e-29
 269.478796     21.060  36.279017     9.8164    4.12964     20.883    33.3122    25.6651 -9.990e-29
 269.478802     21.051  36.280868     9.8182    4.13735     20.874    33.3124    25.6650 -9.990e-29
 269.478808     21.040  36.283081     9.8195    4.13331     20.863    33.3134    25.6656 -9.990e-29
 269.478814     21.027  36.283555     9.8193    4.13109     20.850    33.3141    25.6662 -9.990e-29
 269.478819     21.015  36.282919     9.8172    4.12493     20.839    33.3154    25.6676 -9.990e-29
 269.478825     21.007  36.280880     9.8135    4.11858     20.831    33.3168    25.6692 -9.990e-29
 269.478831     21.003  36.279205     9.8105    4.11858     20.827    33.3178    25.6705 -9.990e-29
 269.478837     20.999  36.279021     9.8093    4.12868     20.823    33.3188    25.6715 -9.990e-29
 269.478843     20.985  36.277273     9.8092    4.13429     20.809    33.3171    25.6702 -9.990e-29
 269.478848     20.957  36.275552     9.8091    4.12671     20.781    33.3154    25.6689 -9.990e-29
 269.478854     20.912  36.275482     9.8092    4.12315     20.736    33.3153    25.6688 -9.990e-29
 269.478860     20.848  36.275286     9.8101    4.12695     20.673    33.3143    25.6678 -9.990e-29
