data/oxygen options/OCNMS/OCNMS1/raw_data/2006/CTD_CE015_100206faed.cnv
* Sea-Bird SBE19 Data File:
* FileName = C:\MOORING_DATA_2006\CTD_CE015_100206.hex
* Software Version 1.1.6
* Temperature SN = 2997
* Conductivity SN = 2997
* System UpLoad Time = Oct 02 2006 13:38:36
* SEACAT PROFILER V3.1c SN 2997   10/02/06  13:39:48.671
* strain gauge pressure sensor: S/N = 184829,  range = 3000 psia,  tc = 40
# nquan = 9                                 
# nvalues = 1384                        
# units = specified
# name 0 = timeJ: Julian Days
# name 1 = prSM: Pressure, Strain Gauge [db]
# name 2 = c0mS/cm: Conductivity [mS/cm]
# name 3 = t090C: Temperature [ITS-90, deg C]
# name 4 = oxML/L: Oxygen, Beckman/YSI [ml/l]
# name 5 = depSM: Depth [salt water, m], lat = 47.5
# name 6 = sal00: Salinity, Practical [PSU]
# name 7 = sigma-é00: Density [sigma-theta, kg/m^3]
# name 8 = flag: flag
# span 0 = 275.559097, 275.567101       
# span 1 =     -5.141,     12.369       
# span 2 =   0.254242,  38.008212       
# span 3 =     9.0504,    13.3309       
# span 4 =  -12.83072,   35.86048       
# span 5 =     -5.098,     12.265       
# span 6 =     0.1580,    33.5501       
# span 7 =    -0.5399,    25.9723       
# span 8 = 0.0000e+00, 0.0000e+00       
# interval = seconds: 0.5
# start_time = Oct 02 2006 13:25:06 [Instrument's time stamp, header]
# bad_flag = -9.990e-29
*END*
 275.559097     -5.141 -9.990e-29    13.1812   -0.07145     -5.098 -9.990e-29 -9.990e-29 -9.990e-29
 275.559103     -5.132   0.254737    13.1692   -0.07142     -5.089     0.1585    -0.5192 -9.990e-29
 275.559109     -5.121   0.254737    13.1594   -0.07140     -5.078     0.1586    -0.5179 -9.990e-29
 275.559115     -5.106   0.254737    13.1520   -0.07137     -5.063     0.1586    -0.5169 -9.990e-29
 275.559120     -5.088   0.254737    13.1451   -0.07132     -5.046     0.1586    -0.5160 -9.990e-29
 275.559126     -5.064   0.254737    13.1366   -0.07126     -5.022     0.1586    -0.5149 -9.990e-29
 275.559132     -5.037   0.254737    13.1274   -0.07124     -4.995     0.1587    -0.5136 -9.990e-29
 275.559138     -5.010   0.254737    13.1225   -0.07124     -4.968     0.1587    -0.5130 -9.990e-29
 275.559144     -4.982   0.254737    13.1244   -0.07125     -4.940     0.1587    -0.5132 -9.990e-29
 275.559149     -4.954   0.254737    13.1318   -0.07126     -4.913     0.1587    -0.5142 -9.990e-29
 275.559155     -4.929   0.254737    13.1430   -0.07126     -4.888     0.1586    -0.5157 -9.990e-29
 275.559161     -4.906   0.254737    13.1566   -0.07126     -4.865     0.1586    -0.5175 -9.990e-29
 275.559167     -4.884   0.254737    13.1730   -0.07126     -4.843     0.1585    -0.5197 -9.990e-29
 275.559172     -4.860   0.254737    13.1927   -0.07124     -4.819     0.1584    -0.5223 -9.990e-29
 275.559178     -4.833   0.254736    13.2120   -0.07124     -4.793     0.1584    -0.5248 -9.990e-29
 275.559184     -4.802   0.254736    13.2250   -0.07127     -4.762     0.1583    -0.5265 -9.990e-29
 275.559190     -4.769   0.254735    13.2297   -0.07128     -4.729     0.1583    -0.5272 -9.990e-29
 275.559196     -4.740   0.254732    13.2289   -0.07129     -4.700     0.1583    -0.5271 -9.990e-29
 275.559201     -4.714   0.254723    13.2266   -0.07128     -4.675     0.1583    -0.5268 -9.990e-29
 275.559207     -4.688   0.254697    13.2252   -0.07126     -4.649     0.1583    -0.5266 -9.990e-29
 275.559213     -4.666   0.254619    13.2253   -0.07122     -4.627     0.1582    -0.5266 -9.990e-29
 275.559219     -4.641   0.254386    13.2274   -0.07117     -4.602     0.1581    -0.5270 -9.990e-29
 275.559225     -4.618   0.254242    13.2297   -0.07111     -4.580     0.1580    -0.5274 -9.990e-29
 275.559230     -4.601   0.254549    13.2280   -0.07106     -4.563     0.1582    -0.5270 -9.990e-29
 275.559236     -4.587   0.255162    13.2225   -0.07103     -4.549     0.1586    -0.5260 -9.990e-29
 275.559242     -4.570   0.255790    13.2179   -0.07104     -4.532     0.1590    -0.5251 -9.990e-29
 275.559248     -4.548   0.256160    13.2170   -0.07109     -4.510     0.1592    -0.5248 -9.990e-29
 275.559253     -4.526   0.256210    13.2210   -0.07110     -4.488     0.1593    -0.5253 -9.990e-29
 275.559259     -4.505   0.256007    13.2321   -0.07111     -4.467     0.1591    -0.5269 -9.990e-29
 275.559265     -4.481   0.255837    13.2509   -0.07111     -4.444     0.1589    -0.5294 -9.990e-29
 275.559271     -4.451   0.256027    13.2748   -0.07114     -4.414     0.1589    -0.5325 -9.990e-29
 275.559277     -4.417   0.256275    13.2998   -0.07117     -4.380     0.1590    -0.5358 -9.990e-29
 275.559282     -4.379   0.256359    13.3204   -0.07123     -4.342     0.1590    -0.5385 -9.990e-29
 275.559288     -4.342   0.256389    13.3309   -0.07127     -4.306     0.1590    -0.5399 -9.990e-29
 275.559294     -4.312   0.256407    13.3293   -0.07129     -4.276     0.1590    -0.5396 -9.990e-29
 275.559300     -4.282   0.256438    13.3200   -0.07130     -4.246     0.1590    -0.5384 -9.990e-29
 275.559306     -4.252   0.256523    13.3106   -0.07131     -4.217     0.1591    -0.5371 -9.990e-29
 275.559311     -4.223   0.256775    13.3039   -0.07131     -4.188     0.1593    -0.5361 -9.990e-29
 275.559317     -4.194   0.256974    13.2967   -0.07130     -4.159     0.1594    -0.5350 -9.990e-29
 275.559323     -4.167   0.256830    13.2849   -0.07131     -4.132     0.1594    -0.5335 -9.990e-29
 275.559329     -4.145   0.256706    13.2677   -0.07132     -4.110     0.1594    -0.5313 -9.990e-29
 275.559334     -4.125   0.256994    13.2478   -0.07131     -4.091     0.1596    -0.5285 -9.990e-29
 275.559340     -4.108   0.257521    13.2300   -0.07132     -4.074     0.1600    -0.5258 -9.990e-29
 275.559346     -4.091   0.257881    13.2174   -0.07131     -4.057     0.1603    -0.5240 -9.990e-29
 275.559352     -4.074   0.258001    13.2095   -0.07132     -4.040     0.1604    -0.5229 -9.990e-29
 275.559358     -4.056   0.258042    13.2051   -0.07133     -4.022     0.1605    -0.5223 -9.990e-29
 275.559363     -4.035   0.258057    13.2035   -0.07134     -4.001     0.1605    -0.5221 -9.990e-29
 275.559369     -4.011   0.258067    13.2032   -0.07134     -3.978     0.1605    -0.5220 -9.990e-29
 275.559375     -3.981   0.258083    13.2024   -0.07132     -3.948     0.1605    -0.5219 -9.990e-29
 275.559381     -3.944   0.258129    13.2011   -0.07130     -3.911     0.1605    -0.5217 -9.990e-29
 275.559387     -3.901   0.258265    13.2003   -0.07127     -3.868     0.1606    -0.5215 -9.990e-29
 275.559392     -3.860   0.258674    13.2001   -0.07124     -3.828     0.1609    -0.5213 -9.990e-29
 275.559398     -3.820   0.259347    13.1997   -0.07127     -3.788     0.1613    -0.5209 -9.990e-29
 275.559404     -3.780   0.260073    13.1977   -0.07130     -3.748     0.1618    -0.5203 -9.990e-29
 275.559410     -3.741   0.260710    13.1942   -0.07132     -3.710     0.1622    -0.5195 -9.990e-29
 275.559416     -3.705   0.260998    13.1922   -0.07134     -3.674     0.1624    -0.5191 -9.990e-29
 275.559421     -3.670   0.260766    13.1943   -0.07137     -3.639     0.1622    -0.5195 -9.990e-29
 275.559427     -3.638   0.260258    13.2014   -0.07138     -3.608     0.1619    -0.5207 -9.990e-29
 275.559433     -3.611   0.259908    13.2117   -0.07138     -3.581     0.1616    -0.5222 -9.990e-29
 275.559439     -3.588   0.259803    13.2218   -0.07143     -3.558     0.1615    -0.5236 -9.990e-29
 275.559444     -3.566   0.259804    13.2261   -0.07145     -3.536     0.1615    -0.5242 -9.990e-29
 275.559450     -3.545   0.259913    13.2212   -0.07146     -3.515     0.1616    -0.5235 -9.990e-29
 275.559456     -3.528   0.260274    13.2106   -0.07146     -3.499     0.1619    -0.5219 -9.990e-29
 275.559462     -3.517   0.260816    13.1989   -0.07145     -3.488     0.1622    -0.5201 -9.990e-29
 275.559468     -3.509   0.261150    13.1877   -0.07143     -3.480     0.1625    -0.5184 -9.990e-29
 275.559473     -3.497   0.261168    13.1777   -0.07140     -3.468     0.1626    -0.5171 -9.990e-29
 275.559479     -3.481   0.260894    13.1694   -0.07136     -3.452     0.1624    -0.5161 -9.990e-29
 275.559485     -3.461   0.260517    13.1604   -0.07130     -3.432     0.1622    -0.5151 -9.990e-29
 275.559491     -3.439   0.260643    13.1486   -0.07125     -3.410     0.1623    -0.5135 -9.990e-29
 275.559497     -3.422   0.261441    13.1380   -0.07128     -3.393     0.1629    -0.5117 -9.990e-29
 275.559502     -3.413   0.262311    13.1324   -0.07131     -3.385     0.1635    -0.5105 -9.990e-29
 275.559508     -3.408   0.262750    13.1321   -0.07133     -3.380     0.1637    -0.5103 -9.990e-29
 275.559514     -3.403   0.262788    13.1373   -0.07135     -3.375     0.1637    -0.5110 -9.990e-29
 275.559520     -3.391   0.262478    13.1483   -0.07137     -3.363     0.1635    -0.5126 -9.990e-29
 275.559525     -3.370   0.261959    13.1640   -0.07139     -3.342     0.1631    -0.5149 -9.990e-29
 275.559531     -3.345   0.261649    13.1835   -0.07140     -3.317     0.1628    -0.5176 -9.990e-29
 275.559537     -3.324   0.261691    13.2037   -0.07143     -3.296     0.1628    -0.5203 -9.990e-29
 275.559543     -3.305   0.262139    13.2160   -0.07145     -3.277     0.1630    -0.5217 -9.990e-29
 275.559549     -3.287   0.263036    13.2150   -0.07147     -3.260     0.1636    -0.5211 -9.990e-29
 275.559554     -3.269   0.263915    13.2065   -0.07148     -3.242     0.1642    -0.5196 -9.990e-29
 275.559560     -3.250   0.264283    13.1967   -0.07152     -3.223     0.1644    -0.5181 -9.990e-29
 275.559566     -3.233   0.264077    13.1864   -0.07152     -3.206     0.1644    -0.5168 -9.990e-29
 275.559572     -3.222   0.263579    13.1756   -0.07152     -3.195     0.1641    -0.5156 -9.990e-29
 275.559578     -3.210   0.263232    13.1654   -0.07150     -3.183     0.1639    -0.5144 -9.990e-29
 275.559583     -3.193   0.263128    13.1560   -0.07151     -3.166     0.1639    -0.5133 -9.990e-29
 275.559589     -3.171   0.263131    13.1458   -0.07158     -3.145     0.1639    -0.5119 -9.990e-29
 275.559595     -3.146   0.263242    13.1354   -0.07158     -3.120     0.1640    -0.5105 -9.990e-29
 275.559601     -3.124   0.263610    13.1257   -0.07158     -3.098     0.1643    -0.5090 -9.990e-29
 275.559606     -3.105   0.264173    13.1160   -0.07163     -3.079     0.1647    -0.5075 -9.990e-29
 275.559612     -3.082   0.264570    13.1072   -0.07120     -3.056     0.1650    -0.5061 -9.990e-29
 275.559618     -3.060   0.264778    13.1024   -0.07110     -3.034     0.1651    -0.5054 -9.990e-29
 275.559624     -3.036   0.265073    13.1015   -0.07122     -3.011     0.1653    -0.5051 -9.990e-29
 275.559630     -3.009   0.265850    13.0999   -0.07132     -2.984     0.1658    -0.5045 -9.990e-29
 275.559635     -2.981   0.267589    13.0916   -0.07135     -2.956     0.1670    -0.5026 -9.990e-29
 275.559641     -2.946   0.271500    13.0778   -0.05988     -2.921     0.1695    -0.4988 -9.990e-29
 275.559647     -2.903   0.280580    13.0657   -0.05920     -2.879     0.1753    -0.4927 -9.990e-29
 275.559653     -2.857   0.302498    13.0531   -0.05943     -2.833     0.1894    -0.4802 -9.990e-29
 275.559659     -2.809   0.358715    13.0345   -0.05949     -2.786     0.2255    -0.4496 -9.990e-29
 275.559664     -2.760   0.507551    13.0106   -0.05954     -2.737     0.3225    -0.3710 -9.990e-29
 275.559670     -2.713   0.921940    12.9842   -0.05966     -2.690     0.5996    -0.1519 -9.990e-29
 275.559676     -2.654   1.627272    12.9585   -0.05970     -2.632     1.0875     0.2304 -9.990e-29
 275.559682     -2.577   2.363110    12.9339   -0.05965     -2.556     1.6118     0.6405 -9.990e-29
 275.559688     -2.488   3.318018    12.9012   -0.05958     -2.467     2.3102     1.1859 -9.990e-29
 275.559693     -2.396   5.796311    12.8246   -0.05955     -2.376     4.1924     2.6518 -9.990e-29
 275.559699     -2.299  13.319482    12.6897   -0.05952     -2.280    10.2952     7.3784 -9.990e-29
 275.559705     -2.190  24.980480    12.5550   -0.05948     -2.172    20.4939    15.2615 -9.990e-29
 275.559711     -2.067  33.299445    12.4671   -0.05947     -2.050    28.1945    21.2259 -9.990e-29
 275.559716     -1.935  36.389603    12.4075   -0.05955     -1.919    31.1602    23.5329 -9.990e-29
 275.559722     -1.794  37.404083    12.3552   -0.05964     -1.779    32.1724    24.3272 -9.990e-29
 275.559728     -1.639  37.723563    12.3230   -0.05975     -1.625    32.5063    24.5921 -9.990e-29
 275.559734     -1.483  37.837410    12.3262   -0.05982     -1.471    32.6126    24.6740 -9.990e-29
 275.559740     -1.340  37.910308    12.3526   -0.05984     -1.329    32.6595    24.7054 -9.990e-29
 275.559745     -1.214  37.960332    12.3816   -0.05988     -1.204    32.6822    24.7174 -9.990e-29
 275.559751     -1.106  37.980115    12.4036   -0.05985     -1.097    32.6819    24.7130 -9.990e-29
 275.559757     -1.014  37.982572    12.4141   -0.05980     -1.006    32.6751    24.7057 -9.990e-29
 275.559763     -0.935  37.989499    12.4038   -0.05974     -0.927    32.6907    24.7198 -9.990e-29
 275.559769     -0.869  38.003962    12.3688   -0.05968     -0.862    32.7350    24.7608 -9.990e-29
 275.559774     -0.813  38.008212    12.3181   -0.05965     -0.806    32.7834    24.8080 -9.990e-29
 275.559780     -0.761  37.989398    12.2642   -0.05963     -0.755    32.8125    24.8408 -9.990e-29
 275.559786     -0.712  37.949355    12.2202   -0.05968     -0.706    32.8125    24.8491 -9.990e-29
 275.559792     -0.665  37.909867    12.1952   -0.05971     -0.659    32.7964    24.8414 -9.990e-29
 275.559797     -0.623  37.887282    12.1878   -0.05968     -0.618    32.7811    24.8309 -9.990e-29
 275.559803     -0.583  37.869428    12.1984   -0.05971     -0.578    32.7546    24.8083 -9.990e-29
 275.559809     -0.542  37.857744    12.2278   -0.05976     -0.537    32.7176    24.7741 -9.990e-29
 275.559815     -0.502  37.863577    12.2660   -0.05976     -0.498    32.6898    24.7453 -9.990e-29
 275.559821     -0.474  37.872076    12.2985   -0.05976     -0.470    32.6696    24.7235 -9.990e-29
 275.559826     -0.463  37.875501    12.3135   -0.05976     -0.459    32.6598    24.7130 -9.990e-29
 275.559832     -0.461  37.884427    12.3082   -0.05975     -0.457    32.6730    24.7243 -9.990e-29
 275.559838     -0.459  37.910225    12.2930   -0.05976     -0.455    32.7111    24.7567 -9.990e-29
 275.559844     -0.456  37.944487    12.2840   -0.05977     -0.452    32.7519    24.7900 -9.990e-29
 275.559850     -0.450  37.959978    12.2832   -0.05981     -0.446    32.7675    24.8022 -9.990e-29
 275.559855     -0.434  37.947633    12.2743   -0.05981     -0.430    32.7634    24.8008 -9.990e-29
 275.559861     -0.408  37.919065    12.2535   -0.05984     -0.405    32.7541    24.7975 -9.990e-29
 275.559867     -0.378  37.899610    12.2362   -0.05983     -0.375    32.7505    24.7980 -9.990e-29
 275.559873     -0.356  37.911601    12.2337   -0.05979     -0.353    32.7642    24.8091 -9.990e-29
 275.559878     -0.340  37.937940    12.2432   -0.05980     -0.337    32.7812    24.8205 -9.990e-29
 275.559884     -0.325  37.938016    12.2513   -0.05982     -0.322    32.7742    24.8135 -9.990e-29
 275.559890     -0.306  37.905220    12.2450   -0.05982     -0.303    32.7482    24.7945 -9.990e-29
 275.559896     -0.282  37.873278    12.2258   -0.05981     -0.280    32.7342    24.7873 -9.990e-29
 275.559902     -0.254  37.873127    12.2073   -0.05981     -0.252    32.7503    24.8033 -9.990e-29
 275.559907     -0.222  37.896731    12.1990   -0.05979     -0.220    32.7802    24.8281 -9.990e-29
 275.559913     -0.192  37.912177    12.2016   -0.05979     -0.190    32.7928    24.8374 -9.990e-29
 275.559919     -0.167  37.900802    12.2084   -0.05980     -0.166    32.7759    24.8230 -9.990e-29
 275.559925     -0.139  37.872146    12.2116   -0.05982     -0.138    32.7455    24.7988 -9.990e-29
 275.559931     -0.113  37.864891    12.2116   -0.05982     -0.112    32.7385    24.7934 -9.990e-29
 275.559936     -0.091  37.883415    12.2122   -0.05983     -0.090    32.7558    24.8067 -9.990e-29
 275.559942     -0.070  37.886231    12.2113   -0.05984     -0.069    32.7593    24.8095 -9.990e-29
 275.559948     -0.051  37.870945    12.2084   -0.05983     -0.051    32.7471    24.8006 -9.990e-29
 275.559954     -0.031  37.871621    12.2113   -0.05983     -0.031    32.7452    24.7986 -9.990e-29
 275.559959     -0.014  37.890303    12.2219   -0.05982     -0.014    32.7539    24.8034 -9.990e-29
 275.559965     -0.007  37.895815    12.2302   -0.05981     -0.007    32.7519    24.8003 -9.990e-29
 275.559971     -0.010  37.875890    12.2286   -0.05980     -0.010    32.7342    24.7868 -9.990e-29
 275.559977     -0.014  37.848312    12.2177   -0.05980     -0.014    32.7172    24.7757 -9.990e-29
 275.559983     -0.015  37.833564    12.2042   -0.05979     -0.015    32.7148    24.7764 -9.990e-29
 275.559988     -0.014  37.845106    12.1962   -0.05981     -0.014    32.7329    24.7919 -9.990e-29
 275.559994     -0.010  37.871416    12.1934   -0.05984     -0.010    32.7607    24.8140 -9.990e-29
 275.560000     -0.003  37.881948    12.1931   -0.05991     -0.003    32.7711    24.8221 -9.990e-29
 275.560006      0.008  37.881227    12.1982   -0.05991      0.008    32.7659    24.8172 -9.990e-29
 275.560012      0.022  37.887389    12.2085   -0.05986      0.022    32.7628    24.8128 -9.990e-29
 275.560017      0.041  37.884546    12.2165   -0.05983      0.041    32.7531    24.8037 -9.990e-29
