data/oxygen options/OCNMS/OCNMS1/raw_data/2006/CTD_CA042_081606faed.cnv
* Sea-Bird SBE19 Data File:
* FileName = C:\MOORING_DATA_2006\CTD_CA042_081606.hex
* Software Version 1.1.6
* Temperature SN = 2997
* Conductivity SN = 2997
* System UpLoad Time = Aug 16 2006 18:24:01
* SEACAT PROFILER V3.1c SN 2997   08/16/06  18:23:46.822
* strain gauge pressure sensor: S/N = 184829,  range = 3000 psia,  tc = 40
# nquan = 9                                 
# nvalues = 2986                        
# units = specified
# name 0 = timeJ: Julian Days
# name 1 = prSM: Pressure, Strain Gauge [db]
# name 2 = c0mS/cm: Conductivity [mS/cm]
# name 3 = t090C: Temperature [ITS-90, deg C]
# name 4 = oxML/L: Oxygen, Beckman/YSI [ml/l]
# name 5 = depSM: Depth [salt water, m], lat = 47.5
# name 6 = sal00: Salinity, Practical [PSU]
# name 7 = sigma-é00: Density [sigma-theta, kg/m^3]
# name 8 = flag: flag
# span 0 = 228.725417, 228.742691       
# span 1 =     -5.227,     43.189       
# span 2 =   0.261243,  38.111893       
# span 3 =     7.8540,    13.4942       
# span 4 =  -12.41188,   35.11822       
# span 5 =     -5.183,     42.824       
# span 6 =     0.1615,    33.6923       
# span 7 =    -0.5589,    26.2678       
# span 8 = 0.0000e+00, 0.0000e+00       
# interval = seconds: 0.5
# start_time = Aug 16 2006 17:24:36 [Instrument's time stamp, header]
# bad_flag = -9.990e-29
*END*
[from data line 2241]
 228.738385      5.206  36.878804    11.3208    5.56236      5.162    32.5604    24.8193 -9.990e-29
 228.738391      5.222  36.882582    11.3213    5.57048      5.178    32.5637    24.8218 -9.990e-29
 228.738397      5.231  36.884387    11.3119    5.61640      5.187    32.5737    24.8313 -9.990e-29
 228.738403      5.235  36.878213    11.2938    5.64431      5.191    32.5837    24.8422 -9.990e-29
 228.738409      5.228  36.866487    11.2810    5.66265      5.184    32.5835    24.8444 -9.990e-29
 228.738414      5.206  36.861062    11.2882    5.67376      5.162    32.5718    24.8340 -9.990e-29
 228.738420      5.173  36.867600    11.3184    5.67262      5.130    32.5515    24.8128 -9.990e-29
 228.738426      5.133  36.883599    11.3586    5.65823      5.090    32.5318    24.7903 -9.990e-29
 228.738432      5.099  36.907397    11.3935    5.63147      5.056    32.5244    24.7782 -9.990e-29
 228.738438      5.079  36.932029    11.4148    5.60420      5.037    32.5298    24.7786 -9.990e-29
 228.738443      5.078  36.942108    11.4149    5.58350      5.036    32.5396    24.7862 -9.990e-29
 228.738449      5.092  36.928641    11.3969    5.57883      5.049    32.5423    24.7915 -9.990e-29
 228.738455      5.111  36.905652    11.3723    5.57112      5.068    32.5414    24.7952 -9.990e-29
 228.738461      5.134  36.890729    11.3457    5.56844      5.091    32.5502    24.8069 -9.990e-29
 228.738466      5.157  36.880802    11.3193    5.57013      5.114    32.5637    24.8221 -9.990e-29
 228.738472      5.174  36.870485    11.3016    5.58488      5.131    32.5692    24.8296 -9.990e-29
 228.738478      5.181  36.864528    11.2981    5.59485      5.138    32.5664    24.8281 -9.990e-29
 228.738484      5.178  36.866203    11.3015    5.59035      5.135    32.5651    24.8264 -9.990e-29
 228.738490      5.170  36.871010    11.3007    5.58750      5.127    32.5705    24.8308 -9.990e-29
 228.738495      5.165  36.873020    11.2964    5.58870      5.122    32.5763    24.8360 -9.990e-29
 228.738501      5.163  36.873235    11.2962    5.60526      5.120    32.5767    24.8364 -9.990e-29
 228.738507      5.158  36.875868    11.3027    5.61746      5.115    32.5735    24.8328 -9.990e-29
 228.738513      5.156  36.881627    11.3099    5.62518      5.113    32.5728    24.8309 -9.990e-29
 228.738519      5.160  36.884728    11.3104    5.63776      5.117    32.5754    24.8328 -9.990e-29
 228.738524      5.166  36.880335    11.3067    5.66068      5.123    32.5744    24.8327 -9.990e-29
 228.738530      5.165  36.876056    11.3092    5.66375      5.122    32.5680    24.8273 -9.990e-29
 228.738536      5.155  36.880772    11.3219    5.66479      5.112    32.5614    24.8199 -9.990e-29
 228.738542      5.138  36.891235    11.3398    5.64259      5.095    32.5559    24.8124 -9.990e-29
 228.738547      5.122  36.900641    11.3556    5.62084      5.079    32.5512    24.8059 -9.990e-29
 228.738553      5.109  36.909196    11.3683    5.61145      5.066    32.5484    24.8014 -9.990e-29
 228.738559      5.104  36.919900    11.3806    5.59920      5.061    32.5480    24.7989 -9.990e-29
 228.738565      5.115  36.926274    11.3858    5.57867      5.072    32.5497    24.7993 -9.990e-29
 228.738571      5.138  36.915504    11.3733    5.57283      5.095    32.5502    24.8019 -9.990e-29
 228.738576      5.157  36.892307    11.3469    5.56781      5.114    32.5507    24.8070 -9.990e-29
 228.738582      5.166  36.874557    11.3224    5.56771      5.123    32.5548    24.8147 -9.990e-29
 228.738588      5.164  36.867194    11.3133    5.59930      5.121    32.5556    24.8169 -9.990e-29
 228.738594      5.151  36.866565    11.3183    5.60159      5.108    32.5506    24.8121 -9.990e-29
 228.738600      5.128  36.869583    11.3246    5.59404      5.085    32.5480    24.8090 -9.990e-29
 228.738605      5.092  36.873541    11.3276    5.59095      5.049    32.5493    24.8094 -9.990e-29
 228.738611      5.041  36.877551    11.3317    5.60364      4.999    32.5496    24.8090 -9.990e-29
 228.738617      4.976  36.882474    11.3365    5.64113      4.934    32.5503    24.8086 -9.990e-29
 228.738623      4.901  36.889267    11.3396    5.68139      4.860    32.5542    24.8111 -9.990e-29
 228.738628      4.816  36.896896    11.3438    5.73656      4.776    32.5580    24.8133 -9.990e-29
 228.738634      4.716  36.904878    11.3538    5.80743      4.677    32.5571    24.8108 -9.990e-29
 228.738640      4.590  36.914881    11.3789    5.92629      4.552    32.5448    24.7967 0.0000e+00
 228.738646      4.421  36.929031    11.4285    6.03438      4.384    32.5151    24.7647 0.0000e+00
 228.738652      4.203  36.952748    11.5019    6.16185      4.168    32.4739    24.7194 0.0000e+00
 228.738657      3.953  36.993566    11.5895    6.29835      3.920    32.4371    24.6748 0.0000e+00
 228.738663      3.692  37.052095    11.6796    6.43225      3.661    32.4154    24.6416 0.0000e+00
 228.738669      3.429  37.118347    11.7859    6.52401      3.400    32.3871    24.6001 0.0000e+00
 228.738675      3.166  37.186462    11.9373    6.54547      3.140    32.3216    24.5213 0.0000e+00
 228.738681      2.902  37.263718    12.1168    6.53197      2.878    32.2409    24.4253 0.0000e+00
 228.738686      2.638  37.351629    12.2686    6.45381      2.616    32.1948    24.3610 0.0000e+00
 228.738692      2.378  37.451343    12.3713    6.38888      2.358    32.2021    24.3473 0.0000e+00
 228.738698      2.136  37.566290    12.4494    6.32009      2.118    32.2451    24.3658 0.0000e+00
 228.738704      1.923  37.671391    12.5113    6.28657      1.907    32.2923    24.3906 0.0000e+00
 228.738709      1.732  37.726181    12.5398    7.34447      1.718    32.3202    24.4067 0.0000e+00
 228.738715      1.556  37.724650    12.5419    7.34774      1.543    32.3170    24.4038 0.0000e+00
 228.738721      1.398  37.701260    12.5392    7.21469      1.386    32.2971    24.3889 0.0000e+00
 228.738727      1.263  37.680396    12.5322    7.14563      1.252    32.2833    24.3795 -9.990e-29
 228.738733      1.157  37.657828    12.5169    7.12392      1.147    32.2749    24.3760 -9.990e-29
 228.738738      1.076  37.618078    12.4929    7.09640      1.067    32.2576    24.3672 -9.990e-29
 228.738744      1.012  37.522197    12.4616    7.18308      1.004    32.1930    24.3230 -9.990e-29
 228.738750      0.956  37.259196    12.4330    7.27015      0.948    31.9664    24.1528 -9.990e-29
 228.738756      0.909  36.490772    12.4137    7.30729      0.901    31.2502    23.6016 -9.990e-29
 228.738762      0.871  34.205844    12.4019    7.29904      0.864    29.0952    21.9349 -9.990e-29
 228.738767      0.841  27.396011    12.3944    7.24492      0.834    22.7762    17.0505 -9.990e-29
 228.738773      0.817  16.860128    12.3883    7.17934      0.810    13.4008     9.8173 -9.990e-29
 228.738779      0.797   9.247908    12.3820    7.09401      0.790     7.0005     4.8804 -9.990e-29
 228.738785      0.780   6.149251    12.3754    7.00337      0.773     4.5189     2.9636 -9.990e-29
 228.738791      0.765   4.712066    12.3688    6.95620      0.759     3.4014     2.0996 -9.990e-29
 228.738796      0.751   4.105144    12.3624    6.88512      0.745     2.9374     1.7410 -9.990e-29
 228.738802      0.737   3.945597    12.3561    6.84779      0.731     2.8166     1.6482 -9.990e-29
 228.738808      0.726   3.626662    12.3497    6.82568      0.720     2.5758     1.4623 -9.990e-29
 228.738814      0.722   3.205454    12.3434    6.80396      0.716     2.2599     1.2181 -9.990e-29
 228.738819      0.721   3.001056    12.3374    6.84077      0.715     2.1078     1.1008 -9.990e-29
 228.738825      0.718   2.984823    12.3323    6.87166      0.712     2.0960     1.0923 -9.990e-29
 228.738831      0.712   2.943477    12.3288    6.92062      0.706     2.0655     1.0690 -9.990e-29
 228.738837      0.705   2.737450    12.3270    6.99848      0.699     1.9129     0.9508 -9.990e-29
 228.738843      0.694   2.479718    12.3260    7.06721      0.688     1.7231     0.8035 -9.990e-29
 228.738848      0.684   2.279830    12.3252    7.10830      0.678     1.5768     0.6900 -9.990e-29
 228.738854      0.678   2.182204    12.3251    7.09563      0.672     1.5056     0.6347 -9.990e-29
 228.738860      0.672   2.224892    12.3268    7.04471      0.666     1.5366     0.6586 -9.990e-29
 228.738866      0.661   2.289931    12.3306   -3.47302      0.655     1.5839     0.6949 -9.990e-29
 228.738872      0.648   2.300265    12.3357  -11.04479      0.643     1.5913     0.7000 -9.990e-29
 228.738877      0.642   2.290774    12.3410  -12.41188      0.637     1.5841     0.6937 -9.990e-29
 228.738883      0.646   2.302108    12.3460   -9.50878      0.641     1.5922     0.6994 -9.990e-29
 228.738889      0.655   2.335499    12.3495   -2.38699      0.650     1.6164     0.7178 -9.990e-29
 228.738895      0.663   2.292212    12.3503   -0.38434      0.657     1.5848     0.6931 -9.990e-29
 228.738900      0.666   2.128411    12.3481   -0.17665      0.660     1.4656     0.6008 -9.990e-29
 228.738906      0.667   1.924404    12.3433   -0.10842      0.661     1.3182     0.4868 -9.990e-29
 228.738912      0.671   1.734625    12.3376   -0.08469      0.665     1.1819     0.3816 -9.990e-29
 228.738918      0.679   1.562487    12.3339   -0.07282      0.673     1.0591     0.2865 -9.990e-29
 228.738924      0.691   1.434890    12.3338   -0.07283      0.685     0.9685     0.2160 -9.990e-29
 228.738929      0.704   1.367071    12.3361   -0.07284      0.698     0.9205     0.1784 -9.990e-29
 228.738935      0.713   1.337973    12.3394   -0.07285      0.707     0.8999     0.1619 -9.990e-29
 228.738941      0.720   1.326002    12.3426   -0.07288      0.714     0.8914     0.1549 -9.990e-29
 228.738947      0.725   1.311314    12.3447   -0.07290      0.719     0.8810     0.1466 -9.990e-29
 228.738953      0.728   1.279875    12.3443   -0.07292      0.722     0.8589     0.1294 -9.990e-29
 228.738958      0.730   1.235824    12.3416   -0.07294      0.724     0.8280     0.1057 -9.990e-29
 228.738964      0.731   1.192006    12.3379   -0.07294      0.725     0.7974     0.0823 -9.990e-29
 228.738970      0.731   1.155474    12.3338   -0.07293      0.725     0.7719     0.0630 -9.990e-29
 228.738976      0.729   1.128567    12.3292   -0.07293      0.723     0.7532     0.0490 -9.990e-29
 228.738981      0.725   1.113140    12.3243   -0.07292      0.719     0.7426     0.0412 -9.990e-29
 228.738987      0.720   1.105269    12.3195   -0.07292      0.714     0.7372     0.0376 -9.990e-29
 228.738993      0.718   1.094459    12.3148   -0.07292      0.712     0.7297     0.0324 -9.990e-29
 228.738999      0.722   1.072956    12.3102   -0.07291      0.716     0.7148     0.0213 -9.990e-29
 228.739005      0.728   1.040386    12.3063   -0.07292      0.722     0.6923     0.0042 -9.990e-29
 228.739010      0.733   1.002701    12.3046   -0.07293      0.727     0.6661    -0.0160 -9.990e-29
 228.739016      0.737   0.967909    12.3065   -0.07294      0.731     0.6420    -0.0350 -9.990e-29
 228.739022      0.739   0.939554    12.3108   -0.07295      0.733     0.6223    -0.0508 -9.990e-29
 228.739028      0.741   0.916446    12.3152   -0.07297      0.735     0.6063    -0.0639 -9.990e-29
 228.739034      0.743   0.897732    12.3189   -0.07299      0.737     0.5933    -0.0744 -9.990e-29
 228.739039      0.744   0.883978    12.3218   -0.07300      0.738     0.5838    -0.0822 -9.990e-29
 228.739045      0.744   0.873490    12.3243   -0.07301      0.738     0.5766    -0.0881 -9.990e-29
 228.739051      0.744   0.863380    12.3258   -0.07302      0.738     0.5696    -0.0937 -9.990e-29
 228.739057      0.744   0.853482    12.3252   -0.07303      0.738     0.5628    -0.0990 -9.990e-29
 228.739062      0.743   0.845022    12.3228   -0.07304      0.737     0.5570    -0.1032 -9.990e-29
 228.739068      0.742   0.836707    12.3196   -0.07303      0.736     0.5513    -0.1072 -9.990e-29
 228.739074      0.740   0.824662    12.3156   -0.07303      0.734     0.5431    -0.1131 -9.990e-29
 228.739080      0.737   0.806695    12.3105   -0.07304      0.731     0.5309    -0.1221 -9.990e-29
 228.739086      0.734   0.786031    12.3050   -0.07305      0.728     0.5168    -0.1324 -9.990e-29
 228.739091      0.729   0.769511    12.2998   -0.07307      0.723     0.5056    -0.1405 -9.990e-29
 228.739097      0.723   0.760073    12.2958   -0.07308      0.717     0.4992    -0.1450 -9.990e-29
 228.739103      0.715   0.754007    12.2932   -0.07307      0.709     0.4951    -0.1479 -9.990e-29
 228.739109      0.705   0.745446    12.2916   -0.07308      0.699     0.4893    -0.1523 -9.990e-29
 228.739115      0.696   0.731295    12.2907   -0.07308      0.690     0.4796    -0.1597 -9.990e-29
 228.739120      0.688   0.715984    12.2900   -0.07309      0.682     0.4692    -0.1677 -9.990e-29
 228.739126      0.676   0.707389    12.2888   -0.07309      0.670     0.4634    -0.1721 -9.990e-29
 228.739132      0.664   0.705143    12.2870   -0.07310      0.658     0.4619    -0.1731 -9.990e-29
 228.739138      0.654   0.701259    12.2844   -0.07311      0.649     0.4593    -0.1748 -9.990e-29
 228.739144      0.651   0.690560    12.2813   -0.07311      0.646     0.4520    -0.1801 -9.990e-29
 228.739149      0.655   0.674310    12.2784   -0.07312      0.650     0.4410    -0.1883 -9.990e-29
 228.739155      0.657   0.659133    12.2758   -0.07311      0.652     0.4307    -0.1960 -9.990e-29
 228.739161      0.657   0.652525    12.2738   -0.07312      0.652     0.4263    -0.1993 -9.990e-29
 228.739167      0.660   0.653996    12.2728   -0.07312      0.654     0.4273    -0.1984 -9.990e-29
 228.739172      0.665   0.655525    12.2724   -0.07309      0.659     0.4283    -0.1975 -9.990e-29
 228.739178      0.673   0.651386    12.2723   -0.07307      0.667     0.4255    -0.1997 -9.990e-29
 228.739184      0.681   0.641054    12.2715   -0.07306      0.675     0.4185    -0.2051 -9.990e-29
 228.739190      0.685   0.626283    12.2699   -0.07305      0.679     0.4085    -0.2127 -9.990e-29
 228.739196      0.684   0.610672    12.2683   -0.07304      0.678     0.3980    -0.2207 -9.990e-29
 228.739201      0.679   0.598366    12.2673   -0.07305      0.673     0.3897    -0.2270 -9.990e-29
 228.739207      0.669   0.591261    12.2673   -0.07306      0.663     0.3849    -0.2308 -9.990e-29
 228.739213      0.659   0.587648    12.2687   -0.07307      0.653     0.3825    -0.2329 -9.990e-29
 228.739219      0.651   0.583821    12.2725   -0.07306      0.646     0.3798    -0.2354 -9.990e-29
 228.739225      0.645   0.579113    12.2789   -0.07305      0.640     0.3766    -0.2386 -9.990e-29
 228.739230      0.645   0.577785    12.2848   -0.07304      0.640     0.3757    -0.2401 -9.990e-29
 228.739236      0.656   0.584723    12.2877   -0.07304      0.651     0.3803    -0.2368 -9.990e-29
 228.739242      0.673   0.601415    12.2886   -0.07304      0.667     0.3916    -0.2281 -9.990e-29
 228.739248      0.689   0.625157    12.2887   -0.07302      0.683     0.4076    -0.2156 -9.990e-29
 228.739253      0.702   0.647673    12.2880   -0.07299      0.696     0.4228    -0.2037 -9.990e-29
 228.739259      0.712   0.657939    12.2868   -0.07295      0.706     0.4298    -0.1981 -9.990e-29
 228.739265      0.719   0.652450    12.2869   -0.07295      0.713     0.4261    -0.2010 -9.990e-29
 228.739271      0.724   0.639419    12.2889   -0.07297      0.718     0.4172    -0.2081 -9.990e-29
 228.739277      0.727   0.629204    12.2917   -0.07298      0.721     0.4103    -0.2139 -9.990e-29
 228.739282      0.729   0.625935    12.2944   -0.07299      0.723     0.4081    -0.2159 -9.990e-29
 228.739288      0.729   0.629135    12.2972   -0.07300      0.723     0.4102    -0.2146 -9.990e-29
 228.739294      0.728   0.635305    12.3009   -0.07301      0.722     0.4143    -0.2118 -9.990e-29
 228.739300      0.725   0.640471    12.3073   -0.07302      0.719     0.4177    -0.2099 -9.990e-29
