data/oxygen options/OCNMS/OCNMS1/raw_data/2006/CTD_CE042_082506faedb.cnv
* Sea-Bird SBE19 Data File:
* FileName = C:\MOORING_DATA_2006\CTD_CE042_082506.hex
* Software Version 1.1.6
* Temperature SN = 2997
* Conductivity SN = 2997
* System UpLoad Time = Sep 25 2006 14:26:30
* SEACAT PROFILER V3.1c SN 2997   09/25/06  14:27:37.462
* strain gauge pressure sensor: S/N = 184829,  range = 3000 psia,  tc = 40
# nquan = 9
# nvalues = 48                          
# units = specified
# name 0 = timeJ: Julian Days
# name 1 = prSM: Pressure, Strain Gauge [db]
# name 2 = c0mS/cm: Conductivity [mS/cm]
# name 3 = t090C: Temperature [ITS-90, deg C]
# name 4 = oxML/L: Oxygen, Beckman/YSI [ml/l]
# name 5 = depSM: Depth [salt water, m], lat = 47.5
# name 6 = sal00: Salinity, Practical [PSU]
# name 7 = sigma-é00: Density [sigma-theta, kg/m^3]
# name 8 = flag: flag
# span 0 = 268.581210, 268.582064       
# span 1 =      2.000,     49.000       
# span 2 =  34.872931,  37.722831       
# span 3 =     7.7261,    14.1777       
# span 4 =    0.32779,    7.28120       
# span 5 =      1.984,     48.585       
# span 6 =    30.3867,    33.8058       
# span 7 =    22.5890,    26.3765       
# span 8 = 0.0000e+00, 0.0000e+00       
# interval = decibars: 1                
# start_time = Sep 25 2006 13:54:21 [Instrument's time stamp, header]
# bad_flag = -9.990e-29
*END*
 268.581210      2.000  37.097715    14.1777    7.28120      1.984    30.3867    22.5890 0.0000e+00
 268.581234      3.000  37.022429    13.4702    6.77718      2.975    30.8827    23.1137 0.0000e+00
 268.581252      4.000  37.203235    12.6598    6.61790      3.966    31.7192    23.9183 0.0000e+00
 268.581268      5.000  37.337523    12.2552    6.02418      4.958    32.1919    24.3613 0.0000e+00
 268.581285      6.000  37.475686    12.0455    5.42805      5.950    32.5059    24.6442 0.0000e+00
 268.581301      7.000  37.629332    11.8979    4.87405      6.941    32.7834    24.8871 0.0000e+00
 268.581318      8.000  37.722831    11.7328    4.75126      7.933    33.0201    25.1015 0.0000e+00
 268.581333      9.000  37.696507    11.5312    4.85403      8.925    33.1739    25.2581 0.0000e+00
 268.581348     10.000  37.511490    11.3156    4.85026      9.916    33.1852    25.3062 0.0000e+00
 268.581363     11.000  37.404660    11.1986    4.77647     10.908    33.1849    25.3270 0.0000e+00
 268.581379     12.000  37.359383    11.1284    4.66856     11.900    33.2030    25.3538 0.0000e+00
 268.581397     13.000  37.306772    11.0460    4.57251     12.891    33.2250    25.3855 0.0000e+00
 268.581414     14.000  37.249023    10.9431    4.46246     13.883    33.2605    25.4315 0.0000e+00
 268.581431     15.000  37.194190    10.8770    4.13319     14.874    33.2655    25.4471 0.0000e+00
 268.581447     16.000  37.145920    10.7402    3.70768     15.866    33.3415    25.5304 0.0000e+00
 268.581463     17.000  36.991597    10.5149    3.42941     16.858    33.3925    25.6094 0.0000e+00
 268.581479     18.000  36.876896    10.3605    3.20183     17.849    33.4183    25.6562 0.0000e+00
 268.581496     19.000  36.764713    10.1892    3.03530     18.841    33.4625    25.7198 0.0000e+00
 268.581512     20.000  36.564433     9.9710    2.87274     19.832    33.4605    25.7552 0.0000e+00
 268.581529     21.000  36.375486     9.8096    2.87652     20.824    33.4171    25.7483 0.0000e+00
 268.581546     22.000  36.096154     9.3676    2.92143     21.816    33.5419    25.9181 0.0000e+00
 268.581561     23.000  35.751329     9.0205    2.96504     22.807    33.5100    25.9486 0.0000e+00
 268.581575     24.000  35.612477     8.9089    3.00281     23.798    33.4699    25.9348 0.0000e+00
 268.581592     25.000  35.520614     8.8260    3.00164     24.790    33.4516    25.9334 0.0000e+00
 268.581610     26.000  35.488568     8.7944    2.89031     25.781    33.4474    25.9350 0.0000e+00
 268.581628     27.000  35.465043     8.7217    2.72376     26.773    33.4909    25.9804 0.0000e+00
 268.581644     28.000  35.339219     8.5439    2.01643     27.764    33.5266    26.0357 0.0000e+00
 268.581659     29.000  35.278503     8.4510    1.28485     28.756    33.5505    26.0685 0.0000e+00
 268.581673     30.000  35.335145     8.4408    1.16006     29.747    33.6196    26.1244 0.0000e+00
 268.581690     31.000  35.328198     8.4192    1.17909     30.739    33.6325    26.1377 0.0000e+00
 268.581707     32.000  35.286842     8.3765    1.16780     31.730    33.6290    26.1414 0.0000e+00
 268.581725     33.000  35.264527     8.3521    1.08735     32.722    33.6282    26.1446 0.0000e+00
 268.581743     34.000  35.241036     8.2975    1.01821     33.713    33.6550    26.1738 0.0000e+00
 268.581759     35.000  35.202511     8.2309    0.98338     34.705    33.6775    26.2014 0.0000e+00
 268.581775     36.000  35.167576     8.1809    0.94017     35.696    33.6878    26.2171 0.0000e+00
 268.581792     37.000  35.134983     8.1561    0.88864     36.688    33.6764    26.2118 0.0000e+00
 268.581810     38.000  35.104250     8.1056    0.83170     37.679    33.6917    26.2313 0.0000e+00
 268.581828     39.000  35.067594     8.0521    0.76133     38.671    33.7036    26.2486 0.0000e+00
 268.581846     40.000  35.031135     7.9806    0.65503     39.662    33.7331    26.2823 0.0000e+00
 268.581865     41.000  34.990575     7.9122    0.46452     40.654    33.7552    26.3097 0.0000e+00
 268.581882     42.000  34.910289     7.7728    0.35291     41.646    33.8034    26.3679 0.0000e+00
 268.581897     43.000  34.881230     7.7388    0.34931     42.636    33.8047    26.3739 0.0000e+00
 268.581914     44.000  34.875604     7.7326    0.35250     43.628    33.8041    26.3743 0.0000e+00
 268.581933     45.000  34.875124     7.7340    0.34954     44.620    33.8018    26.3723 0.0000e+00
 268.581955     46.000  34.880419     7.7384    0.34920     45.611    33.8027    26.3725 0.0000e+00
 268.581976     47.000  34.874768     7.7285    0.32779     46.602    33.8058    26.3763 0.0000e+00
 268.581994     48.000  34.872931     7.7261    0.33139     47.594    33.8057    26.3765 0.0000e+00
 268.582064     49.000  34.879400     7.7330    0.32832     48.585    33.8055    26.3755 0.0000e+00
