data/oxygen options/OCNMS/OCNMS1/raw_data/2006/CTD_CE015_100306faed.cnv
* Sea-Bird SBE19 Data File:
* FileName = C:\MOORING_DATA_2006\CTD_CE015_100306.hex
* Software Version 1.1.6
* Temperature SN = 2997
* Conductivity SN = 2997
* System UpLoad Time = Oct 03 2006 11:08:21
* SEACAT PROFILER V3.1c SN 2997   10/03/06  11:09:38.358
* strain gauge pressure sensor: S/N = 184829,  range = 3000 psia,  tc = 40
# nquan = 9                                 
# nvalues = 1723                        
# units = specified
# name 0 = timeJ: Julian Days
# name 1 = prSM: Pressure, Strain Gauge [db]
# name 2 = c0mS/cm: Conductivity [mS/cm]
# name 3 = t090C: Temperature [ITS-90, deg C]
# name 4 = oxML/L: Oxygen, Beckman/YSI [ml/l]
# name 5 = depSM: Depth [salt water, m], lat = 47.5
# name 6 = sal00: Salinity, Practical [PSU]
# name 7 = sigma-é00: Density [sigma-theta, kg/m^3]
# name 8 = flag: flag
# span 0 = 276.452685, 276.462650       
# span 1 =     -2.141,     17.113       
# span 2 =   0.534732,  37.574683       
# span 3 =     9.5578,    12.0285       
# span 4 =  -17.68559,   44.81933       
# span 5 =     -2.123,     16.969       
# span 6 =     0.3606,    33.3927       
# span 7 =    -0.0892,    25.7627       
# span 8 = 0.0000e+00, 0.0000e+00       
# interval = seconds: 0.5
# start_time = Oct 03 2006 10:51:52 [Instrument's time stamp, header]
# bad_flag = -9.990e-29
*END*
[from data line 321]
 276.454543      0.172   1.936763    11.9474   -0.07334      0.171     1.3410     0.5518 -9.990e-29
 276.454549      0.182   1.957084    11.9572   -0.07322      0.180     1.3555     0.5619 -9.990e-29
 276.454554      0.189   2.040662    11.9519   -0.07324      0.187     1.4167     0.6102 -9.990e-29
 276.454560      0.196   2.121834    11.9305   -0.07329      0.194     1.4770     0.6596 -9.990e-29
 276.454566      0.201   2.178908    11.9022   -0.07325      0.199     1.5201     0.6965 -9.990e-29
 276.454572      0.205   2.220241    11.8778   -0.07325      0.203     1.5515     0.7238 -9.990e-29
 276.454578      0.209   2.263742    11.8655   -0.07320      0.207     1.5842     0.7506 -9.990e-29
 276.454583      0.213   2.283011    11.8678   -0.07307      0.211     1.5983     0.7613 -9.990e-29
 276.454589      0.216   2.233217    11.8806   -0.07308      0.214     1.5610     0.7308 -9.990e-29
 276.454595      0.220   2.127927    11.8982   -0.07308      0.218     1.4828     0.6679 -9.990e-29
 276.454601      0.224   2.078274    11.9166   -0.07315      0.222     1.4456     0.6368 -9.990e-29
 276.454606      0.225   2.149643    11.9339   -0.07320      0.223     1.4973     0.6750 -9.990e-29
 276.454612      0.218   2.224538    11.9519   -0.07322      0.216     1.5517     0.7152 -9.990e-29
 276.454618      0.207   2.187384    11.9736   -0.07327      0.205     1.5235     0.6907 -9.990e-29
 276.454624      0.200   2.083040    11.9975   -0.07325      0.198     1.4460     0.6276 -9.990e-29
 276.454630      0.201   1.983376    12.0183   -0.07314      0.199     1.3724     0.5680 -9.990e-29
 276.454635      0.205   1.917070    12.0285   -0.07307      0.203     1.3238     0.5289 -9.990e-29
 276.454641      0.208   1.931729    12.0251   -0.07319      0.206     1.3346     0.5377 -9.990e-29
 276.454647      0.211   2.022470    12.0125   -0.07329      0.209     1.4012     0.5910 -9.990e-29
 276.454653      0.214   2.108749    11.9962   -0.07329      0.212     1.4649     0.6425 -9.990e-29
 276.454659      0.217   2.150153    11.9823   -0.07330      0.215     1.4958     0.6682 -9.990e-29
 276.454664      0.221   2.150804    11.9757   -0.07328      0.219     1.4965     0.6695 -9.990e-29
 276.454670      0.225   2.121562    11.9796   -0.07319      0.223     1.4749     0.6522 -9.990e-29
 276.454676      0.230   2.071191    11.9930   -0.07308      0.228     1.4375     0.6216 -9.990e-29
 276.454682      0.235   2.008037    12.0051   -0.07317      0.233     1.3909     0.5839 -9.990e-29
 276.454687      0.242   1.982808    12.0014   -0.07327      0.240     1.3726     0.5701 -9.990e-29
 276.454693      0.251   2.034039    11.9813   -0.07332      0.249     1.4108     0.6021 -9.990e-29
 276.454699      0.263   2.097900    11.9626   -0.07334      0.261     1.4582     0.6413 -9.990e-29
 276.454705      0.273   2.102418    11.9603   -0.07318      0.271     1.4616     0.6442 -9.990e-29
 276.454711      0.278   2.061944    11.9713   -0.07309      0.276     1.4316     0.6195 -9.990e-29
 276.454716      0.279   1.999689    11.9840   -0.07317      0.277     1.3856     0.5822 -9.990e-29
 276.454722      0.276   1.933692    11.9901   -0.07333      0.274     1.3373     0.5439 -9.990e-29
 276.454728      0.272   1.934178    11.9870   -0.07344      0.270     1.3377     0.5446 -9.990e-29
 276.454734      0.273   2.038992    11.9773   -0.07339      0.271     1.4146     0.6056 -9.990e-29
 276.454740      0.272   2.146373    11.9688   -0.07334      0.270     1.4935     0.6680 -9.990e-29
 276.454745      0.272   2.136322    11.9687   -0.07328      0.270     1.4862     0.6623 -9.990e-29
 276.454751      0.279   2.034308    11.9762   -0.07316      0.277     1.4112     0.6030 -9.990e-29
 276.454757      0.291   1.933621    11.9842   -0.07316      0.289     1.3374     0.5447 -9.990e-29
 276.454763      0.298   1.923747    11.9862   -0.07322      0.296     1.3302     0.5388 -9.990e-29
 276.454769      0.307   2.025935    11.9769   -0.07331      0.304     1.4050     0.5982 -9.990e-29
 276.454774      0.318   2.103837    11.9592   -0.07332      0.315     1.4627     0.6451 -9.990e-29
 276.454780      0.327   2.050906    11.9475   -0.07325      0.324     1.4244     0.6167 -9.990e-29
 276.454786      0.334   1.922049    11.9494   -0.07322      0.331     1.3302     0.5432 -9.990e-29
 276.454792      0.341   1.821382    11.9591   -0.07333      0.338     1.2566     0.4848 -9.990e-29
 276.454797      0.347   1.806163    11.9694   -0.07346      0.344     1.2453     0.4747 -9.990e-29
 276.454803      0.349   1.859158    11.9762   -0.07354      0.346     1.2835     0.5037 -9.990e-29
 276.454809      0.346   1.957025    11.9791   -0.07356      0.343     1.3546     0.5587 -9.990e-29
 276.454815      0.348   2.061197    11.9804   -0.07355      0.345     1.4307     0.6177 -9.990e-29
 276.454821      0.354   2.082057    11.9814   -0.07343      0.351     1.4459     0.6295 -9.990e-29
 276.454826      0.357   1.992452    11.9805   -0.07336      0.354     1.3804     0.5786 -9.990e-29
 276.454832      0.356   1.873332    11.9724   -0.07341      0.353     1.2939     0.5123 -9.990e-29
 276.454838      0.359   1.837900    11.9550   -0.07349      0.356     1.2688     0.4947 -9.990e-29
 276.454844      0.367   1.911078    11.9337   -0.07351      0.364     1.3228     0.5392 -9.990e-29
 276.454850      0.373   1.977257    11.9161   -0.07352      0.370     1.3717     0.5794 -9.990e-29
 276.454855      0.371   1.927032    11.9034   -0.07354      0.368     1.3355     0.5526 -9.990e-29
 276.454861      0.363   1.792255    11.8941   -0.07360      0.360     1.2376     0.4776 -9.990e-29
 276.454867      0.351   1.683565    11.8909   -0.07369      0.348     1.1589     0.4166 -9.990e-29
 276.454873      0.344   1.665869    11.8933   -0.07374      0.341     1.1461     0.4063 -9.990e-29
 276.454878      0.345   1.739996    11.8943   -0.07374      0.342     1.1997     0.4480 -9.990e-29
 276.454884      0.355   1.864894    11.8893   -0.07375      0.352     1.2906     0.5194 -9.990e-29
 276.454890      0.369   1.953395    11.8806   -0.07381      0.366     1.3555     0.5709 -9.990e-29
 276.454896      0.380   1.949180    11.8711   -0.07389      0.377     1.3528     0.5699 -9.990e-29
 276.454902      0.385   1.894373    11.8591   -0.07392      0.382     1.3132     0.5404 -9.990e-29
 276.454907      0.388   1.857464    11.8422   -0.07388      0.385     1.2868     0.5219 -9.990e-29
 276.454913      0.394   1.853639    11.8220   -0.07383      0.391     1.2847     0.5226 -9.990e-29
 276.454919      0.398   1.853370    11.8020   -0.07375      0.395     1.2852     0.5252 -9.990e-29
 276.454925      0.397   1.820765    11.7832   -0.07376      0.394     1.2621     0.5094 -9.990e-29
 276.454931      0.395   1.767306    11.7641   -0.07368      0.392     1.2237     0.4817 -9.990e-29
 276.454936      0.396   1.749946    11.7438   -0.07360      0.393     1.2117     0.4747 -9.990e-29
 276.454942      0.396   1.784950    11.7262   -0.07361      0.393     1.2378     0.4970 -9.990e-29
 276.454948      0.395   1.820177    11.7165   -0.07366      0.392     1.2639     0.5184 -9.990e-29
 276.454954      0.396   1.798229    11.7155   -0.07376      0.393     1.2479     0.5060 -9.990e-29
 276.454959      0.401   1.729251    11.7211   -0.07387      0.398     1.1974     0.4661 -9.990e-29
 276.454965      0.409   1.683920    11.7294   -0.07387      0.406     1.1641     0.4392 -9.990e-29
 276.454971      0.416   1.702823    11.7356   -0.07378      0.413     1.1777     0.4491 -9.990e-29
 276.454977      0.420   1.774527    11.7403   -0.07367      0.416     1.2298     0.4891 -9.990e-29
 276.454983      0.419   1.866957    11.7486   -0.07369      0.416     1.2970     0.5405 -9.990e-29
 276.454988      0.415   1.956797    11.7595   -0.07381      0.412     1.3624     0.5902 -9.990e-29
 276.454994      0.410   2.041137    11.7646   -0.07389      0.407     1.4241     0.6377 -9.990e-29
 276.455000      0.410   2.084744    11.7581   -0.07381      0.407     1.4565     0.6636 -9.990e-29
 276.455006      0.413   2.057476    11.7436   -0.07377      0.410     1.4369     0.6501 -9.990e-29
 276.455012      0.421   1.981274    11.7306   -0.07371      0.417     1.3814     0.6083 -9.990e-29
 276.455017      0.428   1.881676    11.7264   -0.07379      0.424     1.3085     0.5520 -9.990e-29
 276.455023      0.433   1.804093    11.7296   -0.07386      0.429     1.2517     0.5074 -9.990e-29
 276.455029      0.434   1.811066    11.7314   -0.07385      0.430     1.2567     0.5111 -9.990e-29
 276.455035      0.437   1.903007    11.7265   -0.07381      0.433     1.3241     0.5642 -9.990e-29
 276.455041      0.445   2.002646    11.7192   -0.07375      0.441     1.3975     0.6222 -9.990e-29
 276.455046      0.456   2.014648    11.7172   -0.07379      0.452     1.4064     0.6293 -9.990e-29
 276.455052      0.464   1.929474    11.7218   -0.07370      0.460     1.3437     0.5800 -9.990e-29
 276.455058      0.472   1.853411    11.7270   -0.07376      0.468     1.2878     0.5358 -9.990e-29
 276.455064      0.479   1.858254    11.7258   -0.07390      0.475     1.2914     0.5388 -9.990e-29
 276.455069      0.485   1.908827    11.7186   -0.07389      0.481     1.3287     0.5686 -9.990e-29
 276.455075      0.492   1.941539    11.7138   -0.07399      0.488     1.3528     0.5880 -9.990e-29
 276.455081      0.500   1.912837    11.7162   -0.07403      0.496     1.3317     0.5713 -9.990e-29
 276.455087      0.508   1.854404    11.7218   -0.07412      0.504     1.2887     0.5371 -9.990e-29
 276.455093      0.514   1.831562    11.7205   -0.07418      0.510     1.2720     0.5243 -9.990e-29
 276.455098      0.514   1.860486    11.7071   -0.07320      0.510     1.2937     0.5427 -9.990e-29
 276.455104      0.511   1.933106    11.6896   -0.06103      0.507     1.3475     0.5866 -9.990e-29
 276.455110      0.510   2.055197    11.6764   -0.06107      0.506     1.4378     0.6584 -9.990e-29
 276.455116      0.511   2.165783    11.6645   -0.06111      0.507     1.5200     0.7238 -9.990e-29
 276.455122      0.514   2.144121    11.6481   -0.06112      0.510     1.5046     0.7137 -9.990e-29
 276.455127      0.523   2.047395    11.6272   -0.06111      0.519     1.4339     0.6610 -9.990e-29
 276.455133      0.543   2.012600    11.6039   -0.06110      0.538     1.4091     0.6443 -9.990e-29
 276.455139      0.571   2.078295    11.5787   -0.06110      0.566     1.4586     0.6857 -9.990e-29
 276.455145      0.605   2.370379    11.5513   -0.06109      0.600     1.6770     0.8588 -9.990e-29
 276.455150      0.647   3.340472    11.5143   -0.06109      0.642     2.4135     1.4361 -9.990e-29
 276.455156      0.700   6.349760    11.4604   -0.06110      0.694     4.7922     3.2893 -9.990e-29
 276.455162      0.766  14.521106    11.4028   -0.06109      0.760    11.6991     8.6435 -9.990e-29
 276.455168      0.850  26.033836    11.3623   -0.06110      0.843    22.1381    16.7263 -9.990e-29
 276.455174      0.953  33.544954    11.3441   -0.06110      0.945    29.2927    22.2765 -9.990e-29
 276.455179      1.069  36.080954    11.3410   -0.06108      1.060    31.7624    24.1953 -9.990e-29
 276.455185      1.188  36.933918    11.3421   -0.06107      1.178    32.5974    24.8442 -9.990e-29
 276.455191      1.301  37.223701    11.3414   -0.06108      1.290    32.8827    25.0661 -9.990e-29
 276.455197      1.401  37.325981    11.3399   -0.06108      1.389    32.9846    25.1456 -9.990e-29
 276.455203      1.492  37.369801    11.3394   -0.06108      1.480    33.0281    25.1795 -9.990e-29
 276.455208      1.578  37.396719    11.3412   -0.06109      1.565    33.0529    25.1985 -9.990e-29
 276.455214      1.661  37.410606    11.3452   -0.06109      1.647    33.0630    25.2056 -9.990e-29
 276.455220      1.733  37.408620    11.3484   -0.06109      1.719    33.0581    25.2012 -9.990e-29
 276.455226      1.787  37.396489    11.3485   -0.06109      1.772    33.0461    25.1918 -9.990e-29
 276.455231      1.825  37.386054    11.3465   -0.06109      1.810    33.0376    25.1856 -9.990e-29
 276.455237      1.859  37.393660    11.3453   -0.06110      1.843    33.0461    25.1925 -9.990e-29
 276.455243      1.895  37.419874    11.3469   -0.06109      1.879    33.0705    25.2111 -9.990e-29
 276.455249      1.931  37.437336    11.3500   -0.06110      1.915    33.0849    25.2217 -9.990e-29
 276.455255      1.960  37.429453    11.3507   -0.06110      1.944    33.0765    25.2151 -9.990e-29
 276.455260      1.981  37.412046    11.3478   -0.06110      1.964    33.0619    25.2043 -9.990e-29
 276.455266      1.999  37.404508    11.3443   -0.06108      1.982    33.0577    25.2016 -9.990e-29
 276.455272      2.019  37.407973    11.3425   -0.06110      2.002    33.0627    25.2058 -9.990e-29
 276.455278      2.038  37.413557    11.3425   -0.06111      2.021    33.0682    25.2101 -9.990e-29
 276.455284      2.054  37.415762    11.3427   -0.06112      2.037    33.0701    25.2116 -9.990e-29
 276.455289      2.066  37.413002    11.3406   -0.06110      2.049    33.0693    25.2113 -9.990e-29
 276.455295      2.077  37.408292    11.3362   -0.06109      2.060    33.0686    25.2116 -9.990e-29
 276.455301      2.087  37.412144    11.3337   -0.06111      2.070    33.0746    25.2167 -9.990e-29
 276.455307      2.096  37.425729    11.3356   -0.06111      2.078    33.0863    25.2254 -9.990e-29
 276.455312      2.104  37.429533    11.3381   -0.06110      2.086    33.0878    25.2262 -9.990e-29
 276.455318      2.114  37.417927    11.3388   -0.06109      2.096    33.0757    25.2167 -9.990e-29
 276.455324      2.124  37.413552    11.3392   -0.06109      2.106    33.0711    25.2130 -9.990e-29
 276.455330      2.132  37.418394    11.3396   -0.06110      2.114    33.0755    25.2163 -9.990e-29
 276.455336      2.133  37.410817    11.3383   -0.06110      2.115    33.0692    25.2117 -9.990e-29
 276.455341      2.133  37.394145    11.3355   -0.06111      2.115    33.0553    25.2014 -9.990e-29
 276.455347      2.134  37.392116    11.3340   -0.06111      2.116    33.0546    25.2011 -9.990e-29
 276.455353      2.139  37.409843    11.3347   -0.06110      2.121    33.0714    25.2141 -9.990e-29
 276.455359      2.141  37.422673    11.3358   -0.06110      2.123    33.0831    25.2229 -9.990e-29
 276.455365      2.137  37.415694    11.3352   -0.06111      2.119    33.0768    25.2181 -9.990e-29
 276.455370      2.132  37.409860    11.3337   -0.06111      2.114    33.0724    25.2150 -9.990e-29
 276.455376      2.129  37.419798    11.3334   -0.06110      2.111    33.0824    25.2228 -9.990e-29
 276.455382      2.129  37.431228    11.3343   -0.06110      2.111    33.0929    25.2308 -9.990e-29
 276.455388      2.130  37.430738    11.3352   -0.06111      2.112    33.0916    25.2296 -9.990e-29
 276.455394      2.133  37.420441    11.3348   -0.06112      2.115    33.0818    25.2221 -9.990e-29
 276.455399      2.138  37.409015    11.3326   -0.06112      2.120    33.0725    25.2153 -9.990e-29
 276.455405      2.142  37.405313    11.3297   -0.06110      2.124    33.0715    25.2150 -9.990e-29
 276.455411      2.140  37.413338    11.3288   -0.06111      2.122    33.0802    25.2219 -9.990e-29
 276.455417      2.137  37.424673    11.3306   -0.06111      2.119    33.0897    25.2290 -9.990e-29
 276.455422      2.136  37.424658    11.3316   -0.06112      2.118    33.0888    25.2281 -9.990e-29
 276.455428      2.142  37.414918    11.3295   -0.06111      2.124    33.0811    25.2225 -9.990e-29
 276.455434      2.159  37.413849    11.3273   -0.06111      2.141    33.0820    25.2236 -9.990e-29
 276.455440      2.181  37.425038    11.3273   -0.06111      2.163    33.0930    25.2322 -9.990e-29
 276.455446      2.195  37.430261    11.3282   -0.06111      2.177    33.0973    25.2354 -9.990e-29
 276.455451      2.202  37.420174    11.3289   -0.06112      2.184    33.0868    25.2270 -9.990e-29
 276.455457      2.211  37.406539    11.3282   -0.06112      2.193    33.0740    25.2172 -9.990e-29
