data/oxygen options/OCNMS/OCNMS1/raw_data/2006/CTD_CA015_070706_CASTfaed.cnv
* Sea-Bird SBE19 Data File:
* FileName = C:\MOORING_DATA_2006\CTD_CA015_070706_CAST.hex
* Software Version 1.1.8
* Temperature SN = 2997
* Conductivity SN = 2997
* System UpLoad Time = Jul 07 2006 15:26:56
* SEACAT PROFILER V3.1c SN 2997   07/07/06  15:26:00.777
* strain gauge pressure sensor: S/N = 184829,  range = 3000 psia,  tc = 40
# nquan = 9                                 
# nvalues = 1868                        
# units = specified
# name 0 = timeJ: Julian Days
# name 1 = prSM: Pressure, Strain Gauge [db]
# name 2 = c0mS/cm: Conductivity [mS/cm]
# name 3 = t090C: Temperature [ITS-90, deg C]
# name 4 = oxML/L: Oxygen, Beckman/YSI [ml/l]
# name 5 = depSM: Depth [salt water, m], lat = 47.5
# name 6 = sal00: Salinity, Practical [PSU]
# name 7 = sigma-é00: Density [sigma-theta, kg/m^3]
# name 8 = flag: flag
# span 0 = 188.632072, 188.642876       
# span 1 =     -4.497,     10.842       
# span 2 =   0.249671,  37.891894       
# span 3 =     8.4812,    16.2201       
# span 4 =  -13.51130,   39.66105       
# span 5 =     -4.460,     10.751       
# span 6 =     0.1448,    33.1728       
# span 7 =    -0.9755,    25.7601       
# span 8 = 0.0000e+00, 0.0000e+00       
# interval = seconds: 0.5
# start_time = Jul 07 2006 15:10:11 [Instrument's time stamp, header]
# bad_flag = -9.990e-29
*END*
[from data line 801]
 188.636707     10.210  34.911671     8.4938    3.77934     10.125    33.1315    25.7333 0.0000e+00
 188.636713     10.033  34.910882     8.4954    3.78358      9.949    33.1292    25.7313 0.0000e+00
 188.636719      9.816  34.908452     8.4943    3.78946      9.734    33.1278    25.7303 0.0000e+00
 188.636725      9.560  34.902275     8.4905    3.77047      9.480    33.1250    25.7287 0.0000e+00
 188.636730      9.264  34.892540     8.4861    3.74014      9.186    33.1190    25.7246 0.0000e+00
 188.636736      8.932  34.882539     8.4833    3.73303      8.857    33.1112    25.7190 0.0000e+00
 188.636742      8.573  34.873526     8.4821    3.79040      8.501    33.1030    25.7127 0.0000e+00
 188.636748      8.197  34.865833     8.4824    3.92581      8.128    33.0948    25.7062 0.0000e+00
 188.636753      7.815  34.859867     8.4860    4.05717      7.750    33.0853    25.6982 0.0000e+00
 188.636759      7.433  34.854976     8.4989    4.25580      7.371    33.0682    25.6829 0.0000e+00
 188.636765      7.053  34.853625     8.5394    4.49403      6.994    33.0290    25.6460 0.0000e+00
 188.636771      6.679  34.862994     8.6513    4.72345      6.623    32.9345    25.5550 0.0000e+00
 188.636777      6.318  34.903998     8.8812    5.01900      6.265    32.7643    25.3863 0.0000e+00
 188.636782      5.973  34.998802     9.2112    5.39178      5.923    32.5599    25.1748 0.0000e+00
 188.636788      5.652  35.145986     9.5518    5.73588      5.605    32.4021    24.9973 0.0000e+00
 188.636794      5.368  35.316423     9.8340    6.01940      5.323    32.3221    24.8890 0.0000e+00
 188.636800      5.134  35.477803    10.0564    6.23568      5.091    32.2868    24.8248 0.0000e+00
 188.636806      4.948  35.626666    10.2308    6.43962      4.907    32.2816    24.7916 0.0000e+00
 188.636811      4.797  35.755178    10.4020    6.63455      4.757    32.2586    24.7448 -9.990e-29
 188.636817      4.676  35.873217    10.6370    6.77274      4.637    32.1689    24.6348 -9.990e-29
 188.636823      4.583  36.013138    10.8924    6.84326      4.545    32.0836    24.5242 -9.990e-29
 188.636829      4.511  36.137757    11.0577    6.85326      4.473    32.0623    24.4787 -9.990e-29
 188.636834      4.455  36.190627    11.1148    6.85519      4.418    32.0646    24.4704 -9.990e-29
 188.636840      4.412  36.191827    11.1526    6.85475      4.375    32.0329    24.4391 -9.990e-29
 188.636846      4.379  36.204130    11.2348    6.85760      4.342    31.9735    24.3784 -9.990e-29
 188.636852      4.355  36.248998    11.3310    6.84208      4.319    31.9342    24.3307 -9.990e-29
 188.636858      4.337  36.296527    11.3944    6.80513      4.301    31.9259    24.3129 -9.990e-29
 188.636863      4.325  36.319256    11.4161    6.76358      4.289    31.9293    24.3117 -9.990e-29
 188.636869      4.317  36.319478    11.4155    6.72064      4.281    31.9301    24.3124 -9.990e-29
 188.636875      4.314  36.317701    11.4168    6.65872      4.278    31.9272    24.3099 -9.990e-29
 188.636881      4.314  36.323908    11.4275    6.59737      4.278    31.9240    24.3055 -9.990e-29
 188.636887      4.319  36.332922    11.4350    6.55207      4.283    31.9264    24.3060 -9.990e-29
 188.636892      4.327  36.332092    11.4240    6.52646      4.291    31.9351    24.3147 -9.990e-29
 188.636898      4.341  36.313596    11.3982    6.51570      4.305    31.9393    24.3226 -9.990e-29
 188.636904      4.356  36.290365    11.3783    6.48813      4.320    31.9338    24.3219 -9.990e-29
 188.636910      4.365  36.280790    11.3710    6.45973      4.329    31.9307    24.3208 -9.990e-29
 188.636916      4.368  36.282204    11.3638    6.41083      4.331    31.9383    24.3280 -9.990e-29
 188.636921      4.374  36.280232    11.3511    6.36616      4.337    31.9474    24.3373 -9.990e-29
 188.636927      4.384  36.271882    11.3334    6.34548      4.347    31.9545    24.3460 -9.990e-29
 188.636933      4.389  36.261168    11.3108    6.37699      4.352    31.9636    24.3571 -9.990e-29
 188.636939      4.386  36.250246    11.2897    6.41452      4.349    31.9712    24.3668 -9.990e-29
 188.636944      4.375  36.240237    11.2824    6.44657      4.338    31.9677    24.3654 -9.990e-29
 188.636950      4.354  36.236469    11.2903    6.45368      4.318    31.9571    24.3558 -9.990e-29
 188.636956      4.327  36.240064    11.3000    6.44956      4.291    31.9523    24.3503 -9.990e-29
 188.636962      4.301  36.241775    11.3077    6.45926      4.265    31.9473    24.3450 -9.990e-29
 188.636968      4.282  36.242748    11.3184    6.47840      4.246    31.9390    24.3367 -9.990e-29
 188.636973      4.273  36.253800    11.3281    6.49616      4.237    31.9414    24.3368 -9.990e-29
 188.636979      4.270  36.270580    11.3289    6.51309      4.234    31.9572    24.3489 -9.990e-29
 188.636985      4.268  36.277867    11.3213    6.53697      4.232    31.9709    24.3609 -9.990e-29
 188.636991      4.268  36.274703    11.3157    6.54410      4.232    31.9726    24.3633 -9.990e-29
 188.636997      4.268  36.272558    11.3202    6.54706      4.232    31.9666    24.3578 -9.990e-29
 188.637002      4.270  36.277526    11.3325    6.54223      4.234    31.9609    24.3511 -9.990e-29
 188.637008      4.273  36.286677    11.3453    6.52612      4.237    31.9587    24.3472 -9.990e-29
 188.637014      4.277  36.293124    11.3554    6.50845      4.241    31.9563    24.3435 -9.990e-29
 188.637020      4.283  36.295913    11.3624    6.49699      4.247    31.9530    24.3397 -9.990e-29
 188.637025      4.291  36.299310    11.3610    6.50285      4.255    31.9575    24.3434 -9.990e-29
 188.637031      4.301  36.299415    11.3495    6.50816      4.265    31.9676    24.3533 -9.990e-29
 188.637037      4.311  36.292425    11.3374    6.51213      4.275    31.9712    24.3583 -9.990e-29
 188.637043      4.311  36.285830    11.3344    6.51511      4.275    31.9673    24.3558 -9.990e-29
 188.637049      4.303  36.285395    11.3393    6.51439      4.267    31.9627    24.3513 -9.990e-29
 188.637054      4.293  36.287716    11.3447    6.49914      4.257    31.9603    24.3485 -9.990e-29
 188.637060      4.286  36.289703    11.3476    6.48130      4.250    31.9597    24.3475 -9.990e-29
 188.637066      4.281  36.291183    11.3477    6.46208      4.245    31.9611    24.3486 -9.990e-29
 188.637072      4.278  36.289066    11.3434    6.44754      4.242    31.9627    24.3506 -9.990e-29
 188.637078      4.277  36.283314    11.3340    6.44789      4.241    31.9652    24.3543 -9.990e-29
 188.637083      4.278  36.279703    11.3236    6.45531      4.242    31.9707    24.3604 -9.990e-29
 188.637089      4.280  36.278449    11.3185    6.44712      4.244    31.9739    24.3638 -9.990e-29
 188.637095      4.284  36.277299    11.3188    6.45147      4.248    31.9725    24.3626 -9.990e-29
 188.637101      4.290  36.278064    11.3192    6.46684      4.254    31.9729    24.3629 -9.990e-29
 188.637106      4.299  36.279501    11.3164    6.47731      4.263    31.9767    24.3663 -9.990e-29
 188.637112      4.310  36.277340    11.3150    6.49463      4.274    31.9758    24.3659 -9.990e-29
 188.637118      4.321  36.275412    11.3196    6.51393      4.285    31.9699    24.3605 -9.990e-29
 188.637124      4.328  36.278419    11.3248    6.52605      4.292    31.9684    24.3584 -9.990e-29
 188.637130      4.336  36.280818    11.3258    6.53863      4.300    31.9699    24.3593 -9.990e-29
 188.637135      4.344  36.282987    11.3252    6.51441      4.308    31.9725    24.3615 -9.990e-29
 188.637141      4.351  36.288361    11.3269    6.50823      4.315    31.9763    24.3641 -9.990e-29
 188.637147      4.354  36.292311    11.3338    6.49202      4.318    31.9742    24.3613 -9.990e-29
 188.637153      4.352  36.294475    11.3452    6.46353      4.316    31.9664    24.3532 -9.990e-29
 188.637159      4.343  36.298283    11.3553    6.44177      4.307    31.9614    24.3475 -9.990e-29
 188.637164      4.336  36.302065    11.3559    6.42085      4.300    31.9646    24.3499 -9.990e-29
 188.637170      4.334  36.295142    11.3439    6.42428      4.298    31.9682    24.3548 -9.990e-29
 188.637176      4.333  36.274440    11.3313    6.43304      4.297    31.9588    24.3498 -9.990e-29
 188.637182      4.328  36.261135    11.3323    6.43944      4.292    31.9450    24.3388 -9.990e-29
 188.637188      4.324  36.263826    11.3412    6.45190      4.288    31.9399    24.3333 -9.990e-29
 188.637193      4.321  36.269253    11.3448    6.45355      4.285    31.9421    24.3344 -9.990e-29
 188.637199      4.313  36.271734    11.3424    6.44027      4.277    31.9466    24.3383 -9.990e-29
 188.637205      4.305  36.273443    11.3388    6.42885      4.269    31.9514    24.3427 -9.990e-29
 188.637211      4.301  36.277761    11.3348    6.42541      4.265    31.9591    24.3493 -9.990e-29
 188.637216      4.300  36.279771    11.3312    6.41264      4.264    31.9642    24.3539 -9.990e-29
 188.637222      4.301  36.278772    11.3299    6.39430      4.265    31.9643    24.3543 -9.990e-29
 188.637228      4.306  36.281265    11.3280    6.38472      4.270    31.9684    24.3578 -9.990e-29
 188.637234      4.315  36.279897    11.3182    6.37998      4.279    31.9755    24.3651 -9.990e-29
 188.637240      4.328  36.268900    11.3026    6.40606      4.292    31.9783    24.3700 -9.990e-29
 188.637245      4.341  36.256589    11.2944    6.42769      4.305    31.9733    24.3676 -9.990e-29
 188.637251      4.347  36.252892    11.3006    6.44742      4.311    31.9643    24.3595 -9.990e-29
 188.637257      4.342  36.258465    11.3142    6.46901      4.306    31.9580    24.3522 -9.990e-29
 188.637263      4.330  36.265016    11.3258    6.48190      4.294    31.9544    24.3473 -9.990e-29
 188.637269      4.318  36.268364    11.3330    6.49280      4.282    31.9514    24.3437 -9.990e-29
 188.637274      4.311  36.271837    11.3372    6.49164      4.275    31.9512    24.3428 -9.990e-29
 188.637280      4.308  36.278367    11.3377    6.49184      4.272    31.9572    24.3473 -9.990e-29
 188.637286      4.308  36.285427    11.3357    6.48940      4.272    31.9658    24.3544 -9.990e-29
 188.637292      4.307  36.290635    11.3359    6.48064      4.271    31.9707    24.3582 -9.990e-29
 188.637297      4.302  36.294187    11.3396    6.46498      4.266    31.9710    24.3578 -9.990e-29
 188.637303      4.295  36.295751    11.3410    6.44869      4.259    31.9713    24.3578 -9.990e-29
 188.637309      4.291  36.295152    11.3354    6.45136      4.255    31.9756    24.3621 -9.990e-29
 188.637315      4.290  36.291013    11.3268    6.46365      4.254    31.9790    24.3663 -9.990e-29
 188.637321      4.292  36.285091    11.3219    6.48640      4.256    31.9774    24.3659 -9.990e-29
 188.637326      4.295  36.282931    11.3221    6.51266      4.259    31.9751    24.3641 -9.990e-29
 188.637332      4.302  36.285000    11.3246    6.51070      4.266    31.9750    24.3635 -9.990e-29
 188.637338      4.308  36.287307    11.3285    6.52694      4.272    31.9739    24.3620 -9.990e-29
 188.637344      4.309  36.289545    11.3357    6.53131      4.273    31.9698    24.3575 -9.990e-29
 188.637350      4.309  36.295239    11.3456    6.52956      4.273    31.9668    24.3535 -9.990e-29
 188.637355      4.313  36.304115    11.3536    6.50778      4.277    31.9686    24.3534 -9.990e-29
 188.637361      4.321  36.311164    11.3570    6.48331      4.285    31.9726    24.3559 -9.990e-29
 188.637367      4.333  36.312868    11.3559    6.47712      4.297    31.9752    24.3581 -9.990e-29
 188.637373      4.346  36.308677    11.3533    6.47671      4.310    31.9733    24.3571 -9.990e-29
 188.637378      4.352  36.302522    11.3542    6.47694      4.316    31.9665    24.3517 -9.990e-29
 188.637384      4.352  36.299637    11.3565    6.47150      4.316    31.9617    24.3475 -9.990e-29
 188.637390      4.350  36.298401    11.3530    6.47851      4.314    31.9635    24.3495 -9.990e-29
 188.637396      4.345  36.294908    11.3463    6.49175      4.309    31.9659    24.3526 -9.990e-29
 188.637402      4.338  36.291212    11.3455    6.50770      4.302    31.9630    24.3505 -9.990e-29
 188.637407      4.328  36.291902    11.3513    6.51406      4.292    31.9586    24.3461 -9.990e-29
 188.637413      4.319  36.297318    11.3567    6.51700      4.283    31.9593    24.3456 -9.990e-29
 188.637419      4.314  36.302884    11.3586    6.49846      4.278    31.9631    24.3482 -9.990e-29
 188.637425      4.313  36.305348    11.3595    6.48037      4.277    31.9647    24.3493 -9.990e-29
 188.637431      4.315  36.306858    11.3605    6.45952      4.279    31.9653    24.3496 -9.990e-29
 188.637436      4.322  36.308290    11.3592    6.44098      4.286    31.9678    24.3518 -9.990e-29
 188.637442      4.333  36.305364    11.3535    6.42434      4.297    31.9699    24.3544 -9.990e-29
 188.637448      4.350  36.298087    11.3434    6.41828      4.314    31.9715    24.3575 -9.990e-29
 188.637454      4.368  36.290761    11.3300    6.41994      4.331    31.9759    24.3633 -9.990e-29
 188.637459      4.381  36.283696    11.3166    6.43109      4.344    31.9806    24.3693 -9.990e-29
 188.637465      4.385  36.276987    11.3089    6.45043      4.348    31.9807    24.3708 -9.990e-29
 188.637471      4.385  36.272886    11.3104    6.46609      4.348    31.9754    24.3664 -9.990e-29
 188.637477      4.385  36.273757    11.3184    6.46925      4.348    31.9693    24.3602 -9.990e-29
 188.637483      4.380  36.281864    11.3264    6.45964      4.343    31.9703    24.3596 -9.990e-29
 188.637488      4.367  36.292291    11.3303    6.45184      4.331    31.9772    24.3642 -9.990e-29
 188.637494      4.348  36.295369    11.3313    6.44910      4.312    31.9793    24.3657 -9.990e-29
 188.637500      4.331  36.292382    11.3320    6.44911      4.295    31.9758    24.3629 -9.990e-29
 188.637506      4.319  36.290550    11.3326    6.45994      4.283    31.9735    24.3610 -9.990e-29
 188.637512      4.311  36.290217    11.3317    6.46066      4.275    31.9740    24.3615 -9.990e-29
 188.637517      4.307  36.288117    11.3300    6.47319      4.271    31.9734    24.3613 -9.990e-29
 188.637523      4.306  36.284797    11.3301    6.49297      4.270    31.9700    24.3587 -9.990e-29
 188.637529      4.309  36.284787    11.3334    6.49373      4.273    31.9672    24.3559 -9.990e-29
 188.637535      4.316  36.288617    11.3385    6.49868      4.280    31.9665    24.3545 -9.990e-29
 188.637541      4.327  36.292962    11.3425    6.50562      4.291    31.9673    24.3544 -9.990e-29
 188.637546      4.343  36.296307    11.3438    6.49978      4.307    31.9694    24.3558 -9.990e-29
 188.637552      4.360  36.298047    11.3444    6.50647      4.324    31.9706    24.3566 -9.990e-29
 188.637558      4.376  36.299922    11.3467    6.48973      4.339    31.9704    24.3561 -9.990e-29
 188.637564      4.391  36.304415    11.3509    6.44770      4.354    31.9712    24.3559 -9.990e-29
 188.637569      4.402  36.309086    11.3539    6.40797      4.365    31.9732    24.3569 -9.990e-29
 188.637575      4.410  36.311171    11.3527    6.40013      4.373    31.9762    24.3595 -9.990e-29
 188.637581      4.419  36.308945    11.3475    6.38736      4.382    31.9786    24.3622 -9.990e-29
 188.637587      4.426  36.300543    11.3412    6.36887      4.389    31.9758    24.3612 -9.990e-29
 188.637593      4.427  36.289328    11.3338    6.34798      4.390    31.9712    24.3590 -9.990e-29
 188.637598      4.426  36.274912    11.3228    6.32680      4.389    31.9666    24.3574 -9.990e-29
 188.637604      4.428  36.253759    11.3150    6.32911      4.391    31.9527    24.3479 -9.990e-29
 188.637610      4.428  36.236911    11.3198    6.32578      4.391    31.9320    24.3310 -9.990e-29
 188.637616      4.423  36.235534    11.3314    6.30253      4.386    31.9206    24.3201 -9.990e-29
 188.637622      4.415  36.243103    11.3341    6.26452      4.378    31.9257    24.3235 -9.990e-29
