data/oxygen options/OCNMS/OCNMS1/raw_data/2006/CTD_MB042_092606faedb.cnv
* Sea-Bird SBE19 Data File:
* FileName = C:\MOORING_DATA_2006\CTD_MB042_092606.hex
* Software Version 1.1.6
* Temperature SN = 2997
* Conductivity SN = 2997
* System UpLoad Time = Sep 26 2006 12:02:29
* SEACAT PROFILER V3.1c SN 2997   09/26/06  12:03:35.730
* strain gauge pressure sensor: S/N = 184829,  range = 3000 psia,  tc = 40
# nquan = 9
# nvalues = 40                          
# units = specified
# name 0 = timeJ: Julian Days
# name 1 = prSM: Pressure, Strain Gauge [db]
# name 2 = c0mS/cm: Conductivity [mS/cm]
# name 3 = t090C: Temperature [ITS-90, deg C]
# name 4 = oxML/L: Oxygen, Beckman/YSI [ml/l]
# name 5 = depSM: Depth [salt water, m], lat = 47.5
# name 6 = sal00: Salinity, Practical [PSU]
# name 7 = sigma-é00: Density [sigma-theta, kg/m^3]
# name 8 = flag: flag
# span 0 = 269.472897, 269.473639       
# span 1 =      3.000,     42.000       
# span 2 =  35.426422,  37.392342       
# span 3 =     8.6240,    11.3246       
# span 4 =    2.64896,    6.41862       
# span 5 =      2.975,     41.645       
# span 6 =    33.0629,    33.5374       
# span 7 =    25.2093,    26.0313       
# span 8 = 0.0000e+00, 0.0000e+00       
# interval = decibars: 1                
# start_time = Sep 26 2006 11:17:34 [Instrument's time stamp, header]
# bad_flag = -9.990e-29
*END*
 269.472897      3.000  37.392342    11.3246    6.41862      2.975    33.0629    25.2093 0.0000e+00
 269.472920      4.000  37.260634    11.1627    5.87123      3.967    33.0779    25.2501 0.0000e+00
 269.472939      5.000  37.157355    10.9991    5.60523      4.958    33.1227    25.3141 0.0000e+00
 269.472957      6.000  37.093123    10.9176    5.51155      5.950    33.1321    25.3359 0.0000e+00
 269.472976      7.000  37.076368    10.8722    5.06837      6.942    33.1560    25.3625 0.0000e+00
 269.472994      8.000  37.004232    10.6490    4.58414      7.933    33.2865    25.5033 0.0000e+00
 269.473010      9.000  36.680630    10.2741    4.39911      8.924    33.3036    25.5813 0.0000e+00
 269.473027     10.000  36.524341    10.1169    4.38069      9.917    33.2896    25.5970 0.0000e+00
 269.473045     11.000  36.462955    10.0644    4.38806     10.908    33.2751    25.5946 0.0000e+00
 269.473063     12.000  36.442228    10.0247    4.36240     11.899    33.2902    25.6130 0.0000e+00
 269.473080     13.000  36.419838     9.9920    4.33192     12.891    33.2971    25.6240 0.0000e+00
 269.473098     14.000  36.398407     9.9716    4.30749     13.883    33.2937    25.6248 0.0000e+00
 269.473116     15.000  36.381273     9.9428    4.26611     14.874    33.3024    25.6363 0.0000e+00
 269.473135     16.000  36.361205     9.9111    4.22363     15.866    33.3107    25.6482 0.0000e+00
 269.473152     17.000  36.336730     9.8786    4.20028     16.858    33.3154    25.6572 0.0000e+00
 269.473170     18.000  36.320905     9.8658    4.18720     17.849    33.3106    25.6557 0.0000e+00
 269.473189     19.000  36.307713     9.8501    4.17434     18.840    33.3112    25.6588 0.0000e+00
 269.473210     20.000  36.279590     9.8201    4.16970     19.832    33.3098    25.6626 0.0000e+00
 269.473229     21.000  36.272124     9.8136    4.15787     20.823    33.3078    25.6621 0.0000e+00
 269.473248     22.000  36.264509     9.8014    4.16229     21.815    33.3108    25.6665 0.0000e+00
 269.473265     23.000  36.262682     9.8046    4.14751     22.807    33.3055    25.6619 0.0000e+00
 269.473283     24.000  36.251786     9.7893    4.12157     23.798    33.3081    25.6665 0.0000e+00
 269.473302     25.000  36.236014     9.7661    4.08009     24.790    33.3130    25.6742 0.0000e+00
 269.473322     26.000  36.225594     9.7419    3.99903     25.781    33.3243    25.6870 0.0000e+00
 269.473340     27.000  36.171766     9.6588    3.89599     26.773    33.3458    25.7175 0.0000e+00
 269.473356     28.000  36.064000     9.5397    3.82861     27.764    33.3453    25.7366 0.0000e+00
 269.473373     29.000  35.981915     9.4694    3.80145     28.756    33.3258    25.7328 0.0000e+00
 269.473389     30.000  35.964742     9.4528    3.79885     29.748    33.3231    25.7334 0.0000e+00
 269.473406     31.000  35.958173     9.4428    3.81309     30.739    33.3251    25.7366 0.0000e+00
 269.473424     32.000  35.954942     9.4392    3.78413     31.730    33.3247    25.7369 0.0000e+00
 269.473443     33.000  35.953222     9.4237    3.52584     32.722    33.3370    25.7490 0.0000e+00
 269.473459     34.000  35.892117     9.2712    3.18657     33.713    33.4158    25.8352 0.0000e+00
 269.473474     35.000  35.739536     9.0436    3.02408     34.705    33.4704    25.9142 0.0000e+00
 269.473491     36.000  35.619124     8.9102    2.95763     35.697    33.4701    25.9349 0.0000e+00
 269.473511     37.000  35.603405     8.8971    2.83839     36.688    33.4655    25.9334 0.0000e+00
 269.473529     38.000  35.526329     8.7498    2.67923     37.679    33.5235    26.0017 0.0000e+00
 269.473547     39.000  35.454043     8.6570    2.64896     38.671    33.5350    26.0251 0.0000e+00
 269.473564     40.000  35.433592     8.6314    2.65911     39.662    33.5374    26.0309 0.0000e+00
 269.473584     41.000  35.426422     8.6240    2.64937     40.654    33.5364    26.0313 0.0000e+00
 269.473639     42.000  35.432881     8.6334    2.65480     41.645    33.5338    26.0278 0.0000e+00
