data/oxygen options/OCNMS/OCNMS1/raw_data/2006/CTD_CE015_100306faed.cnv
* Sea-Bird SBE19 Data File:
* FileName = C:\MOORING_DATA_2006\CTD_CE015_100306.hex
* Software Version 1.1.6
* Temperature SN = 2997
* Conductivity SN = 2997
* System UpLoad Time = Oct 03 2006 11:08:21
* SEACAT PROFILER V3.1c SN 2997   10/03/06  11:09:38.358
* strain gauge pressure sensor: S/N = 184829,  range = 3000 psia,  tc = 40
# nquan = 9                                 
# nvalues = 1723                        
# units = specified
# name 0 = timeJ: Julian Days
# name 1 = prSM: Pressure, Strain Gauge [db]
# name 2 = c0mS/cm: Conductivity [mS/cm]
# name 3 = t090C: Temperature [ITS-90, deg C]
# name 4 = oxML/L: Oxygen, Beckman/YSI [ml/l]
# name 5 = depSM: Depth [salt water, m], lat = 47.5
# name 6 = sal00: Salinity, Practical [PSU]
# name 7 = sigma-é00: Density [sigma-theta, kg/m^3]
# name 8 = flag: flag
# span 0 = 276.452685, 276.462650       
# span 1 =     -2.141,     17.113       
# span 2 =   0.534732,  37.574683       
# span 3 =     9.5578,    12.0285       
# span 4 =  -17.68559,   44.81933       
# span 5 =     -2.123,     16.969       
# span 6 =     0.3606,    33.3927       
# span 7 =    -0.0892,    25.7627       
# span 8 = 0.0000e+00, 0.0000e+00       
# interval = seconds: 0.5
# start_time = Oct 03 2006 10:51:52 [Instrument's time stamp, header]
# bad_flag = -9.990e-29
*END*
[from data line 1281]
 276.460098     11.417  37.116908    11.0128    5.53189     11.321    33.0674    25.2688 -9.990e-29
 276.460104     11.418  37.119270    11.0165    5.53275     11.322    33.0664    25.2674 -9.990e-29
 276.460110     11.425  37.121966    11.0173    5.53283     11.329    33.0684    25.2687 -9.990e-29
 276.460116     11.443  37.121305    11.0149    5.53406     11.347    33.0699    25.2703 -9.990e-29
 276.460122     11.465  37.116414    11.0139    5.54023     11.369    33.0659    25.2674 -9.990e-29
 276.460127     11.474  37.112561    11.0173    5.54939     11.378    33.0590    25.2615 -9.990e-29
 276.460133     11.463  37.114709    11.0227    5.55172     11.367    33.0563    25.2584 -9.990e-29
 276.460139     11.436  37.119557    11.0266    5.55163     11.340    33.0576    25.2587 -9.990e-29
 276.460145     11.403  37.123480    11.0287    5.55603     11.308    33.0596    25.2599 -9.990e-29
 276.460150     11.376  37.126668    11.0297    5.55336     11.281    33.0619    25.2615 -9.990e-29
 276.460156     11.357  37.127770    11.0292    5.55263     11.262    33.0634    25.2628 -9.990e-29
 276.460162     11.339  37.124895    11.0278    5.54304     11.244    33.0618    25.2618 -9.990e-29
 276.460168     11.319  37.121510    11.0272    5.52754     11.224    33.0590    25.2597 -9.990e-29
 276.460174     11.295  37.122084    11.0278    5.53297     11.200    33.0591    25.2596 -9.990e-29
 276.460179     11.265  37.124583    11.0282    5.52777     11.171    33.0612    25.2612 -9.990e-29
 276.460185     11.231  37.125615    11.0256    5.51792     11.137    33.0646    25.2643 -9.990e-29
 276.460191     11.192  37.123197    11.0192    5.51500     11.098    33.0680    25.2681 -9.990e-29
 276.460197     11.136  37.117476    11.0123    5.51618     11.043    33.0685    25.2698 -9.990e-29
 276.460203     11.056  37.110930    11.0088    5.53148     10.963    33.0652    25.2678 -9.990e-29
 276.460208     10.942  37.107175    11.0095    5.53755     10.850    33.0609    25.2643 -9.990e-29
 276.460214     10.782  37.109063    11.0128    5.54144     10.692    33.0599    25.2629 0.0000e+00
 276.460220     10.576  37.114070    11.0166    5.57445     10.487    33.0615    25.2635 0.0000e+00
 276.460226     10.336  37.118781    11.0202    5.60444     10.249    33.0631    25.2641 0.0000e+00
 276.460231     10.079  37.122753    11.0243    5.64180      9.995    33.0634    25.2636 0.0000e+00
 276.460237      9.817  37.126806    11.0305    5.65835      9.735    33.0620    25.2614 0.0000e+00
 276.460243      9.545  37.130743    11.0429    5.68665      9.465    33.0548    25.2536 0.0000e+00
 276.460249      9.259  37.135333    11.0666    5.70941      9.182    33.0382    25.2364 0.0000e+00
 276.460255      8.965  37.146704    11.0991    5.73222      8.890    33.0203    25.2168 0.0000e+00
 276.460260      8.676  37.171613    11.1287    5.75304      8.603    33.0185    25.2100 0.0000e+00
 276.460266      8.395  37.202331    11.1481    5.74866      8.325    33.0316    25.2167 0.0000e+00
 276.460272      8.120  37.222049    11.1590    5.76380      8.052    33.0414    25.2224 0.0000e+00
 276.460278      7.851  37.229024    11.1650    5.79153      7.785    33.0430    25.2226 0.0000e+00
 276.460284      7.589  37.229201    11.1687    5.82369      7.526    33.0400    25.2196 0.0000e+00
 276.460289      7.329  37.225068    11.1769    5.86125      7.268    33.0286    25.2093 0.0000e+00
 276.460295      7.064  37.225148    11.1957    5.89687      7.005    33.0119    25.1929 0.0000e+00
 276.460301      6.794  37.235165    11.2193    5.93851      6.737    33.0008    25.1800 0.0000e+00
 276.460307      6.531  37.249409    11.2400    5.96008      6.476    32.9964    25.1729 0.0000e+00
 276.460312      6.293  37.265007    11.2574    5.95675      6.240    32.9963    25.1697 0.0000e+00
 276.460318      6.091  37.282011    11.2713    5.95269      6.040    33.0007    25.1706 0.0000e+00
 276.460324      5.924  37.294495    11.2795    5.93692      5.874    33.0057    25.1730 0.0000e+00
 276.460330      5.791  37.297797    11.2822    5.91617      5.743    33.0066    25.1732 -9.990e-29
 276.460336      5.687  37.296330    11.2808    5.89030      5.639    33.0065    25.1733 -9.990e-29
 276.460341      5.610  37.294877    11.2767    5.87068      5.563    33.0087    25.1758 -9.990e-29
 276.460347      5.565  37.292631    11.2713    5.86192      5.518    33.0114    25.1789 -9.990e-29
 276.460353      5.546  37.289222    11.2652    5.86920      5.500    33.0135    25.1816 -9.990e-29
 276.460359      5.542  37.285717    11.2600    5.88389      5.496    33.0147    25.1835 -9.990e-29
 276.460365      5.539  37.283426    11.2584    5.89947      5.493    33.0139    25.1831 -9.990e-29
 276.460370      5.527  37.283222    11.2600    5.92355      5.481    33.0122    25.1816 -9.990e-29
 276.460376      5.503  37.284644    11.2625    5.93625      5.457    33.0114    25.1805 -9.990e-29
 276.460382      5.472  37.287343    11.2656    5.94110      5.426    33.0113    25.1798 -9.990e-29
 276.460388      5.446  37.291552    11.2699    5.94655      5.400    33.0116    25.1793 -9.990e-29
 276.460394      5.428  37.296715    11.2751    5.95782      5.383    33.0121    25.1787 -9.990e-29
 276.460399      5.416  37.300741    11.2800    5.97607      5.371    33.0116    25.1775 -9.990e-29
 276.460405      5.406  37.302266    11.2831    5.98272      5.361    33.0104    25.1760 -9.990e-29
 276.460411      5.391  37.302763    11.2842    5.99369      5.346    33.0099    25.1754 -9.990e-29
 276.460417      5.377  37.303455    11.2858    6.00725      5.332    33.0091    25.1745 -9.990e-29
 276.460422      5.370  37.305265    11.2898    6.01486      5.325    33.0073    25.1724 -9.990e-29
 276.460428      5.374  37.309484    11.2944    6.02528      5.329    33.0074    25.1716 -9.990e-29
 276.460434      5.385  37.314445    11.2968    6.01281      5.340    33.0101    25.1733 -9.990e-29
 276.460440      5.396  37.316667    11.2971    6.00669      5.351    33.0120    25.1747 -9.990e-29
 276.460446      5.398  37.315746    11.2973    6.01164      5.353    33.0109    25.1738 -9.990e-29
 276.460451      5.392  37.314940    11.2985    6.02257      5.347    33.0091    25.1722 -9.990e-29
 276.460457      5.385  37.316542    11.3009    6.02593      5.340    33.0085    25.1713 -9.990e-29
 276.460463      5.382  37.319321    11.3029    6.02716      5.337    33.0094    25.1717 -9.990e-29
 276.460469      5.383  37.320813    11.3028    6.02470      5.338    33.0110    25.1729 -9.990e-29
 276.460475      5.382  37.320202    11.3013    6.01996      5.337    33.0117    25.1737 -9.990e-29
 276.460480      5.377  37.318356    11.3002    6.01775      5.332    33.0109    25.1733 -9.990e-29
 276.460486      5.370  37.317303    11.3005    6.00537      5.325    33.0096    25.1722 -9.990e-29
 276.460492      5.371  37.318441    11.3022    6.00663      5.326    33.0092    25.1716 -9.990e-29
 276.460498      5.382  37.320483    11.3041    6.01632      5.337    33.0095    25.1715 -9.990e-29
 276.460503      5.402  37.321663    11.3049    6.02774      5.357    33.0100    25.1717 -9.990e-29
 276.460509      5.421  37.321872    11.3045    6.03069      5.376    33.0105    25.1722 -9.990e-29
 276.460515      5.434  37.321389    11.3037    6.02565      5.389    33.0107    25.1725 -9.990e-29
 276.460521      5.433  37.320128    11.3026    6.02019      5.388    33.0105    25.1725 -9.990e-29
 276.460527      5.416  37.318652    11.3018    6.01528      5.371    33.0098    25.1721 -9.990e-29
 276.460532      5.396  37.317798    11.3026    6.01657      5.351    33.0082    25.1708 -9.990e-29
 276.460538      5.385  37.318111    11.3047    6.01670      5.340    33.0066    25.1692 -9.990e-29
 276.460544      5.391  37.320009    11.3067    6.03093      5.346    33.0067    25.1689 -9.990e-29
 276.460550      5.413  37.322098    11.3078    6.03485      5.368    33.0078    25.1695 -9.990e-29
 276.460556      5.441  37.322675    11.3085    6.03644      5.396    33.0077    25.1693 -9.990e-29
 276.460561      5.458  37.322506    11.3090    6.03141      5.412    33.0071    25.1687 -9.990e-29
 276.460567      5.458  37.322488    11.3091    6.03215      5.412    33.0070    25.1686 -9.990e-29
 276.460573      5.445  37.322597    11.3090    6.03344      5.399    33.0072    25.1688 -9.990e-29
 276.460579      5.427  37.322978    11.3090    6.02571      5.382    33.0076    25.1691 -9.990e-29
 276.460584      5.415  37.323578    11.3093    6.01461      5.370    33.0079    25.1693 -9.990e-29
 276.460590      5.417  37.324076    11.3093    6.01701      5.372    33.0084    25.1697 -9.990e-29
 276.460596      5.429  37.324014    11.3087    6.02835      5.384    33.0089    25.1702 -9.990e-29
 276.460602      5.448  37.323309    11.3080    6.03527      5.402    33.0088    25.1702 -9.990e-29
 276.460608      5.469  37.322704    11.3076    6.02970      5.423    33.0085    25.1701 -9.990e-29
 276.460613      5.483  37.322514    11.3077    6.03043      5.437    33.0083    25.1699 -9.990e-29
 276.460619      5.481  37.322485    11.3082    6.03497      5.435    33.0078    25.1694 -9.990e-29
 276.460625      5.467  37.322577    11.3087    6.03852      5.421    33.0074    25.1690 -9.990e-29
 276.460631      5.449  37.322912    11.3090    6.03361      5.403    33.0075    25.1690 -9.990e-29
 276.460637      5.434  37.323376    11.3092    6.01884      5.389    33.0078    25.1692 -9.990e-29
 276.460642      5.426  37.323467    11.3093    6.02184      5.381    33.0078    25.1692 -9.990e-29
 276.460648      5.425  37.323308    11.3090    6.03166      5.380    33.0079    25.1694 -9.990e-29
 276.460654      5.429  37.323246    11.3087    6.03981      5.384    33.0081    25.1696 -9.990e-29
 276.460660      5.440  37.323198    11.3085    6.02596      5.395    33.0082    25.1697 -9.990e-29
 276.460666      5.450  37.323100    11.3080    6.02497      5.404    33.0086    25.1701 -9.990e-29
 276.460671      5.446  37.322822    11.3074    6.02326      5.400    33.0088    25.1704 -9.990e-29
 276.460677      5.432  37.322551    11.3070    6.01781      5.387    33.0089    25.1705 -9.990e-29
 276.460683      5.420  37.322486    11.3073    6.02239      5.375    33.0086    25.1702 -9.990e-29
 276.460689      5.419  37.322542    11.3079    6.01884      5.374    33.0081    25.1697 -9.990e-29
 276.460694      5.432  37.322794    11.3082    6.03601      5.387    33.0081    25.1697 -9.990e-29
 276.460700      5.452  37.323019    11.3083    6.04123      5.406    33.0082    25.1697 -9.990e-29
 276.460706      5.467  37.322955    11.3085    6.04130      5.421    33.0080    25.1695 -9.990e-29
 276.460712      5.473  37.323077    11.3087    6.03975      5.427    33.0079    25.1694 -9.990e-29
 276.460718      5.471  37.323546    11.3089    6.03909      5.425    33.0082    25.1696 -9.990e-29
 276.460723      5.466  37.323865    11.3092    6.04835      5.420    33.0082    25.1696 -9.990e-29
 276.460729      5.460  37.323898    11.3091    6.03583      5.414    33.0084    25.1697 -9.990e-29
 276.460735      5.451  37.323690    11.3090    6.03706      5.405    33.0083    25.1696 -9.990e-29
 276.460741      5.436  37.323524    11.3092    6.03374      5.391    33.0079    25.1693 -9.990e-29
 276.460747      5.424  37.323740    11.3097    6.03362      5.379    33.0077    25.1691 -9.990e-29
 276.460752      5.417  37.324066    11.3102    6.03829      5.372    33.0076    25.1689 -9.990e-29
 276.460758      5.417  37.324376    11.3103    6.03505      5.372    33.0078    25.1690 -9.990e-29
 276.460764      5.422  37.324522    11.3101    6.03528      5.377    33.0081    25.1693 -9.990e-29
 276.460770      5.429  37.324137    11.3102    6.04331      5.384    33.0076    25.1689 -9.990e-29
 276.460775      5.429  37.323829    11.3103    6.04491      5.384    33.0072    25.1686 -9.990e-29
 276.460781      5.419  37.324308    11.3102    6.05232      5.374    33.0078    25.1691 -9.990e-29
 276.460787      5.401  37.325090    11.3100    6.04423      5.356    33.0088    25.1699 -9.990e-29
 276.460793      5.384  37.325533    11.3100    6.03921      5.339    33.0092    25.1702 -9.990e-29
 276.460799      5.370  37.325670    11.3106    6.03756      5.325    33.0088    25.1698 -9.990e-29
 276.460804      5.360  37.325683    11.3114    6.03614      5.315    33.0081    25.1691 -9.990e-29
 276.460810      5.355  37.325590    11.3117    6.04718      5.310    33.0078    25.1688 -9.990e-29
 276.460816      5.361  37.325268    11.3113    6.04860      5.316    33.0078    25.1689 -9.990e-29
 276.460822      5.373  37.324848    11.3109    6.05596      5.328    33.0077    25.1689 -9.990e-29
 276.460828      5.383  37.324890    11.3111    6.05589      5.338    33.0076    25.1687 -9.990e-29
 276.460833      5.385  37.325448    11.3115    6.05246      5.340    33.0078    25.1688 -9.990e-29
 276.460839      5.377  37.326146    11.3120    6.05063      5.332    33.0080    25.1689 -9.990e-29
 276.460845      5.372  37.326792    11.3125    6.05479      5.327    33.0082    25.1690 -9.990e-29
 276.460851      5.378  37.327125    11.3127    6.06442      5.333    33.0084    25.1691 -9.990e-29
 276.460856      5.392  37.327028    11.3129    6.06632      5.347    33.0081    25.1688 -9.990e-29
 276.460862      5.406  37.326933    11.3135    6.06515      5.361    33.0074    25.1682 -9.990e-29
 276.460868      5.411  37.327274    11.3145    6.05994      5.366    33.0069    25.1676 -9.990e-29
 276.460874      5.405  37.327944    11.3153    6.07023      5.360    33.0068    25.1674 -9.990e-29
 276.460880      5.391  37.328712    11.3157    6.06723      5.346    33.0072    25.1676 -9.990e-29
 276.460885      5.376  37.329481    11.3160    6.05767      5.331    33.0077    25.1680 -9.990e-29
 276.460891      5.365  37.330157    11.3161    6.05277      5.320    33.0083    25.1684 -9.990e-29
 276.460897      5.356  37.330517    11.3161    6.06195      5.311    33.0087    25.1687 -9.990e-29
 276.460903      5.353  37.330481    11.3159    6.06263      5.308    33.0088    25.1688 -9.990e-29
 276.460909      5.360  37.330003    11.3154    6.05803      5.315    33.0088    25.1689 -9.990e-29
 276.460914      5.373  37.329004    11.3147    6.05294      5.328    33.0084    25.1687 -9.990e-29
 276.460920      5.385  37.327837    11.3145    6.04632      5.340    33.0074    25.1680 -9.990e-29
 276.460926      5.388  37.327186    11.3147    6.05319      5.343    33.0066    25.1673 -9.990e-29
 276.460932      5.382  37.327305    11.3149    6.04878      5.337    33.0066    25.1673 -9.990e-29
 276.460938      5.375  37.327794    11.3150    6.05472      5.330    33.0070    25.1675 -9.990e-29
 276.460943      5.371  37.328181    11.3146    6.04859      5.326    33.0077    25.1682 -9.990e-29
 276.460949      5.369  37.327861    11.3140    6.05448      5.324    33.0079    25.1685 -9.990e-29
 276.460955      5.371  37.326968    11.3138    6.05748      5.326    33.0072    25.1680 -9.990e-29
 276.460961      5.375  37.326555    11.3137    6.04957      5.330    33.0069    25.1677 -9.990e-29
 276.460966      5.382  37.326634    11.3135    6.05755      5.337    33.0072    25.1680 -9.990e-29
 276.460972      5.392  37.326748    11.3135    6.05589      5.347    33.0073    25.1681 -9.990e-29
 276.460978      5.406  37.327048    11.3136    6.06441      5.361    33.0075    25.1682 -9.990e-29
 276.460984      5.421  37.327373    11.3139    6.06133      5.376    33.0075    25.1682 -9.990e-29
 276.460990      5.429  37.327595    11.3144    6.06377      5.384    33.0073    25.1679 -9.990e-29
 276.460995      5.427  37.328009    11.3152    6.07000      5.382    33.0070    25.1675 -9.990e-29
 276.461001      5.413  37.328607    11.3162    6.07146      5.368    33.0067    25.1671 -9.990e-29
 276.461007      5.393  37.329064    11.3168    6.06410      5.348    33.0066    25.1669 -9.990e-29
 276.461013      5.376  37.329429    11.3169    6.05123      5.331    33.0069    25.1671 -9.990e-29
