data/oxygen options/OCNMS/OCNMS1/raw_data/2006/CTD_CA042_071806faedb.cnv
* Sea-Bird SBE19 Data File:
* FileName = C:\MOORING_DATA_2006\CTD_CA042_071806.hex
* Software Version 1.1.8
* Temperature SN = 2997
* Conductivity SN = 2997
* System UpLoad Time = Jul 18 2006 11:00:32
* SEACAT PROFILER V3.1c SN 2997   07/18/06  10:59:29.065
* strain gauge pressure sensor: S/N = 184829,  range = 3000 psia,  tc = 40
# nquan = 9
# nvalues = 39                          
# units = specified
# name 0 = timeJ: Julian Days
# name 1 = prSM: Pressure, Strain Gauge [db]
# name 2 = c0mS/cm: Conductivity [mS/cm]
# name 3 = t090C: Temperature [ITS-90, deg C]
# name 4 = oxML/L: Oxygen, Beckman/YSI [ml/l]
# name 5 = depSM: Depth [salt water, m], lat = 47.5
# name 6 = sal00: Salinity, Practical [PSU]
# name 7 = sigma-é00: Density [sigma-theta, kg/m^3]
# name 8 = flag: flag
# span 0 = 199.448181, 199.448672       
# span 1 =      2.000,     40.000       
# span 2 =  34.771174,  35.632139       
# span 3 =     8.1263,    10.4400       
# span 4 =    3.31413,    4.46108       
# span 5 =      1.983,     39.662       
# span 6 =    32.1027,    33.3660       
# span 7 =    24.6169,    25.9726       
# span 8 = 0.0000e+00, 0.0000e+00       
# interval = decibars: 1                
# start_time = Jul 18 2006 10:42:05 [Instrument's time stamp, header]
# bad_flag = -9.990e-29
*END*
 199.448181      2.000  35.632139    10.4400    4.46108      1.983    32.1027    24.6169 0.0000e+00
 199.448208      3.000  35.616840    10.2728    4.20464      2.975    32.2354    24.7484 0.0000e+00
 199.448225      4.000  35.495720     9.9342    3.92923      3.966    32.4150    24.9449 0.0000e+00
 199.448239      5.000  35.507031     9.7909    3.84953      4.959    32.5551    25.0779 0.0000e+00
 199.448250      6.000  35.460204     9.6088    3.80510      5.950    32.6721    25.1989 0.0000e+00
 199.448262      7.000  35.304254     9.3329    3.74152      6.941    32.7633    25.3147 0.0000e+00
 199.448273      8.000  35.195589     9.1823    3.72328      7.933    32.7889    25.3586 0.0000e+00
 199.448284      9.000  35.161494     9.0992    3.73578      8.925    32.8296    25.4036 0.0000e+00
 199.448296     10.000  35.120601     8.9893    3.72907      9.916    32.8883    25.4667 0.0000e+00
 199.448306     11.000  35.085362     8.9271    3.68014     10.908    32.9088    25.4924 0.0000e+00
 199.448319     12.000  35.079968     8.9074    3.61433     11.899    32.9209    25.5050 0.0000e+00
 199.448330     13.000  35.070424     8.8412    3.52888     12.891    32.9720    25.5552 0.0000e+00
 199.448340     14.000  35.037072     8.6930    3.46966     13.883    33.0749    25.6586 0.0000e+00
 199.448351     15.000  34.980906     8.5350    3.43559     14.874    33.1635    25.7523 0.0000e+00
 199.448361     16.000  34.936028     8.4589    3.42348     15.866    33.1873    25.7824 0.0000e+00
 199.448374     17.000  34.925085     8.4159    3.38949     16.857    33.2158    25.8113 0.0000e+00
 199.448385     18.000  34.899136     8.3396    3.36698     17.849    33.2599    25.8573 0.0000e+00
 199.448397     19.000  34.852291     8.2865    3.35136     18.841    33.2602    25.8655 0.0000e+00
 199.448410     20.000  34.837540     8.2755    3.33590     19.832    33.2544    25.8626 0.0000e+00
 199.448423     21.000  34.827481     8.2641    3.33614     20.824    33.2541    25.8641 0.0000e+00
 199.448435     22.000  34.814948     8.2428    3.32457     21.815    33.2605    25.8723 0.0000e+00
 199.448445     23.000  34.795091     8.2115    3.31607     22.807    33.2686    25.8834 0.0000e+00
 199.448456     24.000  34.771174     8.1893    3.33363     23.798    33.2637    25.8829 0.0000e+00
 199.448466     25.000  34.775407     8.1863    3.34617     24.790    33.2706    25.8887 0.0000e+00
 199.448478     26.000  34.789648     8.1919    3.32796     25.782    33.2801    25.8953 0.0000e+00
 199.448488     27.000  34.799758     8.1968    3.33172     26.772    33.2857    25.8990 0.0000e+00
 199.448498     28.000  34.803616     8.1982    3.34300     27.765    33.2879    25.9006 0.0000e+00
 199.448509     29.000  34.804825     8.1999    3.34253     28.756    33.2872    25.8998 0.0000e+00
 199.448519     30.000  34.809519     8.2029    3.34704     29.748    33.2888    25.9005 0.0000e+00
 199.448529     31.000  34.822189     8.2063    3.35208     30.739    33.2986    25.9077 0.0000e+00
 199.448541     32.000  34.839760     8.2025    3.35945     31.731    33.3204    25.9254 0.0000e+00
 199.448551     33.000  34.841405     8.1921    3.34292     32.722    33.3316    25.9357 0.0000e+00
 199.448563     34.000  34.838523     8.1840    3.34291     33.713    33.3357    25.9402 0.0000e+00
 199.448574     35.000  34.836442     8.1797    3.35412     34.705    33.3372    25.9420 0.0000e+00
 199.448586     36.000  34.833385     8.1700    3.33965     35.696    33.3427    25.9478 0.0000e+00
 199.448599     37.000  34.829423     8.1610    3.32173     36.688    33.3465    25.9522 0.0000e+00
 199.448613     38.000  34.826588     8.1457    3.32535     37.679    33.3575    25.9631 0.0000e+00
 199.448627     39.000  34.819723     8.1306    3.31413     38.671    33.3641    25.9705 0.0000e+00
 199.448672     40.000  34.818061     8.1263    3.32931     39.662    33.3660    25.9726 0.0000e+00
