data/oxygen options/OCNMS/OCNMS1/raw_data/2006/CTD_CE042_053006faed.cnv
* Sea-Bird SBE19 Data File:
* FileName = C:\MOORING_DATA_2006\CTD_CE042_053006.hex
* Software Version 1.1.6
* Temperature SN = 2997
* Conductivity SN = 2997
* System UpLoad Time = May 30 2006 15:07:19
* SEACAT PROFILER V3.1c SN 2997   05/30/06  15:06:45.336
* strain gauge pressure sensor: S/N = 184829,  range = 3000 psia,  tc = 40
# nquan = 9                                 
# nvalues = 1782                        
# units = specified
# name 0 = timeJ: Julian Days
# name 1 = prSM: Pressure, Strain Gauge [db]
# name 2 = c0mS/cm: Conductivity [mS/cm]
# name 3 = t090C: Temperature [ITS-90, deg C]
# name 4 = oxML/L: Oxygen, Beckman/YSI [ml/l]
# name 5 = depSM: Depth [salt water, m], lat = 47.5
# name 6 = sal00: Salinity, Practical [PSU]
# name 7 = sigma-é00: Density [sigma-theta, kg/m^3]
# name 8 = flag: flag
# span 0 = 150.603669, 150.613976       
# span 1 =     -5.717,     42.694       
# span 2 =   0.283719,  37.871357       
# span 3 =     9.5591,    16.6419       
# span 4 =  -14.20145,   32.60411       
# span 5 =     -5.669,     42.333       
# span 6 =     0.1631,    32.8408       
# span 7 =    -1.0344,    25.3387       
# span 8 = 0.0000e+00, 0.0000e+00       
# interval = seconds: 0.5
# start_time = May 30 2006 14:29:17 [Instrument's time stamp, header]
# bad_flag = -9.990e-29
*END*
[from data line 961]
 150.609230     19.592  36.208282    11.7152    6.61688     19.428    31.5588    23.9703 -9.990e-29
 150.609236     19.625  36.221839    11.7120    6.64348     19.460    31.5747    23.9832 -9.990e-29
 150.609242     19.675  36.209439    11.6805    6.66010     19.510    31.5894    24.0004 -9.990e-29
 150.609248     19.731  36.182586    11.6383    6.67411     19.565    31.5993    24.0157 -9.990e-29
 150.609253     19.774  36.165295    11.6128    6.68280     19.608    31.6042    24.0241 -9.990e-29
 150.609259     19.785  36.160858    11.6190    6.67931     19.619    31.5946    24.0155 -9.990e-29
 150.609265     19.761  36.162594    11.6445    6.68500     19.595    31.5746    23.9954 -9.990e-29
 150.609271     19.717  36.171680    11.6717    6.68972     19.552    31.5603    23.9794 -9.990e-29
 150.609277     19.677  36.188820    11.6943    6.69744     19.512    31.5577    23.9733 -9.990e-29
 150.609282     19.654  36.205461    11.7064    6.70323     19.489    31.5636    23.9756 -9.990e-29
 150.609288     19.647  36.210136    11.7060    6.68226     19.482    31.5684    23.9795 -9.990e-29
 150.609294     19.648  36.203468    11.7001    6.64871     19.483    31.5670    23.9794 -9.990e-29
 150.609300     19.652  36.196756    11.6947    6.63134     19.487    31.5651    23.9789 -9.990e-29
 150.609306     19.660  36.196187    11.6919    6.61348     19.495    31.5669    23.9808 -9.990e-29
 150.609311     19.671  36.199315    11.6909    6.60774     19.506    31.5708    23.9840 -9.990e-29
 150.609317     19.687  36.201328    11.6849    6.59969     19.522    31.5778    23.9906 -9.990e-29
 150.609323     19.708  36.191442    11.6659    6.60068     19.543    31.5844    23.9991 -9.990e-29
 150.609329     19.732  36.165444    11.6384    6.59343     19.566    31.5826    24.0027 -9.990e-29
 150.609334     19.751  36.143636    11.6188    6.60568     19.585    31.5781    24.0027 -9.990e-29
 150.609340     19.763  36.140120    11.6134    6.62876     19.597    31.5793    24.0046 -9.990e-29
 150.609346     19.769  36.144025    11.6152    6.65139     19.603    31.5815    24.0061 -9.990e-29
 150.609352     19.768  36.147087    11.6174    6.69029     19.602    31.5826    24.0065 -9.990e-29
 150.609358     19.761  36.150017    11.6203    6.69841     19.595    31.5830    24.0063 -9.990e-29
 150.609363     19.747  36.153915    11.6266    6.67719     19.581    31.5814    24.0039 -9.990e-29
 150.609369     19.725  36.159485    11.6372    6.64717     19.559    31.5778    23.9992 -9.990e-29
 150.609375     19.699  36.166294    11.6512    6.62729     19.534    31.5725    23.9926 -9.990e-29
 150.609381     19.674  36.176127    11.6666    6.60387     19.509    31.5690    23.9870 -9.990e-29
 150.609387     19.659  36.190312    11.6772    6.59286     19.494    31.5737    23.9888 -9.990e-29
 150.609392     19.660  36.199714    11.6730    6.58668     19.495    31.5864    23.9994 -9.990e-29
 150.609398     19.682  36.191065    11.6502    6.58505     19.517    31.5974    24.0121 -9.990e-29
 150.609404     19.723  36.164609    11.6191    6.60502     19.557    31.5982    24.0183 -9.990e-29
 150.609410     19.767  36.137792    11.5957    6.61330     19.601    31.5921    24.0178 -9.990e-29
 150.609416     19.796  36.125887    11.5859    6.61063     19.630    31.5888    24.0170 -9.990e-29
 150.609421     19.803  36.124227    11.5875    6.61868     19.637    31.5859    24.0144 -9.990e-29
 150.609427     19.789  36.126102    11.5955    6.64914     19.623    31.5809    24.0091 -9.990e-29
 150.609433     19.757  36.132321    11.6051    6.67358     19.591    31.5788    24.0057 -9.990e-29
 150.609439     19.719  36.141636    11.6150    6.65581     19.553    31.5794    24.0044 -9.990e-29
 150.609444     19.683  36.151882    11.6226    6.62616     19.518    31.5829    24.0058 -9.990e-29
 150.609450     19.657  36.157646    11.6239    6.61056     19.492    31.5874    24.0090 -9.990e-29
 150.609456     19.644  36.157635    11.6229    6.60583     19.479    31.5882    24.0099 -9.990e-29
 150.609462     19.641  36.161928    11.6278    6.60750     19.476    31.5882    24.0090 -9.990e-29
 150.609468     19.650  36.175122    11.6362    6.61028     19.485    31.5939    24.0118 -9.990e-29
 150.609473     19.667  36.181708    11.6318    6.61751     19.502    31.6040    24.0205 -9.990e-29
 150.609479     19.684  36.163538    11.6114    6.62113     19.519    31.6037    24.0240 -9.990e-29
 150.609485     19.693  36.136206    11.5991    6.61565     19.528    31.5877    24.0137 -9.990e-29
 150.609491     19.691  36.129451    11.6061    6.59601     19.526    31.5751    24.0027 -9.990e-29
 150.609497     19.682  36.138180    11.6158    6.58757     19.517    31.5754    24.0012 -9.990e-29
 150.609502     19.674  36.142614    11.6183    6.59067     19.509    31.5775    24.0024 -9.990e-29
 150.609508     19.671  36.143614    11.6189    6.58822     19.506    31.5780    24.0027 -9.990e-29
 150.609514     19.672  36.147559    11.6163    6.58052     19.507    31.5841    24.0078 -9.990e-29
 150.609520     19.678  36.147363    11.6011    6.55575     19.513    31.5968    24.0205 -9.990e-29
 150.609525     19.689  36.133226    11.5769    6.56470     19.524    31.6037    24.0302 -9.990e-29
 150.609531     19.701  36.113215    11.5635    6.58160     19.536    31.5957    24.0264 -9.990e-29
 150.609537     19.707  36.106075    11.5693    6.61456     19.542    31.5838    24.0161 -9.990e-29
 150.609543     19.707  36.112369    11.5804    6.65517     19.542    31.5804    24.0115 -9.990e-29
 150.609549     19.706  36.119169    11.5835    6.66655     19.541    31.5844    24.0140 -9.990e-29
 150.609554     19.698  36.118149    11.5829    6.67166     19.533    31.5839    24.0137 -9.990e-29
 150.609560     19.680  36.115239    11.5924    6.66622     19.515    31.5730    24.0036 -9.990e-29
 150.609566     19.650  36.123941    11.6146    6.64908     19.485    31.5626    23.9914 -9.990e-29
 150.609572     19.614  36.141267    11.6391    6.62046     19.449    31.5586    23.9839 -9.990e-29
 150.609578     19.593  36.160584    11.6559    6.59980     19.429    31.5630    23.9843 -9.990e-29
 150.609583     19.597  36.176800    11.6577    6.59103     19.433    31.5772    23.9950 -9.990e-29
 150.609589     19.617  36.179005    11.6457    6.58483     19.452    31.5896    24.0068 -9.990e-29
 150.609595     19.639  36.170697    11.6282    6.60212     19.474    31.5964    24.0153 -9.990e-29
 150.609601     19.655  36.159300    11.6082    6.62336     19.490    31.6024    24.0235 -9.990e-29
 150.609606     19.665  36.141390    11.5898    6.63669     19.500    31.6006    24.0255 -9.990e-29
 150.609612     19.667  36.125051    11.5811    6.65231     19.502    31.5922    24.0205 -9.990e-29
 150.609618     19.656  36.122701    11.5815    6.64731     19.491    31.5896    24.0184 -9.990e-29
 150.609624     19.637  36.128954    11.5863    6.61594     19.472    31.5916    24.0191 -9.990e-29
 150.609630     19.615  36.138681    11.5971    6.61906     19.450    31.5918    24.0173 -9.990e-29
 150.609635     19.599  36.153066    11.6140    6.60693     19.435    31.5914    24.0139 -9.990e-29
 150.609641     19.595  36.167167    11.6319    6.59283     19.431    31.5898    24.0095 -9.990e-29
 150.609647     19.608  36.175101    11.6429    6.59452     19.443    31.5882    24.0062 -9.990e-29
 150.609653     19.635  36.172300    11.6373    6.58411     19.470    31.5902    24.0088 -9.990e-29
 150.609659     19.668  36.154467    11.6143    6.60680     19.503    31.5925    24.0147 -9.990e-29
 150.609664     19.701  36.130915    11.5882    6.63340     19.536    31.5918    24.0189 -9.990e-29
 150.609670     19.724  36.118474    11.5743    6.63845     19.558    31.5916    24.0212 -9.990e-29
 150.609676     19.730  36.118491    11.5766    6.64441     19.564    31.5896    24.0193 -9.990e-29
 150.609682     19.722  36.124248    11.5909    6.63865     19.556    31.5830    24.0116 -9.990e-29
 150.609688     19.709  36.133877    11.6098    6.63715     19.544    31.5763    24.0030 -9.990e-29
 150.609693     19.699  36.146190    11.6264    6.63592     19.534    31.5741    23.9983 -9.990e-29
 150.609699     19.695  36.159655    11.6365    6.64240     19.530    31.5786    23.9999 -9.990e-29
 150.609705     19.701  36.169224    11.6376    6.65418     19.536    31.5869    24.0062 -9.990e-29
 150.609711     19.719  36.170265    11.6327    6.66189     19.553    31.5921    24.0111 -9.990e-29
 150.609716     19.735  36.168089    11.6289    6.68202     19.569    31.5932    24.0127 -9.990e-29
 150.609722     19.743  36.167082    11.6303    6.68969     19.577    31.5911    24.0107 -9.990e-29
 150.609728     19.743  36.167576    11.6380    6.69885     19.577    31.5850    24.0046 -9.990e-29
 150.609734     19.735  36.171905    11.6504    6.71864     19.569    31.5786    23.9974 -9.990e-29
 150.609740     19.723  36.180787    11.6639    6.73157     19.557    31.5758    23.9928 -9.990e-29
 150.609745     19.714  36.193159    11.6775    6.72783     19.549    31.5762    23.9907 -9.990e-29
 150.609751     19.713  36.207006    11.6896    6.71985     19.548    31.5793    23.9909 -9.990e-29
 150.609757     19.719  36.216668    11.6968    6.68823     19.553    31.5826    23.9921 -9.990e-29
 150.609763     19.728  36.218195    11.6990    6.63500     19.562    31.5822    23.9914 -9.990e-29
 150.609769     19.737  36.216425    11.6998    6.59057     19.571    31.5798    23.9894 -9.990e-29
 150.609774     19.746  36.215725    11.7004    6.56817     19.580    31.5786    23.9884 -9.990e-29
 150.609780     19.756  36.213473    11.6960    6.54614     19.590    31.5801    23.9904 -9.990e-29
 150.609786     19.772  36.203856    11.6802    6.56249     19.606    31.5842    23.9964 -9.990e-29
 150.609792     19.794  36.183582    11.6486    6.59840     19.628    31.5915    24.0077 -9.990e-29
 150.609797     19.812  36.154222    11.6054    6.63653     19.646    31.5998    24.0220 -9.990e-29
 150.609803     19.813  36.122054    11.5711    6.66792     19.647    31.5977    24.0266 -9.990e-29
 150.609809     19.794  36.103069    11.5644    6.69522     19.628    31.5850    24.0179 -9.990e-29
 150.609815     19.757  36.106716    11.5843    6.69307     19.591    31.5716    24.0039 -9.990e-29
 150.609821     19.714  36.124384    11.6159    6.67483     19.549    31.5619    23.9907 -9.990e-29
 150.609826     19.673  36.148213    11.6467    6.66704     19.508    31.5588    23.9827 -9.990e-29
 150.609832     19.641  36.176321    11.6730    6.62248     19.476    31.5637    23.9818 -9.990e-29
 150.609838     19.625  36.202996    11.6884    6.59077     19.460    31.5765    23.9889 -9.990e-29
 150.609844     19.628  36.214446    11.6888    6.55925     19.463    31.5873    23.9972 -9.990e-29
 150.609850     19.649  36.206865    11.6759    6.53675     19.484    31.5909    24.0023 -9.990e-29
 150.609855     19.687  36.185287    11.6491    6.54786     19.522    31.5927    24.0086 -9.990e-29
 150.609861     19.730  36.156273    11.6166    6.57470     19.564    31.5922    24.0141 -9.990e-29
 150.609867     19.768  36.135540    11.5848    6.60166     19.602    31.5992    24.0252 -9.990e-29
 150.609873     19.800  36.118989    11.5538    6.63031     19.634    31.6095    24.0389 -9.990e-29
 150.609878     19.824  36.098001    11.5355    6.65464     19.658    31.6047    24.0384 -9.990e-29
 150.609884     19.827  36.088335    11.5420    6.66397     19.661    31.5898    24.0256 -9.990e-29
 150.609890     19.803  36.097282    11.5695    6.67735     19.637    31.5750    24.0092 -9.990e-29
 150.609896     19.757  36.116569    11.6038    6.69945     19.591    31.5646    23.9949 -9.990e-29
 150.609902     19.709  36.141619    11.6318    6.67903     19.544    31.5651    23.9903 -9.990e-29
 150.609907     19.676  36.168252    11.6467    6.65683     19.511    31.5783    23.9978 -9.990e-29
 150.609913     19.660  36.187670    11.6490    6.64280     19.495    31.5951    24.0105 -9.990e-29
 150.609919     19.657  36.194351    11.6463    6.60919     19.492    31.6039    24.0178 -9.990e-29
 150.609925     19.667  36.192712    11.6433    6.59863     19.502    31.6049    24.0191 -9.990e-29
 150.609931     19.689  36.190098    11.6389    6.59478     19.524    31.6061    24.0208 -9.990e-29
 150.609936     19.725  36.185262    11.6299    6.59891     19.559    31.6091    24.0248 -9.990e-29
 150.609942     19.770  36.175116    11.6172    6.60549     19.604    31.6100    24.0278 -9.990e-29
 150.609948     19.808  36.162393    11.6059    6.59789     19.642    31.6073    24.0277 -9.990e-29
 150.609954     19.830  36.149756    11.5970    6.59220     19.664    31.6026    24.0257 -9.990e-29
 150.609959     19.836  36.138297    11.5903    6.60477     19.670    31.5971    24.0227 -9.990e-29
 150.609965     19.832  36.131238    11.5905    6.63902     19.666    31.5901    24.0172 -9.990e-29
 150.609971     19.816  36.132624    11.5968    6.65088     19.650    31.5861    24.0129 -9.990e-29
 150.609977     19.794  36.140931    11.5998    6.63231     19.628    31.5916    24.0167 -9.990e-29
 150.609983     19.771  36.144235    11.5944    6.61053     19.605    31.5994    24.0237 -9.990e-29
 150.609988     19.754  36.138528    11.5875    6.58348     19.588    31.5998    24.0252 -9.990e-29
 150.609994     19.748  36.136392    11.5892    6.55991     19.582    31.5963    24.0222 -9.990e-29
 150.610000     19.750  36.142265    11.5991    6.55687     19.584    31.5935    24.0183 -9.990e-29
 150.610006     19.763  36.151631    11.6033    6.54595     19.597    31.5990    24.0218 -9.990e-29
 150.610012     19.786  36.150611    11.5866    6.54247     19.620    31.6123    24.0351 -9.990e-29
 150.610017     19.816  36.127188    11.5535    6.56098     19.650    31.6177    24.0453 -9.990e-29
 150.610023     19.844  36.097245    11.5238    6.58258     19.677    31.6139    24.0477 -9.990e-29
 150.610029     19.857  36.079748    11.5086    6.60176     19.690    31.6099    24.0473 -9.990e-29
 150.610035     19.852  36.076596    11.5080    6.62024     19.685    31.6073    24.0454 -9.990e-29
 150.610041     19.828  36.082454    11.5190    6.61709     19.662    31.6037    24.0406 -9.990e-29
 150.610046     19.790  36.091667    11.5362    6.61731     19.624    31.5980    24.0330 -9.990e-29
 150.610052     19.742  36.101930    11.5541    6.63070     19.576    31.5927    24.0257 -9.990e-29
 150.610058     19.691  36.114026    11.5714    6.63724     19.526    31.5897    24.0203 -9.990e-29
 150.610064     19.645  36.131182    11.5878    6.63547     19.480    31.5924    24.0195 -9.990e-29
 150.610069     19.616  36.149348    11.5957    6.61641     19.451    31.6034    24.0265 -9.990e-29
 150.610075     19.604  36.154043    11.5917    6.59564     19.439    31.6113    24.0334 -9.990e-29
 150.610081     19.605  36.145356    11.5852    6.57616     19.440    31.6084    24.0324 -9.990e-29
 150.610087     19.612  36.139187    11.5839    6.55926     19.447    31.6036    24.0288 -9.990e-29
 150.610093     19.623  36.139647    11.5871    6.55091     19.458    31.6013    24.0265 -9.990e-29
 150.610098     19.648  36.140051    11.5881    6.53767     19.483    31.6008    24.0259 -9.990e-29
 150.610104     19.690  36.134764    11.5794    6.55555     19.525    31.6031    24.0292 -9.990e-29
 150.610110     19.737  36.120660    11.5602    6.56862     19.571    31.6057    24.0347 -9.990e-29
 150.610116     19.780  36.101927    11.5356    6.56714     19.614    31.6085    24.0413 -9.990e-29
 150.610122     19.814  36.085556    11.5145    6.56374     19.648    31.6105    24.0467 -9.990e-29
 150.610127     19.826  36.074951    11.5060    6.54650     19.660    31.6074    24.0458 -9.990e-29
 150.610133     19.811  36.073911    11.5126    6.55603     19.645    31.6008    24.0395 -9.990e-29
 150.610139     19.770  36.081601    11.5294    6.61490     19.604    31.5940    24.0312 -9.990e-29
 150.610145     19.715  36.092004    11.5449    6.66336     19.550    31.5909    24.0260 -9.990e-29
