data/oxygen options/OCNMS/OCNMS1/raw_data/2006/CTD_CA042_060606faed.cnv
* Sea-Bird SBE19 Data File:
* FileName = C:\MOORING_DATA_2006\CTD_CA042_060606.hex
* Software Version 1.1.6
* Temperature SN = 2997
* Conductivity SN = 2997
* System UpLoad Time = Jun 06 2006 16:54:41
* SEACAT PROFILER V3.1c SN 2997   06/06/06  16:54:05.090
* strain gauge pressure sensor: S/N = 184829,  range = 3000 psia,  tc = 40
# nquan = 9                                 
# nvalues = 1500                        
# units = specified
# name 0 = timeJ: Julian Days
# name 1 = prSM: Pressure, Strain Gauge [db]
# name 2 = c0mS/cm: Conductivity [mS/cm]
# name 3 = t090C: Temperature [ITS-90, deg C]
# name 4 = oxML/L: Oxygen, Beckman/YSI [ml/l]
# name 5 = depSM: Depth [salt water, m], lat = 47.5
# name 6 = sal00: Salinity, Practical [PSU]
# name 7 = sigma-é00: Density [sigma-theta, kg/m^3]
# name 8 = flag: flag
# span 0 = 157.692581, 157.701256       
# span 1 =     -5.627,     40.195       
# span 2 =   1.123047,  37.428204       
# span 3 =     8.3691,    15.7679       
# span 4 =   -0.06699,   30.91542       
# span 5 =     -5.580,     39.856       
# span 6 =     0.6926,    33.1009       
# span 7 =    -0.4303,    25.7264       
# span 8 = 0.0000e+00, 0.0000e+00       
# interval = seconds: 0.5
# start_time = Jun 06 2006 16:37:19 [Instrument's time stamp, header]
# bad_flag = -9.990e-29
*END*
[from data line 481]
 157.695365     39.042  34.756008     8.3935    4.01417     38.712    33.0481    25.6835 0.0000e+00
 157.695370     39.360  34.757425     8.3747    4.02377     39.028    33.0671    25.7012 0.0000e+00
 157.695376     39.634  34.758432     8.3691    4.03357     39.299    33.0733    25.7069 0.0000e+00
 157.695382     39.859  34.760311     8.3699    4.03980     39.523    33.0744    25.7077 0.0000e+00
 157.695388     40.037  34.763834     8.3721    4.04465     39.699    33.0760    25.7086 -9.990e-29
 157.695394     40.153  34.768629     8.3746    4.06017     39.814    33.0786    25.7103 -9.990e-29
 157.695399     40.195  34.774364     8.3788    4.07339     39.856    33.0807    25.7113 -9.990e-29
 157.695405     40.163  34.782540     8.3833    4.07946     39.824    33.0852    25.7141 -9.990e-29
 157.695411     40.065  34.792313     8.3842    4.08693     39.727    33.0947    25.7214 -9.990e-29
 157.695417     39.903  34.797121     8.3831    4.10743     39.566    33.1009    25.7264 0.0000e+00
 157.695422     39.685  34.793316     8.3843    4.13025     39.350    33.0958    25.7223 0.0000e+00
 157.695428     39.420  34.784274     8.3894    4.14381     39.087    33.0816    25.7104 0.0000e+00
 157.695434     39.119  34.776481     8.3998    4.14416     38.789    33.0637    25.6948 0.0000e+00
 157.695440     38.789  34.774726     8.4109    4.16889     38.462    33.0516    25.6836 0.0000e+00
 157.695446     38.428  34.775581     8.4182    4.21763     38.104    33.0458    25.6780 0.0000e+00
 157.695451     38.046  34.772936     8.4270    4.26577     37.725    33.0350    25.6682 0.0000e+00
 157.695457     37.663  34.763863     8.4390    4.31904     37.345    33.0143    25.6502 0.0000e+00
 157.695463     37.295  34.750885     8.4485    4.37975     36.980    32.9919    25.6312 0.0000e+00
 157.695469     36.935  34.742531     8.4591    4.45661     36.623    32.9734    25.6150 0.0000e+00
 157.695475     36.565  34.741161     8.4917    4.54813     36.257    32.9416    25.5852 0.0000e+00
 157.695480     36.169  34.743303     8.5626    4.62867     35.864    32.8779    25.5246 0.0000e+00
 157.695486     35.744  34.745116     8.6549    4.67363     35.443    32.7942    25.4450 0.0000e+00
 157.695492     35.297  34.744570     8.7386    4.72991     34.999    32.7164    25.3712 0.0000e+00
 157.695498     34.847  34.745475     8.7984    4.81210     34.553    32.6624    25.3197 0.0000e+00
 157.695503     34.407  34.749092     8.8283    4.89968     34.117    32.6388    25.2967 0.0000e+00
 157.695509     33.985  34.752443     8.8403    4.97221     33.699    32.6314    25.2891 0.0000e+00
 157.695515     33.582  34.755555     8.8590    5.03940     33.299    32.6177    25.2754 0.0000e+00
 157.695521     33.192  34.760936     8.8959    5.07806     32.912    32.5895    25.2477 0.0000e+00
 157.695527     32.797  34.770186     8.9673    5.07152     32.521    32.5339    25.1931 0.0000e+00
 157.695532     32.389  34.788385     9.0850    5.10834     32.116    32.4455    25.1056 0.0000e+00
 157.695538     31.972  34.826379     9.2120    5.25844     31.703    32.3695    25.0263 0.0000e+00
 157.695544     31.560  34.877109     9.3031    5.46965     31.294    32.3394    24.9884 0.0000e+00
 157.695550     31.167  34.915740     9.3482    5.60967     30.905    32.3386    24.9806 0.0000e+00
 157.695556     30.808  34.936640     9.3588    5.63415     30.549    32.3506    24.9883 0.0000e+00
 157.695561     30.494  34.949221     9.3661    5.63797     30.237    32.3571    24.9922 0.0000e+00
 157.695567     30.230  34.966374     9.4184    5.66620     29.976    32.3276    24.9608 0.0000e+00
 157.695573     30.017  35.013249     9.5774    5.75422     29.764    32.2325    24.8611 0.0000e+00
 157.695579     29.859  35.133308     9.8263    5.84373     29.608    32.1323    24.7425 -9.990e-29
 157.695584     29.746  35.299347    10.0292    5.88737     29.496    32.1200    24.6996 -9.990e-29
 157.695590     29.653  35.394059    10.1134    5.89031     29.403    32.1409    24.7019 -9.990e-29
 157.695596     29.570  35.396315    10.1301    5.86376     29.321    32.1284    24.6894 -9.990e-29
 157.695602     29.504  35.379305    10.1435    5.84513     29.256    32.0994    24.6646 -9.990e-29
 157.695608     29.465  35.386012    10.1838    5.82812     29.217    32.0705    24.6353 -9.990e-29
 157.695613     29.449  35.427655    10.2511    5.82219     29.201    32.0529    24.6103 -9.990e-29
 157.695619     29.448  35.483514    10.3323    5.83431     29.200    32.0373    24.5846 -9.990e-29
 157.695625     29.453  35.523225    10.4054    5.83744     29.205    32.0127    24.5531 -9.990e-29
 157.695631     29.459  35.539770    10.4479    5.83109     29.211    31.9919    24.5297 -9.990e-29
 157.695637     29.471  35.537873    10.4611    5.82793     29.223    31.9784    24.5169 -9.990e-29
 157.695642     29.490  35.527954    10.4634    5.78298     29.242    31.9664    24.5072 -9.990e-29
 157.695648     29.510  35.519264    10.4678    5.73766     29.262    31.9539    24.4967 -9.990e-29
 157.695654     29.526  35.515392    10.4793    5.72054     29.277    31.9399    24.4838 -9.990e-29
 157.695660     29.544  35.523549    10.4939    5.73388     29.295    31.9353    24.4777 -9.990e-29
 157.695666     29.569  35.538942    10.5011    5.75542     29.320    31.9443    24.4836 -9.990e-29
 157.695671     29.600  35.543434    10.4960    5.79919     29.351    31.9533    24.4914 -9.990e-29
 157.695677     29.633  35.534080    10.4768    5.81227     29.384    31.9607    24.5005 -9.990e-29
 157.695683     29.666  35.518075    10.4447    5.79848     29.416    31.9729    24.5154 -9.990e-29
 157.695689     29.688  35.494305    10.4249    5.79888     29.438    31.9665    24.5138 -9.990e-29
 157.695694     29.689  35.478780    10.4477    5.78139     29.439    31.9310    24.4822 -9.990e-29
 157.695700     29.672  35.491769    10.4972    5.74804     29.422    31.9006    24.4502 -9.990e-29
 157.695706     29.654  35.516408    10.5350    5.65672     29.404    31.8921    24.4371 -9.990e-29
 157.695712     29.646  35.539039    10.5433    5.58362     29.396    31.9074    24.4477 -9.990e-29
 157.695718     29.657  35.551185    10.5187    5.60272     29.407    31.9411    24.4781 -9.990e-29
 157.695723     29.686  35.539358    10.4709    5.66667     29.436    31.9712    24.5096 -9.990e-29
 157.695729     29.727  35.515869    10.4167    5.69700     29.477    31.9953    24.5376 -9.990e-29
 157.695735     29.775  35.489814    10.3573    5.62924     29.524    32.0214    24.5680 -9.990e-29
 157.695741     29.823  35.453398    10.2845    5.49062     29.572    32.0491    24.6018 -9.990e-29
 157.695747     29.866  35.402960    10.2205    5.40335     29.615    32.0549    24.6170 -9.990e-29
 157.695752     29.900  35.361574    10.2084    5.42167     29.648    32.0239    24.5949 -9.990e-29
 157.695758     29.924  35.362131    10.2383    5.48875     29.672    31.9981    24.5698 -9.990e-29
 157.695764     29.946  35.385765    10.2411    5.54151     29.694    32.0194    24.5859 -9.990e-29
 157.695770     29.967  35.379898    10.1714    5.60463     29.715    32.0751    24.6410 -9.990e-29
 157.695775     29.988  35.330023    10.0574    5.68078     29.736    32.1258    24.6995 -9.990e-29
 157.695781     29.998  35.262221     9.9776    5.69415     29.745    32.1282    24.7145 -9.990e-29
 157.695787     29.979  35.223514     9.9907    5.70164     29.727    32.0774    24.6727 -9.990e-29
 157.695793     29.936  35.244743    10.0889    5.69685     29.684    32.0118    24.6054 -9.990e-29
 157.695799     29.879  35.303754    10.2107    5.69028     29.627    31.9638    24.5476 -9.990e-29
 157.695804     29.816  35.365978    10.2987    5.63829     29.565    31.9488    24.5212 -9.990e-29
 157.695810     29.765  35.422463    10.3462    5.56732     29.514    31.9637    24.5249 -9.990e-29
 157.695816     29.739  35.464455    10.3574    5.53849     29.489    31.9960    24.5481 -9.990e-29
 157.695822     29.742  35.463868    10.3234    5.54293     29.492    32.0253    24.5767 -9.990e-29
 157.695828     29.769  35.427813    10.2566    5.58728     29.518    32.0480    24.6056 -9.990e-29
 157.695833     29.814  35.395746    10.1795    5.60947     29.563    32.0839    24.6465 -9.990e-29
 157.695839     29.871  35.364198    10.0959    5.60316     29.620    32.1262    24.6934 -9.990e-29
 157.695845     29.930  35.311878    10.0220    5.58629     29.678    32.1390    24.7156 -9.990e-29
 157.695851     29.978  35.263271     9.9933    5.57506     29.726    32.1153    24.7019 -9.990e-29
 157.695856     30.010  35.256217    10.0131    5.60242     29.757    32.0906    24.6793 -9.990e-29
 157.695862     30.028  35.284133    10.0511    5.63345     29.775    32.0850    24.6687 -9.990e-29
 157.695868     30.033  35.318095    10.0837    5.67271     29.780    32.0904    24.6675 -9.990e-29
 157.695874     30.029  35.340615    10.1014    5.67440     29.776    32.0975    24.6701 -9.990e-29
 157.695880     30.021  35.343626    10.1055    5.62962     29.768    32.0969    24.6689 -9.990e-29
 157.695885     30.008  35.335107    10.1061    5.60176     29.755    32.0877    24.6617 -9.990e-29
 157.695891     29.989  35.330098    10.1148    5.62560     29.737    32.0750    24.6503 -9.990e-29
 157.695897     29.962  35.337097    10.1363    5.65473     29.710    32.0630    24.6374 -9.990e-29
 157.695903     29.936  35.353133    10.1582    5.67789     29.684    32.0598    24.6313 -9.990e-29
 157.695909     29.920  35.369898    10.1611    5.65357     29.668    32.0741    24.6420 -9.990e-29
 157.695914     29.915  35.369408    10.1389    5.57018     29.663    32.0933    24.6606 -9.990e-29
 157.695920     29.915  35.341515    10.1085    5.47850     29.663    32.0921    24.6647 -9.990e-29
 157.695926     29.920  35.322532    10.0977    5.43168     29.668    32.0825    24.6590 -9.990e-29
 157.695932     29.931  35.332607    10.1080    5.43872     29.679    32.0836    24.6581 -9.990e-29
 157.695938     29.949  35.345382    10.1100    5.47452     29.697    32.0947    24.6665 -9.990e-29
 157.695943     29.974  35.339787    10.0800    5.50179     29.722    32.1156    24.6878 -9.990e-29
 157.695949     30.008  35.310645    10.0161    5.52356     29.755    32.1429    24.7197 -9.990e-29
 157.695955     30.045  35.260078     9.9419    5.58008     29.792    32.1578    24.7435 -9.990e-29
 157.695961     30.070  35.205938     9.8975    5.63680     29.817    32.1424    24.7388 -9.990e-29
 157.695966     30.076  35.184296     9.9098    5.67149     29.823    32.1095    24.7111 -9.990e-29
 157.695972     30.063  35.208938     9.9701    5.67702     29.810    32.0809    24.6788 -9.990e-29
 157.695978     30.035  35.255542    10.0489    5.67833     29.782    32.0581    24.6481 -9.990e-29
 157.695984     29.999  35.301602    10.1227    5.68722     29.746    32.0393    24.6211 -9.990e-29
 157.695990     29.961  35.339039    10.1796    5.69525     29.709    32.0267    24.6019 -9.990e-29
 157.695995     29.935  35.371270    10.2172    5.71189     29.683    32.0259    24.5950 -9.990e-29
 157.696001     29.938  35.398134    10.2325    5.71155     29.686    32.0394    24.6030 -9.990e-29
 157.696007     29.964  35.404460    10.2275    5.67950     29.712    32.0502    24.6122 -9.990e-29
 157.696013     29.998  35.394800    10.2157    5.61744     29.745    32.0509    24.6147 -9.990e-29
 157.696019     30.031  35.387155    10.2078    5.52867     29.778    32.0502    24.6155 -9.990e-29
 157.696024     30.059  35.383700    10.2039    5.49707     29.806    32.0501    24.6161 -9.990e-29
 157.696030     30.080  35.379863    10.1965    5.51658     29.827    32.0528    24.6194 -9.990e-29
 157.696036     30.091  35.373926    10.1787    5.54713     29.838    32.0625    24.6300 -9.990e-29
 157.696042     30.102  35.360811    10.1420    5.59582     29.849    32.0818    24.6511 -9.990e-29
 157.696047     30.122  35.333721    10.0805    5.60714     29.868    32.1090    24.6825 -9.990e-29
 157.696053     30.143  35.293024    10.0154    5.56290     29.889    32.1257    24.7063 -9.990e-29
 157.696059     30.154  35.247858     9.9803    5.52046     29.900    32.1112    24.7008 -9.990e-29
 157.696065     30.151  35.225513     9.9830    5.46750     29.897    32.0862    24.6808 -9.990e-29
 157.696071     30.138  35.241081    10.0083    5.43806     29.884    32.0795    24.6714 -9.990e-29
 157.696076     30.128  35.266557    10.0363    5.42866     29.874    32.0804    24.6675 -9.990e-29
 157.696082     30.129  35.276684    10.0420    5.44096     29.875    32.0856    24.6706 -9.990e-29
 157.696088     30.135  35.272646    10.0046    5.47084     29.881    32.1147    24.6995 -9.990e-29
 157.696094     30.144  35.254301     9.9326    5.50138     29.890    32.1602    24.7469 -9.990e-29
 157.696100     30.151  35.218487     9.8603    5.52527     29.897    32.1883    24.7807 -9.990e-29
 157.696105     30.153  35.182665     9.8220    5.51216     29.899    32.1861    24.7852 -9.990e-29
 157.696111     30.150  35.169138     9.8284    5.47959     29.896    32.1667    24.7690 -9.990e-29
 157.696117     30.138  35.177220     9.8703    5.50400     29.884    32.1375    24.7394 -9.990e-29
 157.696123     30.114  35.201397     9.9337    5.54746     29.860    32.1056    24.7041 -9.990e-29
 157.696128     30.088  35.232946     9.9907    5.58829     29.835    32.0869    24.6801 -9.990e-29
 157.696134     30.065  35.256719    10.0153    5.63335     29.812    32.0891    24.6778 -9.990e-29
 157.696140     30.052  35.267954    10.0036    5.61541     29.799    32.1109    24.6967 -9.990e-29
 157.696146     30.045  35.262556     9.9744    5.59384     29.792    32.1314    24.7175 -9.990e-29
 157.696152     30.031  35.247891     9.9693    5.56748     29.778    32.1210    24.7103 -9.990e-29
 157.696157     30.007  35.251489    10.0093    5.56825     29.754    32.0892    24.6788 -9.990e-29
 157.696163     29.982  35.275874    10.0637    5.58291     29.730    32.0656    24.6514 -9.990e-29
 157.696169     29.963  35.299137    10.0908    5.60063     29.711    32.0650    24.6465 -9.990e-29
 157.696175     29.956  35.310786    10.0796    5.60366     29.704    32.0867    24.6653 -9.990e-29
 157.696181     29.966  35.306156    10.0431    5.56171     29.714    32.1144    24.6930 -9.990e-29
 157.696186     29.984  35.285229    10.0072    5.52708     29.732    32.1252    24.7073 -9.990e-29
 157.696192     29.999  35.263821     9.9916    5.53941     29.746    32.1174    24.7038 -9.990e-29
 157.696198     30.008  35.260468     9.9914    5.56838     29.755    32.1141    24.7013 -9.990e-29
 157.696204     30.011  35.271791     9.9947    5.63326     29.758    32.1227    24.7074 -9.990e-29
 157.696209     30.013  35.283143     9.9946    5.65186     29.760    32.1342    24.7164 -9.990e-29
 157.696215     30.018  35.282720     9.9853    5.61399     29.765    32.1421    24.7241 -9.990e-29
 157.696221     30.018  35.265453     9.9790    5.52811     29.765    32.1302    24.7159 -9.990e-29
 157.696227     29.999  35.254286     9.9967    5.49602     29.746    32.1032    24.6919 -9.990e-29
 157.696233     29.970  35.265711    10.0327    5.49180     29.718    32.0828    24.6700 -9.990e-29
 157.696238     29.955  35.284094    10.0636    5.50125     29.703    32.0740    24.6580 -9.990e-29
 157.696244     29.964  35.298600    10.0656    5.52945     29.712    32.0868    24.6677 -9.990e-29
 157.696250     29.999  35.299954    10.0194    5.54706     29.746    32.1292    24.7084 -9.990e-29
 157.696256     30.053  35.269200     9.9470    5.56071     29.800    32.1625    24.7463 -9.990e-29
 157.696262     30.104  35.218593     9.9045    5.58150     29.851    32.1490    24.7428 -9.990e-29
 157.696267     30.129  35.196150     9.9102    5.58709     29.875    32.1212    24.7201 -9.990e-29
 157.696273     30.127  35.214531     9.9379    5.60374     29.873    32.1151    24.7109 -9.990e-29
 157.696279     30.109  35.242692     9.9704    5.63533     29.856    32.1148    24.7052 -9.990e-29
