data/oxygen options/OCNMS/OCNMS1/raw_data/2006/CTD_CE065_080806faed.cnv
* Sea-Bird SBE19 Data File:
* FileName = C:\MOORING_DATA_2006\CTD_CE065_080806.hex
* Software Version 1.1.6
* Temperature SN = 2997
* Conductivity SN = 2997
* System UpLoad Time = Aug 08 2006 13:24:30
* SEACAT PROFILER V3.1c SN 2997   08/08/06  13:24:06.284
* strain gauge pressure sensor: S/N = 184829,  range = 3000 psia,  tc = 40
# nquan = 9                                 
# nvalues = 1971                        
# units = specified
# name 0 = timeJ: Julian Days
# name 1 = prSM: Pressure, Strain Gauge [db]
# name 2 = c0mS/cm: Conductivity [mS/cm]
# name 3 = t090C: Temperature [ITS-90, deg C]
# name 4 = oxML/L: Oxygen, Beckman/YSI [ml/l]
# name 5 = depSM: Depth [salt water, m], lat = 47.5
# name 6 = sal00: Salinity, Practical [PSU]
# name 7 = sigma-é00: Density [sigma-theta, kg/m^3]
# name 8 = flag: flag
# span 0 = 220.541933, 220.553333       
# span 1 =     -4.294,     66.258       
# span 2 =   1.166245,  36.854794       
# span 3 =     7.4107,    11.6521       
# span 4 =  -12.07244,   38.27874       
# span 5 =     -4.258,     65.694       
# span 6 =     0.7940,    33.9255       
# span 7 =     0.1615,    26.5158       
# span 8 = 0.0000e+00, 0.0000e+00       
# interval = seconds: 0.5
# start_time = Aug 08 2006 13:00:23 [Instrument's time stamp, header]
# bad_flag = -9.990e-29
*END*
 220.541933     -4.294 -9.990e-29    11.3004   -0.06133     -4.258 -9.990e-29 -9.990e-29 -9.990e-29
 220.541939     -4.274  36.507771    11.2933   -0.06130     -4.238    32.2243    24.5627 -9.990e-29
 220.541944     -4.244  36.410832    11.2858   -0.06134     -4.209    32.1357    24.4952 -9.990e-29
 220.541950     -4.207  36.540046    11.2792   -0.06132     -4.172    32.2682    24.5994 -9.990e-29
 220.541956     -4.172  36.701495    11.2748   -0.06132     -4.137    32.4307    24.7265 -9.990e-29
 220.541962     -4.134  36.765928    11.2732   -0.06133     -4.100    32.4954    24.7771 -9.990e-29
 220.541968     -4.085  36.800746    11.2753   -0.06136     -4.051    32.5278    24.8019 -9.990e-29
 220.541973     -4.035  36.815701    11.2791   -0.06135     -4.001    32.5391    24.8100 -9.990e-29
 220.541979     -3.995  36.822262    11.2824   -0.06138     -3.962    32.5426    24.8122 -9.990e-29
 220.541985     -3.961  36.835106    11.2849   -0.06137     -3.928    32.5530    24.8198 -9.990e-29
 220.541991     -3.922  36.844954    11.2857   -0.06136     -3.889    32.5620    24.8266 -9.990e-29
 220.541997     -3.873  36.849750    11.2842   -0.06135     -3.841    32.5680    24.8316 -9.990e-29
 220.542002     -3.810  36.852479    11.2828   -0.06136     -3.778    32.5719    24.8349 -9.990e-29
 220.542008     -3.732  36.850004    11.2815   -0.06136     -3.701    32.5706    24.8341 -9.990e-29
 220.542014     -3.641  36.848512    11.2778   -0.06136     -3.611    32.5724    24.8361 -9.990e-29
 220.542020     -3.529  36.844848    11.2718   -0.06135     -3.500    32.5740    24.8385 -9.990e-29
 220.542025     -3.398  36.837446    11.2663   -0.06138     -3.370    32.5715    24.8375 -9.990e-29
 220.542031     -3.252  36.834897    11.2636   -0.06137     -3.225    32.5713    24.8379 -9.990e-29
 220.542037     -3.096  36.835437    11.2639   -0.06137     -3.070    32.5715    24.8380 -9.990e-29
 220.542043     -2.945  36.834131    11.2654   -0.06136     -2.920    32.5689    24.8356 -9.990e-29
 220.542049     -2.815  36.838164    11.2670   -0.06136     -2.792    32.5714    24.8373 -9.990e-29
 220.542054     -2.710  36.848379    11.2679   -0.06138     -2.687    32.5806    24.8443 -9.990e-29
 220.542060     -2.632  36.854794    11.2678   -0.06137     -2.610    32.5869    24.8493 -9.990e-29
 220.542066     -2.578  36.853579    11.2671   -0.06138     -2.557    32.5863    24.8489 -9.990e-29
 220.542072     -2.534  36.849238    11.2660   -0.06138     -2.513    32.5830    24.8465 -9.990e-29
 220.542078     -2.493  36.848277    11.2650   -0.06138     -2.472    32.5830    24.8467 -9.990e-29
 220.542083     -2.453  36.846563    11.2649   -0.06138     -2.433    32.5813    24.8454 -9.990e-29
 220.542089     -2.415  36.840644    11.2657   -0.06137     -2.395    32.5748    24.8402 -9.990e-29
 220.542095     -2.386  36.838288    11.2658   -0.06139     -2.366    32.5724    24.8383 -9.990e-29
 220.542101     -2.364  36.838549    11.2642   -0.06139     -2.344    32.5740    24.8399 -9.990e-29
 220.542106     -2.339  36.837807    11.2616   -0.06139     -2.319    32.5756    24.8416 -9.990e-29
 220.542112     -2.310  36.837269    11.2596   -0.06141     -2.291    32.5768    24.8429 -9.990e-29
 220.542118     -2.282  36.837855    11.2584   -0.06140     -2.263    32.5784    24.8443 -9.990e-29
 220.542124     -2.259  36.839179    11.2575   -0.06140     -2.240    32.5805    24.8461 -9.990e-29
 220.542130     -2.239  36.838474    11.2569   -0.06139     -2.220    32.5804    24.8461 -9.990e-29
 220.542135     -2.221  36.837556    11.2570   -0.06139     -2.202    32.5794    24.8453 -9.990e-29
 220.542141     -2.204  36.836839    11.2570   -0.06139     -2.186    32.5786    24.8448 -9.990e-29
 220.542147     -2.186  36.835881    11.2558   -0.06140     -2.168    32.5788    24.8451 -9.990e-29
 220.542153     -2.166  36.833923    11.2531   -0.06140     -2.148    32.5792    24.8459 -9.990e-29
 220.542159     -2.144  36.828869    11.2498   -0.06139     -2.126    32.5771    24.8449 -9.990e-29
 220.542164     -2.118  36.825712    11.2478   -0.06140     -2.100    32.5758    24.8442 -9.990e-29
 220.542170     -2.090  36.824684    11.2481   -0.06140     -2.073    32.5745    24.8431 -9.990e-29
 220.542176     -2.067  36.822684    11.2493   -0.06140     -2.050    32.5715    24.8406 -9.990e-29
 220.542182     -2.053  36.822608    11.2500   -0.06140     -2.036    32.5708    24.8399 -9.990e-29
 220.542188     -2.041  36.823189    11.2498   -0.06140     -2.024    32.5715    24.8405 -9.990e-29
 220.542193     -2.022  36.823476    11.2490   -0.06140     -2.005    32.5725    24.8414 -9.990e-29
 220.542199     -1.992  36.824928    11.2485   -0.06140     -1.975    32.5744    24.8429 -9.990e-29
 220.542205     -1.952  36.825509    11.2487   -0.06140     -1.936    32.5747    24.8432 -9.990e-29
 220.542211     -1.913  36.825385    11.2490   -0.06140     -1.897    32.5743    24.8428 -9.990e-29
 220.542216     -1.881  36.827149    11.2489   -0.06141     -1.865    32.5761    24.8443 -9.990e-29
 220.542222     -1.849  36.829181    11.2483   -0.06141     -1.834    32.5787    24.8463 -9.990e-29
 220.542228     -1.816  36.830781    11.2473   -0.06141     -1.801    32.5811    24.8484 -9.990e-29
 220.542234     -1.787  36.834038    11.2465   -0.06141     -1.772    32.5850    24.8516 -9.990e-29
 220.542240     -1.762  36.837078    11.2462   -0.06141     -1.747    32.5882    24.8542 -9.990e-29
 220.542245     -1.734  36.838862    11.2463   -0.06141     -1.720    32.5899    24.8554 -9.990e-29
 220.542251     -1.705  36.840039    11.2465   -0.06141     -1.691    32.5909    24.8562 -9.990e-29
 220.542257     -1.683  36.838768    11.2468   -0.06142     -1.669    32.5893    24.8549 -9.990e-29
 220.542263     -1.669  36.834432    11.2471   -0.06143     -1.655    32.5848    24.8513 -9.990e-29
 220.542269     -1.660  36.829617    11.2470   -0.06143     -1.646    32.5802    24.8477 -9.990e-29
 220.542274     -1.651  36.825149    11.2465   -0.06143     -1.637    32.5762    24.8447 -9.990e-29
 220.542280     -1.640  36.820073    11.2455   -0.06143     -1.626    32.5721    24.8417 -9.990e-29
 220.542286     -1.626  36.817111    11.2446   -0.06143     -1.612    32.5700    24.8402 -9.990e-29
 220.542292     -1.610  36.816193    11.2440   -0.06144     -1.597    32.5696    24.8400 -9.990e-29
 220.542297     -1.595  36.814368    11.2432   -0.06146     -1.582    32.5685    24.8393 -9.990e-29
 220.542303     -1.587  36.812521    11.2414   -0.06147     -1.574    32.5683    24.8395 -9.990e-29
 220.542309     -1.587  36.810388    11.2388   -0.06147     -1.574    32.5685    24.8401 -9.990e-29
 220.542315     -1.581  36.806760    11.2366   -0.06147     -1.568    32.5668    24.8392 -9.990e-29
 220.542321     -1.565  36.804048    11.2352   -0.06146     -1.552    32.5654    24.8384 -9.990e-29
 220.542326     -1.555  36.802517    11.2337   -0.06146     -1.542    32.5652    24.8385 -9.990e-29
 220.542332     -1.563  36.800079    11.2316   -0.06146     -1.550    32.5647    24.8384 -9.990e-29
 220.542338     -1.582  36.797923    11.2286   -0.06146     -1.569    32.5652    24.8394 -9.990e-29
 220.542344     -1.595  36.795934    11.2233   -0.06146     -1.582    32.5679    24.8425 -9.990e-29
 220.542350     -1.590  36.793098    11.2164   -0.06146     -1.577    32.5712    24.8463 -9.990e-29
 220.542355     -1.567  36.791760    11.2113   -0.06146     -1.554    32.5744    24.8497 -9.990e-29
 220.542361     -1.537  36.792333    11.2094   -0.06146     -1.524    32.5767    24.8517 -9.990e-29
 220.542367     -1.516  36.792168    11.2099   -0.06146     -1.503    32.5760    24.8512 -9.990e-29
 220.542373     -1.511  36.790435    11.2113   -0.06145     -1.498    32.5731    24.8486 -9.990e-29
 220.542378     -1.512  36.787582    11.2126   -0.06146     -1.499    32.5691    24.8453 -9.990e-29
 220.542384     -1.508  36.785370    11.2132   -0.06145     -1.495    32.5664    24.8431 -9.990e-29
 220.542390     -1.493  36.784732    11.2131   -0.06145     -1.481    32.5659    24.8427 -9.990e-29
 220.542396     -1.471  36.784773    11.2132   -0.06145     -1.459    32.5658    24.8426 -9.990e-29
 220.542402     -1.450  36.786063    11.2142   -0.06145     -1.438    32.5662    24.8427 -9.990e-29
 220.542407     -1.431  36.787471    11.2157   -0.06145     -1.419    32.5662    24.8425 -9.990e-29
 220.542413     -1.410  36.786904    11.2175   -0.06145     -1.398    32.5641    24.8405 -9.990e-29
 220.542419     -1.380  36.786363    11.2193   -0.06145     -1.368    32.5620    24.8385 -9.990e-29
 220.542425     -1.349  36.787326    11.2200   16.99503     -1.338    32.5623    24.8387 -9.990e-29
 220.542431     -1.328  36.788788    11.2196   35.25447     -1.317    32.5641    24.8401 -9.990e-29
 220.542436     -1.319  36.789849    11.2193   38.27874     -1.308    32.5654    24.8412 -9.990e-29
 220.542442     -1.313  36.789635    11.2198   34.66646     -1.302    32.5647    24.8406 -9.990e-29
 220.542448     -1.298  36.789496    11.2208   23.94249     -1.287    32.5637    24.8396 -9.990e-29
 220.542454     -1.271  36.790886    11.2219   17.53282     -1.260    32.5641    24.8397 -9.990e-29
 220.542459     -1.241  36.792250    11.2227   17.58344     -1.231    32.5647    24.8401 -9.990e-29
 220.542465     -1.212  36.792553    11.2231   17.52073     -1.202    32.5646    24.8399 -9.990e-29
 220.542471     -1.194  36.792716    11.2232   17.52587     -1.184    32.5647    24.8400 -9.990e-29
 220.542477     -1.187  36.791789    11.2235   11.72973     -1.177    32.5635    24.8390 -9.990e-29
 220.542483     -1.184  36.789611    11.2241    1.53420     -1.174    32.5608    24.8368 -9.990e-29
 220.542488     -1.172  36.788282    11.2248   -1.74461     -1.162    32.5589    24.8352 -9.990e-29
 220.542494     -1.145  36.787668    11.2251   -1.79350     -1.135    32.5580    24.8344 -9.990e-29
 220.542500     -1.105  36.786905    11.2252    1.82804     -1.096    32.5572    24.8338 -9.990e-29
 220.542506     -1.064  36.786055    11.2258    5.41933     -1.055    32.5558    24.8326 -9.990e-29
 220.542512     -1.031  36.785059    11.2271    5.74131     -1.022    32.5536    24.8307 -9.990e-29
 220.542517     -1.009  36.782540    11.2285    5.99850     -1.001    32.5499    24.8275 -9.990e-29
 220.542523     -0.992  36.774535    11.2296    6.14682     -0.984    32.5410    24.8204 -9.990e-29
 220.542529     -0.970  36.768834    11.2303    6.23726     -0.962    32.5348    24.8155 -9.990e-29
 220.542535     -0.943  36.775181    11.2308    6.28466     -0.935    32.5406    24.8199 -9.990e-29
 220.542541     -0.916  36.782923    11.2316    6.33605     -0.908    32.5475    24.8251 -9.990e-29
 220.542546     -0.896  36.785509    11.2324    6.35896     -0.889    32.5493    24.8264 -9.990e-29
 220.542552     -0.891  36.786903    11.2329    6.37973     -0.884    32.5503    24.8270 -9.990e-29
 220.542558     -0.897  36.787795    11.2331    6.40340     -0.890    32.5510    24.8275 -9.990e-29
 220.542564     -0.896  36.788207    11.2331    6.40773     -0.889    32.5514    24.8278 -9.990e-29
 220.542569     -0.880  36.788085    11.2330    6.41497     -0.873    32.5513    24.8278 -9.990e-29
 220.542575     -0.852  36.787781    11.2330    6.40914     -0.845    32.5510    24.8276 -9.990e-29
 220.542581     -0.824  36.787407    11.2331    6.41061     -0.817    32.5505    24.8272 -9.990e-29
 220.542587     -0.801  36.786977    11.2328    6.41072     -0.794    32.5504    24.8271 -9.990e-29
 220.542593     -0.779  36.786434    11.2316    6.40925     -0.773    32.5509    24.8278 -9.990e-29
 220.542598     -0.747  36.785007    11.2292    6.40316     -0.741    32.5516    24.8287 -9.990e-29
 220.542604     -0.703  36.782993    11.2269    6.39108     -0.697    32.5516    24.8292 -9.990e-29
 220.542610     -0.662  36.782150    11.2268    6.38598     -0.656    32.5509    24.8286 -9.990e-29
 220.542616     -0.638  36.782988    11.2283    6.37561     -0.633    32.5504    24.8279 -9.990e-29
 220.542622     -0.629  36.784334    11.2295    6.37951     -0.624    32.5506    24.8279 -9.990e-29
 220.542627     -0.623  36.785135    11.2293    6.36919     -0.618    32.5516    24.8287 -9.990e-29
 220.542633     -0.610  36.784729    11.2273    6.36813     -0.605    32.5529    24.8301 -9.990e-29
 220.542639     -0.594  36.782531    11.2251    6.37176     -0.589    32.5527    24.8303 -9.990e-29
 220.542645     -0.578  36.780053    11.2247    6.36865     -0.573    32.5506    24.8288 -9.990e-29
 220.542650     -0.560  36.779552    11.2257    6.36348     -0.555    32.5492    24.8275 -9.990e-29
 220.542656     -0.545  36.780137    11.2264    6.34379     -0.540    32.5492    24.8274 -9.990e-29
 220.542662     -0.535  36.780316    11.2256    6.33762     -0.531    32.5501    24.8282 -9.990e-29
 220.542668     -0.526  36.779555    11.2222    6.34889     -0.522    32.5523    24.8305 -9.990e-29
 220.542674     -0.512  36.776810    11.2171    6.36269     -0.508    32.5541    24.8329 -9.990e-29
 220.542679     -0.492  36.773258    11.2133    6.36040     -0.488    32.5540    24.8334 -9.990e-29
 220.542685     -0.471  36.771998    11.2124    6.35097     -0.467    32.5535    24.8332 -9.990e-29
 220.542691     -0.454  36.773013    11.2136    6.33848     -0.450    32.5535    24.8330 -9.990e-29
 220.542697     -0.446  36.774273    11.2152    6.34034     -0.442    32.5533    24.8325 -9.990e-29
 220.542703     -0.441  36.775196    11.2159    6.34120     -0.437    32.5536    24.8326 -9.990e-29
 220.542708     -0.431  36.775875    11.2157    6.34453     -0.427    32.5544    24.8333 -9.990e-29
 220.542714     -0.414  36.776074    11.2154    6.34772     -0.411    32.5549    24.8337 -9.990e-29
 220.542720     -0.399  36.776043    11.2156    6.33513     -0.396    32.5546    24.8335 -9.990e-29
 220.542726     -0.388  36.776282    11.2158    6.32756     -0.385    32.5547    24.8335 -9.990e-29
 220.542731     -0.381  36.776533    11.2158    6.33219     -0.378    32.5549    24.8337 -9.990e-29
 220.542737     -0.374  36.776552    11.2155    6.33127     -0.371    32.5552    24.8340 -9.990e-29
 220.542743     -0.357  36.776345    11.2151    6.33811     -0.354    32.5554    24.8342 -9.990e-29
 220.542749     -0.329  36.776180    11.2150    6.34701     -0.326    32.5553    24.8341 -9.990e-29
 220.542755     -0.301  36.776381    11.2153    6.33329     -0.298    32.5552    24.8340 -9.990e-29
 220.542760     -0.284  36.776636    11.2157    6.32493     -0.282    32.5551    24.8339 -9.990e-29
 220.542766     -0.282  36.776705    11.2159    6.33026     -0.280    32.5550    24.8337 -9.990e-29
 220.542772     -0.291  36.776663    11.2160    6.33185     -0.289    32.5549    24.8336 -9.990e-29
 220.542778     -0.296  36.776437    11.2160    6.33183     -0.294    32.5546    24.8335 -9.990e-29
 220.542784     -0.292  36.776271    11.2160    6.33157     -0.290    32.5545    24.8333 -9.990e-29
 220.542789     -0.281  36.776486    11.2160    6.31266     -0.279    32.5547    24.8335 -9.990e-29
 220.542795     -0.271  36.776792    11.2161    6.31214     -0.269    32.5549    24.8336 -9.990e-29
 220.542801     -0.271  36.777017    11.2159    6.30997     -0.269    32.5553    24.8340 -9.990e-29
 220.542807     -0.276  36.776880    11.2147    6.31061     -0.274    32.5562    24.8349 -9.990e-29
 220.542813     -0.273  36.775621    11.2121    6.31816     -0.271    32.5573    24.8362 -9.990e-29
 220.542818     -0.263  36.773228    11.2095    6.30506     -0.261    32.5572    24.8366 -9.990e-29
 220.542824     -0.253  36.770980    11.2090    6.30321     -0.251    32.5554    24.8353 -9.990e-29
 220.542830     -0.251  36.770347    11.2100    6.29564     -0.249    32.5539    24.8340 -9.990e-29
 220.542836     -0.257  36.771027    11.2107    6.29894     -0.255    32.5540    24.8339 -9.990e-29
 220.542841     -0.263  36.771667    11.2096    6.29926     -0.261    32.5556    24.8353 -9.990e-29
 220.542847     -0.261  36.770860    11.2069    6.30806     -0.259    32.5572    24.8371 -9.990e-29
 220.542853     -0.246  36.768073    11.2042    6.30280     -0.244    32.5568    24.8373 -9.990e-29
