data/oxygen options/OCNMS/OCNMS1/raw_data/2006/CTD_CE042_053006faed.cnv
* Sea-Bird SBE19 Data File:
* FileName = C:\MOORING_DATA_2006\CTD_CE042_053006.hex
* Software Version 1.1.6
* Temperature SN = 2997
* Conductivity SN = 2997
* System UpLoad Time = May 30 2006 15:07:19
* SEACAT PROFILER V3.1c SN 2997   05/30/06  15:06:45.336
* strain gauge pressure sensor: S/N = 184829,  range = 3000 psia,  tc = 40
# nquan = 9                                 
# nvalues = 1782                        
# units = specified
# name 0 = timeJ: Julian Days
# name 1 = prSM: Pressure, Strain Gauge [db]
# name 2 = c0mS/cm: Conductivity [mS/cm]
# name 3 = t090C: Temperature [ITS-90, deg C]
# name 4 = oxML/L: Oxygen, Beckman/YSI [ml/l]
# name 5 = depSM: Depth [salt water, m], lat = 47.5
# name 6 = sal00: Salinity, Practical [PSU]
# name 7 = sigma-é00: Density [sigma-theta, kg/m^3]
# name 8 = flag: flag
# span 0 = 150.603669, 150.613976       
# span 1 =     -5.717,     42.694       
# span 2 =   0.283719,  37.871357       
# span 3 =     9.5591,    16.6419       
# span 4 =  -14.20145,   32.60411       
# span 5 =     -5.669,     42.333       
# span 6 =     0.1631,    32.8408       
# span 7 =    -1.0344,    25.3387       
# span 8 = 0.0000e+00, 0.0000e+00       
# interval = seconds: 0.5
# start_time = May 30 2006 14:29:17 [Instrument's time stamp, header]
# bad_flag = -9.990e-29
*END*
[from data line 1441]
 150.612008      3.858  37.128925    13.4391    6.52331      3.826    31.0058    23.2150 -9.990e-29
 150.612014      3.861  37.139269    13.4547    6.51283      3.829    31.0027    23.2095 -9.990e-29
 150.612020      3.860  37.146988    13.4615    6.49520      3.828    31.0044    23.2094 -9.990e-29
 150.612025      3.864  37.152840    13.4637    6.48137      3.832    31.0080    23.2118 -9.990e-29
 150.612031      3.874  37.159771    13.4692    6.47233      3.842    31.0100    23.2122 -9.990e-29
 150.612037      3.881  37.166926    13.4820    6.47148      3.849    31.0062    23.2068 -9.990e-29
 150.612043      3.882  37.173370    13.4966    6.49196      3.850    31.0003    23.1994 -9.990e-29
 150.612049      3.876  37.177037    13.5027    6.51548      3.844    30.9988    23.1970 -9.990e-29
 150.612054      3.868  37.176834    13.4975    6.50546      3.836    31.0028    23.2011 -9.990e-29
 150.612060      3.861  37.174737    13.4882    6.49405      3.829    31.0084    23.2073 -9.990e-29
 150.612066      3.855  37.174126    13.4836    6.47696      3.823    31.0116    23.2106 -9.990e-29
 150.612072      3.853  37.176427    13.4905    6.46892      3.821    31.0081    23.2066 -9.990e-29
 150.612078      3.861  37.181341    13.5122    6.47981      3.829    30.9951    23.1922 -9.990e-29
 150.612083      3.874  37.189808    13.5417    6.48094      3.842    30.9790    23.1739 -9.990e-29
 150.612089      3.880  37.197971    13.5653    6.48689      3.848    30.9674    23.1603 -9.990e-29
 150.612095      3.870  37.200448    13.5781    6.47524      3.838    30.9594    23.1515 -9.990e-29
 150.612101      3.854  37.199425    13.5847    6.46704      3.822    30.9531    23.1454 -9.990e-29
 150.612106      3.843  37.199154    13.5898    6.46941      3.811    30.9487    23.1410 -9.990e-29
 150.612112      3.835  37.202081    13.5955    6.47448      3.803    30.9468    23.1384 -9.990e-29
 150.612118      3.827  37.208180    13.6019    6.47163      3.795    30.9473    23.1375 -9.990e-29
 150.612124      3.817  37.214365    13.6065    6.46743      3.785    30.9493    23.1381 -9.990e-29
 150.612130      3.805  37.218224    13.6081    6.46782      3.773    30.9516    23.1396 -9.990e-29
 150.612135      3.795  37.220415    13.6079    6.46673      3.763    30.9537    23.1413 -9.990e-29
 150.612141      3.790  37.222738    13.6112    6.46296      3.758    30.9532    23.1402 -9.990e-29
 150.612147      3.790  37.226049    13.6213    6.47015      3.758    30.9481    23.1343 -9.990e-29
 150.612153      3.795  37.230274    13.6326    6.46956      3.763    30.9429    23.1280 -9.990e-29
 150.612159      3.801  37.233751    13.6395    6.46185      3.769    30.9405    23.1248 -9.990e-29
 150.612164      3.800  37.234387    13.6429    6.46028      3.768    30.9384    23.1224 -9.990e-29
 150.612170      3.792  37.233031    13.6448    6.46662      3.760    30.9356    23.1199 -9.990e-29
 150.612176      3.784  37.232364    13.6458    6.47677      3.752    30.9342    23.1186 -9.990e-29
 150.612182      3.780  37.233183    13.6466    6.47442      3.748    30.9343    23.1185 -9.990e-29
 150.612188      3.777  37.234897    13.6474    6.47476      3.745    30.9352    23.1191 -9.990e-29
 150.612193      3.769  37.235862    13.6500    6.45916      3.738    30.9340    23.1176 -9.990e-29
 150.612199      3.761  37.235682    13.6553    6.44838      3.730    30.9296    23.1132 -9.990e-29
 150.612205      3.760  37.236924    13.6611    6.44654      3.729    30.9260    23.1093 -9.990e-29
 150.612211      3.770  37.240124    13.6655    6.45089      3.739    30.9254    23.1079 -9.990e-29
 150.612216      3.788  37.243377    13.6679    6.45401      3.756    30.9265    23.1083 -9.990e-29
 150.612222      3.807  37.245971    13.6690    6.45428      3.775    30.9280    23.1092 -9.990e-29
 150.612228      3.819  37.247441    13.6696    6.46713      3.787    30.9288    23.1098 -9.990e-29
 150.612234      3.821  37.246939    13.6703    6.48249      3.789    30.9278    23.1088 -9.990e-29
 150.612240      3.813  37.246603    13.6726    6.47466      3.781    30.9256    23.1067 -9.990e-29
 150.612245      3.798  37.248789    13.6769    6.45998      3.766    30.9242    23.1047 -9.990e-29
 150.612251      3.784  37.253046    13.6827    6.45239      3.752    30.9234    23.1030 -9.990e-29
 150.612257      3.774  37.258318    13.6889    6.44787      3.742    30.9233    23.1016 -9.990e-29
 150.612263      3.773  37.263782    13.6964    6.45931      3.741    30.9223    23.0994 -9.990e-29
 150.612269      3.784  37.269433    13.7081    6.47513      3.752    30.9181    23.0937 -9.990e-29
 150.612274      3.808  37.274389    13.7183    6.47080      3.776    30.9144    23.0889 -9.990e-29
 150.612280      3.842  37.275722    13.7196    6.45327      3.810    30.9146    23.0887 -9.990e-29
 150.612286      3.872  37.274091    13.7188    6.42488      3.840    30.9137    23.0882 -9.990e-29
 150.612292      3.881  37.275736    13.7250    6.40931      3.849    30.9102    23.0843 -9.990e-29
 150.612297      3.872  37.281728    13.7348    6.42725      3.840    30.9078    23.0805 -9.990e-29
 150.612303      3.856  37.287711    13.7412    6.43792      3.824    30.9082    23.0795 -9.990e-29
 150.612309      3.844  37.290447    13.7384    6.45457      3.812    30.9130    23.0838 -9.990e-29
 150.612315      3.841  37.284047    13.7238    6.45774      3.809    30.9189    23.0912 -9.990e-29
 150.612321      3.842  37.267836    13.7046    6.45990      3.810    30.9194    23.0955 -9.990e-29
 150.612326      3.838  37.253862    13.6918    6.45608      3.806    30.9168    23.0961 -9.990e-29
 150.612332      3.825  37.251538    13.6888    6.44382      3.793    30.9171    23.0969 -9.990e-29
 150.612338      3.806  37.256079    13.6893    6.44257      3.774    30.9209    23.0997 -9.990e-29
 150.612344      3.793  37.258950    13.6887    6.43450      3.761    30.9241    23.1022 -9.990e-29
 150.612350      3.794  37.258372    13.6858    6.44403      3.762    30.9259    23.1042 -9.990e-29
 150.612355      3.804  37.256939    13.6804    6.45074      3.772    30.9289    23.1076 -9.990e-29
 150.612361      3.819  37.253864    13.6742    6.44990      3.787    30.9311    23.1105 -9.990e-29
 150.612367      3.837  37.248412    13.6688    6.45304      3.805    30.9304    23.1111 -9.990e-29
 150.612373      3.851  37.244532    13.6656    6.45216      3.819    30.9294    23.1110 -9.990e-29
 150.612378      3.856  37.243784    13.6650    6.44880      3.824    30.9292    23.1109 -9.990e-29
 150.612384      3.853  37.245167    13.6656    6.45762      3.821    30.9300    23.1114 -9.990e-29
 150.612390      3.846  37.246598    13.6660    6.45429      3.814    30.9310    23.1121 -9.990e-29
 150.612396      3.843  37.246060    13.6658    6.45212      3.811    30.9306    23.1119 -9.990e-29
 150.612402      3.844  37.243958    13.6651    6.46120      3.812    30.9292    23.1110 -9.990e-29
 150.612407      3.845  37.243100    13.6646    6.46773      3.813    30.9289    23.1108 -9.990e-29
 150.612413      3.845  37.244585    13.6648    6.44776      3.813    30.9301    23.1117 -9.990e-29
 150.612419      3.846  37.245906    13.6644    6.41987      3.814    30.9316    23.1129 -9.990e-29
 150.612425      3.850  37.246018    13.6628    6.40934      3.818    30.9330    23.1143 -9.990e-29
 150.612431      3.864  37.243949    13.6604    6.41215      3.832    30.9330    23.1148 -9.990e-29
 150.612436      3.878  37.240866    13.6568    6.43193      3.846    30.9331    23.1156 -9.990e-29
 150.612442      3.886  37.239951    13.6499    6.45895      3.854    30.9378    23.1206 -9.990e-29
 150.612448      3.896  37.237739    13.6356    6.47289      3.863    30.9473    23.1308 -9.990e-29
 150.612454      3.914  37.227915    13.6154    6.47447      3.881    30.9546    23.1404 -9.990e-29
 150.612459      3.927  37.214774    13.5995    6.45990      3.894    30.9553    23.1441 -9.990e-29
 150.612465      3.928  37.209401    13.5956    6.45349      3.895    30.9535    23.1435 -9.990e-29
 150.612471      3.918  37.211360    13.6003    6.46910      3.885    30.9515    23.1410 -9.990e-29
 150.612477      3.894  37.214846    13.6069    6.46729      3.861    30.9494    23.1381 -9.990e-29
 150.612483      3.865  37.218898    13.6103    6.43991      3.833    30.9504    23.1382 -9.990e-29
 150.612488      3.842  37.221065    13.6063    6.40769      3.810    30.9556    23.1431 -9.990e-29
 150.612494      3.826  37.218067    13.5952    6.39502      3.794    30.9618    23.1501 -9.990e-29
 150.612500      3.818  37.210960    13.5829    6.39666      3.786    30.9652    23.1551 -9.990e-29
 150.612506      3.816  37.205413    13.5743    6.42622      3.784    30.9671    23.1582 -9.990e-29
 150.612512      3.821  37.202444    13.5637    6.46864      3.789    30.9729    23.1649 -9.990e-29
 150.612517      3.833  37.191359    13.5359    6.48012      3.801    30.9851    23.1798 -9.990e-29
 150.612523      3.849  37.168037    13.4910    6.46518      3.817    30.9999    23.2002 -9.990e-29
 150.612529      3.860  37.145142    13.4512    6.44761      3.828    31.0110    23.2166 -9.990e-29
 150.612535      3.864  37.131413    13.4310    6.46352      3.832    31.0147    23.2234 -9.990e-29
 150.612541      3.859  37.125925    13.4282    6.49404      3.827    31.0119    23.2218 -9.990e-29
 150.612546      3.848  37.126963    13.4325    6.49749      3.816    31.0093    23.2190 -9.990e-29
 150.612552      3.831  37.130297    13.4328    6.46723      3.799    31.0122    23.2212 -9.990e-29
 150.612558      3.819  37.127472    13.4222    6.43572      3.787    31.0182    23.2279 -9.990e-29
 150.612564      3.813  37.117529    13.4061    6.42987      3.781    31.0221    23.2340 -9.990e-29
 150.612569      3.809  37.111334    13.3990    6.43596      3.777    31.0221    23.2354 -9.990e-29
 150.612575      3.802  37.114091    13.4012    6.44143      3.770    31.0229    23.2356 -9.990e-29
 150.612581      3.797  37.117688    13.3968    6.44759      3.765    31.0298    23.2418 -9.990e-29
 150.612587      3.797  37.110652    13.3712    6.44793      3.765    31.0441    23.2579 -9.990e-29
 150.612593      3.803  37.094824    13.3285    6.47611      3.771    31.0641    23.2818 -9.990e-29
 150.612598      3.809  37.085568    13.2901    6.52247      3.777    31.0868    23.3069 -9.990e-29
 150.612604      3.814  37.087367    13.2639    6.52664      3.782    31.1099    23.3299 -9.990e-29
 150.612610      3.821  37.093075    13.2427    6.51099      3.789    31.1326    23.3516 -9.990e-29
 150.612616      3.830  37.097952    13.2287    6.48637      3.798    31.1486    23.3667 -9.990e-29
 150.612622      3.834  37.101204    13.2328    6.47927      3.802    31.1483    23.3656 -9.990e-29
 150.612627      3.828  37.103797    13.2545    6.50593      3.796    31.1329    23.3495 -9.990e-29
 150.612633      3.818  37.105817    13.2787    6.50028      3.786    31.1150    23.3309 -9.990e-29
 150.612639      3.809  37.107156    13.2893    6.47532      3.777    31.1076    23.3231 -9.990e-29
 150.612645      3.806  37.107361    13.2798    6.46034      3.774    31.1156    23.3311 -9.990e-29
 150.612650      3.810  37.106710    13.2580    6.45834      3.778    31.1328    23.3487 -9.990e-29
 150.612656      3.819  37.106021    13.2400    6.48867      3.787    31.1469    23.3631 -9.990e-29
 150.612662      3.832  37.105497    13.2292    6.51266      3.800    31.1552    23.3717 -9.990e-29
 150.612668      3.843  37.104994    13.2161    6.52609      3.811    31.1655    23.3822 -9.990e-29
 150.612674      3.853  37.104960    13.1936    6.53447      3.821    31.1839    23.4009 -9.990e-29
 150.612679      3.860  37.102541    13.1688    6.52759      3.828    31.2020    23.4197 -9.990e-29
 150.612685      3.864  37.096757    13.1574    6.51465      3.832    31.2059    23.4250 -9.990e-29
 150.612691      3.868  37.095599    13.1617    6.49737      3.836    31.2013    23.4206 -9.990e-29
 150.612697      3.870  37.100322    13.1705    6.48637      3.838    31.1985    23.4167 -9.990e-29
 150.612703      3.864  37.103196    13.1761    6.50107      3.832    31.1966    23.4141 -9.990e-29
 150.612708      3.856  37.100202    13.1768    6.51673      3.824    31.1932    23.4114 -9.990e-29
 150.612714      3.852  37.094081    13.1718    6.53845      3.820    31.1916    23.4111 -9.990e-29
 150.612720      3.856  37.089579    13.1628    6.53592      3.824    31.1948    23.4153 -9.990e-29
 150.612726      3.866  37.086864    13.1507    6.52043      3.834    31.2022    23.4234 -9.990e-29
 150.612731      3.872  37.085122    13.1391    6.50577      3.840    31.2101    23.4317 -9.990e-29
 150.612737      3.872  37.086515    13.1371    6.50441      3.840    31.2130    23.4344 -9.990e-29
 150.612743      3.865  37.091215    13.1457    6.51932      3.833    31.2104    23.4307 -9.990e-29
 150.612749      3.854  37.095389    13.1536    6.53732      3.822    31.2078    23.4271 -9.990e-29
 150.612755      3.848  37.096186    13.1528    6.54720      3.816    31.2092    23.4284 -9.990e-29
 150.612760      3.847  37.092991    13.1461    6.55051      3.815    31.2117    23.4316 -9.990e-29
 150.612766      3.841  37.088277    13.1419    6.52545      3.809    31.2108    23.4317 -9.990e-29
 150.612772      3.826  37.086417    13.1449    6.50242      3.794    31.2066    23.4279 -9.990e-29
 150.612778      3.806  37.088295    13.1525    6.49754      3.774    31.2021    23.4229 -9.990e-29
 150.612784      3.787  37.091925    13.1591    6.49961      3.755    31.2001    23.4201 -9.990e-29
 150.612789      3.773  37.094856    13.1615    6.52364      3.741    31.2008    23.4202 -9.990e-29
 150.612795      3.767  37.095389    13.1565    6.53294      3.736    31.2054    23.4247 -9.990e-29
 150.612801      3.772  37.093115    13.1412    6.52206      3.740    31.2159    23.4358 -9.990e-29
 150.612807      3.786  37.088371    13.1206    6.51300      3.754    31.2284    23.4495 -9.990e-29
 150.612812      3.801  37.084367    13.1059    6.51184      3.769    31.2367    23.4588 -9.990e-29
 150.612818      3.808  37.084176    13.1015    6.52157      3.776    31.2402    23.4623 -9.990e-29
 150.612824      3.804  37.085855    13.1024    6.54488      3.772    31.2410    23.4628 -9.990e-29
 150.612830      3.793  37.086591    13.1025    6.56014      3.761    31.2416    23.4632 -9.990e-29
 150.612836      3.783  37.085121    13.0983    6.56132      3.751    31.2437    23.4657 -9.990e-29
 150.612841      3.773  37.083417    13.0930    6.53877      3.741    31.2465    23.4688 -9.990e-29
 150.612847      3.754  37.084254    13.0954    6.50359      3.723    31.2453    23.4675 -9.990e-29
 150.612853      3.720  37.085942    13.1086    6.50056      3.689    31.2360    23.4577 -9.990e-29
 150.612859      3.679  37.087364    13.1246    6.51015      3.648    31.2242    23.4455 -9.990e-29
 150.612865      3.648  37.088735    13.1338    6.53065      3.618    31.2179    23.4388 -9.990e-29
 150.612870      3.643  37.088520    13.1305    6.54816      3.613    31.2204    23.4414 -9.990e-29
 150.612876      3.663  37.086438    13.1143    6.55067      3.632    31.2318    23.4533 -9.990e-29
 150.612882      3.697  37.085327    13.0956    6.54425      3.666    31.2461    23.4681 -9.990e-29
 150.612888      3.726  37.087632    13.0874    6.52289      3.695    31.2550    23.4766 -9.990e-29
 150.612894      3.734  37.090250    13.0917    6.51478      3.703    31.2539    23.4749 -9.990e-29
 150.612899      3.727  37.089371    13.1002    6.51871      3.696    31.2461    23.4672 -9.990e-29
 150.612905      3.721  37.086628    13.1030    6.53264      3.690    31.2412    23.4629 -9.990e-29
 150.612911      3.728  37.084538    13.0977    6.54002      3.697    31.2437    23.4658 -9.990e-29
 150.612917      3.748  37.084246    13.0899    6.55679      3.717    31.2498    23.4720 -9.990e-29
 150.612922      3.771  37.085363    13.0863    6.56560      3.739    31.2538    23.4758 -9.990e-29
