data/oxygen options/OCNMS/OCNMS1/raw_data/2006/CTD_CA065_070606faed.cnv
* Sea-Bird SBE19 Data File:
* FileName = C:\MOORING_DATA_2006\CTD_CA065_070606.hex
* Software Version 1.1.6
* Temperature SN = 2997
* Conductivity SN = 2997
* System UpLoad Time = Jul 06 2006 11:54:14
* SEACAT PROFILER V3.1c SN 2997   07/06/06  11:53:33.792
* strain gauge pressure sensor: S/N = 184829,  range = 3000 psia,  tc = 40
# nquan = 9                                 
# nvalues = 1985                        
# units = specified
# name 0 = timeJ: Julian Days
# name 1 = prSM: Pressure, Strain Gauge [db]
# name 2 = c0mS/cm: Conductivity [mS/cm]
# name 3 = t090C: Temperature [ITS-90, deg C]
# name 4 = oxML/L: Oxygen, Beckman/YSI [ml/l]
# name 5 = depSM: Depth [salt water, m], lat = 47.5
# name 6 = sal00: Salinity, Practical [PSU]
# name 7 = sigma-é00: Density [sigma-theta, kg/m^3]
# name 8 = flag: flag
# span 0 = 187.479595, 187.491076       
# span 1 =     -3.576,     50.932       
# span 2 =   0.181557,  36.831177       
# span 3 =     7.6270,    18.4262       
# span 4 =   -0.06422,   34.61741       
# span 5 =     -3.546,     50.501       
# span 6 =     0.1007,    33.7895       
# span 7 =    -1.4003,    26.3780       
# span 8 = 0.0000e+00, 0.0000e+00       
# interval = seconds: 0.5
# start_time = Jul 06 2006 11:30:37 [Instrument's time stamp, header]
# bad_flag = -9.990e-29
*END*
[from data line 801]
 187.484230     50.812  34.766324     7.6280    2.84322     50.382    33.7846    26.3742 -9.990e-29
 187.484236     50.817  34.765999     7.6279    2.84952     50.387    33.7844    26.3740 -9.990e-29
 187.484242     50.820  34.765895     7.6280    2.84955     50.390    33.7842    26.3738 -9.990e-29
 187.484248     50.822  34.765865     7.6282    2.84747     50.392    33.7839    26.3736 -9.990e-29
 187.484253     50.824  34.765860     7.6283    2.85274     50.394    33.7838    26.3735 -9.990e-29
 187.484259     50.826  34.765862     7.6284    2.84536     50.396    33.7837    26.3734 -9.990e-29
 187.484265     50.827  34.765864     7.6288    2.84325     50.397    33.7834    26.3730 -9.990e-29
 187.484271     50.828  34.765861     7.6292    2.84114     50.398    33.7830    26.3727 -9.990e-29
 187.484277     50.828  34.765837     7.6293    2.83885     50.398    33.7828    26.3726 -9.990e-29
 187.484282     50.828  34.765752     7.6292    2.84325     50.398    33.7828    26.3726 -9.990e-29
 187.484288     50.828  34.765482     7.6291    2.83390     50.398    33.7826    26.3725 -9.990e-29
 187.484294     50.828  34.765219     7.6289    2.84177     50.398    33.7826    26.3724 -9.990e-29
 187.484300     50.827  34.765164     7.6286    2.84331     50.397    33.7828    26.3726 -9.990e-29
 187.484306     50.826  34.765233     7.6284    2.84605     50.396    33.7831    26.3729 -9.990e-29
 187.484311     50.824  34.765510     7.6284    2.84758     50.394    33.7834    26.3731 -9.990e-29
 187.484317     50.823  34.765793     7.6284    2.84388     50.393    33.7837    26.3734 -9.990e-29
 187.484323     50.820  34.765890     7.6285    2.84376     50.390    33.7837    26.3733 -9.990e-29
 187.484329     50.817  34.765919     7.6286    2.84376     50.387    33.7836    26.3733 -9.990e-29
 187.484334     50.817  34.765908     7.6284    2.83438     50.387    33.7838    26.3735 -9.990e-29
 187.484340     50.825  34.765835     7.6282    2.83239     50.395    33.7839    26.3736 -9.990e-29
 187.484346     50.832  34.765595     7.6280    2.83239     50.402    33.7838    26.3735 -9.990e-29
 187.484352     50.831  34.765416     7.6277    2.84399     50.401    33.7839    26.3737 -9.990e-29
 187.484358     50.825  34.765610     7.6274    2.85008     50.395    33.7844    26.3741 -9.990e-29
 187.484363     50.819  34.765867     7.6274    2.85012     50.389    33.7847    26.3743 -9.990e-29
 187.484369     50.812  34.765957     7.6278    2.84797     50.382    33.7844    26.3740 -9.990e-29
 187.484375     50.804  34.765992     7.6282    2.84381     50.374    33.7841    26.3737 -9.990e-29
 187.484381     50.798  34.766008     7.6284    2.84390     50.368    33.7839    26.3735 -9.990e-29
 187.484387     50.803  34.766017     7.6284    2.84399     50.373    33.7839    26.3735 -9.990e-29
 187.484392     50.819  34.766024     7.6284    2.85334     50.389    33.7839    26.3736 -9.990e-29
 187.484398     50.834  34.766029     7.6284    2.84661     50.404    33.7839    26.3735 -9.990e-29
 187.484404     50.836  34.766027     7.6284    2.85318     50.406    33.7839    26.3735 -9.990e-29
 187.484410     50.822  34.766006     7.6284    2.85334     50.392    33.7839    26.3735 -9.990e-29
 187.484416     50.799  34.765926     7.6285    2.84179     50.369    33.7837    26.3734 -9.990e-29
 187.484421     50.781  34.765674     7.6286    2.85125     50.351    33.7834    26.3731 -9.990e-29
 187.484427     50.778  34.765463     7.6287    2.84859     50.348    33.7830    26.3728 -9.990e-29
 187.484433     50.784  34.765564     7.6286    2.86080     50.354    33.7832    26.3730 -9.990e-29
 187.484439     50.792  34.765542     7.6284    2.85547     50.362    33.7834    26.3732 -9.990e-29
 187.484444     50.792  34.765358     7.6283    2.84914     50.362    33.7833    26.3731 -9.990e-29
 187.484450     50.786  34.765318     7.6285    2.84709     50.356    33.7831    26.3729 -9.990e-29
 187.484456     50.781  34.765357     7.6286    2.84486     50.351    33.7830    26.3728 -9.990e-29
 187.484462     50.781  34.765519     7.6284    2.83964     50.351    33.7834    26.3731 -9.990e-29
 187.484468     50.791  34.765450     7.6285    2.84700     50.361    33.7832    26.3730 -9.990e-29
 187.484473     50.811  34.765048     7.6288    2.83973     50.381    33.7825    26.3724 -9.990e-29
 187.484479     50.834  34.764891     7.6290    2.84925     50.404    33.7821    26.3720 -9.990e-29
 187.484485     50.853  34.765133     7.6290    2.85324     50.422    33.7824    26.3722 -9.990e-29
 187.484491     50.860  34.765533     7.6288    2.84151     50.429    33.7830    26.3728 -9.990e-29
 187.484497     50.857  34.765872     7.6285    2.84161     50.426    33.7836    26.3733 -9.990e-29
 187.484502     50.851  34.766042     7.6285    2.83805     50.420    33.7838    26.3735 -9.990e-29
 187.484508     50.845  34.766087     7.6287    2.83956     50.414    33.7837    26.3733 -9.990e-29
 187.484514     50.841  34.766067     7.6289    2.84453     50.410    33.7835    26.3731 -9.990e-29
 187.484520     50.837  34.765961     7.6291    2.85339     50.407    33.7832    26.3729 -9.990e-29
 187.484525     50.834  34.765627     7.6291    2.85613     50.404    33.7828    26.3726 -9.990e-29
 187.484531     50.826  34.765184     7.6290    2.85613     50.396    33.7824    26.3723 -9.990e-29
 187.484537     50.806  34.765166     7.6292    2.84459     50.376    33.7822    26.3721 -9.990e-29
 187.484543     50.775  34.765549     7.6296    2.84775     50.345    33.7823    26.3721 -9.990e-29
 187.484549     50.749  34.765726     7.6296    2.84031     50.319    33.7825    26.3722 -9.990e-29
 187.484554     50.734  34.765378     7.6293    2.84037     50.304    33.7824    26.3722 -9.990e-29
 187.484560     50.731  34.764603     7.6289    2.84238     50.301    33.7819    26.3719 -9.990e-29
 187.484566     50.738  34.764052     7.6287    2.84009     50.308    33.7815    26.3716 -9.990e-29
 187.484572     50.753  34.764117     7.6286    2.84492     50.323    33.7817    26.3718 -9.990e-29
 187.484578     50.766  34.764325     7.6285    2.84435     50.336    33.7820    26.3720 -9.990e-29
 187.484583     50.775  34.764394     7.6283    2.84504     50.345    33.7823    26.3723 -9.990e-29
 187.484589     50.781  34.764417     7.6280    2.84446     50.351    33.7826    26.3726 -9.990e-29
 187.484595     50.783  34.764427     7.6280    2.84446     50.353    33.7826    26.3726 -9.990e-29
 187.484601     50.782  34.764440     7.6281    2.85463     50.352    33.7825    26.3725 -9.990e-29
 187.484606     50.778  34.764476     7.6283    2.85610     50.348    33.7824    26.3723 -9.990e-29
 187.484612     50.771  34.764585     7.6288    2.85667     50.341    33.7820    26.3720 -9.990e-29
 187.484618     50.760  34.764915     7.6295    2.85457     50.330    33.7817    26.3716 -9.990e-29
 187.484624     50.748  34.765349     7.6299    2.85966     50.318    33.7818    26.3716 -9.990e-29
 187.484630     50.744  34.765345     7.6300    2.85258     50.314    33.7817    26.3715 -9.990e-29
 187.484635     50.752  34.764903     7.6300    2.85046     50.322    33.7812    26.3712 -9.990e-29
 187.484641     50.767  34.764558     7.6299    2.84829     50.337    33.7809    26.3710 -9.990e-29
 187.484647     50.783  34.764410     7.6297    2.84630     50.353    33.7809    26.3710 -9.990e-29
 187.484653     50.795  34.764265     7.6297    2.86002     50.365    33.7808    26.3709 -9.990e-29
 187.484659     50.805  34.763932     7.6297    2.86204     50.375    33.7804    26.3706 -9.990e-29
 187.484664     50.813  34.763532     7.6299    2.85245     50.383    33.7798    26.3701 -9.990e-29
 187.484670     50.820  34.763653     7.6303    2.86631     50.390    33.7795    26.3698 -9.990e-29
 187.484676     50.827  34.763900     7.6304    2.85767     50.397    33.7797    26.3699 -9.990e-29
 187.484682     50.837  34.763483     7.6301    2.86647     50.407    33.7795    26.3698 -9.990e-29
 187.484688     50.856  34.762971     7.6300    2.85984     50.425    33.7791    26.3695 -9.990e-29
 187.484693     50.876  34.762804     7.6299    2.85148     50.445    33.7790    26.3694 -9.990e-29
 187.484699     50.891  34.762762     7.6298    2.85363     50.460    33.7790    26.3695 -9.990e-29
 187.484705     50.901  34.762791     7.6300    2.86022     50.470    33.7788    26.3693 -9.990e-29
 187.484711     50.903  34.762931     7.6303    2.85830     50.472    33.7787    26.3692 -9.990e-29
 187.484716     50.892  34.763370     7.6307    2.86502     50.461    33.7788    26.3692 -9.990e-29
 187.484722     50.872  34.764136     7.6313    2.85568     50.441    33.7790    26.3693 -9.990e-29
 187.484728     50.855  34.764573     7.6314    2.86089     50.424    33.7794    26.3696 -9.990e-29
 187.484734     50.848  34.764145     7.6310    2.85574     50.417    33.7794    26.3696 -9.990e-29
 187.484740     50.850  34.763406     7.6308    2.85221     50.419    33.7787    26.3691 -9.990e-29
 187.484745     50.862  34.763055     7.6308    2.85417     50.431    33.7784    26.3688 -9.990e-29
 187.484751     50.876  34.763186     7.6308    2.84259     50.445    33.7785    26.3689 -9.990e-29
 187.484757     50.880  34.763414     7.6310    2.85339     50.449    33.7785    26.3690 -9.990e-29
 187.484763     50.874  34.763486     7.6312    2.85562     50.443    33.7784    26.3688 -9.990e-29
 187.484769     50.866  34.763500     7.6310    2.84886     50.435    33.7786    26.3690 -9.990e-29
 187.484774     50.861  34.763476     7.6305    2.85842     50.430    33.7791    26.3695 -9.990e-29
 187.484780     50.857  34.763387     7.6301    2.84681     50.426    33.7794    26.3698 -9.990e-29
 187.484786     50.855  34.763115     7.6297    2.84675     50.424    33.7795    26.3699 -9.990e-29
 187.484792     50.855  34.762860     7.6296    2.85836     50.424    33.7793    26.3698 -9.990e-29
 187.484797     50.851  34.762848     7.6298    2.85864     50.420    33.7791    26.3696 -9.990e-29
 187.484803     50.841  34.763065     7.6300    2.86276     50.410    33.7792    26.3696 -9.990e-29
 187.484809     50.826  34.763240     7.6303    2.85115     50.396    33.7791    26.3695 -9.990e-29
 187.484815     50.816  34.763047     7.6305    2.85426     50.386    33.7787    26.3691 -9.990e-29
 187.484821     50.813  34.762794     7.6304    2.85625     50.383    33.7785    26.3690 -9.990e-29
 187.484826     50.813  34.762708     7.6302    2.85833     50.383    33.7786    26.3691 -9.990e-29
 187.484832     50.812  34.762675     7.6302    2.86900     50.382    33.7786    26.3691 -9.990e-29
 187.484838     50.810  34.762655     7.6303    2.86707     50.380    33.7784    26.3690 -9.990e-29
 187.484844     50.806  34.762622     7.6302    2.85743     50.376    33.7785    26.3690 -9.990e-29
 187.484850     50.800  34.762537     7.6298    2.85373     50.370    33.7788    26.3693 -9.990e-29
 187.484855     50.789  34.762287     7.6298    2.84930     50.359    33.7785    26.3691 -9.990e-29
 187.484861     50.762  34.762103     7.6301    2.85999     50.332    33.7781    26.3687 -9.990e-29
 187.484867     50.713  34.762301     7.6305    2.85733     50.284    33.7779    26.3685 -9.990e-29
 187.484873     50.639  34.762587     7.6308    2.85487     50.210    33.7780    26.3685 -9.990e-29
 187.484878     50.541  34.762784     7.6310    2.85268     50.113    33.7780    26.3685 -9.990e-29
 187.484884     50.420  34.763156     7.6313    2.86044     49.993    33.7782    26.3686 -9.990e-29
 187.484890     50.281  34.763644     7.6316    2.86677     49.855    33.7785    26.3688 0.0000e+00
 187.484896     50.128  34.763779     7.6323    2.87597     49.704    33.7780    26.3684 0.0000e+00
 187.484902     49.957  34.763184     7.6335    2.90378     49.534    33.7763    26.3668 0.0000e+00
 187.484907     49.764  34.761629     7.6352    2.91581     49.343    33.7731    26.3640 0.0000e+00
 187.484913     49.554  34.759288     7.6373    2.92469     49.135    33.7686    26.3602 0.0000e+00
 187.484919     49.337  34.756407     7.6392    2.92476     48.919    33.7638    26.3561 0.0000e+00
 187.484925     49.118  34.753634     7.6404    2.91084     48.702    33.7597    26.3528 0.0000e+00
 187.484931     48.901  34.752323     7.6404    2.90384     48.487    33.7584    26.3517 0.0000e+00
 187.484936     48.686  34.752974     7.6394    2.90663     48.274    33.7602    26.3533 0.0000e+00
 187.484942     48.458  34.754215     7.6388    2.92347     48.048    33.7622    26.3550 0.0000e+00
 187.484948     48.200  34.754340     7.6393    2.94603     47.792    33.7620    26.3547 0.0000e+00
 187.484954     47.902  34.753517     7.6411    2.98453     47.497    33.7595    26.3525 0.0000e+00
 187.484959     47.568  34.751774     7.6460    3.01811     47.166    33.7530    26.3467 0.0000e+00
 187.484965     47.202  34.747351     7.6549    3.04923     46.803    33.7398    26.3350 0.0000e+00
 187.484971     46.811  34.738840     7.6669    3.08688     46.415    33.7191    26.3171 0.0000e+00
 187.484977     46.408  34.728355     7.6796    3.11573     46.016    33.6957    26.2968 0.0000e+00
 187.484983     46.006  34.719869     7.6893    3.14612     45.617    33.6774    26.2810 0.0000e+00
 187.484988     45.606  34.714411     7.6948    3.18240     45.220    33.6664    26.2716 0.0000e+00
 187.484994     45.198  34.711437     7.6992    3.22678     44.816    33.6591    26.2652 0.0000e+00
 187.485000     44.779  34.709791     7.7094    3.28420     44.400    33.6477    26.2547 0.0000e+00
 187.485006     44.348  34.706722     7.7330    3.36054     43.973    33.6218    26.2310 0.0000e+00
 187.485012     43.906  34.699826     7.7673    3.43422     43.535    33.5815    26.1944 0.0000e+00
 187.485017     43.461  34.690007     7.8002    3.50033     43.094    33.5395    26.1566 0.0000e+00
 187.485023     43.009  34.679883     7.8274    3.56645     42.646    33.5027    26.1238 0.0000e+00
 187.485029     42.544  34.668863     7.8546    3.60863     42.185    33.4650    26.0902 0.0000e+00
 187.485035     42.065  34.656842     7.8823    3.64511     41.710    33.4258    26.0554 0.0000e+00
 187.485041     41.576  34.645742     7.9062    3.68162     41.225    33.3912    26.0248 0.0000e+00
 187.485046     41.086  34.637035     7.9228    3.70540     40.739    33.3663    26.0028 0.0000e+00
 187.485052     40.604  34.633139     7.9288    3.75816     40.261    33.3566    25.9943 0.0000e+00
 187.485058     40.132  34.633354     7.9281    3.82494     39.793    33.3578    25.9953 0.0000e+00
 187.485064     39.660  34.632930     7.9319    3.90229     39.325    33.3539    25.9917 0.0000e+00
 187.485069     39.192  34.628501     7.9465    3.99009     38.861    33.3354    25.9751 0.0000e+00
 187.485075     38.733  34.619771     7.9686    4.08165     38.406    33.3053    25.9481 0.0000e+00
 187.485081     38.279  34.606319     7.9928    4.15129     37.956    33.2681    25.9154 0.0000e+00
 187.485087     37.828  34.587040     8.0164    4.20778     37.509    33.2253    25.8783 0.0000e+00
 187.485093     37.380  34.565394     8.0372    4.25660     37.065    33.1827    25.8418 0.0000e+00
 187.485098     36.941  34.545050     8.0531    4.29766     36.629    33.1461    25.8108 0.0000e+00
 187.485104     36.509  34.534217     8.0634    4.37169     36.201    33.1250    25.7927 0.0000e+00
 187.485110     36.078  34.533037     8.0731    4.44536     35.774    33.1148    25.7833 0.0000e+00
 187.485116     35.642  34.523122     8.0887    4.53682     35.341    33.0897    25.7613 0.0000e+00
 187.485122     35.195  34.503031     8.1058    4.62117     34.898    33.0524    25.7295 0.0000e+00
 187.485127     34.742  34.483549     8.1177    4.71181     34.449    33.0207    25.7029 0.0000e+00
 187.485133     34.289  34.466744     8.1290    4.76858     34.000    32.9924    25.6790 0.0000e+00
 187.485139     33.833  34.450962     8.1468    4.82920     33.548    32.9591    25.6502 0.0000e+00
 187.485145     33.374  34.433671     8.1688    4.85824     33.093    32.9203    25.6165 0.0000e+00
