data/oxygen options/OCNMS/OCNMS1/raw_data/2006/CTD_CE015_071106faed.cnv
* Sea-Bird SBE19 Data File:
* FileName = C:\MOORING_DATA_2006\CTD_CE015_071106.hex
* Software Version 1.1.8
* Temperature SN = 2997
* Conductivity SN = 2997
* System UpLoad Time = Jul 11 2006 16:13:52
* SEACAT PROFILER V3.1c SN 2997   07/11/06  16:12:44.369
* strain gauge pressure sensor: S/N = 184829,  range = 3000 psia,  tc = 40
# nquan = 9                                 
# nvalues = 1349                        
# units = specified
# name 0 = timeJ: Julian Days
# name 1 = prSM: Pressure, Strain Gauge [db]
# name 2 = c0mS/cm: Conductivity [mS/cm]
# name 3 = t090C: Temperature [ITS-90, deg C]
# name 4 = oxML/L: Oxygen, Beckman/YSI [ml/l]
# name 5 = depSM: Depth [salt water, m], lat = 47.5
# name 6 = sal00: Salinity, Practical [PSU]
# name 7 = sigma-é00: Density [sigma-theta, kg/m^3]
# name 8 = flag: flag
# span 0 = 192.656019, 192.663819       
# span 1 =     -5.429,     12.673       
# span 2 =   0.250447,  37.938581       
# span 3 =     9.3594,    14.2363       
# span 4 =   -0.06957,   34.59028       
# span 5 =     -5.384,     12.567       
# span 6 =     0.1521,    33.5127       
# span 7 =    -0.6628,    25.8954       
# span 8 = 0.0000e+00, 0.0000e+00       
# interval = seconds: 0.5
# start_time = Jul 11 2006 15:44:40 [Instrument's time stamp, header]
# bad_flag = -9.990e-29
*END*
[from data line 641]
 192.659728     10.232  36.226690     9.6350    5.50563     10.146    33.4318    25.7883 -9.990e-29
 192.659734     10.245  36.227894     9.6347    5.50376     10.159    33.4333    25.7895 -9.990e-29
 192.659740     10.261  36.227730     9.6347    5.49655     10.175    33.4331    25.7894 -9.990e-29
 192.659745     10.270  36.226532     9.6346    5.49268     10.184    33.4320    25.7885 -9.990e-29
 192.659751     10.260  36.226059     9.6341    5.48882     10.174    33.4320    25.7886 -9.990e-29
 192.659757     10.242  36.226232     9.6335    5.49773     10.156    33.4327    25.7893 -9.990e-29
 192.659763     10.228  36.225591     9.6331    5.49615     10.142    33.4324    25.7891 -9.990e-29
 192.659769     10.218  36.224956     9.6332    5.50242     10.132    33.4317    25.7885 -9.990e-29
 192.659774     10.211  36.225155     9.6338    5.50242     10.126    33.4314    25.7882 -9.990e-29
 192.659780     10.205  36.225884     9.6348    5.50887     10.120    33.4312    25.7879 -9.990e-29
 192.659786     10.202  36.226984     9.6356    5.52007     10.117    33.4316    25.7880 -9.990e-29
 192.659792     10.200  36.228232     9.6361    5.51806     10.115    33.4324    25.7886 -9.990e-29
 192.659797     10.200  36.229040     9.6369    5.52468     10.115    33.4325    25.7885 -9.990e-29
 192.659803     10.202  36.229354     9.6378    5.52199     10.117    33.4319    25.7880 -9.990e-29
 192.659809     10.206  36.229584     9.6388    5.51846     10.121    33.4312    25.7873 -9.990e-29
 192.659815     10.211  36.230030     9.6398    5.52468     10.126    33.4308    25.7867 -9.990e-29
 192.659821     10.214  36.230719     9.6404    5.52258     10.129    33.4309    25.7867 -9.990e-29
 192.659826     10.212  36.231439     9.6408    5.52107     10.127    33.4313    25.7870 -9.990e-29
 192.659832     10.207  36.232018     9.6412    5.52769     10.122    33.4315    25.7871 -9.990e-29
 192.659838     10.205  36.232098     9.6412    5.51895     10.120    33.4316    25.7871 -9.990e-29
 192.659844     10.204  36.231218     9.6410    5.52596     10.119    33.4309    25.7866 -9.990e-29
 192.659850     10.206  36.230440     9.6411    5.52585     10.121    33.4300    25.7859 -9.990e-29
 192.659855     10.209  36.230961     9.6415    5.52369     10.124    33.4301    25.7860 -9.990e-29
 192.659861     10.214  36.231785     9.6421    5.52591     10.129    33.4304    25.7861 -9.990e-29
 192.659867     10.218  36.232319     9.6431    5.52334     10.132    33.4300    25.7856 -9.990e-29
 192.659873     10.216  36.232704     9.6443    5.53097     10.130    33.4293    25.7849 -9.990e-29
 192.659878     10.212  36.232885     9.6452    5.53367     10.127    33.4287    25.7842 -9.990e-29
 192.659884     10.210  36.233096     9.6451    5.53263     10.125    33.4290    25.7845 -9.990e-29
 192.659890     10.211  36.233050     9.6439    5.51960     10.126    33.4301    25.7855 -9.990e-29
 192.659896     10.214  36.232116     9.6426    5.49992     10.129    33.4303    25.7859 -9.990e-29
 192.659902     10.219  36.230723     9.6423    5.49709     10.133    33.4292    25.7850 -9.990e-29
 192.659907     10.227  36.229810     9.6424    5.49153     10.141    33.4281    25.7842 -9.990e-29
 192.659913     10.238  36.229270     9.6415    5.49658     10.152    33.4284    25.7846 -9.990e-29
 192.659919     10.250  36.227816     9.6392    5.51252     10.164    33.4290    25.7855 -9.990e-29
 192.659925     10.253  36.223502     9.6370    5.50715     10.167    33.4267    25.7840 -9.990e-29
 192.659931     10.244  36.218978     9.6374    5.51762     10.158    33.4216    25.7800 -9.990e-29
 192.659936     10.222  36.219422     9.6402    5.52589     10.136    33.4195    25.7779 -9.990e-29
 192.659942     10.190  36.223733     9.6431    5.51770     10.105    33.4212    25.7787 -9.990e-29
 192.659948     10.164  36.228678     9.6440    5.52693     10.079    33.4255    25.7819 -9.990e-29
 192.659954     10.159  36.231308     9.6423    5.53220     10.074    33.4298    25.7855 -9.990e-29
 192.659959     10.169  36.229514     9.6399    5.52998     10.084    33.4302    25.7862 -9.990e-29
 192.659965     10.179  36.226506     9.6388    5.53303     10.094    33.4281    25.7848 -9.990e-29
 192.659971     10.181  36.226116     9.6393    5.53521     10.096    33.4272    25.7840 -9.990e-29
 192.659977     10.179  36.227814     9.6404    5.53242     10.094    33.4280    25.7844 -9.990e-29
 192.659983     10.181  36.229368     9.6412    5.51643     10.096    33.4288    25.7850 -9.990e-29
 192.659988     10.192  36.230598     9.6416    5.51773     10.107    33.4297    25.7856 -9.990e-29
 192.659994     10.209  36.231453     9.6411    5.50865     10.124    33.4310    25.7867 -9.990e-29
 192.660000     10.228  36.230261     9.6396    5.51744     10.142    33.4312    25.7871 -9.990e-29
 192.660006     10.246  36.227107     9.6387    5.53337     10.160    33.4288    25.7853 -9.990e-29
 192.660012     10.256  36.223946     9.6396    5.53483     10.170    33.4247    25.7820 -9.990e-29
 192.660017     10.258  36.223287     9.6418    5.55312     10.172    33.4220    25.7795 -9.990e-29
 192.660023     10.257  36.225923     9.6450    5.55873     10.171    33.4217    25.7788 -9.990e-29
 192.660029     10.252  36.229193     9.6487    5.56512     10.166    33.4216    25.7781 -9.990e-29
 192.660035     10.248  36.231837     9.6517    5.58091     10.162    33.4215    25.7775 -9.990e-29
 192.660041     10.249  36.234570     9.6538    5.57558     10.163    33.4224    25.7779 -9.990e-29
 192.660046     10.255  36.237103     9.6552    5.57607     10.169    33.4237    25.7786 -9.990e-29
 192.660052     10.261  36.238877     9.6559    5.57005     10.175    33.4248    25.7794 -9.990e-29
 192.660058     10.264  36.240006     9.6562    5.56314     10.178    33.4257    25.7801 -9.990e-29
 192.660064     10.269  36.240866     9.6565    5.56234     10.183    33.4263    25.7805 -9.990e-29
 192.660069     10.275  36.241472     9.6569    5.55205     10.189    33.4266    25.7806 -9.990e-29
 192.660075     10.279  36.242064     9.6572    5.55029     10.193    33.4269    25.7808 -9.990e-29
 192.660081     10.281  36.242301     9.6574    5.53250     10.195    33.4270    25.7808 -9.990e-29
 192.660087     10.281  36.240807     9.6577    5.52932     10.195    33.4251    25.7794 -9.990e-29
 192.660093     10.280  36.236144     9.6580    5.54193     10.194    33.4201    25.7754 -9.990e-29
 192.660098     10.272  36.229939     9.6588    5.54739     10.186    33.4130    25.7697 -9.990e-29
 192.660104     10.257  36.228493     9.6599    5.55395     10.171    33.4105    25.7676 -9.990e-29
 192.660110     10.248  36.232677     9.6601    5.55469     10.162    33.4146    25.7707 -9.990e-29
 192.660116     10.252  36.236842     9.6574    5.55914     10.166    33.4214    25.7765 -9.990e-29
 192.660122     10.266  36.236998     9.6525    5.56950     10.180    33.4261    25.7810 -9.990e-29
 192.660127     10.280  36.232784     9.6498    5.58620     10.194    33.4243    25.7800 -9.990e-29
 192.660133     10.289  36.230911     9.6520    5.58697     10.203    33.4203    25.7765 -9.990e-29
 192.660139     10.288  36.235044     9.6567    5.59013     10.202    33.4202    25.7756 -9.990e-29
 192.660145     10.281  36.240027     9.6607    5.59259     10.195    33.4215    25.7761 -9.990e-29
 192.660150     10.277  36.243522     9.6626    5.57992     10.191    33.4234    25.7772 -9.990e-29
 192.660156     10.279  36.245695     9.6618    5.57483     10.193    33.4263    25.7796 -9.990e-29
 192.660162     10.288  36.244946     9.6595    5.58597     10.202    33.4277    25.7811 -9.990e-29
 192.660168     10.299  36.241953     9.6583    5.59611     10.213    33.4257    25.7798 -9.990e-29
 192.660174     10.306  36.240006     9.6591    5.60190     10.220    33.4230    25.7775 -9.990e-29
 192.660179     10.304  36.240427     9.6615    5.60635     10.218    33.4212    25.7757 -9.990e-29
 192.660185     10.297  36.242085     9.6642    5.61573     10.211    33.4204    25.7746 -9.990e-29
 192.660191     10.294  36.244939     9.6659    5.62427     10.208    33.4217    25.7754 -9.990e-29
 192.660197     10.299  36.248300     9.6672    5.64107     10.213    33.4240    25.7769 -9.990e-29
 192.660203     10.311  36.249912     9.6683    5.63697     10.225    33.4246    25.7772 -9.990e-29
 192.660208     10.327  36.250232     9.6691    5.63478     10.241    33.4242    25.7768 -9.990e-29
 192.660214     10.341  36.250616     9.6696    5.63035     10.254    33.4241    25.7766 -9.990e-29
 192.660220     10.347  36.251009     9.6698    5.63089     10.260    33.4243    25.7767 -9.990e-29
 192.660226     10.352  36.251180     9.6698    5.63772     10.265    33.4245    25.7769 -9.990e-29
 192.660231     10.360  36.251353     9.6701    5.64576     10.273    33.4244    25.7768 -9.990e-29
 192.660237     10.371  36.252126     9.6707    5.64497     10.284    33.4246    25.7768 -9.990e-29
 192.660243     10.386  36.252843     9.6711    5.64737     10.299    33.4250    25.7770 -9.990e-29
 192.660249     10.402  36.252773     9.6716    5.65135     10.315    33.4244    25.7765 -9.990e-29
 192.660255     10.415  36.252940     9.6725    5.65756     10.328    33.4238    25.7759 -9.990e-29
 192.660260     10.425  36.254124     9.6735    5.66403     10.338    33.4240    25.7759 -9.990e-29
 192.660266     10.435  36.255654     9.6749    5.66997     10.348    33.4243    25.7759 -9.990e-29
 192.660272     10.440  36.256764     9.6765    5.66457     10.353    33.4239    25.7754 -9.990e-29
 192.660278     10.436  36.257247     9.6775    5.66748     10.349    33.4235    25.7749 -9.990e-29
 192.660284     10.427  36.257181     9.6775    5.66391     10.340    33.4234    25.7748 -9.990e-29
 192.660289     10.418  36.257036     9.6774    5.66878     10.331    33.4234    25.7748 -9.990e-29
 192.660295     10.402  36.257174     9.6785    5.66992     10.315    33.4225    25.7739 -9.990e-29
 192.660301     10.375  36.257775     9.6807    5.67679     10.288    33.4211    25.7724 -9.990e-29
 192.660307     10.339  36.259075     9.6831    5.67850     10.252    33.4202    25.7714 -9.990e-29
 192.660313     10.301  36.260560     9.6856    5.67388     10.215    33.4194    25.7703 -9.990e-29
 192.660318     10.272  36.261401     9.6880    5.66716     10.186    33.4181    25.7689 -9.990e-29
 192.660324     10.256  36.261597     9.6895    5.64105     10.170    33.4169    25.7677 -9.990e-29
 192.660330     10.251  36.261404     9.6896    5.59366     10.165    33.4166    25.7675 -9.990e-29
 192.660336     10.250  36.261122     9.6887    5.53915     10.164    33.4171    25.7680 -9.990e-29
 192.660341     10.254  36.260371     9.6870    5.47401     10.168    33.4180    25.7689 -9.990e-29
 192.660347     10.262  36.257025     9.6835    5.40649     10.176    33.4178    25.7694 -9.990e-29
 192.660353     10.272  36.248301     9.6779    5.35511     10.186    33.4140    25.7674 -9.990e-29
 192.660359     10.280  36.231536     9.6713    5.30223     10.194    33.4030    25.7598 -9.990e-29
 192.660365     10.286  36.209611     9.6625    5.29111     10.200    33.3887    25.7501 -9.990e-29
 192.660370     10.290  36.190309     9.6486    5.32330     10.204    33.3818    25.7470 -9.990e-29
 192.660376     10.298  36.177054     9.6342    5.37552     10.212    33.3816    25.7492 -9.990e-29
 192.660382     10.309  36.169556     9.6297    5.42156     10.223    33.3781    25.7472 -9.990e-29
 192.660388     10.315  36.171835     9.6346    5.45217     10.229    33.3758    25.7447 -9.990e-29
 192.660394     10.318  36.186921     9.6365    5.45231     10.232    33.3896    25.7551 -9.990e-29
 192.660399     10.321  36.202392     9.6291    5.43087     10.235    33.4123    25.7741 -9.990e-29
 192.660405     10.325  36.206342     9.6162    5.42459     10.239    33.4284    25.7887 -9.990e-29
 192.660411     10.335  36.202913     9.6040    5.40340     10.248    33.4362    25.7968 -9.990e-29
 192.660417     10.350  36.198745     9.5963    5.39789     10.263    33.4391    25.8004 -9.990e-29
 192.660422     10.363  36.195565     9.5942    5.37120     10.276    33.4378    25.7997 -9.990e-29
 192.660428     10.372  36.193613     9.5950    5.34415     10.285    33.4350    25.7974 -9.990e-29
 192.660434     10.375  36.192526     9.5926    5.32325     10.288    33.4362    25.7987 -9.990e-29
 192.660440     10.375  36.186922     9.5827    5.30594     10.288    33.4396    25.8030 -9.990e-29
 192.660446     10.374  36.175497     9.5691    5.30402     10.287    33.4406    25.8059 -9.990e-29
 192.660451     10.377  36.166009     9.5602    5.30758     10.290    33.4391    25.8063 -9.990e-29
 192.660457     10.380  36.162630     9.5602    5.31736     10.293    33.4356    25.8035 -9.990e-29
 192.660463     10.380  36.164773     9.5658    5.33133     10.293    33.4326    25.8003 -9.990e-29
 192.660469     10.375  36.170803     9.5710    5.32374     10.288    33.4340    25.8005 -9.990e-29
 192.660475     10.370  36.175853     9.5719    5.30975     10.283    33.4383    25.8037 -9.990e-29
 192.660480     10.369  36.175436     9.5693    5.30087     10.282    33.4403    25.8057 -9.990e-29
 192.660486     10.367  36.171237     9.5646    5.28573     10.280    33.4404    25.8065 -9.990e-29
 192.660492     10.361  36.165506     9.5591    5.28351     10.274    33.4396    25.8068 -9.990e-29
 192.660498     10.349  36.160134     9.5553    5.28131     10.262    33.4376    25.8059 -9.990e-29
 192.660503     10.331  36.159731     9.5525    5.27536     10.245    33.4398    25.8081 -9.990e-29
 192.660509     10.311  36.163192     9.5478    5.28268     10.225    33.4478    25.8151 -9.990e-29
 192.660515     10.294  36.163350     9.5428    5.30598     10.208    33.4526    25.8197 -9.990e-29
 192.660521     10.290  36.159290     9.5405    5.33022     10.204    33.4506    25.8185 -9.990e-29
 192.660527     10.297  36.158493     9.5409    5.34187     10.211    33.4494    25.8175 -9.990e-29
 192.660532     10.303  36.162136     9.5426    5.37075     10.217    33.4516    25.8189 -9.990e-29
 192.660538     10.305  36.164974     9.5459    5.44286     10.219    33.4514    25.8182 -9.990e-29
 192.660544     10.307  36.167982     9.5519    5.52078     10.221    33.4489    25.8153 -9.990e-29
 192.660550     10.308  36.175729     9.5618    5.56461     10.222    33.4476    25.8127 -9.990e-29
 192.660556     10.313  36.191809     9.5737    5.59082     10.227    33.4531    25.8150 -9.990e-29
 192.660561     10.323  36.212980     9.5822    5.62703     10.237    33.4669    25.8244 -9.990e-29
 192.660567     10.330  36.227081     9.5880    5.65953     10.244    33.4760    25.8305 -9.990e-29
 192.660573     10.334  36.231598     9.6003    5.69497     10.247    33.4691    25.8232 -9.990e-29
 192.660579     10.343  36.239281     9.6216    5.70782     10.256    33.4572    25.8103 -9.990e-29
 192.660584     10.359  36.251394     9.6410    5.70139     10.272    33.4515    25.8027 -9.990e-29
 192.660590     10.369  36.253236     9.6550    5.71190     10.282    33.4404    25.7917 -9.990e-29
 192.660596     10.367  36.247264     9.6709    5.69796     10.280    33.4194    25.7728 -9.990e-29
 192.660602     10.359  36.247949     9.6856    5.68184     10.272    33.4065    25.7602 -9.990e-29
 192.660608     10.359  36.254518     9.6927    5.67430     10.272    33.4066    25.7591 -9.990e-29
 192.660613     10.370  36.260588     9.6918    5.65662     10.283    33.4137    25.7648 -9.990e-29
 192.660619     10.389  36.260787     9.6847    5.66746     10.302    33.4205    25.7713 -9.990e-29
 192.660625     10.409  36.254818     9.6773    5.67208     10.322    33.4212    25.7731 -9.990e-29
 192.660631     10.423  36.250422     9.6748    5.67393     10.336    33.4190    25.7718 -9.990e-29
 192.660637     10.427  36.250143     9.6770    5.68061     10.340    33.4167    25.7696 -9.990e-29
 192.660642     10.426  36.251922     9.6800    5.68979     10.339    33.4157    25.7684 -9.990e-29
