data/oxygen options/OCNMS/OCNMS1/raw_data/2006/CTD_CA065_070606faed.cnv
* Sea-Bird SBE19 Data File:
* FileName = C:\MOORING_DATA_2006\CTD_CA065_070606.hex
* Software Version 1.1.6
* Temperature SN = 2997
* Conductivity SN = 2997
* System UpLoad Time = Jul 06 2006 11:54:14
* SEACAT PROFILER V3.1c SN 2997   07/06/06  11:53:33.792
* strain gauge pressure sensor: S/N = 184829,  range = 3000 psia,  tc = 40
# nquan = 9                                 
# nvalues = 1985                        
# units = specified
# name 0 = timeJ: Julian Days
# name 1 = prSM: Pressure, Strain Gauge [db]
# name 2 = c0mS/cm: Conductivity [mS/cm]
# name 3 = t090C: Temperature [ITS-90, deg C]
# name 4 = oxML/L: Oxygen, Beckman/YSI [ml/l]
# name 5 = depSM: Depth [salt water, m], lat = 47.5
# name 6 = sal00: Salinity, Practical [PSU]
# name 7 = sigma-é00: Density [sigma-theta, kg/m^3]
# name 8 = flag: flag
# span 0 = 187.479595, 187.491076       
# span 1 =     -3.576,     50.932       
# span 2 =   0.181557,  36.831177       
# span 3 =     7.6270,    18.4262       
# span 4 =   -0.06422,   34.61741       
# span 5 =     -3.546,     50.501       
# span 6 =     0.1007,    33.7895       
# span 7 =    -1.4003,    26.3780       
# span 8 = 0.0000e+00, 0.0000e+00       
# interval = seconds: 0.5
# start_time = Jul 06 2006 11:30:37 [Instrument's time stamp, header]
# bad_flag = -9.990e-29
*END*
[from data line 481]
 187.482378     21.360  34.491525     8.6304    5.44917     21.181    32.5576    25.2631 0.0000e+00
 187.482384     21.841  34.459908     8.5813    5.44136     21.658    32.5695    25.2799 0.0000e+00
 187.482390     22.315  34.420996     8.5278    5.42359     22.128    32.5778    25.2944 0.0000e+00
 187.482396     22.787  34.392382     8.4779    5.41085     22.596    32.5936    25.3143 0.0000e+00
 187.482402     23.256  34.379415     8.4386    5.39198     23.061    32.6161    25.3378 0.0000e+00
 187.482407     23.722  34.373741     8.4162    5.35758     23.523    32.6306    25.3526 0.0000e+00
 187.482413     24.188  34.371496     8.4069    5.32628     23.985    32.6367    25.3587 0.0000e+00
 187.482419     24.656  34.371883     8.4033    5.28662     24.449    32.6402    25.3620 0.0000e+00
 187.482425     25.120  34.374078     8.4007    5.26867     24.909    32.6447    25.3660 0.0000e+00
 187.482431     25.580  34.376492     8.3951    5.24121     25.365    32.6522    25.3727 0.0000e+00
 187.482436     26.039  34.377833     8.3819    5.21927     25.820    32.6657    25.3852 0.0000e+00
 187.482442     26.502  34.375939     8.3601    5.20120     26.279    32.6837    25.4026 0.0000e+00
 187.482448     26.966  34.370502     8.3352    5.17744     26.739    32.7009    25.4198 0.0000e+00
 187.482454     27.429  34.367140     8.3132    5.15924     27.198    32.7176    25.4361 0.0000e+00
 187.482459     27.888  34.369189     8.2952    5.13707     27.653    32.7363    25.4535 0.0000e+00
 187.482465     28.348  34.372624     8.2809    5.12411     28.109    32.7531    25.4687 0.0000e+00
 187.482471     28.812  34.374147     8.2713    5.10314     28.570    32.7634    25.4783 0.0000e+00
 187.482477     29.284  34.375198     8.2659    5.08321     29.038    32.7693    25.4837 0.0000e+00
 187.482483     29.768  34.377154     8.2621    5.06019     29.517    32.7747    25.4885 0.0000e+00
 187.482488     30.266  34.379792     8.2567    5.03393     30.011    32.7823    25.4953 0.0000e+00
 187.482494     30.774  34.382677     8.2493    5.01036     30.515    32.7921    25.5040 0.0000e+00
 187.482500     31.286  34.385704     8.2415    4.99661     31.023    32.8023    25.5132 0.0000e+00
 187.482506     31.793  34.389518     8.2349    4.96537     31.525    32.8123    25.5221 0.0000e+00
 187.482512     32.291  34.394132     8.2289    4.91339     32.019    32.8225    25.5310 0.0000e+00
 187.482517     32.788  34.398381     8.2217    4.85410     32.512    32.8336    25.5407 0.0000e+00
 187.482523     33.285  34.402858     8.2106    4.78838     33.005    32.8485    25.5540 0.0000e+00
 187.482529     33.778  34.412383     8.1948    4.74944     33.493    32.8731    25.5757 0.0000e+00
 187.482535     34.266  34.428977     8.1787    4.72187     33.977    32.9056    25.6036 0.0000e+00
 187.482541     34.741  34.445021     8.1674    4.68737     34.448    32.9330    25.6267 0.0000e+00
 187.482546     35.198  34.453847     8.1610    4.65046     34.901    32.9482    25.6396 0.0000e+00
 187.482552     35.645  34.457660     8.1565    4.59006     35.344    32.9562    25.6466 0.0000e+00
 187.482558     36.090  34.460956     8.1507    4.52738     35.786    32.9650    25.6543 0.0000e+00
 187.482564     36.535  34.466983     8.1413    4.43321     36.227    32.9800    25.6675 0.0000e+00
 187.482569     36.982  34.477583     8.1272    4.34071     36.670    33.0043    25.6887 0.0000e+00
 187.482575     37.435  34.493407     8.1091    4.24998     37.119    33.0380    25.7178 0.0000e+00
 187.482581     37.892  34.512541     8.0900    4.15825     37.572    33.0762    25.7505 0.0000e+00
 187.482587     38.352  34.531874     8.0718    4.05977     38.028    33.1137    25.7827 0.0000e+00
 187.482593     38.820  34.553046     8.0530    3.96257     38.492    33.1539    25.8169 0.0000e+00
 187.482598     39.293  34.578465     8.0320    3.84501     38.961    33.2006    25.8567 0.0000e+00
 187.482604     39.769  34.606672     8.0068    3.74920     39.433    33.2544    25.9027 0.0000e+00
 187.482610     40.244  34.629830     7.9774    3.66620     39.904    33.3069    25.9482 0.0000e+00
 187.482616     40.713  34.641782     7.9479    3.58333     40.369    33.3476    25.9844 0.0000e+00
 187.482622     41.172  34.649464     7.9214    3.50788     40.824    33.3809    26.0144 0.0000e+00
 187.482627     41.621  34.659161     7.8957    3.44104     41.269    33.4156    26.0455 0.0000e+00
 187.482633     42.065  34.669195     7.8672    3.39732     41.710    33.4535    26.0793 0.0000e+00
 187.482639     42.514  34.676655     7.8376    3.33900     42.155    33.4897    26.1120 0.0000e+00
 187.482645     42.963  34.683047     7.8127    3.29106     42.600    33.5202    26.1397 0.0000e+00
 187.482650     43.409  34.692378     7.7917    3.22570     43.042    33.5502    26.1663 0.0000e+00
 187.482656     43.850  34.703600     7.7659    3.17124     43.479    33.5869    26.1989 0.0000e+00
 187.482662     44.287  34.713145     7.7331    3.13241     43.913    33.6286    26.2364 0.0000e+00
 187.482668     44.719  34.719692     7.7033    3.10089     44.341    33.6643    26.2687 0.0000e+00
 187.482674     45.144  34.726335     7.6842    3.06265     44.762    33.6897    26.2914 0.0000e+00
 187.482679     45.562  34.734610     7.6731    3.03034     45.177    33.7092    26.3083 0.0000e+00
 187.482685     45.970  34.742062     7.6646    3.00429     45.581    33.7253    26.3222 0.0000e+00
 187.482691     46.359  34.748503     7.6565    2.98681     45.967    33.7399    26.3348 0.0000e+00
 187.482697     46.718  34.754646     7.6493    2.99819     46.323    33.7533    26.3464 0.0000e+00
 187.482703     47.032  34.760242     7.6467    3.00716     46.634    33.7617    26.3534 0.0000e+00
 187.482708     47.303  34.765436     7.6519    3.00941     46.903    33.7622    26.3530 0.0000e+00
 187.482714     47.528  34.768717     7.6613    3.01071     47.126    33.7565    26.3472 0.0000e+00
 187.482720     47.715  34.768265     7.6666    2.99196     47.311    33.7507    26.3419 0.0000e+00
 187.482726     47.875  34.765696     7.6648    2.99115     47.470    33.7496    26.3413 0.0000e+00
 187.482731     48.013  34.764292     7.6598    2.98206     47.607    33.7529    26.3446 -9.990e-29
 187.482737     48.127  34.765522     7.6572    2.98828     47.720    33.7567    26.3480 -9.990e-29
 187.482743     48.210  34.767635     7.6603    2.99948     47.802    33.7559    26.3469 -9.990e-29
 187.482749     48.267  34.768377     7.6668    3.02086     47.859    33.7504    26.3417 -9.990e-29
 187.482755     48.311  34.768149     7.6716    3.03699     47.902    33.7455    26.3371 -9.990e-29
 187.482760     48.349  34.767748     7.6743    3.04329     47.940    33.7424    26.3343 -9.990e-29
 187.482766     48.379  34.766617     7.6762    3.03606     47.970    33.7393    26.3316 -9.990e-29
 187.482772     48.398  34.764906     7.6765    3.01283     47.988    33.7372    26.3299 -9.990e-29
 187.482778     48.412  34.763113     7.6739    2.98180     48.002    33.7378    26.3307 -9.990e-29
 187.482784     48.431  34.761627     7.6671    2.95975     48.021    33.7428    26.3356 -9.990e-29
 187.482789     48.460  34.762370     7.6570    2.94491     48.050    33.7533    26.3454 -9.990e-29
 187.482795     48.497  34.765748     7.6484    2.93677     48.087    33.7653    26.3560 -9.990e-29
 187.482801     48.534  34.768948     7.6458    2.93028     48.123    33.7713    26.3611 -9.990e-29
 187.482807     48.567  34.770604     7.6485    2.92942     48.156    33.7704    26.3600 -9.990e-29
 187.482812     48.593  34.771216     7.6517    2.91273     48.182    33.7680    26.3576 -9.990e-29
 187.482818     48.618  34.771575     7.6513    2.90974     48.207    33.7687    26.3583 -9.990e-29
 187.482824     48.647  34.772136     7.6465    2.89980     48.235    33.7740    26.3631 -9.990e-29
 187.482830     48.679  34.772505     7.6404    2.89567     48.267    33.7803    26.3689 -9.990e-29
 187.482836     48.711  34.772588     7.6366    2.89875     48.299    33.7841    26.3724 -9.990e-29
 187.482841     48.740  34.773029     7.6362    2.89555     48.328    33.7849    26.3732 -9.990e-29
 187.482847     48.761  34.774391     7.6379    2.88593     48.348    33.7847    26.3728 -9.990e-29
 187.482853     48.774  34.775662     7.6393    2.87963     48.361    33.7847    26.3726 -9.990e-29
 187.482859     48.793  34.775147     7.6385    2.88409     48.380    33.7849    26.3729 -9.990e-29
 187.482865     48.828  34.773259     7.6360    2.87356     48.415    33.7853    26.3735 -9.990e-29
 187.482870     48.872  34.772504     7.6346    2.87973     48.458    33.7858    26.3741 -9.990e-29
 187.482876     48.916  34.773534     7.6354    2.87495     48.502    33.7861    26.3743 -9.990e-29
 187.482882     48.954  34.774893     7.6372    2.87714     48.540    33.7858    26.3738 -9.990e-29
 187.482888     48.984  34.775563     7.6386    2.87615     48.569    33.7852    26.3731 -9.990e-29
 187.482894     49.012  34.775291     7.6386    2.87606     48.597    33.7849    26.3728 -9.990e-29
 187.482899     49.044  34.774254     7.6368    2.87964     48.629    33.7855    26.3736 -9.990e-29
 187.482905     49.082  34.772727     7.6340    2.88175     48.667    33.7866    26.3748 -9.990e-29
 187.482911     49.129  34.771454     7.6321    2.88676     48.713    33.7870    26.3754 -9.990e-29
 187.482917     49.179  34.771515     7.6318    2.88670     48.763    33.7873    26.3757 -9.990e-29
 187.482922     49.217  34.772966     7.6324    2.88670     48.800    33.7883    26.3764 -9.990e-29
 187.482928     49.239  34.774352     7.6331    2.87767     48.822    33.7891    26.3769 -9.990e-29
 187.482934     49.249  34.774695     7.6335    2.86610     48.832    33.7891    26.3769 -9.990e-29
 187.482940     49.257  34.773865     7.6336    2.85541     48.840    33.7881    26.3761 -9.990e-29
 187.482946     49.263  34.772416     7.6333    2.85544     48.846    33.7868    26.3751 -9.990e-29
 187.482951     49.264  34.771757     7.6326    2.86201     48.847    33.7868    26.3752 -9.990e-29
 187.482957     49.264  34.772104     7.6322    2.86922     48.847    33.7875    26.3758 -9.990e-29
 187.482963     49.270  34.772216     7.6320    2.87275     48.853    33.7879    26.3761 -9.990e-29
 187.482969     49.285  34.771659     7.6318    2.87253     48.868    33.7874    26.3758 -9.990e-29
 187.482975     49.299  34.771346     7.6320    2.87256     48.882    33.7869    26.3754 -9.990e-29
 187.482980     49.314  34.771959     7.6328    2.86362     48.897    33.7868    26.3751 -9.990e-29
 187.482986     49.336  34.773169     7.6332    2.87079     48.918    33.7877    26.3758 -9.990e-29
 187.482992     49.365  34.773760     7.6328    2.87353     48.947    33.7887    26.3767 -9.990e-29
 187.482998     49.404  34.772814     7.6318    2.87570     48.986    33.7886    26.3767 -9.990e-29
 187.483003     49.450  34.771289     7.6300    2.86716     49.031    33.7887    26.3771 -9.990e-29
 187.483009     49.498  34.770492     7.6284    2.85298     49.079    33.7894    26.3778 -9.990e-29
 187.483015     49.542  34.770457     7.6282    2.85075     49.123    33.7895    26.3780 -9.990e-29
 187.483021     49.578  34.771112     7.6291    2.84319     49.158    33.7893    26.3777 -9.990e-29
 187.483027     49.602  34.772184     7.6302    2.84751     49.182    33.7894    26.3776 -9.990e-29
 187.483032     49.616  34.772835     7.6312    2.85184     49.196    33.7891    26.3772 -9.990e-29
 187.483038     49.621  34.772789     7.6320    2.84525     49.201    33.7883    26.3765 -9.990e-29
 187.483044     49.622  34.772521     7.6323    2.85618     49.202    33.7877    26.3760 -9.990e-29
 187.483050     49.628  34.772210     7.6320    2.85880     49.208    33.7877    26.3760 -9.990e-29
 187.483056     49.643  34.771418     7.6310    2.85138     49.223    33.7878    26.3762 -9.990e-29
 187.483061     49.667  34.770188     7.6300    2.86091     49.247    33.7874    26.3761 -9.990e-29
 187.483067     49.699  34.769660     7.6300    2.84943     49.278    33.7868    26.3756 -9.990e-29
 187.483073     49.732  34.770224     7.6307    2.85898     49.311    33.7867    26.3754 -9.990e-29
 187.483079     49.767  34.770925     7.6312    2.86306     49.346    33.7870    26.3756 -9.990e-29
 187.483084     49.812  34.770994     7.6313    2.86096     49.390    33.7870    26.3755 -9.990e-29
 187.483090     49.860  34.770499     7.6311    2.86340     49.438    33.7866    26.3752 -9.990e-29
 187.483096     49.898  34.770255     7.6308    2.85923     49.476    33.7866    26.3753 -9.990e-29
 187.483102     49.914  34.770481     7.6305    2.84998     49.491    33.7871    26.3758 -9.990e-29
 187.483108     49.911  34.770715     7.6302    2.84875     49.488    33.7877    26.3762 -9.990e-29
 187.483113     49.901  34.770688     7.6299    2.84826     49.479    33.7879    26.3765 -9.990e-29
 187.483119     49.896  34.770167     7.6295    2.85025     49.474    33.7878    26.3764 -9.990e-29
 187.483125     49.896  34.769568     7.6291    2.84548     49.474    33.7875    26.3763 -9.990e-29
 187.483131     49.891  34.769763     7.6291    2.84328     49.469    33.7877    26.3764 -9.990e-29
 187.483137     49.878  34.770440     7.6293    2.85295     49.456    33.7883    26.3768 -9.990e-29
 187.483142     49.861  34.770810     7.6298    2.84782     49.439    33.7882    26.3767 -9.990e-29
 187.483148     49.850  34.770794     7.6300    2.84995     49.428    33.7880    26.3765 -9.990e-29
 187.483154     49.858  34.770363     7.6294    2.85712     49.436    33.7881    26.3767 -9.990e-29
 187.483160     49.885  34.769490     7.6284    2.84838     49.463    33.7881    26.3768 -9.990e-29
 187.483166     49.920  34.768683     7.6276    2.85034     49.497    33.7880    26.3769 -9.990e-29
 187.483171     49.949  34.768537     7.6275    2.84760     49.526    33.7879    26.3768 -9.990e-29
 187.483177     49.964  34.768845     7.6279    2.84610     49.541    33.7879    26.3767 -9.990e-29
 187.483183     49.976  34.768886     7.6282    2.85049     49.553    33.7876    26.3765 -9.990e-29
 187.483189     49.997  34.768703     7.6281    2.86001     49.574    33.7875    26.3764 -9.990e-29
 187.483194     50.030  34.768604     7.6278    2.86211     49.606    33.7877    26.3766 -9.990e-29
 187.483200     50.063  34.768446     7.6277    2.86202     49.639    33.7876    26.3765 -9.990e-29
 187.483206     50.085  34.768568     7.6279    2.85980     49.661    33.7875    26.3764 -9.990e-29
 187.483212     50.099  34.769120     7.6283    2.84607     49.675    33.7877    26.3765 -9.990e-29
 187.483218     50.109  34.769705     7.6287    2.84475     49.685    33.7879    26.3767 -9.990e-29
 187.483223     50.115  34.769973     7.6291    2.83600     49.691    33.7878    26.3765 -9.990e-29
 187.483229     50.123  34.769709     7.6292    2.83549     49.699    33.7875    26.3762 -9.990e-29
 187.483235     50.138  34.769111     7.6289    2.84033     49.714    33.7871    26.3760 -9.990e-29
 187.483241     50.155  34.768493     7.6284    2.84105     49.730    33.7869    26.3759 -9.990e-29
 187.483247     50.168  34.768142     7.6281    2.84577     49.743    33.7868    26.3759 -9.990e-29
 187.483252     50.173  34.768138     7.6281    2.84640     49.748    33.7868    26.3759 -9.990e-29
 187.483258     50.174  34.768466     7.6287    2.84574     49.749    33.7866    26.3756 -9.990e-29
 187.483264     50.181  34.768992     7.6293    2.84586     49.756    33.7866    26.3755 -9.990e-29
 187.483270     50.197  34.769286     7.6292    2.85533     49.772    33.7870    26.3758 -9.990e-29
 187.483275     50.221  34.769168     7.6286    2.84802     49.796    33.7874    26.3763 -9.990e-29
 187.483281     50.244  34.769030     7.6282    2.85550     49.819    33.7876    26.3765 -9.990e-29
 187.483287     50.259  34.769238     7.6281    2.84669     49.833    33.7880    26.3768 -9.990e-29
 187.483293     50.260  34.769495     7.6281    2.85184     49.834    33.7882    26.3770 -9.990e-29
