data/oxygen options/OCNMS/OCNMS1/raw_data/2006/CTD_CA042_081606faed.cnv
* Sea-Bird SBE19 Data File:
* FileName = C:\MOORING_DATA_2006\CTD_CA042_081606.hex
* Software Version 1.1.6
* Temperature SN = 2997
* Conductivity SN = 2997
* System UpLoad Time = Aug 16 2006 18:24:01
* SEACAT PROFILER V3.1c SN 2997   08/16/06  18:23:46.822
* strain gauge pressure sensor: S/N = 184829,  range = 3000 psia,  tc = 40
# nquan = 9                                 
# nvalues = 2986                        
# units = specified
# name 0 = timeJ: Julian Days
# name 1 = prSM: Pressure, Strain Gauge [db]
# name 2 = c0mS/cm: Conductivity [mS/cm]
# name 3 = t090C: Temperature [ITS-90, deg C]
# name 4 = oxML/L: Oxygen, Beckman/YSI [ml/l]
# name 5 = depSM: Depth [salt water, m], lat = 47.5
# name 6 = sal00: Salinity, Practical [PSU]
# name 7 = sigma-é00: Density [sigma-theta, kg/m^3]
# name 8 = flag: flag
# span 0 = 228.725417, 228.742691       
# span 1 =     -5.227,     43.189       
# span 2 =   0.261243,  38.111893       
# span 3 =     7.8540,    13.4942       
# span 4 =  -12.41188,   35.11822       
# span 5 =     -5.183,     42.824       
# span 6 =     0.1615,    33.6923       
# span 7 =    -0.5589,    26.2678       
# span 8 = 0.0000e+00, 0.0000e+00       
# interval = seconds: 0.5
# start_time = Aug 16 2006 17:24:36 [Instrument's time stamp, header]
# bad_flag = -9.990e-29
*END*
[from data line 2881]
 228.742089      0.761   1.727600    12.5334   -0.07225      0.755     1.1709     0.3490 -9.990e-29
 228.742095      0.758   1.776093    12.5332   -0.07222      0.752     1.2055     0.3759 -9.990e-29
 228.742101      0.757   1.797210    12.5352   -0.07222      0.751     1.2205     0.3873 -9.990e-29
 228.742106      0.756   1.772483    12.5385   -0.07223      0.750     1.2027     0.3731 -9.990e-29
 228.742112      0.755   1.737051    12.5422   -0.07223      0.749     1.1773     0.3529 -9.990e-29
 228.742118      0.754   1.708656    12.5452   -0.07222      0.748     1.1570     0.3367 -9.990e-29
 228.742124      0.754   1.686442    12.5464   -0.07224      0.748     1.1412     0.3243 -9.990e-29
 228.742130      0.753   1.661836    12.5462   -0.07224      0.747     1.1237     0.3107 -9.990e-29
 228.742135      0.753   1.617364    12.5459   -0.07224      0.747     1.0921     0.2862 -9.990e-29
 228.742141      0.753   1.566435    12.5461   -0.07225      0.747     1.0560     0.2581 -9.990e-29
 228.742147      0.753   1.548811    12.5463   -0.07226      0.747     1.0435     0.2484 -9.990e-29
 228.742153      0.753   1.575401    12.5455   -0.07228      0.747     1.0624     0.2631 -9.990e-29
 228.742159      0.753   1.617282    12.5444   -0.07230      0.747     1.0921     0.2864 -9.990e-29
 228.742164      0.754   1.641498    12.5442   -0.07231      0.748     1.1093     0.2998 -9.990e-29
 228.742170      0.754   1.646481    12.5456   -0.07232      0.748     1.1128     0.3023 -9.990e-29
 228.742176      0.755   1.646646    12.5482   -0.07231      0.749     1.1128     0.3020 -9.990e-29
 228.742182      0.756   1.634442    12.5512   -0.07232      0.750     1.1041     0.2949 -9.990e-29
 228.742188      0.757   1.603033    12.5546   -0.07233      0.751     1.0817     0.2770 -9.990e-29
 228.742193      0.759   1.567703    12.5571   -0.07235      0.753     1.0566     0.2572 -9.990e-29
 228.742199      0.761   1.534070    12.5584   -0.07235      0.755     1.0328     0.2385 -9.990e-29
 228.742205      0.764   1.493365    12.5591   -0.07236      0.758     1.0040     0.2161 -9.990e-29
 228.742211      0.767   1.442369    12.5593   -0.07236      0.761     0.9681     0.1881 -9.990e-29
 228.742216      0.772   1.386898    12.5592   -0.07238      0.766     0.9291     0.1578 -9.990e-29
 228.742222      0.778   1.339557    12.5589   -0.07238      0.772     0.8959     0.1320 -9.990e-29
 228.742228      0.782   1.309919    12.5585   -0.07237      0.775     0.8751     0.1159 -9.990e-29
 228.742234      0.779   1.295644    12.5580   -0.07237      0.772     0.8652     0.1082 -9.990e-29
 228.742240      0.773   1.286575    12.5572   -0.07239      0.767     0.8588     0.1034 -9.990e-29
 228.742245      0.769   1.271731    12.5561   -0.07240      0.763     0.8485     0.0955 -9.990e-29
 228.742251      0.765   1.246857    12.5546   -0.07241      0.759     0.8311     0.0822 -9.990e-29
 228.742257      0.763   1.219847    12.5529   -0.07240      0.757     0.8123     0.0677 -9.990e-29
 228.742263      0.762   1.200742    12.5516   -0.07240      0.756     0.7991     0.0576 -9.990e-29
 228.742269      0.761   1.187928    12.5514   -0.07236      0.755     0.7901     0.0507 -9.990e-29
 228.742274      0.761   1.171533    12.5526   -0.07235      0.755     0.7787     0.0416 -9.990e-29
 228.742280      0.761   1.149114    12.5545   -0.07236      0.755     0.7631     0.0292 -9.990e-29
 228.742286      0.762   1.129063    12.5560   -0.07237      0.756     0.7491     0.0182 -9.990e-29
 228.742292      0.764   1.114051    12.5566   -0.07237      0.758     0.7387     0.0100 -9.990e-29
 228.742297      0.767   1.094606    12.5565   -0.07239      0.761     0.7253    -0.0005 -9.990e-29
 228.742303      0.770   1.066439    12.5570   -0.07240      0.764     0.7058    -0.0157 -9.990e-29
 228.742309      0.775   1.040260    12.5589   -0.07241      0.769     0.6876    -0.0301 -9.990e-29
 228.742315      0.782   1.027212    12.5638   -0.07240      0.775     0.6785    -0.0377 -9.990e-29
 228.742321      0.786   1.026544    12.5721   -0.07240      0.779     0.6779    -0.0392 -9.990e-29
 228.742326      0.783   1.029041    12.5799   -0.07239      0.776     0.6795    -0.0390 -9.990e-29
 228.742332      0.779   1.021944    12.5844   -0.07237      0.772     0.6745    -0.0434 -9.990e-29
 228.742338      0.776   0.999121    12.5855   -0.07236      0.770     0.6588    -0.0558 -9.990e-29
 228.742344      0.775   0.969528    12.5840   -0.07236      0.769     0.6385    -0.0714 -9.990e-29
 228.742350      0.775   0.945303    12.5808   -0.07237      0.769     0.6219    -0.0839 -9.990e-29
 228.742355      0.777   0.929096    12.5777   -0.07238      0.771     0.6108    -0.0922 -9.990e-29
 228.742361      0.780   0.918161    12.5764   -0.07237      0.773     0.6034    -0.0978 -9.990e-29
 228.742367      0.786   0.910675    12.5779   -0.07236      0.779     0.5982    -0.1020 -9.990e-29
 228.742373      0.794   0.904424    12.5820   -0.07235      0.787     0.5939    -0.1059 -9.990e-29
 228.742378      0.800   0.896623    12.5872   -0.07235      0.793     0.5884    -0.1108 -9.990e-29
 228.742384      0.800   0.888518    12.5919   -0.07234      0.793     0.5828    -0.1157 -9.990e-29
 228.742390      0.799   0.886500    12.5943   -0.07232      0.792     0.5814    -0.1171 -9.990e-29
 228.742396      0.797   0.893426    12.5945   -0.07231      0.790     0.5861    -0.1135 -9.990e-29
 228.742402      0.794   0.900777    12.5939   -0.07230      0.787     0.5912    -0.1095 -9.990e-29
 228.742407      0.793   0.898939    12.5923   -0.07230      0.786     0.5900    -0.1102 -9.990e-29
 228.742413      0.791   0.893228    12.5896   -0.07230      0.784     0.5861    -0.1129 -9.990e-29
 228.742419      0.787   0.901547    12.5868   -0.07228      0.780     0.5918    -0.1081 -9.990e-29
 228.742425      0.786   0.930550    12.5843   -0.07226      0.779     0.6117    -0.0923 -9.990e-29
 228.742431      0.786   0.968428    12.5820   -0.07225      0.779     0.6378    -0.0717 -9.990e-29
 228.742436      0.789   1.006879    12.5804   -0.07225      0.782     0.6642    -0.0509 -9.990e-29
 228.742442      0.790   1.047243    12.5799   -0.07224      0.783     0.6921    -0.0292 -9.990e-29
 228.742448      0.785   1.091187    12.5806   -0.07225      0.778     0.7224    -0.0056 -9.990e-29
 228.742454      0.777   1.132944    12.5820   -0.07227      0.771     0.7513     0.0167 -9.990e-29
 228.742459      0.772   1.160504    12.5825   -0.07228      0.766     0.7704     0.0315 -9.990e-29
 228.742465      0.768   1.172328    12.5823   -0.07230      0.762     0.7787     0.0379 -9.990e-29
 228.742471      0.765   1.183628    12.5839   -0.07230      0.759     0.7865     0.0438 -9.990e-29
 228.742477      0.762   1.207254    12.5884   -0.07229      0.756     0.8028     0.0560 -9.990e-29
 228.742483      0.761   1.235865    12.5938   -0.07228      0.755     0.8226     0.0707 -9.990e-29
 228.742488      0.760   1.253233    12.5976   -0.07229      0.754     0.8347     0.0796 -9.990e-29
 228.742494      0.759   1.253662    12.5992   -0.07229      0.753     0.8349     0.0796 -9.990e-29
 228.742500      0.760   1.244938    12.5988   -0.07231      0.754     0.8288     0.0749 -9.990e-29
 228.742506      0.760   1.234850    12.5973   -0.07231      0.754     0.8219     0.0697 -9.990e-29
 228.742512      0.762   1.219380    12.5951   -0.07231      0.756     0.8111     0.0616 -9.990e-29
 228.742517      0.764   1.195655    12.5924   -0.07231      0.758     0.7947     0.0491 -9.990e-29
 228.742523      0.767   1.171993    12.5909   -0.07231      0.761     0.7783     0.0365 -9.990e-29
 228.742529      0.770   1.157348    12.5919   -0.07233      0.764     0.7681     0.0285 -9.990e-29
 228.742535      0.775   1.153833    12.5937   -0.07235      0.769     0.7656     0.0263 -9.990e-29
 228.742541      0.782   1.155649    12.5946   -0.07236      0.775     0.7668     0.0272 -9.990e-29
 228.742546      0.786   1.154121    12.5944   -0.07235      0.779     0.7658     0.0264 -9.990e-29
 228.742552      0.784   1.144438    12.5942   -0.07233      0.777     0.7591     0.0212 -9.990e-29
 228.742558      0.780   1.125343    12.5946   -0.07232      0.773     0.7458     0.0108 -9.990e-29
 228.742564      0.778   1.100779    12.5951   -0.07233      0.772     0.7288    -0.0025 -9.990e-29
 228.742569      0.777   1.080161    12.5953   -0.07233      0.771     0.7145    -0.0136 -9.990e-29
 228.742575      0.778   1.068732    12.5953   -0.07234      0.772     0.7066    -0.0197 -9.990e-29
 228.742581      0.781   1.059023    12.5954   -0.07235      0.774     0.6999    -0.0250 -9.990e-29
 228.742587      0.785   1.036979    12.5959   -0.07235      0.778     0.6847    -0.0369 -9.990e-29
 228.742593      0.788   1.000390    12.5972   -0.07235      0.781     0.6595    -0.0567 -9.990e-29
 228.742598      0.784   0.963164    12.5996   -0.07235      0.777     0.6339    -0.0769 -9.990e-29
 228.742604      0.778   0.940018    12.6028   -0.07234      0.772     0.6179    -0.0897 -9.990e-29
 228.742610      0.774   0.935598    12.6057   -0.07234      0.768     0.6148    -0.0925 -9.990e-29
 228.742616      0.771   0.941790    12.6074   -0.07233      0.765     0.6191    -0.0894 -9.990e-29
 228.742622      0.769   0.944105    12.6078   -0.07231      0.763     0.6206    -0.0882 -9.990e-29
 228.742627      0.769   0.936198    12.6072   -0.07231      0.763     0.6152    -0.0924 -9.990e-29
 228.742633      0.770   0.921951    12.6062   -0.07228      0.764     0.6055    -0.0998 -9.990e-29
 228.742639      0.772   0.906222    12.6054 -9.990e-29      0.766     0.5947    -0.1081 -9.990e-29
 228.742645      0.775   0.893001    12.6055 -9.990e-29      0.769     0.5857    -0.1152 -9.990e-29
 228.742650      0.776   0.885742    12.6070 -9.990e-29      0.770     0.5807    -0.1192 -9.990e-29
 228.742656      0.774   0.883086    12.6104 -9.990e-29      0.768     0.5788    -0.1211 -9.990e-29
 228.742662      0.777   0.879276    12.6154 -9.990e-29      0.771     0.5762    -0.1238 -9.990e-29
 228.742668      0.782   0.870894    12.6219 -9.990e-29      0.775     0.5703    -0.1291 -9.990e-29
 228.742674      0.781   0.859524    12.6287 -9.990e-29      0.774     0.5625    -0.1361 -9.990e-29
 228.742679      0.777   0.848310    12.6346 -9.990e-29      0.771     0.5548    -0.1428 -9.990e-29
 228.742685      0.775   0.839497    12.6372 -9.990e-29      0.769     0.5487    -0.1479 -9.990e-29
 228.742691      0.774   0.834649 -9.990e-29 -9.990e-29      0.768 -9.990e-29 -9.990e-29 -9.990e-29
