data/oxygen options/OCNMS/OCNMS1/raw_data/2006/CTD_TH042_092706_CASTfaed.cnv
* Sea-Bird SBE19 Data File:
* FileName = C:\MOORING_DATA_2006\CTD_TH042_092706_CAST.hex
* Software Version 1.1.6
* Temperature SN = 2997
* Conductivity SN = 2997
* System UpLoad Time = Sep 27 2006 10:32:06
* SEACAT PROFILER V3.1c SN 2997   09/27/06  10:32:37.615
* strain gauge pressure sensor: S/N = 184829,  range = 3000 psia,  tc = 40
# nquan = 9                                 
# nvalues = 2052                        
# units = specified
# name 0 = timeJ: Julian Days
# name 1 = prSM: Pressure, Strain Gauge [db]
# name 2 = c0mS/cm: Conductivity [mS/cm]
# name 3 = t090C: Temperature [ITS-90, deg C]
# name 4 = oxML/L: Oxygen, Beckman/YSI [ml/l]
# name 5 = depSM: Depth [salt water, m], lat = 47.5
# name 6 = sal00: Salinity, Practical [PSU]
# name 7 = sigma-é00: Density [sigma-theta, kg/m^3]
# name 8 = flag: flag
# span 0 = 270.423356, 270.435226       
# span 1 =     -3.471,     45.444       
# span 2 =   0.198994,  38.178549       
# span 3 =     8.0960,    19.3777       
# span 4 =   -0.06925,   24.92842       
# span 5 =     -3.442,     45.060       
# span 6 =     0.1084,    34.9575       
# span 7 =    -1.5849,    27.1548       
# span 8 = 0.0000e+00, 0.0000e+00       
# interval = seconds: 0.5
# start_time = Sep 27 2006 10:09:38 [Instrument's time stamp, header]
# bad_flag = -9.990e-29
*END*
[from data line 1121]
 270.429844     21.666  36.672461    10.5190    3.39634     21.484    33.0663    25.3545 -9.990e-29
 270.429850     21.687  36.682153    10.5263    3.43111     21.505    33.0694    25.3557 -9.990e-29
 270.429855     21.703  36.691126    10.5265    3.46030     21.521    33.0782    25.3625 -9.990e-29
 270.429861     21.712  36.700691    10.5249    3.48851     21.530    33.0892    25.3714 -9.990e-29
 270.429867     21.706  36.710709    10.5287    3.51849     21.524    33.0958    25.3759 -9.990e-29
 270.429873     21.684  36.720520    10.5385    3.54019     21.502    33.0968    25.3749 -9.990e-29
 270.429878     21.658  36.729747    10.5507    3.58370     21.476    33.0949    25.3714 -9.990e-29
 270.429884     21.638  36.738360    10.5665    3.60404     21.456    33.0892    25.3642 -9.990e-29
 270.429890     21.628  36.746632    10.5851    3.62482     21.446    33.0807    25.3543 -9.990e-29
 270.429896     21.623  36.754382    10.5992    3.65534     21.441    33.0756    25.3480 -9.990e-29
 270.429902     21.614  36.761856    10.6086    3.67925     21.432    33.0746    25.3455 -9.990e-29
 270.429907     21.597  36.769494    10.6218    3.70124     21.416    33.0703    25.3399 -9.990e-29
 270.429913     21.573  36.777390    10.6419    3.73072     21.392    33.0600    25.3283 -9.990e-29
 270.429919     21.551  36.785419    10.6638    3.74638     21.370    33.0482    25.3154 -9.990e-29
 270.429925     21.538  36.793077    10.6795    3.75370     21.357    33.0416    25.3075 -9.990e-29
 270.429931     21.541  36.800490    10.6834    3.76354     21.360    33.0455    25.3099 -9.990e-29
 270.429936     21.560  36.808015    10.6790    3.77260     21.379    33.0570    25.3196 -9.990e-29
 270.429942     21.584  36.815597    10.6721    3.78168     21.403    33.0708    25.3315 -9.990e-29
 270.429948     21.606  36.823253    10.6641    3.79317     21.425    33.0857    25.3445 -9.990e-29
 270.429954     21.627  36.831099    10.6561    3.81709     21.445    33.1008    25.3577 -9.990e-29
 270.429959     21.644  36.839503    10.6513    3.83613     21.462    33.1135    25.3684 -9.990e-29
 270.429965     21.650  36.848457    10.6523    3.84323     21.468    33.1216    25.3745 -9.990e-29
 270.429971     21.641  36.857561    10.6626    3.86190     21.459    33.1214    25.3726 -9.990e-29
 270.429977     21.617  36.867181    10.6883    3.86698     21.435    33.1077    25.3574 -9.990e-29
 270.429983     21.575  36.877808    10.7302    3.88184     21.394    33.0803    25.3288 -9.990e-29
 270.429988     21.526  36.889033    10.7799    3.89131     21.345    33.0466    25.2939 -9.990e-29
 270.429994     21.493  36.900128    10.8239    3.90445     21.313    33.0180    25.2638 -9.990e-29
 270.430000     21.491  36.910757    10.8414    3.90943     21.311    33.0128    25.2567 -9.990e-29
 270.430006     21.514  36.920524    10.8271    3.92260     21.333    33.0354    25.2768 -9.990e-29
 270.430012     21.548  36.929004    10.8084    3.94069     21.367    33.0607    25.2998 -9.990e-29
 270.430017     21.582  36.936855    10.8080    3.95744     21.401    33.0689    25.3063 -9.990e-29
 270.430023     21.609  36.944447    10.8205    3.99738     21.428    33.0651    25.3012 -9.990e-29
 270.430029     21.627  36.951243    10.8335    4.00876     21.445    33.0601    25.2950 -9.990e-29
 270.430035     21.637  36.957896    10.8421    4.02291     21.455    33.0590    25.2926 -9.990e-29
 270.430041     21.640  36.965434    10.8458    4.04334     21.458    33.0631    25.2952 -9.990e-29
 270.430046     21.635  36.973817    10.8460    4.05690     21.453    33.0713    25.3015 -9.990e-29
 270.430052     21.627  36.983011    10.8489    4.06893     21.445    33.0778    25.3061 -9.990e-29
 270.430058     21.620  36.993502    10.8607    4.08201     21.438    33.0776    25.3038 -9.990e-29
 270.430064     21.609  37.005261    10.8795    4.09447     21.428    33.0724    25.2964 -9.990e-29
 270.430069     21.588  37.017144    10.8960    4.11896     21.407    33.0693    25.2911 -9.990e-29
 270.430075     21.561  37.028174    10.9065    4.14228     21.380    33.0708    25.2904 -9.990e-29
 270.430081     21.539  37.038483    10.9141    4.15928     21.358    33.0742    25.2917 -9.990e-29
 270.430087     21.529  37.048364    10.9194    4.19035     21.348    33.0792    25.2947 -9.990e-29
 270.430093     21.527  37.057538    10.9215    4.20858     21.346    33.0864    25.3000 -9.990e-29
 270.430098     21.527  37.065903    10.9210    4.23364     21.346    33.0952    25.3069 -9.990e-29
 270.430104     21.529  37.073958    10.9186    4.25641     21.348    33.1054    25.3152 -9.990e-29
 270.430110     21.531  37.081792    10.9156    4.29161     21.350    33.1159    25.3239 -9.990e-29
 270.430116     21.522  37.089197    10.9143    4.31371     21.341    33.1244    25.3308 -9.990e-29
 270.430122     21.503  37.096516    10.9149    4.33213     21.322    33.1312    25.3360 -9.990e-29
 270.430127     21.490  37.103975    10.9157    4.34829     21.310    33.1379    25.3410 -9.990e-29
 270.430133     21.498  37.111428    10.9147    4.35578     21.317    33.1462    25.3477 -9.990e-29
 270.430139     21.524  37.118724    10.9105    4.37173     21.343    33.1572    25.3570 -9.990e-29
 270.430145     21.557  37.125498    10.9048    4.39095     21.376    33.1691    25.3673 -9.990e-29
 270.430150     21.591  37.131813    10.8999    4.40461     21.410    33.1798    25.3765 -9.990e-29
 270.430156     21.619  37.138241    10.8945    4.42103     21.437    33.1911    25.3862 -9.990e-29
 270.430162     21.638  37.144381    10.8882    4.44449     21.456    33.2029    25.3965 -9.990e-29
 270.430168     21.649  37.149448    10.8844    4.45798     21.467    33.2113    25.4038 -9.990e-29
 270.430174     21.655  37.154031    10.8852    4.46775     21.473    33.2152    25.4066 -9.990e-29
 270.430179     21.654  37.158635    10.8883    4.48603     21.472    33.2169    25.4075 -9.990e-29
 270.430185     21.646  37.162673    10.8897    4.49915     21.464    33.2197    25.4094 -9.990e-29
 270.430191     21.636  37.165926    10.8882    4.51763     21.454    33.2243    25.4132 -9.990e-29
 270.430197     21.627  37.168811    10.8868    4.54114     21.445    33.2284    25.4167 -9.990e-29
 270.430203     21.615  37.171813    10.8878    4.54768     21.433    33.2305    25.4181 -9.990e-29
 270.430208     21.594  37.175013    10.8894    4.56415     21.413    33.2323    25.4192 -9.990e-29
 270.430214     21.566  37.178194    10.8897    4.57979     21.385    33.2352    25.4214 -9.990e-29
 270.430220     21.540  37.181117    10.8905    4.59380     21.359    33.2374    25.4230 -9.990e-29
 270.430226     21.518  37.183758    10.8956    4.59773     21.337    33.2354    25.4205 -9.990e-29
 270.430231     21.498  37.186276    10.9056    4.60796     21.317    33.2288    25.4136 -9.990e-29
 270.430237     21.482  37.188670    10.9159    4.62299     21.302    33.2219    25.4064 -9.990e-29
 270.430243     21.480  37.190773    10.9257    4.62644     21.300    33.2151    25.3994 -9.990e-29
 270.430249     21.498  37.192593    10.9357    4.63787     21.317    33.2078    25.3920 -9.990e-29
 270.430255     21.544  37.194319    10.9388    4.65147     21.363    33.2067    25.3906 -9.990e-29
 270.430260     21.606  37.196015    10.9321    4.66178     21.425    33.2144    25.3978 -9.990e-29
 270.430266     21.662  37.197705    10.9246    4.68352     21.480    33.2229    25.4057 -9.990e-29
 270.430272     21.701  37.199403    10.9249    4.68741     21.519    33.2243    25.4067 -9.990e-29
 270.430278     21.718  37.201129    10.9330    4.67754     21.536    33.2187    25.4009 -9.990e-29
 270.430284     21.713  37.202944    10.9433    4.66705     21.531    33.2111    25.3932 -9.990e-29
 270.430289     21.683  37.205029    10.9508    4.67269     21.501    33.2064    25.3882 -9.990e-29
 270.430295     21.645  37.207366    10.9562    4.68705     21.463    33.2039    25.3853 -9.990e-29
 270.430301     21.608  37.209714    10.9616    4.69982     21.427    33.2013    25.3823 -9.990e-29
 270.430307     21.566  37.211846    10.9671    4.70904     21.385    33.1985    25.3791 -9.990e-29
 270.430313     21.517  37.213805    10.9734    4.69634     21.336    33.1948    25.3751 -9.990e-29
 270.430318     21.470  37.215964    10.9805    4.69150     21.290    33.1905    25.3705 -9.990e-29
 270.430324     21.443  37.218405    10.9878    4.68819     21.263    33.1863    25.3660 -9.990e-29
 270.430330     21.448  37.220839    10.9953    4.69763     21.268    33.1820    25.3613 -9.990e-29
 270.430336     21.477  37.223150    11.0001    4.71432     21.297    33.1799    25.3588 -9.990e-29
 270.430341     21.518  37.225432    10.9974    4.71948     21.337    33.1846    25.3629 -9.990e-29
 270.430347     21.561  37.227931    10.9897    4.73597     21.380    33.1940    25.3717 -9.990e-29
 270.430353     21.596  37.230990    10.9848    4.73660     21.415    33.2015    25.3783 -9.990e-29
 270.430359     21.621  37.234204    10.9863    4.74367     21.439    33.2033    25.3795 -9.990e-29
 270.430365     21.637  37.236811    10.9920    4.74522     21.455    33.2007    25.3765 -9.990e-29
 270.430370     21.643  37.238925    10.9979    4.74741     21.461    33.1975    25.3729 -9.990e-29
 270.430376     21.632  37.241123    11.0017    4.75102     21.450    33.1962    25.3712 -9.990e-29
 270.430382     21.610  37.243539    11.0034    4.76818     21.429    33.1971    25.3716 -9.990e-29
 270.430388     21.578  37.246034    11.0042    4.76735     21.397    33.1989    25.3728 -9.990e-29
 270.430394     21.540  37.248574    11.0064    4.77227     21.359    33.1994    25.3729 -9.990e-29
 270.430399     21.501  37.251184    11.0116    4.76555     21.320    33.1973    25.3703 -9.990e-29
 270.430405     21.467  37.253983    11.0181    4.75358     21.287    33.1942    25.3668 -9.990e-29
 270.430411     21.445  37.256782    11.0233    4.75536     21.265    33.1923    25.3643 -9.990e-29
 270.430417     21.438  37.259392    11.0271    4.76464     21.258    33.1915    25.3630 -9.990e-29
 270.430422     21.449  37.261932    11.0299    4.76700     21.269    33.1914    25.3625 -9.990e-29
 270.430428     21.484  37.264430    11.0289    4.77906     21.304    33.1948    25.3653 -9.990e-29
 270.430434     21.535  37.266854    11.0237    4.78899     21.354    33.2019    25.3717 -9.990e-29
 270.430440     21.591  37.269076    11.0187    4.79352     21.410    33.2086    25.3778 -9.990e-29
 270.430446     21.635  37.271256    11.0169    4.80674     21.453    33.2124    25.3811 -9.990e-29
 270.430451     21.660  37.273498    11.0179    4.80660     21.478    33.2137    25.3819 -9.990e-29
 270.430457     21.661  37.275428    11.0202    4.81432     21.479    33.2135    25.3814 -9.990e-29
 270.430463     21.639  37.276817    11.0231    4.81097     21.457    33.2123    25.3799 -9.990e-29
 270.430469     21.598  37.277839    11.0271    4.81637     21.417    33.2097    25.3772 -9.990e-29
 270.430475     21.546  37.278738    11.0329    4.82151     21.365    33.2054    25.3728 -9.990e-29
 270.430480     21.499  37.279597    11.0390    4.81494     21.318    33.2007    25.3681 -9.990e-29
 270.430486     21.469  37.280445    11.0433    4.82614     21.289    33.1977    25.3650 -9.990e-29
 270.430492     21.465  37.281299    11.0450    4.82733     21.285    33.1970    25.3641 -9.990e-29
 270.430498     21.476  37.282181    11.0449    4.83356     21.296    33.1979    25.3649 -9.990e-29
 270.430503     21.491  37.283148    11.0442    4.83841     21.311    33.1995    25.3663 -9.990e-29
 270.430509     21.507  37.284371    11.0430    4.85450     21.326    33.2018    25.3682 -9.990e-29
 270.430515     21.523  37.285802    11.0407    4.85326     21.342    33.2053    25.3714 -9.990e-29
 270.430521     21.543  37.287111    11.0374    4.85582     21.362    33.2096    25.3753 -9.990e-29
 270.430527     21.566  37.288362    11.0348    4.86223     21.385    33.2132    25.3785 -9.990e-29
 270.430532     21.590  37.289545    11.0341    4.86312     21.409    33.2150    25.3801 -9.990e-29
 270.430538     21.608  37.290557    11.0349    4.86973     21.427    33.2152    25.3801 -9.990e-29
 270.430544     21.617  37.291629    11.0360    4.87124     21.435    33.2153    25.3800 -9.990e-29
 270.430550     21.617  37.292510    11.0364    4.87183     21.435    33.2158    25.3803 -9.990e-29
 270.430556     21.609  37.293259    11.0360    4.87501     21.428    33.2169    25.3812 -9.990e-29
 270.430561     21.595  37.294316    11.0354    4.88645     21.414    33.2185    25.3826 -9.990e-29
 270.430567     21.581  37.295415    11.0350    4.89827     21.400    33.2200    25.3838 -9.990e-29
 270.430573     21.563  37.296341    11.0354    4.89636     21.382    33.2205    25.3842 -9.990e-29
 270.430579     21.547  37.297212    11.0363    4.89719     21.366    33.2206    25.3841 -9.990e-29
 270.430584     21.534  37.298070    11.0372    4.90310     21.353    33.2206    25.3839 -9.990e-29
 270.430590     21.525  37.298942    11.0382    4.90636     21.344    33.2206    25.3837 -9.990e-29
 270.430596     21.519  37.299874    11.0394    4.91423     21.338    33.2204    25.3834 -9.990e-29
 270.430602     21.515  37.300990    11.0406    4.92370     21.334    33.2205    25.3832 -9.990e-29
 270.430608     21.512  37.302099    11.0412    4.91843     21.331    33.2210    25.3835 -9.990e-29
 270.430613     21.511  37.303002    11.0413    4.91968     21.330    33.2218    25.3841 -9.990e-29
 270.430619     21.512  37.303784    11.0416    4.93731     21.331    33.2223    25.3845 -9.990e-29
 270.430625     21.515  37.304370    11.0421    4.93540     21.334    33.2225    25.3845 -9.990e-29
 270.430631     21.520  37.304986    11.0426    4.94056     21.339    33.2226    25.3845 -9.990e-29
 270.430637     21.527  37.305897    11.0430    4.94134     21.346    33.2232    25.3848 -9.990e-29
 270.430642     21.537  37.306636    11.0433    4.93926     21.356    33.2236    25.3852 -9.990e-29
 270.430648     21.550  37.307074    11.0436    4.93926     21.369    33.2238    25.3852 -9.990e-29
 270.430654     21.567  37.307797    11.0442    4.94001     21.386    33.2239    25.3852 -9.990e-29
 270.430660     21.590  37.308651    11.0453    4.94311     21.409    33.2238    25.3849 -9.990e-29
 270.430666     21.615  37.309096    11.0463    4.94887     21.433    33.2233    25.3844 -9.990e-29
 270.430671     21.636  37.309169    11.0466    4.95568     21.454    33.2231    25.3842 -9.990e-29
 270.430677     21.649  37.308969    11.0467    4.95907     21.467    33.2228    25.3839 -9.990e-29
 270.430683     21.655  37.308797    11.0469    4.96366     21.473    33.2224    25.3836 -9.990e-29
 270.430689     21.656  37.308986    11.0474    4.95919     21.474    33.2222    25.3833 -9.990e-29
 270.430694     21.650  37.309234    11.0483    4.96052     21.468    33.2216    25.3827 -9.990e-29
 270.430700     21.637  37.309315    11.0500    4.96360     21.455    33.2202    25.3813 -9.990e-29
 270.430706     21.617  37.309340    11.0526    4.96869     21.435    33.2178    25.3790 -9.990e-29
 270.430712     21.593  37.309346    11.0550    4.96864     21.412    33.2157    25.3769 -9.990e-29
 270.430718     21.572  37.309347    11.0568    4.97167     21.391    33.2141    25.3753 -9.990e-29
 270.430723     21.560  37.309349    11.0579    4.96666     21.379    33.2131    25.3744 -9.990e-29
 270.430729     21.562  37.309360    11.0582    4.97105     21.381    33.2128    25.3741 -9.990e-29
 270.430735     21.573  37.309398    11.0580    4.97783     21.392    33.2130    25.3743 -9.990e-29
 270.430741     21.586  37.309517    11.0578    4.97603     21.405    33.2133    25.3746 -9.990e-29
 270.430747     21.592  37.309879    11.0580    4.98217     21.411    33.2135    25.3747 -9.990e-29
 270.430752     21.588  37.310409    11.0582    4.97760     21.407    33.2139    25.3749 -9.990e-29
 270.430758     21.577  37.310697    11.0582    4.98193     21.396    33.2141    25.3751 -9.990e-29
