data/oxygen options/OCNMS/OCNMS1/raw_data/2006/CTD_CA065_081606faed.cnv
* Sea-Bird SBE19 Data File:
* FileName = C:\MOORING_DATA_2006\CTD_CA065_081606.hex
* Software Version 1.1.6
* Temperature SN = 2997
* Conductivity SN = 2997
* System UpLoad Time = Aug 16 2006 16:05:46
* SEACAT PROFILER V3.1c SN 2997   08/16/06  16:05:25.429
* strain gauge pressure sensor: S/N = 184829,  range = 3000 psia,  tc = 40
# nquan = 9                                 
# nvalues = 2504                        
# units = specified
# name 0 = timeJ: Julian Days
# name 1 = prSM: Pressure, Strain Gauge [db]
# name 2 = c0mS/cm: Conductivity [mS/cm]
# name 3 = t090C: Temperature [ITS-90, deg C]
# name 4 = oxML/L: Oxygen, Beckman/YSI [ml/l]
# name 5 = depSM: Depth [salt water, m], lat = 47.5
# name 6 = sal00: Salinity, Practical [PSU]
# name 7 = sigma-é00: Density [sigma-theta, kg/m^3]
# name 8 = flag: flag
# span 0 = 228.655486, 228.669971       
# span 1 =     -4.952,     64.609       
# span 2 =   0.565147,  38.101496       
# span 3 =     7.4878,    13.2233       
# span 4 =  -12.29792,   34.50490       
# span 5 =     -4.911,     64.060       
# span 6 =     0.3677,    33.7659       
# span 7 =    -0.2389,    26.3792       
# span 8 = 0.0000e+00, 0.0000e+00       
# interval = seconds: 0.5
# start_time = Aug 16 2006 15:43:54 [Instrument's time stamp, header]
# bad_flag = -9.990e-29
*END*
[from data line 1601]
 228.664751     10.536  35.331754     9.3883    3.43845     10.448    32.7394    25.2872 -9.990e-29
 228.664757     10.525  35.340811     9.4241    3.45099     10.437    32.7160    25.2631 -9.990e-29
 228.664763     10.502  35.357395     9.4621    3.47511     10.414    32.6983    25.2432 -9.990e-29
 228.664769     10.483  35.373898     9.4859    3.46970     10.395    32.6935    25.2357 -9.990e-29
 228.664774     10.479  35.384850     9.4882    3.46701     10.391    32.7027    25.2424 -9.990e-29
 228.664780     10.490  35.383552     9.4797    3.47507     10.402    32.7091    25.2488 -9.990e-29
 228.664786     10.504  35.376127     9.4775    3.46699     10.416    32.7035    25.2448 -9.990e-29
 228.664792     10.513  35.374543     9.4834    3.46586     10.425    32.6965    25.2384 -9.990e-29
 228.664797     10.518  35.378362     9.4883    3.46955     10.430    32.6959    25.2371 -9.990e-29
 228.664803     10.519  35.382021     9.4876    3.47162     10.431    32.7003    25.2407 -9.990e-29
 228.664809     10.521  35.384791     9.4828    3.46403     10.433    32.7075    25.2471 -9.990e-29
 228.664815     10.523  35.384757     9.4773    3.45833     10.435    32.7125    25.2519 -9.990e-29
 228.664821     10.522  35.380187     9.4747    3.45467     10.434    32.7102    25.2505 -9.990e-29
 228.664826     10.513  35.376763     9.4766    3.45490     10.425    32.7050    25.2461 -9.990e-29
 228.664832     10.495  35.378887     9.4803    3.45065     10.407    32.7038    25.2446 -9.990e-29
 228.664838     10.485  35.382660     9.4816    3.44008     10.397    32.7065    25.2465 -9.990e-29
 228.664844     10.495  35.384140     9.4767    3.42122     10.407    32.7125    25.2519 -9.990e-29
 228.664850     10.520  35.380255     9.4671    3.41964     10.432    32.7172    25.2572 -9.990e-29
 228.664855     10.551  35.369748     9.4609    3.42570     10.463    32.7121    25.2542 -9.990e-29
 228.664861     10.575  35.362722     9.4615    3.42329     10.486    32.7043    25.2480 -9.990e-29
 228.664867     10.591  35.366626     9.4620    3.40825     10.502    32.7078    25.2507 -9.990e-29
 228.664873     10.603  35.372080     9.4545    3.40884     10.514    32.7203    25.2616 -9.990e-29
 228.664878     10.617  35.371776     9.4419    3.41189     10.528    32.7315    25.2724 -9.990e-29
 228.664884     10.628  35.368110     9.4327    3.42548     10.539    32.7361    25.2775 -9.990e-29
 228.664890     10.635  35.365724     9.4301    3.44324     10.546    32.7360    25.2779 -9.990e-29
 228.664896     10.636  35.366479     9.4314    3.46803     10.547    32.7356    25.2773 -9.990e-29
 228.664902     10.633  35.367454     9.4341    3.50267     10.544    32.7342    25.2757 -9.990e-29
 228.664907     10.625  35.366020     9.4406    3.51284     10.536    32.7268    25.2689 -9.990e-29
 228.664913     10.607  35.364750     9.4588    3.50259     10.518    32.7088    25.2520 -9.990e-29
 228.664919     10.573  35.370362     9.4906    3.49526     10.484    32.6856    25.2287 -9.990e-29
 228.664925     10.530  35.384169     9.5237    3.49935     10.442    32.6696    25.2109 -9.990e-29
 228.664931     10.497  35.399344     9.5460    3.49487     10.409    32.6649    25.2036 -9.990e-29
 228.664936     10.489  35.412011     9.5531    3.47592     10.401    32.6714    25.2075 -9.990e-29
 228.664942     10.510  35.418876     9.5327    3.44814     10.422    32.6970    25.2308 -9.990e-29
 228.664948     10.556  35.407783     9.4818    3.44359     10.468    32.7321    25.2664 -9.990e-29
 228.664954     10.609  35.376842     9.4401    3.45030     10.520    32.7383    25.2780 -9.990e-29
 228.664959     10.646  35.353771     9.4439    3.47914     10.557    32.7111    25.2562 -9.990e-29
 228.664965     10.663  35.358266     9.4733    3.51254     10.574    32.6889    25.2341 -9.990e-29
 228.664971     10.663  35.374435     9.4964    3.52238     10.574    32.6844    25.2269 -9.990e-29
 228.664977     10.656  35.389628     9.5084    3.52922     10.567    32.6891    25.2286 -9.990e-29
 228.664983     10.646  35.403360     9.5166    3.54496     10.557    32.6957    25.2324 -9.990e-29
 228.664988     10.631  35.410390     9.5231    3.53950     10.542    32.6970    25.2324 -9.990e-29
 228.664994     10.615  35.410555     9.5279    3.52564     10.526    32.6928    25.2283 -9.990e-29
 228.665000     10.601  35.409683     9.5314    3.51582     10.512    32.6887    25.2246 -9.990e-29
 228.665006     10.589  35.409415     9.5312    3.50579     10.500    32.6886    25.2245 -9.990e-29
 228.665012     10.581  35.408272     9.5283    3.50090     10.492    32.6901    25.2262 -9.990e-29
 228.665017     10.578  35.406972     9.5271    3.48662     10.489    32.6899    25.2262 -9.990e-29
 228.665023     10.575  35.407143     9.5267    3.46269     10.486    32.6904    25.2266 -9.990e-29
 228.665029     10.576  35.407328     9.5196    3.42371     10.487    32.6971    25.2330 -9.990e-29
 228.665035     10.586  35.403285     9.5029    3.41322     10.497    32.7082    25.2444 -9.990e-29
 228.665041     10.605  35.393550     9.4842    3.41304     10.516    32.7152    25.2529 -9.990e-29
 228.665046     10.629  35.381963     9.4689    3.40150     10.540    32.7173    25.2570 -9.990e-29
 228.665052     10.653  35.373818     9.4548    3.40398     10.564    32.7218    25.2627 -9.990e-29
 228.665058     10.668  35.367786     9.4398    3.41880     10.579    32.7293    25.2710 -9.990e-29
 228.665064     10.668  35.359743     9.4272    3.44917     10.579    32.7325    25.2756 -9.990e-29
 228.665069     10.652  35.354666     9.4275    3.48553     10.563    32.7270    25.2712 -9.990e-29
 228.665075     10.623  35.360361     9.4464    3.50660     10.534    32.7156    25.2593 -9.990e-29
 228.665081     10.580  35.373760     9.4752    3.52638     10.491    32.7031    25.2449 -9.990e-29
 228.665087     10.529  35.386370     9.5027    3.50952     10.441    32.6910    25.2310 -9.990e-29
 228.665093     10.483  35.396500     9.5227    3.50285     10.395    32.6832    25.2216 -9.990e-29
 228.665098     10.457  35.404200     9.5334    3.49899     10.369    32.6813    25.2185 -9.990e-29
 228.665104     10.457  35.409087     9.5328    3.48284     10.369    32.6869    25.2229 -9.990e-29
 228.665110     10.479  35.409268     9.5197    3.47505     10.391    32.6990    25.2345 -9.990e-29
 228.665116     10.516  35.402738     9.4999    3.49382     10.428    32.7104    25.2466 -9.990e-29
 228.665122     10.554  35.392567     9.4842    3.50567     10.466    32.7142    25.2521 -9.990e-29
 228.665127     10.573  35.383692     9.4818    3.52033     10.484    32.7073    25.2471 -9.990e-29
 228.665133     10.570  35.383340     9.4928    3.52861     10.482    32.6969    25.2372 -9.990e-29
 228.665139     10.553  35.392159     9.5105    3.54217     10.465    32.6898    25.2288 -9.990e-29
 228.665145     10.531  35.403398     9.5280    3.54390     10.443    32.6854    25.2225 -9.990e-29
 228.665150     10.515  35.413538     9.5415    3.53884     10.427    32.6835    25.2189 -9.990e-29
 228.665156     10.515  35.420398     9.5489    3.53677     10.427    32.6838    25.2179 -9.990e-29
 228.665162     10.534  35.421912     9.5482    3.51592     10.446    32.6860    25.2197 -9.990e-29
 228.665168     10.558  35.417855     9.5419    3.50558     10.470    32.6875    25.2220 -9.990e-29
 228.665174     10.576  35.411228     9.5375    3.51009     10.487    32.6848    25.2205 -9.990e-29
 228.665179     10.585  35.408896     9.5378    3.50205     10.496    32.6821    25.2184 -9.990e-29
 228.665185     10.591  35.411108     9.5381    3.49627     10.502    32.6841    25.2199 -9.990e-29
 228.665191     10.597  35.411277     9.5336    3.50568     10.508    32.6883    25.2239 -9.990e-29
 228.665197     10.605  35.405702     9.5254    3.51531     10.516    32.6901    25.2266 -9.990e-29
 228.665203     10.614  35.396485     9.5206    3.53801     10.525    32.6850    25.2234 -9.990e-29
 228.665208     10.617  35.393205     9.5248    3.54295     10.528    32.6778    25.2171 -9.990e-29
 228.665214     10.606  35.399896     9.5347    3.53667     10.517    32.6757    25.2138 -9.990e-29
 228.665220     10.587  35.409212     9.5430    3.53817     10.498    32.6777    25.2141 -9.990e-29
 228.665226     10.573  35.416187     9.5475    3.52613     10.484    32.6807    25.2157 -9.990e-29
 228.665231     10.568  35.421152     9.5496    3.50551     10.480    32.6839    25.2179 -9.990e-29
 228.665237     10.570  35.424744     9.5496    3.48944     10.482    32.6876    25.2207 -9.990e-29
 228.665243     10.581  35.426144     9.5437    3.46033     10.492    32.6944    25.2270 -9.990e-29
 228.665249     10.600  35.421239     9.5231    3.44683     10.511    32.7081    25.2411 -9.990e-29
 228.665255     10.629  35.406299     9.4915    3.45404     10.540    32.7216    25.2567 -9.990e-29
 228.665260     10.661  35.389635     9.4677    3.45521     10.572    32.7262    25.2642 -9.990e-29
 228.665266     10.681  35.379872     9.4590    3.46042     10.592    32.7242    25.2639 -9.990e-29
 228.665272     10.682  35.375205     9.4631    3.48192     10.593    32.7156    25.2566 -9.990e-29
 228.665278     10.664  35.377822     9.4783    3.50338     10.575    32.7044    25.2454 -9.990e-29
 228.665284     10.635  35.386731     9.4978    3.50215     10.546    32.6958    25.2355 -9.990e-29
 228.665289     10.608  35.395307     9.5132    3.49902     10.519    32.6906    25.2289 -9.990e-29
 228.665295     10.593  35.402095     9.5194    3.50380     10.504    32.6919    25.2290 -9.990e-29
 228.665301     10.586  35.405499     9.5161    3.50261     10.497    32.6984    25.2346 -9.990e-29
 228.665307     10.589  35.403335     9.5090    3.50542     10.500    32.7026    25.2391 -9.990e-29
 228.665313     10.597  35.399452     9.5055    3.52653     10.508    32.7018    25.2390 -9.990e-29
 228.665318     10.597  35.398770     9.5072    3.53401     10.508    32.6996    25.2370 -9.990e-29
 228.665324     10.578  35.400941     9.5138    3.55345     10.489    32.6958    25.2329 -9.990e-29
 228.665330     10.541  35.404938     9.5263    3.56774     10.453    32.6885    25.2252 -9.990e-29
 228.665336     10.501  35.411047     9.5418    3.56577     10.413    32.6807    25.2166 -9.990e-29
 228.665341     10.470  35.418444     9.5541    3.55944     10.382    32.6771    25.2118 -9.990e-29
 228.665347     10.453  35.425224     9.5611    3.55549     10.365    32.6777    25.2111 -9.990e-29
 228.665353     10.454  35.429777     9.5649    3.56327     10.366    32.6789    25.2115 -9.990e-29
 228.665359     10.468  35.431453     9.5666    3.54758     10.380    32.6790    25.2113 -9.990e-29
 228.665365     10.488  35.431368     9.5658    3.53480     10.400    32.6797    25.2119 -9.990e-29
 228.665370     10.510  35.430536     9.5622    3.53343     10.422    32.6821    25.2144 -9.990e-29
 228.665376     10.533  35.426730     9.5573    3.53911     10.445    32.6826    25.2156 -9.990e-29
 228.665382     10.548  35.419364     9.5543    3.55890     10.460    32.6778    25.2123 -9.990e-29
 228.665388     10.553  35.415443     9.5555    3.56197     10.465    32.6727    25.2081 -9.990e-29
 228.665394     10.548  35.419277     9.5606    3.57351     10.460    32.6720    25.2068 -9.990e-29
 228.665399     10.532  35.424763     9.5671    3.57200     10.444    32.6717    25.2055 -9.990e-29
 228.665405     10.513  35.428005     9.5714    3.56746     10.425    32.6711    25.2043 -9.990e-29
 228.665411     10.508  35.431088     9.5713    3.56292     10.420    32.6743    25.2069 -9.990e-29
 228.665417     10.519  35.433642     9.5687    3.57149     10.431    32.6793    25.2112 -9.990e-29
 228.665422     10.534  35.432909     9.5664    3.56800     10.446    32.6807    25.2126 -9.990e-29
 228.665428     10.543  35.430157     9.5661    3.56674     10.455    32.6781    25.2107 -9.990e-29
 228.665434     10.541  35.429012     9.5676    3.57039     10.453    32.6756    25.2085 -9.990e-29
 228.665440     10.532  35.429071     9.5685    3.56599     10.444    32.6748    25.2077 -9.990e-29
 228.665446     10.525  35.428734     9.5665    3.57006     10.437    32.6763    25.2092 -9.990e-29
 228.665451     10.522  35.428117     9.5650    3.57707     10.434    32.6770    25.2100 -9.990e-29
 228.665457     10.521  35.428647     9.5672    3.58260     10.433    32.6756    25.2085 -9.990e-29
 228.665463     10.515  35.431593     9.5712    3.57492     10.427    32.6750    25.2074 -9.990e-29
 228.665469     10.510  35.434719     9.5736    3.55328     10.422    32.6760    25.2078 -9.990e-29
 228.665475     10.514  35.434906     9.5730    3.56178     10.426    32.6767    25.2085 -9.990e-29
 228.665480     10.530  35.431286     9.5710    3.56290     10.442    32.6748    25.2073 -9.990e-29
 228.665486     10.552  35.428012     9.5710    3.56194     10.464    32.6714    25.2047 -9.990e-29
 228.665492     10.568  35.429693     9.5734    3.57238     10.480    32.6710    25.2039 -9.990e-29
 228.665498     10.574  35.432966     9.5751    3.57347     10.485    32.6728    25.2051 -9.990e-29
 228.665503     10.577  35.430983     9.5754    3.57651     10.488    32.6705    25.2032 -9.990e-29
 228.665509     10.579  35.425591     9.5772    3.58561     10.490    32.6633    25.1973 -9.990e-29
 228.665515     10.576  35.426428     9.5818    3.59066     10.487    32.6600    25.1940 -9.990e-29
 228.665521     10.570  35.433495     9.5864    3.59917     10.482    32.6630    25.1956 -9.990e-29
 228.665527     10.567  35.440515     9.5892    3.60033     10.479    32.6677    25.1988 -9.990e-29
 228.665532     10.567  35.445636     9.5907    3.60254     10.479    32.6716    25.2016 -9.990e-29
 228.665538     10.563  35.447278     9.5918    3.60680     10.475    32.6722    25.2019 -9.990e-29
 228.665544     10.553  35.446514     9.5949    3.61245     10.465    32.6686    25.1986 -9.990e-29
 228.665550     10.542  35.447377     9.6018    3.61153     10.454    32.6633    25.1933 -9.990e-29
 228.665556     10.528  35.451022     9.6100    3.60505     10.440    32.6595    25.1891 -9.990e-29
 228.665561     10.520  35.455584     9.6152    3.59774     10.432    32.6595    25.1882 -9.990e-29
 228.665567     10.530  35.459299     9.6142    3.59211     10.442    32.6642    25.1920 -9.990e-29
 228.665573     10.557  35.458154     9.6065    3.58342     10.469    32.6700    25.1978 -9.990e-29
 228.665579     10.592  35.450069     9.5979    3.58854     10.503    32.6695    25.1988 -9.990e-29
 228.665584     10.620  35.443332     9.5944    3.59969     10.531    32.6658    25.1965 -9.990e-29
 228.665590     10.628  35.441862     9.5952    3.61252     10.539    32.6636    25.1946 -9.990e-29
 228.665596     10.618  35.441455     9.5983    3.64066     10.529    32.6603    25.1916 -9.990e-29
 228.665602     10.598  35.443255     9.6039    3.65711     10.509    32.6571    25.1881 -9.990e-29
 228.665608     10.570  35.450228     9.6126    3.65561     10.482    32.6563    25.1861 -9.990e-29
 228.665613     10.534  35.461021     9.6250    3.66600     10.446    32.6561    25.1840 -9.990e-29
 228.665619     10.495  35.472082     9.6381    3.66306     10.407    32.6555    25.1814 -9.990e-29
 228.665625     10.467  35.480781     9.6466    3.64739     10.379    32.6567    25.1809 -9.990e-29
 228.665631     10.458  35.488067     9.6508    3.63867     10.370    32.6604    25.1831 -9.990e-29
 228.665637     10.467  35.493567     9.6526    3.62011     10.379    32.6643    25.1859 -9.990e-29
 228.665642     10.491  35.488917     9.6515    3.62606     10.403    32.6606    25.1831 -9.990e-29
 228.665648     10.517  35.476334     9.6490    3.62407     10.429    32.6500    25.1753 -9.990e-29
 228.665654     10.539  35.471571     9.6459    3.62445     10.451    32.6479    25.1741 -9.990e-29
 228.665660     10.559  35.473889     9.6387    3.63373     10.471    32.6568    25.1823 -9.990e-29
 228.665666     10.578  35.471241     9.6274    3.63959     10.489    32.6644    25.1900 -9.990e-29
