data/oxygen options/OCNMS/OCNMS1/raw_data/2006/CTD_CE065_080806faed.cnv
* Sea-Bird SBE19 Data File:
* FileName = C:\MOORING_DATA_2006\CTD_CE065_080806.hex
* Software Version 1.1.6
* Temperature SN = 2997
* Conductivity SN = 2997
* System UpLoad Time = Aug 08 2006 13:24:30
* SEACAT PROFILER V3.1c SN 2997   08/08/06  13:24:06.284
* strain gauge pressure sensor: S/N = 184829,  range = 3000 psia,  tc = 40
# nquan = 9                                 
# nvalues = 1971                        
# units = specified
# name 0 = timeJ: Julian Days
# name 1 = prSM: Pressure, Strain Gauge [db]
# name 2 = c0mS/cm: Conductivity [mS/cm]
# name 3 = t090C: Temperature [ITS-90, deg C]
# name 4 = oxML/L: Oxygen, Beckman/YSI [ml/l]
# name 5 = depSM: Depth [salt water, m], lat = 47.5
# name 6 = sal00: Salinity, Practical [PSU]
# name 7 = sigma-é00: Density [sigma-theta, kg/m^3]
# name 8 = flag: flag
# span 0 = 220.541933, 220.553333       
# span 1 =     -4.294,     66.258       
# span 2 =   1.166245,  36.854794       
# span 3 =     7.4107,    11.6521       
# span 4 =  -12.07244,   38.27874       
# span 5 =     -4.258,     65.694       
# span 6 =     0.7940,    33.9255       
# span 7 =     0.1615,    26.5158       
# span 8 = 0.0000e+00, 0.0000e+00       
# interval = seconds: 0.5
# start_time = Aug 08 2006 13:00:23 [Instrument's time stamp, header]
# bad_flag = -9.990e-29
*END*
[from data line 961]
 220.547494     50.295  34.694905     7.4149    0.36140     49.869    33.9154    26.5073 -9.990e-29
 220.547500     50.251  34.695268     7.4150    0.36360     49.826    33.9157    26.5075 -9.990e-29
 220.547506     50.209  34.695390     7.4153    0.35929     49.784    33.9156    26.5074 -9.990e-29
 220.547512     50.178  34.695431     7.4156    0.35929     49.753    33.9153    26.5072 -9.990e-29
 220.547517     50.170  34.695441     7.4157    0.34968     49.745    33.9152    26.5071 -9.990e-29
 220.547523     50.189  34.695434     7.4153    0.34753     49.764    33.9156    26.5074 -9.990e-29
 220.547529     50.230  34.695398     7.4145    0.34761     49.805    33.9163    26.5081 -9.990e-29
 220.547535     50.285  34.695288     7.4138    0.35926     49.859    33.9169    26.5086 -9.990e-29
 220.547541     50.339  34.694954     7.4136    0.35607     49.913    33.9167    26.5085 -9.990e-29
 220.547546     50.379  34.694514     7.4138    0.36360     49.952    33.9160    26.5079 -9.990e-29
 220.547552     50.390  34.694502     7.4142    0.36370     49.963    33.9156    26.5076 -9.990e-29
 220.547558     50.369  34.694900     7.4146    0.36145     49.943    33.9156    26.5076 -9.990e-29
 220.547564     50.331  34.695120     7.4146    0.36358     49.905    33.9159    26.5078 -9.990e-29
 220.547569     50.296  34.694897     7.4143    0.35930     49.870    33.9160    26.5078 -9.990e-29
 220.547575     50.270  34.694495     7.4141    0.34969     49.844    33.9157    26.5077 -9.990e-29
 220.547581     50.250  34.694502     7.4143    0.34764     49.825    33.9155    26.5075 -9.990e-29
 220.547587     50.241  34.694928     7.4148    0.34764     49.816    33.9155    26.5074 -9.990e-29
 220.547593     50.249  34.695223     7.4150    0.34967     49.824    33.9156    26.5075 -9.990e-29
 220.547598     50.280  34.695219     7.4146    0.35403     49.854    33.9160    26.5079 -9.990e-29
 220.547604     50.324  34.694913     7.4144    0.35393     49.898    33.9159    26.5078 -9.990e-29
 220.547610     50.356  34.694458     7.4146    0.35395     49.930    33.9152    26.5072 -9.990e-29
 220.547616     50.367  34.694370     7.4148    0.36356     49.941    33.9149    26.5069 -9.990e-29
 220.547622     50.365  34.694530     7.4147    0.36570     49.939    33.9151    26.5071 -9.990e-29
 220.547627     50.364  34.694592     7.4144    0.36569     49.938    33.9155    26.5075 -9.990e-29
 220.547633     50.363  34.694640     7.4141    0.36356     49.937    33.9158    26.5078 -9.990e-29
 220.547639     50.353  34.694738     7.4143    0.35928     49.927    33.9158    26.5077 -9.990e-29
 220.547645     50.330  34.695020     7.4147    0.34973     49.904    33.9157    26.5076 -9.990e-29
 220.547650     50.296  34.695300     7.4150    0.34757     49.870    33.9157    26.5076 -9.990e-29
 220.547656     50.259  34.695392     7.4151    0.34758     49.833    33.9157    26.5076 -9.990e-29
 220.547662     50.223  34.695422     7.4151    0.35929     49.798    33.9158    26.5076 -9.990e-29
 220.547668     50.192  34.695431     7.4152    0.35619     49.767    33.9157    26.5075 -9.990e-29
 220.547674     50.162  34.695434     7.4154    0.35399     49.737    33.9155    26.5074 -9.990e-29
 220.547679     50.138  34.695434     7.4157    0.36147     49.714    33.9152    26.5071 -9.990e-29
 220.547685     50.120  34.695432     7.4158    0.36154     49.696    33.9152    26.5070 -9.990e-29
 220.547691     50.108  34.695428     7.4157    0.36580     49.684    33.9153    26.5071 -9.990e-29
 220.547697     50.102  34.695416     7.4158    0.36359     49.678    33.9151    26.5070 -9.990e-29
 220.547703     50.101  34.695384     7.4158    0.34976     49.677    33.9151    26.5070 -9.990e-29
 220.547708     50.109  34.695290     7.4154    0.34763     49.685    33.9154    26.5073 -9.990e-29
 220.547714     50.135  34.695009     7.4149    0.34760     49.711    33.9156    26.5075 -9.990e-29
 220.547720     50.181  34.694729     7.4145    0.34973     49.756    33.9156    26.5076 -9.990e-29
 220.547726     50.232  34.694638     7.4141    0.35400     49.807    33.9159    26.5078 -9.990e-29
 220.547731     50.267  34.694613     7.4140    0.35401     49.841    33.9160    26.5079 -9.990e-29
 220.547737     50.274  34.694621     7.4142    0.36362     49.848    33.9158    26.5077 -9.990e-29
 220.547743     50.259  34.694673     7.4147    0.35612     49.833    33.9153    26.5073 -9.990e-29
 220.547749     50.229  34.694841     7.4152    0.35396     49.804    33.9150    26.5070 -9.990e-29
 220.547755     50.186  34.694788     7.4154    0.36135     49.761    33.9148    26.5068 -9.990e-29
 220.547760     50.123  34.694446     7.4156    0.35170     49.699    33.9143    26.5063 -9.990e-29
 220.547766     50.032  34.694479     7.4159    0.35385     49.608    33.9141    26.5061 -9.990e-29
 220.547772     49.912  34.694934     7.4161    0.36130     49.489    33.9144    26.5064 -9.990e-29
 220.547778     49.768  34.695296     7.4161    0.35166     49.347    33.9149    26.5067 0.0000e+00
 220.547784     49.603  34.695489     7.4160    0.36338     49.183    33.9153    26.5071 0.0000e+00
 220.547789     49.412  34.695775     7.4159    0.36331     48.994    33.9158    26.5075 0.0000e+00
 220.547795     49.186  34.695975     7.4161    0.35144     48.770    33.9159    26.5075 0.0000e+00
 220.547801     48.923  34.695794     7.4165    0.36082     48.509    33.9154    26.5071 0.0000e+00
 220.547807     48.625  34.695555     7.4169    0.35843     48.213    33.9149    26.5067 0.0000e+00
 220.547812     48.290  34.695502     7.4176    0.36020     47.881    33.9144    26.5061 0.0000e+00
 220.547818     47.917  34.695566     7.4188    0.36224     47.512    33.9134    26.5052 0.0000e+00
 220.547824     47.517  34.695837     7.4206    0.37695     47.115    33.9122    26.5039 0.0000e+00
 220.547830     47.108  34.696118     7.4228    0.39071     46.710    33.9105    26.5023 0.0000e+00
 220.547836     46.692  34.696229     7.4262    0.40227     46.297    33.9075    26.4995 0.0000e+00
 220.547841     46.262  34.696880     7.4329    0.41928     45.871    33.9019    26.4941 0.0000e+00
 220.547847     45.815  34.698943     7.4451    0.44147     45.428    33.8924    26.4849 0.0000e+00
 220.547853     45.353  34.702928     7.4632    0.48889     44.970    33.8792    26.4720 0.0000e+00
 220.547859     44.876  34.709667     7.4852    0.55746     44.497    33.8653    26.4579 0.0000e+00
 220.547865     44.389  34.719176     7.5069    0.62399     44.014    33.8547    26.4464 0.0000e+00
 220.547870     43.895  34.729001     7.5240    0.70133     43.524    33.8489    26.4394 0.0000e+00
 220.547876     43.400  34.736546     7.5359    0.76989     43.033    33.8457    26.4352 0.0000e+00
 220.547882     42.916  34.741226     7.5441    0.83966     42.553    33.8430    26.4319 0.0000e+00
 220.547888     42.452  34.743679     7.5498    0.94540     42.093    33.8403    26.4290 0.0000e+00
 220.547894     42.002  34.744938     7.5545    1.07018     41.647    33.8373    26.4260 0.0000e+00
 220.547899     41.555  34.745563     7.5620    1.24397     41.204    33.8309    26.4198 0.0000e+00
 220.547905     41.106  34.745831     7.5743    1.41508     40.759    33.8194    26.4091 0.0000e+00
 220.547911     40.654  34.746101     7.5884    1.57505     40.311    33.8062    26.3966 0.0000e+00
 220.547917     40.205  34.746178     7.6002    1.72669     39.866    33.7950    26.3862 0.0000e+00
 220.547922     39.765  34.745608     7.6079    1.82201     39.429    33.7871    26.3788 0.0000e+00
 220.547928     39.337  34.744758     7.6124    1.91500     39.005    33.7820    26.3742 0.0000e+00
 220.547934     38.918  34.743622     7.6158    2.02210     38.590    33.7777    26.3703 0.0000e+00
 220.547940     38.504  34.741810     7.6201    2.14789     38.179    33.7718    26.3650 0.0000e+00
 220.547946     38.080  34.739714     7.6283    2.31925     37.759    33.7617    26.3559 0.0000e+00
 220.547951     37.633  34.736786     7.6440    2.47842     37.316    33.7435    26.3394 0.0000e+00
 220.547957     37.160  34.731928     7.6657    2.60616     36.847    33.7175    26.3158 0.0000e+00
 220.547963     36.673  34.725955     7.6873    2.70080     36.364    33.6904    26.2914 0.0000e+00
 220.547969     36.185  34.721563     7.7071    2.77971     35.880    33.6667    26.2699 0.0000e+00
 220.547975     35.699  34.721318     7.7279    2.84750     35.398    33.6466    26.2511 0.0000e+00
 220.547980     35.214  34.725461     7.7516    2.91384     34.917    33.6284    26.2333 0.0000e+00
 220.547986     34.724  34.733352     7.7754    2.96945     34.431    33.6141    26.2187 0.0000e+00
 220.547992     34.233  34.743183     7.7945    3.00573     33.944    33.6065    26.2100 0.0000e+00
 220.547998     33.752  34.750684     7.8075    3.02125     33.468    33.6023    26.2047 0.0000e+00
 220.548003     33.294  34.754649     7.8162    3.00890     33.013    33.5983    26.2004 0.0000e+00
 220.548009     32.868  34.757007     7.8228    3.00316     32.591    33.5947    26.1966 0.0000e+00
 220.548015     32.481  34.758666     7.8298    2.97503     32.207    33.5899    26.1918 0.0000e+00
 220.548021     32.133  34.760158     7.8395    2.95749     31.862    33.5824    26.1845 0.0000e+00
 220.548027     31.821  34.761795     7.8522    2.94229     31.553    33.5721    26.1745 0.0000e+00
 220.548032     31.546  34.763518     7.8641    2.93457     31.280    33.5626    26.1653 0.0000e+00
 220.548038     31.315  34.765947     7.8713    2.93418     31.051    33.5584    26.1610 0.0000e+00
 220.548044     31.136  34.768963     7.8736    2.93327     30.874    33.5595    26.1615 0.0000e+00
 220.548050     31.001  34.770984     7.8729    2.92770     30.740    33.5624    26.1639 -9.990e-29
 220.548056     30.894  34.771341     7.8722    2.92108     30.634    33.5635    26.1649 -9.990e-29
 220.548061     30.802  34.770510     7.8733    2.92023     30.543    33.5616    26.1632 -9.990e-29
 220.548067     30.726  34.769629     7.8758    2.92137     30.467    33.5583    26.1602 -9.990e-29
 220.548073     30.668  34.769766     7.8788    2.92646     30.410    33.5556    26.1577 -9.990e-29
 220.548079     30.624  34.770543     7.8811    2.94038     30.366    33.5542    26.1563 -9.990e-29
 220.548084     30.589  34.770756     7.8826    2.93779     30.331    33.5530    26.1551 -9.990e-29
 220.548090     30.558  34.770130     7.8841    2.93220     30.301    33.5509    26.1532 -9.990e-29
 220.548096     30.535  34.769512     7.8853    2.93275     30.278    33.5491    26.1516 -9.990e-29
 220.548102     30.532  34.769764     7.8855    2.92668     30.275    33.5492    26.1517 -9.990e-29
 220.548108     30.547  34.771225     7.8852    2.94524     30.290    33.5510    26.1532 -9.990e-29
 220.548113     30.565  34.773038     7.8845    2.95568     30.308    33.5536    26.1553 -9.990e-29
 220.548119     30.578  34.773696     7.8837    2.95359     30.321    33.5551    26.1566 -9.990e-29
 220.548125     30.588  34.772957     7.8833    2.95887     30.330    33.5547    26.1563 -9.990e-29
 220.548131     30.599  34.772077     7.8830    2.95049     30.341    33.5540    26.1559 -9.990e-29
 220.548137     30.620  34.772128     7.8826    2.94633     30.362    33.5545    26.1562 -9.990e-29
 220.548142     30.653  34.773180     7.8823    2.95352     30.395    33.5559    26.1574 -9.990e-29
 220.548148     30.686  34.774954     7.8820    2.95135     30.428    33.5580    26.1591 -9.990e-29
 220.548154     30.706  34.776450     7.8819    2.95151     30.447    33.5597    26.1605 -9.990e-29
 220.548160     30.700  34.776299     7.8825    2.95806     30.442    33.5590    26.1598 -9.990e-29
 220.548166     30.667  34.774861     7.8834    2.95686     30.409    33.5566    26.1578 -9.990e-29
 220.548171     30.624  34.773585     7.8837    2.95689     30.366    33.5550    26.1565 -9.990e-29
 220.548177     30.589  34.773014     7.8836    2.96416     30.331    33.5545    26.1561 -9.990e-29
 220.548183     30.567  34.772949     7.8836    2.96132     30.310    33.5544    26.1561 -9.990e-29
 220.548189     30.558  34.773308     7.8838    2.96126     30.301    33.5546    26.1562 -9.990e-29
 220.548194     30.561  34.774008     7.8844    2.96786     30.304    33.5548    26.1562 -9.990e-29
 220.548200     30.577  34.774861     7.8852    2.96571     30.320    33.5549    26.1562 -9.990e-29
 220.548206     30.605  34.775884     7.8858    2.95725     30.347    33.5554    26.1565 -9.990e-29
 220.548212     30.640  34.776948     7.8858    2.95283     30.382    33.5566    26.1574 -9.990e-29
 220.548218     30.667  34.777787     7.8851    2.95720     30.409    33.5581    26.1587 -9.990e-29
 220.548223     30.678  34.778019     7.8844    2.96118     30.420    33.5590    26.1596 -9.990e-29
 220.548229     30.675  34.777385     7.8842    2.96524     30.417    33.5585    26.1592 -9.990e-29
 220.548235     30.661  34.776342     7.8845    2.96412     30.403    33.5571    26.1581 -9.990e-29
 220.548241     30.645  34.775736     7.8850    2.96014     30.387    33.5560    26.1571 -9.990e-29
 220.548247     30.629  34.775872     7.8854    2.95086     30.371    33.5558    26.1569 -9.990e-29
 220.548252     30.612  34.776367     7.8856    2.95815     30.354    33.5561    26.1571 -9.990e-29
 220.548258     30.594  34.776752     7.8857    2.96968     30.336    33.5565    26.1574 -9.990e-29
 220.548264     30.568  34.776413     7.8859    2.97385     30.311    33.5559    26.1569 -9.990e-29
 220.548270     30.534  34.775451     7.8866    2.97587     30.277    33.5542    26.1555 -9.990e-29
 220.548275     30.506  34.774819     7.8876    2.96974     30.249    33.5526    26.1541 -9.990e-29
 220.548281     30.504  34.774792     7.8884    2.96542     30.247    33.5518    26.1533 -9.990e-29
 220.548287     30.537  34.775328     7.8882    2.97401     30.280    33.5526    26.1539 -9.990e-29
 220.548293     30.593  34.776574     7.8874    2.97584     30.335    33.5546    26.1557 -9.990e-29
 220.548299     30.650  34.777942     7.8867    2.96641     30.392    33.5567    26.1574 -9.990e-29
 220.548304     30.695  34.778442     7.8862    2.96284     30.437    33.5577    26.1583 -9.990e-29
 220.548310     30.726  34.778175     7.8858    2.95810     30.467    33.5578    26.1584 -9.990e-29
 220.548316     30.746  34.777898     7.8858    2.96012     30.487    33.5575    26.1582 -9.990e-29
 220.548322     30.756  34.777797     7.8861    2.95585     30.497    33.5571    26.1578 -9.990e-29
 220.548328     30.757  34.777730     7.8866    2.96305     30.498    33.5566    26.1573 -9.990e-29
 220.548333     30.743  34.777601     7.8872    2.97388     30.484    33.5559    26.1567 -9.990e-29
 220.548339     30.711  34.777231     7.8879    2.96879     30.452    33.5548    26.1557 -9.990e-29
 220.548345     30.666  34.776678     7.8886    2.97826     30.408    33.5536    26.1547 -9.990e-29
 220.548351     30.623  34.776321     7.8894    2.97394     30.365    33.5524    26.1537 -9.990e-29
 220.548356     30.595  34.776239     7.8902    2.97167     30.337    33.5516    26.1529 -9.990e-29
 220.548362     30.591  34.776319     7.8906    2.98234     30.333    33.5513    26.1526 -9.990e-29
 220.548368     30.601  34.776660     7.8904    2.98032     30.343    33.5518    26.1530 -9.990e-29
 220.548374     30.617  34.777150     7.8899    2.98086     30.359    33.5528    26.1539 -9.990e-29
 220.548380     30.636  34.777314     7.8893    2.97874     30.378    33.5536    26.1546 -9.990e-29
 220.548385     30.651  34.777363     7.8887    2.97491     30.393    33.5542    26.1551 -9.990e-29
 220.548391     30.662  34.777915     7.8884    2.96647     30.404    33.5551    26.1559 -9.990e-29
 220.548397     30.671  34.778578     7.8884    2.96449     30.413    33.5558    26.1564 -9.990e-29
 220.548403     30.668  34.778547     7.8891    2.97299     30.410    33.5551    26.1558 -9.990e-29
 220.548409     30.655  34.777773     7.8902    2.97716     30.397    33.5532    26.1541 -9.990e-29
