data/oxygen options/OCNMS/OCNMS1/raw_data/2006/CTD_TH042_092706_CASTfaedb.cnv
* Sea-Bird SBE19 Data File:
* FileName = C:\MOORING_DATA_2006\CTD_TH042_092706_CAST.hex
* Software Version 1.1.6
* Temperature SN = 2997
* Conductivity SN = 2997
* System UpLoad Time = Sep 27 2006 10:32:06
* SEACAT PROFILER V3.1c SN 2997   09/27/06  10:32:37.615
* strain gauge pressure sensor: S/N = 184829,  range = 3000 psia,  tc = 40
# nquan = 9
# nvalues = 43                          
# units = specified
# name 0 = timeJ: Julian Days
# name 1 = prSM: Pressure, Strain Gauge [db]
# name 2 = c0mS/cm: Conductivity [mS/cm]
# name 3 = t090C: Temperature [ITS-90, deg C]
# name 4 = oxML/L: Oxygen, Beckman/YSI [ml/l]
# name 5 = depSM: Depth [salt water, m], lat = 47.5
# name 6 = sal00: Salinity, Practical [PSU]
# name 7 = sigma-é00: Density [sigma-theta, kg/m^3]
# name 8 = flag: flag
# span 0 = 270.426211, 270.426994       
# span 1 =      3.000,     45.000       
# span 2 =  35.455705,  37.994194       
# span 3 =     8.1008,    14.0671       
# span 4 =    2.77872,    7.17889       
# span 5 =      2.975,     44.620       
# span 6 =    31.2231,    34.9408       
# span 7 =    23.2566,    27.1419       
# span 8 = 0.0000e+00, 0.0000e+00       
# interval = decibars: 1                
# start_time = Sep 27 2006 10:09:38 [Instrument's time stamp, header]
# bad_flag = -9.990e-29
*END*
 270.426211      3.000  37.916666    14.0671    6.59297      2.975    31.2231    23.2566 0.0000e+00
 270.426234      4.000  37.916630    13.8919    6.70965      3.966    31.3654    23.4020 0.0000e+00
 270.426255      5.000  37.914185    13.4768    6.87708      4.958    31.7047    23.7475 0.0000e+00
 270.426276      6.000  37.905430    13.1993    6.87192      5.950    31.9277    23.9749 0.0000e+00
 270.426296      7.000  37.906745    12.8935    6.95078      6.942    32.1871    24.2355 0.0000e+00
 270.426314      8.000  37.922388    12.6585    7.02256      7.933    32.4025    24.4478 0.0000e+00
 270.426331      9.000  37.941296    12.5511    7.11535      8.925    32.5127    24.5539 0.0000e+00
 270.426348     10.000  37.960246    12.3596    7.16998      9.916    32.6968    24.7332 0.0000e+00
 270.426365     11.000  37.975765    12.0203    7.17889     10.908    33.0096    25.0399 0.0000e+00
 270.426383     12.000  37.988889    11.6724    7.15342     11.899    33.3321    25.3552 0.0000e+00
 270.426399     13.000  37.994194    11.5231    7.10754     12.891    33.4714    25.4910 0.0000e+00
 270.426417     14.000  37.987431    11.4692    6.98000     13.883    33.5131    25.5333 0.0000e+00
 270.426433     15.000  37.976054    11.3912    6.82184     14.874    33.5724    25.5936 0.0000e+00
 270.426451     16.000  37.957667    11.2891    6.70071     15.866    33.6469    25.6701 0.0000e+00
 270.426468     17.000  37.931005    11.1425    6.55896     16.857    33.7543    25.7802 0.0000e+00
 270.426485     18.000  37.902246    11.0223    6.43371     17.849    33.8358    25.8653 0.0000e+00
 270.426502     19.000  37.878196    10.7749    6.31298     18.840    34.0408    26.0691 0.0000e+00
 270.426520     20.000  37.846450    10.5295    6.17242     19.832    34.2380    26.2660 0.0000e+00
 270.426538     21.000  37.800844    10.3493    6.06280     20.824    34.3614    26.3937 0.0000e+00
 270.426556     22.000  37.750621    10.2359    5.91915     21.815    34.4175    26.4571 0.0000e+00
 270.426574     23.000  37.692244    10.0794    5.80902     22.807    34.5067    26.5536 0.0000e+00
 270.426592     24.000  37.613895     9.9058    5.72033     23.798    34.5922    26.6500 0.0000e+00
 270.426612     25.000  37.501903     9.7741    5.60812     24.790    34.6034    26.6810 0.0000e+00
 270.426631     26.000  37.384349     9.6406    5.51266     25.782    34.6105    26.7089 0.0000e+00
 270.426648     27.000  37.278249     9.5527    5.42941     26.773    34.5852    26.7037 0.0000e+00
 270.426666     28.000  37.163741     9.4379    5.35115     27.764    34.5772    26.7164 0.0000e+00
 270.426688     29.000  37.040833     9.3292    5.17719     28.756    34.5543    26.7164 0.0000e+00
 270.426708     30.000  36.912762     9.1587    4.99580     29.748    34.5857    26.7687 0.0000e+00
 270.426725     31.000  36.820297     8.8252    4.87325     30.739    34.8142    27.0011 0.0000e+00
 270.426744     32.000  36.719001     8.5878    4.75360     31.730    34.9408    27.1378 0.0000e+00
 270.426764     33.000  36.601938     8.4786    4.57665     32.722    34.9243    27.1419 0.0000e+00
 270.426784     34.000  36.490173     8.4464    4.37034     33.714    34.8369    27.0783 0.0000e+00
 270.426802     35.000  36.376345     8.3724    4.20329     34.705    34.7886    27.0518 0.0000e+00
 270.426819     36.000  36.262667     8.3052    4.10165     35.696    34.7334    27.0188 0.0000e+00
 270.426837     37.000  36.137800     8.2725    3.94803     36.688    34.6321    26.9443 0.0000e+00
 270.426855     38.000  36.024897     8.2534    3.82378     37.679    34.5300    26.8671 0.0000e+00
 270.426874     39.000  35.915085     8.2209    3.66438     38.671    34.4443    26.8048 0.0000e+00
 270.426894     40.000  35.812821     8.1660    3.49204     39.662    34.3885    26.7693 0.0000e+00
 270.426913     41.000  35.726145     8.1365    3.34240     40.654    34.3243    26.7234 0.0000e+00
 270.426933     42.000  35.644212     8.1231    3.15841     41.645    34.2494    26.6665 0.0000e+00
 270.426950     43.000  35.580967     8.1087    3.01520     42.637    34.1954    26.6263 0.0000e+00
 270.426969     44.000  35.526098     8.1026    2.90737     43.628    34.1422    26.5855 0.0000e+00
 270.426994     45.000  35.455705     8.1008    2.77872     44.620    34.0683    26.5277 0.0000e+00
