data/oxygen options/OCNMS/OCNMS1/raw_data/2006/CTD_CA065_081606faed.cnv
* Sea-Bird SBE19 Data File:
* FileName = C:\MOORING_DATA_2006\CTD_CA065_081606.hex
* Software Version 1.1.6
* Temperature SN = 2997
* Conductivity SN = 2997
* System UpLoad Time = Aug 16 2006 16:05:46
* SEACAT PROFILER V3.1c SN 2997   08/16/06  16:05:25.429
* strain gauge pressure sensor: S/N = 184829,  range = 3000 psia,  tc = 40
# nquan = 9                                 
# nvalues = 2504                        
# units = specified
# name 0 = timeJ: Julian Days
# name 1 = prSM: Pressure, Strain Gauge [db]
# name 2 = c0mS/cm: Conductivity [mS/cm]
# name 3 = t090C: Temperature [ITS-90, deg C]
# name 4 = oxML/L: Oxygen, Beckman/YSI [ml/l]
# name 5 = depSM: Depth [salt water, m], lat = 47.5
# name 6 = sal00: Salinity, Practical [PSU]
# name 7 = sigma-é00: Density [sigma-theta, kg/m^3]
# name 8 = flag: flag
# span 0 = 228.655486, 228.669971       
# span 1 =     -4.952,     64.609       
# span 2 =   0.565147,  38.101496       
# span 3 =     7.4878,    13.2233       
# span 4 =  -12.29792,   34.50490       
# span 5 =     -4.911,     64.060       
# span 6 =     0.3677,    33.7659       
# span 7 =    -0.2389,    26.3792       
# span 8 = 0.0000e+00, 0.0000e+00       
# interval = seconds: 0.5
# start_time = Aug 16 2006 15:43:54 [Instrument's time stamp, header]
# bad_flag = -9.990e-29
*END*
[from data line 161]
 228.656418      0.169  37.965622    13.0521    6.35086      0.168    32.1106    24.1452 -9.990e-29
 228.656424      0.166  37.966813    13.0522    6.34530      0.165    32.1116    24.1460 -9.990e-29
 228.656429      0.165  37.966367    13.0506    6.34559      0.164    32.1126    24.1470 -9.990e-29
 228.656435      0.173  37.964247    13.0474    6.35173      0.172    32.1133    24.1482 -9.990e-29
 228.656441      0.191  37.961551    13.0445    6.35635      0.189    32.1132    24.1487 -9.990e-29
 228.656447      0.213  37.960292    13.0439    6.36332      0.211    32.1125    24.1483 -9.990e-29
 228.656453      0.234  37.961592    13.0452    6.35641      0.232    32.1126    24.1481 -9.990e-29
 228.656458      0.252  37.963814    13.0468    6.36001      0.250    32.1133    24.1484 -9.990e-29
 228.656464      0.264  37.965431    13.0486    6.35428      0.262    32.1133    24.1480 -9.990e-29
 228.656470      0.275  37.966912    13.0507    6.35664      0.273    32.1130    24.1473 -9.990e-29
 228.656476      0.290  37.968548    13.0529    6.35337      0.288    32.1126    24.1466 -9.990e-29
 228.656481      0.306  37.970275    13.0551    6.35558      0.303    32.1124    24.1460 -9.990e-29
 228.656487      0.319  37.971026    13.0567    6.35304      0.316    32.1117    24.1452 -9.990e-29
 228.656493      0.331  37.970678    13.0574    6.35558      0.328    32.1108    24.1443 -9.990e-29
 228.656499      0.337  37.971007    13.0575    6.34657      0.334    32.1110    24.1445 -9.990e-29
 228.656505      0.338  37.971888    13.0576    6.35228      0.335    32.1118    24.1450 -9.990e-29
 228.656510      0.338  37.972810    13.0579    6.34375      0.335    32.1124    24.1455 -9.990e-29
 228.656516      0.338  37.974439    13.0585    6.34712      0.335    32.1134    24.1461 -9.990e-29
 228.656522      0.341  37.976703    13.0601    6.35162      0.338    32.1142    24.1464 -9.990e-29
 228.656528      0.353  37.979250    13.0630    6.35584      0.350    32.1141    24.1458 -9.990e-29
 228.656534      0.373  37.981549    13.0659    6.36194      0.370    32.1138    24.1450 -9.990e-29
 228.656539      0.399  37.982735    13.0674    6.35887      0.396    32.1137    24.1446 -9.990e-29
 228.656545      0.425  37.982704    13.0676    6.35005      0.421    32.1134    24.1444 -9.990e-29
 228.656551      0.447  37.982535    13.0678    6.34546      0.443    32.1131    24.1441 -9.990e-29
 228.656557      0.462  37.983121    13.0693    6.35241      0.458    32.1124    24.1432 -9.990e-29
 228.656563      0.471  37.984679    13.0723    6.34851      0.467    32.1113    24.1418 -9.990e-29
 228.656568      0.485  37.987039    13.0754    6.36256      0.481    32.1109    24.1409 -9.990e-29
 228.656574      0.503  37.988860    13.0771    6.35155      0.499    32.1112    24.1408 -9.990e-29
 228.656580      0.522  37.989201    13.0774    6.34546      0.518    32.1112    24.1407 -9.990e-29
 228.656586      0.539  37.989076    13.0772    6.34553      0.535    32.1113    24.1408 -9.990e-29
 228.656591      0.551  37.989437    13.0771    6.33134      0.546    32.1117    24.1412 -9.990e-29
 228.656597      0.563  37.990201    13.0778    6.35114      0.558    32.1118    24.1411 -9.990e-29
 228.656603      0.581  37.991262    13.0788    6.35001      0.576    32.1120    24.1410 -9.990e-29
 228.656609      0.601  37.991789    13.0794    6.35189      0.596    32.1119    24.1409 -9.990e-29
 228.656615      0.615  37.991360    13.0794    6.35210      0.610    32.1115    24.1406 -9.990e-29
 228.656620      0.621  37.991083    13.0791    6.33940      0.616    32.1115    24.1406 -9.990e-29
 228.656626      0.622  37.991146    13.0788    6.34902      0.617    32.1118    24.1409 -9.990e-29
 228.656632      0.629  37.991070    13.0788    6.33832      0.624    32.1118    24.1409 -9.990e-29
 228.656638      0.645  37.991311    13.0792    6.34238      0.640    32.1116    24.1407 -9.990e-29
 228.656644      0.667  37.992190    13.0796    6.33579      0.661    32.1121    24.1410 -9.990e-29
 228.656649      0.683  37.992630    13.0795    6.32899      0.677    32.1126    24.1414 -9.990e-29
 228.656655      0.687  37.992092    13.0789    6.33760      0.681    32.1126    24.1415 -9.990e-29
 228.656661      0.686  37.991539    13.0784    6.33890      0.680    32.1125    24.1415 -9.990e-29
 228.656667      0.689  37.990794    13.0777    6.34542      0.683    32.1124    24.1416 -9.990e-29
 228.656672      0.698  37.987178    13.0744    6.35972      0.692    32.1118    24.1418 -9.990e-29
 228.656678      0.711  37.979234    13.0689    6.35543      0.705    32.1090    24.1407 -9.990e-29
 228.656684      0.727  37.970953    13.0661    6.35415      0.721    32.1035    24.1370 -9.990e-29
 228.656690      0.736  37.968117    13.0683    6.35806      0.730    32.0990    24.1331 -9.990e-29
 228.656696      0.732  37.971991    13.0725    6.34857      0.726    32.0991    24.1323 -9.990e-29
 228.656701      0.713  37.978758    13.0760    6.34689      0.707    32.1025    24.1343 -9.990e-29
 228.656707      0.692  37.984539    13.0781    6.33371      0.686    32.1062    24.1367 -9.990e-29
 228.656713      0.681  37.988064    13.0788    6.32964      0.675    32.1089    24.1387 -9.990e-29
 228.656719      0.681  37.988982    13.0781    6.34022      0.675    32.1104    24.1399 -9.990e-29
 228.656725      0.691  37.987955    13.0762    6.35077      0.685    32.1110    24.1408 -9.990e-29
 228.656730      0.705  37.985295    13.0730    6.34417      0.699    32.1112    24.1416 -9.990e-29
 228.656736      0.724  37.978572    13.0683    6.34743      0.718    32.1088    24.1407 -9.990e-29
 228.656742      0.746  37.968918    13.0654    6.33841      0.740    32.1022    24.1361 -9.990e-29
 228.656748      0.768  37.965896    13.0670    6.33891      0.762    32.0980    24.1326 -9.990e-29
 228.656753      0.786  37.972206    13.0703    6.34921      0.779    32.1011    24.1343 -9.990e-29
 228.656759      0.798  37.978866    13.0708    6.34319      0.791    32.1070    24.1388 -9.990e-29
 228.656765      0.805  37.979608    13.0684    6.34391      0.798    32.1097    24.1413 -9.990e-29
 228.656771      0.807  37.977103    13.0672    6.34818      0.800    32.1084    24.1405 -9.990e-29
 228.656777      0.803  37.977545    13.0684    6.34324      0.796    32.1078    24.1398 -9.990e-29
 228.656782      0.794  37.979837    13.0689    6.33782      0.787    32.1095    24.1411 -9.990e-29
 228.656788      0.784  37.980298    13.0665    6.34089      0.777    32.1120    24.1435 -9.990e-29
 228.656794      0.776  37.977860    13.0619    6.34806      0.770    32.1136    24.1456 -9.990e-29
 228.656800      0.769  37.973757    13.0580    6.36249      0.763    32.1130    24.1459 -9.990e-29
 228.656806      0.763  37.972052    13.0572    6.36573      0.757    32.1121    24.1454 -9.990e-29
 228.656811      0.758  37.972712    13.0590    6.36080      0.752    32.1112    24.1443 -9.990e-29
 228.656817      0.754  37.972684    13.0607    6.34680      0.748    32.1097    24.1429 -9.990e-29
 228.656823      0.750  37.971931    13.0603    6.33607      0.744    32.1094    24.1427 -9.990e-29
 228.656829      0.750  37.971689    13.0587    6.33421      0.744    32.1105    24.1438 -9.990e-29
 228.656834      0.759  37.972196    13.0582    6.34157      0.753    32.1114    24.1446 -9.990e-29
 228.656840      0.772  37.974687    13.0596    6.34916      0.766    32.1125    24.1453 -9.990e-29
 228.656846      0.787  37.978553    13.0613    6.35222      0.780    32.1147    24.1466 -9.990e-29
 228.656852      0.800  37.980528    13.0621    6.36324      0.793    32.1159    24.1474 -9.990e-29
 228.656858      0.807  37.980439    13.0626    6.34945      0.800    32.1154    24.1469 -9.990e-29
 228.656863      0.814  37.980408    13.0640    6.34583      0.807    32.1142    24.1457 -9.990e-29
 228.656869      0.824  37.981516    13.0668    6.35700      0.817    32.1128    24.1441 -9.990e-29
 228.656875      0.843  37.984115    13.0703    6.35531      0.836    32.1123    24.1430 -9.990e-29
 228.656881      0.873  37.987178    13.0726    6.34867      0.866    32.1132    24.1433 -9.990e-29
 228.656887      0.901  37.989180    13.0734    6.33634      0.893    32.1144    24.1440 -9.990e-29
 228.656892      0.922  37.989982    13.0738    6.33557      0.914    32.1148    24.1443 -9.990e-29
 228.656898      0.937  37.990087    13.0742    6.34873      0.929    32.1146    24.1440 -9.990e-29
 228.656904      0.946  37.990009    13.0748    6.35029      0.938    32.1140    24.1434 -9.990e-29
 228.656910      0.951  37.989640    13.0755    6.34258      0.943    32.1131    24.1426 -9.990e-29
 228.656916      0.951  37.987735    13.0758    6.32339      0.943    32.1110    24.1409 -9.990e-29
 228.656921      0.947  37.985676    13.0754    6.32427      0.939    32.1094    24.1398 -9.990e-29
 228.656927      0.938  37.986135    13.0748    6.33143      0.930    32.1104    24.1406 -9.990e-29
 228.656933      0.928  37.987472    13.0742    6.33035      0.920    32.1121    24.1421 -9.990e-29
 228.656939      0.929  37.986976    13.0728    6.34729      0.921    32.1129    24.1429 -9.990e-29
 228.656944      0.950  37.982858    13.0704    6.35428      0.942    32.1110    24.1420 -9.990e-29
 228.656950      0.984  37.975794    13.0690    6.35789      0.976    32.1055    24.1380 -9.990e-29
 228.656956      1.016  37.972628    13.0697    6.35756      1.008    32.1019    24.1351 -9.990e-29
 228.656962      1.034  37.976983    13.0713    6.34829      1.025    32.1047    24.1369 -9.990e-29
 228.656968      1.040  37.983441    13.0728    6.33880      1.031    32.1095    24.1403 -9.990e-29
 228.656973      1.043  37.988263    13.0744    6.33724      1.034    32.1127    24.1425 -9.990e-29
 228.656979      1.048  37.991144    13.0762    6.33774      1.039    32.1139    24.1430 -9.990e-29
 228.656985      1.054  37.992553    13.0781    6.33900      1.045    32.1136    24.1424 -9.990e-29
 228.656991      1.063  37.993803    13.0797    6.34896      1.054    32.1134    24.1420 -9.990e-29
 228.656997      1.074  37.993187    13.0809    6.35374      1.065    32.1118    24.1405 -9.990e-29
 228.657002      1.085  37.987635    13.0815    6.35369      1.076    32.1061    24.1360 -9.990e-29
 228.657008      1.086  37.981521    13.0816    6.34609      1.077    32.1002    24.1314 -9.990e-29
 228.657014      1.079  37.981832    13.0809    6.33805      1.070    32.1011    24.1322 -9.990e-29
 228.657020      1.071  37.985050    13.0798    6.33763      1.062    32.1051    24.1355 -9.990e-29
 228.657025      1.066  37.986485    13.0797    6.34123      1.057    32.1065    24.1367 -9.990e-29
 228.657031      1.060  37.988043    13.0808    6.34700      1.051    32.1070    24.1369 -9.990e-29
 228.657037      1.048  37.990114    13.0808    6.35184      1.039    32.1090    24.1384 -9.990e-29
 228.657043      1.034  37.989840    13.0771    6.35211      1.025    32.1119    24.1413 -9.990e-29
 228.657049      1.024  37.984047    13.0700    6.34788      1.015    32.1124    24.1431 -9.990e-29
 228.657054      1.024  37.975665    13.0640    6.31869      1.015    32.1096    24.1422 -9.990e-29
 228.657060      1.027  37.973147    13.0636    6.30440      1.018    32.1076    24.1407 -9.990e-29
 228.657066      1.027  37.977055    13.0669    6.30368      1.018    32.1085    24.1407 -9.990e-29
 228.657072      1.023  37.980811    13.0687    6.32498      1.014    32.1105    24.1419 -9.990e-29
 228.657078      1.027  37.981003    13.0662    6.35103      1.018    32.1128    24.1442 -9.990e-29
 228.657083      1.045  37.976761    13.0577    6.36296      1.036    32.1160    24.1483 -9.990e-29
 228.657089      1.069  37.963546    13.0461    6.36188      1.060    32.1134    24.1485 -9.990e-29
 228.657095      1.091  37.943926    13.0404    6.35850      1.082    32.0997    24.1391 -9.990e-29
 228.657101      1.101  37.934369    13.0440    6.34971      1.092    32.0877    24.1291 -9.990e-29
 228.657106      1.091  37.942315    13.0519    6.35147      1.082    32.0885    24.1281 -9.990e-29
 228.657112      1.067  37.957035    13.0583    6.34205      1.058    32.0969    24.1334 -9.990e-29
 228.657118      1.043  37.967857    13.0619    6.31878      1.034    32.1040    24.1382 -9.990e-29
 228.657124      1.024  37.974062    13.0637    6.31479      1.015    32.1084    24.1412 -9.990e-29
 228.657130      1.018  37.977186    13.0638    6.31989      1.010    32.1112    24.1434 -9.990e-29
 228.657135      1.029  37.976904    13.0620    6.33077      1.020    32.1125    24.1448 -9.990e-29
 228.657141      1.054  37.973956    13.0568    6.34717      1.045    32.1141    24.1470 -9.990e-29
 228.657147      1.084  37.968891    13.0460    6.35331      1.075    32.1185    24.1525 -9.990e-29
 228.657153      1.115  37.958879    13.0339    6.35497      1.106    32.1193    24.1555 -9.990e-29
 228.657159      1.139  37.947391    13.0319    6.35211      1.129    32.1102    24.1488 -9.990e-29
 228.657164      1.153  37.946592    13.0417    6.34673      1.143    32.1011    24.1399 -9.990e-29
 228.657170      1.158  37.955404    13.0525    6.34207      1.148    32.1002    24.1371 -9.990e-29
 228.657176      1.156  37.963693    13.0587    6.34171      1.146    32.1028    24.1379 -9.990e-29
 228.657182      1.148  37.970726    13.0619    6.34098      1.138    32.1067    24.1403 -9.990e-29
 228.657187      1.145  37.976904    13.0635    6.34046      1.135    32.1112    24.1434 -9.990e-29
 228.657193      1.145  37.979240    13.0630    6.34136      1.135    32.1138    24.1456 -9.990e-29
 228.657199      1.145  37.978037    13.0611    6.34111      1.135    32.1143    24.1463 -9.990e-29
 228.657205      1.148  37.977296    13.0598    6.34109      1.138    32.1147    24.1469 -9.990e-29
 228.657211      1.155  37.978265    13.0597    6.33991      1.145    32.1157    24.1477 -9.990e-29
 228.657216      1.157  37.978864    13.0605    6.33263      1.147    32.1156    24.1474 -9.990e-29
 228.657222      1.155  37.979326    13.0619    6.33038      1.145    32.1148    24.1466 -9.990e-29
 228.657228      1.158  37.980820    13.0642    6.32384      1.148    32.1143    24.1457 -9.990e-29
 228.657234      1.169  37.983089    13.0676    6.32440      1.159    32.1135    24.1445 -9.990e-29
 228.657240      1.190  37.985226    13.0712    6.33589      1.180    32.1125    24.1429 -9.990e-29
 228.657245      1.217  37.985586    13.0734    6.35263      1.207    32.1109    24.1413 -9.990e-29
 228.657251      1.244  37.980718    13.0734    6.35710      1.234    32.1063    24.1378 -9.990e-29
 228.657257      1.263  37.974225    13.0722    6.35482      1.252    32.1012    24.1341 -9.990e-29
 228.657263      1.268  37.974833    13.0713    6.34241      1.257    32.1026    24.1353 -9.990e-29
 228.657269      1.259  37.978858    13.0711    6.32865      1.248    32.1065    24.1384 -9.990e-29
 228.657274      1.244  37.980440    13.0709    6.32957      1.234    32.1082    24.1397 -9.990e-29
 228.657280      1.230  37.981684    13.0698    6.33833      1.220    32.1103    24.1415 -9.990e-29
 228.657286      1.225  37.982559    13.0677    6.33835      1.215    32.1129    24.1440 -9.990e-29
 228.657292      1.228  37.980860    13.0654    6.34359      1.218    32.1133    24.1447 -9.990e-29
 228.657297      1.232  37.976561    13.0643    6.33583      1.222    32.1101    24.1425 -9.990e-29
 228.657303      1.233  37.974021    13.0653    6.33558      1.223    32.1069    24.1398 -9.990e-29
 228.657309      1.229  37.976578    13.0673    6.33467      1.219    32.1076    24.1399 -9.990e-29
 228.657315      1.222  37.979782    13.0674    6.33304      1.212    32.1105    24.1422 -9.990e-29
 228.657321      1.215  37.979484    13.0634    6.33354      1.205    32.1137    24.1454 -9.990e-29
 228.657326      1.216  37.975841    13.0572    6.32458      1.206    32.1155    24.1480 -9.990e-29
 228.657332      1.225  37.970726    13.0536    6.32471      1.215    32.1137    24.1474 -9.990e-29
