data/oxygen options/OCNMS/OCNMS1/raw_data/2006/CTD_CE015_053006_FL_COMPfaed.cnv
* Sea-Bird SBE19 Data File:
* FileName = C:\MOORING_DATA_2006\CTD_CE015_053006_FL_COMP.hex
* Software Version 1.1.6
* Temperature SN = 2997
* Conductivity SN = 2997
* System UpLoad Time = May 30 2006 16:49:35
* SEACAT PROFILER V3.1c SN 2997   05/30/06  16:48:18.445
* strain gauge pressure sensor: S/N = 184829,  range = 3000 psia,  tc = 40
# nquan = 9                                 
# nvalues = 1391                        
# units = specified
# name 0 = timeJ: Julian Days
# name 1 = prSM: Pressure, Strain Gauge [db]
# name 2 = c0mS/cm: Conductivity [mS/cm]
# name 3 = t090C: Temperature [ITS-90, deg C]
# name 4 = oxML/L: Oxygen, Beckman/YSI [ml/l]
# name 5 = depSM: Depth [salt water, m], lat = 47.5
# name 6 = sal00: Salinity, Practical [PSU]
# name 7 = sigma-é00: Density [sigma-theta, kg/m^3]
# name 8 = flag: flag
# span 0 = 150.691354, 150.699398       
# span 1 =     -5.391,     17.085       
# span 2 =   0.580921,  35.148993       
# span 3 =    12.2855,    15.1784       
# span 4 =  -14.42990,   33.25807       
# span 5 =     -5.346,     16.942       
# span 6 =     0.3521,    30.0652       
# span 7 =    -0.6407,    22.7075       
# span 8 = 0.0000e+00, 0.0000e+00       
# interval = seconds: 0.5
# start_time = May 30 2006 16:35:33 [Instrument's time stamp, header]
# bad_flag = -9.990e-29
*END*
 150.691354     -5.391 -9.990e-29    15.0107   -0.06776     -5.346 -9.990e-29 -9.990e-29 -9.990e-29
 150.691360     -5.381   0.939494    15.0061   -0.06777     -5.336     0.5811    -0.4499 -9.990e-29
 150.691366     -5.376   0.933559    15.0029   -0.06777     -5.331     0.5773    -0.4523 -9.990e-29
 150.691372     -5.371   0.925927    15.0018   -0.06777     -5.326     0.5724    -0.4559 -9.990e-29
 150.691377     -5.362   0.915855    15.0022   -0.06777     -5.317     0.5659    -0.4610 -9.990e-29
 150.691383     -5.351   0.903053    15.0033   -0.06776     -5.306     0.5577    -0.4675 -9.990e-29
 150.691389     -5.344   0.889889    15.0048   -0.06776     -5.299     0.5492    -0.4743 -9.990e-29
 150.691395     -5.335   0.880267    15.0061   -0.06777     -5.291     0.5430    -0.4793 -9.990e-29
 150.691400     -5.318   0.875211    15.0068   -0.06778     -5.274     0.5397    -0.4819 -9.990e-29
 150.691406     -5.295   0.869452    15.0071   -0.06776     -5.251     0.5360    -0.4848 -9.990e-29
 150.691412     -5.262   0.858638    15.0077   -0.06773     -5.218     0.5291    -0.4903 -9.990e-29
 150.691418     -5.221   0.844443    15.0087   -0.06771     -5.177     0.5200    -0.4975 -9.990e-29
 150.691424     -5.180   0.831241    15.0102   -0.06771     -5.137     0.5115    -0.5043 -9.990e-29
 150.691429     -5.139   0.821405    15.0128   -0.06772     -5.096     0.5052    -0.5096 -9.990e-29
 150.691435     -5.096   0.813470    15.0155   -0.06772     -5.054     0.5001    -0.5139 -9.990e-29
 150.691441     -5.053   0.805181    15.0164   -0.06772     -5.011     0.4948    -0.5182 -9.990e-29
 150.691447     -5.015   0.796581    15.0164   -0.06772     -4.973     0.4893    -0.5224 -9.990e-29
 150.691453     -4.983   0.788965    15.0189   -0.06773     -4.941     0.4844    -0.5266 -9.990e-29
 150.691458     -4.957   0.782165    15.0263   -0.06774     -4.916     0.4800    -0.5311 -9.990e-29
 150.691464     -4.935   0.774882    15.0366   -0.06771     -4.894     0.4752    -0.5364 -9.990e-29
 150.691470     -4.910   0.767389    15.0449   -0.06770     -4.869     0.4703    -0.5414 -9.990e-29
 150.691476     -4.877   0.761901    15.0481   -0.06771     -4.836     0.4668    -0.5446 -9.990e-29
 150.691481     -4.842   0.758868    15.0486   -0.06772     -4.802     0.4649    -0.5462 -9.990e-29
 150.691487     -4.812   0.755910    15.0494   -0.06773     -4.772     0.4630    -0.5478 -9.990e-29
 150.691493     -4.781   0.751858    15.0501   -0.06773     -4.741     0.4604    -0.5499 -9.990e-29
 150.691499     -4.746   0.747413    15.0497   -0.06772     -4.706     0.4576    -0.5520 -9.990e-29
 150.691505     -4.714   0.742751    15.0493   -0.06773     -4.675     0.4546    -0.5542 -9.990e-29
 150.691510     -4.687   0.737202    15.0515   -0.06774     -4.648     0.4511    -0.5573 -9.990e-29
 150.691516     -4.663   0.730027    15.0569   -0.06774     -4.624     0.4465    -0.5617 -9.990e-29
 150.691522     -4.641   0.721645    15.0610   -0.06773     -4.602     0.4411    -0.5665 -9.990e-29
 150.691528     -4.620   0.713640    15.0602   -0.06770     -4.581     0.4360    -0.5703 -9.990e-29
 150.691534     -4.598   0.707543    15.0567   -0.06763     -4.560     0.4322    -0.5727 -9.990e-29
 150.691539     -4.573   0.704102    15.0540   -0.06760     -4.535     0.4301    -0.5739 -9.990e-29
 150.691545     -4.545   0.702612    15.0533   -0.06760     -4.507     0.4291    -0.5746 -9.990e-29
 150.691551     -4.515   0.701086    15.0535   -0.06759     -4.477     0.4282    -0.5753 -9.990e-29
 150.691557     -4.486   0.698043    15.0531   -0.06760     -4.449     0.4262    -0.5768 -9.990e-29
 150.691563     -4.457   0.693865    15.0524   -0.06760     -4.420     0.4236    -0.5787 -9.990e-29
 150.691568     -4.429   0.689638    15.0544   -0.06760     -4.392     0.4209    -0.5811 -9.990e-29
 150.691574     -4.405   0.685273    15.0632   -0.06760     -4.368     0.4181    -0.5846 -9.990e-29
 150.691580     -4.383   0.679943    15.0808   -0.06759     -4.346     0.4145    -0.5901 -9.990e-29
 150.691586     -4.363   0.673752    15.1027   -0.06758     -4.327     0.4104    -0.5966 -9.990e-29
 150.691591     -4.343   0.667876    15.1194   -0.06758     -4.307     0.4065    -0.6022 -9.990e-29
 150.691597     -4.321   0.663358    15.1277   -0.06758     -4.285     0.4036    -0.6057 -9.990e-29
 150.691603     -4.297   0.660831    15.1314   -0.06758     -4.261     0.4019    -0.6075 -9.990e-29
 150.691609     -4.269   0.660254    15.1329   -0.06757     -4.233     0.4016    -0.6080 -9.990e-29
 150.691615     -4.238   0.659747    15.1329   -0.06758     -4.203     0.4012    -0.6083 -9.990e-29
 150.691620     -4.209   0.657525    15.1329   -0.06761     -4.174     0.3998    -0.6094 -9.990e-29
 150.691626     -4.178   0.653955    15.1347   -0.06762     -4.143     0.3976    -0.6114 -9.990e-29
 150.691632     -4.148   0.649823    15.1389   -0.06762     -4.113     0.3949    -0.6141 -9.990e-29
 150.691638     -4.121   0.645724    15.1432   -0.06758     -4.087     0.3923    -0.6168 -9.990e-29
 150.691644     -4.096   0.642294    15.1459   -0.06754     -4.062     0.3901    -0.6189 -9.990e-29
 150.691649     -4.072   0.639397    15.1474   -0.06753     -4.038     0.3883    -0.6205 -9.990e-29
 150.691655     -4.045   0.636498    15.1484   -0.06752     -4.011     0.3865    -0.6221 -9.990e-29
 150.691661     -4.016   0.633615    15.1478   -0.06753     -3.983     0.3847    -0.6234 -9.990e-29
 150.691667     -3.986   0.630785    15.1439   -0.06754     -3.953     0.3829    -0.6242 -9.990e-29
 150.691672     -3.957   0.627564    15.1382   -0.06755     -3.924     0.3809    -0.6248 -9.990e-29
 150.691678     -3.928   0.624098    15.1354   -0.06758     -3.895     0.3788    -0.6260 -9.990e-29
 150.691684     -3.901   0.621312    15.1401   -0.06760     -3.868     0.3770    -0.6281 -9.990e-29
 150.691690     -3.880   0.619929    15.1522   -0.06763     -3.848     0.3760    -0.6308 -9.990e-29
 150.691696     -3.861   0.619213    15.1657   -0.06766     -3.829     0.3755    -0.6333 -9.990e-29
 150.691701     -3.845   0.617101    15.1751   -0.06768     -3.813     0.3740    -0.6358 -9.990e-29
 150.691707     -3.830   0.612994    15.1784   -0.06769     -3.798     0.3714    -0.6383 -9.990e-29
 150.691713     -3.815   0.608628    15.1764   -0.06769     -3.783     0.3687    -0.6401 -9.990e-29
 150.691719     -3.800   0.605950    15.1715   -0.06770     -3.768     0.3671    -0.6406 -9.990e-29
 150.691725     -3.783   0.605272    15.1642   -0.06770     -3.751     0.3667    -0.6398 -9.990e-29
 150.691730     -3.763   0.605134    15.1536   -0.06770     -3.732     0.3667    -0.6382 -9.990e-29
 150.691736     -3.744   0.604243    15.1400   -0.06768     -3.713     0.3663    -0.6364 -9.990e-29
 150.691742     -3.727   0.602518    15.1253   -0.06768     -3.696     0.3653    -0.6349 -9.990e-29
 150.691748     -3.709   0.600434    15.1126   -0.06769     -3.678     0.3642    -0.6339 -9.990e-29
 150.691753     -3.684   0.598539    15.1036   -0.06772     -3.653     0.3630    -0.6334 -9.990e-29
 150.691759     -3.653   0.596526    15.0979   -0.06773     -3.623     0.3618    -0.6334 -9.990e-29
 150.691765     -3.625   0.593375    15.0943   -0.06774     -3.595     0.3599    -0.6344 -9.990e-29
 150.691771     -3.601   0.589320    15.0924   -0.06764     -3.571     0.3574    -0.6360 -9.990e-29
 150.691777     -3.579   0.585613    15.0924   -0.06725     -3.549     0.3550    -0.6378 -9.990e-29
 150.691782     -3.559   0.582858    15.0943   -0.06643     -3.529     0.3533    -0.6395 -9.990e-29
 150.691788     -3.539   0.581263    15.0966   -0.06655     -3.509     0.3523    -0.6406 -9.990e-29
 150.691794     -3.518   0.580921    15.0962   -0.06649     -3.489     0.3521    -0.6407 -9.990e-29
 150.691800     -3.494   0.581931    15.0914   -0.06680     -3.465     0.3527    -0.6395 -9.990e-29
 150.691806     -3.467   0.585641    15.0838   -0.06703     -3.438     0.3551    -0.6364 -9.990e-29
 150.691811     -3.438   0.596442    15.0759   -0.06722     -3.409     0.3620    -0.6299 -9.990e-29
 150.691817     -3.414   0.627070    15.0685   -0.06733     -3.386     0.3813    -0.6139 -9.990e-29
 150.691823     -3.394   0.717254    15.0606   -0.06741     -3.366     0.4383    -0.5685 -9.990e-29
 150.691829     -3.372   0.991120    15.0513   -0.06747     -3.344     0.6137    -0.4315 -9.990e-29
 150.691834     -3.348   1.670685    15.0417   -0.06752     -3.320     1.0602    -0.0853 -9.990e-29
 150.691840     -3.318   2.875028    15.0338   -0.06756     -3.290     1.8792     0.5474 -9.990e-29
 150.691846     -3.291   4.108768    15.0292   -0.06759     -3.264     2.7448     1.2142 -9.990e-29
 150.691852     -3.272   4.704284    15.0279   -0.06764     -3.245     3.1702     1.5415 -9.990e-29
 150.691858     -3.256   4.644779    15.0278   -0.06769     -3.229     3.1275     1.5087 -9.990e-29
 150.691863     -3.239   4.162846    15.0265   -0.06772     -3.212     2.7834     1.2444 -9.990e-29
 150.691869     -3.222   3.510433    15.0234   -0.06775     -3.195     2.3226     0.8903 -9.990e-29
 150.691875     -3.210   2.934294    15.0189   -0.06781     -3.183     1.9209     0.5818 -9.990e-29
 150.691881     -3.198   2.507436    15.0138   -0.06785     -3.171     1.6270     0.3562 -9.990e-29
 150.691887     -3.180   2.212836    15.0076   -0.06790     -3.153     1.4262     0.2023 -9.990e-29
 150.691892     -3.159   2.003109    14.9988   -0.06793     -3.133     1.2844     0.0944 -9.990e-29
 150.691898     -3.138   1.851255    14.9869   -0.06799     -3.112     1.1825     0.0176 -9.990e-29
 150.691904     -3.113   1.745788    14.9729   -0.06808     -3.087     1.1122    -0.0345 -9.990e-29
 150.691910     -3.081   1.670996    14.9593   -0.06776     -3.055     1.0625    -0.0708 -9.990e-29
 150.691916     -3.052   1.605429    14.9470   -0.06769     -3.027     1.0191    -0.1024 -9.990e-29
 150.691921     -3.030   1.538823    14.9342   -0.06774     -3.005     0.9751    -0.1344 -9.990e-29
 150.691927     -3.005   1.477842    14.9192   -0.06427     -2.980     0.9350    -0.1632 -9.990e-29
 150.691933     -2.974   1.419998    14.9018   -0.05835     -2.949     0.8970    -0.1898 -9.990e-29
 150.691939     -2.941   1.360874    14.8823   -0.05826     -2.916     0.8584    -0.2167 -9.990e-29
 150.691944     -2.903   1.314323    14.8601   -0.05829     -2.879     0.8281    -0.2368 -9.990e-29
 150.691950     -2.857   1.292094    14.8338   -0.05827     -2.833     0.8140    -0.2437 -9.990e-29
 150.691956     -2.801   1.312273    14.8036   -0.05829     -2.778     0.8279    -0.2284 -9.990e-29
 150.691962     -2.736   1.436729    14.7737   -0.05841     -2.713     0.9110    -0.1597 -9.990e-29
 150.691968     -2.666   1.881905    14.7508   -0.05866     -2.644     1.2103     0.0749 -9.990e-29
 150.691973     -2.590   2.840520    14.7419   -0.05871     -2.568     1.8691     0.5844 -9.990e-29
 150.691979     -2.504   4.555832    14.7603   -0.05879     -2.483     3.0846     1.5176 -9.990e-29
 150.691985     -2.403   8.604196    14.8067   -0.05879     -2.383     6.0830     3.8134 -9.990e-29
 150.691991     -2.284  16.496631    14.8494   -0.05883     -2.265    12.2766     8.5531 -9.990e-29
 150.691997     -2.153  25.119680    14.8671   -0.05886     -2.135    19.4165    14.0206 -9.990e-29
 150.692002     -2.018  30.019886    14.8632   -0.05887     -2.001    23.6214    17.2471 -9.990e-29
 150.692008     -1.883  31.645463    14.8296   -0.05887     -1.867    25.0581    18.3570 -9.990e-29
 150.692014     -1.750  32.179000    14.7518   -0.05887     -1.735    25.5760    18.7704 -9.990e-29
 150.692020     -1.621  32.349834    14.6549   -0.05886     -1.607    25.7901    18.9543 -9.990e-29
 150.692025     -1.506  32.400893    14.5831   -0.05886     -1.493    25.8827    19.0398 -9.990e-29
 150.692031     -1.410  32.405861    14.5395   -0.05885     -1.398    25.9161    19.0741 -9.990e-29
 150.692037     -1.332  32.382012    14.5100   -0.05884     -1.321    25.9146    19.0788 -9.990e-29
 150.692043     -1.266  32.358649    14.4897   -0.05884     -1.255    25.9074    19.0774 -9.990e-29
 150.692049     -1.209  32.349475    14.4757   -0.05884     -1.199    25.9086    19.0811 -9.990e-29
 150.692054     -1.162  32.332743    14.4657   -0.05885     -1.152    25.9005    19.0768 -9.990e-29
 150.692060     -1.128  32.314746    14.4609   -0.05886     -1.119    25.8877    19.0679 -9.990e-29
 150.692066     -1.108  32.315782    14.4639   -0.05887     -1.099    25.8866    19.0665 -9.990e-29
 150.692072     -1.094  32.319311    14.4717   -0.05887     -1.085    25.8846    19.0633 -9.990e-29
 150.692078     -1.086  32.307264    14.4795   -0.05889     -1.077    25.8687    19.0496 -9.990e-29
 150.692083     -1.079  32.286020    14.4845   -0.05890     -1.070    25.8466    19.0316 -9.990e-29
 150.692089     -1.070  32.268373    14.4861   -0.05890     -1.061    25.8299    19.0184 -9.990e-29
 150.692095     -1.056  32.265555    14.4850   -0.05890     -1.047    25.8281    19.0173 -9.990e-29
 150.692101     -1.041  32.278495    14.4832   -0.05890     -1.032    25.8408    19.0274 -9.990e-29
 150.692106     -1.034  32.293631    14.4823   -0.05889     -1.025    25.8548    19.0383 -9.990e-29
 150.692112     -1.033  32.294726    14.4799   -0.05890     -1.024    25.8573    19.0408 -9.990e-29
 150.692118     -1.030  32.279888    14.4745   -0.05890     -1.021    25.8478    19.0345 -9.990e-29
 150.692124     -1.020  32.265220    14.4666   -0.05890     -1.011    25.8401    19.0301 -9.990e-29
 150.692130     -1.003  32.260885    14.4568   -0.05890     -0.995    25.8427    19.0341 -9.990e-29
 150.692135     -0.983  32.264479    14.4489   -0.05890     -0.975    25.8512    19.0422 -9.990e-29
 150.692141     -0.965  32.273518    14.4475   -0.05890     -0.957    25.8601    19.0493 -9.990e-29
 150.692147     -0.950  32.281568    14.4505   -0.05891     -0.942    25.8652    19.0526 -9.990e-29
 150.692153     -0.932  32.278076    14.4515   -0.05890     -0.924    25.8615    19.0496 -9.990e-29
 150.692159     -0.914  32.266809    14.4489   -0.05890     -0.906    25.8532    19.0437 -9.990e-29
 150.692164     -0.899  32.264706    14.4470   -0.05890     -0.891    25.8526    19.0436 -9.990e-29
 150.692170     -0.886  32.272899    14.4488   -0.05890     -0.879    25.8587    19.0479 -9.990e-29
 150.692176     -0.874  32.274862    14.4517   -0.05890     -0.867    25.8585    19.0472 -9.990e-29
 150.692182     -0.864  32.265378    14.4512   -0.05890     -0.857    25.8504    19.0411 -9.990e-29
 150.692187     -0.853  32.256476    14.4473   -0.05891     -0.846    25.8451    19.0378 -9.990e-29
 150.692193     -0.841  32.259841    14.4442   -0.05890     -0.834    25.8501    19.0423 -9.990e-29
 150.692199     -0.828  32.271567    14.4450   -0.05891     -0.821    25.8600    19.0497 -9.990e-29
 150.692205     -0.813  32.275912    14.4478   -0.05891     -0.806    25.8620    19.0507 -9.990e-29
 150.692211     -0.799  32.268595    14.4481   -0.05892     -0.792    25.8553    19.0455 -9.990e-29
 150.692216     -0.789  32.262293    14.4458   -0.05892     -0.782    25.8512    19.0428 -9.990e-29
 150.692222     -0.783  32.266553    14.4451   -0.05892     -0.776    25.8555    19.0462 -9.990e-29
 150.692228     -0.781  32.273617    14.4473   -0.05891     -0.774    25.8603    19.0495 -9.990e-29
 150.692234     -0.777  32.271056    14.4488   -0.05891     -0.771    25.8570    19.0467 -9.990e-29
 150.692240     -0.768  32.260514    14.4473   -0.05891     -0.762    25.8486    19.0405 -9.990e-29
 150.692245     -0.753  32.253733    14.4448   -0.05891     -0.747    25.8443    19.0377 -9.990e-29
 150.692251     -0.730  32.257938    14.4431   -0.05891     -0.724    25.8491    19.0418 -9.990e-29
 150.692257     -0.704  32.266981    14.4416   -0.05891     -0.698    25.8581    19.0490 -9.990e-29
 150.692263     -0.680  32.268830    14.4386   -0.05891     -0.674    25.8618    19.0524 -9.990e-29
 150.692269     -0.662  32.264282    14.4358   -0.05890     -0.656    25.8596    19.0512 -9.990e-29
 150.692274     -0.647  32.264662    14.4366   -0.05889     -0.642    25.8594    19.0509 -9.990e-29
