data/oxygen options/OCNMS/OCNMS1/raw_data/2006/CTD_CE015_053006_FL_COMPfaed.cnv
* Sea-Bird SBE19 Data File:
* FileName = C:\MOORING_DATA_2006\CTD_CE015_053006_FL_COMP.hex
* Software Version 1.1.6
* Temperature SN = 2997
* Conductivity SN = 2997
* System UpLoad Time = May 30 2006 16:49:35
* SEACAT PROFILER V3.1c SN 2997   05/30/06  16:48:18.445
* strain gauge pressure sensor: S/N = 184829,  range = 3000 psia,  tc = 40
# nquan = 9                                 
# nvalues = 1391                        
# units = specified
# name 0 = timeJ: Julian Days
# name 1 = prSM: Pressure, Strain Gauge [db]
# name 2 = c0mS/cm: Conductivity [mS/cm]
# name 3 = t090C: Temperature [ITS-90, deg C]
# name 4 = oxML/L: Oxygen, Beckman/YSI [ml/l]
# name 5 = depSM: Depth [salt water, m], lat = 47.5
# name 6 = sal00: Salinity, Practical [PSU]
# name 7 = sigma-é00: Density [sigma-theta, kg/m^3]
# name 8 = flag: flag
# span 0 = 150.691354, 150.699398       
# span 1 =     -5.391,     17.085       
# span 2 =   0.580921,  35.148993       
# span 3 =    12.2855,    15.1784       
# span 4 =  -14.42990,   33.25807       
# span 5 =     -5.346,     16.942       
# span 6 =     0.3521,    30.0652       
# span 7 =    -0.6407,    22.7075       
# span 8 = 0.0000e+00, 0.0000e+00       
# interval = seconds: 0.5
# start_time = May 30 2006 16:35:33 [Instrument's time stamp, header]
# bad_flag = -9.990e-29
*END*
[from data line 481]
 150.694138      1.099  32.228269    14.4256    7.24889      1.090    25.8339    19.0336 -9.990e-29
 150.694144      1.091  32.230718    14.4313    7.24272      1.082    25.8323    19.0312 -9.990e-29
 150.694149      1.088  32.234170    14.4401    7.24228      1.079    25.8295    19.0273 -9.990e-29
 150.694155      1.089  32.237630    14.4500    7.26391      1.080    25.8260    19.0226 -9.990e-29
 150.694161      1.095  32.240110    14.4593    7.26748      1.086    25.8220    19.0177 -9.990e-29
 150.694167      1.101  32.241560    14.4656    7.24522      1.092    25.8191    19.0143 -9.990e-29
 150.694172      1.104  32.241674    14.4676    7.22812      1.095    25.8179    19.0129 -9.990e-29
 150.694178      1.103  32.241170    14.4691    7.23489      1.094    25.8164    19.0115 -9.990e-29
 150.694184      1.099  32.242180    14.4731    7.24959      1.090    25.8147    19.0094 -9.990e-29
 150.694190      1.095  32.244931    14.4782    7.26318      1.086    25.8137    19.0076 -9.990e-29
 150.694196      1.097  32.248050    14.4821    7.25181      1.088    25.8139    19.0070 -9.990e-29
 150.694201      1.103  32.247850    14.4826    7.23927      1.094    25.8134    19.0065 -9.990e-29
 150.694207      1.114  32.242387    14.4795    7.24372      1.105    25.8106    19.0050 -9.990e-29
 150.694213      1.127  32.237832    14.4783    7.25549      1.118    25.8074    19.0027 -9.990e-29
 150.694219      1.139  32.238762    14.4819    7.26903      1.129    25.8058    19.0008 -9.990e-29
 150.694225      1.149  32.241933    14.4858    7.27567      1.139    25.8060    19.0002 -9.990e-29
 150.694230      1.154  32.243168    14.4855    7.26780      1.144    25.8073    19.0012 -9.990e-29
 150.694236      1.151  32.241313    14.4813    7.25867      1.141    25.8084    19.0030 -9.990e-29
 150.694242      1.143  32.238942    14.4756    7.25247      1.133    25.8101    19.0054 -9.990e-29
 150.694248      1.139  32.239063    14.4711    7.24973      1.129    25.8132    19.0087 -9.990e-29
 150.694253      1.142  32.241278    14.4682    7.24476      1.132    25.8171    19.0122 -9.990e-29
 150.694259      1.153  32.245178    14.4663    7.24415      1.143    25.8218    19.0162 -9.990e-29
 150.694265      1.172  32.249240    14.4658    7.25815      1.162    25.8257    19.0193 -9.990e-29
 150.694271      1.201  32.249911    14.4668    7.27143      1.191    25.8257    19.0191 -9.990e-29
 150.694277      1.242  32.248650    14.4682    7.27212      1.232    25.8236    19.0172 -9.990e-29
 150.694282      1.296  32.248820    14.4702    7.21506      1.285    25.8224    19.0159 -9.990e-29
 150.694288      1.363  32.250091    14.4732    7.12111      1.352    25.8215    19.0146 -9.990e-29
 150.694294      1.444  32.251356    14.4761    7.08882      1.432    25.8207    19.0134 -9.990e-29
 150.694300      1.547  32.252623    14.4781    7.09690      1.534    25.8205    19.0128 -9.990e-29
 150.694306      1.684  32.255025    14.4746    7.11286      1.670    25.8249    19.0169 0.0000e+00
 150.694311      1.863  32.258963    14.4527    7.10835      1.847    25.8428    19.0351 0.0000e+00
 150.694317      2.091  32.266327    14.3962    7.08142      2.074    25.8869    19.0801 0.0000e+00
 150.694323      2.365  32.294225    14.3095    7.04783      2.345    25.9696    19.1608 0.0000e+00
 150.694329      2.674  32.383778    14.2238    7.02023      2.652    26.1068    19.2831 0.0000e+00
 150.694334      3.006  32.537800    14.1598    7.00409      2.981    26.2874    19.4347 0.0000e+00
 150.694340      3.362  32.706057    14.1081    6.99209      3.334    26.4730    19.5877 0.0000e+00
 150.694346      3.743  32.874103    14.0569    6.97768      3.712    26.6587    19.7407 0.0000e+00
 150.694352      4.147  33.033371    14.0072    6.96891      4.112    26.8360    19.8869 0.0000e+00
 150.694358      4.574  33.151817    13.9622    6.93655      4.536    26.9738    20.0019 0.0000e+00
 150.694363      5.018  33.228162    13.9232    6.88691      4.976    27.0698    20.0834 0.0000e+00
 150.694369      5.463  33.278985    13.8906    6.80762      5.417    27.1385    20.1426 0.0000e+00
 150.694375      5.904  33.319350    13.8645    6.74057      5.855    27.1932    20.1899 0.0000e+00
 150.694381      6.342  33.357663    13.8457    6.68526      6.289    27.2409    20.2304 0.0000e+00
 150.694387      6.777  33.390626    13.8326    6.64355      6.720    27.2799    20.2629 0.0000e+00
 150.694392      7.206  33.416218    13.8193    6.58957      7.146    27.3123    20.2905 0.0000e+00
 150.694398      7.634  33.439968    13.7984    6.47381      7.570    27.3485    20.3225 0.0000e+00
 150.694404      8.072  33.468877    13.7656    6.32818      8.004    27.3979    20.3669 0.0000e+00
 150.694410      8.526  33.509534    13.7193    6.10364      8.455    27.4677    20.4297 0.0000e+00
 150.694416      8.991  33.569617    13.6589    5.83740      8.916    27.5654    20.5167 0.0000e+00
 150.694421      9.457  33.650748    13.5851    5.56331      9.378    27.6923    20.6288 0.0000e+00
 150.694427      9.925  33.752335    13.4911    5.32753      9.842    27.8531    20.7709 0.0000e+00
 150.694433     10.394  33.866296    13.3629    5.14574     10.307    28.0510    20.9482 0.0000e+00
 150.694439     10.864  33.984228    13.2014    5.02300     10.773    28.2786    21.1547 0.0000e+00
 150.694444     11.344  34.116469    13.0256    4.95531     11.249    28.5320    21.3837 0.0000e+00
 150.694450     11.838  34.262153    12.8536    4.93973     11.739    28.7973    21.6210 0.0000e+00
 150.694456     12.339  34.410854    12.7035    4.99535     12.236    29.0507    21.8450 0.0000e+00
 150.694462     12.841  34.550547    12.5922    5.07802     12.733    29.2676    22.0335 0.0000e+00
 150.694468     13.338  34.660561    12.5177    5.18738     13.226    29.4289    22.1721 0.0000e+00
 150.694473     13.821  34.741207    12.4644    5.28196     13.705    29.5465    22.2730 0.0000e+00
 150.694479     14.292  34.812522    12.4192    5.33850     14.172    29.6492    22.3609 0.0000e+00
 150.694485     14.747  34.892199    12.3791    5.38165     14.623    29.7560    22.4510 0.0000e+00
 150.694491     15.175  34.972635    12.3484    5.39095     15.048    29.8564    22.5344 0.0000e+00
 150.694497     15.575  35.029853    12.3270    5.39229     15.444    29.9275    22.5934 0.0000e+00
 150.694502     15.946  35.064435    12.3106    5.39162     15.812    29.9732    22.6319 0.0000e+00
 150.694508     16.286  35.091642    12.2973    5.37779     16.149    30.0095    22.6625 0.0000e+00
 150.694514     16.586  35.114662    12.2888    5.37896     16.447    30.0381    22.6862 0.0000e+00
 150.694520     16.828  35.129981    12.2856    5.37953     16.687    30.0551    22.6999 0.0000e+00
 150.694525     16.992  35.137830    12.2855    5.38901     16.849    30.0626    22.7057 -9.990e-29
 150.694531     17.076  35.141945    12.2870    5.40462     16.933    30.0652    22.7075 -9.990e-29
 150.694537     17.085  35.143888    12.2904    5.41030     16.942    30.0643    22.7062 -9.990e-29
 150.694543     17.020  35.144008    12.2959    5.41297     16.877    30.0601    22.7019 -9.990e-29
 150.694549     16.882  35.145833    12.3010    5.42336     16.740    30.0578    22.6992 0.0000e+00
 150.694554     16.673  35.148993    12.3038    5.42528     16.533    30.0586    22.6993 0.0000e+00
 150.694560     16.402  35.147613    12.3087    5.42989     16.264    30.0535    22.6944 0.0000e+00
 150.694566     16.082  35.136492    12.3216    5.43011     15.947    30.0327    22.6760 0.0000e+00
 150.694572     15.727  35.112584    12.3397    5.41125     15.595    29.9957    22.6439 0.0000e+00
 150.694578     15.349  35.081028    12.3555    5.38949     15.220    29.9533    22.6082 0.0000e+00
 150.694583     14.957  35.053030    12.3681    5.34624     14.832    29.9169    22.5777 0.0000e+00
 150.694589     14.556  35.026034    12.3817    5.30792     14.434    29.8807    22.5471 0.0000e+00
 150.694595     14.148  34.992092    12.3979    5.30465     14.029    29.8358    22.5094 0.0000e+00
 150.694601     13.735  34.954740    12.4138    5.31138     13.620    29.7881    22.4694 0.0000e+00
 150.694606     13.326  34.904556    12.4281    5.35741     13.214    29.7295    22.4214 0.0000e+00
 150.694612     12.930  34.845291    12.4445    5.44084     12.822    29.6607    22.3651 0.0000e+00
 150.694618     12.550  34.806156    12.4684    5.53905     12.445    29.6051    22.3176 0.0000e+00
 150.694624     12.184  34.777034    12.5089    5.61336     12.082    29.5459    22.2643 0.0000e+00
 150.694630     11.830  34.724147    12.5767    5.70403     11.731    29.4432    22.1722 0.0000e+00
 150.694635     11.492  34.639229    12.6723    5.73328     11.396    29.2891    22.0352 0.0000e+00
 150.694641     11.177  34.543078    12.7760    5.75307     11.083    29.1190    21.8843 0.0000e+00
 150.694647     10.900  34.458903    12.8584    5.81987     10.809    28.9773    21.7592 0.0000e+00
 150.694653     10.670  34.381027    12.8944    5.80137     10.581    28.8773    21.6752 0.0000e+00
 150.694659     10.483  34.329551    12.8853    5.85288     10.395    28.8364    21.6452 0.0000e+00
 150.694664     10.333  34.326692    12.8593    5.95799     10.247    28.8536    21.6634 -9.990e-29
 150.694670     10.211  34.329399    12.8367    6.01901     10.126    28.8734    21.6830 -9.990e-29
 150.694676     10.112  34.336793    12.8327    6.13820     10.027    28.8834    21.6914 -9.990e-29
 150.694682     10.034  34.335738    12.8610    6.29520      9.950    28.8608    21.6687 -9.990e-29
 150.694687      9.969  34.286696    12.9138    6.44603      9.886    28.7750    21.5924 -9.990e-29
 150.694693      9.913  34.245389    12.9682    6.55559      9.830    28.6954    21.5207 -9.990e-29
 150.694699      9.865  34.187585    13.0105    6.61156      9.782    28.6099    21.4466 -9.990e-29
 150.694705      9.823  34.071546    13.0542    6.67100      9.741    28.4695    21.3299 -9.990e-29
 150.694711      9.789  33.977488    13.1225    6.72273      9.707    28.3315    21.2104 -9.990e-29
 150.694716      9.765  33.919615    13.2177    6.74326      9.683    28.2074    21.0965 -9.990e-29
 150.694722      9.749  33.847681    13.3172    6.75656      9.667    28.0678    20.9698 -9.990e-29
 150.694728      9.740  33.772305    13.3882    6.76972      9.658    27.9465    20.8627 -9.990e-29
 150.694734      9.737  33.742695    13.4164    6.76679      9.656    27.8988    20.8204 -9.990e-29
 150.694740      9.742  33.749105    13.4258    6.73907      9.660    27.8978    20.8179 -9.990e-29
 150.694745      9.753  33.732260    13.4529    6.71577      9.671    27.8626    20.7855 -9.990e-29
 150.694751      9.767  33.688767    13.4976    6.70696      9.685    27.7903    20.7212 -9.990e-29
 150.694757      9.776  33.662107    13.5351    6.71118      9.694    27.7387    20.6742 -9.990e-29
 150.694763      9.777  33.658224    13.5569    6.69964      9.695    27.7194    20.6551 -9.990e-29
 150.694769      9.774  33.657376    13.5664    6.66488      9.692    27.7118    20.6474 -9.990e-29
 150.694774      9.776  33.657882    13.5673    6.63132      9.694    27.7116    20.6471 -9.990e-29
 150.694780      9.786  33.663785    13.5656    6.63062      9.704    27.7182    20.6525 -9.990e-29
 150.694786      9.802  33.669504    13.5675    6.65682      9.720    27.7220    20.6551 -9.990e-29
 150.694792      9.816  33.670331    13.5699    6.65007      9.734    27.7210    20.6539 -9.990e-29
 150.694797      9.824  33.670171    13.5626    6.64098      9.742    27.7262    20.6593 -9.990e-29
 150.694803      9.826  33.670495    13.5404    6.64827      9.744    27.7425    20.6762 -9.990e-29
 150.694809      9.824  33.672301    13.5142    6.66580      9.742    27.7632    20.6971 -9.990e-29
 150.694815      9.820  33.675193    13.5048    6.67077      9.738    27.7727    20.7062 -9.990e-29
 150.694821      9.820  33.671813    13.5162    6.65830      9.738    27.7613    20.6953 -9.990e-29
 150.694826      9.818  33.663259    13.5307    6.63937      9.736    27.7430    20.6783 -9.990e-29
 150.694832      9.815  33.662231    13.5326    6.62801      9.733    27.7407    20.6762 -9.990e-29
 150.694838      9.820  33.669607    13.5288    6.64485      9.738    27.7501    20.6842 -9.990e-29
 150.694844      9.836  33.671682    13.5343    6.65119      9.754    27.7480    20.6816 -9.990e-29
 150.694850      9.860  33.666178    13.5482    6.66431      9.777    27.7329    20.6672 -9.990e-29
 150.694855      9.881  33.663696    13.5615    6.67871      9.798    27.7210    20.6555 -9.990e-29
 150.694861      9.884  33.665973    13.5708    6.68418      9.801    27.7164    20.6501 -9.990e-29
 150.694867      9.864  33.667073    13.5773    6.68830      9.781    27.7127    20.6460 -9.990e-29
 150.694873      9.838  33.664535    13.5837    6.68330      9.756    27.7058    20.6395 -9.990e-29
 150.694878      9.819  33.660014    13.5907    6.68590      9.737    27.6966    20.6310 -9.990e-29
 150.694884      9.813  33.658129    13.5949    6.69723      9.731    27.6918    20.6266 -9.990e-29
 150.694890      9.813  33.660847    13.5953    6.70167      9.731    27.6940    20.6282 -9.990e-29
 150.694896      9.816  33.661694    13.5943    6.71281      9.734    27.6955    20.6295 -9.990e-29
 150.694902      9.821  33.657308    13.5918    6.72631      9.739    27.6933    20.6283 -9.990e-29
 150.694907      9.826  33.652488    13.5864    6.72821      9.744    27.6928    20.6290 -9.990e-29
 150.694913      9.825  33.649208    13.5798    6.72842      9.743    27.6946    20.6316 -9.990e-29
 150.694919      9.819  33.646453    13.5774    6.73375      9.737    27.6938    20.6315 -9.990e-29
 150.694925      9.808  33.644467    13.5784    6.73393      9.726    27.6913    20.6293 -9.990e-29
 150.694931      9.795  33.644518    13.5775    6.74266      9.713    27.6920    20.6300 -9.990e-29
 150.694936      9.783  33.644983    13.5751    6.74318      9.701    27.6942    20.6322 -9.990e-29
 150.694942      9.772  33.643114    13.5744    6.72754      9.690    27.6930    20.6314 -9.990e-29
 150.694948      9.766  33.640897    13.5786    6.70261      9.684    27.6879    20.6267 -9.990e-29
 150.694954      9.768  33.640415    13.5886    6.67830      9.686    27.6803    20.6188 -9.990e-29
 150.694959      9.778  33.641578    13.5998    6.68377      9.696    27.6732    20.6113 -9.990e-29
 150.694965      9.793  33.644252    13.6070    6.70653      9.711    27.6705    20.6077 -9.990e-29
 150.694971      9.805  33.648633    13.6088    6.71954      9.723    27.6731    20.6095 -9.990e-29
 150.694977      9.810  33.652147    13.6060    6.72358      9.728    27.6784    20.6140 -9.990e-29
 150.694983      9.810  33.649943    13.5996    6.70970      9.728    27.6810    20.6173 -9.990e-29
 150.694988      9.803  33.645805    13.5931    6.68875      9.721    27.6819    20.6192 -9.990e-29
 150.694994      9.794  33.645420    13.5929    6.67717      9.712    27.6817    20.6191 -9.990e-29
 150.695000      9.791  33.646025    13.5998    6.67758      9.709    27.6773    20.6144 -9.990e-29
 150.695006      9.798  33.646739    13.6066    6.69116      9.716    27.6730    20.6098 -9.990e-29
 150.695012      9.811  33.651868    13.6079    6.70092      9.729    27.6767    20.6124 -9.990e-29
 150.695017      9.821  33.659278    13.6053    6.71061      9.739    27.6854    20.6196 -9.990e-29
 150.695023      9.827  33.660342    13.6036    6.71067      9.745    27.6876    20.6216 -9.990e-29
 150.695029      9.828  33.654229    13.6040    6.70014      9.746    27.6817    20.6170 -9.990e-29
 150.695035      9.823  33.648478    13.6044    6.69609      9.741    27.6762    20.6127 -9.990e-29
 150.695041      9.818  33.647187    13.6047    6.69324      9.736    27.6748    20.6115 -9.990e-29
 150.695046      9.815  33.648069    13.6052    6.70209      9.733    27.6752    20.6118 -9.990e-29
 150.695052      9.816  33.650051    13.6054    6.71211      9.734    27.6769    20.6130 -9.990e-29
