data/oxygen options/OCNMS/OCNMS1/raw_data/2006/CTD_CA042_071806faed.cnv
* Sea-Bird SBE19 Data File:
* FileName = C:\MOORING_DATA_2006\CTD_CA042_071806.hex
* Software Version 1.1.8
* Temperature SN = 2997
* Conductivity SN = 2997
* System UpLoad Time = Jul 18 2006 11:00:32
* SEACAT PROFILER V3.1c SN 2997   07/18/06  10:59:29.065
* strain gauge pressure sensor: S/N = 184829,  range = 3000 psia,  tc = 40
# nquan = 9                                 
# nvalues = 1712                        
# units = specified
# name 0 = timeJ: Julian Days
# name 1 = prSM: Pressure, Strain Gauge [db]
# name 2 = c0mS/cm: Conductivity [mS/cm]
# name 3 = t090C: Temperature [ITS-90, deg C]
# name 4 = oxML/L: Oxygen, Beckman/YSI [ml/l]
# name 5 = depSM: Depth [salt water, m], lat = 47.5
# name 6 = sal00: Salinity, Practical [PSU]
# name 7 = sigma-é00: Density [sigma-theta, kg/m^3]
# name 8 = flag: flag
# span 0 = 199.445891, 199.455793       
# span 1 =     -5.144,     40.211       
# span 2 =   0.024798,  36.650290       
# span 3 =     8.1118,    13.3550       
# span 4 =   -5.52971,   38.43300       
# span 5 =     -5.101,     39.872       
# span 6 =     0.0187,    33.3738       
# span 7 =    -0.6509,    25.9808       
# span 8 = 0.0000e+00, 0.0000e+00       
# interval = seconds: 0.5
# start_time = Jul 18 2006 10:42:05 [Instrument's time stamp, header]
# bad_flag = -9.990e-29
*END*
 199.445891     -5.144 -9.990e-29    13.3550   -0.05960     -5.101 -9.990e-29 -9.990e-29 -9.990e-29
 199.445897     -5.136   0.024798    13.3437   -0.06038     -5.093     0.0187    -0.6509 -9.990e-29
 199.445903     -5.121   0.026639    13.3267   -0.06056     -5.078     0.0197    -0.6479 -9.990e-29
 199.445909     -5.095   0.032161    13.3079   -0.06051     -5.053     0.0228    -0.6431 -9.990e-29
 199.445914     -5.059   0.048728    13.2897   -0.06095     -5.017     0.0322    -0.6333 -9.990e-29
 199.445920     -5.016   0.098427    13.2721   -0.06060     -4.974     0.0616    -0.6081 -9.990e-29
 199.445926     -4.964   0.247524    13.2482   -0.06080     -4.923     0.1537    -0.5332 -9.990e-29
 199.445932     -4.902   0.694817    13.1882   -0.06116     -4.861     0.4445    -0.2990 -9.990e-29
 199.445938     -4.832   2.036693    13.0109   -0.06111     -4.792     1.3752     0.4469 -9.990e-29
 199.445943     -4.744   6.062322    12.6691   -0.06125     -4.704     4.4166     2.8459 -9.990e-29
 199.445949     -4.634  15.179600    12.2977   -0.06113     -4.595    11.9862     8.7396 -9.990e-29
 199.445955     -4.511  26.398345    12.0669   -0.06105     -4.473    22.0592    16.5514 -9.990e-29
 199.445961     -4.393  33.228346    11.9719   -0.06103     -4.356    28.5028    21.5537 -9.990e-29
 199.445966     -4.277  35.475380    11.9182   -0.06126     -4.241    30.6916    23.2600 -9.990e-29
 199.445972     -4.146  36.074867    11.8392   -0.06127     -4.111    31.3345    23.7732 -9.990e-29
 199.445978     -4.010  36.190154    11.7112   -0.06118     -3.977    31.5543    23.9670 -9.990e-29
 199.445984     -3.882  36.390602    11.5828   -0.06106     -3.850    31.8586    24.2266 -9.990e-29
 199.445990     -3.766  36.588959    11.5163   -0.06114     -3.735    32.1093    24.4333 -9.990e-29
 199.445995     -3.676  36.650290    11.5071   -0.06144     -3.645    32.1771    24.4877 -9.990e-29
 199.446001     -3.615  36.631655    11.5239   -0.06176     -3.585    32.1443    24.4591 -9.990e-29
 199.446007     -3.567  36.573827    11.5328   -0.06176     -3.537    32.0802    24.4077 -9.990e-29
 199.446013     -3.518  36.559581    11.5053   -0.06157     -3.489    32.0901    24.4204 -9.990e-29
 199.446019     -3.468  36.603584    11.4588   -0.06143     -3.439    32.1734    24.4935 -9.990e-29
 199.446024     -3.412  36.641096    11.4462   -0.06133     -3.384    32.2211    24.5328 -9.990e-29
 199.446030     -3.355  36.644708    11.4766   -0.06128     -3.327    32.1981    24.5095 -9.990e-29
 199.446036     -3.306  36.622026    11.4906   -0.06151     -3.278    32.1637    24.4802 -9.990e-29
 199.446042     -3.263  36.582628    11.4239   -0.06153     -3.236    32.1832    24.5074 -9.990e-29
 199.446047     -3.219  36.551969    11.2819   -0.06143     -3.192    32.2772    24.6059 -9.990e-29
 199.446053     -3.175  36.555371    11.1578   -0.06133     -3.149    32.3894    24.7153 -9.990e-29
 199.446059     -3.136  36.583330    11.1411   -0.06128     -3.110    32.4317    24.7511 -9.990e-29
 199.446065     -3.105  36.590066    11.2175   -0.06141     -3.079    32.3711    24.6904 -9.990e-29
 199.446071     -3.074  36.542452    11.3044   -0.06194     -3.048    32.2481    24.5793 -9.990e-29
 199.446076     -3.035  36.467314    11.3501   -0.06236     -3.010    32.1345    24.4828 -9.990e-29
 199.446082     -2.980  36.434461    11.3424   -0.06254     -2.955    32.1090    24.4644 -9.990e-29
 199.446088     -2.909  36.463496    11.3037   -0.06248     -2.885    32.1712    24.5196 -9.990e-29
 199.446094     -2.832  36.502263    11.2929   -0.06231     -2.808    32.2186    24.5584 -9.990e-29
 199.446100     -2.760  36.511568    11.3311   -0.06222     -2.737    32.1943    24.5327 -9.990e-29
 199.446105     -2.697  36.490897    11.3739   -0.06223     -2.675    32.1368    24.4803 -9.990e-29
 199.446111     -2.635  36.443534    11.3639   -0.06221     -2.613    32.0991    24.4528 -9.990e-29
 199.446117     -2.562  36.388797    11.2555   -0.06207     -2.541    32.1397    24.5038 -9.990e-29
 199.446123     -2.468  36.330567    11.0427   -0.06200     -2.447    32.2686    24.6417 -9.990e-29
 199.446128     -2.361  36.241690    10.8181   -0.06222     -2.341    32.3786    24.7666 -9.990e-29
 199.446134     -2.254  36.182581    10.6914   -0.06270     -2.235    32.4320    24.8302 -9.990e-29
 199.446140     -2.155  36.186565    10.6665   -0.06286     -2.137    32.4581    24.8548 -9.990e-29
 199.446146     -2.065  36.191029    10.6926   -0.06291     -2.048    32.4393    24.8356 -9.990e-29
 199.446152     -1.987  36.223782    10.7336   -0.06277     -1.970    32.4355    24.8256 -9.990e-29
 199.446157     -1.925  36.294836    10.7808   -0.06259     -1.909    32.4643    24.8398 -9.990e-29
 199.446163     -1.879  36.323359    10.8396   -0.06239     -1.863    32.4404    24.8110 -9.990e-29
 199.446169     -1.842  36.268854    10.8882   -0.06240     -1.827    32.3433    24.7270 -9.990e-29
 199.446175     -1.803  36.173084    10.8747   -0.06250     -1.788    32.2603    24.6647 -9.990e-29
 199.446181     -1.755  36.109182    10.7536   -0.06267     -1.740    32.3036    24.7195 -9.990e-29
 199.446186     -1.700  36.076657    10.5683   -0.06282     -1.686    32.4355    24.8541 -9.990e-29
 199.446192     -1.646  36.069725    10.4462   -0.06283     -1.632    32.5375    24.9544 -9.990e-29
 199.446198     -1.608  36.104354    10.4421   -0.06274     -1.595    32.5758    24.9851 -9.990e-29
 199.446204     -1.591  36.093168    10.5123   -0.06267     -1.578    32.5019    24.9154 -9.990e-29
 199.446209     -1.586  35.995420    10.6023   -0.06258     -1.573    32.3241    24.7615 -9.990e-29
 199.446215     -1.576  35.913004    10.6634   -0.06257     -1.563    32.1879    24.6449 -9.990e-29
 199.446221     -1.551  35.908249    10.6640   -0.06261     -1.538    32.1826    24.6407 -9.990e-29
 199.446227     -1.514  35.955760    10.6085   -0.06271     -1.501    32.2790    24.7253 -9.990e-29
 199.446233     -1.471  36.005592    10.5262   -0.06269     -1.459    32.4018    24.8351 -9.990e-29
 199.446238     -1.429  36.035561    10.4591   -0.06261     -1.417    32.4916    24.9165 -9.990e-29
 199.446244     -1.392  36.052514    10.4429   -0.06263     -1.380    32.5230    24.9438 -9.990e-29
 199.446250     -1.368  36.060523    10.4803   -0.06285     -1.357    32.4976    24.9176 -9.990e-29
 199.446256     -1.358  36.052862    10.5406   -0.06300     -1.347    32.4362    24.8594 -9.990e-29
 199.446262     -1.359  36.010893    10.5847   -0.06299     -1.348    32.3551    24.7886 -9.990e-29
 199.446267     -1.356  35.948781    10.5889   -0.06295     -1.345    32.2893    24.7367 -9.990e-29
 199.446273     -1.342  35.918342    10.5601   -0.06282     -1.331    32.2844    24.7378 -9.990e-29
 199.446279     -1.320  35.943500    10.5353   -0.06268     -1.309    32.3315    24.7788 -9.990e-29
 199.446285     -1.297  35.989366    10.5417   -0.06259     -1.286    32.3717    24.8090 -9.990e-29
 199.446291     -1.276  35.995926    10.5550   -0.06260     -1.265    32.3664    24.8026 -9.990e-29
 199.446296     -1.252  35.953406    10.5221   -0.06271     -1.242    32.3531    24.7979 -9.990e-29
 199.446302     -1.222  35.905519    10.4358   -0.06273     -1.212    32.3819    24.8350 -9.990e-29
 199.446308     -1.193  35.893309    10.3561   -0.06261     -1.183    32.4407    24.8944 -9.990e-29
 199.446314     -1.168  35.926852    10.3340   -0.06258     -1.158    32.4942    24.9398 -9.990e-29
 199.446319     -1.149  35.972881    10.3692   -0.06257     -1.139    32.5089    24.9453 -9.990e-29
 199.446325     -1.141  35.988416    10.4441   -0.06263     -1.131    32.4576    24.8926 -9.990e-29
 199.446331     -1.136  35.967802    10.5248   -0.06265     -1.127    32.3651    24.8067 -9.990e-29
 199.446337     -1.133  35.923945    10.5710   -0.06261     -1.124    32.2803    24.7327 -9.990e-29
 199.446343     -1.124  35.887568    10.5700   -0.06260     -1.115    32.2448    24.7053 -9.990e-29
 199.446348     -1.107  35.889830    10.5475   -0.06263     -1.098    32.2670    24.7264 -9.990e-29
 199.446354     -1.084  35.917487    10.5499   -0.06261     -1.075    32.2925    24.7459 -9.990e-29
 199.446360     -1.061  35.940101    10.5827   -0.06254     -1.052    32.2860    24.7352 -9.990e-29
 199.446366     -1.043  35.933963    10.6062   -0.06258     -1.034    32.2591    24.7102 -9.990e-29
 199.446372     -1.024  35.907153    10.6012   -0.06268     -1.015    32.2367    24.6937 -9.990e-29
 199.446377     -0.997  35.900773    10.5857   -0.06284     -0.989    32.2441    24.7020 -9.990e-29
 199.446383     -0.966  35.923708    10.5815   -0.06289     -0.958    32.2707    24.7235 -9.990e-29
 199.446389     -0.937  35.939223    10.5859   -0.06276     -0.929    32.2823    24.7317 -9.990e-29
 199.446395     -0.913  35.933783    10.5853   -0.06269     -0.905    32.2773    24.7280 -9.990e-29
 199.446400     -0.892  35.935467    10.5851   -0.06265     -0.885    32.2792    24.7295 -9.990e-29
 199.446406     -0.873  35.952689    10.5984   -0.06262     -0.866    32.2846    24.7314 -9.990e-29
 199.446412     -0.854  35.959610    10.6112   -0.06268     -0.847    32.2802    24.7258 -9.990e-29
 199.446418     -0.835  35.942455    10.5916   -0.06268     -0.828    32.2804    24.7293 -9.990e-29
 199.446424     -0.814  35.915934    10.5338   16.40444     -0.807    32.3051    24.7585 -9.990e-29
 199.446429     -0.794  35.905265    10.4717   35.23442     -0.787    32.3495    24.8037 -9.990e-29
 199.446435     -0.782  35.919775    10.4546   38.43300     -0.775    32.3793    24.8298 -9.990e-29
 199.446441     -0.782  35.937287    10.4921   34.97959     -0.775    32.3635    24.8111 -9.990e-29
 199.446447     -0.790  35.929530    10.5422   24.39789     -0.783    32.3112    24.7618 -9.990e-29
 199.446453     -0.793  35.891200    10.5714   17.72042     -0.786    32.2471    24.7068 -9.990e-29
 199.446458     -0.778  35.853655    10.5778   17.82361     -0.772    32.2039    24.6721 -9.990e-29
 199.446464     -0.750  35.852663    10.5736   14.50497     -0.744    32.2066    24.6750 -9.990e-29
 199.446470     -0.719  35.869516    10.5763    1.06256     -0.713    32.2211    24.6857 -9.990e-29
 199.446476     -0.687  35.866103    10.5866   -4.42518     -0.681    32.2085    24.6742 -9.990e-29
 199.446481     -0.656  35.832256    10.5914   -5.52971     -0.651    32.1705    24.6438 -9.990e-29
 199.446487     -0.630  35.783422    10.5862   -2.46804     -0.625    32.1264    24.6103 -9.990e-29
 199.446493     -0.605  35.754325    10.5732    2.98452     -0.600    32.1088    24.5988 -9.990e-29
 199.446499     -0.582  35.748796    10.5554    3.81613     -0.577    32.1189    24.6097 -9.990e-29
 199.446505     -0.561  35.740390    10.5403    4.09729     -0.556    32.1238    24.6161 -9.990e-29
 199.446510     -0.547  35.728549    10.5352    4.27065     -0.542    32.1165    24.6113 -9.990e-29
 199.446516     -0.539  35.727769    10.5371    4.37427     -0.535    32.1140    24.6091 -9.990e-29
 199.446522     -0.540  35.734759    10.5428    4.45909     -0.535    32.1160    24.6096 -9.990e-29
 199.446528     -0.550  35.740888    10.5490    4.50911     -0.545    32.1167    24.6091 -9.990e-29
 199.446534     -0.557  35.746473    10.5419    4.56010     -0.552    32.1285    24.6195 -9.990e-29
 199.446539     -0.549  35.741009    10.5091    4.56146     -0.544    32.1520    24.6434 -9.990e-29
 199.446545     -0.525  35.710483    10.4606    4.57937     -0.521    32.1643    24.6612 -9.990e-29
 199.446551     -0.497  35.666913    10.4325    4.60981     -0.493    32.1455    24.6513 -9.990e-29
 199.446557     -0.476  35.645302    10.4420    4.64839     -0.472    32.1154    24.6263 -9.990e-29
 199.446563     -0.459  35.657767    10.4629    4.67532     -0.455    32.1094    24.6181 -9.990e-29
 199.446568     -0.439  35.679411    10.4701    4.69637     -0.435    32.1247    24.6288 -9.990e-29
 199.446574     -0.408  35.686935    10.4624    4.69018     -0.405    32.1391    24.6413 -9.990e-29
 199.446580     -0.370  35.671863    10.4533    4.65992     -0.367    32.1320    24.6373 -9.990e-29
 199.446586     -0.334  35.655045    10.4553    4.63309     -0.331    32.1134    24.6225 -9.990e-29
 199.446591     -0.308  35.663406    10.4667    4.64049     -0.305    32.1117    24.6192 -9.990e-29
 199.446597     -0.289  35.685091    10.4747    4.62283     -0.287    32.1263    24.6293 -9.990e-29
 199.446603     -0.276  35.697971    10.4706    4.61108     -0.274    32.1428    24.6428 -9.990e-29
 199.446609     -0.264  35.690615    10.4557    4.58271     -0.262    32.1486    24.6499 -9.990e-29
 199.446615     -0.248  35.658466    10.4288    4.56302     -0.246    32.1402    24.6478 -9.990e-29
 199.446620     -0.232  35.616464    10.3989    4.56933     -0.230    32.1245    24.6407 -9.990e-29
 199.446626     -0.222  35.594600    10.3920    4.57274     -0.220    32.1087    24.6295 -9.990e-29
 199.446632     -0.219  35.605743    10.4064    4.57466     -0.217    32.1071    24.6259 -9.990e-29
 199.446638     -0.213  35.625086    10.4112    4.56876     -0.211    32.1223    24.6369 -9.990e-29
 199.446644     -0.200  35.630180    10.3932    4.57072     -0.198    32.1433    24.6563 -9.990e-29
 199.446649     -0.180  35.622212    10.3655    4.58464     -0.178    32.1598    24.6738 -9.990e-29
 199.446655     -0.154  35.607943    10.3484    4.60468     -0.153    32.1606    24.6774 -9.990e-29
 199.446661     -0.130  35.603673    10.3523    4.61190     -0.129    32.1528    24.6707 -9.990e-29
 199.446667     -0.115  35.614914    10.3692    4.61575     -0.114    32.1491    24.6649 -9.990e-29
 199.446672     -0.112  35.625799    10.3878    4.60650     -0.111    32.1436    24.6575 -9.990e-29
 199.446678     -0.117  35.630646    10.4048    4.60453     -0.116    32.1334    24.6467 -9.990e-29
 199.446684     -0.126  35.637040    10.4191    4.59757     -0.125    32.1272    24.6394 -9.990e-29
 199.446690     -0.135  35.648458    10.4277    4.58894     -0.134    32.1311    24.6409 -9.990e-29
 199.446696     -0.137  35.657688    10.4259    4.60174     -0.136    32.1419    24.6497 -9.990e-29
 199.446701     -0.126  35.650676    10.4162    4.60179     -0.125    32.1434    24.6525 -9.990e-29
 199.446707     -0.107  35.629850    10.4098    4.59908     -0.106    32.1282    24.6418 -9.990e-29
 199.446713     -0.087  35.617915    10.4106    4.59715     -0.086    32.1156    24.6318 -9.990e-29
 199.446719     -0.069  35.625311    10.4103    4.58474     -0.068    32.1232    24.6378 -9.990e-29
 199.446725     -0.052  35.635534    10.4023    4.57080     -0.052    32.1405    24.6526 -9.990e-29
 199.446730     -0.034  35.638095    10.3908    4.56508     -0.034    32.1533    24.6645 -9.990e-29
 199.446736     -0.015  35.641452    10.3836    4.55164     -0.015    32.1630    24.6733 -9.990e-29
 199.446742      0.006  35.645588    10.3795    4.54847      0.006    32.1707    24.6800 -9.990e-29
 199.446748      0.032  35.642550    10.3706    4.54990      0.032    32.1756    24.6853 -9.990e-29
 199.446753      0.059  35.624357    10.3541    4.55409      0.059    32.1719    24.6852 -9.990e-29
 199.446759      0.080  35.595914    10.3406    4.55385      0.079    32.1553    24.6746 -9.990e-29
 199.446765      0.093  35.584352    10.3413    4.55958      0.092    32.1431    24.6649 -9.990e-29
 199.446771      0.098  35.596684    10.3510    4.55761      0.097    32.1469    24.6662 -9.990e-29
 199.446777      0.101  35.611203    10.3585    4.55344      0.100    32.1548    24.6712 -9.990e-29
 199.446782      0.108  35.618102    10.3591    4.56023      0.107    32.1612    24.6760 -9.990e-29
 199.446788      0.127  35.619285    10.3534    4.56048      0.126    32.1674    24.6819 -9.990e-29
 199.446794      0.152  35.613524    10.3455    4.54138      0.151    32.1686    24.6841 -9.990e-29
 199.446800      0.179  35.606594    10.3418    4.51907      0.178    32.1649    24.6819 -9.990e-29
 199.446806      0.198  35.607197    10.3430    4.47083      0.196    32.1645    24.6813 -9.990e-29
 199.446811      0.208  35.609961    10.3424    4.44655      0.206    32.1678    24.6840 -9.990e-29
