data/oxygen options/OCNMS/OCNMS1/raw_data/2006/CTD_TH065_053106faed.cnv
* Sea-Bird SBE19 Data File:
* FileName = C:\MOORING_DATA_2006\CTD_TH065_053106.hex
* Software Version 1.1.6
* Temperature SN = 2997
* Conductivity SN = 2997
* System UpLoad Time = May 31 2006 12:58:31
* SEACAT PROFILER V3.1c SN 2997   05/31/06  12:57:49.289
* strain gauge pressure sensor: S/N = 184829,  range = 3000 psia,  tc = 40
# nquan = 9                                 
# nvalues = 736                         
# units = specified
# name 0 = timeJ: Julian Days
# name 1 = prSM: Pressure, Strain Gauge [db]
# name 2 = c0mS/cm: Conductivity [mS/cm]
# name 3 = t090C: Temperature [ITS-90, deg C]
# name 4 = oxML/L: Oxygen, Beckman/YSI [ml/l]
# name 5 = depSM: Depth [salt water, m], lat = 47.5
# name 6 = sal00: Salinity, Practical [PSU]
# name 7 = sigma-é00: Density [sigma-theta, kg/m^3]
# name 8 = flag: flag
# span 0 = 151.535266, 151.539520       
# span 1 =     -4.789,     63.765       
# span 2 =   0.398877,  36.601458       
# span 3 =     7.9000,    15.6901       
# span 4 =   -0.06767,   31.58433       
# span 5 =     -4.749,     63.223       
# span 6 =     0.2387,    33.7405       
# span 7 =    -0.7393,    26.2988       
# span 8 = 0.0000e+00, 0.0000e+00       
# interval = seconds: 0.5
# start_time = May 31 2006 12:50:47 [Instrument's time stamp, header]
# bad_flag = -9.990e-29
*END*
[from data line 161]
 151.536198     -0.272  33.673377    15.5041    6.89172     -0.270    26.3818    19.2354 -9.990e-29
 151.536204     -0.275  33.679660    15.5068    6.90061     -0.273    26.3854    19.2376 -9.990e-29
 151.536209     -0.275  33.683995    15.5036    6.92044     -0.273    26.3913    19.2428 -9.990e-29
 151.536215     -0.271  33.681522    15.4934    6.92528     -0.269    26.3960    19.2485 -9.990e-29
 151.536221     -0.268  33.673998    15.4837    6.91897     -0.266    26.3960    19.2505 -9.990e-29
 151.536227     -0.271  33.669903    15.4841    6.90679     -0.269    26.3921    19.2475 -9.990e-29
 151.536233     -0.274  33.674998    15.4919    6.89707     -0.272    26.3914    19.2453 -9.990e-29
 151.536238     -0.269  33.683190    15.4988    6.90326     -0.267    26.3938    19.2458 -9.990e-29
 151.536244     -0.252  33.691958    15.5036    6.91473     -0.250    26.3982    19.2481 -9.990e-29
 151.536250     -0.227  33.704593    15.5082    6.88925     -0.225    26.4061    19.2532 -9.990e-29
 151.536256     -0.199  33.714407    15.5119    6.84772     -0.197    26.4121    19.2570 -9.990e-29
 151.536262     -0.176  33.712630    15.5148    6.85547     -0.175    26.4086    19.2538 -9.990e-29
 151.536267     -0.165  33.706435    15.5185    6.86980     -0.164    26.4008    19.2470 -9.990e-29
 151.536273     -0.165  33.704952    15.5214    6.91665     -0.164    26.3976    19.2439 -9.990e-29
 151.536279     -0.164  33.703969    15.5186    6.92330     -0.163    26.3986    19.2453 -9.990e-29
 151.536285     -0.152  33.695460    15.5031    6.90727     -0.151    26.4016    19.2508 -9.990e-29
 151.536291     -0.134  33.669774    15.4789    6.89175     -0.133    26.3955    19.2512 -9.990e-29
 151.536296     -0.116  33.638644    15.4660    6.88911     -0.115    26.3771    19.2397 -9.990e-29
 151.536302     -0.102  33.631770    15.4720    6.90150     -0.101    26.3671    19.2308 -9.990e-29
 151.536308     -0.091  33.647281    15.4836    6.91775     -0.090    26.3728    19.2328 -9.990e-29
 151.536314     -0.078  33.667181    15.4889    6.93015     -0.077    26.3865    19.2422 -9.990e-29
 151.536319     -0.058  33.677091    15.4906    6.91950     -0.058    26.3940    19.2476 -9.990e-29
 151.536325     -0.037  33.672298    15.4968    6.89367     -0.037    26.3857    19.2399 -9.990e-29
 151.536331     -0.025  33.666604    15.5074    6.88624     -0.025    26.3736    19.2285 -9.990e-29
 151.536337     -0.014  33.670365    15.5141    6.88655     -0.014    26.3724    19.2261 -9.990e-29
 151.536343     -0.001  33.679636    15.5123    6.89821     -0.001    26.3817    19.2336 -9.990e-29
 151.536348      0.016  33.687170    15.5083    6.90489      0.016    26.3909    19.2415 -9.990e-29
 151.536354      0.033  33.692933    15.5048    6.90269      0.033    26.3982    19.2478 -9.990e-29
 151.536360      0.042  33.692843    15.5014    6.90608      0.042    26.4004    19.2502 -9.990e-29
 151.536366      0.041  33.688472    15.5048    6.89807      0.041    26.3943    19.2449 -9.990e-29
 151.536372      0.033  33.691379    15.5143    6.88933      0.033    26.3905    19.2399 -9.990e-29
 151.536377      0.027  33.699844    15.5221    6.87676      0.027    26.3926    19.2400 -9.990e-29
 151.536383      0.026  33.705542    15.5263    6.87713      0.026    26.3947    19.2407 -9.990e-29
 151.536389      0.030  33.709355    15.5283    6.87686      0.030    26.3967    19.2418 -9.990e-29
 151.536395      0.039  33.713577    15.5296    6.89143      0.039    26.3995    19.2437 -9.990e-29
 151.536400      0.055  33.716559    15.5304    6.89959      0.055    26.4015    19.2451 -9.990e-29
 151.536406      0.073  33.718363    15.5303    6.89309      0.072    26.4032    19.2463 -9.990e-29
 151.536412      0.086  33.719159    15.5305    6.87147      0.085    26.4037    19.2467 -9.990e-29
 151.536418      0.096  33.718900    15.5326    6.85646      0.095    26.4021    19.2450 -9.990e-29
 151.536424      0.107  33.720053    15.5370    6.86254      0.106    26.4001    19.2426 -9.990e-29
 151.536429      0.116  33.724166    15.5436    6.87082      0.115    26.3993    19.2406 -9.990e-29
 151.536435      0.123  33.731686    15.5527    6.86619      0.122    26.3997    19.2390 -9.990e-29
 151.536441      0.132  33.739757    15.5616    6.85678      0.131    26.4008    19.2379 -9.990e-29
 151.536447      0.141  33.738406    15.5664    6.85448      0.140    26.3964    19.2336 -9.990e-29
 151.536453      0.145  33.726406    15.5670    6.86552      0.144    26.3856    19.2252 -9.990e-29
 151.536458      0.144  33.718602    15.5651    6.88654      0.143    26.3801    19.2214 -9.990e-29
 151.536464      0.144  33.721980    15.5614    6.89345      0.143    26.3855    19.2263 -9.990e-29
 151.536470      0.148  33.725915    15.5545    6.89003      0.147    26.3935    19.2339 -9.990e-29
 151.536476      0.152  33.719408    15.5469    6.88517      0.151    26.3930    19.2350 -9.990e-29
 151.536481      0.156  33.706685    15.5442    6.87215      0.155    26.3837    19.2285 -9.990e-29
 151.536487      0.165  33.701065    15.5451    6.86898      0.164    26.3783    19.2241 -9.990e-29
 151.536493      0.176  33.703473    15.5430    6.86790      0.175    26.3817    19.2273 -9.990e-29
 151.536499      0.184  33.708161    15.5377    6.87632      0.182    26.3893    19.2342 -9.990e-29
 151.536505      0.190  33.714660    15.5346    6.88726      0.188    26.3970    19.2407 -9.990e-29
 151.536510      0.195  33.720434    15.5354    6.88716      0.193    26.4015    19.2440 -9.990e-29
 151.536516      0.199  33.721416    15.5381    6.89345      0.197    26.4006    19.2427 -9.990e-29
 151.536522      0.202  33.717244    15.5399    6.89583      0.200    26.3957    19.2386 -9.990e-29
 151.536528      0.204  33.710775    15.5402    6.89617      0.202    26.3899    19.2341 -9.990e-29
 151.536534      0.206  33.707970    15.5425    6.88025      0.204    26.3860    19.2306 -9.990e-29
 151.536539      0.207  33.712949    15.5481    6.87079      0.205    26.3865    19.2299 -9.990e-29
 151.536545      0.212  33.720587    15.5521    6.86704      0.210    26.3905    19.2320 -9.990e-29
 151.536551      0.226  33.724820    15.5532    6.86087      0.224    26.3934    19.2341 -9.990e-29
 151.536557      0.244  33.730744    15.5550    6.87031      0.242    26.3973    19.2367 -9.990e-29
 151.536563      0.261  33.740661    15.5572    6.87142      0.259    26.4044    19.2417 -9.990e-29
 151.536568      0.272  33.745378    15.5580    6.85992      0.270    26.4080    19.2442 -9.990e-29
 151.536574      0.282  33.743345    15.5581    6.85955      0.280    26.4062    19.2428 -9.990e-29
 151.536580      0.297  33.740834    15.5583    6.86137      0.295    26.4039    19.2410 -9.990e-29
 151.536586      0.313  33.739552    15.5592    6.87350      0.310    26.4021    19.2395 -9.990e-29
 151.536591      0.322  33.738919    15.5598    6.88449      0.319    26.4012    19.2386 -9.990e-29
 151.536597      0.326  33.738102    15.5578    6.89567      0.323    26.4018    19.2395 -9.990e-29
 151.536603      0.332  33.733779    15.5521    6.89392      0.329    26.4019    19.2408 -9.990e-29
 151.536609      0.342  33.725805    15.5466    6.87350      0.339    26.3986    19.2395 -9.990e-29
 151.536615      0.347  33.719816    15.5456    6.86124      0.344    26.3941    19.2362 -9.990e-29
 151.536620      0.344  33.719046    15.5496    6.86393      0.341    26.3908    19.2328 -9.990e-29
 151.536626      0.336  33.723036    15.5561    6.87109      0.333    26.3899    19.2308 -9.990e-29
 151.536632      0.331  33.728709    15.5607    6.87955      0.328    26.3917    19.2312 -9.990e-29
 151.536638      0.334  33.731867    15.5596    6.87313      0.331    26.3952    19.2341 -9.990e-29
 151.536644      0.345  33.727760    15.5531    6.87449      0.342    26.3960    19.2361 -9.990e-29
 151.536649      0.360  33.717091    15.5460    6.88336      0.357    26.3915    19.2341 -9.990e-29
 151.536655      0.375  33.710313    15.5418    6.87933      0.372    26.3884    19.2326 -9.990e-29
 151.536661      0.393  33.712411    15.5400    6.87149      0.390    26.3914    19.2353 -9.990e-29
 151.536667      0.409  33.718906    15.5408    6.86481      0.406    26.3965    19.2390 -9.990e-29
 151.536672      0.420  33.722206    15.5450    6.86518      0.416    26.3966    19.2382 -9.990e-29
 151.536678      0.428  33.720554    15.5508    6.86462      0.424    26.3913    19.2329 -9.990e-29
 151.536684      0.432  33.720914    15.5553    6.87426      0.428    26.3886    19.2299 -9.990e-29
 151.536690      0.432  33.724333    15.5557    6.87450      0.428    26.3913    19.2319 -9.990e-29
 151.536696      0.434  33.724911    15.5520    6.86057      0.430    26.3942    19.2349 -9.990e-29
 151.536701      0.442  33.721183    15.5485    6.85137      0.438    26.3933    19.2350 -9.990e-29
 151.536707      0.451  33.717898    15.5492    6.85431      0.447    26.3900    19.2323 -9.990e-29
 151.536713      0.458  33.717965    15.5532    6.87570      0.454    26.3874    19.2295 -9.990e-29
 151.536719      0.463  33.719234    15.5561    6.88823      0.459    26.3866    19.2282 -9.990e-29
 151.536725      0.468  33.717791    15.5540    6.89582      0.464    26.3867    19.2288 -9.990e-29
 151.536730      0.471  33.709475    15.5473    6.87361      0.467    26.3840    19.2281 -9.990e-29
 151.536736      0.474  33.698899    15.5417    6.86152      0.470    26.3786    19.2251 -9.990e-29
 151.536742      0.476  33.696630    15.5430    6.86772      0.472    26.3757    19.2226 -9.990e-29
 151.536748      0.478  33.703009    15.5502    6.86458      0.474    26.3764    19.2217 -9.990e-29
 151.536753      0.480  33.711405    15.5569    6.86653      0.476    26.3792    19.2224 -9.990e-29
 151.536759      0.482  33.715074    15.5563    6.86359      0.478    26.3828    19.2253 -9.990e-29
 151.536765      0.483  33.711624    15.5475    6.87535      0.479    26.3857    19.2294 -9.990e-29
 151.536771      0.485  33.702068    15.5375    6.90114      0.481    26.3841    19.2302 -9.990e-29
 151.536777      0.487  33.689364    15.5313    6.91166      0.483    26.3772    19.2262 -9.990e-29
 151.536782      0.489  33.680118    15.5242    6.90915      0.485    26.3740    19.2252 -9.990e-29
 151.536788      0.492  33.674899    15.5115    6.90531      0.488    26.3779    19.2309 -9.990e-29
 151.536794      0.495  33.669554    15.4982    6.90041      0.491    26.3822    19.2370 -9.990e-29
 151.536800      0.499  33.667609    15.4940    6.89401      0.495    26.3833    19.2387 -9.990e-29
 151.536806      0.504  33.677120    15.5014    6.89293      0.500    26.3866    19.2397 -9.990e-29
 151.536811      0.511  33.691147    15.5114    6.88858      0.507    26.3921    19.2418 -9.990e-29
 151.536817      0.519  33.697560    15.5162    6.88244      0.515    26.3944    19.2426 -9.990e-29
 151.536823      0.530  33.698748    15.5167    6.85151      0.526    26.3951    19.2430 -9.990e-29
 151.536829      0.543  33.701345    15.5164    6.82135      0.538    26.3976    19.2450 -9.990e-29
 151.536834      0.557  33.707136    15.5163    6.82535      0.552    26.4026    19.2489 -9.990e-29
 151.536840      0.558  33.710387    15.5160    6.86771      0.553    26.4057    19.2513 -9.990e-29
 151.536846      0.542  33.707588    15.5144    6.90418      0.537    26.4043    19.2506 -9.990e-29
 151.536852      0.526  33.700052    15.5063    6.91153      0.522    26.4032    19.2514 -9.990e-29
 151.536858      0.521  33.677737    15.4825    6.88137      0.517    26.3998    19.2537 -9.990e-29
 151.536863      0.523  33.639483    15.4462    6.88038      0.519    26.3908    19.2544 -9.990e-29
 151.536869      0.528  33.605489    15.4178    6.90183      0.524    26.3803    19.2523 -9.990e-29
 151.536875      0.535  33.592654    15.4057    6.93167      0.531    26.3773    19.2524 -9.990e-29
 151.536881      0.546  33.597315    15.3948    6.95168      0.541    26.3886    19.2634 -9.990e-29
 151.536887      0.561  33.597654    15.3735    6.94505      0.556    26.4032    19.2790 -9.990e-29
 151.536892      0.577  33.583472    15.3479    6.92804      0.572    26.4080    19.2880 -9.990e-29
 151.536898      0.586  33.568378    15.3325    6.91823      0.581    26.4052    19.2891 -9.990e-29
 151.536904      0.589  33.570928    15.3388    6.91700      0.584    26.4032    19.2862 -9.990e-29
 151.536910      0.594  33.590034    15.3629    6.91553      0.589    26.4036    19.2816 -9.990e-29
 151.536916      0.606  33.609686    15.3880    6.91045      0.601    26.4039    19.2766 -9.990e-29
 151.536921      0.622  33.623013    15.4036    6.91147      0.617    26.4050    19.2742 -9.990e-29
 151.536927      0.634  33.630410    15.4116    6.90944      0.629    26.4061    19.2733 -9.990e-29
 151.536933      0.639  33.632778    15.4191    6.92379      0.634    26.4031    19.2695 -9.990e-29
 151.536939      0.637  33.634961    15.4280    6.93346      0.632    26.3991    19.2645 -9.990e-29
 151.536944      0.631  33.639872    15.4345    6.92693      0.626    26.3990    19.2631 -9.990e-29
 151.536950      0.631  33.644532    15.4384    6.90658      0.626    26.4004    19.2634 -9.990e-29
 151.536956      0.636  33.647873    15.4418    6.89642      0.631    26.4010    19.2632 -9.990e-29
 151.536962      0.638  33.651548    15.4459    6.90456      0.633    26.4015    19.2627 -9.990e-29
 151.536968      0.637  33.659337    15.4519    6.91541      0.632    26.4042    19.2635 -9.990e-29
 151.536973      0.638  33.674341    15.4600    6.90421      0.633    26.4118    19.2677 -9.990e-29
 151.536979      0.639  33.690220    15.4661    6.89345      0.634    26.4215    19.2738 -9.990e-29
 151.536985      0.642  33.695632    15.4682    6.87813      0.637    26.4248    19.2759 -9.990e-29
 151.536991      0.643  33.692192    15.4733    6.87953      0.638    26.4184    19.2700 -9.990e-29
 151.536997      0.641  33.693816    15.4863    6.87968      0.636    26.4111    19.2617 -9.990e-29
 151.537002      0.645  33.702111    15.5007    6.88342      0.640    26.4087    19.2568 -9.990e-29
 151.537008      0.659  33.705156    15.5092    6.88762      0.653    26.4056    19.2527 -9.990e-29
 151.537014      0.680  33.701970    15.5119    6.88808      0.674    26.4011    19.2486 -9.990e-29
 151.537020      0.701  33.700082    15.5115    6.89001      0.695    26.3997    19.2476 -9.990e-29
 151.537025      0.719  33.700902    15.5102    6.88378      0.713    26.4013    19.2491 -9.990e-29
 151.537031      0.730  33.702723    15.5099    6.87858      0.724    26.4030    19.2505 -9.990e-29
 151.537037      0.731  33.705172    15.5109    6.87144      0.725    26.4045    19.2514 -9.990e-29
 151.537043      0.727  33.708152    15.5128    6.87326      0.721    26.4058    19.2520 -9.990e-29
 151.537049      0.722  33.710032    15.5153    6.89757      0.716    26.4058    19.2515 -9.990e-29
 151.537054      0.714  33.710518    15.5180    6.90562      0.708    26.4044    19.2499 -9.990e-29
 151.537060      0.709  33.711384    15.5195    6.87864      0.703    26.4041    19.2494 -9.990e-29
 151.537066      0.709  33.712105    15.5193    6.83097      0.703    26.4049    19.2500 -9.990e-29
 151.537072      0.711  33.711403    15.5193    6.81625      0.705    26.4043    19.2495 -9.990e-29
 151.537078      0.710  33.710589    15.5209    6.85028      0.704    26.4025    19.2478 -9.990e-29
 151.537083      0.711  33.711381    15.5211    6.88578      0.705    26.4031    19.2482 -9.990e-29
 151.537089      0.719  33.710352    15.5138    6.91688      0.713    26.4071    19.2528 -9.990e-29
 151.537095      0.728  33.696044    15.4916    6.92652      0.722    26.4095    19.2593 -9.990e-29
 151.537101      0.736  33.669001    15.4570    6.91448      0.730    26.4092    19.2663 -9.990e-29
 151.537106      0.742  33.647550    15.4341    6.89870      0.736    26.4059    19.2685 -9.990e-29
 151.537112      0.749  33.645695    15.4444    6.89031      0.743    26.3974    19.2598 -9.990e-29
