data/oxygen options/OCNMS/OCNMS1/raw_data/2006/CTD_CA042_070706_CASTfaed.cnv
* Sea-Bird SBE19 Data File:
* FileName = C:\MOORING_DATA_2006\CTD_CA042_070706_CAST.hex
* Software Version 1.1.8
* Temperature SN = 2997
* Conductivity SN = 2997
* System UpLoad Time = Jul 07 2006 14:21:55
* SEACAT PROFILER V3.1c SN 2997   07/07/06  14:21:02.282
* strain gauge pressure sensor: S/N = 184829,  range = 3000 psia,  tc = 40
# nquan = 9                                 
# nvalues = 2722                        
# units = specified
# name 0 = timeJ: Julian Days
# name 1 = prSM: Pressure, Strain Gauge [db]
# name 2 = c0mS/cm: Conductivity [mS/cm]
# name 3 = t090C: Temperature [ITS-90, deg C]
# name 4 = oxML/L: Oxygen, Beckman/YSI [ml/l]
# name 5 = depSM: Depth [salt water, m], lat = 47.5
# name 6 = sal00: Salinity, Practical [PSU]
# name 7 = sigma-é00: Density [sigma-theta, kg/m^3]
# name 8 = flag: flag
# span 0 = 188.581979, 188.597726       
# span 1 =     -4.990,     33.213       
# span 2 =   0.334317,  37.978799       
# span 3 =     7.8992,    17.8100       
# span 4 =  -12.28759,   40.74256       
# span 5 =     -4.948,     32.933       
# span 6 =     0.1878,    33.4884       
# span 7 =    -1.2224,    26.1004       
# span 8 = 0.0000e+00, 0.0000e+00       
# interval = seconds: 0.5
# start_time = Jul 07 2006 13:58:03 [Instrument's time stamp, header]
# bad_flag = -9.990e-29
*END*
[from data line 1601]
 188.591244      4.059  37.277415    13.1244    7.32292      4.025    31.4022    23.5832 -9.990e-29
 188.591250      4.060  37.276017    13.1233    7.32051      4.026    31.4018    23.5831 -9.990e-29
 188.591256      4.062  37.271119    13.1225    7.32294      4.028    31.3979    23.5802 -9.990e-29
 188.591262      4.060  37.267425    13.1220    7.31089      4.026    31.3948    23.5779 -9.990e-29
 188.591267      4.059  37.266757    13.1211    7.30181      4.025    31.3949    23.5782 -9.990e-29
 188.591273      4.063  37.264312    13.1196    7.30952      4.029    31.3939    23.5777 -9.990e-29
 188.591279      4.068  37.259651    13.1180    7.31239      4.034    31.3908    23.5756 -9.990e-29
 188.591285      4.070  37.257234    13.1169    7.31753      4.036    31.3895    23.5748 -9.990e-29
 188.591291      4.069  37.256096    13.1163    7.30693      4.035    31.3889    23.5745 -9.990e-29
 188.591296      4.064  37.253613    13.1158    7.30197      4.030    31.3870    23.5731 -9.990e-29
 188.591302      4.061  37.251540    13.1153    7.30268      4.027    31.3855    23.5720 -9.990e-29
 188.591308      4.062  37.249932    13.1135    7.30397      4.028    31.3855    23.5723 -9.990e-29
 188.591314      4.065  37.247221    13.1098    7.30445      4.031    31.3860    23.5735 -9.990e-29
 188.591319      4.064  37.247102    13.1061    7.30358      4.030    31.3889    23.5765 -9.990e-29
 188.591325      4.059  37.251113    13.1040    7.29156      4.025    31.3944    23.5811 -9.990e-29
 188.591331      4.052  37.251715    13.1032    7.29521      4.018    31.3956    23.5822 -9.990e-29
 188.591337      4.044  37.246919    13.1019    7.29471      4.010    31.3922    23.5798 -9.990e-29
 188.591343      4.040  37.241566    13.0992    7.29627      4.006    31.3894    23.5782 -9.990e-29
 188.591348      4.040  37.237511    13.0956    7.29553      4.006    31.3886    23.5783 -9.990e-29
 188.591354      4.043  37.234410    13.0926    7.29275      4.009    31.3882    23.5785 -9.990e-29
 188.591360      4.046  37.232071    13.0910    7.29728      4.012    31.3873    23.5782 -9.990e-29
 188.591366      4.045  37.231317    13.0898    7.29792      4.011    31.3876    23.5786 -9.990e-29
 188.591372      4.043  37.232279    13.0882    7.29577      4.009    31.3898    23.5807 -9.990e-29
 188.591377      4.046  37.233450    13.0868    7.28601      4.012    31.3921    23.5827 -9.990e-29
 188.591383      4.048  37.233602    13.0864    7.27713      4.014    31.3926    23.5831 -9.990e-29
 188.591389      4.045  37.232952    13.0864    7.28001      4.011    31.3920    23.5827 -9.990e-29
 188.591395      4.039  37.231209    13.0862    7.28613      4.005    31.3905    23.5816 -9.990e-29
 188.591400      4.027  37.228307    13.0855    7.28474      3.993    31.3883    23.5800 -9.990e-29
 188.591406      4.018  37.224321    13.0832    7.28001      3.984    31.3865    23.5791 -9.990e-29
 188.591412      4.020  37.220123    13.0794    7.28038      3.986    31.3857    23.5792 -9.990e-29
 188.591418      4.028  37.217425    13.0764    7.28047      3.994    31.3857    23.5797 -9.990e-29
 188.591424      4.040  37.216009    13.0762    7.27783      4.006    31.3845    23.5789 -9.990e-29
 188.591429      4.051  37.215685    13.0775    7.27277      4.017    31.3831    23.5776 -9.990e-29
 188.591435      4.053  37.216035    13.0771    7.26442      4.019    31.3838    23.5781 -9.990e-29
 188.591441      4.047  37.215297    13.0737    7.25943      4.013    31.3859    23.5805 -9.990e-29
 188.591447      4.042  37.211941    13.0688    7.26301      4.008    31.3868    23.5821 -9.990e-29
 188.591453      4.039  37.205997    13.0640    7.26702      4.005    31.3852    23.5818 -9.990e-29
 188.591458      4.041  37.200214    13.0600    7.27338      4.007    31.3831    23.5809 -9.990e-29
 188.591464      4.042  37.196993    13.0572    7.27660      4.008    31.3824    23.5809 -9.990e-29
 188.591470      4.038  37.195979    13.0562    7.26859      4.004    31.3823    23.5810 -9.990e-29
 188.591476      4.033  37.196395    13.0579    7.28139      3.999    31.3812    23.5799 -9.990e-29
 188.591481      4.032  37.197128    13.0613    7.27850      3.998    31.3791    23.5776 -9.990e-29
 188.591487      4.034  37.196367    13.0637    7.28016      4.000    31.3764    23.5751 -9.990e-29
 188.591493      4.035  37.192552    13.0640    7.26932      4.001    31.3726    23.5720 -9.990e-29
 188.591499      4.031  37.186223    13.0637    7.25255      3.997    31.3669    23.5677 -9.990e-29
 188.591505      4.021  37.181297    13.0640    7.25022      3.987    31.3620    23.5639 -9.990e-29
 188.591510      4.006  37.180196    13.0643    7.25236      3.973    31.3608    23.5628 -9.990e-29
 188.591516      3.983  37.180907    13.0637    7.24761      3.950    31.3619    23.5639 -9.990e-29
 188.591522      3.952  37.179907    13.0613    7.25013      3.919    31.3630    23.5651 -9.990e-29
 188.591528      3.915  37.176439    13.0569    7.25845      3.882    31.3634    23.5663 -9.990e-29
 188.591534      3.874  37.174869    13.0507    7.27362      3.842    31.3671    23.5704 -9.990e-29
 188.591539      3.821  37.177609    13.0440    7.29122      3.789    31.3752    23.5779 -9.990e-29
 188.591545      3.746  37.181031    13.0409    7.29174      3.715    31.3810    23.5830 -9.990e-29
 188.591551      3.638  37.182420    13.0445    7.28309      3.608    31.3794    23.5811 -9.990e-29
 188.591557      3.491  37.182520    13.0516    7.29000      3.462    31.3737    23.5753 0.0000e+00
 188.591563      3.301  37.181479    13.0567    7.28469      3.273    31.3685    23.5703 0.0000e+00
 188.591568      3.075  37.176803    13.0582    7.26909      3.049    31.3630    23.5657 0.0000e+00
 188.591574      2.831  37.167887    13.0561    7.20037      2.807    31.3565    23.5611 0.0000e+00
 188.591580      2.569  37.155203    13.0500    7.14835      2.548    31.3497    23.5570 0.0000e+00
 188.591586      2.290  37.137001    13.0406    7.14339      2.271    31.3405    23.5517 0.0000e+00
 188.591591      2.002  37.113151    13.0312    8.34565      1.985    31.3260    23.5423 0.0000e+00
 188.591597      1.712  37.087210    13.0270    7.85704      1.698    31.3052    23.5271 0.0000e+00
 188.591603      1.432  37.064992    13.0315    8.18519      1.420    31.2808    23.5073 0.0000e+00
 188.591609      1.178  37.054473    13.0427    7.79871      1.168    31.2618    23.4904 0.0000e+00
 188.591615      0.960  37.051183    13.0537    7.45223      0.952    31.2497    23.4789 0.0000e+00
 188.591620      0.776  37.028313    13.0591    7.27577      0.770    31.2239    23.4579 0.0000e+00
 188.591626      0.628  36.953706    13.0593    7.28757      0.623    31.1538    23.4037 -9.990e-29
 188.591632      0.519  36.743052    13.0571    7.39114      0.515    30.9583    23.2529 -9.990e-29
 188.591638      0.442  36.105960    13.0538    7.48539      0.438    30.3651    22.7948 -9.990e-29
 188.591644      0.384  34.169429    13.0500    7.54976      0.381    28.5667    21.4056 -9.990e-29
 188.591649      0.337  28.327869    13.0460    7.55595      0.334    23.2269    17.2848 -9.990e-29
 188.591655      0.297  20.148692    13.0417    7.53462      0.295    15.9928    11.7123 -9.990e-29
 188.591661      0.268  14.009049    13.0375    7.51288      0.266    10.7743     7.6956 -9.990e-29
 188.591667      0.250   9.101656    13.0337    7.46935      0.248     6.7644     4.6075 -9.990e-29
 188.591672      0.239   5.523205    13.0300    7.40926      0.237     3.9602     2.4446 -9.990e-29
 188.591678      0.230   4.037797    13.0267    7.33622      0.228     2.8364     1.5765 -9.990e-29
 188.591684      0.222   3.281740    13.0241    7.23993      0.220     2.2760     1.1432 -9.990e-29
 188.591690      0.214   2.800296    13.0220    7.12597      0.212     1.9241     0.8710 -9.990e-29
 188.591696      0.207   2.469234    13.0204    7.01569      0.205     1.6845     0.6855 -9.990e-29
 188.591701      0.203   2.239222    13.0198    6.94204      0.201     1.5193     0.5576 -9.990e-29
 188.591707      0.203   2.116745    13.0218    6.85067      0.201     1.4317     0.4894 -9.990e-29
 188.591713      0.198   2.104517    13.0299    6.74573      0.196     1.4227     0.4814 -9.990e-29
 188.591719      0.188   2.149593    13.0459    6.64512      0.186     1.4543     0.5037 -9.990e-29
 188.591725      0.180   2.191040    13.0661    6.60030      0.178     1.4831     0.5234 -9.990e-29
 188.591730      0.179   2.208091    13.0852    6.64431      0.178     1.4945     0.5298 -9.990e-29
 188.591736      0.180   2.231873    13.0995    6.72473      0.178     1.5109     0.5406 -9.990e-29
 188.591742      0.179   2.340738    13.1084    6.76339      0.178     1.5884     0.5995 -9.990e-29
 188.591748      0.176   2.604813    13.1137    6.72249      0.175     1.7781     0.7458 -9.990e-29
 188.591753      0.170   2.973549    13.1185    6.62701      0.169     2.0452     0.9520 -9.990e-29
 188.591759      0.166   3.230411    13.1270   -3.85777      0.165     2.2323     1.0957 -9.990e-29
 188.591765      0.168   3.221812    13.1473  -11.05610      0.167     2.2248     1.0872 -9.990e-29
 188.591771      0.171   3.035196    13.1874  -12.28759      0.170     2.0863     0.9747 -9.990e-29
 188.591777      0.171   2.791182    13.2466   -9.31443      0.170     1.9063     0.8273 -9.990e-29
 188.591782      0.169   2.537134    13.3163   -2.22960      0.168     1.7202     0.6739 -9.990e-29
 188.591788      0.168   2.300875    13.3870   -0.37480      0.167     1.5487     0.5315 -9.990e-29
 188.591794      0.173   2.093357    13.4565   -0.16948      0.172     1.3992     0.4064 -9.990e-29
 188.591800      0.179   1.919947    13.5229   -0.10392      0.178     1.2753     0.3013 -9.990e-29
 188.591806      0.184   1.777052    13.5803   -0.08111      0.182     1.1739     0.2149 -9.990e-29
 188.591811      0.186   1.654003    13.6274   -0.06970      0.184     1.0873     0.1414 -9.990e-29
 188.591817      0.187   1.542158    13.6684   -0.06967      0.185     1.0091     0.0752 -9.990e-29
 188.591823      0.186   1.442801    13.7077   -0.06963      0.184     0.9401     0.0163 -9.990e-29
 188.591829      0.184   1.364981    13.7491   -0.06958      0.182     0.8861    -0.0312 -9.990e-29
 188.591834      0.180   1.310382    13.7936   -0.06955      0.178     0.8480    -0.0669 -9.990e-29
 188.591840      0.173   1.266142    13.8367   -0.06951      0.172     0.8172    -0.0968 -9.990e-29
 188.591846      0.164   1.218778    13.8737   -0.06948      0.163     0.7845    -0.1273 -9.990e-29
 188.591852      0.156   1.167843    13.9041   -0.06945      0.155     0.7496    -0.1585 -9.990e-29
 188.591858      0.153   1.121998    13.9299   -0.06943      0.152     0.7184    -0.1863 -9.990e-29
 188.591863      0.155   1.087259    13.9531   -0.06940      0.154     0.6948    -0.2079 -9.990e-29
 188.591869      0.162   1.061696    13.9764   -0.06935      0.161     0.6774    -0.2246 -9.990e-29
 188.591875      0.170   1.037859    14.0010   -0.06930      0.169     0.6611    -0.2407 -9.990e-29
 188.591881      0.175   1.010598    14.0256   -0.06925      0.174     0.6426    -0.2585 -9.990e-29
 188.591887      0.177   0.982404    14.0482   -0.06918      0.176     0.6235    -0.2765 -9.990e-29
 188.591892      0.177   0.958963    14.0690   -0.06913      0.176     0.6077    -0.2917 -9.990e-29
 188.591898      0.175   0.941200    14.0890   -0.06907      0.174     0.5957    -0.3038 -9.990e-29
 188.591904      0.171   0.924293    14.1082   -0.06902      0.170     0.5842    -0.3154 -9.990e-29
 188.591910      0.164   0.904565    14.1269   -0.06901      0.163     0.5710    -0.3283 -9.990e-29
 188.591916      0.153   0.884561    14.1471   -0.06900      0.152     0.5576    -0.3416 -9.990e-29
 188.591921      0.139   0.869788    14.1712   -0.06899      0.138     0.5475    -0.3528 -9.990e-29
 188.591927      0.125   0.861075    14.1997   -0.06898      0.124     0.5414    -0.3616 -9.990e-29
 188.591933      0.118   0.852354    14.2318   -0.06903      0.117     0.5353    -0.3709 -9.990e-29
 188.591939      0.122   0.837547    14.2655   -0.06900      0.121     0.5252    -0.3836 -9.990e-29
 188.591944      0.133   0.816883    14.2978   -0.06895      0.132     0.5113    -0.3990 -9.990e-29
 188.591950      0.143   0.796094    14.3256   -0.06891      0.142     0.4974    -0.4137 -9.990e-29
 188.591956      0.149   0.781857    14.3468   -0.06888      0.148     0.4879    -0.4241 -9.990e-29
 188.591962      0.155   0.775716    14.3617   -0.06884      0.154     0.4838    -0.4295 -9.990e-29
 188.591968      0.165   0.771703    14.3721   -0.06879      0.164     0.4810    -0.4331 -9.990e-29
 188.591973      0.173   0.762249    14.3789   -0.06876      0.172     0.4748    -0.4389 -9.990e-29
 188.591979      0.170   0.746399    14.3802   -0.06870      0.169     0.4646    -0.4471 -9.990e-29
 188.591985      0.159   0.730203    14.3796   -0.06865      0.158     0.4541    -0.4551 -9.990e-29
 188.591991      0.150   0.719247    14.3881   -0.06863      0.149     0.4470    -0.4619 -9.990e-29
 188.591997      0.145   0.713904    14.4066   -0.06862      0.144     0.4433    -0.4674 -9.990e-29
 188.592002      0.144   0.710379    14.4276   -0.06860      0.143     0.4408    -0.4724 -9.990e-29
 188.592008      0.147   0.704526    14.4484   -0.06858      0.146     0.4368    -0.4785 -9.990e-29
 188.592014      0.151   0.696308    14.4703   -0.06855      0.150     0.4313    -0.4859 -9.990e-29
 188.592020      0.150   0.689191    14.4938   -0.06852      0.149     0.4265    -0.4931 -9.990e-29
 188.592025      0.145   0.684780    14.5185   -0.06849      0.144     0.4234    -0.4991 -9.990e-29
 188.592031      0.141   0.680523    14.5436   -0.06847      0.140     0.4204    -0.5051 -9.990e-29
 188.592037      0.140   0.674075    14.5660   -0.06852      0.139     0.4160    -0.5117 -9.990e-29
 188.592043      0.144   0.666822    14.5828   -0.06859      0.143     0.4112    -0.5179 -9.990e-29
 188.592049      0.151   0.660743    14.5953   -0.06859      0.150     0.4072    -0.5229 -9.990e-29
 188.592054      0.159   0.656056    14.6068   -0.06856      0.158     0.4041    -0.5270 -9.990e-29
 188.592060      0.163   0.652613    14.6197   -0.06853      0.162     0.4018    -0.5307 -9.990e-29
 188.592066      0.164   0.649708    14.6347   -0.06850      0.163     0.3998    -0.5344 -9.990e-29
 188.592072      0.162   0.645130    14.6494   -0.06848      0.161     0.3967    -0.5390 -9.990e-29
 188.592078      0.157   0.637215    14.6597   -0.06847      0.156     0.3916    -0.5445 -9.990e-29
 188.592083      0.153   0.628167    14.6600   -0.06848      0.152     0.3858    -0.5490 -9.990e-29
 188.592089      0.153   0.622564    14.6475   -0.06847      0.152     0.3824    -0.5498 -9.990e-29
 188.592095      0.154   0.621257    14.6330   -0.06845      0.153     0.3817    -0.5482 -9.990e-29
 188.592101      0.155   0.620285    14.6300   -0.06843      0.154     0.3811    -0.5482 -9.990e-29
 188.592106      0.162   0.616134    14.6390   -0.06842      0.161     0.3784    -0.5517 -9.990e-29
 188.592112      0.169   0.608817    14.6529   -0.06842      0.168     0.3736    -0.5574 -9.990e-29
 188.592118      0.173   0.600783    14.6661   -0.06842      0.172     0.3684    -0.5634 -9.990e-29
 188.592124      0.175   0.595186    14.6757   -0.06842      0.174     0.3647    -0.5676 -9.990e-29
 188.592130      0.174   0.593440    14.6817   -0.06841      0.173     0.3636    -0.5694 -9.990e-29
 188.592135      0.172   0.593218    14.6856   -0.06839      0.171     0.3634    -0.5701 -9.990e-29
 188.592141      0.162   0.590895    14.6905   -0.06837      0.161     0.3619    -0.5720 -9.990e-29
 188.592147      0.144   0.585596    14.6978   -0.06835      0.143     0.3585    -0.5758 -9.990e-29
 188.592153      0.131   0.579131    14.7058   -0.06833      0.130     0.3543    -0.5802 -9.990e-29
 188.592159      0.130   0.573972    14.7118   -0.06832      0.129     0.3510    -0.5836 -9.990e-29
