data/oxygen options/OCNMS/OCNMS1/raw_data/2006/CTD_KL027_071706faedb.cnv
* Sea-Bird SBE19 Data File:
* FileName = C:\MOORING_DATA_2006\CTD_KL027_071706.hex
* Software Version 1.1.8
* Temperature SN = 2997
* Conductivity SN = 2997
* System UpLoad Time = Jul 17 2006 13:06:33
* SEACAT PROFILER V3.1c SN 2997   07/17/06  13:05:37.630
* strain gauge pressure sensor: S/N = 184829,  range = 3000 psia,  tc = 40
# nquan = 9
# nvalues = 25                          
# units = specified
# name 0 = timeJ: Julian Days
# name 1 = prSM: Pressure, Strain Gauge [db]
# name 2 = c0mS/cm: Conductivity [mS/cm]
# name 3 = t090C: Temperature [ITS-90, deg C]
# name 4 = oxML/L: Oxygen, Beckman/YSI [ml/l]
# name 5 = depSM: Depth [salt water, m], lat = 47.5
# name 6 = sal00: Salinity, Practical [PSU]
# name 7 = sigma-é00: Density [sigma-theta, kg/m^3]
# name 8 = flag: flag
# span 0 = 198.535506, 198.535818       
# span 1 =      2.000,     26.000       
# span 2 =  34.710481,  39.014307       
# span 3 =     7.7054,    13.7937       
# span 4 =    1.81014,    8.46122       
# span 5 =      1.983,     25.781       
# span 6 =    32.4615,    33.7179       
# span 7 =    24.2684,    26.2709       
# span 8 = 0.0000e+00, 0.0000e+00       
# interval = decibars: 1                
# start_time = Jul 17 2006 12:47:24 [Instrument's time stamp, header]
# bad_flag = -9.990e-29
*END*
 198.535506      2.000  39.014307    13.7937    8.14346      1.983    32.4615    24.2684 0.0000e+00
 198.535528      3.000  38.902767    13.5790    7.84119      2.975    32.5397    24.3724 0.0000e+00
 198.535543      4.000  38.494227    13.0173    8.46122      3.967    32.6372    24.5593 0.0000e+00
 198.535556      5.000  37.750268    12.2443    8.22245      4.958    32.5969    24.6768 0.0000e+00
 198.535568      6.000  37.226598    11.7251    7.53158      5.950    32.5442    24.7331 0.0000e+00
 198.535580      7.000  36.912157    11.2364    6.77372      6.941    32.6672    24.9173 0.0000e+00
 198.535592      8.000  36.546411    10.7246    6.27444      7.933    32.7606    25.0803 0.0000e+00
 198.535603      9.000  36.310213    10.4089    6.09256      8.925    32.8078    25.1717 0.0000e+00
 198.535614     10.000  36.325641    10.3335    6.03651      9.916    32.8910    25.2495 0.0000e+00
 198.535626     11.000  36.505872    10.4330    6.02653     10.908    32.9816    25.3031 0.0000e+00
 198.535637     12.000  36.806337    10.6100    5.84310     11.900    33.1219    25.3819 0.0000e+00
 198.535649     13.000  37.022015    10.7045    5.09418     12.891    33.2514    25.4664 0.0000e+00
 198.535661     14.000  37.041950    10.6155    3.97991     13.883    33.3522    25.5605 0.0000e+00
 198.535673     15.000  36.816039    10.1611    2.89339     14.874    33.5426    25.7868 0.0000e+00
 198.535685     16.000  36.181368     9.2773    2.11265     15.866    33.7179    26.0694 0.0000e+00
 198.535696     17.000  35.436542     8.4830    1.81664     16.857    33.6921    26.1740 0.0000e+00
 198.535708     18.000  35.009603     8.0575    1.81014     17.849    33.6463    26.2024 0.0000e+00
 198.535720     19.000  34.836842     7.8838    1.90277     18.841    33.6282    26.2138 0.0000e+00
 198.535732     20.000  34.776398     7.7913    1.99570     19.832    33.6522    26.2461 0.0000e+00
 198.535745     21.000  34.747098     7.7393    2.03813     20.824    33.6703    26.2679 0.0000e+00
 198.535756     22.000  34.722545     7.7127    2.06359     21.815    33.6691    26.2709 0.0000e+00
 198.535769     23.000  34.713408     7.7074    2.07149     22.807    33.6639    26.2675 0.0000e+00
 198.535781     24.000  34.711023     7.7054    2.06534     23.798    33.6628    26.2669 0.0000e+00
 198.535796     25.000  34.710481     7.7063    2.05657     24.790    33.6608    26.2653 0.0000e+00
 198.535818     26.000  34.718480     7.7242    2.04104     25.781    33.6518    26.2555 0.0000e+00
