data/oxygen options/OCNMS/OCNMS1/raw_data/2006/CTD_MB042_060606faed.cnv
* Sea-Bird SBE19 Data File:
* FileName = C:\MOORING_DATA_2006\CTD_MB042_060606.hex
* Software Version 1.1.6
* Temperature SN = 2997
* Conductivity SN = 2997
* System UpLoad Time = Jun 06 2006 13:14:26
* SEACAT PROFILER V3.1c SN 2997   06/06/06  13:13:39.912
* strain gauge pressure sensor: S/N = 184829,  range = 3000 psia,  tc = 40
# nquan = 9                                 
# nvalues = 1811                        
# units = specified
# name 0 = timeJ: Julian Days
# name 1 = prSM: Pressure, Strain Gauge [db]
# name 2 = c0mS/cm: Conductivity [mS/cm]
# name 3 = t090C: Temperature [ITS-90, deg C]
# name 4 = oxML/L: Oxygen, Beckman/YSI [ml/l]
# name 5 = depSM: Depth [salt water, m], lat = 47.5
# name 6 = sal00: Salinity, Practical [PSU]
# name 7 = sigma-é00: Density [sigma-theta, kg/m^3]
# name 8 = flag: flag
# span 0 = 157.539294, 157.549769       
# span 1 =     -5.018,     41.006       
# span 2 =   1.467352,  35.652208       
# span 3 =     8.1157,    14.7547       
# span 4 =  -14.41430,   32.45336       
# span 5 =     -4.976,     40.660       
# span 6 =     0.9382,    33.2856       
# span 7 =    -0.0960,    25.9107       
# span 8 = 0.0000e+00, 0.0000e+00       
# interval = seconds: 0.5
# start_time = Jun 06 2006 12:56:35 [Instrument's time stamp, header]
# bad_flag = -9.990e-29
*END*
[from data line 1761]
 157.549485      3.042  34.811887    14.4645    6.66324      3.017    28.1069    20.7746 0.0000e+00
 157.549491      2.854  34.812210    14.4654    6.66102      2.830    28.1066    20.7742 0.0000e+00
 157.549497      2.646  34.813095    14.4669    6.61586      2.624    28.1063    20.7737 0.0000e+00
 157.549502      2.418  34.814064    14.4695    6.51300      2.398    28.1054    20.7725 0.0000e+00
 157.549508      2.167  34.814747    14.4758    6.44309      2.149    28.1015    20.7682 0.0000e+00
 157.549514      1.898  34.815518    14.4900    6.46495      1.882    28.0920    20.7580 0.0000e+00
 157.549520      1.626  34.817988    14.5130    7.36746      1.612    28.0777    20.7424 0.0000e+00
 157.549525      1.367  34.823232    14.5422    7.48371      1.356    28.0614    20.7239 0.0000e+00
 157.549531      1.130  34.829857    14.5725    7.49420      1.121    28.0455    20.7055 0.0000e+00
 157.549537      0.920  34.834388    14.5901    7.41898      0.912    28.0370    20.6953 0.0000e+00
 157.549543      0.748  34.829997    14.5832    7.39030      0.742    28.0381    20.6976 0.0000e+00
 157.549549      0.613  34.804690    14.5538    7.42135      0.608    28.0367    20.7025 -9.990e-29
 157.549554      0.513  34.729799    14.5116    7.47190      0.509    28.0003    20.6830 -9.990e-29
 157.549560      0.435  34.516704    14.4640    7.51034      0.431    27.8441    20.5724 -9.990e-29
 157.549566      0.372  33.890830    14.4141    7.54628      0.369    27.3205    20.1795 -9.990e-29
 157.549572      0.319  32.019376    14.3643    7.57126      0.316    25.6897    18.9347 -9.990e-29
 157.549578      0.277  26.402596    14.3143    7.58999      0.275    20.7995    15.1857 -9.990e-29
 157.549583      0.247  17.445773    14.2631    7.58631      0.245    13.2433     9.3955 -9.990e-29
 157.549589      0.224  10.279761    14.2149    7.59890      0.222     7.4791     4.9797 -9.990e-29
 157.549595      0.202   6.699683    14.1728    7.55417      0.200     4.7267     2.8708 -9.990e-29
 157.549601      0.179   5.092622    14.1336    7.57883      0.178     3.5292     1.9550 -9.990e-29
 157.549606      0.158   4.413897    14.0928    7.58473      0.157     3.0335     1.5790 -9.990e-29
 157.549612      0.142   3.958675    14.0484    7.58176      0.141     2.7049     1.3321 -9.990e-29
 157.549618      0.126   3.513502    14.0019    7.55291      0.125     2.3858     1.0927 -9.990e-29
 157.549624      0.105   3.146688    13.9604    7.55365      0.104     2.1248     0.8972 -9.990e-29
 157.549630      0.081   2.902019    13.9313    7.58198      0.080     1.9517     0.7677 -9.990e-29
 157.549635      0.061   2.733258    13.9156    7.61107      0.060     1.8326     0.6778 -9.990e-29
 157.549641      0.049   2.635908    13.9093    7.62411      0.049     1.7639     0.6257 -9.990e-29
 157.549647      0.044   2.668459    13.9092    7.63094      0.044     1.7870     0.6435 -9.990e-29
 157.549653      0.040   3.006491    13.9121    7.63113      0.040     2.0272     0.8287 -9.990e-29
 157.549659      0.034   3.546707    13.9163    7.63951      0.034     2.4151     1.1276 -9.990e-29
 157.549664      0.030   3.779253    13.9236    7.63687      0.030     2.5830     1.2562 -9.990e-29
 157.549670      0.031   3.624251    13.9353   -5.06834      0.031     2.4699     1.1672 -9.990e-29
 157.549676      0.038   3.362456    13.9501  -13.15678      0.038     2.2802     1.0186 -9.990e-29
 157.549682      0.046   3.078820    13.9672  -14.41430      0.046     2.0759     0.8585 -9.990e-29
 157.549688      0.052   2.773524    13.9884  -10.74322      0.052     1.8577     0.6869 -9.990e-29
 157.549693      0.061   2.478355    14.0193   -2.20961      0.060     1.6481     0.5205 -9.990e-29
 157.549699      0.073   2.231869    14.0578   -0.34053      0.072     1.4741     0.3805 -9.990e-29
 157.549705      0.080   2.045279    14.0928   -0.16955      0.079     1.3433     0.2744 -9.990e-29
 157.549711      0.083   1.905785    14.1245   -0.10784      0.082     1.2460     0.1946 -9.990e-29
 157.549716      0.091   1.792845    14.1597 -9.990e-29      0.090     1.1674     0.1288 -9.990e-29
 157.549722      0.104   1.695775    14.2006 -9.990e-29      0.103     1.0999     0.0707 -9.990e-29
 157.549728      0.114   1.619491    14.2477 -9.990e-29      0.113     1.0468     0.0228 -9.990e-29
 157.549734      0.118   1.565529    14.2964 -9.990e-29      0.117     1.0089    -0.0135 -9.990e-29
 157.549740      0.116   1.525282    14.3354 -9.990e-29      0.115     0.9808    -0.0410 -9.990e-29
 157.549745      0.113   1.500156    14.3558 -9.990e-29      0.112     0.9633    -0.0574 -9.990e-29
 157.549751      0.115   1.516594    14.3571 -9.990e-29      0.114     0.9744    -0.0491 -9.990e-29
 157.549757      0.124   1.615268    14.3455 -9.990e-29      0.123     1.0413     0.0044 -9.990e-29
 157.549763      0.132   1.793908    14.3376 -9.990e-29      0.131     1.1629     0.0995 -9.990e-29
 157.549769      0.134   1.992608 -9.990e-29 -9.990e-29      0.133 -9.990e-29 -9.990e-29 -9.990e-29
