data/oxygen options/OCNMS/OCNMS1/raw_data/2006/CTD_CA015_070706_CASTfaed.cnv
* Sea-Bird SBE19 Data File:
* FileName = C:\MOORING_DATA_2006\CTD_CA015_070706_CAST.hex
* Software Version 1.1.8
* Temperature SN = 2997
* Conductivity SN = 2997
* System UpLoad Time = Jul 07 2006 15:26:56
* SEACAT PROFILER V3.1c SN 2997   07/07/06  15:26:00.777
* strain gauge pressure sensor: S/N = 184829,  range = 3000 psia,  tc = 40
# nquan = 9                                 
# nvalues = 1868                        
# units = specified
# name 0 = timeJ: Julian Days
# name 1 = prSM: Pressure, Strain Gauge [db]
# name 2 = c0mS/cm: Conductivity [mS/cm]
# name 3 = t090C: Temperature [ITS-90, deg C]
# name 4 = oxML/L: Oxygen, Beckman/YSI [ml/l]
# name 5 = depSM: Depth [salt water, m], lat = 47.5
# name 6 = sal00: Salinity, Practical [PSU]
# name 7 = sigma-é00: Density [sigma-theta, kg/m^3]
# name 8 = flag: flag
# span 0 = 188.632072, 188.642876       
# span 1 =     -4.497,     10.842       
# span 2 =   0.249671,  37.891894       
# span 3 =     8.4812,    16.2201       
# span 4 =  -13.51130,   39.66105       
# span 5 =     -4.460,     10.751       
# span 6 =     0.1448,    33.1728       
# span 7 =    -0.9755,    25.7601       
# span 8 = 0.0000e+00, 0.0000e+00       
# interval = seconds: 0.5
# start_time = Jul 07 2006 15:10:11 [Instrument's time stamp, header]
# bad_flag = -9.990e-29
*END*
[from data line 161]
 188.633003      0.374  37.143147    12.6687    8.03993      0.371    31.6569    23.8682 -9.990e-29
 188.633009      0.380  37.145652    12.6643    8.03280      0.377    31.6630    23.8738 -9.990e-29
 188.633015      0.387  37.140345    12.6527    8.03684      0.384    31.6677    23.8796 -9.990e-29
 188.633021      0.393  37.128006    12.6393    8.02559      0.390    31.6672    23.8819 -9.990e-29
 188.633027      0.398  37.117431    12.6337    8.03047      0.395    31.6619    23.8788 -9.990e-29
 188.633032      0.406  37.114713    12.6391    8.04276      0.403    31.6548    23.8723 -9.990e-29
 188.633038      0.413  37.120718    12.6478    8.03277      0.410    31.6532    23.8693 -9.990e-29
 188.633044      0.420  37.128874    12.6498    8.03952      0.416    31.6592    23.8736 -9.990e-29
 188.633050      0.432  37.129308    12.6447    8.03751      0.428    31.6639    23.8783 -9.990e-29
 188.633056      0.445  37.123167    12.6393    8.03168      0.441    31.6626    23.8783 -9.990e-29
 188.633061      0.456  37.119098    12.6368    8.02109      0.452    31.6609    23.8774 -9.990e-29
 188.633067      0.465  37.119530    12.6355    8.01643      0.461    31.6624    23.8788 -9.990e-29
 188.633073      0.473  37.120555    12.6349    8.02216      0.469    31.6638    23.8801 -9.990e-29
 188.633079      0.480  37.121302    12.6362    8.01763      0.476    31.6634    23.8795 -9.990e-29
 188.633084      0.487  37.123893    12.6388    8.03181      0.483    31.6637    23.8792 -9.990e-29
 188.633090      0.494  37.125056    12.6385    8.03237      0.490    31.6651    23.8803 -9.990e-29
 188.633096      0.502  37.121861    12.6345    8.02367      0.498    31.6654    23.8814 -9.990e-29
 188.633102      0.512  37.116224    12.6316    8.02272      0.508    31.6625    23.8796 -9.990e-29
 188.633108      0.523  37.112974    12.6329    8.01814      0.519    31.6583    23.8762 -9.990e-29
 188.633113      0.537  37.115072    12.6366    8.02522      0.533    31.6572    23.8746 -9.990e-29
 188.633119      0.555  37.117469    12.6395    8.03118      0.550    31.6570    23.8739 -9.990e-29
 188.633125      0.577  37.118317    12.6391    8.04005      0.572    31.6581    23.8749 -9.990e-29
 188.633131      0.601  37.119315    12.6350    8.03367      0.596    31.6625    23.8790 -9.990e-29
 188.633137      0.619  37.117872    12.6305    8.02952      0.614    31.6649    23.8818 -9.990e-29
 188.633142      0.630  37.115434    12.6305    8.03060      0.625    31.6626    23.8800 -9.990e-29
 188.633148      0.637  37.116606    12.6357    8.03641      0.632    31.6594    23.8764 -9.990e-29
 188.633154      0.645  37.120712    12.6428    8.04957      0.640    31.6573    23.8735 -9.990e-29
 188.633160      0.650  37.124256    12.6466    8.04391      0.645    31.6574    23.8729 -9.990e-29
 188.633166      0.654  37.125241    12.6449    8.04072      0.649    31.6598    23.8750 -9.990e-29
 188.633171      0.660  37.123303    12.6414    8.02733      0.654    31.6609    23.8766 -9.990e-29
 188.633177      0.664  37.120352    12.6397    8.02704      0.658    31.6595    23.8758 -9.990e-29
 188.633183      0.663  37.119188    12.6401    8.03339      0.657    31.6581    23.8746 -9.990e-29
 188.633189      0.661  37.120506    12.6411    8.03645      0.655    31.6585    23.8748 -9.990e-29
 188.633194      0.666  37.122704    12.6413    8.03791      0.660    31.6604    23.8762 -9.990e-29
 188.633200      0.678  37.122547    12.6398    8.02360      0.672    31.6615    23.8773 -9.990e-29
 188.633206      0.690  37.119272    12.6375    8.02190      0.684    31.6603    23.8769 -9.990e-29
 188.633212      0.698  37.116930    12.6373    8.02462      0.692    31.6583    23.8753 -9.990e-29
 188.633218      0.702  37.118571    12.6405    8.03782      0.696    31.6572    23.8738 -9.990e-29
 188.633223      0.703  37.123025    12.6434    8.04522      0.697    31.6589    23.8747 -9.990e-29
 188.633229      0.706  37.125577    12.6418    8.04212      0.700    31.6627    23.8779 -9.990e-29
 188.633235      0.714  37.122905    12.6372    8.03260      0.708    31.6640    23.8798 -9.990e-29
 188.633241      0.724  37.117622    12.6353    8.02360      0.718    31.6606    23.8775 -9.990e-29
 188.633247      0.732  37.115029    12.6374    8.01849      0.726    31.6564    23.8738 -9.990e-29
 188.633252      0.739  37.118401    12.6395    8.01941      0.733    31.6578    23.8745 -9.990e-29
 188.633258      0.746  37.123826    12.6370    8.01778      0.740    31.6651    23.8806 -9.990e-29
 188.633264      0.752  37.123400    12.6296    8.01411      0.746    31.6709    23.8865 -9.990e-29
 188.633270      0.758  37.115999    12.6223    8.01687      0.752    31.6700    23.8872 -9.990e-29
 188.633275      0.765  37.108587    12.6209    8.01606      0.759    31.6641    23.8830 -9.990e-29
 188.633281      0.772  37.108114    12.6249    8.02802      0.766    31.6603    23.8793 -9.990e-29
 188.633287      0.781  37.113952    12.6280    8.03498      0.774    31.6632    23.8809 -9.990e-29
 188.633293      0.791  37.118743    12.6266    8.04199      0.784    31.6690    23.8856 -9.990e-29
 188.633299      0.805  37.118227    12.6227    8.03775      0.798    31.6718    23.8885 -9.990e-29
 188.633304      0.817  37.114524    12.6197    8.02767      0.810    31.6708    23.8883 -9.990e-29
 188.633310      0.825  37.110556    12.6187    8.02408      0.818    31.6678    23.8863 -9.990e-29
 188.633316      0.833  37.109448    12.6192    8.01658      0.826    31.6664    23.8850 -9.990e-29
 188.633322      0.843  37.112532    12.6208    8.03215      0.836    31.6679    23.8859 -9.990e-29
 188.633328      0.845  37.116073    12.6225    8.02855      0.838    31.6699    23.8871 -9.990e-29
 188.633333      0.841  37.116384    12.6226    8.02778      0.834    31.6701    23.8872 -9.990e-29
 188.633339      0.838  37.113885    12.6201    8.01275      0.831    31.6698    23.8875 -9.990e-29
 188.633345      0.840  37.110859    12.6154    7.99564      0.833    31.6709    23.8893 -9.990e-29
 188.633351      0.848  37.108324    12.6109    7.99818      0.841    31.6723    23.8912 -9.990e-29
 188.633356      0.862  37.106832    12.6087    7.99963      0.855    31.6727    23.8919 -9.990e-29
 188.633362      0.880  37.106641    12.6072    8.01254      0.873    31.6738    23.8930 -9.990e-29
 188.633368      0.896  37.105258    12.6034    8.01659      0.889    31.6756    23.8952 -9.990e-29
 188.633374      0.914  37.099719    12.5973    8.01517      0.906    31.6755    23.8963 -9.990e-29
 188.633380      0.928  37.091058    12.5942    8.01067      0.920    31.6699    23.8925 -9.990e-29
 188.633385      0.937  37.086243    12.5972    8.00297      0.929    31.6628    23.8864 -9.990e-29
 188.633391      0.941  37.090073    12.6018    8.00206      0.933    31.6625    23.8854 -9.990e-29
 188.633397      0.944  37.097005    12.6027    8.00646      0.936    31.6684    23.8897 -9.990e-29
 188.633403      0.950  37.100019    12.5983    8.01194      0.942    31.6749    23.8956 -9.990e-29
 188.633409      0.961  37.097533    12.5893    7.99858      0.953    31.6801    23.9014 -9.990e-29
 188.633414      0.976  37.090164    12.5810    7.99694      0.968    31.6801    23.9030 -9.990e-29
 188.633420      0.992  37.082674    12.5800    7.99662      0.984    31.6738    23.8983 -9.990e-29
 188.633426      1.007  37.081346    12.5861    8.00809      0.999    31.6674    23.8922 -9.990e-29
 188.633432      1.021  37.085534    12.5925    8.02541      1.012    31.6660    23.8899 -9.990e-29
 188.633438      1.035  37.089608    12.5941    8.01465      1.026    31.6685    23.8915 -9.990e-29
 188.633443      1.050  37.089473    12.5922    8.01163      1.041    31.6700    23.8930 -9.990e-29
 188.633449      1.067  37.086636    12.5898    7.99957      1.058    31.6693    23.8929 -9.990e-29
 188.633455      1.082  37.084986    12.5894    7.99882      1.073    31.6681    23.8920 -9.990e-29
 188.633461      1.089  37.085126    12.5913    8.00581      1.080    31.6666    23.8906 -9.990e-29
 188.633466      1.082  37.086489    12.5918    8.00578      1.073    31.6675    23.8911 -9.990e-29
 188.633472      1.067  37.086957    12.5889    7.99932      1.058    31.6704    23.8939 -9.990e-29
 188.633478      1.051  37.084157    12.5844    7.99340      1.042    31.6715    23.8957 -9.990e-29
 188.633484      1.036  37.080516    12.5807    7.99421      1.027    31.6712    23.8961 -9.990e-29
 188.633490      1.027  37.079584    12.5788    8.00656      1.018    31.6719    23.8970 -9.990e-29
 188.633495      1.026  37.081229    12.5784    8.01264      1.017    31.6738    23.8986 -9.990e-29
 188.633501      1.030  37.082588    12.5780    8.01256      1.021    31.6754    23.8999 -9.990e-29
 188.633507      1.035  37.081539    12.5767    8.01466      1.026    31.6755    23.9002 -9.990e-29
 188.633513      1.041  37.078917    12.5762    8.00141      1.032    31.6734    23.8987 -9.990e-29
 188.633519      1.048  37.078509    12.5793    8.00905      1.039    31.6704    23.8958 -9.990e-29
 188.633524      1.056  37.082565    12.5834    8.00996      1.047    31.6708    23.8953 -9.990e-29
 188.633530      1.067  37.087512    12.5831    8.00189      1.058    31.6758    23.8992 -9.990e-29
 188.633536      1.081  37.087595    12.5781    8.00304      1.072    31.6801    23.9035 -9.990e-29
 188.633542      1.094  37.082358    12.5727    8.00347      1.085    31.6796    23.9042 -9.990e-29
 188.633547      1.099  37.077709    12.5709    8.00512      1.090    31.6767    23.9023 -9.990e-29
 188.633553      1.092  37.078097    12.5728    8.01029      1.083    31.6755    23.9010 -9.990e-29
 188.633559      1.077  37.082346    12.5755    8.00371      1.068    31.6773    23.9018 -9.990e-29
 188.633565      1.066  37.086014    12.5754    7.99809      1.057    31.6809    23.9046 -9.990e-29
 188.633571      1.065  37.085012    12.5723    8.00076      1.056    31.6825    23.9065 -9.990e-29
 188.633576      1.072  37.079679    12.5698    7.99827      1.063    31.6795    23.9047 -9.990e-29
 188.633582      1.082  37.075234    12.5711    8.00729      1.073    31.6742    23.9003 -9.990e-29
 188.633588      1.096  37.075836    12.5745    8.00756      1.087    31.6719    23.8979 -9.990e-29
 188.633594      1.110  37.079475    12.5747    8.00112      1.101    31.6752    23.9004 -9.990e-29
 188.633600      1.122  37.080337    12.5702    8.00368      1.113    31.6798    23.9048 -9.990e-29
 188.633605      1.136  37.076759    12.5646    8.00839      1.127    31.6811    23.9069 -9.990e-29
 188.633611      1.152  37.072934    12.5612    8.01245      1.142    31.6803    23.9069 -9.990e-29
 188.633617      1.165  37.072167    12.5606    8.00983      1.155    31.6801    23.9068 -9.990e-29
 188.633623      1.169  37.073985    12.5608    8.00673      1.159    31.6817    23.9080 -9.990e-29
 188.633628      1.170  37.074633    12.5599    7.99734      1.160    31.6830    23.9093 -9.990e-29
 188.633634      1.171  37.072161    12.5594    7.99201      1.161    31.6811    23.9079 -9.990e-29
 188.633640      1.170  37.070559    12.5610    8.00757      1.160    31.6782    23.9053 -9.990e-29
 188.633646      1.165  37.072166    12.5628    8.01376      1.155    31.6783    23.9050 -9.990e-29
 188.633652      1.165  37.073509    12.5625    8.01545      1.155    31.6798    23.9062 -9.990e-29
 188.633657      1.174  37.071882    12.5601    8.00935      1.164    31.6803    23.9071 -9.990e-29
 188.633663      1.188  37.069035    12.5563    7.99639      1.178    31.6807    23.9082 -9.990e-29
 188.633669      1.201  37.066772    12.5521    8.00741      1.191    31.6821    23.9100 -9.990e-29
 188.633675      1.207  37.064869    12.5496    8.01119      1.197    31.6824    23.9107 -9.990e-29
 188.633681      1.213  37.064707    12.5499    8.02379      1.203    31.6820    23.9104 -9.990e-29
 188.633686      1.223  37.066620    12.5502    8.01965      1.213    31.6836    23.9115 -9.990e-29
 188.633692      1.232  37.066419    12.5491    8.01148      1.222    31.6843    23.9123 -9.990e-29
 188.633698      1.238  37.063266    12.5492    8.00977      1.228    31.6812    23.9099 -9.990e-29
 188.633704      1.241  37.062485    12.5518    8.00857      1.231    31.6783    23.9071 -9.990e-29
 188.633709      1.244  37.065268    12.5548    8.01293      1.234    31.6784    23.9066 -9.990e-29
 188.633715      1.253  37.067465    12.5562    8.01229      1.243    31.6793    23.9071 -9.990e-29
 188.633721      1.260  37.067510    12.5568    8.01284      1.249    31.6788    23.9066 -9.990e-29
 188.633727      1.257  37.067136    12.5578    8.00626      1.247    31.6777    23.9055 -9.990e-29
 188.633733      1.251  37.067517    12.5589    8.00334      1.241    31.6771    23.9048 -9.990e-29
 188.633738      1.251  37.067472    12.5598    8.01235      1.241    31.6763    23.9040 -9.990e-29
 188.633744      1.254  37.066372    12.5600    8.01649      1.244    31.6751    23.9031 -9.990e-29
 188.633750      1.254  37.065544    12.5594    8.02440      1.244    31.6748    23.9030 -9.990e-29
 188.633756      1.256  37.065560    12.5579    8.01751      1.246    31.6761    23.9042 -9.990e-29
 188.633762      1.264  37.065870    12.5563    8.00581      1.253    31.6777    23.9058 -9.990e-29
 188.633767      1.275  37.066318    12.5567    8.00941      1.264    31.6778    23.9058 -9.990e-29
 188.633773      1.285  37.068615    12.5597    8.02003      1.274    31.6774    23.9050 -9.990e-29
 188.633779      1.295  37.073009    12.5626    8.02434      1.284    31.6792    23.9057 -9.990e-29
 188.633785      1.304  37.075812    12.5626    8.02263      1.293    31.6818    23.9078 -9.990e-29
 188.633791      1.315  37.074587    12.5598    8.01432      1.304    31.6830    23.9093 -9.990e-29
 188.633796      1.328  37.069934    12.5571    8.01329      1.317    31.6809    23.9081 -9.990e-29
 188.633802      1.338  37.065739    12.5570    8.01521      1.327    31.6770    23.9051 -9.990e-29
 188.633808      1.343  37.066494    12.5587    8.02495      1.332    31.6763    23.9042 -9.990e-29
 188.633814      1.348  37.069829    12.5584    8.02288      1.337    31.6797    23.9069 -9.990e-29
 188.633819      1.351  37.070647    12.5546    8.01334      1.340    31.6836    23.9107 -9.990e-29
 188.633825      1.350  37.068348    12.5502    8.00230      1.339    31.6852    23.9127 -9.990e-29
 188.633831      1.349  37.064907    12.5476    8.00012      1.338    31.6841    23.9124 -9.990e-29
 188.633837      1.351  37.063016    12.5463    8.00470      1.340    31.6834    23.9121 -9.990e-29
 188.633843      1.353  37.063511    12.5451    8.01003      1.342    31.6849    23.9135 -9.990e-29
 188.633848      1.350  37.064236    12.5437    8.01464      1.339    31.6867    23.9152 -9.990e-29
 188.633854      1.347  37.063347    12.5417    8.00873      1.336    31.6876    23.9162 -9.990e-29
 188.633860      1.348  37.060210    12.5380    8.01460      1.337    31.6877    23.9170 -9.990e-29
 188.633866      1.352  37.055679    12.5343    8.01442      1.341    31.6865    23.9168 -9.990e-29
 188.633872      1.360  37.052120    12.5335    8.02472      1.349    31.6838    23.9149 -9.990e-29
 188.633877      1.373  37.052069    12.5360    8.02670      1.362    31.6816    23.9127 -9.990e-29
 188.633883      1.387  37.054887    12.5391    8.02246      1.375    31.6817    23.9122 -9.990e-29
 188.633889      1.394  37.055908    12.5402    8.02126      1.382    31.6817    23.9120 -9.990e-29
 188.633895      1.394  37.053682    12.5396    8.01876      1.382    31.6801    23.9109 -9.990e-29
 188.633900      1.397  37.052524    12.5396    8.02628      1.385    31.6790    23.9100 -9.990e-29
 188.633906      1.407  37.054808    12.5405    8.01546      1.395    31.6804    23.9109 -9.990e-29
 188.633912      1.425  37.057961    12.5414    8.01664      1.413    31.6827    23.9125 -9.990e-29
 188.633918      1.446  37.060010    12.5423    8.01658      1.434    31.6839    23.9132 -9.990e-29
