data/oxygen options/OCNMS/OCNMS1/raw_data/2006/CTD_CE042_053006faedb.cnv
* Sea-Bird SBE19 Data File:
* FileName = C:\MOORING_DATA_2006\CTD_CE042_053006.hex
* Software Version 1.1.6
* Temperature SN = 2997
* Conductivity SN = 2997
* System UpLoad Time = May 30 2006 15:07:19
* SEACAT PROFILER V3.1c SN 2997   05/30/06  15:06:45.336
* strain gauge pressure sensor: S/N = 184829,  range = 3000 psia,  tc = 40
# nquan = 9
# nvalues = 41                          
# units = specified
# name 0 = timeJ: Julian Days
# name 1 = prSM: Pressure, Strain Gauge [db]
# name 2 = c0mS/cm: Conductivity [mS/cm]
# name 3 = t090C: Temperature [ITS-90, deg C]
# name 4 = oxML/L: Oxygen, Beckman/YSI [ml/l]
# name 5 = depSM: Depth [salt water, m], lat = 47.5
# name 6 = sal00: Salinity, Practical [PSU]
# name 7 = sigma-é00: Density [sigma-theta, kg/m^3]
# name 8 = flag: flag
# span 0 = 150.606053, 150.606552       
# span 1 =      2.000,     42.000       
# span 2 =  35.611611,  37.370544       
# span 3 =     9.5860,    13.7689       
# span 4 =    4.21168,    6.87641       
# span 5 =      1.984,     41.645       
# span 6 =    30.9627,    32.8319       
# span 7 =    23.1161,    25.3282       
# span 8 = 0.0000e+00, 0.0000e+00       
# interval = decibars: 1                
# start_time = May 30 2006 14:29:17 [Instrument's time stamp, header]
# bad_flag = -9.990e-29
*END*
 150.606053      2.000  37.370544    13.7689    6.35136      1.984    30.9627    23.1161 0.0000e+00
 150.606075      3.000  37.208995    13.3335    6.47036      2.975    31.1668    23.3601 0.0000e+00
 150.606091      4.000  37.117334    13.0786    6.49175      3.967    31.2900    23.5053 0.0000e+00
 150.606104      5.000  37.113396    13.0033    6.52962      4.958    31.3482    23.5649 0.0000e+00
 150.606116      6.000  37.090126    12.9409    6.48320      5.950    31.3775    23.5998 0.0000e+00
 150.606127      7.000  37.062897    12.8790    6.34403      6.942    31.4028    23.6313 0.0000e+00
 150.606140      8.000  37.044324    12.7911    6.51324      7.933    31.4581    23.6910 0.0000e+00
 150.606152      9.000  36.945458    12.5992    6.66032      8.925    31.5244    23.7790 0.0000e+00
 150.606164     10.000  36.742998    12.3559    6.75101      9.916    31.5353    23.8335 0.0000e+00
 150.606177     11.000  36.622227    12.2089    6.79896     10.908    31.5432    23.8672 0.0000e+00
 150.606189     12.000  36.561924    12.1293    6.82267     11.899    31.5522    23.8890 0.0000e+00
 150.606200     13.000  36.513128    12.0752    6.86017     12.891    31.5506    23.8978 0.0000e+00
 150.606212     14.000  36.478930    12.0397    6.87641     13.882    31.5473    23.9019 0.0000e+00
 150.606224     15.000  36.455065    12.0105    6.75441     14.874    31.5487    23.9083 0.0000e+00
 150.606236     16.000  36.433759    11.9788    6.58022     15.866    31.5545    23.9187 0.0000e+00
 150.606247     17.000  36.399373    11.9085    6.43657     16.858    31.5806    23.9519 0.0000e+00
 150.606259     18.000  36.298182    11.7401    6.36565     17.849    31.6254    24.0174 0.0000e+00
 150.606270     19.000  36.145942    11.5520    6.30348     18.841    31.6375    24.0609 0.0000e+00
 150.606283     20.000  36.082930    11.4073    6.19256     19.832    31.6996    24.1351 0.0000e+00
 150.606295     21.000  36.083487    11.2857    6.07089     20.824    31.8043    24.2382 0.0000e+00
 150.606306     22.000  36.078676    11.1922    5.96865     21.815    31.8800    24.3135 0.0000e+00
 150.606318     23.000  36.056320    11.0656    5.87661     22.807    31.9674    24.4038 0.0000e+00
 150.606329     24.000  36.024699    10.9090    5.84423     23.799    32.0723    24.5129 0.0000e+00
 150.606341     25.000  35.984724    10.7299    5.87978     24.790    32.1895    24.6352 0.0000e+00
 150.606351     26.000  35.934130    10.5267    6.00212     25.781    32.3181    24.7703 0.0000e+00
 150.606363     27.000  35.885489    10.3702    6.14621     26.773    32.4081    24.8672 0.0000e+00
 150.606375     28.000  35.938269    10.3298    5.86835     27.765    32.4968    24.9431 0.0000e+00
 150.606387     29.000  36.041542    10.2727    5.22365     28.756    32.6515    25.0734 0.0000e+00
 150.606399     30.000  35.910574    10.0439    4.76474     29.748    32.7251    25.1693 0.0000e+00
 150.606411     31.000  35.737488     9.8620    4.51256     30.739    32.7139    25.1907 0.0000e+00
 150.606422     32.000  35.674797     9.7938    4.41647     31.731    32.7115    25.2000 0.0000e+00
 150.606433     33.000  35.670545     9.7713    4.37557     32.722    32.7273    25.2160 0.0000e+00
 150.606445     34.000  35.672219     9.7461    4.33551     33.713    32.7514    25.2391 0.0000e+00
 150.606458     35.000  35.669775     9.7274    4.28583     34.705    32.7655    25.2531 0.0000e+00
 150.606470     36.000  35.650735     9.6796    4.27444     35.696    32.7891    25.2794 0.0000e+00
 150.606481     37.000  35.630319     9.6412    4.28351     36.688    32.8029    25.2965 0.0000e+00
 150.606492     38.000  35.629200     9.6361    4.29935     37.679    32.8060    25.2997 0.0000e+00
 150.606505     39.000  35.628483     9.6308    4.31044     38.671    32.8096    25.3034 0.0000e+00
 150.606517     40.000  35.624404     9.6192    4.29435     39.662    32.8156    25.3100 0.0000e+00
 150.606533     41.000  35.620552     9.6094    4.25953     40.654    32.8202    25.3152 0.0000e+00
 150.606552     42.000  35.611611     9.5860    4.21168     41.645    32.8319    25.3282 0.0000e+00
