data/oxygen options/OCNMS/OCNMS1/raw_data/2006/CTD_CA042_070706_CASTfaed.cnv
* Sea-Bird SBE19 Data File:
* FileName = C:\MOORING_DATA_2006\CTD_CA042_070706_CAST.hex
* Software Version 1.1.8
* Temperature SN = 2997
* Conductivity SN = 2997
* System UpLoad Time = Jul 07 2006 14:21:55
* SEACAT PROFILER V3.1c SN 2997   07/07/06  14:21:02.282
* strain gauge pressure sensor: S/N = 184829,  range = 3000 psia,  tc = 40
# nquan = 9                                 
# nvalues = 2722                        
# units = specified
# name 0 = timeJ: Julian Days
# name 1 = prSM: Pressure, Strain Gauge [db]
# name 2 = c0mS/cm: Conductivity [mS/cm]
# name 3 = t090C: Temperature [ITS-90, deg C]
# name 4 = oxML/L: Oxygen, Beckman/YSI [ml/l]
# name 5 = depSM: Depth [salt water, m], lat = 47.5
# name 6 = sal00: Salinity, Practical [PSU]
# name 7 = sigma-é00: Density [sigma-theta, kg/m^3]
# name 8 = flag: flag
# span 0 = 188.581979, 188.597726       
# span 1 =     -4.990,     33.213       
# span 2 =   0.334317,  37.978799       
# span 3 =     7.8992,    17.8100       
# span 4 =  -12.28759,   40.74256       
# span 5 =     -4.948,     32.933       
# span 6 =     0.1878,    33.4884       
# span 7 =    -1.2224,    26.1004       
# span 8 = 0.0000e+00, 0.0000e+00       
# interval = seconds: 0.5
# start_time = Jul 07 2006 13:58:03 [Instrument's time stamp, header]
# bad_flag = -9.990e-29
*END*
[from data line 801]
 188.586615     30.589  34.721433     7.9096    2.75004     30.331    33.4742    26.0893 -9.990e-29
 188.586620     30.579  34.721523     7.9097    2.75002     30.322    33.4743    26.0893 -9.990e-29
 188.586626     30.569  34.721780     7.9097    2.74935     30.312    33.4745    26.0895 -9.990e-29
 188.586632     30.563  34.721975     7.9098    2.74949     30.306    33.4746    26.0896 -9.990e-29
 188.586638     30.562  34.721796     7.9103    2.74993     30.305    33.4740    26.0890 -9.990e-29
 188.586644     30.563  34.721556     7.9109    2.74870     30.306    33.4731    26.0883 -9.990e-29
 188.586649     30.564  34.721484     7.9111    2.75874     30.307    33.4729    26.0880 -9.990e-29
 188.586655     30.561  34.721473     7.9109    2.76067     30.304    33.4731    26.0882 -9.990e-29
 188.586661     30.553  34.721501     7.9109    2.75144     30.296    33.4731    26.0882 -9.990e-29
 188.586667     30.543  34.721594     7.9111    2.76585     30.286    33.4730    26.0881 -9.990e-29
 188.586672     30.537  34.721863     7.9113    2.75652     30.280    33.4731    26.0882 -9.990e-29
 188.586678     30.528  34.722098     7.9112    2.75657     30.271    33.4735    26.0884 -9.990e-29
 188.586684     30.516  34.722040     7.9110    2.75646     30.259    33.4736    26.0886 -9.990e-29
 188.586690     30.505  34.722163     7.9111    2.75027     30.248    33.4736    26.0886 -9.990e-29
 188.586696     30.494  34.722620     7.9115    2.75461     30.237    33.4737    26.0886 -9.990e-29
 188.586701     30.487  34.722891     7.9119    2.75517     30.230    33.4737    26.0885 -9.990e-29
 188.586707     30.483  34.722764     7.9121    2.75447     30.226    33.4733    26.0882 -9.990e-29
 188.586713     30.477  34.722623     7.9122    2.74514     30.220    33.4731    26.0880 -9.990e-29
 188.586719     30.470  34.722830     7.9122    2.75315     30.213    33.4733    26.0882 -9.990e-29
 188.586725     30.461  34.723088     7.9121    2.74598     30.205    33.4737    26.0885 -9.990e-29
 188.586730     30.454  34.723170     7.9121    2.75447     30.198    33.4738    26.0886 -9.990e-29
 188.586736     30.452  34.723177     7.9124    2.75952     30.196    33.4735    26.0883 -9.990e-29
 188.586742     30.455  34.723106     7.9124    2.74794     30.199    33.4734    26.0882 -9.990e-29
 188.586748     30.463  34.722855     7.9121    2.74857     30.207    33.4734    26.0883 -9.990e-29
 188.586753     30.473  34.722639     7.9120    2.74431     30.216    33.4733    26.0882 -9.990e-29
 188.586759     30.477  34.722719     7.9120    2.74569     30.220    33.4734    26.0883 -9.990e-29
 188.586765     30.475  34.722630     7.9118    2.75001     30.218    33.4735    26.0884 -9.990e-29
 188.586771     30.475  34.722244     7.9112    2.75091     30.218    33.4736    26.0886 -9.990e-29
 188.586777     30.478  34.722156     7.9106    2.75091     30.221    33.4741    26.0891 -9.990e-29
 188.586782     30.476  34.722239     7.9102    2.75036     30.219    33.4746    26.0895 -9.990e-29
 188.586788     30.471  34.722034     7.9101    2.75097     30.214    33.4745    26.0894 -9.990e-29
 188.586794     30.473  34.721816     7.9104    2.74142     30.216    33.4739    26.0890 -9.990e-29
 188.586800     30.477  34.721848     7.9109    2.73923     30.220    33.4735    26.0885 -9.990e-29
 188.586806     30.479  34.722159     7.9113    2.74788     30.222    33.4734    26.0884 -9.990e-29
 188.586811     30.480  34.722593     7.9112    2.74335     30.223    33.4740    26.0889 -9.990e-29
 188.586817     30.483  34.722598     7.9100    2.74558     30.226    33.4752    26.0900 -9.990e-29
 188.586823     30.494  34.722170     7.9085    2.74371     30.237    33.4761    26.0909 -9.990e-29
 188.586829     30.508  34.721849     7.9075    2.73235     30.251    33.4767    26.0916 -9.990e-29
 188.586834     30.519  34.721759     7.9071    2.74374     30.262    33.4770    26.0919 -9.990e-29
 188.586840     30.522  34.721767     7.9076    2.74584     30.265    33.4766    26.0914 -9.990e-29
 188.586846     30.518  34.721873     7.9089    2.74791     30.261    33.4754    26.0903 -9.990e-29
 188.586852     30.505  34.722209     7.9101    2.74148     30.248    33.4746    26.0895 -9.990e-29
 188.586858     30.485  34.722652     7.9105    2.73442     30.228    33.4747    26.0896 -9.990e-29
 188.586863     30.459  34.722660     7.9102    2.73398     30.203    33.4750    26.0898 -9.990e-29
 188.586869     30.434  34.722049     7.9093    2.73604     30.178    33.4753    26.0901 -9.990e-29
 188.586875     30.410  34.721120     7.9079    2.74895     30.154    33.4756    26.0906 -9.990e-29
 188.586881     30.375  34.720119     7.9065    2.74129     30.119    33.4759    26.0911 -9.990e-29
 188.586887     30.323  34.719379     7.9056    2.73898     30.068    33.4760    26.0913 -9.990e-29
 188.586892     30.256  34.719395     7.9054    2.73657     30.001    33.4762    26.0915 -9.990e-29
 188.586898     30.173  34.720177     7.9056    2.73423     29.919    33.4769    26.0920 -9.990e-29
 188.586904     30.064  34.721075     7.9059    2.73810     29.811    33.4777    26.0925 -9.990e-29
 188.586910     29.911  34.721591     7.9069    2.74607     29.659    33.4773    26.0921 0.0000e+00
 188.586916     29.694  34.721843     7.9083    2.75773     29.444    33.4764    26.0911 0.0000e+00
 188.586921     29.413  34.722153     7.9096    2.75860     29.165    33.4756    26.0903 0.0000e+00
 188.586927     29.076  34.722366     7.9115    2.76515     28.831    33.4741    26.0889 0.0000e+00
 188.586933     28.695  34.722197     7.9139    2.76047     28.454    33.4718    26.0868 0.0000e+00
 188.586939     28.290  34.721970     7.9160    2.75436     28.052    33.4698    26.0848 0.0000e+00
 188.586944     27.867  34.721937     7.9177    2.75960     27.633    33.4683    26.0834 0.0000e+00
 188.586950     27.427  34.722045     7.9193    2.76473     27.196    33.4671    26.0822 0.0000e+00
 188.586956     26.971  34.722432     7.9220    2.77248     26.744    33.4651    26.0803 0.0000e+00
 188.586962     26.504  34.723043     7.9262    2.78834     26.281    33.4620    26.0772 0.0000e+00
 188.586968     26.036  34.723564     7.9313    2.80822     25.817    33.4579    26.0732 0.0000e+00
 188.586973     25.574  34.724122     7.9376    2.83309     25.359    33.4527    26.0682 0.0000e+00
 188.586979     25.120  34.725453     7.9467    2.85677     24.909    33.4456    26.0613 0.0000e+00
 188.586985     24.675  34.728203     7.9599    2.90255     24.468    33.4361    26.0519 0.0000e+00
 188.586991     24.244  34.732665     7.9773    2.96039     24.040    33.4245    26.0402 0.0000e+00
 188.586997     23.835  34.739735     7.9987    3.00774     23.635    33.4118    26.0271 0.0000e+00
 188.587002     23.455  34.753225     8.0255    3.03848     23.258    33.4008    26.0145 0.0000e+00
 188.587008     23.111  34.777660     8.0567    3.05303     22.917    33.3972    26.0072 0.0000e+00
 188.587014     22.802  34.803559     8.0766    3.05870     22.610    33.4060    26.0111 0.0000e+00
 188.587020     22.525  34.808255     8.0759    3.06783     22.336    33.4118    26.0158 0.0000e+00
 188.587025     22.272  34.796887     8.0730    3.11761     22.085    33.4026    26.0090 0.0000e+00
 188.587031     22.026  34.793541     8.0831    3.18657     21.841    33.3895    25.9972 0.0000e+00
 188.587037     21.784  34.798789     8.1080    3.26115     21.601    33.3715    25.9794 0.0000e+00
 188.587043     21.557  34.809523     8.1440    3.32848     21.376    33.3487    25.9562 0.0000e+00
 188.587049     21.352  34.826028     8.1815    3.34898     21.173    33.3307    25.9365 0.0000e+00
 188.587054     21.173  34.842269     8.2126    3.36759     20.995    33.3185    25.9223 0.0000e+00
 188.587060     21.026  34.854105     8.2330    3.38933     20.849    33.3118    25.9140 -9.990e-29
 188.587066     20.914  34.859933     8.2432    3.40006     20.738    33.3084    25.9098 -9.990e-29
 188.587072     20.833  34.860789     8.2478    3.40750     20.658    33.3050    25.9064 -9.990e-29
 188.587078     20.780  34.860050     8.2492    3.41842     20.606    33.3029    25.9046 -9.990e-29
 188.587083     20.746  34.860084     8.2477    3.40727     20.572    33.3043    25.9060 -9.990e-29
 188.587089     20.721  34.860367     8.2460    3.40822     20.547    33.3063    25.9077 -9.990e-29
 188.587095     20.703  34.860704     8.2470    3.41545     20.529    33.3057    25.9071 -9.990e-29
 188.587101     20.696  34.861532     8.2522    3.40531     20.522    33.3016    25.9032 -9.990e-29
 188.587106     20.693  34.862260     8.2591    3.41053     20.519    33.2959    25.8976 -9.990e-29
 188.587112     20.692  34.863288     8.2630    3.39698     20.518    33.2933    25.8950 -9.990e-29
 188.587118     20.692  34.864856     8.2620    3.39195     20.518    33.2959    25.8972 -9.990e-29
 188.587124     20.694  34.864559     8.2578    3.39398     20.520    33.2995    25.9007 -9.990e-29
 188.587130     20.696  34.861992     8.2541    3.39696     20.522    33.3003    25.9019 -9.990e-29
 188.587135     20.699  34.860450     8.2538    3.38747     20.525    33.2990    25.9008 -9.990e-29
 188.587141     20.704  34.862350     8.2569    3.38839     20.530    33.2980    25.8997 -9.990e-29
 188.587147     20.711  34.867409     8.2617    3.39287     20.537    33.2989    25.8996 -9.990e-29
 188.587153     20.719  34.872829     8.2659    3.39306     20.545    33.3006    25.9003 -9.990e-29
 188.587159     20.727  34.875174     8.2675    3.40403     20.553    33.3016    25.9009 -9.990e-29
 188.587164     20.729  34.873075     8.2663    3.40885     20.555    33.3005    25.9002 -9.990e-29
 188.587170     20.726  34.868208     8.2643    3.39739     20.552    33.2972    25.8979 -9.990e-29
 188.587176     20.717  34.864727     8.2637    3.40199     20.543    33.2941    25.8956 -9.990e-29
 188.587182     20.711  34.865828     8.2653    3.40805     20.537    33.2938    25.8951 -9.990e-29
 188.587188     20.716  34.869606     8.2681    3.40717     20.542    33.2951    25.8957 -9.990e-29
 188.587193     20.724  34.872114     8.2697    3.41727     20.550    33.2963    25.8964 -9.990e-29
 188.587199     20.722  34.872200     8.2695    3.42280     20.548    33.2965    25.8966 -9.990e-29
 188.587205     20.710  34.870527     8.2687    3.41978     20.536    33.2955    25.8959 -9.990e-29
 188.587211     20.695  34.868779     8.2688    3.41773     20.521    33.2936    25.8944 -9.990e-29
 188.587216     20.686  34.869101     8.2700    3.41115     20.512    33.2928    25.8936 -9.990e-29
 188.587222     20.687  34.871913     8.2712    3.41580     20.513    33.2946    25.8949 -9.990e-29
 188.587228     20.692  34.875347     8.2715    3.40894     20.518    33.2980    25.8974 -9.990e-29
 188.587234     20.699  34.876681     8.2712    3.41644     20.525    33.2997    25.8988 -9.990e-29
 188.587240     20.702  34.875440     8.2715    3.42482     20.528    33.2981    25.8975 -9.990e-29
 188.587245     20.699  34.875002     8.2734    3.42493     20.525    33.2958    25.8955 -9.990e-29
 188.587251     20.693  34.877015     8.2759    3.42720     20.519    33.2956    25.8949 -9.990e-29
 188.587257     20.687  34.879107     8.2779    3.42989     20.513    33.2959    25.8949 -9.990e-29
 188.587263     20.687  34.880694     8.2803    3.43780     20.513    33.2953    25.8940 -9.990e-29
 188.587269     20.696  34.883319     8.2837    3.43912     20.522    33.2949    25.8932 -9.990e-29
 188.587274     20.707  34.886549     8.2863    3.44615     20.533    33.2958    25.8935 -9.990e-29
 188.587280     20.710  34.888511     8.2864    3.44178     20.536    33.2978    25.8951 -9.990e-29
 188.587286     20.708  34.888446     8.2849    3.43728     20.534    33.2992    25.8964 -9.990e-29
 188.587292     20.699  34.886257     8.2838    3.44351     20.525    33.2979    25.8955 -9.990e-29
 188.587297     20.691  34.883498     8.2845    3.45915     20.517    33.2943    25.8926 -9.990e-29
 188.587303     20.692  34.882650     8.2870    3.45491     20.518    33.2911    25.8897 -9.990e-29
 188.587309     20.699  34.884252     8.2898    3.45074     20.525    33.2901    25.8885 -9.990e-29
 188.587315     20.708  34.887065     8.2917    3.45114     20.534    33.2913    25.8892 -9.990e-29
 188.587321     20.714  34.888662     8.2923    3.45626     20.540    33.2924    25.8899 -9.990e-29
 188.587326     20.714  34.888358     8.2930    3.47099     20.540    33.2914    25.8891 -9.990e-29
 188.587332     20.712  34.888539     8.2948    3.47083     20.538    33.2899    25.8876 -9.990e-29
 188.587338     20.713  34.891120     8.2974    3.46459     20.539    33.2902    25.8874 -9.990e-29
 188.587344     20.716  34.894484     8.2991    3.44917     20.542    33.2921    25.8887 -9.990e-29
 188.587350     20.721  34.896376     8.3000    3.45306     20.547    33.2933    25.8895 -9.990e-29
 188.587355     20.730  34.896504     8.3009    3.45425     20.556    33.2926    25.8888 -9.990e-29
 188.587361     20.737  34.895029     8.3014    3.45701     20.563    33.2905    25.8871 -9.990e-29
 188.587367     20.735  34.892775     8.3007    3.45815     20.561    33.2888    25.8859 -9.990e-29
 188.587373     20.721  34.890651     8.2988    3.45501     20.547    33.2883    25.8858 -9.990e-29
 188.587378     20.696  34.889181     8.2971    3.45505     20.522    33.2884    25.8861 -9.990e-29
 188.587384     20.672  34.888636     8.2972    3.46431     20.498    33.2877    25.8856 -9.990e-29
 188.587390     20.661  34.888839     8.2989    3.45650     20.488    33.2864    25.8842 -9.990e-29
 188.587396     20.661  34.889491     8.3005    3.46369     20.488    33.2855    25.8833 -9.990e-29
 188.587402     20.665  34.889769     8.3011    3.46350     20.492    33.2853    25.8830 -9.990e-29
 188.587407     20.669  34.889470     8.3015    3.46154     20.495    33.2846    25.8824 -9.990e-29
 188.587413     20.676  34.889307     8.3025    3.46350     20.502    33.2834    25.8814 -9.990e-29
 188.587419     20.692  34.889611     8.3036    3.45940     20.518    33.2827    25.8807 -9.990e-29
 188.587425     20.709  34.890216     8.3038    3.46850     20.535    33.2832    25.8810 -9.990e-29
 188.587431     20.715  34.890235     8.3030    3.47046     20.541    33.2839    25.8817 -9.990e-29
 188.587436     20.706  34.889122     8.3017    3.47043     20.532    33.2840    25.8819 -9.990e-29
 188.587442     20.687  34.887626     8.3003    3.46828     20.513    33.2837    25.8820 -9.990e-29
 188.587448     20.664  34.886546     8.2994    3.46400     20.491    33.2835    25.8819 -9.990e-29
 188.587454     20.644  34.886113     8.2996    3.46407     20.471    33.2828    25.8813 -9.990e-29
 188.587459     20.635  34.886297     8.3004    3.46483     20.462    33.2823    25.8808 -9.990e-29
 188.587465     20.637  34.886774     8.3012    3.47321     20.464    33.2820    25.8805 -9.990e-29
 188.587471     20.640  34.887049     8.3019    3.46602     20.467    33.2816    25.8801 -9.990e-29
 188.587477     20.641  34.886914     8.3025    3.46491     20.468    33.2809    25.8794 -9.990e-29
 188.587483     20.640  34.886740     8.3030    3.46214     20.467    33.2803    25.8788 -9.990e-29
 188.587488     20.636  34.886846     8.3037    3.46084     20.463    33.2797    25.8783 -9.990e-29
 188.587494     20.635  34.886801     8.3051    3.47309     20.462    33.2783    25.8770 -9.990e-29
 188.587500     20.639  34.886534     8.3065    3.47512     20.466    33.2767    25.8755 -9.990e-29
 188.587506     20.649  34.886240     8.3075    3.47512     20.476    33.2755    25.8744 -9.990e-29
 188.587512     20.666  34.886076     8.3081    3.47323     20.492    33.2747    25.8737 -9.990e-29
 188.587517     20.683  34.886375     8.3081    3.47802     20.509    33.2750    25.8740 -9.990e-29
 188.587523     20.691  34.886402     8.3077    3.47946     20.517    33.2754    25.8743 -9.990e-29
 188.587529     20.697  34.886181     8.3072    3.48009     20.523    33.2757    25.8746 -9.990e-29
