data/oxygen options/OCNMS/OCNMS1/raw_data/2006/CTD_TH042_071706_CASTfaed.cnv
* Sea-Bird SBE19 Data File:
* FileName = C:\MOORING_DATA_2006\CTD_TH042_071706_CAST.hex
* Software Version 1.1.8
* Temperature SN = 2997
* Conductivity SN = 2997
* System UpLoad Time = Jul 17 2006 10:59:55
* SEACAT PROFILER V3.1c SN 2997   07/17/06  10:58:52.633
* strain gauge pressure sensor: S/N = 184829,  range = 3000 psia,  tc = 40
# nquan = 9                                 
# nvalues = 1976                        
# units = specified
# name 0 = timeJ: Julian Days
# name 1 = prSM: Pressure, Strain Gauge [db]
# name 2 = c0mS/cm: Conductivity [mS/cm]
# name 3 = t090C: Temperature [ITS-90, deg C]
# name 4 = oxML/L: Oxygen, Beckman/YSI [ml/l]
# name 5 = depSM: Depth [salt water, m], lat = 47.5
# name 6 = sal00: Salinity, Practical [PSU]
# name 7 = sigma-é00: Density [sigma-theta, kg/m^3]
# name 8 = flag: flag
# span 0 = 198.445451, 198.456881       
# span 1 =     -5.368,     36.581       
# span 2 =   0.092360,  38.696208       
# span 3 =     7.7573,    17.9013       
# span 4 =  -13.12847,   32.17280       
# span 5 =     -5.323,     36.272       
# span 6 =     0.0536,    33.6317       
# span 7 =    -1.3430,    26.2345       
# span 8 = 0.0000e+00, 0.0000e+00       
# interval = seconds: 0.5
# start_time = Jul 17 2006 10:41:27 [Instrument's time stamp, header]
# bad_flag = -9.990e-29
*END*
[from data line 161]
 198.446383     -1.307  28.734320    14.1915   -0.05768     -1.296    22.9009    16.8234 -9.990e-29
 198.446389     -1.133  35.050152    13.8906   -0.05770     -1.124    28.7454    21.3810 -9.990e-29
 198.446395     -0.956  37.171556    13.7516   -0.05769     -0.948    30.7946    22.9896 -9.990e-29
 198.446400     -0.784  37.883148    13.6912   -0.05774     -0.777    31.5006    23.5468 -9.990e-29
 198.446406     -0.629  38.157187    13.6858   -0.05776     -0.624    31.7587    23.7473 -9.990e-29
 198.446412     -0.501  38.316347    13.7101   -0.05773     -0.497    31.8859    23.8406 -9.990e-29
 198.446418     -0.402  38.388198    13.7286   -0.05765     -0.399    31.9370    23.8764 -9.990e-29
 198.446424     -0.320  38.387698    13.7305   -0.05763     -0.317    31.9349    23.8744 -9.990e-29
 198.446429     -0.242  38.419595    13.7311   -0.05772     -0.240    31.9639    23.8967 -9.990e-29
 198.446435     -0.168  38.505606    13.7417   -0.05774     -0.167    32.0347    23.9492 -9.990e-29
 198.446441     -0.109  38.582505    13.7581   -0.05773     -0.108    32.0922    23.9903 -9.990e-29
 198.446447     -0.071  38.608574    13.7707   -0.05772     -0.070    32.1058    23.9982 -9.990e-29
 198.446453     -0.046  38.571383    13.7695   -0.05777     -0.046    32.0724    23.9726 -9.990e-29
 198.446458     -0.025  38.501514    13.7564   -0.05779     -0.025    32.0186    23.9338 -9.990e-29
 198.446464     -0.002  38.460033    13.7440   -0.05785     -0.002    31.9905    23.9146 -9.990e-29
 198.446470      0.024  38.491430    13.7401   -0.05785      0.024    32.0229    23.9404 -9.990e-29
 198.446476      0.056  38.593742    13.7434   -0.05785      0.056    32.1149    24.0108 -9.990e-29
 198.446481      0.090  38.694614    13.7456   -0.05785      0.089    32.2065    24.0811 -9.990e-29
 198.446487      0.121  38.696208    13.7440   -0.05788      0.120    32.2093    24.0836 -9.990e-29
 198.446493      0.146  38.617979    13.7461   -0.05793      0.145    32.1351    24.0258 -9.990e-29
 198.446499      0.166  38.559221    13.7465   -0.05790      0.165    32.0803    23.9834 -9.990e-29
 198.446505      0.184  38.523997    13.7199   -0.05794      0.182    32.0699    23.9808 -9.990e-29
 198.446510      0.200  38.487160    13.6671   -0.05792      0.198    32.0799    23.9992 -9.990e-29
 198.446516      0.215  38.515107    13.6277   -0.05799      0.213    32.1389    24.0528 -9.990e-29
 198.446522      0.230  38.614736    13.6271   -0.05801      0.228    32.2320    24.1248 -9.990e-29
 198.446528      0.242  38.670270    13.6518   -0.05793      0.240    32.2628    24.1436 -9.990e-29
 198.446534      0.247  38.620471    13.6679   -0.05799      0.245    32.2030    24.0941 -9.990e-29
 198.446539      0.251  38.506039    13.6541   -0.05797      0.249    32.1083    24.0238 -9.990e-29
 198.446545      0.256  38.412225    13.6167   -0.05805      0.254    32.0526    23.9882 -9.990e-29
 198.446551      0.265  38.395661    13.5786   -0.05806      0.263    32.0691    24.0087 -9.990e-29
 198.446557      0.276  38.463929    13.5640   -0.05807      0.274    32.1449    24.0702 -9.990e-29
 198.446563      0.292  38.560992    13.5736   -0.05806      0.290    32.2271    24.1318 -9.990e-29
 198.446568      0.309  38.581681    13.5846   -0.05804      0.306    32.2371    24.1373 -9.990e-29
 198.446574      0.322  38.500218    13.5820   -0.05807      0.319    32.1635    24.0809 -9.990e-29
 198.446580      0.339  38.395873    13.5671   -0.05808      0.336    32.0789    24.0186 -9.990e-29
 198.446586      0.359  38.379683    13.5527   -0.05813      0.356    32.0759    24.0192 -9.990e-29
 198.446591      0.376  38.446268    13.5524   -0.05809      0.373    32.1382    24.0673 -9.990e-29
 198.446597      0.386  38.480127    13.5602   -0.05806      0.383    32.1631    24.0850 -9.990e-29
 198.446603      0.390  38.420302    13.5598   -0.05803      0.387    32.1078    24.0423 -9.990e-29
 198.446609      0.388  38.305903    13.5482   -0.05805      0.385    32.0111    23.9699 -9.990e-29
 198.446615      0.385  38.236799    13.5384   -0.05804      0.382    31.9550    23.9285 -9.990e-29
 198.446620      0.388  38.249268    13.5405   -0.05801      0.385    31.9648    23.9357 -9.990e-29
 198.446626      0.398  38.286938    13.5467   -0.05801      0.395    31.9947    23.9576 -9.990e-29
 198.446632      0.407  38.283276    13.5399   -0.05803      0.404    31.9970    23.9607 -9.990e-29
 198.446638      0.416  38.236144    13.5197   -0.05809      0.413    31.9700    23.9439 -9.990e-29
 198.446644      0.428  38.215041    13.5059   -0.05811      0.424    31.9619    23.9404 -9.990e-29
 198.446649      0.442  38.261334    13.5102   -0.05804      0.438    32.0014    23.9701 -9.990e-29
 198.446655      0.453  38.336255    13.5249   -0.05801      0.449    32.0588    24.0115 -9.990e-29
 198.446661      0.463  38.375813    13.5376   -0.05798      0.459    32.0850    24.0292 -9.990e-29
 198.446667      0.471  38.366488    13.5426   -0.05797      0.467    32.0721    24.0182 -9.990e-29
 198.446672      0.478  38.343479    13.5408   -0.05802      0.474    32.0522    24.0032 -9.990e-29
 198.446678      0.485  38.346738    13.5372   -0.05808      0.481    32.0582    24.0086 -9.990e-29
 198.446684      0.493  38.375498    13.5361   -0.05809      0.489    32.0859    24.0302 -9.990e-29
 198.446690      0.501  38.383326    13.5366   -0.05807      0.497    32.0928    24.0354 -9.990e-29
 198.446696      0.514  38.337395    13.5368   -0.05807      0.510    32.0499    24.0022 -9.990e-29
 198.446701      0.534  38.270655    13.5384   -0.05800      0.530    31.9864    23.9528 -9.990e-29
 198.446707      0.549  38.264052    13.5453   -0.05806      0.544    31.9745    23.9422 -9.990e-29
 198.446713      0.555  38.327792    13.5551   -0.05810      0.550    32.0256    23.9798 -9.990e-29
 198.446719      0.561  38.387465    13.5613   -0.05815      0.556    32.0759    24.0174 -9.990e-29
 198.446725      0.568  38.405880    13.5631   -0.05821      0.563    32.0915    24.0291 -9.990e-29
 198.446730      0.573  38.377795    13.5624   -0.05817      0.568    32.0660    24.0095 -9.990e-29
 198.446736      0.578  38.298804    13.5580   -0.05816      0.573    31.9962    23.9565 -9.990e-29
 198.446742      0.590  38.215004    13.5506   -0.05814      0.585    31.9244    23.9025 -9.990e-29
 198.446748      0.604  38.191884    13.5481   -0.05810      0.599    31.9050    23.8880 -9.990e-29
 198.446753      0.614  38.227168    13.5528   -0.05812      0.609    31.9339    23.9094 -9.990e-29
 198.446759      0.614  38.269656    13.5552   -0.05815      0.609    31.9714    23.9379 -9.990e-29
 198.446765      0.610  38.266534    13.5467   -0.05815      0.605    31.9756    23.9428 -9.990e-29
 198.446771      0.610  38.198431    13.5255   -0.05815      0.605    31.9300    23.9118 -9.990e-29
 198.446777      0.619  38.119789    13.5018   -0.05810      0.614    31.8766    23.8753 -9.990e-29
 198.446782      0.631  38.086704    13.4902   -0.05810      0.626    31.8555    23.8613 -9.990e-29
 198.446788      0.641  38.104928    13.4900   -0.05809      0.636    31.8726    23.8746 -9.990e-29
 198.446794      0.643  38.147638    13.4949   -0.05812      0.638    31.9083    23.9011 -9.990e-29
 198.446800      0.638  38.185320    13.5033   -0.05814      0.633    31.9363    23.9212 -9.990e-29
 198.446806      0.631  38.215417    13.5122   -0.05814      0.626    31.9569    23.9353 -9.990e-29
 198.446811      0.629  38.221895    13.5192   -0.05814      0.624    31.9571    23.9340 -9.990e-29
 198.446817      0.636  38.183036    13.5234   -0.05814      0.631    31.9174    23.9025 -9.990e-29
 198.446823      0.653  38.129440    13.5245   -0.05811      0.648    31.8666    23.8630 -9.990e-29
 198.446829      0.677  38.105717    13.5250   -0.05814      0.671    31.8441    23.8456 -9.990e-29
 198.446834      0.700  38.127863    13.5279   -0.05817      0.694    31.8623    23.8590 -9.990e-29
 198.446840      0.720  38.173167    13.5333   -0.05818      0.714    31.8999    23.8870 -9.990e-29
 198.446846      0.738  38.193693    13.5372   -0.05816      0.732    31.9157    23.8985 -9.990e-29
 198.446852      0.755  38.172987    13.5353   -0.05813      0.749    31.8981    23.8852 -9.990e-29
 198.446858      0.773  38.129946    13.5273   -0.05814      0.767    31.8647    23.8610 -9.990e-29
 198.446863      0.792  38.101374    13.5175   10.96474      0.785    31.8463    23.8487 -9.990e-29
 198.446869      0.809  38.109724    13.5125   28.88983      0.802    31.8582    23.8590 -9.990e-29
 198.446875      0.817  38.138626    13.5144   32.17280      0.810    31.8835    23.8781 -9.990e-29
 198.446881      0.816  38.161524    13.5176   29.93433      0.809    31.9021    23.8919 -9.990e-29
 198.446887      0.815  38.153949    13.5180   21.69163      0.808    31.8948    23.8861 -9.990e-29
 198.446892      0.819  38.112539    13.5163   14.85061      0.812    31.8576    23.8578 -9.990e-29
 198.446898      0.826  38.071303    13.5151   14.94731      0.819    31.8203    23.8291 -9.990e-29
 198.446904      0.834  38.064479    13.5176   14.93808      0.827    31.8118    23.8221 -9.990e-29
 198.446910      0.839  38.088594    13.5238   14.99791      0.832    31.8291    23.8342 -9.990e-29
 198.446916      0.841  38.105687    13.5315   12.52438      0.834    31.8386    23.8400 -9.990e-29
 198.446921      0.840  38.083585    13.5377    3.46432      0.833    31.8129    23.8189 -9.990e-29
 198.446927      0.840  38.037719    13.5400    0.03852      0.833    31.7683    23.7840 -9.990e-29
 198.446933      0.846  38.003449    13.5399   -0.49088      0.839    31.7365    23.7595 -9.990e-29
 198.446939      0.854  37.987273    13.5418    1.82110      0.847    31.7199    23.7463 -9.990e-29
 198.446944      0.856  37.984472    13.5463    5.49146      0.849    31.7136    23.7405 -9.990e-29
 198.446950      0.851  37.990764    13.5494    6.00762      0.844    31.7169    23.7424 -9.990e-29
 198.446956      0.849  37.996602    13.5480    6.21276      0.842    31.7235    23.7477 -9.990e-29
 198.446962      0.852  37.995762    13.5439    6.35907      0.845    31.7261    23.7506 -9.990e-29
 198.446968      0.862  37.991069    13.5420    6.47169      0.855    31.7233    23.7488 -9.990e-29
 198.446973      0.875  37.990308    13.5435    6.50344      0.868    31.7213    23.7470 -9.990e-29
 198.446979      0.883  37.993037    13.5471    6.54745      0.876    31.7209    23.7459 -9.990e-29
 198.446985      0.882  37.996179    13.5518    6.57240      0.875    31.7199    23.7442 -9.990e-29
 198.446991      0.873  37.999450    13.5566    6.57973      0.866    31.7190    23.7425 -9.990e-29
 198.446997      0.858  38.002180    13.5603    6.58956      0.851    31.7184    23.7414 -9.990e-29
 198.447002      0.846  38.004099    13.5619    6.57237      0.839    31.7189    23.7414 -9.990e-29
 198.447008      0.844  38.005540    13.5619    6.58451      0.837    31.7202    23.7425 -9.990e-29
 198.447014      0.857  38.006199    13.5613    6.59661      0.850    31.7213    23.7434 -9.990e-29
 198.447020      0.876  38.005288    13.5602    6.60373      0.869    31.7214    23.7437 -9.990e-29
 198.447025      0.895  38.004412    13.5570    6.60088      0.888    31.7232    23.7458 -9.990e-29
 198.447031      0.914  38.001294    13.5475    6.59357      0.906    31.7282    23.7515 -9.990e-29
 198.447037      0.930  37.986746    13.5321    6.60248      0.922    31.7275    23.7540 -9.990e-29
 198.447043      0.941  37.967754    13.5189    6.60813      0.933    31.7208    23.7515 -9.990e-29
 198.447049      0.947  37.961645    13.5124    6.61938      0.939    31.7205    23.7526 -9.990e-29
 198.447054      0.949  37.961969    13.5118    6.62120      0.941    31.7213    23.7533 -9.990e-29
 198.447060      0.945  37.957952    13.5131    6.62509      0.937    31.7165    23.7493 -9.990e-29
 198.447066      0.937  37.953229    13.5141    6.62010      0.929    31.7112    23.7451 -9.990e-29
 198.447072      0.928  37.953301    13.5178    6.62180      0.920    31.7082    23.7420 -9.990e-29
 198.447078      0.921  37.960526    13.5256    6.61522      0.913    31.7085    23.7407 -9.990e-29
 198.447083      0.917  37.969405    13.5330    6.60315      0.909    31.7106    23.7408 -9.990e-29
 198.447089      0.919  37.974963    13.5344    6.58652      0.911    31.7146    23.7436 -9.990e-29
 198.447095      0.932  37.977334    13.5316    6.58044      0.924    31.7191    23.7477 -9.990e-29
 198.447101      0.956  37.978578    13.5304    6.58618      0.948    31.7213    23.7496 -9.990e-29
 198.447106      0.989  37.979248    13.5310    6.58935      0.981    31.7214    23.7495 -9.990e-29
 198.447112      1.020  37.976886    13.5297    6.58496      1.011    31.7203    23.7489 -9.990e-29
 198.447118      1.038  37.974526    13.5231    6.58080      1.029    31.7235    23.7528 -9.990e-29
 198.447124      1.040  37.971844    13.5107    6.58978      1.031    31.7313    23.7613 -9.990e-29
 198.447130      1.030  37.964158    13.4980    6.59061      1.021    31.7348    23.7665 -9.990e-29
 198.447135      1.021  37.954699    13.4905    6.60443      1.012    31.7322    23.7660 -9.990e-29
 198.447141      1.020  37.946580    13.4865    6.59625      1.011    31.7280    23.7635 -9.990e-29
 198.447147      1.024  37.939086    13.4821    6.58782      1.015    31.7246    23.7618 -9.990e-29
 198.447153      1.028  37.932898    13.4791    6.58514      1.019    31.7214    23.7599 -9.990e-29
 198.447159      1.032  37.932125    13.4801    6.58979      1.023    31.7198    23.7585 -9.990e-29
 198.447164      1.038  37.937431    13.4829    6.58050      1.029    31.7224    23.7599 -9.990e-29
 198.447170      1.048  37.941321    13.4852    6.57885      1.039    31.7241    23.7608 -9.990e-29
 198.447176      1.069  37.937780    13.4866    6.58211      1.060    31.7197    23.7571 -9.990e-29
 198.447182      1.092  37.928834    13.4876    6.57833      1.083    31.7105    23.7498 -9.990e-29
 198.447188      1.108  37.925011    13.4875    6.59435      1.099    31.7070    23.7471 -9.990e-29
 198.447193      1.112  37.929084    13.4847    6.59085      1.103    31.7131    23.7524 -9.990e-29
 198.447199      1.109  37.929107    13.4780    6.59866      1.100    31.7187    23.7581 -9.990e-29
 198.447205      1.107  37.920079    13.4686    6.59582      1.098    31.7181    23.7595 -9.990e-29
 198.447211      1.106  37.910737    13.4618    6.59178      1.097    31.7151    23.7585 -9.990e-29
 198.447216      1.102  37.908836    13.4602    6.58268      1.093    31.7147    23.7585 -9.990e-29
 198.447222      1.099  37.912414    13.4615    6.58445      1.090    31.7169    23.7599 -9.990e-29
 198.447228      1.101  37.916721    13.4634    6.59379      1.092    31.7193    23.7614 -9.990e-29
 198.447234      1.108  37.921344    13.4654    6.58260      1.099    31.7220    23.7631 -9.990e-29
 198.447240      1.121  37.925172    13.4671    6.57707      1.112    31.7241    23.7644 -9.990e-29
 198.447245      1.140  37.923228    13.4670    6.57394      1.130    31.7224    23.7631 -9.990e-29
 198.447251      1.162  37.915739    13.4648    6.57488      1.152    31.7172    23.7595 -9.990e-29
 198.447257      1.181  37.909569    13.4624    6.59182      1.171    31.7135    23.7571 -9.990e-29
 198.447263      1.192  37.908847    13.4591    6.60566      1.182    31.7155    23.7594 -9.990e-29
 198.447269      1.198  37.908698    13.4520    6.61238      1.188    31.7213    23.7652 -9.990e-29
 198.447274      1.197  37.902768    13.4435    6.59254      1.187    31.7228    23.7681 -9.990e-29
 198.447280      1.191  37.896070    13.4423    6.57628      1.181    31.7176    23.7643 -9.990e-29
 198.447286      1.178  37.897639    13.4500    6.57501      1.168    31.7127    23.7590 -9.990e-29
 198.447292      1.163  37.906776    13.4593    6.56648      1.153    31.7135    23.7577 -9.990e-29
 198.447297      1.152  37.916605    13.4666    6.58503      1.142    31.7165    23.7586 -9.990e-29
