data/oxygen options/ONMS/Olympic_Coast_National_Marine_Sanctuary_CTD_Data_2005_2023/raw_data/2006/CTD_CE065_071106faed.cnv
* Sea-Bird SBE19 Data File:
* FileName = C:\MOORING_DATA_2006\CTD_CE065_071106.hex
* Software Version 1.1.8
* Temperature SN = 2997
* Conductivity SN = 2997
* System UpLoad Time = Jul 11 2006 12:56:40
* SEACAT PROFILER V3.1c SN 2997   07/11/06  12:55:47.195
* strain gauge pressure sensor: S/N = 184829,  range = 3000 psia,  tc = 40
# nquan = 9                                 
# nvalues = 1934                        
# units = specified
# name 0 = timeJ: Julian Days
# name 1 = prSM: Pressure, Strain Gauge [db]
# name 2 = c0mS/cm: Conductivity [mS/cm]
# name 3 = t090C: Temperature [ITS-90, deg C]
# name 4 = oxML/L: Oxygen, Beckman/YSI [ml/l]
# name 5 = depSM: Depth [salt water, m], lat = 47.5
# name 6 = sal00: Salinity, Practical [PSU]
# name 7 = sigma-é00: Density [sigma-theta, kg/m^3]
# name 8 = flag: flag
# span 0 = 192.524965, 192.536152       
# span 1 =     -5.206,     65.878       
# span 2 =   0.036264,  38.662603       
# span 3 =     7.3682,    18.5761       
# span 4 =   -0.06246,   33.22012       
# span 5 =     -5.163,     65.318       
# span 6 =     0.0245,    33.9485       
# span 7 =    -1.4922,    26.5092       
# span 8 = 0.0000e+00, 0.0000e+00       
# interval = seconds: 0.5
# start_time = Jul 11 2006 12:35:57 [Instrument's time stamp, header]
# bad_flag = -9.990e-29
*END*
[from data line 161]
 192.525897     -0.098  37.905880    12.4301   -0.05962     -0.097    32.5874    24.6347 -9.990e-29
 192.525903     -0.087  37.921464    12.4218   -0.05958     -0.086    32.6095    24.6534 -9.990e-29
 192.525909     -0.079  37.808516    12.3978   -0.05955     -0.078    32.5222    24.5903 -9.990e-29
 192.525914     -0.072  37.686797    12.3752   -0.05960     -0.071    32.4252    24.5194 -9.990e-29
 192.525920     -0.066  37.695774    12.3717   -0.05970     -0.065    32.4368    24.5291 -9.990e-29
 192.525926     -0.061  37.798614    12.3819   -0.05974     -0.060    32.5265    24.5967 -9.990e-29
 192.525932     -0.056  37.843575    12.3871   -0.05964     -0.056    32.5650    24.6256 -9.990e-29
 192.525938     -0.047  37.785721    12.3811   -0.05964     -0.047    32.5148    24.5878 -9.990e-29
 192.525943     -0.028  37.688145    12.3726   -0.05964     -0.028    32.4287    24.5226 -9.990e-29
 192.525949     -0.004  37.643418    12.3714   -0.05972     -0.004    32.3869    24.4904 -9.990e-29
 192.525955      0.020  37.703520    12.3783   -0.05974      0.020    32.4385    24.5291 -9.990e-29
 192.525961      0.035  37.816216    12.3886   -0.05977      0.035    32.5375    24.6039 -9.990e-29
 192.525966      0.044  37.887219    12.3964   -0.05973      0.044    32.5987    24.6499 -9.990e-29
 192.525972      0.054  37.865369    12.3955   -0.05973      0.054    32.5786    24.6345 -9.990e-29
 192.525978      0.072  37.757997    12.3842   -0.05974      0.071    32.4855    24.5645 -9.990e-29
 192.525984      0.093  37.644615    12.3724   -0.05975      0.092    32.3871    24.4904 -9.990e-29
 192.525990      0.111  37.641030    12.3713   -0.05976      0.110    32.3846    24.4887 -9.990e-29
 192.525995      0.123  37.723950    12.3787   -0.05971      0.122    32.4576    24.5439 -9.990e-29
 192.526001      0.129  37.754900    12.3862   -0.05968      0.128    32.4808    24.5604 -9.990e-29
 192.526007      0.134  37.685970    12.3856   -0.05969      0.133    32.4153    24.5098 -9.990e-29
 192.526013      0.147  37.572207    12.3741   -0.05974      0.146    32.3163    24.4352 -9.990e-29
 192.526019      0.168  37.498622    12.3618   -0.05978      0.167    32.2565    24.3912 -9.990e-29
 192.526024      0.190  37.511246    12.3609   -0.05973      0.188    32.2693    24.4013 -9.990e-29
 192.526030      0.207  37.564654    12.3704   -0.05973      0.205    32.3123    24.4328 -9.990e-29
 192.526036      0.216  37.576936    12.3800   -0.05969      0.214    32.3157    24.4337 -9.990e-29
 192.526042      0.220  37.535865    12.3829   -0.05973      0.218    32.2739    24.4007 -9.990e-29
 192.526047      0.224  37.494369    12.3802   -0.05977      0.222    32.2365    24.3722 -9.990e-29
 192.526053      0.234  37.502567    12.3775   -0.05978      0.232    32.2467    24.3806 -9.990e-29
 192.526059      0.253  37.561295    12.3778   -0.05976      0.251    32.3026    24.4239 -9.990e-29
 192.526065      0.270  37.606396    12.3764   -0.05976      0.268    32.3470    24.4586 -9.990e-29
 192.526071      0.279  37.584148    12.3692   -0.05973      0.277    32.3319    24.4483 -9.990e-29
 192.526076      0.291  37.527146    12.3620   -0.05970      0.289    32.2835    24.4121 -9.990e-29
 192.526082      0.309  37.519796    12.3639   -0.05974      0.306    32.2749    24.4050 -9.990e-29
 192.526088      0.320  37.566320    12.3731   -0.05978      0.317    32.3115    24.4317 -9.990e-29
 192.526094      0.321  37.594701    12.3805   11.25613      0.318    32.3323    24.4464 -9.990e-29
 192.526100      0.315  37.570431    12.3815   29.81526      0.312    32.3082    24.4275 -9.990e-29
 192.526105      0.312  37.505461    12.3769   33.22012      0.309    32.2500    24.3833 -9.990e-29
 192.526111      0.316  37.448337    12.3685   30.93807      0.313    32.2025    24.3481 -9.990e-29
 192.526117      0.321  37.444042    12.3623   22.46770      0.318    32.2037    24.3502 -9.990e-29
 192.526123      0.325  37.486286    12.3653   15.41188      0.322    32.2416    24.3790 -9.990e-29
 192.526128      0.327  37.536609    12.3741   15.54984      0.324    32.2822    24.4088 -9.990e-29
 192.526134      0.328  37.560590    12.3803   15.57483      0.325    32.2998    24.4212 -9.990e-29
 192.526140      0.333  37.536926    12.3809   15.68196      0.330    32.2766    24.4032 -9.990e-29
 192.526146      0.344  37.466597    12.3754   15.76661      0.341    32.2140    24.3557 -9.990e-29
 192.526152      0.365  37.382590    12.3644   15.83021      0.362    32.1431    24.3028 -9.990e-29
 192.526157      0.390  37.316474    12.3549   15.88836      0.387    32.0880    24.2619 -9.990e-29
 192.526163      0.410  37.279928    12.3552   15.94090      0.407    32.0527    24.2345 -9.990e-29
 192.526169      0.416  37.269086    12.3633   15.99782      0.413    32.0355    24.2196 -9.990e-29
 192.526175      0.415  37.274539    12.3725   16.05209      0.412    32.0328    24.2158 -9.990e-29
 192.526181      0.409  37.286173    12.3791   16.08955      0.406    32.0383    24.2188 -9.990e-29
 192.526186      0.402  37.293143    12.3786   12.48321      0.399    32.0454    24.2244 -9.990e-29
 192.526192      0.403  37.287360    12.3715    6.50394      0.400    32.0459    24.2261 -9.990e-29
 192.526198      0.412  37.270089    12.3679    4.67517      0.409    32.0325    24.2164 -9.990e-29
 192.526204      0.421  37.260928    12.3708    4.79015      0.417    32.0212    24.2071 -9.990e-29
 192.526209      0.426  37.269532    12.3741    7.09798      0.422    32.0267    24.2107 -9.990e-29
 192.526215      0.431  37.281015    12.3748    9.23784      0.427    32.0370    24.2186 -9.990e-29
 192.526221      0.446  37.282646    12.3703    9.43559      0.442    32.0424    24.2237 -9.990e-29
 192.526227      0.472  37.267631    12.3611    9.58037      0.468    32.0359    24.2203 -9.990e-29
 192.526233      0.497  37.242870    12.3560    9.65320      0.493    32.0166    24.2063 -9.990e-29
 192.526238      0.515  37.233675    12.3603    9.72068      0.511    32.0041    24.1958 -9.990e-29
 192.526244      0.526  37.247413    12.3694    9.75721      0.522    32.0095    24.1983 -9.990e-29
 192.526250      0.531  37.267628    12.3764    9.76297      0.527    32.0228    24.2073 -9.990e-29
 192.526256      0.536  37.280898    12.3783    9.76327      0.532    32.0339    24.2155 -9.990e-29
 192.526262      0.543  37.286410    12.3779    9.75549      0.538    32.0395    24.2199 -9.990e-29
 192.526267      0.551  37.287593    12.3790    9.76749      0.546    32.0397    24.2199 -9.990e-29
 192.526273      0.554  37.286585    12.3811    9.78278      0.549    32.0369    24.2174 -9.990e-29
 192.526279      0.557  37.285967    12.3790    9.77495      0.552    32.0381    24.2187 -9.990e-29
 192.526285      0.565  37.285479    12.3727    9.75624      0.560    32.0430    24.2237 -9.990e-29
 192.526291      0.574  37.283909    12.3688    9.74601      0.569    32.0449    24.2258 -9.990e-29
 192.526296      0.581  37.281971    12.3713    9.74384      0.576    32.0409    24.2223 -9.990e-29
 192.526302      0.589  37.282686    12.3757    9.76933      0.584    32.0378    24.2190 -9.990e-29
 192.526308      0.604  37.284206    12.3752    9.78094      0.599    32.0397    24.2206 -9.990e-29
 192.526314      0.627  37.279584    12.3704    9.77841      0.622    32.0393    24.2212 -9.990e-29
 192.526319      0.655  37.269952    12.3686    9.77590      0.650    32.0317    24.2156 -9.990e-29
 192.526325      0.682  37.264900    12.3742    9.77541      0.676    32.0220    24.2071 -9.990e-29
 192.526331      0.703  37.270032    12.3842    9.78831      0.697    32.0184    24.2024 -9.990e-29
 192.526337      0.722  37.280972    12.3920    9.79635      0.716    32.0222    24.2039 -9.990e-29
 192.526343      0.739  37.290436    12.3941    9.80292      0.733    32.0294    24.2091 -9.990e-29
 192.526348      0.755  37.293659    12.3896    9.81254      0.749    32.0364    24.2153 -9.990e-29
 192.526354      0.767  37.287091    12.3846    9.81751      0.761    32.0343    24.2147 -9.990e-29
 192.526360      0.771  37.277117    12.3877    9.80752      0.765    32.0222    24.2047 -9.990e-29
 192.526366      0.773  37.278482    12.3970    9.79935      0.767    32.0155    24.1978 -9.990e-29
 192.526372      0.776  37.291320    12.4051    9.80402      0.770    32.0209    24.2004 -9.990e-29
 192.526377      0.781  37.303028    12.4105    9.80511      0.774    32.0275    24.2044 -9.990e-29
 192.526383      0.787  37.308094    12.4138    9.79370      0.780    32.0295    24.2054 -9.990e-29
 192.526389      0.791  37.307662    12.4139    9.77248      0.784    32.0290    24.2050 -9.990e-29
 192.526395      0.790  37.299644    12.4113    9.75273      0.783    32.0235    24.2013 -9.990e-29
 192.526400      0.786  37.287342    12.4095    9.75918      0.779    32.0133    24.1937 -9.990e-29
 192.526406      0.785  37.283675    12.4106    9.75517      0.778    32.0089    24.1900 -9.990e-29
 192.526412      0.786  37.290459    12.4111    9.75407      0.779    32.0149    24.1946 -9.990e-29
 192.526418      0.789  37.294279    12.4049    9.75935      0.782    32.0239    24.2027 -9.990e-29
 192.526424      0.795  37.287863    12.3933    9.75652      0.788    32.0276    24.2078 -9.990e-29
 192.526429      0.804  37.278335    12.3852    9.75260      0.797    32.0254    24.2077 -9.990e-29
 192.526435      0.815  37.274273    12.3858    9.74211      0.808    32.0210    24.2042 -9.990e-29
 192.526441      0.827  37.277526    12.3925    9.73276      0.820    32.0184    24.2009 -9.990e-29
 192.526447      0.830  37.285111    12.3974    9.72919      0.823    32.0215    24.2023 -9.990e-29
 192.526453      0.826  37.290849    12.3954    9.73360      0.819    32.0287    24.2083 -9.990e-29
 192.526458      0.822  37.288345    12.3888    9.74868      0.815    32.0319    24.2120 -9.990e-29
 192.526464      0.823  37.280408    12.3822    9.75411      0.816    32.0300    24.2118 -9.990e-29
 192.526470      0.829  37.274936    12.3761    9.73566      0.822    32.0300    24.2129 -9.990e-29
 192.526476      0.839  37.271334    12.3692    9.70801      0.832    32.0324    24.2161 -9.990e-29
 192.526481      0.851  37.264211    12.3654    9.69929      0.844    32.0288    24.2140 -9.990e-29
 192.526487      0.856  37.257502    12.3692    9.69794      0.849    32.0192    24.2058 -9.990e-29
 192.526493      0.855  37.261303    12.3748    9.70695      0.848    32.0180    24.2039 -9.990e-29
 192.526499      0.856  37.271118    12.3731    9.72535      0.849    32.0289    24.2126 -9.990e-29
 192.526505      0.864  37.272529    12.3609    9.74681      0.857    32.0406    24.2240 -9.990e-29
 192.526510      0.879  37.257299    12.3448    9.76765      0.872    32.0398    24.2264 -9.990e-29
 192.526516      0.898  37.233697    12.3389    9.77250      0.891    32.0223    24.2140 -9.990e-29
 192.526522      0.914  37.226309    12.3471    9.75522      0.906    32.0082    24.2015 -9.990e-29
 192.526528      0.923  37.240957    12.3578    9.71803      0.915    32.0130    24.2033 -9.990e-29
 192.526534      0.929  37.258446    12.3631    9.70892      0.921    32.0252    24.2117 -9.990e-29
 192.526539      0.939  37.271785    12.3654    9.71570      0.931    32.0360    24.2196 -9.990e-29
 192.526545      0.947  37.281911    12.3663    9.72594      0.939    32.0449    24.2264 -9.990e-29
 192.526551      0.951  37.282108    12.3627    9.72913      0.943    32.0482    24.2296 -9.990e-29
 192.526557      0.955  37.270369    12.3528    9.71406      0.947    32.0454    24.2293 -9.990e-29
 192.526563      0.963  37.249525    12.3427    9.69630      0.955    32.0341    24.2224 -9.990e-29
 192.526568      0.972  37.228213    12.3425    9.69879      0.964    32.0139    24.2068 -9.990e-29
 192.526574      0.977  37.222857    12.3519    9.70614      0.969    32.0008    24.1948 -9.990e-29
 192.526580      0.980  37.237503    12.3602    9.72162      0.972    32.0077    24.1986 -9.990e-29
 192.526586      0.980  37.254634    12.3588    9.74490      0.972    32.0253    24.2125 -9.990e-29
 192.526591      0.982  37.256689    12.3487    9.75243      0.974    32.0358    24.2226 -9.990e-29
 192.526597      0.989  37.244139    12.3397    9.74421      0.981    32.0315    24.2210 -9.990e-29
 192.526603      1.000  37.229951    12.3409    9.74168      0.992    32.0169    24.2094 -9.990e-29
 192.526609      1.004  37.227708    12.3505    9.75108      0.996    32.0066    24.1996 -9.990e-29
 192.526615      0.999  37.240558    12.3599    9.75570      0.991    32.0108    24.2011 -9.990e-29
 192.526620      0.988  37.257567    12.3658    9.77892      0.980    32.0221    24.2087 -9.990e-29
 192.526626      0.980  37.269980    12.3692    9.78532      0.972    32.0310    24.2150 -9.990e-29
 192.526632      0.977  37.273575    12.3703    9.78390      0.969    32.0335    24.2168 -9.990e-29
 192.526638      0.976  37.267511    12.3710    9.79134      0.968    32.0271    24.2117 -9.990e-29
 192.526644      0.972  37.263867    12.3735    9.77692      0.964    32.0215    24.2069 -9.990e-29
 192.526649      0.965  37.269536    12.3761    9.77317      0.957    32.0247    24.2089 -9.990e-29
 192.526655      0.958  37.278029    12.3764    9.77264      0.950    32.0326    24.2149 -9.990e-29
 192.526661      0.961  37.285500    12.3750    9.76779      0.953    32.0409    24.2216 -9.990e-29
 192.526667      0.972  37.288987    12.3735    9.75812      0.964    32.0455    24.2255 -9.990e-29
 192.526672      0.985  37.286945    12.3722    9.75022      0.977    32.0447    24.2251 -9.990e-29
 192.526678      0.995  37.283351    12.3706    9.73406      0.987    32.0426    24.2238 -9.990e-29
 192.526684      1.003  37.279558    12.3684    9.72618      0.995    32.0409    24.2228 -9.990e-29
 192.526690      1.011  37.275527    12.3675    9.74222      1.003    32.0378    24.2206 -9.990e-29
 192.526696      1.017  37.273711    12.3676    9.75647      1.009    32.0360    24.2192 -9.990e-29
 192.526701      1.024  37.273903    12.3661    9.77226      1.015    32.0374    24.2206 -9.990e-29
 192.526707      1.031  37.271286    12.3620    9.78205      1.022    32.0384    24.2221 -9.990e-29
 192.526713      1.038  37.262907    12.3584    9.77849      1.029    32.0335    24.2190 -9.990e-29
 192.526719      1.047  37.254391    12.3598    9.77367      1.038    32.0241    24.2115 -9.990e-29
 192.526725      1.053  37.254549    12.3671    9.76842      1.044    32.0181    24.2054 -9.990e-29
 192.526730      1.052  37.264686    12.3756    9.77475      1.043    32.0205    24.2057 -9.990e-29
 192.526736      1.049  37.278099    12.3800    9.77445      1.040    32.0296    24.2119 -9.990e-29
 192.526742      1.048  37.286287    12.3795    9.76940      1.039    32.0378    24.2183 -9.990e-29
 192.526748      1.048  37.285564    12.3771    9.75720      1.039    32.0392    24.2199 -9.990e-29
 192.526753      1.050  37.279425    12.3758    9.73083      1.041    32.0344    24.2164 -9.990e-29
 192.526759      1.054  37.276485    12.3764    9.71809      1.045    32.0311    24.2137 -9.990e-29
 192.526765      1.060  37.279525    12.3768    9.70984      1.051    32.0336    24.2156 -9.990e-29
 192.526771      1.069  37.280233    12.3725    9.70551      1.060    32.0380    24.2198 -9.990e-29
 192.526777      1.081  37.274482    12.3612    9.70842      1.072    32.0421    24.2252 -9.990e-29
 192.526782      1.096  37.264110    12.3460    9.71042      1.087    32.0452    24.2304 -9.990e-29
 192.526788      1.117  37.248161    12.3320    9.71841      1.108    32.0419    24.2305 -9.990e-29
 192.526794      1.139  37.230019    12.3253    9.73141      1.129    32.0303    24.2227 -9.990e-29
 192.526800      1.156  37.220799    12.3284    9.73554      1.146    32.0188    24.2132 -9.990e-29
 192.526806      1.164  37.226126    12.3344    9.75186      1.154    32.0187    24.2121 -9.990e-29
 192.526811      1.168  37.237369    12.3357    9.74048      1.158    32.0284    24.2193 -9.990e-29
