data/oxygen options/ONMS/Olympic_Coast_National_Marine_Sanctuary_CTD_Data_2005_2023/raw_data/2006/CTD_KL027_071706faed.cnv
* Sea-Bird SBE19 Data File:
* FileName = C:\MOORING_DATA_2006\CTD_KL027_071706.hex
* Software Version 1.1.8
* Temperature SN = 2997
* Conductivity SN = 2997
* System UpLoad Time = Jul 17 2006 13:06:33
* SEACAT PROFILER V3.1c SN 2997   07/17/06  13:05:37.630
* strain gauge pressure sensor: S/N = 184829,  range = 3000 psia,  tc = 40
# nquan = 9                                 
# nvalues = 1712                        
# units = specified
# name 0 = timeJ: Julian Days
# name 1 = prSM: Pressure, Strain Gauge [db]
# name 2 = c0mS/cm: Conductivity [mS/cm]
# name 3 = t090C: Temperature [ITS-90, deg C]
# name 4 = oxML/L: Oxygen, Beckman/YSI [ml/l]
# name 5 = depSM: Depth [salt water, m], lat = 47.5
# name 6 = sal00: Salinity, Practical [PSU]
# name 7 = sigma-é00: Density [sigma-theta, kg/m^3]
# name 8 = flag: flag
# span 0 = 198.532917, 198.542818       
# span 1 =     -5.461,     25.890       
# span 2 =   0.217045,  39.680151       
# span 3 =     7.7040,    17.9852       
# span 4 =   -5.14250,   31.72006       
# span 5 =     -5.415,     25.672       
# span 6 =     0.1211,    33.7430       
# span 7 =    -1.3074,    26.2713       
# span 8 = 0.0000e+00, 0.0000e+00       
# interval = seconds: 0.5
# start_time = Jul 17 2006 12:47:24 [Instrument's time stamp, header]
# bad_flag = -9.990e-29
*END*
[from data line 641]
 198.536626     20.244  34.735976     7.7941    1.84554     20.074    33.6058    26.2093 -9.990e-29
 198.536632     20.241  34.735979     7.7929    1.84790     20.071    33.6070    26.2104 -9.990e-29
 198.536638     20.231  34.735994     7.7914    1.83615     20.061    33.6084    26.2117 -9.990e-29
 198.536644     20.224  34.736036     7.7919    1.83799     20.054    33.6080    26.2113 -9.990e-29
 198.536649     20.226  34.736155     7.7942    1.83797     20.056    33.6059    26.2093 -9.990e-29
 198.536655     20.242  34.737062     7.7961    1.83070     20.072    33.6050    26.2084 -9.990e-29
 198.536661     20.266  34.737718     7.7966    1.83234     20.096    33.6053    26.2085 -9.990e-29
 198.536667     20.284  34.737306     7.7966    1.82404     20.114    33.6048    26.2081 -9.990e-29
 198.536672     20.295  34.737514     7.7966    1.82456     20.125    33.6050    26.2083 -9.990e-29
 198.536678     20.298  34.738609     7.7975    1.83790     20.128    33.6053    26.2084 -9.990e-29
 198.536684     20.295  34.739803     7.8003    1.83273     20.125    33.6039    26.2069 -9.990e-29
 198.536690     20.284  34.741559     7.8046    1.83464     20.114    33.6017    26.2045 -9.990e-29
 198.536696     20.266  34.743410     7.8079    1.83238     20.096    33.6005    26.2031 -9.990e-29
 198.536701     20.243  34.744450     7.8091    1.83014     20.073    33.6005    26.2029 -9.990e-29
 198.536707     20.222  34.744941     7.8087    1.83465     20.052    33.6014    26.2037 -9.990e-29
 198.536713     20.207  34.744970     7.8061    1.84339     20.037    33.6039    26.2061 -9.990e-29
 198.536719     20.205  34.742887     7.8004    1.84464     20.035    33.6072    26.2094 -9.990e-29
 198.536725     20.224  34.737590     7.7932    1.84423     20.054    33.6084    26.2115 -9.990e-29
 198.536730     20.253  34.732103     7.7877    1.85163     20.083    33.6078    26.2118 -9.990e-29
 198.536736     20.277  34.729755     7.7858    1.84071     20.107    33.6071    26.2115 -9.990e-29
 198.536742     20.293  34.730209     7.7873    1.83893     20.123    33.6061    26.2105 -9.990e-29
 198.536748     20.301  34.731818     7.7904    1.84606     20.131    33.6049    26.2091 -9.990e-29
 198.536753     20.302  34.733355     7.7938    1.83656     20.132    33.6033    26.2073 -9.990e-29
 198.536759     20.297  34.735181     7.7986    1.82890     20.127    33.6006    26.2045 -9.990e-29
 198.536765     20.285  34.738605     7.8068    1.81643     20.115    33.5964    26.2000 -9.990e-29
 198.536771     20.265  34.743699     7.8164    1.80453     20.095    33.5926    26.1957 -9.990e-29
 198.536777     20.244  34.748835     7.8229    1.80815     20.074    33.5919    26.1942 -9.990e-29
 198.536782     20.239  34.753008     7.8242    1.79436     20.069    33.5951    26.1965 -9.990e-29
 198.536788     20.253  34.754488     7.8208    1.79586     20.083    33.6000    26.2008 -9.990e-29
 198.536794     20.275  34.752442     7.8167    1.80845     20.105    33.6017    26.2028 -9.990e-29
 198.536800     20.292  34.750862     7.8152    1.83364     20.122    33.6014    26.2028 -9.990e-29
 198.536806     20.307  34.750996     7.8154    1.85646     20.137    33.6014    26.2027 -9.990e-29
 198.536811     20.327  34.750772     7.8132    1.86569     20.156    33.6033    26.2045 -9.990e-29
 198.536817     20.356  34.746520     7.8028    1.85935     20.185    33.6087    26.2103 -9.990e-29
 198.536823     20.382  34.734245     7.7887    1.83901     20.211    33.6091    26.2126 -9.990e-29
 198.536829     20.393  34.721124     7.7852    1.82169     20.222    33.5984    26.2047 -9.990e-29
 198.536834     20.386  34.719931     7.7955    1.81555     20.215    33.5871    26.1944 -9.990e-29
 198.536840     20.365  34.730185     7.8092    1.81786     20.194    33.5850    26.1907 -9.990e-29
 198.536846     20.341  34.741442     7.8176    1.82438     20.170    33.5890    26.1927 -9.990e-29
 198.536852     20.326  34.747959     7.8188    1.82851     20.155    33.5948    26.1971 -9.990e-29
 198.536858     20.318  34.748329     7.8161    1.82875     20.147    33.5978    26.1998 -9.990e-29
 198.536863     20.310  34.743041     7.8155    1.81951     20.140    33.5927    26.1959 -9.990e-29
 198.536869     20.295  34.740176     7.8204    1.81773     20.125    33.5850    26.1891 -9.990e-29
 198.536875     20.273  34.745436     7.8269    1.79957     20.103    33.5844    26.1877 -9.990e-29
 198.536881     20.246  34.752372     7.8302    1.79714     20.076    33.5886    26.1906 -9.990e-29
 198.536887     20.227  34.756208     7.8300    1.80127     20.057    33.5930    26.1940 -9.990e-29
 198.536892     20.226  34.757566     7.8278    1.80464     20.056    33.5965    26.1971 -9.990e-29
 198.536898     20.244  34.756010     7.8237    1.82158     20.074    33.5988    26.1995 -9.990e-29
 198.536904     20.272  34.751138     7.8183    1.83364     20.102    33.5988    26.2002 -9.990e-29
 198.536910     20.305  34.745981     7.8141    1.84517     20.135    33.5973    26.1997 -9.990e-29
 198.536916     20.336  34.743184     7.8113    1.83656     20.165    33.5969    26.1998 -9.990e-29
 198.536921     20.358  34.740692     7.8090    1.82998     20.187    33.5965    26.1998 -9.990e-29
 198.536927     20.365  34.737979     7.8086    1.82491     20.194    33.5939    26.1978 -9.990e-29
 198.536933     20.351  34.736465     7.8114    1.80512     20.180    33.5896    26.1940 -9.990e-29
 198.536939     20.321  34.738611     7.8180    1.81383     20.150    33.5856    26.1899 -9.990e-29
 198.536944     20.281  34.745588     7.8259    1.81537     20.111    33.5855    26.1887 -9.990e-29
 198.536950     20.238  34.752674     7.8301    1.81879     20.068    33.5891    26.1909 -9.990e-29
 198.536956     20.201  34.755855     7.8289    1.83473     20.031    33.5936    26.1947 -9.990e-29
 198.536962     20.181  34.754881     7.8230    1.84308     20.012    33.5983    26.1992 -9.990e-29
 198.536968     20.180  34.750131     7.8108    1.85515     20.011    33.6050    26.2062 -9.990e-29
 198.536973     20.200  34.740873     7.7926    1.87281     20.030    33.6125    26.2148 -9.990e-29
 198.536979     20.236  34.728211     7.7737    1.87074     20.066    33.6171    26.2211 -9.990e-29
 198.536985     20.279  34.716000     7.7598    1.87330     20.109    33.6174    26.2233 -9.990e-29
 198.536991     20.313  34.707573     7.7552    1.87640     20.142    33.6128    26.2204 -9.990e-29
 198.536997     20.333  34.707383     7.7597    1.86100     20.162    33.6082    26.2161 -9.990e-29
 198.537002     20.344  34.714605     7.7677    1.85774     20.173    33.6082    26.2150 -9.990e-29
 198.537008     20.351  34.721478     7.7729    1.86139     20.180    33.6106    26.2161 -9.990e-29
 198.537014     20.354  34.722584     7.7743    1.85319     20.183    33.6105    26.2158 -9.990e-29
 198.537020     20.349  34.718830     7.7755    1.85568     20.178    33.6053    26.2115 -9.990e-29
 198.537025     20.328  34.714736     7.7789    1.85304     20.157    33.5976    26.2050 -9.990e-29
 198.537031     20.290  34.715490     7.7844    1.85049     20.120    33.5931    26.2007 -9.990e-29
 198.537037     20.239  34.722651     7.7888    1.84497     20.069    33.5966    26.2028 -9.990e-29
 198.537043     20.187  34.729498     7.7897    1.84313     20.018    33.6031    26.2078 -9.990e-29
 198.537049     20.150  34.732262     7.7873    1.84347     19.981    33.6084    26.2123 -9.990e-29
 198.537054     20.144  34.731257     7.7819    1.85449     19.975    33.6126    26.2163 -9.990e-29
 198.537060     20.169  34.725699     7.7737    1.87991     20.000    33.6145    26.2190 -9.990e-29
 198.537066     20.213  34.718262     7.7647    1.88526     20.043    33.6151    26.2209 -9.990e-29
 198.537072     20.261  34.711920     7.7586    1.88298     20.091    33.6142    26.2210 -9.990e-29
 198.537078     20.300  34.708858     7.7582    1.86552     20.130    33.6113    26.2187 -9.990e-29
 198.537083     20.320  34.710033     7.7621    1.84515     20.149    33.6087    26.2162 -9.990e-29
 198.537089     20.321  34.713636     7.7671    1.84237     20.150    33.6078    26.2147 -9.990e-29
 198.537095     20.313  34.717175     7.7710    1.85324     20.142    33.6078    26.2142 -9.990e-29
 198.537101     20.298  34.719194     7.7733    1.87073     20.128    33.6078    26.2139 -9.990e-29
 198.537106     20.281  34.718454     7.7734    1.88813     20.111    33.6069    26.2131 -9.990e-29
 198.537112     20.269  34.714340     7.7683    1.88957     20.099    33.6074    26.2143 -9.990e-29
 198.537118     20.261  34.708652     7.7585    1.87416     20.091    33.6108    26.2183 -9.990e-29
 198.537124     20.248  34.704263     7.7516    1.86543     20.078    33.6127    26.2208 -9.990e-29
 198.537130     20.224  34.703716     7.7528    1.85107     20.054    33.6110    26.2193 -9.990e-29
 198.537135     20.194  34.707204     7.7611    1.86015     20.024    33.6067    26.2148 -9.990e-29
 198.537141     20.163  34.713196     7.7725    1.85676     19.994    33.6022    26.2096 -9.990e-29
 198.537147     20.142  34.720699     7.7804    1.85694     19.973    33.6026    26.2088 -9.990e-29
 198.537153     20.147  34.726253     7.7787    1.86866     19.978    33.6103    26.2150 -9.990e-29
 198.537159     20.182  34.724362     7.7674    1.86862     20.013    33.6191    26.2236 -9.990e-29
 198.537164     20.233  34.714738     7.7542    1.87209     20.063    33.6215    26.2274 -9.990e-29
 198.537170     20.277  34.704164     7.7469    1.87946     20.107    33.6171    26.2250 -9.990e-29
 198.537176     20.304  34.699832     7.7474    1.86866     20.134    33.6120    26.2209 -9.990e-29
 198.537182     20.321  34.703241     7.7525    1.86652     20.150    33.6107    26.2191 -9.990e-29
 198.537187     20.332  34.709956     7.7592    1.86547     20.161    33.6115    26.2188 -9.990e-29
 198.537193     20.339  34.714900     7.7664    1.87309     20.168    33.6098    26.2164 -9.990e-29
 198.537199     20.341  34.715686     7.7724    1.87928     20.170    33.6049    26.2117 -9.990e-29
 198.537205     20.339  34.712791     7.7759    1.87021     20.168    33.5984    26.2061 -9.990e-29
 198.537211     20.332  34.710197     7.7779    1.86687     20.161    33.5937    26.2021 -9.990e-29
 198.537216     20.321  34.711166     7.7802    1.86368     20.150    33.5925    26.2008 -9.990e-29
 198.537222     20.308  34.714736     7.7818    1.85720     20.138    33.5948    26.2024 -9.990e-29
 198.537228     20.302  34.718368     7.7802    1.85883     20.132    33.6003    26.2069 -9.990e-29
 198.537234     20.302  34.720167     7.7756    1.85780     20.132    33.6066    26.2126 -9.990e-29
 198.537240     20.305  34.719158     7.7701    1.87811     20.135    33.6108    26.2167 -9.990e-29
 198.537245     20.313  34.716787     7.7656    1.88717     20.142    33.6126    26.2188 -9.990e-29
 198.537251     20.333  34.714927     7.7625    1.88711     20.162    33.6136    26.2200 -9.990e-29
 198.537257     20.365  34.712211     7.7574    1.89301     20.194    33.6156    26.2223 -9.990e-29
 198.537263     20.407  34.706687     7.7487    1.89575     20.236    33.6180    26.2254 -9.990e-29
 198.537269     20.450  34.699391     7.7396    1.89852     20.278    33.6189    26.2275 -9.990e-29
 198.537274     20.478  34.694041     7.7349    1.89664     20.306    33.6177    26.2272 -9.990e-29
 198.537280     20.480  34.693582     7.7386    1.88078     20.308    33.6136    26.2235 -9.990e-29
 198.537286     20.458  34.697948     7.7484    1.87399     20.286    33.6089    26.2183 -9.990e-29
 198.537292     20.421  34.703980     7.7571    1.87449     20.250    33.6070    26.2156 -9.990e-29
 198.537297     20.386  34.708498     7.7617    1.87607     20.215    33.6074    26.2153 -9.990e-29
 198.537303     20.362  34.711350     7.7632    1.88090     20.191    33.6091    26.2163 -9.990e-29
 198.537309     20.352  34.712405     7.7625    1.87164     20.181    33.6109    26.2178 -9.990e-29
 198.537315     20.352  34.710819     7.7600    1.87947     20.181    33.6116    26.2188 -9.990e-29
 198.537321     20.357  34.707829     7.7566    1.88143     20.186    33.6117    26.2193 -9.990e-29
 198.537326     20.367  34.705607     7.7528    1.89279     20.196    33.6129    26.2208 -9.990e-29
 198.537332     20.379  34.704544     7.7499    1.88715     20.208    33.6146    26.2226 -9.990e-29
 198.537338     20.390  34.704332     7.7487    1.88072     20.219    33.6155    26.2235 -9.990e-29
 198.537344     20.403  34.704680     7.7485    1.87855     20.232    33.6161    26.2239 -9.990e-29
 198.537350     20.425  34.704918     7.7482    1.88564     20.254    33.6166    26.2244 -9.990e-29
 198.537355     20.452  34.704792     7.7469    1.89163     20.280    33.6177    26.2255 -9.990e-29
 198.537361     20.478  34.704125     7.7453    1.89254     20.306    33.6185    26.2263 -9.990e-29
 198.537367     20.495  34.703138     7.7446    1.89087     20.323    33.6181    26.2261 -9.990e-29
 198.537373     20.497  34.702746     7.7453    1.88682     20.325    33.6170    26.2252 -9.990e-29
 198.537378     20.479  34.703536     7.7481    1.87771     20.307    33.6152    26.2233 -9.990e-29
 198.537384     20.444  34.705430     7.7533    1.86637     20.272    33.6122    26.2202 -9.990e-29
 198.537390     20.399  34.708140     7.7592    1.86379     20.228    33.6095    26.2172 -9.990e-29
 198.537396     20.357  34.711343     7.7637    1.85594     20.186    33.6086    26.2159 -9.990e-29
 198.537402     20.334  34.714255     7.7658    1.86916     20.163    33.6097    26.2164 -9.990e-29
 198.537407     20.328  34.715706     7.7644    1.88492     20.157    33.6126    26.2189 -9.990e-29
 198.537413     20.333  34.714257     7.7596    1.88975     20.162    33.6157    26.2220 -9.990e-29
 198.537419     20.347  34.710208     7.7542    1.89242     20.176    33.6165    26.2235 -9.990e-29
 198.537425     20.361  34.706000     7.7498    1.88653     20.190    33.6163    26.2239 -9.990e-29
 198.537431     20.368  34.702738     7.7463    1.89096     20.197    33.6161    26.2243 -9.990e-29
 198.537436     20.364  34.700548     7.7456    1.89276     20.193    33.6144    26.2231 -9.990e-29
 198.537442     20.353  34.700422     7.7496    1.87430     20.182    33.6104    26.2194 -9.990e-29
 198.537448     20.343  34.703304     7.7562    1.86797     20.172    33.6072    26.2158 -9.990e-29
 198.537454     20.342  34.707980     7.7608    1.87330     20.171    33.6078    26.2156 -9.990e-29
 198.537459     20.354  34.711705     7.7614    1.87955     20.183    33.6112    26.2182 -9.990e-29
 198.537465     20.380  34.712707     7.7587    1.88820     20.209    33.6149    26.2215 -9.990e-29
 198.537471     20.417  34.710631     7.7540    1.88571     20.246    33.6172    26.2240 -9.990e-29
 198.537477     20.454  34.706062     7.7504    1.88129     20.282    33.6157    26.2234 -9.990e-29
 198.537483     20.478  34.702430     7.7505    1.88091     20.306    33.6117    26.2202 -9.990e-29
 198.537488     20.480  34.703290     7.7530    1.88114     20.308    33.6102    26.2187 -9.990e-29
 198.537494     20.470  34.706412     7.7554    1.88152     20.298    33.6112    26.2191 -9.990e-29
 198.537500     20.459  34.708661     7.7571    1.87317     20.287    33.6120    26.2195 -9.990e-29
 198.537506     20.452  34.709661     7.7579    1.87053     20.280    33.6123    26.2196 -9.990e-29
 198.537512     20.444  34.709617     7.7587    1.87089     20.272    33.6115    26.2189 -9.990e-29
 198.537517     20.425  34.709581     7.7606    1.86371     20.254    33.6097    26.2171 -9.990e-29
 198.537523     20.390  34.710615     7.7634    1.86528     20.219    33.6081    26.2155 -9.990e-29
 198.537529     20.345  34.712405     7.7656    1.87399     20.174    33.6079    26.2151 -9.990e-29
 198.537535     20.310  34.713963     7.7657    1.87847     20.140    33.6095    26.2163 -9.990e-29
 198.537541     20.298  34.713995     7.7631    1.88219     20.128    33.6121    26.2187 -9.990e-29
