data/oxygen options/ONMS/Olympic_Coast_National_Marine_Sanctuary_CTD_Data_2005_2023/raw_data/2006/CTD_CE015_050406faed.cnv
* Sea-Bird SBE19 Data File:
* FileName = C:\MOORING_DATA_2006\CTD_CE015_050406.hex
* Software Version 1.1.6
* Temperature SN = 2997
* Conductivity SN = 2997
* System UpLoad Time = May 04 2006 12:49:05
** FL_COMPARSON CE015
**
# nquan = 9                                 
# nvalues = 2695                        
# units = specified
# name 0 = timeJ: Julian Days
# name 1 = prSM: Pressure, Strain Gauge [db]
# name 2 = c0mS/cm: Conductivity [mS/cm]
# name 3 = t090C: Temperature [ITS-90, deg C]
# name 4 = oxML/L: Oxygen, Beckman/YSI [ml/l]
# name 5 = depSM: Depth [salt water, m], lat = 47.5
# name 6 = sal00: Salinity, Practical [PSU]
# name 7 = sigma-é00: Density [sigma-theta, kg/m^3]
# name 8 = flag: flag
# span 0 = 124.517338, 124.532928       
# span 1 =     -5.113,     12.472       
# span 2 =   0.300404,  35.671589       
# span 3 =     9.6149,    14.1821       
# span 4 =  -13.27458,   37.83409       
# span 5 =     -5.070,     12.368       
# span 6 =     0.1878,    32.5170       
# span 7 =    -0.6288,    25.0770       
# span 8 = 0.0000e+00, 0.0000e+00       
# interval = seconds: 0.5
# start_time = May 04 2006 12:24:58 [Instrument's time stamp, header]
# bad_flag = -9.990e-29
*END*
[from data line 2081]
 124.529381      0.716   0.948776    12.7186   -0.07203      0.710     0.6221    -0.1009 -9.990e-29
 124.529387      0.715   0.939188    12.7333   -0.07201      0.709     0.6153    -0.1080 -9.990e-29
 124.529392      0.708   0.929610    12.7465   -0.07200      0.702     0.6085    -0.1149 -9.990e-29
 124.529398      0.698   0.920591    12.7556   -0.07198      0.692     0.6022    -0.1209 -9.990e-29
 124.529404      0.689   0.912314    12.7600   -0.07198      0.683     0.5965    -0.1259 -9.990e-29
 124.529410      0.685   0.905955    12.7621   -0.07197      0.679     0.5922    -0.1296 -9.990e-29
 124.529416      0.681   0.901359    12.7628   -0.07194      0.675     0.5890    -0.1321 -9.990e-29
 124.529421      0.673   0.896283    12.7627   -0.07192      0.667     0.5856    -0.1348 -9.990e-29
 124.529427      0.663   0.890620    12.7637   -0.07192      0.657     0.5817    -0.1379 -9.990e-29
 124.529433      0.657   0.886255    12.7682   -0.07191      0.652     0.5786    -0.1409 -9.990e-29
 124.529439      0.653   0.883473    12.7754   -0.07190      0.648     0.5766    -0.1433 -9.990e-29
 124.529444      0.652   0.880229    12.7834   -0.07183      0.647     0.5743    -0.1461 -9.990e-29
 124.529450      0.653   0.874420    12.7912   -0.07182      0.648     0.5703    -0.1503 -9.990e-29
 124.529456      0.660   0.866624    12.7986   -0.07177      0.654     0.5649    -0.1554 -9.990e-29
 124.529462      0.674   0.858656    12.8069   -0.07177      0.668     0.5593    -0.1608 -9.990e-29
 124.529468      0.688   0.852102    12.8162   -0.07179      0.682     0.5547    -0.1655 -9.990e-29
 124.529473      0.698   0.848211    12.8241   -0.07183      0.692     0.5520    -0.1686 -9.990e-29
 124.529479      0.704   0.845127    12.8308   -0.07187      0.698     0.5498    -0.1712 -9.990e-29
 124.529485      0.708   0.839849    12.8394   -0.07191      0.702     0.5461    -0.1751 -9.990e-29
 124.529491      0.708   0.832553    12.8533   -0.07195      0.702     0.5410    -0.1809 -9.990e-29
 124.529497      0.706   0.825722    12.8706   -0.07197      0.700     0.5361    -0.1868 -9.990e-29
 124.529502      0.701   0.821346    12.8860   -0.07199      0.695     0.5330    -0.1913 -9.990e-29
 124.529508      0.693   0.819141    12.8975   -0.07198      0.687     0.5313    -0.1940 -9.990e-29
 124.529514      0.686   0.816722    12.9012   -0.07195      0.680     0.5296    -0.1958 -9.990e-29
 124.529520      0.683   0.811975    12.8939   -0.07192      0.677     0.5265    -0.1973 -9.990e-29
 124.529525      0.680   0.805785    12.8786   -0.07190      0.674     0.5226    -0.1984 -9.990e-29
 124.529531      0.672   0.801000    12.8600   -0.07187      0.666     0.5196    -0.1984 -9.990e-29
 124.529537      0.664   0.799009    12.8413   -0.07187      0.658     0.5185    -0.1969 -9.990e-29
 124.529543      0.663   0.798268    12.8250   -0.07188      0.657     0.5182    -0.1951 -9.990e-29
 124.529549      0.670   0.796679    12.8129   -0.07189      0.664     0.5173    -0.1942 -9.990e-29
 124.529554      0.675   0.796565    12.8059   -0.07181      0.669     0.5173    -0.1933 -9.990e-29
 124.529560      0.676   0.803322    12.8049   -0.07179      0.670     0.5219    -0.1897 -9.990e-29
 124.529566      0.671   0.818195    12.8096   -0.07181      0.665     0.5319    -0.1825 -9.990e-29
 124.529572      0.666   0.839930    12.8167   -0.07181      0.660     0.5465    -0.1720 -9.990e-29
 124.529578      0.669   0.868655    12.8227   -0.07180      0.663     0.5659    -0.1576 -9.990e-29
 124.529583      0.675   0.903275    12.8261   -0.07180      0.669     0.5894    -0.1398 -9.990e-29
 124.529589      0.671   0.941120    12.8272   -0.07182      0.665     0.6151    -0.1199 -9.990e-29
 124.529595      0.663   0.974940    12.8285   -0.07185      0.657     0.6382    -0.1021 -9.990e-29
 124.529601      0.657   0.994892    12.8363   -0.07190      0.652     0.6517    -0.0926 -9.990e-29
 124.529606      0.654   0.999278    12.8497   -0.07193      0.649     0.6544    -0.0922 -9.990e-29
 124.529612      0.654   0.996166    12.8585   -0.07196      0.649     0.6522    -0.0950 -9.990e-29
 124.529618      0.656   0.996391    12.8604   -0.07198      0.651     0.6523    -0.0952 -9.990e-29
 124.529624      0.664   1.002476    12.8610   -0.07201      0.658     0.6564    -0.0920 -9.990e-29
 124.529630      0.680   1.008106    12.8602   -0.07206      0.674     0.6603    -0.0889 -9.990e-29
 124.529635      0.695   1.011911    12.8547   -0.07209      0.689     0.6630    -0.0861 -9.990e-29
 124.529641      0.707   1.018965    12.8433   -0.07212      0.701     0.6680    -0.0808 -9.990e-29
 124.529647      0.717   1.031460    12.8276   -0.07215      0.711     0.6768    -0.0719 -9.990e-29
 124.529653      0.724   1.044970    12.8106   -0.07219      0.718     0.6864    -0.0624 -9.990e-29
 124.529659      0.729   1.050872    12.7952   -0.07220      0.723     0.6907    -0.0571 -9.990e-29
 124.529664      0.733   1.046493    12.7815   -0.07217      0.727     0.6880    -0.0575 -9.990e-29
 124.529670      0.736   1.038758    12.7682   -0.07214      0.730     0.6829    -0.0598 -9.990e-29
 124.529676      0.737   1.031786    12.7532   -0.07213      0.731     0.6784    -0.0614 -9.990e-29
 124.529682      0.738   1.024050    12.7358   -0.07212      0.732     0.6734    -0.0631 -9.990e-29
 124.529687      0.738   1.015783    12.7187   -0.07212      0.732     0.6680    -0.0652 -9.990e-29
 124.529693      0.738   1.008170    12.7038   -0.07213      0.732     0.6630    -0.0672 -9.990e-29
 124.529699      0.736   1.000497    12.6915   -0.07215      0.730     0.6579    -0.0696 -9.990e-29
 124.529705      0.734   0.990302    12.6831   -0.07217      0.728     0.6511    -0.0739 -9.990e-29
 124.529711      0.730   0.977312    12.6817   -0.07218      0.724     0.6422    -0.0806 -9.990e-29
 124.529716      0.725   0.964743    12.6880   -0.07220      0.719     0.6335    -0.0882 -9.990e-29
 124.529722      0.718   0.954149    12.6972   -0.07223      0.712     0.6261    -0.0951 -9.990e-29
 124.529728      0.710   0.945279    12.7049   -0.07224      0.704     0.6199    -0.1009 -9.990e-29
 124.529734      0.703   0.937963    12.7103   -0.07225      0.697     0.6148    -0.1055 -9.990e-29
 124.529740      0.701   0.929660    12.7123   -0.07226      0.695     0.6091    -0.1102 -9.990e-29
 124.529745      0.701   0.917624    12.7105   -0.07228      0.695     0.6009    -0.1163 -9.990e-29
 124.529751      0.701   0.903013    12.7062   -0.07231      0.695     0.5910    -0.1235 -9.990e-29
 124.529757      0.707   0.888541    12.7005   -0.07233      0.701     0.5812    -0.1304 -9.990e-29
 124.529763      0.715   0.875444    12.6934   -0.07235      0.709     0.5724    -0.1364 -9.990e-29
 124.529769      0.720   0.864574    12.6840   -0.07234      0.714     0.5651    -0.1409 -9.990e-29
 124.529774      0.723   0.856974    12.6740   -0.07229      0.717     0.5601    -0.1436 -9.990e-29
 124.529780      0.724   0.851946    12.6665   -0.07228      0.718     0.5568    -0.1452 -9.990e-29
 124.529786      0.724   0.847229    12.6609   -0.07228      0.718     0.5537    -0.1470 -9.990e-29
 124.529792      0.722   0.842082    12.6542   -0.07227      0.716     0.5503    -0.1488 -9.990e-29
 124.529797      0.718   0.838523    12.6451   -0.07226      0.712     0.5480    -0.1494 -9.990e-29
 124.529803      0.712   0.837354    12.6350   -0.07228      0.706     0.5473    -0.1487 -9.990e-29
 124.529809      0.704   0.835910    12.6265   -0.07229      0.698     0.5464    -0.1483 -9.990e-29
 124.529815      0.693   0.831712    12.6228   -0.07230      0.687     0.5436    -0.1500 -9.990e-29
 124.529821      0.677   0.825267    12.6271   -0.07231      0.671     0.5392    -0.1540 -9.990e-29
 124.529826      0.662   0.820189    12.6371   -0.07232      0.656     0.5356    -0.1581 -9.990e-29
 124.529832      0.654   0.818588    12.6463   -0.07233      0.649     0.5344    -0.1602 -9.990e-29
 124.529838      0.656   0.816666    12.6520   -0.07232      0.651     0.5330    -0.1619 -9.990e-29
 124.529844      0.666   0.810751    12.6555   -0.07231      0.660     0.5289    -0.1655 -9.990e-29
 124.529850      0.674   0.802947    12.6567   -0.07232      0.668     0.5236    -0.1698 -9.990e-29
 124.529855      0.682   0.795613    12.6552   -0.07232      0.676     0.5187    -0.1735 -9.990e-29
 124.529861      0.694   0.787847    12.6519   -0.07231      0.688     0.5134    -0.1772 -9.990e-29
 124.529867      0.702   0.779288    12.6477   -0.07231      0.696     0.5077    -0.1811 -9.990e-29
 124.529873      0.698   0.771293    12.6433   -0.07231      0.692     0.5023    -0.1847 -9.990e-29
 124.529878      0.687   0.766519    12.6399   -0.07231      0.681     0.4991    -0.1868 -9.990e-29
 124.529884      0.676   0.765808    12.6388   -0.07230      0.670     0.4987    -0.1870 -9.990e-29
 124.529890      0.669   0.764878    12.6399   -0.07229      0.663     0.4980    -0.1877 -9.990e-29
 124.529896      0.665   0.760271    12.6415   -0.07228      0.659     0.4949    -0.1903 -9.990e-29
 124.529902      0.664   0.754165    12.6419   -0.07226      0.658     0.4908    -0.1936 -9.990e-29
 124.529907      0.662   0.750626    12.6423   -0.07225      0.656     0.4884    -0.1955 -9.990e-29
 124.529913      0.659   0.750482    12.6439   -0.07224      0.653     0.4882    -0.1958 -9.990e-29
 124.529919      0.663   0.750768    12.6457   -0.07223      0.657     0.4884    -0.1959 -9.990e-29
 124.529925      0.673   0.748536    12.6476   -0.07221      0.667     0.4869    -0.1973 -9.990e-29
 124.529931      0.684   0.743584    12.6503   -0.07214      0.678     0.4835    -0.2003 -9.990e-29
 124.529936      0.689   0.737630    12.6534   -0.07207      0.683     0.4794    -0.2038 -9.990e-29
 124.529942      0.691   0.732723    12.6571   -0.07205      0.685     0.4761    -0.2069 -9.990e-29
 124.529948      0.694   0.731199    12.6628   -0.07204      0.688     0.4750    -0.2085 -9.990e-29
 124.529954      0.701   0.733800    12.6700   -0.07205      0.695     0.4766    -0.2081 -9.990e-29
 124.529959      0.709   0.737336    12.6771   -0.07204      0.703     0.4789    -0.2071 -9.990e-29
 124.529965      0.715   0.737644    12.6846   -0.07203      0.709     0.4791    -0.2080 -9.990e-29
 124.529971      0.719   0.734025    12.6950   -0.07202      0.713     0.4765    -0.2113 -9.990e-29
 124.529977      0.720   0.729422    12.7120   -0.07201      0.714     0.4732    -0.2160 -9.990e-29
 124.529983      0.720   0.726572    12.7360   -0.07201      0.714     0.4710    -0.2207 -9.990e-29
 124.529988      0.717   0.725005    12.7590   -0.07200      0.711     0.4696    -0.2246 -9.990e-29
 124.529994      0.712   0.723188    12.7735   -0.07201      0.706     0.4682    -0.2275 -9.990e-29
 124.530000      0.705   0.720917    12.7806   -0.07201      0.699     0.4666    -0.2296 -9.990e-29
 124.530006      0.700   0.718493    12.7847   -0.07201      0.694     0.4649    -0.2315 -9.990e-29
 124.530012      0.699   0.716014    12.7885   -0.07201      0.693     0.4632    -0.2333 -9.990e-29
 124.530017      0.699   0.714056    12.7930   -0.07199      0.693     0.4619    -0.2349 -9.990e-29
 124.530023      0.701   0.712783    12.7977   -0.07198      0.695     0.4610    -0.2362 -9.990e-29
 124.530029      0.708   0.711052    12.8014   -0.07195      0.702     0.4598    -0.2376 -9.990e-29
 124.530035      0.716   0.708774    12.8036   -0.07194      0.710     0.4582    -0.2391 -9.990e-29
 124.530041      0.722   0.707351    12.8048   -0.07190      0.716     0.4572    -0.2400 -9.990e-29
 124.530046      0.726   0.707105    12.8049   -0.07187      0.720     0.4571    -0.2401 -9.990e-29
 124.530052      0.729   0.707153    12.8046   -0.07186      0.723     0.4571    -0.2401 -9.990e-29
 124.530058      0.730   0.707005    12.8054   -0.07183      0.724     0.4570    -0.2402 -9.990e-29
 124.530064      0.730   0.705907    12.8090   -0.07181      0.724     0.4562    -0.2413 -9.990e-29
 124.530069      0.728   0.702951    12.8157   -0.07176      0.722     0.4541    -0.2438 -9.990e-29
 124.530075      0.725   0.698632    12.8246   -0.07174      0.719     0.4511    -0.2472 -9.990e-29
 124.530081      0.720   0.694405    12.8348   -0.07173      0.714     0.4482    -0.2508 -9.990e-29
 124.530087      0.718   0.692400    12.8471   -0.07170      0.712     0.4467    -0.2535 -9.990e-29
 124.530093      0.722   0.693273    12.8616   -0.07170      0.716     0.4471    -0.2550 -9.990e-29
 124.530098      0.728   0.693752    12.8752   -0.07170      0.722     0.4473    -0.2566 -9.990e-29
 124.530104      0.733   0.691146    12.8872   -0.07170      0.727     0.4454    -0.2596 -9.990e-29
 124.530110      0.737   0.687527    12.8999   -0.07169      0.731     0.4428    -0.2632 -9.990e-29
 124.530116      0.740   0.685839    12.9144   -0.07165      0.734     0.4416    -0.2660 -9.990e-29
 124.530122      0.742   0.686050    12.9295   -0.07169      0.736     0.4415    -0.2679 -9.990e-29
 124.530127      0.744   0.686776    12.9419   -0.07173      0.738     0.4419    -0.2693 -9.990e-29
 124.530133      0.745   0.687320    12.9509   -0.07173      0.739     0.4421    -0.2702 -9.990e-29
 124.530139      0.746   0.687297    12.9580   -0.07170      0.740     0.4420    -0.2712 -9.990e-29
 124.530145      0.747   0.686122    12.9625   -0.07168      0.741     0.4412    -0.2724 -9.990e-29
 124.530150      0.747   0.683891    12.9650   -0.07168      0.741     0.4397    -0.2739 -9.990e-29
 124.530156      0.747   0.681516    12.9675   -0.07168      0.741     0.4381    -0.2755 -9.990e-29
 124.530162      0.747   0.679714    12.9719   -0.07170      0.741     0.4368    -0.2770 -9.990e-29
 124.530168      0.746   0.678856    12.9746   -0.07171      0.740     0.4362    -0.2778 -9.990e-29
 124.530174      0.746   0.678905    12.9699   -0.07169      0.740     0.4363    -0.2771 -9.990e-29
 124.530179      0.745   0.678818    12.9625   -0.07167      0.739     0.4363    -0.2762 -9.990e-29
 124.530185      0.743   0.677368    12.9615   -0.07166      0.737     0.4354    -0.2768 -9.990e-29
 124.530191      0.741   0.674286    12.9669   -0.07168      0.735     0.4333    -0.2791 -9.990e-29
 124.530197      0.739   0.671013    12.9726   -0.07170      0.733     0.4310    -0.2816 -9.990e-29
 124.530203      0.735   0.670397    12.9745   -0.07173      0.729     0.4306    -0.2822 -9.990e-29
 124.530208      0.731   0.672724    12.9728   -0.07175      0.725     0.4322    -0.2808 -9.990e-29
 124.530214      0.725   0.674995    12.9694   -0.07176      0.719     0.4337    -0.2791 -9.990e-29
 124.530220      0.717   0.675801    12.9682   -0.07178      0.711     0.4343    -0.2785 -9.990e-29
 124.530226      0.707   0.676215    12.9716   -0.07180      0.701     0.4345    -0.2788 -9.990e-29
 124.530231      0.699   0.676789    12.9765   -0.07184      0.693     0.4348    -0.2791 -9.990e-29
 124.530237      0.696   0.677178    12.9776   -0.07187      0.690     0.4351    -0.2791 -9.990e-29
 124.530243      0.694   0.677347    12.9729   -0.07189      0.688     0.4352    -0.2784 -9.990e-29
 124.530249      0.688   0.676965    12.9640   -0.07188      0.682     0.4351    -0.2774 -9.990e-29
 124.530255      0.683   0.674967    12.9534   -0.07188      0.677     0.4339    -0.2770 -9.990e-29
 124.530260      0.682   0.672019    12.9436   -0.07187      0.676     0.4320    -0.2772 -9.990e-29
 124.530266      0.681   0.670848    12.9347   -0.07186      0.675     0.4313    -0.2766 -9.990e-29
 124.530272      0.679   0.672113    12.9245   -0.07186      0.673     0.4323    -0.2745 -9.990e-29
 124.530278      0.682   0.673615    12.9116   -0.07182      0.676     0.4334    -0.2720 -9.990e-29
 124.530284      0.688   0.674029    12.8972   -0.07178      0.682     0.4339    -0.2698 -9.990e-29
 124.530289      0.699   0.673907    12.8847   -0.07169      0.693     0.4339    -0.2682 -9.990e-29
 124.530295      0.711   0.673639    12.8776   -0.07166      0.705     0.4338    -0.2674 -9.990e-29
