data/oxygen options/ONMS/Olympic_Coast_National_Marine_Sanctuary_CTD_Data_2005_2023/raw_data/2006/CTD_KL027_100206faedb.cnv
* Sea-Bird SBE19 Data File:
* FileName = C:\MOORING_DATA_2006\CTD_KL027_100206.hex
* Software Version 1.1.6
* Temperature SN = 2997
* Conductivity SN = 2997
* System UpLoad Time = Oct 02 2006 15:59:35
* SEACAT PROFILER V3.1c SN 2997   10/02/06  16:00:37.900
* strain gauge pressure sensor: S/N = 184829,  range = 3000 psia,  tc = 40
# nquan = 9
# nvalues = 25                          
# units = specified
# name 0 = timeJ: Julian Days
# name 1 = prSM: Pressure, Strain Gauge [db]
# name 2 = c0mS/cm: Conductivity [mS/cm]
# name 3 = t090C: Temperature [ITS-90, deg C]
# name 4 = oxML/L: Oxygen, Beckman/YSI [ml/l]
# name 5 = depSM: Depth [salt water, m], lat = 47.5
# name 6 = sal00: Salinity, Practical [PSU]
# name 7 = sigma-é00: Density [sigma-theta, kg/m^3]
# name 8 = flag: flag
# span 0 = 275.652484, 275.652906       
# span 1 =      2.000,     26.000       
# span 2 =  35.211575,  38.011593       
# span 3 =     8.2481,    12.5101       
# span 4 =    1.09138,    8.02192       
# span 5 =      1.983,     25.782       
# span 6 =    32.6180,    33.6826       
# span 7 =    24.6434,    26.1998       
# span 8 = 0.0000e+00, 0.0000e+00       
# interval = decibars: 1                
# start_time = Oct 02 2006 15:36:16 [Instrument's time stamp, header]
# bad_flag = -9.990e-29
*END*
 275.652484      2.000  38.011593    12.5101    8.02192      1.983    32.6180    24.6434 0.0000e+00
 275.652510      3.000  37.825021    12.2073    7.72954      2.975    32.7026    24.7664 0.0000e+00
 275.652528      4.000  37.674188    12.0291    7.46482      3.966    32.7128    24.8077 0.0000e+00
 275.652545      5.000  37.592960    11.9161    7.22760      4.958    32.7329    24.8445 0.0000e+00
 275.652562      6.000  37.517882    11.7984    6.99290      5.950    32.7633    24.8899 0.0000e+00
 275.652578      7.000  37.438668    11.6897    6.79838      6.941    32.7816    24.9242 0.0000e+00
 275.652595      8.000  37.393451    11.6140    6.62097      7.933    32.8040    24.9555 0.0000e+00
 275.652611      9.000  37.358983    11.5421    6.38875      8.925    32.8336    24.9917 0.0000e+00
 275.652627     10.000  37.344688    11.4947    5.90648      9.916    32.8614    25.0219 0.0000e+00
 275.652643     11.000  37.346090    11.3973    5.37820     10.908    32.9491    25.1078 0.0000e+00
 275.652660     12.000  37.299376    11.2466    5.10483     11.899    33.0375    25.2037 0.0000e+00
 275.652676     13.000  37.239665    11.1110    4.91370     12.891    33.0999    25.2766 0.0000e+00
 275.652692     14.000  37.190820    10.9993    4.59588     13.882    33.1517    25.3369 0.0000e+00
 275.652708     15.000  37.093754    10.8098    4.08846     14.874    33.2265    25.4285 0.0000e+00
 275.652725     16.000  36.806210    10.4340    3.78315     15.866    33.2806    25.5360 0.0000e+00
 275.652742     17.000  36.313927     9.9252    3.60211     16.858    33.2489    25.5974 0.0000e+00
 275.652759     18.000  35.957208     9.5261    3.18658     17.849    33.2526    25.6661 0.0000e+00
 275.652776     19.000  35.907600     9.3709    2.67732     18.841    33.3454    25.7639 0.0000e+00
 275.652793     20.000  35.845879     9.1796    2.04569     19.832    33.4602    25.8843 0.0000e+00
 275.652811     21.000  35.662495     8.8772    1.47164     20.824    33.5535    26.0051 0.0000e+00
 275.652830     22.000  35.412056     8.5038    1.14262     21.815    33.6446    26.1342 0.0000e+00
 275.652847     23.000  35.250515     8.2847    1.09138     22.807    33.6826    26.1972 0.0000e+00
 275.652865     24.000  35.221770     8.2548    1.10041     23.798    33.6802    26.1998 0.0000e+00
 275.652883     25.000  35.214391     8.2487    1.10172     24.790    33.6777    26.1988 0.0000e+00
 275.652906     26.000  35.211575     8.2481    1.09565     25.782    33.6749    26.1967 0.0000e+00
