data/oxygen options/ONMS/Olympic_Coast_National_Marine_Sanctuary_CTD_Data_2005_2023/raw_data/2006/CTD_TH042_071706_CASTfaedb.cnv
* Sea-Bird SBE19 Data File:
* FileName = C:\MOORING_DATA_2006\CTD_TH042_071706_CAST.hex
* Software Version 1.1.8
* Temperature SN = 2997
* Conductivity SN = 2997
* System UpLoad Time = Jul 17 2006 10:59:55
* SEACAT PROFILER V3.1c SN 2997   07/17/06  10:58:52.633
* strain gauge pressure sensor: S/N = 184829,  range = 3000 psia,  tc = 40
# nquan = 9
# nvalues = 35                          
# units = specified
# name 0 = timeJ: Julian Days
# name 1 = prSM: Pressure, Strain Gauge [db]
# name 2 = c0mS/cm: Conductivity [mS/cm]
# name 3 = t090C: Temperature [ITS-90, deg C]
# name 4 = oxML/L: Oxygen, Beckman/YSI [ml/l]
# name 5 = depSM: Depth [salt water, m], lat = 47.5
# name 6 = sal00: Salinity, Practical [PSU]
# name 7 = sigma-é00: Density [sigma-theta, kg/m^3]
# name 8 = flag: flag
# span 0 = 198.448576, 198.449040       
# span 1 =      2.000,     36.000       
# span 2 =  34.652909,  37.937957       
# span 3 =     7.7924,    13.4952       
# span 4 =    2.63560,    6.57680       
# span 5 =      1.983,     35.696       
# span 6 =    31.7122,    33.5935       
# span 7 =    23.7497,    26.2001       
# span 8 = 0.0000e+00, 0.0000e+00       
# interval = decibars: 1                
# start_time = Jul 17 2006 10:41:27 [Instrument's time stamp, header]
# bad_flag = -9.990e-29
*END*
 198.448576      2.000  37.937957    13.4952    6.57680      1.983    31.7122    23.7497 0.0000e+00
 198.448602      3.000  37.892961    13.4198    6.54746      2.975    31.7327    23.7805 0.0000e+00
 198.448619      4.000  37.829578    13.3417    6.51733      3.967    31.7383    23.8003 0.0000e+00
 198.448632      5.000  37.782784    13.2886    6.51091      4.958    31.7384    23.8110 0.0000e+00
 198.448645      6.000  37.753937    13.2482    6.54441      5.950    31.7447    23.8238 0.0000e+00
 198.448657      7.000  37.720401    13.2131    6.26923      6.941    31.7423    23.8289 0.0000e+00
 198.448669      8.000  37.680705    13.1527    5.85267      7.933    31.7551    23.8507 0.0000e+00
 198.448680      9.000  37.590170    13.0327    5.77252      8.925    31.7701    23.8858 0.0000e+00
 198.448691     10.000  37.338186    12.7405    5.66617      9.916    31.7775    23.9481 0.0000e+00
 198.448702     11.000  36.879461    12.2238    5.48518     10.908    31.7770    24.0458 0.0000e+00
 198.448713     12.000  36.602105    11.8941    5.27450     11.899    31.7905    24.1174 0.0000e+00
 198.448725     13.000  36.471856    11.6482    5.06090     12.891    31.8744    24.2274 0.0000e+00
 198.448737     14.000  36.305524    11.3556    4.92607     13.883    31.9642    24.3498 0.0000e+00
 198.448748     15.000  36.107127    11.0787    4.80476     14.874    32.0094    24.4341 0.0000e+00
 198.448760     16.000  35.956839    10.8772    4.60763     15.866    32.0363    24.4903 0.0000e+00
 198.448771     17.000  35.794943    10.6744    4.39093     16.857    32.0528    24.5383 0.0000e+00
 198.448784     18.000  35.657339    10.3378    4.20906     17.849    32.2120    24.7195 0.0000e+00
 198.448797     19.000  35.438796     9.9058    4.09641     18.841    32.3764    24.9196 0.0000e+00
 198.448809     20.000  35.215035     9.5296    4.10411     19.832    32.4866    25.0670 0.0000e+00
 198.448821     21.000  35.050588     9.2226    4.18237     20.824    32.5963    25.2017 0.0000e+00
 198.448833     22.000  34.935462     8.9784    4.26661     21.816    32.7004    25.3215 0.0000e+00
 198.448846     23.000  34.851116     8.8022    4.24401     22.807    32.7746    25.4068 0.0000e+00
 198.448858     24.000  34.775440     8.6155    4.19586     23.798    32.8679    25.5085 0.0000e+00
 198.448872     25.000  34.723845     8.4855    4.16112     24.790    32.9345    25.5804 0.0000e+00
 198.448884     26.000  34.696232     8.4103    4.14291     25.781    32.9753    25.6236 0.0000e+00
 198.448897     27.000  34.686029     8.3715    4.13423     26.773    33.0003    25.6492 0.0000e+00
 198.448910     28.000  34.672571     8.3293    4.09353     27.764    33.0253    25.6750 0.0000e+00
 198.448923     29.000  34.656436     8.2929    4.07075     28.756    33.0419    25.6936 0.0000e+00
 198.448935     30.000  34.653818     8.2684    4.03842     29.747    33.0617    25.7127 0.0000e+00
 198.448948     31.000  34.653853     8.2471    3.98413     30.739    33.0813    25.7313 0.0000e+00
 198.448961     32.000  34.655133     8.2272    3.79486     31.730    33.1010    25.7497 0.0000e+00
 198.448975     33.000  34.652909     8.1536    3.31766     32.722    33.1677    25.8129 0.0000e+00
 198.448989     34.000  34.670994     8.0031    2.84990     33.713    33.3294    25.9619 0.0000e+00
 198.449005     35.000  34.710021     7.8394    2.64856     34.705    33.5273    26.1412 0.0000e+00
 198.449040     36.000  34.730025     7.7924    2.63560     35.696    33.5935    26.2001 0.0000e+00
