data/oxygen options/ONMS/Olympic_Coast_National_Marine_Sanctuary_CTD_Data_2005_2023/raw_data/2006/CTD_CE065_092506faed.cnv
* Sea-Bird SBE19 Data File:
* FileName = C:\MOORING_DATA_2006\CTD_CE065_092506.hex
* Software Version 1.1.6
* Temperature SN = 2997
* Conductivity SN = 2997
* System UpLoad Time = Sep 25 2006 12:26:07
* SEACAT PROFILER V3.1c SN 2997   09/25/06  12:27:01.776
* strain gauge pressure sensor: S/N = 184829,  range = 3000 psia,  tc = 40
# nquan = 9                                 
# nvalues = 1769                        
# units = specified
# name 0 = timeJ: Julian Days
# name 1 = prSM: Pressure, Strain Gauge [db]
# name 2 = c0mS/cm: Conductivity [mS/cm]
# name 3 = t090C: Temperature [ITS-90, deg C]
# name 4 = oxML/L: Oxygen, Beckman/YSI [ml/l]
# name 5 = depSM: Depth [salt water, m], lat = 47.5
# name 6 = sal00: Salinity, Practical [PSU]
# name 7 = sigma-é00: Density [sigma-theta, kg/m^3]
# name 8 = flag: flag
# span 0 = 268.504687, 268.514919       
# span 1 =     -3.428,     70.556       
# span 2 =   0.101561,  37.987655       
# span 3 =     7.6918,    19.8491       
# span 4 =  -10.61284,   29.94468       
# span 5 =     -3.399,     69.955       
# span 6 =     0.0566,    33.9093       
# span 7 =    -1.7172,    26.4630       
# span 8 = 0.0000e+00, 0.0000e+00       
# interval = seconds: 0.5
# start_time = Sep 25 2006 12:06:45 [Instrument's time stamp, header]
# bad_flag = -9.990e-29
*END*
[from data line 801]
 268.509323     51.200  34.941424     7.7160    0.95982     50.766    33.8878    26.4426 -9.990e-29
 268.509329     51.190  34.941947     7.7161    0.95984     50.756    33.8882    26.4429 -9.990e-29
 268.509334     51.186  34.941849     7.7156    0.95987     50.753    33.8886    26.4433 -9.990e-29
 268.509340     51.187  34.941548     7.7154    0.96932     50.753    33.8885    26.4432 -9.990e-29
 268.509346     51.190  34.941752     7.7160    0.97147     50.756    33.8881    26.4429 -9.990e-29
 268.509352     51.189  34.942718     7.7168    0.97121     50.755    33.8884    26.4429 -9.990e-29
 268.509358     51.190  34.943479     7.7169    0.97872     50.756    33.8891    26.4435 -9.990e-29
 268.509363     51.197  34.943353     7.7165    0.97663     50.763    33.8894    26.4438 -9.990e-29
 268.509369     51.209  34.942721     7.7160    0.97664     50.775    33.8892    26.4437 -9.990e-29
 268.509375     51.225  34.941849     7.7157    0.96510     50.791    33.8885    26.4432 -9.990e-29
 268.509381     51.239  34.941241     7.7156    0.95898     50.805    33.8879    26.4428 -9.990e-29
 268.509387     51.258  34.941196     7.7154    0.95895     50.824    33.8881    26.4429 -9.990e-29
 268.509392     51.283  34.941079     7.7151    0.96106     50.849    33.8882    26.4431 -9.990e-29
 268.509398     51.306  34.940721     7.7147    0.96526     50.871    33.8882    26.4431 -9.990e-29
 268.509404     51.321  34.940754     7.7149    0.96500     50.886    33.8881    26.4430 -9.990e-29
 268.509410     51.324  34.941208     7.7155    0.96523     50.889    33.8880    26.4428 -9.990e-29
 268.509416     51.320  34.941552     7.7159    0.96489     50.885    33.8879    26.4427 -9.990e-29
 268.509421     51.313  34.941670     7.7160    0.95564     50.878    33.8880    26.4427 -9.990e-29
 268.509427     51.302  34.941707     7.7162    0.95356     50.868    33.8878    26.4426 -9.990e-29
 268.509433     51.287  34.942260     7.7170    0.95361     50.853    33.8877    26.4423 -9.990e-29
 268.509439     51.266  34.943493     7.7177    0.95580     50.832    33.8883    26.4428 -9.990e-29
 268.509444     51.238  34.944233     7.7176    0.96950     50.804    33.8892    26.4435 -9.990e-29
 268.509450     51.202  34.944333     7.7172    0.98077     50.768    33.8897    26.4439 -9.990e-29
 268.509456     51.160  34.944474     7.7173    0.99231     50.727    33.8898    26.4440 -9.990e-29
 268.509462     51.117  34.944830     7.7179    0.98310     50.684    33.8896    26.4438 -9.990e-29
 268.509468     51.075  34.945303     7.7189    0.97475     50.642    33.8892    26.4433 -9.990e-29
 268.509473     51.040  34.945388     7.7198    0.96846     50.608    33.8884    26.4425 -9.990e-29
 268.509479     51.027  34.945189     7.7198    0.96663     50.595    33.8882    26.4424 -9.990e-29
 268.509485     51.043  34.944988     7.7192    0.98028     50.611    33.8886    26.4427 -9.990e-29
 268.509491     51.086  34.944506     7.7182    0.99154     50.653    33.8890    26.4432 -9.990e-29
 268.509497     51.144  34.943645     7.7174    0.99361     50.711    33.8888    26.4432 -9.990e-29
 268.509502     51.205  34.942927     7.7172    0.98225     50.771    33.8882    26.4428 -9.990e-29
 268.509508     51.260  34.943060     7.7172    0.96445     50.826    33.8883    26.4428 -9.990e-29
 268.509514     51.308  34.943648     7.7171    0.95815     50.873    33.8890    26.4434 -9.990e-29
 268.509520     51.352  34.943778     7.7170    0.95084     50.917    33.8893    26.4436 -9.990e-29
 268.509525     51.391  34.943609     7.7165    0.96421     50.956    33.8895    26.4439 -9.990e-29
 268.509531     51.418  34.943465     7.7158    0.97070     50.983    33.8901    26.4444 -9.990e-29
 268.509537     51.431  34.943139     7.7155    0.96332     50.995    33.8900    26.4444 -9.990e-29
 268.509543     51.431  34.942745     7.7160    0.97279     50.995    33.8891    26.4436 -9.990e-29
 268.509549     51.418  34.942864     7.7165    0.97049     50.983    33.8887    26.4433 -9.990e-29
 268.509554     51.390  34.943642     7.7164    0.97279     50.955    33.8897    26.4440 -9.990e-29
 268.509560     51.351  34.944421     7.7160    0.97471     50.916    33.8909    26.4451 -9.990e-29
 268.509566     51.310  34.944545     7.7158    0.97069     50.875    33.8913    26.4454 -9.990e-29
 268.509572     51.278  34.944166     7.7159    0.97062     50.844    33.8908    26.4450 -9.990e-29
 268.509578     51.254  34.943890     7.7162    0.97065     50.820    33.8902    26.4445 -9.990e-29
 268.509583     51.230  34.943901     7.7167    0.97061     50.796    33.8897    26.4440 -9.990e-29
 268.509589     51.211  34.944200     7.7172    0.98016     50.777    33.8896    26.4438 -9.990e-29
 268.509595     51.199  34.944608     7.7173    0.98253     50.765    33.8899    26.4441 -9.990e-29
 268.509601     51.192  34.944532     7.7173    0.99183     50.758    33.8899    26.4440 -9.990e-29
 268.509606     51.192  34.943858     7.7173    0.99179     50.758    33.8891    26.4435 -9.990e-29
 268.509612     51.197  34.943356     7.7175    0.97838     50.763    33.8884    26.4428 -9.990e-29
 268.509618     51.204  34.943468     7.7181    0.97411     50.770    33.8879    26.4424 -9.990e-29
 268.509624     51.209  34.943768     7.7188    0.97921     50.775    33.8876    26.4420 -9.990e-29
 268.509630     51.216  34.944080     7.7190    0.97421     50.782    33.8877    26.4421 -9.990e-29
 268.509635     51.231  34.944246     7.7186    0.97633     50.797    33.8883    26.4426 -9.990e-29
 268.509641     51.259  34.943915     7.7177    0.97393     50.825    33.8888    26.4431 -9.990e-29
 268.509647     51.301  34.943195     7.7165    0.97198     50.867    33.8891    26.4436 -9.990e-29
 268.509653     51.347  34.942234     7.7156    0.96662     50.912    33.8890    26.4436 -9.990e-29
 268.509659     51.387  34.941417     7.7155    0.96453     50.952    33.8882    26.4430 -9.990e-29
 268.509664     51.415  34.941322     7.7159    0.95510     50.980    33.8877    26.4425 -9.990e-29
 268.509670     51.429  34.941810     7.7162    0.95535     50.993    33.8879    26.4426 -9.990e-29
 268.509676     51.430  34.942394     7.7156    0.95955     50.994    33.8891    26.4437 -9.990e-29
 268.509682     51.417  34.942721     7.7147    0.96168     50.982    33.8903    26.4448 -9.990e-29
 268.509687     51.390  34.942651     7.7145    0.97531     50.955    33.8905    26.4449 -9.990e-29
 268.509693     51.347  34.942641     7.7152    0.97747     50.912    33.8898    26.4443 -9.990e-29
 268.509699     51.290  34.943222     7.7166    0.98697     50.856    33.8891    26.4435 -9.990e-29
 268.509705     51.227  34.944035     7.7180    0.98674     50.793    33.8886    26.4430 -9.990e-29
 268.509711     51.173  34.944471     7.7187    0.98269     50.740    33.8884    26.4427 -9.990e-29
 268.509716     51.136  34.944540     7.7185    0.98080     50.703    33.8887    26.4430 -9.990e-29
 268.509722     51.118  34.944322     7.7179    0.97661     50.685    33.8891    26.4433 -9.990e-29
 268.509728     51.119  34.944074     7.7175    0.97661     50.686    33.8892    26.4435 -9.990e-29
 268.509734     51.138  34.944012     7.7173    0.98588     50.705    33.8893    26.4436 -9.990e-29
 268.509740     51.171  34.944040     7.7172    0.98794     50.738    33.8894    26.4437 -9.990e-29
 268.509745     51.214  34.944182     7.7170    0.98787     50.780    33.8898    26.4440 -9.990e-29
 268.509751     51.260  34.944051     7.7168    0.97629     50.826    33.8898    26.4441 -9.990e-29
 268.509757     51.298  34.943460     7.7169    0.97022     50.864    33.8890    26.4434 -9.990e-29
 268.509763     51.319  34.943291     7.7174    0.97028     50.884    33.8884    26.4428 -9.990e-29
 268.509769     51.324  34.943864     7.7179    0.96299     50.889    33.8885    26.4429 -9.990e-29
 268.509774     51.322  34.944247     7.7181    0.96504     50.887    33.8887    26.4430 -9.990e-29
 268.509780     51.316  34.943815     7.7179    0.97445     50.881    33.8884    26.4428 -9.990e-29
 268.509786     51.307  34.943102     7.7176    0.97846     50.872    33.8880    26.4425 -9.990e-29
 268.509792     51.294  34.942826     7.7178    0.98291     50.860    33.8875    26.4421 -9.990e-29
 268.509797     51.276  34.943168     7.7186    0.98064     50.842    33.8871    26.4417 -9.990e-29
 268.509803     51.257  34.944009     7.7194    0.98591     50.823    33.8872    26.4417 -9.990e-29
 268.509809     51.243  34.944776     7.7194    0.97861     50.809    33.8881    26.4423 -9.990e-29
 268.509815     51.238  34.944796     7.7187    0.97647     50.804    33.8888    26.4430 -9.990e-29
 268.509821     51.241  34.944085     7.7181    0.97428     50.807    33.8886    26.4429 -9.990e-29
 268.509826     51.250  34.943361     7.7180    0.96275     50.816    33.8879    26.4424 -9.990e-29
 268.509832     51.259  34.943330     7.7183    0.97426     50.825    33.8876    26.4421 -9.990e-29
 268.509838     51.274  34.943937     7.7184    0.97634     50.840    33.8881    26.4425 -9.990e-29
 268.509844     51.296  34.944295     7.7178    0.96902     50.862    33.8891    26.4433 -9.990e-29
 268.509850     51.317  34.943749     7.7168    0.96905     50.882    33.8894    26.4438 -9.990e-29
 268.509855     51.335  34.942676     7.7159    0.95557     50.900    33.8892    26.4437 -9.990e-29
 268.509861     51.351  34.941874     7.7157    0.96482     50.916    33.8885    26.4432 -9.990e-29
 268.509867     51.361  34.941944     7.7163    0.96193     50.926    33.8880    26.4427 -9.990e-29
 268.509873     51.358  34.942964     7.7173    0.96181     50.923    33.8881    26.4426 -9.990e-29
 268.509878     51.341  34.944038     7.7178    0.97336     50.906    33.8888    26.4431 -9.990e-29
 268.509884     51.317  34.944344     7.7179    0.98274     50.882    33.8890    26.4433 -9.990e-29
 268.509890     51.295  34.944275     7.7179    0.98921     50.861    33.8889    26.4432 -9.990e-29
 268.509896     51.281  34.944289     7.7178    0.98705     50.847    33.8891    26.4433 -9.990e-29
 268.509902     51.278  34.944391     7.7178    0.98059     50.844    33.8892    26.4434 -9.990e-29
 268.509907     51.282  34.944707     7.7179    0.97663     50.848    33.8894    26.4436 -9.990e-29
 268.509913     51.288  34.945081     7.7178    0.97643     50.854    33.8899    26.4440 -9.990e-29
 268.509919     51.303  34.944878     7.7173    0.96718     50.869    33.8902    26.4443 -9.990e-29
 268.509925     51.326  34.943814     7.7165    0.97448     50.891    33.8898    26.4441 -9.990e-29
 268.509931     51.346  34.942701     7.7160    0.96730     50.911    33.8891    26.4436 -9.990e-29
 268.509936     51.351  34.942285     7.7163    0.96725     50.916    33.8883    26.4430 -9.990e-29
 268.509942     51.343  34.942556     7.7171    0.96920     50.908    33.8879    26.4425 -9.990e-29
 268.509948     51.329  34.943303     7.7178    0.97661     50.894    33.8880    26.4425 -9.990e-29
 268.509954     51.316  34.943826     7.7179    0.98292     50.881    33.8885    26.4428 -9.990e-29
 268.509959     51.308  34.943687     7.7175    0.99214     50.873    33.8887    26.4431 -9.990e-29
 268.509965     51.301  34.943251     7.7173    0.99234     50.867    33.8884    26.4429 -9.990e-29
 268.509971     51.289  34.943043     7.7176    0.98815     50.855    33.8879    26.4425 -9.990e-29
 268.509977     51.272  34.943333     7.7182    0.97683     50.838    33.8877    26.4422 -9.990e-29
 268.509983     51.252  34.943934     7.7190    0.97987     50.818    33.8875    26.4420 -9.990e-29
 268.509988     51.238  34.944512     7.7195    0.97269     50.804    33.8877    26.4420 -9.990e-29
 268.509994     51.238  34.944704     7.7192    0.97261     50.804    33.8882    26.4424 -9.990e-29
 268.510000     51.254  34.944193     7.7186    0.98396     50.820    33.8882    26.4425 -9.990e-29
 268.510006     51.280  34.943407     7.7180    0.98419     50.846    33.8879    26.4424 -9.990e-29
 268.510012     51.304  34.942967     7.7179    0.97896     50.869    33.8875    26.4421 -9.990e-29
 268.510017     51.324  34.942833     7.7180    0.97468     50.889    33.8873    26.4419 -9.990e-29
 268.510023     51.342  34.942813     7.7179    0.97053     50.907    33.8874    26.4420 -9.990e-29
 268.510029     51.357  34.942866     7.7174    0.96318     50.922    33.8879    26.4425 -9.990e-29
 268.510035     51.372  34.943049     7.7171    0.96509     50.937    33.8884    26.4429 -9.990e-29
 268.510041     51.382  34.943033     7.7174    0.97451     50.947    33.8881    26.4426 -9.990e-29
 268.510046     51.380  34.942781     7.7177    0.97870     50.945    33.8875    26.4421 -9.990e-29
 268.510052     51.366  34.943066     7.7177    0.98286     50.931    33.8878    26.4424 -9.990e-29
 268.510058     51.348  34.943696     7.7174    0.98104     50.913    33.8888    26.4432 -9.990e-29
 268.510064     51.328  34.943817     7.7172    0.97670     50.893    33.8891    26.4435 -9.990e-29
 268.510069     51.305  34.943575     7.7171    0.97694     50.870    33.8890    26.4434 -9.990e-29
 268.510075     51.282  34.943757     7.7169    0.96750     50.848    33.8894    26.4437 -9.990e-29
 268.510081     51.267  34.944032     7.7169    0.96563     50.833    33.8897    26.4439 -9.990e-29
 268.510087     51.262  34.943631     7.7170    0.97489     50.828    33.8891    26.4435 -9.990e-29
 268.510093     51.263  34.943129     7.7170    0.96960     50.829    33.8886    26.4431 -9.990e-29
 268.510098     51.265  34.942964     7.7171    0.97162     50.831    33.8883    26.4429 -9.990e-29
 268.510104     51.274  34.942905     7.7173    0.97897     50.840    33.8881    26.4426 -9.990e-29
 268.510110     51.294  34.942858     7.7167    0.97890     50.860    33.8886    26.4431 -9.990e-29
 268.510116     51.322  34.942748     7.7155    0.97365     50.887    33.8896    26.4441 -9.990e-29
 268.510122     51.351  34.942415     7.7147    0.96927     50.916    33.8900    26.4445 -9.990e-29
 268.510127     51.378  34.941961     7.7145    0.95612     50.943    33.8897    26.4443 -9.990e-29
 268.510133     51.402  34.941889     7.7143    0.95617     50.967    33.8898    26.4444 -9.990e-29
 268.510139     51.415  34.942089     7.7142    0.96033     50.980    33.8901    26.4447 -9.990e-29
 268.510145     51.414  34.942253     7.7148    0.96243     50.979    33.8897    26.4443 -9.990e-29
 268.510150     51.398  34.942586     7.7157    0.97600     50.963    33.8892    26.4438 -9.990e-29
 268.510156     51.372  34.942961     7.7163    0.97811     50.937    33.8891    26.4435 -9.990e-29
 268.510162     51.341  34.943303     7.7168    0.96863     50.906    33.8890    26.4434 -9.990e-29
 268.510168     51.313  34.943494     7.7169    0.97364     50.878    33.8891    26.4435 -9.990e-29
 268.510174     51.293  34.943216     7.7164    0.96236     50.859    33.8893    26.4437 -9.990e-29
 268.510179     51.286  34.942647     7.7154    0.96265     50.852    33.8896    26.4441 -9.990e-29
 268.510185     51.287  34.942136     7.7146    0.95509     50.853    33.8899    26.4444 -9.990e-29
 268.510191     51.286  34.942111     7.7146    0.96062     50.852    33.8898    26.4444 -9.990e-29
 268.510197     51.280  34.942524     7.7152    0.95750     50.846    33.8897    26.4442 -9.990e-29
 268.510203     51.269  34.942791     7.7158    0.96662     50.835    33.8894    26.4439 -9.990e-29
 268.510208     51.255  34.942693     7.7162    0.97101     50.821    33.8889    26.4434 -9.990e-29
 268.510214     51.246  34.942649     7.7165    0.97806     50.812    33.8886    26.4431 -9.990e-29
 268.510220     51.247  34.943148     7.7167    0.98223     50.813    33.8889    26.4434 -9.990e-29
 268.510226     51.257  34.943720     7.7162    0.97809     50.823    33.8900    26.4443 -9.990e-29
 268.510231     51.277  34.943433     7.7154    0.96676     50.843    33.8905    26.4448 -9.990e-29
 268.510237     51.304  34.942452     7.7147    0.96042     50.869    33.8901    26.4446 -9.990e-29
