data/oxygen options/ONMS/Olympic_Coast_National_Marine_Sanctuary_CTD_Data_2005_2023/raw_data/2006/CTD_TH042_080706faed.cnv
* Sea-Bird SBE19 Data File:
* FileName = C:\MOORING_DATA_2006\CTD_TH042_080706.hex
* Software Version 1.1.6
* Temperature SN = 2997
* Conductivity SN = 2997
* System UpLoad Time = Aug 07 2006 11:46:01
* SEACAT PROFILER V3.1c SN 2997   08/07/06  11:45:21.347
* strain gauge pressure sensor: S/N = 184829,  range = 3000 psia,  tc = 40
# nquan = 9                                 
# nvalues = 2489                        
# units = specified
# name 0 = timeJ: Julian Days
# name 1 = prSM: Pressure, Strain Gauge [db]
# name 2 = c0mS/cm: Conductivity [mS/cm]
# name 3 = t090C: Temperature [ITS-90, deg C]
# name 4 = oxML/L: Oxygen, Beckman/YSI [ml/l]
# name 5 = depSM: Depth [salt water, m], lat = 47.5
# name 6 = sal00: Salinity, Practical [PSU]
# name 7 = sigma-é00: Density [sigma-theta, kg/m^3]
# name 8 = flag: flag
# span 0 = 219.475162, 219.489560       
# span 1 =     -5.250,     42.184       
# span 2 =   0.042683,  37.988557       
# span 3 =     7.6998,    17.0613       
# span 4 =  -12.48026,   43.77786       
# span 5 =     -5.206,     41.828       
# span 6 =     0.0281,    33.8203       
# span 7 =    -1.1826,    26.3913       
# span 8 = 0.0000e+00, 0.0000e+00       
# interval = seconds: 0.5
# start_time = Aug 07 2006 11:24:14 [Instrument's time stamp, header]
# bad_flag = -9.990e-29
*END*
[from data line 1281]
 219.482575     20.689  34.639698     8.0649    3.07817     20.515    33.2434    25.8852 -9.990e-29
 219.482581     20.681  34.638544     8.0652    3.07801     20.507    33.2419    25.8840 -9.990e-29
 219.482587     20.674  34.638012     8.0651    3.06878     20.500    33.2414    25.8836 -9.990e-29
 219.482593     20.671  34.637941     8.0646    3.05767     20.497    33.2419    25.8840 -9.990e-29
 219.482598     20.677  34.638788     8.0634    3.05564     20.503    33.2439    25.8858 -9.990e-29
 219.482604     20.686  34.641112     8.0620    3.04907     20.512    33.2477    25.8890 -9.990e-29
 219.482610     20.692  34.643517     8.0612    3.06241     20.518    33.2510    25.8917 -9.990e-29
 219.482616     20.687  34.644153     8.0616    3.06862     20.513    33.2513    25.8919 -9.990e-29
 219.482622     20.665  34.643295     8.0625    3.06147     20.492    33.2496    25.8904 -9.990e-29
 219.482627     20.634  34.642032     8.0633    3.07934     20.461    33.2475    25.8886 -9.990e-29
 219.482633     20.608  34.640353     8.0636    3.07941     20.435    33.2454    25.8870 -9.990e-29
 219.482639     20.600  34.638812     8.0635    3.07210     20.427    33.2439    25.8858 -9.990e-29
 219.482645     20.612  34.638709     8.0633    3.07912     20.439    33.2439    25.8859 -9.990e-29
 219.482650     20.638  34.639337     8.0632    3.06434     20.465    33.2447    25.8865 -9.990e-29
 219.482656     20.665  34.639280     8.0634    3.06427     20.492    33.2444    25.8862 -9.990e-29
 219.482662     20.691  34.639012     8.0638    3.07562     20.517    33.2437    25.8856 -9.990e-29
 219.482668     20.719  34.639286     8.0641    3.06637     20.545    33.2437    25.8856 -9.990e-29
 219.482674     20.745  34.639898     8.0641    3.06844     20.571    33.2444    25.8861 -9.990e-29
 219.482679     20.762  34.640531     8.0639    3.07555     20.588    33.2452    25.8868 -9.990e-29
 219.482685     20.768  34.640896     8.0640    3.07572     20.594    33.2455    25.8870 -9.990e-29
 219.482691     20.763  34.640910     8.0647    3.07987     20.589    33.2449    25.8864 -9.990e-29
 219.482697     20.746  34.640580     8.0655    3.08701     20.572    33.2438    25.8854 -9.990e-29
 219.482703     20.721  34.640019     8.0660    3.08452     20.547    33.2427    25.8845 -9.990e-29
 219.482708     20.695  34.639590     8.0662    3.08443     20.521    33.2421    25.8840 -9.990e-29
 219.482714     20.669  34.639270     8.0662    3.09173     20.495    33.2417    25.8837 -9.990e-29
 219.482720     20.648  34.638625     8.0660    3.08972     20.475    33.2413    25.8834 -9.990e-29
 219.482726     20.633  34.637907     8.0656    3.07177     20.460    33.2409    25.8831 -9.990e-29
 219.482731     20.624  34.637830     8.0651    3.06572     20.451    33.2413    25.8835 -9.990e-29
 219.482737     20.625  34.638280     8.0647    3.06896     20.452    33.2421    25.8842 -9.990e-29
 219.482743     20.640  34.638727     8.0645    3.05796     20.467    33.2428    25.8848 -9.990e-29
 219.482749     20.665  34.639196     8.0641    3.05284     20.492    33.2437    25.8855 -9.990e-29
 219.482755     20.693  34.640303     8.0633    3.04878     20.519    33.2456    25.8872 -9.990e-29
 219.482760     20.718  34.641828     8.0627    3.03962     20.544    33.2478    25.8890 -9.990e-29
 219.482766     20.738  34.642991     8.0628    3.04786     20.564    33.2489    25.8898 -9.990e-29
 219.482772     20.753  34.643651     8.0635    3.07066     20.579    33.2489    25.8898 -9.990e-29
 219.482778     20.760  34.642997     8.0643    3.07683     20.586    33.2475    25.8885 -9.990e-29
 219.482784     20.755  34.641267     8.0652    3.09037     20.581    33.2448    25.8862 -9.990e-29
 219.482789     20.733  34.640070     8.0661    3.08818     20.559    33.2427    25.8844 -9.990e-29
 219.482795     20.699  34.639480     8.0665    3.07039     20.525    33.2417    25.8836 -9.990e-29
 219.482801     20.670  34.639262     8.0664    3.06630     20.496    33.2415    25.8835 -9.990e-29
 219.482807     20.658  34.639117     8.0659    3.07148     20.485    33.2419    25.8839 -9.990e-29
 219.482812     20.661  34.638841     8.0655    3.06637     20.488    33.2420    25.8840 -9.990e-29
 219.482818     20.677  34.639178     8.0654    3.07808     20.503    33.2424    25.8843 -9.990e-29
 219.482824     20.697  34.640007     8.0654    3.07733     20.523    33.2433    25.8850 -9.990e-29
 219.482830     20.713  34.640368     8.0651    3.07580     20.539    33.2439    25.8856 -9.990e-29
 219.482836     20.720  34.640176     8.0647    3.07760     20.546    33.2441    25.8858 -9.990e-29
 219.482841     20.712  34.639913     8.0647    3.07365     20.538    33.2438    25.8856 -9.990e-29
 219.482847     20.694  34.639778     8.0652    3.06417     20.520    33.2432    25.8850 -9.990e-29
 219.482853     20.676  34.639770     8.0655    3.05357     20.502    33.2429    25.8848 -9.990e-29
 219.482859     20.672  34.639872     8.0652    3.06014     20.498    33.2433    25.8851 -9.990e-29
 219.482865     20.680  34.640773     8.0643    3.05484     20.506    33.2451    25.8867 -9.990e-29
 219.482870     20.688  34.643108     8.0633    3.06856     20.514    33.2486    25.8895 -9.990e-29
 219.482876     20.684  34.644936     8.0633    3.08138     20.510    33.2505    25.8910 -9.990e-29
 219.482882     20.664  34.644201     8.0641    3.07289     20.491    33.2490    25.8897 -9.990e-29
 219.482888     20.630  34.642158     8.0647    3.07192     20.457    33.2463    25.8875 -9.990e-29
 219.482894     20.594  34.640561     8.0649    3.07548     20.421    33.2444    25.8860 -9.990e-29
 219.482899     20.564  34.639518     8.0652    3.07538     20.391    33.2430    25.8848 -9.990e-29
 219.482905     20.549  34.638755     8.0657    3.07928     20.376    33.2417    25.8838 -9.990e-29
 219.482911     20.552  34.638370     8.0661    3.06807     20.379    33.2409    25.8831 -9.990e-29
 219.482917     20.569  34.638404     8.0659    3.07052     20.396    33.2412    25.8833 -9.990e-29
 219.482922     20.591  34.639455     8.0649    3.06432     20.418    33.2432    25.8851 -9.990e-29
 219.482928     20.608  34.641794     8.0641    3.07298     20.435    33.2465    25.8877 -9.990e-29
 219.482934     20.607  34.643487     8.0645    3.08707     20.434    33.2479    25.8888 -9.990e-29
 219.482940     20.585  34.642858     8.0657    3.07776     20.412    33.2461    25.8872 -9.990e-29
 219.482946     20.545  34.640743     8.0669    3.09616     20.373    33.2427    25.8844 -9.990e-29
 219.482951     20.496  34.638799     8.0676    3.09403     20.324    33.2400    25.8821 -9.990e-29
 219.482957     20.453  34.637793     8.0682    3.08252     20.281    33.2384    25.8808 -9.990e-29
 219.482963     20.431  34.637500     8.0682    3.08914     20.259    33.2381    25.8805 -9.990e-29
 219.482969     20.435  34.637524     8.0675    3.07456     20.263    33.2388    25.8812 -9.990e-29
 219.482975     20.458  34.638451     8.0665    3.07453     20.286    33.2407    25.8828 -9.990e-29
 219.482980     20.485  34.639828     8.0658    3.08571     20.313    33.2428    25.8846 -9.990e-29
 219.482986     20.503  34.640119     8.0658    3.09430     20.331    33.2431    25.8848 -9.990e-29
 219.482992     20.511  34.639704     8.0664    3.09183     20.339    33.2421    25.8840 -9.990e-29
 219.482998     20.508  34.639141     8.0672    3.09636     20.336    33.2407    25.8828 -9.990e-29
 219.483003     20.499  34.638236     8.0680    3.09220     20.327    33.2390    25.8813 -9.990e-29
 219.483009     20.491  34.637457     8.0685    3.08178     20.319    33.2377    25.8802 -9.990e-29
 219.483015     20.489  34.637441     8.0683    3.09031     20.317    33.2379    25.8804 -9.990e-29
 219.483021     20.492  34.638158     8.0680    3.09739     20.320    33.2389    25.8812 -9.990e-29
 219.483027     20.496  34.638877     8.0682    3.09204     20.324    33.2395    25.8817 -9.990e-29
 219.483032     20.492  34.638867     8.0687    3.10151     20.320    33.2390    25.8812 -9.990e-29
 219.483038     20.482  34.638107     8.0691    3.09732     20.310    33.2378    25.8802 -9.990e-29
 219.483044     20.472  34.637259     8.0693    3.08680     20.300    33.2368    25.8793 -9.990e-29
 219.483050     20.466  34.636866     8.0690    3.09595     20.294    33.2366    25.8793 -9.990e-29
 219.483056     20.464  34.636960     8.0685    3.09316     20.292    33.2372    25.8798 -9.990e-29
 219.483061     20.465  34.637660     8.0682    3.09523     20.293    33.2382    25.8807 -9.990e-29
 219.483067     20.466  34.638209     8.0684    3.09842     20.294    33.2386    25.8809 -9.990e-29
 219.483073     20.462  34.637648     8.0693    3.09446     20.290    33.2372    25.8797 -9.990e-29
 219.483079     20.457  34.636906     8.0700    3.09348     20.285    33.2357    25.8784 -9.990e-29
 219.483084     20.455  34.636668     8.0699    3.09342     20.283    33.2356    25.8783 -9.990e-29
 219.483090     20.457  34.636609     8.0695    3.09307     20.285    33.2359    25.8786 -9.990e-29
 219.483096     20.462  34.636646     8.0692    3.07529     20.290    33.2362    25.8789 -9.990e-29
 219.483102     20.470  34.636819     8.0691    3.07088     20.298    33.2365    25.8791 -9.990e-29
 219.483108     20.482  34.637354     8.0685    3.06183     20.310    33.2376    25.8801 -9.990e-29
 219.483113     20.499  34.638956     8.0671    3.06389     20.327    33.2406    25.8827 -9.990e-29
 219.483119     20.517  34.642073     8.0655    3.07220     20.345    33.2455    25.8867 -9.990e-29
 219.483125     20.530  34.644684     8.0652    3.08268     20.358    33.2485    25.8892 -9.990e-29
 219.483131     20.529  34.644658     8.0664    3.08911     20.357    33.2474    25.8881 -9.990e-29
 219.483137     20.510  34.643073     8.0680    3.09888     20.338    33.2442    25.8853 -9.990e-29
 219.483142     20.476  34.641171     8.0693    3.09972     20.304    33.2409    25.8826 -9.990e-29
 219.483148     20.438  34.639212     8.0701    3.09454     20.266    33.2381    25.8803 -9.990e-29
 219.483154     20.406  34.637944     8.0704    3.09268     20.235    33.2365    25.8789 -9.990e-29
 219.483160     20.387  34.637353     8.0704    3.09704     20.216    33.2359    25.8785 -9.990e-29
 219.483166     20.389  34.636644     8.0704    3.09065     20.218    33.2351    25.8779 -9.990e-29
 219.483171     20.410  34.635988     8.0704    3.07012     20.239    33.2344    25.8773 -9.990e-29
 219.483177     20.445  34.636185     8.0697    3.07325     20.273    33.2352    25.8781 -9.990e-29
 219.483183     20.486  34.638048     8.0679    3.07319     20.314    33.2389    25.8812 -9.990e-29
 219.483189     20.528  34.641253     8.0661    3.08078     20.356    33.2440    25.8855 -9.990e-29
 219.483194     20.561  34.643337     8.0663    3.09708     20.388    33.2460    25.8871 -9.990e-29
 219.483200     20.573  34.642585     8.0685    3.09518     20.400    33.2431    25.8845 -9.990e-29
 219.483206     20.562  34.640226     8.0707    3.09525     20.389    33.2385    25.8805 -9.990e-29
 219.483212     20.535  34.638717     8.0715    3.09316     20.363    33.2362    25.8786 -9.990e-29
 219.483218     20.508  34.638841     8.0709    3.07947     20.336    33.2369    25.8792 -9.990e-29
 219.483223     20.487  34.639637     8.0697    3.06806     20.315    33.2389    25.8810 -9.990e-29
 219.483229     20.472  34.640478     8.0688    3.07514     20.300    33.2407    25.8825 -9.990e-29
 219.483235     20.460  34.641359     8.0682    3.06105     20.288    33.2422    25.8837 -9.990e-29
 219.483241     20.456  34.641765     8.0677    3.07263     20.284    33.2431    25.8845 -9.990e-29
 219.483247     20.468  34.641669     8.0672    3.07685     20.296    33.2435    25.8849 -9.990e-29
 219.483252     20.493  34.642057     8.0665    3.07653     20.321    33.2445    25.8858 -9.990e-29
 219.483258     20.514  34.642879     8.0664    3.08239     20.342    33.2455    25.8866 -9.990e-29
 219.483264     20.526  34.642979     8.0672    3.07847     20.354    33.2448    25.8860 -9.990e-29
 219.483270     20.527  34.641922     8.0686    3.07828     20.355    33.2424    25.8838 -9.990e-29
 219.483275     20.524  34.640535     8.0695    3.06889     20.352    33.2400    25.8819 -9.990e-29
 219.483281     20.524  34.639765     8.0693    3.07630     20.352    33.2394    25.8814 -9.990e-29
 219.483287     20.531  34.640264     8.0678    3.06941     20.359    33.2414    25.8832 -9.990e-29
 219.483293     20.537  34.642129     8.0661    3.07856     20.365    33.2450    25.8862 -9.990e-29
 219.483299     20.531  34.643913     8.0658    3.08268     20.359    33.2471    25.8880 -9.990e-29
 219.483304     20.507  34.644061     8.0669    3.08067     20.335    33.2463    25.8872 -9.990e-29
 219.483310     20.467  34.642764     8.0683    3.08301     20.295    33.2436    25.8848 -9.990e-29
 219.483316     20.428  34.641090     8.0692    3.08838     20.257    33.2410    25.8826 -9.990e-29
 219.483322     20.398  34.639602     8.0696    3.09014     20.227    33.2390    25.8811 -9.990e-29
 219.483328     20.376  34.638555     8.0691    3.08080     20.205    33.2384    25.8806 -9.990e-29
 219.483333     20.365  34.638790     8.0678    3.08593     20.194    33.2399    25.8820 -9.990e-29
 219.483339     20.368  34.640051     8.0667    3.07455     20.197    33.2422    25.8840 -9.990e-29
 219.483345     20.381  34.640649     8.0662    3.05596     20.210    33.2434    25.8850 -9.990e-29
 219.483351     20.398  34.640813     8.0657    3.05307     20.227    33.2440    25.8855 -9.990e-29
 219.483356     20.413  34.641875     8.0645    3.04213     20.242    33.2463    25.8875 -9.990e-29
 219.483362     20.425  34.644123     8.0630    3.02989     20.254    33.2501    25.8907 -9.990e-29
 219.483368     20.421  34.647183     8.0623    3.04240     20.250    33.2540    25.8939 -9.990e-29
 219.483374     20.388  34.648960     8.0630    3.04610     20.217    33.2552    25.8948 -9.990e-29
 219.483380     20.324  34.648449     8.0641    3.05462     20.153    33.2537    25.8934 -9.990e-29
 219.483385     20.233  34.647205     8.0650    3.07918     20.063    33.2516    25.8916 -9.990e-29
 219.483391     20.114  34.645806     8.0655    3.08674     19.945    33.2496    25.8900 -9.990e-29
 219.483397     19.960  34.644621     8.0661    3.10020     19.792    33.2479    25.8885 0.0000e+00
 219.483403     19.764  34.643748     8.0677    3.12560     19.598    33.2455    25.8864 0.0000e+00
 219.483409     19.527  34.642014     8.0705    3.13122     19.363    33.2411    25.8826 0.0000e+00
 219.483414     19.252  34.639346     8.0740    3.16528     19.090    33.2351    25.8773 0.0000e+00
 219.483420     18.941  34.636666     8.0777    3.20944     18.782    33.2289    25.8719 0.0000e+00
 219.483426     18.602  34.633760     8.0814    3.27829     18.446    33.2224    25.8663 0.0000e+00
 219.483432     18.234  34.630113     8.0853    3.35687     18.081    33.2150    25.8599 0.0000e+00
 219.483438     17.835  34.624220     8.0891    3.47584     17.685    33.2053    25.8517 0.0000e+00
 219.483443     17.409  34.610463     8.0920    3.60458     17.263    33.1881    25.8378 0.0000e+00
 219.483449     16.968  34.589557     8.0928    3.73302     16.826    33.1653    25.8197 0.0000e+00
 219.483455     16.522  34.563901     8.0910    3.85993     16.383    33.1399    25.8001 0.0000e+00
 219.483461     16.069  34.532363     8.0881    3.99706     15.934    33.1093    25.7765 0.0000e+00
 219.483466     15.602  34.503349     8.0867    4.11546     15.471    33.0799    25.7536 0.0000e+00
 219.483472     15.124  34.476855     8.0887    4.22606     14.997    33.0500    25.7299 0.0000e+00
 219.483478     14.648  34.448949     8.0934    4.28070     14.525    33.0161    25.7026 0.0000e+00
 219.483484     14.183  34.427833     8.1004    4.30207     14.064    32.9873    25.6789 0.0000e+00
 219.483490     13.725  34.417305     8.1157    4.36097     13.610    32.9619    25.6567 0.0000e+00
