data/oxygen options/ONMS/Olympic_Coast_National_Marine_Sanctuary_CTD_Data_2005_2023/raw_data/2006/CTD_KL027_080706faed.cnv
* Sea-Bird SBE19 Data File:
* FileName = C:\MOORING_DATA_2006\CTD_KL027_080706.hex
* Software Version 1.1.6
* Temperature SN = 2997
* Conductivity SN = 2997
* System UpLoad Time = Aug 07 2006 14:19:26
* SEACAT PROFILER V3.1c SN 2997   08/07/06  14:18:50.356
* strain gauge pressure sensor: S/N = 184829,  range = 3000 psia,  tc = 40
# nquan = 9                                 
# nvalues = 1928                        
# units = specified
# name 0 = timeJ: Julian Days
# name 1 = prSM: Pressure, Strain Gauge [db]
# name 2 = c0mS/cm: Conductivity [mS/cm]
# name 3 = t090C: Temperature [ITS-90, deg C]
# name 4 = oxML/L: Oxygen, Beckman/YSI [ml/l]
# name 5 = depSM: Depth [salt water, m], lat = 47.5
# name 6 = sal00: Salinity, Practical [PSU]
# name 7 = sigma-é00: Density [sigma-theta, kg/m^3]
# name 8 = flag: flag
# span 0 = 219.578530, 219.589682       
# span 1 =     -5.640,     27.071       
# span 2 =   0.269239,  37.104032       
# span 3 =     7.6508,    15.3137       
# span 4 =  -12.45028,   38.33100       
# span 5 =     -5.593,     26.843       
# span 6 =     0.1596,    33.7928       
# span 7 =    -0.8232,    26.3445       
# span 8 = 0.0000e+00, 0.0000e+00       
# interval = seconds: 0.5
# start_time = Aug 07 2006 13:53:05 [Instrument's time stamp, header]
# bad_flag = -9.990e-29
*END*
[from data line 161]
 219.579462      0.216  36.473952     9.8452   35.15982      0.214    33.4939    25.8019 -9.990e-29
 219.579468      0.221  36.505429     9.8480   38.33100      0.219    33.5235    25.8245 -9.990e-29
 219.579473      0.219  36.489285     9.8504   34.93879      0.217    33.5048    25.8095 -9.990e-29
 219.579479      0.216  36.435959     9.8495   24.39974      0.214    33.4511    25.7678 -9.990e-29
 219.579485      0.226  36.383703     9.8424   17.77247      0.224    33.4043    25.7324 -9.990e-29
 219.579491      0.250  36.359299     9.8286   17.91339      0.248    33.3922    25.7252 -9.990e-29
 219.579497      0.281  36.363292     9.8151   17.92183      0.279    33.4088    25.7404 -9.990e-29
 219.579502      0.316  36.387541     9.8099   17.54385      0.313    33.4384    25.7644 -9.990e-29
 219.579508      0.349  36.404363     9.8145    6.83697      0.346    33.4513    25.7737 -9.990e-29
 219.579514      0.370  36.372805     9.8252    0.25356      0.367    33.4091    25.7390 -9.990e-29
 219.579520      0.379  36.309670     9.8339   -1.59325      0.376    33.3365    25.6809 -9.990e-29
 219.579525      0.381  36.268731     9.8341   -0.17814      0.378    33.2945    25.6481 -9.990e-29
 219.579531      0.381  36.252043     9.8292    4.73125      0.378    33.2820    25.6391 -9.990e-29
 219.579537      0.384  36.241277     9.8267    6.25247      0.381    33.2734    25.6327 -9.990e-29
 219.579543      0.384  36.240021     9.8306    6.47597      0.381    33.2685    25.6283 -9.990e-29
 219.579549      0.378  36.247153     9.8364    6.70416      0.375    33.2704    25.6288 -9.990e-29
 219.579554      0.370  36.252550     9.8384    6.82102      0.367    33.2741    25.6314 -9.990e-29
 219.579560      0.368  36.253871     9.8379    6.89417      0.365    33.2759    25.6329 -9.990e-29
 219.579566      0.375  36.253996     9.8375    6.93914      0.372    33.2764    25.6333 -9.990e-29
 219.579572      0.389  36.254209     9.8375    6.97287      0.386    33.2766    25.6335 -9.990e-29
 219.579578      0.401  36.254788     9.8373    7.00424      0.398    33.2773    25.6341 -9.990e-29
 219.579583      0.412  36.254256     9.8341    7.03851      0.409    33.2798    25.6365 -9.990e-29
 219.579589      0.427  36.249096     9.8268    7.07040      0.423    33.2812    25.6389 -9.990e-29
 219.579595      0.443  36.240275     9.8199    7.07759      0.439    33.2786    25.6380 -9.990e-29
 219.579601      0.456  36.233971     9.8178    7.08187      0.452    33.2741    25.6348 -9.990e-29
 219.579606      0.468  36.232989     9.8202    7.08562      0.464    33.2709    25.6319 -9.990e-29
 219.579612      0.479  36.237134     9.8240    7.09247      0.475    33.2716    25.6318 -9.990e-29
 219.579618      0.489  36.242954     9.8263    7.09975      0.485    33.2754    25.6344 -9.990e-29
 219.579624      0.500  36.245309     9.8262    7.10431      0.496    33.2779    25.6364 -9.990e-29
 219.579630      0.512  36.243969     9.8251    7.10704      0.508    33.2775    25.6363 -9.990e-29
 219.579635      0.522  36.242188     9.8245    7.09443      0.518    33.2763    25.6354 -9.990e-29
 219.579641      0.526  36.243195     9.8251    7.09246      0.522    33.2767    25.6356 -9.990e-29
 219.579647      0.528  36.246645     9.8258    7.08948      0.524    33.2796    25.6378 -9.990e-29
 219.579653      0.534  36.248162     9.8253    7.10153      0.530    33.2816    25.6394 -9.990e-29
 219.579659      0.543  36.246959     9.8247    7.11607      0.538    33.2809    25.6390 -9.990e-29
 219.579664      0.555  36.246476     9.8262    7.10166      0.550    33.2790    25.6373 -9.990e-29
 219.579670      0.568  36.247186     9.8284    7.07875      0.563    33.2777    25.6359 -9.990e-29
 219.579676      0.573  36.247784     9.8301    7.06637      0.568    33.2768    25.6349 -9.990e-29
 219.579682      0.572  36.249066     9.8313    7.06300      0.567    33.2770    25.6348 -9.990e-29
 219.579688      0.572  36.250493     9.8302    7.07901      0.567    33.2794    25.6369 -9.990e-29
 219.579693      0.582  36.249477     9.8239    7.09320      0.577    33.2842    25.6417 -9.990e-29
 219.579699      0.607  36.242977     9.8136    7.09223      0.602    33.2871    25.6457 -9.990e-29
 219.579705      0.639  36.231855     9.8070    7.08567      0.634    33.2818    25.6426 -9.990e-29
 219.579711      0.665  36.225391     9.8085    7.08541      0.659    33.2738    25.6361 -9.990e-29
 219.579716      0.672  36.228416     9.8146    7.07863      0.666    33.2713    25.6331 -9.990e-29
 219.579722      0.661  36.234861     9.8204    7.07503      0.655    33.2725    25.6331 -9.990e-29
 219.579728      0.645  36.239857     9.8242    7.06838      0.640    33.2741    25.6337 -9.990e-29
 219.579734      0.634  36.242773     9.8265    7.05933      0.629    33.2750    25.6340 -9.990e-29
 219.579740      0.634  36.244129     9.8281    7.06459      0.629    33.2749    25.6337 -9.990e-29
 219.579745      0.643  36.245168     9.8291    7.07066      0.638    33.2750    25.6336 -9.990e-29
 219.579751      0.662  36.246148     9.8297    7.07723      0.656    33.2754    25.6339 -9.990e-29
 219.579757      0.688  36.247250     9.8302    7.07221      0.682    33.2761    25.6343 -9.990e-29
 219.579763      0.714  36.248818     9.8311    7.07144      0.708    33.2768    25.6347 -9.990e-29
 219.579769      0.739  36.250132     9.8326    7.06318      0.733    33.2768    25.6345 -9.990e-29
 219.579774      0.762  36.251259     9.8345    7.06267      0.756    33.2762    25.6337 -9.990e-29
 219.579780      0.786  36.253133     9.8367    7.06590      0.779    33.2760    25.6332 -9.990e-29
 219.579786      0.813  36.256005     9.8391    7.07570      0.806    33.2767    25.6333 -9.990e-29
 219.579792      0.839  36.259216     9.8404    7.08127      0.832    33.2788    25.6347 -9.990e-29
 219.579797      0.857  36.260873     9.8405    7.08104      0.850    33.2804    25.6360 -9.990e-29
 219.579803      0.866  36.260376     9.8412    7.07834      0.859    33.2792    25.6349 -9.990e-29
 219.579809      0.868  36.259863     9.8430    7.06606      0.861    33.2771    25.6329 -9.990e-29
 219.579815      0.874  36.260328     9.8451    7.05602      0.867    33.2756    25.6314 -9.990e-29
 219.579821      0.888  36.261265     9.8472    7.04551      0.881    33.2746    25.6303 -9.990e-29
 219.579826      0.906  36.262797     9.8495    7.04531      0.898    33.2740    25.6295 -9.990e-29
 219.579832      0.921  36.264719     9.8516    7.05864      0.913    33.2740    25.6292 -9.990e-29
 219.579838      0.930  36.266225     9.8531    7.06626      0.922    33.2742    25.6290 -9.990e-29
 219.579844      0.932  36.267073     9.8541    7.06767      0.924    33.2741    25.6288 -9.990e-29
 219.579850      0.930  36.267830     9.8555    7.05844      0.922    33.2736    25.6282 -9.990e-29
 219.579855      0.921  36.268940     9.8575    7.04315      0.913    33.2729    25.6273 -9.990e-29
 219.579861      0.911  36.270194     9.8591    7.04183      0.903    33.2727    25.6269 -9.990e-29
 219.579867      0.906  36.271577     9.8604    7.05276      0.898    33.2729    25.6268 -9.990e-29
 219.579873      0.907  36.273808     9.8617    7.06031      0.899    33.2740    25.6274 -9.990e-29
 219.579878      0.905  36.275932     9.8616    7.07050      0.897    33.2763    25.6292 -9.990e-29
 219.579884      0.895  36.275729     9.8592    7.07173      0.888    33.2783    25.6312 -9.990e-29
 219.579890      0.878  36.274046     9.8572    7.06106      0.871    33.2784    25.6316 -9.990e-29
 219.579896      0.860  36.273119     9.8582    7.06373      0.853    33.2765    25.6300 -9.990e-29
 219.579902      0.858  36.274511     9.8625    7.05574      0.851    33.2740    25.6273 -9.990e-29
 219.579907      0.875  36.278394     9.8687    7.04890      0.868    33.2722    25.6249 -9.990e-29
 219.579913      0.904  36.283211     9.8751    7.05715      0.896    33.2712    25.6230 -9.990e-29
 219.579919      0.938  36.287527     9.8796    7.05701      0.930    33.2714    25.6225 -9.990e-29
 219.579925      0.968  36.289802     9.8814    7.06252      0.960    33.2721    25.6227 -9.990e-29
 219.579931      0.985  36.290262     9.8823    7.05682      0.977    33.2717    25.6222 -9.990e-29
 219.579936      0.996  36.290636     9.8837    7.04571      0.988    33.2708    25.6213 -9.990e-29
 219.579942      1.005  36.291419     9.8853    7.04982      0.997    33.2701    25.6205 -9.990e-29
 219.579948      1.013  36.291970     9.8863    7.05255      1.005    33.2698    25.6200 -9.990e-29
 219.579954      1.021  36.291897     9.8864    7.04877      1.012    33.2696    25.6199 -9.990e-29
 219.579959      1.029  36.291093     9.8863    7.04873      1.020    33.2689    25.6193 -9.990e-29
 219.579965      1.037  36.290158     9.8864    7.03041      1.028    33.2678    25.6185 -9.990e-29
 219.579971      1.046  36.290075     9.8865    7.03747      1.037    33.2676    25.6184 -9.990e-29
 219.579977      1.056  36.290163     9.8859    7.04289      1.047    33.2683    25.6190 -9.990e-29
 219.579983      1.069  36.289405     9.8840    7.05453      1.060    33.2692    25.6200 -9.990e-29
 219.579988      1.085  36.287901     9.8824    7.06471      1.076    33.2692    25.6202 -9.990e-29
 219.579994      1.101  36.287001     9.8831    7.05450      1.092    33.2676    25.6189 -9.990e-29
 219.580000      1.109  36.288296     9.8857    7.05566      1.100    33.2665    25.6176 -9.990e-29
 219.580006      1.110  36.291259     9.8886    7.04506      1.101    33.2669    25.6174 -9.990e-29
 219.580012      1.112  36.294221     9.8903    7.03579      1.103    33.2683    25.6183 -9.990e-29
 219.580017      1.121  36.295515     9.8901    7.02802      1.112    33.2698    25.6195 -9.990e-29
 219.580023      1.135  36.294610     9.8891    7.02542      1.126    33.2698    25.6196 -9.990e-29
 219.580029      1.152  36.293654     9.8883    7.03128      1.142    33.2696    25.6196 -9.990e-29
 219.580035      1.165  36.293604     9.8875    7.02888      1.155    33.2702    25.6202 -9.990e-29
 219.580041      1.175  36.292700     9.8856    7.03897      1.165    33.2711    25.6212 -9.990e-29
 219.580046      1.185  36.289164     9.8842    7.04236      1.175    33.2688    25.6196 -9.990e-29
 219.580052      1.189  36.285002     9.8866    7.06035      1.179    33.2623    25.6142 -9.990e-29
 219.580058      1.178  36.285868     9.8923    7.05618      1.168    33.2579    25.6098 -9.990e-29
 219.580064      1.160  36.291781     9.8982    7.04841      1.150    33.2585    25.6093 -9.990e-29
 219.580069      1.146  36.297719     9.9029    7.04397      1.136    33.2602    25.6099 -9.990e-29
 219.580075      1.141  36.302057     9.9055    7.04635      1.131    33.2623    25.6110 -9.990e-29
 219.580081      1.142  36.304961     9.9060    7.06137      1.132    33.2648    25.6129 -9.990e-29
 219.580087      1.152  36.306368     9.9057    7.07161      1.142    33.2665    25.6143 -9.990e-29
 219.580093      1.166  36.307020     9.9055    7.05972      1.156    33.2673    25.6149 -9.990e-29
 219.580098      1.176  36.307776     9.9058    7.02078      1.166    33.2678    25.6153 -9.990e-29
 219.580104      1.178  36.309071     9.9072    7.00601      1.168    33.2678    25.6151 -9.990e-29
 219.580110      1.178  36.310938     9.9100    7.01487      1.168    33.2671    25.6141 -9.990e-29
 219.580116      1.184  36.314174     9.9128    7.03510      1.174    33.2679    25.6142 -9.990e-29
 219.580122      1.200  36.316914     9.9113    7.05390      1.190    33.2720    25.6177 -9.990e-29
 219.580127      1.227  36.313269     9.9020    7.06024      1.217    33.2769    25.6230 -9.990e-29
 219.580133      1.259  36.298368     9.8915    7.06453      1.248    33.2714    25.6204 -9.990e-29
 219.580139      1.281  36.283176     9.8925    7.06591      1.270    33.2549    25.6075 -9.990e-29
 219.580145      1.285  36.285557     9.9046    7.05794      1.274    33.2462    25.5986 -9.990e-29
 219.580150      1.275  36.298577     9.9173    7.04693      1.264    33.2478    25.5977 -9.990e-29
 219.580156      1.261  36.308740     9.9247    7.03184      1.250    33.2513    25.5993 -9.990e-29
 219.580162      1.249  36.315010     9.9260    7.02456      1.239    33.2565    25.6031 -9.990e-29
 219.580168      1.242  36.317327     9.9234    7.02274      1.232    33.2613    25.6072 -9.990e-29
 219.580174      1.241  36.317089     9.9203    7.02844      1.231    33.2639    25.6098 -9.990e-29
 219.580179      1.246  36.316772     9.9168    7.03742      1.236    33.2668    25.6127 -9.990e-29
 219.580185      1.252  36.315940     9.9109    7.03233      1.242    33.2714    25.6172 -9.990e-29
 219.580191      1.260  36.311790     9.9023    7.03543      1.249    33.2751    25.6216 -9.990e-29
 219.580197      1.275  36.303825     9.8976    7.02633      1.264    33.2713    25.6194 -9.990e-29
 219.580203      1.293  36.299919     9.9028    7.03822      1.282    33.2625    25.6116 -9.990e-29
 219.580208      1.311  36.304946     9.9108    7.02905      1.300    33.2602    25.6085 -9.990e-29
 219.580214      1.331  36.311575     9.9117    7.03382      1.320    33.2662    25.6130 -9.990e-29
 219.580220      1.349  36.313494     9.9077    7.03719      1.338    33.2718    25.6181 -9.990e-29
 219.580226      1.357  36.312133     9.9066    7.04729      1.346    33.2714    25.6180 -9.990e-29
 219.580231      1.358  36.311834     9.9107    7.04686      1.347    33.2673    25.6141 -9.990e-29
 219.580237      1.354  36.313867     9.9197    7.04856      1.343    33.2611    25.6077 -9.990e-29
 219.580243      1.341  36.318688     9.9320    7.05130      1.330    33.2547    25.6007 -9.990e-29
 219.580249      1.323  36.325985     9.9426    7.05116      1.312    33.2523    25.5971 -9.990e-29
 219.580255      1.311  36.332582     9.9488    7.05931      1.300    33.2534    25.5968 -9.990e-29
 219.580260      1.313  36.338293     9.9508    7.04880      1.302    33.2573    25.5996 -9.990e-29
 219.580266      1.335  36.341752     9.9496    7.02798      1.324    33.2619    25.6034 -9.990e-29
 219.580272      1.363  36.340268     9.9488    7.01354      1.352    33.2612    25.6029 -9.990e-29
 219.580278      1.383  36.338582     9.9506    7.01743      1.371    33.2578    25.6000 -9.990e-29
 219.580284      1.391  36.340603     9.9519    7.02031      1.379    33.2586    25.6004 -9.990e-29
 219.580289      1.394  36.342283     9.9475    7.04339      1.382    33.2644    25.6057 -9.990e-29
 219.580295      1.398  36.338561     9.9351    7.05080      1.386    33.2720    25.6137 -9.990e-29
 219.580301      1.410  36.326150     9.9206    7.04890      1.398    33.2728    25.6167 -9.990e-29
 219.580307      1.425  36.310360     9.9142    7.04851      1.413    33.2626    25.6098 -9.990e-29
 219.580312      1.436  36.304895     9.9177    7.04271      1.424    33.2538    25.6023 -9.990e-29
 219.580318      1.439  36.310304     9.9240    7.04271      1.427    33.2535    25.6011 -9.990e-29
 219.580324      1.434  36.317524     9.9285    7.04190      1.422    33.2567    25.6028 -9.990e-29
 219.580330      1.426  36.324955     9.9320    7.04082      1.414    33.2610    25.6056 -9.990e-29
 219.580336      1.422  36.330721     9.9343    7.03979      1.410    33.2648    25.6082 -9.990e-29
 219.580341      1.422  36.331282     9.9344    7.02292      1.410    33.2653    25.6085 -9.990e-29
 219.580347      1.422  36.330741     9.9339    7.03224      1.410    33.2652    25.6085 -9.990e-29
 219.580353      1.426  36.333973     9.9350    7.03037      1.414    33.2674    25.6101 -9.990e-29
 219.580359      1.438  36.337426     9.9372    7.03890      1.426    33.2689    25.6109 -9.990e-29
 219.580365      1.456  36.337280     9.9388    7.05264      1.444    33.2673    25.6094 -9.990e-29
 219.580370      1.472  36.336135     9.9402    7.04816      1.460    33.2648    25.6072 -9.990e-29
 219.580376      1.478  36.337499     9.9426    7.04862      1.466    33.2640    25.6062 -9.990e-29
