data/oxygen options/ONMS/Olympic_Coast_National_Marine_Sanctuary_CTD_Data_2005_2023/raw_data/2006/CTD_CE065_071106faedb.cnv
* Sea-Bird SBE19 Data File:
* FileName = C:\MOORING_DATA_2006\CTD_CE065_071106.hex
* Software Version 1.1.8
* Temperature SN = 2997
* Conductivity SN = 2997
* System UpLoad Time = Jul 11 2006 12:56:40
* SEACAT PROFILER V3.1c SN 2997   07/11/06  12:55:47.195
* strain gauge pressure sensor: S/N = 184829,  range = 3000 psia,  tc = 40
# nquan = 9
# nvalues = 64                          
# units = specified
# name 0 = timeJ: Julian Days
# name 1 = prSM: Pressure, Strain Gauge [db]
# name 2 = c0mS/cm: Conductivity [mS/cm]
# name 3 = t090C: Temperature [ITS-90, deg C]
# name 4 = oxML/L: Oxygen, Beckman/YSI [ml/l]
# name 5 = depSM: Depth [salt water, m], lat = 47.5
# name 6 = sal00: Salinity, Practical [PSU]
# name 7 = sigma-é00: Density [sigma-theta, kg/m^3]
# name 8 = flag: flag
# span 0 = 192.527916, 192.528769       
# span 1 =      3.000,     66.000       
# span 2 =  34.653407,  37.157198       
# span 3 =     7.3695,    12.1367       
# span 4 =    1.13599,    7.65062       
# span 5 =      2.975,     65.439       
# span 6 =    32.1214,    33.9378       
# span 7 =    24.3285,    26.5095       
# span 8 = 0.0000e+00, 0.0000e+00       
# interval = decibars: 1                
# start_time = Jul 11 2006 12:35:57 [Instrument's time stamp, header]
# bad_flag = -9.990e-29
*END*
 192.527916      3.000  37.157198    12.1367    7.65062      2.975    32.1214    24.3285 0.0000e+00
 192.527934      4.000  36.751509    11.5363    5.66018      3.967    32.2472    24.5368 0.0000e+00
 192.527947      5.000  36.214921    10.8679    4.74735      4.958    32.3046    24.7002 0.0000e+00
 192.527959      6.000  35.687143    10.3333    4.45229      5.950    32.2507    24.7501 0.0000e+00
 192.527972      7.000  35.425154    10.0537    4.59232      6.941    32.2352    24.7850 0.0000e+00
 192.527983      8.000  35.338318     9.9021    4.79773      7.933    32.2822    24.8467 0.0000e+00
 192.527994      9.000  35.283810     9.7832    4.90605      8.925    32.3330    24.9058 0.0000e+00
 192.528004     10.000  35.242687     9.7005    4.91346      9.916    32.3650    24.9443 0.0000e+00
 192.528016     11.000  35.194680     9.6058    4.90867     10.908    32.4009    24.9877 0.0000e+00
 192.528027     12.000  35.127729     9.5016    4.84802     11.900    32.4260    25.0241 0.0000e+00
 192.528039     13.000  35.081845     9.4414    4.71052     12.891    32.4330    25.0392 0.0000e+00
 192.528050     14.000  35.060814     9.3969    4.51752     13.883    32.4513    25.0606 0.0000e+00
 192.528061     15.000  35.035257     9.2909    4.27999     14.874    32.5207    25.1318 0.0000e+00
 192.528073     16.000  34.946209     9.0494    4.11153     15.866    32.6488    25.2701 0.0000e+00
 192.528084     17.000  34.839077     8.9009    3.96159     16.857    32.6736    25.3125 0.0000e+00
 192.528095     18.000  34.786055     8.7934    3.94474     17.849    32.7169    25.3630 0.0000e+00
 192.528107     19.000  34.712862     8.6893    4.13522     18.840    32.7362    25.3940 0.0000e+00
 192.528117     20.000  34.691815     8.6579    4.45810     19.832    32.7427    25.4039 0.0000e+00
 192.528129     21.000  34.759405     8.7084    4.79691     20.824    32.7664    25.4148 0.0000e+00
 192.528140     22.000  35.010573     8.8259    4.87688     21.815    32.9196    25.5167 0.0000e+00
 192.528151     23.000  35.193721     8.8348    4.70174     22.807    33.1022    25.6583 0.0000e+00
 192.528162     24.000  35.223743     8.8047    4.35710     23.798    33.1613    25.7093 0.0000e+00
 192.528173     25.000  35.196888     8.7154    3.92119     24.790    33.2164    25.7663 0.0000e+00
 192.528184     26.000  35.111742     8.5595    3.55381     25.781    33.2731    25.8345 0.0000e+00
 192.528194     27.000  35.002094     8.3998    3.28645     26.773    33.3077    25.8859 0.0000e+00
 192.528206     28.000  34.918241     8.2891    3.10455     27.764    33.3234    25.9148 0.0000e+00
 192.528218     29.000  34.874190     8.2137    2.96878     28.756    33.3477    25.9452 0.0000e+00
 192.528229     30.000  34.871101     8.1626    2.87465     29.748    33.3926    25.9880 0.0000e+00
 192.528240     31.000  34.869455     8.1271    2.76443     30.739    33.4243    26.0181 0.0000e+00
 192.528251     32.000  34.868726     8.1058    2.68640     31.730    33.4433    26.0363 0.0000e+00
 192.528261     33.000  34.871344     8.0765    2.63729     32.722    33.4735    26.0643 0.0000e+00
 192.528271     34.000  34.861362     8.0394    2.60841     33.713    33.4979    26.0889 0.0000e+00
 192.528282     35.000  34.842785     7.9977    2.58196     34.705    33.5176    26.1105 0.0000e+00
 192.528294     36.000  34.824253     7.9639    2.53570     35.696    33.5297    26.1250 0.0000e+00
 192.528305     37.000  34.812058     7.9355    2.50425     36.688    33.5434    26.1400 0.0000e+00
 192.528317     38.000  34.799997     7.9009    2.48671     37.679    33.5632    26.1606 0.0000e+00
 192.528328     39.000  34.789886     7.8667    2.47250     38.671    33.5848    26.1825 0.0000e+00
 192.528339     40.000  34.783866     7.8409    2.45346     39.662    33.6027    26.2003 0.0000e+00
 192.528351     41.000  34.783354     7.8161    2.43103     40.654    33.6256    26.2220 0.0000e+00
 192.528363     42.000  34.788906     7.7834    2.42731     41.645    33.6627    26.2558 0.0000e+00
 192.528376     43.000  34.804059     7.7659    2.44456     42.637    33.6954    26.2840 0.0000e+00
 192.528388     44.000  34.825202     7.7728    2.43956     43.628    33.7111    26.2953 0.0000e+00
 192.528400     45.000  34.873936     7.8106    2.41788     44.620    33.7264    26.3019 0.0000e+00
 192.528412     46.000  34.964874     7.8677    2.39461     45.611    33.7683    26.3266 0.0000e+00
 192.528425     47.000  35.023841     7.8993    2.37853     46.602    33.8004    26.3472 0.0000e+00
 192.528437     48.000  35.050219     7.9127    2.34623     47.594    33.8153    26.3569 0.0000e+00
 192.528450     49.000  35.064688     7.9168    2.31174     48.585    33.8265    26.3652 0.0000e+00
 192.528462     50.000  35.067870     7.9105    2.28616     49.577    33.8355    26.3731 0.0000e+00
 192.528474     51.000  35.061795     7.8887    2.24289     50.568    33.8496    26.3875 0.0000e+00
 192.528486     52.000  35.050342     7.8649    2.19207     51.560    33.8599    26.3990 0.0000e+00
 192.528497     53.000  35.053682     7.8580    2.16651     52.551    33.8696    26.4077 0.0000e+00
 192.528510     54.000  35.067213     7.8590    2.15294     53.542    33.8828    26.4179 0.0000e+00
 192.528524     55.000  35.067109     7.8499    2.10796     54.534    33.8910    26.4257 0.0000e+00
 192.528538     56.000  35.058557     7.8336    1.97240     55.525    33.8972    26.4330 0.0000e+00
 192.528552     57.000  35.018963     7.7595    1.60265     56.516    33.9262    26.4665 0.0000e+00
 192.528566     58.000  34.864431     7.5760    1.27297     57.508    33.9378    26.5021 0.0000e+00
 192.528579     59.000  34.725008     7.4597    1.15322     58.499    33.9000    26.4890 0.0000e+00
 192.528594     60.000  34.693096     7.4265    1.14121     59.491    33.8974    26.4916 0.0000e+00
 192.528608     61.000  34.675789     7.4053    1.14470     60.482    33.8989    26.4958 0.0000e+00
 192.528623     62.000  34.661562     7.3876    1.15047     61.473    33.9002    26.4994 0.0000e+00
 192.528637     63.000  34.655889     7.3756    1.13964     62.465    33.9053    26.5051 0.0000e+00
 192.528654     64.000  34.653407     7.3695    1.16231     63.456    33.9081    26.5082 0.0000e+00
 192.528676     65.000  34.656994     7.3711    1.16586     64.447    33.9100    26.5095 0.0000e+00
 192.528769     66.000  34.663378     7.3835    1.13599     65.439    33.9043    26.5033 0.0000e+00
