data/oxygen options/ONMS/Olympic_Coast_National_Marine_Sanctuary_CTD_Data_2005_2023/raw_data/2006/CTD_CE065_071106faed.cnv
* Sea-Bird SBE19 Data File:
* FileName = C:\MOORING_DATA_2006\CTD_CE065_071106.hex
* Software Version 1.1.8
* Temperature SN = 2997
* Conductivity SN = 2997
* System UpLoad Time = Jul 11 2006 12:56:40
* SEACAT PROFILER V3.1c SN 2997   07/11/06  12:55:47.195
* strain gauge pressure sensor: S/N = 184829,  range = 3000 psia,  tc = 40
# nquan = 9                                 
# nvalues = 1934                        
# units = specified
# name 0 = timeJ: Julian Days
# name 1 = prSM: Pressure, Strain Gauge [db]
# name 2 = c0mS/cm: Conductivity [mS/cm]
# name 3 = t090C: Temperature [ITS-90, deg C]
# name 4 = oxML/L: Oxygen, Beckman/YSI [ml/l]
# name 5 = depSM: Depth [salt water, m], lat = 47.5
# name 6 = sal00: Salinity, Practical [PSU]
# name 7 = sigma-é00: Density [sigma-theta, kg/m^3]
# name 8 = flag: flag
# span 0 = 192.524965, 192.536152       
# span 1 =     -5.206,     65.878       
# span 2 =   0.036264,  38.662603       
# span 3 =     7.3682,    18.5761       
# span 4 =   -0.06246,   33.22012       
# span 5 =     -5.163,     65.318       
# span 6 =     0.0245,    33.9485       
# span 7 =    -1.4922,    26.5092       
# span 8 = 0.0000e+00, 0.0000e+00       
# interval = seconds: 0.5
# start_time = Jul 11 2006 12:35:57 [Instrument's time stamp, header]
# bad_flag = -9.990e-29
*END*
[from data line 481]
 192.527749      1.769  37.283239    12.3792    9.78305      1.754    32.0349    24.2161 -9.990e-29
 192.527755      1.782  37.280192    12.3768    9.76733      1.767    32.0340    24.2159 -9.990e-29
 192.527760      1.796  37.269553    12.3758    9.75150      1.781    32.0247    24.2089 -9.990e-29
 192.527766      1.808  37.261802    12.3769    9.75473      1.793    32.0163    24.2022 -9.990e-29
 192.527772      1.819  37.262299    12.3770    9.75974      1.804    32.0167    24.2025 -9.990e-29
 192.527778      1.829  37.267208    12.3737    9.77322      1.814    32.0242    24.2089 -9.990e-29
 192.527784      1.835  37.269584    12.3676    9.78847      1.820    32.0317    24.2159 -9.990e-29
 192.527789      1.833  37.267504    12.3620    9.80512      1.818    32.0345    24.2191 -9.990e-29
 192.527795      1.826  37.264883    12.3604    9.80684      1.811    32.0333    24.2185 -9.990e-29
 192.527801      1.820  37.265478    12.3640    9.80189      1.805    32.0308    24.2159 -9.990e-29
 192.527807      1.813  37.270043    12.3715    9.79561      1.798    32.0288    24.2129 -9.990e-29
 192.527813      1.806  37.276214    12.3782    9.78780      1.791    32.0290    24.2118 -9.990e-29
 192.527818      1.801  37.282086    12.3804    9.78218      1.786    32.0327    24.2143 -9.990e-29
 192.527824      1.803  37.286478    12.3793    9.77197      1.788    32.0379    24.2184 -9.990e-29
 192.527830      1.812  37.287917    12.3771    9.76127      1.797    32.0411    24.2214 -9.990e-29
 192.527836      1.828  37.286603    12.3748    9.76108      1.813    32.0418    24.2224 -9.990e-29
 192.527841      1.849  37.283549    12.3734    9.75520      1.834    32.0401    24.2213 -9.990e-29
 192.527847      1.871  37.280255    12.3730    9.77059      1.855    32.0373    24.2192 -9.990e-29
 192.527853      1.896  37.277339    12.3727    9.78641      1.880    32.0347    24.2173 -9.990e-29
 192.527859      1.925  37.274799    12.3717    9.80336      1.909    32.0331    24.2162 -9.990e-29
 192.527865      1.960  37.273701    12.3703    9.81814      1.944    32.0333    24.2166 -9.990e-29
 192.527870      1.999  37.275347    12.3707    9.87208      1.982    32.0345    24.2175 -9.990e-29
 192.527876      2.040  37.279648    12.3738    9.94017      2.023    32.0359    24.2180 -9.990e-29
 192.527882      2.091  37.283890    12.3771    9.95549      2.074    32.0371    24.2183 -9.990e-29
 192.527888      2.159  37.286397    12.3780    9.87571      2.141    32.0387    24.2194 -9.990e-29
 192.527894      2.247  37.287111    12.3751    9.73205      2.228    32.0419    24.2224 -9.990e-29
 192.527899      2.362  37.282459    12.3676    9.47715      2.342    32.0438    24.2253 -9.990e-29
 192.527905      2.512  37.271813    12.3518    9.02097      2.491    32.0470    24.2308 0.0000e+00
 192.527911      2.704  37.256082    12.3107    8.32398      2.681    32.0671    24.2540 0.0000e+00
 192.527917      2.948  37.217617    12.2102    7.58462      2.923    32.1162    24.3111 0.0000e+00
 192.527922      3.245  37.123043    12.0289    6.84925      3.218    32.1811    24.3952 0.0000e+00
 192.527928      3.595  36.960078    11.7927    6.19716      3.565    32.2276    24.4750 0.0000e+00
 192.527934      3.988  36.754243    11.5447    5.63762      3.955    32.2427    24.5320 0.0000e+00
 192.527940      4.416  36.540611    11.2722    5.14774      4.379    32.2713    24.6032 0.0000e+00
 192.527946      4.871  36.300656    10.9528    4.76500      4.830    32.3150    24.6938 0.0000e+00
 192.527951      5.344  36.013830    10.6394    4.53337      5.299    32.3066    24.7417 0.0000e+00
 192.527957      5.822  35.747929    10.3908    4.42857      5.773    32.2609    24.7485 0.0000e+00
 192.527963      6.302  35.561043    10.2115    4.44866      6.249    32.2321    24.7563 0.0000e+00
 192.527969      6.788  35.447819    10.0874    4.53784      6.731    32.2281    24.7739 0.0000e+00
 192.527975      7.281  35.385619    10.0018    4.65811      7.220    32.2414    24.7984 0.0000e+00
 192.527980      7.783  35.349198     9.9317    4.76129      7.718    32.2669    24.8299 0.0000e+00
 192.527986      8.299  35.320780     9.8605    4.85113      8.230    32.3015    24.8686 0.0000e+00
 192.527992      8.829  35.291580     9.7959    4.89663      8.755    32.3295    24.9011 0.0000e+00
 192.527998      9.363  35.265794     9.7479    4.93546      9.285    32.3462    24.9219 0.0000e+00
 192.528003      9.892  35.246557     9.7088    4.91832      9.809    32.3615    24.9402 0.0000e+00
 192.528009     10.413  35.226671     9.6681    4.90773     10.326    32.3776    24.9594 0.0000e+00
 192.528015     10.927  35.202005     9.6183    4.90745     10.836    32.3971    24.9827 0.0000e+00
 192.528021     11.437  35.169345     9.5577    4.90802     11.341    32.4182    25.0090 0.0000e+00
 192.528027     11.947  35.129958     9.5001    4.87116     11.847    32.4297    25.0272 0.0000e+00
 192.528032     12.457  35.096882     9.4604    4.79538     12.353    32.4314    25.0350 0.0000e+00
 192.528038     12.963  35.078113     9.4384    4.72206     12.854    32.4319    25.0388 0.0000e+00
 192.528044     13.462  35.068760     9.4238    4.63361     13.349    32.4353    25.0438 0.0000e+00
 192.528050     13.961  35.061916     9.4052    4.53422     13.844    32.4449    25.0543 0.0000e+00
 192.528056     14.464  35.052900     9.3701    4.41430     14.343    32.4672    25.0774 0.0000e+00
 192.528061     14.980  35.035820     9.2934    4.28492     14.854    32.5191    25.1301 0.0000e+00
 192.528067     15.505  34.997396     9.1677    4.19518     15.375    32.5939    25.2085 0.0000e+00
 192.528073     16.032  34.935698     9.0419    4.10658     15.898    32.6449    25.2681 0.0000e+00
 192.528079     16.550  34.877742     8.9601    4.02793     16.411    32.6596    25.2924 0.0000e+00
 192.528084     17.053  34.841504     8.9075    3.95627     16.910    32.6701    25.3087 0.0000e+00
 192.528090     17.549  34.815048     8.8502    3.92621     17.402    32.6950    25.3371 0.0000e+00
 192.528096     18.052  34.781554     8.7834    3.97903     17.901    32.7215    25.3681 0.0000e+00
 192.528102     18.567  34.741173     8.7264    4.05904     18.411    32.7317    25.3848 0.0000e+00
 192.528108     19.090  34.708982     8.6886    4.15918     18.930    32.7327    25.3914 0.0000e+00
 192.528113     19.611  34.694149     8.6669    4.32254     19.446    32.7371    25.3981 0.0000e+00
 192.528119     20.123  34.697034     8.6602    4.51441     19.954    32.7460    25.4062 0.0000e+00
 192.528125     20.635  34.720877     8.6767    4.69465     20.462    32.7555    25.4111 0.0000e+00
 192.528131     21.157  34.786217     8.7318    4.82969     20.979    32.7727    25.4161 0.0000e+00
 192.528137     21.688  34.920705     8.8028    4.88479     21.506    32.8473    25.4637 0.0000e+00
 192.528142     22.219  35.078790     8.8388    4.85931     22.032    32.9788    25.5611 0.0000e+00
 192.528148     22.745  35.176306     8.8393    4.77403     22.554    33.0799    25.6402 0.0000e+00
 192.528154     23.266  35.213175     8.8305    4.62765     23.071    33.1265    25.6780 0.0000e+00
 192.528160     23.785  35.225624     8.8167    4.45358     23.585    33.1521    25.7003 0.0000e+00
 192.528166     24.309  35.224604     8.7898    4.22812     24.105    33.1760    25.7231 0.0000e+00
 192.528171     24.842  35.209839     8.7417    3.98450     24.633    33.2054    25.7536 0.0000e+00
 192.528177     25.382  35.177303     8.6685    3.75924     25.169    33.2397    25.7918 0.0000e+00
 192.528183     25.927  35.125625     8.5748    3.55563     25.709    33.2734    25.8324 0.0000e+00
 192.528189     26.467  35.061551     8.4797    3.41087     26.244    33.2953    25.8641 0.0000e+00
 192.528194     26.999  35.002208     8.4000    3.28670     26.772    33.3077    25.8859 0.0000e+00
 192.528200     27.522  34.955322     8.3379    3.18738     27.290    33.3167    25.9022 0.0000e+00
 192.528206     28.035  34.918320     8.2894    3.10233     27.799    33.3232    25.9146 0.0000e+00
 192.528212     28.537  34.892277     8.2488    3.02838     28.297    33.3338    25.9291 0.0000e+00
 192.528218     29.030  34.878304     8.2141    2.97159     28.786    33.3517    25.9483 0.0000e+00
 192.528223     29.523  34.873986     8.1869    2.92699     29.275    33.3728    25.9688 0.0000e+00
 192.528229     30.022  34.873524     8.1641    2.86919     29.769    33.3937    25.9887 0.0000e+00
 192.528235     30.528  34.871773     8.1435    2.81476     30.271    33.4113    26.0055 0.0000e+00
 192.528241     31.054  34.868601     8.1271    2.75961     30.793    33.4233    26.0173 0.0000e+00
 192.528247     31.602  34.867588     8.1150    2.71915     31.336    33.4335    26.0272 0.0000e+00
 192.528252     32.164  34.870146     8.1023    2.67315     31.893    33.4480    26.0405 0.0000e+00
 192.528258     32.733  34.872357     8.0855    2.65160     32.457    33.4662    26.0572 0.0000e+00
 192.528264     33.298  34.870400     8.0667    2.62135     33.017    33.4818    26.0722 0.0000e+00
 192.528270     33.848  34.864430     8.0464    2.60974     33.563    33.4946    26.0853 0.0000e+00
 192.528275     34.380  34.855974     8.0239    2.60059     34.090    33.5068    26.0982 0.0000e+00
 192.528281     34.897  34.845491     8.0013    2.58543     34.603    33.5171    26.1096 0.0000e+00
 192.528287     35.407  34.834104     7.9812    2.57052     35.108    33.5239    26.1179 0.0000e+00
 192.528293     35.912  34.824530     7.9652    2.54200     35.609    33.5288    26.1241 0.0000e+00
 192.528299     36.415  34.817981     7.9521    2.51309     36.108    33.5341    26.1302 0.0000e+00
 192.528304     36.920  34.812973     7.9387    2.50779     36.609    33.5413    26.1378 0.0000e+00
 192.528310     37.432  34.807273     7.9225    2.49090     37.116    33.5506    26.1475 0.0000e+00
 192.528316     37.948  34.800532     7.9033    2.48665     37.628    33.5615    26.1589 0.0000e+00
 192.528322     38.466  34.794374     7.8837    2.48041     38.141    33.5735    26.1712 0.0000e+00
 192.528328     38.985  34.789520     7.8660    2.47352     38.656    33.5851    26.1828 0.0000e+00
 192.528333     39.500  34.785625     7.8511    2.46474     39.167    33.5950    26.1928 0.0000e+00
 192.528339     40.001  34.783062     7.8398    2.45414     39.663    33.6029    26.2007 0.0000e+00
 192.528345     40.484  34.782298     7.8308    2.44274     40.142    33.6105    26.2080 0.0000e+00
 192.528351     40.961  34.782835     7.8193    2.42836     40.615    33.6220    26.2186 0.0000e+00
 192.528356     41.439  34.784228     7.8027    2.42450     41.089    33.6393    26.2346 0.0000e+00
 192.528362     41.919  34.787174     7.7847    2.42024     41.565    33.6596    26.2532 0.0000e+00
 192.528368     42.397  34.792761     7.7711    2.43473     42.039    33.6785    26.2700 0.0000e+00
 192.528374     42.870  34.801108     7.7647    2.44197     42.508    33.6934    26.2827 0.0000e+00
 192.528380     43.333  34.810408     7.7642    2.45126     42.967    33.7037    26.2908 0.0000e+00
 192.528385     43.790  34.819563     7.7682    2.44075     43.420    33.7095    26.2948 0.0000e+00
 192.528391     44.253  34.831771     7.7777    2.43803     43.879    33.7132    26.2963 0.0000e+00
 192.528397     44.725  34.853743     7.7957    2.42370     44.347    33.7192    26.2984 0.0000e+00
 192.528403     45.204  34.890626     7.8227    2.41362     44.822    33.7325    26.3050 0.0000e+00
 192.528409     45.683  34.937176     7.8519    2.40109     45.297    33.7540    26.3176 0.0000e+00
 192.528414     46.161  34.978608     7.8747    2.39175     45.771    33.7762    26.3318 0.0000e+00
 192.528420     46.637  35.006774     7.8898    2.38266     46.243    33.7915    26.3416 0.0000e+00
 192.528426     47.112  35.025553     7.9005    2.37856     46.713    33.8011    26.3476 0.0000e+00
 192.528432     47.577  35.040325     7.9085    2.36036     47.174    33.8090    26.3526 0.0000e+00
 192.528438     48.027  35.052246     7.9139    2.34424     47.621    33.8163    26.3576 0.0000e+00
 192.528443     48.471  35.060355     7.9170    2.33180     48.061    33.8218    26.3614 0.0000e+00
 192.528449     48.918  35.065334     7.9180    2.31100     48.504    33.8260    26.3646 0.0000e+00
 192.528455     49.376  35.068178     7.9166    2.30230     48.958    33.8302    26.3681 0.0000e+00
 192.528461     49.849  35.068718     7.9131    2.29243     49.427    33.8339    26.3715 0.0000e+00
 192.528466     50.340  35.067269     7.9063    2.27534     49.914    33.8387    26.3763 0.0000e+00
 192.528472     50.847  35.064121     7.8941    2.24954     50.416    33.8469    26.3845 0.0000e+00
 192.528478     51.360  35.058051     7.8784    2.22686     50.925    33.8554    26.3935 0.0000e+00
 192.528484     51.871  35.050481     7.8654    2.18935     51.432    33.8596    26.3987 0.0000e+00
 192.528490     52.380  35.047194     7.8584    2.18187     51.936    33.8626    26.4021 0.0000e+00
 192.528495     52.881  35.050526     7.8568    2.16422     52.433    33.8675    26.4062 0.0000e+00
 192.528501     53.362  35.058184     7.8582    2.16350     52.910    33.8741    26.4112 0.0000e+00
 192.528507     53.816  35.065792     7.8594    2.15370     53.360    33.8809    26.4164 0.0000e+00
 192.528513     54.241  35.069469     7.8587    2.15147     53.781    33.8854    26.4200 0.0000e+00
 192.528519     54.647  35.069627     7.8554    2.13577     54.184    33.8885    26.4230 0.0000e+00
 192.528524     55.048  35.067596     7.8497    2.10729     54.581    33.8917    26.4263 0.0000e+00
 192.528530     55.448  35.064027     7.8434    2.07425     54.978    33.8938    26.4289 0.0000e+00
 192.528536     55.845  35.060324     7.8372    2.01658     55.371    33.8956    26.4312 0.0000e+00
 192.528542     56.240  35.056028     7.8285    1.91632     55.763    33.8993    26.4354 0.0000e+00
 192.528547     56.637  35.047649     7.8102    1.76958     56.157    33.9079    26.4448 0.0000e+00
 192.528553     57.043  35.027373     7.7677    1.58420     56.559    33.9272    26.4662 0.0000e+00
 192.528559     57.463  34.976011     7.6897    1.39984     56.975    33.9477    26.4935 0.0000e+00
 192.528565     57.894  34.890116     7.5936    1.27975     57.403    33.9485    26.5080 0.0000e+00
 192.528571     58.328  34.803177     7.5165    1.19357     57.833    33.9295    26.5041 0.0000e+00
 192.528576     58.760  34.743917     7.4736    1.16395     58.261    33.9070    26.4926 0.0000e+00
 192.528582     59.182  34.714034     7.4520    1.14794     58.680    33.8955    26.4866 0.0000e+00
 192.528588     59.592  34.701141     7.4375    1.14580     59.086    33.8955    26.4886 0.0000e+00
 192.528594     59.994  34.693081     7.4259    1.14142     59.485    33.8979    26.4922 0.0000e+00
 192.528600     60.392  34.685832     7.4168    1.13673     59.879    33.8988    26.4941 0.0000e+00
 192.528605     60.785  34.679252     7.4093    1.14478     60.269    33.8988    26.4952 0.0000e+00
 192.528611     61.178  34.672972     7.4020    1.14450     60.658    33.8989    26.4963 0.0000e+00
 192.528617     61.574  34.666460     7.3946    1.15875     61.051    33.8989    26.4973 0.0000e+00
 192.528623     61.973  34.661123     7.3876    1.14502     61.447    33.8997    26.4990 0.0000e+00
 192.528628     62.373  34.658246     7.3820    1.14719     61.843    33.9019    26.5015 0.0000e+00
 192.528634     62.771  34.656792     7.3778    1.13279     62.238    33.9042    26.5039 0.0000e+00
 192.528640     63.163  34.655375     7.3742    1.14718     62.626    33.9060    26.5059 0.0000e+00
 192.528646     63.542  34.653782     7.3712    1.15415     63.002    33.9070    26.5071 0.0000e+00
 192.528652     63.894  34.652686     7.3691    1.16702     63.351    33.9077    26.5079 0.0000e+00
 192.528657     64.209  34.652862     7.3682    1.16518     63.663    33.9087    26.5088 0.0000e+00
 192.528663     64.479  34.653977     7.3687    1.16559     63.931    33.9093    26.5092 0.0000e+00
