data/oxygen options/ONMS/Olympic_Coast_National_Marine_Sanctuary_CTD_Data_2005_2023/raw_data/2006/CTD_MB042_070706_CASTfaed.cnv
* Sea-Bird SBE19 Data File:
* FileName = C:\MOORING_DATA_2006\CTD_MB042_070706_CAST.hex
* Software Version 1.1.8
* Temperature SN = 2997
* Conductivity SN = 2997
* System UpLoad Time = Jul 07 2006 11:41:36
* SEACAT PROFILER V3.1c SN 2997   07/07/06  11:39:38.413
* strain gauge pressure sensor: S/N = 184829,  range = 3000 psia,  tc = 40
# nquan = 9                                 
# nvalues = 1720                        
# units = specified
# name 0 = timeJ: Julian Days
# name 1 = prSM: Pressure, Strain Gauge [db]
# name 2 = c0mS/cm: Conductivity [mS/cm]
# name 3 = t090C: Temperature [ITS-90, deg C]
# name 4 = oxML/L: Oxygen, Beckman/YSI [ml/l]
# name 5 = depSM: Depth [salt water, m], lat = 47.5
# name 6 = sal00: Salinity, Practical [PSU]
# name 7 = sigma-é00: Density [sigma-theta, kg/m^3]
# name 8 = flag: flag
# span 0 = 188.467928, 188.477876       
# span 1 =     -4.441,     38.133       
# span 2 =   1.709834,  36.502158       
# span 3 =     7.7206,    12.3772       
# span 4 =   -0.71420,   36.99778       
# span 5 =     -4.404,     37.811       
# span 6 =     1.1754,    33.5771       
# span 7 =     0.4196,    26.1976       
# span 8 = 0.0000e+00, 0.0000e+00       
# interval = seconds: 0.5
# start_time = Jul 07 2006 11:13:49 [Instrument's time stamp, header]
# bad_flag = -9.990e-29
*END*
[from data line 961]
 188.473490     20.736  34.660908     8.5561    4.67868     20.562    32.8044    25.4677 -9.990e-29
 188.473495     20.741  34.661187     8.5570    4.66536     20.567    32.8039    25.4672 -9.990e-29
 188.473501     20.750  34.662219     8.5575    4.65541     20.576    32.8045    25.4676 -9.990e-29
 188.473507     20.764  34.665379     8.5578    4.64581     20.590    32.8075    25.4699 -9.990e-29
 188.473513     20.780  34.671519     8.5587    4.64528     20.606    32.8131    25.4742 -9.990e-29
 188.473519     20.789  34.678732     8.5602    4.64018     20.614    32.8193    25.4788 -9.990e-29
 188.473524     20.788  34.683176     8.5611    4.64004     20.613    32.8232    25.4816 -9.990e-29
 188.473530     20.777  34.681799     8.5604    4.65351     20.603    32.8224    25.4811 -9.990e-29
 188.473536     20.760  34.676691     8.5592    4.65753     20.586    32.8181    25.4780 -9.990e-29
 188.473542     20.739  34.672817     8.5585    4.66956     20.565    32.8147    25.4754 -9.990e-29
 188.473547     20.714  34.671178     8.5583    4.66061     20.540    32.8132    25.4743 -9.990e-29
 188.473553     20.687  34.670708     8.5588    4.66382     20.513    32.8122    25.4734 -9.990e-29
 188.473559     20.665  34.671340     8.5605    4.66363     20.492    32.8113    25.4725 -9.990e-29
 188.473565     20.655  34.673354     8.5631    4.66142     20.482    32.8110    25.4718 -9.990e-29
 188.473571     20.656  34.677193     8.5657    4.66328     20.483    32.8127    25.4727 -9.990e-29
 188.473576     20.661  34.680124     8.5672    4.66023     20.488    32.8143    25.4738 -9.990e-29
 188.473582     20.664  34.678761     8.5672    4.65113     20.491    32.8129    25.4727 -9.990e-29
 188.473588     20.667  34.675213     8.5668    4.64899     20.493    32.8095    25.4701 -9.990e-29
 188.473594     20.669  34.672599     8.5664    4.64902     20.495    32.8072    25.4683 -9.990e-29
 188.473600     20.671  34.671358     8.5658    4.65019     20.497    32.8064    25.4678 -9.990e-29
 188.473605     20.673  34.670953     8.5656    4.66257     20.499    32.8062    25.4677 -9.990e-29
 188.473611     20.674  34.670846     8.5662    4.66492     20.500    32.8055    25.4670 -9.990e-29
 188.473617     20.675  34.670891     8.5673    4.67450     20.501    32.8045    25.4661 -9.990e-29
 188.473623     20.676  34.671147     8.5679    4.67475     20.502    32.8043    25.4658 -9.990e-29
 188.473628     20.678  34.671951     8.5680    4.66920     20.504    32.8050    25.4664 -9.990e-29
 188.473634     20.679  34.673816     8.5680    4.66650     20.505    32.8070    25.4679 -9.990e-29
 188.473640     20.681  34.676422     8.5683    4.65402     20.507    32.8094    25.4698 -9.990e-29
 188.473646     20.687  34.678755     8.5694    4.65079     20.513    32.8108    25.4707 -9.990e-29
 188.473652     20.702  34.681681     8.5716    4.65222     20.528    32.8119    25.4712 -9.990e-29
 188.473657     20.718  34.687978     8.5743    4.65335     20.544    32.8160    25.4740 -9.990e-29
 188.473663     20.729  34.695386     8.5758    4.65717     20.555    32.8224    25.4788 -9.990e-29
 188.473669     20.740  34.696396     8.5757    4.65675     20.566    32.8235    25.4797 -9.990e-29
 188.473675     20.749  34.691234     8.5753    4.64040     20.575    32.8184    25.4758 -9.990e-29
 188.473681     20.751  34.687035     8.5756    4.64439     20.577    32.8138    25.4721 -9.990e-29
 188.473686     20.745  34.686611     8.5765    4.64631     20.571    32.8125    25.4709 -9.990e-29
 188.473692     20.739  34.689954     8.5775    4.65917     20.565    32.8151    25.4728 -9.990e-29
 188.473698     20.732  34.692548     8.5776    4.66755     20.558    32.8177    25.4749 -9.990e-29
 188.473704     20.720  34.689439     8.5767    4.66343     20.546    32.8153    25.4731 -9.990e-29
 188.473709     20.707  34.684892     8.5758    4.66143     20.533    32.8113    25.4702 -9.990e-29
 188.473715     20.696  34.682376     8.5755    4.66636     20.522    32.8090    25.4684 -9.990e-29
 188.473721     20.691  34.681339     8.5755    4.66882     20.517    32.8079    25.4675 -9.990e-29
 188.473727     20.699  34.682641     8.5756    4.66887     20.525    32.8092    25.4685 -9.990e-29
 188.473733     20.717  34.684093     8.5755    4.65796     20.543    32.8108    25.4698 -9.990e-29
 188.473738     20.730  34.683141     8.5753    4.65203     20.556    32.8100    25.4691 -9.990e-29
 188.473744     20.732  34.681878     8.5752    4.66107     20.558    32.8087    25.4682 -9.990e-29
 188.473750     20.735  34.681984     8.5751    4.65584     20.561    32.8089    25.4684 -9.990e-29
 188.473756     20.736  34.682476     8.5749    4.65834     20.562    32.8096    25.4689 -9.990e-29
 188.473762     20.729  34.682325     8.5744    4.65633     20.555    32.8099    25.4693 -9.990e-29
 188.473767     20.712  34.681330     8.5736    4.65477     20.538    32.8096    25.4692 -9.990e-29
 188.473773     20.698  34.679845     8.5726    4.66789     20.524    32.8090    25.4688 -9.990e-29
 188.473779     20.693  34.678131     8.5715    4.66877     20.519    32.8082    25.4684 -9.990e-29
 188.473785     20.694  34.676706     8.5704    4.66986     20.520    32.8078    25.4682 -9.990e-29
 188.473791     20.696  34.676472     8.5697    4.66664     20.522    32.8082    25.4686 -9.990e-29
 188.473796     20.699  34.677116     8.5698    4.66263     20.525    32.8087    25.4690 -9.990e-29
 188.473802     20.703  34.677813     8.5710    4.67161     20.529    32.8084    25.4685 -9.990e-29
 188.473808     20.710  34.678929     8.5729    4.66439     20.536    32.8078    25.4678 -9.990e-29
 188.473814     20.718  34.680829     8.5740    4.66367     20.544    32.8087    25.4684 -9.990e-29
 188.473819     20.725  34.682119     8.5735    4.66151     20.551    32.8106    25.4699 -9.990e-29
 188.473825     20.722  34.681153     8.5723    4.65923     20.548    32.8107    25.4701 -9.990e-29
 188.473831     20.709  34.678884     8.5714    4.65350     20.535    32.8091    25.4691 -9.990e-29
 188.473837     20.698  34.677332     8.5713    4.65114     20.524    32.8076    25.4679 -9.990e-29
 188.473843     20.701  34.677231     8.5722    4.66050     20.527    32.8066    25.4670 -9.990e-29
 188.473848     20.719  34.678447     8.5735    4.65558     20.545    32.8067    25.4669 -9.990e-29
 188.473854     20.740  34.679796     8.5742    4.66658     20.566    32.8075    25.4674 -9.990e-29
 188.473860     20.752  34.680269     8.5742    4.67403     20.578    32.8079    25.4677 -9.990e-29
 188.473866     20.756  34.680494     8.5741    4.66447     20.582    32.8083    25.4680 -9.990e-29
 188.473872     20.760  34.680770     8.5749    4.66403     20.586    32.8078    25.4675 -9.990e-29
 188.473877     20.770  34.681466     8.5769    4.66545     20.596    32.8067    25.4663 -9.990e-29
 188.473883     20.782  34.684069     8.5794    4.66634     20.608    32.8071    25.4663 -9.990e-29
 188.473889     20.788  34.688683     8.5813    4.67071     20.613    32.8102    25.4684 -9.990e-29
 188.473895     20.784  34.693045     8.5819    4.66726     20.610    32.8142    25.4715 -9.990e-29
 188.473900     20.769  34.693996     8.5818    4.66315     20.595    32.8153    25.4723 -9.990e-29
 188.473906     20.748  34.691682     8.5822    4.66305     20.574    32.8125    25.4701 -9.990e-29
 188.473912     20.727  34.690308     8.5840    4.65411     20.553    32.8094    25.4674 -9.990e-29
 188.473918     20.714  34.691965     8.5870    4.65210     20.540    32.8084    25.4661 -9.990e-29
 188.473924     20.711  34.696060     8.5904    4.64304     20.537    32.8095    25.4665 -9.990e-29
 188.473929     20.715  34.700759     8.5933    4.64225     20.541    32.8117    25.4678 -9.990e-29
 188.473935     20.722  34.704476     8.5952    4.64709     20.548    32.8139    25.4692 -9.990e-29
 188.473941     20.731  34.707118     8.5963    4.64786     20.557    32.8156    25.4704 -9.990e-29
 188.473947     20.739  34.707721     8.5972    4.65129     20.565    32.8154    25.4701 -9.990e-29
 188.473953     20.743  34.707088     8.5981    4.65091     20.569    32.8139    25.4688 -9.990e-29
 188.473958     20.747  34.707178     8.5990    4.65113     20.573    32.8132    25.4681 -9.990e-29
 188.473964     20.756  34.707549     8.5996    4.65937     20.582    32.8130    25.4678 -9.990e-29
 188.473970     20.765  34.707573     8.5998    4.67135     20.591    32.8128    25.4677 -9.990e-29
 188.473976     20.767  34.707280     8.5995    4.66443     20.593    32.8128    25.4677 -9.990e-29
 188.473981     20.762  34.706277     8.5991    4.65916     20.588    32.8121    25.4672 -9.990e-29
 188.473987     20.759  34.704908     8.5993    4.65295     20.585    32.8105    25.4659 -9.990e-29
 188.473993     20.760  34.705271     8.6005    4.64325     20.586    32.8098    25.4652 -9.990e-29
 188.473999     20.767  34.708412     8.6028    4.64443     20.593    32.8109    25.4657 -9.990e-29
 188.474005     20.776  34.713467     8.6052    4.64448     20.602    32.8140    25.4678 -9.990e-29
 188.474010     20.778  34.717641     8.6060    4.64649     20.604    32.8176    25.4705 -9.990e-29
 188.474016     20.769  34.717527     8.6054    4.65064     20.595    32.8181    25.4710 -9.990e-29
 188.474022     20.754  34.714652     8.6050    4.65055     20.580    32.8154    25.4689 -9.990e-29
 188.474028     20.739  34.712475     8.6049    4.65068     20.565    32.8133    25.4672 -9.990e-29
 188.474034     20.728  34.711456     8.6051    4.65069     20.554    32.8120    25.4662 -9.990e-29
 188.474039     20.721  34.711915     8.6054    4.65947     20.547    32.8122    25.4664 -9.990e-29
 188.474045     20.716  34.713341     8.6051    4.66148     20.542    32.8140    25.4678 -9.990e-29
 188.474051     20.714  34.713147     8.6045    4.66148     20.540    32.8143    25.4682 -9.990e-29
 188.474057     20.715  34.711074     8.6041    4.65834     20.541    32.8125    25.4668 -9.990e-29
 188.474063     20.718  34.708844     8.6036    4.65561     20.544    32.8107    25.4654 -9.990e-29
 188.474068     20.723  34.707408     8.6032    4.65551     20.549    32.8095    25.4646 -9.990e-29
 188.474074     20.732  34.707092     8.6031    4.65380     20.558    32.8093    25.4644 -9.990e-29
 188.474080     20.744  34.707473     8.6034    4.65481     20.570    32.8094    25.4644 -9.990e-29
 188.474086     20.756  34.707935     8.6038    4.65501     20.582    32.8095    25.4645 -9.990e-29
 188.474091     20.760  34.707973     8.6040    4.65535     20.586    32.8094    25.4643 -9.990e-29
 188.474097     20.757  34.707635     8.6042    4.65521     20.583    32.8088    25.4639 -9.990e-29
 188.474103     20.754  34.707590     8.6044    4.64628     20.580    32.8086    25.4637 -9.990e-29
 188.474109     20.757  34.707777     8.6047    4.65326     20.583    32.8085    25.4636 -9.990e-29
 188.474115     20.764  34.707883     8.6048    4.65516     20.590    32.8085    25.4635 -9.990e-29
 188.474120     20.773  34.708047     8.6050    4.64824     20.599    32.8085    25.4635 -9.990e-29
 188.474126     20.780  34.709047     8.6063    4.64834     20.606    32.8083    25.4632 -9.990e-29
 188.474132     20.789  34.712216     8.6081    4.65349     20.614    32.8100    25.4642 -9.990e-29
 188.474138     20.801  34.715048     8.6083    4.64862     20.626    32.8128    25.4663 -9.990e-29
 188.474144     20.808  34.714027     8.6073    4.65820     20.633    32.8126    25.4664 -9.990e-29
 188.474149     20.807  34.711716     8.6066    4.66843     20.632    32.8108    25.4651 -9.990e-29
 188.474155     20.801  34.710640     8.6065    4.67496     20.626    32.8098    25.4643 -9.990e-29
 188.474161     20.794  34.709923     8.6064    4.67132     20.619    32.8092    25.4638 -9.990e-29
 188.474167     20.786  34.709168     8.6063    4.65530     20.611    32.8085    25.4633 -9.990e-29
 188.474172     20.781  34.708489     8.6060    4.64724     20.607    32.8080    25.4630 -9.990e-29
 188.474178     20.783  34.708101     8.6056    4.64532     20.609    32.8080    25.4630 -9.990e-29
 188.474184     20.791  34.708047     8.6056    4.65110     20.616    32.8079    25.4630 -9.990e-29
 188.474190     20.802  34.708253     8.6059    4.65546     20.627    32.8079    25.4629 -9.990e-29
 188.474196     20.804  34.708430     8.6063    4.65531     20.629    32.8077    25.4627 -9.990e-29
 188.474201     20.794  34.708251     8.6065    4.65437     20.619    32.8073    25.4623 -9.990e-29
 188.474207     20.777  34.708038     8.6064    4.66439     20.603    32.8072    25.4623 -9.990e-29
 188.474213     20.763  34.708066     8.6063    4.66654     20.589    32.8073    25.4624 -9.990e-29
 188.474219     20.759  34.708368     8.6064    4.66639     20.585    32.8075    25.4625 -9.990e-29
 188.474225     20.760  34.708781     8.6066    4.66453     20.586    32.8078    25.4627 -9.990e-29
 188.474230     20.758  34.708731     8.6068    4.66057     20.584    32.8076    25.4625 -9.990e-29
 188.474236     20.752  34.708144     8.6067    4.65934     20.578    32.8070    25.4621 -9.990e-29
 188.474242     20.743  34.707355     8.6062    4.66883     20.569    32.8067    25.4619 -9.990e-29
 188.474248     20.734  34.706429     8.6057    4.67161     20.560    32.8062    25.4616 -9.990e-29
 188.474253     20.729  34.705809     8.6055    4.67259     20.555    32.8057    25.4612 -9.990e-29
 188.474259     20.726  34.705785     8.6053    4.66316     20.552    32.8059    25.4614 -9.990e-29
 188.474265     20.727  34.705762     8.6051    4.64766     20.553    32.8060    25.4616 -9.990e-29
 188.474271     20.732  34.705704     8.6052    4.64516     20.558    32.8059    25.4614 -9.990e-29
 188.474277     20.739  34.706090     8.6055    4.64677     20.565    32.8060    25.4615 -9.990e-29
 188.474282     20.747  34.706307     8.6055    4.66177     20.573    32.8062    25.4616 -9.990e-29
 188.474288     20.746  34.705519     8.6046    4.66806     20.572    32.8062    25.4618 -9.990e-29
 188.474294     20.737  34.703792     8.6023    4.67769     20.563    32.8066    25.4624 -9.990e-29
 188.474300     20.727  34.700501     8.5979    4.67054     20.553    32.8072    25.4636 -9.990e-29
 188.474306     20.721  34.694618     8.5924    4.66385     20.547    32.8061    25.4636 -9.990e-29
 188.474311     20.721  34.688950     8.5892    4.66273     20.547    32.8031    25.4617 -9.990e-29
 188.474317     20.729  34.687711     8.5895    4.66988     20.555    32.8016    25.4604 -9.990e-29
 188.474323     20.732  34.689806     8.5913    4.66646     20.558    32.8021    25.4606 -9.990e-29
 188.474329     20.725  34.691850     8.5929    4.67397     20.551    32.8028    25.4608 -9.990e-29
 188.474334     20.718  34.693200     8.5934    4.67320     20.544    32.8037    25.4615 -9.990e-29
 188.474340     20.713  34.693972     8.5924    4.67066     20.539    32.8054    25.4630 -9.990e-29
 188.474346     20.710  34.692386     8.5894    4.67303     20.536    32.8066    25.4644 -9.990e-29
 188.474352     20.709  34.688003     8.5858    4.66957     20.535    32.8053    25.4639 -9.990e-29
 188.474358     20.711  34.683388     8.5836    4.67766     20.537    32.8025    25.4621 -9.990e-29
 188.474363     20.715  34.679113     8.5824    4.68046     20.541    32.7991    25.4596 -9.990e-29
 188.474369     20.721  34.675641     8.5813    4.68041     20.547    32.7965    25.4577 -9.990e-29
 188.474375     20.731  34.676187     8.5813    4.66899     20.557    32.7971    25.4581 -9.990e-29
 188.474381     20.743  34.680354     8.5823    4.66124     20.569    32.8005    25.4607 -9.990e-29
 188.474387     20.760  34.683040     8.5844    4.66039     20.586    32.8014    25.4610 -9.990e-29
 188.474392     20.778  34.685577     8.5880    4.67128     20.604    32.8007    25.4600 -9.990e-29
 188.474398     20.790  34.691343     8.5913    4.67776     20.615    32.8037    25.4618 -9.990e-29
 188.474404     20.792  34.694561     8.5919    4.67672     20.617    32.8065    25.4639 -9.990e-29
