data/oxygen options/ONMS/Olympic_Coast_National_Marine_Sanctuary_CTD_Data_2005_2023/raw_data/2006/CTD_KL027_092706faed.cnv
* Sea-Bird SBE19 Data File:
* FileName = C:\MOORING_DATA_2006\CTD_KL027_092706.hex
* Software Version 1.1.6
* Temperature SN = 2997
* Conductivity SN = 2997
* System UpLoad Time = Sep 27 2006 12:50:37
* SEACAT PROFILER V3.1c SN 2997   09/27/06  12:51:36.225
* strain gauge pressure sensor: S/N = 184829,  range = 3000 psia,  tc = 40
# nquan = 9                                 
# nvalues = 2065                        
# units = specified
# name 0 = timeJ: Julian Days
# name 1 = prSM: Pressure, Strain Gauge [db]
# name 2 = c0mS/cm: Conductivity [mS/cm]
# name 3 = t090C: Temperature [ITS-90, deg C]
# name 4 = oxML/L: Oxygen, Beckman/YSI [ml/l]
# name 5 = depSM: Depth [salt water, m], lat = 47.5
# name 6 = sal00: Salinity, Practical [PSU]
# name 7 = sigma-é00: Density [sigma-theta, kg/m^3]
# name 8 = flag: flag
# span 0 = 270.521771, 270.533715       
# span 1 =     -5.403,     27.625       
# span 2 =  22.636141,  46.135008       
# span 3 =     8.8594,    19.7414       
# span 4 =   -0.05538,   20.81686       
# span 5 =     -5.358,     27.393       
# span 6 =    15.3982,    37.6997       
# span 7 =     9.9462,    27.9993       
# span 8 = 0.0000e+00, 0.0000e+00       
# interval = seconds: 0.5
# start_time = Sep 27 2006 12:31:21 [Instrument's time stamp, header]
# bad_flag = -9.990e-29
*END*
[from data line 801]
 270.526406     20.849  35.960347     9.5212    3.78459     20.674    33.2591    25.6722 -9.990e-29
 270.526412     20.823  35.959886     9.5213    3.79513     20.648    33.2586    25.6717 -9.990e-29
 270.526418     20.801  35.959199     9.5214    3.78984     20.626    33.2578    25.6711 -9.990e-29
 270.526424     20.788  35.958504     9.5215    3.78418     20.613    33.2570    25.6704 -9.990e-29
 270.526429     20.782  35.958014     9.5214    3.78031     20.608    33.2566    25.6701 -9.990e-29
 270.526435     20.782  35.957649     9.5214    3.78878     20.608    33.2562    25.6698 -9.990e-29
 270.526441     20.785  35.956938     9.5217    3.80326     20.610    33.2552    25.6690 -9.990e-29
 270.526447     20.782  35.956070     9.5223    3.80711     20.608    33.2537    25.6678 -9.990e-29
 270.526453     20.769  35.955582     9.5230    3.80680     20.595    33.2526    25.6667 -9.990e-29
 270.526458     20.749  35.955401     9.5236    3.81115     20.575    33.2519    25.6661 -9.990e-29
 270.526464     20.729  35.955299     9.5238    3.81085     20.555    33.2516    25.6658 -9.990e-29
 270.526470     20.721  35.955154     9.5237    3.81177     20.547    33.2515    25.6658 -9.990e-29
 270.526476     20.733  35.954791     9.5235    3.81985     20.559    33.2513    25.6657 -9.990e-29
 270.526481     20.757  35.954300     9.5231    3.81901     20.583    33.2512    25.6656 -9.990e-29
 270.526487     20.786  35.954162     9.5228    3.82079     20.611    33.2513    25.6658 -9.990e-29
 270.526493     20.818  35.954209     9.5226    3.82003     20.643    33.2515    25.6660 -9.990e-29
 270.526499     20.846  35.953956     9.5224    3.82549     20.671    33.2514    25.6659 -9.990e-29
 270.526505     20.864  35.953641     9.5224    3.82827     20.689    33.2511    25.6657 -9.990e-29
 270.526510     20.868  35.953418     9.5229    3.82881     20.693    33.2504    25.6651 -9.990e-29
 270.526516     20.862  35.953004     9.5232    3.82693     20.687    33.2497    25.6645 -9.990e-29
 270.526522     20.856  35.952422     9.5231    3.81654     20.681    33.2492    25.6641 -9.990e-29
 270.526528     20.857  35.952033     9.5228    3.82282     20.682    33.2491    25.6640 -9.990e-29
 270.526534     20.870  35.951896     9.5225    3.82583     20.695    33.2492    25.6642 -9.990e-29
 270.526539     20.895  35.951842     9.5223    3.82025     20.720    33.2493    25.6643 -9.990e-29
 270.526545     20.929  35.951816     9.5222    3.82853     20.753    33.2494    25.6644 -9.990e-29
 270.526551     20.962  35.951796     9.5223    3.82684     20.786    33.2493    25.6643 -9.990e-29
 270.526557     20.984  35.951769     9.5229    3.82881     20.808    33.2487    25.6637 -9.990e-29
 270.526563     20.987  35.951712     9.5236    3.82964     20.811    33.2480    25.6630 -9.990e-29
 270.526568     20.966  35.951563     9.5239    3.82603     20.790    33.2475    25.6627 -9.990e-29
 270.526574     20.930  35.951139     9.5238    3.82603     20.754    33.2472    25.6624 -9.990e-29
 270.526580     20.889  35.950451     9.5232    3.82522     20.714    33.2471    25.6624 -9.990e-29
 270.526586     20.853  35.949718     9.5222    3.84091     20.678    33.2473    25.6627 -9.990e-29
 270.526591     20.832  35.949099     9.5216    3.83621     20.657    33.2472    25.6628 -9.990e-29
 270.526597     20.826  35.948908     9.5215    3.83345     20.651    33.2471    25.6627 -9.990e-29
 270.526603     20.829  35.948904     9.5214    3.84717     20.654    33.2472    25.6628 -9.990e-29
 270.526609     20.837  35.948534     9.5212    3.84541     20.662    33.2470    25.6627 -9.990e-29
 270.526615     20.843  35.947880     9.5212    3.84966     20.668    33.2463    25.6621 -9.990e-29
 270.526620     20.847  35.947206     9.5215    3.84694     20.672    33.2453    25.6613 -9.990e-29
 270.526626     20.853  35.946750     9.5218    3.83943     20.678    33.2446    25.6607 -9.990e-29
 270.526632     20.857  35.946478     9.5220    3.84025     20.682    33.2441    25.6603 -9.990e-29
 270.526638     20.856  35.946041     9.5222    3.84872     20.681    33.2435    25.6598 -9.990e-29
 270.526644     20.849  35.945434     9.5224    3.85045     20.674    33.2427    25.6591 -9.990e-29
 270.526649     20.840  35.944984     9.5227    3.84315     20.665    33.2419    25.6585 -9.990e-29
 270.526655     20.838  35.944666     9.5229    3.85605     20.663    33.2414    25.6580 -9.990e-29
 270.526661     20.845  35.944255     9.5220    3.84859     20.670    33.2418    25.6585 -9.990e-29
 270.526667     20.860  35.943771     9.5199    3.85062     20.685    33.2433    25.6600 -9.990e-29
 270.526672     20.873  35.943316     9.5184    3.85886     20.698    33.2442    25.6609 -9.990e-29
 270.526678     20.881  35.942842     9.5181    3.84750     20.706    33.2440    25.6608 -9.990e-29
 270.526684     20.885  35.942459     9.5180    3.85939     20.710    33.2437    25.6606 -9.990e-29
 270.526690     20.886  35.942210     9.5175    3.86764     20.711    33.2439    25.6608 -9.990e-29
 270.526696     20.883  35.941758     9.5171    3.86021     20.708    33.2438    25.6608 -9.990e-29
 270.526701     20.880  35.941053     9.5168    3.85274     20.705    33.2434    25.6605 -9.990e-29
 270.526707     20.882  35.940273     9.5164    3.85343     20.707    33.2429    25.6603 -9.990e-29
 270.526713     20.888  35.939492     9.5160    3.85527     20.713    33.2425    25.6600 -9.990e-29
 270.526719     20.904  35.938785     9.5161    3.86156     20.728    33.2417    25.6593 -9.990e-29
 270.526725     20.929  35.938328     9.5173    3.86440     20.753    33.2401    25.6579 -9.990e-29
 270.526730     20.954  35.938064     9.5187    3.86045     20.778    33.2385    25.6564 -9.990e-29
 270.526736     20.966  35.937634     9.5193    3.86115     20.790    33.2375    25.6555 -9.990e-29
 270.526742     20.962  35.937019     9.5193    3.86189     20.786    33.2368    25.6550 -9.990e-29
 270.526748     20.947  35.936516     9.5193    3.86189     20.771    33.2363    25.6546 -9.990e-29
 270.526753     20.927  35.936009     9.5195    3.87086     20.751    33.2356    25.6541 -9.990e-29
 270.526759     20.907  35.935378     9.5200    3.87248     20.731    33.2345    25.6531 -9.990e-29
 270.526765     20.888  35.934897     9.5204    3.87330     20.713    33.2337    25.6524 -9.990e-29
 270.526771     20.874  35.934480     9.5208    3.87247     20.699    33.2329    25.6517 -9.990e-29
 270.526777     20.865  35.934125     9.5216    3.86907     20.690    33.2318    25.6507 -9.990e-29
 270.526782     20.858  35.933914     9.5231    3.86939     20.683    33.2302    25.6492 -9.990e-29
 270.526788     20.855  35.933560     9.5251    3.87742     20.680    33.2280    25.6472 -9.990e-29
 270.526794     20.855  35.933146     9.5269    3.87935     20.680    33.2259    25.6452 -9.990e-29
 270.526800     20.853  35.932674     9.5281    3.87948     20.678    33.2243    25.6438 -9.990e-29
 270.526806     20.845  35.932071     9.5293    3.88443     20.670    33.2225    25.6422 -9.990e-29
 270.526811     20.835  35.931649     9.5306    3.88184     20.660    33.2209    25.6408 -9.990e-29
 270.526817     20.831  35.931400     9.5313    3.88057     20.656    33.2200    25.6399 -9.990e-29
 270.526823     20.837  35.930987     9.5307    3.88477     20.662    33.2201    25.6401 -9.990e-29
 270.526829     20.849  35.930415     9.5289    3.88158     20.674    33.2212    25.6413 -9.990e-29
 270.526834     20.858  35.930038     9.5273    3.87305     20.683    33.2223    25.6424 -9.990e-29
 270.526840     20.863  35.929906     9.5269    3.88518     20.688    33.2225    25.6426 -9.990e-29
 270.526846     20.866  35.929836     9.5269    3.87685     20.691    33.2225    25.6426 -9.990e-29
 270.526852     20.873  35.929729     9.5263    3.88408     20.698    33.2229    25.6430 -9.990e-29
 270.526858     20.880  35.929438     9.5256    3.88573     20.705    33.2232    25.6434 -9.990e-29
 270.526863     20.882  35.929128     9.5263    3.88022     20.707    33.2223    25.6425 -9.990e-29
 270.526869     20.881  35.928942     9.5293    3.88293     20.706    33.2193    25.6397 -9.990e-29
 270.526875     20.875  35.928625     9.5335    3.87931     20.700    33.2151    25.6357 -9.990e-29
 270.526881     20.865  35.928310     9.5373    3.87986     20.690    33.2113    25.6321 -9.990e-29
 270.526887     20.854  35.928133     9.5397    3.88168     20.679    33.2089    25.6299 -9.990e-29
 270.526892     20.850  35.927852     9.5412    3.89014     20.675    33.2072    25.6283 -9.990e-29
 270.526898     20.858  35.927649     9.5428    3.89206     20.683    33.2055    25.6267 -9.990e-29
 270.526904     20.872  35.927809     9.5448    3.89102     20.697    33.2038    25.6251 -9.990e-29
 270.526910     20.886  35.927979     9.5463    3.88090     20.711    33.2026    25.6239 -9.990e-29
 270.526916     20.897  35.927816     9.5466    3.87483     20.722    33.2021    25.6235 -9.990e-29
 270.526921     20.904  35.927659     9.5457    3.88391     20.728    33.2028    25.6241 -9.990e-29
 270.526927     20.909  35.927855     9.5431    3.88828     20.733    33.2054    25.6266 -9.990e-29
 270.526933     20.911  35.928098     9.5384    3.89313     20.735    33.2100    25.6310 -9.990e-29
 270.526939     20.911  35.928146     9.5339    3.89929     20.735    33.2142    25.6350 -9.990e-29
 270.526944     20.910  35.928055     9.5338    3.89021     20.734    33.2142    25.6350 -9.990e-29
 270.526950     20.905  35.927699     9.5394    3.89843     20.729    33.2087    25.6298 -9.990e-29
 270.526956     20.899  35.927156     9.5478    3.89799     20.724    33.2003    25.6219 -9.990e-29
 270.526962     20.889  35.926818     9.5555    3.88896     20.714    33.1929    25.6148 -9.990e-29
 270.526968     20.876  35.926789     9.5606    3.89743     20.701    33.1881    25.6102 -9.990e-29
 270.526973     20.863  35.927028     9.5636    3.89751     20.688    33.1856    25.6078 -9.990e-29
 270.526979     20.857  35.927288     9.5653    3.90071     20.682    33.1843    25.6065 -9.990e-29
 270.526985     20.863  35.927351     9.5665    3.91943     20.688    33.1832    25.6055 -9.990e-29
 270.526991     20.876  35.927296     9.5674    3.92022     20.701    33.1823    25.6046 -9.990e-29
 270.526997     20.889  35.927043     9.5678    3.91246     20.714    33.1817    25.6041 -9.990e-29
 270.527002     20.899  35.926809     9.5689    3.91583     20.724    33.1804    25.6029 -9.990e-29
 270.527008     20.906  35.926836     9.5716    3.90970     20.730    33.1780    25.6005 -9.990e-29
 270.527014     20.910  35.927156     9.5741    3.92139     20.734    33.1760    25.5986 -9.990e-29
 270.527020     20.912  35.927628     9.5744    3.91610     20.736    33.1762    25.5987 -9.990e-29
 270.527025     20.916  35.927754     9.5730    3.91076     20.740    33.1776    25.6000 -9.990e-29
 270.527031     20.927  35.927698     9.5708    3.91680     20.751    33.1796    25.6019 -9.990e-29
 270.527037     20.937  35.927941     9.5692    3.91795     20.761    33.1813    25.6035 -9.990e-29
 270.527043     20.938  35.928238     9.5694    3.92103     20.762    33.1814    25.6036 -9.990e-29
 270.527049     20.934  35.928418     9.5714    3.92896     20.758    33.1798    25.6020 -9.990e-29
 270.527054     20.930  35.928715     9.5745    3.91939     20.754    33.1772    25.5995 -9.990e-29
 270.527060     20.924  35.928960     9.5769    3.92656     20.748    33.1752    25.5975 -9.990e-29
 270.527066     20.917  35.928911     9.5787    3.93360     20.741    33.1735    25.5959 -9.990e-29
 270.527072     20.909  35.929059     9.5826    3.93407     20.733    33.1701    25.5926 -9.990e-29
 270.527078     20.898  35.929597     9.5892    3.92741     20.723    33.1645    25.5872 -9.990e-29
 270.527083     20.888  35.930114     9.5957    3.92069     20.713    33.1591    25.5818 -9.990e-29
 270.527089     20.888  35.930733     9.5999    3.92521     20.713    33.1558    25.5786 -9.990e-29
 270.527095     20.901  35.931716     9.6018    3.92816     20.726    33.1551    25.5777 -9.990e-29
 270.527101     20.924  35.932686     9.6008    3.93135     20.748    33.1570    25.5794 -9.990e-29
 270.527106     20.950  35.933249     9.5989    3.93801     20.774    33.1593    25.5815 -9.990e-29
 270.527112     20.972  35.933588     9.5991    3.93619     20.796    33.1595    25.5816 -9.990e-29
 270.527118     20.983  35.934150     9.6014    3.93575     20.807    33.1579    25.5800 -9.990e-29
 270.527124     20.984  35.935114     9.6046    3.93360     20.808    33.1559    25.5779 -9.990e-29
 270.527130     20.982  35.936079     9.6075    3.94359     20.806    33.1542    25.5761 -9.990e-29
 270.527135     20.979  35.936645     9.6098    3.93620     20.803    33.1527    25.5746 -9.990e-29
 270.527141     20.970  35.936998     9.6129    3.94121     20.794    33.1502    25.5721 -9.990e-29
 270.527147     20.957  35.937604     9.6174    3.93682     20.781    33.1467    25.5686 -9.990e-29
 270.527153     20.946  35.938706     9.6211    3.93507     20.770    33.1444    25.5662 -9.990e-29
 270.527159     20.934  35.940086     9.6229    3.94813     20.758    33.1442    25.5657 -9.990e-29
 270.527164     20.922  35.941337     9.6250    3.94797     20.746    33.1435    25.5649 -9.990e-29
 270.527170     20.908  35.942438     9.6300    3.96416     20.732    33.1400    25.5614 -9.990e-29
 270.527176     20.892  35.943730     9.6405    3.96557     20.717    33.1317    25.5531 -9.990e-29
 270.527182     20.873  35.945247     9.6595    3.96019     20.698    33.1157    25.5375 -9.990e-29
 270.527188     20.854  35.946765     9.6814    3.96107     20.679    33.0971    25.5194 -9.990e-29
 270.527193     20.841  35.948059     9.6972    3.94557     20.666    33.0839    25.5065 -9.990e-29
 270.527199     20.843  35.949173     9.6999    3.95692     20.668    33.0825    25.5050 -9.990e-29
 270.527205     20.865  35.950469     9.6851    3.95812     20.690    33.0975    25.5191 -9.990e-29
 270.527211     20.898  35.951989     9.6629    3.96118     20.723    33.1195    25.5399 -9.990e-29
 270.527216     20.928  35.953512     9.6467    3.97965     20.752    33.1360    25.5554 -9.990e-29
 270.527222     20.944  35.954815     9.6409    3.97612     20.768    33.1426    25.5616 -9.990e-29
 270.527228     20.944  35.955940     9.6463    3.98385     20.768    33.1388    25.5577 -9.990e-29
 270.527234     20.926  35.957259     9.6627    3.99176     20.750    33.1250    25.5443 -9.990e-29
 270.527240     20.894  35.958841     9.6882    3.98044     20.719    33.1032    25.5230 -9.990e-29
 270.527245     20.859  35.960546     9.7173    3.98512     20.684    33.0782    25.4987 -9.990e-29
 270.527251     20.835  35.962403     9.7398    3.98098     20.660    33.0594    25.4804 -9.990e-29
 270.527257     20.835  35.964645     9.7435    3.98009     20.660    33.0583    25.4789 -9.990e-29
 270.527263     20.857  35.967459     9.7298    3.99763     20.682    33.0737    25.4932 -9.990e-29
 270.527269     20.891  35.970669     9.7156    3.98197     20.716    33.0901    25.5083 -9.990e-29
 270.527274     20.921  35.974064     9.7096    3.98604     20.745    33.0990    25.5163 -9.990e-29
 270.527280     20.942  35.977672     9.7052    3.99252     20.766    33.1068    25.5231 -9.990e-29
 270.527286     20.958  35.981249     9.6964    3.98295     20.782    33.1185    25.5337 -9.990e-29
 270.527292     20.974  35.984511     9.6874    4.00275     20.798    33.1302    25.5443 -9.990e-29
 270.527297     20.988  35.987315     9.6847    4.00254     20.812    33.1355    25.5489 -9.990e-29
 270.527303     20.992  35.989466     9.6867    4.00947     20.816    33.1359    25.5488 -9.990e-29
 270.527309     20.982  35.991582     9.6878    4.01177     20.806    33.1370    25.5495 -9.990e-29
 270.527315     20.962  35.994235     9.6878    4.00359     20.786    33.1398    25.5517 -9.990e-29
 270.527321     20.943  35.997031     9.6890    4.01309     20.767    33.1415    25.5529 -9.990e-29
