data/oxygen options/ONMS/Olympic_Coast_National_Marine_Sanctuary_CTD_Data_2005_2023/raw_data/2006/CTD_MB042_070706_CASTfaed.cnv
* Sea-Bird SBE19 Data File:
* FileName = C:\MOORING_DATA_2006\CTD_MB042_070706_CAST.hex
* Software Version 1.1.8
* Temperature SN = 2997
* Conductivity SN = 2997
* System UpLoad Time = Jul 07 2006 11:41:36
* SEACAT PROFILER V3.1c SN 2997   07/07/06  11:39:38.413
* strain gauge pressure sensor: S/N = 184829,  range = 3000 psia,  tc = 40
# nquan = 9                                 
# nvalues = 1720                        
# units = specified
# name 0 = timeJ: Julian Days
# name 1 = prSM: Pressure, Strain Gauge [db]
# name 2 = c0mS/cm: Conductivity [mS/cm]
# name 3 = t090C: Temperature [ITS-90, deg C]
# name 4 = oxML/L: Oxygen, Beckman/YSI [ml/l]
# name 5 = depSM: Depth [salt water, m], lat = 47.5
# name 6 = sal00: Salinity, Practical [PSU]
# name 7 = sigma-é00: Density [sigma-theta, kg/m^3]
# name 8 = flag: flag
# span 0 = 188.467928, 188.477876       
# span 1 =     -4.441,     38.133       
# span 2 =   1.709834,  36.502158       
# span 3 =     7.7206,    12.3772       
# span 4 =   -0.71420,   36.99778       
# span 5 =     -4.404,     37.811       
# span 6 =     1.1754,    33.5771       
# span 7 =     0.4196,    26.1976       
# span 8 = 0.0000e+00, 0.0000e+00       
# interval = seconds: 0.5
# start_time = Jul 07 2006 11:13:49 [Instrument's time stamp, header]
# bad_flag = -9.990e-29
*END*
[from data line 1121]
 188.474416     20.771  34.690389     8.5915    4.67177     20.597    32.8025    25.4608 -9.990e-29
 188.474421     20.759  34.689766     8.5923    4.66999     20.585    32.8011    25.4596 -9.990e-29
 188.474427     20.752  34.691204     8.5943    4.66959     20.578    32.8008    25.4591 -9.990e-29
 188.474433     20.750  34.694936     8.5980    4.66077     20.576    32.8012    25.4589 -9.990e-29
 188.474439     20.753  34.700325     8.6022    4.66030     20.579    32.8030    25.4596 -9.990e-29
 188.474444     20.761  34.705016     8.6049    4.66031     20.587    32.8054    25.4611 -9.990e-29
 188.474450     20.770  34.707411     8.6054    4.65245     20.596    32.8075    25.4626 -9.990e-29
 188.474456     20.772  34.706771     8.6050    4.66312     20.598    32.8072    25.4625 -9.990e-29
 188.474462     20.768  34.704483     8.6049    4.65599     20.594    32.8049    25.4607 -9.990e-29
 188.474468     20.765  34.703661     8.6059    4.66416     20.591    32.8031    25.4591 -9.990e-29
 188.474473     20.763  34.704886     8.6079    4.65884     20.589    32.8025    25.4584 -9.990e-29
 188.474479     20.759  34.706984     8.6097    4.66402     20.585    32.8030    25.4585 -9.990e-29
 188.474485     20.755  34.708820     8.6102    4.67731     20.581    32.8045    25.4596 -9.990e-29
 188.474491     20.757  34.708913     8.6095    4.67751     20.583    32.8052    25.4603 -9.990e-29
 188.474497     20.759  34.706821     8.6084    4.67827     20.585    32.8041    25.4595 -9.990e-29
 188.474502     20.759  34.704237     8.6077    4.66406     20.585    32.8020    25.4580 -9.990e-29
 188.474508     20.759  34.703321     8.6079    4.66480     20.585    32.8008    25.4571 -9.990e-29
 188.474514     20.764  34.705088     8.6095    4.65851     20.590    32.8012    25.4571 -9.990e-29
 188.474520     20.775  34.709085     8.6124    4.65786     20.601    32.8027    25.4578 -9.990e-29
 188.474525     20.792  34.713909     8.6150    4.65926     20.617    32.8054    25.4595 -9.990e-29
 188.474531     20.813  34.718135     8.6162    4.65771     20.638    32.8087    25.4619 -9.990e-29
 188.474537     20.829  34.719542     8.6161    4.66193     20.654    32.8102    25.4632 -9.990e-29
 188.474543     20.838  34.717759     8.6159    4.66217     20.663    32.8085    25.4619 -9.990e-29
 188.474549     20.840  34.715451     8.6162    4.66042     20.665    32.8058    25.4597 -9.990e-29
 188.474554     20.835  34.714583     8.6168    4.65084     20.660    32.8044    25.4585 -9.990e-29
 188.474560     20.824  34.715675     8.6176    4.64761     20.649    32.8048    25.4587 -9.990e-29
 188.474566     20.809  34.717934     8.6192    4.63876     20.634    32.8057    25.4591 -9.990e-29
 188.474572     20.798  34.721005     8.6217    4.64856     20.623    32.8066    25.4595 -9.990e-29
 188.474578     20.796  34.725611     8.6240    4.65442     20.621    32.8093    25.4612 -9.990e-29
 188.474583     20.800  34.730601     8.6252    4.65602     20.625    32.8134    25.4643 -9.990e-29
 188.474589     20.809  34.732530     8.6252    4.65753     20.634    32.8154    25.4659 -9.990e-29
 188.474595     20.813  34.730598     8.6253    4.64348     20.638    32.8133    25.4642 -9.990e-29
 188.474601     20.808  34.728955     8.6270    4.64188     20.633    32.8100    25.4613 -9.990e-29
 188.474606     20.799  34.731015     8.6309    4.64188     20.624    32.8085    25.4596 -9.990e-29
 188.474612     20.789  34.736154     8.6350    4.64269     20.614    32.8101    25.4602 -9.990e-29
 188.474618     20.778  34.741125     8.6365    4.63856     20.604    32.8140    25.4630 -9.990e-29
 188.474624     20.770  34.743019     8.6358    4.63651     20.596    32.8166    25.4652 -9.990e-29
 188.474630     20.763  34.742114     8.6355    4.63548     20.589    32.8159    25.4647 -9.990e-29
 188.474635     20.753  34.741126     8.6367    4.62847     20.579    32.8138    25.4628 -9.990e-29
 188.474641     20.743  34.742096     8.6386    4.63150     20.569    32.8130    25.4620 -9.990e-29
 188.474647     20.738  34.744071     8.6394    4.63047     20.564    32.8144    25.4629 -9.990e-29
 188.474653     20.737  34.744633     8.6391    4.63228     20.563    32.8152    25.4636 -9.990e-29
 188.474659     20.740  34.743405     8.6388    4.62757     20.566    32.8142    25.4629 -9.990e-29
 188.474664     20.746  34.742109     8.6391    4.63434     20.572    32.8126    25.4615 -9.990e-29
 188.474670     20.758  34.742376     8.6401    4.62703     20.584    32.8119    25.4609 -9.990e-29
 188.474676     20.774  34.743997     8.6413    4.63648     20.600    32.8125    25.4611 -9.990e-29
 188.474682     20.793  34.745205     8.6420    4.64005     20.618    32.8131    25.4615 -9.990e-29
 188.474687     20.806  34.745361     8.6422    4.63793     20.631    32.8131    25.4615 -9.990e-29
 188.474693     20.810  34.745228     8.6422    4.63905     20.635    32.8130    25.4613 -9.990e-29
 188.474699     20.805  34.745184     8.6422    4.64534     20.630    32.8129    25.4613 -9.990e-29
 188.474705     20.792  34.745167     8.6421    4.64630     20.617    32.8130    25.4614 -9.990e-29
 188.474711     20.773  34.745150     8.6420    4.64611     20.599    32.8131    25.4615 -9.990e-29
 188.474716     20.752  34.745105     8.6420    4.64395     20.578    32.8130    25.4614 -9.990e-29
 188.474722     20.727  34.744969     8.6419    4.64005     20.553    32.8130    25.4614 -9.990e-29
 188.474728     20.705  34.745116     8.6418    4.63115     20.531    32.8133    25.4616 -9.990e-29
 188.474734     20.694  34.745738     8.6423    4.62107     20.520    32.8134    25.4617 -9.990e-29
 188.474740     20.693  34.746539     8.6429    4.62793     20.519    32.8137    25.4618 -9.990e-29
 188.474745     20.701  34.748020     8.6432    4.62292     20.527    32.8150    25.4628 -9.990e-29
 188.474751     20.715  34.749349     8.6433    4.62599     20.541    32.8163    25.4638 -9.990e-29
 188.474757     20.727  34.748927     8.6433    4.62790     20.553    32.8159    25.4634 -9.990e-29
 188.474763     20.729  34.747871     8.6433    4.63594     20.555    32.8147    25.4626 -9.990e-29
 188.474769     20.723  34.747569     8.6433    4.64070     20.549    32.8144    25.4623 -9.990e-29
 188.474774     20.714  34.748176     8.6434    4.64089     20.540    32.8150    25.4627 -9.990e-29
 188.474780     20.709  34.748816     8.6437    4.63987     20.535    32.8154    25.4630 -9.990e-29
 188.474786     20.705  34.748093     8.6443    4.62603     20.531    32.8141    25.4619 -9.990e-29
 188.474792     20.703  34.746720     8.6448    4.63162     20.529    32.8122    25.4603 -9.990e-29
 188.474797     20.703  34.746229     8.6449    4.63432     20.529    32.8115    25.4598 -9.990e-29
 188.474803     20.704  34.746519     8.6449    4.63626     20.530    32.8119    25.4601 -9.990e-29
 188.474809     20.707  34.746852     8.6450    4.63861     20.533    32.8121    25.4603 -9.990e-29
 188.474815     20.713  34.747106     8.6452    4.63471     20.539    32.8122    25.4603 -9.990e-29
 188.474821     20.720  34.747616     8.6454    4.63470     20.546    32.8125    25.4605 -9.990e-29
 188.474826     20.731  34.749056     8.6456    4.63465     20.557    32.8138    25.4615 -9.990e-29
 188.474832     20.740  34.751097     8.6459    4.63455     20.566    32.8157    25.4629 -9.990e-29
 188.474838     20.741  34.751969     8.6463    4.63454     20.567    32.8162    25.4633 -9.990e-29
 188.474844     20.729  34.751149     8.6472    4.62693     20.555    32.8146    25.4618 -9.990e-29
 188.474850     20.708  34.749782     8.6480    4.63270     20.534    32.8124    25.4600 -9.990e-29
 188.474855     20.688  34.748844     8.6482    4.63484     20.514    32.8112    25.4591 -9.990e-29
 188.474861     20.683  34.748766     8.6480    4.63646     20.509    32.8113    25.4592 -9.990e-29
 188.474867     20.690  34.748879     8.6477    4.63836     20.516    32.8117    25.4595 -9.990e-29
 188.474873     20.703  34.748207     8.6475    4.63470     20.529    32.8112    25.4592 -9.990e-29
 188.474878     20.717  34.747530     8.6477    4.63474     20.543    32.8103    25.4584 -9.990e-29
 188.474884     20.734  34.747622     8.6481    4.64268     20.560    32.8100    25.4581 -9.990e-29
 188.474890     20.754  34.748042     8.6485    4.63675     20.580    32.8101    25.4581 -9.990e-29
 188.474896     20.779  34.748223     8.6487    4.64352     20.605    32.8101    25.4581 -9.990e-29
 188.474902     20.803  34.748027     8.6487    4.64341     20.628    32.8099    25.4579 -9.990e-29
 188.474907     20.813  34.747753     8.6486    4.64151     20.638    32.8097    25.4578 -9.990e-29
 188.474913     20.811  34.747778     8.6489    4.64395     20.636    32.8094    25.4575 -9.990e-29
 188.474919     20.804  34.748134     8.6492    4.63868     20.629    32.8095    25.4576 -9.990e-29
 188.474925     20.802  34.748357     8.6490    4.63060     20.627    32.8099    25.4579 -9.990e-29
 188.474931     20.803  34.748185     8.6485    4.62850     20.628    32.8102    25.4582 -9.990e-29
 188.474936     20.799  34.747946     8.6482    4.62869     20.624    32.8102    25.4583 -9.990e-29
 188.474942     20.790  34.747881     8.6484    4.63099     20.615    32.8100    25.4581 -9.990e-29
 188.474948     20.780  34.747901     8.6487    4.63480     20.606    32.8097    25.4578 -9.990e-29
 188.474954     20.768  34.748031     8.6486    4.63455     20.594    32.8100    25.4580 -9.990e-29
 188.474959     20.757  34.748441     8.6480    4.63442     20.583    32.8110    25.4589 -9.990e-29
 188.474965     20.751  34.749118     8.6475    4.63455     20.577    32.8121    25.4599 -9.990e-29
 188.474971     20.746  34.749281     8.6476    4.64244     20.572    32.8122    25.4599 -9.990e-29
 188.474977     20.737  34.748585     8.6480    4.63682     20.563    32.8111    25.4590 -9.990e-29
 188.474983     20.728  34.747780     8.6479    4.64396     20.554    32.8104    25.4585 -9.990e-29
 188.474988     20.722  34.747476     8.6472    4.64450     20.548    32.8107    25.4588 -9.990e-29
 188.474994     20.719  34.747827     8.6468    4.63353     20.545    32.8115    25.4595 -9.990e-29
 188.475000     20.714  34.748178     8.6470    4.63329     20.540    32.8116    25.4596 -9.990e-29
 188.475006     20.703  34.747873     8.6476    4.62811     20.529    32.8108    25.4588 -9.990e-29
 188.475012     20.690  34.747623     8.6480    4.63892     20.516    32.8101    25.4583 -9.990e-29
 188.475017     20.681  34.747656     8.6480    4.63690     20.507    32.8102    25.4583 -9.990e-29
 188.475023     20.682  34.747452     8.6478    4.63522     20.508    32.8101    25.4583 -9.990e-29
 188.475029     20.691  34.746741     8.6469    4.63398     20.517    32.8102    25.4585 -9.990e-29
 188.475035     20.710  34.745133     8.6453    4.63174     20.536    32.8100    25.4586 -9.990e-29
 188.475041     20.736  34.743847     8.6436    4.62662     20.562    32.8102    25.4590 -9.990e-29
 188.475046     20.761  34.743969     8.6430    4.63305     20.587    32.8109    25.4596 -9.990e-29
 188.475052     20.778  34.744539     8.6436    4.63593     20.604    32.8109    25.4596 -9.990e-29
 188.475058     20.785  34.745192     8.6445    4.63685     20.610    32.8108    25.4593 -9.990e-29
 188.475064     20.782  34.745675     8.6448    4.64771     20.608    32.8110    25.4594 -9.990e-29
 188.475069     20.773  34.745508     8.6445    4.64674     20.599    32.8111    25.4596 -9.990e-29
 188.475075     20.765  34.745029     8.6431    4.64571     20.591    32.8119    25.4604 -9.990e-29
 188.475081     20.764  34.743597     8.6411    4.65262     20.590    32.8123    25.4610 -9.990e-29
 188.475087     20.763  34.741546     8.6403    4.64140     20.589    32.8109    25.4600 -9.990e-29
 188.475093     20.760  34.741185     8.6414    4.64868     20.586    32.8095    25.4587 -9.990e-29
 188.475098     20.753  34.742594     8.6432    4.64089     20.579    32.8093    25.4583 -9.990e-29
 188.475104     20.743  34.744284     8.6446    4.64486     20.569    32.8098    25.4585 -9.990e-29
 188.475110     20.732  34.745702     8.6454    4.64010     20.558    32.8105    25.4589 -9.990e-29
 188.475116     20.725  34.747054     8.6459    4.63629     20.551    32.8115    25.4596 -9.990e-29
 188.475122     20.722  34.748461     8.6463    4.63845     20.548    32.8126    25.4604 -9.990e-29
 188.475127     20.721  34.749552     8.6467    4.62759     20.547    32.8134    25.4610 -9.990e-29
 188.475133     20.723  34.750100     8.6473    4.63004     20.549    32.8134    25.4609 -9.990e-29
 188.475139     20.728  34.750272     8.6480    4.63166     20.554    32.8129    25.4604 -9.990e-29
 188.475145     20.736  34.750297     8.6482    4.62367     20.562    32.8127    25.4603 -9.990e-29
 188.475150     20.748  34.749083     8.6478    4.62566     20.574    32.8118    25.4596 -9.990e-29
 188.475156     20.761  34.746694     8.6464    4.62542     20.587    32.8106    25.4589 -9.990e-29
 188.475162     20.766  34.745550     8.6442    4.62845     20.592    32.8115    25.4599 -9.990e-29
 188.475168     20.764  34.745807     8.6421    4.63143     20.590    32.8137    25.4619 -9.990e-29
 188.475174     20.763  34.746123     8.6406    4.63250     20.589    32.8154    25.4635 -9.990e-29
 188.475179     20.768  34.745794     8.6393    4.63202     20.594    32.8163    25.4644 -9.990e-29
 188.475185     20.779  34.744382     8.6374    4.63090     20.605    32.8165    25.4649 -9.990e-29
 188.475191     20.792  34.741686     8.6349    4.63207     20.617    32.8160    25.4649 -9.990e-29
 188.475197     20.799  34.738593     8.6330    4.64154     20.624    32.8145    25.4640 -9.990e-29
 188.475203     20.801  34.737146     8.6329    4.63541     20.626    32.8131    25.4629 -9.990e-29
 188.475208     20.803  34.737658     8.6337    4.63385     20.628    32.8129    25.4626 -9.990e-29
 188.475214     20.800  34.738566     8.6343    4.63139     20.625    32.8133    25.4628 -9.990e-29
 188.475220     20.788  34.738835     8.6345    4.62905     20.613    32.8134    25.4629 -9.990e-29
 188.475226     20.766  34.738821     8.6348    4.63297     20.592    32.8131    25.4626 -9.990e-29
 188.475231     20.733  34.739065     8.6355    4.63286     20.559    32.8127    25.4622 -9.990e-29
 188.475237     20.690  34.739332     8.6357    4.63251     20.516    32.8129    25.4623 -9.990e-29
 188.475243     20.649  34.738853     8.6350    4.63232     20.476    32.8130    25.4625 -9.990e-29
 188.475249     20.614  34.737549     8.6328    4.62333     20.441    32.8137    25.4634 -9.990e-29
 188.475255     20.579  34.735366     8.6297    4.61977     20.406    32.8143    25.4643 -9.990e-29
 188.475260     20.534  34.732195     8.6276    4.62830     20.362    32.8130    25.4636 -9.990e-29
 188.475266     20.468  34.729974     8.6278    4.63227     20.296    32.8105    25.4616 -9.990e-29
 188.475272     20.371  34.730223     8.6291    4.64473     20.200    32.8096    25.4607 -9.990e-29
 188.475278     20.237  34.731591     8.6299    4.63961     20.067    32.8103    25.4611 0.0000e+00
 188.475284     20.063  34.732535     8.6307    4.63271     19.895    32.8107    25.4613 0.0000e+00
 188.475289     19.846  34.733752     8.6327    4.63647     19.679    32.8102    25.4606 0.0000e+00
 188.475295     19.580  34.736303     8.6365    4.65097     19.416    32.8094    25.4594 0.0000e+00
 188.475301     19.266  34.739661     8.6409    4.66867     19.104    32.8090    25.4584 0.0000e+00
 188.475307     18.918  34.742135     8.6450    4.69301     18.759    32.8080    25.4570 0.0000e+00
 188.475313     18.553  34.742540     8.6490    4.70496     18.397    32.8049    25.4539 0.0000e+00
 188.475318     18.172  34.741416     8.6550    4.73888     18.020    32.7983    25.4479 0.0000e+00
 188.475324     17.769  34.738948     8.6690    4.75805     17.620    32.7829    25.4337 0.0000e+00
 188.475330     17.344  34.734091     8.6938    4.77931     17.199    32.7550    25.4080 0.0000e+00
