data/oxygen options/ONMS/Olympic_Coast_National_Marine_Sanctuary_CTD_Data_2005_2023/raw_data/2006/CTD_KL027_100206faed.cnv
* Sea-Bird SBE19 Data File:
* FileName = C:\MOORING_DATA_2006\CTD_KL027_100206.hex
* Software Version 1.1.6
* Temperature SN = 2997
* Conductivity SN = 2997
* System UpLoad Time = Oct 02 2006 15:59:35
* SEACAT PROFILER V3.1c SN 2997   10/02/06  16:00:37.900
* strain gauge pressure sensor: S/N = 184829,  range = 3000 psia,  tc = 40
# nquan = 9                                 
# nvalues = 1935                        
# units = specified
# name 0 = timeJ: Julian Days
# name 1 = prSM: Pressure, Strain Gauge [db]
# name 2 = c0mS/cm: Conductivity [mS/cm]
# name 3 = t090C: Temperature [ITS-90, deg C]
# name 4 = oxML/L: Oxygen, Beckman/YSI [ml/l]
# name 5 = depSM: Depth [salt water, m], lat = 47.5
# name 6 = sal00: Salinity, Practical [PSU]
# name 7 = sigma-é00: Density [sigma-theta, kg/m^3]
# name 8 = flag: flag
# span 0 = 275.650185, 275.661377       
# span 1 =     -4.221,     26.439       
# span 2 =   5.860318,  38.137355       
# span 3 =     8.2441,    12.7998       
# span 4 =   -0.05956,   35.84629       
# span 5 =     -4.186,     26.217       
# span 6 =     4.3325,    33.6827       
# span 7 =     2.8639,    26.2014       
# span 8 = 0.0000e+00, 0.0000e+00       
# interval = seconds: 0.5
# start_time = Oct 02 2006 15:36:16 [Instrument's time stamp, header]
# bad_flag = -9.990e-29
*END*
[from data line 1441]
 275.658524      4.554  37.670376    12.0658    7.94120      4.516    32.6767    24.7729 -9.990e-29
 275.658530      4.549  37.669096    12.0657    7.94642      4.511    32.6755    24.7720 -9.990e-29
 275.658536      4.533  37.669400    12.0671    7.95361      4.495    32.6746    24.7711 -9.990e-29
 275.658542      4.514  37.671136    12.0691    7.93846      4.476    32.6745    24.7706 -9.990e-29
 275.658547      4.494  37.673815    12.0708    7.94349      4.456    32.6756    24.7712 -9.990e-29
 275.658553      4.472  37.676526    12.0718    7.91959      4.435    32.6774    24.7723 -9.990e-29
 275.658559      4.452  37.678398    12.0725    7.90696      4.415    32.6786    24.7731 -9.990e-29
 275.658565      4.440  37.679133    12.0726    7.89761      4.403    32.6792    24.7736 -9.990e-29
 275.658571      4.441  37.679158    12.0718    7.89179      4.404    32.6799    24.7743 -9.990e-29
 275.658576      4.453  37.677952    12.0700    7.89175      4.416    32.6803    24.7750 -9.990e-29
 275.658582      4.474  37.675596    12.0674    7.89961      4.437    32.6803    24.7755 -9.990e-29
 275.658588      4.492  37.672884    12.0656    7.90144      4.454    32.6793    24.7750 -9.990e-29
 275.658594      4.499  37.670134    12.0650    7.90909      4.461    32.6772    24.7734 -9.990e-29
 275.658600      4.501  37.668732    12.0644    7.91345      4.463    32.6763    24.7729 -9.990e-29
 275.658605      4.501  37.669061    12.0633    7.92147      4.463    32.6776    24.7741 -9.990e-29
 275.658611      4.501  37.669882    12.0623    7.92496      4.463    32.6793    24.7756 -9.990e-29
 275.658617      4.499  37.670053    12.0626    7.93453      4.461    32.6792    24.7755 -9.990e-29
 275.658623      4.491  37.669810    12.0661    7.92729      4.453    32.6759    24.7722 -9.990e-29
 275.658628      4.473  37.670518    12.0718    7.92922      4.436    32.6716    24.7678 -9.990e-29
 275.658634      4.451  37.672005    12.0757    7.92036      4.414    32.6696    24.7656 -9.990e-29
 275.658640      4.438  37.673456    12.0757    7.91322      4.401    32.6710    24.7667 -9.990e-29
 275.658646      4.437  37.674010    12.0737    7.90858      4.400    32.6733    24.7688 -9.990e-29
 275.658652      4.448  37.673290    12.0702    7.91133      4.411    32.6757    24.7713 -9.990e-29
 275.658657      4.467  37.670905    12.0653    7.92017      4.430    32.6776    24.7738 -9.990e-29
 275.658663      4.483  37.667048    12.0617    7.93685      4.446    32.6771    24.7740 -9.990e-29
 275.658669      4.488  37.665557    12.0617    7.93672      4.450    32.6756    24.7729 -9.990e-29
 275.658675      4.486  37.667814    12.0641    7.94582      4.449    32.6757    24.7725 -9.990e-29
 275.658681      4.482  37.671225    12.0662    7.93853      4.445    32.6772    24.7732 -9.990e-29
 275.658686      4.476  37.674737    12.0675    7.93664      4.439    32.6794    24.7747 -9.990e-29
 275.658692      4.467  37.677427    12.0687    7.91730      4.430    32.6810    24.7757 -9.990e-29
 275.658698      4.455  37.678404    12.0690    7.90026      4.418    32.6817    24.7762 -9.990e-29
 275.658704      4.442  37.677855    12.0668    7.88654      4.405    32.6831    24.7777 -9.990e-29
 275.658709      4.438  37.675616    12.0615    7.87818      4.401    32.6855    24.7806 -9.990e-29
 275.658715      4.441  37.670956    12.0548    7.87468      4.404    32.6869    24.7829 -9.990e-29
 275.658721      4.443  37.664960    12.0492    7.86863      4.406    32.6860    24.7833 -9.990e-29
 275.658727      4.444  37.660860    12.0459    7.86670      4.407    32.6849    24.7831 -9.990e-29
 275.658733      4.450  37.659364    12.0449    7.87137      4.413    32.6844    24.7828 -9.990e-29
 275.658738      4.455  37.659046    12.0459    7.86637      4.418    32.6832    24.7817 -9.990e-29
 275.658744      4.460  37.659486    12.0471    7.86833      4.423    32.6826    24.7810 -9.990e-29
 275.658750      4.469  37.660157    12.0466    7.87741      4.432    32.6836    24.7819 -9.990e-29
 275.658756      4.480  37.659716    12.0443    7.89125      4.443    32.6852    24.7836 -9.990e-29
 275.658762      4.488  37.657582    12.0425    7.89983      4.450    32.6847    24.7835 -9.990e-29
 275.658767      4.494  37.655966    12.0439    7.90401      4.456    32.6819    24.7811 -9.990e-29
 275.658773      4.494  37.657207    12.0477    7.91574      4.456    32.6798    24.7787 -9.990e-29
 275.658779      4.483  37.660161    12.0512    7.92334      4.446    32.6796    24.7779 -9.990e-29
 275.658785      4.470  37.663724    12.0537    7.92342      4.433    32.6809    24.7784 -9.990e-29
 275.658791      4.467  37.667043    12.0552    7.91689      4.430    32.6828    24.7796 -9.990e-29
 275.658796      4.474  37.668381    12.0556    7.91374      4.437    32.6837    24.7803 -9.990e-29
 275.658802      4.481  37.668410    12.0555    7.91387      4.444    32.6838    24.7804 -9.990e-29
 275.658808      4.486  37.668297    12.0553    7.91288      4.449    32.6839    24.7805 -9.990e-29
 275.658814      4.489  37.668458    12.0546    7.92415      4.451    32.6846    24.7812 -9.990e-29
 275.658819      4.490  37.669115    12.0539    7.91191      4.452    32.6859    24.7823 -9.990e-29
 275.658825      4.488  37.669468    12.0534    7.90789      4.450    32.6867    24.7830 -9.990e-29
 275.658831      4.485  37.668872    12.0530    7.90476      4.448    32.6864    24.7829 -9.990e-29
 275.658837      4.479  37.667659    12.0528    7.89432      4.442    32.6855    24.7822 -9.990e-29
 275.658843      4.471  37.666463    12.0530    7.90006      4.434    32.6841    24.7811 -9.990e-29
 275.658848      4.460  37.665380    12.0533    7.89270      4.423    32.6828    24.7800 -9.990e-29
 275.658854      4.449  37.664656    12.0531    7.89168      4.412    32.6823    24.7797 -9.990e-29
 275.658860      4.442  37.664454    12.0516    7.88916      4.405    32.6834    24.7808 -9.990e-29
 275.658866      4.435  37.663952    12.0497    7.89490      4.398    32.6846    24.7821 -9.990e-29
 275.658872      4.430  37.663049    12.0487    7.89234      4.393    32.6846    24.7823 -9.990e-29
 275.658877      4.437  37.662791    12.0487    7.89251      4.400    32.6844    24.7821 -9.990e-29
 275.658883      4.451  37.663402    12.0488    7.89384      4.414    32.6849    24.7824 -9.990e-29
 275.658889      4.469  37.664020    12.0482    7.89802      4.432    32.6860    24.7834 -9.990e-29
 275.658895      4.488  37.663794    12.0472    7.89723      4.450    32.6866    24.7841 -9.990e-29
 275.658900      4.501  37.662988    12.0471    7.90381      4.463    32.6859    24.7836 -9.990e-29
 275.658906      4.500  37.662777    12.0480    7.89883      4.462    32.6849    24.7827 -9.990e-29
 275.658912      4.485  37.663447    12.0485    7.90049      4.448    32.6851    24.7827 -9.990e-29
 275.658918      4.463  37.664215    12.0484    7.89397      4.426    32.6860    24.7834 -9.990e-29
 275.658924      4.442  37.664430    12.0483    7.89973      4.405    32.6863    24.7837 -9.990e-29
 275.658929      4.429  37.664388    12.0485    7.88823      4.392    32.6861    24.7835 -9.990e-29
 275.658935      4.422  37.664602    12.0485    7.89087      4.385    32.6863    24.7836 -9.990e-29
 275.658941      4.418  37.664801    12.0482    7.89425      4.381    32.6867    24.7840 -9.990e-29
 275.658947      4.420  37.664696    12.0478    7.90177      4.383    32.6870    24.7843 -9.990e-29
 275.658953      4.434  37.664155    12.0469    7.90302      4.397    32.6873    24.7847 -9.990e-29
 275.658958      4.454  37.663024    12.0462    7.91079      4.417    32.6868    24.7844 -9.990e-29
 275.658964      4.470  37.662048    12.0466    7.90460      4.433    32.6855    24.7833 -9.990e-29
 275.658970      4.475  37.662175    12.0478    7.90146      4.438    32.6845    24.7824 -9.990e-29
 275.658976      4.476  37.663019    12.0488    7.90098      4.439    32.6845    24.7822 -9.990e-29
 275.658981      4.483  37.664030    12.0492    7.89611      4.446    32.6851    24.7826 -9.990e-29
 275.658987      4.492  37.664878    12.0490    7.89113      4.454    32.6861    24.7834 -9.990e-29
 275.658993      4.499  37.665020    12.0486    7.90308      4.461    32.6866    24.7838 -9.990e-29
 275.658999      4.505  37.664649    12.0483    7.90214      4.467    32.6865    24.7838 -9.990e-29
 275.659005      4.510  37.664402    12.0483    7.91675      4.472    32.6862    24.7836 -9.990e-29
 275.659010      4.510  37.664517    12.0486    7.91944      4.472    32.6861    24.7834 -9.990e-29
 275.659016      4.501  37.664592    12.0489    7.91441      4.463    32.6859    24.7832 -9.990e-29
 275.659022      4.490  37.664734    12.0493    7.91393      4.452    32.6857    24.7830 -9.990e-29
 275.659028      4.486  37.665699    12.0501    7.90532      4.449    32.6859    24.7830 -9.990e-29
 275.659034      4.488  37.667100    12.0514    7.90540      4.450    32.6861    24.7830 -9.990e-29
 275.659039      4.497  37.668007    12.0527    7.90469      4.459    32.6859    24.7825 -9.990e-29
 275.659045      4.513  37.667954    12.0531    7.89158      4.475    32.6855    24.7821 -9.990e-29
 275.659051      4.537  37.666316    12.0522    7.90147      4.499    32.6847    24.7817 -9.990e-29
 275.659057      4.562  37.662599    12.0516    7.90508      4.524    32.6816    24.7794 -9.990e-29
 275.659063      4.576  37.660267    12.0521    7.91055      4.538    32.6789    24.7772 -9.990e-29
 275.659068      4.578  37.662389    12.0530    7.91441      4.540    32.6801    24.7780 -9.990e-29
 275.659074      4.565  37.665067    12.0536    7.91309      4.527    32.6822    24.7795 -9.990e-29
 275.659080      4.543  37.666269    12.0542    7.91289      4.505    32.6829    24.7799 -9.990e-29
 275.659086      4.518  37.667606    12.0548    7.92186      4.480    32.6836    24.7804 -9.990e-29
 275.659091      4.492  37.668624    12.0555    7.91474      4.454    32.6840    24.7805 -9.990e-29
 275.659097      4.469  37.669003    12.0558    7.90906      4.432    32.6841    24.7806 -9.990e-29
 275.659103      4.456  37.669257    12.0555    7.90542      4.419    32.6846    24.7810 -9.990e-29
 275.659109      4.456  37.669171    12.0549    7.90712      4.419    32.6851    24.7815 -9.990e-29
 275.659115      4.469  37.668639    12.0542    7.91436      4.432    32.6852    24.7817 -9.990e-29
 275.659120      4.491  37.668078    12.0538    7.91090      4.453    32.6850    24.7816 -9.990e-29
 275.659126      4.511  37.667870    12.0538    7.91683      4.473    32.6848    24.7814 -9.990e-29
 275.659132      4.518  37.668304    12.0539    7.92442      4.480    32.6851    24.7817 -9.990e-29
 275.659138      4.512  37.668841    12.0542    7.93171      4.474    32.6854    24.7818 -9.990e-29
 275.659144      4.501  37.669083    12.0546    7.92742      4.463    32.6852    24.7817 -9.990e-29
 275.659149      4.485  37.669359    12.0552    7.92081      4.448    32.6850    24.7814 -9.990e-29
 275.659155      4.461  37.669486    12.0557    7.90834      4.424    32.6847    24.7810 -9.990e-29
 275.659161      4.443  37.669638    12.0562    7.91247      4.406    32.6844    24.7807 -9.990e-29
 275.659167      4.437  37.670587    12.0566    7.90984      4.400    32.6850    24.7811 -9.990e-29
 275.659172      4.443  37.670801    12.0564    7.91543      4.406    32.6854    24.7814 -9.990e-29
 275.659178      4.456  37.668888    12.0557    7.91288      4.419    32.6841    24.7806 -9.990e-29
 275.659184      4.470  37.667355    12.0553    7.90940      4.433    32.6830    24.7798 -9.990e-29
 275.659190      4.481  37.667531    12.0555    7.90911      4.444    32.6830    24.7797 -9.990e-29
 275.659196      4.489  37.667973    12.0559    7.91472      4.451    32.6830    24.7797 -9.990e-29
 275.659201      4.495  37.668156    12.0561    7.91441      4.457    32.6830    24.7797 -9.990e-29
 275.659207      4.499  37.668329    12.0563    7.92587      4.461    32.6830    24.7796 -9.990e-29
 275.659213      4.502  37.668729    12.0565    7.92178      4.464    32.6832    24.7798 -9.990e-29
 275.659219      4.504  37.669338    12.0569    7.92517      4.466    32.6835    24.7799 -9.990e-29
 275.659225      4.504  37.669853    12.0574    7.93392      4.466    32.6835    24.7798 -9.990e-29
 275.659230      4.504  37.670406    12.0580    7.93000      4.466    32.6835    24.7797 -9.990e-29
 275.659236      4.502  37.671179    12.0587    7.92598      4.464    32.6837    24.7797 -9.990e-29
 275.659242      4.499  37.671901    12.0591    7.92303      4.461    32.6840    24.7799 -9.990e-29
 275.659248      4.495  37.672415    12.0591    7.91595      4.457    32.6845    24.7803 -9.990e-29
 275.659253      4.493  37.672661    12.0589    7.91395      4.455    32.6849    24.7806 -9.990e-29
 275.659259      4.498  37.672409    12.0589    7.91056      4.460    32.6847    24.7804 -9.990e-29
 275.659265      4.506  37.671700    12.0586    7.91222      4.468    32.6843    24.7802 -9.990e-29
 275.659271      4.514  37.670709    12.0579    7.91901      4.476    32.6839    24.7800 -9.990e-29
 275.659277      4.516  37.669237    12.0577    7.92875      4.478    32.6827    24.7791 -9.990e-29
 275.659282      4.509  37.668127    12.0582    7.92486      4.471    32.6812    24.7778 -9.990e-29
 275.659288      4.498  37.668704    12.0586    7.91828      4.460    32.6814    24.7779 -9.990e-29
 275.659294      4.485  37.670058    12.0587    7.92368      4.448    32.6826    24.7788 -9.990e-29
 275.659300      4.474  37.670629    12.0587    7.91562      4.437    32.6832    24.7793 -9.990e-29
 275.659306      4.469  37.670617    12.0585    7.91687      4.432    32.6833    24.7794 -9.990e-29
 275.659311      4.469  37.670568    12.0582    7.92274      4.432    32.6835    24.7797 -9.990e-29
 275.659317      4.474  37.670418    12.0583    7.90903      4.437    32.6833    24.7795 -9.990e-29
 275.659323      4.485  37.670528    12.0584    7.90903      4.448    32.6833    24.7795 -9.990e-29
 275.659329      4.506  37.671047    12.0585    7.90760      4.468    32.6837    24.7798 -9.990e-29
 275.659334      4.535  37.670983    12.0583    7.90760      4.497    32.6838    24.7799 -9.990e-29
 275.659340      4.556  37.669690    12.0582    7.92699      4.518    32.6827    24.7790 -9.990e-29
 275.659346      4.562  37.668812    12.0590    7.93820      4.524    32.6811    24.7776 -9.990e-29
 275.659352      4.554  37.669420    12.0602    7.94680      4.516    32.6806    24.7770 -9.990e-29
 275.659358      4.535  37.670083    12.0612    7.94548      4.497    32.6804    24.7767 -9.990e-29
 275.659363      4.518  37.670563    12.0625    7.94425      4.480    32.6797    24.7759 -9.990e-29
 275.659369      4.508  37.671504    12.0638    7.93306      4.470    32.6795    24.7755 -9.990e-29
 275.659375      4.502  37.672477    12.0643    7.93619      4.464    32.6800    24.7758 -9.990e-29
 275.659381      4.495  37.673099    12.0640    7.92929      4.457    32.6809    24.7765 -9.990e-29
 275.659387      4.486  37.673639    12.0637    7.93303      4.449    32.6817    24.7772 -9.990e-29
 275.659392      4.476  37.674255    12.0634    7.93432      4.439    32.6825    24.7779 -9.990e-29
 275.659398      4.466  37.674649    12.0633    7.94010      4.429    32.6830    24.7783 -9.990e-29
 275.659404      4.461  37.674784    12.0635    7.94379      4.424    32.6830    24.7782 -9.990e-29
 275.659410      4.462  37.674843    12.0639    7.94218      4.425    32.6827    24.7779 -9.990e-29
 275.659416      4.467  37.674904    12.0647    7.93286      4.430    32.6820    24.7773 -9.990e-29
 275.659421      4.477  37.675050    12.0657    7.92545      4.440    32.6813    24.7765 -9.990e-29
 275.659427      4.497  37.674915    12.0659    7.91970      4.459    32.6810    24.7762 -9.990e-29
 275.659433      4.525  37.674318    12.0653    7.92504      4.487    32.6809    24.7763 -9.990e-29
 275.659439      4.544  37.674150    12.0651    7.93056      4.506    32.6809    24.7763 -9.990e-29
