data/oxygen options/ONMS/Olympic_Coast_National_Marine_Sanctuary_CTD_Data_2005_2023/raw_data/2006/CTD_CA015_060606faed.cnv
* Sea-Bird SBE19 Data File:
* FileName = C:\MOORING_DATA_2006\CTD_CA015_060606.hex
* Software Version 1.1.6
* Temperature SN = 2997
* Conductivity SN = 2997
* System UpLoad Time = Jun 06 2006 18:10:25
* SEACAT PROFILER V3.1c SN 2997   06/06/06  18:09:50.325
* strain gauge pressure sensor: S/N = 184829,  range = 3000 psia,  tc = 40
# nquan = 9                                 
# nvalues = 1189                        
# units = specified
# name 0 = timeJ: Julian Days
# name 1 = prSM: Pressure, Strain Gauge [db]
# name 2 = c0mS/cm: Conductivity [mS/cm]
# name 3 = t090C: Temperature [ITS-90, deg C]
# name 4 = oxML/L: Oxygen, Beckman/YSI [ml/l]
# name 5 = depSM: Depth [salt water, m], lat = 47.5
# name 6 = sal00: Salinity, Practical [PSU]
# name 7 = sigma-é00: Density [sigma-theta, kg/m^3]
# name 8 = flag: flag
# span 0 = 157.734201, 157.741076       
# span 1 =     -5.774,     14.893       
# span 2 =   0.345102,  35.876533       
# span 3 =    11.6526,    15.9220       
# span 4 =   -0.06773,   31.12844       
# span 5 =     -5.726,     14.768       
# span 6 =     0.2057,    31.2516       
# span 7 =    -0.7725,    23.7428       
# span 8 = 0.0000e+00, 0.0000e+00       
# interval = seconds: 0.5
# start_time = Jun 06 2006 17:37:15 [Instrument's time stamp, header]
# bad_flag = -9.990e-29
*END*
[from data line 641]
 157.737911      7.348  34.875756    13.1795    5.73987      7.287    29.1201    21.8087 -9.990e-29
 157.737917      7.358  34.883219    13.1869    5.74240      7.296    29.1213    21.8082 -9.990e-29
 157.737922      7.378  34.890191    13.1904    5.76264      7.316    29.1251    21.8104 -9.990e-29
 157.737928      7.400  34.893633    13.1897    5.77199      7.338    29.1288    21.8134 -9.990e-29
 157.737934      7.412  34.892526    13.1878    5.76760      7.350    29.1292    21.8141 -9.990e-29
 157.737940      7.411  34.888759    13.1876    5.76168      7.349    29.1259    21.8116 -9.990e-29
 157.737946      7.401  34.885720    13.1892    5.75403      7.339    29.1219    21.8082 -9.990e-29
 157.737951      7.390  34.883846    13.1927    5.75028      7.328    29.1175    21.8041 -9.990e-29
 157.737957      7.383  34.883442    13.1977    5.75931      7.321    29.1133    21.7999 -9.990e-29
 157.737963      7.381  34.886213    13.2013    5.76818      7.319    29.1131    21.7991 -9.990e-29
 157.737969      7.386  34.891367    13.2022    5.77828      7.324    29.1172    21.8020 -9.990e-29
 157.737975      7.389  34.894001    13.2033    5.79113      7.327    29.1187    21.8031 -9.990e-29
 157.737980      7.382  34.890334    13.2066    5.78825      7.320    29.1128    21.7979 -9.990e-29
 157.737986      7.365  34.883891    13.2107    5.77004      7.303    29.1037    21.7901 -9.990e-29
 157.737992      7.348  34.878978    13.2135    5.75881      7.287    29.0971    21.7844 -9.990e-29
 157.737998      7.340  34.874092    13.2148    5.74315      7.279    29.0915    21.7799 -9.990e-29
 157.738003      7.340  34.869452    13.2156    5.75261      7.279    29.0866    21.7759 -9.990e-29
 157.738009      7.349  34.871209    13.2146    5.76872      7.288    29.0890    21.7779 -9.990e-29
 157.738015      7.361  34.881705    13.2104    5.77076      7.299    29.1019    21.7887 -9.990e-29
 157.738021      7.370  34.893623    13.2070    5.77314      7.308    29.1156    21.7999 -9.990e-29
 157.738027      7.373  34.898179    13.2083    5.77561      7.311    29.1188    21.8021 -9.990e-29
 157.738032      7.368  34.894716    13.2128    5.77375      7.306    29.1121    21.7962 -9.990e-29
 157.738038      7.360  34.888710    13.2173    5.77150      7.298    29.1032    21.7883 -9.990e-29
 157.738044      7.357  34.884492    13.2201    5.76258      7.295    29.0971    21.7831 -9.990e-29
 157.738050      7.364  34.883731    13.2198    5.74348      7.302    29.0966    21.7828 -9.990e-29
 157.738056      7.375  34.888217    13.2158    5.73939      7.313    29.1038    21.7892 -9.990e-29
 157.738061      7.389  34.897202    13.2112    5.73264      7.327    29.1157    21.7992 -9.990e-29
 157.738067      7.405  34.904718    13.2079    5.75233      7.343    29.1251    21.8071 -9.990e-29
 157.738073      7.420  34.907328    13.2059    5.77044      7.358    29.1291    21.8106 -9.990e-29
 157.738079      7.427  34.906827    13.2062    5.77479      7.365    29.1284    21.8100 -9.990e-29
 157.738084      7.422  34.904229    13.2093    5.78773      7.360    29.1236    21.8057 -9.990e-29
 157.738090      7.409  34.898873    13.2141    5.78382      7.347    29.1150    21.7981 -9.990e-29
 157.738096      7.396  34.892030    13.2191    5.77068      7.334    29.1048    21.7893 -9.990e-29
 157.738102      7.391  34.885232    13.2245    5.75247      7.329    29.0944    21.7802 -9.990e-29
 157.738108      7.396  34.877831    13.2290    5.74882      7.334    29.0841    21.7714 -9.990e-29
 157.738113      7.409  34.871735    13.2289    5.75182      7.347    29.0786    21.7671 -9.990e-29
 157.738119      7.421  34.873959    13.2231    5.75071      7.359    29.0851    21.7733 -9.990e-29
 157.738125      7.430  34.886347    13.2155    5.76801      7.368    29.1023    21.7880 -9.990e-29
 157.738131      7.435  34.899618    13.2110    5.77192      7.373    29.1180    21.8010 -9.990e-29
 157.738137      7.433  34.905109    13.2111    5.79367      7.371    29.1230    21.8049 -9.990e-29
 157.738142      7.419  34.902289    13.2153    5.78435      7.357    29.1172    21.7996 -9.990e-29
 157.738148      7.397  34.895808    13.2211    5.76611      7.335    29.1068    21.7904 -9.990e-29
 157.738154      7.374  34.889923    13.2255    5.75160      7.312    29.0980    21.7828 -9.990e-29
 157.738160      7.361  34.885760    13.2280    5.73658      7.299    29.0922    21.7779 -9.990e-29
 157.738166      7.370  34.882819    13.2291    5.73579      7.308    29.0887    21.7749 -9.990e-29
 157.738171      7.402  34.881669    13.2270    5.73834      7.340    29.0892    21.7757 -9.990e-29
 157.738177      7.446  34.885261    13.2194    5.75060      7.384    29.0983    21.7842 -9.990e-29
 157.738183      7.487  34.896141    13.2103    5.77130      7.424    29.1153    21.7991 -9.990e-29
 157.738189      7.512  34.908066    13.2081    5.78576      7.449    29.1280    21.8093 -9.990e-29
 157.738194      7.513  34.910012    13.2141    5.79227      7.450    29.1253    21.8060 -9.990e-29
 157.738200      7.495  34.902330    13.2224    5.79498      7.432    29.1118    21.7940 -9.990e-29
 157.738206      7.465  34.892721    13.2291    5.79452      7.403    29.0978    21.7820 -9.990e-29
 157.738212      7.433  34.885762    13.2330    5.79136      7.371    29.0884    21.7739 -9.990e-29
 157.738218      7.412  34.880587    13.2348    5.77938      7.350    29.0823    21.7688 -9.990e-29
 157.738223      7.403  34.876468    13.2349    5.75966      7.341    29.0784    21.7658 -9.990e-29
 157.738229      7.406  34.876326    13.2325    5.73873      7.344    29.0801    21.7676 -9.990e-29
 157.738235      7.417  34.880532    13.2277    5.73693      7.355    29.0876    21.7744 -9.990e-29
 157.738241      7.432  34.887403    13.2221    5.74375      7.370    29.0983    21.7836 -9.990e-29
 157.738247      7.453  34.894884    13.2174    5.75324      7.391    29.1088    21.7927 -9.990e-29
 157.738252      7.472  34.901172    13.2146    5.75985      7.410    29.1167    21.7993 -9.990e-29
 157.738258      7.477  34.905116    13.2134    5.76041      7.414    29.1213    21.8031 -9.990e-29
 157.738264      7.469  34.905242    13.2134    5.76567      7.407    29.1214    21.8032 -9.990e-29
 157.738270      7.457  34.902279    13.2143    5.76668      7.395    29.1180    21.8004 -9.990e-29
 157.738275      7.447  34.897885    13.2162    5.76086      7.385    29.1125    21.7957 -9.990e-29
 157.738281      7.447  34.891249    13.2183    5.75603      7.385    29.1047    21.7894 -9.990e-29
 157.738287      7.458  34.887544    13.2187    5.74720      7.396    29.1010    21.7864 -9.990e-29
 157.738293      7.472  34.893048    13.2176    5.75465      7.410    29.1069    21.7912 -9.990e-29
 157.738299      7.485  34.901077    13.2167    5.75945      7.422    29.1150    21.7976 -9.990e-29
 157.738304      7.498  34.904951    13.2164    5.76797      7.435    29.1188    21.8006 -9.990e-29
 157.738310      7.508  34.905349    13.2168    5.77045      7.445    29.1189    21.8006 -9.990e-29
 157.738316      7.507  34.902803    13.2184    5.76742      7.444    29.1153    21.7975 -9.990e-29
 157.738322      7.494  34.898402    13.2208    5.76656      7.431    29.1094    21.7925 -9.990e-29
 157.738328      7.483  34.894690    13.2229    5.76379      7.420    29.1044    21.7882 -9.990e-29
 157.738333      7.480  34.892328    13.2237    5.76960      7.417    29.1016    21.7859 -9.990e-29
 157.738339      7.481  34.891533    13.2232    5.77163      7.418    29.1012    21.7857 -9.990e-29
 157.738345      7.482  34.892926    13.2225    5.77849      7.419    29.1030    21.7873 -9.990e-29
 157.738351      7.482  34.894440    13.2226    5.77989      7.419    29.1044    21.7883 -9.990e-29
 157.738356      7.483  34.894166    13.2235    5.76764      7.420    29.1034    21.7874 -9.990e-29
 157.738362      7.484  34.892861    13.2239    5.75205      7.421    29.1019    21.7861 -9.990e-29
 157.738368      7.489  34.892710    13.2226    5.73777      7.426    29.1028    21.7870 -9.990e-29
 157.738374      7.504  34.895197    13.2200    5.74349      7.441    29.1070    21.7908 -9.990e-29
 157.738380      7.524  34.898588    13.2178    5.75290      7.461    29.1119    21.7950 -9.990e-29
 157.738385      7.546  34.900115    13.2168    5.75364      7.483    29.1140    21.7968 -9.990e-29
 157.738391      7.573  34.900131    13.2166    5.76086      7.510    29.1142    21.7970 -9.990e-29
 157.738397      7.597  34.900152    13.2168    5.75927      7.533    29.1140    21.7968 -9.990e-29
 157.738403      7.607  34.900206    13.2177    5.76074      7.543    29.1134    21.7962 -9.990e-29
 157.738409      7.603  34.899617    13.2192    5.76210      7.539    29.1117    21.7946 -9.990e-29
 157.738414      7.595  34.898161    13.2209    5.76477      7.531    29.1091    21.7922 -9.990e-29
 157.738420      7.584  34.895957    13.2225    5.76585      7.521    29.1058    21.7894 -9.990e-29
 157.738426      7.572  34.893991    13.2235    5.76702      7.509    29.1032    21.7872 -9.990e-29
 157.738432      7.561  34.893569    13.2238    5.77093      7.498    29.1026    21.7867 -9.990e-29
 157.738438      7.555  34.893570    13.2237    5.77082      7.492    29.1027    21.7868 -9.990e-29
 157.738443      7.550  34.893438    13.2236    5.77048      7.487    29.1026    21.7867 -9.990e-29
 157.738449      7.540  34.893556    13.2241    5.77527      7.477    29.1024    21.7864 -9.990e-29
 157.738455      7.529  34.892962    13.2259    5.76088      7.466    29.1005    21.7846 -9.990e-29
 157.738461      7.522  34.891427    13.2287    5.75559      7.459    29.0969    21.7813 -9.990e-29
 157.738466      7.517  34.889149    13.2307    5.76078      7.454    29.0933    21.7781 -9.990e-29
 157.738472      7.515  34.888700    13.2312    5.75560      7.452    29.0925    21.7774 -9.990e-29
 157.738478      7.514  34.891165    13.2318    5.76918      7.451    29.0943    21.7787 -9.990e-29
 157.738484      7.516  34.891982    13.2322    5.76749      7.453    29.0947    21.7790 -9.990e-29
 157.738490      7.519  34.890558    13.2308    5.77319      7.456    29.0945    21.7791 -9.990e-29
 157.738495      7.521  34.890603    13.2285    5.77359      7.458    29.0963    21.7809 -9.990e-29
 157.738501      7.513  34.891619    13.2287    5.76818      7.450    29.0971    21.7815 -9.990e-29
 157.738507      7.494  34.889913    13.2324    5.77376      7.431    29.0927    21.7774 -9.990e-29
 157.738513      7.466  34.886014    13.2364    5.77661      7.404    29.0860    21.7715 -9.990e-29
 157.738519      7.430  34.883697    13.2384    5.78467      7.368    29.0824    21.7682 -9.990e-29
 157.738524      7.385  34.883801    13.2389    5.80590      7.323    29.0821    21.7679 -9.990e-29
 157.738530      7.330  34.884786    13.2394    5.82700      7.269    29.0826    21.7683 -9.990e-29
 157.738536      7.253  34.884040    13.2415    5.82821      7.192    29.0804    21.7661 -9.990e-29
 157.738542      7.148  34.880570    13.2466    5.82086      7.088    29.0733    21.7597 -9.990e-29
 157.738547      7.018  34.874796    13.2565    5.83194      6.959    29.0605    21.7479 0.0000e+00
 157.738553      6.867  34.866312    13.2702    5.90078      6.810    29.0422    21.7311 0.0000e+00
 157.738559      6.707  34.854464    13.2851    5.97296      6.651    29.0200    21.7111 0.0000e+00
 157.738565      6.545  34.837480    13.3002    6.07807      6.490    28.9929    21.6873 0.0000e+00
 157.738571      6.374  34.819077    13.3163    6.20997      6.321    28.9637    21.6616 0.0000e+00
 157.738576      6.184  34.806124    13.3436    6.28954      6.132    28.9311    21.6312 0.0000e+00
 157.738582      5.968  34.793694    13.4103    6.26309      5.918    28.8693    21.5706 0.0000e+00
 157.738588      5.727  34.769141    13.5417    6.20502      5.679    28.7478    21.4514 0.0000e+00
 157.738594      5.478  34.730014    13.7153    6.17067      5.432    28.5822    21.2898 0.0000e+00
 157.738600      5.235  34.684718    13.8666    6.27142      5.191    28.4288    21.1418 0.0000e+00
 157.738605      5.002  34.635131    13.9650    6.53559      4.960    28.3114    21.0319 0.0000e+00
 157.738611      4.783  34.583024    14.0297    6.69419      4.743    28.2168    20.9463 0.0000e+00
 157.738617      4.581  34.545311    14.0753    6.73874      4.543    28.1495    20.8854 0.0000e+00
 157.738623      4.391  34.528919    14.1257    6.65808      4.354    28.0981    20.8357 0.0000e+00
 157.738628      4.205  34.515930    14.2484    6.57839      4.170    27.9974    20.7338 0.0000e+00
 157.738634      4.025  34.482299    14.4774    6.57157      3.991    27.8025    20.5378 0.0000e+00
 157.738640      3.857  34.417954    14.7413    6.61745      3.825    27.5576    20.2960 0.0000e+00
 157.738646      3.710  34.341420    14.9393    6.65065      3.679    27.3508    20.0965 -9.990e-29
 157.738652      3.593  34.283591    15.0271    6.68278      3.563    27.2387    19.9923 -9.990e-29
 157.738657      3.499  34.265544    15.0405    6.67725      3.470    27.2135    19.9702 -9.990e-29
 157.738663      3.416  34.267738    15.0462    6.64042      3.387    27.2115    19.9675 -9.990e-29
 157.738669      3.345  34.258344    15.0689    6.67048      3.317    27.1876    19.9444 -9.990e-29
 157.738675      3.289  34.249503    15.1091    6.72877      3.262    27.1520    19.9088 -9.990e-29
 157.738681      3.253  34.250735    15.1544    6.80220      3.226    27.1217    19.8762 -9.990e-29
 157.738686      3.234  34.251352    15.1884    6.82216      3.207    27.0988    19.8515 -9.990e-29
 157.738692      3.220  34.241530    15.2239    6.78654      3.193    27.0657    19.8188 -9.990e-29
 157.738698      3.200  34.224444    15.2877    6.74422      3.173    27.0069    19.7604 -9.990e-29
 157.738704      3.177  34.212645    15.3852    6.74284      3.150    26.9299    19.6809 -9.990e-29
 157.738709      3.159  34.204981    15.4922    6.75882      3.133    26.8502    19.5974 -9.990e-29
 157.738715      3.152  34.199096    15.5753    6.77344      3.126    26.7887    19.5328 -9.990e-29
 157.738721      3.153  34.193889    15.6146    6.76952      3.127    26.7576    19.5006 -9.990e-29
 157.738727      3.148  34.186365    15.6213    6.74250      3.122    26.7465    19.4907 -9.990e-29
 157.738733      3.137  34.178282    15.6211    6.70933      3.111    26.7396    19.4855 -9.990e-29
 157.738738      3.128  34.176811    15.6318    6.69111      3.102    26.7311    19.4767 -9.990e-29
 157.738744      3.129  34.183354    15.6573    6.68316      3.103    26.7196    19.4625 -9.990e-29
 157.738750      3.139  34.190374    15.6841    6.69720      3.113    26.7076    19.4476 -9.990e-29
 157.738756      3.152  34.195459    15.7002    6.71389      3.126    26.7011    19.4393 -9.990e-29
 157.738762      3.159  34.198665    15.7044    6.71187      3.133    26.7010    19.4383 -9.990e-29
 157.738767      3.153  34.196423    15.7003    6.69317      3.127    26.7019    19.4398 -9.990e-29
 157.738773      3.132  34.189672    15.6952    6.67470      3.106    26.6995    19.4391 -9.990e-29
 157.738779      3.108  34.185674    15.6942    6.65937      3.082    26.6967    19.4371 -9.990e-29
 157.738785      3.098  34.189192    15.6988    6.67468      3.072    26.6966    19.4361 -9.990e-29
 157.738791      3.108  34.196505    15.7074    6.68199      3.082    26.6972    19.4347 -9.990e-29
 157.738796      3.131  34.200543    15.7136    6.68747      3.105    26.6965    19.4329 -9.990e-29
 157.738802      3.155  34.200524    15.7137    6.69203      3.129    26.6964    19.4328 -9.990e-29
 157.738808      3.175  34.196985    15.7114    6.69808      3.148    26.6949    19.4321 -9.990e-29
 157.738814      3.185  34.190818    15.7108    6.70193      3.158    26.6899    19.4285 -9.990e-29
 157.738819      3.188  34.187259    15.7134    6.69638      3.161    26.6851    19.4242 -9.990e-29
 157.738825      3.183  34.188852    15.7189    6.68321      3.156    26.6828    19.4213 -9.990e-29
