data/oxygen options/ONMS/Olympic_Coast_National_Marine_Sanctuary_CTD_Data_2005_2023/raw_data/2006/CTD_CE042_050406faed.cnv
* Sea-Bird SBE19 Data File:
* FileName = C:\MOORING_DATA_2006\CTD_CE042_050406.hex
* Software Version 1.1.6
* Temperature SN = 2997
* Conductivity SN = 2997
* System UpLoad Time = May 04 2006 14:16:48
** CE042_FL&DO COMPARISON
* SEACAT PROFILER V3.1c SN 2997   05/04/06  14:15:28.291
# nquan = 9                                 
# nvalues = 2356                        
# units = specified
# name 0 = timeJ: Julian Days
# name 1 = prSM: Pressure, Strain Gauge [db]
# name 2 = c0mS/cm: Conductivity [mS/cm]
# name 3 = t090C: Temperature [ITS-90, deg C]
# name 4 = oxML/L: Oxygen, Beckman/YSI [ml/l]
# name 5 = depSM: Depth [salt water, m], lat = 47.5
# name 6 = sal00: Salinity, Practical [PSU]
# name 7 = sigma-é00: Density [sigma-theta, kg/m^3]
# name 8 = flag: flag
# span 0 = 124.578264, 124.591892       
# span 1 =     -5.392,     33.783       
# span 2 =   0.558130,  36.867836       
# span 3 =     8.6814,    14.7245       
# span 4 =  -13.85458,   44.12390       
# span 5 =     -5.347,     33.498       
# span 6 =     0.3660,    33.4645       
# span 7 =    -0.2857,    25.9660       
# span 8 = 0.0000e+00, 0.0000e+00       
# interval = seconds: 0.5
# start_time = May 04 2006 13:52:42 [Instrument's time stamp, header]
# bad_flag = -9.990e-29
*END*
[from data line 1761]
 124.588455      0.235   1.742402    10.7500   -0.08655      0.233     1.2387     0.6027 -9.990e-29
 124.588461      0.245   1.658973    10.7985   -0.07459      0.243     1.1749     0.5479 -9.990e-29
 124.588466      0.258   1.633092    10.8360   -0.07467      0.256     1.1545     0.5281 -9.990e-29
 124.588472      0.273   1.750722    10.8535   -0.07481      0.271     1.2415     0.5943 -9.990e-29
 124.588478      0.292   2.205899    10.8567   -0.07506      0.290     1.5836     0.8612 -9.990e-29
 124.588484      0.316   3.149589    10.8532   -0.07515      0.313     2.3082     1.4267 -9.990e-29
 124.588490      0.342   4.115338    10.8478   -0.07522      0.339     3.0669     2.0182 -9.990e-29
 124.588495      0.364   4.697460    10.8439   -0.07524      0.361     3.5313     2.3801 -9.990e-29
 124.588501      0.379   5.058912    10.8421   -0.07525      0.376     3.8220     2.6064 -9.990e-29
 124.588507      0.386   5.211664    10.8399   -0.07532      0.383     3.9456     2.7027 -9.990e-29
 124.588513      0.388   5.203212    10.8362   -0.07539      0.385     3.9391     2.6981 -9.990e-29
 124.588519      0.384   5.046804    10.8319   -0.07548      0.381     3.8133     2.6008 -9.990e-29
 124.588524      0.373   4.749165    10.8274   -0.07557      0.370     3.5744     2.4154 -9.990e-29
 124.588530      0.360   4.432923    10.8239   -0.07552      0.357     3.3216     2.2191 -9.990e-29
 124.588536      0.348   4.072360    10.8221   -0.07552      0.345     3.0349     1.9961 -9.990e-29
 124.588542      0.336   3.689869    10.8200   -0.07555      0.333     2.7330     1.7612 -9.990e-29
 124.588547      0.327   3.387482    10.8164   -0.07558      0.324     2.4960     1.5769 -9.990e-29
 124.588553      0.321   3.198873    10.8118   -0.07564      0.318     2.3491     1.4630 -9.990e-29
 124.588559      0.314   3.088731    10.8068   -0.07571      0.311     2.2638     1.3969 -9.990e-29
 124.588565      0.309   2.998552    10.8025   -0.07576      0.306     2.1941     1.3430 -9.990e-29
 124.588571      0.310   2.877554    10.7981   -0.07581      0.307     2.1006     1.2707 -9.990e-29
 124.588576      0.313   2.719974    10.7921   -0.07585      0.310     1.9794     1.1767 -9.990e-29
 124.588582      0.314   2.560705    10.7855   -0.07588      0.311     1.8574     1.0822 -9.990e-29
 124.588588      0.317   2.469027    10.7796   -0.07589      0.314     1.7874     1.0282 -9.990e-29
 124.588594      0.326   2.464906    10.7742   -0.07591      0.323     1.7845     1.0265 -9.990e-29
 124.588600      0.338   2.473973    10.7688   -0.07592      0.335     1.7917     1.0327 -9.990e-29
 124.588605      0.346   2.441667    10.7634   -0.07590      0.343     1.7673     1.0142 -9.990e-29
 124.588611      0.349   2.369348    10.7590   -0.07591      0.346     1.7122     0.9717 -9.990e-29
 124.588617      0.352   2.263904    10.7558   -0.07591      0.349     1.6320     0.9094 -9.990e-29
 124.588623      0.351   2.139148    10.7527   -0.07592      0.348     1.5374     0.8358 -9.990e-29
 124.588628      0.342   2.014232    10.7498   -0.07593      0.339     1.4430     0.7624 -9.990e-29
 124.588634      0.328   1.900864    10.7483   -0.07594      0.325     1.3576     0.6958 -9.990e-29
 124.588640      0.317   1.807255    10.7492   -0.07590      0.314     1.2873     0.6408 -9.990e-29
 124.588646      0.313   1.735189    10.7528   -0.07588      0.310     1.2332     0.5982 -9.990e-29
 124.588652      0.311   1.676307    10.7596   -0.07586      0.308     1.1890     0.5629 -9.990e-29
 124.588657      0.306   1.620943    10.7678   -0.07584      0.303     1.1475     0.5297 -9.990e-29
 124.588663      0.303   1.565788    10.7735   -0.07580      0.300     1.1064     0.4969 -9.990e-29
 124.588669      0.302   1.515582    10.7760   -0.07579      0.299     1.0691     0.4675 -9.990e-29
 124.588675      0.297   1.476661    10.7775   -0.07574      0.295     1.0402     0.4448 -9.990e-29
 124.588681      0.294   1.447651    10.7801   -0.07570      0.292     1.0187     0.4277 -9.990e-29
 124.588686      0.296   1.420403    10.7872   -0.07565      0.294     0.9984     0.4111 -9.990e-29
 124.588692      0.299   1.390785    10.7994   -0.07560      0.297     0.9763     0.3925 -9.990e-29
 124.588698      0.298   1.362049    10.8131   -0.07539      0.296     0.9548     0.3743 -9.990e-29
 124.588704      0.295   1.338066    10.8269   -0.07527      0.293     0.9368     0.3589 -9.990e-29
 124.588709      0.288   1.318323    10.8420   -0.07524      0.286     0.9219     0.3457 -9.990e-29
 124.588715      0.282   1.299825    10.8585   -0.07512      0.280     0.9080     0.3331 -9.990e-29
 124.588721      0.280   1.279371    10.8766   -0.07502      0.278     0.8926     0.3192 -9.990e-29
 124.588727      0.279   1.255209    10.8975   -0.07499      0.277     0.8744     0.3029 -9.990e-29
 124.588733      0.273   1.230453    10.9222   -0.07496      0.271     0.8558     0.2858 -9.990e-29
 124.588738      0.266   1.210393    10.9533   -0.07492      0.264     0.8405     0.2707 -9.990e-29
 124.588744      0.263   1.195479    10.9990   -0.07485      0.261     0.8286     0.2567 -9.990e-29
 124.588750      0.263   1.180814    11.0591   -0.07482      0.261     0.8167     0.2411 -9.990e-29
 124.588756      0.266   1.162386    11.1149   -0.07468      0.264     0.8022     0.2239 -9.990e-29
 124.588762      0.272   1.142820    11.1593   -0.07464      0.270     0.7871     0.2075 -9.990e-29
 124.588767      0.279   1.128773    11.2019   -0.07465      0.277     0.7761     0.1944 -9.990e-29
 124.588773      0.280   1.120944    11.2408   -0.07468      0.278     0.7697     0.1852 -9.990e-29
 124.588779      0.282   1.112778    11.2696   -0.07470      0.280     0.7632     0.1771 -9.990e-29
 124.588785      0.288   1.101160    11.2926   -0.07472      0.286     0.7544     0.1678 -9.990e-29
 124.588791      0.294   1.088912    11.3170   -0.07472      0.292     0.7452     0.1579 -9.990e-29
 124.588796      0.298   1.078020    11.3446   -0.07472      0.296     0.7369     0.1484 -9.990e-29
 124.588802      0.302   1.067837    11.3760   -0.07473      0.299     0.7290     0.1389 -9.990e-29
 124.588808      0.308   1.057552    11.4087   -0.07475      0.305     0.7210     0.1291 -9.990e-29
 124.588814      0.311   1.047324    11.4307   -0.07478      0.308     0.7133     0.1207 -9.990e-29
 124.588819      0.316   1.037393    11.4368   -0.07480      0.313     0.7061     0.1144 -9.990e-29
 124.588825      0.328   1.027838    11.4338   -0.07479      0.325     0.6994     0.1095 -9.990e-29
 124.588831      0.342   1.018126    11.4279   -0.07470      0.339     0.6926     0.1048 -9.990e-29
 124.588837      0.352   1.006963    11.4227   -0.07467      0.349     0.6848     0.0993 -9.990e-29
 124.588843      0.354   0.995560    11.4194   -0.07468      0.351     0.6767     0.0934 -9.990e-29
 124.588848      0.352   0.987582    11.4163   -0.07466      0.349     0.6711     0.0893 -9.990e-29
 124.588854      0.350   0.983491    11.4117   -0.07459      0.347     0.6683     0.0876 -9.990e-29
 124.588860      0.349   0.980055    11.4046   -0.07458      0.346     0.6660     0.0866 -9.990e-29
 124.588866      0.347   0.975465    11.3965   -0.07458      0.344     0.6629     0.0850 -9.990e-29
 124.588872      0.341   0.972481    11.3931   -0.07455      0.338     0.6608     0.0838 -9.990e-29
 124.588877      0.331   0.974894    11.4016   -0.07449      0.328     0.6624     0.0841 -9.990e-29
 124.588883      0.323   0.979818    11.4198   -0.07447      0.320     0.6655     0.0846 -9.990e-29
 124.588889      0.319   0.980501    11.4355   -0.07451      0.316     0.6658     0.0830 -9.990e-29
 124.588895      0.312   0.975635    11.4462   -0.07450      0.309     0.6621     0.0790 -9.990e-29
 124.588900      0.308   0.968722    11.4595   -0.07445      0.305     0.6570     0.0736 -9.990e-29
 124.588906      0.306   0.962756    11.4757   -0.07441      0.303     0.6525     0.0683 -9.990e-29
 124.588912      0.300   0.958105    11.4882   -0.07435      0.297     0.6490     0.0642 -9.990e-29
 124.588918      0.296   0.954117    11.4971   -0.07425      0.294     0.6460     0.0609 -9.990e-29
 124.588924      0.297   0.952692    11.5086   -0.07413      0.295     0.6448     0.0587 -9.990e-29
 124.588929      0.304   0.956367    11.5222   -0.07403      0.301     0.6472     0.0590 -9.990e-29
 124.588935      0.316   0.962831    11.5303   -0.07382      0.313     0.6516     0.0616 -9.990e-29
 124.588941      0.331   0.967382    11.5319   -0.07359      0.328     0.6548     0.0639 -9.990e-29
 124.588947      0.340   0.970540    11.5365   -0.07344      0.337     0.6569     0.0651 -9.990e-29
 124.588953      0.340   0.977627    11.5497   -0.07335      0.337     0.6617     0.0674 -9.990e-29
 124.588958      0.336   0.990879    11.5716   -0.07339      0.333     0.6707     0.0720 -9.990e-29
 124.588964      0.335   1.005769    11.6030   -0.07341      0.332     0.6807     0.0763 -9.990e-29
 124.588970      0.342   1.017732    11.6440   -0.07339      0.339     0.6884     0.0778 -9.990e-29
 124.588976      0.357   1.030513    11.6881   -0.07333      0.354     0.6966     0.0792 -9.990e-29
 124.588981      0.376   1.057267    11.7276   -0.07334      0.373     0.7148     0.0890 -9.990e-29
 124.588987      0.394   1.128673    11.7645   -0.07341      0.391     0.7646     0.1237 -9.990e-29
 124.588993      0.406   1.301093    11.8041   -0.07346      0.403     0.8863     0.2142 -9.990e-29
 124.588999      0.413   1.580736    11.8421   -0.07347      0.410     1.0861     0.3655 -9.990e-29
 124.589005      0.415   1.859175    11.8711   -0.07339      0.412     1.2871     0.5187 -9.990e-29
 124.589010      0.413   2.036864    11.8897   -0.07336      0.410     1.4163     0.6171 -9.990e-29
 124.589016      0.403   2.093632    11.8989   -0.07340      0.400     1.4576     0.6482 -9.990e-29
 124.589022      0.384   2.053522    11.8982   -0.07341      0.381     1.4282     0.6254 -9.990e-29
 124.589028      0.366   2.006882    11.8873   -0.07340      0.363     1.3944     0.6004 -9.990e-29
 124.589034      0.354   2.047016    11.8731   -0.07338      0.351     1.4243     0.6253 -9.990e-29
 124.589039      0.343   2.155799    11.8672   -0.07337      0.340     1.5045     0.6884 -9.990e-29
 124.589045      0.336   2.218933    11.8760   -0.07336      0.333     1.5506     0.7233 -9.990e-29
 124.589051      0.337   2.166769    11.8996   -0.07334      0.334     1.5113     0.6899 -9.990e-29
 124.589057      0.341   2.035827    11.9315   -0.07330      0.338     1.4140     0.6104 -9.990e-29
 124.589063      0.344   1.892537    11.9574   -0.07322      0.341     1.3084     0.5253 -9.990e-29
 124.589068      0.348   1.769627    11.9712   -0.07305      0.345     1.2187     0.4538 -9.990e-29
 124.589074      0.347   1.667569    11.9818   -0.07283      0.344     1.1446     0.3949 -9.990e-29
 124.589080      0.342   1.579647    11.9951   -0.07272      0.339     1.0809     0.3437 -9.990e-29
 124.589086      0.337   1.501334    12.0089   -0.07263      0.334     1.0243     0.2981 -9.990e-29
 124.589091      0.331   1.434243    12.0214   -0.07259      0.328     0.9760     0.2590 -9.990e-29
 124.589097      0.328   1.382735    12.0349   -0.07263      0.325     0.9390     0.2285 -9.990e-29
 124.589103      0.332   1.345852    12.0533   -0.07265      0.329     0.9123     0.2056 -9.990e-29
 124.589109      0.340   1.319935    12.0799   -0.07265      0.337     0.8933     0.1877 -9.990e-29
 124.589115      0.343   1.304844    12.1169   -0.07263      0.340     0.8817     0.1743 -9.990e-29
 124.589120      0.342   1.310987    12.1639   -0.07264      0.339     0.8850     0.1713 -9.990e-29
 124.589126      0.344   1.370976    12.2150   -0.07268      0.341     0.9262     0.1973 -9.990e-29
 124.589132      0.351   1.503741    12.2611   -0.07271      0.348     1.0193     0.2643 -9.990e-29
 124.589138      0.353   1.650933    12.2967   -0.07273      0.350     1.1233     0.3409 -9.990e-29
 124.589144      0.347   1.744562    12.3206   -0.07275      0.344     1.1896     0.3896 -9.990e-29
 124.589149      0.337   1.776778    12.3344   -0.07279      0.334     1.2123     0.4055 -9.990e-29
 124.589155      0.327   1.748896    12.3439   -0.07284      0.324     1.1920     0.3886 -9.990e-29
 124.589161      0.311   1.673709    12.3538   -0.07286      0.308     1.1378     0.3453 -9.990e-29
 124.589167      0.288   1.586436    12.3626   -0.07287      0.286     1.0753     0.2956 -9.990e-29
 124.589172      0.270   1.510062    12.3662   -0.07287      0.268     1.0210     0.2529 -9.990e-29
 124.589178      0.264   1.447125    12.3636   -0.07286      0.262     0.9764     0.2185 -9.990e-29
 124.589184      0.266   1.390313    12.3585   -0.07286      0.264     0.9364     0.1880 -9.990e-29
 124.589190      0.271   1.335487    12.3527   -0.07287      0.269     0.8979     0.1587 -9.990e-29
 124.589196      0.279   1.285590    12.3442   -0.07288      0.277     0.8629     0.1326 -9.990e-29
 124.589201      0.292   1.245697    12.3320   -0.07286      0.290     0.8352     0.1124 -9.990e-29
 124.589207      0.305   1.215902    12.3201   -0.07285      0.302     0.8145     0.0978 -9.990e-29
 124.589213      0.312   1.190336    12.3130   -0.07283      0.309     0.7968     0.0848 -9.990e-29
 124.589219      0.312   1.163217    12.3111   -0.07285      0.309     0.7778     0.0703 -9.990e-29
 124.589225      0.314   1.134462    12.3124   -0.07287      0.311     0.7577     0.0544 -9.990e-29
 124.589230      0.319   1.108468    12.3146   -0.07288      0.316     0.7395     0.0400 -9.990e-29
 124.589236      0.317   1.087206    12.3163   -0.07286      0.314     0.7247     0.0282 -9.990e-29
 124.589242      0.309   1.068966    12.3181   -0.07285      0.306     0.7119     0.0181 -9.990e-29
 124.589248      0.303   1.052182    12.3221   -0.07280      0.300     0.7002     0.0085 -9.990e-29
 124.589253      0.298   1.034455    12.3287   -0.07279      0.296     0.6877    -0.0020 -9.990e-29
 124.589259      0.290   1.013793    12.3356   -0.07279      0.288     0.6733    -0.0141 -9.990e-29
 124.589265      0.283   0.993170    12.3395   -0.07281      0.281     0.6589    -0.0258 -9.990e-29
 124.589271      0.280   0.976722    12.3387   -0.07282      0.278     0.6475    -0.0345 -9.990e-29
 124.589277      0.281   0.964162    12.3358   -0.07283      0.279     0.6389    -0.0409 -9.990e-29
 124.589282      0.287   0.953170    12.3356   -0.07283      0.285     0.6313    -0.0468 -9.990e-29
 124.589288      0.293   0.944076    12.3402   -0.07282      0.291     0.6250    -0.0523 -9.990e-29
 124.589294      0.296   0.938072    12.3496   -0.07280      0.294     0.6207    -0.0568 -9.990e-29
 124.589300      0.300   0.933258    12.3616   -0.07279      0.297     0.6171    -0.0610 -9.990e-29
 124.589306      0.309   0.927654    12.3698   -0.07277      0.306     0.6131    -0.0651 -9.990e-29
 124.589311      0.324   0.922668    12.3717   -0.07276      0.321     0.6097    -0.0680 -9.990e-29
 124.589317      0.342   0.918867    12.3702   -0.07277      0.339     0.6071    -0.0698 -9.990e-29
 124.589323      0.356   0.912294    12.3679   -0.07279      0.353     0.6026    -0.0731 -9.990e-29
 124.589329      0.366   0.900847    12.3667   -0.07278      0.363     0.5947    -0.0790 -9.990e-29
 124.589334      0.377   0.889237    12.3684   -0.07276      0.374     0.5867    -0.0855 -9.990e-29
 124.589340      0.385   0.880852    12.3734   -0.07277      0.382     0.5809    -0.0906 -9.990e-29
 124.589346      0.388   0.872282    12.3806   -0.07279      0.385     0.5749    -0.0962 -9.990e-29
 124.589352      0.388   0.861536    12.3885   -0.07280      0.385     0.5674    -0.1030 -9.990e-29
 124.589358      0.392   0.852043    12.3953   -0.07280      0.389     0.5608    -0.1089 -9.990e-29
 124.589363      0.393   0.845574    12.3987   -0.07278      0.390     0.5563    -0.1128 -9.990e-29
 124.589369      0.390   0.839606    12.3980   -0.07277      0.387     0.5522    -0.1159 -9.990e-29
