data/oxygen options/ONMS/Olympic_Coast_National_Marine_Sanctuary_CTD_Data_2005_2023/raw_data/2006/CTD_CE042_082506faed.cnv
* Sea-Bird SBE19 Data File:
* FileName = C:\MOORING_DATA_2006\CTD_CE042_082506.hex
* Software Version 1.1.6
* Temperature SN = 2997
* Conductivity SN = 2997
* System UpLoad Time = Sep 25 2006 14:26:30
* SEACAT PROFILER V3.1c SN 2997   09/25/06  14:27:37.462
* strain gauge pressure sensor: S/N = 184829,  range = 3000 psia,  tc = 40
# nquan = 9                                 
# nvalues = 1702                        
# units = specified
# name 0 = timeJ: Julian Days
# name 1 = prSM: Pressure, Strain Gauge [db]
# name 2 = c0mS/cm: Conductivity [mS/cm]
# name 3 = t090C: Temperature [ITS-90, deg C]
# name 4 = oxML/L: Oxygen, Beckman/YSI [ml/l]
# name 5 = depSM: Depth [salt water, m], lat = 47.5
# name 6 = sal00: Salinity, Practical [PSU]
# name 7 = sigma-é00: Density [sigma-theta, kg/m^3]
# name 8 = flag: flag
# span 0 = 268.579410, 268.589253       
# span 1 =     -3.062,     49.017       
# span 2 =   2.079173,  37.745904       
# span 3 =     7.7255,    14.7248       
# span 4 =   -0.05749,   30.25342       
# span 5 =     -3.036,     48.602       
# span 6 =     1.3472,    33.8076       
# span 7 =     0.1939,    26.3770       
# span 8 = 0.0000e+00, 0.0000e+00       
# interval = seconds: 0.5
# start_time = Sep 25 2006 13:54:21 [Instrument's time stamp, header]
# bad_flag = -9.990e-29
*END*
 268.579410     -3.047 -9.990e-29    14.4280   -0.05717     -3.022 -9.990e-29 -9.990e-29 -9.990e-29
 268.579416     -3.055  37.682062    14.5111   -0.05724     -3.030    30.6565    22.7283 -9.990e-29
 268.579421     -3.062  37.611844    14.5607   -0.05729     -3.036    30.5539    22.6390 -9.990e-29
 268.579427     -3.058  37.571731    14.5779   -0.05728     -3.033    30.5042    22.5971 -9.990e-29
 268.579433     -3.040  37.580620    14.5800   -0.05730     -3.015    30.5105    22.6016 -9.990e-29
 268.579439     -3.015  37.611677    14.5766   -0.05728     -2.990    30.5412    22.6260 -9.990e-29
 268.579444     -2.994  37.640151    14.5667   -0.05729     -2.969    30.5747    22.6538 -9.990e-29
 268.579450     -2.975  37.636727    14.5425   -0.05740     -2.950    30.5907    22.6711 -9.990e-29
 268.579456     -2.954  37.600801    14.4945   -0.05744     -2.929    30.5960    22.6852 -9.990e-29
 268.579462     -2.933  37.587167    14.4307   -0.05742     -2.909    30.6340    22.7277 -9.990e-29
 268.579468     -2.907  37.630983    14.3852   -0.05737     -2.883    30.7098    22.7954 -9.990e-29
 268.579473     -2.866  37.693110    14.3755   -0.05735     -2.842    30.7739    22.8468 -9.990e-29
 268.579479     -2.818  37.692631    14.3792   -0.05732     -2.795    30.7705    22.8434 -9.990e-29
 268.579485     -2.771  37.609313    14.3654   -0.05734     -2.748    30.7058    22.7964 -9.990e-29
 268.579491     -2.717  37.528445    14.3334   -0.05733     -2.694    30.6577    22.7659 -9.990e-29
 268.579497     -2.660  37.545872    14.3053   -0.05733     -2.638    30.6958    22.8011 -9.990e-29
 268.579502     -2.611  37.634395    14.2909   -0.05731     -2.589    30.7877    22.8749 -9.990e-29
 268.579508     -2.571  37.654622    14.2850   -0.05736     -2.550    30.8108    22.8939 -9.990e-29
 268.579514     -2.535  37.571307    14.2785   -0.05741     -2.514    30.7402    22.8408 -9.990e-29
 268.579520     -2.504  37.503391    14.2707   -0.05743     -2.483    30.6845    22.7995 -9.990e-29
 268.579525     -2.474  37.540425    14.2765   -0.05742     -2.453    30.7136    22.8207 -9.990e-29
 268.579531     -2.443  37.642094    14.3046   -0.05736     -2.423    30.7838    22.8690 -9.990e-29
 268.579537     -2.410  37.692150    14.3388   -0.05733     -2.390    30.8020    22.8761 -9.990e-29
 268.579543     -2.373  37.629494    14.3547   -0.05735     -2.353    30.7325    22.8192 -9.990e-29
 268.579549     -2.334  37.517605    14.3434   -0.05739     -2.315    30.6398    22.7501 -9.990e-29
 268.579554     -2.298  37.467622    14.3182   -0.05740     -2.279    30.6143    22.7356 -9.990e-29
 268.579560     -2.267  37.515605    14.2996   -0.05737     -2.248    30.6726    22.7844 -9.990e-29
 268.579566     -2.240  37.586472    14.2949   -0.05733     -2.221    30.7408    22.8379 -9.990e-29
 268.579572     -2.215  37.584606    14.2989   -0.05734     -2.197    30.7359    22.8333 -9.990e-29
 268.579578     -2.191  37.515422    14.3042   -0.05735     -2.173    30.6688    22.7805 -9.990e-29
 268.579583     -2.165  37.454439    14.3043   -0.05732     -2.147    30.6133    22.7377 -9.990e-29
 268.579589     -2.136  37.458381    14.2971   -0.05732     -2.118    30.6226    22.7463 -9.990e-29
 268.579595     -2.103  37.527508    14.2884   -0.05734     -2.085    30.6923    22.8019 -9.990e-29
 268.579601     -2.067  37.603718    14.2853   -0.05741     -2.050    30.7641    22.8578 -9.990e-29
 268.579606     -2.035  37.626572    14.2862   -0.05744     -2.018    30.7841    22.8731 -9.990e-29
 268.579612     -2.008  37.600787    14.2895   -0.05738     -1.991    30.7580    22.8523 -9.990e-29
 268.579618     -1.986  37.592439    14.2960   -0.05735     -1.969    30.7453    22.8411 -9.990e-29
 268.579624     -1.967  37.625787    14.3003   -0.05735     -1.951    30.7722    22.8610 -9.990e-29
 268.579630     -1.950  37.651111    14.2995   -0.05732     -1.934    30.7958    22.8794 -9.990e-29
 268.579635     -1.934  37.652309    14.3010   -0.05731     -1.918    30.7957    22.8790 -9.990e-29
 268.579641     -1.916  37.666369    14.3100   -0.05733     -1.900    30.8013    22.8815 -9.990e-29
 268.579647     -1.898  37.679554    14.3184   -0.05733     -1.882    30.8066    22.8839 -9.990e-29
 268.579653     -1.876  37.635457    14.3144   -0.05730     -1.860    30.7697    22.8562 -9.990e-29
 268.579659     -1.850  37.538155    14.2994   -0.05728     -1.835    30.6931    22.8003 -9.990e-29
 268.579664     -1.823  37.463820    14.2865   -0.05734     -1.808    30.6358    22.7587 -9.990e-29
 268.579670     -1.801  37.483899    14.2835   -0.05743     -1.786    30.6564    22.7752 -9.990e-29
 268.579676     -1.788  37.577536    14.2902   -0.05746     -1.773    30.7362    22.8354 -9.990e-29
 268.579682     -1.777  37.657609    14.3044   -0.05739     -1.762    30.7978    22.8799 -9.990e-29
 268.579687     -1.761  37.689023    14.3187   -0.05739     -1.746    30.8150    22.8902 -9.990e-29
 268.579693     -1.737  37.686795    14.3265   -0.05741     -1.723    30.8067    22.8822 -9.990e-29
 268.579699     -1.713  37.660909    14.3279   -0.05745     -1.699    30.7821    22.8630 -9.990e-29
 268.579705     -1.692  37.634119    14.3276   -0.05746     -1.678    30.7579    22.8444 -9.990e-29
 268.579711     -1.672  37.639186    14.3288   -0.05739     -1.658    30.7616    22.8470 -9.990e-29
 268.579716     -1.651  37.659922    14.3269   -0.05737     -1.637    30.7819    22.8631 -9.990e-29
 268.579722     -1.630  37.630913    14.3154   -0.05739     -1.616    30.7647    22.8521 -9.990e-29
 268.579728     -1.606  37.532042    14.2966   -0.05743     -1.593    30.6897    22.7982 -9.990e-29
 268.579734     -1.577  37.441871    14.2819   -0.05745     -1.564    30.6194    22.7470 -9.990e-29
 268.579740     -1.547  37.452237    14.2793   -0.05740     -1.534    30.6308    22.7564 -9.990e-29
 268.579745     -1.522  37.527649    14.2871   -0.05739     -1.509    30.6932    22.8029 -9.990e-29
 268.579751     -1.500  37.547153    14.2961   -0.05742     -1.487    30.7038    22.8092 -9.990e-29
 268.579757     -1.476  37.481838    14.3001   -0.05744     -1.464    30.6413    22.7601 -9.990e-29
 268.579763     -1.452  37.407891    14.3006   -0.05743     -1.440    30.5736    22.7079 -9.990e-29
 268.579769     -1.431  37.404567    14.3013   -0.05741     -1.419    30.5701    22.7050 -9.990e-29
 268.579774     -1.412  37.466363    14.3044   -0.05739     -1.400    30.6238    22.7458 -9.990e-29
 268.579780     -1.394  37.505218    14.3068   -0.05744     -1.382    30.6572    22.7710 -9.990e-29
 268.579786     -1.375  37.473153    14.3046   -0.05747     -1.364    30.6298    22.7504 -9.990e-29
 268.579792     -1.354  37.413283    14.3002   -0.05748     -1.343    30.5788    22.7120 -9.990e-29
 268.579797     -1.330  37.401194    14.2981   -0.05743     -1.319    30.5695    22.7052 -9.990e-29
 268.579803     -1.306  37.446058    14.2997   -0.05745     -1.295    30.6090    22.7354 -9.990e-29
 268.579809     -1.288  37.472011    14.3019   -0.05742     -1.277    30.6308    22.7517 -9.990e-29
 268.579815     -1.276  37.442478    14.2998   -0.05745     -1.265    30.6056    22.7328 -9.990e-29
 268.579821     -1.265  37.410117    14.2961   -0.05747     -1.254    30.5792    22.7131 -9.990e-29
 268.579826     -1.258  37.425499    14.2974   -0.05747     -1.248    30.5921    22.7228 -9.990e-29
 268.579832     -1.254  37.460947    14.3019   -0.05747     -1.244    30.6208    22.7440 -9.990e-29
 268.579838     -1.249  37.448795    14.3037   -0.05746     -1.239    30.6083    22.7340 -9.990e-29
 268.579844     -1.244  37.381867    14.3007   -0.05745     -1.234    30.5498    22.6896 -9.990e-29
 268.579850     -1.236  37.321289    14.2953   -0.05744     -1.226    30.4991    22.6515 -9.990e-29
 268.579855     -1.227  37.321512    14.2941   -0.05745     -1.217    30.5002    22.6527 -9.990e-29
 268.579861     -1.215  37.363812    14.2993   -0.05746     -1.205    30.5345    22.6780 -9.990e-29
 268.579867     -1.204  37.389105    14.3058   -0.05747     -1.194    30.5524    22.6905 -9.990e-29
 268.579873     -1.193  37.372273    14.3094   -0.05746     -1.183    30.5342    22.6757 -9.990e-29
 268.579878     -1.177  37.318968    14.3092   -0.05744     -1.167    30.4860    22.6386 -9.990e-29
 268.579884     -1.156  37.266418    14.3053   -0.05744     -1.146    30.4413    22.6050 -9.990e-29
 268.579890     -1.127  37.252291    14.3005   -0.05746     -1.118    30.4323    22.5990 -9.990e-29
 268.579896     -1.094  37.276870    14.2993   -0.05749     -1.085    30.4555    22.6171 -9.990e-29
 268.579902     -1.062  37.314649    14.3018   14.75106     -1.053    30.4878    22.6415 -9.990e-29
 268.579907     -1.039  37.337529    14.3043   28.13992     -1.030    30.5066    22.6555 -9.990e-29
 268.579913     -1.027  37.339051    14.3053   30.25342     -1.018    30.5072    22.6558 -9.990e-29
 268.579919     -1.021  37.324659    14.3046   27.16244     -1.012    30.4947    22.6463 -9.990e-29
 268.579925     -1.012  37.304383    14.3027   18.44243     -1.004    30.4778    22.6336 -9.990e-29
 268.579931     -1.000  37.300031    14.3023   13.99621     -0.992    30.4741    22.6309 -9.990e-29
 268.579936     -0.988  37.320436    14.3047   14.10467     -0.980    30.4908    22.6432 -9.990e-29
 268.579942     -0.971  37.338450    14.3074   14.14015     -0.963    30.5050    22.6536 -9.990e-29
 268.579948     -0.944  37.320375    14.3065   14.21974     -0.936    30.4893    22.6417 -9.990e-29
 268.579954     -0.909  37.266280    14.3027   14.29702     -0.901    30.4431    22.6069 -9.990e-29
 268.579959     -0.873  37.208967    14.2999   14.36243     -0.866    30.3933    22.5691 -9.990e-29
 268.579965     -0.841  37.175266    14.2997   14.42739     -0.834    30.3628    22.5456 -9.990e-29
 268.579971     -0.817  37.164596    14.3010   13.85848     -0.810    30.3521    22.5371 -9.990e-29
 268.579977     -0.798  37.163342    14.3022    7.08083     -0.791    30.3500    22.5353 -9.990e-29
 268.579983     -0.788  37.163150    14.3038    3.80392     -0.781    30.3486    22.5338 -9.990e-29
 268.579988     -0.786  37.163817    14.3062    3.09556     -0.779    30.3473    22.5324 -9.990e-29
 268.579994     -0.783  37.165161    14.3075    4.35721     -0.776    30.3475    22.5322 -9.990e-29
 268.580000     -0.775  37.165100    14.3070    7.41319     -0.769    30.3479    22.5326 -9.990e-29
 268.580006     -0.761  37.163606    14.3055    8.07408     -0.755    30.3477    22.5328 -9.990e-29
 268.580012     -0.741  37.160418    14.3031    8.18952     -0.735    30.3467    22.5325 -9.990e-29
 268.580017     -0.712  37.156386    14.3016    8.29506     -0.706    30.3442    22.5309 -9.990e-29
 268.580023     -0.679  37.155717    14.3019    8.35616     -0.673    30.3433    22.5301 -9.990e-29
 268.580029     -0.647  37.158692    14.3031    8.38350     -0.642    30.3451    22.5312 -9.990e-29
 268.580035     -0.622  37.162035    14.3045    8.40137     -0.617    30.3470    22.5324 -9.990e-29
 268.580041     -0.607  37.164084    14.3063    8.41759     -0.602    30.3474    22.5324 -9.990e-29
 268.580046     -0.597  37.165941    14.3099    8.42347     -0.592    30.3463    22.5308 -9.990e-29
 268.580052     -0.588  37.169011    14.3154    8.44438     -0.583    30.3448    22.5285 -9.990e-29
 268.580058     -0.582  37.172391    14.3196    8.45067     -0.577    30.3445    22.5275 -9.990e-29
 268.580064     -0.584  37.174468    14.3199    8.44561     -0.579    30.3462    22.5287 -9.990e-29
 268.580069     -0.585  37.174700    14.3184    8.44808     -0.580    30.3476    22.5300 -9.990e-29
 268.580075     -0.577  37.174570    14.3181    8.44475     -0.572    30.3477    22.5302 -9.990e-29
 268.580081     -0.564  37.175076    14.3201    8.44099     -0.559    30.3466    22.5289 -9.990e-29
 268.580087     -0.549  37.176382    14.3234    8.45162     -0.544    30.3452    22.5272 -9.990e-29
 268.580093     -0.531  37.178036    14.3256    8.45174     -0.527    30.3449    22.5265 -9.990e-29
 268.580098     -0.509  37.176689    14.3253    8.44366     -0.505    30.3439    22.5258 -9.990e-29
 268.580104     -0.481  37.172839    14.3238    8.44332     -0.477    30.3416    22.5243 -9.990e-29
 268.580110     -0.450  37.171498    14.3231    8.43617     -0.446    30.3409    22.5240 -9.990e-29
 268.580116     -0.423  37.173733    14.3244    8.44179     -0.419    30.3419    22.5245 -9.990e-29
 268.580122     -0.403  37.178087    14.3271    8.44444     -0.400    30.3437    22.5253 -9.990e-29
 268.580127     -0.387  37.182002    14.3299    8.43548     -0.384    30.3451    22.5258 -9.990e-29
 268.580133     -0.374  37.183078    14.3315    8.42068     -0.371    30.3448    22.5252 -9.990e-29
 268.580139     -0.365  37.182214    14.3316    8.40766     -0.362    30.3440    22.5246 -9.990e-29
 268.580145     -0.359  37.181271    14.3319    8.42596     -0.356    30.3429    22.5237 -9.990e-29
 268.580150     -0.354  37.181253    14.3326    8.45505     -0.351    30.3423    22.5231 -9.990e-29
 268.580156     -0.352  37.180653    14.3312    8.47628     -0.349    30.3428    22.5238 -9.990e-29
 268.580162     -0.351  37.176994    14.3270    8.47360     -0.348    30.3428    22.5246 -9.990e-29
 268.580168     -0.347  37.170451    14.3232    8.45046     -0.344    30.3399    22.5231 -9.990e-29
 268.580174     -0.336  37.162960    14.3235    8.42367     -0.333    30.3328    22.5176 -9.990e-29
 268.580179     -0.326  37.160803    14.3274    8.41362     -0.323    30.3278    22.5130 -9.990e-29
 268.580185     -0.324  37.166719    14.3313    8.41114     -0.321    30.3301    22.5140 -9.990e-29
 268.580191     -0.322  37.173457    14.3333    8.41911     -0.319    30.3347    22.5171 -9.990e-29
 268.580197     -0.312  37.177672    14.3346    8.42426     -0.309    30.3375    22.5189 -9.990e-29
 268.580203     -0.296  37.179942    14.3361    8.42635     -0.294    30.3383    22.5193 -9.990e-29
 268.580208     -0.278  37.179935    14.3371    8.42043     -0.276    30.3375    22.5185 -9.990e-29
 268.580214     -0.262  37.179891    14.3370    8.41408     -0.260    30.3376    22.5185 -9.990e-29
 268.580220     -0.250  37.180881    14.3353    8.42192     -0.248    30.3398    22.5206 -9.990e-29
 268.580226     -0.238  37.181987    14.3327    8.41679     -0.236    30.3428    22.5235 -9.990e-29
 268.580231     -0.220  37.184129    14.3318    8.42699     -0.218    30.3455    22.5257 -9.990e-29
 268.580237     -0.199  37.186804    14.3331    8.41309     -0.197    30.3469    22.5265 -9.990e-29
 268.580243     -0.184  37.186852    14.3352    8.40856     -0.182    30.3453    22.5248 -9.990e-29
 268.580249     -0.172  37.185465    14.3376    8.40708     -0.171    30.3421    22.5219 -9.990e-29
 268.580255     -0.159  37.185287    14.3394    8.39095     -0.158    30.3405    22.5203 -9.990e-29
 268.580260     -0.144  37.185526    14.3403    8.38431     -0.143    30.3401    22.5198 -9.990e-29
 268.580266     -0.125  37.185948    14.3412    8.39064     -0.124    30.3397    22.5193 -9.990e-29
 268.580272     -0.107  37.186560    14.3423    8.40585     -0.106    30.3394    22.5189 -9.990e-29
 268.580278     -0.093  37.186502    14.3437    8.41155     -0.092    30.3383    22.5177 -9.990e-29
 268.580284     -0.080  37.185703    14.3446    8.41897     -0.079    30.3368    22.5164 -9.990e-29
 268.580289     -0.069  37.183664    14.3424    8.42297     -0.068    30.3367    22.5168 -9.990e-29
 268.580295     -0.059  37.179354    14.3377    8.42274     -0.059    30.3365    22.5175 -9.990e-29
 268.580301     -0.049  37.176005    14.3350    8.40365     -0.049    30.3355    22.5174 -9.990e-29
 268.580307     -0.039  37.177571    14.3367    8.37923     -0.039    30.3356    22.5171 -9.990e-29
 268.580312     -0.028  37.181096    14.3400    8.35858     -0.028    30.3362    22.5169 -9.990e-29
 268.580318     -0.014  37.182874    14.3411    8.35926     -0.014    30.3370    22.5172 -9.990e-29
 268.580324      0.002  37.183599    14.3397    8.38272      0.002    30.3387    22.5189 -9.990e-29
 268.580330      0.021  37.184807    14.3390    8.41185      0.021    30.3404    22.5203 -9.990e-29
