data/oxygen options/ONMS/Olympic_Coast_National_Marine_Sanctuary_CTD_Data_2005_2023/raw_data/2006/CTD_CA042_050306faedb.cnv
* Sea-Bird SBE19 Data File:
* FileName = C:\MOORING_DATA_2006\CTD_CA042_050306.hex
* Software Version 1.1.6
* Temperature SN = 2997
* Conductivity SN = 2997
* System UpLoad Time = May 03 2006 14:54:37
** CA42 DO COMPARISON
**
# nquan = 9
# nvalues = 30                          
# units = specified
# name 0 = timeJ: Julian Days
# name 1 = prSM: Pressure, Strain Gauge [db]
# name 2 = c0mS/cm: Conductivity [mS/cm]
# name 3 = t090C: Temperature [ITS-90, deg C]
# name 4 = oxML/L: Oxygen, Beckman/YSI [ml/l]
# name 5 = depSM: Depth [salt water, m], lat = 47.5
# name 6 = sal00: Salinity, Practical [PSU]
# name 7 = sigma-é00: Density [sigma-theta, kg/m^3]
# name 8 = flag: flag
# span 0 = 123.607131, 123.607553       
# span 1 =      3.000,     32.000       
# span 2 =  34.600136,  35.150332       
# span 3 =     8.0827,     8.8821       
# span 4 =    2.91096,    4.64611       
# span 5 =      2.975,     31.730       
# span 6 =    32.6040,    33.5301       
# span 7 =    25.2606,    26.1078       
# span 8 = 0.0000e+00, 0.0000e+00       
# interval = decibars: 1                
# start_time = May 03 2006 14:30:58 [Instrument's time stamp, header]
# bad_flag = -9.990e-29
*END*
 123.607131      3.000  34.749539     8.8821    4.64611      2.975    32.6040    25.2606 0.0000e+00
 123.607151      4.000  34.714821     8.7905    4.47492      3.967    32.6516    25.3120 0.0000e+00
 123.607167      5.000  34.627628     8.6441    4.40774      4.958    32.6950    25.3685 0.0000e+00
 123.607181      6.000  34.600136     8.5862    4.43608      5.950    32.7194    25.3964 0.0000e+00
 123.607193      7.000  34.688486     8.6390    4.47012      6.942    32.7627    25.4223 0.0000e+00
 123.607206      8.000  34.854831     8.7252    4.49814      7.933    32.8565    25.4826 0.0000e+00
 123.607217      9.000  34.976115     8.7870    4.48709      8.925    32.9257    25.5273 0.0000e+00
 123.607229     10.000  35.059725     8.8253    4.46675      9.916    32.9770    25.5615 0.0000e+00
 123.607241     11.000  35.123353     8.8436    4.44720     10.908    33.0260    25.5971 0.0000e+00
 123.607253     12.000  35.148681     8.8398    4.41157     11.900    33.0556    25.6209 0.0000e+00
 123.607265     13.000  35.150332     8.8253    4.34360     12.891    33.0703    25.6347 0.0000e+00
 123.607277     14.000  35.146880     8.8111    4.19725     13.883    33.0794    25.6440 0.0000e+00
 123.607289     15.000  35.126304     8.7787    3.99961     14.874    33.0878    25.6556 0.0000e+00
 123.607301     16.000  35.032436     8.6876    3.78620     15.866    33.0741    25.6589 0.0000e+00
 123.607313     17.000  34.898811     8.5142    3.58984     16.857    33.0957    25.7023 0.0000e+00
 123.607325     18.000  34.808637     8.3660    3.50981     17.849    33.1393    25.7588 0.0000e+00
 123.607336     19.000  34.772339     8.3101    3.48585     18.841    33.1531    25.7781 0.0000e+00
 123.607349     20.000  34.778658     8.2935    3.43271     19.832    33.1750    25.7977 0.0000e+00
 123.607360     21.000  34.798403     8.2871    3.31146     20.823    33.2015    25.8195 0.0000e+00
 123.607373     22.000  34.825917     8.2619    3.13372     21.815    33.2540    25.8644 0.0000e+00
 123.607384     23.000  34.869871     8.1942    2.99732     22.807    33.3645    25.9612 0.0000e+00
 123.607397     24.000  34.907943     8.1341    2.93038     23.798    33.4618    26.0465 0.0000e+00
 123.607410     25.000  34.924602     8.1056    2.91597     24.790    33.5063    26.0856 0.0000e+00
 123.607423     26.000  34.925782     8.0894    2.92683     25.781    33.5226    26.1008 0.0000e+00
 123.607436     27.000  34.924926     8.0863    2.93162     26.773    33.5242    26.1026 0.0000e+00
 123.607449     28.000  34.925542     8.0857    2.93422     27.765    33.5250    26.1032 0.0000e+00
 123.607462     29.000  34.926210     8.0849    2.93263     28.756    33.5259    26.1041 0.0000e+00
 123.607480     30.000  34.926737     8.0858    2.93347     29.747    33.5251    26.1034 0.0000e+00
 123.607504     31.000  34.930169     8.0863    2.92629     30.739    33.5278    26.1055 0.0000e+00
 123.607553     32.000  34.929516     8.0827    2.91096     31.730    33.5301    26.1078 0.0000e+00
