data/oxygen options/ONMS/Olympic_Coast_National_Marine_Sanctuary_CTD_Data_2005_2023/raw_data/2006/CTD_TH042_080706faedb.cnv
* Sea-Bird SBE19 Data File:
* FileName = C:\MOORING_DATA_2006\CTD_TH042_080706.hex
* Software Version 1.1.6
* Temperature SN = 2997
* Conductivity SN = 2997
* System UpLoad Time = Aug 07 2006 11:46:01
* SEACAT PROFILER V3.1c SN 2997   08/07/06  11:45:21.347
* strain gauge pressure sensor: S/N = 184829,  range = 3000 psia,  tc = 40
# nquan = 9
# nvalues = 40                          
# units = specified
# name 0 = timeJ: Julian Days
# name 1 = prSM: Pressure, Strain Gauge [db]
# name 2 = c0mS/cm: Conductivity [mS/cm]
# name 3 = t090C: Temperature [ITS-90, deg C]
# name 4 = oxML/L: Oxygen, Beckman/YSI [ml/l]
# name 5 = depSM: Depth [salt water, m], lat = 47.5
# name 6 = sal00: Salinity, Practical [PSU]
# name 7 = sigma-é00: Density [sigma-theta, kg/m^3]
# name 8 = flag: flag
# span 0 = 219.478309, 219.478807       
# span 1 =      3.000,     42.000       
# span 2 =  34.414135,  36.929346       
# span 3 =     7.7002,    11.5499       
# span 4 =    2.17713,    6.21628       
# span 5 =      2.975,     41.645       
# span 6 =    32.3920,    33.8196       
# span 7 =    24.6605,    26.3909       
# span 8 = 0.0000e+00, 0.0000e+00       
# interval = decibars: 1                
# start_time = Aug 07 2006 11:24:14 [Instrument's time stamp, header]
# bad_flag = -9.990e-29
*END*
 219.478309      3.000  36.929346    11.5499    6.21628      2.975    32.4094    24.6605 0.0000e+00
 219.478327      4.000  36.680904    11.2919    5.81827      3.967    32.3920    24.6935 0.0000e+00
 219.478342      5.000  36.644702    11.1702    5.18405      4.958    32.4632    24.7706 0.0000e+00
 219.478355      6.000  36.473728    10.8833    4.73558      5.950    32.5475    24.8869 0.0000e+00
 219.478367      7.000  36.236136    10.5198    4.65510      6.942    32.6346    25.0178 0.0000e+00
 219.478379      8.000  35.847130    10.0574    4.76905      7.933    32.6583    25.1143 0.0000e+00
 219.478391      9.000  35.518072     9.6703    4.77106      8.925    32.6738    25.1902 0.0000e+00
 219.478403     10.000  35.256279     9.3925    4.76543      9.916    32.6580    25.2228 0.0000e+00
 219.478415     11.000  35.047604     9.1110    4.65774     10.908    32.6999    25.3002 0.0000e+00
 219.478426     12.000  34.816408     8.7774    4.49890     11.899    32.7662    25.4038 0.0000e+00
 219.478438     13.000  34.640072     8.5153    4.40153     12.891    32.8240    25.4891 0.0000e+00
 219.478448     14.000  34.535324     8.3625    4.35229     13.882    32.8555    25.5367 0.0000e+00
 219.478459     15.000  34.470770     8.2328    4.19199     14.874    32.9081    25.5973 0.0000e+00
 219.478470     16.000  34.414135     8.1177    3.91792     15.866    32.9556    25.6515 0.0000e+00
 219.478481     17.000  34.420800     8.0834    3.65332     16.857    32.9945    25.6871 0.0000e+00
 219.478492     18.000  34.484879     8.0855    3.40737     17.849    33.0603    25.7384 0.0000e+00
 219.478504     19.000  34.545487     8.0893    3.18485     18.841    33.1208    25.7854 0.0000e+00
 219.478515     20.000  34.601672     8.0807    3.03232     19.832    33.1882    25.8396 0.0000e+00
 219.478526     21.000  34.631174     8.0625    2.93629     20.824    33.2364    25.8801 0.0000e+00
 219.478537     22.000  34.645789     8.0380    2.83424     21.815    33.2749    25.9139 0.0000e+00
 219.478548     23.000  34.650231     7.9913    2.74324     22.807    33.3236    25.9590 0.0000e+00
 219.478559     24.000  34.649094     7.9364    2.69295     23.798    33.3742    26.0068 0.0000e+00
 219.478571     25.000  34.644440     7.8886    2.66533     24.790    33.4145    26.0454 0.0000e+00
 219.478583     26.000  34.640339     7.8481    2.63076     25.781    33.4485    26.0780 0.0000e+00
 219.478596     27.000  34.644501     7.8138    2.60672     26.773    33.4854    26.1120 0.0000e+00
 219.478608     28.000  34.654550     7.7860    2.56941     27.764    33.5224    26.1451 0.0000e+00
 219.478620     29.000  34.668398     7.7692    2.50973     28.756    33.5530    26.1715 0.0000e+00
 219.478631     30.000  34.684634     7.7598    2.45408     29.747    33.5790    26.1933 0.0000e+00
 219.478642     31.000  34.706226     7.7501    2.40633     30.739    33.6111    26.2200 0.0000e+00
 219.478653     32.000  34.731763     7.7393    2.36545     31.731    33.6486    26.2509 0.0000e+00
 219.478665     33.000  34.755029     7.7300    2.33798     32.722    33.6821    26.2787 0.0000e+00
 219.478677     34.000  34.777198     7.7248    2.31058     33.714    33.7106    26.3018 0.0000e+00
 219.478688     35.000  34.798092     7.7223    2.26751     34.705    33.7350    26.3214 0.0000e+00
 219.478702     36.000  34.816985     7.7172    2.23312     35.697    33.7597    26.3416 0.0000e+00
 219.478714     37.000  34.836952     7.7102    2.20452     36.688    33.7876    26.3645 0.0000e+00
 219.478727     38.000  34.849534     7.7055    2.19840     37.679    33.8052    26.3790 0.0000e+00
 219.478739     39.000  34.854347     7.7032    2.22561     38.671    33.8122    26.3849 0.0000e+00
 219.478755     40.000  34.856146     7.7023    2.17713     39.663    33.8146    26.3868 0.0000e+00
 219.478771     41.000  34.857125     7.7002    2.18375     40.654    33.8171    26.3892 0.0000e+00
 219.478807     42.000  34.861478     7.7020    2.17965     41.645    33.8196    26.3909 0.0000e+00
