data/oxygen options/ONMS/Olympic_Coast_National_Marine_Sanctuary_CTD_Data_2005_2023/raw_data/2006/CTD_CE065_100206faed.cnv
* Sea-Bird SBE19 Data File:
* FileName = C:\MOORING_DATA_2006\CTD_CE065_100206.hex
* Software Version 1.1.6
* Temperature SN = 2997
* Conductivity SN = 2997
* System UpLoad Time = Oct 02 2006 11:51:08
* SEACAT PROFILER V3.1c SN 2997   10/02/06  11:52:29.162
* strain gauge pressure sensor: S/N = 184829,  range = 3000 psia,  tc = 40
# nquan = 9                                 
# nvalues = 2160                        
# units = specified
# name 0 = timeJ: Julian Days
# name 1 = prSM: Pressure, Strain Gauge [db]
# name 2 = c0mS/cm: Conductivity [mS/cm]
# name 3 = t090C: Temperature [ITS-90, deg C]
# name 4 = oxML/L: Oxygen, Beckman/YSI [ml/l]
# name 5 = depSM: Depth [salt water, m], lat = 47.5
# name 6 = sal00: Salinity, Practical [PSU]
# name 7 = sigma-é00: Density [sigma-theta, kg/m^3]
# name 8 = flag: flag
# span 0 = 275.476331, 275.488825       
# span 1 =     -3.078,     67.596       
# span 2 =   0.027525,  38.062514       
# span 3 =     7.7483,    13.2623       
# span 4 =   -0.07492,   34.85465       
# span 5 =     -3.052,     67.021       
# span 6 =     0.0202,    33.8966       
# span 7 =    -0.4612,    26.4449       
# span 8 = 0.0000e+00, 0.0000e+00       
# interval = seconds: 0.5
# start_time = Oct 02 2006 11:25:55 [Instrument's time stamp, header]
# bad_flag = -9.990e-29
*END*
[from data line 321]
 275.478189      1.653  38.044953    13.2218    7.29462      1.639    32.0411    24.0582 -9.990e-29
 275.478194      1.652  38.045713    13.2219    7.29567      1.638    32.0418    24.0586 -9.990e-29
 275.478200      1.658  38.046078    13.2222    7.28848      1.644    32.0419    24.0586 -9.990e-29
 275.478206      1.670  38.046007    13.2225    7.28359      1.656    32.0415    24.0583 -9.990e-29
 275.478212      1.685  38.046002    13.2229    7.27565      1.671    32.0412    24.0580 -9.990e-29
 275.478218      1.699  38.046652    13.2236    7.28264      1.685    32.0412    24.0578 -9.990e-29
 275.478223      1.713  38.047737    13.2245    7.28193      1.699    32.0415    24.0579 -9.990e-29
 275.478229      1.724  38.048493    13.2248    7.28048      1.710    32.0419    24.0582 -9.990e-29
 275.478235      1.729  38.048279    13.2245    7.28386      1.715    32.0420    24.0582 -9.990e-29
 275.478241      1.727  38.047405    13.2244    7.28700      1.713    32.0412    24.0577 -9.990e-29
 275.478247      1.719  38.046985    13.2249    7.29166      1.705    32.0404    24.0570 -9.990e-29
 275.478252      1.708  38.047055    13.2253    7.29338      1.694    32.0401    24.0567 -9.990e-29
 275.478258      1.703  38.047180    13.2253    7.28485      1.689    32.0403    24.0568 -9.990e-29
 275.478264      1.711  38.047564    13.2252    7.28681      1.697    32.0407    24.0571 -9.990e-29
 275.478270      1.733  38.048191    13.2252    7.28815      1.719    32.0413    24.0576 -9.990e-29
 275.478275      1.757  38.048812    13.2253    7.28471      1.742    32.0418    24.0579 -9.990e-29
 275.478281      1.777  38.049163    13.2254    7.28309      1.762    32.0420    24.0581 -9.990e-29
 275.478287      1.789  38.049185    13.2253    7.28732      1.774    32.0421    24.0582 -9.990e-29
 275.478293      1.786  38.048943    13.2253    7.28367      1.771    32.0419    24.0580 -9.990e-29
 275.478299      1.772  38.048709    13.2256    7.29191      1.757    32.0414    24.0576 -9.990e-29
 275.478304      1.763  38.048766    13.2262    7.29170      1.748    32.0410    24.0571 -9.990e-29
 275.478310      1.763  38.048668    13.2267    7.28988      1.748    32.0405    24.0567 -9.990e-29
 275.478316      1.762  38.048316    13.2270    7.28995      1.747    32.0399    24.0561 -9.990e-29
 275.478322      1.762  38.048398    13.2273    7.28826      1.747    32.0397    24.0559 -9.990e-29
 275.478328      1.770  38.049058    13.2274    7.28657      1.755    32.0402    24.0563 -9.990e-29
 275.478333      1.788  38.049529    13.2271    7.28701      1.773    32.0409    24.0569 -9.990e-29
 275.478339      1.807  38.049350    13.2265    7.30054      1.792    32.0412    24.0573 -9.990e-29
 275.478345      1.825  38.048877    13.2262    7.30365      1.810    32.0410    24.0572 -9.990e-29
 275.478351      1.838  38.048636    13.2264    7.29639      1.823    32.0406    24.0569 -9.990e-29
 275.478356      1.844  38.048902    13.2270    7.29167      1.829    32.0404    24.0565 -9.990e-29
 275.478362      1.846  38.049501    13.2277    7.28031      1.831    32.0404    24.0564 -9.990e-29
 275.478368      1.849  38.050144    13.2281    7.28034      1.834    32.0406    24.0565 -9.990e-29
 275.478374      1.854  38.050602    13.2285    7.28358      1.839    32.0407    24.0565 -9.990e-29
 275.478380      1.861  38.050962    13.2289    7.28317      1.845    32.0407    24.0564 -9.990e-29
 275.478385      1.869  38.051175    13.2291    7.28683      1.853    32.0407    24.0564 -9.990e-29
 275.478391      1.876  38.050998    13.2294    7.28738      1.860    32.0403    24.0560 -9.990e-29
 275.478397      1.877  38.050792    13.2298    7.28108      1.861    32.0398    24.0555 -9.990e-29
 275.478403      1.877  38.050877    13.2303    7.27925      1.861    32.0394    24.0552 -9.990e-29
 275.478409      1.880  38.051403    13.2307    7.28553      1.864    32.0396    24.0552 -9.990e-29
 275.478414      1.887  38.051981    13.2310    7.28137      1.871    32.0399    24.0554 -9.990e-29
 275.478420      1.897  38.051733    13.2312    7.28265      1.881    32.0395    24.0550 -9.990e-29
 275.478426      1.907  38.050925    13.2309    7.27645      1.891    32.0390    24.0547 -9.990e-29
 275.478432      1.910  38.050196    13.2302    7.28040      1.894    32.0389    24.0547 -9.990e-29
 275.478437      1.909  38.049172    13.2291    7.28300      1.893    32.0388    24.0549 -9.990e-29
 275.478443      1.918  38.047449    13.2275    7.28625      1.902    32.0386    24.0550 -9.990e-29
 275.478449      1.932  38.045561    13.2258    7.28638      1.916    32.0382    24.0551 -9.990e-29
 275.478455      1.940  38.044760    13.2255    7.28321      1.924    32.0377    24.0548 -9.990e-29
 275.478461      1.938  38.045697    13.2267    7.28322      1.922    32.0376    24.0545 -9.990e-29
 275.478466      1.931  38.047222    13.2281    7.28670      1.915    32.0379    24.0544 -9.990e-29
 275.478472      1.925  38.048028    13.2288    7.29064      1.909    32.0380    24.0544 -9.990e-29
 275.478478      1.926  38.048096    13.2286    7.29203      1.910    32.0383    24.0546 -9.990e-29
 275.478484      1.929  38.047543    13.2283    7.28632      1.913    32.0380    24.0544 -9.990e-29
 275.478490      1.925  38.046781    13.2282    7.28308      1.909    32.0374    24.0540 -9.990e-29
 275.478495      1.915  38.046505    13.2279    7.27316      1.899    32.0374    24.0540 -9.990e-29
 275.478501      1.906  38.046372    13.2274    7.27871      1.890    32.0377    24.0544 -9.990e-29
 275.478507      1.902  38.046234    13.2272    7.29035      1.886    32.0377    24.0544 -9.990e-29
 275.478513      1.902  38.046495    13.2275    7.29359      1.886    32.0377    24.0544 -9.990e-29
 275.478519      1.908  38.046407    13.2277    7.29542      1.892    32.0374    24.0541 -9.990e-29
 275.478524      1.914  38.045321    13.2274    7.29046      1.898    32.0367    24.0536 -9.990e-29
 275.478530      1.912  38.044060    13.2271    7.28260      1.896    32.0357    24.0529 -9.990e-29
 275.478536      1.904  38.043775    13.2275    7.28082      1.888    32.0351    24.0524 -9.990e-29
 275.478542      1.896  38.044671    13.2280    7.28618      1.880    32.0356    24.0526 -9.990e-29
 275.478547      1.892  38.045728    13.2280    7.28386      1.876    32.0366    24.0534 -9.990e-29
 275.478553      1.888  38.046138    13.2273    7.28564      1.872    32.0375    24.0543 -9.990e-29
 275.478559      1.879  38.045911    13.2265    7.29114      1.863    32.0380    24.0548 -9.990e-29
 275.478565      1.869  38.045335    13.2258    7.28922      1.853    32.0380    24.0550 -9.990e-29
 275.478571      1.861  38.044790    13.2250    7.29205      1.845    32.0382    24.0553 -9.990e-29
 275.478576      1.856  38.044139    13.2244    7.29212      1.841    32.0381    24.0553 -9.990e-29
 275.478582      1.857  38.043661    13.2241    7.28160      1.841    32.0379    24.0552 -9.990e-29
 275.478588      1.864  38.043869    13.2240    7.27843      1.848    32.0382    24.0554 -9.990e-29
 275.478594      1.869  38.043947    13.2242    7.27336      1.853    32.0381    24.0553 -9.990e-29
 275.478600      1.873  38.043461    13.2244    7.28058      1.857    32.0375    24.0548 -9.990e-29
 275.478605      1.879  38.042914    13.2245    7.29044      1.863    32.0369    24.0543 -9.990e-29
 275.478611      1.884  38.042725    13.2244    7.29496      1.868    32.0368    24.0543 -9.990e-29
 275.478617      1.880  38.043231    13.2246    7.29637      1.864    32.0371    24.0545 -9.990e-29
 275.478623      1.866  38.044010    13.2252    7.28446      1.850    32.0373    24.0545 -9.990e-29
 275.478628      1.851  38.044445    13.2258    7.28010      1.836    32.0372    24.0543 -9.990e-29
 275.478634      1.837  38.044580    13.2263    7.28709      1.822    32.0369    24.0540 -9.990e-29
 275.478640      1.828  38.044623    13.2265    7.28990      1.813    32.0368    24.0539 -9.990e-29
 275.478646      1.831  38.044659    13.2265    7.29853      1.816    32.0368    24.0539 -9.990e-29
 275.478652      1.848  38.044764    13.2265    7.29161      1.833    32.0369    24.0540 -9.990e-29
 275.478657      1.866  38.045107    13.2267    7.28132      1.850    32.0371    24.0540 -9.990e-29
 275.478663      1.878  38.045607    13.2272    7.28511      1.862    32.0371    24.0540 -9.990e-29
 275.478669      1.889  38.045836    13.2280    7.29047      1.873    32.0367    24.0535 -9.990e-29
 275.478675      1.903  38.046128    13.2287    7.29000      1.887    32.0363    24.0531 -9.990e-29
 275.478681      1.923  38.046899    13.2292    7.29691      1.907    32.0366    24.0532 -9.990e-29
 275.478686      1.944  38.047521    13.2294    7.28817      1.928    32.0370    24.0535 -9.990e-29
 275.478692      1.960  38.047725    13.2296    7.28337      1.944    32.0370    24.0535 -9.990e-29
 275.478698      1.971  38.047813    13.2298    7.27950      1.955    32.0370    24.0533 -9.990e-29
 275.478704      1.983  38.047928    13.2300    7.28125      1.966    32.0369    24.0533 -9.990e-29
 275.478709      1.991  38.048251    13.2302    7.29264      1.974    32.0370    24.0533 -9.990e-29
 275.478715      1.994  38.048678    13.2303    7.29616      1.977    32.0373    24.0535 -9.990e-29
 275.478721      1.993  38.048683    13.2303    7.29806      1.976    32.0373    24.0535 -9.990e-29
 275.478727      2.000  38.048299    13.2303    7.28642      1.983    32.0370    24.0533 -9.990e-29
 275.478733      2.012  38.048165    13.2306    7.28170      1.995    32.0366    24.0529 -9.990e-29
 275.478738      2.024  38.048689    13.2310    7.28832      2.007    32.0367    24.0529 -9.990e-29
 275.478744      2.031  38.050035    13.2315    7.29179      2.014    32.0376    24.0535 -9.990e-29
 275.478750      2.034  38.051779    13.2323    7.29290      2.017    32.0385    24.0541 -9.990e-29
 275.478756      2.032  38.052907    13.2335    7.28643      2.015    32.0386    24.0539 -9.990e-29
 275.478762      2.031  38.053267    13.2345    7.28016      2.014    32.0381    24.0533 -9.990e-29
 275.478767      2.035  38.053366    13.2344    7.28728      2.018    32.0383    24.0534 -9.990e-29
 275.478773      2.038  38.052804    13.2337    7.29129      2.021    32.0383    24.0536 -9.990e-29
 275.478779      2.038  38.051420    13.2333    7.28623      2.021    32.0374    24.0530 -9.990e-29
 275.478785      2.034  38.050201    13.2333    7.29018      2.017    32.0362    24.0521 -9.990e-29
 275.478791      2.027  38.049791    13.2335    7.28158      2.010    32.0357    24.0516 -9.990e-29
 275.478796      2.019  38.049670    13.2336    7.27592      2.002    32.0355    24.0514 -9.990e-29
 275.478802      2.014  38.049145    13.2335    7.28290      1.997    32.0351    24.0512 -9.990e-29
 275.478808      2.013  38.048666    13.2332    7.28840      1.996    32.0349    24.0511 -9.990e-29
 275.478814      2.015  38.048741    13.2330    7.28756      1.998    32.0351    24.0513 -9.990e-29
 275.478819      2.017  38.048937    13.2331    7.28793      2.000    32.0352    24.0513 -9.990e-29
 275.478825      2.013  38.048981    13.2336    7.28490      1.996    32.0348    24.0510 -9.990e-29
 275.478831      2.008  38.048957    13.2338    7.29019      1.991    32.0346    24.0508 -9.990e-29
 275.478837      2.006  38.048861    13.2338    7.29336      1.989    32.0346    24.0507 -9.990e-29
 275.478843      2.002  38.048593    13.2338    7.29323      1.985    32.0343    24.0505 -9.990e-29
 275.478848      1.992  38.048384    13.2337    7.29330      1.975    32.0342    24.0504 -9.990e-29
 275.478854      1.980  38.048542    13.2336    7.28301      1.963    32.0344    24.0506 -9.990e-29
 275.478860      1.974  38.048743    13.2334    7.27434      1.958    32.0348    24.0510 -9.990e-29
 275.478866      1.976  38.048723    13.2333    7.27242      1.959    32.0349    24.0510 -9.990e-29
 275.478872      1.988  38.048481    13.2332    7.28167      1.971    32.0347    24.0509 -9.990e-29
 275.478877      2.006  38.048283    13.2332    7.29286      1.989    32.0345    24.0508 -9.990e-29
 275.478883      2.023  38.048455    13.2333    7.29944      2.006    32.0346    24.0508 -9.990e-29
 275.478889      2.034  38.048689    13.2334    7.29776      2.017    32.0347    24.0509 -9.990e-29
 275.478895      2.042  38.048765    13.2337    7.29994      2.025    32.0345    24.0507 -9.990e-29
 275.478900      2.046  38.048810    13.2341    7.29862      2.029    32.0342    24.0504 -9.990e-29
 275.478906      2.047  38.048912    13.2347    7.30397      2.030    32.0338    24.0500 -9.990e-29
 275.478912      2.045  38.049232    13.2352    7.29691      2.028    32.0337    24.0498 -9.990e-29
 275.478918      2.040  38.049663    13.2351    7.29232      2.023    32.0342    24.0502 -9.990e-29
 275.478924      2.035  38.049684    13.2345    7.28338      2.018    32.0347    24.0507 -9.990e-29
 275.478929      2.035  38.049352    13.2341    7.28713      2.018    32.0348    24.0508 -9.990e-29
 275.478935      2.039  38.049374    13.2342    7.29135      2.022    32.0347    24.0507 -9.990e-29
 275.478941      2.048  38.049804    13.2345    7.28784      2.031    32.0348    24.0508 -9.990e-29
 275.478947      2.059  38.050123    13.2350    7.28812      2.042    32.0347    24.0506 -9.990e-29
 275.478953      2.067  38.050220    13.2354    7.28376      2.050    32.0345    24.0503 -9.990e-29
 275.478958      2.073  38.049129    13.2353    7.29236      2.056    32.0335    24.0496 -9.990e-29
 275.478964      2.078  38.047105    13.2350    7.29631      2.061    32.0319    24.0484 -9.990e-29
 275.478970      2.081  38.047088    13.2352    7.29088      2.064    32.0317    24.0482 -9.990e-29
 275.478976      2.084  38.049083    13.2361    7.27932      2.067    32.0328    24.0489 -9.990e-29
 275.478981      2.085  38.050725    13.2371    7.27494      2.068    32.0335    24.0492 -9.990e-29
 275.478987      2.086  38.051427    13.2377    7.28347      2.069    32.0336    24.0492 -9.990e-29
 275.478993      2.091  38.051589    13.2377    7.28960      2.074    32.0338    24.0493 -9.990e-29
 275.478999      2.104  38.051456    13.2373    7.29976      2.086    32.0340    24.0496 -9.990e-29
 275.479005      2.121  38.050877    13.2368    7.29963      2.103    32.0339    24.0496 -9.990e-29
 275.479010      2.135  38.050229    13.2369    7.28968      2.117    32.0332    24.0490 -9.990e-29
 275.479016      2.139  38.050358    13.2376    7.28665      2.121    32.0327    24.0485 -9.990e-29
 275.479022      2.133  38.050901    13.2381    7.27657      2.115    32.0328    24.0485 -9.990e-29
 275.479028      2.125  38.050925    13.2377    7.28348      2.107    32.0332    24.0488 -9.990e-29
 275.479034      2.119  38.050492    13.2370    7.29525      2.101    32.0333    24.0491 -9.990e-29
 275.479039      2.114  38.050171    13.2366    7.29131      2.096    32.0334    24.0492 -9.990e-29
 275.479045      2.110  38.050123    13.2365    7.29131      2.092    32.0334    24.0493 -9.990e-29
 275.479051      2.107  38.050312    13.2366    7.29348      2.089    32.0335    24.0493 -9.990e-29
 275.479057      2.105  38.050454    13.2367    7.30081      2.087    32.0336    24.0494 -9.990e-29
 275.479063      2.103  38.050205    13.2366    7.29940      2.085    32.0334    24.0493 -9.990e-29
 275.479068      2.101  38.049821    13.2364    7.30321      2.083    32.0332    24.0492 -9.990e-29
 275.479074      2.100  38.049379    13.2363    7.29264      2.082    32.0329    24.0489 -9.990e-29
 275.479080      2.099  38.048877    13.2362    7.28906      2.081    32.0325    24.0486 -9.990e-29
 275.479086      2.098  38.048796    13.2361    7.29013      2.080    32.0325    24.0487 -9.990e-29
 275.479091      2.097  38.049054    13.2361    7.28913      2.079    32.0328    24.0489 -9.990e-29
 275.479097      2.096  38.048901    13.2360    7.29893      2.078    32.0327    24.0488 -9.990e-29
 275.479103      2.095  38.048158    13.2353    7.29336      2.078    32.0326    24.0489 -9.990e-29
