data/oxygen options/ONMS/Olympic_Coast_National_Marine_Sanctuary_CTD_Data_2005_2023/raw_data/2006/CTD_CA065_070606faedb.cnv
* Sea-Bird SBE19 Data File:
* FileName = C:\MOORING_DATA_2006\CTD_CA065_070606.hex
* Software Version 1.1.6
* Temperature SN = 2997
* Conductivity SN = 2997
* System UpLoad Time = Jul 06 2006 11:54:14
* SEACAT PROFILER V3.1c SN 2997   07/06/06  11:53:33.792
* strain gauge pressure sensor: S/N = 184829,  range = 3000 psia,  tc = 40
# nquan = 9
# nvalues = 47                          
# units = specified
# name 0 = timeJ: Julian Days
# name 1 = prSM: Pressure, Strain Gauge [db]
# name 2 = c0mS/cm: Conductivity [mS/cm]
# name 3 = t090C: Temperature [ITS-90, deg C]
# name 4 = oxML/L: Oxygen, Beckman/YSI [ml/l]
# name 5 = depSM: Depth [salt water, m], lat = 47.5
# name 6 = sal00: Salinity, Practical [PSU]
# name 7 = sigma-é00: Density [sigma-theta, kg/m^3]
# name 8 = flag: flag
# span 0 = 186.721203, 187.482727       
# span 1 =      3.000,     50.000       
# span 2 =  34.370936,  35.507101       
# span 3 =     7.6009,    11.3157       
# span 4 =    2.85967,    5.65257       
# span 5 =      2.975,     49.577       
# span 6 =    31.2223,    33.7585       
# span 7 =    23.7799,    26.3504       
# span 8 = 0.0000e+00, 0.0000e+00       
# interval = decibars: 1                
# start_time = Jul 06 2006 11:30:37 [Instrument's time stamp, header]
# bad_flag = -9.990e-29
*END*
 187.482141      3.000  35.507101    11.3157    5.62879      2.975    31.2223    23.7799 0.0000e+00
 187.482164      4.000  35.287645    10.8989    5.08300      3.967    31.3611    23.9610 0.0000e+00
 187.482183      5.000  35.301136    10.7292    4.57006      4.958    31.5197    24.1135 0.0000e+00
 187.482199      6.000  35.116973    10.3422    4.23383      5.950    31.6712    24.2971 0.0000e+00
 187.482214      7.000  34.962055    10.0523    4.19309      6.941    31.7687    24.4214 0.0000e+00
 187.482227      8.000  34.913424     9.9244    4.46207      7.933    31.8317    24.4915 0.0000e+00
 187.482239      9.000  34.901765     9.7973    4.83116      8.925    31.9318    24.5904 0.0000e+00
 187.482250     10.000  34.965020     9.7238    5.23824      9.916    32.0610    24.7032 0.0000e+00
 187.482261     11.000  35.051937     9.6965    5.52928     10.908    32.1736    24.7956 0.0000e+00
 187.482273     12.000  35.093129     9.5674    5.62372     11.900    32.3311    24.9394 0.0000e+00
 187.482284     13.000  35.019291     9.4046    5.61732     12.891    32.4020    25.0209 0.0000e+00
 187.482294     14.000  34.920188     9.2600    5.62628     13.883    32.4307    25.0663 0.0000e+00
 187.482305     15.000  34.819499     9.1088    5.65257     14.874    32.4637    25.1159 0.0000e+00
 187.482316     16.000  34.713380     8.9522    5.58051     15.866    32.4962    25.1657 0.0000e+00
 187.482327     17.000  34.609059     8.8141    5.47895     16.857    32.5136    25.2006 0.0000e+00
 187.482339     18.000  34.556241     8.7428    5.43161     17.849    32.5235    25.2192 0.0000e+00
 187.482351     19.000  34.539735     8.7144    5.40468     18.840    32.5319    25.2302 0.0000e+00
 187.482363     20.000  34.526058     8.6949    5.41482     19.832    32.5351    25.2356 0.0000e+00
 187.482374     21.000  34.503922     8.6533    5.44519     20.824    32.5497    25.2534 0.0000e+00
 187.482386     22.000  34.445376     8.5621    5.43381     21.816    32.5719    25.2846 0.0000e+00
 187.482399     23.000  34.387142     8.4604    5.40212     22.807    32.6041    25.3252 0.0000e+00
 187.482411     24.000  34.371978     8.4093    5.33906     23.799    32.6350    25.3571 0.0000e+00
 187.482423     25.000  34.373024     8.4009    5.26993     24.790    32.6435    25.3650 0.0000e+00
 187.482436     26.000  34.378027     8.3857    5.22044     25.781    32.6624    25.3820 0.0000e+00
 187.482448     27.000  34.371016     8.3346    5.17778     26.773    32.7020    25.4207 0.0000e+00
 187.482461     28.000  34.370936     8.2930    5.13558     27.764    32.7402    25.4568 0.0000e+00
 187.482473     29.000  34.374478     8.2696    5.09511     28.756    32.7652    25.4800 0.0000e+00
 187.482485     30.000  34.378406     8.2596    5.04787     29.747    32.7783    25.4917 0.0000e+00
 187.482497     31.000  34.384021     8.2458    5.00478     30.739    32.7966    25.5081 0.0000e+00
 187.482509     32.000  34.391508     8.2325    4.94204     31.730    32.8166    25.5258 0.0000e+00
 187.482520     33.000  34.400297     8.2167    4.82558     32.722    32.8402    25.5466 0.0000e+00
 187.482532     34.000  34.420232     8.1874    4.73757     33.713    32.8883    25.5887 0.0000e+00
 187.482544     35.000  34.450360     8.1635    4.66677     34.705    32.9422    25.6346 0.0000e+00
 187.482557     36.000  34.460765     8.1520    4.54246     35.696    32.9636    25.6530 0.0000e+00
 187.482570     37.000  34.479611     8.1255    4.33818     36.688    33.0081    25.6919 0.0000e+00
 187.482582     38.000  34.517610     8.0857    4.13391     37.679    33.0856    25.7585 0.0000e+00
 187.482595     39.000  34.563123     8.0448    3.91620     38.670    33.1723    25.8326 0.0000e+00
 187.482607     40.000  34.617892     7.9924    3.70904     39.662    33.2799    25.9248 0.0000e+00
 187.482620     41.000  34.647305     7.9311    3.53565     40.654    33.3694    26.0039 0.0000e+00
 187.482632     42.000  34.667413     7.8722    3.39714     41.645    33.4468    26.0734 0.0000e+00
 187.482645     43.000  34.684701     7.8117    3.28071     42.637    33.5229    26.1419 0.0000e+00
 187.482658     44.000  34.706865     7.7535    3.16009     43.628    33.6023    26.2128 0.0000e+00
 187.482672     45.000  34.724176     7.6893    3.07621     44.619    33.6825    26.2850 0.0000e+00
 187.482685     46.000  34.742384     7.6637    3.00452     45.611    33.7265    26.3232 0.0000e+00
 187.482702     47.000  34.759800     7.6496    3.00496     46.602    33.7585    26.3504 0.0000e+00
 187.482727     48.000  34.770742     7.6706    2.99496     47.594    33.7494    26.3403 0.0000e+00
 186.721203     50.000  34.622107     7.6009    2.85967     49.577    33.6407    26.2612 0.0000e+00
