data/oxygen options/ONMS/Olympic_Coast_National_Marine_Sanctuary_CTD_Data_2005_2023/raw_data/2006/CTD_TH042_050306faed.cnv
* Sea-Bird SBE19 Data File:
* FileName = C:\MOORING_DATA_2006\CTD_TH042_050306.hex
* Software Version 1.1.6
* Temperature SN = 2997
* Conductivity SN = 2997
* System UpLoad Time = May 03 2006 09:39:22
** TH042_FLUOROMETER COMPARISON
**
# nquan = 9                                 
# nvalues = 2000                        
# units = specified
# name 0 = timeJ: Julian Days
# name 1 = prSM: Pressure, Strain Gauge [db]
# name 2 = c0mS/cm: Conductivity [mS/cm]
# name 3 = t090C: Temperature [ITS-90, deg C]
# name 4 = oxML/L: Oxygen, Beckman/YSI [ml/l]
# name 5 = depSM: Depth [salt water, m], lat = 47.5
# name 6 = sal00: Salinity, Practical [PSU]
# name 7 = sigma-é00: Density [sigma-theta, kg/m^3]
# name 8 = flag: flag
# span 0 = 123.379213, 123.390781       
# span 1 =     -4.598,     36.033       
# span 2 =   0.029919,  35.780663       
# span 3 =     8.2511,    12.8452       
# span 4 =  -12.15536,   41.73231       
# span 5 =     -4.560,     35.729       
# span 6 =     0.0215,    33.5924       
# span 7 =    -0.5845,    26.1316       
# span 8 = 0.0000e+00, 0.0000e+00       
# interval = seconds: 0.5
# start_time = May 03 2006 09:06:04 [Instrument's time stamp, header]
# bad_flag = -9.990e-29
*END*
[from data line 1441]
 123.387552     22.035  35.132317     8.3868    3.20182     21.850    33.4602    26.0074 -9.990e-29
 123.387558     22.073  35.132122     8.3873    3.19099     21.888    33.4595    26.0067 -9.990e-29
 123.387564     22.110  35.131922     8.3878    3.20010     21.924    33.4588    26.0061 -9.990e-29
 123.387569     22.140  35.132013     8.3882    3.19561     21.954    33.4585    26.0058 -9.990e-29
 123.387575     22.156  35.132326     8.3879    3.19990     21.970    33.4591    26.0064 -9.990e-29
 123.387581     22.150  35.132720     8.3871    3.20371     21.964    33.4603    26.0074 -9.990e-29
 123.387587     22.123  35.132974     8.3864    3.20185     21.937    33.4612    26.0082 -9.990e-29
 123.387593     22.085  35.132868     8.3862    3.20415     21.900    33.4613    26.0083 -9.990e-29
 123.387598     22.051  35.132641     8.3863    3.20010     21.866    33.4610    26.0081 -9.990e-29
 123.387604     22.032  35.132554     8.3865    3.20087     21.847    33.4607    26.0078 -9.990e-29
 123.387610     22.030  35.132497     8.3866    3.20074     21.845    33.4606    26.0077 -9.990e-29
 123.387616     22.042  35.132396     8.3870    3.20006     21.857    33.4601    26.0073 -9.990e-29
 123.387622     22.055  35.132119     8.3876    3.20006     21.870    33.4592    26.0065 -9.990e-29
 123.387627     22.062  35.131863     8.3882    3.20894     21.877    33.4584    26.0057 -9.990e-29
 123.387633     22.066  35.131850     8.3886    3.20162     21.881    33.4580    26.0054 -9.990e-29
 123.387639     22.078  35.132065     8.3885    3.19113     21.893    33.4583    26.0056 -9.990e-29
 123.387645     22.102  35.132241     8.3880    3.19572     21.916    33.4589    26.0062 -9.990e-29
 123.387650     22.131  35.132053     8.3878    3.18657     21.945    33.4589    26.0062 -9.990e-29
 123.387656     22.154  35.131813     8.3879    3.19156     21.968    33.4586    26.0059 -9.990e-29
 123.387662     22.164  35.131765     8.3879    3.20199     21.978    33.4585    26.0059 -9.990e-29
 123.387668     22.158  35.131850     8.3878    3.20270     21.972    33.4587    26.0060 -9.990e-29
 123.387674     22.138  35.132183     8.3881    3.20580     21.952    33.4588    26.0061 -9.990e-29
 123.387679     22.110  35.132651     8.3889    3.21299     21.924    33.4585    26.0057 -9.990e-29
 123.387685     22.073  35.132761     8.3894    3.21099     21.888    33.4582    26.0054 -9.990e-29
 123.387691     22.041  35.132663     8.3893    3.20192     21.856    33.4582    26.0054 -9.990e-29
 123.387697     22.026  35.132792     8.3892    3.20708     21.841    33.4584    26.0056 -9.990e-29
 123.387703     22.037  35.132763     8.3894    3.20485     21.852    33.4582    26.0054 -9.990e-29
 123.387708     22.066  35.132540     8.3895    3.20610     21.881    33.4578    26.0051 -9.990e-29
 123.387714     22.098  35.132390     8.3894    3.20890     21.912    33.4578    26.0051 -9.990e-29
 123.387720     22.122  35.132118     8.3895    3.20472     21.936    33.4574    26.0048 -9.990e-29
 123.387726     22.136  35.131922     8.3897    3.20479     21.950    33.4570    26.0044 -9.990e-29
 123.387731     22.144  35.132105     8.3899    3.20452     21.958    33.4570    26.0044 -9.990e-29
 123.387737     22.155  35.132354     8.3901    3.20482     21.969    33.4570    26.0044 -9.990e-29
 123.387743     22.170  35.132444     8.3903    3.20502     21.984    33.4569    26.0043 -9.990e-29
 123.387749     22.182  35.132500     8.3905    3.19604     21.996    33.4568    26.0042 -9.990e-29
 123.387755     22.183  35.132600     8.3907    3.19392     21.997    33.4567    26.0041 -9.990e-29
 123.387760     22.169  35.132881     8.3908    3.19365     21.983    33.4569    26.0042 -9.990e-29
 123.387766     22.146  35.133159     8.3910    3.20459     21.960    33.4570    26.0043 -9.990e-29
 123.387772     22.123  35.133245     8.3910    3.21073     21.937    33.4571    26.0043 -9.990e-29
 123.387778     22.098  35.133260     8.3910    3.20172     21.912    33.4572    26.0044 -9.990e-29
 123.387784     22.073  35.133227     8.3909    3.20685     21.888    33.4572    26.0044 -9.990e-29
 123.387789     22.056  35.133108     8.3905    3.19561     21.871    33.4575    26.0047 -9.990e-29
 123.387795     22.050  35.132747     8.3899    3.20452     21.865    33.4577    26.0049 -9.990e-29
 123.387801     22.046  35.132225     8.3898    3.20830     21.861    33.4572    26.0046 -9.990e-29
 123.387807     22.026  35.131972     8.3901    3.20624     21.841    33.4567    26.0041 -9.990e-29
 123.387813     21.976  35.132215     8.3905    3.21690     21.791    33.4566    26.0040 -9.990e-29
 123.387818     21.897  35.132720     8.3907    3.20474     21.713    33.4570    26.0043 -9.990e-29
 123.387824     21.807  35.133041     8.3908    3.20876     21.624    33.4573    26.0045 -9.990e-29
 123.387830     21.715  35.133051     8.3909    3.20676     21.533    33.4572    26.0044 -9.990e-29
 123.387836     21.617  35.132766     8.3911    3.20187     21.435    33.4568    26.0040 -9.990e-29
 123.387841     21.498  35.132371     8.3916    3.22199     21.317    33.4559    26.0033 -9.990e-29
 123.387847     21.345  35.132466     8.3926    3.23084     21.166    33.4552    26.0025 0.0000e+00
 123.387853     21.153  35.133180     8.3940    3.24091     20.975    33.4547    26.0019 0.0000e+00
 123.387859     20.924  35.134348     8.3966    3.24721     20.748    33.4535    26.0007 0.0000e+00
 123.387865     20.654  35.135848     8.4021    3.25342     20.481    33.4500    25.9971 0.0000e+00
 123.387870     20.341  35.138001     8.4136    3.26566     20.170    33.4415    25.9887 0.0000e+00
 123.387876     19.988  35.142558     8.4328    3.28865     19.820    33.4283    25.9754 0.0000e+00
 123.387882     19.614  35.150554     8.4559    3.30282     19.449    33.4150    25.9614 0.0000e+00
 123.387888     19.236  35.159756     8.4749    3.32803     19.075    33.4069    25.9522 0.0000e+00
 123.387894     18.870  35.166735     8.4856    3.34500     18.712    33.4043    25.9485 0.0000e+00
 123.387899     18.517  35.170147     8.4919    3.37538     18.362    33.4021    25.9458 0.0000e+00
 123.387905     18.168  35.171185     8.4999    3.43003     18.016    33.3957    25.9397 0.0000e+00
 123.387911     17.813  35.171798     8.5159    3.49316     17.664    33.3814    25.9260 0.0000e+00
 123.387917     17.448  35.173372     8.5421    3.56014     17.302    33.3584    25.9040 0.0000e+00
 123.387922     17.071  35.176326     8.5710    3.63349     16.928    33.3344    25.8807 0.0000e+00
 123.387928     16.686  35.179557     8.5949    3.73184     16.546    33.3154    25.8622 0.0000e+00
 123.387934     16.301  35.182896     8.6174    3.83249     16.164    33.2979    25.8450 0.0000e+00
 123.387940     15.915  35.188001     8.6442    3.91614     15.782    33.2782    25.8255 0.0000e+00
 123.387946     15.531  35.196078     8.6756    4.00141     15.401    33.2573    25.8043 0.0000e+00
 123.387951     15.149  35.206684     8.7053    4.08801     15.022    33.2407    25.7867 0.0000e+00
 123.387957     14.766  35.216017     8.7275    4.18215     14.642    33.2298    25.7747 0.0000e+00
 123.387963     14.376  35.221384     8.7549    4.27340     14.256    33.2099    25.7549 0.0000e+00
 123.387969     13.970  35.226587     8.8021    4.36698     13.853    33.1713    25.7174 0.0000e+00
 123.387975     13.545  35.236884     8.8546    4.44299     13.432    33.1332    25.6794 0.0000e+00
 123.387980     13.112  35.251428     8.8887    4.50392     13.002    33.1167    25.6612 0.0000e+00
 123.387986     12.681  35.266063     8.9024    4.55249     12.575    33.1194    25.6612 0.0000e+00
 123.387992     12.246  35.279002     8.9084    4.60754     12.143    33.1275    25.6666 0.0000e+00
 123.387998     11.807  35.287872     8.9165    4.69154     11.708    33.1294    25.6668 0.0000e+00
 123.388003     11.369  35.292163     8.9349    4.76636     11.274    33.1169    25.6541 0.0000e+00
 123.388009     10.933  35.296480     8.9723    4.82237     10.841    33.0867    25.6247 0.0000e+00
 123.388015     10.499  35.307708     9.0234    4.86573     10.411    33.0511    25.5887 0.0000e+00
 123.388021     10.068  35.326799     9.0657    4.89983      9.984    33.0318    25.5670 0.0000e+00
 123.388027      9.648  35.346121     9.0892    4.93003      9.567    33.0303    25.5621 0.0000e+00
 123.388032      9.241  35.361720     9.0999    4.95971      9.164    33.0367    25.5655 0.0000e+00
 123.388038      8.843  35.371967     9.1037    5.00359      8.769    33.0440    25.5706 0.0000e+00
 123.388044      8.446  35.373139     9.1049    5.05768      8.375    33.0443    25.5706 0.0000e+00
 123.388050      8.047  35.366244     9.1067    5.12013      7.980    33.0357    25.5635 0.0000e+00
 123.388056      7.649  35.356682     9.1105    5.19111      7.585    33.0224    25.5526 0.0000e+00
 123.388061      7.261  35.349098     9.1192    5.26494      7.200    33.0066    25.5388 0.0000e+00
 123.388067      6.889  35.345170     9.1388    5.32563      6.831    32.9846    25.5185 0.0000e+00
 123.388073      6.535  35.345274     9.1703    5.39115      6.480    32.9557    25.4909 0.0000e+00
 123.388079      6.207  35.350117     9.2015    5.43265      6.155    32.9320    25.4675 0.0000e+00
 123.388084      5.917  35.359993     9.2237    5.44416      5.868    32.9219    25.4560 0.0000e+00
 123.388090      5.673  35.371812     9.2386    5.44715      5.626    32.9205    25.4525 0.0000e+00
 123.388096      5.473  35.380028     9.2473    5.43812      5.427    32.9210    25.4516 0.0000e+00
 123.388102      5.311  35.383259     9.2528    5.41761      5.267    32.9194    25.4494 -9.990e-29
 123.388108      5.187  35.384696     9.2589    5.39498      5.144    32.9153    25.4452 -9.990e-29
 123.388113      5.101  35.387945     9.2632    5.36708      5.058    32.9147    25.4441 -9.990e-29
 123.388119      5.051  35.391734     9.2589    5.34835      5.009    32.9226    25.4510 -9.990e-29
 123.388125      5.031  35.389338     9.2464    5.34277      4.989    32.9317    25.4600 -9.990e-29
 123.388131      5.031  35.382053     9.2366    5.34991      4.989    32.9332    25.4628 -9.990e-29
 123.388137      5.042  35.378123     9.2338    5.35527      5.000    32.9317    25.4621 -9.990e-29
 123.388142      5.056  35.377915     9.2341    5.36614      5.014    32.9312    25.4616 -9.990e-29
 123.388148      5.066  35.378348     9.2356    5.38777      5.024    32.9303    25.4607 -9.990e-29
 123.388154      5.063  35.378880     9.2369    5.40147      5.021    32.9296    25.4599 -9.990e-29
 123.388160      5.047  35.379663     9.2382    5.41411      5.005    32.9292    25.4594 -9.990e-29
 123.388166      5.027  35.381184     9.2406    5.41970      4.985    32.9286    25.4586 -9.990e-29
 123.388171      5.009  35.383231     9.2441    5.42392      4.967    32.9275    25.4571 -9.990e-29
 123.388177      4.996  35.385734     9.2490    5.43368      4.954    32.9256    25.4548 -9.990e-29
 123.388183      4.988  35.389789     9.2563    5.45100      4.946    32.9230    25.4517 -9.990e-29
 123.388189      4.988  35.395757     9.2645    5.46148      4.946    32.9216    25.4493 -9.990e-29
 123.388194      4.996  35.402625     9.2708    5.47033      4.954    32.9229    25.4493 -9.990e-29
 123.388200      5.004  35.409457     9.2740    5.46835      4.962    32.9270    25.4520 -9.990e-29
 123.388206      5.009  35.413023     9.2763    5.46353      4.967    32.9286    25.4529 -9.990e-29
 123.388212      5.011  35.411913     9.2799    5.46112      4.969    32.9241    25.4488 -9.990e-29
 123.388218      5.014  35.410821     9.2843    5.46330      4.972    32.9189    25.4440 -9.990e-29
 123.388223      5.023  35.412782     9.2877    5.46709      4.981    32.9178    25.4426 -9.990e-29
 123.388229      5.034  35.415366     9.2889    5.47174      4.992    32.9194    25.4437 -9.990e-29
 123.388235      5.039  35.415852     9.2883    5.46834      4.997    32.9204    25.4446 -9.990e-29
 123.388241      5.034  35.414890     9.2867    5.45483      4.992    32.9209    25.4452 -9.990e-29
 123.388247      5.023  35.413447     9.2845    5.45654      4.981    32.9215    25.4460 -9.990e-29
 123.388252      5.014  35.411844     9.2828    5.45477      4.972    32.9214    25.4462 -9.990e-29
 123.388258      5.015  35.411317     9.2828    5.44723      4.973    32.9208    25.4458 -9.990e-29
 123.388264      5.026  35.412289     9.2837    5.45540      4.984    32.9210    25.4458 -9.990e-29
 123.388270      5.039  35.413252     9.2842    5.44405      4.997    32.9215    25.4461 -9.990e-29
 123.388275      5.046  35.413246     9.2836    5.44371      5.004    32.9221    25.4466 -9.990e-29
 123.388281      5.044  35.412268     9.2821    5.44603      5.002    32.9224    25.4471 -9.990e-29
 123.388287      5.042  35.410698     9.2795    5.43558      5.000    32.9232    25.4482 -9.990e-29
 123.388293      5.046  35.409251     9.2758    5.43808      5.004    32.9251    25.4502 -9.990e-29
 123.388299      5.054  35.407682     9.2728    5.44688      5.012    32.9263    25.4516 -9.990e-29
 123.388304      5.058  35.406146     9.2721    5.45085      5.016    32.9253    25.4510 -9.990e-29
 123.388310      5.049  35.405398     9.2738    5.46190      5.007    32.9230    25.4489 -9.990e-29
 123.388316      5.026  35.405566     9.2764    5.46272      4.984    32.9208    25.4467 -9.990e-29
 123.388322      4.997  35.406314     9.2785    5.45685      4.955    32.9196    25.4455 -9.990e-29
 123.388328      4.973  35.407519     9.2797    5.46280      4.931    32.9198    25.4454 -9.990e-29
 123.388333      4.969  35.409110     9.2799    5.46116      4.927    32.9212    25.4465 -9.990e-29
 123.388339      4.989  35.410405     9.2794    5.46139      4.947    32.9230    25.4480 -9.990e-29
 123.388345      5.021  35.410891     9.2785    5.45887      4.979    32.9244    25.4492 -9.990e-29
 123.388351      5.051  35.410655     9.2778    5.46479      5.009    32.9247    25.4496 -9.990e-29
 123.388356      5.068  35.409943     9.2778    5.47478      5.026    32.9240    25.4490 -9.990e-29
 123.388362      5.068  35.409491     9.2787    5.47641      5.026    32.9227    25.4479 -9.990e-29
 123.388368      5.052  35.409819     9.2807    5.47287      5.010    32.9212    25.4464 -9.990e-29
 123.388374      5.023  35.410806     9.2833    5.46911      4.981    32.9198    25.4449 -9.990e-29
 123.388380      4.991  35.412086     9.2856    5.46459      4.949    32.9191    25.4439 -9.990e-29
 123.388385      4.972  35.413686     9.2867    5.47415      4.930    32.9197    25.4443 -9.990e-29
 123.388391      4.973  35.414936     9.2866    5.47407      4.931    32.9211    25.4454 -9.990e-29
 123.388397      4.986  35.414702     9.2859    5.47337      4.944    32.9215    25.4458 -9.990e-29
 123.388403      4.994  35.413796     9.2858    5.47150      4.952    32.9206    25.4451 -9.990e-29
 123.388409      4.990  35.413253     9.2868    5.47535      4.948    32.9192    25.4438 -9.990e-29
 123.388414      4.981  35.413474     9.2882    5.47905      4.939    32.9181    25.4428 -9.990e-29
 123.388420      4.980  35.414756     9.2890    5.48622      4.938    32.9187    25.4431 -9.990e-29
 123.388426      4.991  35.416006     9.2884    5.49462      4.949    32.9205    25.4446 -9.990e-29
 123.388432      5.011  35.415526     9.2876    5.49280      4.969    32.9208    25.4449 -9.990e-29
 123.388437      5.027  35.414360     9.2882    5.48949      4.985    32.9190    25.4435 -9.990e-29
 123.388443      5.029  35.414882     9.2902    5.49283      4.987    32.9177    25.4421 -9.990e-29
 123.388449      5.020  35.416668     9.2925    5.48373      4.978    32.9174    25.4415 -9.990e-29
 123.388455      5.017  35.418734     9.2940    5.48904      4.975    32.9182    25.4419 -9.990e-29
 123.388461      5.024  35.420473     9.2939    5.48927      4.982    32.9201    25.4434 -9.990e-29
 123.388466      5.034  35.420279     9.2930    5.48716      4.992    32.9207    25.4440 -9.990e-29
