data/oxygen options/ONMS/Olympic_Coast_National_Marine_Sanctuary_CTD_Data_2005_2023/raw_data/2006/CTD_CA015_060606faed.cnv
* Sea-Bird SBE19 Data File:
* FileName = C:\MOORING_DATA_2006\CTD_CA015_060606.hex
* Software Version 1.1.6
* Temperature SN = 2997
* Conductivity SN = 2997
* System UpLoad Time = Jun 06 2006 18:10:25
* SEACAT PROFILER V3.1c SN 2997   06/06/06  18:09:50.325
* strain gauge pressure sensor: S/N = 184829,  range = 3000 psia,  tc = 40
# nquan = 9                                 
# nvalues = 1189                        
# units = specified
# name 0 = timeJ: Julian Days
# name 1 = prSM: Pressure, Strain Gauge [db]
# name 2 = c0mS/cm: Conductivity [mS/cm]
# name 3 = t090C: Temperature [ITS-90, deg C]
# name 4 = oxML/L: Oxygen, Beckman/YSI [ml/l]
# name 5 = depSM: Depth [salt water, m], lat = 47.5
# name 6 = sal00: Salinity, Practical [PSU]
# name 7 = sigma-é00: Density [sigma-theta, kg/m^3]
# name 8 = flag: flag
# span 0 = 157.734201, 157.741076       
# span 1 =     -5.774,     14.893       
# span 2 =   0.345102,  35.876533       
# span 3 =    11.6526,    15.9220       
# span 4 =   -0.06773,   31.12844       
# span 5 =     -5.726,     14.768       
# span 6 =     0.2057,    31.2516       
# span 7 =    -0.7725,    23.7428       
# span 8 = 0.0000e+00, 0.0000e+00       
# interval = seconds: 0.5
# start_time = Jun 06 2006 17:37:15 [Instrument's time stamp, header]
# bad_flag = -9.990e-29
*END*
[from data line 961]
 157.739763      3.280  34.233922    15.8400    6.65752      3.253    26.6402    19.3629 -9.990e-29
 157.739769      3.265  34.235727    15.8404    6.66205      3.238    26.6415    19.3638 -9.990e-29
 157.739774      3.255  34.236559    15.8378    6.66720      3.228    26.6440    19.3663 -9.990e-29
 157.739780      3.264  34.236412    15.8337    6.65280      3.237    26.6466    19.3692 -9.990e-29
 157.739786      3.287  34.236216    15.8309    6.66478      3.260    26.6483    19.3711 -9.990e-29
 157.739792      3.304  34.236270    15.8315    6.66858      3.276    26.6479    19.3707 -9.990e-29
 157.739797      3.308  34.236651    15.8340    6.67016      3.280    26.6466    19.3691 -9.990e-29
 157.739803      3.312  34.237313    15.8350    6.66627      3.284    26.6465    19.3688 -9.990e-29
 157.739809      3.320  34.238026    15.8326    6.65800      3.292    26.6487    19.3710 -9.990e-29
 157.739815      3.325  34.238625    15.8300    6.66124      3.297    26.6509    19.3733 -9.990e-29
 157.739821      3.322  34.238795    15.8319    6.65839      3.294    26.6498    19.3720 -9.990e-29
 157.739826      3.312  34.238768    15.8361    6.65976      3.284    26.6470    19.3690 -9.990e-29
 157.739832      3.297  34.239072    15.8353    6.65310      3.269    26.6478    19.3698 -9.990e-29
 157.739838      3.282  34.239001    15.8281    6.63938      3.255    26.6526    19.3750 -9.990e-29
 157.739844      3.265  34.237907    15.8223    6.64461      3.238    26.6555    19.3785 -9.990e-29
 157.739850      3.249  34.237139    15.8250    6.65312      3.222    26.6531    19.3760 -9.990e-29
 157.739855      3.238  34.237363    15.8317    6.66741      3.211    26.6487    19.3713 -9.990e-29
 157.739861      3.232  34.237200    15.8335    6.67379      3.205    26.6474    19.3698 -9.990e-29
 157.739867      3.229  34.235879    15.8288    6.67579      3.202    26.6494    19.3724 -9.990e-29
 157.739873      3.229  34.232769    15.8228    6.67223      3.202    26.6508    19.3747 -9.990e-29
 157.739878      3.233  34.228776    15.8200    6.67655      3.206    26.6492    19.3741 -9.990e-29
 157.739884      3.236  34.227554    15.8212    6.66774      3.209    26.6473    19.3724 -9.990e-29
 157.739890      3.235  34.229719    15.8254    6.66861      3.208    26.6464    19.3708 -9.990e-29
 157.739896      3.233  34.231996    15.8299    6.68165      3.206    26.6453    19.3690 -9.990e-29
 157.739902      3.235  34.232942    15.8314    6.68252      3.208    26.6451    19.3686 -9.990e-29
 157.739907      3.241  34.233266    15.8296    6.68341      3.214    26.6466    19.3701 -9.990e-29
 157.739913      3.251  34.233407    15.8276    6.67631      3.224    26.6481    19.3716 -9.990e-29
 157.739919      3.266  34.233559    15.8282    6.68079      3.239    26.6478    19.3713 -9.990e-29
 157.739925      3.282  34.233933    15.8317    6.68990      3.255    26.6458    19.3690 -9.990e-29
 157.739931      3.297  34.234469    15.8371    6.69155      3.269    26.6426    19.3654 -9.990e-29
 157.739936      3.311  34.234208    15.8430    6.69356      3.283    26.6384    19.3609 -9.990e-29
 157.739942      3.321  34.233368    15.8473    6.67789      3.293    26.6348    19.3573 -9.990e-29
 157.739948      3.323  34.233643    15.8493    6.67944      3.295    26.6337    19.3560 -9.990e-29
 157.739954      3.317  34.234845    15.8512    6.68681      3.289    26.6335    19.3554 -9.990e-29
 157.739959      3.308  34.235780    15.8543    6.69218      3.280    26.6322    19.3538 -9.990e-29
 157.739965      3.303  34.235459    15.8575    6.68809      3.275    26.6298    19.3512 -9.990e-29
 157.739971      3.301  34.233461    15.8600    6.67480      3.273    26.6264    19.3481 -9.990e-29
 157.739977      3.300  34.232175    15.8618    6.68052      3.272    26.6241    19.3459 -9.990e-29
 157.739983      3.302  34.233257    15.8657    6.68644      3.274    26.6224    19.3438 -9.990e-29
 157.739988      3.312  34.234791    15.8740    6.69670      3.284    26.6181    19.3388 -9.990e-29
 157.739994      3.326  34.234345    15.8826    6.68677      3.298    26.6120    19.3322 -9.990e-29
 157.740000      3.337  34.231891    15.8860    6.67087      3.309    26.6076    19.3282 -9.990e-29
 157.740006      3.342  34.230894    15.8842    6.66983      3.314    26.6079    19.3288 -9.990e-29
 157.740012      3.340  34.232835    15.8823    6.67221      3.312    26.6109    19.3315 -9.990e-29
 157.740017      3.335  34.235824    15.8844    6.68062      3.307    26.6120    19.3319 -9.990e-29
 157.740023      3.337  34.238804    15.8889    6.68752      3.309    26.6116    19.3306 -9.990e-29
 157.740029      3.345  34.240149    15.8917    6.67300      3.317    26.6109    19.3295 -9.990e-29
 157.740035      3.350  34.239414    15.8929    6.66908      3.322    26.6094    19.3281 -9.990e-29
 157.740041      3.350  34.238993    15.8938    6.66961      3.322    26.6085    19.3272 -9.990e-29
 157.740046      3.344  34.239452    15.8941    6.67225      3.316    26.6087    19.3273 -9.990e-29
 157.740052      3.331  34.239728    15.8938    6.67802      3.303    26.6091    19.3277 -9.990e-29
 157.740058      3.315  34.239635    15.8926    6.66933      3.287    26.6098    19.3285 -9.990e-29
 157.740064      3.304  34.238495    15.8890    6.65460      3.276    26.6113    19.3303 -9.990e-29
 157.740069      3.297  34.235354    15.8835    6.65716      3.269    26.6122    19.3323 -9.990e-29
 157.740075      3.290  34.231640    15.8796    6.66607      3.263    26.6117    19.3326 -9.990e-29
 157.740081      3.285  34.229132    15.8781    6.68150      3.258    26.6105    19.3321 -9.990e-29
 157.740087      3.288  34.226737    15.8753    6.69314      3.261    26.6103    19.3325 -9.990e-29
 157.740093      3.297  34.222387    15.8686    6.69260      3.269    26.6111    19.3345 -9.990e-29
 157.740098      3.310  34.215899    15.8609    6.69699      3.282    26.6106    19.3358 -9.990e-29
 157.740104      3.319  34.210402    15.8588    6.69997      3.291    26.6073    19.3337 -9.990e-29
 157.740110      3.320  34.210344    15.8643    6.69244      3.292    26.6036    19.3297 -9.990e-29
 157.740116      3.314  34.216774    15.8727    6.68284      3.286    26.6035    19.3278 -9.990e-29
 157.740122      3.303  34.224255    15.8785    6.67049      3.275    26.6060    19.3286 -9.990e-29
 157.740127      3.296  34.228189    15.8804    6.66030      3.268    26.6082    19.3298 -9.990e-29
 157.740133      3.297  34.229906    15.8799    6.66259      3.269    26.6100    19.3313 -9.990e-29
 157.740139      3.305  34.230023    15.8786    6.67438      3.277    26.6109    19.3323 -9.990e-29
 157.740145      3.322  34.228140    15.8757    6.67993      3.294    26.6113    19.3332 -9.990e-29
 157.740150      3.344  34.223434    15.8705    6.69544      3.316    26.6107    19.3338 -9.990e-29
 157.740156      3.364  34.214122    15.8658    6.70315      3.336    26.6058    19.3311 -9.990e-29
 157.740162      3.379  34.204055    15.8642    6.69436      3.351    26.5982    19.3256 -9.990e-29
 157.740168      3.390  34.198879    15.8648    6.69553      3.362    26.5933    19.3218 -9.990e-29
 157.740174      3.397  34.198428    15.8666    6.68239      3.369    26.5918    19.3202 -9.990e-29
 157.740179      3.402  34.202668    15.8694    6.68789      3.374    26.5935    19.3209 -9.990e-29
 157.740185      3.403  34.211089    15.8724    6.69169      3.375    26.5988    19.3243 -9.990e-29
 157.740191      3.402  34.218106    15.8743    6.69125      3.374    26.6035    19.3275 -9.990e-29
 157.740197      3.399  34.220186    15.8748    6.68505      3.371    26.6050    19.3286 -9.990e-29
 157.740203      3.392  34.219547    15.8745    6.66110      3.364    26.6046    19.3284 -9.990e-29
 157.740208      3.382  34.219829    15.8753    6.65562      3.354    26.6044    19.3280 -9.990e-29
 157.740214      3.369  34.221977    15.8781    6.66679      3.341    26.6043    19.3273 -9.990e-29
 157.740220      3.354  34.223813    15.8807    6.68393      3.326    26.6042    19.3267 -9.990e-29
 157.740226      3.347  34.223869    15.8802    6.70001      3.319    26.6046    19.3271 -9.990e-29
 157.740231      3.351  34.221105    15.8756    6.69770      3.323    26.6053    19.3286 -9.990e-29
 157.740237      3.362  34.213525    15.8699    6.67766      3.334    26.6025    19.3277 -9.990e-29
 157.740243      3.372  34.203363    15.8677    6.67207      3.344    26.5953    19.3226 -9.990e-29
 157.740249      3.373  34.199502    15.8693    6.67688      3.345    26.5909    19.3189 -9.990e-29
 157.740255      3.361  34.204090    15.8709    6.69017      3.333    26.5938    19.3208 -9.990e-29
 157.740260      3.344  34.208669    15.8688    6.69679      3.316    26.5991    19.3253 -9.990e-29
 157.740266      3.334  34.209261    15.8620    6.69368      3.306    26.6042    19.3307 -9.990e-29
 157.740272      3.329  34.206662    15.8545    6.67033      3.301    26.6070    19.3344 -9.990e-29
 157.740278      3.321  34.203581    15.8528    6.65609      3.293    26.6055    19.3336 -9.990e-29
 157.740284      3.306  34.203766    15.8575    6.66618      3.278    26.6025    19.3303 -9.990e-29
 157.740289      3.286  34.206345    15.8632    6.68112      3.259    26.6009    19.3279 -9.990e-29
 157.740295      3.273  34.209156    15.8654    6.70008      3.246    26.6018    19.3281 -9.990e-29
 157.740301      3.274  34.209788    15.8623    6.71361      3.247    26.6045    19.3308 -9.990e-29
 157.740307      3.287  34.205169    15.8570    6.69458      3.260    26.6040    19.3316 -9.990e-29
 157.740312      3.302  34.198116    15.8558    6.67175      3.274    26.5987    19.3278 -9.990e-29
 157.740318      3.313  34.196053    15.8605    6.65765      3.285    26.5938    19.3230 -9.990e-29
 157.740324      3.315  34.200720    15.8673    6.66604      3.287    26.5933    19.3212 -9.990e-29
 157.740330      3.313  34.207130    15.8732    6.68396      3.285    26.5948    19.3211 -9.990e-29
 157.740336      3.316  34.212625    15.8771    6.69890      3.288    26.5970    19.3219 -9.990e-29
 157.740341      3.328  34.217249    15.8769    6.70563      3.300    26.6011    19.3251 -9.990e-29
 157.740347      3.346  34.217642    15.8731    6.68682      3.318    26.6040    19.3281 -9.990e-29
 157.740353      3.357  34.213775    15.8726    6.67671      3.329    26.6010    19.3259 -9.990e-29
 157.740359      3.355  34.212834    15.8779    6.67104      3.327    26.5966    19.3215 -9.990e-29
 157.740365      3.342  34.216932    15.8832    6.67532      3.314    26.5966    19.3203 -9.990e-29
 157.740370      3.327  34.222006    15.8849    6.68828      3.299    26.5998    19.3224 -9.990e-29
 157.740376      3.318  34.225861    15.8845    6.70161      3.290    26.6034    19.3253 -9.990e-29
 157.740382      3.317  34.228037    15.8837    6.70262      3.289    26.6058    19.3273 -9.990e-29
 157.740388      3.322  34.229760    15.8840    6.67158      3.294    26.6071    19.3282 -9.990e-29
 157.740394      3.318  34.232210    15.8865    6.65407      3.290    26.6075    19.3280 -9.990e-29
 157.740399      3.303  34.234175    15.8913    6.65358      3.275    26.6060    19.3258 -9.990e-29
 157.740405      3.287  34.236039    15.8987    6.66593      3.260    26.6027    19.3217 -9.990e-29
 157.740411      3.283  34.239733    15.9086    6.68920      3.256    26.5992    19.3169 -9.990e-29
 157.740417      3.293  34.244023    15.9175    6.70253      3.265    26.5969    19.3133 -9.990e-29
 157.740422      3.312  34.243984    15.9213    6.69753      3.284    26.5943    19.3105 -9.990e-29
 157.740428      3.326  34.237889    15.9217    6.69099      3.298    26.5888    19.3062 -9.990e-29
 157.740434      3.333  34.234439    15.9220    6.65554      3.305    26.5857    19.3037 -9.990e-29
 157.740440      3.333  34.239134    15.9220    6.63736      3.305    26.5897    19.3068 -9.990e-29
 157.740446      3.330  34.245343    15.9218    6.62928      3.302    26.5952    19.3110 -9.990e-29
 157.740451      3.333  34.250137    15.9220    6.64874      3.305    26.5992    19.3140 -9.990e-29
 157.740457      3.342  34.252628    15.9200    6.67716      3.314    26.6026    19.3171 -9.990e-29
 157.740463      3.352  34.247733    15.9102    6.70036      3.324    26.6050    19.3210 -9.990e-29
 157.740469      3.366  34.232295    15.8917    6.71617      3.338    26.6041    19.3243 -9.990e-29
 157.740475      3.374  34.212090    15.8706    6.70030      3.346    26.6008    19.3263 -9.990e-29
 157.740480      3.366  34.199244    15.8564    6.67169      3.338    26.5993    19.3281 -9.990e-29
 157.740486      3.344  34.195693    15.8559    6.65804      3.316    26.5966    19.3261 -9.990e-29
 157.740492      3.319  34.198194    15.8647    6.65667      3.291    26.5928    19.3214 -9.990e-29
 157.740498      3.296  34.205036    15.8721    6.67273      3.268    26.5938    19.3205 -9.990e-29
 157.740503      3.280  34.213382    15.8720    6.69107      3.253    26.6010    19.3261 -9.990e-29
 157.740509      3.284  34.216419    15.8640    6.69414      3.257    26.6090    19.3339 -9.990e-29
 157.740515      3.303  34.208108    15.8531    6.70502      3.275    26.6092    19.3364 -9.990e-29
 157.740521      3.322  34.196991    15.8467    6.69824      3.294    26.6039    19.3337 -9.990e-29
 157.740527      3.333  34.192353    15.8472    6.68026      3.305    26.5995    19.3302 -9.990e-29
 157.740532      3.337  34.193612    15.8517    6.66751      3.309    26.5976    19.3278 -9.990e-29
 157.740538      3.335  34.196841    15.8560    6.66799      3.307    26.5975    19.3268 -9.990e-29
 157.740544      3.329  34.198496    15.8583    6.66994      3.301    26.5974    19.3262 -9.990e-29
 157.740550      3.329  34.197982    15.8585    6.68553      3.301    26.5968    19.3258 -9.990e-29
 157.740556      3.340  34.195175    15.8559    6.69351      3.312    26.5961    19.3258 -9.990e-29
 157.740561      3.356  34.189135    15.8504    6.68836      3.328    26.5946    19.3258 -9.990e-29
 157.740567      3.371  34.182463    15.8461    6.69048      3.343    26.5917    19.3245 -9.990e-29
 157.740573      3.381  34.179719    15.8463    6.68470      3.353    26.5892    19.3225 -9.990e-29
 157.740579      3.387  34.180608    15.8496    6.68206      3.359    26.5878    19.3207 -9.990e-29
 157.740584      3.390  34.183510    15.8524    6.68687      3.362    26.5884    19.3206 -9.990e-29
 157.740590      3.389  34.187246    15.8525    6.69283      3.361    26.5916    19.3230 -9.990e-29
 157.740596      3.389  34.189511    15.8501    6.69423      3.361    26.5951    19.3262 -9.990e-29
 157.740602      3.395  34.188841    15.8471    6.69316      3.367    26.5966    19.3280 -9.990e-29
 157.740608      3.401  34.184902    15.8438    6.68446      3.373    26.5954    19.3278 -9.990e-29
 157.740613      3.405  34.179170    15.8401    6.68021      3.377    26.5929    19.3267 -9.990e-29
 157.740619      3.406  34.174654    15.8387    6.68286      3.378    26.5900    19.3247 -9.990e-29
 157.740625      3.405  34.173744    15.8412    6.69136      3.377    26.5875    19.3223 -9.990e-29
 157.740631      3.401  34.175786    15.8429    6.70181      3.373    26.5881    19.3224 -9.990e-29
 157.740637      3.395  34.176774    15.8395    6.69644      3.367    26.5913    19.3255 -9.990e-29
 157.740642      3.386  34.174663    15.8347    6.68643      3.358    26.5927    19.3276 -9.990e-29
 157.740648      3.373  34.172807    15.8332    6.68067      3.345    26.5921    19.3275 -9.990e-29
 157.740654      3.355  34.173775    15.8351    6.68040      3.327    26.5916    19.3268 -9.990e-29
 157.740660      3.336  34.176055    15.8377    6.68609      3.308    26.5919    19.3264 -9.990e-29
 157.740666      3.323  34.178201    15.8381    6.70268      3.295    26.5934    19.3275 -9.990e-29
 157.740671      3.320  34.179149    15.8357    6.70524      3.292    26.5959    19.3299 -9.990e-29
 157.740677      3.325  34.177923    15.8331    6.69057      3.297    26.5966    19.3310 -9.990e-29
