data/oxygen options/ONMS/Olympic_Coast_National_Marine_Sanctuary_CTD_Data_2005_2023/raw_data/2006/CTD_MB042_100306faed.cnv
* Sea-Bird SBE19 Data File:
* FileName = C:\MOORING_DATA_2006\CTD_MB042_100306.hex
* Software Version 1.1.6
* Temperature SN = 2997
* Conductivity SN = 2997
* System UpLoad Time = Oct 03 2006 13:26:59
* SEACAT PROFILER V3.1c SN 2997   10/03/06  13:27:19.068
* strain gauge pressure sensor: S/N = 184829,  range = 3000 psia,  tc = 40
# nquan = 9                                 
# nvalues = 1998                        
# units = specified
# name 0 = timeJ: Julian Days
# name 1 = prSM: Pressure, Strain Gauge [db]
# name 2 = c0mS/cm: Conductivity [mS/cm]
# name 3 = t090C: Temperature [ITS-90, deg C]
# name 4 = oxML/L: Oxygen, Beckman/YSI [ml/l]
# name 5 = depSM: Depth [salt water, m], lat = 47.5
# name 6 = sal00: Salinity, Practical [PSU]
# name 7 = sigma-é00: Density [sigma-theta, kg/m^3]
# name 8 = flag: flag
# span 0 = 276.542824, 276.554381       
# span 1 =     -4.720,     42.531       
# span 2 =   0.166651,  37.323384       
# span 3 =     8.1977,    12.3682       
# span 4 =  -12.48228,   37.47831       
# span 5 =     -4.681,     42.172       
# span 6 =     0.1053,    33.6779       
# span 7 =    -0.4612,    26.2067       
# span 8 = 0.0000e+00, 0.0000e+00       
# interval = seconds: 0.5
# start_time = Oct 03 2006 13:01:40 [Instrument's time stamp, header]
# bad_flag = -9.990e-29
*END*
[from data line 1601]
 276.552089      4.930  36.988642    11.1702    5.86733      4.889    32.8023    25.0343 -9.990e-29
 276.552095      4.921  36.984915    11.1697    5.86218      4.880    32.7990    25.0319 -9.990e-29
 276.552101      4.908  36.982282    11.1692    5.84875      4.867    32.7969    25.0303 -9.990e-29
 276.552106      4.898  36.981170    11.1691    5.84724      4.857    32.7959    25.0296 -9.990e-29
 276.552112      4.895  36.981785    11.1698    5.85847      4.854    32.7959    25.0294 -9.990e-29
 276.552118      4.899  36.983835    11.1706    5.86847      4.858    32.7972    25.0303 -9.990e-29
 276.552124      4.905  36.985570    11.1704    5.86567      4.864    32.7991    25.0318 -9.990e-29
 276.552130      4.906  36.985384    11.1695    5.86697      4.865    32.7997    25.0324 -9.990e-29
 276.552135      4.897  36.983035    11.1685    5.86199      4.856    32.7982    25.0315 -9.990e-29
 276.552141      4.882  36.979326    11.1677    5.85590      4.841    32.7953    25.0294 -9.990e-29
 276.552147      4.869  36.976051    11.1678    5.84980      4.828    32.7920    25.0268 -9.990e-29
 276.552153      4.865  36.976704    11.1685    5.84463      4.824    32.7920    25.0267 -9.990e-29
 276.552159      4.874  36.981601    11.1689    5.85295      4.833    32.7965    25.0301 -9.990e-29
 276.552164      4.889  36.984937    11.1690    5.85215      4.848    32.7997    25.0325 -9.990e-29
 276.552170      4.897  36.984434    11.1690    5.86011      4.856    32.7992    25.0322 -9.990e-29
 276.552176      4.895  36.982795    11.1685    5.85395      4.854    32.7980    25.0313 -9.990e-29
 276.552182      4.882  36.980648    11.1676    5.85669      4.841    32.7967    25.0305 -9.990e-29
 276.552188      4.862  36.977942    11.1664    5.86099      4.821    32.7951    25.0294 -9.990e-29
 276.552193      4.843  36.975563    11.1652    5.83656      4.803    32.7938    25.0287 -9.990e-29
 276.552199      4.832  36.973713    11.1641    5.84691      4.792    32.7930    25.0282 -9.990e-29
 276.552205      4.832  36.972176    11.1633    5.84703      4.792    32.7922    25.0277 -9.990e-29
 276.552211      4.838  36.971715    11.1632    5.85907      4.798    32.7918    25.0275 -9.990e-29
 276.552216      4.848  36.972285    11.1636    5.86947      4.807    32.7920    25.0276 -9.990e-29
 276.552222      4.857  36.972408    11.1638    5.86292      4.816    32.7920    25.0275 -9.990e-29
 276.552228      4.861  36.972253    11.1639    5.86924      4.820    32.7917    25.0273 -9.990e-29
 276.552234      4.862  36.972744    11.1645    5.86648      4.821    32.7917    25.0271 -9.990e-29
 276.552240      4.859  36.973982    11.1659    5.85949      4.818    32.7916    25.0268 -9.990e-29
 276.552245      4.855  36.976501    11.1681    5.85604      4.814    32.7922    25.0269 -9.990e-29
 276.552251      4.856  36.980300    11.1702    5.85796      4.815    32.7941    25.0279 -9.990e-29
 276.552257      4.861  36.983723    11.1712    5.86953      4.820    32.7965    25.0297 -9.990e-29
 276.552263      4.867  36.985168    11.1707    5.86629      4.826    32.7984    25.0312 -9.990e-29
 276.552269      4.864  36.983766    11.1688    5.85532      4.823    32.7987    25.0318 -9.990e-29
 276.552274      4.853  36.979898    11.1666    5.84858      4.812    32.7969    25.0308 -9.990e-29
 276.552280      4.842  36.975706    11.1647    5.85295      4.802    32.7944    25.0292 -9.990e-29
 276.552286      4.839  36.972341    11.1638    5.85350      4.799    32.7919    25.0274 -9.990e-29
 276.552292      4.852  36.970371    11.1645    5.84789      4.811    32.7893    25.0253 -9.990e-29
 276.552297      4.881  36.971664    11.1661    5.85233      4.840    32.7892    25.0249 -9.990e-29
 276.552303      4.916  36.974585    11.1678    5.86042      4.875    32.7905    25.0256 -9.990e-29
 276.552309      4.947  36.975744    11.1701    5.85787      4.906    32.7896    25.0245 -9.990e-29
 276.552315      4.970  36.978373    11.1728    5.85984      4.928    32.7898    25.0242 -9.990e-29
 276.552321      4.983  36.984304    11.1741    5.85290      4.941    32.7945    25.0276 -9.990e-29
 276.552326      4.979  36.986864    11.1737    5.86023      4.937    32.7974    25.0299 -9.990e-29
 276.552332      4.952  36.984987    11.1729    5.85625      4.911    32.7962    25.0292 -9.990e-29
 276.552338      4.910  36.983471    11.1718    5.85410      4.869    32.7957    25.0290 -9.990e-29
 276.552344      4.871  36.981422    11.1702    5.85307      4.830    32.7952    25.0288 -9.990e-29
 276.552350      4.851  36.978362    11.1691    5.85116      4.810    32.7931    25.0274 -9.990e-29
 276.552355      4.847  36.977511    11.1689    5.86187      4.806    32.7925    25.0269 -9.990e-29
 276.552361      4.850  36.977741    11.1688    5.86498      4.809    32.7928    25.0272 -9.990e-29
 276.552367      4.858  36.977121    11.1686    5.86378      4.817    32.7923    25.0269 -9.990e-29
 276.552373      4.866  36.977076    11.1687    5.86383      4.825    32.7922    25.0268 -9.990e-29
 276.552378      4.870  36.976991    11.1688    5.85922      4.829    32.7920    25.0266 -9.990e-29
 276.552384      4.875  36.977320    11.1692    5.85887      4.834    32.7920    25.0265 -9.990e-29
 276.552390      4.885  36.979632    11.1704    5.85905      4.844    32.7932    25.0273 -9.990e-29
 276.552396      4.901  36.983650    11.1720    5.85111      4.860    32.7957    25.0289 -9.990e-29
 276.552402      4.920  36.989131    11.1730    5.86500      4.879    32.8002    25.0323 -9.990e-29
 276.552407      4.935  36.993851    11.1729    5.86807      4.894    32.8050    25.0360 -9.990e-29
 276.552413      4.937  36.994012    11.1721    5.86216      4.896    32.8059    25.0368 -9.990e-29
 276.552419      4.923  36.989838    11.1710    5.86043      4.882    32.8027    25.0346 -9.990e-29
 276.552425      4.901  36.984743    11.1699    5.85281      4.860    32.7987    25.0316 -9.990e-29
 276.552431      4.881  36.979796    11.1692    5.85457      4.840    32.7944    25.0284 -9.990e-29
 276.552436      4.867  36.975703    11.1691    5.85060      4.826    32.7905    25.0254 -9.990e-29
 276.552442      4.858  36.974306    11.1690    5.85803      4.817    32.7892    25.0244 -9.990e-29
 276.552448      4.853  36.974872    11.1688    5.85858      4.812    32.7899    25.0250 -9.990e-29
 276.552454      4.853  36.975916    11.1690    5.86832      4.812    32.7908    25.0256 -9.990e-29
 276.552459      4.856  36.977717    11.1696    5.86392      4.815    32.7920    25.0265 -9.990e-29
 276.552465      4.863  36.979878    11.1700    5.85917      4.822    32.7938    25.0278 -9.990e-29
 276.552471      4.875  36.981362    11.1704    5.84968      4.834    32.7949    25.0286 -9.990e-29
 276.552477      4.892  36.982472    11.1713    5.85283      4.851    32.7952    25.0286 -9.990e-29
 276.552483      4.916  36.985254    11.1725    5.86556      4.875    32.7969    25.0297 -9.990e-29
 276.552488      4.944  36.988938    11.1731    5.86235      4.903    32.8000    25.0320 -9.990e-29
 276.552494      4.964  36.989468    11.1727    5.85287      4.923    32.8008    25.0328 -9.990e-29
 276.552500      4.970  36.986994    11.1721    5.84742      4.928    32.7989    25.0314 -9.990e-29
 276.552506      4.966  36.984395    11.1717    5.85242      4.924    32.7967    25.0297 -9.990e-29
 276.552512      4.956  36.981579    11.1707    5.86682      4.915    32.7948    25.0285 -9.990e-29
 276.552517      4.944  36.978167    11.1694    5.87191      4.903    32.7926    25.0270 -9.990e-29
 276.552523      4.937  36.975786    11.1687    5.87006      4.896    32.7909    25.0258 -9.990e-29
 276.552529      4.935  36.975197    11.1684    5.86480      4.894    32.7906    25.0256 -9.990e-29
 276.552535      4.930  36.975619    11.1685    5.85251      4.889    32.7909    25.0258 -9.990e-29
 276.552541      4.921  36.976499    11.1690    5.86765      4.880    32.7913    25.0261 -9.990e-29
 276.552546      4.915  36.977898    11.1698    5.86366      4.874    32.7920    25.0264 -9.990e-29
 276.552552      4.918  36.980005    11.1703    5.87135      4.877    32.7936    25.0276 -9.990e-29
 276.552558      4.925  36.981711    11.1703    5.86599      4.884    32.7953    25.0289 -9.990e-29
 276.552564      4.927  36.981930    11.1703    5.85784      4.886    32.7955    25.0291 -9.990e-29
 276.552569      4.926  36.982082    11.1706    5.85940      4.885    32.7954    25.0289 -9.990e-29
 276.552575      4.928  36.983312    11.1711    5.84942      4.887    32.7962    25.0295 -9.990e-29
 276.552581      4.939  36.985020    11.1718    5.85254      4.898    32.7972    25.0302 -9.990e-29
 276.552587      4.956  36.986495    11.1721    5.86658      4.915    32.7984    25.0310 -9.990e-29
 276.552593      4.966  36.986901    11.1717    5.86427      4.924    32.7992    25.0317 -9.990e-29
 276.552598      4.962  36.985471    11.1709    5.87506      4.921    32.7985    25.0313 -9.990e-29
 276.552604      4.947  36.982543    11.1697    5.86451      4.906    32.7967    25.0301 -9.990e-29
 276.552610      4.929  36.979264    11.1680    5.85718      4.888    32.7950    25.0290 -9.990e-29
 276.552616      4.912  36.976313    11.1665    5.85852      4.871    32.7934    25.0281 -9.990e-29
 276.552622      4.894  36.974245    11.1660    5.84933      4.853    32.7918    25.0270 -9.990e-29
 276.552627      4.882  36.973667    11.1667    5.86024      4.841    32.7906    25.0259 -9.990e-29
 276.552633      4.889  36.975494    11.1683    5.86122      4.848    32.7910    25.0259 -9.990e-29
 276.552639      4.907  36.979359    11.1695    5.86115      4.866    32.7937    25.0278 -9.990e-29
 276.552645      4.915  36.981441    11.1695    5.86414      4.874    32.7958    25.0294 -9.990e-29
 276.552650      4.910  36.980029    11.1690    5.85250      4.869    32.7948    25.0288 -9.990e-29
 276.552656      4.899  36.977727    11.1684    5.85870      4.858    32.7931    25.0275 -9.990e-29
 276.552662      4.891  36.975956    11.1684    5.86068      4.850    32.7914    25.0262 -9.990e-29
 276.552668      4.890  36.976844    11.1692    5.86915      4.849    32.7915    25.0262 -9.990e-29
 276.552674      4.890  36.981015    11.1695    5.87376      4.849    32.7954    25.0291 -9.990e-29
 276.552679      4.885  36.982813    11.1689    5.85464      4.844    32.7977    25.0310 -9.990e-29
 276.552685      4.872  36.980149    11.1682    5.85703      4.831    32.7957    25.0296 -9.990e-29
 276.552691      4.860  36.976204    11.1679    5.85363      4.819    32.7921    25.0268 -9.990e-29
 276.552697      4.857  36.974133    11.1683    5.86498      4.816    32.7897    25.0249 -9.990e-29
 276.552703      4.867  36.976228    11.1691    5.86452      4.826    32.7910    25.0258 -9.990e-29
 276.552708      4.882  36.980795    11.1695    5.85949      4.841    32.7952    25.0289 -9.990e-29
 276.552714      4.890  36.983825    11.1692    5.85119      4.849    32.7984    25.0315 -9.990e-29
 276.552720      4.887  36.983188    11.1687    5.85405      4.846    32.7982    25.0315 -9.990e-29
 276.552726      4.878  36.980280    11.1685    5.86713      4.837    32.7955    25.0294 -9.990e-29
 276.552731      4.869  36.977958    11.1688    5.86279      4.828    32.7930    25.0274 -9.990e-29
 276.552737      4.866  36.978176    11.1698    5.85522      4.825    32.7923    25.0267 -9.990e-29
 276.552743      4.863  36.980104    11.1706    5.85614      4.822    32.7935    25.0274 -9.990e-29
 276.552749      4.857  36.981265    11.1706    5.86395      4.816    32.7946    25.0283 -9.990e-29
 276.552755      4.850  36.980965    11.1699    5.87072      4.809    32.7950    25.0287 -9.990e-29
 276.552760      4.847  36.979365    11.1693    5.86423      4.806    32.7939    25.0280 -9.990e-29
 276.552766      4.848  36.977139    11.1692    5.85758      4.807    32.7918    25.0264 -9.990e-29
 276.552772      4.852  36.975808    11.1694    5.85418      4.811    32.7903    25.0252 -9.990e-29
 276.552778      4.861  36.975841    11.1696    5.86408      4.820    32.7902    25.0250 -9.990e-29
 276.552784      4.874  36.976161    11.1696    5.86934      4.833    32.7905    25.0253 -9.990e-29
 276.552789      4.892  36.976077    11.1694    5.86135      4.851    32.7906    25.0254 -9.990e-29
 276.552795      4.913  36.976038    11.1690    5.85013      4.872    32.7909    25.0257 -9.990e-29
 276.552801      4.929  36.976553    11.1689    5.84504      4.888    32.7915    25.0262 -9.990e-29
 276.552807      4.936  36.977748    11.1694    5.86085      4.895    32.7922    25.0267 -9.990e-29
 276.552813      4.935  36.978975    11.1699    5.86994      4.894    32.7930    25.0272 -9.990e-29
 276.552818      4.931  36.979625    11.1699    5.85885      4.890    32.7936    25.0277 -9.990e-29
 276.552824      4.927  36.980006    11.1695    5.85180      4.886    32.7944    25.0283 -9.990e-29
 276.552830      4.919  36.979506    11.1687    5.85220      4.878    32.7946    25.0286 -9.990e-29
 276.552836      4.902  36.977459    11.1679    5.85698      4.861    32.7933    25.0278 -9.990e-29
 276.552841      4.879  36.975062    11.1677    5.87151      4.838    32.7911    25.0261 -9.990e-29
 276.552847      4.858  36.973609    11.1677    5.87194      4.817    32.7897    25.0250 -9.990e-29
 276.552853      4.841  36.972848    11.1676    5.86887      4.801    32.7890    25.0245 -9.990e-29
 276.552859      4.827  36.971766    11.1673    5.86702      4.787    32.7882    25.0239 -9.990e-29
 276.552865      4.820  36.970604    11.1668    5.86421      4.780    32.7875    25.0235 -9.990e-29
 276.552870      4.823  36.970618    11.1670    5.86384      4.783    32.7874    25.0233 -9.990e-29
 276.552876      4.833  36.972390    11.1681    5.85626      4.793    32.7881    25.0237 -9.990e-29
 276.552882      4.846  36.974917    11.1696    5.85446      4.805    32.7893    25.0243 -9.990e-29
 276.552888      4.862  36.977644    11.1711    5.86222      4.821    32.7906    25.0251 -9.990e-29
 276.552894      4.878  36.981964    11.1721    5.87220      4.837    32.7940    25.0276 -9.990e-29
 276.552899      4.887  36.986346    11.1721    5.87723      4.846    32.7983    25.0309 -9.990e-29
 276.552905      4.885  36.986536    11.1712    5.86917      4.844    32.7993    25.0319 -9.990e-29
 276.552911      4.872  36.982787    11.1701    5.85453      4.831    32.7966    25.0299 -9.990e-29
 276.552917      4.852  36.978518    11.1690    5.84909      4.811    32.7934    25.0276 -9.990e-29
 276.552922      4.831  36.974208    11.1678    5.85710      4.791    32.7902    25.0254 -9.990e-29
 276.552928      4.817  36.970842    11.1670    5.86422      4.777    32.7876    25.0235 -9.990e-29
 276.552934      4.818  36.970668    11.1671    5.86119      4.778    32.7873    25.0233 -9.990e-29
 276.552940      4.833  36.972895    11.1678    5.85760      4.793    32.7889    25.0244 -9.990e-29
 276.552946      4.851  36.975444    11.1683    5.85305      4.810    32.7910    25.0259 -9.990e-29
 276.552951      4.860  36.976666    11.1683    5.85585      4.819    32.7922    25.0268 -9.990e-29
 276.552957      4.861  36.976506    11.1682    5.86589      4.820    32.7921    25.0268 -9.990e-29
 276.552963      4.862  36.975876    11.1685    5.85988      4.821    32.7912    25.0260 -9.990e-29
 276.552969      4.863  36.975620    11.1692    5.86732      4.822    32.7903    25.0252 -9.990e-29
 276.552975      4.856  36.975957    11.1697    5.86619      4.815    32.7902    25.0251 -9.990e-29
 276.552980      4.840  36.975655    11.1697    5.86433      4.800    32.7899    25.0248 -9.990e-29
 276.552986      4.823  36.974313    11.1695    5.86583      4.783    32.7888    25.0240 -9.990e-29
 276.552992      4.808  36.972948    11.1693    5.85462      4.768    32.7876    25.0231 -9.990e-29
 276.552998      4.799  36.971986    11.1690    5.85288      4.759    32.7869    25.0226 -9.990e-29
 276.553003      4.799  36.971830    11.1689    5.86063      4.759    32.7869    25.0226 -9.990e-29
