data/oxygen options/ONMS/Olympic_Coast_National_Marine_Sanctuary_CTD_Data_2005_2023/raw_data/2006/CTD_CE065_100206faed.cnv
* Sea-Bird SBE19 Data File:
* FileName = C:\MOORING_DATA_2006\CTD_CE065_100206.hex
* Software Version 1.1.6
* Temperature SN = 2997
* Conductivity SN = 2997
* System UpLoad Time = Oct 02 2006 11:51:08
* SEACAT PROFILER V3.1c SN 2997   10/02/06  11:52:29.162
* strain gauge pressure sensor: S/N = 184829,  range = 3000 psia,  tc = 40
# nquan = 9                                 
# nvalues = 2160                        
# units = specified
# name 0 = timeJ: Julian Days
# name 1 = prSM: Pressure, Strain Gauge [db]
# name 2 = c0mS/cm: Conductivity [mS/cm]
# name 3 = t090C: Temperature [ITS-90, deg C]
# name 4 = oxML/L: Oxygen, Beckman/YSI [ml/l]
# name 5 = depSM: Depth [salt water, m], lat = 47.5
# name 6 = sal00: Salinity, Practical [PSU]
# name 7 = sigma-é00: Density [sigma-theta, kg/m^3]
# name 8 = flag: flag
# span 0 = 275.476331, 275.488825       
# span 1 =     -3.078,     67.596       
# span 2 =   0.027525,  38.062514       
# span 3 =     7.7483,    13.2623       
# span 4 =   -0.07492,   34.85465       
# span 5 =     -3.052,     67.021       
# span 6 =     0.0202,    33.8966       
# span 7 =    -0.4612,    26.4449       
# span 8 = 0.0000e+00, 0.0000e+00       
# interval = seconds: 0.5
# start_time = Oct 02 2006 11:25:55 [Instrument's time stamp, header]
# bad_flag = -9.990e-29
*END*
[from data line 2081]
 275.488374     11.585  36.661925    11.2473    5.43489     11.488    32.4094    24.7152 -9.990e-29
 275.488380     11.579  36.661676    11.2459    5.43603     11.482    32.4103    24.7162 -9.990e-29
 275.488385     11.573  36.662666    11.2390    5.43998     11.476    32.4174    24.7229 -9.990e-29
 275.488391     11.565  36.664535    11.2315    5.43092     11.468    32.4258    24.7308 -9.990e-29
 275.488397     11.548  36.665845    11.2301    5.43121     11.451    32.4284    24.7330 -9.990e-29
 275.488403     11.519  36.665538    11.2341    5.43197     11.423    32.4245    24.7293 -9.990e-29
 275.488409     11.486  36.664324    11.2382    5.43012     11.390    32.4198    24.7249 -9.990e-29
 275.488414     11.451  36.662831    11.2408    5.43165     11.355    32.4160    24.7215 -9.990e-29
 275.488420     11.411  36.661311    11.2431    5.41884     11.315    32.4125    24.7184 -9.990e-29
 275.488426     11.365  36.660544    11.2461    5.41700     11.270    32.4091    24.7152 -9.990e-29
 275.488432     11.313  36.660069    11.2501    5.40920     11.218    32.4052    24.7114 -9.990e-29
 275.488437     11.264  36.659252    11.2544    5.40920     11.170    32.4006    24.7071 -9.990e-29
 275.488443     11.229  36.658688    11.2571    5.42532     11.135    32.3977    24.7043 -9.990e-29
 275.488449     11.206  36.658750    11.2573    5.41207     11.112    32.3976    24.7042 -9.990e-29
 275.488455     11.184  36.658958    11.2561    5.40392     11.090    32.3989    24.7054 -9.990e-29
 275.488461     11.153  36.659029    11.2558    5.39055     11.060    32.3992    24.7057 -9.990e-29
 275.488466     11.108  36.659059    11.2569    5.38818     11.015    32.3983    24.7048 -9.990e-29
 275.488472     11.045  36.659084    11.2583    5.41205     10.953    32.3971    24.7037 -9.990e-29
 275.488478     10.960  36.659138    11.2597    5.41510     10.868    32.3960    24.7025 -9.990e-29
 275.488484     10.852  36.659295    11.2619    5.42452     10.761    32.3942    24.7008 -9.990e-29
 275.488490     10.719  36.659764    11.2676    5.46612     10.629    32.3898    24.6963 0.0000e+00
 275.488495     10.552  36.661172    11.2812    5.52359     10.464    32.3793    24.6857 0.0000e+00
 275.488501     10.349  36.665396    11.3081    5.62366     10.262    32.3599    24.6658 0.0000e+00
 275.488507     10.123  36.675825    11.3534    5.74983     10.038    32.3305    24.6348 0.0000e+00
 275.488513      9.889  36.700198    11.4124    5.88331      9.806    32.3028    24.6027 0.0000e+00
 275.488519      9.650  36.736237    11.4771    6.03620      9.569    32.2817    24.5746 0.0000e+00
 275.488524      9.404  36.771416    11.5653    6.20122      9.325    32.2393    24.5257 0.0000e+00
 275.488530      9.151  36.819554    11.6931    6.36742      9.074    32.1752    24.4527 0.0000e+00
 275.488536      8.893  36.896598    11.8348    6.44515      8.819    32.1275    24.3896 0.0000e+00
 275.488542      8.630  36.991968    11.9660    6.53418      8.558    32.1066    24.3493 0.0000e+00
 275.488547      8.368  37.085304    12.0833    6.63321      8.298    32.0958    24.3191 0.0000e+00
 275.488553      8.115  37.157461    12.1743    6.73018      8.047    32.0871    24.2954 0.0000e+00
 275.488559      7.872  37.219397    12.2410    6.87357      7.806    32.0895    24.2847 0.0000e+00
 275.488565      7.637  37.302100    12.3103    6.97636      7.573    32.1095    24.2871 0.0000e+00
 275.488571      7.407  37.389623    12.3943    7.05856      7.345    32.1214    24.2805 0.0000e+00
 275.488576      7.173  37.437654    12.5052    7.15240      7.113    32.0725    24.2216 0.0000e+00
 275.488582      6.923  37.471532    12.6430    7.22739      6.865    31.9876    24.1294 0.0000e+00
 275.488588      6.659  37.537562    12.7748    7.30507      6.603    31.9386    24.0661 0.0000e+00
 275.488594      6.390  37.624496    12.8755    7.36790      6.337    31.9358    24.0445 0.0000e+00
 275.488600      6.124  37.717546    12.9448    7.42096      6.073    31.9652    24.0538 0.0000e+00
 275.488605      5.866  37.797732    12.9953    7.45017      5.817    31.9982    24.0695 0.0000e+00
 275.488611      5.608  37.836764    13.0438    7.46265      5.561    31.9942    24.0569 0.0000e+00
 275.488617      5.338  37.856398    13.0965    7.46281      5.293    31.9683    24.0265 0.0000e+00
 275.488623      5.051  37.886745    13.1414    7.45180      5.009    31.9591    24.0106 0.0000e+00
 275.488628      4.751  37.919462    13.1708    7.46432      4.711    31.9652    24.0095 0.0000e+00
 275.488634      4.448  37.947123    13.1892    7.49195      4.411    31.9758    24.0141 0.0000e+00
 275.488640      4.154  37.969589    13.1993    7.51978      4.119    31.9884    24.0219 0.0000e+00
 275.488646      3.871  37.983714    13.2061    7.40359      3.839    31.9961    24.0265 0.0000e+00
 275.488652      3.593  37.991504    13.2180    7.29380      3.563    31.9935    24.0221 0.0000e+00
 275.488657      3.312  37.999419    13.2360    7.20475      3.284    31.9859    24.0126 0.0000e+00
 275.488663      3.027  38.012401    13.2521    8.39675      3.002    31.9846    24.0085 0.0000e+00
 275.488669      2.750  38.029806    13.2611    8.41546      2.727    31.9934    24.0135 0.0000e+00
 275.488675      2.492  38.043426    13.2623    8.13409      2.471    32.0053    24.0224 0.0000e+00
 275.488681      2.260  38.043373    13.2511    7.67622      2.241    32.0147    24.0320 0.0000e+00
 275.488686      2.056  38.025089    13.2252    7.22099      2.039    32.0195    24.0408 0.0000e+00
 275.488692      1.883  37.981593    13.1891    6.91847      1.867    32.0092    24.0399 0.0000e+00
 275.488698      1.743  37.876774    13.1452    6.84441      1.728    31.9478    24.0011 -9.990e-29
 275.488704      1.632  37.596680    13.0961    6.87825      1.618    31.7261    23.8392 -9.990e-29
 275.488709      1.542  36.804880    13.0480    6.92822      1.529    31.0233    23.3049 -9.990e-29
 275.488715      1.469  34.479858    13.0005    6.95597      1.457    28.8917    21.6661 -9.990e-29
 275.488721      1.411  27.550192    12.9483    6.89295      1.399    22.5839    16.8063 -9.990e-29
 275.488727      1.370  16.788328    12.8896    6.94384      1.359    13.1633     9.5578 -9.990e-29
 275.488733      1.338   8.767524    12.8313    7.06361      1.327     6.5321     4.4571 -9.990e-29
 275.488738      1.313   5.176396    12.7803    7.15240      1.302     3.7195     2.2922 -9.990e-29
 275.488744      1.298   3.485713    12.7351    7.20042      1.287     2.4447     1.3117 -9.990e-29
 275.488750      1.288   2.660453    12.6921    7.16809      1.277     1.8383     0.8472 -9.990e-29
 275.488756      1.278   2.252374    12.6541    7.08521      1.267     1.5434     0.6232 -9.990e-29
 275.488762      1.272   2.083880    12.6248    7.00223      1.261     1.4229     0.5334 -9.990e-29
 275.488767      1.272   2.074680    12.6017    6.95587      1.261     1.4172     0.5318 -9.990e-29
 275.488773      1.276   2.219167    12.5784 -9.990e-29      1.265     1.5224     0.6164 -9.990e-29
 275.488779      1.279   2.680010    12.5534 -9.990e-29      1.268     1.8593     0.8811 -9.990e-29
 275.488785      1.281   3.355605    12.5331 -9.990e-29      1.270     2.3605     1.2723 -9.990e-29
 275.488791      1.283   3.672819    12.5236 -9.990e-29      1.272     2.5987     1.4581 -9.990e-29
 275.488796      1.284   3.453492    12.5216 -9.990e-29      1.273     2.4343     1.3310 -9.990e-29
 275.488802      1.285   3.079299    12.5181 -9.990e-29      1.274     2.1558     1.1155 -9.990e-29
 275.488808      1.286   2.793149    12.5085 -9.990e-29      1.275     1.9448     0.9530 -9.990e-29
 275.488814      1.287   2.593492    12.4964 -9.990e-29      1.276     1.7986     0.8411 -9.990e-29
 275.488819      1.287   2.450177    12.4906 -9.990e-29      1.276     1.6940     0.7606 -9.990e-29
 275.488825      1.287   2.352063 -9.990e-29 -9.990e-29      1.276 -9.990e-29 -9.990e-29 -9.990e-29
