data/oxygen options/ONMS/Olympic_Coast_National_Marine_Sanctuary_CTD_Data_2005_2023/raw_data/2006/CTD_MB042_050206faedb.cnv
* Sea-Bird SBE19 Data File:
* FileName = C:\MOORING_DATA_2006\CTD_MB042_050206000.hex
* Software Version 1.1.6
* Temperature SN = 2997
* Conductivity SN = 2997
* System UpLoad Time = May 02 2006 15:05:08
** FL COMPARISON
**
# nquan = 9
# nvalues = 27                          
# units = specified
# name 0 = timeJ: Julian Days
# name 1 = prSM: Pressure, Strain Gauge [db]
# name 2 = c0mS/cm: Conductivity [mS/cm]
# name 3 = t090C: Temperature [ITS-90, deg C]
# name 4 = oxML/L: Oxygen, Beckman/YSI [ml/l]
# name 5 = depSM: Depth [salt water, m], lat = 47.5
# name 6 = sal00: Salinity, Practical [PSU]
# name 7 = sigma-é00: Density [sigma-theta, kg/m^3]
# name 8 = flag: flag
# span 0 = 117.723596, 122.622079       
# span 1 =      2.000,     29.000       
# span 2 =  33.284967,  34.799497       
# span 3 =     7.2359,     8.0247       
# span 4 =    2.19057,    2.74853       
# span 5 =      1.983,     28.757       
# span 6 =    32.4407,    33.8297       
# span 7 =    25.3370,    26.4192       
# span 8 = 0.0000e+00, 0.0000e+00       
# interval = decibars: 1                
# start_time = May 02 2006 14:39:41 [Instrument's time stamp, header]
# bad_flag = -9.990e-29
*END*
 122.613700      2.000  34.799497     8.0247    2.74853      1.983    33.4612    26.0618 0.0000e+00
 122.613734      3.000  34.737822     7.7855    2.60026      2.975    33.6243    26.2248 0.0000e+00
 122.613775      4.000  34.708250     7.6298    2.34483      3.967    33.7426    26.3403 0.0000e+00
 117.723596      6.000  33.284967     7.2359    2.19057      5.950    32.4407    25.3370 0.0000e+00
 122.615683      7.000  34.667718     7.5220    2.26585      6.941    33.8023    26.4025 0.0000e+00
 122.615700      8.000  34.669192     7.5169    2.26806      7.933    33.8083    26.4081 0.0000e+00
 122.615717      9.000  34.673241     7.5178    2.26014      8.925    33.8114    26.4104 0.0000e+00
 122.615735     10.000  34.680069     7.5226    2.26583      9.916    33.8136    26.4114 0.0000e+00
 122.615753     11.000  34.697209     7.5336    2.25881     10.908    33.8210    26.4157 0.0000e+00
 122.615778     12.000  34.703072     7.5383    2.26431     11.900    33.8222    26.4160 0.0000e+00
 122.615809     13.000  34.703211     7.5395    2.26752     12.891    33.8208    26.4148 0.0000e+00
 122.615832     14.000  34.709390     7.5440    2.26007     13.883    33.8225    26.4155 0.0000e+00
 122.615850     15.000  34.716930     7.5482    2.26279     14.874    33.8262    26.4178 0.0000e+00
 122.615867     16.000  34.716037     7.5477    2.26174     15.866    33.8252    26.4170 0.0000e+00
 122.615882     17.000  34.716686     7.5476    2.25709     16.858    33.8255    26.4173 0.0000e+00
 122.615899     18.000  34.715480     7.5466    2.25904     17.849    33.8247    26.4169 0.0000e+00
 122.615920     19.000  34.713475     7.5445    2.26027     18.841    33.8241    26.4167 0.0000e+00
 122.617919     20.000  34.729977     7.5582    2.24740     19.832    33.8282    26.4180 0.0000e+00
 122.618306     21.000  34.733445     7.5612    2.24696     20.823    33.8285    26.4178 0.0000e+00
 122.618322     22.000  34.734197     7.5611    2.24184     21.815    33.8289    26.4182 0.0000e+00
 122.618336     23.000  34.734731     7.5608    2.25084     22.807    33.8293    26.4185 0.0000e+00
 122.618353     24.000  34.735256     7.5611    2.24556     23.798    33.8291    26.4184 0.0000e+00
 122.618369     25.000  34.735759     7.5612    2.24505     24.790    33.8290    26.4182 0.0000e+00
 122.618384     26.000  34.735822     7.5609    2.24284     25.782    33.8289    26.4182 0.0000e+00
 122.618401     27.000  34.735404     7.5599    2.24450     26.773    33.8289    26.4184 0.0000e+00
 122.618423     28.000  34.735879     7.5591    2.24468     27.764    33.8297    26.4192 0.0000e+00
 122.622079     29.000  34.734275     7.5603    2.24250     28.757    33.8263    26.4164 0.0000e+00
