data/oxygen options/ONMS/Olympic_Coast_National_Marine_Sanctuary_CTD_Data_2005_2023/raw_data/2006/CTD_CA042_070706_CASTfaedb.cnv
* Sea-Bird SBE19 Data File:
* FileName = C:\MOORING_DATA_2006\CTD_CA042_070706_CAST.hex
* Software Version 1.1.8
* Temperature SN = 2997
* Conductivity SN = 2997
* System UpLoad Time = Jul 07 2006 14:21:55
* SEACAT PROFILER V3.1c SN 2997   07/07/06  14:21:02.282
* strain gauge pressure sensor: S/N = 184829,  range = 3000 psia,  tc = 40
# nquan = 9
# nvalues = 32                          
# units = specified
# name 0 = timeJ: Julian Days
# name 1 = prSM: Pressure, Strain Gauge [db]
# name 2 = c0mS/cm: Conductivity [mS/cm]
# name 3 = t090C: Temperature [ITS-90, deg C]
# name 4 = oxML/L: Oxygen, Beckman/YSI [ml/l]
# name 5 = depSM: Depth [salt water, m], lat = 47.5
# name 6 = sal00: Salinity, Practical [PSU]
# name 7 = sigma-é00: Density [sigma-theta, kg/m^3]
# name 8 = flag: flag
# span 0 = 188.584294, 188.584691       
# span 1 =      2.000,     33.000       
# span 2 =  34.684581,  37.213511       
# span 3 =     7.9092,    13.2103       
# span 4 =    2.80144,    6.83285       
# span 5 =      1.983,     32.722       
# span 6 =    31.2723,    33.4874       
# span 7 =    23.4659,    26.0997       
# span 8 = 0.0000e+00, 0.0000e+00       
# interval = decibars: 1                
# start_time = Jul 07 2006 13:58:03 [Instrument's time stamp, header]
# bad_flag = -9.990e-29
*END*
 188.584294      2.000  37.213511    13.2103    6.83285      1.983    31.2723    23.4659 0.0000e+00
 188.584314      3.000  37.120854    12.8210    6.35545      2.975    31.5074    23.7233 0.0000e+00
 188.584328      4.000  36.902434    12.2715    6.23351      3.966    31.7611    24.0244 0.0000e+00
 188.584339      5.000  36.663509    11.7819    6.30936      4.958    31.9487    24.2605 0.0000e+00
 188.584352      6.000  36.193800    11.0129    5.69743      5.950    32.1555    24.5596 0.0000e+00
 188.584363      7.000  35.879881    10.6074    5.19021      6.941    32.2008    24.6647 0.0000e+00
 188.584375      8.000  35.736255    10.0792    4.56709      7.933    32.5265    25.0080 0.0000e+00
 188.584386      9.000  35.301611     9.1158    4.00730      8.925    32.9585    25.5022 0.0000e+00
 188.584397     10.000  34.799042     8.4764    3.75953      9.917    33.0289    25.6561 0.0000e+00
 188.584409     11.000  34.684581     8.3125    3.68084     10.908    33.0617    25.7059 0.0000e+00
 188.584420     12.000  34.693191     8.2747    3.64829     11.900    33.1059    25.7462 0.0000e+00
 188.584432     13.000  34.705622     8.2612    3.64662     12.891    33.1313    25.7681 0.0000e+00
 188.584444     14.000  34.716844     8.2591    3.64126     13.882    33.1447    25.7790 0.0000e+00
 188.584455     15.000  34.734383     8.2621    3.59112     14.874    33.1601    25.7906 0.0000e+00
 188.584467     16.000  34.762677     8.2829    3.55759     15.866    33.1699    25.7952 0.0000e+00
 188.584478     17.000  34.822636     8.3058    3.50967     16.857    33.2114    25.8243 0.0000e+00
 188.584491     18.000  34.835503     8.3008    3.46369     17.849    33.2293    25.8391 0.0000e+00
 188.584502     19.000  34.845815     8.2858    3.38823     18.840    33.2539    25.8608 0.0000e+00
 188.584513     20.000  34.855489     8.2448    3.31061     19.832    33.3025    25.9050 0.0000e+00
 188.584525     21.000  34.853084     8.2057    3.23487     20.823    33.3367    25.9376 0.0000e+00
 188.584536     22.000  34.855033     8.1867    3.10111     21.815    33.3563    25.9559 0.0000e+00
 188.584547     23.000  34.835061     8.1083    2.97248     22.807    33.4092    26.0090 0.0000e+00
 188.584557     24.000  34.793936     8.0271    2.89231     23.798    33.4424    26.0471 0.0000e+00
 188.584569     25.000  34.764255     7.9797    2.85014     24.790    33.4556    26.0644 0.0000e+00
 188.584580     26.000  34.749912     7.9482    2.83552     25.781    33.4700    26.0802 0.0000e+00
 188.584591     27.000  34.743136     7.9323    2.82388     26.773    33.4775    26.0885 0.0000e+00
 188.584603     28.000  34.740100     7.9249    2.80144     27.764    33.4808    26.0922 0.0000e+00
 188.584614     29.000  34.736127     7.9134    2.80495     28.756    33.4871    26.0988 0.0000e+00
 188.584627     30.000  34.733066     7.9092    2.81317     29.747    33.4874    26.0997 0.0000e+00
 188.584639     31.000  34.732855     7.9109    2.81099     30.739    33.4850    26.0976 0.0000e+00
 188.584653     32.000  34.733150     7.9112    2.81336     31.730    33.4846    26.0972 0.0000e+00
 188.584691     33.000  34.742208     7.9212    2.80387     32.722    33.4842    26.0955 0.0000e+00
