data/oxygen options/ONMS/Olympic_Coast_National_Marine_Sanctuary_CTD_Data_2005_2023/raw_data/2006/CTD_KL027_100206faed.cnv
* Sea-Bird SBE19 Data File:
* FileName = C:\MOORING_DATA_2006\CTD_KL027_100206.hex
* Software Version 1.1.6
* Temperature SN = 2997
* Conductivity SN = 2997
* System UpLoad Time = Oct 02 2006 15:59:35
* SEACAT PROFILER V3.1c SN 2997   10/02/06  16:00:37.900
* strain gauge pressure sensor: S/N = 184829,  range = 3000 psia,  tc = 40
# nquan = 9                                 
# nvalues = 1935                        
# units = specified
# name 0 = timeJ: Julian Days
# name 1 = prSM: Pressure, Strain Gauge [db]
# name 2 = c0mS/cm: Conductivity [mS/cm]
# name 3 = t090C: Temperature [ITS-90, deg C]
# name 4 = oxML/L: Oxygen, Beckman/YSI [ml/l]
# name 5 = depSM: Depth [salt water, m], lat = 47.5
# name 6 = sal00: Salinity, Practical [PSU]
# name 7 = sigma-é00: Density [sigma-theta, kg/m^3]
# name 8 = flag: flag
# span 0 = 275.650185, 275.661377       
# span 1 =     -4.221,     26.439       
# span 2 =   5.860318,  38.137355       
# span 3 =     8.2441,    12.7998       
# span 4 =   -0.05956,   35.84629       
# span 5 =     -4.186,     26.217       
# span 6 =     4.3325,    33.6827       
# span 7 =     2.8639,    26.2014       
# span 8 = 0.0000e+00, 0.0000e+00       
# interval = seconds: 0.5
# start_time = Oct 02 2006 15:36:16 [Instrument's time stamp, header]
# bad_flag = -9.990e-29
*END*
[from data line 321]
 275.652043      1.579  37.931292    12.4108    8.12046      1.566    32.6278    24.6697 -9.990e-29
 275.652049      1.582  37.928947    12.4067    8.11766      1.569    32.6291    24.6715 -9.990e-29
 275.652054      1.595  37.925730    12.4042    8.11530      1.582    32.6282    24.6713 -9.990e-29
 275.652060      1.610  37.924093    12.4058    8.10291      1.597    32.6252    24.6687 -9.990e-29
 275.652066      1.615  37.925788    12.4091    8.11319      1.602    32.6240    24.6671 -9.990e-29
 275.652072      1.611  37.928594    12.4113    8.10569      1.598    32.6248    24.6673 -9.990e-29
 275.652078      1.607  37.930088    12.4118    8.11417      1.594    32.6258    24.6680 -9.990e-29
 275.652083      1.605  37.930589    12.4111    8.12949      1.592    32.6268    24.6690 -9.990e-29
 275.652089      1.607  37.930214    12.4094    8.12159      1.594    32.6280    24.6701 -9.990e-29
 275.652095      1.611  37.927907    12.4069    8.13156      1.598    32.6279    24.6706 -9.990e-29
 275.652101      1.619  37.923967    12.4036    8.11879      1.605    32.6270    24.6705 -9.990e-29
 275.652106      1.630  37.920445    12.4004    8.12230      1.616    32.6264    24.6707 -9.990e-29
 275.652112      1.642  37.918822    12.3992    8.11832      1.628    32.6259    24.6705 -9.990e-29
 275.652118      1.647  37.919748    12.3998    8.11635      1.633    32.6263    24.6707 -9.990e-29
 275.652124      1.644  37.921660    12.4005    8.12438      1.630    32.6275    24.6715 -9.990e-29
 275.652130      1.637  37.922627    12.4016    8.11913      1.623    32.6275    24.6712 -9.990e-29
 275.652135      1.628  37.923945    12.4040    8.11790      1.614    32.6266    24.6702 -9.990e-29
 275.652141      1.618  37.926257    12.4069    8.11600      1.604    32.6263    24.6694 -9.990e-29
 275.652147      1.612  37.928166    12.4092    8.10630      1.599    32.6262    24.6688 -9.990e-29
 275.652153      1.609  37.929423    12.4104    8.12146      1.596    32.6263    24.6687 -9.990e-29
 275.652159      1.610  37.930591    12.4101    8.11992      1.597    32.6277    24.6698 -9.990e-29
 275.652164      1.614  37.929868    12.4083    8.12742      1.601    32.6286    24.6708 -9.990e-29
 275.652170      1.621  37.926300    12.4053    8.12850      1.607    32.6278    24.6708 -9.990e-29
 275.652176      1.632  37.922430    12.4021    8.11614      1.618    32.6268    24.6707 -9.990e-29
 275.652182      1.644  37.920400    12.4007    8.11833      1.630    32.6261    24.6704 -9.990e-29
 275.652188      1.648  37.921437    12.4017    8.10804      1.634    32.6262    24.6703 -9.990e-29
 275.652193      1.645  37.924127    12.4037    8.11574      1.631    32.6271    24.6705 -9.990e-29
 275.652199      1.639  37.925892    12.4046    8.11315      1.625    32.6280    24.6711 -9.990e-29
 275.652205      1.630  37.926288    12.4035    8.12456      1.616    32.6293    24.6723 -9.990e-29
 275.652211      1.620  37.925292    12.4013    8.12347      1.606    32.6303    24.6735 -9.990e-29
 275.652216      1.615  37.923829    12.4002    8.12735      1.602    32.6298    24.6734 -9.990e-29
 275.652222      1.613  37.923884    12.4006    8.12622      1.600    32.6295    24.6731 -9.990e-29
 275.652228      1.615  37.924976    12.4010    8.11523      1.602    32.6302    24.6735 -9.990e-29
 275.652234      1.620  37.925200    12.4005    8.12262      1.606    32.6309    24.6741 -9.990e-29
 275.652240      1.629  37.924864    12.3999    8.12872      1.615    32.6311    24.6744 -9.990e-29
 275.652245      1.642  37.924652    12.4001    8.13719      1.628    32.6307    24.6740 -9.990e-29
 275.652251      1.656  37.924290    12.4014    8.13535      1.642    32.6292    24.6726 -9.990e-29
 275.652257      1.664  37.924422    12.4038    8.11325      1.650    32.6273    24.6707 -9.990e-29
 275.652263      1.666  37.925794    12.4061    8.11239      1.652    32.6266    24.6697 -9.990e-29
 275.652269      1.670  37.928001    12.4085    8.10457      1.656    32.6266    24.6693 -9.990e-29
 275.652274      1.681  37.930629    12.4117    8.10706      1.667    32.6263    24.6684 -9.990e-29
 275.652280      1.699  37.933261    12.4148    8.09926      1.685    32.6261    24.6677 -9.990e-29
 275.652286      1.723  37.934929    12.4163    8.10151      1.709    32.6264    24.6676 -9.990e-29
 275.652292      1.744  37.935058    12.4165    8.12148      1.729    32.6264    24.6676 -9.990e-29
 275.652297      1.755  37.934202    12.4160    8.12811      1.740    32.6260    24.6674 -9.990e-29
 275.652303      1.753  37.932902    12.4152    8.14693      1.738    32.6254    24.6671 -9.990e-29
 275.652309      1.743  37.930908    12.4143    8.12837      1.728    32.6243    24.6664 -9.990e-29
 275.652315      1.726  37.927222    12.4137    8.12492      1.712    32.6213    24.6642 -9.990e-29
 275.652321      1.708  37.923453    12.4142    8.10875      1.694    32.6173    24.6609 -9.990e-29
 275.652326      1.695  37.922969    12.4152    8.11638      1.681    32.6159    24.6597 -9.990e-29
 275.652332      1.690  37.925104    12.4157    8.11845      1.676    32.6176    24.6609 -9.990e-29
 275.652338      1.689  37.927631    12.4156    8.11309      1.675    32.6201    24.6628 -9.990e-29
 275.652344      1.689  37.929412    12.4152    8.12094      1.675    32.6221    24.6645 -9.990e-29
 275.652350      1.687  37.929993    12.4151    8.11011      1.673    32.6228    24.6650 -9.990e-29
 275.652355      1.682  37.930126    12.4162    8.11765      1.668    32.6219    24.6642 -9.990e-29
 275.652361      1.671  37.931086    12.4187    8.10775      1.657    32.6207    24.6627 -9.990e-29
 275.652367      1.663  37.933011    12.4213    8.10884      1.649    32.6203    24.6619 -9.990e-29
 275.652373      1.662  37.935077    12.4229    8.10699      1.648    32.6209    24.6621 -9.990e-29
 275.652378      1.667  37.936654    12.4228    8.11167      1.653    32.6225    24.6633 -9.990e-29
 275.652384      1.679  37.936455    12.4201    8.12526      1.665    32.6246    24.6655 -9.990e-29
 275.652390      1.698  37.933633    12.4156    8.11800      1.684    32.6258    24.6673 -9.990e-29
 275.652396      1.722  37.930012    12.4124    8.12504      1.708    32.6251    24.6674 -9.990e-29
 275.652402      1.744  37.928597    12.4124    8.12399      1.729    32.6237    24.6663 -9.990e-29
 275.652407      1.760  37.929721    12.4145    8.12096      1.745    32.6230    24.6653 -9.990e-29
 275.652413      1.772  37.931493    12.4160    8.11650      1.757    32.6234    24.6653 -9.990e-29
 275.652419      1.781  37.932327    12.4155    8.12157      1.766    32.6246    24.6664 -9.990e-29
 275.652425      1.786  37.931628    12.4133    8.10867      1.771    32.6259    24.6678 -9.990e-29
 275.652431      1.789  37.930128    12.4108    8.11041      1.774    32.6266    24.6688 -9.990e-29
 275.652436      1.793  37.929168    12.4097    8.12081      1.778    32.6266    24.6691 -9.990e-29
 275.652442      1.808  37.929129    12.4099    8.12997      1.793    32.6264    24.6688 -9.990e-29
 275.652448      1.835  37.929377    12.4100    8.17277      1.820    32.6265    24.6689 -9.990e-29
 275.652454      1.866  37.929659    12.4097    8.17714      1.850    32.6271    24.6694 -9.990e-29
 275.652459      1.904  37.929766    12.4108    8.17224      1.888    32.6262    24.6685 -9.990e-29
 275.652465      1.956  37.930380    12.4157    8.11809      1.940    32.6225    24.6647 -9.990e-29
 275.652471      2.015  37.933421    12.4247    8.04550      1.998    32.6176    24.6592 -9.990e-29
 275.652477      2.078  37.938992    12.4358    7.98135      2.061    32.6132    24.6537 -9.990e-29
 275.652483      2.153  37.946085    12.4420    7.94754      2.135    32.6146    24.6536 -9.990e-29
 275.652488      2.252  37.948986    12.4304    7.94164      2.233    32.6274    24.6657 -9.990e-29
 275.652494      2.391  37.938643    12.3917    7.90760      2.371    32.6511    24.6915 0.0000e+00
 275.652500      2.579  37.911342    12.3273    7.85582      2.557    32.6810    24.7269 0.0000e+00
 275.652506      2.815  37.864884    12.2495    7.78097      2.791    32.7041    24.7596 0.0000e+00
 275.652512      3.091  37.803501    12.1748    7.69660      3.065    32.7103    24.7785 0.0000e+00
 275.652517      3.397  37.742372    12.1133    7.61928      3.369    32.7050    24.7860 0.0000e+00
 275.652523      3.717  37.695891    12.0642    7.53724      3.686    32.7031    24.7937 0.0000e+00
 275.652529      4.046  37.665443    12.0196    7.45136      4.012    32.7126    24.8094 0.0000e+00
 275.652535      4.387  37.638450    11.9762    7.36604      4.350    32.7244    24.8267 0.0000e+00
 275.652541      4.737  37.609746    11.9386    7.28774      4.697    32.7295    24.8377 0.0000e+00
 275.652546      5.088  37.585349    11.9071    7.20820      5.045    32.7334    24.8466 0.0000e+00
 275.652552      5.436  37.563555    11.8741    7.12534      5.391    32.7412    24.8587 0.0000e+00
 275.652558      5.778  37.538839    11.8323    7.03744      5.730    32.7538    24.8763 0.0000e+00
 275.652564      6.119  37.509634    11.7828    6.96381      6.068    32.7689    24.8972 0.0000e+00
 275.652569      6.467  37.477928    11.7368    6.89206      6.413    32.7785    24.9131 0.0000e+00
 275.652575      6.820  37.449662    11.7029    6.82997      6.763    32.7808    24.9211 0.0000e+00
 275.652581      7.168  37.428631    11.6778    6.76906      7.108    32.7823    24.9270 0.0000e+00
 275.652587      7.514  37.413688    11.6529    6.70654      7.451    32.7896    24.9372 0.0000e+00
 275.652593      7.862  37.400029    11.6247    6.64489      7.796    32.8011    24.9513 0.0000e+00
 275.652598      8.217  37.385123    11.5954    6.58371      8.148    32.8123    24.9654 0.0000e+00
 275.652604      8.580  37.371509    11.5678    6.52142      8.508    32.8233    24.9790 0.0000e+00
 275.652610      8.949  37.360082    11.5439    6.40522      8.874    32.8332    24.9910 0.0000e+00
 275.652616      9.321  37.350724    11.5256    6.27345      9.243    32.8401    24.9997 0.0000e+00
 275.652622      9.690  37.344953    11.5111    6.09031      9.609    32.8472    25.0079 0.0000e+00
 275.652627     10.050  37.342901    11.4947    5.89061      9.966    32.8596    25.0205 0.0000e+00
 275.652633     10.401  37.344050    11.4714    5.67225     10.314    32.8813    25.0416 0.0000e+00
 275.652639     10.750  37.347662    11.4380    5.46654     10.660    32.9144    25.0734 0.0000e+00
 275.652645     11.102  37.350113    11.3906    5.31085     11.009    32.9589    25.1166 0.0000e+00
 275.652650     11.456  37.341181    11.3325    5.19363     11.360    33.0019    25.1606 0.0000e+00
 275.652656     11.807  37.316783    11.2749    5.12329     11.708    33.0293    25.1923 0.0000e+00
 275.652662     12.150  37.289795    11.2218    5.06635     12.048    33.0501    25.2181 0.0000e+00
 275.652668     12.494  37.267958    11.1725    5.01485     12.389    33.0727    25.2445 0.0000e+00
 275.652674     12.845  37.247929    11.1282    4.94691     12.737    33.0926    25.2679 0.0000e+00
 275.652679     13.198  37.228778    11.0881    4.87268     13.087    33.1096    25.2883 0.0000e+00
 275.652685     13.555  37.211866    11.0504    4.76956     13.441    33.1267    25.3083 0.0000e+00
 275.652691     13.918  37.195929    11.0113    4.62844     13.801    33.1460    25.3303 0.0000e+00
 275.652697     14.283  37.176518    10.9634    4.46793     14.163    33.1699    25.3574 0.0000e+00
 275.652703     14.648  37.148481    10.8998    4.25803     14.525    33.1995    25.3917 0.0000e+00
 275.652708     15.011  37.103014    10.8153    4.07338     14.885    33.2307    25.4309 0.0000e+00
 275.652714     15.369  37.027151    10.7093    3.92016     15.240    33.2512    25.4654 0.0000e+00
 275.652720     15.719  36.921804    10.5790    3.82701     15.587    33.2643    25.4984 0.0000e+00
 275.652726     16.062  36.796816    10.4190    3.75215     15.927    33.2849    25.5420 0.0000e+00
 275.652731     16.402  36.647055    10.2348    3.71474     16.264    33.3026    25.5873 0.0000e+00
 275.652737     16.741  36.465202    10.0508    3.66479     16.601    33.2874    25.6066 0.0000e+00
 275.652743     17.073  36.267887     9.8848    3.60429     16.930    33.2394    25.5969 0.0000e+00
 275.652749     17.399  36.101029     9.7297    3.50037     17.253    33.2120    25.6011 0.0000e+00
 275.652755     17.726  35.989454     9.5906    3.34515     17.577    33.2261    25.6350 0.0000e+00
 275.652760     18.062  35.921202     9.4880    3.16335     17.910    33.2509    25.6711 0.0000e+00
 275.652766     18.408  35.893280     9.4234    2.96618     18.254    33.2820    25.7058 0.0000e+00
 275.652772     18.759  35.897579     9.3851    2.80825     18.602    33.3219    25.7433 0.0000e+00
 275.652778     19.108  35.908944     9.3597    2.63319     18.948    33.3572    25.7749 0.0000e+00
 275.652784     19.448  35.907161     9.3243    2.42845     19.285    33.3883    25.8049 0.0000e+00
 275.652789     19.778  35.884776     9.2585    2.19700     19.612    33.4265    25.8454 0.0000e+00
 275.652795     20.102  35.844450     9.1641    1.97503     19.933    33.4731    25.8969 0.0000e+00
 275.652801     20.424  35.788478     9.0561    1.76885     20.253    33.5163    25.9479 0.0000e+00
 275.652807     20.747  35.720156     8.9517    1.59264     20.573    33.5434    25.9856 0.0000e+00
 275.652812     21.071  35.649304     8.8579    1.42298     20.894    33.5579    26.0116 0.0000e+00
 275.652818     21.389  35.577314     8.7569    1.28214     21.209    33.5780    26.0431 0.0000e+00
 275.652824     21.701  35.493972     8.6272    1.18391     21.519    33.6135    26.0909 0.0000e+00
 275.652830     22.011  35.404211     8.4890    1.12970     21.826    33.6504    26.1410 0.0000e+00
 275.652836     22.323  35.329081     8.3819    1.10335     22.135    33.6731    26.1751 0.0000e+00
 275.652841     22.647  35.278849     8.3164    1.09496     22.457    33.6824    26.1923 0.0000e+00
 275.652847     22.980  35.248740     8.2826    1.09595     22.787    33.6827    26.1976 0.0000e+00
 275.652853     23.318  35.232779     8.2670    1.08587     23.122    33.6805    26.1982 0.0000e+00
 275.652859     23.657  35.225355     8.2593    1.10147     23.458    33.6799    26.1989 0.0000e+00
 275.652865     23.993  35.221588     8.2549    1.09692     23.791    33.6799    26.1996 0.0000e+00
 275.652870     24.322  35.219237     8.2511    1.10263     24.118    33.6809    26.2009 0.0000e+00
 275.652876     24.643  35.216828     8.2482    1.09987     24.436    33.6810    26.2014 0.0000e+00
 275.652882     24.956  35.214490     8.2482    1.10611     24.746    33.6783    26.1994 0.0000e+00
 275.652888     25.249  35.213011     8.2507    1.09896     25.037    33.6742    26.1958 0.0000e+00
 275.652894     25.512  35.212638     8.2521    1.09314     25.298    33.6724    26.1941 0.0000e+00
 275.652899     25.749  35.212850     8.2502    1.10339     25.533    33.6743    26.1959 0.0000e+00
 275.652905     25.966  35.212227     8.2465    1.09155     25.748    33.6771    26.1987 0.0000e+00
 275.652911     26.152  35.210477     8.2441    1.09807     25.932    33.6774    26.1993 0.0000e+00
 275.652917     26.296  35.210292     8.2453    1.09601     26.075    33.6760    26.1980 -9.990e-29
 275.652922     26.395  35.212525     8.2507    1.09021     26.173    33.6732    26.1950 -9.990e-29
 275.652928     26.439  35.214523     8.2587    1.08847     26.217    33.6676    26.1894 -9.990e-29
 275.652934     26.426  35.216683     8.2661    1.09656     26.204    33.6628    26.1845 -9.990e-29
 275.652940     26.367  35.221306     8.2708    1.09050     26.145    33.6633    26.1842 -9.990e-29
 275.652946     26.267  35.227806     8.2738    1.09864     26.046    33.6673    26.1869 -9.990e-29
 275.652951     26.126  35.235859     8.2763    1.09801     25.906    33.6736    26.1914 0.0000e+00
 275.652957     25.950  35.242163     8.2779    1.09134     25.732    33.6788    26.1953 0.0000e+00
