data/oxygen options/ONMS/Olympic_Coast_National_Marine_Sanctuary_CTD_Data_2005_2023/raw_data/2006/CTD_CE015_053006_DO_COMPfaed.cnv
* Sea-Bird SBE19 Data File:
* FileName = C:\MOORING_DATA_2006\CTD_CE015_053006_DO_COMP.hex
* Software Version 1.1.6
* Temperature SN = 2997
* Conductivity SN = 2997
* System UpLoad Time = May 30 2006 16:51:10
* SEACAT PROFILER V3.1c SN 2997   05/30/06  16:50:25.132
* strain gauge pressure sensor: S/N = 184829,  range = 3000 psia,  tc = 40
# nquan = 9                                 
# nvalues = 1298                        
# units = specified
# name 0 = timeJ: Julian Days
# name 1 = prSM: Pressure, Strain Gauge [db]
# name 2 = c0mS/cm: Conductivity [mS/cm]
# name 3 = t090C: Temperature [ITS-90, deg C]
# name 4 = oxML/L: Oxygen, Beckman/YSI [ml/l]
# name 5 = depSM: Depth [salt water, m], lat = 47.5
# name 6 = sal00: Salinity, Practical [PSU]
# name 7 = sigma-é00: Density [sigma-theta, kg/m^3]
# name 8 = flag: flag
# span 0 = 150.679421, 150.686927       
# span 1 =     -5.792,     16.694       
# span 2 =   1.374338,  35.094336       
# span 3 =    12.3058,    16.6078       
# span 4 =   -0.06517,   31.80147       
# span 5 =     -5.744,     16.554       
# span 6 =     0.8347,    29.9997       
# span 7 =    -0.4832,    22.6526       
# span 8 = 0.0000e+00, 0.0000e+00       
# interval = seconds: 0.5
# start_time = May 30 2006 16:18:22 [Instrument's time stamp, header]
# bad_flag = -9.990e-29
*END*
[from data line 801]
 150.684057      9.958  33.634372    13.6476    6.70297      9.875    27.6321    20.5704 -9.990e-29
 150.684063      9.944  33.629936    13.6494    6.69876      9.861    27.6268    20.5659 -9.990e-29
 150.684068      9.933  33.628550    13.6501    6.68948      9.850    27.6250    20.5644 -9.990e-29
 150.684074      9.929  33.631164    13.6489    6.69010      9.846    27.6283    20.5671 -9.990e-29
 150.684080      9.934  33.635654    13.6457    6.68984      9.851    27.6347    20.5727 -9.990e-29
 150.684086      9.945  33.639597    13.6423    6.68478      9.862    27.6407    20.5780 -9.990e-29
 150.684091      9.959  33.642637    13.6403    6.68381      9.876    27.6449    20.5816 -9.990e-29
 150.684097      9.971  33.646023    13.6397    6.68252      9.888    27.6484    20.5844 -9.990e-29
 150.684103      9.975  33.648096    13.6389    6.68963      9.892    27.6509    20.5865 -9.990e-29
 150.684109      9.971  33.649374    13.6368    6.69268      9.888    27.6536    20.5890 -9.990e-29
 150.684115      9.966  33.652119    13.6325    6.69470      9.883    27.6592    20.5941 -9.990e-29
 150.684120      9.966  33.656062    13.6273    6.68458      9.883    27.6665    20.6008 -9.990e-29
 150.684126      9.965  33.659731    13.6242    6.66685      9.882    27.6721    20.6057 -9.990e-29
 150.684132      9.959  33.660725    13.6245    6.66094      9.876    27.6728    20.6062 -9.990e-29
 150.684138      9.952  33.659242    13.6258    6.66201      9.869    27.6705    20.6041 -9.990e-29
 150.684144      9.948  33.658909    13.6248    6.67494      9.865    27.6709    20.6047 -9.990e-29
 150.684149      9.946  33.662642    13.6210    6.67618      9.863    27.6770    20.6101 -9.990e-29
 150.684155      9.948  33.670930    13.6158    6.67202      9.865    27.6883    20.6198 -9.990e-29
 150.684161      9.951  33.681365    13.6115    6.66832      9.868    27.7009    20.6304 -9.990e-29
 150.684167      9.954  33.687672    13.6116    6.67542      9.871    27.7066    20.6347 -9.990e-29
 150.684172      9.955  33.683681    13.6159    6.68264      9.872    27.6999    20.6287 -9.990e-29
 150.684178      9.963  33.674158    13.6198    6.68574      9.880    27.6884    20.6191 -9.990e-29
 150.684184      9.975  33.668827    13.6208    6.68437      9.892    27.6828    20.6146 -9.990e-29
 150.684190      9.979  33.668984    13.6211    6.68613      9.895    27.6827    20.6145 -9.990e-29
 150.684196      9.975  33.669229    13.6232    6.67495      9.892    27.6814    20.6131 -9.990e-29
 150.684201      9.970  33.665400    13.6264    6.66479      9.887    27.6756    20.6080 -9.990e-29
 150.684207      9.970  33.660797    13.6280    6.66156      9.887    27.6703    20.6036 -9.990e-29
 150.684213      9.974  33.659373    13.6262    6.66968      9.891    27.6703    20.6039 -9.990e-29
 150.684219      9.982  33.661469    13.6210    6.67048      9.898    27.6760    20.6093 -9.990e-29
 150.684225      9.991  33.666513    13.6159    6.67346      9.907    27.6842    20.6167 -9.990e-29
 150.684230      9.992  33.672255    13.6139    6.67777      9.908    27.6909    20.6222 -9.990e-29
 150.684236      9.986  33.675132    13.6149    6.67216      9.902    27.6928    20.6235 -9.990e-29
 150.684242      9.981  33.672810    13.6172    6.65869      9.897    27.6890    20.6201 -9.990e-29
 150.684248      9.980  33.667795    13.6185    6.65471      9.896    27.6835    20.6156 -9.990e-29
 150.684253      9.980  33.664610    13.6176    6.65090      9.896    27.6813    20.6140 -9.990e-29
 150.684259      9.976  33.664612    13.6147    6.65637      9.893    27.6834    20.6162 -9.990e-29
 150.684265      9.973  33.667800    13.6109    6.66482      9.890    27.6890    20.6213 -9.990e-29
 150.684271      9.973  33.673373    13.6083    6.67918      9.890    27.6960    20.6272 -9.990e-29
 150.684277      9.978  33.679229    13.6078    6.68255      9.894    27.7017    20.6317 -9.990e-29
 150.684282      9.987  33.683642    13.6092    6.67460      9.903    27.7047    20.6337 -9.990e-29
 150.684288      9.997  33.684643    13.6123    6.67142      9.913    27.7033    20.6321 -9.990e-29
 150.684294     10.000  33.681321    13.6166    6.67091      9.916    27.6972    20.6265 -9.990e-29
 150.684300      9.996  33.675971    13.6209    6.66875      9.912    27.6892    20.6195 -9.990e-29
 150.684306      9.994  33.672666    13.6242    6.67466      9.910    27.6838    20.6148 -9.990e-29
 150.684311      9.998  33.672418    13.6246    6.67322      9.914    27.6833    20.6143 -9.990e-29
 150.684317     10.007  33.673213    13.6219    6.67622      9.923    27.6860    20.6169 -9.990e-29
 150.684323     10.018  33.673122    13.6198    6.68135      9.934    27.6874    20.6184 -9.990e-29
 150.684329     10.024  33.670900    13.6203    6.67855      9.940    27.6850    20.6164 -9.990e-29
 150.684334     10.020  33.666759    13.6223    6.69799      9.936    27.6798    20.6120 -9.990e-29
 150.684340     10.010  33.661903    13.6239    6.69945      9.926    27.6743    20.6074 -9.990e-29
 150.684346      9.998  33.658268    13.6251    6.69908      9.914    27.6701    20.6040 -9.990e-29
 150.684352      9.980  33.656615    13.6281    6.70939      9.896    27.6664    20.6006 -9.990e-29
 150.684358      9.949  33.654177    13.6342    6.70326      9.866    27.6598    20.5943 -9.990e-29
 150.684363      9.908  33.648826    13.6412    6.69991      9.825    27.6499    20.5853 -9.990e-29
 150.684369      9.862  33.641835    13.6455    6.69667      9.779    27.6405    20.5772 -9.990e-29
 150.684375      9.819  33.636219    13.6466    6.68760      9.737    27.6346    20.5724 -9.990e-29
 150.684381      9.778  33.634020    13.6461    6.69201      9.696    27.6329    20.5713 -9.990e-29
 150.684387      9.733  33.633428    13.6446    6.70177      9.652    27.6335    20.5720 -9.990e-29
 150.684392      9.678  33.633654    13.6413    6.71512      9.597    27.6361    20.5746 -9.990e-29
 150.684398      9.604  33.637802    13.6373    6.73318      9.524    27.6428    20.5806 -9.990e-29
 150.684404      9.497  33.645236    13.6358    6.75285      9.418    27.6507    20.5869 -9.990e-29
 150.684410      9.348  33.647925    13.6398    6.76675      9.270    27.6503    20.5859 0.0000e+00
 150.684416      9.151  33.641045    13.6496    6.78010      9.074    27.6370    20.5737 0.0000e+00
 150.684421      8.905  33.627194    13.6618    6.81118      8.830    27.6157    20.5549 0.0000e+00
 150.684427      8.617  33.608647    13.6738    6.83273      8.545    27.5903    20.5330 0.0000e+00
 150.684433      8.299  33.588708    13.6850    6.82626      8.230    27.5643    20.5108 0.0000e+00
 150.684439      7.960  33.573311    13.6966    6.83039      7.893    27.5421    20.4914 0.0000e+00
 150.684444      7.605  33.560991    13.7126    6.85404      7.541    27.5195    20.4709 0.0000e+00
 150.684450      7.240  33.540930    13.7327    6.88573      7.179    27.4870    20.4420 0.0000e+00
 150.684456      6.872  33.512170    13.7524    6.92406      6.815    27.4470    20.4073 0.0000e+00
 150.684462      6.504  33.480657    13.7716    6.97147      6.450    27.4049    20.3711 0.0000e+00
 150.684468      6.138  33.453708    13.7963    6.99960      6.087    27.3630    20.3340 0.0000e+00
 150.684473      5.777  33.437442    13.8297    7.01931      5.729    27.3246    20.2979 0.0000e+00
 150.684479      5.427  33.417460    13.8642    7.04632      5.382    27.2822    20.2585 0.0000e+00
 150.684485      5.101  33.376095    13.8917    7.05426      5.058    27.2255    20.2095 0.0000e+00
 150.684491      4.807  33.326031    13.9098    7.07172      4.767    27.1676    20.1613 0.0000e+00
 150.684497      4.548  33.296379    13.9182    7.09118      4.510    27.1350    20.1346 0.0000e+00
 150.684502      4.325  33.289654    13.9187    7.11333      4.289    27.1287    20.1296 0.0000e+00
 150.684508      4.141  33.296331    13.9179    7.14580      4.106    27.1353    20.1349 0.0000e+00
 150.684514      3.997  33.298409    13.9285    7.16322      3.964    27.1298    20.1285 -9.990e-29
 150.684520      3.888  33.267265    13.9508    7.16211      3.856    27.0860    20.0905 -9.990e-29
 150.684525      3.802  33.218550    13.9709    7.15007      3.770    27.0281    20.0419 -9.990e-29
 150.684531      3.727  33.188213    13.9851    7.14692      3.696    26.9908    20.0105 -9.990e-29
 150.684537      3.657  33.170563    13.9985    7.15059      3.626    26.9656    19.9884 -9.990e-29
 150.684543      3.596  33.151598    14.0123    7.14913      3.566    26.9389    19.9652 -9.990e-29
 150.684549      3.545  33.137986    14.0242    7.14682      3.515    26.9184    19.9471 -9.990e-29
 150.684554      3.501  33.128396    14.0305    7.15576      3.472    26.9054    19.9358 -9.990e-29
 150.684560      3.460  33.119012    14.0319    7.15574      3.431    26.8960    19.9283 -9.990e-29
 150.684566      3.428  33.110217    14.0370    7.15243      3.399    26.8846    19.9185 -9.990e-29
 150.684572      3.413  33.094769    14.0495    7.14165      3.384    26.8620    19.8987 -9.990e-29
 150.684578      3.404  33.073369    14.0631    7.13096      3.376    26.8333    19.8739 -9.990e-29
 150.684583      3.397  33.053920    14.0726    7.13404      3.369    26.8093    19.8535 -9.990e-29
 150.684589      3.400  33.036839    14.0808    7.13849      3.372    26.7883    19.8358 -9.990e-29
 150.684595      3.413  33.027378    14.0881    7.13992      3.384    26.7747    19.8239 -9.990e-29
 150.684601      3.429  33.035906    14.0904    7.14122      3.400    26.7808    19.8281 -9.990e-29
 150.684606      3.439  33.050251    14.0874    7.13161      3.410    26.7957    19.8402 -9.990e-29
 150.684612      3.440  33.051425    14.0836    7.12950      3.411    26.7994    19.8438 -9.990e-29
 150.684618      3.437  33.046038    14.0839    7.12525      3.408    26.7943    19.8398 -9.990e-29
 150.684624      3.434  33.039239    14.0882    7.13935      3.405    26.7853    19.8320 -9.990e-29
 150.684630      3.429  33.029247    14.0922    7.14487      3.400    26.7735    19.8222 -9.990e-29
 150.684635      3.424  33.021798    14.0936    7.14964      3.395    26.7659    19.8160 -9.990e-29
 150.684641      3.418  33.019294    14.0921    7.16007      3.389    26.7647    19.8154 -9.990e-29
 150.684647      3.410  33.018956    14.0892    7.14527      3.382    26.7664    19.8173 -9.990e-29
 150.684653      3.399  33.016409    14.0880    7.13405      3.371    26.7649    19.8164 -9.990e-29
 150.684659      3.391  33.011619    14.0909    7.12884      3.363    26.7586    19.8110 -9.990e-29
 150.684664      3.387  33.008849    14.0968    7.12913      3.359    26.7521    19.8048 -9.990e-29
 150.684670      3.388  33.016738    14.1017    7.13280      3.360    26.7557    19.8066 -9.990e-29
 150.684676      3.395  33.037959    14.1033    7.14071      3.367    26.7737    19.8201 -9.990e-29
 150.684682      3.402  33.053161    14.1028    7.15274      3.374    26.7876    19.8310 -9.990e-29
 150.684688      3.407  33.047298    14.1014    7.15508      3.379    26.7833    19.8279 -9.990e-29
 150.684693      3.410  33.030491    14.0999    7.15063      3.382    26.7693    19.8174 -9.990e-29
 150.684699      3.414  33.012840    14.0994    7.13603      3.385    26.7538    19.8056 -9.990e-29
 150.684705      3.426  32.998279    14.1002    7.13259      3.397    26.7402    19.7950 -9.990e-29
 150.684711      3.440  32.993175    14.1019    7.12831      3.411    26.7345    19.7902 -9.990e-29
 150.684716      3.454  33.005857    14.1040    7.11952      3.425    26.7444    19.7974 -9.990e-29
 150.684722      3.469  33.039222    14.1051    7.13156      3.440    26.7735    19.8197 -9.990e-29
 150.684728      3.485  33.073853    14.1049    7.13633      3.456    26.8047    19.8437 -9.990e-29
 150.684734      3.500  33.087540    14.1042    7.14250      3.471    26.8175    19.8537 -9.990e-29
 150.684740      3.505  33.078914    14.1036    7.14075      3.476    26.8101    19.8481 -9.990e-29
 150.684745      3.497  33.053850    14.1036    7.14418      3.468    26.7877    19.8308 -9.990e-29
 150.684751      3.480  33.022090    14.1044    7.15664      3.451    26.7586    19.8083 -9.990e-29
 150.684757      3.461  32.998462    14.1056    7.15662      3.432    26.7366    19.7912 -9.990e-29
 150.684763      3.447  32.990138    14.1069    7.14009      3.418    26.7283    19.7845 -9.990e-29
 150.684769      3.443  32.992747    14.1076    7.13302      3.414    26.7301    19.7858 -9.990e-29
 150.684774      3.442  32.997435    14.1076    7.13182      3.413    26.7343    19.7890 -9.990e-29
 150.684780      3.441  33.003166    14.1078    7.13727      3.412    26.7393    19.7928 -9.990e-29
 150.684786      3.440  33.018703    14.1086    7.13557      3.411    26.7527    19.8029 -9.990e-29
 150.684792      3.439  33.043459    14.1094    7.13780      3.410    26.7744    19.8194 -9.990e-29
 150.684797      3.433  33.061677    14.1096    7.13924      3.404    26.7905    19.8319 -9.990e-29
 150.684803      3.418  33.064012    14.1095    7.13504      3.389    26.7927    19.8336 -9.990e-29
 150.684809      3.401  33.056382    14.1097    7.12397      3.373    26.7857    19.8282 -9.990e-29
 150.684815      3.394  33.047671    14.1102    7.11966      3.366    26.7776    19.8218 -9.990e-29
 150.684821      3.397  33.045885    14.1107    7.12847      3.369    26.7756    19.8202 -9.990e-29
 150.684826      3.402  33.052005    14.1107    7.13570      3.374    26.7811    19.8244 -9.990e-29
 150.684832      3.403  33.057375    14.1107    7.14623      3.375    26.7859    19.8281 -9.990e-29
 150.684838      3.402  33.059625    14.1107    7.14397      3.374    26.7880    19.8297 -9.990e-29
 150.684844      3.399  33.058390    14.1105    7.13629      3.371    26.7870    19.8290 -9.990e-29
 150.684850      3.392  33.048101    14.1103    7.12630      3.364    26.7779    19.8220 -9.990e-29
 150.684855      3.386  33.033537    14.1106    7.13368      3.358    26.7646    19.8117 -9.990e-29
 150.684861      3.386  33.025547    14.1112    7.13257      3.358    26.7571    19.8058 -9.990e-29
 150.684867      3.390  33.034780    14.1117    7.13476      3.362    26.7650    19.8118 -9.990e-29
 150.684873      3.399  33.057850    14.1117    7.14137      3.371    26.7857    19.8277 -9.990e-29
 150.684878      3.410  33.071144    14.1116    7.14307      3.382    26.7977    19.8370 -9.990e-29
 150.684884      3.418  33.067164    14.1116    7.14691      3.389    26.7941    19.8342 -9.990e-29
 150.684890      3.425  33.055737    14.1118    7.14034      3.396    26.7837    19.8262 -9.990e-29
 150.684896      3.431  33.046851    14.1121    7.13529      3.402    26.7755    19.8198 -9.990e-29
 150.684902      3.436  33.042670    14.1120    7.13069      3.407    26.7718    19.8170 -9.990e-29
 150.684907      3.441  33.039302    14.1121    7.12621      3.412    26.7688    19.8146 -9.990e-29
 150.684913      3.445  33.039543    14.1126    7.12270      3.416    26.7686    19.8144 -9.990e-29
 150.684919      3.449  33.044273    14.1129    7.12074      3.420    26.7727    19.8175 -9.990e-29
 150.684925      3.454  33.052512    14.1129    7.11395      3.425    26.7800    19.8231 -9.990e-29
 150.684931      3.459  33.064033    14.1128    7.11749      3.430    26.7904    19.8312 -9.990e-29
 150.684936      3.465  33.076261    14.1126    7.12024      3.436    26.8015    19.8397 -9.990e-29
 150.684942      3.473  33.088123    14.1123    7.12237      3.444    26.8124    19.8482 -9.990e-29
 150.684948      3.479  33.096939    14.1119    7.13789      3.450    26.8205    19.8545 -9.990e-29
 150.684954      3.473  33.097084    14.1118    7.14842      3.444    26.8208    19.8547 -9.990e-29
 150.684959      3.457  33.088191    14.1121    7.14432      3.428    26.8126    19.8484 -9.990e-29
 150.684965      3.437  33.075217    14.1129    7.13874      3.408    26.8004    19.8388 -9.990e-29
 150.684971      3.417  33.061603    14.1137    7.13871      3.388    26.7876    19.8288 -9.990e-29
