data/oxygen options/ONMS/Olympic_Coast_National_Marine_Sanctuary_CTD_Data_2005_2023/raw_data/2006/CTD_MB042_081606faedb.cnv
* Sea-Bird SBE19 Data File:
* FileName = C:\MOORING_DATA_2006\CTD_MB042_081606.hex
* Software Version 1.1.6
* Temperature SN = 2997
* Conductivity SN = 2997
* System UpLoad Time = Aug 16 2006 13:57:08
* SEACAT PROFILER V3.1c SN 2997   08/16/06  13:56:33.700
* strain gauge pressure sensor: S/N = 184829,  range = 3000 psia,  tc = 40
# nquan = 9
# nvalues = 38                          
# units = specified
# name 0 = timeJ: Julian Days
# name 1 = prSM: Pressure, Strain Gauge [db]
# name 2 = c0mS/cm: Conductivity [mS/cm]
# name 3 = t090C: Temperature [ITS-90, deg C]
# name 4 = oxML/L: Oxygen, Beckman/YSI [ml/l]
# name 5 = depSM: Depth [salt water, m], lat = 47.5
# name 6 = sal00: Salinity, Practical [PSU]
# name 7 = sigma-é00: Density [sigma-theta, kg/m^3]
# name 8 = flag: flag
# span 0 = 228.569345, 228.569799       
# span 1 =      3.000,     40.000       
# span 2 =  35.100497,  36.713626       
# span 3 =     8.1859,    10.9579       
# span 4 =    2.65454,    5.12770       
# span 5 =      2.975,     39.662       
# span 6 =    32.7203,    33.6103       
# span 7 =    25.0082,    26.1554       
# span 8 = 0.0000e+00, 0.0000e+00       
# interval = decibars: 1                
# start_time = Aug 16 2006 13:36:14 [Instrument's time stamp, header]
# bad_flag = -9.990e-29
*END*
 228.569345      3.000  36.713626    10.9579    5.08541      2.975    32.7203    25.0082 0.0000e+00
 228.569363      4.000  36.571370    10.7072    5.09591      3.967    32.8029    25.1164 0.0000e+00
 228.569376      5.000  36.495888    10.5626    5.12770      4.958    32.8571    25.1837 0.0000e+00
 228.569388      6.000  36.495251    10.4538    5.07260      5.950    32.9545    25.2783 0.0000e+00
 228.569398      7.000  36.499249    10.3547    4.94166      6.942    33.0479    25.3681 0.0000e+00
 228.569409      8.000  36.449414    10.2502    4.77726      7.933    33.0925    25.4207 0.0000e+00
 228.569420      9.000  36.335493    10.1235    4.65464      8.925    33.0926    25.4422 0.0000e+00
 228.569431     10.000  36.226488    10.0138    4.58207      9.916    33.0819    25.4523 0.0000e+00
 228.569442     11.000  36.146761     9.9011    4.46789     10.908    33.1037    25.4881 0.0000e+00
 228.569454     12.000  36.075514     9.8238    4.35362     11.900    33.1016    25.4993 0.0000e+00
 228.569465     13.000  36.030448     9.7668    4.19883     12.891    33.1076    25.5134 0.0000e+00
 228.569476     14.000  35.946033     9.6144    4.06871     13.883    33.1612    25.5803 0.0000e+00
 228.569488     15.000  35.802150     9.4344    4.04343     14.874    33.1795    25.6238 0.0000e+00
 228.569500     16.000  35.702212     9.3294    4.11516     15.866    33.1733    25.6359 0.0000e+00
 228.569512     17.000  35.689930     9.3090    4.12545     16.858    33.1791    25.6437 0.0000e+00
 228.569526     18.000  35.762173     9.3359    3.96861     17.849    33.2282    25.6779 0.0000e+00
 228.569539     19.000  35.771375     9.2547    3.72068     18.840    33.3129    25.7572 0.0000e+00
 228.569552     20.000  35.653979     9.0303    3.51370     19.832    33.4007    25.8614 0.0000e+00
 228.569564     21.000  35.515478     8.8897    3.40481     20.823    33.3880    25.8736 0.0000e+00
 228.569576     22.000  35.450430     8.8273    3.32931     21.815    33.3782    25.8757 0.0000e+00
 228.569589     23.000  35.411036     8.7405    3.28848     22.807    33.4183    25.9206 0.0000e+00
 228.569602     24.000  35.386922     8.6901    3.24904     23.798    33.4402    25.9454 0.0000e+00
 228.569615     25.000  35.375491     8.6599    3.21188     24.790    33.4562    25.9627 0.0000e+00
 228.569627     26.000  35.365218     8.6244    3.13533     25.782    33.4786    25.9857 0.0000e+00
 228.569637     27.000  35.349079     8.5903    3.04952     26.773    33.4935    26.0026 0.0000e+00
 228.569649     28.000  35.328136     8.5471    2.95335     27.765    33.5119    26.0237 0.0000e+00
 228.569660     29.000  35.282314     8.4666    2.87715     28.756    33.5397    26.0577 0.0000e+00
 228.569672     30.000  35.224660     8.3885    2.83589     29.748    33.5526    26.0797 0.0000e+00
 228.569684     31.000  35.189172     8.3352    2.81017     30.739    33.5653    26.0977 0.0000e+00
 228.569696     32.000  35.167788     8.3064    2.77960     31.731    33.5698    26.1056 0.0000e+00
 228.569709     33.000  35.154752     8.2846    2.73684     32.722    33.5763    26.1140 0.0000e+00
 228.569719     34.000  35.144945     8.2553    2.69874     33.714    33.5934    26.1318 0.0000e+00
 228.569731     35.000  35.126553     8.2304    2.68897     34.705    33.5972    26.1385 0.0000e+00
 228.569742     36.000  35.115795     8.2211    2.68217     35.696    33.5942    26.1376 0.0000e+00
 228.569754     37.000  35.110746     8.2130    2.66424     36.688    33.5961    26.1402 0.0000e+00
 228.569768     38.000  35.108067     8.1946    2.66538     37.679    33.6103    26.1542 0.0000e+00
 228.569781     39.000  35.100497     8.1859    2.66488     38.671    33.6102    26.1554 0.0000e+00
 228.569799     40.000  35.101166     8.1880    2.65454     39.662    33.6084    26.1537 0.0000e+00
