data/oxygen options/ONMS/Olympic_Coast_National_Marine_Sanctuary_CTD_Data_2005_2023/raw_data/2006/CTD_CA015_050306faed.cnv
* Sea-Bird SBE19 Data File:
* FileName = C:\MOORING_DATA_2006\CTD_CA015_050306.hex
* Software Version 1.1.6
* Temperature SN = 2997
* Conductivity SN = 2997
* System UpLoad Time = May 03 2006 16:02:11
** CA15 COMPARISON
* SEACAT PROFILER V3.1c SN 2997   05/03/06  16:01:01.503
# nquan = 9                                 
# nvalues = 1752                        
# units = specified
# name 0 = timeJ: Julian Days
# name 1 = prSM: Pressure, Strain Gauge [db]
# name 2 = c0mS/cm: Conductivity [mS/cm]
# name 3 = t090C: Temperature [ITS-90, deg C]
# name 4 = oxML/L: Oxygen, Beckman/YSI [ml/l]
# name 5 = depSM: Depth [salt water, m], lat = 47.5
# name 6 = sal00: Salinity, Practical [PSU]
# name 7 = sigma-é00: Density [sigma-theta, kg/m^3]
# name 8 = flag: flag
# span 0 = 123.653218, 123.663351       
# span 1 =     -5.507,     31.156       
# span 2 =   0.625021,  35.914869       
# span 3 =     8.0705,    11.1883       
# span 4 =  -13.54220,   40.96889       
# span 5 =     -5.461,     30.894       
# span 6 =     0.4197,    33.5699       
# span 7 =    -0.0803,    26.1391       
# span 8 = 0.0000e+00, 0.0000e+00       
# interval = seconds: 0.5
# start_time = May 03 2006 15:40:38 [Instrument's time stamp, header]
# bad_flag = -9.990e-29
*END*
[from data line 961]
 123.658779     20.651  34.948631     8.0840    2.86876     20.478    33.5547    26.1267 -9.990e-29
 123.658785     20.649  34.948583     8.0838    2.86165     20.476    33.5548    26.1269 -9.990e-29
 123.658791     20.649  34.948515     8.0833    2.87308     20.476    33.5552    26.1272 -9.990e-29
 123.658796     20.660  34.948333     8.0827    2.87578     20.487    33.5556    26.1276 -9.990e-29
 123.658802     20.679  34.947980     8.0818    2.86800     20.505    33.5561    26.1281 -9.990e-29
 123.658808     20.686  34.947544     8.0808    2.87719     20.512    33.5566    26.1287 -9.990e-29
 123.658814     20.663  34.947189     8.0802    2.87596     20.490    33.5568    26.1289 -9.990e-29
 123.658819     20.609  34.947001     8.0802    2.86809     20.436    33.5566    26.1288 -9.990e-29
 123.658825     20.539  34.946913     8.0803    2.86885     20.367    33.5564    26.1286 -9.990e-29
 123.658831     20.472  34.946810     8.0800    2.86474     20.300    33.5567    26.1288 -9.990e-29
 123.658837     20.427  34.946553     8.0796    2.86668     20.256    33.5568    26.1290 -9.990e-29
 123.658843     20.413  34.946364     8.0798    2.86139     20.242    33.5564    26.1287 -9.990e-29
 123.658848     20.425  34.946549     8.0802    2.85948     20.254    33.5562    26.1285 -9.990e-29
 123.658854     20.447  34.946795     8.0804    2.85101     20.275    33.5563    26.1285 -9.990e-29
 123.658860     20.467  34.946866     8.0801    2.85965     20.295    33.5566    26.1288 -9.990e-29
 123.658866     20.482  34.946853     8.0797    2.85657     20.310    33.5570    26.1292 -9.990e-29
 123.658872     20.494  34.946737     8.0793    2.86583     20.322    33.5572    26.1294 -9.990e-29
 123.658877     20.498  34.946364     8.0787    2.86988     20.326    33.5574    26.1296 -9.990e-29
 123.658883     20.491  34.945795     8.0782    2.87681     20.319    33.5573    26.1296 -9.990e-29
 123.658889     20.472  34.945391     8.0778    2.87147     20.300    33.5572    26.1296 -9.990e-29
 123.658895     20.444  34.945175     8.0773    2.86497     20.272    33.5575    26.1299 -9.990e-29
 123.658900     20.423  34.944857     8.0768    2.85378     20.252    33.5577    26.1301 -9.990e-29
 123.658906     20.424  34.944575     8.0767    2.85054     20.253    33.5575    26.1300 -9.990e-29
 123.658912     20.444  34.944512     8.0769    2.85463     20.272    33.5572    26.1297 -9.990e-29
 123.658918     20.466  34.944583     8.0771    2.85681     20.294    33.5571    26.1296 -9.990e-29
 123.658924     20.479  34.944881     8.0772    2.86952     20.307    33.5573    26.1298 -9.990e-29
 123.658929     20.479  34.945242     8.0778    2.87178     20.307    33.5571    26.1295 -9.990e-29
 123.658935     20.471  34.945584     8.0794    2.88095     20.299    33.5559    26.1284 -9.990e-29
 123.658941     20.467  34.946361     8.0822    2.89006     20.295    33.5541    26.1265 -9.990e-29
 123.658947     20.476  34.948049     8.0850    2.88797     20.304    33.5532    26.1254 -9.990e-29
 123.658953     20.493  34.949534     8.0859    2.87623     20.321    33.5539    26.1258 -9.990e-29
 123.658958     20.511  34.949429     8.0852    2.86814     20.339    33.5544    26.1263 -9.990e-29
 123.658964     20.523  34.948714     8.0842    2.86384     20.351    33.5546    26.1266 -9.990e-29
 123.658970     20.526  34.948117     8.0832    2.87492     20.354    33.5550    26.1270 -9.990e-29
 123.658976     20.519  34.947402     8.0820    2.88099     20.347    33.5553    26.1275 -9.990e-29
 123.658981     20.506  34.946736     8.0811    2.88117     20.334    33.5555    26.1278 -9.990e-29
 123.658987     20.491  34.946353     8.0807    2.87929     20.319    33.5555    26.1278 -9.990e-29
 123.658993     20.473  34.946302     8.0811    2.87503     20.301    33.5551    26.1274 -9.990e-29
 123.658999     20.458  34.946514     8.0827    2.88447     20.286    33.5538    26.1262 -9.990e-29
 123.659005     20.460  34.947271     8.0853    2.88637     20.288    33.5521    26.1245 -9.990e-29
 123.659010     20.483  34.948458     8.0877    2.89544     20.311    33.5510    26.1233 -9.990e-29
 123.659016     20.519  34.949977     8.0900    2.89477     20.347    33.5504    26.1225 -9.990e-29
 123.659022     20.553  34.951607     8.0922    2.90007     20.380    33.5500    26.1219 -9.990e-29
 123.659028     20.584  34.952154     8.0935    2.90086     20.411    33.5494    26.1211 -9.990e-29
 123.659034     20.618  34.951785     8.0934    2.89617     20.445    33.5491    26.1209 -9.990e-29
 123.659039     20.652  34.951692     8.0932    2.89374     20.479    33.5491    26.1210 -9.990e-29
 123.659045     20.681  34.951748     8.0934    2.89916     20.507    33.5490    26.1209 -9.990e-29
 123.659051     20.697  34.951468     8.0934    2.89123     20.523    33.5487    26.1206 -9.990e-29
 123.659057     20.697  34.951035     8.0937    2.88929     20.523    33.5479    26.1200 -9.990e-29
 123.659063     20.682  34.950992     8.0939    2.88757     20.508    33.5477    26.1198 -9.990e-29
 123.659068     20.654  34.951281     8.0934    2.88555     20.481    33.5485    26.1205 -9.990e-29
 123.659074     20.624  34.951166     8.0924    2.88968     20.451    33.5493    26.1213 -9.990e-29
 123.659080     20.604  34.950493     8.0917    2.89885     20.431    33.5493    26.1214 -9.990e-29
 123.659086     20.593  34.950048     8.0921    2.90116     20.420    33.5485    26.1206 -9.990e-29
 123.659091     20.580  34.950359     8.0941    2.90146     20.407    33.5469    26.1191 -9.990e-29
 123.659097     20.566  34.951275     8.0965    2.89094     20.393    33.5456    26.1177 -9.990e-29
 123.659103     20.557  34.952334     8.0978    2.88410     20.384    33.5455    26.1174 -9.990e-29
 123.659109     20.562  34.952706     8.0975    2.90249     20.389    33.5461    26.1180 -9.990e-29
 123.659115     20.586  34.952326     8.0965    2.89950     20.413    33.5467    26.1186 -9.990e-29
 123.659120     20.621  34.951808     8.0957    2.90183     20.448    33.5469    26.1189 -9.990e-29
 123.659126     20.657  34.951583     8.0953    2.89760     20.484    33.5470    26.1190 -9.990e-29
 123.659132     20.687  34.951909     8.0945    2.88211     20.513    33.5481    26.1200 -9.990e-29
 123.659138     20.710  34.952095     8.0928    2.88439     20.536    33.5499    26.1217 -9.990e-29
 123.659144     20.730  34.951267     8.0908    2.87501     20.556    33.5509    26.1228 -9.990e-29
 123.659149     20.750  34.950003     8.0894    2.86557     20.576    33.5509    26.1230 -9.990e-29
 123.659155     20.757  34.949423     8.0885    2.86757     20.583    33.5512    26.1233 -9.990e-29
 123.659161     20.744  34.949310     8.0877    2.86975     20.570    33.5518    26.1239 -9.990e-29
 123.659167     20.718  34.948950     8.0866    2.87524     20.544    33.5525    26.1246 -9.990e-29
 123.659172     20.690  34.948424     8.0855    2.88021     20.516    33.5530    26.1252 -9.990e-29
 123.659178     20.659  34.948154     8.0852    2.88029     20.486    33.5530    26.1252 -9.990e-29
 123.659184     20.619  34.948338     8.0861    2.88961     20.446    33.5524    26.1246 -9.990e-29
 123.659190     20.570  34.948658     8.0877    2.89157     20.397    33.5512    26.1234 -9.990e-29
 123.659196     20.524  34.948979     8.0895    2.90021     20.352    33.5498    26.1221 -9.990e-29
 123.659201     20.493  34.949729     8.0912    2.90021     20.321    33.5490    26.1212 -9.990e-29
 123.659207     20.485  34.950787     8.0925    2.89616     20.313    33.5489    26.1209 -9.990e-29
 123.659213     20.499  34.951322     8.0933    2.89472     20.327    33.5487    26.1206 -9.990e-29
 123.659219     20.532  34.950923     8.0934    2.88120     20.360    33.5482    26.1202 -9.990e-29
 123.659225     20.577  34.950180     8.0932    2.88754     20.404    33.5475    26.1198 -9.990e-29
 123.659230     20.628  34.949782     8.0929    2.88089     20.455    33.5474    26.1197 -9.990e-29
 123.659236     20.677  34.949759     8.0927    2.88908     20.503    33.5475    26.1198 -9.990e-29
 123.659242     20.712  34.950076     8.0928    2.89331     20.538    33.5478    26.1200 -9.990e-29
 123.659248     20.733  34.950594     8.0929    2.89125     20.559    33.5482    26.1203 -9.990e-29
 123.659253     20.740  34.950881     8.0927    2.89389     20.566    33.5487    26.1207 -9.990e-29
 123.659259     20.735  34.950758     8.0925    2.89820     20.561    33.5488    26.1208 -9.990e-29
 123.659265     20.716  34.950621     8.0926    2.90022     20.542    33.5485    26.1206 -9.990e-29
 123.659271     20.683  34.950847     8.0933    2.90957     20.509    33.5481    26.1202 -9.990e-29
 123.659277     20.637  34.951175     8.0944    2.91884     20.464    33.5474    26.1195 -9.990e-29
 123.659282     20.588  34.951479     8.0962    2.91596     20.415    33.5461    26.1181 -9.990e-29
 123.659288     20.547  34.952164     8.0982    2.91449     20.375    33.5449    26.1169 -9.990e-29
 123.659294     20.519  34.953022     8.0995    2.90857     20.347    33.5446    26.1165 -9.990e-29
 123.659300     20.507  34.953515     8.1003    2.90471     20.335    33.5443    26.1162 -9.990e-29
 123.659306     20.506  34.953738     8.1014    2.90444     20.334    33.5435    26.1154 -9.990e-29
 123.659311     20.510  34.953989     8.1029    2.90474     20.338    33.5424    26.1142 -9.990e-29
 123.659317     20.522  34.954602     8.1041    2.90554     20.350    33.5419    26.1137 -9.990e-29
 123.659323     20.536  34.955270     8.1044    2.91473     20.364    33.5423    26.1140 -9.990e-29
 123.659329     20.546  34.955201     8.1043    2.91605     20.374    33.5423    26.1140 -9.990e-29
 123.659334     20.547  34.954860     8.1043    2.91617     20.375    33.5419    26.1137 -9.990e-29
 123.659340     20.545  34.954914     8.1037    2.90554     20.373    33.5426    26.1143 -9.990e-29
 123.659346     20.547  34.954875     8.1017    2.89018     20.375    33.5444    26.1160 -9.990e-29
 123.659352     20.558  34.954127     8.0985    2.88800     20.385    33.5467    26.1183 -9.990e-29
 123.659358     20.578  34.952795     8.0951    2.88084     20.405    33.5485    26.1202 -9.990e-29
 123.659363     20.610  34.951347     8.0925    2.88556     20.437    33.5494    26.1214 -9.990e-29
 123.659369     20.650  34.950093     8.0912    2.88024     20.477    33.5493    26.1215 -9.990e-29
 123.659375     20.688  34.949601     8.0909    2.88024     20.514    33.5491    26.1213 -9.990e-29
 123.659381     20.714  34.949775     8.0909    2.87498     20.540    33.5493    26.1214 -9.990e-29
 123.659387     20.730  34.949725     8.0906    2.88411     20.556    33.5495    26.1217 -9.990e-29
 123.659392     20.741  34.949380     8.0900    2.89036     20.567    33.5497    26.1219 -9.990e-29
 123.659398     20.743  34.949403     8.0895    2.89245     20.569    33.5502    26.1224 -9.990e-29
 123.659404     20.732  34.949823     8.0892    2.90312     20.558    33.5509    26.1230 -9.990e-29
 123.659410     20.713  34.950076     8.0892    2.89181     20.539    33.5512    26.1232 -9.990e-29
 123.659416     20.691  34.949940     8.0896    2.89046     20.517    33.5507    26.1228 -9.990e-29
 123.659421     20.670  34.949792     8.0904    2.88865     20.496    33.5498    26.1219 -9.990e-29
 123.659427     20.653  34.949995     8.0914    2.88628     20.480    33.5490    26.1212 -9.990e-29
 123.659433     20.643  34.950258     8.0924    2.89949     20.470    33.5484    26.1205 -9.990e-29
 123.659439     20.639  34.950370     8.0932    2.89289     20.466    33.5477    26.1199 -9.990e-29
 123.659444     20.646  34.950481     8.0937    2.89940     20.473    33.5474    26.1195 -9.990e-29
 123.659450     20.664  34.950738     8.0938    2.89083     20.491    33.5475    26.1197 -9.990e-29
 123.659456     20.685  34.950922     8.0938    2.87761     20.511    33.5477    26.1198 -9.990e-29
 123.659462     20.707  34.950714     8.0934    2.88681     20.533    33.5479    26.1200 -9.990e-29
 123.659468     20.731  34.950396     8.0926    2.87755     20.557    33.5483    26.1204 -9.990e-29
 123.659473     20.759  34.950106     8.0912    2.89086     20.585    33.5493    26.1214 -9.990e-29
 123.659479     20.787  34.949455     8.0898    2.88554     20.612    33.5499    26.1221 -9.990e-29
 123.659485     20.805  34.948696     8.0892    2.88136     20.630    33.5497    26.1220 -9.990e-29
 123.659491     20.806  34.948498     8.0891    2.88344     20.631    33.5496    26.1220 -9.990e-29
 123.659497     20.794  34.948595     8.0888    2.88117     20.619    33.5500    26.1223 -9.990e-29
 123.659502     20.773  34.948555     8.0878    2.88492     20.599    33.5509    26.1232 -9.990e-29
 123.659508     20.744  34.948321     8.0867    2.87360     20.570    33.5517    26.1240 -9.990e-29
 123.659514     20.716  34.948142     8.0863    2.87231     20.542    33.5519    26.1242 -9.990e-29
 123.659520     20.691  34.948336     8.0866    2.87274     20.517    33.5519    26.1241 -9.990e-29
 123.659525     20.666  34.948598     8.0873    2.88359     20.492    33.5515    26.1237 -9.990e-29
 123.659531     20.640  34.948712     8.0884    2.89891     20.467    33.5506    26.1228 -9.990e-29
 123.659537     20.617  34.948828     8.0898    2.91103     20.444    33.5493    26.1217 -9.990e-29
 123.659543     20.602  34.949099     8.0921    2.92934     20.429    33.5474    26.1198 -9.990e-29
 123.659549     20.596  34.949884     8.0971    2.93652     20.423    33.5435    26.1160 -9.990e-29
 123.659554     20.593  34.951666     8.1067    2.93219     20.420    33.5362    26.1088 -9.990e-29
 123.659560     20.597  34.955134     8.1173    2.94157     20.424    33.5297    26.1022 -9.990e-29
 123.659566     20.614  34.958741     8.1222    2.93550     20.441    33.5289    26.1008 -9.990e-29
 123.659572     20.640  34.959440     8.1215    2.93167     20.467    33.5303    26.1020 -9.990e-29
 123.659578     20.667  34.958163     8.1193    2.91816     20.493    33.5310    26.1029 -9.990e-29
 123.659583     20.694  34.957134     8.1165    2.90736     20.520    33.5326    26.1046 -9.990e-29
 123.659589     20.722  34.956097     8.1120    2.89839     20.548    33.5358    26.1077 -9.990e-29
 123.659595     20.749  34.954228     8.1075    2.89730     20.575    33.5381    26.1102 -9.990e-29
 123.659601     20.768  34.952395     8.1059    2.89954     20.594    33.5377    26.1101 -9.990e-29
 123.659606     20.775  34.952638     8.1069    2.89900     20.601    33.5370    26.1094 -9.990e-29
 123.659612     20.767  34.954155     8.1077    2.91807     20.593    33.5378    26.1100 -9.990e-29
 123.659618     20.740  34.954477     8.1066    2.93205     20.566    33.5392    26.1112 -9.990e-29
 123.659624     20.699  34.954030     8.1056    2.96355     20.525    33.5397    26.1118 -9.990e-29
 123.659630     20.655  34.954462     8.1074    2.98439     20.482    33.5385    26.1105 -9.990e-29
 123.659635     20.611  34.955784     8.1127    3.00492     20.438    33.5348    26.1069 -9.990e-29
 123.659641     20.566  34.957513     8.1219    3.03605     20.393    33.5279    26.1001 -9.990e-29
 123.659647     20.527  34.959707     8.1372    3.07319     20.355    33.5156    26.0882 -9.990e-29
 123.659653     20.500  34.963608     8.1600    3.08758     20.328    33.4980    26.0710 -9.990e-29
 123.659659     20.492  34.971050     8.1881    3.08996     20.320    33.4791    26.0519 -9.990e-29
 123.659664     20.506  34.981859     8.2120    3.07576     20.334    33.4678    26.0395 -9.990e-29
 123.659670     20.539  34.990255     8.2191    3.05294     20.367    33.4699    26.0401 -9.990e-29
 123.659676     20.581  34.988362     8.2116    3.04972     20.408    33.4750    26.0453 -9.990e-29
 123.659682     20.621  34.979829     8.2029    3.05956     20.448    33.4742    26.0459 -9.990e-29
 123.659688     20.654  34.975151     8.1999    3.07789     20.481    33.4721    26.0447 -9.990e-29
 123.659693     20.672  34.975939     8.2000    3.09861     20.498    33.4728    26.0453 -9.990e-29
