data/oxygen options/ONMS/Olympic_Coast_National_Marine_Sanctuary_CTD_Data_2005_2023/raw_data/2006/CTD_MB042_081606faed.cnv
* Sea-Bird SBE19 Data File:
* FileName = C:\MOORING_DATA_2006\CTD_MB042_081606.hex
* Software Version 1.1.6
* Temperature SN = 2997
* Conductivity SN = 2997
* System UpLoad Time = Aug 16 2006 13:57:08
* SEACAT PROFILER V3.1c SN 2997   08/16/06  13:56:33.700
* strain gauge pressure sensor: S/N = 184829,  range = 3000 psia,  tc = 40
# nquan = 9                                 
# nvalues = 1829                        
# units = specified
# name 0 = timeJ: Julian Days
# name 1 = prSM: Pressure, Strain Gauge [db]
# name 2 = c0mS/cm: Conductivity [mS/cm]
# name 3 = t090C: Temperature [ITS-90, deg C]
# name 4 = oxML/L: Oxygen, Beckman/YSI [ml/l]
# name 5 = depSM: Depth [salt water, m], lat = 47.5
# name 6 = sal00: Salinity, Practical [PSU]
# name 7 = sigma-é00: Density [sigma-theta, kg/m^3]
# name 8 = flag: flag
# span 0 = 228.566829, 228.577407       
# span 1 =     -4.917,     40.319       
# span 2 =   0.089405,  37.698998       
# span 3 =     8.1857,    16.4524       
# span 4 =   -4.12845,   35.42739       
# span 5 =     -4.876,     39.979       
# span 6 =     0.0532,    33.6110       
# span 7 =    -1.0854,    26.1553       
# span 8 = 0.0000e+00, 0.0000e+00       
# interval = seconds: 0.5
# start_time = Aug 16 2006 13:36:14 [Instrument's time stamp, header]
# bad_flag = -9.990e-29
*END*
[from data line 1761]
 228.577020      4.510  36.548263    10.5635    5.24473      4.472    32.9090    25.2239 -9.990e-29
 228.577025      4.510  36.546487    10.5665    5.23715      4.472    32.9045    25.2199 -9.990e-29
 228.577031      4.509  36.542480    10.5710    5.25038      4.471    32.8964    25.2128 -9.990e-29
 228.577037      4.508  36.540991    10.5741    5.25525      4.470    32.8921    25.2090 -9.990e-29
 228.577043      4.506  36.541152    10.5746    5.27199      4.468    32.8918    25.2087 -9.990e-29
 228.577049      4.507  36.540933    10.5721    5.28315      4.469    32.8939    25.2107 -9.990e-29
 228.577054      4.516  36.545084    10.5672    5.27722      4.478    32.9024    25.2182 -9.990e-29
 228.577060      4.525  36.553530    10.5625    5.28207      4.487    32.9151    25.2289 -9.990e-29
 228.577066      4.526  36.559018    10.5608    5.26863      4.488    32.9222    25.2347 -9.990e-29
 228.577072      4.522  36.559886    10.5625    5.26404      4.484    32.9215    25.2339 -9.990e-29
 228.577078      4.519  36.558408    10.5654    5.26232      4.481    32.9174    25.2302 -9.990e-29
 228.577083      4.515  36.556536    10.5676    5.25157      4.477    32.9135    25.2268 -9.990e-29
 228.577089      4.511  36.554575    10.5690    5.25942      4.473    32.9103    25.2240 -9.990e-29
 228.577095      4.506  36.551027    10.5698    5.25402      4.468    32.9060    25.2206 -9.990e-29
 228.577101      4.501  36.547329    10.5701    5.27014      4.463    32.9021    25.2174 -9.990e-29
 228.577106      4.498  36.546959    10.5694    5.28375      4.460    32.9023    25.2177 -9.990e-29
 228.577112      4.507  36.551102    10.5665    5.28241      4.469    32.9091    25.2235 -9.990e-29
 228.577118      4.528  36.557426    10.5609    5.29951      4.490    32.9205    25.2334 -9.990e-29
 228.577124      4.549  36.563141    10.5551    5.28635      4.511    32.9314    25.2429 -9.990e-29
 228.577130      4.555  36.566889    10.5537    5.28186      4.517    32.9365    25.2470 -9.990e-29
 228.577135      4.537  36.566931    10.5571    5.27573      4.499    32.9334    25.2441 -9.990e-29
 228.577141      4.499  36.563877    10.5619    5.25353      4.461    32.9261    25.2375 -9.990e-29
 228.577147      4.447  36.560382    10.5655    5.26522      4.410    32.9193    25.2317 -9.990e-29
 228.577153      4.386  36.556831    10.5674    5.26975      4.349    32.9141    25.2272 -9.990e-29
 228.577159      4.316  36.553536    10.5683    5.27036      4.280    32.9100    25.2239 -9.990e-29
 228.577164      4.234  36.551709    10.5683    5.27903      4.199    32.9082    25.2225 -9.990e-29
 228.577170      4.137  36.553958    10.5678    5.26514      4.102    32.9109    25.2247 -9.990e-29
 228.577176      4.025  36.558790    10.5691    5.26321      3.991    32.9147    25.2274 -9.990e-29
 228.577182      3.890  36.558623    10.5744    5.25147      3.857    32.9098    25.2227 0.0000e+00
 228.577188      3.727  36.552668    10.5842    5.23169      3.696    32.8950    25.2095 0.0000e+00
 228.577193      3.540  36.545323    10.5975    5.19697      3.510    32.8758    25.1922 0.0000e+00
 228.577199      3.338  36.538568    10.6108    5.18716      3.310    32.8571    25.1753 0.0000e+00
 228.577205      3.129  36.532370    10.6226    5.18185      3.103    32.8404    25.1602 0.0000e+00
 228.577211      2.917  36.527440    10.6346    5.22565      2.893    32.8247    25.1460 0.0000e+00
 228.577216      2.706  36.527301    10.6448    5.32035      2.683    32.8155    25.1370 0.0000e+00
 228.577222      2.499  36.532888    10.6517    5.35396      2.478    32.8150    25.1354 0.0000e+00
 228.577228      2.297  36.540994    10.6617    5.35021      2.278    32.8142    25.1330 0.0000e+00
 228.577234      2.094  36.548401    10.6900    5.24762      2.077    32.7962    25.1142 0.0000e+00
 228.577240      1.891  36.561618    10.7557    5.11393      1.875    32.7506    25.0672 0.0000e+00
 228.577245      1.692  36.596022    10.8544    5.05302      1.678    32.6966    25.0079 0.0000e+00
 228.577251      1.502  36.669440    10.9662    5.07918      1.489    32.6698    24.9674 0.0000e+00
 228.577257      1.325  36.769273    11.0708    5.70145      1.314    32.6756    24.9534 0.0000e+00
 228.577263      1.167  36.852524    11.1406    6.19038      1.157    32.6959    24.9568 0.0000e+00
 228.577269      1.032  36.902325    11.1760    6.36028      1.023    32.7136    24.9643 -9.990e-29
 228.577274      0.914  36.919468    11.1921    6.61640      0.906    32.7162    24.9634 -9.990e-29
 228.577280      0.806  36.907749    11.1959    6.83551      0.799    32.7014    24.9512 -9.990e-29
 228.577286      0.707  36.865007    11.2007    7.00623      0.701    32.6550    24.9143 -9.990e-29
 228.577292      0.617  36.763422    11.2123    7.06570      0.612    32.5447    24.8264 -9.990e-29
 228.577297      0.540  36.533733    11.2276    7.04433      0.535    32.3053    24.6375 -9.990e-29
 228.577303      0.480  35.954389    11.2426    7.04198      0.476    31.7234    24.1825 -9.990e-29
 228.577309      0.437  34.331460    11.2558    7.10535      0.433    30.1271    22.9397 -9.990e-29
 228.577315      0.404  29.569473    11.2687    7.14347      0.401    25.5329    19.3721 -9.990e-29
 228.577321      0.374  20.981758    11.2823    7.09083      0.371    17.5176    13.1616 -9.990e-29
 228.577326      0.350  12.521037    11.2957    7.05582      0.347     9.9935     7.3381 -9.990e-29
 228.577332      0.335   7.381261    11.3079    7.12002      0.332     5.6543     3.9759 -9.990e-29
 228.577338      0.327   4.784953    11.3191    7.26236      0.324     3.5556     2.3460 -9.990e-29
 228.577344      0.327   3.527693    11.3286    7.37759      0.324     2.5701     1.5789 -9.990e-29
 228.577350      0.334   2.989675    11.3351    7.38232      0.331     2.1560     1.2560 -9.990e-29
 228.577355      0.345   2.742921    11.3392 -9.990e-29      0.342     1.9679     1.1091 -9.990e-29
 228.577361      0.355   2.618936    11.3430 -9.990e-29      0.352     1.8737     1.0353 -9.990e-29
 228.577367      0.366   2.547926    11.3473 -9.990e-29      0.363     1.8199     0.9929 -9.990e-29
 228.577373      0.373   2.562932    11.3522 -9.990e-29      0.370     1.8309     1.0010 -9.990e-29
 228.577378      0.374   2.813901    11.3583 -9.990e-29      0.371     2.0208     1.1481 -9.990e-29
 228.577384      0.372   3.306621    11.3652 -9.990e-29      0.369     2.3971     1.4403 -9.990e-29
 228.577390      0.376   3.702046    11.3718 -9.990e-29      0.373     2.7021     1.6767 -9.990e-29
 228.577396      0.386   3.759620    11.3782 -9.990e-29      0.383     2.7463     1.7103 -9.990e-29
 228.577402      0.394   3.577792    11.3815 -9.990e-29      0.391     2.6052     1.6002 -9.990e-29
 228.577407      0.397   3.339218 -9.990e-29 -9.990e-29      0.394 -9.990e-29 -9.990e-29 -9.990e-29
