data/oxygen options/ONMS/Olympic_Coast_National_Marine_Sanctuary_CTD_Data_2005_2023/raw_data/2006/CTD_CE065_092506faedb.cnv
* Sea-Bird SBE19 Data File:
* FileName = C:\MOORING_DATA_2006\CTD_CE065_092506.hex
* Software Version 1.1.6
* Temperature SN = 2997
* Conductivity SN = 2997
* System UpLoad Time = Sep 25 2006 12:26:07
* SEACAT PROFILER V3.1c SN 2997   09/25/06  12:27:01.776
* strain gauge pressure sensor: S/N = 184829,  range = 3000 psia,  tc = 40
# nquan = 9
# nvalues = 68                          
# units = specified
# name 0 = timeJ: Julian Days
# name 1 = prSM: Pressure, Strain Gauge [db]
# name 2 = c0mS/cm: Conductivity [mS/cm]
# name 3 = t090C: Temperature [ITS-90, deg C]
# name 4 = oxML/L: Oxygen, Beckman/YSI [ml/l]
# name 5 = depSM: Depth [salt water, m], lat = 47.5
# name 6 = sal00: Salinity, Practical [PSU]
# name 7 = sigma-é00: Density [sigma-theta, kg/m^3]
# name 8 = flag: flag
# span 0 = 268.506974, 268.508195       
# span 1 =      3.000,     70.000       
# span 2 =  34.910387,  37.528817       
# span 3 =     7.6919,    13.8517       
# span 4 =    0.81003,    7.02533       
# span 5 =      2.975,     69.404       
# span 6 =    30.7254,    33.9090       
# span 7 =    22.9162,    26.4627       
# span 8 = 0.0000e+00, 0.0000e+00       
# interval = decibars: 1                
# start_time = Sep 25 2006 12:06:45 [Instrument's time stamp, header]
# bad_flag = -9.990e-29
*END*
 268.506974      3.000  37.185061    13.8517    7.02533      2.975    30.7254    22.9162 0.0000e+00
 268.506996      4.000  37.486480    12.8791    6.29159      3.967    31.8048    23.9422 0.0000e+00
 268.507014      5.000  37.528817    12.3617    6.02763      4.958    32.2838    24.4124 0.0000e+00
 268.507030      6.000  37.373810    11.8446    6.01251      5.950    32.5830    24.7413 0.0000e+00
 268.507047      7.000  37.142936    11.5000    5.82027      6.941    32.6605    24.8647 0.0000e+00
 268.507063      8.000  37.158625    11.4170    5.74572      7.933    32.7488    24.9484 0.0000e+00
 268.507079      9.000  37.257708    11.3580    5.78798      8.925    32.8981    25.0752 0.0000e+00
 268.507095     10.000  37.228804    11.2997    5.75599      9.916    32.9212    25.1037 0.0000e+00
 268.507111     11.000  37.262677    11.2867    5.50438     10.908    32.9658    25.1408 0.0000e+00
 268.507127     12.000  37.285146    11.2164    5.00424     11.899    33.0505    25.2193 0.0000e+00
 268.507142     13.000  37.232059    11.0835    4.80508     12.891    33.1171    25.2949 0.0000e+00
 268.507158     14.000  37.058880    10.7524    4.84854     13.883    33.2442    25.4524 0.0000e+00
 268.507174     15.000  36.812081    10.5600    4.84083     14.874    33.1719    25.4296 0.0000e+00
 268.507191     16.000  36.776156    10.5245    4.76888     15.866    33.1678    25.4325 0.0000e+00
 268.507209     17.000  36.590855    10.3195    4.50436     16.858    33.1679    25.4679 0.0000e+00
 268.507225     18.000  36.428947    10.0758    4.21863     17.849    33.2270    25.5553 0.0000e+00
 268.507240     19.000  36.235298     9.7768    3.93626     18.841    33.3051    25.6661 0.0000e+00
 268.507255     20.000  36.012252     9.5129    3.70397     19.832    33.3206    25.7214 0.0000e+00
 268.507272     21.000  35.860437     9.3179    3.54799     20.824    33.3453    25.7723 0.0000e+00
 268.507291     22.000  35.658676     9.0871    3.43361     21.815    33.3514    25.8139 0.0000e+00
 268.507312     23.000  35.536070     8.9287    3.30759     22.807    33.3719    25.8549 0.0000e+00
 268.507330     24.000  35.452812     8.7785    3.16797     23.798    33.4258    25.9205 0.0000e+00
 268.507346     25.000  35.359406     8.6465    3.06948     24.790    33.4520    25.9614 0.0000e+00
 268.507360     26.000  35.299830     8.5660    2.97709     25.782    33.4651    25.9840 0.0000e+00
 268.507376     27.000  35.260319     8.5093    2.84194     26.773    33.4768    26.0018 0.0000e+00
 268.507395     28.000  35.199389     8.4179    2.68179     27.764    33.4988    26.0330 0.0000e+00
 268.507413     29.000  35.105441     8.2540    2.55696     28.756    33.5550    26.1018 0.0000e+00
 268.507431     30.000  35.050789     8.1693    2.52095     29.748    33.5774    26.1321 0.0000e+00
 268.507447     31.000  35.038002     8.1436    2.49132     30.739    33.5880    26.1442 0.0000e+00
 268.507463     32.000  35.020381     8.1151    2.45339     31.730    33.5960    26.1547 0.0000e+00
 268.507480     33.000  35.003306     8.0974    2.42591     32.722    33.5944    26.1560 0.0000e+00
 268.507500     34.000  35.000518     8.0956    2.39038     33.714    33.5926    26.1549 0.0000e+00
 268.507520     35.000  34.985254     8.0510    2.29893     34.705    33.6187    26.1820 0.0000e+00
 268.507539     36.000  34.960999     7.9947    2.20694     35.696    33.6463    26.2121 0.0000e+00
 268.507554     37.000  34.955556     7.9694    2.10805     36.688    33.6644    26.2300 0.0000e+00
 268.507570     38.000  34.946603     7.9460    1.94787     37.679    33.6770    26.2432 0.0000e+00
 268.507588     39.000  34.925735     7.9045    1.80605     38.671    33.6941    26.2629 0.0000e+00
 268.507607     40.000  34.910387     7.8831    1.73920     39.662    33.6978    26.2689 0.0000e+00
 268.507628     41.000  34.912094     7.8641    1.60019     40.654    33.7175    26.2872 0.0000e+00
 268.507648     42.000  34.924098     7.8266    1.49210     41.645    33.7662    26.3309 0.0000e+00
 268.507667     43.000  34.930459     7.8115    1.40814     42.637    33.7872    26.3496 0.0000e+00
 268.507684     44.000  34.935468     7.7912    1.34156     43.628    33.8117    26.3718 0.0000e+00
 268.507703     45.000  34.943598     7.7872    1.33652     44.619    33.8239    26.3820 0.0000e+00
 268.507724     46.000  34.950260     7.7893    1.29624     45.611    33.8286    26.3853 0.0000e+00
 268.507744     47.000  34.947414     7.7712    1.21813     46.602    33.8425    26.3989 0.0000e+00
 268.507764     48.000  34.950256     7.7584    1.12130     47.594    33.8576    26.4127 0.0000e+00
 268.507784     49.000  34.955060     7.7407    1.06199     48.585    33.8794    26.4324 0.0000e+00
 268.507807     50.000  34.956126     7.7295    1.04512     49.577    33.8910    26.4432 0.0000e+00
 268.507831     51.000  34.955827     7.7259    1.00933     50.568    33.8937    26.4459 0.0000e+00
 268.507852     52.000  34.948856     7.7129    0.96218     51.560    33.8984    26.4514 0.0000e+00
 268.507870     53.000  34.944637     7.7053    0.94102     52.551    33.9008    26.4544 0.0000e+00
 268.507887     54.000  34.942619     7.7022    0.90673     53.542    33.9011    26.4551 0.0000e+00
 268.507905     55.000  34.940861     7.7000    0.88959     54.534    33.9009    26.4553 0.0000e+00
 268.507925     56.000  34.940397     7.7010    0.88198     55.525    33.8989    26.4536 0.0000e+00
 268.507944     57.000  34.940800     7.6989    0.86701     56.517    33.9010    26.4555 0.0000e+00
 268.507962     58.000  34.941164     7.6949    0.84903     57.508    33.9048    26.4591 0.0000e+00
 268.507979     59.000  34.943149     7.6947    0.84587     58.499    33.9067    26.4606 0.0000e+00
 268.507997     60.000  34.943974     7.6927    0.83796     59.491    33.9090    26.4627 0.0000e+00
 268.508015     61.000  34.943583     7.6919    0.83202     60.482    33.9088    26.4627 0.0000e+00
 268.508033     62.000  34.944292     7.6926    0.83706     61.473    33.9084    26.4624 0.0000e+00
 268.508053     63.000  34.943868     7.6933    0.83199     62.465    33.9068    26.4610 0.0000e+00
 268.508074     64.000  34.944604     7.6932    0.82515     63.456    33.9072    26.4614 0.0000e+00
 268.508092     65.000  34.944831     7.6931    0.81951     64.447    33.9070    26.4613 0.0000e+00
 268.508110     66.000  34.945509     7.6935    0.82209     65.439    33.9070    26.4611 0.0000e+00
 268.508128     67.000  34.946755     7.6935    0.82026     66.430    33.9078    26.4618 0.0000e+00
 268.508147     68.000  34.947099     7.6940    0.81643     67.421    33.9072    26.4613 0.0000e+00
 268.508169     69.000  34.947725     7.6946    0.81003     68.413    33.9068    26.4609 0.0000e+00
 268.508195     70.000  34.948126     7.6946    0.81288     69.404    33.9069    26.4609 0.0000e+00
