data/oxygen options/ONMS/Olympic_Coast_National_Marine_Sanctuary_CTD_Data_2005_2023/raw_data/2006/CTD_TH065_053106faedb.cnv
* Sea-Bird SBE19 Data File:
* FileName = C:\MOORING_DATA_2006\CTD_TH065_053106.hex
* Software Version 1.1.6
* Temperature SN = 2997
* Conductivity SN = 2997
* System UpLoad Time = May 31 2006 12:58:31
* SEACAT PROFILER V3.1c SN 2997   05/31/06  12:57:49.289
* strain gauge pressure sensor: S/N = 184829,  range = 3000 psia,  tc = 40
# nquan = 9
# nvalues = 62                          
# units = specified
# name 0 = timeJ: Julian Days
# name 1 = prSM: Pressure, Strain Gauge [db]
# name 2 = c0mS/cm: Conductivity [mS/cm]
# name 3 = t090C: Temperature [ITS-90, deg C]
# name 4 = oxML/L: Oxygen, Beckman/YSI [ml/l]
# name 5 = depSM: Depth [salt water, m], lat = 47.5
# name 6 = sal00: Salinity, Practical [PSU]
# name 7 = sigma-é00: Density [sigma-theta, kg/m^3]
# name 8 = flag: flag
# span 0 = 151.537692, 151.538462       
# span 1 =      2.000,     63.000       
# span 2 =  32.887093,  36.588153       
# span 3 =     7.9007,    15.4680       
# span 4 =    1.76848,    7.18653       
# span 5 =      1.983,     62.465       
# span 6 =    26.4364,    33.7364       
# span 7 =    19.2849,    26.2968       
# span 8 = 0.0000e+00, 0.0000e+00       
# interval = decibars: 1                
# start_time = May 31 2006 12:50:47 [Instrument's time stamp, header]
# bad_flag = -9.990e-29
*END*
 151.537692      2.000  33.709335    15.4680    6.61418      1.983    26.4364    19.2849 0.0000e+00
 151.537711      3.000  33.381630    14.8855    6.45863      2.975    26.5423    19.4862 0.0000e+00
 151.537725      4.000  33.016413    14.2175    6.38681      3.967    26.6753    19.7221 0.0000e+00
 151.537737      5.000  32.887093    13.5355    6.46992      4.958    27.0348    20.1309 0.0000e+00
 151.537750      6.000  33.223159    13.0741    6.63944      5.949    27.6742    20.7116 0.0000e+00
 151.537762      7.000  33.851048    12.8014    6.78736      6.941    28.4564    21.3671 0.0000e+00
 151.537774      8.000  34.179868    12.7343    6.86746      7.933    28.8128    21.6552 0.0000e+00
 151.537786      9.000  34.312227    12.7466    6.86602      8.925    28.9267    21.7410 0.0000e+00
 151.537798     10.000  34.468387    12.7442    6.86616      9.917    29.0741    21.8554 0.0000e+00
 151.537811     11.000  34.530091    12.7236    6.95280     10.908    29.1473    21.9160 0.0000e+00
 151.537824     12.000  34.631527    12.7057    7.08158     11.899    29.2558    22.0032 0.0000e+00
 151.537836     13.000  34.943176    12.6874    7.18653     12.891    29.5619    22.2435 0.0000e+00
 151.537848     14.000  35.318673    12.6922    7.18629     13.883    29.9104    22.5122 0.0000e+00
 151.537860     15.000  35.555138    12.6886    7.10284     14.874    30.1353    22.6869 0.0000e+00
 151.537871     16.000  35.690720    12.6608    7.01148     15.866    30.2848    22.8079 0.0000e+00
 151.537882     17.000  35.830272    12.5973    6.83289     16.857    30.4672    22.9611 0.0000e+00
 151.537893     18.000  36.069246    12.5028    6.64329     17.849    30.7696    23.2130 0.0000e+00
 151.537903     19.000  36.342240    12.4625    6.65047     18.841    31.0613    23.4465 0.0000e+00
 151.537915     20.000  36.493868    12.4396    6.61552     19.832    31.2240    23.5769 0.0000e+00
 151.537925     21.000  36.559467    12.3564    6.51429     20.824    31.3555    23.6944 0.0000e+00
 151.537937     22.000  36.587667    12.2585    6.47718     21.815    31.4641    23.7969 0.0000e+00
 151.537947     23.000  36.588153    12.1043    6.45143     22.807    31.5940    23.9263 0.0000e+00
 151.537958     24.000  36.520945    11.9154    6.38292     23.799    31.6891    24.0349 0.0000e+00
 151.537968     25.000  36.428404    11.7403    6.32235     24.790    31.7485    24.1131 0.0000e+00
 151.537979     26.000  36.375002    11.6025    6.28301     25.782    31.8143    24.1893 0.0000e+00
 151.537989     27.000  36.294810    11.4621    6.25779     26.773    31.8564    24.2473 0.0000e+00
 151.538001     28.000  36.252102    11.3377    6.25063     27.765    31.9216    24.3202 0.0000e+00
 151.538012     29.000  36.253871    11.2530    6.22347     28.756    31.9963    24.3934 0.0000e+00
 151.538024     30.000  36.228910    11.1708    6.18983     29.747    32.0428    24.4441 0.0000e+00
 151.538035     31.000  36.188957    11.0900    6.13968     30.739    32.0734    24.4822 0.0000e+00
 151.538046     32.000  36.160772    11.0250    5.99993     31.730    32.1020    24.5159 0.0000e+00
 151.538056     33.000  36.139303    10.9533    5.71674     32.722    32.1431    24.5604 0.0000e+00
 151.538067     34.000  36.110337    10.8641    5.39182     33.713    32.1923    24.6143 0.0000e+00
 151.538078     35.000  36.061027    10.7392    5.09496     34.705    32.2529    24.6832 0.0000e+00
 151.538089     36.000  35.989458    10.5467    4.93802     35.697    32.3514    24.7930 0.0000e+00
 151.538101     37.000  35.963089    10.3752    4.71085     36.688    32.4772    24.9203 0.0000e+00
 151.538113     38.000  36.017545    10.2284    4.39345     37.679    32.6634    25.0903 0.0000e+00
 151.538125     39.000  35.935676     9.9631    4.03559     38.671    32.8203    25.2570 0.0000e+00
 151.538137     40.000  35.757312     9.6265    3.66930     39.662    32.9451    25.4099 0.0000e+00
 151.538149     41.000  35.571008     9.3386    3.25793     40.654    33.0180    25.5134 0.0000e+00
 151.538161     42.000  35.435651     9.0599    2.92412     41.645    33.1360    25.6499 0.0000e+00
 151.538173     43.000  35.318792     8.8291    2.77830     42.637    33.2292    25.7590 0.0000e+00
 151.538185     44.000  35.245827     8.7003    2.73983     43.629    33.2731    25.8134 0.0000e+00
 151.538197     45.000  35.210687     8.6339    2.70236     44.620    33.2983    25.8433 0.0000e+00
 151.538209     46.000  35.198907     8.6121    2.64809     45.611    33.3061    25.8527 0.0000e+00
 151.538222     47.000  35.197068     8.5855    2.59984     46.602    33.3286    25.8745 0.0000e+00
 151.538234     48.000  35.164549     8.5175    2.57244     47.594    33.3582    25.9081 0.0000e+00
 151.538248     49.000  35.129896     8.4570    2.53368     48.585    33.3785    25.9331 0.0000e+00
 151.538261     50.000  35.107048     8.4067    2.45418     49.577    33.4015    25.9588 0.0000e+00
 151.538273     51.000  35.089428     8.3427    2.33120     50.568    33.4431    26.0011 0.0000e+00
 151.538285     52.000  35.064219     8.2618    2.23996     51.559    33.4929    26.0523 0.0000e+00
 151.538298     53.000  35.042667     8.2029    2.19833     52.551    33.5259    26.0870 0.0000e+00
 151.538311     54.000  35.034665     8.1835    2.13030     53.543    33.5354    26.0973 0.0000e+00
 151.538324     55.000  35.029263     8.1631    2.02202     54.534    33.5487    26.1108 0.0000e+00
 151.538336     56.000  35.023238     8.1239    1.90181     55.525    33.5793    26.1407 0.0000e+00
 151.538349     57.000  35.006398     8.0284    1.81450     56.516    33.6525    26.2123 0.0000e+00
 151.538361     58.000  34.985530     7.9491    1.77712     57.508    33.7061    26.2660 0.0000e+00
 151.538375     59.000  34.976691     7.9187    1.76998     58.499    33.7254    26.2857 0.0000e+00
 151.538388     60.000  34.973362     7.9033    1.77808     59.490    33.7364    26.2965 0.0000e+00
 151.538403     61.000  34.972026     7.9012    1.77628     60.482    33.7364    26.2968 0.0000e+00
 151.538419     62.000  34.971034     7.9007    1.77193     61.474    33.7354    26.2961 0.0000e+00
 151.538462     63.000  34.971302     7.9042    1.76848     62.465    33.7318    26.2928 0.0000e+00
