data/oxygen options/ONMS/Olympic_Coast_National_Marine_Sanctuary_CTD_Data_2005_2023/raw_data/2006/CTD_CE042_100306faed.cnv
* Sea-Bird SBE19 Data File:
* FileName = C:\MOORING_DATA_2006\CTD_CE042_100306.hex
* Software Version 1.1.6
* Temperature SN = 2997
* Conductivity SN = 2997
* System UpLoad Time = Oct 03 2006 12:06:38
* SEACAT PROFILER V3.1c SN 2997   10/03/06  12:07:51.303
* strain gauge pressure sensor: S/N = 184829,  range = 3000 psia,  tc = 40
# nquan = 9                                 
# nvalues = 1855                        
# units = specified
# name 0 = timeJ: Julian Days
# name 1 = prSM: Pressure, Strain Gauge [db]
# name 2 = c0mS/cm: Conductivity [mS/cm]
# name 3 = t090C: Temperature [ITS-90, deg C]
# name 4 = oxML/L: Oxygen, Beckman/YSI [ml/l]
# name 5 = depSM: Depth [salt water, m], lat = 47.5
# name 6 = sal00: Salinity, Practical [PSU]
# name 7 = sigma-é00: Density [sigma-theta, kg/m^3]
# name 8 = flag: flag
# span 0 = 276.491215, 276.501944       
# span 1 =     -4.670,     42.356       
# span 2 =   0.264350,  37.173496       
# span 3 =     7.9093,    13.2617       
# span 4 =   -3.49550,   38.43274       
# span 5 =     -4.631,     41.998       
# span 6 =     0.1643,    33.7487       
# span 7 =    -0.5239,    26.3044       
# span 8 = 0.0000e+00, 0.0000e+00       
# interval = seconds: 0.5
# start_time = Oct 03 2006 11:47:21 [Instrument's time stamp, header]
# bad_flag = -9.990e-29
*END*
[from data line 801]
 276.495851     31.134  34.990363     7.9869    1.87855     30.872    33.6876    26.2455 -9.990e-29
 276.495856     31.115  34.992292     7.9907    1.87478     30.853    33.6860    26.2437 -9.990e-29
 276.495862     31.108  34.993817     7.9927    1.88333     30.846    33.6857    26.2432 -9.990e-29
 276.495868     31.102  34.994718     7.9935    1.86381     30.840    33.6859    26.2432 -9.990e-29
 276.495874     31.095  34.995065     7.9937    1.83893     30.833    33.6861    26.2433 -9.990e-29
 276.495880     31.091  34.995310     7.9924    1.83022     30.829    33.6876    26.2447 -9.990e-29
 276.495885     31.091  34.994647     7.9889    1.81461     30.829    33.6903    26.2473 -9.990e-29
 276.495891     31.098  34.992181     7.9845    1.81202     30.836    33.6919    26.2492 -9.990e-29
 276.495897     31.113  34.989658     7.9807    1.80891     30.851    33.6928    26.2505 -9.990e-29
 276.495903     31.128  34.988751     7.9772    1.78200     30.866    33.6952    26.2529 -9.990e-29
 276.495909     31.144  34.988236     7.9732    1.77215     30.882    33.6985    26.2561 -9.990e-29
 276.495914     31.166  34.986856     7.9694    1.77659     30.904    33.7007    26.2584 -9.990e-29
 276.495920     31.188  34.985001     7.9672    1.78625     30.925    33.7008    26.2588 -9.990e-29
 276.495926     31.203  34.984111     7.9684    1.80122     30.940    33.6987    26.2570 -9.990e-29
 276.495932     31.210  34.985229     7.9718    1.81423     30.947    33.6966    26.2548 -9.990e-29
 276.495938     31.211  34.987030     7.9742    1.82559     30.948    33.6962    26.2542 -9.990e-29
 276.495943     31.209  34.987978     7.9746    1.81835     30.946    33.6969    26.2546 -9.990e-29
 276.495949     31.210  34.988206     7.9744    1.82350     30.947    33.6973    26.2550 -9.990e-29
 276.495955     31.213  34.988009     7.9741    1.81956     30.950    33.6974    26.2551 -9.990e-29
 276.495961     31.209  34.987674     7.9744    1.81779     30.946    33.6967    26.2545 -9.990e-29
 276.495966     31.191  34.987864     7.9760    1.82002     30.928    33.6954    26.2533 -9.990e-29
 276.495972     31.165  34.988818     7.9783    1.83415     30.903    33.6942    26.2520 -9.990e-29
 276.495978     31.142  34.989555     7.9796    1.82925     30.880    33.6938    26.2514 -9.990e-29
 276.495984     31.126  34.989365     7.9796    1.83673     30.864    33.6936    26.2513 -9.990e-29
 276.495990     31.110  34.989106     7.9790    1.82590     30.848    33.6939    26.2516 -9.990e-29
 276.495995     31.095  34.989542     7.9784    1.81798     30.833    33.6949    26.2525 -9.990e-29
 276.496001     31.088  34.990124     7.9771    1.81055     30.826    33.6968    26.2542 -9.990e-29
 276.496007     31.092  34.989933     7.9742    1.80616     30.830    33.6994    26.2567 -9.990e-29
 276.496013     31.107  34.988703     7.9703    1.80057     30.845    33.7018    26.2591 -9.990e-29
 276.496019     31.136  34.987028     7.9672    1.78191     30.874    33.7030    26.2605 -9.990e-29
 276.496024     31.174  34.986025     7.9657    1.77131     30.911    33.7034    26.2610 -9.990e-29
 276.496030     31.217  34.986027     7.9647    1.75344     30.954    33.7043    26.2619 -9.990e-29
 276.496036     31.262  34.985904     7.9615    1.74846     30.999    33.7072    26.2647 -9.990e-29
 276.496042     31.308  34.984357     7.9559    1.75702     31.044    33.7110    26.2684 -9.990e-29
 276.496047     31.346  34.982118     7.9517    1.77443     31.082    33.7126    26.2703 -9.990e-29
 276.496053     31.360  34.981235     7.9517    1.78706     31.096    33.7116    26.2696 -9.990e-29
 276.496059     31.343  34.982200     7.9558    1.80974     31.079    33.7087    26.2667 -9.990e-29
 276.496065     31.303  34.984043     7.9635    1.83014     31.039    33.7033    26.2613 -9.990e-29
 276.496071     31.253  34.985846     7.9749    1.83929     30.990    33.6943    26.2525 -9.990e-29
 276.496076     31.209  34.987761     7.9862    1.84677     30.946    33.6854    26.2439 -9.990e-29
 276.496082     31.179  34.990087     7.9904    1.83702     30.916    33.6839    26.2421 -9.990e-29
 276.496088     31.162  34.991432     7.9879    1.81759     30.900    33.6878    26.2455 -9.990e-29
 276.496094     31.153  34.990777     7.9833    1.80889     30.891    33.6915    26.2491 -9.990e-29
 276.496100     31.151  34.989481     7.9786    1.81443     30.889    33.6946    26.2523 -9.990e-29
 276.496105     31.151  34.988984     7.9753    1.81816     30.889    33.6973    26.2548 -9.990e-29
 276.496111     31.150  34.989176     7.9749    1.83130     30.888    33.6979    26.2554 -9.990e-29
 276.496117     31.151  34.989553     7.9769    1.81984     30.889    33.6964    26.2539 -9.990e-29
 276.496123     31.164  34.990049     7.9782    1.79452     30.902    33.6956    26.2531 -9.990e-29
 276.496128     31.193  34.990008     7.9758    1.79747     30.930    33.6979    26.2552 -9.990e-29
 276.496134     31.236  34.988247     7.9705    1.78895     30.973    33.7011    26.2585 -9.990e-29
 276.496140     31.282  34.985776     7.9662    1.78586     31.019    33.7026    26.2603 -9.990e-29
 276.496146     31.318  34.984900     7.9654    1.80697     31.054    33.7024    26.2603 -9.990e-29
 276.496152     31.338  34.985562     7.9675    1.83726     31.074    33.7011    26.2590 -9.990e-29
 276.496157     31.337  34.985833     7.9727    1.89550     31.073    33.6963    26.2545 -9.990e-29
 276.496163     31.309  34.986064     7.9860    1.94281     31.045    33.6838    26.2427 -9.990e-29
 276.496169     31.250  34.989361     8.0084    1.97416     30.987    33.6658    26.2252 -9.990e-29
 276.496175     31.175  34.996187     8.0275    1.99692     30.912    33.6547    26.2137 -9.990e-29
 276.496181     31.108  35.002741     8.0344    2.02183     30.846    33.6551    26.2130 -9.990e-29
 276.496186     31.071  35.005988     8.0351    2.03533     30.809    33.6579    26.2151 -9.990e-29
 276.496192     31.070  35.008011     8.0405    2.03562     30.808    33.6549    26.2120 -9.990e-29
 276.496198     31.092  35.012624     8.0498    2.04032     30.830    33.6509    26.2074 -9.990e-29
 276.496204     31.113  35.016434     8.0539    2.02040     30.851    33.6510    26.2069 -9.990e-29
 276.496209     31.117  35.015538     8.0508    2.00396     30.855    33.6530    26.2090 -9.990e-29
 276.496215     31.100  35.013784     8.0431    1.99898     30.838    33.6585    26.2144 -9.990e-29
 276.496221     31.069  35.012752     8.0354    1.97119     30.807    33.6649    26.2205 -9.990e-29
 276.496227     31.041  35.011620     8.0310    1.94961     30.780    33.6679    26.2236 -9.990e-29
 276.496233     31.020  35.011115     8.0289    1.93357     30.759    33.6694    26.2251 -9.990e-29
 276.496238     31.012  35.009992     8.0267    1.90341     30.751    33.6703    26.2261 -9.990e-29
 276.496244     31.018  35.007308     8.0227    1.87186     30.757    33.6713    26.2275 -9.990e-29
 276.496250     31.036  35.003403     8.0170    1.86365     30.775    33.6726    26.2293 -9.990e-29
 276.496256     31.062  34.999232     8.0114    1.83447     30.800    33.6735    26.2309 -9.990e-29
 276.496262     31.093  34.996515     8.0053    1.81994     30.831    33.6765    26.2341 -9.990e-29
 276.496267     31.128  34.994424     7.9969    1.82259     30.866    33.6823    26.2399 -9.990e-29
 276.496273     31.169  34.991286     7.9871    1.81457     30.907    33.6884    26.2461 -9.990e-29
 276.496279     31.208  34.987956     7.9800    1.84179     30.945    33.6916    26.2497 -9.990e-29
 276.496285     31.233  34.986152     7.9802    1.88671     30.970    33.6895    26.2480 -9.990e-29
 276.496291     31.231  34.987385     7.9889    1.92078     30.968    33.6824    26.2412 -9.990e-29
 276.496296     31.203  34.991606     8.0033    1.94100     30.940    33.6731    26.2317 -9.990e-29
 276.496302     31.160  34.997145     8.0187    1.96975     30.898    33.6642    26.2225 -9.990e-29
 276.496308     31.115  35.002410     8.0288    1.96174     30.853    33.6601    26.2178 -9.990e-29
 276.496314     31.080  35.005447     8.0313    1.97057     30.818    33.6610    26.2181 -9.990e-29
 276.496319     31.051  35.005253     8.0307    1.96320     30.790    33.6614    26.2185 -9.990e-29
 276.496325     31.022  35.004369     8.0307    1.92886     30.761    33.6605    26.2178 -9.990e-29
 276.496331     31.001  35.004972     8.0288    1.90170     30.740    33.6629    26.2200 -9.990e-29
 276.496337     30.999  35.005057     8.0207    1.86077     30.738    33.6708    26.2274 -9.990e-29
 276.496343     31.019  35.002486     8.0083    1.81983     30.758    33.6800    26.2364 -9.990e-29
 276.496348     31.059  34.998312     7.9971    1.79243     30.797    33.6863    26.2430 -9.990e-29
 276.496354     31.110  34.994251     7.9888    1.77283     30.848    33.6899    26.2471 -9.990e-29
 276.496360     31.160  34.990484     7.9808    1.75124     30.898    33.6936    26.2511 -9.990e-29
 276.496366     31.209  34.987026     7.9709    1.76643     30.946    33.6994    26.2572 -9.990e-29
 276.496372     31.255  34.984306     7.9610    1.77711     30.992    33.7060    26.2638 -9.990e-29
 276.496377     31.290  34.982614     7.9566    1.82289     31.027    33.7084    26.2663 -9.990e-29
 276.496383     31.297  34.982488     7.9623    1.88948     31.033    33.7028    26.2611 -9.990e-29
 276.496389     31.270  34.984871     7.9833    1.95614     31.007    33.6851    26.2441 -9.990e-29
 276.496395     31.214  34.990688     8.0213    2.01732     30.951    33.6548    26.2147 -9.990e-29
 276.496400     31.140  35.000398     8.0608    2.06307     30.878    33.6272    26.1872 -9.990e-29
 276.496406     31.058  35.010681     8.0800    2.05165     30.796    33.6198    26.1786 -9.990e-29
 276.496412     30.987  35.016744     8.0772    2.04475     30.726    33.6290    26.1862 -9.990e-29
 276.496418     30.928  35.018260     8.0635    2.06897     30.668    33.6438    26.1998 -9.990e-29
 276.496424     30.889  35.016127     8.0507    2.05169     30.629    33.6538    26.2096 -9.990e-29
 276.496429     30.878  35.013100     8.0523    2.02857     30.618    33.6491    26.2056 -9.990e-29
 276.496435     30.899  35.015789     8.0664    1.97372     30.639    33.6384    26.1952 -9.990e-29
 276.496441     30.950  35.022163     8.0640    1.89781     30.689    33.6475    26.2027 -9.990e-29
 276.496447     31.021  35.018842     8.0309    1.88328     30.760    33.6757    26.2297 -9.990e-29
 276.496453     31.094  35.004759     7.9954    1.93900     30.832    33.6948    26.2500 -9.990e-29
 276.496458     31.149  34.993654     7.9869    2.02680     30.887    33.6911    26.2483 -9.990e-29
 276.496464     31.169  34.992576     8.0118    2.14353     30.907    33.6660    26.2249 -9.990e-29
 276.496470     31.145  35.001190     8.0614    2.25568     30.883    33.6275    26.1874 -9.990e-29
 276.496476     31.085  35.016392     8.1187    2.30202     30.823    33.5887    26.1485 -9.990e-29
 276.496481     31.007  35.033774     8.1649    2.30258     30.746    33.5631    26.1214 -9.990e-29
 276.496487     30.934  35.051278     8.1831    2.25781     30.674    33.5643    26.1197 -9.990e-29
 276.496493     30.889  35.063651     8.1714    2.19030     30.629    33.5887    26.1406 -9.990e-29
 276.496499     30.878  35.065522     8.1433    2.16511     30.618    33.6176    26.1675 -9.990e-29
 276.496505     30.890  35.057701     8.1179    2.16291     30.630    33.6336    26.1838 -9.990e-29
 276.496510     30.909  35.046011     8.1076    2.14721     30.649    33.6311    26.1833 -9.990e-29
 276.496516     30.933  35.039525     8.1099    2.09806     30.673    33.6219    26.1758 -9.990e-29
 276.496522     30.967  35.041359     8.1114    2.04202     30.706    33.6224    26.1760 -9.990e-29
 276.496528     31.009  35.041613     8.0971    2.00441     30.748    33.6364    26.1891 -9.990e-29
 276.496534     31.053  35.029403     8.0734    2.02363     30.792    33.6461    26.2002 -9.990e-29
 276.496539     31.089  35.013118     8.0653    2.02745     30.827    33.6365    26.1939 -9.990e-29
 276.496545     31.107  35.008606     8.0778    2.04509     30.845    33.6197    26.1788 -9.990e-29
 276.496551     31.107  35.014883     8.0914    2.07571     30.845    33.6133    26.1718 -9.990e-29
 276.496557     31.099  35.019563     8.0900    2.11100     30.837    33.6197    26.1770 -9.990e-29
 276.496562     31.082  35.017666     8.0826    2.18513     30.820    33.6247    26.1821 -9.990e-29
 276.496568     31.046  35.016755     8.0910    2.24649     30.785    33.6157    26.1737 -9.990e-29
 276.496574     30.988  35.024576     8.1193    2.28947     30.727    33.5969    26.1548 -9.990e-29
 276.496580     30.919  35.037527     8.1521    2.31142     30.659    33.5793    26.1361 -9.990e-29
 276.496586     30.850  35.047638     8.1737    2.30033     30.590    33.5695    26.1252 -9.990e-29
 276.496591     30.804  35.054370     8.1770    2.24254     30.545    33.5735    26.1278 -9.990e-29
 276.496597     30.802  35.058288     8.1633    2.18908     30.543    33.5908    26.1434 -9.990e-29
 276.496603     30.840  35.055640     8.1407    2.16381     30.580    33.6096    26.1616 -9.990e-29
 276.496609     30.896  35.047936     8.1213    2.14349     30.636    33.6200    26.1726 -9.990e-29
 276.496615     30.947  35.039473     8.1134    2.18342     30.686    33.6185    26.1726 -9.990e-29
 276.496620     30.974  35.033534     8.1161    2.21579     30.713    33.6096    26.1652 -9.990e-29
 276.496626     30.976  35.035085     8.1239    2.22398     30.715    33.6037    26.1595 -9.990e-29
 276.496632     30.969  35.041698     8.1346    2.22733     30.708    33.6005    26.1554 -9.990e-29
 276.496638     30.975  35.048168     8.1457    2.23272     30.714    33.5968    26.1508 -9.990e-29
 276.496644     30.993  35.050779     8.1517    2.22940     30.732    33.5938    26.1475 -9.990e-29
 276.496649     31.009  35.047960     8.1547    2.22933     30.748    33.5879    26.1425 -9.990e-29
 276.496655     31.014  35.046601     8.1577    2.22498     30.753    33.5836    26.1386 -9.990e-29
 276.496661     31.012  35.049369     8.1587    2.19839     30.751    33.5856    26.1400 -9.990e-29
 276.496667     31.009  35.050976     8.1578    2.15639     30.748    33.5882    26.1422 -9.990e-29
 276.496672     31.004  35.047950     8.1553    2.10280     30.743    33.5873    26.1419 -9.990e-29
 276.496678     30.996  35.044102     8.1457    2.04405     30.735    33.5924    26.1474 -9.990e-29
 276.496684     30.986  35.041583     8.1210    2.01155     30.725    33.6134    26.1675 -9.990e-29
 276.496690     30.976  35.032540     8.0880    2.01017     30.715    33.6355    26.1897 -9.990e-29
 276.496696     30.974  35.019488     8.0652    2.02618     30.713    33.6435    26.1993 -9.990e-29
 276.496701     30.986  35.013615     8.0570    2.05483     30.725    33.6451    26.2018 -9.990e-29
 276.496707     31.007  35.014927     8.0573    2.03742     30.746    33.6462    26.2026 -9.990e-29
 276.496713     31.034  35.019552     8.0651    2.01145     30.773    33.6436    26.1994 -9.990e-29
 276.496719     31.070  35.025238     8.0749    1.98156     30.808    33.6402    26.1954 -9.990e-29
 276.496725     31.111  35.024417     8.0718    1.99461     30.849    33.6423    26.1975 -9.990e-29
 276.496730     31.153  35.013748     8.0577    2.06520     30.891    33.6444    26.2012 -9.990e-29
 276.496736     31.184  35.003675     8.0553    2.16778     30.921    33.6360    26.1949 -9.990e-29
 276.496742     31.190  35.004310     8.0795    2.27772     30.927    33.6134    26.1736 -9.990e-29
 276.496748     31.167  35.016489     8.1226    2.39102     30.905    33.5851    26.1450 -9.990e-29
 276.496753     31.127  35.034568     8.1646    2.44343     30.865    33.5641    26.1223 -9.990e-29
 276.496759     31.084  35.052368     8.1943    2.42325     30.822    33.5547    26.1105 -9.990e-29
 276.496765     31.047  35.068953     8.2113    2.42079     30.786    33.5561    26.1091 -9.990e-29
