data/oxygen options/ONMS/Olympic_Coast_National_Marine_Sanctuary_CTD_Data_2005_2023/raw_data/2006/CTD_CE065_100206faedb.cnv
* Sea-Bird SBE19 Data File:
* FileName = C:\MOORING_DATA_2006\CTD_CE065_100206.hex
* Software Version 1.1.6
* Temperature SN = 2997
* Conductivity SN = 2997
* System UpLoad Time = Oct 02 2006 11:51:08
* SEACAT PROFILER V3.1c SN 2997   10/02/06  11:52:29.162
* strain gauge pressure sensor: S/N = 184829,  range = 3000 psia,  tc = 40
# nquan = 9
# nvalues = 65                          
# units = specified
# name 0 = timeJ: Julian Days
# name 1 = prSM: Pressure, Strain Gauge [db]
# name 2 = c0mS/cm: Conductivity [mS/cm]
# name 3 = t090C: Temperature [ITS-90, deg C]
# name 4 = oxML/L: Oxygen, Beckman/YSI [ml/l]
# name 5 = depSM: Depth [salt water, m], lat = 47.5
# name 6 = sal00: Salinity, Practical [PSU]
# name 7 = sigma-é00: Density [sigma-theta, kg/m^3]
# name 8 = flag: flag
# span 0 = 275.479173, 275.480426       
# span 1 =      3.000,     67.000       
# span 2 =  34.943170,  38.042452       
# span 3 =     7.7484,    13.2247       
# span 4 =    0.82138,    7.28294       
# span 5 =      2.975,     66.430       
# span 6 =    32.0358,    33.8965       
# span 7 =    24.0535,    26.4447       
# span 8 = 0.0000e+00, 0.0000e+00       
# interval = decibars: 1                
# start_time = Oct 02 2006 11:25:55 [Instrument's time stamp, header]
# bad_flag = -9.990e-29
*END*
 275.479173      3.000  38.042452    13.2247    7.28294      2.975    32.0358    24.0535 0.0000e+00
 275.479196      4.000  38.010873    13.1874    7.16115      3.967    32.0373    24.0620 0.0000e+00
 275.479215      5.000  37.972248    13.1348    6.68056      4.959    32.0450    24.0784 0.0000e+00
 275.479233      6.000  37.848479    12.9080    6.12731      5.950    32.1200    24.1808 0.0000e+00
 275.479250      7.000  37.512543    12.4809    5.68385      6.942    32.1647    24.2977 0.0000e+00
 275.479267      8.000  37.202294    12.0764    5.34583      7.933    32.2146    24.4125 0.0000e+00
 275.479284      9.000  36.914645    11.5940    5.29653      8.925    32.3540    24.6097 0.0000e+00
 275.479303     10.000  36.723132    11.3182    5.23270      9.916    32.4078    24.7012 0.0000e+00
 275.479323     11.000  36.661506    11.1265    5.16887     10.908    32.5158    24.8194 0.0000e+00
 275.479339     12.000  36.470828    10.7191    5.09577     11.899    32.6886    25.0254 0.0000e+00
 275.479357     13.000  36.229038    10.4011    5.01053     12.891    32.7314    25.1136 0.0000e+00
 275.479375     14.000  36.059155    10.2227    4.86265     13.883    32.7208    25.1357 0.0000e+00
 275.479394     15.000  35.895297     9.9710    4.71575     14.874    32.7825    25.2258 0.0000e+00
 275.479414     16.000  35.626657     9.6302    4.65432     15.866    32.8184    25.3099 0.0000e+00
 275.479434     17.000  35.462991     9.3934    4.56297     16.857    32.8670    25.3862 0.0000e+00
 275.479455     18.000  35.417166     9.3053    4.51616     17.849    32.9003    25.4264 0.0000e+00
 275.479474     19.000  35.279820     9.1648    4.47810     18.840    32.8873    25.4385 0.0000e+00
 275.479493     20.000  35.242799     9.1000    4.38500     19.832    32.9084    25.4652 0.0000e+00
 275.479512     21.000  35.262040     9.0786    4.21823     20.824    32.9476    25.4993 0.0000e+00
 275.479532     22.000  35.240843     8.9814    3.98971     21.815    33.0152    25.5675 0.0000e+00
 275.479553     23.000  35.216846     8.8943    3.90464     22.807    33.0709    25.6246 0.0000e+00
 275.479575     24.000  35.192112     8.8539    3.94267     23.798    33.0823    25.6398 0.0000e+00
 275.479600     25.000  35.228174     8.8763    3.70534     24.790    33.0986    25.6491 0.0000e+00
 275.479617     26.000  35.367847     8.9227    3.24443     25.781    33.2006    25.7218 0.0000e+00
 275.479632     27.000  35.433477     8.7900    2.89770     26.773    33.3934    25.8934 0.0000e+00
 275.479647     28.000  35.360055     8.6500    2.77062     27.764    33.4480    25.9578 0.0000e+00
 275.479666     29.000  35.279698     8.5427    2.71570     28.756    33.4646    25.9873 0.0000e+00
 275.479688     30.000  35.208398     8.4473    2.62937     29.748    33.4794    26.0134 0.0000e+00
 275.479707     31.000  35.156720     8.3337    2.54255     30.739    33.5324    26.0722 0.0000e+00
 275.479726     32.000  35.130918     8.2794    2.49910     31.730    33.5564    26.0991 0.0000e+00
 275.479743     33.000  35.116806     8.2398    2.45283     32.722    33.5788    26.1227 0.0000e+00
 275.479761     34.000  35.115827     8.2248    2.38824     33.713    33.5916    26.1350 0.0000e+00
 275.479776     35.000  35.124787     8.2157    2.34032     34.705    33.6094    26.1503 0.0000e+00
 275.479793     36.000  35.141617     8.2197    2.34547     35.697    33.6230    26.1604 0.0000e+00
 275.479813     37.000  35.149725     8.2267    2.26778     36.688    33.6244    26.1604 0.0000e+00
 275.479832     38.000  35.160977     8.2185    2.17572     37.679    33.6437    26.1768 0.0000e+00
 275.479853     39.000  35.157653     8.1861    2.16149     38.671    33.6708    26.2030 0.0000e+00
 275.479874     40.000  35.097935     8.1051    2.06705     39.662    33.6846    26.2258 0.0000e+00
 275.479892     41.000  35.026152     8.0094    1.90652     40.654    33.6995    26.2517 0.0000e+00
 275.479908     42.000  34.993987     7.9582    1.78106     41.646    33.7140    26.2706 0.0000e+00
 275.479925     43.000  34.974287     7.9246    1.70945     42.637    33.7248    26.2841 0.0000e+00
 275.479943     44.000  34.964980     7.9089    1.70597     43.628    33.7295    26.2901 0.0000e+00
 275.479964     45.000  34.963800     7.9075    1.68849     44.619    33.7291    26.2900 0.0000e+00
 275.479985     46.000  34.962330     7.9018    1.67335     45.611    33.7326    26.2936 0.0000e+00
 275.480007     47.000  34.959713     7.8948    1.64712     46.602    33.7360    26.2973 0.0000e+00
 275.480028     48.000  34.956145     7.8794    1.55806     47.594    33.7467    26.3079 0.0000e+00
 275.480048     49.000  34.943309     7.8457    1.47032     48.585    33.7649    26.3272 0.0000e+00
 275.480066     50.000  34.943170     7.8275    1.43277     49.577    33.7820    26.3433 0.0000e+00
 275.480084     51.000  34.949440     7.8216    1.40698     50.568    33.7940    26.3535 0.0000e+00
 275.480103     52.000  34.954050     7.8194    1.40923     51.560    33.8005    26.3591 0.0000e+00
 275.480128     53.000  34.955438     7.8225    1.35670     52.551    33.7985    26.3570 0.0000e+00
 275.480151     54.000  34.957531     7.8065    1.12793     53.542    33.8159    26.3730 0.0000e+00
 275.480169     55.000  34.969379     7.7695    0.89942     54.534    33.8640    26.4162 0.0000e+00
 275.480184     56.000  34.979765     7.7545    0.86415     55.525    33.8894    26.4383 0.0000e+00
 275.480201     57.000  34.982424     7.7517    0.85116     56.517    33.8944    26.4427 0.0000e+00
 275.480221     58.000  34.982923     7.7522    0.85636     57.508    33.8940    26.4423 0.0000e+00
 275.480242     59.000  34.983069     7.7501    0.84808     58.499    33.8958    26.4440 0.0000e+00
 275.480262     60.000  34.983397     7.7492    0.83975     59.491    33.8965    26.4447 0.0000e+00
 275.480282     61.000  34.983197     7.7487    0.84113     60.482    33.8962    26.4447 0.0000e+00
 275.480302     62.000  34.983054     7.7487    0.83015     61.473    33.8956    26.4442 0.0000e+00
 275.480320     63.000  34.983503     7.7498    0.83408     62.464    33.8945    26.4432 0.0000e+00
 275.480340     64.000  34.984029     7.7497    0.82658     63.456    33.8947    26.4433 0.0000e+00
 275.480360     65.000  34.984239     7.7484    0.82814     64.447    33.8957    26.4443 0.0000e+00
 275.480379     66.000  34.984218     7.7485    0.82687     65.439    33.8952    26.4439 0.0000e+00
 275.480426     67.000  34.984841     7.7495    0.82138     66.430    33.8944    26.4431 0.0000e+00
