data/oxygen options/ONMS/Olympic_Coast_National_Marine_Sanctuary_CTD_Data_2005_2023/raw_data/2006/CTD_CA015_050306faed.cnv
* Sea-Bird SBE19 Data File:
* FileName = C:\MOORING_DATA_2006\CTD_CA015_050306.hex
* Software Version 1.1.6
* Temperature SN = 2997
* Conductivity SN = 2997
* System UpLoad Time = May 03 2006 16:02:11
** CA15 COMPARISON
* SEACAT PROFILER V3.1c SN 2997   05/03/06  16:01:01.503
# nquan = 9                                 
# nvalues = 1752                        
# units = specified
# name 0 = timeJ: Julian Days
# name 1 = prSM: Pressure, Strain Gauge [db]
# name 2 = c0mS/cm: Conductivity [mS/cm]
# name 3 = t090C: Temperature [ITS-90, deg C]
# name 4 = oxML/L: Oxygen, Beckman/YSI [ml/l]
# name 5 = depSM: Depth [salt water, m], lat = 47.5
# name 6 = sal00: Salinity, Practical [PSU]
# name 7 = sigma-é00: Density [sigma-theta, kg/m^3]
# name 8 = flag: flag
# span 0 = 123.653218, 123.663351       
# span 1 =     -5.507,     31.156       
# span 2 =   0.625021,  35.914869       
# span 3 =     8.0705,    11.1883       
# span 4 =  -13.54220,   40.96889       
# span 5 =     -5.461,     30.894       
# span 6 =     0.4197,    33.5699       
# span 7 =    -0.0803,    26.1391       
# span 8 = 0.0000e+00, 0.0000e+00       
# interval = seconds: 0.5
# start_time = May 03 2006 15:40:38 [Instrument's time stamp, header]
# bad_flag = -9.990e-29
*END*
[from data line 161]
 123.654149      0.121  35.527105     9.3670    5.12627      0.120    32.9649    25.4667 -9.990e-29
 123.654155      0.130  35.529032     9.3702    5.12231      0.129    32.9639    25.4654 -9.990e-29
 123.654161      0.139  35.530872     9.3737    5.12090      0.138    32.9626    25.4638 -9.990e-29
 123.654167      0.152  35.533961     9.3773    5.12454      0.151    32.9625    25.4631 -9.990e-29
 123.654172      0.165  35.537929     9.3794    5.13182      0.164    32.9646    25.4645 -9.990e-29
 123.654178      0.174  35.540776     9.3797    5.12404      0.173    32.9673    25.4665 -9.990e-29
 123.654184      0.181  35.542372     9.3795    5.12078      0.179    32.9691    25.4680 -9.990e-29
 123.654190      0.191  35.542603     9.3801    5.11247      0.189    32.9688    25.4676 -9.990e-29
 123.654196      0.208  35.541777     9.3827    5.10370      0.206    32.9655    25.4647 -9.990e-29
 123.654201      0.228  35.542720     9.3865    5.11387      0.226    32.9630    25.4621 -9.990e-29
 123.654207      0.246  35.545008     9.3892    5.10793      0.244    32.9628    25.4615 -9.990e-29
 123.654213      0.252  35.546084     9.3906    5.09636      0.250    32.9627    25.4612 -9.990e-29
 123.654219      0.249  35.546821     9.3917    5.10354      0.247    32.9624    25.4608 -9.990e-29
 123.654225      0.243  35.548202     9.3935    5.10426      0.241    32.9622    25.4603 -9.990e-29
 123.654230      0.243  35.549826     9.3961    5.10374      0.241    32.9615    25.4593 -9.990e-29
 123.654236      0.254  35.551055     9.3986    5.10653      0.252    32.9604    25.4581 -9.990e-29
 123.654242      0.272  35.551287     9.4007    5.10257      0.270    32.9587    25.4564 -9.990e-29
 123.654248      0.289  35.549709     9.4017    5.08882      0.287    32.9562    25.4543 -9.990e-29
 123.654253      0.298  35.547022     9.4015    5.08940      0.296    32.9536    25.4523 -9.990e-29
 123.654259      0.300  35.546376     9.4003    5.08918      0.297    32.9540    25.4528 -9.990e-29
 123.654265      0.302  35.547473     9.3978    5.09234      0.299    32.9574    25.4559 -9.990e-29
 123.654271      0.311  35.546728     9.3934    5.10786      0.308    32.9607    25.4592 -9.990e-29
 123.654277      0.322  35.543149     9.3878    5.11174      0.319    32.9622    25.4612 -9.990e-29
 123.654282      0.330  35.537013     9.3840    5.11687      0.327    32.9594    25.4596 -9.990e-29
 123.654288      0.338  35.531916     9.3836    5.11599      0.335    32.9545    25.4559 -9.990e-29
 123.654294      0.345  35.532842     9.3844    5.11923      0.342    32.9547    25.4559 -9.990e-29
 123.654300      0.357  35.535978     9.3840    5.11234      0.354    32.9583    25.4588 -9.990e-29
 123.654306      0.373  35.536530     9.3829    5.10125      0.370    32.9599    25.4602 -9.990e-29
 123.654311      0.387  35.535798     9.3828    5.08947      0.384    32.9592    25.4597 -9.990e-29
 123.654317      0.394  35.536171     9.3838    5.08634      0.391    32.9587    25.4591 -9.990e-29
 123.654323      0.396  35.538146     9.3830    5.09403      0.393    32.9614    25.4614 -9.990e-29
 123.654329      0.397  35.539311     9.3760    5.09811      0.394    32.9691    25.4685 -9.990e-29
 123.654334      0.405  35.535611     9.3629    5.10264      0.402    32.9773    25.4771 -9.990e-29
 123.654340      0.421  35.526040     9.3526    5.09418      0.417    32.9770    25.4784 -9.990e-29
 123.654346      0.437  35.517470     9.3521    5.08605      0.433    32.9686    25.4719 -9.990e-29
 123.654352      0.450  35.516420     9.3571    5.08451      0.446    32.9629    25.4667 -9.990e-29
 123.654358      0.462  35.519806     9.3606    5.08610      0.458    32.9631    25.4663 -9.990e-29
 123.654363      0.472  35.521486     9.3597    5.09123      0.468    32.9657    25.4685 -9.990e-29
 123.654369      0.482  35.520338     9.3559    5.09483      0.478    32.9680    25.4709 -9.990e-29
 123.654375      0.491  35.518759     9.3525    5.09607      0.487    32.9695    25.4726 -9.990e-29
 123.654381      0.502  35.518569     9.3518    5.08894      0.498    32.9700    25.4731 -9.990e-29
 123.654387      0.513  35.520076     9.3523    5.09624      0.509    32.9710    25.4738 -9.990e-29
 123.654392      0.527  35.521923     9.3509    5.10656      0.523    32.9742    25.4766 -9.990e-29
 123.654398      0.543  35.522088     9.3473    5.11021      0.538    32.9777    25.4799 -9.990e-29
 123.654404      0.559  35.521352     9.3446    5.12183      0.554    32.9794    25.4817 -9.990e-29
 123.654410      0.567  35.521538     9.3446    5.12638      0.562    32.9796    25.4818 -9.990e-29
 123.654416      0.568  35.522335     9.3462    5.12442      0.563    32.9790    25.4810 -9.990e-29
 123.654421      0.569  35.523121     9.3473    5.11356      0.564    32.9788    25.4807 -9.990e-29
 123.654427      0.577  35.523824     9.3468    5.12298      0.572    32.9800    25.4817 -9.990e-29
 123.654433      0.590  35.524261     9.3452    5.12992      0.585    32.9819    25.4835 -9.990e-29
 123.654439      0.610  35.524457     9.3436    5.13460      0.605    32.9835    25.4850 -9.990e-29
 123.654444      0.634  35.524672     9.3431    5.13550      0.629    32.9842    25.4856 -9.990e-29
 123.654450      0.655  35.525193     9.3434    5.13313      0.650    32.9845    25.4858 -9.990e-29
 123.654456      0.670  35.526154     9.3440    5.13932      0.664    32.9849    25.4860 -9.990e-29
 123.654462      0.679  35.527153     9.3449    5.14910      0.673    32.9851    25.4860 -9.990e-29
 123.654468      0.684  35.527840     9.3459    5.15002      0.678    32.9849    25.4857 -9.990e-29
 123.654473      0.685  35.528571     9.3472    5.14382      0.679    32.9844    25.4851 -9.990e-29
 123.654479      0.686  35.529761     9.3492    5.15427      0.680    32.9838    25.4843 -9.990e-29
 123.654485      0.691  35.531317     9.3514    5.15573      0.685    32.9834    25.4837 -9.990e-29
 123.654491      0.697  35.533630     9.3540    5.15471      0.691    32.9834    25.4832 -9.990e-29
 123.654497      0.699  35.536420     9.3568    5.15769      0.693    32.9837    25.4830 -9.990e-29
 123.654502      0.698  35.537236     9.3597    5.15269      0.692    32.9818    25.4811 -9.990e-29
 123.654508      0.698  35.536045     9.3632    5.16067      0.692    32.9774    25.4771 -9.990e-29
 123.654514      0.703  35.535750     9.3666    5.15931      0.697    32.9739    25.4738 -9.990e-29
 123.654520      0.714  35.537079     9.3694    5.15599      0.708    32.9727    25.4724 -9.990e-29
 123.654525      0.731  35.539561     9.3715    5.17211      0.725    32.9733    25.4726 -9.990e-29
 123.654531      0.751  35.542582     9.3727    5.17238      0.745    32.9753    25.4739 -9.990e-29
 123.654537      0.771  35.544559     9.3744    5.17026      0.765    32.9758    25.4740 -9.990e-29
 123.654543      0.788  35.545327     9.3779    5.17379      0.781    32.9734    25.4716 -9.990e-29
 123.654549      0.798  35.546471     9.3824    5.17801      0.791    32.9704    25.4685 -9.990e-29
 123.654554      0.807  35.548394     9.3864    5.17875      0.800    32.9687    25.4665 -9.990e-29
 123.654560      0.816  35.550297     9.3892    5.18638      0.809    32.9680    25.4656 -9.990e-29
 123.654566      0.820  35.551914     9.3900    5.18237      0.813    32.9690    25.4662 -9.990e-29
 123.654572      0.824  35.552595     9.3881    5.17835      0.817    32.9714    25.4684 -9.990e-29
 123.654578      0.833  35.552129     9.3852    5.18501      0.826    32.9736    25.4706 -9.990e-29
 123.654583      0.843  35.552141     9.3847    5.19029      0.836    32.9741    25.4710 -9.990e-29
 123.654589      0.846  35.553208     9.3878    5.19286      0.839    32.9723    25.4692 -9.990e-29
 123.654595      0.842  35.554506     9.3918    5.18999      0.835    32.9700    25.4667 -9.990e-29
 123.654601      0.839  35.556084     9.3937    5.20130      0.832    32.9699    25.4663 -9.990e-29
 123.654606      0.842  35.557805     9.3942    5.20849      0.835    32.9712    25.4672 -9.990e-29
 123.654612      0.851  35.559724     9.3949    5.21840      0.844    32.9725    25.4682 -9.990e-29
 123.654618      0.862  35.562716     9.3960    5.21601      0.855    32.9746    25.4696 -9.990e-29
 123.654624      0.871  35.565722     9.3974    5.21500      0.864    32.9764    25.4708 -9.990e-29
 123.654630      0.884  35.567141     9.3992    5.22108      0.877    32.9762    25.4703 -9.990e-29
 123.654635      0.901  35.567931     9.4016    5.22773      0.893    32.9747    25.4688 -9.990e-29
 123.654641      0.914  35.569145     9.4053    5.23485      0.906    32.9726    25.4666 -9.990e-29
 123.654647      0.921  35.570902     9.4096    5.22232      0.913    32.9704    25.4642 -9.990e-29
 123.654653      0.921  35.572735     9.4128    5.22312      0.913    32.9694    25.4628 -9.990e-29
 123.654659      0.915  35.573342     9.4151    5.22782      0.907    32.9679    25.4613 -9.990e-29
 123.654664      0.907  35.572966     9.4176    5.23526      0.899    32.9652    25.4588 -9.990e-29
 123.654670      0.904  35.573345     9.4197    5.24761      0.896    32.9636    25.4573 -9.990e-29
 123.654676      0.911  35.574979     9.4209    5.24377      0.903    32.9642    25.4575 -9.990e-29
 123.654682      0.928  35.577238     9.4216    5.24683      0.920    32.9659    25.4587 -9.990e-29
 123.654687      0.952  35.579201     9.4226    5.24297      0.944    32.9670    25.4594 -9.990e-29
 123.654693      0.976  35.580115     9.4240    5.25494      0.968    32.9666    25.4589 -9.990e-29
 123.654699      0.998  35.580633     9.4255    5.25735      0.990    32.9658    25.4580 -9.990e-29
 123.654705      1.013  35.581438     9.4264    5.26161      1.005    32.9658    25.4578 -9.990e-29
 123.654711      1.020  35.581915     9.4268    5.25966      1.011    32.9659    25.4579 -9.990e-29
 123.654716      1.022  35.581573     9.4269    5.25961      1.013    32.9654    25.4575 -9.990e-29
 123.654722      1.024  35.581073     9.4271    5.26850      1.015    32.9647    25.4569 -9.990e-29
 123.654728      1.027  35.580863     9.4273    5.25787      1.018    32.9643    25.4566 -9.990e-29
 123.654734      1.030  35.580099     9.4272    5.26342      1.021    32.9636    25.4560 -9.990e-29
 123.654740      1.033  35.578876     9.4274    5.25228      1.024    32.9622    25.4549 -9.990e-29
 123.654745      1.037  35.578925     9.4290    5.24948      1.028    32.9608    25.4535 -9.990e-29
 123.654751      1.043  35.580304     9.4318    5.25131      1.034    32.9596    25.4522 -9.990e-29
 123.654757      1.049  35.582043     9.4348    5.24721      1.040    32.9586    25.4509 -9.990e-29
 123.654763      1.058  35.583651     9.4364    5.24374      1.049    32.9588    25.4508 -9.990e-29
 123.654769      1.064  35.583901     9.4362    5.23311      1.055    32.9592    25.4512 -9.990e-29
 123.654774      1.065  35.582561     9.4353    5.23053      1.056    32.9587    25.4509 -9.990e-29
 123.654780      1.064  35.580081     9.4338    5.22303      1.055    32.9575    25.4502 -9.990e-29
 123.654786      1.066  35.577076     9.4308    5.22578      1.057    32.9572    25.4504 -9.990e-29
 123.654792      1.071  35.572898     9.4255    5.22960      1.062    32.9578    25.4517 -9.990e-29
 123.654797      1.074  35.566460     9.4198    5.23289      1.065    32.9564    25.4516 -9.990e-29
 123.654803      1.073  35.562075     9.4177    5.23730      1.064    32.9538    25.4499 -9.990e-29
 123.654809      1.071  35.563423     9.4193    5.23070      1.062    32.9537    25.4496 -9.990e-29
 123.654815      1.071  35.567247     9.4215    5.23007      1.062    32.9556    25.4507 -9.990e-29
 123.654821      1.075  35.569664     9.4240    5.23898      1.066    32.9558    25.4504 -9.990e-29
 123.654826      1.083  35.571088     9.4294    5.23257      1.074    32.9523    25.4468 -9.990e-29
 123.654832      1.094  35.574535     9.4380    5.22697      1.085    32.9479    25.4420 -9.990e-29
 123.654838      1.105  35.578985     9.4446    5.20508      1.096    32.9464    25.4398 -9.990e-29
 123.654844      1.110  35.575781     9.4448    5.19867      1.101    32.9429    25.4370 -9.990e-29
 123.654850      1.107  35.566257     9.4409    5.19694      1.098    32.9367    25.4328 -9.990e-29
 123.654855      1.105  35.563513     9.4354    5.20322      1.096    32.9390    25.4354 -9.990e-29
 123.654861      1.108  35.565570     9.4281    5.21059      1.099    32.9478    25.4435 -9.990e-29
 123.654867      1.112  35.561698     9.4202    5.21212      1.103    32.9511    25.4474 -9.990e-29
 123.654873      1.114  35.554583     9.4153    5.20837      1.105    32.9483    25.4460 -9.990e-29
 123.654878      1.113  35.553243     9.4144    5.20554      1.104    32.9477    25.4457 -9.990e-29
 123.654884      1.110  35.557006     9.4166    5.20343      1.101    32.9496    25.4468 -9.990e-29
 123.654890      1.108  35.560226     9.4207    5.21233      1.099    32.9491    25.4457 -9.990e-29
 123.654896      1.111  35.562140     9.4249    5.21783      1.102    32.9472    25.4436 -9.990e-29
 123.654902      1.121  35.563613     9.4268    5.22773      1.112    32.9470    25.4431 -9.990e-29
 123.654907      1.132  35.563800     9.4261    5.22819      1.123    32.9478    25.4439 -9.990e-29
 123.654913      1.137  35.563507     9.4255    5.22473      1.128    32.9481    25.4441 -9.990e-29
 123.654919      1.138  35.565704     9.4273    5.22162      1.128    32.9487    25.4443 -9.990e-29
 123.654925      1.141  35.569385     9.4310    5.21718      1.131    32.9491    25.4440 -9.990e-29
 123.654931      1.147  35.571602     9.4358    5.23284      1.137    32.9469    25.4416 -9.990e-29
 123.654936      1.153  35.573620     9.4420    5.23650      1.143    32.9433    25.4378 -9.990e-29
 123.654942      1.159  35.578126     9.4480    5.23709      1.149    32.9424    25.4361 -9.990e-29
 123.654948      1.165  35.583269     9.4502    5.23340      1.155    32.9457    25.4383 -9.990e-29
 123.654954      1.176  35.584684     9.4482    5.22696      1.166    32.9490    25.4412 -9.990e-29
 123.654959      1.193  35.582571     9.4454    5.22559      1.183    32.9493    25.4419 -9.990e-29
 123.654965      1.212  35.579716     9.4448    5.22569      1.202    32.9470    25.4402 -9.990e-29
 123.654971      1.235  35.579038     9.4475    5.24168      1.225    32.9438    25.4372 -9.990e-29
 123.654977      1.258  35.582992     9.4516    5.24542      1.247    32.9440    25.4368 -9.990e-29
 123.654983      1.279  35.587867     9.4548    5.24547      1.268    32.9461    25.4379 -9.990e-29
 123.654988      1.300  35.589501     9.4563    5.23307      1.289    32.9464    25.4379 -9.990e-29
 123.654994      1.321  35.588385     9.4562    5.21620      1.310    32.9453    25.4371 -9.990e-29
 123.655000      1.340  35.585830     9.4555    5.23078      1.329    32.9433    25.4356 -9.990e-29
 123.655006      1.349  35.584032     9.4553    5.23007      1.338    32.9417    25.4344 -9.990e-29
 123.655012      1.345  35.583393     9.4553    5.24328      1.334    32.9410    25.4338 -9.990e-29
 123.655017      1.331  35.582494     9.4551    5.24538      1.320    32.9403    25.4333 -9.990e-29
 123.655023      1.316  35.581255     9.4546    5.22947      1.305    32.9395    25.4327 -9.990e-29
 123.655029      1.303  35.580261     9.4541    5.22007      1.292    32.9389    25.4324 -9.990e-29
 123.655035      1.295  35.579866     9.4541    5.20605      1.284    32.9385    25.4321 -9.990e-29
 123.655041      1.295  35.580098     9.4542    5.20580      1.284    32.9387    25.4322 -9.990e-29
 123.655046      1.300  35.580139     9.4533    5.21250      1.289    32.9395    25.4330 -9.990e-29
 123.655052      1.306  35.578917     9.4504    5.22018      1.295    32.9409    25.4346 -9.990e-29
 123.655058      1.313  35.576478     9.4456    5.22505      1.302    32.9428    25.4368 -9.990e-29
 123.655064      1.317  35.573491     9.4403    5.21750      1.306    32.9446    25.4391 -9.990e-29
