data/oxygen options/ONMS/Olympic_Coast_National_Marine_Sanctuary_CTD_Data_2005_2023/raw_data/2006/CTD_CE042_100306faed.cnv
* Sea-Bird SBE19 Data File:
* FileName = C:\MOORING_DATA_2006\CTD_CE042_100306.hex
* Software Version 1.1.6
* Temperature SN = 2997
* Conductivity SN = 2997
* System UpLoad Time = Oct 03 2006 12:06:38
* SEACAT PROFILER V3.1c SN 2997   10/03/06  12:07:51.303
* strain gauge pressure sensor: S/N = 184829,  range = 3000 psia,  tc = 40
# nquan = 9                                 
# nvalues = 1855                        
# units = specified
# name 0 = timeJ: Julian Days
# name 1 = prSM: Pressure, Strain Gauge [db]
# name 2 = c0mS/cm: Conductivity [mS/cm]
# name 3 = t090C: Temperature [ITS-90, deg C]
# name 4 = oxML/L: Oxygen, Beckman/YSI [ml/l]
# name 5 = depSM: Depth [salt water, m], lat = 47.5
# name 6 = sal00: Salinity, Practical [PSU]
# name 7 = sigma-é00: Density [sigma-theta, kg/m^3]
# name 8 = flag: flag
# span 0 = 276.491215, 276.501944       
# span 1 =     -4.670,     42.356       
# span 2 =   0.264350,  37.173496       
# span 3 =     7.9093,    13.2617       
# span 4 =   -3.49550,   38.43274       
# span 5 =     -4.631,     41.998       
# span 6 =     0.1643,    33.7487       
# span 7 =    -0.5239,    26.3044       
# span 8 = 0.0000e+00, 0.0000e+00       
# interval = seconds: 0.5
# start_time = Oct 03 2006 11:47:21 [Instrument's time stamp, header]
# bad_flag = -9.990e-29
*END*
[from data line 1281]
 276.498628     21.508  35.409074     8.7055    2.93350     21.327    33.4500    25.9508 -9.990e-29
 276.498634     21.510  35.410278     8.7068    2.93362     21.329    33.4500    25.9506 -9.990e-29
 276.498640     21.488  35.411095     8.7083    2.92763     21.308    33.4495    25.9499 -9.990e-29
 276.498646     21.449  35.411491     8.7098    2.93986     21.269    33.4485    25.9489 -9.990e-29
 276.498652     21.407  35.411993     8.7108    2.94240     21.227    33.4481    25.9484 -9.990e-29
 276.498657     21.374  35.412709     8.7116    2.94244     21.195    33.4481    25.9483 -9.990e-29
 276.498663     21.351  35.413471     8.7122    2.94058     21.172    33.4484    25.9484 -9.990e-29
 276.498669     21.336  35.414173     8.7126    2.92843     21.157    33.4487    25.9487 -9.990e-29
 276.498675     21.329  35.414628     8.7132    2.94336     21.150    33.4486    25.9485 -9.990e-29
 276.498681     21.330  35.414882     8.7137    2.93787     21.151    33.4484    25.9483 -9.990e-29
 276.498686     21.337  35.415273     8.7138    2.92916     21.158    33.4488    25.9485 -9.990e-29
 276.498692     21.349  35.415760     8.7136    2.93542     21.170    33.4495    25.9491 -9.990e-29
 276.498698     21.360  35.415869     8.7137    2.92245     21.181    33.4495    25.9491 -9.990e-29
 276.498704     21.377  35.415744     8.7142    2.92702     21.197    33.4489    25.9485 -9.990e-29
 276.498709     21.403  35.415777     8.7140    2.93829     21.223    33.4491    25.9487 -9.990e-29
 276.498715     21.437  35.414890     8.7123    2.93025     21.257    33.4497    25.9495 -9.990e-29
 276.498721     21.465  35.411899     8.7108    2.94936     21.285    33.4480    25.9483 -9.990e-29
 276.498727     21.465  35.409545     8.7116    2.94253     21.285    33.4448    25.9457 -9.990e-29
 276.498733     21.434  35.410854     8.7142    2.92996     21.254    33.4437    25.9445 -9.990e-29
 276.498738     21.383  35.413645     8.7165    2.93666     21.203    33.4445    25.9447 -9.990e-29
 276.498744     21.330  35.415471     8.7177    2.93331     21.151    33.4453    25.9452 -9.990e-29
 276.498750     21.293  35.416524     8.7183    2.93023     21.114    33.4458    25.9455 -9.990e-29
 276.498756     21.278  35.417087     8.7180    2.92919     21.099    33.4467    25.9462 -9.990e-29
 276.498762     21.284  35.416786     8.7156    2.92552     21.105    33.4487    25.9481 -9.990e-29
 276.498767     21.307  35.414661     8.7117    2.93639     21.128    33.4501    25.9499 -9.990e-29
 276.498773     21.336  35.410679     8.7087    2.93338     21.157    33.4488    25.9493 -9.990e-29
 276.498779     21.365  35.407942     8.7080    2.93149     21.186    33.4465    25.9476 -9.990e-29
 276.498785     21.394  35.408407     8.7082    2.93870     21.214    33.4468    25.9478 -9.990e-29
 276.498791     21.422  35.409887     8.7081    2.93919     21.242    33.4485    25.9491 -9.990e-29
 276.498796     21.441  35.410427     8.7082    2.93462     21.261    33.4489    25.9495 -9.990e-29
 276.498802     21.446  35.410185     8.7092    2.93974     21.266    33.4477    25.9484 -9.990e-29
 276.498808     21.430  35.410520     8.7109    2.92850     21.250    33.4465    25.9471 -9.990e-29
 276.498814     21.403  35.411875     8.7130    2.93741     21.223    33.4459    25.9464 -9.990e-29
 276.498819     21.379  35.413815     8.7146    2.93215     21.199    33.4464    25.9466 -9.990e-29
 276.498825     21.366  35.415562     8.7152    2.92788     21.187    33.4477    25.9475 -9.990e-29
 276.498831     21.362  35.415520     8.7143    2.93798     21.183    33.4485    25.9482 -9.990e-29
 276.498837     21.368  35.413631     8.7117    2.92997     21.189    33.4490    25.9490 -9.990e-29
 276.498843     21.384  35.411301     8.7081    2.93226     21.204    33.4500    25.9503 -9.990e-29
 276.498848     21.406  35.409347     8.7051    2.93024     21.226    33.4507    25.9514 -9.990e-29
 276.498854     21.423  35.407968     8.7036    2.91993     21.243    33.4507    25.9516 -9.990e-29
 276.498860     21.423  35.407005     8.7036    2.93912     21.243    33.4497    25.9508 -9.990e-29
 276.498866     21.406  35.406854     8.7046    2.93513     21.226    33.4486    25.9498 -9.990e-29
 276.498872     21.381  35.407871     8.7062    2.93471     21.201    33.4481    25.9492 -9.990e-29
 276.498877     21.353  35.409168     8.7080    2.94356     21.174    33.4478    25.9486 -9.990e-29
 276.498883     21.334  35.410044     8.7090    2.92129     21.155    33.4478    25.9485 -9.990e-29
 276.498889     21.336  35.410548     8.7085    2.92999     21.157    33.4488    25.9493 -9.990e-29
 276.498895     21.358  35.410609     8.7075    2.92965     21.179    33.4498    25.9503 -9.990e-29
 276.498900     21.389  35.410318     8.7070    2.92894     21.209    33.4500    25.9505 -9.990e-29
 276.498906     21.419  35.410228     8.7070    2.93481     21.239    33.4498    25.9504 -9.990e-29
 276.498912     21.444  35.410226     8.7069    2.93100     21.264    33.4499    25.9505 -9.990e-29
 276.498918     21.467  35.409757     8.7063    2.93230     21.287    33.4500    25.9506 -9.990e-29
 276.498924     21.485  35.408203     8.7054    2.93195     21.305    33.4492    25.9501 -9.990e-29
 276.498929     21.486  35.406304     8.7055    2.93301     21.306    33.4471    25.9485 -9.990e-29
 276.498935     21.461  35.406579     8.7071    2.94161     21.281    33.4459    25.9473 -9.990e-29
 276.498941     21.413  35.408841     8.7092    2.94390     21.233    33.4463    25.9473 -9.990e-29
 276.498947     21.353  35.411067     8.7118    2.94378     21.174    33.4462    25.9468 -9.990e-29
 276.498953     21.297  35.413430     8.7150    2.94048     21.118    33.4457    25.9459 -9.990e-29
 276.498958     21.263  35.416846     8.7172    2.92766     21.084    33.4472    25.9468 -9.990e-29
 276.498964     21.262  35.419711     8.7170    2.92587     21.083    33.4504    25.9493 -9.990e-29
 276.498970     21.294  35.419123     8.7145    2.92515     21.115    33.4522    25.9510 -9.990e-29
 276.498976     21.348  35.415429     8.7113    2.92769     21.169    33.4513    25.9508 -9.990e-29
 276.498981     21.411  35.411561     8.7083    2.93977     21.231    33.4500    25.9503 -9.990e-29
 276.498987     21.469  35.408539     8.7056    2.93291     21.289    33.4494    25.9502 -9.990e-29
 276.498993     21.514  35.405701     8.7043    2.93139     21.333    33.4476    25.9490 -9.990e-29
 276.498999     21.538  35.403756     8.7054    2.94592     21.357    33.4445    25.9465 -9.990e-29
 276.499005     21.537  35.404045     8.7089    2.94887     21.356    33.4415    25.9436 -9.990e-29
 276.499010     21.509  35.406958     8.7132    2.94396     21.328    33.4405    25.9421 -9.990e-29
 276.499016     21.465  35.411339     8.7167    2.94637     21.285    33.4418    25.9426 -9.990e-29
 276.499022     21.420  35.415188     8.7189    2.94094     21.240    33.4438    25.9438 -9.990e-29
 276.499028     21.384  35.418037     8.7205    2.95121     21.204    33.4453    25.9447 -9.990e-29
 276.499034     21.359  35.420331     8.7222    2.94626     21.180    33.4461    25.9451 -9.990e-29
 276.499039     21.343  35.421769     8.7234    2.94024     21.164    33.4465    25.9452 -9.990e-29
 276.499045     21.330  35.422035     8.7239    2.94730     21.151    33.4463    25.9450 -9.990e-29
 276.499051     21.317  35.421491     8.7235    2.93752     21.138    33.4461    25.9449 -9.990e-29
 276.499057     21.310  35.420540     8.7223    2.94873     21.131    33.4463    25.9452 -9.990e-29
 276.499062     21.318  35.419606     8.7212    2.93902     21.139    33.4463    25.9454 -9.990e-29
 276.499068     21.336  35.419694     8.7210    2.93570     21.157    33.4466    25.9457 -9.990e-29
 276.499074     21.359  35.420929     8.7215    2.94627     21.180    33.4474    25.9462 -9.990e-29
 276.499080     21.377  35.422158     8.7222    2.94624     21.197    33.4480    25.9466 -9.990e-29
 276.499086     21.389  35.422784     8.7232    2.94199     21.209    33.4477    25.9462 -9.990e-29
 276.499091     21.394  35.421968     8.7240    2.94602     21.214    33.4461    25.9448 -9.990e-29
 276.499097     21.394  35.419752     8.7243    2.93516     21.214    33.4435    25.9427 -9.990e-29
 276.499103     21.384  35.418797     8.7248    2.95263     21.204    33.4420    25.9415 -9.990e-29
 276.499109     21.359  35.420079     8.7258    2.95834     21.180    33.4424    25.9417 -9.990e-29
 276.499115     21.330  35.421950     8.7270    2.93811     21.151    33.4433    25.9422 -9.990e-29
 276.499120     21.318  35.423548     8.7281    2.93471     21.139    33.4439    25.9425 -9.990e-29
 276.499126     21.324  35.424770     8.7287    2.93514     21.145    33.4446    25.9430 -9.990e-29
 276.499132     21.334  35.425008     8.7291    2.94959     21.155    33.4445    25.9428 -9.990e-29
 276.499138     21.325  35.424589     8.7295    2.95957     21.146    33.4437    25.9421 -9.990e-29
 276.499144     21.285  35.424642     8.7297    2.95755     21.106    33.4436    25.9420 -9.990e-29
 276.499149     21.212  35.425242     8.7301    2.95095     21.034    33.4439    25.9421 -9.990e-29
 276.499155     21.112  35.426078     8.7313    2.95471     20.935    33.4437    25.9418 -9.990e-29
 276.499161     20.997  35.427149     8.7334    2.94615     20.821    33.4429    25.9408 -9.990e-29
 276.499167     20.881  35.428773     8.7364    2.95094     20.706    33.4418    25.9395 -9.990e-29
 276.499172     20.774  35.430879     8.7386    2.94067     20.600    33.4420    25.9393 -9.990e-29
 276.499178     20.665  35.432359     8.7387    2.95350     20.492    33.4435    25.9405 -9.990e-29
 276.499184     20.534  35.432389     8.7377    2.96382     20.362    33.4445    25.9414 0.0000e+00
 276.499190     20.373  35.431579     8.7375    2.96909     20.202    33.4439    25.9410 0.0000e+00
 276.499196     20.175  35.431099     8.7395    2.97264     20.006    33.4416    25.9389 0.0000e+00
 276.499201     19.928  35.431997     8.7451    2.98710     19.761    33.4374    25.9347 0.0000e+00
 276.499207     19.625  35.435479     8.7557    3.01505     19.460    33.4312    25.9282 0.0000e+00
 276.499213     19.277  35.443393     8.7712    3.05854     19.115    33.4250    25.9209 0.0000e+00
 276.499219     18.908  35.456766     8.7894    3.08366     18.749    33.4220    25.9158 0.0000e+00
 276.499225     18.543  35.472130     8.8081    3.09064     18.387    33.4206    25.9118 0.0000e+00
 276.499230     18.191  35.484184     8.8297    3.10279     18.038    33.4130    25.9025 0.0000e+00
 276.499236     17.857  35.497797     8.8610    3.11806     17.707    33.3979    25.8858 0.0000e+00
 276.499242     17.545  35.527767     8.9074    3.18859     17.398    33.3857    25.8690 0.0000e+00
 276.499248     17.257  35.573686     8.9611    3.25802     17.112    33.3833    25.8587 0.0000e+00
 276.499253     16.982  35.616592     9.0011    3.32284     16.840    33.3906    25.8581 0.0000e+00
 276.499259     16.699  35.643041     9.0190    3.40072     16.559    33.4015    25.8638 0.0000e+00
 276.499265     16.390  35.650741     9.0320    3.49014     16.253    33.3974    25.8585 0.0000e+00
 276.499271     16.052  35.651655     9.0787    3.59168     15.917    33.3547    25.8177 0.0000e+00
 276.499277     15.690  35.672809     9.1882    3.68645     15.558    33.2744    25.7376 0.0000e+00
 276.499282     15.311  35.740735     9.3310    3.74866     15.183    33.2119    25.6658 0.0000e+00
 276.499288     14.929  35.839449     9.4498    3.80987     14.804    33.2036    25.6402 0.0000e+00
 276.499294     14.558  35.930097     9.5235    3.79688     14.436    33.2287    25.6479 0.0000e+00
 276.499300     14.205  35.996728     9.5582    3.80017     14.086    33.2652    25.6708 0.0000e+00
 276.499306     13.863  36.025013     9.5675    3.81189     13.747    33.2858    25.6853 0.0000e+00
 276.499311     13.521  36.019594     9.5677    3.82142     13.408    33.2802    25.6809 0.0000e+00
 276.499317     13.174  36.000741     9.5675    3.85811     13.064    33.2612    25.6661 0.0000e+00
 276.499323     12.825  35.966321     9.5713    3.92161     12.718    33.2224    25.6352 0.0000e+00
 276.499329     12.472  35.951216     9.5834    3.99697     12.368    33.1959    25.6125 0.0000e+00
 276.499334     12.112  35.991380     9.6121    4.09609     12.011    33.2107    25.6194 0.0000e+00
 276.499340     11.742  36.018104     9.6679    4.22714     11.644    33.1867    25.5914 0.0000e+00
 276.499346     11.370  35.939708     9.7479    4.35677     11.275    33.0330    25.4582 0.0000e+00
 276.499352     11.000  35.890040     9.8438    4.47969     10.908    32.8946    25.3344 0.0000e+00
 276.499358     10.632  36.026673     9.9540    4.55930     10.543    32.9333    25.3463 0.0000e+00
 276.499363     10.262  36.199774    10.0661    4.61886     10.176    33.0069    25.3850 0.0000e+00
 276.499369      9.898  36.301403    10.1535    4.67192      9.815    33.0302    25.3885 0.0000e+00
 276.499375      9.547  36.371179    10.2074    4.73061      9.467    33.0518    25.3962 0.0000e+00
 276.499381      9.207  36.436539    10.2417    4.78424      9.130    33.0867    25.4176 0.0000e+00
 276.499387      8.878  36.501636    10.2736    4.81225      8.804    33.1234    25.4409 0.0000e+00
 276.499392      8.561  36.535488    10.3071    4.83553      8.489    33.1271    25.4380 0.0000e+00
 276.499398      8.248  36.550709    10.3375    4.86782      8.179    33.1149    25.4233 0.0000e+00
 276.499404      7.932  36.560314    10.3787    4.91447      7.866    33.0872    25.3946 0.0000e+00
 276.499410      7.615  36.560296    10.4408    4.99700      7.551    33.0308    25.3401 0.0000e+00
 276.499416      7.298  36.571398    10.5014    5.06365      7.237    32.9871    25.2956 0.0000e+00
 276.499421      6.983  36.592169    10.5419    5.11940      6.925    32.9714    25.2764 0.0000e+00
 276.499427      6.678  36.605452    10.5675    5.18877      6.622    32.9617    25.2644 0.0000e+00
 276.499433      6.390  36.611588    10.5959    5.21007      6.337    32.9423    25.2443 0.0000e+00
 276.499439      6.123  36.614288    10.6402    5.24390      6.072    32.9051    25.2077 0.0000e+00
 276.499444      5.890  36.622210    10.6877    5.28360      5.841    32.8703    25.1724 0.0000e+00
 276.499450      5.700  36.640883    10.7143    5.26485      5.652    32.8651    25.1637 0.0000e+00
 276.499456      5.551  36.659323    10.7168    5.28626      5.505    32.8813    25.1758 -9.990e-29
 276.499462      5.434  36.669039    10.7126    5.30977      5.389    32.8949    25.1871 -9.990e-29
 276.499468      5.340  36.673461    10.7132    5.34571      5.295    32.8988    25.1901 -9.990e-29
 276.499473      5.264  36.674564    10.7199    5.40520      5.220    32.8939    25.1851 -9.990e-29
 276.499479      5.201  36.682800    10.7361    5.44066      5.158    32.8875    25.1773 -9.990e-29
 276.499485      5.152  36.699623    10.7598    5.46727      5.109    32.8830    25.1696 -9.990e-29
 276.499491      5.117  36.708766    10.7854    5.50237      5.074    32.8691    25.1544 -9.990e-29
 276.499497      5.094  36.711771    10.8185    5.51203      5.051    32.8424    25.1278 -9.990e-29
 276.499502      5.086  36.720512    10.8599    5.50412      5.043    32.8140    25.0984 -9.990e-29
 276.499508      5.093  36.735997    10.8890    5.50109      5.050    32.8033    25.0849 -9.990e-29
 276.499514      5.106  36.746912    10.8948    5.47915      5.063    32.8089    25.0883 -9.990e-29
 276.499520      5.117  36.745386    10.8851    5.47783      5.074    32.8161    25.0956 -9.990e-29
 276.499525      5.124  36.738375    10.8691    5.49135      5.081    32.8235    25.1041 -9.990e-29
 276.499531      5.127  36.733926    10.8569    5.48267      5.084    32.8300    25.1114 -9.990e-29
 276.499537      5.121  36.731160    10.8545    5.47754      5.078    32.8294    25.1113 -9.990e-29
 276.499543      5.106  36.726956    10.8609    5.45050      5.063    32.8195    25.1025 -9.990e-29
