data/oxygen options/ONMS/Olympic_Coast_National_Marine_Sanctuary_CTD_Data_2005_2023/raw_data/2006/CTD_MB042_081606faed.cnv
* Sea-Bird SBE19 Data File:
* FileName = C:\MOORING_DATA_2006\CTD_MB042_081606.hex
* Software Version 1.1.6
* Temperature SN = 2997
* Conductivity SN = 2997
* System UpLoad Time = Aug 16 2006 13:57:08
* SEACAT PROFILER V3.1c SN 2997   08/16/06  13:56:33.700
* strain gauge pressure sensor: S/N = 184829,  range = 3000 psia,  tc = 40
# nquan = 9                                 
# nvalues = 1829                        
# units = specified
# name 0 = timeJ: Julian Days
# name 1 = prSM: Pressure, Strain Gauge [db]
# name 2 = c0mS/cm: Conductivity [mS/cm]
# name 3 = t090C: Temperature [ITS-90, deg C]
# name 4 = oxML/L: Oxygen, Beckman/YSI [ml/l]
# name 5 = depSM: Depth [salt water, m], lat = 47.5
# name 6 = sal00: Salinity, Practical [PSU]
# name 7 = sigma-é00: Density [sigma-theta, kg/m^3]
# name 8 = flag: flag
# span 0 = 228.566829, 228.577407       
# span 1 =     -4.917,     40.319       
# span 2 =   0.089405,  37.698998       
# span 3 =     8.1857,    16.4524       
# span 4 =   -4.12845,   35.42739       
# span 5 =     -4.876,     39.979       
# span 6 =     0.0532,    33.6110       
# span 7 =    -1.0854,    26.1553       
# span 8 = 0.0000e+00, 0.0000e+00       
# interval = seconds: 0.5
# start_time = Aug 16 2006 13:36:14 [Instrument's time stamp, header]
# bad_flag = -9.990e-29
*END*
[from data line 321]
 228.568686      1.691  36.712316    10.9870    5.27513      1.677    32.6937    24.9823 -9.990e-29
 228.568692      1.691  36.710350    10.9849    5.27127      1.677    32.6936    24.9826 -9.990e-29
 228.568698      1.686  36.703107    10.9828    5.26851      1.672    32.6883    24.9789 -9.990e-29
 228.568704      1.681  36.697165    10.9835    5.26249      1.667    32.6818    24.9737 -9.990e-29
 228.568709      1.680  36.700273    10.9857    5.26534      1.666    32.6829    24.9742 -9.990e-29
 228.568715      1.691  36.705896    10.9861    5.26453      1.677    32.6881    24.9782 -9.990e-29
 228.568721      1.710  36.705804    10.9854    5.26602      1.696    32.6887    24.9787 -9.990e-29
 228.568727      1.725  36.700410    10.9854    5.25952      1.711    32.6833    24.9745 -9.990e-29
 228.568733      1.734  36.697072    10.9857    5.25728      1.720    32.6797    24.9717 -9.990e-29
 228.568738      1.738  36.700286    10.9842    5.25619      1.723    32.6843    24.9755 -9.990e-29
 228.568744      1.739  36.703654    10.9809    5.27069      1.724    32.6905    24.9809 -9.990e-29
 228.568750      1.744  36.701549    10.9783    5.25771      1.729    32.6908    24.9816 -9.990e-29
 228.568756      1.748  36.697306    10.9786    5.26056      1.733    32.6863    24.9781 -9.990e-29
 228.568762      1.746  36.697573    10.9805    5.25121      1.731    32.6849    24.9766 -9.990e-29
 228.568767      1.740  36.701559    10.9803    5.25514      1.725    32.6890    24.9799 -9.990e-29
 228.568773      1.732  36.704458    10.9767    5.25794      1.718    32.6951    24.9852 -9.990e-29
 228.568779      1.731  36.704503    10.9731    5.27100      1.717    32.6983    24.9884 -9.990e-29
 228.568785      1.736  36.701728    10.9732    5.26941      1.722    32.6955    24.9862 -9.990e-29
 228.568791      1.740  36.700255    10.9760    5.26467      1.725    32.6915    24.9826 -9.990e-29
 228.568796      1.738  36.702018    10.9778    5.26338      1.723    32.6917    24.9824 -9.990e-29
 228.568802      1.739  36.702609    10.9773    5.25221      1.724    32.6927    24.9833 -9.990e-29
 228.568808      1.752  36.699988    10.9768    5.25519      1.737    32.6906    24.9817 -9.990e-29
 228.568814      1.768  36.697925    10.9783    5.25649      1.753    32.6872    24.9788 -9.990e-29
 228.568819      1.780  36.699810    10.9803    5.25673      1.765    32.6872    24.9785 -9.990e-29
 228.568825      1.790  36.702521    10.9797    5.25062      1.775    32.6905    24.9811 -9.990e-29
 228.568831      1.797  36.700113    10.9762    5.24871      1.782    32.6912    24.9823 -9.990e-29
 228.568837      1.802  36.692154    10.9741    5.24905      1.787    32.6852    24.9780 -9.990e-29
 228.568843      1.805  36.687629    10.9759    5.25877      1.790    32.6791    24.9729 -9.990e-29
 228.568848      1.807  36.692253    10.9779    5.26404      1.792    32.6819    24.9747 -9.990e-29
 228.568854      1.808  36.699269    10.9763    5.27055      1.793    32.6903    24.9815 -9.990e-29
 228.568860      1.807  36.697817    10.9723    5.27177      1.792    32.6924    24.9839 -9.990e-29
 228.568866      1.805  36.688180    10.9710    5.26137      1.790    32.6840    24.9776 -9.990e-29
 228.568872      1.802  36.684394    10.9758    5.26491      1.787    32.6760    24.9705 -9.990e-29
 228.568877      1.797  36.690917    10.9841    5.26196      1.782    32.6750    24.9683 -9.990e-29
 228.568883      1.794  36.699596    10.9918    5.27074      1.779    32.6768    24.9683 -9.990e-29
 228.568889      1.798  36.706837    10.9968    5.27439      1.783    32.6795    24.9696 -9.990e-29
 228.568895      1.808  36.711617    10.9981    5.26895      1.793    32.6831    24.9721 -9.990e-29
 228.568900      1.825  36.707949    10.9964    5.26869      1.810    32.6810    24.9708 -9.990e-29
 228.568906      1.847  36.700447    10.9928    5.26340      1.832    32.6767    24.9681 -9.990e-29
 228.568912      1.870  36.699269    10.9874    5.26450      1.854    32.6803    24.9719 -9.990e-29
 228.568918      1.895  36.702255    10.9841    5.26576      1.879    32.6862    24.9770 -9.990e-29
 228.568924      1.920  36.706632    10.9859    5.27150      1.904    32.6890    24.9788 -9.990e-29
 228.568929      1.939  36.711479    10.9914    5.26397      1.923    32.6889    24.9778 -9.990e-29
 228.568935      1.951  36.715941    10.9982    5.26203      1.935    32.6872    24.9753 -9.990e-29
 228.568941      1.963  36.719964    11.0044    5.26056      1.947    32.6857    24.9730 -9.990e-29
 228.568947      1.971  36.723286    11.0082    5.26775      1.955    32.6856    24.9723 -9.990e-29
 228.568953      1.971  36.726565    11.0094    5.27979      1.955    32.6877    24.9737 -9.990e-29
 228.568958      1.962  36.729643    11.0092    5.28646      1.946    32.6910    24.9763 -9.990e-29
 228.568964      1.950  36.731162    11.0067    5.26973      1.934    32.6947    24.9796 -9.990e-29
 228.568970      1.940  36.728064    11.0033    5.26002      1.924    32.6947    24.9802 -9.990e-29
 228.568976      1.934  36.724031    11.0041    5.27079      1.918    32.6900    24.9764 -9.990e-29
 228.568981      1.925  36.726546    11.0080    5.26916      1.909    32.6890    24.9750 -9.990e-29
 228.568987      1.919  36.731637    11.0107    5.28072      1.903    32.6916    24.9765 -9.990e-29
 228.568993      1.918  36.735399    11.0121    5.27705      1.902    32.6941    24.9782 -9.990e-29
 228.568999      1.924  36.736084    11.0132    5.27057      1.908    32.6938    24.9778 -9.990e-29
 228.569005      1.931  36.731205    11.0163    5.27332      1.915    32.6862    24.9713 -9.990e-29
 228.569010      1.932  36.729919    11.0229    5.27066      1.916    32.6791    24.9646 -9.990e-29
 228.569016      1.926  36.738325    11.0304    5.27737      1.910    32.6807    24.9646 -9.990e-29
 228.569022      1.923  36.750212    11.0347    5.27033      1.907    32.6886    24.9700 -9.990e-29
 228.569028      1.925  36.757283    11.0347    5.27562      1.909    32.6956    24.9754 -9.990e-29
 228.569034      1.934  36.756597    11.0339    5.26998      1.918    32.6957    24.9756 -9.990e-29
 228.569039      1.945  36.753929    11.0374    5.28027      1.929    32.6899    24.9705 -9.990e-29
 228.569045      1.956  36.755218    11.0437    5.28016      1.940    32.6856    24.9660 -9.990e-29
 228.569051      1.970  36.759901    11.0470    5.26763      1.954    32.6873    24.9667 -9.990e-29
 228.569057      1.989  36.762973    11.0462    5.26231      1.972    32.6910    24.9698 -9.990e-29
 228.569063      2.005  36.761204    11.0440    5.23663      1.988    32.6912    24.9703 -9.990e-29
 228.569068      2.015  36.755563    11.0428    5.24359      1.998    32.6867    24.9670 -9.990e-29
 228.569074      2.020  36.751389    11.0434    5.25809      2.003    32.6820    24.9633 -9.990e-29
 228.569080      2.020  36.752612    11.0425    5.26866      2.003    32.6840    24.9650 -9.990e-29
 228.569086      2.015  36.752414    11.0321    5.28861      1.998    32.6931    24.9739 -9.990e-29
 228.569091      2.009  36.737597    11.0100    5.27561      1.992    32.6981    24.9817 -9.990e-29
 228.569097      2.007  36.710239    10.9909    5.26947      1.990    32.6880    24.9772 -9.990e-29
 228.569103      2.002  36.693265    10.9899    5.25325      1.985    32.6721    24.9650 -9.990e-29
 228.569109      1.992  36.698204    11.0020    5.25612      1.975    32.6662    24.9583 -9.990e-29
 228.569115      1.980  36.713658    11.0138    5.25850      1.963    32.6710    24.9600 -9.990e-29
 228.569120      1.972  36.727112    11.0204    5.26314      1.956    32.6785    24.9646 -9.990e-29
 228.569126      1.974  36.734601    11.0208    5.27507      1.958    32.6855    24.9700 -9.990e-29
 228.569132      1.985  36.733180    11.0142    5.26413      1.968    32.6900    24.9747 -9.990e-29
 228.569138      2.002  36.722602    11.0068    5.26979      1.985    32.6861    24.9729 -9.990e-29
 228.569144      2.017  36.713397    11.0060    5.27771      2.000    32.6777    24.9665 -9.990e-29
 228.569149      2.027  36.714002    11.0083    5.30044      2.010    32.6763    24.9650 -9.990e-29
 228.569155      2.033  36.718456    11.0086    5.29188      2.016    32.6804    24.9682 -9.990e-29
 228.569161      2.035  36.720324    11.0100    5.28254      2.018    32.6810    24.9684 -9.990e-29
 228.569167      2.032  36.725427    11.0144    5.28376      2.015    32.6821    24.9685 -9.990e-29
 228.569172      2.030  36.736044    11.0190    5.26762      2.013    32.6886    24.9727 -9.990e-29
 228.569178      2.032  36.744985    11.0241    5.28013      2.015    32.6929    24.9751 -9.990e-29
 228.569184      2.038  36.752921    11.0307    5.26281      2.021    32.6948    24.9755 -9.990e-29
 228.569190      2.050  36.761425    11.0357    5.25673      2.033    32.6988    24.9777 -9.990e-29
 228.569196      2.062  36.765540    11.0374    5.24309      2.045    32.7013    24.9794 -9.990e-29
 228.569201      2.073  36.765109    11.0380    5.23781      2.056    32.7004    24.9785 -9.990e-29
 228.569207      2.081  36.763444    11.0387    5.25427      2.064    32.6981    24.9766 -9.990e-29
 228.569213      2.089  36.761095    11.0359    5.26150      2.072    32.6983    24.9773 -9.990e-29
 228.569219      2.101  36.753770    11.0251    5.27688      2.083    32.7006    24.9810 -9.990e-29
 228.569225      2.121  36.738396    11.0087    5.29299      2.103    32.7000    24.9834 -9.990e-29
 228.569230      2.143  36.719673    10.9967    5.28437      2.125    32.6922    24.9794 -9.990e-29
 228.569236      2.151  36.707364    10.9968    5.28032      2.133    32.6799    24.9699 -9.990e-29
 228.569242      2.137  36.709128    11.0075    5.27293      2.119    32.6721    24.9619 -9.990e-29
 228.569248      2.108  36.721669    11.0215    5.27452      2.090    32.6721    24.9594 -9.990e-29
 228.569253      2.075  36.735318    11.0309    5.27304      2.058    32.6772    24.9618 -9.990e-29
 228.569259      2.050  36.745247    11.0333    5.26741      2.033    32.6849    24.9673 -9.990e-29
 228.569265      2.043  36.750644    11.0315    5.28039      2.026    32.6919    24.9730 -9.990e-29
 228.569271      2.053  36.750821    11.0285    5.27639      2.036    32.6947    24.9758 -9.990e-29
 228.569277      2.074  36.749341    11.0275    5.28449      2.057    32.6941    24.9755 -9.990e-29
 228.569282      2.098  36.749802    11.0291    5.27091      2.080    32.6931    24.9745 -9.990e-29
 228.569288      2.121  36.751095    11.0312    5.25557      2.103    32.6925    24.9736 -9.990e-29
 228.569294      2.147  36.753227    11.0320    5.25763      2.129    32.6939    24.9746 -9.990e-29
 228.569300      2.179  36.755639    11.0314    5.26932      2.161    32.6968    24.9769 -9.990e-29
 228.569306      2.230  36.755342    11.0282    5.30726      2.211    32.6994    24.9795 -9.990e-29
 228.569311      2.302  36.747420    11.0196    5.31941      2.283    32.6992    24.9808 -9.990e-29
 228.569317      2.387  36.732489    11.0076    5.28507      2.367    32.6950    24.9797 -9.990e-29
 228.569323      2.477  36.719201    10.9997    5.23064      2.456    32.6889    24.9763 -9.990e-29
 228.569329      2.575  36.713350    10.9977    5.17376      2.553    32.6848    24.9735 -9.990e-29
 228.569334      2.690  36.714947    10.9950    5.15073      2.668    32.6888    24.9771 -9.990e-29
 228.569340      2.838  36.717112    10.9849    5.11438      2.814    32.6998    24.9875 0.0000e+00
 228.569346      3.034  36.711480    10.9567    5.08034      3.009    32.7193    25.0076 0.0000e+00
 228.569352      3.289  36.689382    10.8918    5.06320      3.262    32.7552    25.0470 0.0000e+00
 228.569358      3.611  36.637021    10.7931    5.06067      3.581    32.7914    25.0925 0.0000e+00
 228.569363      3.995  36.564170    10.6961    5.09910      3.962    32.8057    25.1205 0.0000e+00
 228.569369      4.427  36.508225    10.6240    5.12831      4.390    32.8144    25.1398 0.0000e+00
 228.569375      4.891  36.485376    10.5691    5.14111      4.850    32.8408    25.1698 0.0000e+00
 228.569381      5.384  36.485847    10.5167    5.12309      5.339    32.8883    25.2159 0.0000e+00
 228.569387      5.901  36.493955    10.4629    5.08430      5.852    32.9449    25.2692 0.0000e+00
 228.569392      6.433  36.500279    10.4101    5.03787      6.379    32.9989    25.3204 0.0000e+00
 228.569398      6.975  36.499185    10.3572    4.94524      6.917    33.0456    25.3659 0.0000e+00
 228.569404      7.524  36.479070    10.3022    4.85584      7.461    33.0752    25.3983 0.0000e+00
 228.569410      8.071  36.439424    10.2404    4.76505      8.003    33.0913    25.4214 0.0000e+00
 228.569416      8.608  36.382291    10.1718    4.69079      8.536    33.0959    25.4367 0.0000e+00
 228.569421      9.131  36.315555    10.1072    4.65230      9.055    33.0872    25.4407 0.0000e+00
 228.569427      9.644  36.258969    10.0524    4.61039      9.563    33.0797    25.4441 0.0000e+00
 228.569433     10.152  36.216100     9.9978    4.56990     10.067    33.0859    25.4581 0.0000e+00
 228.569439     10.660  36.175158     9.9385    4.50403     10.571    33.0984    25.4778 0.0000e+00
 228.569444     11.168  36.132532     9.8831    4.45084     11.074    33.1057    25.4927 0.0000e+00
 228.569450     11.684  36.094141     9.8415    4.40109     11.586    33.1045    25.4987 0.0000e+00
 228.569456     12.206  36.064821     9.8150    4.31870     12.104    33.0987    25.4985 0.0000e+00
 228.569462     12.724  36.043558     9.7903    4.24892     12.617    33.0995    25.5032 0.0000e+00
 228.569468     13.233  36.019337     9.7458    4.15530     13.122    33.1154    25.5230 0.0000e+00
 228.569473     13.735  35.979447     9.6670    4.08199     13.620    33.1470    25.5606 0.0000e+00
 228.569479     14.237  35.914960     9.5661    4.05909     14.118    33.1739    25.5981 0.0000e+00
 228.569485     14.740  35.836851     9.4727    4.03428     14.616    33.1798    25.6179 0.0000e+00
 228.569491     15.243  35.769881     9.3991    4.05304     15.115    33.1788    25.6290 0.0000e+00
 228.569497     15.738  35.720017     9.3465    4.09568     15.606    33.1759    25.6352 0.0000e+00
 228.569502     16.215  35.689122     9.3172    4.13131     16.079    33.1710    25.6361 0.0000e+00
 228.569508     16.669  35.683608     9.3082    4.14025     16.529    33.1734    25.6394 0.0000e+00
 228.569514     17.108  35.699441     9.3147    4.10805     16.965    33.1836    25.6463 0.0000e+00
 228.569520     17.539  35.729658     9.3297    4.05461     17.392    33.2006    25.6573 0.0000e+00
 228.569525     17.963  35.764048     9.3408    3.98650     17.812    33.2257    25.6751 0.0000e+00
 228.569531     18.385  35.785631     9.3348    3.88054     18.231    33.2533    25.6977 0.0000e+00
 228.569537     18.816  35.785025     9.2955    3.77490     18.658    33.2891    25.7320 0.0000e+00
 228.569543     19.261  35.758585     9.2080    3.64767     19.099    33.3432    25.7883 0.0000e+00
 228.569549     19.724  35.699055     9.0901    3.55666     19.558    33.3916    25.8449 0.0000e+00
 228.569554     20.203  35.617849     8.9873    3.48574     20.033    33.4034    25.8703 0.0000e+00
 228.569560     20.690  35.547370     8.9197    3.43081     20.516    33.3932    25.8729 0.0000e+00
 228.569566     21.178  35.501794     8.8786    3.39363     21.000    33.3840    25.8722 0.0000e+00
 228.569572     21.659  35.470755     8.8505    3.35061     21.477    33.3778    25.8717 0.0000e+00
 228.569578     22.122  35.445339     8.8188    3.32505     21.936    33.3808    25.8790 0.0000e+00
 228.569583     22.566  35.425251     8.7768    3.30956     22.376    33.3992    25.8999 0.0000e+00
 228.569589     23.001  35.410019     8.7363    3.29248     22.808    33.4212    25.9235 0.0000e+00
 228.569595     23.434  35.397796     8.7083    3.26337     23.237    33.4346    25.9383 0.0000e+00
 228.569601     23.872  35.387939     8.6916    3.24830     23.671    33.4399    25.9450 0.0000e+00
