data/oxygen options/ONMS/Olympic_Coast_National_Marine_Sanctuary_CTD_Data_2005_2023/raw_data/2006/CTD_CE042_050406faed.cnv
* Sea-Bird SBE19 Data File:
* FileName = C:\MOORING_DATA_2006\CTD_CE042_050406.hex
* Software Version 1.1.6
* Temperature SN = 2997
* Conductivity SN = 2997
* System UpLoad Time = May 04 2006 14:16:48
** CE042_FL&DO COMPARISON
* SEACAT PROFILER V3.1c SN 2997   05/04/06  14:15:28.291
# nquan = 9                                 
# nvalues = 2356                        
# units = specified
# name 0 = timeJ: Julian Days
# name 1 = prSM: Pressure, Strain Gauge [db]
# name 2 = c0mS/cm: Conductivity [mS/cm]
# name 3 = t090C: Temperature [ITS-90, deg C]
# name 4 = oxML/L: Oxygen, Beckman/YSI [ml/l]
# name 5 = depSM: Depth [salt water, m], lat = 47.5
# name 6 = sal00: Salinity, Practical [PSU]
# name 7 = sigma-é00: Density [sigma-theta, kg/m^3]
# name 8 = flag: flag
# span 0 = 124.578264, 124.591892       
# span 1 =     -5.392,     33.783       
# span 2 =   0.558130,  36.867836       
# span 3 =     8.6814,    14.7245       
# span 4 =  -13.85458,   44.12390       
# span 5 =     -5.347,     33.498       
# span 6 =     0.3660,    33.4645       
# span 7 =    -0.2857,    25.9660       
# span 8 = 0.0000e+00, 0.0000e+00       
# interval = seconds: 0.5
# start_time = May 04 2006 13:52:42 [Instrument's time stamp, header]
# bad_flag = -9.990e-29
*END*
[from data line 161]
 124.579196     -0.232  36.399972    10.1607   -0.06296     -0.230    33.1279    25.4633 -9.990e-29
 124.579201     -0.230  36.391991    10.1527   -0.06293     -0.228    33.1271    25.4640 -9.990e-29
 124.579207     -0.221  36.323167    10.1344   -0.06298     -0.219    33.0741    25.4258 -9.990e-29
 124.579213     -0.206  36.236359    10.1088   -0.06304     -0.204    33.0096    25.3798 -9.990e-29
 124.579219     -0.183  36.189152    10.0934   -0.06307     -0.181    32.9758    25.3560 -9.990e-29
 124.579225     -0.155  36.218440    10.0978   -0.06302     -0.154    33.0014    25.3753 -9.990e-29
 124.579230     -0.129  36.294823    10.1146   -0.06294     -0.128    33.0635    25.4208 -9.990e-29
 124.579236     -0.108  36.343994    10.1375   -0.06294     -0.107    33.0924    25.4395 -9.990e-29
 124.579242     -0.090  36.340074    10.1616   -0.06294     -0.089    33.0664    25.4151 -9.990e-29
 124.579248     -0.074  36.319341    10.1812   -0.06298     -0.073    33.0275    25.3815 -9.990e-29
 124.579253     -0.059  36.333805    10.1920   -0.06302     -0.059    33.0323    25.3834 -9.990e-29
 124.579259     -0.044  36.373015    10.1950   -0.06299     -0.044    33.0692    25.4117 -9.990e-29
 124.579265     -0.029  36.379299    10.1968   -0.06295     -0.029    33.0739    25.4151 -9.990e-29
 124.579271     -0.012  36.331299    10.2013   -0.06295     -0.012    33.0212    25.3732 -9.990e-29
 124.579277      0.008  36.258688    10.2075   -0.06293      0.008    32.9422    25.3105 -9.990e-29
 124.579282      0.032  36.223958    10.2139   -0.06297      0.032    32.9013    25.2776 -9.990e-29
 124.579288      0.057  36.258768    10.2201   -0.06301      0.057    32.9308    25.2995 -9.990e-29
 124.579294      0.073  36.316404    10.2257   -0.06301      0.072    32.9839    25.3400 -9.990e-29
 124.579300      0.075  36.335151    10.2286   -0.06306      0.074    33.0002    25.3522 -9.990e-29
 124.579306      0.077  36.306341    10.2278   18.81144      0.076    32.9718    25.3302 -9.990e-29
 124.579311      0.084  36.256067    10.2255   34.73366      0.083    32.9231    25.2927 -9.990e-29
 124.579317      0.086  36.229480    10.2242   37.20607      0.085    32.8975    25.2729 -9.990e-29
 124.579323      0.080  36.256754    10.2253   33.24903      0.079    32.9240    25.2934 -9.990e-29
 124.579329      0.070  36.304687    10.2292   22.39147      0.069    32.9689    25.3277 -9.990e-29
 124.579334      0.064  36.324431    10.2324   17.22789      0.063    32.9859    25.3404 -9.990e-29
 124.579340      0.066  36.301915    10.2306   17.36408      0.065    32.9648    25.3243 -9.990e-29
 124.579346      0.075  36.246380    10.2194   17.40486      0.074    32.9189    25.2904 -9.990e-29
 124.579352      0.088  36.191473    10.2029   11.89936      0.087    32.8784    25.2616 -9.990e-29
 124.579358      0.098  36.164389    10.1980    3.20888      0.097    32.8555    25.2445 -9.990e-29
 124.579363      0.100  36.139103    10.2075   -0.44638      0.099    32.8214    25.2163 -9.990e-29
 124.579369      0.100  36.094228    10.2144   -0.91597      0.099    32.7698    25.1749 -9.990e-29
 124.579375      0.105  36.056306    10.2095    2.19008      0.104    32.7359    25.1494 -9.990e-29
 124.579381      0.116  36.034232    10.2002    5.28263      0.115    32.7221    25.1401 -9.990e-29
 124.579387      0.125  36.020447    10.1974    5.94002      0.124    32.7107    25.1317 -9.990e-29
 124.579392      0.128  36.019557    10.1992    6.32263      0.127    32.7081    25.1294 -9.990e-29
 124.579398      0.130  36.021392    10.1935    6.51096      0.129    32.7151    25.1358 -9.990e-29
 124.579404      0.140  36.008757    10.1728    6.62353      0.139    32.7211    25.1439 -9.990e-29
 124.579410      0.158  35.976019    10.1460    6.70729      0.157    32.7122    25.1415 -9.990e-29
 124.579416      0.173  35.941224    10.1340    6.75989      0.172    32.6878    25.1245 -9.990e-29
 124.579421      0.176  35.935933    10.1397    6.79893      0.175    32.6774    25.1154 -9.990e-29
 124.579427      0.173  35.951394    10.1439    6.83969      0.172    32.6892    25.1239 -9.990e-29
 124.579433      0.172  35.952120    10.1341    6.86966      0.171    32.6988    25.1331 -9.990e-29
 124.579439      0.180  35.936270    10.1168    6.88512      0.178    32.6984    25.1356 -9.990e-29
 124.579444      0.196  35.925335    10.1040    6.88380      0.194    32.6989    25.1382 -9.990e-29
 124.579450      0.205  35.927724    10.0992    6.88233      0.203    32.7056    25.1442 -9.990e-29
 124.579456      0.211  35.935389    10.1003    6.90119      0.209    32.7124    25.1493 -9.990e-29
 124.579462      0.215  35.942277    10.1071    6.90266      0.213    32.7132    25.1488 -9.990e-29
 124.579468      0.220  35.948587    10.1166    6.91565      0.218    32.7110    25.1455 -9.990e-29
 124.579473      0.226  35.952067    10.1211    6.90689      0.224    32.7104    25.1443 -9.990e-29
 124.579479      0.232  35.951181    10.1182    6.89944      0.230    32.7122    25.1462 -9.990e-29
 124.579485      0.240  35.945304    10.1135    6.90259      0.238    32.7105    25.1456 -9.990e-29
 124.579491      0.249  35.936692    10.1131    6.89694      0.247    32.7021    25.1392 -9.990e-29
 124.579497      0.260  35.933484    10.1176    6.90225      0.258    32.6948    25.1327 -9.990e-29
 124.579502      0.275  35.936441    10.1209    6.92242      0.273    32.6948    25.1322 -9.990e-29
 124.579508      0.293  35.937719    10.1175    6.93124      0.291    32.6992    25.1361 -9.990e-29
 124.579514      0.317  35.932847    10.1094    6.93706      0.314    32.7015    25.1393 -9.990e-29
 124.579520      0.342  35.925980    10.1035    6.92666      0.339    32.6999    25.1391 -9.990e-29
 124.579525      0.364  35.923100    10.1028    6.92842      0.361    32.6976    25.1374 -9.990e-29
 124.579531      0.377  35.924281    10.1058    6.92563      0.374    32.6961    25.1357 -9.990e-29
 124.579537      0.389  35.931651    10.1114    6.91662      0.386    32.6985    25.1366 -9.990e-29
 124.579543      0.403  35.945493    10.1169    6.91219      0.400    32.7075    25.1428 -9.990e-29
 124.579549      0.416  35.956210    10.1183    6.91884      0.413    32.7171    25.1500 -9.990e-29
 124.579554      0.425  35.956770    10.1160    6.93318      0.421    32.7197    25.1524 -9.990e-29
 124.579560      0.430  35.955765    10.1162    6.94106      0.426    32.7185    25.1515 -9.990e-29
 124.579566      0.432  35.960824    10.1213    6.93287      0.428    32.7190    25.1510 -9.990e-29
 124.579572      0.435  35.965781    10.1275    6.91669      0.431    32.7184    25.1495 -9.990e-29
 124.579578      0.444  35.969946    10.1334    6.91013      0.440    32.7173    25.1476 -9.990e-29
 124.579583      0.454  35.976623    10.1400    6.90480      0.450    32.7181    25.1471 -9.990e-29
 124.579589      0.463  35.985734    10.1468    6.90726      0.459    32.7212    25.1484 -9.990e-29
 124.579595      0.470  35.999325    10.1527    6.90204      0.466    32.7296    25.1539 -9.990e-29
 124.579601      0.477  36.014192    10.1566    6.87938      0.473    32.7411    25.1623 -9.990e-29
 124.579606      0.483  36.019863    10.1595    6.87237      0.479    32.7442    25.1642 -9.990e-29
 124.579612      0.490  36.015480    10.1640    6.90059      0.486    32.7357    25.1568 -9.990e-29
 124.579618      0.497  36.011458    10.1720    6.90663      0.493    32.7244    25.1467 -9.990e-29
 124.579624      0.505  36.013646    10.1827    6.90933      0.501    32.7169    25.1390 -9.990e-29
 124.579630      0.515  36.015979    10.1908    6.89283      0.511    32.7119    25.1338 -9.990e-29
 124.579635      0.526  36.006415    10.1931    6.84797      0.522    32.7002    25.1243 -9.990e-29
 124.579641      0.541  35.989588    10.1926    6.85342      0.536    32.6837    25.1114 -9.990e-29
 124.579647      0.554  35.984003    10.1908    6.87968      0.549    32.6796    25.1086 -9.990e-29
 124.579653      0.564  35.988938    10.1853    6.90006      0.559    32.6896    25.1173 -9.990e-29
 124.579659      0.575  35.986282    10.1724    6.93156      0.570    32.6985    25.1264 -9.990e-29
 124.579664      0.591  35.967439    10.1543    6.93711      0.586    32.6958    25.1274 -9.990e-29
 124.579670      0.611  35.938687    10.1402    6.94063      0.606    32.6795    25.1170 -9.990e-29
 124.579676      0.626  35.917775    10.1336    6.93760      0.621    32.6643    25.1063 -9.990e-29
 124.579682      0.632  35.919256    10.1367    6.92123      0.627    32.6630    25.1047 -9.990e-29
 124.579688      0.631  35.936688    10.1495    6.91122      0.626    32.6691    25.1073 -9.990e-29
 124.579693      0.627  35.956659    10.1623    6.90489      0.622    32.6777    25.1119 -9.990e-29
 124.579699      0.628  35.972689    10.1696    6.91540      0.623    32.6873    25.1182 -9.990e-29
 124.579705      0.638  35.983523    10.1738    6.93294      0.633    32.6945    25.1230 -9.990e-29
 124.579711      0.654  35.991822    10.1768    6.94924      0.649    32.7001    25.1269 -9.990e-29
 124.579716      0.667  35.999672    10.1799    6.97545      0.661    32.7052    25.1304 -9.990e-29
 124.579722      0.676  36.006876    10.1850    6.96315      0.670    32.7079    25.1316 -9.990e-29
 124.579728      0.684  36.014619    10.1961    6.93196      0.678    32.7057    25.1281 -9.990e-29
 124.579734      0.700  36.026490    10.2160    6.87352      0.694    32.6997    25.1200 -9.990e-29
 124.579740      0.726  36.047093    10.2433    6.82762      0.720    32.6959    25.1124 -9.990e-29
 124.579745      0.751  36.076409    10.2739    6.82154      0.745    32.6978    25.1088 -9.990e-29
 124.579751      0.767  36.108649    10.3008    6.85528      0.761    32.7061    25.1106 -9.990e-29
 124.579757      0.780  36.134069    10.3160    6.91236      0.773    32.7179    25.1173 -9.990e-29
 124.579763      0.790  36.139441    10.3115    6.95098      0.783    32.7274    25.1255 -9.990e-29
 124.579769      0.794  36.124076    10.2903    6.94332      0.787    32.7311    25.1319 -9.990e-29
 124.579774      0.797  36.103386    10.2710    6.90567      0.790    32.7276    25.1325 -9.990e-29
 124.579780      0.798  36.091286    10.2674    6.86542      0.791    32.7187    25.1261 -9.990e-29
 124.579786      0.794  36.089583    10.2852    6.84212      0.787    32.7009    25.1093 -9.990e-29
 124.579792      0.788  36.107773    10.3205    6.84581      0.781    32.6874    25.0928 -9.990e-29
 124.579797      0.784  36.150471    10.3521    6.87199      0.777    32.7019    25.0987 -9.990e-29
 124.579803      0.783  36.188219    10.3634    6.87438      0.776    32.7297    25.1185 -9.990e-29
 124.579809      0.783  36.198427    10.3601    6.87066      0.776    32.7430    25.1293 -9.990e-29
 124.579815      0.786  36.187415    10.3565    6.85729      0.779    32.7351    25.1238 -9.990e-29
 124.579821      0.790  36.174152    10.3579    6.85763      0.783    32.7205    25.1122 -9.990e-29
 124.579826      0.798  36.168994    10.3631    6.87022      0.791    32.7107    25.1036 -9.990e-29
 124.579832      0.808  36.172351    10.3714    6.87136      0.801    32.7066    25.0990 -9.990e-29
 124.579838      0.817  36.184766    10.3785    6.86443      0.810    32.7126    25.1026 -9.990e-29
 124.579844      0.823  36.192496    10.3808    6.85871      0.816    32.7183    25.1066 -9.990e-29
 124.579850      0.828  36.189576    10.3828    6.84834      0.821    32.7136    25.1026 -9.990e-29
 124.579855      0.838  36.190620    10.3889    6.85458      0.831    32.7091    25.0981 -9.990e-29
 124.579861      0.850  36.202063    10.3985    6.85034      0.843    32.7120    25.0987 -9.990e-29
 124.579867      0.859  36.216158    10.4083    6.83885      0.852    32.7173    25.1012 -9.990e-29
 124.579873      0.871  36.224205    10.4153    6.84842      0.864    32.7191    25.1013 -9.990e-29
 124.579878      0.886  36.226272    10.4201    6.84767      0.879    32.7169    25.0988 -9.990e-29
 124.579884      0.901  36.227916    10.4240    6.85769      0.893    32.7150    25.0967 -9.990e-29
 124.579890      0.918  36.230762    10.4252    6.85344      0.910    32.7168    25.0978 -9.990e-29
 124.579896      0.931  36.232429    10.4216    6.84656      0.923    32.7217    25.1023 -9.990e-29
 124.579902      0.939  36.231209    10.4172    6.83553      0.931    32.7244    25.1052 -9.990e-29
 124.579907      0.942  36.229397    10.4199    6.82573      0.934    32.7202    25.1014 -9.990e-29
 124.579913      0.945  36.232423    10.4296    6.82470      0.937    32.7145    25.0953 -9.990e-29
 124.579919      0.951  36.239265    10.4384    6.82442      0.943    32.7134    25.0930 -9.990e-29
 124.579925      0.956  36.243898    10.4414    6.84509      0.948    32.7154    25.0940 -9.990e-29
 124.579931      0.958  36.244079    10.4379    6.86203      0.950    32.7187    25.0972 -9.990e-29
 124.579936      0.956  36.239484    10.4295    6.87300      0.948    32.7216    25.1009 -9.990e-29
 124.579942      0.949  36.231274    10.4215    6.86314      0.941    32.7206    25.1015 -9.990e-29
 124.579948      0.938  36.223642    10.4188    6.84332      0.930    32.7154    25.0978 -9.990e-29
 124.579954      0.926  36.220990    10.4219    6.82797      0.918    32.7099    25.0931 -9.990e-29
 124.579959      0.921  36.224823    10.4297    6.81473      0.913    32.7068    25.0893 -9.990e-29
 124.579965      0.927  36.234636    10.4403    6.81698      0.919    32.7071    25.0877 -9.990e-29
 124.579971      0.939  36.246119    10.4480    6.82965      0.931    32.7117    25.0900 -9.990e-29
 124.579977      0.951  36.253262    10.4483    6.83663      0.943    32.7186    25.0953 -9.990e-29
 124.579983      0.958  36.254927    10.4439    6.84792      0.950    32.7242    25.1004 -9.990e-29
 124.579988      0.966  36.252768    10.4403    6.84639      0.958    32.7253    25.1019 -9.990e-29
 124.579994      0.978  36.249510    10.4406    6.84394      0.970    32.7217    25.0991 -9.990e-29
 124.580000      0.993  36.248096    10.4451    6.83664      0.985    32.7162    25.0940 -9.990e-29
 124.580006      1.005  36.249439    10.4522    6.83744      0.997    32.7112    25.0889 -9.990e-29
 124.580012      1.016  36.253640    10.4600    6.83245      1.008    32.7084    25.0854 -9.990e-29
 124.580017      1.027  36.259565    10.4669    6.83065      1.018    32.7081    25.0840 -9.990e-29
 124.580023      1.039  36.265011    10.4721    6.82401      1.030    32.7089    25.0837 -9.990e-29
 124.580029      1.052  36.268260    10.4751    6.81969      1.043    32.7095    25.0836 -9.990e-29
 124.580035      1.062  36.269151    10.4760    6.82341      1.053    32.7096    25.0835 -9.990e-29
 124.580041      1.062  36.269428    10.4745    6.82560      1.053    32.7112    25.0850 -9.990e-29
 124.580046      1.052  36.269456    10.4713    6.82469      1.043    32.7141    25.0879 -9.990e-29
 124.580052      1.040  36.268144    10.4685    6.83056      1.031    32.7153    25.0893 -9.990e-29
 124.580058      1.029  36.265981    10.4677    6.83403      1.020    32.7139    25.0883 -9.990e-29
 124.580064      1.018  36.264565    10.4682    6.84106      1.010    32.7120    25.0867 -9.990e-29
 124.580069      1.007  36.264806    10.4694    6.82642      0.999    32.7112    25.0859 -9.990e-29
 124.580075      1.000  36.265899    10.4719    6.80531      0.992    32.7100    25.0846 -9.990e-29
 124.580081      1.004  36.266489    10.4748    6.77814      0.996    32.7080    25.0825 -9.990e-29
 124.580087      1.019  36.266238    10.4764    6.76146      1.010    32.7063    25.0809 -9.990e-29
 124.580093      1.039  36.264243    10.4761    6.77955      1.030    32.7046    25.0796 -9.990e-29
 124.580098      1.056  36.258961    10.4745    6.80947      1.047    32.7007    25.0769 -9.990e-29
 124.580104      1.063  36.247271    10.4711    6.83626      1.054    32.6920    25.0707 -9.990e-29
 124.580110      1.059  36.229286    10.4653    6.85191      1.050    32.6792    25.0617 -9.990e-29
