data/oxygen options/ONMS/Olympic_Coast_National_Marine_Sanctuary_CTD_Data_2005_2023/raw_data/2006/CTD_KL027_092706faed.cnv
* Sea-Bird SBE19 Data File:
* FileName = C:\MOORING_DATA_2006\CTD_KL027_092706.hex
* Software Version 1.1.6
* Temperature SN = 2997
* Conductivity SN = 2997
* System UpLoad Time = Sep 27 2006 12:50:37
* SEACAT PROFILER V3.1c SN 2997   09/27/06  12:51:36.225
* strain gauge pressure sensor: S/N = 184829,  range = 3000 psia,  tc = 40
# nquan = 9                                 
# nvalues = 2065                        
# units = specified
# name 0 = timeJ: Julian Days
# name 1 = prSM: Pressure, Strain Gauge [db]
# name 2 = c0mS/cm: Conductivity [mS/cm]
# name 3 = t090C: Temperature [ITS-90, deg C]
# name 4 = oxML/L: Oxygen, Beckman/YSI [ml/l]
# name 5 = depSM: Depth [salt water, m], lat = 47.5
# name 6 = sal00: Salinity, Practical [PSU]
# name 7 = sigma-é00: Density [sigma-theta, kg/m^3]
# name 8 = flag: flag
# span 0 = 270.521771, 270.533715       
# span 1 =     -5.403,     27.625       
# span 2 =  22.636141,  46.135008       
# span 3 =     8.8594,    19.7414       
# span 4 =   -0.05538,   20.81686       
# span 5 =     -5.358,     27.393       
# span 6 =    15.3982,    37.6997       
# span 7 =     9.9462,    27.9993       
# span 8 = 0.0000e+00, 0.0000e+00       
# interval = seconds: 0.5
# start_time = Sep 27 2006 12:31:21 [Instrument's time stamp, header]
# bad_flag = -9.990e-29
*END*
[from data line 641]
 270.525480     23.660  36.054595     8.8945    3.48725     23.461    33.9462    26.3100 0.0000e+00
 270.525486     23.380  36.042036     8.9016    3.40732     23.184    33.9264    26.2934 0.0000e+00
 270.525492     23.100  36.029691     8.9169    3.31525     22.906    33.8990    26.2695 0.0000e+00
 270.525498     22.821  36.016729     8.9523    3.24163     22.629    33.8518    26.2269 0.0000e+00
 270.525503     22.540  36.002618     9.0129    3.18131     22.351    33.7795    26.1607 0.0000e+00
 270.525509     22.263  35.988097     9.0879    3.12388     22.076    33.6933    26.0814 0.0000e+00
 270.525515     22.002  35.974487     9.1722    3.09201     21.817    33.5996    25.9947 0.0000e+00
 270.525521     21.764  35.962647     9.2551    3.04697     21.581    33.5095    25.9109 0.0000e+00
 270.525527     21.549  35.952433     9.3082    2.99917     21.368    33.4492    25.8552 0.0000e+00
 270.525532     21.355  35.942504     9.3209    2.96084     21.176    33.4271    25.8359 0.0000e+00
 270.525538     21.186  35.931904     9.3138    2.90796     21.008    33.4229    25.8337 0.0000e+00
 270.525544     21.046  35.921577     9.3091    2.85620     20.869    33.4167    25.8296 -9.990e-29
 270.525550     20.934  35.912262     9.3068    2.80972     20.758    33.4092    25.8241 -9.990e-29
 270.525556     20.847  35.903239     9.2990    2.77400     20.672    33.4072    25.8238 -9.990e-29
 270.525561     20.779  35.894739     9.2763    2.74965     20.605    33.4197    25.8372 -9.990e-29
 270.525567     20.730  35.887133     9.2581    2.72137     20.556    33.4289    25.8473 -9.990e-29
 270.525573     20.702  35.880859     9.2976    2.69652     20.528    33.3854    25.8070 -9.990e-29
 270.525579     20.689  35.877007     9.3811    2.67353     20.515    33.3036    25.7296 -9.990e-29
 270.525584     20.680  35.875408     9.4409    2.64246     20.506    33.2463    25.6751 -9.990e-29
 270.525590     20.672  35.874988     9.4615    2.61449     20.498    33.2268    25.6565 -9.990e-29
 270.525596     20.664  35.875135     9.4652    2.59797     20.491    33.2235    25.6534 -9.990e-29
 270.525602     20.654  35.876545     9.4655    2.57645     20.481    33.2247    25.6542 -9.990e-29
 270.525608     20.648  35.879906     9.4651    2.54492     20.475    33.2285    25.6573 -9.990e-29
 270.525613     20.649  35.884578     9.4623    2.50437     20.476    33.2359    25.6635 -9.990e-29
 270.525619     20.652  35.889992     9.4567    2.48178     20.479    33.2467    25.6729 -9.990e-29
 270.525625     20.653  35.896003     9.4517    2.47780     20.480    33.2575    25.6821 -9.990e-29
 270.525631     20.653  35.902143     9.4503    2.46409     20.480    33.2651    25.6883 -9.990e-29
 270.525637     20.652  35.908117     9.4507    2.45017     20.479    33.2709    25.6928 -9.990e-29
 270.525642     20.649  35.913966     9.4513    2.44063     20.476    33.2764    25.6970 -9.990e-29
 270.525648     20.644  35.919568     9.4537    2.43536     20.471    33.2799    25.6994 -9.990e-29
 270.525654     20.642  35.924468     9.4617    2.44278     20.469    33.2775    25.6962 -9.990e-29
 270.525660     20.650  35.928399     9.4787    2.43755     20.477    33.2658    25.6843 -9.990e-29
 270.525666     20.670  35.932046     9.5022    2.43156     20.496    33.2477    25.6663 -9.990e-29
 270.525671     20.693  35.935715     9.5235    2.44907     20.519    33.2317    25.6504 -9.990e-29
 270.525677     20.713  35.939181     9.5359    2.45411     20.539    33.2238    25.6421 -9.990e-29
 270.525683     20.723  35.942513     9.5392    2.45751     20.549    33.2242    25.6419 -9.990e-29
 270.525689     20.718  35.945599     9.5376    2.46661     20.544    33.2288    25.6458 -9.990e-29
 270.525694     20.700  35.948557     9.5344    2.47784     20.526    33.2348    25.6510 -9.990e-29
 270.525700     20.670  35.951336     9.5302    2.48816     20.496    33.2416    25.6570 -9.990e-29
 270.525706     20.635  35.953642     9.5262    2.49825     20.462    33.2477    25.6624 -9.990e-29
 270.525712     20.601  35.955675     9.5229    2.50721     20.428    33.2529    25.6670 -9.990e-29
 270.525718     20.576  35.957831     9.5192    2.51591     20.403    33.2585    25.6720 -9.990e-29
 270.525723     20.562  35.960109     9.5160    2.51909     20.389    33.2638    25.6767 -9.990e-29
 270.525729     20.557  35.962110     9.5146    2.52320     20.384    33.2672    25.6795 -9.990e-29
 270.525735     20.563  35.963625     9.5144    2.52884     20.390    33.2689    25.6809 -9.990e-29
 270.525741     20.573  35.964921     9.5160    2.54521     20.400    33.2688    25.6805 -9.990e-29
 270.525747     20.586  35.966530     9.5202    2.57413     20.413    33.2665    25.6781 -9.990e-29
 270.525752     20.606  35.968282     9.5265    2.58748     20.433    33.2625    25.6739 -9.990e-29
 270.525758     20.634  35.969638     9.5322    2.59570     20.461    33.2586    25.6699 -9.990e-29
 270.525764     20.659  35.970652     9.5348    2.60004     20.486    33.2572    25.6684 -9.990e-29
 270.525770     20.675  35.971484     9.5345    2.61977     20.501    33.2583    25.6694 -9.990e-29
 270.525775     20.687  35.972051     9.5337    2.64349     20.513    33.2596    25.6705 -9.990e-29
 270.525781     20.695  35.972475     9.5345    2.66628     20.521    33.2593    25.6701 -9.990e-29
 270.525787     20.695  35.973251     9.5369    2.69272     20.521    33.2579    25.6686 -9.990e-29
 270.525793     20.693  35.974219     9.5393    2.72420     20.519    33.2567    25.6673 -9.990e-29
 270.525799     20.692  35.974915     9.5403    2.75366     20.518    33.2565    25.6670 -9.990e-29
 270.525804     20.692  35.975636     9.5398    2.77324     20.518    33.2577    25.6680 -9.990e-29
 270.525810     20.692  35.976711     9.5381    2.78506     20.518    33.2603    25.6704 -9.990e-29
 270.525816     20.694  35.977820     9.5357    2.80312     20.520    33.2637    25.6734 -9.990e-29
 270.525822     20.693  35.978684     9.5334    2.82847     20.519    33.2667    25.6761 -9.990e-29
 270.525828     20.688  35.979264     9.5318    2.86497     20.514    33.2688    25.6780 -9.990e-29
 270.525833     20.689  35.979700     9.5316    2.90079     20.515    33.2695    25.6785 -9.990e-29
 270.525839     20.690  35.980501     9.5327    2.93236     20.516    33.2693    25.6782 -9.990e-29
 270.525845     20.680  35.981541     9.5324    2.96341     20.506    33.2706    25.6793 -9.990e-29
 270.525851     20.652  35.982452     9.5301    2.98874     20.479    33.2737    25.6821 -9.990e-29
 270.525856     20.615  35.983253     9.5272    3.01196     20.442    33.2772    25.6853 -9.990e-29
 270.525862     20.582  35.983821     9.5250    3.03223     20.409    33.2799    25.6877 -9.990e-29
 270.525868     20.565  35.984282     9.5238    3.05794     20.392    33.2815    25.6892 -9.990e-29
 270.525874     20.566  35.984616     9.5240    3.06877     20.393    33.2816    25.6893 -9.990e-29
 270.525880     20.581  35.984637     9.5271    3.08293     20.408    33.2788    25.6865 -9.990e-29
 270.525885     20.608  35.984862     9.5328    3.10547     20.435    33.2737    25.6816 -9.990e-29
 270.525891     20.643  35.985517     9.5381    3.12437     20.470    33.2694    25.6774 -9.990e-29
 270.525897     20.676  35.986282     9.5399    3.14597     20.502    33.2685    25.6764 -9.990e-29
 270.525903     20.697  35.986985     9.5383    3.16414     20.523    33.2707    25.6784 -9.990e-29
 270.525909     20.701  35.987369     9.5357    3.17341     20.527    33.2735    25.6810 -9.990e-29
 270.525914     20.690  35.987312     9.5330    3.19994     20.516    33.2760    25.6834 -9.990e-29
 270.525920     20.668  35.987228     9.5301    3.19997     20.494    33.2786    25.6859 -9.990e-29
 270.525926     20.644  35.987493     9.5275    3.20924     20.471    33.2813    25.6884 -9.990e-29
 270.525932     20.632  35.987828     9.5256    3.21464     20.459    33.2834    25.6904 -9.990e-29
 270.525938     20.638  35.988047     9.5244    3.22542     20.465    33.2847    25.6916 -9.990e-29
 270.525943     20.667  35.988372     9.5253    3.25038     20.493    33.2842    25.6911 -9.990e-29
 270.525949     20.713  35.988603     9.5286    3.26195     20.539    33.2814    25.6883 -9.990e-29
 270.525955     20.766  35.988412     9.5321    3.28996     20.592    33.2779    25.6851 -9.990e-29
 270.525961     20.819  35.988034     9.5348    3.30213     20.644    33.2750    25.6823 -9.990e-29
 270.525966     20.861  35.987652     9.5364    3.32197     20.686    33.2731    25.6806 -9.990e-29
 270.525972     20.876  35.987284     9.5363    3.33669     20.701    33.2728    25.6804 -9.990e-29
 270.525978     20.865  35.987173     9.5352    3.33885     20.690    33.2737    25.6813 -9.990e-29
 270.525984     20.837  35.987166     9.5342    3.34495     20.662    33.2746    25.6822 -9.990e-29
 270.525990     20.801  35.986892     9.5334    3.34147     20.626    33.2751    25.6827 -9.990e-29
 270.525995     20.774  35.986564     9.5328    3.35823     20.600    33.2754    25.6829 -9.990e-29
 270.526001     20.761  35.986320     9.5325    3.36604     20.587    33.2754    25.6830 -9.990e-29
 270.526007     20.754  35.985850     9.5324    3.37283     20.580    33.2750    25.6827 -9.990e-29
 270.526013     20.743  35.985102     9.5324    3.38774     20.569    33.2742    25.6821 -9.990e-29
 270.526019     20.732  35.984214     9.5319    3.40018     20.558    33.2738    25.6819 -9.990e-29
 270.526024     20.724  35.983138     9.5304    3.42054     20.550    33.2741    25.6823 -9.990e-29
 270.526030     20.720  35.982138     9.5291    3.43127     20.546    33.2743    25.6827 -9.990e-29
 270.526036     20.718  35.981577     9.5289    3.45209     20.544    33.2739    25.6824 -9.990e-29
 270.526042     20.719  35.981281     9.5292    3.46910     20.545    33.2733    25.6819 -9.990e-29
 270.526047     20.722  35.980871     9.5296    3.48474     20.548    33.2725    25.6812 -9.990e-29
 270.526053     20.729  35.980376     9.5305    3.49193     20.555    33.2711    25.6800 -9.990e-29
 270.526059     20.739  35.980271     9.5317    3.50839     20.565    33.2699    25.6789 -9.990e-29
 270.526065     20.753  35.980432     9.5327    3.52331     20.579    33.2692    25.6781 -9.990e-29
 270.526071     20.768  35.980528     9.5328    3.53804     20.594    33.2692    25.6781 -9.990e-29
 270.526076     20.776  35.980700     9.5318    3.54478     20.602    33.2703    25.6791 -9.990e-29
 270.526082     20.777  35.980632     9.5297    3.55013     20.603    33.2721    25.6809 -9.990e-29
 270.526088     20.781  35.980246     9.5262    3.55176     20.607    33.2750    25.6837 -9.990e-29
 270.526094     20.791  35.980165     9.5222    3.55037     20.616    33.2786    25.6872 -9.990e-29
 270.526100     20.804  35.980297     9.5199    3.54978     20.629    33.2809    25.6894 -9.990e-29
 270.526105     20.813  35.980269     9.5194    3.56243     20.638    33.2813    25.6898 -9.990e-29
 270.526111     20.808  35.980059     9.5184    3.55821     20.633    33.2820    25.6905 -9.990e-29
 270.526117     20.787  35.979400     9.5166    3.55573     20.612    33.2830    25.6916 -9.990e-29
 270.526123     20.756  35.978550     9.5152    3.55189     20.582    33.2835    25.6921 -9.990e-29
 270.526128     20.729  35.978072     9.5144    3.54786     20.555    33.2837    25.6925 -9.990e-29
 270.526134     20.719  35.977904     9.5142    3.55454     20.545    33.2837    25.6925 -9.990e-29
 270.526140     20.724  35.977838     9.5143    3.55003     20.550    33.2836    25.6924 -9.990e-29
 270.526146     20.737  35.977801     9.5146    3.55187     20.563    33.2833    25.6921 -9.990e-29
 270.526152     20.754  35.977756     9.5152    3.55721     20.580    33.2826    25.6915 -9.990e-29
 270.526157     20.776  35.977658     9.5166    3.56521     20.602    33.2812    25.6902 -9.990e-29
 270.526163     20.803  35.977392     9.5195    3.58946     20.628    33.2783    25.6874 -9.990e-29
 270.526169     20.835  35.977178     9.5229    3.59921     20.660    33.2749    25.6842 -9.990e-29
 270.526175     20.860  35.977307     9.5244    3.61344     20.685    33.2736    25.6829 -9.990e-29
 270.526181     20.866  35.977405     9.5240    3.61841     20.691    33.2741    25.6834 -9.990e-29
 270.526186     20.855  35.977055     9.5233    3.61824     20.680    33.2744    25.6837 -9.990e-29
 270.526192     20.834  35.976367     9.5230    3.63227     20.659    33.2739    25.6834 -9.990e-29
 270.526198     20.810  35.975560     9.5232    3.63814     20.635    33.2729    25.6826 -9.990e-29
 270.526204     20.790  35.974696     9.5235    3.64784     20.615    33.2718    25.6817 -9.990e-29
 270.526209     20.777  35.973758     9.5237    3.65404     20.603    33.2706    25.6807 -9.990e-29
 270.526215     20.767  35.972631     9.5236    3.66744     20.593    33.2696    25.6799 -9.990e-29
 270.526221     20.754  35.971512     9.5236    3.67752     20.580    33.2684    25.6790 -9.990e-29
 270.526227     20.741  35.970603     9.5239    3.69388     20.567    33.2672    25.6780 -9.990e-29
 270.526233     20.733  35.969829     9.5243    3.70115     20.559    33.2661    25.6771 -9.990e-29
 270.526238     20.728  35.969295     9.5243    3.69764     20.554    33.2655    25.6766 -9.990e-29
 270.526244     20.727  35.968865     9.5239    3.70923     20.553    33.2654    25.6766 -9.990e-29
 270.526250     20.729  35.968540     9.5231    3.71535     20.555    33.2658    25.6771 -9.990e-29
 270.526256     20.739  35.968463     9.5219    3.71651     20.565    33.2669    25.6781 -9.990e-29
 270.526262     20.761  35.967987     9.5200    3.71631     20.587    33.2681    25.6794 -9.990e-29
 270.526267     20.788  35.967050     9.5170    3.73238     20.613    33.2699    25.6813 -9.990e-29
 270.526273     20.810  35.966660     9.5137    3.73708     20.635    33.2726    25.6839 -9.990e-29
 270.526279     20.824  35.966873     9.5123    3.74006     20.649    33.2741    25.6853 -9.990e-29
 270.526285     20.829  35.966863     9.5137    3.73611     20.654    33.2728    25.6841 -9.990e-29
 270.526291     20.832  35.966634     9.5162    3.73431     20.657    33.2702    25.6816 -9.990e-29
 270.526296     20.840  35.966454     9.5176    3.73126     20.665    33.2688    25.6803 -9.990e-29
 270.526302     20.854  35.966101     9.5172    3.73931     20.679    33.2688    25.6803 -9.990e-29
 270.526308     20.867  35.965677     9.5158    3.74970     20.692    33.2696    25.6812 -9.990e-29
 270.526314     20.870  35.965194     9.5151    3.75053     20.695    33.2698    25.6815 -9.990e-29
 270.526319     20.856  35.964580     9.5161    3.75351     20.681    33.2682    25.6801 -9.990e-29
 270.526325     20.824  35.964153     9.5183    3.75551     20.649    33.2657    25.6778 -9.990e-29
 270.526331     20.784  35.963919     9.5204    3.76114     20.610    33.2636    25.6758 -9.990e-29
 270.526337     20.750  35.963583     9.5215    3.76183     20.576    33.2622    25.6745 -9.990e-29
 270.526343     20.735  35.963273     9.5219    3.75824     20.561    33.2615    25.6739 -9.990e-29
 270.526348     20.740  35.963153     9.5220    3.75099     20.566    33.2613    25.6737 -9.990e-29
 270.526354     20.762  35.963077     9.5216    3.74455     20.588    33.2616    25.6740 -9.990e-29
 270.526360     20.793  35.962961     9.5204    3.74387     20.618    33.2626    25.6750 -9.990e-29
 270.526366     20.828  35.962662     9.5189    3.75866     20.653    33.2637    25.6761 -9.990e-29
 270.526372     20.859  35.962356     9.5176    3.76228     20.684    33.2645    25.6770 -9.990e-29
 270.526377     20.886  35.962209     9.5172    3.77056     20.711    33.2647    25.6772 -9.990e-29
 270.526383     20.904  35.962041     9.5177    3.77809     20.728    33.2641    25.6766 -9.990e-29
 270.526389     20.907  35.961641     9.5186    3.77335     20.731    33.2628    25.6755 -9.990e-29
 270.526395     20.894  35.961051     9.5196    3.77320     20.719    33.2613    25.6741 -9.990e-29
