data/oxygen options/ONMS/Olympic_Coast_National_Marine_Sanctuary_CTD_Data_2005_2023/raw_data/2006/CTD_TH042_050306faedb.cnv
* Sea-Bird SBE19 Data File:
* FileName = C:\MOORING_DATA_2006\CTD_TH042_050306.hex
* Software Version 1.1.6
* Temperature SN = 2997
* Conductivity SN = 2997
* System UpLoad Time = May 03 2006 09:39:22
** TH042_FLUOROMETER COMPARISON
**
# nquan = 9
# nvalues = 32                          
# units = specified
# name 0 = timeJ: Julian Days
# name 1 = prSM: Pressure, Strain Gauge [db]
# name 2 = c0mS/cm: Conductivity [mS/cm]
# name 3 = t090C: Temperature [ITS-90, deg C]
# name 4 = oxML/L: Oxygen, Beckman/YSI [ml/l]
# name 5 = depSM: Depth [salt water, m], lat = 47.5
# name 6 = sal00: Salinity, Practical [PSU]
# name 7 = sigma-é00: Density [sigma-theta, kg/m^3]
# name 8 = flag: flag
# span 0 =   2.772300, 123.382170       
# span 1 =      0.135,     36.000       
# span 2 =   0.795855,  35.424318       
# span 3 =     0.2080,     9.2244       
# span 4 =    0.11860,    5.26016       
# span 5 =      0.134,     35.697       
# span 6 =     0.7405,    33.5907       
# span 7 =     0.5724,    26.1306       
# span 8 = 0.0000e+00, 0.0000e+00       
# interval = decibars: 1                
# start_time = May 03 2006 09:06:04 [Instrument's time stamp, header]
# bad_flag = -9.990e-29
*END*
   2.772300      1.000   0.795855     0.2080    0.11860      0.134     0.7405     0.5724 0.0000e+00
 122.961626      6.000  35.299097     9.2244    5.26016      5.950    32.8417    25.3892 0.0000e+00
 123.381763      7.000  35.413658     9.1947    5.07245      6.942    33.0037    25.5246 0.0000e+00
 123.381778      8.000  35.423120     9.1670    4.97730      7.933    33.0388    25.5565 0.0000e+00
 123.381790      9.000  35.424318     9.1481    4.93309      8.925    33.0570    25.5738 0.0000e+00
 123.381802     10.000  35.413130     9.1276    4.86368      9.916    33.0641    25.5825 0.0000e+00
 123.381813     11.000  35.400357     9.1001    4.75916     10.908    33.0759    25.5961 0.0000e+00
 123.381825     12.000  35.387861     9.0592    4.61659     11.899    33.1005    25.6218 0.0000e+00
 123.381835     13.000  35.366767     8.9978    4.40396     12.891    33.1352    25.6586 0.0000e+00
 123.381846     14.000  35.330271     8.9236    4.13723     13.883    33.1660    25.6944 0.0000e+00
 123.381858     15.000  35.294950     8.8550    3.79959     14.874    33.1928    25.7260 0.0000e+00
 123.381867     16.000  35.264917     8.7475    3.48668     15.866    33.2618    25.7967 0.0000e+00
 123.381879     17.000  35.233886     8.6012    3.30556     16.857    33.3664    25.9012 0.0000e+00
 123.381891     18.000  35.218222     8.5202    3.21016     17.849    33.4261    25.9604 0.0000e+00
 123.381903     19.000  35.197520     8.4424    3.19707     18.841    33.4777    26.0126 0.0000e+00
 123.381915     20.000  35.177247     8.4058    3.20006     19.832    33.4906    26.0283 0.0000e+00
 123.381926     21.000  35.167012     8.3904    3.19476     20.824    33.4940    26.0333 0.0000e+00
 123.381939     22.000  35.163398     8.3782    3.19111     21.815    33.5013    26.0409 0.0000e+00
 123.381951     23.000  35.163198     8.3738    3.19274     22.807    33.5048    26.0444 0.0000e+00
 123.381965     24.000  35.161231     8.3666    3.18763     23.798    33.5091    26.0488 0.0000e+00
 123.381977     25.000  35.158633     8.3625    3.18241     24.790    33.5098    26.0500 0.0000e+00
 123.381989     26.000  35.158080     8.3623    3.17232     25.781    33.5089    26.0493 0.0000e+00
 123.382002     27.000  35.157553     8.3588    3.15064     26.773    33.5112    26.0517 0.0000e+00
 123.382015     28.000  35.153594     8.3487    3.15259     27.764    33.5162    26.0571 0.0000e+00
 123.382030     29.000  35.153471     8.3455    3.14542     28.756    33.5187    26.0595 0.0000e+00
 123.382048     30.000  35.153770     8.3430    3.12825     29.747    33.5209    26.0617 0.0000e+00
 123.382064     31.000  35.148410     8.3319    3.10089     30.739    33.5253    26.0668 0.0000e+00
 123.382080     32.000  35.142849     8.3179    3.06529     31.730    33.5323    26.0744 0.0000e+00
 123.382096     33.000  35.134173     8.2993    3.04577     32.722    33.5403    26.0836 0.0000e+00
 123.382117     34.000  35.135018     8.2954    3.04049     33.713    33.5445    26.0875 0.0000e+00
 123.382145     35.000  35.134924     8.2722    2.96360     34.705    33.5661    26.1079 0.0000e+00
 123.382170     36.000  35.138149     8.2495    2.96173     35.697    33.5907    26.1306 0.0000e+00
