data/oxygen options/ONMS/Olympic_Coast_National_Marine_Sanctuary_CTD_Data_2005_2023/raw_data/2006/CTD_CE042_100306faedb.cnv
* Sea-Bird SBE19 Data File:
* FileName = C:\MOORING_DATA_2006\CTD_CE042_100306.hex
* Software Version 1.1.6
* Temperature SN = 2997
* Conductivity SN = 2997
* System UpLoad Time = Oct 03 2006 12:06:38
* SEACAT PROFILER V3.1c SN 2997   10/03/06  12:07:51.303
* strain gauge pressure sensor: S/N = 184829,  range = 3000 psia,  tc = 40
# nquan = 9
# nvalues = 40                          
# units = specified
# name 0 = timeJ: Julian Days
# name 1 = prSM: Pressure, Strain Gauge [db]
# name 2 = c0mS/cm: Conductivity [mS/cm]
# name 3 = t090C: Temperature [ITS-90, deg C]
# name 4 = oxML/L: Oxygen, Beckman/YSI [ml/l]
# name 5 = depSM: Depth [salt water, m], lat = 47.5
# name 6 = sal00: Salinity, Practical [PSU]
# name 7 = sigma-é00: Density [sigma-theta, kg/m^3]
# name 8 = flag: flag
# span 0 = 276.493683, 276.494395       
# span 1 =      3.000,     42.000       
# span 2 =  34.980164,  36.835737       
# span 3 =     7.9089,    11.0313       
# span 4 =    1.63164,    5.59615       
# span 5 =      2.975,     41.645       
# span 6 =    32.7285,    33.7477       
# span 7 =    25.0016,    26.3043       
# span 8 = 0.0000e+00, 0.0000e+00       
# interval = decibars: 1                
# start_time = Oct 03 2006 11:47:21 [Instrument's time stamp, header]
# bad_flag = -9.990e-29
*END*
 276.493683      3.000  36.787792    11.0313    5.59615      2.975    32.7285    25.0016 0.0000e+00
 276.493702      4.000  36.835737    11.0062    5.39741      3.967    32.7979    25.0600 0.0000e+00
 276.493720      5.000  36.788343    10.9320    5.14507      4.958    32.8168    25.0879 0.0000e+00
 276.493738      6.000  36.706240    10.7705    4.91185      5.950    32.8796    25.1651 0.0000e+00
 276.493756      7.000  36.654761    10.6209    4.74121      6.942    32.9627    25.2559 0.0000e+00
 276.493773      8.000  36.657272    10.5355    4.57817      7.933    33.0421    25.3325 0.0000e+00
 276.493789      9.000  36.602263    10.3862    4.35676      8.925    33.1221    25.4206 0.0000e+00
 276.493808     10.000  36.468340    10.2162    4.17015      9.917    33.1417    25.4649 0.0000e+00
 276.493826     11.000  36.367078    10.0002    4.01728     10.908    33.2368    25.5755 0.0000e+00
 276.493843     12.000  36.259413     9.8592    4.02600     11.900    33.2566    25.6145 0.0000e+00
 276.493860     13.000  36.242953     9.8386    4.04834     12.891    33.2585    25.6194 0.0000e+00
 276.493877     14.000  36.239635     9.8318    3.95989     13.883    33.2608    25.6224 0.0000e+00
 276.493895     15.000  36.216553     9.8037    3.72673     14.874    33.2629    25.6286 0.0000e+00
 276.493914     16.000  36.091674     9.6099    3.45853     15.866    33.3140    25.7004 0.0000e+00
 276.493930     17.000  35.908802     9.3456    3.25012     16.858    33.3711    25.7881 0.0000e+00
 276.493947     18.000  35.792156     9.1956    3.07039     17.849    33.3903    25.8270 0.0000e+00
 276.493965     19.000  35.603860     8.9311    2.97299     18.841    33.4422    25.9095 0.0000e+00
 276.493984     20.000  35.481535     8.8021    2.93430     19.832    33.4355    25.9244 0.0000e+00
 276.494003     21.000  35.443036     8.7455    2.92814     20.824    33.4481    25.9431 0.0000e+00
 276.494020     22.000  35.403261     8.6872    2.91215     21.815    33.4611    25.9622 0.0000e+00
 276.494038     23.000  35.388244     8.6745    2.92015     22.807    33.4567    25.9608 0.0000e+00
 276.494056     24.000  35.370734     8.6233    2.90282     23.798    33.4863    25.9919 0.0000e+00
 276.494073     25.000  35.332988     8.5895    2.90210     24.790    33.4782    25.9907 0.0000e+00
 276.494091     26.000  35.310356     8.5513    2.89464     25.781    33.4902    26.0059 0.0000e+00
 276.494109     27.000  35.274289     8.5226    2.88842     26.773    33.4789    26.0015 0.0000e+00
 276.494127     28.000  35.244375     8.4734    2.84329     27.765    33.4935    26.0205 0.0000e+00
 276.494144     29.000  35.205364     8.4296    2.63546     28.756    33.4935    26.0271 0.0000e+00
 276.494162     30.000  35.161483     8.3092    2.13685     29.748    33.5613    26.0985 0.0000e+00
 276.494179     31.000  35.045412     8.0994    1.86450     30.739    33.6382    26.1901 0.0000e+00
 276.494199     32.000  35.010979     8.0029    1.72591     31.730    33.6938    26.2481 0.0000e+00
 276.494217     33.000  34.990902     7.9475    1.69593     32.722    33.7253    26.2809 0.0000e+00
 276.494234     34.000  34.985244     7.9291    1.69272     33.713    33.7365    26.2924 0.0000e+00
 276.494252     35.000  34.984203     7.9263    1.68157     34.705    33.7376    26.2938 0.0000e+00
 276.494271     36.000  34.982971     7.9209    1.68109     35.697    33.7410    26.2972 0.0000e+00
 276.494291     37.000  34.982664     7.9187    1.66060     36.688    33.7424    26.2986 0.0000e+00
 276.494314     38.000  34.981719     7.9168    1.64730     37.679    33.7427    26.2992 0.0000e+00
 276.494336     39.000  34.985690     7.9164    1.64383     38.671    33.7468    26.3025 0.0000e+00
 276.494354     40.000  34.980164     7.9089    1.64428     39.662    33.7477    26.3043 0.0000e+00
 276.494372     41.000  34.980416     7.9104    1.63683     40.654    33.7461    26.3028 0.0000e+00
 276.494395     42.000  34.980244     7.9118    1.63164     41.645    33.7441    26.3010 0.0000e+00
