data/oxygen options/ONMS/Olympic_Coast_National_Marine_Sanctuary_CTD_Data_2005_2023/raw_data/2006/CTD_KL027_080706faedb.cnv
* Sea-Bird SBE19 Data File:
* FileName = C:\MOORING_DATA_2006\CTD_KL027_080706.hex
* Software Version 1.1.6
* Temperature SN = 2997
* Conductivity SN = 2997
* System UpLoad Time = Aug 07 2006 14:19:26
* SEACAT PROFILER V3.1c SN 2997   08/07/06  14:18:50.356
* strain gauge pressure sensor: S/N = 184829,  range = 3000 psia,  tc = 40
# nquan = 9
# nvalues = 25                          
# units = specified
# name 0 = timeJ: Julian Days
# name 1 = prSM: Pressure, Strain Gauge [db]
# name 2 = c0mS/cm: Conductivity [mS/cm]
# name 3 = t090C: Temperature [ITS-90, deg C]
# name 4 = oxML/L: Oxygen, Beckman/YSI [ml/l]
# name 5 = depSM: Depth [salt water, m], lat = 47.5
# name 6 = sal00: Salinity, Practical [PSU]
# name 7 = sigma-é00: Density [sigma-theta, kg/m^3]
# name 8 = flag: flag
# span 0 = 219.581243, 219.581577       
# span 1 =      3.000,     27.000       
# span 2 =  34.745170,  36.275965       
# span 3 =     7.6512,     9.8309       
# span 4 =    2.24396,    7.04429       
# span 5 =      2.975,     26.773       
# span 6 =    33.3037,    33.7512       
# span 7 =    25.6558,    26.3442       
# span 8 = 0.0000e+00, 0.0000e+00       
# interval = decibars: 1                
# start_time = Aug 07 2006 13:53:05 [Instrument's time stamp, header]
# bad_flag = -9.990e-29
*END*
 219.581243      3.000  36.275965     9.8309    7.04429      2.975    33.3037    25.6558 0.0000e+00
 219.581263      4.000  36.181163     9.6541    6.74195      3.967    33.3701    25.7368 0.0000e+00
 219.581276      5.000  36.046554     9.4581    6.19696      4.958    33.4138    25.8029 0.0000e+00
 219.581289      6.000  35.814039     9.1460    5.53197      5.949    33.4649    25.8931 0.0000e+00
 219.581300      7.000  35.579721     8.8994    5.10149      6.941    33.4525    25.9223 0.0000e+00
 219.581311      8.000  35.427070     8.7606    4.85637      7.933    33.4231    25.9209 0.0000e+00
 219.581322      9.000  35.345627     8.6775    4.70867      8.925    33.4156    25.9279 0.0000e+00
 219.581334     10.000  35.291812     8.6182    4.55694      9.917    33.4147    25.9363 0.0000e+00
 219.581346     11.000  35.226696     8.5284    4.41841     10.907    33.4307    25.9626 0.0000e+00
 219.581358     12.000  35.172674     8.4679    4.34765     11.899    33.4305    25.9716 0.0000e+00
 219.581370     13.000  35.185487     8.4750    4.25397     12.891    33.4369    25.9756 0.0000e+00
 219.581382     14.000  35.189937     8.4506    3.98533     13.883    33.4643    26.0008 0.0000e+00
 219.581394     15.000  35.137638     8.3619    3.66847     14.874    33.4928    26.0366 0.0000e+00
 219.581405     16.000  35.044164     8.2450    3.30393     15.866    33.5046    26.0635 0.0000e+00
 219.581417     17.000  34.949542     8.0997    2.96426     16.857    33.5423    26.1147 0.0000e+00
 219.581429     18.000  34.842095     7.9723    2.77658     17.849    33.5493    26.1389 0.0000e+00
 219.581442     19.000  34.806051     7.8970    2.64961     18.841    33.5826    26.1760 0.0000e+00
 219.581455     20.000  34.792179     7.8395    2.56145     19.832    33.6225    26.2158 0.0000e+00
 219.581467     21.000  34.774285     7.7928    2.50819     20.824    33.6478    26.2425 0.0000e+00
 219.581480     22.000  34.766191     7.7636    2.43262     21.815    33.6669    26.2617 0.0000e+00
 219.581492     23.000  34.758030     7.7260    2.32248     22.807    33.6940    26.2885 0.0000e+00
 219.581504     24.000  34.750637     7.6802    2.26459     23.798    33.7299    26.3233 0.0000e+00
 219.581518     25.000  34.747005     7.6577    2.24396     24.790    33.7473    26.3402 0.0000e+00
 219.581533     26.000  34.745170     7.6512    2.25300     25.781    33.7512    26.3442 0.0000e+00
 219.581577     27.000  34.750010     7.6592    2.24617     26.773    33.7482    26.3408 0.0000e+00
