data/oxygen options/ONMS/Olympic_Coast_National_Marine_Sanctuary_CTD_Data_2005_2023/raw_data/2006/CTD_TH042_100206faedb.cnv
* Sea-Bird SBE19 Data File:
* FileName = C:\MOORING_DATA_2006\CTD_TH042_100206.hex
* Software Version 1.1.6
* Temperature SN = 2997
* Conductivity SN = 2997
* System UpLoad Time = Oct 02 2006 18:03:38
* SEACAT PROFILER V3.1c SN 2997   10/02/06  18:04:35.284
* strain gauge pressure sensor: S/N = 184829,  range = 3000 psia,  tc = 40
# nquan = 9
# nvalues = 42                          
# units = specified
# name 0 = timeJ: Julian Days
# name 1 = prSM: Pressure, Strain Gauge [db]
# name 2 = c0mS/cm: Conductivity [mS/cm]
# name 3 = t090C: Temperature [ITS-90, deg C]
# name 4 = oxML/L: Oxygen, Beckman/YSI [ml/l]
# name 5 = depSM: Depth [salt water, m], lat = 47.5
# name 6 = sal00: Salinity, Practical [PSU]
# name 7 = sigma-é00: Density [sigma-theta, kg/m^3]
# name 8 = flag: flag
# span 0 = 275.741166, 275.741906       
# span 1 =      3.000,     44.000       
# span 2 =  34.949043,  37.092674       
# span 3 =     7.7810,    11.2358       
# span 4 =    0.49904,    5.80267       
# span 5 =      2.975,     43.628       
# span 6 =    32.8472,    33.8411       
# span 7 =    25.0575,    26.3962       
# span 8 = 0.0000e+00, 0.0000e+00       
# interval = decibars: 1                
# start_time = Oct 02 2006 17:42:56 [Instrument's time stamp, header]
# bad_flag = -9.990e-29
*END*
 275.741166      3.000  37.092674    11.2358    5.79306      2.975    32.8472    25.0575 0.0000e+00
 275.741189      4.000  37.071548    11.1829    5.76667      3.966    32.8731    25.0872 0.0000e+00
 275.741208      5.000  37.054030    11.1416    5.80267      4.958    32.8924    25.1095 0.0000e+00
 275.741225      6.000  37.040891    11.1137    5.44356      5.950    32.9039    25.1235 0.0000e+00
 275.741241      7.000  37.001477    11.0397    4.84827      6.941    32.9307    25.1575 0.0000e+00
 275.741258      8.000  36.756714    10.6032    4.30067      7.933    33.0803    25.3505 0.0000e+00
 275.741274      9.000  36.244833    10.0483    4.14464      8.925    33.0694    25.4368 0.0000e+00
 275.741291     10.000  36.137956     9.9220    4.21640      9.916    33.0760    25.4630 0.0000e+00
 275.741308     11.000  36.123386     9.8908    4.10676     10.908    33.0893    25.4786 0.0000e+00
 275.741326     12.000  36.110800     9.8426    3.72432     11.899    33.1203    25.5108 0.0000e+00
 275.741343     13.000  35.946817     9.4696    3.42197     12.891    33.2968    25.7097 0.0000e+00
 275.741358     14.000  35.589355     9.0314    3.35080     13.883    33.3351    25.8099 0.0000e+00
 275.741374     15.000  35.387717     8.8508    3.35284     14.874    33.2937    25.8057 0.0000e+00
 275.741391     16.000  35.369671     8.8164    3.35503     15.866    33.3067    25.8213 0.0000e+00
 275.741411     17.000  35.375738     8.7939    3.27913     16.857    33.3338    25.8459 0.0000e+00
 275.741431     18.000  35.378685     8.7540    3.07958     17.849    33.3739    25.8836 0.0000e+00
 275.741448     19.000  35.393080     8.7168    2.73425     18.840    33.4237    25.9284 0.0000e+00
 275.741463     20.000  35.433002     8.6914    2.42146     19.832    33.4892    25.9836 0.0000e+00
 275.741479     21.000  35.412769     8.6016    2.20158     20.824    33.5527    26.0471 0.0000e+00
 275.741498     22.000  35.293098     8.4820    2.12633     21.815    33.5396    26.0552 0.0000e+00
 275.741522     23.000  35.298828     8.4125    1.64956     22.807    33.6116    26.1222 0.0000e+00
 275.741542     24.000  35.103862     8.1025    1.14575     23.798    33.7008    26.2388 0.0000e+00
 275.741559     25.000  35.046345     7.9794    0.95111     24.790    33.7576    26.3016 0.0000e+00
 275.741575     26.000  35.013170     7.9100    0.84985     25.782    33.7887    26.3361 0.0000e+00
 275.741591     27.000  34.991925     7.8577    0.73088     26.773    33.8162    26.3654 0.0000e+00
 275.741608     28.000  34.973012     7.8275    0.68122     27.764    33.8246    26.3764 0.0000e+00
 275.741626     29.000  34.966435     7.8122    0.62711     28.756    33.8319    26.3844 0.0000e+00
 275.741646     30.000  34.955528     7.8048    0.60091     29.747    33.8268    26.3815 0.0000e+00
 275.741664     31.000  34.952178     7.7935    0.60289     30.739    33.8337    26.3886 0.0000e+00
 275.741680     32.000  34.951076     7.7855    0.57944     31.731    33.8398    26.3946 0.0000e+00
 275.741695     33.000  34.951149     7.7861    0.57255     32.722    33.8388    26.3937 0.0000e+00
 275.741712     34.000  34.951257     7.7860    0.56120     33.714    33.8386    26.3935 0.0000e+00
 275.741731     35.000  34.950289     7.7841    0.54456     34.705    33.8389    26.3941 0.0000e+00
 275.741753     36.000  34.955424     7.7870    0.53352     35.696    33.8411    26.3954 0.0000e+00
 275.741773     37.000  34.950499     7.7811    0.53147     36.688    33.8410    26.3962 0.0000e+00
 275.741790     38.000  34.949043     7.7810    0.51512     37.679    33.8392    26.3948 0.0000e+00
 275.741807     39.000  34.949620     7.7814    0.51488     38.671    33.8389    26.3945 0.0000e+00
 275.741825     40.000  34.950764     7.7820    0.51110     39.662    33.8391    26.3946 0.0000e+00
 275.741845     41.000  34.950960     7.7824    0.50914     40.654    33.8383    26.3940 0.0000e+00
 275.741864     42.000  34.950987     7.7819    0.50047     41.645    33.8384    26.3941 0.0000e+00
 275.741883     43.000  34.951761     7.7830    0.50009     42.637    33.8377    26.3934 0.0000e+00
 275.741906     44.000  34.953358     7.7855    0.49904     43.628    33.8365    26.3921 0.0000e+00
