data/oxygen options/ONMS/Olympic_Coast_National_Marine_Sanctuary_CTD_Data_2005_2023/raw_data/2006/CTD_TH042_050306faed.cnv
* Sea-Bird SBE19 Data File:
* FileName = C:\MOORING_DATA_2006\CTD_TH042_050306.hex
* Software Version 1.1.6
* Temperature SN = 2997
* Conductivity SN = 2997
* System UpLoad Time = May 03 2006 09:39:22
** TH042_FLUOROMETER COMPARISON
**
# nquan = 9                                 
# nvalues = 2000                        
# units = specified
# name 0 = timeJ: Julian Days
# name 1 = prSM: Pressure, Strain Gauge [db]
# name 2 = c0mS/cm: Conductivity [mS/cm]
# name 3 = t090C: Temperature [ITS-90, deg C]
# name 4 = oxML/L: Oxygen, Beckman/YSI [ml/l]
# name 5 = depSM: Depth [salt water, m], lat = 47.5
# name 6 = sal00: Salinity, Practical [PSU]
# name 7 = sigma-é00: Density [sigma-theta, kg/m^3]
# name 8 = flag: flag
# span 0 = 123.379213, 123.390781       
# span 1 =     -4.598,     36.033       
# span 2 =   0.029919,  35.780663       
# span 3 =     8.2511,    12.8452       
# span 4 =  -12.15536,   41.73231       
# span 5 =     -4.560,     35.729       
# span 6 =     0.0215,    33.5924       
# span 7 =    -0.5845,    26.1316       
# span 8 = 0.0000e+00, 0.0000e+00       
# interval = seconds: 0.5
# start_time = May 03 2006 09:06:04 [Instrument's time stamp, header]
# bad_flag = -9.990e-29
*END*
[from data line 961]
 123.384774     31.800  35.123184     8.2676    2.95068     31.532    33.5595    26.1034 -9.990e-29
 123.384780     31.807  35.123199     8.2656    2.94861     31.539    33.5615    26.1052 -9.990e-29
 123.384786     31.795  35.123582     8.2650    2.95726     31.527    33.5624    26.1060 -9.990e-29
 123.384792     31.763  35.123726     8.2659    2.97054     31.495    33.5618    26.1054 -9.990e-29
 123.384797     31.716  35.123451     8.2675    2.97036     31.449    33.5600    26.1037 -9.990e-29
 123.384803     31.656  35.122954     8.2701    2.98116     31.389    33.5570    26.1010 -9.990e-29
 123.384809     31.606  35.122328     8.2730    2.98670     31.340    33.5536    26.0979 -9.990e-29
 123.384815     31.591  35.121868     8.2750    2.98399     31.325    33.5512    26.0957 -9.990e-29
 123.384821     31.616  35.121714     8.2761    2.97342     31.350    33.5499    26.0946 -9.990e-29
 123.384826     31.669  35.121666     8.2765    2.96505     31.402    33.5495    26.0941 -9.990e-29
 123.384832     31.735  35.121665     8.2757    2.97027     31.468    33.5502    26.0948 -9.990e-29
 123.384838     31.799  35.121710     8.2746    2.97362     31.531    33.5513    26.0958 -9.990e-29
 123.384844     31.846  35.121866     8.2744    2.97836     31.578    33.5516    26.0961 -9.990e-29
 123.384850     31.876  35.121781     8.2745    2.97654     31.608    33.5514    26.0960 -9.990e-29
 123.384855     31.891  35.121346     8.2743    2.97231     31.622    33.5511    26.0958 -9.990e-29
 123.384861     31.891  35.121106     8.2742    2.98060     31.622    33.5510    26.0957 -9.990e-29
 123.384867     31.877  35.121307     8.2743    2.98352     31.609    33.5511    26.0957 -9.990e-29
 123.384873     31.852  35.121661     8.2744    2.98329     31.584    33.5514    26.0960 -9.990e-29
 123.384878     31.823  35.121521     8.2749    2.97220     31.555    33.5508    26.0954 -9.990e-29
 123.384884     31.800  35.120706     8.2755    2.96672     31.532    33.5494    26.0942 -9.990e-29
 123.384890     31.791  35.119819     8.2758    2.97546     31.523    33.5481    26.0932 -9.990e-29
 123.384896     31.792  35.119362     8.2757    2.97015     31.524    33.5477    26.0929 -9.990e-29
 123.384902     31.797  35.119293     8.2753    2.97228     31.529    33.5481    26.0932 -9.990e-29
 123.384907     31.804  35.119521     8.2753    2.97046     31.536    33.5483    26.0934 -9.990e-29
 123.384913     31.807  35.119796     8.2752    2.96781     31.539    33.5487    26.0937 -9.990e-29
 123.384919     31.816  35.119927     8.2741    2.96378     31.548    33.5499    26.0948 -9.990e-29
 123.384925     31.841  35.120094     8.2724    2.96168     31.573    33.5517    26.0965 -9.990e-29
 123.384931     31.869  35.120524     8.2713    2.97073     31.601    33.5531    26.0978 -9.990e-29
 123.384936     31.881  35.121232     8.2717    2.97466     31.612    33.5535    26.0980 -9.990e-29
 123.384942     31.869  35.121481     8.2729    2.96962     31.601    33.5526    26.0972 -9.990e-29
 123.384948     31.841  35.121046     8.2737    2.96567     31.573    33.5514    26.0961 -9.990e-29
 123.384954     31.817  35.120473     8.2734    2.97061     31.549    33.5511    26.0959 -9.990e-29
 123.384959     31.813  35.120126     8.2726    2.96521     31.545    33.5515    26.0963 -9.990e-29
 123.384965     31.827  35.120109     8.2715    2.97627     31.559    33.5525    26.0973 -9.990e-29
 123.384971     31.849  35.120402     8.2705    2.96710     31.581    33.5538    26.0984 -9.990e-29
 123.384977     31.862  35.120840     8.2705    2.96308     31.594    33.5543    26.0988 -9.990e-29
 123.384983     31.854  35.120886     8.2713    2.97448     31.586    33.5535    26.0981 -9.990e-29
 123.384988     31.821  35.120605     8.2721    2.96512     31.553    33.5525    26.0972 -9.990e-29
 123.384994     31.765  35.120187     8.2723    2.97621     31.497    33.5519    26.0967 -9.990e-29
 123.385000     31.686  35.119642     8.2720    2.97603     31.419    33.5516    26.0965 -9.990e-29
 123.385006     31.576  35.119370     8.2718    2.97365     31.310    33.5516    26.0965 -9.990e-29
 123.385012     31.426  35.119573     8.2718    2.97498     31.161    33.5519    26.0967 -9.990e-29
 123.385017     31.246  35.119964     8.2716    2.96105     30.983    33.5526    26.0973 -9.990e-29
 123.385023     31.053  35.119945     8.2712    2.95899     30.792    33.5530    26.0977 -9.990e-29
 123.385029     30.860  35.119499     8.2707    2.95877     30.600    33.5531    26.0978 -9.990e-29
 123.385035     30.665  35.119160     8.2704    2.95974     30.407    33.5531    26.0979 -9.990e-29
 123.385041     30.449  35.119039     8.2705    2.97054     30.193    33.5530    26.0978 -9.990e-29
 123.385046     30.197  35.118981     8.2708    2.98051     29.943    33.5528    26.0976 0.0000e+00
 123.385052     29.899  35.118910     8.2718    2.99100     29.647    33.5519    26.0967 0.0000e+00
 123.385058     29.558  35.118738     8.2749    3.00854     29.309    33.5489    26.0939 0.0000e+00
 123.385064     29.183  35.118242     8.2806    3.02491     28.937    33.5431    26.0885 0.0000e+00
 123.385069     28.784  35.117327     8.2875    3.03154     28.542    33.5357    26.0817 0.0000e+00
 123.385075     28.366  35.116463     8.2940    3.06135     28.127    33.5288    26.0753 0.0000e+00
 123.385081     27.927  35.116187     8.3011    3.07505     27.692    33.5220    26.0688 0.0000e+00
 123.385087     27.466  35.116701     8.3113    3.08600     27.235    33.5130    26.0602 0.0000e+00
 123.385093     26.979  35.118135     8.3237    3.10451     26.752    33.5029    26.0505 0.0000e+00
 123.385098     26.472  35.120166     8.3339    3.11689     26.249    33.4956    26.0432 0.0000e+00
 123.385104     25.975  35.122142     8.3401    3.12851     25.757    33.4920    26.0394 0.0000e+00
 123.385110     25.515  35.123905     8.3430    3.13517     25.300    33.4913    26.0384 0.0000e+00
 123.385116     25.102  35.125009     8.3443    3.12937     24.891    33.4915    26.0383 0.0000e+00
 123.385122     24.727  35.124691     8.3453    3.12400     24.519    33.4903    26.0373 0.0000e+00
 123.385127     24.377  35.124216     8.3467    3.12216     24.172    33.4887    26.0358 0.0000e+00
 123.385133     24.053  35.125199     8.3498    3.14099     23.851    33.4869    26.0339 0.0000e+00
 123.385139     23.756  35.127273     8.3537    3.15021     23.556    33.4855    26.0323 0.0000e+00
 123.385145     23.479  35.129284     8.3565    3.16353     23.282    33.4851    26.0315 0.0000e+00
 123.385150     23.213  35.129989     8.3589    3.15738     23.018    33.4837    26.0300 0.0000e+00
 123.385156     22.955  35.129773     8.3627    3.16099     22.762    33.4800    26.0265 0.0000e+00
 123.385162     22.709  35.130038     8.3680    3.16595     22.518    33.4753    26.0221 0.0000e+00
 123.385168     22.489  35.131144     8.3735    3.16919     22.300    33.4714    26.0182 0.0000e+00
 123.385174     22.311  35.132887     8.3778    3.17612     22.124    33.4692    26.0158 0.0000e+00
 123.385179     22.182  35.134794     8.3800    3.17629     21.996    33.4692    26.0155 -9.990e-29
 123.385185     22.093  35.136050     8.3801    3.18136     21.907    33.4705    26.0165 -9.990e-29
 123.385191     22.030  35.136089     8.3795    3.17653     21.845    33.4711    26.0171 -9.990e-29
 123.385197     21.985  35.135526     8.3793    3.17039     21.800    33.4707    26.0168 -9.990e-29
 123.385203     21.958  35.135299     8.3795    3.17336     21.774    33.4703    26.0164 -9.990e-29
 123.385208     21.958  35.135669     8.3798    3.17137     21.774    33.4704    26.0165 -9.990e-29
 123.385214     21.978  35.136575     8.3804    3.18028     21.793    33.4708    26.0167 -9.990e-29
 123.385220     22.005  35.137545     8.3812    3.18035     21.820    33.4711    26.0167 -9.990e-29
 123.385226     22.022  35.138192     8.3818    3.17630     21.837    33.4712    26.0167 -9.990e-29
 123.385231     22.018  35.138261     8.3822    3.17427     21.833    33.4709    26.0164 -9.990e-29
 123.385237     21.996  35.137847     8.3825    3.17876     21.811    33.4702    26.0158 -9.990e-29
 123.385243     21.968  35.137523     8.3827    3.18162     21.783    33.4696    26.0154 -9.990e-29
 123.385249     21.937  35.137426     8.3828    3.18082     21.753    33.4695    26.0152 -9.990e-29
 123.385255     21.905  35.137428     8.3829    3.17876     21.721    33.4694    26.0152 -9.990e-29
 123.385260     21.878  35.137537     8.3830    3.17494     21.694    33.4694    26.0152 -9.990e-29
 123.385266     21.859  35.137903     8.3834    3.17585     21.675    33.4694    26.0151 -9.990e-29
 123.385272     21.851  35.138459     8.3839    3.17494     21.667    33.4695    26.0151 -9.990e-29
 123.385278     21.858  35.138828     8.3841    3.17541     21.674    33.4697    26.0153 -9.990e-29
 123.385284     21.876  35.138946     8.3841    3.18420     21.692    33.4699    26.0154 -9.990e-29
 123.385289     21.902  35.138974     8.3838    3.17667     21.718    33.4702    26.0156 -9.990e-29
 123.385295     21.933  35.138953     8.3836    3.17528     21.749    33.4703    26.0158 -9.990e-29
 123.385301     21.962  35.138859     8.3837    3.17262     21.778    33.4701    26.0156 -9.990e-29
 123.385307     21.988  35.138568     8.3838    3.17046     21.803    33.4697    26.0153 -9.990e-29
 123.385313     22.011  35.138258     8.3834    3.18342     21.826    33.4697    26.0154 -9.990e-29
 123.385318     22.030  35.138082     8.3832    3.18551     21.845    33.4697    26.0154 -9.990e-29
 123.385324     22.032  35.137809     8.3835    3.18571     21.847    33.4691    26.0149 -9.990e-29
 123.385330     22.009  35.137640     8.3841    3.18382     21.824    33.4684    26.0142 -9.990e-29
 123.385336     21.967  35.137914     8.3845    3.17977     21.783    33.4683    26.0141 -9.990e-29
 123.385341     21.927  35.138439     8.3847    3.18797     21.743    33.4687    26.0144 -9.990e-29
 123.385347     21.902  35.138799     8.3851    3.19071     21.718    33.4687    26.0143 -9.990e-29
 123.385353     21.887  35.138917     8.3854    3.19074     21.703    33.4686    26.0142 -9.990e-29
 123.385359     21.867  35.138954     8.3855    3.18905     21.683    33.4685    26.0141 -9.990e-29
 123.385365     21.842  35.138964     8.3855    3.18513     21.659    33.4686    26.0141 -9.990e-29
 123.385370     21.822  35.138965     8.3852    3.18513     21.639    33.4689    26.0144 -9.990e-29
 123.385376     21.820  35.138962     8.3848    3.18520     21.637    33.4692    26.0148 -9.990e-29
 123.385382     21.834  35.138958     8.3846    3.18507     21.651    33.4694    26.0149 -9.990e-29
 123.385388     21.854  35.138951     8.3847    3.18487     21.670    33.4693    26.0148 -9.990e-29
 123.385394     21.867  35.138935     8.3849    3.18407     21.683    33.4691    26.0146 -9.990e-29
 123.385399     21.875  35.138890     8.3849    3.18461     21.691    33.4690    26.0146 -9.990e-29
 123.385405     21.886  35.138762     8.3843    3.18447     21.702    33.4695    26.0150 -9.990e-29
 123.385411     21.906  35.138385     8.3833    3.18461     21.722    33.4700    26.0156 -9.990e-29
 123.385417     21.932  35.137821     8.3826    3.18483     21.748    33.4701    26.0157 -9.990e-29
 123.385422     21.951  35.137443     8.3822    3.18487     21.767    33.4700    26.0158 -9.990e-29
 123.385428     21.953  35.137313     8.3822    3.17559     21.769    33.4699    26.0157 -9.990e-29
 123.385434     21.934  35.137260     8.3824    3.17353     21.750    33.4697    26.0155 -9.990e-29
 123.385440     21.892  35.137215     8.3825    3.18261     21.708    33.4695    26.0153 -9.990e-29
 123.385446     21.833  35.137125     8.3826    3.17778     21.650    33.4694    26.0152 -9.990e-29
 123.385451     21.775  35.136873     8.3830    3.17994     21.592    33.4688    26.0147 -9.990e-29
 123.385457     21.736  35.136691     8.3837    3.17805     21.553    33.4679    26.0139 -9.990e-29
 123.385463     21.725  35.136904     8.3841    3.17576     21.543    33.4678    26.0137 -9.990e-29
 123.385469     21.743  35.137240     8.3843    3.18868     21.560    33.4679    26.0138 -9.990e-29
 123.385475     21.772  35.137589     8.3844    3.18157     21.589    33.4682    26.0140 -9.990e-29
 123.385480     21.795  35.137857     8.3846    3.17981     21.612    33.4683    26.0140 -9.990e-29
 123.385486     21.807  35.137843     8.3847    3.16864     21.624    33.4681    26.0139 -9.990e-29
 123.385492     21.819  35.137906     8.3845    3.18255     21.636    33.4684    26.0141 -9.990e-29
 123.385498     21.834  35.138134     8.3839    3.18167     21.651    33.4692    26.0149 -9.990e-29
 123.385503     21.851  35.138087     8.3831    3.19081     21.667    33.4699    26.0155 -9.990e-29
 123.385509     21.860  35.137704     8.3828    3.19226     21.676    33.4698    26.0155 -9.990e-29
 123.385515     21.856  35.137414     8.3832    3.18625     21.672    33.4691    26.0149 -9.990e-29
 123.385521     21.836  35.137394     8.3838    3.18817     21.653    33.4685    26.0143 -9.990e-29
 123.385527     21.813  35.137618     8.3838    3.19323     21.630    33.4688    26.0145 -9.990e-29
 123.385532     21.799  35.137831     8.3836    3.18663     21.616    33.4692    26.0149 -9.990e-29
 123.385538     21.795  35.137758     8.3838    3.18454     21.612    33.4689    26.0147 -9.990e-29
 123.385544     21.795  35.137866     8.3841    3.18258     21.612    33.4687    26.0145 -9.990e-29
 123.385550     21.793  35.138301     8.3842    3.17998     21.610    33.4691    26.0148 -9.990e-29
 123.385556     21.797  35.138524     8.3842    3.18464     21.614    33.4693    26.0149 -9.990e-29
 123.385561     21.809  35.138275     8.3841    3.19388     21.626    33.4692    26.0148 -9.990e-29
 123.385567     21.820  35.137788     8.3840    3.18670     21.637    33.4687    26.0145 -9.990e-29
 123.385573     21.823  35.137536     8.3841    3.18474     21.640    33.4684    26.0142 -9.990e-29
 123.385579     21.812  35.137746     8.3843    3.18272     21.629    33.4684    26.0142 -9.990e-29
 123.385584     21.789  35.138142     8.3845    3.18076     21.606    33.4687    26.0144 -9.990e-29
 123.385590     21.759  35.138130     8.3846    3.18474     21.576    33.4686    26.0143 -9.990e-29
 123.385596     21.738  35.137699     8.3845    3.18474     21.555    33.4682    26.0140 -9.990e-29
 123.385602     21.733  35.137399     8.3845    3.18481     21.550    33.4679    26.0138 -9.990e-29
 123.385608     21.739  35.137397     8.3845    3.18514     21.556    33.4679    26.0138 -9.990e-29
 123.385613     21.749  35.137690     8.3844    3.17609     21.566    33.4683    26.0141 -9.990e-29
 123.385619     21.759  35.138112     8.3844    3.18305     21.576    33.4687    26.0144 -9.990e-29
 123.385625     21.769  35.138106     8.3843    3.18497     21.586    33.4688    26.0145 -9.990e-29
 123.385631     21.781  35.137666     8.3840    3.18677     21.598    33.4686    26.0144 -9.990e-29
 123.385637     21.794  35.137331     8.3839    3.18873     21.611    33.4684    26.0142 -9.990e-29
 123.385642     21.809  35.137218     8.3839    3.17550     21.626    33.4682    26.0141 -9.990e-29
 123.385648     21.828  35.137179     8.3837    3.17368     21.645    33.4684    26.0143 -9.990e-29
 123.385654     21.852  35.137165     8.3831    3.18285     21.668    33.4689    26.0148 -9.990e-29
 123.385660     21.882  35.137162     8.3825    3.18690     21.698    33.4695    26.0153 -9.990e-29
 123.385666     21.912  35.137168     8.3823    3.19082     21.728    33.4697    26.0155 -9.990e-29
 123.385671     21.926  35.137194     8.3826    3.18896     21.742    33.4694    26.0152 -9.990e-29
 123.385677     21.917  35.137275     8.3830    3.18501     21.733    33.4691    26.0149 -9.990e-29
 123.385683     21.889  35.137522     8.3833    3.18494     21.705    33.4691    26.0149 -9.990e-29
 123.385689     21.852  35.137706     8.3835    3.18501     21.668    33.4691    26.0149 -9.990e-29
