data/oxygen options/ONMS/Olympic_Coast_National_Marine_Sanctuary_CTD_Data_2005_2023/raw_data/2006/CTD_CE065_092506faed.cnv
* Sea-Bird SBE19 Data File:
* FileName = C:\MOORING_DATA_2006\CTD_CE065_092506.hex
* Software Version 1.1.6
* Temperature SN = 2997
* Conductivity SN = 2997
* System UpLoad Time = Sep 25 2006 12:26:07
* SEACAT PROFILER V3.1c SN 2997   09/25/06  12:27:01.776
* strain gauge pressure sensor: S/N = 184829,  range = 3000 psia,  tc = 40
# nquan = 9                                 
# nvalues = 1769                        
# units = specified
# name 0 = timeJ: Julian Days
# name 1 = prSM: Pressure, Strain Gauge [db]
# name 2 = c0mS/cm: Conductivity [mS/cm]
# name 3 = t090C: Temperature [ITS-90, deg C]
# name 4 = oxML/L: Oxygen, Beckman/YSI [ml/l]
# name 5 = depSM: Depth [salt water, m], lat = 47.5
# name 6 = sal00: Salinity, Practical [PSU]
# name 7 = sigma-é00: Density [sigma-theta, kg/m^3]
# name 8 = flag: flag
# span 0 = 268.504687, 268.514919       
# span 1 =     -3.428,     70.556       
# span 2 =   0.101561,  37.987655       
# span 3 =     7.6918,    19.8491       
# span 4 =  -10.61284,   29.94468       
# span 5 =     -3.399,     69.955       
# span 6 =     0.0566,    33.9093       
# span 7 =    -1.7172,    26.4630       
# span 8 = 0.0000e+00, 0.0000e+00       
# interval = seconds: 0.5
# start_time = Sep 25 2006 12:06:45 [Instrument's time stamp, header]
# bad_flag = -9.990e-29
*END*
[from data line 641]
 268.508397     63.502  34.945469     7.6951    0.81788     62.962    33.9066    26.4605 0.0000e+00
 268.508403     63.179  34.944771     7.6945    0.80616     62.642    33.9066    26.4606 0.0000e+00
 268.508409     62.867  34.944193     7.6941    0.81135     62.333    33.9065    26.4606 0.0000e+00
 268.508414     62.562  34.944072     7.6938    0.81776     62.030    33.9068    26.4609 0.0000e+00
 268.508420     62.255  34.944236     7.6939    0.81983     61.726    33.9070    26.4610 0.0000e+00
 268.508426     61.941  34.944333     7.6943    0.82189     61.415    33.9069    26.4609 0.0000e+00
 268.508432     61.624  34.944478     7.6944    0.80823     61.101    33.9071    26.4610 0.0000e+00
 268.508438     61.299  34.944293     7.6942    0.81551     60.778    33.9072    26.4612 0.0000e+00
 268.508443     60.973  34.943521     7.6942    0.81765     60.455    33.9066    26.4606 0.0000e+00
 268.508449     60.653  34.942805     7.6943    0.81975     60.138    33.9058    26.4600 0.0000e+00
 268.508455     60.341  34.942298     7.6943    0.82175     59.829    33.9054    26.4597 0.0000e+00
 268.508461     60.035  34.941875     7.6943    0.81772     59.525    33.9051    26.4595 0.0000e+00
 268.508466     59.731  34.942081     7.6945    0.82711     59.224    33.9053    26.4596 0.0000e+00
 268.508472     59.429  34.942620     7.6945    0.82915     58.925    33.9060    26.4602 0.0000e+00
 268.508478     59.125  34.942515     7.6944    0.82912     58.623    33.9062    26.4603 0.0000e+00
 268.508484     58.823  34.941616     7.6943    0.82695     58.324    33.9054    26.4597 0.0000e+00
 268.508490     58.527  34.940394     7.6939    0.81325     58.030    33.9047    26.4591 0.0000e+00
 268.508495     58.246  34.939451     7.6935    0.82052     57.752    33.9042    26.4588 0.0000e+00
 268.508501     57.978  34.939202     7.6935    0.83181     57.486    33.9040    26.4587 0.0000e+00
 268.508507     57.706  34.939302     7.6937    0.83610     57.216    33.9041    26.4587 0.0000e+00
 268.508513     57.418  34.939312     7.6940    0.83810     56.931    33.9039    26.4585 0.0000e+00
 268.508519     57.116  34.939233     7.6943    0.82216     56.631    33.9037    26.4583 0.0000e+00
 268.508524     56.803  34.938950     7.6948    0.82543     56.321    33.9031    26.4577 0.0000e+00
 268.508530     56.475  34.938634     7.6954    0.83709     55.996    33.9023    26.4570 0.0000e+00
 268.508536     56.130  34.938411     7.6961    0.85049     55.654    33.9015    26.4563 0.0000e+00
 268.508542     55.767  34.937973     7.6967    0.86429     55.294    33.9006    26.4555 0.0000e+00
 268.508547     55.392  34.937285     7.6971    0.86013     54.922    33.8997    26.4547 0.0000e+00
 268.508553     55.017  34.936542     7.6976    0.87261     54.551    33.8986    26.4538 0.0000e+00
 268.508559     54.646  34.935863     7.6983    0.87050     54.183    33.8974    26.4527 0.0000e+00
 268.508565     54.282  34.935455     7.6992    0.88523     53.822    33.8962    26.4517 0.0000e+00
 268.508571     53.931  34.935321     7.7000    0.88523     53.474    33.8955    26.4510 0.0000e+00
 268.508576     53.603  34.935273     7.7002    0.88602     53.149    33.8954    26.4509 0.0000e+00
 268.508582     53.301  34.935238     7.7003    0.88392     52.849    33.8954    26.4508 0.0000e+00
 268.508588     53.031  34.935159     7.7004    0.87552     52.582    33.8953    26.4508 0.0000e+00
 268.508594     52.794  34.934917     7.7002    0.88277     52.347    33.8954    26.4509 0.0000e+00
 268.508600     52.580  34.934739     7.7002    0.88048     52.135    33.8953    26.4508 0.0000e+00
 268.508605     52.373  34.934936     7.7006    0.88064     51.929    33.8952    26.4507 0.0000e+00
 268.508611     52.167  34.935199     7.7011    0.87851     51.725    33.8951    26.4505 0.0000e+00
 268.508617     51.959  34.935305     7.7017    0.89314     51.519    33.8947    26.4501 0.0000e+00
 268.508623     51.759  34.935384     7.7023    0.90669     51.321    33.8943    26.4497 0.0000e+00
 268.508628     51.575  34.935530     7.7028    0.91838     51.138    33.8941    26.4495 0.0000e+00
 268.508634     51.408  34.935926     7.7032    0.92547     50.973    33.8942    26.4495 0.0000e+00
 268.508640     51.257  34.936527     7.7036    0.91729     50.823    33.8945    26.4497 0.0000e+00
 268.508646     51.119  34.937002     7.7042    0.92026     50.686    33.8945    26.4496 -9.990e-29
 268.508652     51.000  34.937411     7.7049    0.91637     50.568    33.8943    26.4493 -9.990e-29
 268.508657     50.905  34.937726     7.7056    0.93081     50.474    33.8941    26.4490 -9.990e-29
 268.508663     50.835  34.937796     7.7065    0.95175     50.405    33.8933    26.4483 -9.990e-29
 268.508669     50.796  34.938263     7.7077    0.96139     50.366    33.8926    26.4476 -9.990e-29
 268.508675     50.788  34.939177     7.7096    0.96867     50.358    33.8918    26.4466 -9.990e-29
 268.508681     50.812  34.940061     7.7121    0.95835     50.382    33.8903    26.4451 -9.990e-29
 268.508686     50.860  34.940962     7.7143    0.95708     50.429    33.8891    26.4439 -9.990e-29
 268.508692     50.918  34.941385     7.7154    0.96224     50.487    33.8884    26.4432 -9.990e-29
 268.508698     50.977  34.941320     7.7151    0.96012     50.545    33.8886    26.4434 -9.990e-29
 268.508704     51.033  34.941226     7.7141    0.95798     50.601    33.8895    26.4442 -9.990e-29
 268.508709     51.080  34.940966     7.7133    0.95168     50.647    33.8900    26.4447 -9.990e-29
 268.508715     51.113  34.940739     7.7128    0.95716     50.680    33.8902    26.4449 -9.990e-29
 268.508721     51.130  34.940790     7.7128    0.96843     50.697    33.8902    26.4450 -9.990e-29
 268.508727     51.132  34.941174     7.7139    0.97078     50.699    33.8896    26.4443 -9.990e-29
 268.508733     51.118  34.941832     7.7154    0.96868     50.685    33.8888    26.4435 -9.990e-29
 268.508738     51.088  34.942507     7.7164    0.97182     50.655    33.8886    26.4432 -9.990e-29
 268.508744     51.040  34.942964     7.7168    0.96972     50.608    33.8887    26.4432 -9.990e-29
 268.508750     50.980  34.943238     7.7171    0.97914     50.548    33.8888    26.4432 -9.990e-29
 268.508756     50.921  34.943683     7.7175    0.98852     50.490    33.8889    26.4432 -9.990e-29
 268.508762     50.871  34.944319     7.7177    0.98649     50.440    33.8894    26.4436 -9.990e-29
 268.508767     50.837  34.944863     7.7179    0.98439     50.407    33.8898    26.4439 -9.990e-29
 268.508773     50.820  34.944906     7.7181    0.97815     50.390    33.8897    26.4438 -9.990e-29
 268.508779     50.820  34.944493     7.7183    0.97434     50.390    33.8890    26.4432 -9.990e-29
 268.508785     50.832  34.944183     7.7184    0.97441     50.402    33.8886    26.4429 -9.990e-29
 268.508791     50.848  34.944111     7.7184    0.99304     50.417    33.8885    26.4428 -9.990e-29
 268.508796     50.865  34.944165     7.7184    0.99738     50.434    33.8886    26.4428 -9.990e-29
 268.508802     50.884  34.944407     7.7185    0.99731     50.453    33.8887    26.4429 -9.990e-29
 268.508808     50.907  34.944584     7.7186    0.99305     50.476    33.8888    26.4430 -9.990e-29
 268.508814     50.938  34.944358     7.7186    0.96599     50.507    33.8885    26.4428 -9.990e-29
 268.508819     50.980  34.943977     7.7181    0.95237     50.548    33.8886    26.4429 -9.990e-29
 268.508825     51.028  34.943480     7.7168    0.95029     50.596    33.8893    26.4437 -9.990e-29
 268.508831     51.079  34.942751     7.7148    0.96345     50.646    33.8904    26.4448 -9.990e-29
 268.508837     51.129  34.941927     7.7133    0.96677     50.696    33.8910    26.4455 -9.990e-29
 268.508843     51.164  34.941018     7.7128    0.95965     50.731    33.8905    26.4452 -9.990e-29
 268.508848     51.173  34.940481     7.7132    0.95523     50.740    33.8895    26.4443 -9.990e-29
 268.508854     51.156  34.940705     7.7144    0.95340     50.723    33.8886    26.4434 -9.990e-29
 268.508860     51.126  34.941415     7.7160    0.95977     50.693    33.8878    26.4426 -9.990e-29
 268.508866     51.093  34.942427     7.7174    0.97304     50.660    33.8875    26.4422 -9.990e-29
 268.508872     51.064  34.943396     7.7185    0.99397     50.632    33.8875    26.4420 -9.990e-29
 268.508877     51.045  34.943918     7.7193    0.98902     50.613    33.8873    26.4417 -9.990e-29
 268.508883     51.036  34.944120     7.7198    0.99418     50.604    33.8871    26.4415 -9.990e-29
 268.508889     51.026  34.944262     7.7199    0.98785     50.594    33.8871    26.4415 -9.990e-29
 268.508895     51.017  34.944522     7.7199    0.98155     50.585    33.8874    26.4417 -9.990e-29
 268.508900     51.014  34.944668     7.7196    0.98364     50.582    33.8879    26.4421 -9.990e-29
 268.508906     51.028  34.944318     7.7188    0.97030     50.596    33.8882    26.4425 -9.990e-29
 268.508912     51.062  34.943556     7.7175    0.95872     50.630    33.8887    26.4431 -9.990e-29
 268.508918     51.111  34.942472     7.7162    0.95661     50.678    33.8887    26.4433 -9.990e-29
 268.508924     51.161  34.941290     7.7152    0.94948     50.728    33.8884    26.4432 -9.990e-29
 268.508929     51.202  34.940660     7.7148    0.95337     50.768    33.8881    26.4430 -9.990e-29
 268.508935     51.227  34.940851     7.7153    0.96696     50.793    33.8878    26.4427 -9.990e-29
 268.508941     51.235  34.941544     7.7162    0.97118     50.801    33.8877    26.4425 -9.990e-29
 268.508947     51.231  34.942525     7.7168    0.98476     50.797    33.8882    26.4428 -9.990e-29
 268.508953     51.217  34.943409     7.7167    0.97565     50.783    33.8892    26.4436 -9.990e-29
 268.508958     51.198  34.943679     7.7166    0.96945     50.764    33.8896    26.4439 -9.990e-29
 268.508964     51.176  34.943680     7.7169    0.96732     50.743    33.8893    26.4437 -9.990e-29
 268.508970     51.151  34.943964     7.7176    0.97460     50.718    33.8890    26.4433 -9.990e-29
 268.508976     51.124  34.944333     7.7185    0.99008     50.691    33.8885    26.4428 -9.990e-29
 268.508981     51.099  34.944707     7.7195    0.99226     50.666    33.8880    26.4422 -9.990e-29
 268.508987     51.078  34.945012     7.7200    0.99015     50.645    33.8878    26.4420 -9.990e-29
 268.508993     51.068  34.945080     7.7200    0.98387     50.636    33.8879    26.4421 -9.990e-29
 268.508999     51.073  34.944991     7.7196    0.97050     50.640    33.8882    26.4424 -9.990e-29
 268.509005     51.094  34.944611     7.7188    0.96843     50.661    33.8885    26.4428 -9.990e-29
 268.509010     51.127  34.943982     7.7182    0.97768     50.694    33.8884    26.4428 -9.990e-29
 268.509016     51.162  34.943374     7.7182    0.98190     50.729    33.8878    26.4422 -9.990e-29
 268.509022     51.187  34.943081     7.7184    0.98612     50.753    33.8872    26.4418 -9.990e-29
 268.509028     51.205  34.943260     7.7182    0.97478     50.771    33.8876    26.4421 -9.990e-29
 268.509034     51.226  34.943577     7.7178    0.96837     50.792    33.8883    26.4428 -9.990e-29
 268.509039     51.250  34.943320     7.7172    0.95920     50.816    33.8886    26.4431 -9.990e-29
 268.509045     51.271  34.942694     7.7166    0.95918     50.837    33.8885    26.4431 -9.990e-29
 268.509051     51.290  34.942532     7.7162    0.96337     50.856    33.8887    26.4433 -9.990e-29
 268.509057     51.312  34.942604     7.7157    0.96518     50.877    33.8893    26.4438 -9.990e-29
 268.509063     51.335  34.942433     7.7151    0.96952     50.900    33.8897    26.4442 -9.990e-29
 268.509068     51.356  34.941779     7.7145    0.96928     50.921    33.8895    26.4442 -9.990e-29
 268.509074     51.371  34.940877     7.7143    0.96952     50.936    33.8888    26.4436 -9.990e-29
 268.509080     51.373  34.940753     7.7150    0.96034     50.938    33.8879    26.4429 -9.990e-29
 268.509086     51.358  34.941787     7.7162    0.95832     50.923    33.8879    26.4426 -9.990e-29
 268.509091     51.330  34.943102     7.7170    0.95830     50.895    33.8885    26.4430 -9.990e-29
 268.509097     51.295  34.943636     7.7173    0.96979     50.861    33.8888    26.4432 -9.990e-29
 268.509103     51.255  34.943527     7.7175    0.98533     50.821    33.8886    26.4430 -9.990e-29
 268.509109     51.208  34.943740     7.7179    0.97824     50.774    33.8884    26.4428 -9.990e-29
 268.509115     51.155  34.944545     7.7183    0.98334     50.722    33.8889    26.4431 -9.990e-29
 268.509120     51.105  34.945320     7.7184    0.97923     50.672    33.8897    26.4437 -9.990e-29
 268.509126     51.072  34.945403     7.7182    0.97709     50.639    33.8900    26.4440 -9.990e-29
 268.509132     51.068  34.944892     7.7180    0.97924     50.636    33.8896    26.4437 -9.990e-29
 268.509138     51.091  34.944217     7.7178    0.98430     50.658    33.8891    26.4433 -9.990e-29
 268.509144     51.131  34.943584     7.7179    0.98650     50.698    33.8883    26.4427 -9.990e-29
 268.509149     51.177  34.943258     7.7182    0.98644     50.744    33.8876    26.4421 -9.990e-29
 268.509155     51.228  34.943352     7.7181    0.96573     50.794    33.8878    26.4423 -9.990e-29
 268.509161     51.282  34.943415     7.7175    0.94783     50.848    33.8884    26.4429 -9.990e-29
 268.509167     51.335  34.942958     7.7164    0.94568     50.900    33.8890    26.4435 -9.990e-29
 268.509172     51.382  34.941917     7.7152    0.94072     50.947    33.8890    26.4437 -9.990e-29
 268.509178     51.416  34.940574     7.7143    0.95832     50.981    33.8884    26.4433 -9.990e-29
 268.509184     51.436  34.939927     7.7136    0.96466     51.000    33.8884    26.4434 -9.990e-29
 268.509190     51.443  34.940220     7.7136    0.95747     51.007    33.8887    26.4436 -9.990e-29
 268.509196     51.434  34.940708     7.7144    0.95750     50.998    33.8884    26.4433 -9.990e-29
 268.509201     51.403  34.941470     7.7152    0.95333     50.968    33.8885    26.4433 -9.990e-29
 268.509207     51.357  34.942385     7.7158    0.95551     50.922    33.8889    26.4435 -9.990e-29
 268.509213     51.305  34.942981     7.7165    0.96914     50.870    33.8889    26.4434 -9.990e-29
 268.509219     51.254  34.943478     7.7170    0.97118     50.820    33.8890    26.4434 -9.990e-29
 268.509225     51.212  34.943967     7.7169    0.98055     50.778    33.8896    26.4439 -9.990e-29
 268.509230     51.187  34.943964     7.7164    0.98055     50.753    33.8901    26.4444 -9.990e-29
 268.509236     51.170  34.943455     7.7159    0.96717     50.737    33.8901    26.4444 -9.990e-29
 268.509242     51.158  34.942869     7.7157    0.96299     50.725    33.8896    26.4441 -9.990e-29
 268.509248     51.155  34.942533     7.7157    0.94948     50.722    33.8893    26.4438 -9.990e-29
 268.509253     51.163  34.942546     7.7153    0.95867     50.730    33.8897    26.4442 -9.990e-29
 268.509259     51.179  34.942349     7.7146    0.96497     50.746    33.8901    26.4446 -9.990e-29
 268.509265     51.196  34.941667     7.7143    0.97614     50.762    33.8897    26.4443 -9.990e-29
 268.509271     51.206  34.941259     7.7148    0.98032     50.772    33.8888    26.4435 -9.990e-29
 268.509277     51.206  34.941690     7.7154    0.96692     50.772    33.8886    26.4433 -9.990e-29
 268.509282     51.199  34.942398     7.7156    0.96278     50.765    33.8892    26.4438 -9.990e-29
 268.509288     51.195  34.942632     7.7153    0.94920     50.761    33.8898    26.4442 -9.990e-29
 268.509294     51.196  34.942131     7.7144    0.94932     50.762    33.8901    26.4446 -9.990e-29
 268.509300     51.204  34.941335     7.7135    0.95348     50.770    33.8901    26.4448 -9.990e-29
 268.509306     51.213  34.940852     7.7132    0.95560     50.779    33.8899    26.4446 -9.990e-29
 268.509311     51.217  34.940583     7.7138    0.95980     50.783    33.8890    26.4439 -9.990e-29
