data/oxygen options/ONMS/Olympic_Coast_National_Marine_Sanctuary_CTD_Data_2005_2023/raw_data/2006/CTD_CA042_081606faedb.cnv
* Sea-Bird SBE19 Data File:
* FileName = C:\MOORING_DATA_2006\CTD_CA042_081606.hex
* Software Version 1.1.6
* Temperature SN = 2997
* Conductivity SN = 2997
* System UpLoad Time = Aug 16 2006 18:24:01
* SEACAT PROFILER V3.1c SN 2997   08/16/06  18:23:46.822
* strain gauge pressure sensor: S/N = 184829,  range = 3000 psia,  tc = 40
# nquan = 9
# nvalues = 41                          
# units = specified
# name 0 = timeJ: Julian Days
# name 1 = prSM: Pressure, Strain Gauge [db]
# name 2 = c0mS/cm: Conductivity [mS/cm]
# name 3 = t090C: Temperature [ITS-90, deg C]
# name 4 = oxML/L: Oxygen, Beckman/YSI [ml/l]
# name 5 = depSM: Depth [salt water, m], lat = 47.5
# name 6 = sal00: Salinity, Practical [PSU]
# name 7 = sigma-é00: Density [sigma-theta, kg/m^3]
# name 8 = flag: flag
# span 0 = 228.728439, 228.728942       
# span 1 =      3.000,     43.000       
# span 2 =  34.877038,  37.873304       
# span 3 =     7.8543,    12.6328       
# span 4 =    2.51274,    5.89723       
# span 5 =      2.975,     42.636       
# span 6 =    32.3801,    33.6924       
# span 7 =    24.4356,    26.2676       
# span 8 = 0.0000e+00, 0.0000e+00       
# interval = decibars: 1                
# start_time = Aug 16 2006 17:24:36 [Instrument's time stamp, header]
# bad_flag = -9.990e-29
*END*
 228.728439      3.000  37.873304    12.6328    5.89723      2.975    32.3801    24.4356 0.0000e+00
 228.728462      4.000  37.341994    12.0105    5.43477      3.967    32.4079    24.5747 0.0000e+00
 228.728480      5.000  36.999161    11.4419    5.29343      4.958    32.5717    24.8064 0.0000e+00
 228.728494      6.000  36.871270    11.1750    5.07512      5.950    32.6818    24.9398 0.0000e+00
 228.728509      7.000  36.811241    11.0268    4.90891      6.941    32.7539    25.0222 0.0000e+00
 228.728523      8.000  36.719724    10.7683    4.73673      7.933    32.8942    25.1770 0.0000e+00
 228.728536      9.000  36.503834    10.4322    4.68962      8.925    32.9813    25.3029 0.0000e+00
 228.728548     10.000  36.421007    10.3131    4.68708      9.916    33.0056    25.3422 0.0000e+00
 228.728562     11.000  36.373160    10.2470    4.66254     10.908    33.0171    25.3624 0.0000e+00
 228.728574     12.000  36.322735    10.1766    4.61761     11.900    33.0298    25.3843 0.0000e+00
 228.728585     13.000  36.293550    10.1223    4.54946     12.891    33.0494    25.4088 0.0000e+00
 228.728596     14.000  36.285354    10.0709    4.45707     13.883    33.0877    25.4473 0.0000e+00
 228.728607     15.000  36.247052     9.9901    4.35710     14.874    33.1223    25.4879 0.0000e+00
 228.728618     16.000  36.184408     9.8780    4.25143     15.866    33.1611    25.5368 0.0000e+00
 228.728629     17.000  36.097619     9.7554    4.07925     16.858    33.1850    25.5758 0.0000e+00
 228.728641     18.000  35.999845     9.6145    3.84786     17.849    33.2146    25.6220 0.0000e+00
 228.728652     19.000  35.892919     9.4566    3.66905     18.841    33.2505    25.6758 0.0000e+00
 228.728664     20.000  35.755586     9.2173    3.53456     19.832    33.3312    25.7773 0.0000e+00
 228.728675     21.000  35.569911     8.9677    3.49454     20.824    33.3714    25.8483 0.0000e+00
 228.728687     22.000  35.466591     8.8670    3.50414     21.816    33.3577    25.8534 0.0000e+00
 228.728700     23.000  35.472043     8.8493    3.47223     22.807    33.3796    25.8734 0.0000e+00
 228.728712     24.000  35.442831     8.7669    3.37822     23.798    33.4263    25.9227 0.0000e+00
 228.728724     25.000  35.388653     8.5948    3.19885     24.790    33.5318    26.0320 0.0000e+00
 228.728735     26.000  35.262181     8.3739    3.01214     25.781    33.6082    26.1254 0.0000e+00
 228.728745     27.000  35.146930     8.2622    2.92744     26.773    33.5921    26.1297 0.0000e+00
 228.728757     28.000  35.117600     8.2373    2.84356     27.764    33.5843    26.1273 0.0000e+00
 228.728768     29.000  35.070777     8.1642    2.76125     28.756    33.6041    26.1537 0.0000e+00
 228.728779     30.000  35.011651     8.0956    2.70290     29.747    33.6064    26.1657 0.0000e+00
 228.728790     31.000  34.978966     8.0643    2.66583     30.739    33.6011    26.1661 0.0000e+00
 228.728800     32.000  34.956964     8.0346    2.62155     31.730    33.6056    26.1741 0.0000e+00
 228.728812     33.000  34.936279     7.9947    2.58933     32.722    33.6214    26.1924 0.0000e+00
 228.728822     34.000  34.914103     7.9420    2.57499     33.714    33.6479    26.2210 0.0000e+00
 228.728833     35.000  34.895206     7.8972    2.55604     34.705    33.6703    26.2451 0.0000e+00
 228.728845     36.000  34.887370     7.8827    2.53607     35.696    33.6754    26.2513 0.0000e+00
 228.728858     37.000  34.889256     7.8791    2.52861     36.688    33.6804    26.2557 0.0000e+00
 228.728870     38.000  34.886255     7.8629    2.53381     37.679    33.6924    26.2676 0.0000e+00
 228.728881     39.000  34.879490     7.8562    2.52631     38.671    33.6911    26.2675 0.0000e+00
 228.728894     40.000  34.878040     7.8543    2.53444     39.662    33.6909    26.2676 0.0000e+00
 228.728906     41.000  34.877449     7.8549    2.52417     40.654    33.6892    26.2662 0.0000e+00
 228.728922     42.000  34.877270     7.8554    2.51521     41.645    33.6880    26.2652 0.0000e+00
 228.728942     43.000  34.877038     7.8571    2.51274     42.636    33.6857    26.2632 0.0000e+00
