data/oxygen options/ONMS/Olympic_Coast_National_Marine_Sanctuary_CTD_Data_2005_2023/raw_data/2006/CTD_KL027_080706faed.cnv
* Sea-Bird SBE19 Data File:
* FileName = C:\MOORING_DATA_2006\CTD_KL027_080706.hex
* Software Version 1.1.6
* Temperature SN = 2997
* Conductivity SN = 2997
* System UpLoad Time = Aug 07 2006 14:19:26
* SEACAT PROFILER V3.1c SN 2997   08/07/06  14:18:50.356
* strain gauge pressure sensor: S/N = 184829,  range = 3000 psia,  tc = 40
# nquan = 9                                 
# nvalues = 1928                        
# units = specified
# name 0 = timeJ: Julian Days
# name 1 = prSM: Pressure, Strain Gauge [db]
# name 2 = c0mS/cm: Conductivity [mS/cm]
# name 3 = t090C: Temperature [ITS-90, deg C]
# name 4 = oxML/L: Oxygen, Beckman/YSI [ml/l]
# name 5 = depSM: Depth [salt water, m], lat = 47.5
# name 6 = sal00: Salinity, Practical [PSU]
# name 7 = sigma-é00: Density [sigma-theta, kg/m^3]
# name 8 = flag: flag
# span 0 = 219.578530, 219.589682       
# span 1 =     -5.640,     27.071       
# span 2 =   0.269239,  37.104032       
# span 3 =     7.6508,    15.3137       
# span 4 =  -12.45028,   38.33100       
# span 5 =     -5.593,     26.843       
# span 6 =     0.1596,    33.7928       
# span 7 =    -0.8232,    26.3445       
# span 8 = 0.0000e+00, 0.0000e+00       
# interval = seconds: 0.5
# start_time = Aug 07 2006 13:53:05 [Instrument's time stamp, header]
# bad_flag = -9.990e-29
*END*
[from data line 1601]
 219.587795      3.737  36.161885     9.6403    7.25452      3.706    33.3633    25.7338 -9.990e-29
 219.587801      3.751  36.161452     9.6497    7.25821      3.720    33.3541    25.7251 -9.990e-29
 219.587807      3.766  36.163204     9.6559    7.25950      3.735    33.3501    25.7210 -9.990e-29
 219.587813      3.781  36.162183     9.6600    7.26304      3.749    33.3453    25.7165 -9.990e-29
 219.587818      3.787  36.159833     9.6638    7.26803      3.755    33.3393    25.7112 -9.990e-29
 219.587824      3.786  36.161431     9.6657    7.27243      3.754    33.3392    25.7108 -9.990e-29
 219.587830      3.784  36.162375     9.6619    7.27440      3.752    33.3437    25.7150 -9.990e-29
 219.587836      3.787  36.156630     9.6544    7.28256      3.755    33.3448    25.7170 -9.990e-29
 219.587841      3.795  36.149435     9.6507    7.28173      3.763    33.3408    25.7145 -9.990e-29
 219.587847      3.804  36.148582     9.6543    7.26935      3.772    33.3366    25.7107 -9.990e-29
 219.587853      3.806  36.154051     9.6613    7.26523      3.774    33.3357    25.7088 -9.990e-29
 219.587859      3.800  36.160230     9.6654    7.26248      3.768    33.3383    25.7101 -9.990e-29
 219.587865      3.796  36.164138     9.6653    7.27280      3.764    33.3424    25.7133 -9.990e-29
 219.587870      3.798  36.167059     9.6636    7.27268      3.766    33.3469    25.7172 -9.990e-29
 219.587876      3.800  36.169519     9.6628    7.27428      3.768    33.3502    25.7199 -9.990e-29
 219.587882      3.796  36.170310     9.6630    7.27465      3.764    33.3508    25.7203 -9.990e-29
 219.587888      3.779  36.169921     9.6637    7.27689      3.747    33.3498    25.7194 -9.990e-29
 219.587894      3.754  36.169513     9.6648    7.27601      3.723    33.3484    25.7181 -9.990e-29
 219.587899      3.731  36.169662     9.6660    7.26800      3.700    33.3474    25.7172 -9.990e-29
 219.587905      3.722  36.170565     9.6667    7.26616      3.691    33.3477    25.7173 -9.990e-29
 219.587911      3.731  36.171180     9.6660    7.28967      3.700    33.3490    25.7184 -9.990e-29
 219.587917      3.754  36.170082     9.6643    7.30600      3.723    33.3494    25.7190 -9.990e-29
 219.587922      3.780  36.170855     9.6644    7.28030      3.748    33.3501    25.7195 -9.990e-29
 219.587928      3.792  36.175645     9.6683    7.26813      3.760    33.3514    25.7199 -9.990e-29
 219.587934      3.789  36.180180     9.6759    7.26000      3.757    33.3490    25.7168 -9.990e-29
 219.587940      3.782  36.184892     9.6878    7.25538      3.750    33.3428    25.7100 -9.990e-29
 219.587946      3.779  36.194380     9.7034    7.27164      3.747    33.3380    25.7037 -9.990e-29
 219.587951      3.780  36.207835     9.7164    7.26368      3.748    33.3397    25.7029 -9.990e-29
 219.587957      3.781  36.216833     9.7203    7.26493      3.749    33.3453    25.7066 -9.990e-29
 219.587963      3.773  36.217106     9.7160    7.26377      3.741    33.3496    25.7107 -9.990e-29
 219.587969      3.757  36.213504     9.7107    7.25837      3.726    33.3508    25.7125 -9.990e-29
 219.587975      3.739  36.210197     9.7092    7.25593      3.708    33.3489    25.7112 -9.990e-29
 219.587980      3.723  36.208382     9.7105    7.27872      3.692    33.3458    25.7086 -9.990e-29
 219.587986      3.707  36.209002     9.7120    7.31726      3.676    33.3450    25.7078 -9.990e-29
 219.587992      3.691  36.210637     9.7128    7.32590      3.660    33.3460    25.7084 -9.990e-29
 219.587998      3.674  36.211538     9.7145    7.28713      3.643    33.3453    25.7076 -9.990e-29
 219.588003      3.658  36.213466     9.7201    7.24167      3.627    33.3421    25.7041 -9.990e-29
 219.588009      3.652  36.218989     9.7323    7.21840      3.621    33.3365    25.6977 -9.990e-29
 219.588015      3.658  36.230983     9.7570    7.21865      3.627    33.3258    25.6853 -9.990e-29
 219.588021      3.674  36.254780     9.7947    7.22703      3.643    33.3153    25.6708 -9.990e-29
 219.588027      3.697  36.285090     9.8274    7.22548      3.666    33.3160    25.6660 -9.990e-29
 219.588032      3.726  36.300065     9.8399    7.21400      3.695    33.3197    25.6668 -9.990e-29
 219.588038      3.757  36.294437     9.8388    7.21248      3.726    33.3149    25.6633 -9.990e-29
 219.588044      3.778  36.286507     9.8373    7.21278      3.746    33.3082    25.6583 -9.990e-29
 219.588050      3.785  36.285891     9.8376    7.21919      3.753    33.3073    25.6575 -9.990e-29
 219.588056      3.780  36.288398     9.8361    7.21950      3.748    33.3113    25.6608 -9.990e-29
 219.588061      3.767  36.290078     9.8342    7.21254      3.736    33.3147    25.6639 -9.990e-29
 219.588067      3.752  36.291486     9.8341    7.20586      3.721    33.3163    25.6651 -9.990e-29
 219.588073      3.740  36.292254     9.8337    7.20336      3.709    33.3174    25.6661 -9.990e-29
 219.588079      3.730  36.290037     9.8313    7.20772      3.699    33.3174    25.6664 -9.990e-29
 219.588084      3.721  36.285801     9.8278    7.21691      3.690    33.3163    25.6662 -9.990e-29
 219.588090      3.712  36.281189     9.8219    7.23771      3.681    33.3171    25.6677 -9.990e-29
 219.588096      3.708  36.275097     9.8101    7.25676      3.677    33.3218    25.6734 -9.990e-29
 219.588102      3.712  36.265009     9.7914    7.26973      3.681    33.3288    25.6819 -9.990e-29
 219.588108      3.720  36.252054     9.7719    7.27013      3.689    33.3336    25.6889 -9.990e-29
 219.588113      3.729  36.243073     9.7603    7.26755      3.698    33.3351    25.6920 -9.990e-29
 219.588119      3.739  36.241230     9.7591    7.27667      3.708    33.3344    25.6916 -9.990e-29
 219.588125      3.746  36.242940     9.7639    7.27674      3.715    33.3316    25.6887 -9.990e-29
 219.588131      3.746  36.244869     9.7686    7.27311      3.715    33.3293    25.6861 -9.990e-29
 219.588137      3.744  36.246221     9.7696    7.26694      3.713    33.3297    25.6863 -9.990e-29
 219.588142      3.745  36.247114     9.7684    7.26727      3.714    33.3317    25.6881 -9.990e-29
 219.588148      3.747  36.249298     9.7684    7.27726      3.716    33.3340    25.6898 -9.990e-29
 219.588154      3.751  36.254000     9.7712    7.27713      3.720    33.3362    25.6911 -9.990e-29
 219.588160      3.758  36.257952     9.7745    7.27678      3.727    33.3372    25.6913 -9.990e-29
 219.588166      3.764  36.259128     9.7759    7.27929      3.733    33.3371    25.6910 -9.990e-29
 219.588171      3.760  36.259655     9.7760    7.27557      3.729    33.3375    25.6913 -9.990e-29
 219.588177      3.746  36.260234     9.7760    7.28324      3.715    33.3381    25.6918 -9.990e-29
 219.588183      3.730  36.260513     9.7763    7.28106      3.699    33.3381    25.6917 -9.990e-29
 219.588189      3.719  36.260861     9.7776    7.26708      3.688    33.3373    25.6909 -9.990e-29
 219.588194      3.717  36.262302     9.7797    7.26886      3.686    33.3368    25.6902 -9.990e-29
 219.588200      3.720  36.265072     9.7818    7.27511      3.689    33.3377    25.6905 -9.990e-29
 219.588206      3.723  36.267254     9.7831    7.28027      3.692    33.3387    25.6911 -9.990e-29
 219.588212      3.727  36.268390     9.7840    7.27424      3.696    33.3391    25.6912 -9.990e-29
 219.588218      3.731  36.270553     9.7854    7.26656      3.700    33.3400    25.6917 -9.990e-29
 219.588223      3.737  36.273820     9.7884    7.25230      3.706    33.3405    25.6916 -9.990e-29
 219.588229      3.744  36.276375     9.7940    7.25856      3.713    33.3380    25.6887 -9.990e-29
 219.588235      3.753  36.278255     9.8024    7.26497      3.722    33.3321    25.6827 -9.990e-29
 219.588241      3.765  36.280844     9.8112    7.25859      3.734    33.3266    25.6769 -9.990e-29
 219.588247      3.776  36.284226     9.8172    7.25725      3.744    33.3245    25.6743 -9.990e-29
 219.588252      3.783  36.286739     9.8192    7.24505      3.751    33.3252    25.6745 -9.990e-29
 219.588258      3.789  36.287246     9.8178    7.25182      3.757    33.3270    25.6762 -9.990e-29
 219.588264      3.796  36.285861     9.8161    7.25721      3.764    33.3272    25.6766 -9.990e-29
 219.588270      3.800  36.284101     9.8164    7.25222      3.768    33.3251    25.6749 -9.990e-29
 219.588275      3.801  36.283540     9.8179    7.25929      3.769    33.3231    25.6731 -9.990e-29
 219.588281      3.794  36.283803     9.8183    7.26359      3.762    33.3230    25.6730 -9.990e-29
 219.588287      3.776  36.284122     9.8172    7.26709      3.744    33.3244    25.6742 -9.990e-29
 219.588293      3.749  36.284184     9.8171    7.26182      3.718    33.3245    25.6744 -9.990e-29
 219.588299      3.720  36.284094     9.8185    7.24453      3.689    33.3232    25.6731 -9.990e-29
 219.588304      3.696  36.284685     9.8200    7.24047      3.665    33.3224    25.6722 -9.990e-29
 219.588310      3.683  36.286203     9.8213    7.24881      3.652    33.3227    25.6723 -9.990e-29
 219.588316      3.681  36.287889     9.8225    7.26457      3.650    33.3234    25.6726 -9.990e-29
 219.588322      3.681  36.288644     9.8230    7.25933      3.650    33.3237    25.6727 -9.990e-29
 219.588328      3.680  36.288372     9.8230    7.24023      3.649    33.3234    25.6725 -9.990e-29
 219.588333      3.676  36.288411     9.8235    7.23893      3.645    33.3230    25.6721 -9.990e-29
 219.588339      3.675  36.289395     9.8249    7.23931      3.644    33.3227    25.6716 -9.990e-29
 219.588345      3.683  36.290970     9.8269    7.26191      3.652    33.3224    25.6711 -9.990e-29
 219.588351      3.703  36.292452     9.8285    7.26923      3.672    33.3225    25.6709 -9.990e-29
 219.588356      3.722  36.293031     9.8293    7.25077      3.691    33.3223    25.6706 -9.990e-29
 219.588362      3.729  36.292938     9.8297    7.24522      3.698    33.3218    25.6702 -9.990e-29
 219.588368      3.724  36.293188     9.8305    7.24438      3.693    33.3214    25.6697 -9.990e-29
 219.588374      3.715  36.294134     9.8320    7.25018      3.684    33.3209    25.6691 -9.990e-29
 219.588380      3.711  36.295933     9.8340    7.24821      3.680    33.3209    25.6687 -9.990e-29
 219.588385      3.716  36.298200     9.8356    7.24420      3.685    33.3218    25.6691 -9.990e-29
 219.588391      3.724  36.299489     9.8361    7.24303      3.693    33.3226    25.6697 -9.990e-29
 219.588397      3.729  36.299295     9.8360    7.24721      3.698    33.3225    25.6696 -9.990e-29
 219.588403      3.727  36.298501     9.8357    7.26137      3.696    33.3220    25.6693 -9.990e-29
 219.588409      3.721  36.297748     9.8337    7.25308      3.690    33.3230    25.6705 -9.990e-29
 219.588414      3.716  36.296050     9.8304    7.24466      3.685    33.3244    25.6720 -9.990e-29
 219.588420      3.706  36.293968     9.8295    7.24005      3.675    33.3231    25.6712 -9.990e-29
 219.588426      3.688  36.293791     9.8318    7.22715      3.657    33.3208    25.6690 -9.990e-29
 219.588432      3.664  36.294741     9.8338    7.23066      3.633    33.3199    25.6680 -9.990e-29
 219.588438      3.640  36.295300     9.8324    7.22804      3.610    33.3218    25.6697 -9.990e-29
 219.588443      3.630  36.293989     9.8247    7.22791      3.600    33.3276    25.6755 -9.990e-29
 219.588449      3.639  36.287399     9.8136    7.23272      3.609    33.3311    25.6801 -9.990e-29
 219.588455      3.661  36.280784     9.8069    7.24275      3.630    33.3306    25.6808 -9.990e-29
 219.588461      3.680  36.280485     9.8050    7.24554      3.649    33.3320    25.6822 -9.990e-29
 219.588466      3.689  36.280510     9.8053    7.24709      3.658    33.3317    25.6819 -9.990e-29
 219.588472      3.691  36.279226     9.8079    7.24494      3.660    33.3280    25.6786 -9.990e-29
 219.588478      3.692  36.279428     9.8111    7.24193      3.661    33.3253    25.6759 -9.990e-29
 219.588484      3.692  36.280282     9.8128    7.24673      3.661    33.3246    25.6751 -9.990e-29
 219.588490      3.690  36.281263     9.8132    7.25808      3.659    33.3252    25.6755 -9.990e-29
 219.588495      3.687  36.282016     9.8141    7.25098      3.656    33.3251    25.6753 -9.990e-29
 219.588501      3.682  36.282442     9.8159    7.23786      3.651    33.3239    25.6741 -9.990e-29
 219.588507      3.675  36.282568     9.8181    7.21470      3.644    33.3220    25.6722 -9.990e-29
 219.588513      3.666  36.283141     9.8205    7.22436      3.635    33.3204    25.6705 -9.990e-29
 219.588519      3.659  36.284384     9.8220    7.24396      3.628    33.3203    25.6702 -9.990e-29
 219.588524      3.656  36.285170     9.8205    7.26570      3.625    33.3224    25.6722 -9.990e-29
 219.588530      3.658  36.284321     9.8148    7.27488      3.627    33.3269    25.6766 -9.990e-29
 219.588536      3.670  36.281846     9.8046    7.27178      3.639    33.3338    25.6836 -9.990e-29
 219.588542      3.691  36.275027     9.7942    7.26641      3.660    33.3364    25.6874 -9.990e-29
 219.588547      3.716  36.261519     9.7920    7.26995      3.685    33.3246    25.6786 -9.990e-29
 219.588553      3.736  36.254738     9.7992    7.27071      3.705    33.3110    25.6668 -9.990e-29
 219.588559      3.745  36.263046     9.8081    7.26647      3.714    33.3113    25.6655 -9.990e-29
 219.588565      3.744  36.272298     9.8124    7.26834      3.713    33.3168    25.6691 -9.990e-29
 219.588571      3.740  36.276341     9.8099    7.27127      3.709    33.3232    25.6745 -9.990e-29
 219.588576      3.738  36.275539     9.8025    7.27378      3.707    33.3292    25.6805 -9.990e-29
 219.588582      3.737  36.269967     9.7971    7.28150      3.706    33.3285    25.6808 -9.990e-29
 219.588588      3.734  36.268477     9.7984    7.27929      3.703    33.3258    25.6785 -9.990e-29
 219.588594      3.723  36.273025     9.8031    7.27779      3.692    33.3261    25.6779 -9.990e-29
 219.588600      3.709  36.278475     9.8064    7.27403      3.678    33.3286    25.6793 -9.990e-29
 219.588605      3.699  36.282579     9.8074    7.27174      3.668    33.3319    25.6817 -9.990e-29
 219.588611      3.696  36.284098     9.8060    7.27062      3.665    33.3348    25.6842 -9.990e-29
 219.588617      3.701  36.282835     9.8021    7.26894      3.670    33.3371    25.6866 -9.990e-29
 219.588623      3.714  36.280488     9.7981    7.27012      3.683    33.3384    25.6883 -9.990e-29
 219.588628      3.731  36.281800     9.7971    7.27726      3.700    33.3406    25.6903 -9.990e-29
 219.588634      3.744  36.286855     9.7983    7.28456      3.713    33.3447    25.6932 -9.990e-29
 219.588640      3.747  36.288948     9.7994    7.29536      3.716    33.3458    25.6939 -9.990e-29
 219.588646      3.740  36.288085     9.8001    7.29634      3.709    33.3443    25.6926 -9.990e-29
 219.588652      3.730  36.286499     9.8005    7.28235      3.699    33.3423    25.6910 -9.990e-29
 219.588657      3.720  36.283777     9.8001    7.25747      3.689    33.3399    25.6892 -9.990e-29
 219.588663      3.712  36.283042     9.7999    7.24007      3.681    33.3393    25.6888 -9.990e-29
 219.588669      3.703  36.286697     9.8020    7.24345      3.672    33.3411    25.6898 -9.990e-29
 219.588675      3.698  36.293465     9.8069    7.24993      3.667    33.3435    25.6909 -9.990e-29
 219.588681      3.700  36.300049     9.8138    7.25367      3.669    33.3438    25.6900 -9.990e-29
 219.588686      3.706  36.302346     9.8196    7.24491      3.675    33.3408    25.6867 -9.990e-29
 219.588692      3.711  36.298389     9.8201    7.24038      3.680    33.3363    25.6831 -9.990e-29
 219.588698      3.717  36.290214     9.8167    7.25227      3.686    33.3311    25.6796 -9.990e-29
 219.588704      3.723  36.282648     9.8159    7.26863      3.692    33.3241    25.6742 -9.990e-29
 219.588709      3.729  36.279080     9.8185    7.26869      3.698    33.3180    25.6691 -9.990e-29
