data/oxygen options/ONMS/Olympic_Coast_National_Marine_Sanctuary_CTD_Data_2005_2023/raw_data/2006/CTD_CA015_050306faedb.cnv
* Sea-Bird SBE19 Data File:
* FileName = C:\MOORING_DATA_2006\CTD_CA015_050306.hex
* Software Version 1.1.6
* Temperature SN = 2997
* Conductivity SN = 2997
* System UpLoad Time = May 03 2006 16:02:11
** CA15 COMPARISON
* SEACAT PROFILER V3.1c SN 2997   05/03/06  16:01:01.503
# nquan = 9
# nvalues = 27                          
# units = specified
# name 0 = timeJ: Julian Days
# name 1 = prSM: Pressure, Strain Gauge [db]
# name 2 = c0mS/cm: Conductivity [mS/cm]
# name 3 = t090C: Temperature [ITS-90, deg C]
# name 4 = oxML/L: Oxygen, Beckman/YSI [ml/l]
# name 5 = depSM: Depth [salt water, m], lat = 47.5
# name 6 = sal00: Salinity, Practical [PSU]
# name 7 = sigma-é00: Density [sigma-theta, kg/m^3]
# name 8 = flag: flag
# span 0 = 122.435702, 123.655839       
# span 1 =      2.000,     29.000       
# span 2 =  34.606191,  35.570173       
# span 3 =     7.9975,     9.4560       
# span 4 =    2.83075,    5.20318       
# span 5 =      1.983,     28.756       
# span 6 =    32.9265,    33.5611       
# span 7 =    25.4225,    26.1312       
# span 8 = 0.0000e+00, 0.0000e+00       
# interval = decibars: 1                
# start_time = May 03 2006 15:40:38 [Instrument's time stamp, header]
# bad_flag = -9.990e-29
*END*
 123.655490      2.000  35.570173     9.4560    5.20318      1.983    32.9265    25.4225 0.0000e+00
 123.655514      3.000  35.540748     9.3866    5.03326      2.975    32.9597    25.4595 0.0000e+00
 123.655532      4.000  35.489249     9.2967    4.89430      3.966    32.9889    25.4968 0.0000e+00
 123.655547      5.000  35.456433     9.2361    4.74863      4.958    33.0106    25.5234 0.0000e+00
 123.655560      6.000  35.448436     9.2049    4.65274      5.950    33.0307    25.5441 0.0000e+00
 123.655572      7.000  35.432727     9.1521    4.53411      6.941    33.0629    25.5777 0.0000e+00
 123.655584      8.000  35.373032     9.0400    4.40978      7.933    33.1047    25.6281 0.0000e+00
 123.655597      9.000  35.337660     8.9748    4.33755      8.925    33.1282    25.6567 0.0000e+00
 123.655610     10.000  35.316880     8.9065    4.24095      9.916    33.1698    25.7000 0.0000e+00
 123.655623     11.000  35.279270     8.8368    4.11246     10.908    33.1952    25.7307 0.0000e+00
 123.655635     12.000  35.265123     8.8061    3.99948     11.899    33.2088    25.7461 0.0000e+00
 123.655646     13.000  35.267646     8.7679    3.90513     12.891    33.2467    25.7818 0.0000e+00
 123.655659     14.000  35.249740     8.6984    3.83332     13.883    33.2930    25.8287 0.0000e+00
 123.655671     15.000  35.222915     8.6499    3.79328     14.874    33.3100    25.8494 0.0000e+00
 123.655684     16.000  35.200083     8.6089    3.77019     15.866    33.3241    25.8668 0.0000e+00
 123.655696     17.000  35.181857     8.5760    3.73548     16.858    33.3356    25.8808 0.0000e+00
 123.655709     18.000  35.171729     8.5594    3.67072     17.849    33.3401    25.8870 0.0000e+00
 123.655722     19.000  35.163271     8.5317    3.57631     18.841    33.3568    25.9044 0.0000e+00
 123.655734     20.000  35.136175     8.4657    3.47353     19.833    33.3903    25.9406 0.0000e+00
 123.655747     21.000  35.089954     8.3979    3.36894     20.824    33.4053    25.9627 0.0000e+00
 123.655761     22.000  35.062855     8.3316    3.28238     21.815    33.4392    25.9992 0.0000e+00
 123.655775     23.000  35.043320     8.2881    3.20085     22.807    33.4594    26.0215 0.0000e+00
 123.655790     24.000  35.029026     8.2414    3.08856     23.798    33.4882    26.0512 0.0000e+00
 123.655804     25.000  35.002646     8.1786    2.98858     24.790    33.5196    26.0853 0.0000e+00
 123.655820     26.000  34.979988     8.1220    2.93053     25.782    33.5491    26.1168 0.0000e+00
 123.655839     27.000  34.961242     8.0883    2.93068     26.772    33.5611    26.1312 0.0000e+00
 122.435702     29.000  34.606191     7.9975    2.83075     28.756    33.2285    25.8739 0.0000e+00
