data/oxygen options/ONMS/Olympic_Coast_National_Marine_Sanctuary_CTD_Data_2005_2023/raw_data/2006/CTD_MB042_100306faed.cnv
* Sea-Bird SBE19 Data File:
* FileName = C:\MOORING_DATA_2006\CTD_MB042_100306.hex
* Software Version 1.1.6
* Temperature SN = 2997
* Conductivity SN = 2997
* System UpLoad Time = Oct 03 2006 13:26:59
* SEACAT PROFILER V3.1c SN 2997   10/03/06  13:27:19.068
* strain gauge pressure sensor: S/N = 184829,  range = 3000 psia,  tc = 40
# nquan = 9                                 
# nvalues = 1998                        
# units = specified
# name 0 = timeJ: Julian Days
# name 1 = prSM: Pressure, Strain Gauge [db]
# name 2 = c0mS/cm: Conductivity [mS/cm]
# name 3 = t090C: Temperature [ITS-90, deg C]
# name 4 = oxML/L: Oxygen, Beckman/YSI [ml/l]
# name 5 = depSM: Depth [salt water, m], lat = 47.5
# name 6 = sal00: Salinity, Practical [PSU]
# name 7 = sigma-é00: Density [sigma-theta, kg/m^3]
# name 8 = flag: flag
# span 0 = 276.542824, 276.554381       
# span 1 =     -4.720,     42.531       
# span 2 =   0.166651,  37.323384       
# span 3 =     8.1977,    12.3682       
# span 4 =  -12.48228,   37.47831       
# span 5 =     -4.681,     42.172       
# span 6 =     0.1053,    33.6779       
# span 7 =    -0.4612,    26.2067       
# span 8 = 0.0000e+00, 0.0000e+00       
# interval = seconds: 0.5
# start_time = Oct 03 2006 13:01:40 [Instrument's time stamp, header]
# bad_flag = -9.990e-29
*END*
[from data line 1921]
 276.553941      4.864  36.978570    11.1757    5.86461      4.823    32.7874    25.0218 -9.990e-29
 276.553947      4.872  36.979919    11.1760    5.86102      4.831    32.7885    25.0226 -9.990e-29
 276.553953      4.886  36.980284    11.1766    5.85918      4.845    32.7883    25.0223 -9.990e-29
 276.553958      4.906  36.980719    11.1771    5.85972      4.865    32.7883    25.0222 -9.990e-29
 276.553964      4.929  36.981433    11.1774    5.88076      4.888    32.7887    25.0225 -9.990e-29
 276.553970      4.947  36.982258    11.1774    5.88298      4.906    32.7895    25.0231 -9.990e-29
 276.553976      4.959  36.982797    11.1770    5.87653      4.918    32.7904    25.0239 -9.990e-29
 276.553981      4.965  36.982650    11.1765    5.86442      4.924    32.7907    25.0242 -9.990e-29
 276.553987      4.964  36.981807    11.1760    5.85410      4.923    32.7903    25.0240 -9.990e-29
 276.553993      4.962  36.981388    11.1760    5.86376      4.921    32.7899    25.0237 -9.990e-29
 276.553999      4.962  36.981956    11.1764    5.87736      4.921    32.7901    25.0238 -9.990e-29
 276.554005      4.961  36.982585    11.1766    5.88393      4.920    32.7906    25.0241 -9.990e-29
 276.554010      4.953  36.982432    11.1762    5.88184      4.912    32.7908    25.0243 -9.990e-29
 276.554016      4.934  36.980730    11.1752    5.86873      4.893    32.7900    25.0239 -9.990e-29
 276.554022      4.902  36.978015    11.1743    5.86370      4.861    32.7881    25.0226 -9.990e-29
 276.554028      4.874  36.975715    11.1741    5.87008      4.833    32.7860    25.0210 -9.990e-29
 276.554034      4.864  36.975253    11.1750    5.88271      4.823    32.7848    25.0199 -9.990e-29
 276.554039      4.871  36.978259    11.1766    5.88647      4.830    32.7863    25.0208 -9.990e-29
 276.554045      4.884  36.983130    11.1775    5.88503      4.843    32.7903    25.0237 -9.990e-29
 276.554051      4.889  36.985702    11.1775    5.87329      4.848    32.7929    25.0257 -9.990e-29
 276.554057      4.884  36.985475    11.1777    5.86727      4.843    32.7925    25.0254 -9.990e-29
 276.554062      4.868  36.984954    11.1784    5.87685      4.827    32.7913    25.0244 -9.990e-29
 276.554068      4.840  36.985126    11.1789    5.88692      4.800    32.7911    25.0241 -9.990e-29
 276.554074      4.798  36.985658    11.1788    5.88436      4.758    32.7917    25.0246 -9.990e-29
 276.554080      4.739  36.985577    11.1783    5.87163      4.699    32.7921    25.0250 -9.990e-29
 276.554086      4.664  36.984214    11.1776    5.85744      4.625    32.7914    25.0246 -9.990e-29
 276.554091      4.581  36.981995    11.1768    5.85579      4.543    32.7900    25.0236 -9.990e-29
 276.554097      4.502  36.980452    11.1764    5.86087      4.464    32.7888    25.0228 -9.990e-29
 276.554103      4.426  36.980894    11.1763    5.87020      4.389    32.7894    25.0232 -9.990e-29
 276.554109      4.335  36.981668    11.1755    5.88317      4.299    32.7909    25.0245 -9.990e-29
 276.554115      4.211  36.979878    11.1739    5.88199      4.176    32.7906    25.0246 -9.990e-29
 276.554120      4.042  36.974820    11.1724    5.87412      4.008    32.7870    25.0221 0.0000e+00
 276.554126      3.834  36.968164    11.1733    5.85725      3.802    32.7797    25.0162 0.0000e+00
 276.554132      3.608  36.963376    11.1778    5.86469      3.578    32.7711    25.0087 0.0000e+00
 276.554138      3.376  36.963611    11.1858    5.88716      3.348    32.7643    25.0020 0.0000e+00
 276.554144      3.139  36.970867    11.1987    5.88190      3.113    32.7601    24.9964 0.0000e+00
 276.554149      2.904  36.991456    11.2207    5.82391      2.880    32.7609    24.9931 0.0000e+00
 276.554155      2.678  37.024222    11.2522    5.79649      2.656    32.7653    24.9908 0.0000e+00
 276.554161      2.458  37.046660    11.2935    5.77589      2.437    32.7507    24.9721 0.0000e+00
 276.554167      2.244  37.058398    11.3493    6.43255      2.225    32.7129    24.9326 0.0000e+00
 276.554172      2.040  37.082949    11.4084    6.93207      2.023    32.6847    24.9001 0.0000e+00
 276.554178      1.849  37.118834    11.4528    6.93252      1.834    32.6807    24.8889 0.0000e+00
 276.554184      1.672  37.149396    11.4783    6.94641      1.658    32.6881    24.8901 0.0000e+00
 276.554190      1.507  37.155932    11.4857    7.01512      1.494    32.6881    24.8887 0.0000e+00
 276.554196      1.355  37.124164    11.4804    7.15852      1.344    32.6617    24.8692 0.0000e+00
 276.554201      1.225  37.034739    11.4692    7.24970      1.215    32.5841    24.8109 -9.990e-29
 276.554207      1.120  36.816110    11.4548    7.30792      1.111    32.3828    24.6571 -9.990e-29
 276.554213      1.039  36.228945    11.4393    7.34582      1.030    31.8225    24.2244 -9.990e-29
 276.554219      0.976  34.524014    11.4236    7.24919      0.968    30.1769    22.9491 -9.990e-29
 276.554225      0.928  29.445465    11.4065    7.18414      0.920    25.3202    19.1845 -9.990e-29
 276.554230      0.890  20.189459    11.3855    7.06720      0.883    16.7499    12.5525 -9.990e-29
 276.554236      0.862  11.117292    11.3583    6.94947      0.855     8.7738     6.3860 -9.990e-29
 276.554242      0.841   6.054102    11.3253    6.86279      0.834     4.5704     3.1331 -9.990e-29
 276.554248      0.825   4.004323    11.2898    6.90004      0.818     2.9436     1.8738 -9.990e-29
 276.554253      0.814   3.145713    11.2580    7.02881      0.807     2.2802     1.3612 -9.990e-29
 276.554259      0.807   2.953381    11.2352    7.20661      0.800     2.1340     1.2499 -9.990e-29
 276.554265      0.803   3.203052    11.2210    7.33998      0.796     2.3266     1.4014 -9.990e-29
 276.554271      0.803   3.453786    11.2106    7.40113      0.796     2.5209     1.5538 -9.990e-29
 276.554277      0.806   3.608267    11.2013    7.39143      0.799     2.6415     1.6486 -9.990e-29
 276.554282      0.812   3.776829    11.1960    7.36878      0.805     2.7732     1.7516 -9.990e-29
 276.554288      0.818   3.791322    11.1971   -3.32226      0.811     2.7844     1.7603 -9.990e-29
 276.554294      0.820   3.664465    11.2031  -11.06731      0.813     2.6851     1.6823 -9.990e-29
 276.554300      0.818   3.449998    11.2129  -12.48228      0.811     2.5178     1.5511 -9.990e-29
 276.554306      0.811   3.093670    11.2254   -9.59241      0.804     2.2422     1.3352 -9.990e-29
 276.554311      0.804   2.690965    11.2388   -2.43180      0.797     1.9337     1.0935 -9.990e-29
 276.554317      0.800   2.355428    11.2519   -0.36968      0.793     1.6792     0.8937 -9.990e-29
 276.554323      0.795   2.111185    11.2658   -0.17491      0.788     1.4954     0.7490 -9.990e-29
 276.554329      0.785   1.931316    11.2846 -9.990e-29      0.778     1.3608     0.6420 -9.990e-29
 276.554334      0.772   1.788637    11.3104 -9.990e-29      0.766     1.2543     0.5561 -9.990e-29
 276.554340      0.760   1.672776    11.3392 -9.990e-29      0.754     1.1681     0.4857 -9.990e-29
 276.554346      0.749   1.581352    11.3658 -9.990e-29      0.743     1.1003     0.4299 -9.990e-29
 276.554352      0.738   1.507922    11.3878 -9.990e-29      0.732     1.0461     0.3852 -9.990e-29
 276.554358      0.731   1.442831    11.4055 -9.990e-29      0.725     0.9983     0.3460 -9.990e-29
 276.554363      0.730   1.385319    11.4211 -9.990e-29      0.724     0.9562     0.3114 -9.990e-29
 276.554369      0.733   1.340288    11.4354 -9.990e-29      0.727     0.9233     0.2842 -9.990e-29
 276.554375      0.735   1.305970    11.4420 -9.990e-29      0.729     0.8984     0.2640 -9.990e-29
 276.554381      0.735   1.277118 -9.990e-29 -9.990e-29      0.729 -9.990e-29 -9.990e-29 -9.990e-29
