data/oxygen options/ONMS/Olympic_Coast_National_Marine_Sanctuary_CTD_Data_2005_2023/raw_data/2006/CTD_CE042_082506faed.cnv
* Sea-Bird SBE19 Data File:
* FileName = C:\MOORING_DATA_2006\CTD_CE042_082506.hex
* Software Version 1.1.6
* Temperature SN = 2997
* Conductivity SN = 2997
* System UpLoad Time = Sep 25 2006 14:26:30
* SEACAT PROFILER V3.1c SN 2997   09/25/06  14:27:37.462
* strain gauge pressure sensor: S/N = 184829,  range = 3000 psia,  tc = 40
# nquan = 9                                 
# nvalues = 1702                        
# units = specified
# name 0 = timeJ: Julian Days
# name 1 = prSM: Pressure, Strain Gauge [db]
# name 2 = c0mS/cm: Conductivity [mS/cm]
# name 3 = t090C: Temperature [ITS-90, deg C]
# name 4 = oxML/L: Oxygen, Beckman/YSI [ml/l]
# name 5 = depSM: Depth [salt water, m], lat = 47.5
# name 6 = sal00: Salinity, Practical [PSU]
# name 7 = sigma-é00: Density [sigma-theta, kg/m^3]
# name 8 = flag: flag
# span 0 = 268.579410, 268.589253       
# span 1 =     -3.062,     49.017       
# span 2 =   2.079173,  37.745904       
# span 3 =     7.7255,    14.7248       
# span 4 =   -0.05749,   30.25342       
# span 5 =     -3.036,     48.602       
# span 6 =     1.3472,    33.8076       
# span 7 =     0.1939,    26.3770       
# span 8 = 0.0000e+00, 0.0000e+00       
# interval = seconds: 0.5
# start_time = Sep 25 2006 13:54:21 [Instrument's time stamp, header]
# bad_flag = -9.990e-29
*END*
[from data line 1601]
 268.588675      4.163  37.202006    12.5754    7.32746      4.128    31.7898    23.9891 -9.990e-29
 268.588681      4.168  37.200978    12.5827    7.32475      4.133    31.7827    23.9822 -9.990e-29
 268.588686      4.167  37.199001    12.5921    7.32040      4.132    31.7729    23.9728 -9.990e-29
 268.588692      4.161  37.196825    12.5985    7.30967      4.126    31.7654    23.9658 -9.990e-29
 268.588698      4.154  37.194934    12.6006    7.29899      4.119    31.7619    23.9626 -9.990e-29
 268.588704      4.154  37.193636    12.5993    7.30522      4.119    31.7617    23.9628 -9.990e-29
 268.588709      4.160  37.192903    12.5976    7.30348      4.125    31.7625    23.9637 -9.990e-29
 268.588715      4.164  37.192341    12.5975    7.31213      4.129    31.7620    23.9633 -9.990e-29
 268.588721      4.163  37.191781    12.5988    7.34067      4.128    31.7604    23.9618 -9.990e-29
 268.588727      4.161  37.191619    12.6002    7.35695      4.126    31.7590    23.9605 -9.990e-29
 268.588733      4.166  37.191659    12.6012    7.37166      4.131    31.7582    23.9597 -9.990e-29
 268.588738      4.174  37.191414    12.6043    7.38659      4.139    31.7554    23.9569 -9.990e-29
 268.588744      4.173  37.191138    12.6116    7.36206      4.138    31.7490    23.9505 -9.990e-29
 268.588750      4.167  37.191044    12.6195    7.33994      4.132    31.7422    23.9438 -9.990e-29
 268.588756      4.164  37.191028    12.6212    7.31855      4.129    31.7408    23.9424 -9.990e-29
 268.588762      4.164  37.192213    12.6138    7.31539      4.129    31.7481    23.9495 -9.990e-29
 268.588767      4.167  37.195082    12.6022    7.34071      4.132    31.7606    23.9614 -9.990e-29
 268.588773      4.170  37.197311    12.5962    7.38053      4.135    31.7678    23.9681 -9.990e-29
 268.588779      4.167  37.197402    12.5989    7.40775      4.132    31.7656    23.9659 -9.990e-29
 268.588785      4.158  37.196054    12.6068    7.40515      4.123    31.7577    23.9582 -9.990e-29
 268.588791      4.148  37.194294    12.6201    7.41496      4.113    31.7448    23.9457 -9.990e-29
 268.588796      4.140  37.192042    12.6398    7.41976      4.105    31.7261    23.9274 -9.990e-29
 268.588802      4.129  37.187999    12.6587    7.41060      4.094    31.7063    23.9085 -9.990e-29
 268.588808      4.115  37.183529    12.6674    7.40312      4.081    31.6948    23.8979 -9.990e-29
 268.588814      4.105  37.181670    12.6644    7.37335      4.071    31.6956    23.8991 -9.990e-29
 268.588819      4.102  37.183334    12.6548    7.36760      4.068    31.7052    23.9084 -9.990e-29
 268.588825      4.103  37.186835    12.6483    7.40209      4.069    31.7140    23.9164 -9.990e-29
 268.588831      4.099  37.187326    12.6523    7.41684      4.065    31.7111    23.9134 -9.990e-29
 268.588837      4.086  37.183795    12.6592    7.44132      4.052    31.7020    23.9050 -9.990e-29
 268.588843      4.070  37.181650    12.6570    7.44171      4.036    31.7018    23.9053 -9.990e-29
 268.588848      4.064  37.184222    12.6466    7.40931      4.030    31.7130    23.9160 -9.990e-29
 268.588854      4.067  37.188796    12.6396    7.39003      4.033    31.7232    23.9252 -9.990e-29
 268.588860      4.072  37.190270    12.6462    7.39102      4.038    31.7190    23.9207 -9.990e-29
 268.588866      4.074  37.186703    12.6623    7.38496      4.040    31.7021    23.9046 -9.990e-29
 268.588872      4.077  37.181208    12.6730    7.39951      4.043    31.6879    23.8915 -9.990e-29
 268.588877      4.087  37.178261    12.6717    7.41572      4.053    31.6862    23.8904 -9.990e-29
 268.588883      4.103  37.179565    12.6640    7.43089      4.069    31.6939    23.8979 -9.990e-29
 268.588889      4.123  37.184078    12.6579    7.41951      4.089    31.7033    23.9063 -9.990e-29
 268.588895      4.139  37.187740    12.6611    7.38400      4.104    31.7041    23.9063 -9.990e-29
 268.588900      4.147  37.187039    12.6741    7.37154      4.112    31.6925    23.8948 -9.990e-29
 268.588906      4.150  37.182741    12.6906    7.38969      4.115    31.6745    23.8778 -9.990e-29
 268.588912      4.145  37.176990    12.7048    7.41612      4.110    31.6572    23.8616 -9.990e-29
 268.588918      4.138  37.172237    12.7098    7.44220      4.103    31.6485    23.8539 -9.990e-29
 268.588924      4.137  37.171143    12.6997    7.42952      4.102    31.6559    23.8616 -9.990e-29
 268.588929      4.142  37.176199    12.6806    7.37625      4.107    31.6767    23.8814 -9.990e-29
 268.588935      4.143  37.184633    12.6706    7.33918      4.108    31.6931    23.8960 -9.990e-29
 268.588941      4.138  37.188078    12.6823    7.35105      4.103    31.6866    23.8887 -9.990e-29
 268.588947      4.126  37.183287    12.7064    7.37984      4.092    31.6618    23.8649 -9.990e-29
 268.588953      4.106  37.175669    12.7219    7.35399      4.072    31.6416    23.8463 -9.990e-29
 268.588958      4.081  37.171919    12.7180    7.31253      4.047    31.6413    23.8468 -9.990e-29
 268.588964      4.058  37.174355    12.6971    7.29471      4.024    31.6612    23.8662 -9.990e-29
 268.588970      4.036  37.181203    12.6762    7.32716      4.002    31.6852    23.8888 -9.990e-29
 268.588976      4.004  37.185346    12.6757    7.43639      3.971    31.6896    23.8923 -9.990e-29
 268.588981      3.957  37.181105    12.6863    7.54556      3.924    31.6767    23.8803 -9.990e-29
 268.588987      3.895  37.174619    12.6877    7.53729      3.862    31.6694    23.8743 -9.990e-29
 268.588993      3.819  37.175771    12.6917    7.52470      3.787    31.6671    23.8718 -9.990e-29
 268.588999      3.724  37.178829    12.7342    7.57365      3.693    31.6344    23.8384 -9.990e-29
 268.589005      3.609  37.167699    12.8308    7.63869      3.579    31.5431    23.7491 -9.990e-29
 268.589010      3.469  37.140459    12.9670    7.79772      3.440    31.4042    23.6153 0.0000e+00
 268.589016      3.306  37.110172    13.1272    7.99949      3.278    31.2435    23.4599 0.0000e+00
 268.589022      3.130  37.082487    13.2826    8.25980      3.104    31.0904    23.3111 0.0000e+00
 268.589028      2.946  37.056434    13.4150    8.54094      2.921    30.9584    23.1831 0.0000e+00
 268.589034      2.753  37.025372    13.5456    8.76282      2.730    30.8240    23.0534 0.0000e+00
 268.589039      2.545  36.980464    13.6805    8.69047      2.524    30.6742    22.9110 0.0000e+00
 268.589045      2.323  36.938714    13.8219    8.49236      2.304    30.5231    22.7660 0.0000e+00
 268.589051      2.094  36.927504    13.9852    8.30566      2.077    30.3836    22.6256 0.0000e+00
 268.589057      1.861  36.957731    14.1500    8.23714      1.845    30.2815    22.5136 0.0000e+00
 268.589063      1.625  37.019822    14.2754    8.83458      1.611    30.2399    22.4559 0.0000e+00
 268.589068      1.398  37.086123    14.3505    8.80607      1.386    30.2414    22.4417 0.0000e+00
 268.589074      1.187  37.134596    14.3857    7.97796      1.177    30.2579    22.4472 0.0000e+00
 268.589080      0.998  37.152515    14.3923    7.18212      0.990    30.2690    22.4544 0.0000e+00
 268.589086      0.839  37.129028    14.3870    6.71977      0.832    30.2520    22.4423 0.0000e+00
 268.589091      0.706  37.061451    14.3802    6.65082      0.700    30.1961    22.4007 -9.990e-29
 268.589097      0.600  36.934861    14.3728    6.75553      0.595    30.0873    22.3184 -9.990e-29
 268.589103      0.519  36.666303    14.3655    6.86647      0.515    29.8500    22.1370 -9.990e-29
 268.589109      0.457  35.965027    14.3598    6.94794      0.453    29.2211    21.6537 -9.990e-29
 268.589115      0.411  33.944814    14.3578    6.94242      0.408    27.4084    20.2584 -9.990e-29
 268.589120      0.378  28.477340    14.3593    6.95429      0.375    22.5771    16.5429 -9.990e-29
 268.589126      0.355  19.191157    14.3619    6.99577      0.352    14.6548    10.4612 -9.990e-29
 268.589132      0.340  10.412098    14.3642    6.98953      0.337     7.5539     5.0134 -9.990e-29
 268.589138      0.334   5.739727    14.3661    7.02948      0.331     3.9862     2.2718 -9.990e-29
 268.589144      0.336   4.238633    14.3683    7.07343      0.333     2.8850     1.4237 -9.990e-29
 268.589149      0.341   3.835207    14.3715    7.06596      0.338     2.5938     1.1988 -9.990e-29
 268.589155      0.346   3.528784    14.3754    7.05409      0.343     2.3740     1.0289 -9.990e-29
 268.589161      0.351   3.150903    14.3799    7.04444      0.348     2.1051     0.8208 -9.990e-29
 268.589167      0.351   2.822296    14.3857    6.99730      0.348     1.8731     0.6410 -9.990e-29
 268.589172      0.344   2.722394    14.3944    6.94906      0.341     1.8027     0.5854 -9.990e-29
 268.589178      0.327   2.868837    14.4083    6.91772      0.324     1.9047     0.6621 -9.990e-29
 268.589184      0.305   2.969211    14.4265    6.89712      0.302     1.9744     0.7131 -9.990e-29
 268.589190      0.285   3.044631    14.4450    6.88524      0.283     2.0266     0.7506 -9.990e-29
 268.589196      0.269   3.265018    14.4606    6.86508      0.267     2.1815     0.8678 -9.990e-29
 268.589201      0.257   3.362106    14.4732 -9.990e-29      0.255     2.2496     0.9184 -9.990e-29
 268.589207      0.247   3.246543    14.4851 -9.990e-29      0.245     2.1671     0.8530 -9.990e-29
 268.589213      0.240   3.067008    14.4995 -9.990e-29      0.238     2.0396     0.7525 -9.990e-29
 268.589219      0.235   2.774101    14.5223 -9.990e-29      0.233     1.8330     0.5897 -9.990e-29
 268.589225      0.230   2.408787    14.5591 -9.990e-29      0.228     1.5774     0.3871 -9.990e-29
 268.589230      0.227   2.144771    14.6085 -9.990e-29      0.225     1.3939     0.2380 -9.990e-29
 268.589236      0.225   2.079173    14.6623 -9.990e-29      0.223     1.3472     0.1939 -9.990e-29
 268.589242      0.223   2.183926    14.7069 -9.990e-29      0.221     1.4172     0.2413 -9.990e-29
 268.589248      0.222   2.325027    14.7248 -9.990e-29      0.220     1.5132     0.3127 -9.990e-29
 268.589253      0.222   2.434134 -9.990e-29 -9.990e-29      0.220 -9.990e-29 -9.990e-29 -9.990e-29
