data/oxygen options/ONMS/Olympic_Coast_National_Marine_Sanctuary_CTD_Data_2005_2023/raw_data/2006/CTD_CE042_080806faed.cnv
* Sea-Bird SBE19 Data File:
* FileName = C:\MOORING_DATA_2006\CTD_CE042_080806.hex
* Software Version 1.1.6
* Temperature SN = 2997
* Conductivity SN = 2997
* System UpLoad Time = Aug 08 2006 15:04:14
* SEACAT PROFILER V3.1c SN 2997   08/08/06  15:03:44.169
* strain gauge pressure sensor: S/N = 184829,  range = 3000 psia,  tc = 40
# nquan = 9                                 
# nvalues = 2162                        
# units = specified
# name 0 = timeJ: Julian Days
# name 1 = prSM: Pressure, Strain Gauge [db]
# name 2 = c0mS/cm: Conductivity [mS/cm]
# name 3 = t090C: Temperature [ITS-90, deg C]
# name 4 = oxML/L: Oxygen, Beckman/YSI [ml/l]
# name 5 = depSM: Depth [salt water, m], lat = 47.5
# name 6 = sal00: Salinity, Practical [PSU]
# name 7 = sigma-é00: Density [sigma-theta, kg/m^3]
# name 8 = flag: flag
# span 0 = 220.612373, 220.624878       
# span 1 =     -4.717,     42.401       
# span 2 =   0.469559,  37.922153       
# span 3 =     7.5447,    12.1992       
# span 4 =   -4.26923,   36.80194       
# span 5 =     -4.678,     42.043       
# span 6 =     0.3039,    33.8672       
# span 7 =    -0.2858,    26.4496       
# span 8 = 0.0000e+00, 0.0000e+00       
# interval = seconds: 0.5
# start_time = Aug 08 2006 14:41:49 [Instrument's time stamp, header]
# bad_flag = -9.990e-29
*END*
[from data line 481]
 220.615156     16.323  35.803613     9.1433    2.60495     16.186    33.4519    25.8836 0.0000e+00
 220.615162     16.614  35.805565     9.0939    2.33238     16.475    33.5003    25.9293 0.0000e+00
 220.615168     16.925  35.777535     9.0001    2.11155     16.783    33.5594    25.9904 0.0000e+00
 220.615174     17.263  35.716868     8.8862    1.95253     17.118    33.6036    26.0429 0.0000e+00
 220.615179     17.624  35.642291     8.7833    1.86383     17.476    33.6229    26.0740 0.0000e+00
 220.615185     17.992  35.569905     8.7137    1.83447     17.841    33.6128    26.0770 0.0000e+00
 220.615191     18.352  35.512324     8.6800    1.83599     18.198    33.5841    26.0597 0.0000e+00
 220.615197     18.697  35.480167     8.6697    1.84468     18.540    33.5599    26.0424 0.0000e+00
 220.615203     19.023  35.470705     8.6693    1.86229     18.863    33.5502    26.0348 0.0000e+00
 220.615208     19.334  35.473560     8.6654    1.85659     19.172    33.5568    26.0406 0.0000e+00
 220.615214     19.640  35.471790     8.6509    1.80900     19.475    33.5685    26.0520 0.0000e+00
 220.615220     19.950  35.456309     8.6295    1.75844     19.783    33.5724    26.0584 0.0000e+00
 220.615226     20.264  35.437318     8.6045    1.69549     20.094    33.5761    26.0651 0.0000e+00
 220.615231     20.587  35.419216     8.5738    1.58738     20.414    33.5860    26.0776 0.0000e+00
 220.615237     20.916  35.398050     8.5339    1.45500     20.740    33.6016    26.0959 0.0000e+00
 220.615243     21.253  35.371392     8.4774    1.31050     21.075    33.6271    26.1245 0.0000e+00
 220.615249     21.596  35.330050     8.4008    1.21320     21.415    33.6564    26.1591 0.0000e+00
 220.615255     21.937  35.265441     8.3207    1.13781     21.753    33.6644    26.1775 0.0000e+00
 220.615260     22.273  35.196275     8.2621    1.10330     22.086    33.6469    26.1726 0.0000e+00
 220.615266     22.604  35.152004     8.2307    1.09655     22.414    33.6298    26.1639 0.0000e+00
 220.615272     22.929  35.132464     8.2131    1.10053     22.736    33.6257    26.1633 0.0000e+00
 220.615278     23.261  35.123367     8.1954    1.10391     23.066    33.6329    26.1716 0.0000e+00
 220.615284     23.611  35.116508     8.1746    1.08426     23.413    33.6453    26.1845 0.0000e+00
 220.615289     23.981  35.106667     8.1501    1.02922     23.779    33.6582    26.1982 0.0000e+00
 220.615295     24.368  35.090254     8.1122    0.97978     24.163    33.6769    26.2185 0.0000e+00
 220.615301     24.768  35.057717     8.0568    0.96235     24.560    33.6953    26.2412 0.0000e+00
 220.615307     25.171  35.009408     7.9994    0.95602     24.959    33.6988    26.2524 0.0000e+00
 220.615312     25.569  34.964459     7.9495    0.96368     25.354    33.6986    26.2596 0.0000e+00
 220.615318     25.956  34.930215     7.8997    0.96767     25.738    33.7097    26.2756 0.0000e+00
 220.615324     26.338  34.900259     7.8507    0.96021     26.117    33.7247    26.2946 0.0000e+00
 220.615330     26.719  34.874456     7.8142    0.95135     26.494    33.7321    26.3057 0.0000e+00
 220.615336     27.100  34.857086     7.7934    0.93686     26.872    33.7334    26.3097 0.0000e+00
 220.615341     27.465  34.847407     7.7846    0.92653     27.234    33.7313    26.3094 0.0000e+00
 220.615347     27.809  34.844283     7.7827    0.87104     27.575    33.7297    26.3083 0.0000e+00
 220.615353     28.144  34.846908     7.7773    0.81427     27.907    33.7376    26.3153 0.0000e+00
 220.615359     28.487  34.845887     7.7582    0.73909     28.247    33.7548    26.3316 0.0000e+00
 220.615365     28.843  34.835374     7.7263    0.65629     28.600    33.7742    26.3515 0.0000e+00
 220.615370     29.204  34.819854     7.6932    0.58061     28.958    33.7895    26.3683 0.0000e+00
 220.615376     29.565  34.804984     7.6643    0.52126     29.316    33.8013    26.3818 0.0000e+00
 220.615382     29.926  34.794482     7.6327    0.46712     29.674    33.8205    26.4014 0.0000e+00
 220.615388     30.297  34.785554     7.5999    0.44530     30.042    33.8426    26.4235 0.0000e+00
 220.615394     30.685  34.775826     7.5782    0.42980     30.427    33.8531    26.4348 0.0000e+00
 220.615399     31.080  34.769144     7.5695    0.41743     30.818    33.8541    26.4369 0.0000e+00
 220.615405     31.473  34.766683     7.5650    0.40509     31.208    33.8557    26.4388 0.0000e+00
 220.615411     31.864  34.765718     7.5588    0.39890     31.596    33.8605    26.4434 0.0000e+00
 220.615417     32.251  34.764401     7.5534    0.40438     31.979    33.8641    26.4471 0.0000e+00
 220.615422     32.638  34.763218     7.5515    0.39830     32.363    33.8645    26.4477 0.0000e+00
 220.615428     33.024  34.762834     7.5524    0.40463     32.746    33.8630    26.4464 0.0000e+00
 220.615434     33.399  34.764417     7.5545    0.40468     33.118    33.8625    26.4457 0.0000e+00
 220.615440     33.761  34.767831     7.5562    0.39318     33.476    33.8644    26.4469 0.0000e+00
 220.615446     34.120  34.769779     7.5558    0.38918     33.832    33.8667    26.4488 0.0000e+00
 220.615451     34.491  34.767811     7.5529    0.38809     34.200    33.8672    26.4496 0.0000e+00
 220.615457     34.881  34.763790     7.5499    0.39146     34.587    33.8656    26.4488 0.0000e+00
 220.615463     35.283  34.761327     7.5482    0.38726     34.986    33.8644    26.4481 0.0000e+00
 220.615469     35.694  34.760500     7.5474    0.39358     35.393    33.8641    26.4480 0.0000e+00
 220.615475     36.109  34.760207     7.5472    0.38106     35.805    33.8638    26.4477 0.0000e+00
 220.615480     36.517  34.760617     7.5481    0.37586     36.209    33.8631    26.4471 0.0000e+00
 220.615486     36.906  34.761714     7.5500    0.37290     36.595    33.8623    26.4462 0.0000e+00
 220.615492     37.269  34.763837     7.5518    0.36557     36.955    33.8627    26.4462 0.0000e+00
 220.615498     37.613  34.765890     7.5521    0.36460     37.296    33.8644    26.4476 0.0000e+00
 220.615503     37.951  34.765564     7.5511    0.36879     37.631    33.8649    26.4481 0.0000e+00
 220.615509     38.291  34.763548     7.5502    0.36562     37.968    33.8634    26.4471 0.0000e+00
 220.615515     38.635  34.762200     7.5500    0.36041     38.309    33.8620    26.4460 0.0000e+00
 220.615521     38.978  34.761964     7.5500    0.36261     38.649    33.8616    26.4456 0.0000e+00
 220.615527     39.320  34.761964     7.5492    0.36473     38.988    33.8622    26.4462 0.0000e+00
 220.615532     39.667  34.761641     7.5476    0.36156     39.332    33.8632    26.4473 0.0000e+00
 220.615538     40.018  34.761125     7.5466    0.36376     39.680    33.8635    26.4476 0.0000e+00
 220.615544     40.367  34.760846     7.5466    0.35426     40.026    33.8630    26.4473 0.0000e+00
 220.615550     40.696  34.760993     7.5472    0.34478     40.352    33.8624    26.4467 0.0000e+00
 220.615556     40.989  34.761762     7.5482    0.34683     40.643    33.8621    26.4464 0.0000e+00
 220.615561     41.246  34.763054     7.5490    0.35842     40.898    33.8626    26.4467 0.0000e+00
 220.615567     41.485  34.763789     7.5489    0.34797     41.135    33.8634    26.4473 0.0000e+00
 220.615573     41.708  34.763267     7.5484    0.34796     41.356    33.8632    26.4472 0.0000e+00
 220.615579     41.902  34.762473     7.5481    0.35534     41.548    33.8626    26.4467 0.0000e+00
 220.615584     42.059  34.762589     7.5481    0.34794     41.704    33.8626    26.4468 -9.990e-29
 220.615590     42.181  34.763209     7.5483    0.35430     41.825    33.8630    26.4471 -9.990e-29
 220.615596     42.275  34.763479     7.5485    0.35211     41.918    33.8631    26.4471 -9.990e-29
 220.615602     42.342  34.763198     7.5481    0.34069     41.984    33.8631    26.4472 -9.990e-29
 220.615608     42.384  34.762555     7.5476    0.33331     42.026    33.8629    26.4471 -9.990e-29
 220.615613     42.401  34.761816     7.5472    0.34070     42.043    33.8625    26.4468 -9.990e-29
 220.615619     42.397  34.761115     7.5469    0.34497     42.039    33.8620    26.4465 -9.990e-29
 220.615625     42.369  34.760641     7.5468    0.35126     42.011    33.8616    26.4462 -9.990e-29
 220.615631     42.318  34.760324     7.5468    0.35337     41.961    33.8613    26.4459 -9.990e-29
 220.615637     42.238  34.760305     7.5469    0.33965     41.881    33.8612    26.4459 -9.990e-29
 220.615642     42.130  34.761120     7.5472    0.33763     41.774    33.8619    26.4463 -9.990e-29
 220.615648     42.004  34.762174     7.5472    0.33761     41.649    33.8631    26.4473 0.0000e+00
 220.615654     41.877  34.762071     7.5468    0.33968     41.523    33.8634    26.4476 -9.990e-29
 220.615660     41.758  34.760679     7.5467    0.34387     41.405    33.8620    26.4465 -9.990e-29
 220.615666     41.640  34.759506     7.5471    0.33444     41.288    33.8604    26.4452 -9.990e-29
 220.615671     41.503  34.759793     7.5475    0.33234     41.152    33.8604    26.4451 0.0000e+00
 220.615677     41.329  34.760801     7.5475    0.33226     40.980    33.8616    26.4461 0.0000e+00
 220.615683     41.124  34.761073     7.5472    0.34390     40.777    33.8623    26.4466 0.0000e+00
 220.615689     40.909  34.760412     7.5468    0.34071     40.564    33.8621    26.4465 0.0000e+00
 220.615694     40.693  34.759624     7.5465    0.33868     40.349    33.8616    26.4462 0.0000e+00
 220.615700     40.466  34.759343     7.5467    0.32699     40.124    33.8612    26.4459 0.0000e+00
 220.615706     40.217  34.759754     7.5473    0.33233     39.877    33.8612    26.4458 0.0000e+00
 220.615712     39.948  34.760286     7.5477    0.33864     39.611    33.8615    26.4460 0.0000e+00
 220.615718     39.672  34.759969     7.5475    0.34082     39.337    33.8615    26.4460 0.0000e+00
 220.615723     39.401  34.758944     7.5469    0.34287     39.068    33.8611    26.4457 0.0000e+00
 220.615729     39.136  34.758091     7.5465    0.32914     38.806    33.8607    26.4455 0.0000e+00
 220.615735     38.867  34.757956     7.5468    0.32709     38.539    33.8604    26.4452 0.0000e+00
 220.615741     38.595  34.758361     7.5471    0.32707     38.269    33.8607    26.4454 0.0000e+00
 220.615747     38.328  34.758728     7.5469    0.32913     38.005    33.8614    26.4459 0.0000e+00
 220.615752     38.070  34.758428     7.5465    0.32386     37.749    33.8616    26.4462 0.0000e+00
 220.615758     37.823  34.757625     7.5463    0.32172     37.504    33.8610    26.4457 0.0000e+00
 220.615764     37.584  34.757492     7.5465    0.33123     37.267    33.8608    26.4455 0.0000e+00
 220.615770     37.349  34.757855     7.5466    0.33543     37.034    33.8612    26.4458 0.0000e+00
 220.615775     37.122  34.757516     7.5466    0.33962     36.809    33.8610    26.4456 0.0000e+00
 220.615781     36.896  34.756587     7.5469    0.33742     36.585    33.8598    26.4447 0.0000e+00
 220.615787     36.658  34.756074     7.5474    0.33328     36.349    33.8588    26.4438 0.0000e+00
 220.615793     36.391  34.756415     7.5473    0.32378     36.084    33.8594    26.4443 0.0000e+00
 220.615799     36.088  34.756945     7.5467    0.33115     35.784    33.8607    26.4454 0.0000e+00
 220.615804     35.763  34.756689     7.5460    0.33324     35.461    33.8613    26.4460 0.0000e+00
 220.615810     35.443  34.755872     7.5454    0.33533     35.144    33.8612    26.4459 0.0000e+00
 220.615816     35.142  34.755090     7.5450    0.32796     34.846    33.8609    26.4457 0.0000e+00
 220.615822     34.862  34.754427     7.5450    0.33109     34.568    33.8603    26.4453 0.0000e+00
 220.615828     34.597  34.754120     7.5455    0.33318     34.305    33.8596    26.4447 0.0000e+00
 220.615833     34.345  34.754324     7.5460    0.33525     34.056    33.8594    26.4445 0.0000e+00
 220.615839     34.106  34.754753     7.5464    0.33736     33.819    33.8596    26.4446 0.0000e+00
 220.615845     33.878  34.754858     7.5468    0.33307     33.592    33.8595    26.4444 0.0000e+00
 220.615851     33.650  34.754783     7.5470    0.33308     33.366    33.8593    26.4442 0.0000e+00
 220.615856     33.413  34.754990     7.5472    0.34255     33.131    33.8594    26.4443 0.0000e+00
 220.615862     33.163  34.755194     7.5474    0.35413     32.884    33.8596    26.4444 0.0000e+00
 220.615868     32.908  34.755110     7.5477    0.35632     32.631    33.8593    26.4441 0.0000e+00
 220.615874     32.647  34.754816     7.5480    0.36360     32.372    33.8588    26.4437 0.0000e+00
 220.615880     32.372  34.754479     7.5482    0.35947     32.099    33.8584    26.4433 0.0000e+00
 220.615885     32.083  34.754392     7.5485    0.35527     31.813    33.8582    26.4431 0.0000e+00
 220.615891     31.793  34.754430     7.5492    0.36266     31.525    33.8577    26.4426 0.0000e+00
 220.615897     31.511  34.754262     7.5502    0.36065     31.246    33.8566    26.4416 0.0000e+00
 220.615903     31.246  34.754220     7.5508    0.36064     30.983    33.8561    26.4412 0.0000e+00
 220.615909     31.011  34.754238     7.5512    0.35850     30.750    33.8559    26.4409 0.0000e+00
 220.615914     30.817  34.753773     7.5517    0.36378     30.558    33.8550    26.4401 0.0000e+00
 220.615920     30.665  34.753320     7.5520    0.35641     30.407    33.8543    26.4395 -9.990e-29
 220.615926     30.548  34.753387     7.5521    0.35430     30.291    33.8543    26.4395 -9.990e-29
 220.615932     30.464  34.753496     7.5521    0.36163     30.208    33.8545    26.4396 -9.990e-29
 220.615938     30.416  34.753220     7.5521    0.36166     30.160    33.8542    26.4394 -9.990e-29
 220.615943     30.401  34.752743     7.5520    0.36585     30.145    33.8538    26.4391 -9.990e-29
 220.615949     30.405  34.752540     7.5520    0.38265     30.149    33.8536    26.4389 -9.990e-29
 220.615955     30.411  34.752894     7.5525    0.37331     30.155    33.8534    26.4388 -9.990e-29
 220.615961     30.408  34.753704     7.5532    0.36172     30.152    33.8536    26.4388 -9.990e-29
 220.615966     30.394  34.754356     7.5537    0.37425     30.138    33.8539    26.4390 -9.990e-29
 220.615972     30.377  34.754591     7.5542    0.38159     30.121    33.8536    26.4387 -9.990e-29
 220.615978     30.356  34.754713     7.5552    0.38060     30.100    33.8528    26.4379 -9.990e-29
 220.615984     30.322  34.754876     7.5571    0.38796     30.067    33.8512    26.4363 -9.990e-29
 220.615990     30.276  34.755287     7.5596    0.38890     30.021    33.8492    26.4344 -9.990e-29
 220.615995     30.238  34.755924     7.5614    0.37938     29.983    33.8481    26.4333 -9.990e-29
 220.616001     30.221  34.756507     7.5614    0.37941     29.967    33.8488    26.4338 -9.990e-29
 220.616007     30.228  34.756684     7.5606    0.38277     29.974    33.8497    26.4347 -9.990e-29
 220.616013     30.253  34.756683     7.5607    0.39226     29.998    33.8496    26.4346 -9.990e-29
 220.616019     30.270  34.757053     7.5621    0.39857     30.015    33.8487    26.4337 -9.990e-29
 220.616024     30.264  34.757713     7.5642    0.41532     30.009    33.8473    26.4323 -9.990e-29
 220.616030     30.246  34.758414     7.5668    0.42264     29.991    33.8456    26.4305 -9.990e-29
 220.616036     30.234  34.758959     7.5706    0.42056     29.979    33.8425    26.4276 -9.990e-29
 220.616042     30.234  34.759508     7.5758    0.41637     29.979    33.8380    26.4233 -9.990e-29
 220.616047     30.256  34.760784     7.5793    0.40583     30.001    33.8359    26.4212 -9.990e-29
 220.616053     30.301  34.762236     7.5778    0.39213     30.046    33.8389    26.4238 -9.990e-29
 220.616059     30.358  34.761869     7.5724    0.39001     30.102    33.8438    26.4284 -9.990e-29
 220.616065     30.406  34.759742     7.5681    0.39951     30.150    33.8457    26.4304 -9.990e-29
 220.616071     30.422  34.758055     7.5667    0.40371     30.166    33.8452    26.4303 -9.990e-29
