data/oxygen options/ONMS/Olympic_Coast_National_Marine_Sanctuary_CTD_Data_2005_2023/raw_data/2006/CTD_CE015_053006_DO_COMPfaed.cnv
* Sea-Bird SBE19 Data File:
* FileName = C:\MOORING_DATA_2006\CTD_CE015_053006_DO_COMP.hex
* Software Version 1.1.6
* Temperature SN = 2997
* Conductivity SN = 2997
* System UpLoad Time = May 30 2006 16:51:10
* SEACAT PROFILER V3.1c SN 2997   05/30/06  16:50:25.132
* strain gauge pressure sensor: S/N = 184829,  range = 3000 psia,  tc = 40
# nquan = 9                                 
# nvalues = 1298                        
# units = specified
# name 0 = timeJ: Julian Days
# name 1 = prSM: Pressure, Strain Gauge [db]
# name 2 = c0mS/cm: Conductivity [mS/cm]
# name 3 = t090C: Temperature [ITS-90, deg C]
# name 4 = oxML/L: Oxygen, Beckman/YSI [ml/l]
# name 5 = depSM: Depth [salt water, m], lat = 47.5
# name 6 = sal00: Salinity, Practical [PSU]
# name 7 = sigma-é00: Density [sigma-theta, kg/m^3]
# name 8 = flag: flag
# span 0 = 150.679421, 150.686927       
# span 1 =     -5.792,     16.694       
# span 2 =   1.374338,  35.094336       
# span 3 =    12.3058,    16.6078       
# span 4 =   -0.06517,   31.80147       
# span 5 =     -5.744,     16.554       
# span 6 =     0.8347,    29.9997       
# span 7 =    -0.4832,    22.6526       
# span 8 = 0.0000e+00, 0.0000e+00       
# interval = seconds: 0.5
# start_time = May 30 2006 16:18:22 [Instrument's time stamp, header]
# bad_flag = -9.990e-29
*END*
 150.679421     -5.759 -9.990e-29    16.6078   -0.06493     -5.711 -9.990e-29 -9.990e-29 -9.990e-29
 150.679427     -5.773   4.246695    16.6073   -0.06494     -5.725     2.7333     0.9431 -9.990e-29
 150.679433     -5.787   4.138079    16.5982   -0.06497     -5.739     2.6596     0.8883 -9.990e-29
 150.679439     -5.792   3.827786    16.5809   -0.06501     -5.744     2.4493     0.7302 -9.990e-29
 150.679444     -5.785   3.386174    16.5604   -0.06504     -5.737     2.1516     0.5056 -9.990e-29
 150.679450     -5.771   2.960408    16.5417   -0.06505     -5.723     1.8670     0.2906 -9.990e-29
 150.679456     -5.756   2.593832    16.5259   -0.06506     -5.708     1.6241     0.1070 -9.990e-29
 150.679462     -5.740   2.308670    16.5097   -0.06507     -5.692     1.4368    -0.0340 -9.990e-29
 150.679468     -5.716   2.129083    16.4939   -0.06510     -5.668     1.3198    -0.1212 -9.990e-29
 150.679473     -5.689   2.022507    16.4835   -0.06512     -5.642     1.2506    -0.1725 -9.990e-29
 150.679479     -5.661   1.947888    16.4782   -0.06513     -5.614     1.2023    -0.2088 -9.990e-29
 150.679485     -5.629   1.886235    16.4733   -0.06515     -5.582     1.1624    -0.2385 -9.990e-29
 150.679491     -5.597   1.821966    16.4673   -0.06517     -5.550     1.1210    -0.2694 -9.990e-29
 150.679497     -5.565   1.749328    16.4622   -0.06517     -5.519     1.0742    -0.3045 -9.990e-29
 150.679502     -5.533   1.676389    16.4582   -0.06516     -5.487     1.0273    -0.3398 -9.990e-29
 150.679508     -5.503   1.616360    16.4537   -0.06511     -5.457     0.9888    -0.3686 -9.990e-29
 150.679514     -5.477   1.575236    16.4482   -0.06499     -5.431     0.9626    -0.3879 -9.990e-29
 150.679520     -5.448   1.545368    16.4426   -0.06492     -5.403     0.9436    -0.4016 -9.990e-29
 150.679525     -5.412   1.513019    16.4377   -0.06492     -5.367     0.9230    -0.4166 -9.990e-29
 150.679531     -5.369   1.473907    16.4328   -0.06461     -5.324     0.8981    -0.4349 -9.990e-29
 150.679537     -5.326   1.435825    16.4278   -0.06441     -5.282     0.8739    -0.4526 -9.990e-29
 150.679543     -5.285   1.406273    16.4251   -0.06404     -5.241     0.8551    -0.4666 -9.990e-29
 150.679549     -5.242   1.385808    16.4262   -0.06445     -5.198     0.8421    -0.4768 -9.990e-29
 150.679554     -5.199   1.374338    16.4304   -0.06468     -5.156     0.8347    -0.4832 -9.990e-29
 150.679560     -5.158   1.381542    16.4367   -0.06069     -5.115     0.8392    -0.4809 -9.990e-29
 150.679566     -5.116   1.442000    16.4426   -0.05735     -5.073     0.8775    -0.4523 -9.990e-29
 150.679572     -5.071   1.609131    16.4429   -0.05840     -5.029     0.9845    -0.3702 -9.990e-29
 150.679578     -5.023   1.878209    16.4331   -0.05870     -4.981     1.1584    -0.2348 -9.990e-29
 150.679583     -4.975   2.207796    16.4138   -0.05881     -4.934     1.3739    -0.0659 -9.990e-29
 150.679589     -4.922   2.725909    16.3869   -0.05888     -4.881     1.7175     0.2025 -9.990e-29
 150.679595     -4.867   3.547424    16.3534   -0.05882     -4.826     2.2720     0.6336 -9.990e-29
 150.679601     -4.809   4.547764    16.3096   -0.05877     -4.769     2.9616     1.1697 -9.990e-29
 150.679606     -4.741   5.483357    16.2246   -0.05868     -4.701     3.6230     1.6909 -9.990e-29
 150.679612     -4.654   6.698735    16.0003   -0.05869     -4.615     4.5128     2.4108 -9.990e-29
 150.679618     -4.547  10.482215    15.5715   -0.05877     -4.509     7.3795     4.6787 -9.990e-29
 150.679624     -4.421  18.150914    15.0894   -0.05874     -4.384    13.5386     9.4768 -9.990e-29
 150.679630     -4.283  25.972322    14.7554   -0.05880     -4.247    20.1989    14.6417 -9.990e-29
 150.679635     -4.139  30.144896    14.5854   -0.05885     -4.104    23.8999    17.5154 -9.990e-29
 150.679641     -4.002  31.539411    14.5166   -0.05880     -3.969    25.1672    18.5028 -9.990e-29
 150.679647     -3.885  32.025291    14.5028   -0.05876     -3.853    25.6048    18.8420 -9.990e-29
 150.679653     -3.788  32.196582    14.5111   -0.05873     -3.756    25.7507    18.9525 -9.990e-29
 150.679659     -3.707  32.290665    14.5279   -0.05878     -3.676    25.8227    19.0046 -9.990e-29
 150.679664     -3.634  32.380334    14.5314   -0.05885     -3.604    25.8996    19.0630 -9.990e-29
 150.679670     -3.567  32.420403    14.5084   -0.05887     -3.537    25.9503    19.1066 -9.990e-29
 150.679676     -3.500  32.416133    14.4731   -0.05883     -3.471    25.9701    19.1288 -9.990e-29
 150.679682     -3.434  32.445934    14.4477   -0.05881     -3.405    26.0135    19.1672 -9.990e-29
 150.679688     -3.378  32.517619    14.4529   -0.05882     -3.350    26.0735    19.2123 -9.990e-29
 150.679693     -3.340  32.540151    14.4824   -0.05880     -3.312    26.0737    19.2066 -9.990e-29
 150.679699     -3.318  32.472414    14.5020   -0.05881     -3.290    26.0006    19.1465 -9.990e-29
 150.679705     -3.302  32.389468    14.4972   -0.05875     -3.274    25.9304    19.0934 -9.990e-29
 150.679711     -3.287  32.375802    14.4826   -0.05879     -3.260    25.9280    19.0945 -9.990e-29
 150.679716     -3.268  32.405386    14.4694   -0.05889     -3.241    25.9630    19.1241 -9.990e-29
 150.679722     -3.240  32.393269    14.4555   -0.05890     -3.213    25.9615    19.1257 -9.990e-29
 150.679728     -3.208  32.349665    14.4428   -0.05884     -3.181    25.9314    19.1050 -9.990e-29
 150.679734     -3.180  32.362747    14.4436   -0.05888     -3.153    25.9424    19.1133 -9.990e-29
 150.679740     -3.153  32.433732    14.4626   -0.05886     -3.127    25.9926    19.1482 -9.990e-29
 150.679745     -3.127  32.461129    14.4836   -0.05888     -3.101    26.0028    19.1519 -9.990e-29
 150.679751     -3.095  32.405836    14.4886   -0.05889     -3.069    25.9505    19.1107 -9.990e-29
 150.679757     -3.054  32.344370    14.4772   -0.05887     -3.029    25.9037    19.0769 -9.990e-29
 150.679763     -3.017  32.355106    14.4587   -0.05890     -2.992    25.9255    19.0974 -9.990e-29
 150.679769     -2.987  32.412038    14.4419   -0.05891     -2.962    25.9872    19.1481 -9.990e-29
 150.679774     -2.960  32.419039    14.4304   -0.05891     -2.935    26.0011    19.1611 -9.990e-29
 150.679780     -2.933  32.375943    14.4253   -0.05891     -2.909    25.9663    19.1353 -9.990e-29
 150.679786     -2.910  32.372158    14.4326   -0.05888     -2.886    25.9580    19.1275 -9.990e-29
 150.679792     -2.888  32.397063    14.4464   -0.05885     -2.864    25.9709    19.1347 -9.990e-29
 150.679797     -2.867  32.369000    14.4494   -0.05887     -2.843    25.9440    19.1134 -9.990e-29
 150.679803     -2.840  32.304390    14.4374   -0.05893     -2.816    25.8948    19.0779 -9.990e-29
 150.679809     -2.802  32.274609    14.4179   -0.05895     -2.779    25.8814    19.0714 -9.990e-29
 150.679815     -2.759  32.310599    14.4039   -0.05896     -2.736    25.9226    19.1059 -9.990e-29
 150.679821     -2.724  32.381348    14.4070   -0.05896     -2.701    25.9832    19.1520 -9.990e-29
 150.679826     -2.702  32.409154    14.4223   -0.05893     -2.679    25.9977    19.1600 -9.990e-29
 150.679832     -2.680  32.366669    14.4343   -0.05890     -2.658    25.9520    19.1225 -9.990e-29
 150.679838     -2.654  32.300403    14.4341   -0.05886     -2.632    25.8934    19.0775 -9.990e-29
 150.679844     -2.622  32.274480    14.4247   -0.05888     -2.600    25.8767    19.0665 -9.990e-29
 150.679850     -2.586  32.318259    14.4141   -0.05894     -2.564    25.9225    19.1039 -9.990e-29
 150.679855     -2.548  32.380854    14.4061   -0.05897     -2.527    25.9834    19.1522 -9.990e-29
 150.679861     -2.510  32.386025    14.3999   -0.05891     -2.489    25.9921    19.1602 -9.990e-29
 150.679867     -2.479  32.338453    14.3922   -0.05891     -2.458    25.9550    19.1332 -9.990e-29
 150.679873     -2.456  32.296918    14.3837   -0.05891     -2.436    25.9238    19.1109 -9.990e-29
 150.679878     -2.436  32.297985    14.3845   -0.05892     -2.416    25.9243    19.1110 -9.990e-29
 150.679884     -2.413  32.343105    14.4008   -0.05896     -2.393    25.9534    19.1302 -9.990e-29
 150.679890     -2.394  32.391587    14.4225   -0.05895     -2.374    25.9819    19.1478 -9.990e-29
 150.679896     -2.383  32.394894    14.4338   -0.05893     -2.363    25.9772    19.1421 -9.990e-29
 150.679902     -2.370  32.346259    14.4307   -0.05889     -2.350    25.9362    19.1111 -9.990e-29
 150.679907     -2.350  32.275028    14.4201   -0.05887     -2.330    25.8801    19.0701 -9.990e-29
 150.679913     -2.326  32.224130    14.4105   -0.05889     -2.307    25.8414    19.0422 -9.990e-29
 150.679919     -2.305  32.237819    14.4087   -0.05892     -2.286    25.8547    19.0528 -9.990e-29
 150.679925     -2.289  32.298506    14.4151   -0.05896     -2.270    25.9042    19.0896 -9.990e-29
 150.679931     -2.279  32.329091    14.4197   -0.05894     -2.260    25.9283    19.1072 -9.990e-29
 150.679936     -2.269  32.302570    14.4127   -0.05892     -2.250    25.9094    19.0941 -9.990e-29
 150.679942     -2.255  32.256473    14.4023   -0.05895     -2.236    25.8755    19.0700 -9.990e-29
 150.679948     -2.239  32.249864    14.4044   -0.05895     -2.220    25.8682    19.0640 -9.990e-29
 150.679954     -2.224  32.293575    14.4200   -0.05894     -2.205    25.8966    19.0828 -9.990e-29
 150.679959     -2.211  32.333830    14.4375   -0.05890     -2.193    25.9206    19.0978 -9.990e-29
 150.679965     -2.197  32.334101    14.4458   -0.05891     -2.179    25.9153    19.0920 -9.990e-29
 150.679971     -2.183  32.294222    14.4417   -0.05892     -2.165    25.8827    19.0678 -9.990e-29
 150.679977     -2.167  32.236716    14.4304   -0.05892     -2.149    25.8393    19.0366 -9.990e-29
 150.679983     -2.148  32.191985    14.4202   -0.05895     -2.130    25.8064    19.0134 -9.990e-29
 150.679988     -2.126  32.186722    14.4155   -0.05898     -2.108    25.8049    19.0131 -9.990e-29
 150.679994     -2.102  32.219545    14.4119   -0.05898     -2.084    25.8363    19.0380 -9.990e-29
 150.680000     -2.080  32.242334    14.4060   -0.05897     -2.063    25.8604    19.0577 -9.990e-29
 150.680006     -2.058  32.246836    14.4055   -0.05895     -2.041    25.8648    19.0611 -9.990e-29
 150.680012     -2.040  32.273269    14.4180   -0.05892     -2.023    25.8799    19.0703 -9.990e-29
 150.680017     -2.027  32.307030    14.4371   -0.05894     -2.010    25.8970    19.0797 -9.990e-29
 150.680023     -2.021  32.292283    14.4497   -0.05893     -2.004    25.8756    19.0607 -9.990e-29
 150.680029     -2.015  32.221168    14.4494   -0.05892     -1.998    25.8128    19.0125 -9.990e-29
 150.680035     -2.000  32.150777    14.4387   -0.05894     -1.983    25.7576    18.9722 -9.990e-29
 150.680041     -1.977  32.120674    14.4246   -0.05893     -1.961    25.7403    18.9616 -9.990e-29
 150.680046     -1.952  32.118771    14.4131   -0.05893     -1.936    25.7462    18.9685 -9.990e-29
 150.680052     -1.927  32.134152    14.4096   15.93733     -1.911    25.7621    18.9814 -9.990e-29
 150.680058     -1.902  32.166056    14.4179   29.66043     -1.886    25.7849    18.9973 -9.990e-29
 150.680064     -1.878  32.197086    14.4321   31.80147     -1.862    25.8029    19.0084 -9.990e-29
 150.680069     -1.859  32.204759    14.4433   28.40547     -1.843    25.8023    19.0056 -9.990e-29
 150.680075     -1.839  32.186448    14.4478   19.11939     -1.824    25.7831    18.9900 -9.990e-29
 150.680081     -1.817  32.160365    14.4428   14.64367     -1.802    25.7633    18.9758 -9.990e-29
 150.680087     -1.800  32.155092    14.4351   14.73856     -1.785    25.7637    18.9776 -9.990e-29
 150.680093     -1.786  32.178201    14.4365   14.75886     -1.771    25.7833    18.9924 -9.990e-29
 150.680098     -1.772  32.199446    14.4444   14.81875     -1.757    25.7968    19.0012 -9.990e-29
 150.680104     -1.759  32.183857    14.4487   13.06931     -1.744    25.7802    18.9876 -9.990e-29
 150.680110     -1.752  32.129171    14.4469    5.17135     -1.737    25.7329    18.9516 -9.990e-29
 150.680116     -1.745  32.070108    14.4428    1.59401     -1.730    25.6834    18.9143 -9.990e-29
 150.680122     -1.735  32.038350    14.4391    0.78389     -1.721    25.6577    18.8953 -9.990e-29
 150.680127     -1.721  32.030812    14.4338    2.56141     -1.707    25.6545    18.8939 -9.990e-29
 150.680133     -1.700  32.030188    14.4245    5.90286     -1.686    25.6601    18.9000 -9.990e-29
 150.680139     -1.678  32.026147    14.4124    6.61489     -1.664    25.6645    18.9058 -9.990e-29
 150.680145     -1.656  32.017624    14.4003    6.86363     -1.642    25.6650    18.9085 -9.990e-29
 150.680150     -1.637  32.008401    14.3919    7.03676     -1.623    25.6624    18.9082 -9.990e-29
 150.680156     -1.624  32.003373    14.3901    7.14427     -1.610    25.6591    18.9060 -9.990e-29
 150.680162     -1.612  32.003687    14.3908    7.22784     -1.599    25.6589    18.9057 -9.990e-29
 150.680168     -1.597  32.002850    14.3903    7.27393     -1.584    25.6585    18.9055 -9.990e-29
 150.680174     -1.577  31.998623    14.3908    7.26965     -1.564    25.6544    18.9023 -9.990e-29
 150.680179     -1.555  31.997700    14.3969    7.24197     -1.542    25.6495    18.8973 -9.990e-29
 150.680185     -1.535  32.003333    14.4103    7.23789     -1.522    25.6457    18.8917 -9.990e-29
 150.680191     -1.514  32.012385    14.4296    7.26092     -1.501    25.6409    18.8843 -9.990e-29
 150.680197     -1.496  32.021794    14.4523    7.29970     -1.484    25.6343    18.8747 -9.990e-29
 150.680203     -1.484  32.030097    14.4706    7.32366     -1.472    25.6295    18.8674 -9.990e-29
 150.680208     -1.473  32.034355    14.4740    7.31143     -1.461    25.6311    18.8679 -9.990e-29
 150.680214     -1.457  32.028481    14.4637    7.28958     -1.445    25.6327    18.8712 -9.990e-29
 150.680220     -1.441  32.014735    14.4538    7.29280     -1.429    25.6270    18.8688 -9.990e-29
 150.680226     -1.427  32.008411    14.4541    7.30749     -1.415    25.6212    18.8643 -9.990e-29
 150.680231     -1.415  32.012842    14.4566    7.32261     -1.403    25.6235    18.8656 -9.990e-29
 150.680237     -1.403  32.016562    14.4514    7.31155     -1.391    25.6302    18.8717 -9.990e-29
 150.680243     -1.392  32.016126    14.4420    7.28089     -1.380    25.6360    18.8781 -9.990e-29
 150.680249     -1.379  32.013754    14.4360    7.26439     -1.367    25.6379    18.8807 -9.990e-29
 150.680255     -1.365  32.012447    14.4365    7.27261     -1.354    25.6364    18.8794 -9.990e-29
 150.680260     -1.353  32.015503    14.4394    7.30033     -1.342    25.6372    18.8795 -9.990e-29
 150.680266     -1.347  32.019149    14.4376    7.31808     -1.336    25.6416    18.8832 -9.990e-29
 150.680272     -1.341  32.017600    14.4266    7.31587     -1.330    25.6475    18.8899 -9.990e-29
 150.680278     -1.331  32.011031    14.4085    7.28958     -1.320    25.6536    18.8982 -9.990e-29
 150.680284     -1.317  32.004134    14.3948    7.29409     -1.306    25.6566    18.9031 -9.990e-29
 150.680289     -1.301  32.001161    14.3942    7.30412     -1.290    25.6543    18.9015 -9.990e-29
 150.680295     -1.287  32.002627    14.4015    7.32079     -1.276    25.6508    18.8974 -9.990e-29
 150.680301     -1.275  32.005438    14.4043    7.31440     -1.264    25.6514    18.8973 -9.990e-29
 150.680307     -1.263  32.006619    14.3985    7.30917     -1.252    25.6563    18.9022 -9.990e-29
 150.680313     -1.247  32.003823    14.3914    7.30819     -1.237    25.6585    18.9053 -9.990e-29
 150.680318     -1.225  31.998364    14.3906    7.30771     -1.215    25.6542    18.9021 -9.990e-29
 150.680324     -1.205  31.996972    14.3950    7.29255     -1.195    25.6500    18.8981 -9.990e-29
 150.680330     -1.189  32.000590    14.3988    7.28761     -1.179    25.6507    18.8979 -9.990e-29
 150.680336     -1.177  32.003395    14.4018    7.29560     -1.167    25.6512    18.8977 -9.990e-29
 150.680341     -1.167  32.004084    14.4069    7.30391     -1.157    25.6485    18.8945 -9.990e-29
