data/oxygen options/OCNMS/OCNMS2/raw_data/2015/CAST_RR042_150528faed.cnv
* Sea-Bird SBE19 Data File:
* FileName = C:\2015 Mooring Data\Casts\CAST_RR042_150528.hex
* Software Version 1.59
* Temperature SN = 2997
* Conductivity SN = 2997
* System UpLoad Time = May 28 2015 23:43:45
** CAST_RR042_150528
* ds
# nquan = 9                                 
# nvalues = 1167                        
# units = specified
# name 0 = timeJ: Julian Days
# name 1 = prSM: Pressure, Strain Gauge [db]
# name 2 = c0mS/cm: Conductivity [mS/cm]
# name 3 = t090C: Temperature [ITS-90, deg C]
# name 4 = sbeox0ML/L: Oxygen, SBE 43 [ml/l]
# name 5 = depSM: Depth [salt water, m], lat = 47.5
# name 6 = sal00: Salinity, Practical [PSU]
# name 7 = sigma-é00: Density [sigma-theta, kg/m^3]
# name 8 = flag: flag
# span 0 = 148.981007, 148.987755       
# span 1 =     -4.859,     41.671       
# span 2 =   0.245433,  37.513563       
# span 3 =     7.8143,    12.5172       
# span 4 =   -10.2445,    15.7012       
# span 5 =     -4.819,     41.319       
# span 6 =     0.1563,    33.5268       
# span 7 =    -0.4009,    26.1444       
# span 8 = 0.0000e+00, 0.0000e+00       
# interval = seconds: 0.5
# start_time = May 28 2015 23:32:39 [Instrument's time stamp, header]
# bad_flag = -9.990e-29
*END*
[from data line 321]
 148.982865     -0.178   0.265339    12.1320    -1.8751     -0.177     0.1694    -0.3832 -9.990e-29
 148.982870     -0.173   0.265338    12.1305    -1.8750     -0.172     0.1694    -0.3830 -9.990e-29
 148.982876     -0.168   0.265338    12.1283    -1.8750     -0.167     0.1695    -0.3828 -9.990e-29
 148.982882     -0.165   0.265337    12.1245    -1.8751     -0.164     0.1695    -0.3823 -9.990e-29
 148.982888     -0.162   0.265337    12.1194    -1.8753     -0.161     0.1695    -0.3817 -9.990e-29
 148.982894     -0.160   0.265336    12.1136    -1.8751     -0.159     0.1695    -0.3810 -9.990e-29
 148.982899     -0.159   0.265335    12.1079    -1.8749     -0.158     0.1695    -0.3804 -9.990e-29
 148.982905     -0.157   0.265334    12.1030    -1.8749     -0.156     0.1696    -0.3798 -9.990e-29
 148.982911     -0.156   0.265332    12.0992    -1.8745     -0.155     0.1696    -0.3793 -9.990e-29
 148.982917     -0.155   0.265327    12.0977    -1.8742     -0.154     0.1696    -0.3791 -9.990e-29
 148.982922     -0.155   0.265313    12.0978    -1.8740     -0.154     0.1696    -0.3792 -9.990e-29
 148.982928     -0.154   0.265271    12.0973    -1.8740     -0.153     0.1695    -0.3791 -9.990e-29
 148.982934     -0.154   0.265145    12.0962    -1.8741     -0.153     0.1695    -0.3791 -9.990e-29
 148.982940     -0.154   0.264770    12.0958    -1.8739     -0.153     0.1692    -0.3792 -9.990e-29
 148.982946     -0.153   0.264200    12.0976    -1.8740     -0.152     0.1688    -0.3797 -9.990e-29
 148.982951     -0.153   0.263788    12.1010    -1.8738     -0.152     0.1686    -0.3803 -9.990e-29
 148.982957     -0.152   0.263541    12.1054    -1.8736     -0.151     0.1684    -0.3810 -9.990e-29
 148.982963     -0.152   0.263129    12.1108    -1.8738     -0.151     0.1681    -0.3818 -9.990e-29
 148.982969     -0.151   0.262560    12.1162    -1.8739     -0.150     0.1677    -0.3828 -9.990e-29
 148.982975     -0.151   0.262185    12.1200    -1.8737     -0.150     0.1674    -0.3834 -9.990e-29
 148.982980     -0.150   0.262060    12.1219    -1.8734     -0.149     0.1673    -0.3837 -9.990e-29
 148.982986     -0.149   0.262019    12.1229    -1.8734     -0.148     0.1673    -0.3838 -9.990e-29
 148.982992     -0.148   0.262008    12.1239    -1.8732     -0.147     0.1673    -0.3840 -9.990e-29
 148.982998     -0.147   0.262015    12.1253    -1.8733     -0.146     0.1673    -0.3841 -9.990e-29
 148.983003     -0.145   0.262050    12.1273    -1.8733     -0.144     0.1673    -0.3843 -9.990e-29
 148.983009     -0.143   0.262159    12.1287    -1.8731     -0.142     0.1674    -0.3845 -9.990e-29
 148.983015     -0.140   0.262488    12.1288    -1.8732     -0.139     0.1676    -0.3843 -9.990e-29
 148.983021     -0.136   0.262921    12.1296    -1.8731     -0.135     0.1679    -0.3842 -9.990e-29
 148.983027     -0.131   0.262925    12.1326    -1.8730     -0.130     0.1679    -0.3845 -9.990e-29
 148.983032     -0.125   0.262505    12.1363    -1.8729     -0.124     0.1676    -0.3852 -9.990e-29
 148.983038     -0.117   0.262215    12.1390    -1.8727     -0.116     0.1674    -0.3857 -9.990e-29
 148.983044     -0.106   0.262224    12.1403    -1.8727     -0.105     0.1674    -0.3858 -9.990e-29
 148.983050     -0.093   0.262543    12.1410    -1.8728     -0.092     0.1676    -0.3857 -9.990e-29
 148.983056     -0.076   0.263044    12.1421    -1.8728     -0.075     0.1679    -0.3856 -9.990e-29
 148.983061     -0.058   0.263286    12.1436    -1.8729     -0.058     0.1681    -0.3857 -9.990e-29
 148.983067     -0.042   0.263037    12.1449    -1.8730     -0.042     0.1679    -0.3859 -9.990e-29
 148.983073     -0.029   0.262520    12.1464    -1.8730     -0.029     0.1675    -0.3864 -9.990e-29
 148.983079     -0.020   0.262158    12.1486    -1.8728     -0.020     0.1673    -0.3868 -9.990e-29
 148.983084     -0.019   0.262025    12.1512    -1.8728     -0.019     0.1672    -0.3872 -9.990e-29
 148.983090     -0.023   0.261944    12.1534    -1.8726     -0.023     0.1671    -0.3875 -9.990e-29
 148.983096     -0.027   0.261807    12.1542    -1.8725     -0.027     0.1670    -0.3877 -9.990e-29
 148.983102     -0.032   0.261431    12.1536    -1.8722     -0.032     0.1668    -0.3878 -9.990e-29
 148.983108     -0.033   0.260872    12.1526    -1.8720     -0.033     0.1664    -0.3880 -9.990e-29
 148.983113     -0.027   0.260497    12.1516    -1.8721     -0.027     0.1662    -0.3880 -9.990e-29
 148.983119     -0.017   0.260359    12.1511    -1.8720     -0.017     0.1661    -0.3880 -9.990e-29
 148.983125     -0.011   0.260277    12.1515    -1.8722     -0.011     0.1661    -0.3881 -9.990e-29
 148.983131     -0.013   0.260139    12.1530    -1.8724     -0.013     0.1660    -0.3884 -9.990e-29
 148.983137     -0.019   0.259763    12.1552    -1.8726     -0.019     0.1657    -0.3888 -9.990e-29
 148.983142     -0.021   0.259202    12.1583    -1.8725     -0.021     0.1653    -0.3895 -9.990e-29
 148.983148     -0.014   0.258818    12.1625    -1.8725     -0.014     0.1651    -0.3902 -9.990e-29
 148.983154     -0.003   0.258654    12.1670    -1.8723     -0.003     0.1649    -0.3908 -9.990e-29
 148.983160      0.005   0.258491    12.1700    -1.8722      0.005     0.1648    -0.3913 -9.990e-29
 148.983166      0.010   0.258109    12.1711    -1.8721      0.010     0.1646    -0.3916 -9.990e-29
 148.983171      0.017   0.257554    12.1708    -1.8719      0.017     0.1642    -0.3918 -9.990e-29
 148.983177      0.022   0.257196    12.1685    -1.8720      0.022     0.1640    -0.3917 -9.990e-29
 148.983183      0.021   0.257113    12.1651    -1.8719      0.021     0.1640    -0.3914 -9.990e-29
 148.983189      0.018   0.257196    12.1628    -1.8717      0.018     0.1640    -0.3911 -9.990e-29
 148.983194      0.018   0.257552    12.1621    -1.8713      0.018     0.1643    -0.3908 -9.990e-29
 148.983200      0.015   0.258103    12.1630    -1.8711      0.015     0.1646    -0.3906 -9.990e-29
 148.983206      0.011   0.258472    12.1656    -1.8709      0.011     0.1648    -0.3907 -9.990e-29
 148.983212      0.013   0.258595    12.1688    -1.8708      0.013     0.1649    -0.3911 -9.990e-29
 148.983218      0.020   0.258635    12.1715    -1.8708      0.020     0.1649    -0.3914 -9.990e-29
 148.983223      0.026   0.258644    12.1736    -1.8708      0.026     0.1649    -0.3916 -9.990e-29
 148.983229      0.031   0.258635    12.1756    -1.8708      0.031     0.1649    -0.3919 -9.990e-29
 148.983235      0.039   0.258596    12.1788    -1.8709      0.039     0.1649    -0.3923 -9.990e-29
 148.983241      0.046   0.258473    12.1837    -1.8708      0.046     0.1648    -0.3929 -9.990e-29
 148.983247      0.048   0.258102    12.1893    -1.8707      0.048     0.1645    -0.3938 -9.990e-29
 148.983252      0.046   0.257542    12.1943    -1.8709      0.046     0.1641    -0.3947 -9.990e-29
 148.983258      0.040   0.257158    12.1981    -1.8712      0.040     0.1639    -0.3953 -9.990e-29
 148.983264      0.034   0.256992    12.2007    -1.8716      0.034     0.1637    -0.3957 -9.990e-29
 148.983270      0.030   0.256823    12.2018    -1.8716      0.030     0.1636    -0.3959 -9.990e-29
 148.983275      0.026   0.256424    12.2021    -1.8717      0.026     0.1634    -0.3962 -9.990e-29
 148.983281      0.020   0.255818    12.2022    -1.8718      0.020     0.1630    -0.3965 -9.990e-29
 148.983287      0.021   0.255308    12.2023    -1.8718      0.021     0.1626    -0.3968 -9.990e-29
 148.983293      0.028   0.254768    12.2026    -1.8718      0.028     0.1623    -0.3971 -9.990e-29
 148.983299      0.039   0.254034    12.2022    -1.8717      0.039     0.1618    -0.3974 -9.990e-29
 148.983304      0.053   0.253237    12.1994    -1.8715      0.053     0.1613    -0.3975 -9.990e-29
 148.983310      0.067   0.252425    12.1945    -1.8714      0.066     0.1608    -0.3973 -9.990e-29
 148.983316      0.079   0.251623    12.1895    -1.8712      0.078     0.1603    -0.3971 -9.990e-29
 148.983322      0.087   0.250874    12.1859    -1.8710      0.086     0.1598    -0.3970 -9.990e-29
 148.983328      0.095   0.250289    12.1833    -1.8708      0.094     0.1595    -0.3970 -9.990e-29
 148.983333      0.100   0.249643    12.1817    -1.8708      0.099     0.1590    -0.3971 -9.990e-29
 148.983339      0.105   0.248630    12.1816    -1.8707      0.104     0.1584    -0.3976 -9.990e-29
 148.983345      0.109   0.247563    12.1828    -1.8707      0.108     0.1577    -0.3983 -9.990e-29
 148.983351      0.112   0.246686    12.1851    -1.8706      0.111     0.1571    -0.3991 -9.990e-29
 148.983356      0.116   0.245938    12.1882    -1.6705      0.115     0.1566    -0.3998 -9.990e-29
 148.983362      0.119   0.245433    12.1918    -1.5275      0.118     0.1563    -0.4005 -9.990e-29
 148.983368      0.122   0.245609    12.1956    -1.5269      0.121     0.1564    -0.4009 -9.990e-29
 148.983374      0.126   0.247810    12.1995    -1.5264      0.125     0.1578    -0.4002 -9.990e-29
 148.983380      0.130   0.255525    12.2029    -1.5265      0.129     0.1628    -0.3967 -9.990e-29
 148.983385      0.140   0.279598    12.2058    -1.5258      0.139     0.1784    -0.3848 -9.990e-29
 148.983391      0.160   0.353236    12.2084    -1.5240      0.159     0.2266    -0.3475 -9.990e-29
 148.983397      0.187   0.575177    12.2117    -1.5231      0.185     0.3746    -0.2323 -9.990e-29
 148.983403      0.218   1.241897    12.2194    -1.5245      0.216     0.8350     0.1257 -9.990e-29
 148.983409      0.255   3.243467    12.2396    -1.5256      0.253     2.2946     1.2578 -9.990e-29
 148.983414      0.302   9.249202    12.2739    -1.5255      0.299     7.0217     4.9114 -9.990e-29
 148.983420      0.361  19.941173    12.3101    -1.5246      0.358    16.1216    11.9279 -9.990e-29
 148.983426      0.434  29.871439    12.3392    -1.5243      0.430    25.0896    18.8476 -9.990e-29
 148.983432      0.524  34.854887    12.3616    -1.5238      0.520    29.7400    22.4415 -9.990e-29
 148.983438      0.623  36.504134    12.3823    -1.5244      0.618    31.2892    23.6377 -9.990e-29
 148.983443      0.724  37.056340    12.4040    -1.5248      0.718    31.7975    24.0274 -9.990e-29
 148.983449      0.829  37.269677    12.4119    -1.5245      0.822    31.9944    24.1786 -9.990e-29
 148.983455      0.942  37.373107    12.3956    -1.5237      0.934    32.1071    24.2690 -9.990e-29
 148.983461      1.051  37.419892    12.3796    -1.5235      1.042    32.1655    24.3173 -9.990e-29
 148.983466      1.143  37.437671    12.3852    -1.5241      1.133    32.1776    24.3257 -9.990e-29
 148.983472      1.214  37.432783    12.4013    -1.5248      1.204    32.1591    24.3083 -9.990e-29
 148.983478      1.269  37.414995    12.4148    -1.5246      1.258    32.1306    24.2835 -9.990e-29
 148.983484      1.313  37.408285    12.4205    -1.5233      1.302    32.1192    24.2737 -9.990e-29
 148.983490      1.346  37.410467    12.4163    -1.5232      1.335    32.1249    24.2789 -9.990e-29
 148.983495      1.373  37.411023    12.4122    -1.5235      1.362    32.1289    24.2828 -9.990e-29
 148.983501      1.394  37.410719    12.4176    -1.5237      1.382    32.1240    24.2780 -9.990e-29
 148.983507      1.410  37.411418    12.4273    -1.5243      1.398    32.1164    24.2702 -9.990e-29
 148.983513      1.423  37.415199    12.4287    -1.5248      1.411    32.1188    24.2718 -9.990e-29
 148.983519      1.434  37.422086    12.4180    -1.5244      1.422    32.1345    24.2860 -9.990e-29
 148.983524      1.443  37.428392    12.4088    -1.5243      1.431    32.1484    24.2985 -9.990e-29
 148.983530      1.451  37.433021    12.4160    -1.5243      1.439    32.1467    24.2958 -9.990e-29
 148.983536      1.457  37.435436    12.4327    -1.5244      1.445    32.1347    24.2834 -9.990e-29
 148.983542      1.464  37.436639    12.4409    -1.5240      1.452    32.1288    24.2773 -9.990e-29
 148.983547      1.471  37.439386    12.4363    -1.5233      1.459    32.1354    24.2832 -9.990e-29
 148.983553      1.478  37.441763    12.4246    -1.5231      1.466    32.1477    24.2949 -9.990e-29
 148.983559      1.486  37.443042    12.4120    -1.5229      1.474    32.1597    24.3066 -9.990e-29
 148.983565      1.496  37.443270    12.4069    -1.5230      1.484    32.1642    24.3112 -9.990e-29
 148.983571      1.508  37.438289    12.4101    -1.5231      1.495    32.1567    24.3047 -9.990e-29
 148.983576      1.523  37.428771    12.4128    -1.5234      1.510    32.1453    24.2954 -9.990e-29
 148.983582      1.538  37.423361    12.4124    -1.5236      1.525    32.1405    24.2917 -9.990e-29
 148.983588      1.549  37.427213    12.4176    -1.5240      1.536    32.1397    24.2901 -9.990e-29
 148.983594      1.556  37.434835    12.4331    -1.5240      1.543    32.1337    24.2825 -9.990e-29
 148.983600      1.557  37.435104    12.4501    -1.5238      1.544    32.1194    24.2682 -9.990e-29
 148.983605      1.552  37.427847    12.4595    -1.5238      1.539    32.1045    24.2549 -9.990e-29
 148.983611      1.547  37.424726    12.4626    -1.5238      1.534    32.0989    24.2499 -9.990e-29
 148.983617      1.548  37.430024    12.4629    -1.5241      1.535    32.1037    24.2536 -9.990e-29
 148.983623      1.551  37.435692    12.4594    -1.5244      1.538    32.1121    24.2607 -9.990e-29
 148.983628      1.550  37.435293    12.4505    -1.5244      1.537    32.1193    24.2680 -9.990e-29
 148.983634      1.551  37.432249    12.4384    -1.5241      1.538    32.1267    24.2761 -9.990e-29
 148.983640      1.558  37.432620    12.4288    -1.5242      1.545    32.1353    24.2846 -9.990e-29
 148.983646      1.570  37.436927    12.4261    -1.5241      1.557    32.1417    24.2901 -9.990e-29
 148.983652      1.585  37.441405    12.4283    -1.5242      1.572    32.1441    24.2915 -9.990e-29
 148.983657      1.596  37.442516    12.4290    -1.5243      1.583    32.1446    24.2917 -9.990e-29
 148.983663      1.597  37.439521    12.4252    -1.5243      1.584    32.1449    24.2927 -9.990e-29
 148.983669      1.595  37.436868    12.4189    -1.5241      1.582    32.1478    24.2962 -9.990e-29
 148.983675      1.596  37.436655    12.4135    -1.5241      1.583    32.1522    24.3006 -9.990e-29
 148.983681      1.606  37.435820    12.4115    -1.5237      1.593    32.1531    24.3017 -9.990e-29
 148.983686      1.621  37.435518    12.4124    -1.5233      1.607    32.1521    24.3007 -9.990e-29
 148.983692      1.634  37.439296    12.4147    -1.5236      1.620    32.1537    24.3015 -9.990e-29
 148.983698      1.640  37.443806    12.4176    -1.5236      1.626    32.1555    24.3024 -9.990e-29
 148.983704      1.641  37.441632    12.4185    -1.5236      1.627    32.1527    24.3000 -9.990e-29
 148.983709      1.640  37.432706    12.4165    -1.5235      1.626    32.1459    24.2951 -9.990e-29
 148.983715      1.641  37.426462    12.4147    -1.5235      1.627    32.1414    24.2920 -9.990e-29
 148.983721      1.642  37.429744    12.4173    -1.5232      1.628    32.1424    24.2922 -9.990e-29
 148.983727      1.636  37.437982    12.4249    -1.5229      1.622    32.1437    24.2918 -9.990e-29
 148.983733      1.629  37.440316    12.4340    -1.5230      1.615    32.1382    24.2858 -9.990e-29
 148.983738      1.628  37.435398    12.4394    -1.5231      1.614    32.1288    24.2776 -9.990e-29
 148.983744      1.638  37.434085    12.4394    -1.5230      1.624    32.1276    24.2766 -9.990e-29
 148.983750      1.655  37.439139    12.4386    -1.5230      1.641    32.1331    24.2810 -9.990e-29
 148.983756      1.671  37.444431    12.4408    -1.5230      1.657    32.1363    24.2830 -9.990e-29
 148.983762      1.683  37.446386    12.4445    -1.5229      1.669    32.1350    24.2813 -9.990e-29
 148.983767      1.692  37.443712    12.4482    -1.5228      1.678    32.1292    24.2762 -9.990e-29
 148.983773      1.699  37.440159    12.4532    -1.5226      1.685    32.1216    24.2693 -9.990e-29
 148.983779      1.703  37.441674    12.4581    -1.5229      1.689    32.1188    24.2662 -9.990e-29
