data/oxygen options/OCNMS/OCNMS2/raw_data/2015/CAST_MC042_150724faedb.cnv
* Sea-Bird SBE 19 Data File:
* FileName = C:\2015 Mooring Data\Casts\CAST_MC042_150724.hex
* Software Version SeatermAF 2.1.2
* Temperature SN = 2997
* Conductivity SN = 2997
* System UpLoad Time = Jul 24 2015 00:13:37 (localtime) = Jul 24 2015 00:13:37 (UTC)
** CAST_MC042_150724
* ds
# nquan = 9
# nvalues = 40                          
# units = specified
# name 0 = timeJ: Julian Days
# name 1 = prSM: Pressure, Strain Gauge [db]
# name 2 = c0mS/cm: Conductivity [mS/cm]
# name 3 = t090C: Temperature [ITS-90, deg C]
# name 4 = sbeox0ML/L: Oxygen, SBE 43 [ml/l]
# name 5 = depSM: Depth [salt water, m], lat = 47.5
# name 6 = sal00: Salinity, Practical [PSU]
# name 7 = sigma-é00: Density [sigma-theta, kg/m^3]
# name 8 = flag: flag
# span 0 = 205.003433, 205.004447       
# span 1 =      2.000,     41.000       
# span 2 =  34.693626,  41.214277       
# span 3 =     7.8048,    16.6128       
# span 4 =     1.2253,     6.7599       
# span 5 =      1.983,     40.654       
# span 6 =    32.1102,    33.5401       
# span 7 =    23.3894,    26.1565       
# span 8 = 0.0000e+00, 0.0000e+00       
# interval = decibars: 1                
# start_time = Jul 23 2015 23:56:52 [Instrument's time stamp, header]
# bad_flag = -9.990e-29
*END*
 205.003433      2.000  41.214277    16.6128     6.7599      1.983    32.1133    23.3894 0.0000e+00
 205.003465      3.000  41.164687    16.5624     6.6879      2.975    32.1102    23.3987 0.0000e+00
 205.003497      4.000  41.056228    16.3886     6.6441      3.966    32.1551    23.4728 0.0000e+00
 205.003523      5.000  40.704569    15.9810     6.6750      4.958    32.1756    23.5806 0.0000e+00
 205.003547      6.000  40.651097    15.8355     6.6617      5.950    32.2463    23.6674 0.0000e+00
 205.003569      7.000  40.574263    15.7563     6.6328      6.942    32.2425    23.6821 0.0000e+00
 205.003592      8.000  40.577673    15.7359     6.5627      7.933    32.2618    23.7015 0.0000e+00
 205.003613      9.000  40.540524    15.6853     6.5112      8.925    32.2698    23.7189 0.0000e+00
 205.003635     10.000  40.417318    15.5690     6.4988      9.916    32.2550    23.7332 0.0000e+00
 205.003658     11.000  40.218464    15.2996     6.5546     10.908    32.2982    23.8254 0.0000e+00
 205.003682     12.000  40.076035    15.1758     6.5314     11.900    32.2721    23.8322 0.0000e+00
 205.003707     13.000  39.889591    14.9415     6.4681     12.891    32.2974    23.9021 0.0000e+00
 205.003731     14.000  39.556224    14.5344     6.3131     13.883    32.3327    24.0159 0.0000e+00
 205.003756     15.000  39.099317    14.0052     6.3834     14.874    32.3566    24.1441 0.0000e+00
 205.003781     16.000  38.365340    13.2001     6.0772     15.866    32.3543    24.3048 0.0000e+00
 205.003807     17.000  37.870791    12.3010     5.5778     16.857    32.6596    24.7147 0.0000e+00
 205.003832     18.000  36.941351    11.2123     4.8052     17.849    32.7123    24.9565 0.0000e+00
 205.003856     19.000  36.231556    10.2525     4.2612     18.840    32.8655    25.2431 0.0000e+00
 205.003880     20.000  35.888721     9.8365     3.4674     19.832    32.8960    25.3368 0.0000e+00
 205.003906     21.000  35.551817     9.3974     3.0552     20.824    32.9532    25.4528 0.0000e+00
 205.003931     22.000  35.354225     9.0494     3.0116     21.815    33.0701    25.5997 0.0000e+00
 205.003956     23.000  35.229811     8.8409     2.9741     22.807    33.1343    25.6825 0.0000e+00
 205.003981     24.000  35.185274     8.7582     2.9297     23.798    33.1645    25.7190 0.0000e+00
 205.004005     25.000  35.121362     8.6956     2.8377     24.790    33.1558    25.7218 0.0000e+00
 205.004031     26.000  35.017756     8.5500     2.6812     25.781    33.1831    25.7654 0.0000e+00
 205.004057     27.000  34.893322     8.2976     2.6429     26.773    33.2894    25.8868 0.0000e+00
 205.004081     28.000  34.831661     8.2170     2.6181     27.764    33.2999    25.9071 0.0000e+00
 205.004107     29.000  34.780921     8.1337     1.9563     28.756    33.3246    25.9389 0.0000e+00
 205.004133     30.000  34.821931     8.1084     1.5706     29.748    33.3918    25.9954 0.0000e+00
 205.004158     31.000  34.872257     8.1257     1.6091     30.739    33.4285    26.0217 0.0000e+00
 205.004186     32.000  34.831202     8.0641     1.5581     31.730    33.4431    26.0422 0.0000e+00
 205.004210     33.000  34.790272     7.9975     1.4711     32.722    33.4626    26.0673 0.0000e+00
 205.004235     34.000  34.766386     7.9719     1.4629     33.714    33.4611    26.0700 0.0000e+00
 205.004263     35.000  34.760842     7.9488     1.3612     34.705    33.4768    26.0856 0.0000e+00
 205.004291     36.000  34.731835     7.8970     1.2665     35.696    33.4949    26.1075 0.0000e+00
 205.004316     37.000  34.700644     7.8367     1.2471     36.688    33.5189    26.1350 0.0000e+00
 205.004341     38.000  34.694801     7.8155     1.2580     37.679    33.5325    26.1489 0.0000e+00
 205.004376     39.000  34.704327     7.8220     1.2433     38.671    33.5360    26.1506 0.0000e+00
 205.004410     40.000  34.695058     7.8081     1.2335     39.662    33.5389    26.1550 0.0000e+00
 205.004447     41.000  34.693626     7.8048     1.2253     40.654    33.5401    26.1565 0.0000e+00
