data/oxygen options/OCNMS/OCNMS2/raw_data/2015/CAST_RR042_150528faed.cnv
* Sea-Bird SBE19 Data File:
* FileName = C:\2015 Mooring Data\Casts\CAST_RR042_150528.hex
* Software Version 1.59
* Temperature SN = 2997
* Conductivity SN = 2997
* System UpLoad Time = May 28 2015 23:43:45
** CAST_RR042_150528
* ds
# nquan = 9                                 
# nvalues = 1167                        
# units = specified
# name 0 = timeJ: Julian Days
# name 1 = prSM: Pressure, Strain Gauge [db]
# name 2 = c0mS/cm: Conductivity [mS/cm]
# name 3 = t090C: Temperature [ITS-90, deg C]
# name 4 = sbeox0ML/L: Oxygen, SBE 43 [ml/l]
# name 5 = depSM: Depth [salt water, m], lat = 47.5
# name 6 = sal00: Salinity, Practical [PSU]
# name 7 = sigma-é00: Density [sigma-theta, kg/m^3]
# name 8 = flag: flag
# span 0 = 148.981007, 148.987755       
# span 1 =     -4.859,     41.671       
# span 2 =   0.245433,  37.513563       
# span 3 =     7.8143,    12.5172       
# span 4 =   -10.2445,    15.7012       
# span 5 =     -4.819,     41.319       
# span 6 =     0.1563,    33.5268       
# span 7 =    -0.4009,    26.1444       
# span 8 = 0.0000e+00, 0.0000e+00       
# interval = seconds: 0.5
# start_time = May 28 2015 23:32:39 [Instrument's time stamp, header]
# bad_flag = -9.990e-29
*END*
[from data line 1121]
 148.987494      4.774  36.639625    11.5919     8.7689      4.734    32.0896    24.4045 0.0000e+00
 148.987500      4.566  36.647267    11.6102     8.7996      4.528    32.0813    24.3948 0.0000e+00
 148.987506      4.350  36.665326    11.6392     8.8188      4.314    32.0739    24.3837 0.0000e+00
 148.987512      4.126  36.708909    11.6886     8.7990      4.092    32.0737    24.3745 0.0000e+00
 148.987517      3.886  36.783416    11.7555     8.7696      3.854    32.0883    24.3737 0.0000e+00
 148.987523      3.630  36.864260    11.8285     8.7361      3.600    32.1037    24.3723 0.0000e+00
 148.987529      3.366  36.924652    11.9041     8.6947      3.338    32.0971    24.3532 0.0000e+00
 148.987535      3.111  36.977270    11.9691     8.6425      3.085    32.0920    24.3372 0.0000e+00
 148.987541      2.877  37.041253    12.0274     8.6114      2.853    32.1037    24.3355 0.0000e+00
 148.987546      2.663  37.126778    12.0936     8.5658      2.641    32.1292    24.3429 0.0000e+00
 148.987552      2.470  37.213850    12.1539     8.4982      2.449    32.1612    24.3565 0.0000e+00
 148.987558      2.294  37.256491    12.1980     8.3801      2.275    32.1643    24.3506 0.0000e+00
 148.987564      2.133  37.268385    12.2358     8.2678      2.115    32.1433    24.3272 0.0000e+00
 148.987569      1.984  37.289518    12.2709     8.2093      1.967    32.1335    24.3130 0.0000e+00
 148.987575      1.847  37.319472    12.3011     9.6250      1.832    32.1363    24.3096 0.0000e+00
 148.987581      1.721  37.347152    12.3278     9.5947      1.707    32.1400    24.3074 -9.990e-29
 148.987587      1.608  37.369651    12.3474     9.0906      1.595    32.1448    24.3074 -9.990e-29
 148.987593      1.503  37.380519    12.3527     8.2951      1.490    32.1507    24.3109 -9.990e-29
 148.987598      1.406  37.366207    12.3447     7.4415      1.394    32.1439    24.3072 -9.990e-29
 148.987604      1.318  37.314928    12.3314     6.7439      1.307    32.1062    24.2805 -9.990e-29
 148.987610      1.243  37.201500    12.3185     6.3172      1.233    32.0087    24.2073 -9.990e-29
 148.987616      1.183  36.928525    12.3055     6.1230      1.173    31.7586    24.0159 -9.990e-29
 148.987622      1.140  36.176340    12.2882     6.0488      1.130    31.0547    23.4736 -9.990e-29
 148.987627      1.110  33.980169    12.2673     6.0340      1.101    28.9862    21.8751 -9.990e-29
 148.987633      1.089  27.448237    12.2479     6.0447      1.080    22.9130    17.1810 -9.990e-29
 148.987639      1.064  17.380718    12.2315     6.0728      1.055    13.9091    10.2329 -9.990e-29
 148.987645      1.036  10.119387    12.2154     6.0989      1.027     7.7477     5.4800 -9.990e-29
 148.987650      1.011   7.171311    12.1969     6.1365      1.003     5.3532     3.6320 -9.990e-29
 148.987656      0.992   5.817503    12.1749     6.1602      0.984     4.2814     2.8055 -9.990e-29
 148.987662      0.976   5.004565    12.1509     6.1678      0.968     3.6480     2.3180 -9.990e-29
 148.987668      0.964   4.485275    12.1270     6.1494      0.956     3.2480     2.0111 -9.990e-29
 148.987674      0.955   4.053417    12.1052     6.1336      0.947     2.9179     1.7578 -9.990e-29
 148.987679      0.948   3.556388    12.0871    -7.5423      0.940     2.5404     1.4672 -9.990e-29
 148.987685      0.942   3.091072    12.0732   -10.2445      0.934     2.1901     1.1969 -9.990e-29
 148.987691      0.938   2.743176    12.0629   -10.1980      0.930     1.9305     0.9966 -9.990e-29
 148.987697      0.935   2.477450    12.0554    -7.4090      0.927     1.7337     0.8445 -9.990e-29
 148.987703      0.932   2.294221    12.0495 -9.990e-29      0.924     1.5988     0.7404 -9.990e-29
 148.987708      0.930   2.214864    12.0441 -9.990e-29      0.922     1.5408     0.6958 -9.990e-29
 148.987714      0.929   2.133574    12.0391 -9.990e-29      0.921     1.4814     0.6503 -9.990e-29
 148.987720      0.928   1.966415    12.0348 -9.990e-29      0.920     1.3595     0.5559 -9.990e-29
 148.987726      0.927   1.780054    12.0311 -9.990e-29      0.919     1.2243     0.4512 -9.990e-29
 148.987731      0.926   1.635551    12.0270 -9.990e-29      0.918     1.1202     0.3706 -9.990e-29
 148.987737      0.925   1.533061    12.0211 -9.990e-29      0.917     1.0467     0.3141 -9.990e-29
 148.987743      0.925   1.457620    12.0135 -9.990e-29      0.917     0.9929     0.2731 -9.990e-29
 148.987749      0.925   1.399766    12.0095 -9.990e-29      0.917     0.9517     0.2415 -9.990e-29
 148.987755      0.925   1.359036 -9.990e-29 -9.990e-29      0.917 -9.990e-29 -9.990e-29 -9.990e-29
