data/oxygen options/OCNMS/OCNMS2/raw_data/2015/CAST_CE030_150528faed.cnv
* Sea-Bird SBE19 Data File:
* FileName = C:\2015 Mooring Data\Casts\CAST_CE030_150528.hex
* Software Version 1.59
* Temperature SN = 2997
* Conductivity SN = 2997
* System UpLoad Time = May 28 2015 22:44:24
** CAST_CE030_150528
* ds
# nquan = 9                                 
# nvalues = 1093                        
# units = specified
# name 0 = timeJ: Julian Days
# name 1 = prSM: Pressure, Strain Gauge [db]
# name 2 = c0mS/cm: Conductivity [mS/cm]
# name 3 = t090C: Temperature [ITS-90, deg C]
# name 4 = sbeox0ML/L: Oxygen, SBE 43 [ml/l]
# name 5 = depSM: Depth [salt water, m], lat = 47.5
# name 6 = sal00: Salinity, Practical [PSU]
# name 7 = sigma-é00: Density [sigma-theta, kg/m^3]
# name 8 = flag: flag
# span 0 = 148.939965, 148.946285       
# span 1 =     -4.942,     31.800       
# span 2 =   0.268822,  38.634869       
# span 3 =     8.4539,    13.8109       
# span 4 =    -1.8726,    13.9108       
# span 5 =     -4.901,     31.532       
# span 6 =     0.1701,    33.3030       
# span 7 =    -0.4359,    25.8732       
# span 8 = 0.0000e+00, 0.0000e+00       
# interval = seconds: 0.5
# start_time = May 28 2015 22:33:33 [Instrument's time stamp, header]
# bad_flag = -9.990e-29
*END*
 148.939965     -4.942 -9.990e-29    12.0405    -1.8726     -4.901 -9.990e-29 -9.990e-29 -9.990e-29
 148.939971     -4.926   0.341232    12.0454    -1.8723     -4.885     0.2196    -0.3340 -9.990e-29
 148.939977     -4.905   0.342218    12.0520    -1.8720     -4.864     0.2202    -0.3343 -9.990e-29
 148.939983     -4.878   0.342584    12.0591    -1.8719     -4.837     0.2204    -0.3349 -9.990e-29
 148.939988     -4.847   0.342263    12.0665    -1.8721     -4.807     0.2202    -0.3360 -9.990e-29
 148.939994     -4.816   0.341936    12.0744    -1.8723     -4.776     0.2199    -0.3371 -9.990e-29
 148.940000     -4.781   0.341723    12.0836    -1.8725     -4.741     0.2197    -0.3383 -9.990e-29
 148.940006     -4.746   0.341340    12.0943    -1.8726     -4.706     0.2194    -0.3398 -9.990e-29
 148.940012     -4.711   0.340833    12.1054    -1.8724     -4.672     0.2190    -0.3414 -9.990e-29
 148.940017     -4.679   0.340637    12.1152    -1.8723     -4.640     0.2188    -0.3427 -9.990e-29
 148.940023     -4.653   0.340492    12.1230    -1.8723     -4.614     0.2187    -0.3437 -9.990e-29
 148.940029     -4.626   0.339648    12.1286    -1.8721     -4.587     0.2181    -0.3448 -9.990e-29
 148.940035     -4.593   0.338646    12.1309    -1.8717     -4.555     0.2174    -0.3456 -9.990e-29
 148.940041     -4.555   0.338374    12.1298    -1.8714     -4.517     0.2173    -0.3456 -9.990e-29
 148.940046     -4.519   0.338467    12.1267    -1.8709     -4.481     0.2174    -0.3452 -9.990e-29
 148.940052     -4.486   0.338493    12.1237    -1.8705     -4.449     0.2174    -0.3448 -9.990e-29
 148.940058     -4.455   0.338490    12.1228    -1.8700     -4.418     0.2174    -0.3447 -9.990e-29
 148.940064     -4.424   0.338454    12.1242    -1.8695     -4.387     0.2174    -0.3449 -9.990e-29
 148.940069     -4.390   0.338336    12.1268    -1.8690     -4.353     0.2173    -0.3453 -9.990e-29
 148.940075     -4.351   0.337979    12.1303    -1.8685     -4.315     0.2170    -0.3459 -9.990e-29
 148.940081     -4.310   0.337463    12.1355    -1.8680     -4.274     0.2166    -0.3468 -9.990e-29
 148.940087     -4.273   0.337211    12.1425    -1.8675     -4.237     0.2164    -0.3477 -9.990e-29
 148.940093     -4.240   0.337443    12.1511    -1.8671     -4.205     0.2165    -0.3487 -9.990e-29
 148.940098     -4.211   0.337913    12.1612    -1.8668     -4.176     0.2168    -0.3496 -9.990e-29
 148.940104     -4.178   0.338137    12.1724    -1.8663     -4.143     0.2169    -0.3509 -9.990e-29
 148.940110     -4.141   0.337857    12.1842    -1.8660     -4.106     0.2166    -0.3525 -9.990e-29
 148.940116     -4.104   0.337258    12.1961    -1.8655     -4.070     0.2162    -0.3542 -9.990e-29
 148.940122     -4.071   0.336649    12.2083    -1.8652     -4.037     0.2157    -0.3560 -9.990e-29
 148.940127     -4.038   0.336330    12.2209    -1.8651     -4.004     0.2154    -0.3577 -9.990e-29
 148.940133     -4.004   0.336432    12.2330    -1.8647     -3.971     0.2154    -0.3591 -9.990e-29
 148.940139     -3.971   0.336536    12.2440    -1.8642     -3.938     0.2154    -0.3604 -9.990e-29
 148.940145     -3.941   0.336225    12.2542    -1.8639     -3.908     0.2152    -0.3618 -9.990e-29
 148.940150     -3.913   0.335641    12.2641    -1.8635     -3.880     0.2147    -0.3633 -9.990e-29
 148.940156     -3.884   0.335115    12.2742    -1.8633     -3.852     0.2143    -0.3648 -9.990e-29
 148.940162     -3.852   0.334501    12.2841    -1.8629     -3.820     0.2139    -0.3664 -9.990e-29
 148.940168     -3.821   0.333537    12.2930    -1.8626     -3.789     0.2132    -0.3679 -9.990e-29
 148.940174     -3.791   0.332605    12.3007    -1.8621     -3.759     0.2126    -0.3694 -9.990e-29
 148.940179     -3.758   0.332128    12.3082    -1.8617     -3.727     0.2122    -0.3705 -9.990e-29
 148.940185     -3.718   0.332027    12.3171    -1.8614     -3.687     0.2121    -0.3717 -9.990e-29
 148.940191     -3.682   0.332165    12.3266    -1.8612     -3.651     0.2121    -0.3728 -9.990e-29
 148.940197     -3.653   0.332172    12.3356    -1.8611     -3.623     0.2121    -0.3739 -9.990e-29
 148.940203     -3.624   0.331501    12.3440    -1.8612     -3.594     0.2116    -0.3752 -9.990e-29
 148.940208     -3.597   0.330368    12.3521    -1.8611     -3.567     0.2108    -0.3768 -9.990e-29
 148.940214     -3.570   0.329486    12.3606    -1.8612     -3.540     0.2102    -0.3783 -9.990e-29
 148.940220     -3.539   0.329344    12.3699    -1.8617     -3.509     0.2101    -0.3795 -9.990e-29
 148.940226     -3.504   0.329753    12.3795    -1.8615     -3.475     0.2103    -0.3805 -9.990e-29
 148.940231     -3.473   0.330147    12.3883    -1.8612     -3.444     0.2105    -0.3814 -9.990e-29
 148.940237     -3.448   0.330498    12.3952    -1.8611     -3.419     0.2107    -0.3821 -9.990e-29
 148.940243     -3.427   0.330718    12.4000    -1.8613     -3.398     0.2108    -0.3826 -9.990e-29
 148.940249     -3.408   0.330547    12.4025    -1.8610     -3.380     0.2107    -0.3830 -9.990e-29
 148.940255     -3.391   0.330310    12.4030    -1.8609     -3.363     0.2105    -0.3831 -9.990e-29
 148.940260     -3.374   0.330247    12.4023    -1.8605     -3.346     0.2105    -0.3831 -9.990e-29
 148.940266     -3.357   0.330274    12.3998    -1.8602     -3.329     0.2105    -0.3828 -9.990e-29
 148.940272     -3.338   0.330427    12.3970    -1.8601     -3.310     0.2106    -0.3823 -9.990e-29
 148.940278     -3.316   0.330913    12.3975    -1.8599     -3.288     0.2109    -0.3822 -9.990e-29
 148.940284     -3.294   0.331823    12.4005    -1.8597     -3.267     0.2115    -0.3821 -9.990e-29
 148.940289     -3.275   0.332707    12.4031    -1.8595     -3.248     0.2121    -0.3819 -9.990e-29
 148.940295     -3.254   0.333075    12.4053    -1.8591     -3.227     0.2123    -0.3820 -9.990e-29
 148.940301     -3.228   0.332865    12.4084    -1.8589     -3.201     0.2122    -0.3825 -9.990e-29
 148.940307     -3.205   0.332351    12.4129    -1.8588     -3.178     0.2118    -0.3833 -9.990e-29
 148.940313     -3.188   0.331958    12.4190    -1.8587     -3.161     0.2115    -0.3843 -9.990e-29
 148.940318     -3.172   0.331716    12.4255    -1.8588     -3.146     0.2113    -0.3852 -9.990e-29
 148.940324     -3.150   0.331305    12.4310    -1.8586     -3.124     0.2110    -0.3861 -9.990e-29
 148.940330     -3.126   0.330732    12.4360    -1.8584     -3.100     0.2106    -0.3870 -9.990e-29
 148.940336     -3.104   0.330343    12.4416    -1.8584     -3.078     0.2103    -0.3879 -9.990e-29
 148.940341     -3.084   0.330175    12.4477    -1.8582     -3.058     0.2102    -0.3888 -9.990e-29
 148.940347     -3.072   0.330005    12.4540    -1.8579     -3.046     0.2101    -0.3896 -9.990e-29
 148.940353     -3.061   0.329606    12.4594    -1.8578     -3.035     0.2098    -0.3905 -9.990e-29
 148.940359     -3.046   0.329004    12.4629    -1.8577     -3.021     0.2094    -0.3913 -9.990e-29
 148.940365     -3.027   0.328505    12.4652    -1.8583     -3.002     0.2090    -0.3918 -9.990e-29
 148.940370     -3.003   0.327999    12.4672    -1.8584     -2.978     0.2087    -0.3923 -9.990e-29
 148.940376     -2.975   0.327368    12.4698    -1.8590     -2.950     0.2083    -0.3929 -9.990e-29
 148.940382     -2.952   0.326881    12.4730    -1.8596     -2.927     0.2079    -0.3936 -9.990e-29
 148.940388     -2.931   0.326446    12.4766    -1.8602     -2.907     0.2076    -0.3943 -9.990e-29
 148.940394     -2.907   0.326037    12.4804    -1.8612     -2.883     0.2073    -0.3949 -9.990e-29
 148.940399     -2.883   0.326221    12.4840    -1.8617     -2.859     0.2074    -0.3953 -9.990e-29
 148.940405     -2.861   0.327242    12.4860    -1.8621     -2.837     0.2081    -0.3950 -9.990e-29
 148.940411     -2.840   0.328241    12.4841    -1.8625     -2.816     0.2087    -0.3943 -9.990e-29
 148.940417     -2.819   0.328326    12.4777    -1.8631     -2.795     0.2088    -0.3934 -9.990e-29
 148.940422     -2.796   0.328167    12.4688    -1.8636     -2.773     0.2088    -0.3924 -9.990e-29
 148.940428     -2.770   0.328663    12.4577    -1.8643     -2.747     0.2092    -0.3908 -9.990e-29
 148.940434     -2.739   0.329365    12.4444    -1.8651     -2.716     0.2097    -0.3888 -9.990e-29
 148.940440     -2.706   0.329545    12.4290    -1.8664     -2.683     0.2099    -0.3868 -9.990e-29
 148.940446     -2.677   0.329440    12.4121    -1.8671     -2.655     0.2099    -0.3847 -9.990e-29
 148.940451     -2.654   0.330023    12.3971    -1.8674     -2.632     0.2104    -0.3826 -9.990e-29
 148.940457     -2.636   0.331516    12.3849    -1.8671     -2.614     0.2114    -0.3803 -9.990e-29
 148.940463     -2.622   0.333132    12.3731    -1.8672     -2.600     0.2125    -0.3780 -9.990e-29
 148.940469     -2.611   0.334251    12.3600    -1.8676     -2.589     0.2133    -0.3758 -9.990e-29
 148.940475     -2.602   0.334698    12.3452    -1.8682     -2.580     0.2137    -0.3738 -9.990e-29
 148.940480     -2.595   0.334516    12.3280    -1.8686     -2.573     0.2137    -0.3717 -9.990e-29
 148.940486     -2.589   0.334016    12.3081    -1.8687     -2.567     0.2134    -0.3695 -9.990e-29
 148.940492     -2.580   0.333641    12.2878    -1.8688     -2.558     0.2133    -0.3672 -9.990e-29
 148.940498     -2.566   0.333449    12.2719    -1.8686     -2.545     0.2133    -0.3654 -9.990e-29
 148.940503     -2.556   0.333184    12.2637    -1.8686     -2.535     0.2131    -0.3645 -9.990e-29
 148.940509     -2.550   0.333046    12.2606    -1.8686     -2.529     0.2131    -0.3642 -9.990e-29
 148.940515     -2.541   0.333408    12.2566    -1.8687     -2.520     0.2133    -0.3635 -9.990e-29
 148.940521     -2.530   0.333642    12.2490    -1.8686     -2.509     0.2135    -0.3625 -9.990e-29
 148.940527     -2.517   0.332948    12.2397    -1.8687     -2.496     0.2131    -0.3617 -9.990e-29
 148.940532     -2.499   0.331513    12.2319    -1.8687     -2.478     0.2122    -0.3615 -9.990e-29
 148.940538     -2.481   0.330201    12.2273    -1.8684     -2.460     0.2114    -0.3616 -9.990e-29
 148.940544     -2.466   0.330039    12.2258    -1.8683     -2.445     0.2113    -0.3615 -9.990e-29
 148.940550     -2.447   0.330812    12.2267    -1.8679     -2.427     0.2118    -0.3612 -9.990e-29
 148.940556     -2.421   0.331330    12.2282    -1.8675     -2.401     0.2121    -0.3611 -9.990e-29
 148.940561     -2.389   0.331172    12.2286    -1.8670     -2.369     0.2120    -0.3613 -9.990e-29
 148.940567     -2.358   0.330683    12.2282    -1.8665     -2.338     0.2117    -0.3615 -9.990e-29
 148.940573     -2.331   0.330321    12.2278    -1.8661     -2.312     0.2114    -0.3616 -9.990e-29
 148.940579     -2.305   0.330160    12.2281    -1.8658     -2.286     0.2113    -0.3617 -9.990e-29
 148.940584     -2.278   0.329985    12.2304    -1.8654     -2.259     0.2112    -0.3621 -9.990e-29
 148.940590     -2.250   0.329562    12.2351    -1.8651     -2.231     0.2109    -0.3629 -9.990e-29
 148.940596     -2.219   0.328885    12.2414    -1.8650     -2.200     0.2104    -0.3640 -9.990e-29
 148.940602     -2.186   0.328161    12.2495    -1.8650     -2.168     0.2099    -0.3654 -9.990e-29
 148.940608     -2.158   0.327535    12.2593    -1.8649     -2.140     0.2095    -0.3669 -9.990e-29
 148.940613     -2.137   0.327283    12.2698    -1.8647     -2.119     0.2092    -0.3683 -9.990e-29
 148.940619     -2.123   0.327626    12.2801    -1.8647     -2.105     0.2094    -0.3694 -9.990e-29
 148.940625     -2.110   0.328466    12.2900    -1.8651     -2.092     0.2099    -0.3702 -9.990e-29
 148.940631     -2.093   0.329256    12.2991    -1.8654     -2.076     0.2104    -0.3709 -9.990e-29
 148.940637     -2.075   0.329386    12.3070    -1.8657     -2.058     0.2104    -0.3718 -9.990e-29
 148.940642     -2.060   0.329029    12.3129    -1.8664     -2.043     0.2102    -0.3727 -9.990e-29
 148.940648     -2.046   0.328818    12.3164    -1.8671     -2.029     0.2100    -0.3732 -9.990e-29
 148.940654     -2.033   0.329029    12.3185    -1.8677     -2.016     0.2101    -0.3734 -9.990e-29
 148.940660     -2.019   0.329389    12.3204    -1.8682     -2.002     0.2103    -0.3734 -9.990e-29
 148.940666     -2.004   0.329266    12.3219    -1.8683     -1.987     0.2103    -0.3737 -9.990e-29
 148.940671     -1.987   0.328497    12.3207    -1.8684     -1.970     0.2098    -0.3739 -9.990e-29
 148.940677     -1.967   0.327721    12.3155    -1.8689     -1.951     0.2093    -0.3737 -9.990e-29
 148.940683     -1.946   0.327572    12.3075    -1.8693     -1.930     0.2092    -0.3728 -9.990e-29
 148.940689     -1.928   0.328035    12.2971    -1.8699     -1.912     0.2096    -0.3712 -9.990e-29
 148.940694     -1.907   0.328617    12.2841    -1.8702     -1.891     0.2100    -0.3694 -9.990e-29
 148.940700     -1.882   0.328612    12.2697    -1.8702     -1.866     0.2101    -0.3676 -9.990e-29
 148.940706     -1.861   0.328012    12.2565    -1.8701     -1.845     0.2098    -0.3663 -9.990e-29
 148.940712     -1.845   0.327868    12.2463    -1.8697     -1.830     0.2097    -0.3651 -9.990e-29
 148.940718     -1.834   0.328544    12.2394    -1.8692     -1.819     0.2102    -0.3639 -9.990e-29
 148.940723     -1.827   0.329276    12.2328    -1.8687     -1.812     0.2107    -0.3628 -9.990e-29
 148.940729     -1.823   0.329371    12.2239    -1.8682     -1.808     0.2108    -0.3616 -9.990e-29
 148.940735     -1.819   0.328956    12.2138    -1.8680     -1.804     0.2106    -0.3606 -9.990e-29
 148.940741     -1.809   0.328588    12.2047    -1.8680     -1.794     0.2104    -0.3597 -9.990e-29
 148.940747     -1.798   0.328332    12.1989    -1.8678     -1.783     0.2103    -0.3591 -9.990e-29
 148.940752     -1.789   0.327844    12.1977    -1.8676     -1.774     0.2100    -0.3592 -9.990e-29
 148.940758     -1.781   0.327029    12.2009    -1.8675     -1.766     0.2094    -0.3600 -9.990e-29
 148.940764     -1.773   0.326465    12.2082    -1.8672     -1.758     0.2090    -0.3612 -9.990e-29
 148.940770     -1.766   0.326511    12.2181    -1.8670     -1.751     0.2090    -0.3624 -9.990e-29
 148.940775     -1.759   0.326672    12.2288    -1.8669     -1.744     0.2090    -0.3636 -9.990e-29
 148.940781     -1.751   0.326608    12.2383    -1.8667     -1.736     0.2090    -0.3648 -9.990e-29
 148.940787     -1.742   0.326232    12.2448    -1.8666     -1.727     0.2087    -0.3658 -9.990e-29
 148.940793     -1.731   0.325598    12.2490    -1.8670     -1.717     0.2082    -0.3666 -9.990e-29
 148.940799     -1.718   0.324970    12.2531    -1.8675     -1.704     0.2078    -0.3674 -9.990e-29
 148.940804     -1.702   0.324623    12.2575    -1.8675     -1.688     0.2076    -0.3681 -9.990e-29
 148.940810     -1.681   0.324649    12.2622    -1.8676     -1.667     0.2075    -0.3687 -9.990e-29
 148.940816     -1.659   0.324526    12.2673    -1.8675     -1.645     0.2074    -0.3694 -9.990e-29
 148.940822     -1.643   0.324090    12.2716    -1.8670     -1.629     0.2071    -0.3701 -9.990e-29
 148.940828     -1.636   0.323868    12.2747    -1.8667     -1.622     0.2070    -0.3706 -9.990e-29
 148.940833     -1.633   0.324122    12.2770    -1.8664     -1.619     0.2071    -0.3708 -9.990e-29
 148.940839     -1.627   0.324634    12.2761    -1.8661     -1.613     0.2075    -0.3704 -9.990e-29
 148.940845     -1.615   0.324974    12.2710    -1.8654     -1.602     0.2077    -0.3696 -9.990e-29
 148.940851     -1.602   0.325039    12.2653    -1.8650     -1.589     0.2078    -0.3689 -9.990e-29
 148.940856     -1.587   0.324915    12.2627    -1.8649     -1.574     0.2077    -0.3686 -9.990e-29
 148.940862     -1.574   0.324438    12.2629    -1.8648     -1.561     0.2074    -0.3689 -9.990e-29
 148.940868     -1.565   0.323526    12.2663    -1.8649     -1.552     0.2068    -0.3698 -9.990e-29
 148.940874     -1.556   0.322628    12.2732    -1.8649     -1.543     0.2062    -0.3711 -9.990e-29
 148.940880     -1.542   0.322213    12.2815    -1.8654     -1.529     0.2059    -0.3723 -9.990e-29
 148.940885     -1.527   0.322282    12.2899    -1.8660     -1.514     0.2059    -0.3733 -9.990e-29
