data/oxygen options/OCNMS/OCNMS2/raw_data/2015/CAST_CE030_150528faed.cnv
* Sea-Bird SBE19 Data File:
* FileName = C:\2015 Mooring Data\Casts\CAST_CE030_150528.hex
* Software Version 1.59
* Temperature SN = 2997
* Conductivity SN = 2997
* System UpLoad Time = May 28 2015 22:44:24
** CAST_CE030_150528
* ds
# nquan = 9                                 
# nvalues = 1093                        
# units = specified
# name 0 = timeJ: Julian Days
# name 1 = prSM: Pressure, Strain Gauge [db]
# name 2 = c0mS/cm: Conductivity [mS/cm]
# name 3 = t090C: Temperature [ITS-90, deg C]
# name 4 = sbeox0ML/L: Oxygen, SBE 43 [ml/l]
# name 5 = depSM: Depth [salt water, m], lat = 47.5
# name 6 = sal00: Salinity, Practical [PSU]
# name 7 = sigma-é00: Density [sigma-theta, kg/m^3]
# name 8 = flag: flag
# span 0 = 148.939965, 148.946285       
# span 1 =     -4.942,     31.800       
# span 2 =   0.268822,  38.634869       
# span 3 =     8.4539,    13.8109       
# span 4 =    -1.8726,    13.9108       
# span 5 =     -4.901,     31.532       
# span 6 =     0.1701,    33.3030       
# span 7 =    -0.4359,    25.8732       
# span 8 = 0.0000e+00, 0.0000e+00       
# interval = seconds: 0.5
# start_time = May 28 2015 22:33:33 [Instrument's time stamp, header]
# bad_flag = -9.990e-29
*END*
[from data line 321]
 148.941823     -0.230   0.287490    12.4782    -1.8615     -0.228     0.1823    -0.4142 -9.990e-29
 148.941829     -0.228   0.287082    12.4699    -1.8614     -0.226     0.1821    -0.4134 -9.990e-29
 148.941834     -0.223   0.286946    12.4602    -1.8610     -0.221     0.1820    -0.4122 -9.990e-29
 148.941840     -0.217   0.286900    12.4496    -1.8608     -0.215     0.1821    -0.4109 -9.990e-29
 148.941846     -0.216   0.286885    12.4394    -1.8605     -0.214     0.1821    -0.4097 -9.990e-29
 148.941852     -0.219   0.286879    12.4305    -1.8604     -0.217     0.1821    -0.4086 -9.990e-29
 148.941858     -0.221   0.286876    12.4238    -1.8605     -0.219     0.1822    -0.4078 -9.990e-29
 148.941863     -0.220   0.286870    12.4210    -1.8603     -0.218     0.1822    -0.4074 -9.990e-29
 148.941869     -0.218   0.286856    12.4214    -1.8600     -0.216     0.1822    -0.4075 -9.990e-29
 148.941875     -0.220   0.286814    12.4232    -1.8600     -0.218     0.1821    -0.4077 -9.990e-29
 148.941881     -0.223   0.286691    12.4270    -1.8599     -0.221     0.1820    -0.4083 -9.990e-29
 148.941887     -0.221   0.286320    12.4329    -1.8596     -0.219     0.1818    -0.4092 -9.990e-29
 148.941892     -0.216   0.285764    12.4390    -1.8594     -0.214     0.1814    -0.4102 -9.990e-29
 148.941898     -0.205   0.285393    12.4439    -1.8590     -0.203     0.1811    -0.4110 -9.990e-29
 148.941904     -0.193   0.285268    12.4470    -1.8586     -0.191     0.1810    -0.4114 -9.990e-29
 148.941910     -0.184   0.285223    12.4493    -1.8584     -0.182     0.1810    -0.4118 -9.990e-29
 148.941916     -0.177   0.285197    12.4529    -1.8584     -0.176     0.1809    -0.4122 -9.990e-29
 148.941921     -0.172   0.285155    12.4571    -1.8580     -0.171     0.1809    -0.4128 -9.990e-29
 148.941927     -0.168   0.285041    12.4603    -1.8580     -0.167     0.1808    -0.4132 -9.990e-29
 148.941933     -0.164   0.284706    12.4640    -1.8580     -0.163     0.1806    -0.4138 -9.990e-29
 148.941939     -0.162   0.284259    12.4693    -1.8582     -0.161     0.1803    -0.4147 -9.990e-29
 148.941944     -0.160   0.284215    12.4758    -1.8583     -0.159     0.1802    -0.4155 -9.990e-29
 148.941950     -0.158   0.284514    12.4833    -1.8582     -0.157     0.1804    -0.4163 -9.990e-29
 148.941956     -0.157   0.284445    12.4908    -1.8580     -0.156     0.1803    -0.4173 -9.990e-29
 148.941962     -0.156   0.283916    12.4965    -1.8582     -0.155     0.1799    -0.4183 -9.990e-29
 148.941968     -0.155   0.283334    12.5007    -1.8584     -0.154     0.1795    -0.4191 -9.990e-29
 148.941973     -0.154   0.283031    12.5046    -1.8581     -0.153     0.1793    -0.4197 -9.990e-29
 148.941979     -0.154   0.283162    12.5068    -1.8579     -0.153     0.1794    -0.4199 -9.990e-29
 148.941985     -0.153   0.283346    12.5068    -1.8578     -0.152     0.1795    -0.4198 -9.990e-29
 148.941991     -0.153   0.283273    12.5052    -1.8577     -0.152     0.1795    -0.4197 -9.990e-29
 148.941997     -0.153   0.282845    12.5041    -1.8574     -0.152     0.1792    -0.4198 -9.990e-29
 148.942002     -0.152   0.282046    12.5046    -1.8573     -0.151     0.1787    -0.4202 -9.990e-29
 148.942008     -0.152   0.281480    12.5050    -1.8571     -0.151     0.1783    -0.4206 -9.990e-29
 148.942014     -0.151   0.281501    12.5041    -1.8571     -0.150     0.1783    -0.4204 -9.990e-29
 148.942020     -0.150   0.281584    12.5041    -1.8571     -0.149     0.1784    -0.4204 -9.990e-29
 148.942025     -0.149   0.281284    12.5067    -1.8570     -0.148     0.1782    -0.4209 -9.990e-29
 148.942031     -0.148   0.280756    12.5106    -1.8573     -0.147     0.1778    -0.4216 -9.990e-29
 148.942037     -0.147   0.280407    12.5140    -1.8572     -0.146     0.1776    -0.4222 -9.990e-29
 148.942043     -0.145   0.280326    12.5176    -1.8571     -0.144     0.1775    -0.4227 -9.990e-29
 148.942049     -0.142   0.280406    12.5219    -1.8576     -0.141     0.1775    -0.4232 -9.990e-29
 148.942054     -0.139   0.280756    12.5259    -1.8576     -0.138     0.1777    -0.4235 -9.990e-29
 148.942060     -0.136   0.281287    12.5287    -1.8579     -0.135     0.1781    -0.4236 -9.990e-29
 148.942066     -0.131   0.281596    12.5302    -1.8579     -0.130     0.1783    -0.4236 -9.990e-29
 148.942072     -0.124   0.281540    12.5307    -1.8579     -0.123     0.1782    -0.4237 -9.990e-29
 148.942078     -0.116   0.281230    12.5301    -1.8573     -0.115     0.1780    -0.4238 -9.990e-29
 148.942083     -0.105   0.280807    12.5288    -1.8572     -0.104     0.1778    -0.4239 -9.990e-29
 148.942089     -0.096   0.280449    12.5280    -1.8571     -0.095     0.1775    -0.4239 -9.990e-29
 148.942095     -0.092   0.280231    12.5261    -1.8569     -0.091     0.1774    -0.4238 -9.990e-29
 148.942101     -0.088   0.280049    12.5223    -1.8564     -0.087     0.1773    -0.4234 -9.990e-29
 148.942106     -0.079   0.279659    12.5185    -1.8560     -0.078     0.1771    -0.4232 -9.990e-29
 148.942112     -0.066   0.279097    12.5159    -1.8556     -0.065     0.1767    -0.4231 -9.990e-29
 148.942118     -0.048   0.278724    12.5158    -1.8553     -0.048     0.1765    -0.4233 -9.990e-29
 148.942124     -0.027   0.278599    12.5190    -1.8551     -0.027     0.1764    -0.4237 -9.990e-29
 148.942130     -0.015   0.278553    12.5243    -1.8548     -0.015     0.1763    -0.4244 -9.990e-29
 148.942135     -0.016   0.278525    12.5295    -1.8543     -0.016     0.1763    -0.4251 -9.990e-29
 148.942141     -0.022   0.278479    12.5344    -1.8541     -0.022     0.1762    -0.4257 -9.990e-29
 148.942147     -0.027   0.278353    12.5408    -1.8542     -0.027     0.1761    -0.4266 -9.990e-29
 148.942153     -0.033   0.277978    12.5492    -1.8541     -0.033     0.1759    -0.4278 -9.990e-29
 148.942159     -0.039   0.277409    12.5588    -1.8546     -0.039     0.1754    -0.4293 -9.990e-29
 148.942164     -0.043   0.276998    12.5680    -1.8553     -0.043     0.1751    -0.4307 -9.990e-29
 148.942170     -0.044   0.276751    12.5756    -1.8562     -0.044     0.1750    -0.4317 -9.990e-29
 148.942176     -0.047   0.276338    12.5824    -1.8567     -0.047     0.1747    -0.4328 -9.990e-29
 148.942182     -0.047   0.275765    12.5900    -1.8567     -0.047     0.1743    -0.4340 -9.990e-29
 148.942187     -0.041   0.275379    12.5976    -1.8562     -0.041     0.1740    -0.4352 -9.990e-29
 148.942193     -0.032   0.275217    12.6020    -1.8556     -0.032     0.1739    -0.4358 -9.990e-29
 148.942199     -0.028   0.275064    12.6019    -1.8559     -0.028     0.1738    -0.4359 -9.990e-29
 148.942205     -0.028   0.274717    12.5979    -1.8564     -0.028     0.1735    -0.4356 -9.990e-29
 148.942211     -0.025   0.274267    12.5889    -1.8570     -0.025     0.1733    -0.4347 -9.990e-29
 148.942216     -0.019   0.274224    12.5752    -1.8579     -0.019     0.1733    -0.4330 -9.990e-29
 148.942222     -0.016   0.274532    12.5610    -1.8582     -0.016     0.1736    -0.4310 -9.990e-29
 148.942228     -0.018   0.274491    12.5518    -1.8582     -0.018     0.1736    -0.4299 -9.990e-29
 148.942234     -0.020   0.274046    12.5504    -1.8582     -0.020     0.1733    -0.4300 -9.990e-29
 148.942240     -0.021   0.273712    12.5551    -1.8579     -0.021     0.1731    -0.4307 -9.990e-29
 148.942245     -0.019   0.273599    12.5592    -1.8575     -0.019     0.1730    -0.4313 -9.990e-29
 148.942251     -0.013   0.273558    12.5563    -1.8572     -0.013     0.1730    -0.4309 -9.990e-29
 148.942257     -0.006   0.273532    12.5471    -1.8568     -0.006     0.1730    -0.4298 -9.990e-29
 148.942263      0.002   0.273487    12.5342    -1.8568      0.002     0.1730    -0.4282 -9.990e-29
 148.942269      0.007   0.273362    12.5209    -1.8572      0.007     0.1730    -0.4266 -9.990e-29
 148.942274      0.005   0.272990    12.5120    -1.8577      0.005     0.1728    -0.4257 -9.990e-29
 148.942280     -0.000   0.272430    12.5093    -1.8578     -0.000     0.1724    -0.4257 -9.990e-29
 148.942286      0.000   0.272046    12.5115    -1.8578      0.000     0.1722    -0.4261 -9.990e-29
 148.942292      0.006   0.271881    12.5167    -1.8578      0.006     0.1721    -0.4268 -9.990e-29
 148.942297      0.010   0.271715    12.5233    -1.8582      0.010     0.1719    -0.4278 -9.990e-29
 148.942303      0.010   0.271327    12.5300    -1.8583      0.010     0.1717    -0.4288 -9.990e-29
 148.942309      0.013   0.270754    12.5348    -1.8582      0.013     0.1713    -0.4297 -9.990e-29
 148.942315      0.018   0.270342    12.5348    -1.8577      0.018     0.1710    -0.4299 -9.990e-29
 148.942321      0.029   0.270097    12.5299    -1.8574      0.029     0.1709    -0.4294 -9.990e-29
 148.942326      0.047   0.269692    12.5237    -1.8573      0.047     0.1706    -0.4288 -9.990e-29
 148.942332      0.066   0.269142    12.5198    -1.8570      0.065     0.1703    -0.4286 -9.990e-29
 148.942338      0.081   0.268822    12.5177    -1.8564      0.080     0.1701    -0.4285 -9.990e-29
 148.942344      0.094   0.268862    12.5149    -1.8561      0.093     0.1701    -0.4281 -9.990e-29
 148.942350      0.105   0.269315    12.5109    -1.5087      0.104     0.1704    -0.4274 -9.990e-29
 148.942355      0.116   0.270785    12.5086    -1.4988      0.115     0.1714    -0.4264 -9.990e-29
 148.942361      0.127   0.274675    12.5105    -1.4958      0.126     0.1739    -0.4247 -9.990e-29
 148.942367      0.138   0.283396    12.5154    -1.4952      0.137     0.1795    -0.4209 -9.990e-29
 148.942373      0.151   0.302468    12.5210    -1.4966      0.150     0.1918    -0.4119 -9.990e-29
 148.942378      0.166   0.347323    12.5287    -1.4975      0.165     0.2209    -0.3901 -9.990e-29
 148.942384      0.185   0.462774    12.5451    -1.4989      0.183     0.2967    -0.3330 -9.990e-29
 148.942390      0.207   0.784987    12.5838    -1.5004      0.205     0.5124    -0.1696 -9.990e-29
 148.942396      0.236   1.727474    12.6842    -1.5011      0.234     1.1662     0.3265 -9.990e-29
 148.942402      0.276   4.534115    12.8806    -1.5012      0.274     3.2211     1.8935 -9.990e-29
 148.942407      0.335  12.936545    13.1116    -1.5008      0.332     9.8649     6.9843 -9.990e-29
 148.942413      0.413  25.545137    13.2725    -1.5011      0.410    20.6090    15.2275 -9.990e-29
 148.942419      0.509  33.966434    13.3345    -1.5019      0.505    28.1673    21.0431 -9.990e-29
 148.942425      0.621  36.780988    13.3328    -1.5019      0.616    30.7699    23.0535 -9.990e-29
 148.942431      0.732  37.717481    13.3115    -1.4990      0.726    31.6600    23.7457 -9.990e-29
 148.942436      0.821  38.021240    13.2879    -1.4974      0.814    31.9636    23.9851 -9.990e-29
 148.942442      0.887  38.085523    13.2617    -1.4954      0.880    32.0458    24.0539 -9.990e-29
 148.942448      0.934  38.054958    13.2425    -1.4947      0.926    32.0334    24.0480 -9.990e-29
 148.942454      0.968  38.012204    13.2357    -1.4938      0.960    31.9990    24.0228 -9.990e-29
 148.942459      0.997  37.983847    13.2336    -1.4944      0.989    31.9742    24.0040 -9.990e-29
 148.942465      1.022  37.969122    13.2293    -1.4962      1.013    31.9640    23.9970 -9.990e-29
 148.942471      1.049  37.964131    13.2298    -1.5010      1.040    31.9589    23.9929 -9.990e-29
 148.942477      1.080  37.958886    13.2547    -1.4985      1.071    31.9331    23.9680 -9.990e-29
 148.942483      1.108  37.953155    13.3086    -1.5007      1.099    31.8825    23.9183 -9.990e-29
 148.942488      1.131  37.963439    13.3751    -1.4979      1.122    31.8365    23.8695 -9.990e-29
 148.942494      1.149  37.992831    13.4349    -1.4994      1.139    31.8139    23.8402 -9.990e-29
 148.942500      1.165  38.016626    13.4756    -1.4981      1.155    31.8022    23.8230 -9.990e-29
 148.942506      1.179  38.028461    13.4995    -1.4976      1.169    31.7933    23.8114 -9.990e-29
 148.942512      1.192  38.035746    13.5106    -1.4951      1.182    31.7908    23.8073 -9.990e-29
 148.942517      1.205  38.011219    13.5059    -1.4934      1.195    31.7719    23.7936 -9.990e-29
 148.942523      1.219  37.916043    13.4864    -1.4940      1.209    31.6996    23.7416 -9.990e-29
 148.942529      1.235  37.748975    13.4646    -1.4930      1.225    31.5622    23.6398 -9.990e-29
 148.942535      1.253  37.617597    13.4523    -1.4941      1.243    31.4501    23.5556 -9.990e-29
 148.942541      1.271  37.595193    13.4453    -1.4923      1.260    31.4350    23.5453 -9.990e-29
 148.942546      1.285  37.623319    13.4392    -1.4902      1.274    31.4662    23.5706 -9.990e-29
 148.942552      1.297  37.674459    13.4433    -1.4913      1.286    31.5104    23.6040 -9.990e-29
 148.942558      1.306  37.733834    13.4689    -1.4899      1.295    31.5445    23.6252 -9.990e-29
 148.942564      1.314  37.793160    13.5123    -1.4888      1.303    31.5638    23.6315 -9.990e-29
 148.942569      1.322  37.853617    13.5539    -1.4916      1.311    31.5856    23.6400 -9.990e-29
 148.942575      1.329  37.903320    13.5749    -1.4915      1.318    31.6143    23.6581 -9.990e-29
 148.942581      1.336  37.927263    13.5752    -1.4908      1.325    31.6363    23.6750 -9.990e-29
 148.942587      1.344  37.942827    13.5831    -1.4920      1.333    31.6442    23.6795 -9.990e-29
 148.942593      1.352  37.980896    13.6214    -1.4888      1.341    31.6479    23.6746 -9.990e-29
 148.942598      1.363  38.008694    13.6633    -1.4860      1.352    31.6390    23.6594 -9.990e-29
 148.942604      1.371  38.012281    13.6809    -1.4855      1.360    31.6277    23.6472 -9.990e-29
 148.942610      1.377  38.012184    13.6839    -1.4857      1.366    31.6252    23.6446 -9.990e-29
 148.942616      1.387  38.029627    13.6708    -1.4867      1.375    31.6521    23.6680 -9.990e-29
 148.942622      1.396  38.076684    13.6437    -1.4871      1.384    31.7182    23.7245 -9.990e-29
 148.942627      1.402  38.119106    13.6293    -1.4865      1.390    31.7695    23.7670 -9.990e-29
 148.942633      1.403  38.129362    13.6292    -1.4876      1.391    31.7791    23.7744 -9.990e-29
 148.942639      1.400  38.130122    13.6347    -1.4875      1.388    31.7752    23.7704 -9.990e-29
 148.942645      1.394  38.143181    13.6590    -1.4859      1.382    31.7671    23.7592 -9.990e-29
 148.942650      1.388  38.200566    13.7027    -1.4870      1.376    31.7841    23.7635 -9.990e-29
 148.942656      1.389  38.310958    13.7416    -1.4868      1.377    31.8540    23.8097 -9.990e-29
 148.942662      1.399  38.393313    13.7563    -1.4864      1.387    31.9180    23.8561 -9.990e-29
 148.942668      1.409  38.401002    13.7498    -1.4874      1.397    31.9305    23.8671 -9.990e-29
 148.942674      1.416  38.375166    13.7345    -1.4884      1.404    31.9193    23.8616 -9.990e-29
 148.942679      1.420  38.354304    13.7169    -1.4880      1.408    31.9146    23.8615 -9.990e-29
 148.942685      1.421  38.361107    13.7054    -1.4872      1.409    31.9305    23.8761 -9.990e-29
 148.942691      1.420  38.385605    13.7116    -1.4879      1.408    31.9481    23.8884 -9.990e-29
 148.942697      1.420  38.392627    13.7248    -1.4880      1.408    31.9436    23.8823 -9.990e-29
 148.942703      1.426  38.387077    13.7280    -1.4871      1.414    31.9358    23.8756 -9.990e-29
 148.942708      1.434  38.384585    13.7254    -1.4869      1.422    31.9356    23.8760 -9.990e-29
 148.942714      1.440  38.380742    13.7156    -1.4867      1.428    31.9402    23.8815 -9.990e-29
 148.942720      1.445  38.381673    13.6939    -1.4865      1.433    31.9592    23.9006 -9.990e-29
 148.942726      1.449  38.390334    13.6773    -1.4860      1.437    31.9811    23.9208 -9.990e-29
 148.942731      1.452  38.394749    13.6807    -1.4858      1.440    31.9823    23.9211 -9.990e-29
 148.942737      1.455  38.388492    13.6907    -1.4857      1.443    31.9682    23.9081 -9.990e-29
