data/oxygen options/OCNMS/OCNMS2/raw_data/2015/CAST_CE030_150528faedb.cnv
* Sea-Bird SBE19 Data File:
* FileName = C:\2015 Mooring Data\Casts\CAST_CE030_150528.hex
* Software Version 1.59
* Temperature SN = 2997
* Conductivity SN = 2997
* System UpLoad Time = May 28 2015 22:44:24
** CAST_CE030_150528
* ds
# nquan = 9
# nvalues = 30                          
# units = specified
# name 0 = timeJ: Julian Days
# name 1 = prSM: Pressure, Strain Gauge [db]
# name 2 = c0mS/cm: Conductivity [mS/cm]
# name 3 = t090C: Temperature [ITS-90, deg C]
# name 4 = sbeox0ML/L: Oxygen, SBE 43 [ml/l]
# name 5 = depSM: Depth [salt water, m], lat = 47.5
# name 6 = sal00: Salinity, Practical [PSU]
# name 7 = sigma-é00: Density [sigma-theta, kg/m^3]
# name 8 = flag: flag
# span 0 = 148.943969, 148.944696       
# span 1 =      2.000,     31.000       
# span 2 =  35.021894,  38.612585       
# span 3 =     8.4587,    13.7400       
# span 4 =     1.0887,     8.3486       
# span 5 =      1.983,     30.739       
# span 6 =    32.1346,    33.2988       
# span 7 =    24.0271,    25.8701       
# span 8 = 0.0000e+00, 0.0000e+00       
# interval = decibars: 1                
# start_time = May 28 2015 22:33:33 [Instrument's time stamp, header]
# bad_flag = -9.990e-29
*END*
 148.943969      2.000  38.612585    13.7400     7.4890      1.983    32.1346    24.0271 0.0000e+00
 148.944006      3.000  38.257224    13.3198     7.8009      2.975    32.1567    24.1281 0.0000e+00
 148.944045      4.000  37.932712    12.9780     7.8920      3.967    32.1409    24.1832 0.0000e+00
 148.944086      5.000  37.699972    12.6777     8.3486      4.958    32.1758    24.2684 0.0000e+00
 148.944125      6.000  37.427252    12.2248     7.7764      5.950    32.3038    24.4537 0.0000e+00
 148.944158      7.000  36.999880    11.7179     6.8402      6.941    32.3295    24.5676 0.0000e+00
 148.944192      8.000  36.095386    10.6783     5.6409      7.933    32.3525    24.7709 0.0000e+00
 148.944221      9.000  35.749064    10.1401     4.8858      8.924    32.4843    24.9649 0.0000e+00
 148.944244     10.000  35.505627     9.7780     4.6143      9.916    32.5631    25.0863 0.0000e+00
 148.944265     11.000  35.374532     9.5948     4.3183     10.908    32.5949    25.1410 0.0000e+00
 148.944286     12.000  35.299338     9.4428     3.9219     11.899    32.6556    25.2130 0.0000e+00
 148.944307     13.000  35.164863     9.2130     3.6583     12.891    32.7267    25.3052 0.0000e+00
 148.944326     14.000  35.080959     9.0411     3.4543     13.883    32.7974    25.3875 0.0000e+00
 148.944347     15.000  35.074570     8.9799     2.8835     14.874    32.8469    25.4358 0.0000e+00
 148.944367     16.000  35.021894     8.7975     2.7218     15.866    32.9605    25.5531 0.0000e+00
 148.944387     17.000  35.024944     8.7410     2.7724     16.857    33.0160    25.6052 0.0000e+00
 148.944406     18.000  35.041611     8.7579     2.7408     17.849    33.0172    25.6036 0.0000e+00
 148.944427     19.000  35.039713     8.7455     2.4318     18.841    33.0263    25.6126 0.0000e+00
 148.944450     20.000  35.045030     8.7128     1.8679     19.832    33.0619    25.6455 0.0000e+00
 148.944472     21.000  35.077896     8.6756     1.8317     20.824    33.1308    25.7053 0.0000e+00
 148.944492     22.000  35.078651     8.6522     1.7592     21.815    33.1530    25.7262 0.0000e+00
 148.944514     23.000  35.082997     8.6321     1.7344     22.807    33.1760    25.7474 0.0000e+00
 148.944538     24.000  35.089796     8.6246     1.5754     23.799    33.1897    25.7592 0.0000e+00
 148.944563     25.000  35.079435     8.5803     1.4568     24.790    33.2200    25.7898 0.0000e+00
 148.944584     26.000  35.072097     8.5510     1.4137     25.782    33.2394    25.8094 0.0000e+00
 148.944604     27.000  35.069703     8.5403     1.3215     26.773    33.2464    25.8166 0.0000e+00
 148.944626     28.000  35.062840     8.5155     1.1727     27.764    33.2622    25.8327 0.0000e+00
 148.944648     29.000  35.051154     8.4810     1.0905     28.756    33.2819    25.8535 0.0000e+00
 148.944670     30.000  35.048577     8.4675     1.0906     29.747    33.2915    25.8630 0.0000e+00
 148.944696     31.000  35.048031     8.4587     1.0887     30.739    33.2988    25.8701 0.0000e+00
