data/oxygen options/ONMS/Olympic_Coast_National_Marine_Sanctuary_Hypoxia_Survey_CTD_Data_2004_2015/raw_data/2008/CTD_TH100_090508faedb.cnv
* Sea-Bird SBE19plus Data File:
* FileName = C:\2008_Mooring_Data\090508_service\CTD_TH100_090508.hex
* Software Version 1.59
* Temperature SN =  4671
* Conductivity SN =  4671
* System UpLoad Time = Sep 05 2008 16:12:18
* ds
* SeacatPlus V 1.6b  SERIAL NO. 4671    05 Sep 2008  16:11:44
# nquan = 9
# nvalues = 103                         
# units = specified
# name 0 = timeJ: Julian Days
# name 1 = prdM: Pressure, Strain Gauge [db]
# name 2 = c0mS/cm: Conductivity [mS/cm]
# name 3 = tv290C: Temperature [ITS-90, deg C]
# name 4 = sbeox0ML/L: Oxygen, SBE 43 [ml/l]
# name 5 = depSM: Depth [salt water, m], lat = 47.5
# name 6 = sal00: Salinity, Practical [PSU]
# name 7 = sigma-é00: Density [sigma-theta, kg/m^3]
# name 8 = flag: flag
# span 0 = 249.604564, 249.609316       
# span 1 =      1.000,    103.000       
# span 2 =  27.005393,  39.417941       
# span 3 =     7.3243,    13.8297       
# span 4 =     2.1467,     6.6406       
# span 5 =      0.992,    102.115       
# span 6 =    21.8039,    33.8585       
# span 7 =    16.0536,    26.4559       
# span 8 = 0.0000e+00, 0.0000e+00       
# interval = decibars: 1                
# start_time = Sep 05 2008 14:30:22 [Instrument's time stamp, header]
# bad_flag = -9.990e-29
*END*
 249.604564      1.000  27.005393    13.8297     5.9217      0.992    21.8039    16.0536 0.0000e+00
 249.605872      2.000  39.417941    13.7592     6.3117      1.983    32.8282    24.5568 0.0000e+00
 249.608258      3.000  38.626878    13.5975     6.6406      2.975    32.2672    24.1580 0.0000e+00
 249.608159      4.000  38.512294    13.3155     6.1842      3.967    32.3989    24.3163 0.0000e+00
 249.608171      5.000  38.108968    12.8006     5.8209      4.958    32.4586    24.4637 0.0000e+00
 249.608185      6.000  37.694102    12.3386     5.6070      5.950    32.4615    24.5546 0.0000e+00
 249.608197      7.000  37.299740    11.6773     5.4409      6.941    32.6570    24.8297 0.0000e+00
 249.608209      8.000  36.771177    11.2435     5.3026      7.933    32.5215    24.8029 0.0000e+00
 249.608221      9.000  36.578029    11.0885     5.1137      8.925    32.4677    24.7887 0.0000e+00
 249.608234     10.000  36.471525    10.9147     4.9303      9.916    32.5159    24.8568 0.0000e+00
 249.608248     11.000  36.319964    10.7024     4.7930     10.908    32.5535    24.9231 0.0000e+00
 249.608261     12.000  36.139150    10.4553     4.7296     11.899    32.5930    24.9965 0.0000e+00
 249.608272     13.000  35.971240    10.3016     4.6733     12.891    32.5617    24.9982 0.0000e+00
 249.608281     14.000  35.876316    10.2202     4.6491     13.882    32.5387    24.9940 0.0000e+00
 249.608291     15.000  35.847499    10.1677     4.6544     14.874    32.5564    25.0167 0.0000e+00
 249.608301     16.000  35.821704    10.0853     4.7154     15.866    32.6040    25.0676 0.0000e+00
 249.608310     17.000  35.753598     9.9332     4.7719     16.857    32.6719    25.1459 0.0000e+00
 249.608320     18.000  35.619690     9.7631     4.8085     17.849    32.6894    25.1876 0.0000e+00
 249.608329     19.000  35.486095     9.5367     4.8429     18.841    32.7585    25.2784 0.0000e+00
 249.608338     20.000  35.224115     9.2123     4.8379     19.832    32.7853    25.3512 0.0000e+00
 249.608348     21.000  34.945604     9.0271     4.8612     20.824    32.6666    25.2874 0.0000e+00
 249.608360     22.000  34.851570     8.9984     4.8947     21.815    32.5948    25.2358 0.0000e+00
 249.608375     23.000  34.889112     9.0078     4.9725     22.807    32.6247    25.2577 0.0000e+00
 249.608386     24.000  34.814092     8.8999     5.0659     23.798    32.6453    25.2906 0.0000e+00
 249.608397     25.000  34.734154     8.8304     5.1881     24.790    32.6255    25.2859 0.0000e+00
 249.608407     26.000  34.673434     8.7456     5.3001     25.781    32.6397    25.3100 0.0000e+00
 249.608416     27.000  34.585582     8.6521     5.4172     26.773    32.6336    25.3194 0.0000e+00
 249.608427     28.000  34.487530     8.5213     5.5246     27.764    32.6512    25.3529 0.0000e+00
 249.608438     29.000  34.331429     8.3636     5.6245     28.756    32.6324    25.3618 0.0000e+00
 249.608450     30.000  34.196350     8.1929     5.7037     29.748    32.6476    25.3990 0.0000e+00
 249.608460     31.000  34.054191     8.0678     5.7375     30.739    32.6127    25.3900 0.0000e+00
 249.608469     32.000  33.966234     7.9939     5.7513     31.730    32.5875    25.3809 0.0000e+00
 249.608479     33.000  33.911868     7.9503     5.7720     32.722    32.5696    25.3732 0.0000e+00
 249.608489     34.000  33.888232     7.9305     5.7967     33.714    32.5625    25.3705 0.0000e+00
 249.608498     35.000  33.876741     7.9045     5.8301     34.705    32.5740    25.3832 0.0000e+00
 249.608508     36.000  33.848924     7.8643     5.8534     35.696    32.5814    25.3948 0.0000e+00
 249.608520     37.000  33.806483     7.8249     5.9190     36.688    32.5723    25.3933 0.0000e+00
 249.608533     38.000  33.780076     7.7969     5.9817     37.680    32.5697    25.3953 0.0000e+00
 249.608545     39.000  33.752034     7.7200     6.0053     38.671    32.6111    25.4388 0.0000e+00
 249.608555     40.000  33.655400     7.5633     5.9896     39.662    32.6539    25.4944 0.0000e+00
 249.608566     41.000  33.531426     7.4570     5.9108     40.654    32.6197    25.4823 0.0000e+00
 249.608577     42.000  33.466709     7.3850     5.7669     41.645    32.6171    25.4903 0.0000e+00
 249.608591     43.000  33.438914     7.3446     5.5772     42.637    32.6246    25.5018 0.0000e+00
 249.608602     44.000  33.449129     7.3243     5.3943     43.628    32.6544    25.5280 0.0000e+00
 249.608611     45.000  33.495795     7.3375     5.2299     44.620    32.6919    25.5557 0.0000e+00
 249.608621     46.000  33.567123     7.3690     5.1005     45.611    32.7389    25.5883 0.0000e+00
 249.608629     47.000  33.633278     7.4029     5.0003     46.603    32.7779    25.6143 0.0000e+00
 249.608638     48.000  33.701024     7.4308     4.9177     47.594    32.8243    25.6470 0.0000e+00
 249.608647     49.000  33.760225     7.4453     4.8340     48.585    32.8741    25.6841 0.0000e+00
 249.608656     50.000  33.800875     7.4548     4.7623     49.577    32.9085    25.7099 0.0000e+00
 249.608664     51.000  33.822382     7.4622     4.7001     50.568    32.9243    25.7212 0.0000e+00
 249.608674     52.000  33.841101     7.4739     4.6391     51.560    32.9329    25.7264 0.0000e+00
 249.608683     53.000  33.871435     7.4886     4.5700     52.551    32.9512    25.7387 0.0000e+00
 249.608693     54.000  33.901980     7.4996     4.4949     53.542    32.9733    25.7546 0.0000e+00
 249.608704     55.000  33.920894     7.5094     4.4293     54.534    32.9840    25.7616 0.0000e+00
 249.608714     56.000  33.941208     7.5211     4.3715     55.525    32.9943    25.7681 0.0000e+00
 249.608725     57.000  33.975087     7.5376     4.3316     56.516    33.0146    25.7818 0.0000e+00
 249.608735     58.000  34.013284     7.5497     4.3009     57.508    33.0439    25.8030 0.0000e+00
 249.608745     59.000  34.037938     7.5575     4.2698     58.499    33.0625    25.8167 0.0000e+00
 249.608754     60.000  34.063971     7.5619     4.2465     59.491    33.0859    25.8345 0.0000e+00
 249.608763     61.000  34.082501     7.5631     4.2255     60.482    33.1043    25.8487 0.0000e+00
 249.608773     62.000  34.098058     7.5650     4.2066     61.473    33.1188    25.8599 0.0000e+00
 249.608783     63.000  34.125271     7.5678     4.1809     62.465    33.1450    25.8801 0.0000e+00
 249.608794     64.000  34.158805     7.5702     4.1278     63.456    33.1784    25.9061 0.0000e+00
 249.608806     65.000  34.185613     7.5719     3.9987     64.447    33.2053    25.9269 0.0000e+00
 249.608818     66.000  34.203334     7.5726     3.8866     65.439    33.2232    25.9410 0.0000e+00
 249.608829     67.000  34.218119     7.5760     3.8227     66.430    33.2355    25.9501 0.0000e+00
 249.608839     68.000  34.250159     7.5850     3.7810     67.422    33.2609    25.9688 0.0000e+00
 249.608847     69.000  34.314929     7.5850     3.7546     68.413    33.3303    26.0234 0.0000e+00
 249.608857     70.000  34.379607     7.5744     3.7313     69.404    33.4098    26.0874 0.0000e+00
 249.608866     71.000  34.413985     7.5611     3.7119     70.395    33.4592    26.1282 0.0000e+00
 249.608875     72.000  34.427517     7.5525     3.6919     71.386    33.4817    26.1470 0.0000e+00
 249.608885     73.000  34.431664     7.5494     3.6720     72.378    33.4886    26.1529 0.0000e+00
 249.608895     74.000  34.433417     7.5481     3.6543     73.369    33.4913    26.1553 0.0000e+00
 249.608904     75.000  34.434461     7.5479     3.6397     74.361    33.4922    26.1560 0.0000e+00
 249.608915     76.000  34.435193     7.5478     3.6255     75.352    33.4925    26.1563 0.0000e+00
 249.608925     77.000  34.436147     7.5481     3.6111     76.343    33.4928    26.1565 0.0000e+00
 249.608936     78.000  34.437018     7.5483     3.5911     77.334    33.4931    26.1567 0.0000e+00
 249.608947     79.000  34.437721     7.5488     3.5533     78.326    33.4929    26.1565 0.0000e+00
 249.608957     80.000  34.439282     7.5496     3.5087     79.317    33.4934    26.1567 0.0000e+00
 249.608966     81.000  34.442015     7.5520     3.4538     80.308    33.4935    26.1565 0.0000e+00
 249.608976     82.000  34.451106     7.5603     3.3699     81.299    33.4949    26.1564 0.0000e+00
 249.608985     83.000  34.483965     7.5764     3.2382     82.291    33.5143    26.1695 0.0000e+00
 249.608995     84.000  34.525424     7.5935     3.1029     83.282    33.5421    26.1889 0.0000e+00
 249.609005     85.000  34.569811     7.5976     2.9873     84.273    33.5856    26.2225 0.0000e+00
 249.609013     86.000  34.606417     7.5886     2.8958     85.265    33.6333    26.2613 0.0000e+00
 249.609023     87.000  34.662356     7.5873     2.8215     86.255    33.6945    26.3096 0.0000e+00
 249.609032     88.000  34.723173     7.5755     2.7560     87.247    33.7712    26.3716 0.0000e+00
 249.609041     89.000  34.740611     7.5572     2.7001     88.238    33.8073    26.4026 0.0000e+00
 249.609052     90.000  34.741385     7.5415     2.6533     89.229    33.8229    26.4172 0.0000e+00
 249.609063     91.000  34.739139     7.5288     2.6080     90.221    33.8325    26.4265 0.0000e+00
 249.609075     92.000  34.736211     7.5184     2.5466     91.212    33.8389    26.4330 0.0000e+00
 249.609089     93.000  34.734389     7.5134     2.4804     92.203    33.8414    26.4357 0.0000e+00
 249.609100     94.000  34.732242     7.5037     2.4371     93.194    33.8480    26.4423 0.0000e+00
 249.609110     95.000  34.726402     7.4875     2.4045     94.185    33.8570    26.4517 0.0000e+00
 249.609119     96.000  34.717467     7.4759     2.3795     95.177    33.8581    26.4543 0.0000e+00
 249.609129     97.000  34.713103     7.4711     2.3565     96.168    33.8576    26.4546 0.0000e+00
 249.609139     98.000  34.711996     7.4686     2.3362     97.159    33.8584    26.4555 0.0000e+00
 249.609149     99.000  34.710821     7.4667     2.3154     98.150    33.8585    26.4559 0.0000e+00
 249.609162    100.000  34.710275     7.4669     2.2926     99.141    33.8572    26.4549 0.0000e+00
 249.609178    101.000  34.710557     7.4662     2.2674    100.133    33.8577    26.4554 0.0000e+00
 249.609192    102.000  34.709530     7.4657     2.2482    101.124    33.8566    26.4546 0.0000e+00
 249.609316    103.000  34.704671     7.4681     2.1467    102.115    33.8485    26.4479 0.0000e+00
