data/oxygen options/ONMS/Olympic_Coast_National_Marine_Sanctuary_Hypoxia_Survey_CTD_Data_2004_2015/raw_data/2008/CTD_RR042_081808faedb.cnv
* Sea-Bird SBE19plus Data File:
* FileName = C:\2008_Mooring_Data\081808_sevice\CTD_RR042_081808.hex
* Software Version 1.59
* Temperature SN =  4671
* Conductivity SN =  4671
* System UpLoad Time = Aug 18 2008 15:54:35
* ds
* SeacatPlus V 1.6b  SERIAL NO. 4671    18 Aug 2008  15:54:09
# nquan = 9
# nvalues = 44                          
# units = specified
# name 0 = timeJ: Julian Days
# name 1 = prdM: Pressure, Strain Gauge [db]
# name 2 = c0mS/cm: Conductivity [mS/cm]
# name 3 = tv290C: Temperature [ITS-90, deg C]
# name 4 = sbeox0ML/L: Oxygen, SBE 43 [ml/l]
# name 5 = depSM: Depth [salt water, m], lat = 47.5
# name 6 = sal00: Salinity, Practical [PSU]
# name 7 = sigma-é00: Density [sigma-theta, kg/m^3]
# name 8 = flag: flag
# span 0 = 231.659021, 231.661305       
# span 1 =      1.000,     44.000       
# span 2 =  34.432269,  38.789810       
# span 3 =     7.2990,    13.8819       
# span 4 =     1.0849,     6.3784       
# span 5 =      0.992,     43.628       
# span 6 =    31.6338,    33.7688       
# span 7 =    23.6114,    26.4052       
# span 8 = 0.0000e+00, 0.0000e+00       
# interval = decibars: 1                
# start_time = Aug 18 2008 15:48:04 [Instrument's time stamp, header]
# bad_flag = -9.990e-29
*END*
 231.659021      1.000  38.194260    13.8819     5.5211      0.992    31.6338    23.6114 0.0000e+00
 231.660872      2.000  38.789810    13.5807     6.3784      1.983    32.4332    24.2896 0.0000e+00
 231.660827      3.000  38.627604    13.3244     6.0355      2.975    32.4997    24.3925 0.0000e+00
 231.660839      4.000  38.390469    12.8921     5.8689      3.967    32.6472    24.5918 0.0000e+00
 231.660852      5.000  38.053484    12.4162     5.7276      4.958    32.7387    24.7547 0.0000e+00
 231.660865      6.000  37.776091    12.1123     5.5470      5.950    32.7374    24.8113 0.0000e+00
 231.660879      7.000  37.625911    11.9225     5.3971      6.942    32.7584    24.8632 0.0000e+00
 231.660890      8.000  37.514033    11.7499     5.2589      7.933    32.8015    24.9286 0.0000e+00
 231.660901      9.000  37.379975    11.5191     5.0836      8.925    32.8746    25.0277 0.0000e+00
 231.660911     10.000  37.214172    11.3072     4.8443      9.916    32.9002    25.0860 0.0000e+00
 231.660922     11.000  37.081375    11.0838     4.5664     10.908    32.9686    25.1792 0.0000e+00
 231.660932     12.000  36.907039    10.8145     4.3143     11.900    33.0374    25.2804 0.0000e+00
 231.660940     13.000  36.735083    10.5216     4.1215     12.891    33.1305    25.4040 0.0000e+00
 231.660950     14.000  36.549095    10.1525     3.9537     13.883    33.2802    25.5837 0.0000e+00
 231.660959     15.000  36.262179     9.6673     3.7754     14.874    33.4362    25.7863 0.0000e+00
 231.660968     16.000  35.841993     9.0655     3.6020     15.866    33.5653    25.9843 0.0000e+00
 231.660977     17.000  35.322816     8.5850     3.4300     16.857    33.4753    25.9889 0.0000e+00
 231.660987     18.000  35.003189     8.2735     3.2361     17.849    33.4330    26.0030 0.0000e+00
 231.660997     19.000  34.802178     8.0165     3.0095     18.841    33.4638    26.0653 0.0000e+00
 231.661008     20.000  34.666134     7.8592     2.8013     19.832    33.4683    26.0918 0.0000e+00
 231.661018     21.000  34.628606     7.7987     2.6303     20.824    33.4857    26.1142 0.0000e+00
 231.661027     22.000  34.644952     7.7283     2.4797     21.815    33.5705    26.1910 0.0000e+00
 231.661037     23.000  34.629337     7.6441     2.3391     22.807    33.6345    26.2535 0.0000e+00
 231.661046     24.000  34.596435     7.5785     2.2037     23.798    33.6620    26.2845 0.0000e+00
 231.661055     25.000  34.572194     7.5364     2.0707     24.790    33.6762    26.3016 0.0000e+00
 231.661065     26.000  34.562056     7.5036     1.9491     25.781    33.6965    26.3223 0.0000e+00
 231.661075     27.000  34.550226     7.4636     1.8411     26.773    33.7221    26.3481 0.0000e+00
 231.661084     28.000  34.529994     7.4157     1.7567     27.764    33.7463    26.3739 0.0000e+00
 231.661094     29.000  34.505102     7.3707     1.6901     28.756    33.7626    26.3931 0.0000e+00
 231.661103     30.000  34.482746     7.3390     1.6324     29.747    33.7688    26.4024 0.0000e+00
 231.661113     31.000  34.468840     7.3235     1.5864     30.739    33.7684    26.4043 0.0000e+00
 231.661122     32.000  34.461715     7.3154     1.5437     31.730    33.7680    26.4052 0.0000e+00
 231.661131     33.000  34.457096     7.3109     1.5050     32.722    33.7669    26.4048 0.0000e+00
 231.661140     34.000  34.453889     7.3087     1.4694     33.713    33.7650    26.4037 0.0000e+00
 231.661150     35.000  34.451947     7.3072     1.4367     34.705    33.7639    26.4030 0.0000e+00
 231.661159     36.000  34.450962     7.3066     1.4056     35.696    33.7630    26.4024 0.0000e+00
 231.661168     37.000  34.449399     7.3055     1.3757     36.688    33.7618    26.4017 0.0000e+00
 231.661178     38.000  34.448004     7.3043     1.3490     37.679    33.7610    26.4012 0.0000e+00
 231.661187     39.000  34.446804     7.3027     1.3230     38.671    33.7608    26.4013 0.0000e+00
 231.661197     40.000  34.445841     7.3013     1.2967     39.662    33.7606    26.4014 0.0000e+00
 231.661207     41.000  34.444587     7.3000     1.2705     40.654    33.7600    26.4011 0.0000e+00
 231.661217     42.000  34.443560     7.2990     1.2474     41.645    33.7594    26.4007 0.0000e+00
 231.661231     43.000  34.442824     7.2999     1.2198     42.637    33.7573    26.3990 0.0000e+00
 231.661305     44.000  34.432269     7.3071     1.0849     43.628    33.7383    26.3830 0.0000e+00
