data/oxygen options/ONMS/Olympic_Coast_National_Marine_Sanctuary_Hypoxia_Survey_CTD_Data_2004_2015/raw_data/2008/CTD_RR042_061208faedb.cnv
* Sea-Bird SBE19 Data File:
* FileName = C:\2008_Mooring_Data\061208_service\CTD_RR042_061208.hex
* Software Version 1.59
* Temperature SN = 2997
* Conductivity SN = 2997
* System UpLoad Time = Jun 12 2008 18:15:29
* ds
* SEACAT PROFILER V3.1c SN 2997   06/12/08  18:14:56.556
# nquan = 9
# nvalues = 39                          
# units = specified
# name 0 = timeJ: Julian Days
# name 1 = prSM: Pressure, Strain Gauge [db]
# name 2 = c0mS/cm: Conductivity [mS/cm]
# name 3 = t090C: Temperature [ITS-90, deg C]
# name 4 = sbeox0ML/L: Oxygen, SBE 43 [ml/l]
# name 5 = depSM: Depth [salt water, m], lat = 47.5
# name 6 = sal00: Salinity, Practical [PSU]
# name 7 = sigma-é00: Density [sigma-theta, kg/m^3]
# name 8 = flag: flag
# span 0 = 164.756811, 164.757225       
# span 1 =      2.000,     40.000       
# span 2 =  33.733716,  35.218664       
# span 3 =     7.2898,    12.2880       
# span 4 =     1.5025,     6.9864       
# span 5 =      1.983,     39.662       
# span 6 =    29.0585,    33.6208       
# span 7 =    21.9273,    26.2930       
# span 8 = 0.0000e+00, 0.0000e+00       
# interval = decibars: 1                
# start_time = Jun 12 2008 18:06:13 [Instrument's time stamp, header]
# bad_flag = -9.990e-29
*END*
 164.756811      2.000  34.074013    12.2880     6.9864      1.983    29.0585    21.9273 0.0000e+00
 164.756832      3.000  34.072602    12.2707     6.8495      2.975    29.0702    21.9396 0.0000e+00
 164.756847      4.000  34.066669    12.0767     6.7246      3.966    29.2154    22.0871 0.0000e+00
 164.756860      5.000  34.181350    11.6854     6.6051      4.958    29.6336    22.4814 0.0000e+00
 164.756873      6.000  34.441158    11.3983     6.3304      5.950    30.1151    22.9057 0.0000e+00
 164.756886      7.000  34.657849    11.1896     6.0015      6.941    30.4973    23.2390 0.0000e+00
 164.756899      8.000  34.852188    11.0233     5.8304      7.933    30.8258    23.5232 0.0000e+00
 164.756911      9.000  35.086834    10.8415     5.7706      8.925    31.2100    23.8534 0.0000e+00
 164.756923     10.000  35.212082    10.6371     5.7347      9.917    31.5087    24.1208 0.0000e+00
 164.756936     11.000  35.218664    10.4420     5.7133     10.908    31.6839    24.2903 0.0000e+00
 164.756947     12.000  35.177552    10.2715     5.7430     11.899    31.7911    24.4026 0.0000e+00
 164.756959     13.000  35.161755    10.1583     5.7949     12.891    31.8742    24.4862 0.0000e+00
 164.756969     14.000  35.149069    10.1083     5.7108     13.882    31.9051    24.5186 0.0000e+00
 164.756979     15.000  35.142516    10.0926     5.4588     14.875    31.9118    24.5265 0.0000e+00
 164.756990     16.000  35.139364    10.0864     5.0267     15.866    31.9137    24.5290 0.0000e+00
 164.756999     17.000  35.124776    10.0288     4.4580     16.858    31.9494    24.5664 0.0000e+00
 164.757009     18.000  35.072153     9.8488     3.8913     17.849    32.0552    24.6785 0.0000e+00
 164.757019     19.000  34.908392     9.4747     3.5154     18.841    32.2222    24.8694 0.0000e+00
 164.757028     20.000  34.705967     9.0402     3.5089     19.832    32.4066    25.0819 0.0000e+00
 164.757038     21.000  34.489245     8.5463     3.6862     20.823    32.6329    25.3348 0.0000e+00
 164.757048     22.000  34.199075     8.0240     4.0225     21.815    32.8117    25.5525 0.0000e+00
 164.757056     23.000  33.988537     7.7463     4.2821     22.807    32.8476    25.6205 0.0000e+00
 164.757066     24.000  33.887175     7.5744     4.3424     23.799    32.9006    25.6865 0.0000e+00
 164.757076     25.000  33.802880     7.4400     4.2900     24.789    32.9366    25.7337 0.0000e+00
 164.757085     26.000  33.739783     7.3683     4.2585     25.781    32.9360    25.7432 0.0000e+00
 164.757095     27.000  33.733716     7.3408     4.0226     26.773    32.9551    25.7620 0.0000e+00
 164.757104     28.000  33.759179     7.3243     3.3646     27.765    32.9979    25.7980 0.0000e+00
 164.757114     29.000  33.790200     7.3242     2.6337     28.756    33.0312    25.8242 0.0000e+00
 164.757124     30.000  33.870032     7.3475     2.0897     29.747    33.0950    25.8712 0.0000e+00
 164.757133     31.000  33.994341     7.3835     1.7965     30.739    33.1950    25.9448 0.0000e+00
 164.757142     32.000  34.109495     7.3883     1.6538     31.730    33.3147    26.0383 0.0000e+00
 164.757151     33.000  34.180269     7.3744     1.5969     32.722    33.4044    26.1108 0.0000e+00
 164.757160     34.000  34.228027     7.3597     1.5442     33.713    33.4699    26.1644 0.0000e+00
 164.757168     35.000  34.254187     7.3445     1.5025     34.705    33.5126    26.2001 0.0000e+00
 164.757178     36.000  34.268161     7.3280     1.5256     35.696    33.5432    26.2266 0.0000e+00
 164.757187     37.000  34.281445     7.3102     1.5571     36.688    33.5745    26.2537 0.0000e+00
 164.757198     38.000  34.297748     7.2961     1.6090     37.679    33.6055    26.2800 0.0000e+00
 164.757210     39.000  34.306671     7.2898     1.6676     38.670    33.6208    26.2930 0.0000e+00
 164.757225     40.000  34.308060     7.2929     1.7373     39.662    33.6189    26.2910 0.0000e+00
