data/oxygen options/ONMS/Olympic_Coast_National_Marine_Sanctuary_Hypoxia_Survey_CTD_Data_2004_2015/raw_data/2008/CTD_CA100_090508faed.cnv
* Sea-Bird SBE19plus Data File:
* FileName = C:\2008_Mooring_Data\090508_service\CTD_CA100_090508.hex
* Software Version 1.59
* Temperature SN =  4671
* Conductivity SN =  4671
* System UpLoad Time = Sep 05 2008 09:36:22
* ds
* SeacatPlus V 1.6b  SERIAL NO. 4671    05 Sep 2008  09:35:32
# nquan = 9                                 
# nvalues = 1829                        
# units = specified
# name 0 = timeJ: Julian Days
# name 1 = prdM: Pressure, Strain Gauge [db]
# name 2 = c0mS/cm: Conductivity [mS/cm]
# name 3 = tv290C: Temperature [ITS-90, deg C]
# name 4 = sbeox0ML/L: Oxygen, SBE 43 [ml/l]
# name 5 = depSM: Depth [salt water, m], lat = 47.5
# name 6 = sal00: Salinity, Practical [PSU]
# name 7 = sigma-é00: Density [sigma-theta, kg/m^3]
# name 8 = flag: flag
# span 0 = 249.393762, 249.399051       
# span 1 =      0.043,     92.566       
# span 2 =   0.031336,  38.087353       
# span 3 =     7.3217,    13.8821       
# span 4 =     1.7849,     7.3723       
# span 5 =      0.043,     91.773       
# span 6 =     0.0223,    33.8923       
# span 7 =    -0.7180,    26.5013       
# span 8 = 0.0000e+00, 0.0000e+00       
# interval = seconds: 0.25
# start_time = Sep 05 2008 09:27:01 [Instrument's time stamp, header]
# bad_flag = -9.990e-29
*END*
[from data line 1441]
 249.397931     69.702  34.673188     7.4705     2.1717     69.109    33.8281    26.4310 0.0000e+00
 249.397934     69.531  34.674568     7.4749     2.1804     68.939    33.8254    26.4283 0.0000e+00
 249.397937     69.349  34.676115     7.4792     2.1931     68.759    33.8230    26.4258 0.0000e+00
 249.397940     69.153  34.677647     7.4833     2.2039     68.564    33.8207    26.4234 0.0000e+00
 249.397943     68.942  34.679064     7.4870     2.2145     68.355    33.8187    26.4213 0.0000e+00
 249.397946     68.713  34.680392     7.4906     2.2218     68.128    33.8168    26.4193 0.0000e+00
 249.397948     68.461  34.681525     7.4945     2.2320     67.878    33.8143    26.4168 0.0000e+00
 249.397951     68.185  34.682396     7.4990     2.2399     67.605    33.8110    26.4136 0.0000e+00
 249.397954     67.888  34.683154     7.5041     2.2508     67.310    33.8070    26.4097 0.0000e+00
 249.397957     67.576  34.683977     7.5094     2.2622     67.001    33.8029    26.4057 0.0000e+00
 249.397960     67.260  34.684861     7.5146     2.2727     66.688    33.7989    26.4018 0.0000e+00
 249.397963     66.951  34.685673     7.5194     2.2828     66.381    33.7953    26.3983 0.0000e+00
 249.397966     66.662  34.686282     7.5236     2.2924     66.095    33.7920    26.3951 0.0000e+00
 249.397969     66.403  34.686633     7.5269     2.2997     65.838    33.7893    26.3925 0.0000e+00
 249.397972     66.180  34.686683     7.5294     2.3092     65.617    33.7870    26.3903 0.0000e+00
 249.397975     65.994  34.686360     7.5314     2.3165     65.433    33.7848    26.3883 0.0000e+00
 249.397977     65.842  34.685798     7.5331     2.3273     65.282    33.7826    26.3864 0.0000e+00
 249.397980     65.718  34.685172     7.5341     2.3344     65.159    33.7810    26.3850 0.0000e+00
 249.397983     65.614  34.684541     7.5346     2.3440     65.056    33.7799    26.3840 0.0000e+00
 249.397986     65.524  34.684133     7.5354     2.3526     64.967    33.7787    26.3830 0.0000e+00
 249.397989     65.438  34.683947     7.5369     2.3614     64.882    33.7771    26.3815 0.0000e+00
 249.397992     65.342  34.683453     7.5389     2.3705     64.786    33.7747    26.3793 0.0000e+00
 249.397995     65.216  34.682060     7.5408     2.3746     64.661    33.7714    26.3764 0.0000e+00
 249.397998     65.047  34.679699     7.5419     2.3823     64.494    33.7679    26.3735 0.0000e+00
 249.398001     64.832  34.677068     7.5424     2.3887     64.281    33.7646    26.3709 0.0000e+00
 249.398003     64.581  34.675055     7.5424     2.3931     64.032    33.7626    26.3692 0.0000e+00
 249.398006     64.307  34.673997     7.5424     2.3989     63.760    33.7616    26.3684 0.0000e+00
 249.398009     64.028  34.673416     7.5426     2.4013     63.484    33.7609    26.3679 0.0000e+00
 249.398012     63.758  34.672416     7.5430     2.4077     63.216    33.7595    26.3667 0.0000e+00
 249.398015     63.511  34.670493     7.5435     2.4142     62.971    33.7571    26.3647 0.0000e+00
 249.398018     63.293  34.667896     7.5439     2.4201     62.755    33.7540    26.3623 0.0000e+00
 249.398021     63.105  34.665254     7.5443     2.4250     62.569    33.7508    26.3597 0.0000e+00
 249.398024     62.945  34.662947     7.5446     2.4305     62.410    33.7481    26.3575 0.0000e+00
 249.398027     62.804  34.660972     7.5448     2.4349     62.270    33.7459    26.3557 0.0000e+00
 249.398030     62.676  34.659302     7.5449     2.4395     62.143    33.7440    26.3543 0.0000e+00
 249.398032     62.549  34.657983     7.5448     2.4437     62.018    33.7427    26.3533 0.0000e+00
 249.398035     62.416  34.656893     7.5447     2.4478     61.886    33.7417    26.3525 0.0000e+00
 249.398038     62.266  34.655927     7.5446     2.4531     61.737    33.7409    26.3518 0.0000e+00
 249.398041     62.094  34.655156     7.5444     2.4555     61.567    33.7403    26.3514 0.0000e+00
 249.398044     61.896  34.654527     7.5441     2.4617     61.370    33.7400    26.3512 0.0000e+00
 249.398047     61.671  34.653833     7.5436     2.4645     61.147    33.7398    26.3512 0.0000e+00
 249.398050     61.421  34.652872     7.5430     2.4658     60.899    33.7395    26.3510 0.0000e+00
 249.398053     61.147  34.651479     7.5421     2.4721     60.628    33.7390    26.3507 0.0000e+00
 249.398056     60.859  34.649520     7.5412     2.4741     60.342    33.7379    26.3500 0.0000e+00
 249.398058     60.566  34.646945     7.5403     2.4796     60.052    33.7361    26.3487 0.0000e+00
 249.398061     60.280  34.644025     7.5396     2.4816     59.768    33.7338    26.3469 0.0000e+00
 249.398064     60.012  34.641260     7.5390     2.4863     59.502    33.7315    26.3452 0.0000e+00
 249.398067     59.769  34.639028     7.5385     2.4906     59.262    33.7297    26.3439 0.0000e+00
 249.398070     59.555  34.637420     7.5381     2.4946     59.049    33.7284    26.3430 0.0000e+00
 249.398073     59.367  34.636327     7.5378     2.5013     58.863    33.7276    26.3424 0.0000e+00
 249.398076     59.197  34.635556     7.5374     2.5033     58.695    33.7273    26.3421 0.0000e+00
 249.398079     59.038  34.634857     7.5371     2.5072     58.537    33.7269    26.3419 0.0000e+00
 249.398082     58.878  34.634066     7.5368     2.5140     58.378    33.7264    26.3415 0.0000e+00
 249.398084     58.705  34.633210     7.5366     2.5194     58.207    33.7258    26.3410 0.0000e+00
 249.398087     58.512  34.632343     7.5364     2.5249     58.015    33.7251    26.3406 0.0000e+00
 249.398090     58.299  34.631493     7.5363     2.5331     57.804    33.7244    26.3400 0.0000e+00
 249.398093     58.073  34.630736     7.5361     2.5381     57.580    33.7239    26.3396 0.0000e+00
 249.398096     57.841  34.629979     7.5359     2.5453     57.350    33.7234    26.3392 0.0000e+00
 249.398099     57.615  34.628955     7.5357     2.5520     57.126    33.7226    26.3386 0.0000e+00
 249.398102     57.400  34.627614     7.5355     2.5573     56.913    33.7214    26.3378 0.0000e+00
 249.398105     57.199  34.626146     7.5353     2.5628     56.714    33.7201    26.3368 0.0000e+00
 249.398108     57.010  34.624698     7.5351     2.5678     56.526    33.7188    26.3358 0.0000e+00
 249.398111     56.826  34.623268     7.5350     2.5729     56.344    33.7175    26.3347 0.0000e+00
 249.398113     56.638  34.621803     7.5350     2.5777     56.158    33.7160    26.3335 0.0000e+00
 249.398116     56.439  34.620394     7.5351     2.5861     55.960    33.7144    26.3323 0.0000e+00
 249.398119     56.224  34.619100     7.5352     2.5942     55.747    33.7130    26.3312 0.0000e+00
 249.398122     55.995  34.617811     7.5355     2.6033     55.520    33.7115    26.3299 0.0000e+00
 249.398125     55.756  34.616377     7.5357     2.6116     55.283    33.7098    26.3286 0.0000e+00
 249.398128     55.517  34.614330     7.5358     2.6186     55.046    33.7076    26.3269 0.0000e+00
 249.398131     55.285  34.611207     7.5359     2.6257     54.816    33.7043    26.3242 0.0000e+00
 249.398134     55.067  34.607454     7.5360     2.6328     54.600    33.7002    26.3210 0.0000e+00
 249.398137     54.863  34.604002     7.5360     2.6373     54.398    33.6966    26.3181 0.0000e+00
 249.398139     54.670  34.601340     7.5361     2.6440     54.207    33.6937    26.3159 0.0000e+00
 249.398142     54.480  34.599477     7.5361     2.6528     54.018    33.6918    26.3143 0.0000e+00
 249.398145     54.280  34.598225     7.5363     2.6558     53.820    33.6903    26.3132 0.0000e+00
 249.398148     54.061  34.597406     7.5366     2.6625     53.603    33.6893    26.3123 0.0000e+00
 249.398151     53.817  34.596778     7.5370     2.6684     53.361    33.6883    26.3115 0.0000e+00
 249.398154     53.550  34.595934     7.5376     2.6737     53.096    33.6869    26.3103 0.0000e+00
 249.398157     53.266  34.594430     7.5383     2.6796     52.815    33.6848    26.3085 0.0000e+00
 249.398160     52.977  34.591863     7.5391     2.6876     52.528    33.6814    26.3057 0.0000e+00
 249.398163     52.696  34.588112     7.5399     2.6939     52.250    33.6767    26.3019 0.0000e+00
 249.398166     52.435  34.583767     7.5404     2.7045     51.991    33.6716    26.2978 0.0000e+00
 249.398168     52.201  34.579819     7.5408     2.7150     51.759    33.6671    26.2942 0.0000e+00
 249.398171     51.997  34.576928     7.5410     2.7277     51.557    33.6638    26.2916 0.0000e+00
 249.398174     51.822  34.575167     7.5411     2.7426     51.383    33.6619    26.2901 0.0000e+00
 249.398177     51.670  34.574175     7.5413     2.7564     51.232    33.6607    26.2891 0.0000e+00
 249.398180     51.532  34.573467     7.5416     2.7752     51.096    33.6597    26.2883 0.0000e+00
 249.398183     51.398  34.572662     7.5419     2.7947     50.963    33.6586    26.2874 0.0000e+00
 249.398186     51.258  34.571542     7.5423     2.8143     50.824    33.6571    26.2861 0.0000e+00
 249.398189     51.103  34.570114     7.5428     2.8302     50.670    33.6551    26.2845 0.0000e+00
 249.398192     50.930  34.568496     7.5435     2.8508     50.499    33.6528    26.2826 0.0000e+00
 249.398194     50.738  34.566641     7.5445     2.8684     50.308    33.6499    26.2802 0.0000e+00
 249.398197     50.529  34.564324     7.5458     2.8857     50.101    33.6463    26.2771 0.0000e+00
 249.398200     50.307  34.561476     7.5476     2.8994     49.881    33.6415    26.2731 0.0000e+00
 249.398203     50.075  34.558039     7.5498     2.9149     49.651    33.6358    26.2683 0.0000e+00
 249.398206     49.835  34.553856     7.5524     2.9285     49.413    33.6289    26.2625 0.0000e+00
 249.398209     49.589  34.549095     7.5553     2.9416     49.169    33.6210    26.2559 0.0000e+00
 249.398212     49.337  34.544066     7.5584     2.9535     48.919    33.6127    26.2489 0.0000e+00
 249.398215     49.083  34.538983     7.5619     2.9689     48.668    33.6040    26.2415 0.0000e+00
 249.398218     48.829  34.533902     7.5657     2.9811     48.416    33.5949    26.2339 0.0000e+00
 249.398220     48.577  34.528441     7.5694     2.9936     48.166    33.5856    26.2260 0.0000e+00
 249.398223     48.331  34.522203     7.5730     3.0062     47.922    33.5755    26.2175 0.0000e+00
 249.398226     48.093  34.515412     7.5762     3.0176     47.686    33.5651    26.2090 0.0000e+00
 249.398229     47.863  34.508639     7.5788     3.0282     47.458    33.5554    26.2010 0.0000e+00
 249.398232     47.643  34.502346     7.5809     3.0376     47.240    33.5467    26.1938 0.0000e+00
 249.398235     47.430  34.496891     7.5825     3.0491     47.029    33.5394    26.1878 0.0000e+00
 249.398238     47.223  34.492540     7.5838     3.0591     46.824    33.5335    26.1830 0.0000e+00
 249.398241     47.018  34.489399     7.5849     3.0695     46.620    33.5292    26.1794 0.0000e+00
 249.398244     46.812  34.487162     7.5861     3.0827     46.416    33.5257    26.1765 0.0000e+00
 249.398247     46.604  34.485187     7.5874     3.0958     46.210    33.5224    26.1738 0.0000e+00
 249.398249     46.393  34.482822     7.5888     3.1075     46.001    33.5186    26.1706 0.0000e+00
 249.398252     46.181  34.479717     7.5903     3.1185     45.790    33.5139    26.1667 0.0000e+00
 249.398255     45.968  34.476254     7.5918     3.1307     45.579    33.5088    26.1625 0.0000e+00
 249.398258     45.757  34.472986     7.5932     3.1445     45.370    33.5040    26.1585 0.0000e+00
 249.398261     45.548  34.469955     7.5944     3.1544     45.163    33.4997    26.1549 0.0000e+00
 249.398264     45.337  34.467101     7.5955     3.1685     44.954    33.4957    26.1516 0.0000e+00
 249.398267     45.121  34.464630     7.5964     3.1816     44.740    33.4922    26.1488 0.0000e+00
 249.398270     44.896  34.462597     7.5973     3.1921     44.516    33.4893    26.1463 0.0000e+00
 249.398273     44.660  34.460720     7.5982     3.2090     44.282    33.4865    26.1440 0.0000e+00
 249.398275     44.413  34.458693     7.5990     3.2213     44.038    33.4837    26.1416 0.0000e+00
 249.398278     44.162  34.456346     7.5998     3.2337     43.789    33.4805    26.1390 0.0000e+00
 249.398281     43.915  34.453569     7.6005     3.2515     43.544    33.4769    26.1361 0.0000e+00
 249.398284     43.680  34.450204     7.6009     3.2665     43.311    33.4730    26.1330 0.0000e+00
 249.398287     43.464  34.446019     7.6011     3.2819     43.097    33.4684    26.1293 0.0000e+00
 249.398290     43.273  34.440827     7.6011     3.3010     42.907    33.4629    26.1250 0.0000e+00
 249.398293     43.107  34.434973     7.6009     3.3183     42.743    33.4569    26.1203 0.0000e+00
 249.398296     42.966  34.429164     7.6006     3.3365     42.603    33.4509    26.1157 0.0000e+00
 249.398299     42.846  34.423622     7.6002     3.3526     42.484    33.4454    26.1114 0.0000e+00
 249.398302     42.740  34.417987     7.5997     3.3652     42.379    33.4399    26.1071 0.0000e+00
 249.398304     42.641  34.411534     7.5991     3.3726     42.281    33.4335    26.1022 0.0000e+00
 249.398307     42.541  34.404282     7.5984     3.3785     42.182    33.4264    26.0967 0.0000e+00
 249.398310     42.433  34.397093     7.5975     3.3840     42.075    33.4196    26.0914 0.0000e+00
 249.398313     42.309  34.390316     7.5964     3.3834     41.952    33.4134    26.0867 0.0000e+00
 249.398316     42.166  34.383979     7.5948     3.3829     41.810    33.4082    26.0828 0.0000e+00
 249.398319     42.002  34.377467     7.5926     3.3751     41.647    33.4033    26.0794 0.0000e+00
 249.398322     41.815  34.369387     7.5899     3.3644     41.462    33.3973    26.0750 0.0000e+00
 249.398325     41.606  34.358577     7.5869     3.3514     41.255    33.3886    26.0686 0.0000e+00
 249.398328     41.378  34.344096     7.5840     3.3381     41.029    33.3759    26.0590 0.0000e+00
 249.398330     41.135  34.326257     7.5816     3.3233     40.788    33.3590    26.0461 0.0000e+00
 249.398333     40.882  34.307505     7.5802     3.3116     40.537    33.3403    26.0315 0.0000e+00
 249.398336     40.624  34.290150     7.5800     3.2997     40.281    33.3218    26.0171 0.0000e+00
 249.398339     40.366  34.274636     7.5815     3.2914     40.025    33.3038    26.0027 0.0000e+00
 249.398342     40.112  34.260382     7.5849     3.2827     39.773    33.2853    25.9876 0.0000e+00
 249.398345     39.861  34.247441     7.5902     3.2767     39.525    33.2664    25.9720 0.0000e+00
 249.398348     39.616  34.236655     7.5975     3.2710     39.282    33.2479    25.9564 0.0000e+00
 249.398351     39.372  34.228426     7.6070     3.2686     39.040    33.2300    25.9411 0.0000e+00
 249.398354     39.128  34.222873     7.6196     3.2630     38.798    33.2121    25.9252 0.0000e+00
 249.398356     38.881  34.220184     7.6362     3.2592     38.553    33.1935    25.9082 0.0000e+00
 249.398359     38.628  34.220177     7.6571     3.2568     38.302    33.1737    25.8896 0.0000e+00
 249.398362     38.370  34.222534     7.6807     3.2535     38.046    33.1538    25.8707 0.0000e+00
 249.398365     38.108  34.227245     7.7046     3.2525     37.786    33.1362    25.8535 0.0000e+00
 249.398368     37.847  34.233875     7.7270     3.2525     37.528    33.1222    25.8392 0.0000e+00
 249.398371     37.595  34.241252     7.7468     3.2513     37.278    33.1114    25.8279 0.0000e+00
 249.398374     37.360  34.248560     7.7639     3.2527     37.045    33.1031    25.8189 0.0000e+00
 249.398377     37.149  34.255537     7.7782     3.2524     36.836    33.0971    25.8122 0.0000e+00
 249.398380     36.966  34.262147     7.7898     3.2541     36.654    33.0933    25.8075 0.0000e+00
 249.398383     36.813  34.268424     7.7989     3.2549     36.503    33.0914    25.8048 0.0000e+00
 249.398385     36.686  34.273970     7.8064     3.2577     36.377    33.0903    25.8028 0.0000e+00
 249.398388     36.577  34.278391     7.8127     3.2596     36.269    33.0891    25.8010 0.0000e+00
