data/oxygen options/ONMS/Olympic_Coast_National_Marine_Sanctuary_Hypoxia_Survey_CTD_Data_2004_2015/raw_data/2008/CTD_CE100_081808faedb.cnv
* Sea-Bird SBE19plus Data File:
* FileName = C:\2008_Mooring_Data\081808_sevice\CTD_CE100_081808.hex
* Software Version 1.59
* Temperature SN =  4671
* Conductivity SN =  4671
* System UpLoad Time = Aug 18 2008 11:22:11
* ds
* SeacatPlus V 1.6b  SERIAL NO. 4671    18 Aug 2008  11:21:52
# nquan = 9
# nvalues = 102                         
# units = specified
# name 0 = timeJ: Julian Days
# name 1 = prdM: Pressure, Strain Gauge [db]
# name 2 = c0mS/cm: Conductivity [mS/cm]
# name 3 = tv290C: Temperature [ITS-90, deg C]
# name 4 = sbeox0ML/L: Oxygen, SBE 43 [ml/l]
# name 5 = depSM: Depth [salt water, m], lat = 47.5
# name 6 = sal00: Salinity, Practical [PSU]
# name 7 = sigma-é00: Density [sigma-theta, kg/m^3]
# name 8 = flag: flag
# span 0 = 231.458385, 231.462645       
# span 1 =      1.000,    102.000       
# span 2 =  34.249542,  38.995520       
# span 3 =     7.1277,    14.3248       
# span 4 =     1.1771,     6.4318       
# span 5 =      0.992,    101.123       
# span 6 =    28.9322,    33.9301       
# span 7 =    21.4401,    26.5508       
# span 8 = 0.0000e+00, 0.0000e+00       
# interval = decibars: 1                
# start_time = Aug 18 2008 10:56:29 [Instrument's time stamp, header]
# bad_flag = -9.990e-29
*END*
 231.458385      1.000  35.593469    14.3212     5.6923      0.992    28.9322    21.4401 0.0000e+00
 231.460039      2.000  38.706168    14.3248     6.0231      1.983    31.7345    23.5980 0.0000e+00
 231.461643      3.000  38.995520    14.3143     6.4318      2.975    32.0080    23.8112 0.0000e+00
 231.461585      4.000  38.953613    14.2898     6.3940      3.967    31.9896    23.8021 0.0000e+00
 231.461598      5.000  38.941040    14.2785     6.3780      4.958    31.9871    23.8025 0.0000e+00
 231.461612      6.000  38.935068    14.2720     6.3104      5.950    31.9866    23.8036 0.0000e+00
 231.461623      7.000  38.931159    14.2631     6.1867      6.941    31.9900    23.8081 0.0000e+00
 231.461635      8.000  38.915416    14.2114     6.0347      7.933    32.0181    23.8405 0.0000e+00
 231.461647      9.000  38.829405    14.0003     5.8728      8.925    32.1144    23.9582 0.0000e+00
 231.461658     10.000  38.608615    13.5712     5.7292      9.916    32.2698    24.1654 0.0000e+00
 231.461669     11.000  38.191886    12.9514     5.5516     10.908    32.4054    24.3932 0.0000e+00
 231.461683     12.000  37.695308    12.2413     5.2970     11.900    32.5446    24.6373 0.0000e+00
 231.461697     13.000  37.206856    11.5352     5.0328     12.891    32.6893    24.8808 0.0000e+00
 231.461708     14.000  36.819966    10.9572     4.8901     13.883    32.8218    25.0874 0.0000e+00
 231.461719     15.000  36.499889    10.4705     4.7850     14.874    32.9400    25.2643 0.0000e+00
 231.461729     16.000  36.164123    10.0037     4.6927     15.866    33.0250    25.4097 0.0000e+00
 231.461740     17.000  35.809038     9.6897     4.6309     16.857    32.9503    25.4034 0.0000e+00
 231.461750     18.000  35.641298     9.5467     4.5834     17.849    32.9091    25.3944 0.0000e+00
 231.461758     19.000  35.531111     9.4149     4.5422     18.841    32.9165    25.4214 0.0000e+00
 231.461768     20.000  35.409029     9.2873     4.5093     19.832    32.9076    25.4349 0.0000e+00
 231.461778     21.000  35.306972     9.2002     4.4836     20.824    32.8819    25.4287 0.0000e+00
 231.461787     22.000  35.244697     9.1104     4.4559     21.815    32.8998    25.4569 0.0000e+00
 231.461796     23.000  35.171737     8.9923     4.4090     22.807    32.9328    25.5012 0.0000e+00
 231.461805     24.000  35.088192     8.8970     4.3588     23.798    32.9337    25.5168 0.0000e+00
 231.461814     25.000  35.041995     8.8587     4.3003     24.790    32.9206    25.5125 0.0000e+00
 231.461823     26.000  35.048751     8.8751     4.2599     25.781    32.9120    25.5032 0.0000e+00
 231.461832     27.000  35.127122     8.8814     4.2348     26.773    32.9874    25.5613 0.0000e+00
 231.461842     28.000  35.145481     8.7668     4.2157     27.764    33.1130    25.6774 0.0000e+00
 231.461852     29.000  35.038362     8.5592     4.1709     28.756    33.1948    25.7732 0.0000e+00
 231.461861     30.000  34.857644     8.3504     4.0877     29.747    33.2002    25.8091 0.0000e+00
 231.461870     31.000  34.687749     8.1765     3.9771     30.739    33.1840    25.8223 0.0000e+00
 231.461880     32.000  34.516175     7.9790     3.8398     31.730    33.1879    25.8543 0.0000e+00
 231.461890     33.000  34.334868     7.8157     3.7083     32.722    33.1485    25.8471 0.0000e+00
 231.461899     34.000  34.249542     7.7483     3.5851     33.714    33.1206    25.8348 0.0000e+00
 231.461909     35.000  34.255409     7.7365     3.4613     34.705    33.1377    25.8500 0.0000e+00
 231.461920     36.000  34.294292     7.7418     3.3193     35.696    33.1738    25.8777 0.0000e+00
 231.461931     37.000  34.331513     7.7643     3.1943     36.688    33.1920    25.8887 0.0000e+00
 231.461941     38.000  34.384929     7.8060     3.1246     37.679    33.2091    25.8961 0.0000e+00
 231.461950     39.000  34.466044     7.8367     3.0905     38.671    33.2663    25.9367 0.0000e+00
 231.461960     40.000  34.546294     7.7958     3.0733     39.662    33.3910    26.0406 0.0000e+00
 231.461969     41.000  34.529344     7.6845     3.0758     40.654    33.4791    26.1258 0.0000e+00
 231.461979     42.000  34.449504     7.5718     3.0931     41.645    33.5011    26.1591 0.0000e+00
 231.461989     43.000  34.378823     7.5050     3.1158     42.637    33.4887    26.1589 0.0000e+00
 231.461999     44.000  34.340891     7.4566     3.1352     43.628    33.4939    26.1698 0.0000e+00
 231.462009     45.000  34.314915     7.4182     3.1494     44.620    33.5023    26.1819 0.0000e+00
 231.462021     46.000  34.328031     7.4135     3.1512     45.611    33.5207    26.1970 0.0000e+00
 231.462032     47.000  34.365399     7.4249     3.1520     46.602    33.5496    26.2182 0.0000e+00
 231.462042     48.000  34.400393     7.4467     3.1512     47.594    33.5661    26.2280 0.0000e+00
 231.462052     49.000  34.452154     7.4696     3.1446     48.585    33.5995    26.2511 0.0000e+00
 231.462061     50.000  34.490417     7.4843     3.1347     49.577    33.6262    26.2701 0.0000e+00
 231.462070     51.000  34.511494     7.4949     3.1211     50.568    33.6382    26.2780 0.0000e+00
 231.462080     52.000  34.528714     7.5019     3.1054     51.559    33.6496    26.2860 0.0000e+00
 231.462090     53.000  34.539663     7.5048     3.0892     52.551    33.6581    26.2922 0.0000e+00
 231.462101     54.000  34.549253     7.5075     3.0734     53.542    33.6655    26.2977 0.0000e+00
 231.462111     55.000  34.561233     7.5081     3.0600     54.534    33.6773    26.3069 0.0000e+00
 231.462122     56.000  34.565933     7.5065     3.0431     55.525    33.6835    26.3121 0.0000e+00
 231.462132     57.000  34.567384     7.5032     3.0226     56.517    33.6878    26.3159 0.0000e+00
 231.462141     58.000  34.568287     7.4998     2.9982     57.508    33.6916    26.3194 0.0000e+00
 231.462151     59.000  34.569338     7.4959     2.9669     58.499    33.6960    26.3234 0.0000e+00
 231.462161     60.000  34.571620     7.4910     2.9280     59.490    33.7028    26.3294 0.0000e+00
 231.462171     61.000  34.572499     7.4806     2.8894     60.482    33.7133    26.3392 0.0000e+00
 231.462181     62.000  34.568344     7.4638     2.8621     61.473    33.7247    26.3506 0.0000e+00
 231.462191     63.000  34.562176     7.4449     2.8402     62.465    33.7360    26.3621 0.0000e+00
 231.462202     64.000  34.552603     7.4244     2.8197     63.456    33.7450    26.3721 0.0000e+00
 231.462213     65.000  34.540734     7.4116     2.7933     64.447    33.7441    26.3732 0.0000e+00
 231.462224     66.000  34.535784     7.4073     2.7603     65.438    33.7424    26.3725 0.0000e+00
 231.462235     67.000  34.533529     7.4021     2.7258     66.430    33.7446    26.3750 0.0000e+00
 231.462245     68.000  34.528924     7.3910     2.6904     67.421    33.7499    26.3807 0.0000e+00
 231.462255     69.000  34.519156     7.3731     2.6547     68.413    33.7562    26.3882 0.0000e+00
 231.462266     70.000  34.510610     7.3585     2.6169     69.404    33.7608    26.3938 0.0000e+00
 231.462276     71.000  34.507701     7.3478     2.5799     70.395    33.7675    26.4006 0.0000e+00
 231.462289     72.000  34.506696     7.3374     2.5362     71.387    33.7761    26.4089 0.0000e+00
 231.462300     73.000  34.508752     7.3284     2.4877     72.378    33.7866    26.4184 0.0000e+00
 231.462312     74.000  34.511060     7.3195     2.4498     73.369    33.7973    26.4281 0.0000e+00
 231.462323     75.000  34.511093     7.3111     2.4240     74.361    33.8051    26.4355 0.0000e+00
 231.462333     76.000  34.515055     7.3067     2.4015     75.352    33.8132    26.4425 0.0000e+00
 231.462344     77.000  34.530712     7.3231     2.3822     76.343    33.8137    26.4406 0.0000e+00
 231.462353     78.000  34.576690     7.3548     2.3588     77.334    33.8323    26.4508 0.0000e+00
 231.462364     79.000  34.621424     7.3727     2.3314     78.326    33.8630    26.4724 0.0000e+00
 231.462377     80.000  34.638139     7.3748     2.3000     79.317    33.8785    26.4844 0.0000e+00
 231.462389     81.000  34.637605     7.3659     2.2722     80.308    33.8861    26.4916 0.0000e+00
 231.462402     82.000  34.629961     7.3555     2.2302     81.300    33.8875    26.4942 0.0000e+00
 231.462412     83.000  34.623405     7.3468     2.1450     82.291    33.8884    26.4961 0.0000e+00
 231.462423     84.000  34.618478     7.3385     1.9970     83.282    33.8908    26.4992 0.0000e+00
 231.462433     85.000  34.611445     7.3215     1.8442     84.273    33.8992    26.5082 0.0000e+00
 231.462442     86.000  34.594341     7.2911     1.7490     85.264    33.9100    26.5209 0.0000e+00
 231.462452     87.000  34.565946     7.2468     1.6965     86.256    33.9219    26.5366 0.0000e+00
 231.462461     88.000  34.522899     7.1902     1.6196     87.247    33.9301    26.5508 0.0000e+00
 231.462474     89.000  34.476276     7.1608     1.5307     88.238    33.9076    26.5372 0.0000e+00
 231.462489     90.000  34.480905     7.1662     1.4593     89.230    33.9068    26.5359 0.0000e+00
 231.462500     91.000  34.469388     7.1426     1.4177     90.221    33.9169    26.5471 0.0000e+00
 231.462511     92.000  34.455289     7.1336     1.3865     91.212    33.9098    26.5428 0.0000e+00
 231.462521     93.000  34.452383     7.1321     1.3592     92.203    33.9076    26.5413 0.0000e+00
 231.462533     94.000  34.451695     7.1306     1.3342     93.194    33.9079    26.5417 0.0000e+00
 231.462544     95.000  34.451193     7.1295     1.3113     94.185    33.9080    26.5419 0.0000e+00
 231.462555     96.000  34.451033     7.1286     1.2929     95.177    33.9081    26.5422 0.0000e+00
 231.462567     97.000  34.451128     7.1282     1.2743     96.168    33.9082    26.5423 0.0000e+00
 231.462578     98.000  34.451250     7.1280     1.2581     97.159    33.9080    26.5422 0.0000e+00
 231.462591     99.000  34.451434     7.1277     1.2429     98.150    33.9080    26.5423 0.0000e+00
 231.462605    100.000  34.451886     7.1284     1.2223     99.141    33.9073    26.5416 0.0000e+00
 231.462619    101.000  34.450301     7.1284     1.2040    100.133    33.9052    26.5400 0.0000e+00
 231.462645    102.000  34.409157     7.1308     1.1771    101.123    33.8574    26.5020 0.0000e+00
