data/oxygen options/ONMS/Olympic_Coast_National_Marine_Sanctuary_Hypoxia_Survey_CTD_Data_2004_2015/raw_data/2008/CTD_RR042_061208faed.cnv
* Sea-Bird SBE19 Data File:
* FileName = C:\2008_Mooring_Data\061208_service\CTD_RR042_061208.hex
* Software Version 1.59
* Temperature SN = 2997
* Conductivity SN = 2997
* System UpLoad Time = Jun 12 2008 18:15:29
* ds
* SEACAT PROFILER V3.1c SN 2997   06/12/08  18:14:56.556
# nquan = 9                                 
# nvalues = 627                         
# units = specified
# name 0 = timeJ: Julian Days
# name 1 = prSM: Pressure, Strain Gauge [db]
# name 2 = c0mS/cm: Conductivity [mS/cm]
# name 3 = t090C: Temperature [ITS-90, deg C]
# name 4 = sbeox0ML/L: Oxygen, SBE 43 [ml/l]
# name 5 = depSM: Depth [salt water, m], lat = 47.5
# name 6 = sal00: Salinity, Practical [PSU]
# name 7 = sigma-é00: Density [sigma-theta, kg/m^3]
# name 8 = flag: flag
# span 0 = 164.754317, 164.757940       
# span 1 =     -5.736,     40.673       
# span 2 =   0.222109,  35.231663       
# span 3 =     7.2902,    12.2941       
# span 4 =    -1.6983,    17.8500       
# span 5 =     -5.688,     40.330       
# span 6 =     0.1495,    33.6245       
# span 7 =    -0.1691,    26.2954       
# span 8 = 0.0000e+00, 0.0000e+00       
# interval = seconds: 0.5
# start_time = Jun 12 2008 18:06:13 [Instrument's time stamp, header]
# bad_flag = -9.990e-29
*END*
[from data line 161]
 164.755249     -0.361  34.069474    12.2827     7.0186     -0.358    29.0592    21.9288 -9.990e-29
 164.755255     -0.353  34.069582    12.2826     7.0286     -0.350    29.0594    21.9290 -9.990e-29
 164.755260     -0.338  34.069346    12.2825     7.0300     -0.335    29.0592    21.9289 -9.990e-29
 164.755266     -0.317  34.069031    12.2822     7.0235     -0.314    29.0592    21.9289 -9.990e-29
 164.755272     -0.298  34.068798    12.2817     7.0245     -0.296    29.0593    21.9291 -9.990e-29
 164.755278     -0.284  34.068355    12.2813     7.0277     -0.282    29.0592    21.9291 -9.990e-29
 164.755284     -0.275  34.067690    12.2811     7.0261     -0.273    29.0587    21.9287 -9.990e-29
 164.755289     -0.269  34.067056    12.2809     7.0374     -0.267    29.0583    21.9284 -9.990e-29
 164.755295     -0.263  34.066747    12.2807     7.0225     -0.261    29.0581    21.9283 -9.990e-29
 164.755301     -0.251  34.066931    12.2807     7.0159     -0.249    29.0583    21.9285 -9.990e-29
 164.755307     -0.237  34.067313    12.2808     7.0193     -0.235    29.0586    21.9287 -9.990e-29
 164.755313     -0.224  34.067302    12.2808     7.0175     -0.222    29.0586    21.9287 -9.990e-29
 164.755318     -0.212  34.066903    12.2809     7.0308     -0.210    29.0581    21.9283 -9.990e-29
 164.755324     -0.203  34.066724    12.2810     7.0242     -0.201    29.0579    21.9281 -9.990e-29
 164.755330     -0.203  34.067107    12.2811     7.0126     -0.201    29.0582    21.9283 -9.990e-29
 164.755336     -0.206  34.067460    12.2810     7.0222     -0.204    29.0586    21.9286 -9.990e-29
 164.755341     -0.208  34.067155    12.2808     7.0307     -0.206    29.0584    21.9285 -9.990e-29
 164.755347     -0.209  34.066924    12.2807     7.0245     -0.207    29.0583    21.9285 -9.990e-29
 164.755353     -0.206  34.067039    12.2805     7.0145     -0.204    29.0586    21.9287 -9.990e-29
 164.755359     -0.194  34.067112    12.2802     6.9976     -0.192    29.0589    21.9290 -9.990e-29
 164.755365     -0.180  34.067262    12.2800     6.9831     -0.178    29.0591    21.9292 -9.990e-29
 164.755370     -0.173  34.067148    12.2802     6.9883     -0.172    29.0589    21.9290 -9.990e-29
 164.755376     -0.167  34.066637    12.2805     7.0131     -0.166    29.0582    21.9284 -9.990e-29
 164.755382     -0.158  34.066187    12.2806     7.0507     -0.157    29.0577    21.9280 -9.990e-29
 164.755388     -0.145  34.065779    12.2806     7.0642     -0.144    29.0573    21.9277 -9.990e-29
 164.755394     -0.128  34.065447    12.2804     7.0594     -0.127    29.0571    21.9276 -9.990e-29
 164.755399     -0.110  34.065330    12.2800     7.0358     -0.109    29.0573    21.9278 -9.990e-29
 164.755405     -0.097  34.065289    12.2799     7.0270     -0.096    29.0573    21.9279 -9.990e-29
 164.755411     -0.090  34.065290    12.2802     7.0351     -0.089    29.0571    21.9276 -9.990e-29
 164.755417     -0.080  34.065352    12.2802     7.0316     -0.079    29.0571    21.9277 -9.990e-29
 164.755422     -0.065  34.065579    12.2798     7.0251     -0.064    29.0577    21.9281 -9.990e-29
 164.755428     -0.053  34.065735    12.2793     7.0181     -0.053    29.0582    21.9286 -9.990e-29
 164.755434     -0.048  34.065484    12.2791     7.0228     -0.048    29.0581    21.9286 -9.990e-29
 164.755440     -0.045  34.065071    12.2791     7.0359     -0.045    29.0577    21.9283 -9.990e-29
 164.755446     -0.035  34.065086    12.2793     7.0410     -0.035    29.0576    21.9282 -9.990e-29
 164.755451     -0.018  34.065570    12.2798     7.0391     -0.018    29.0576    21.9281 -9.990e-29
 164.755457     -0.002  34.066067    12.2805     7.0407     -0.002    29.0576    21.9279 -9.990e-29
 164.755463      0.012  34.066698    12.2815     7.0455      0.012    29.0574    21.9276 -9.990e-29
 164.755469      0.022  34.067764    12.2825     7.0472      0.022    29.0576    21.9276 -9.990e-29
 164.755475      0.030  34.069589    12.2835     7.0391      0.030    29.0586    21.9282 -9.990e-29
 164.755480      0.037  34.071823    12.2849     7.0322      0.037    29.0596    21.9287 -9.990e-29
 164.755486      0.043  34.072985    12.2862     7.0223      0.043    29.0597    21.9285 -9.990e-29
 164.755492      0.049  34.072963    12.2872     7.0223      0.049    29.0589    21.9277 -9.990e-29
 164.755498      0.054  34.072870    12.2877     7.0193      0.054    29.0584    21.9273 -9.990e-29
 164.755503      0.059  34.073161    12.2881     7.0257      0.059    29.0584    21.9272 -9.990e-29
 164.755509      0.064  34.073684    12.2882     7.0309      0.063    29.0588    21.9275 -9.990e-29
 164.755515      0.071  34.074036    12.2881     7.0326      0.070    29.0592    21.9278 -9.990e-29
 164.755521      0.078  34.074145    12.2879     7.0343      0.077    29.0594    21.9280 -9.990e-29
 164.755527      0.087  34.074175    12.2878     7.0313      0.086    29.0595    21.9281 -9.990e-29
 164.755532      0.098  34.074186    12.2879     7.0373      0.097    29.0595    21.9281 -9.990e-29
 164.755538      0.112  34.074214    12.2879     7.0457      0.111    29.0595    21.9281 -9.990e-29
 164.755544      0.130  34.074316    12.2880     7.0604      0.129    29.0595    21.9281 -9.990e-29
 164.755550      0.153  34.074648    12.2883     7.0555      0.152    29.0596    21.9281 -9.990e-29
 164.755556      0.177  34.075109    12.2885     7.0553      0.176    29.0598    21.9282 -9.990e-29
 164.755561      0.202  34.075214    12.2886     7.0503      0.200    29.0599    21.9282 -9.990e-29
 164.755567      0.227  34.075125    12.2886     7.0453      0.225    29.0598    21.9282 -9.990e-29
 164.755573      0.250  34.075302    12.2884     7.0534      0.248    29.0601    21.9284 -9.990e-29
 164.755579      0.268  34.075439    12.2882     7.0453      0.266    29.0604    21.9287 -9.990e-29
 164.755584      0.279  34.075180    12.2882     7.0432      0.277    29.0601    21.9285 -9.990e-29
 164.755590      0.283  34.074759    12.2882     7.0415      0.281    29.0597    21.9282 -9.990e-29
 164.755596      0.289  34.074754    12.2883     7.0398      0.287    29.0596    21.9281 -9.990e-29
 164.755602      0.297  34.075177    12.2883     7.0368      0.295    29.0600    21.9284 -9.990e-29
 164.755608      0.303  34.075492    12.2880     7.0350      0.300    29.0605    21.9289 -9.990e-29
 164.755613      0.309  34.075579    12.2876     7.0350      0.306    29.0609    21.9293 -9.990e-29
 164.755619      0.313  34.075573    12.2876     7.0366      0.310    29.0609    21.9293 -9.990e-29
 164.755625      0.317  34.075486    12.2878     7.0337      0.314    29.0607    21.9290 -9.990e-29
 164.755631      0.320  34.075222    12.2881     7.0383      0.317    29.0602    21.9286 -9.990e-29
 164.755637      0.323  34.075009    12.2888     7.0466      0.320    29.0595    21.9279 -9.990e-29
 164.755642      0.326  34.075700    12.2896     7.0435      0.323    29.0595    21.9278 -9.990e-29
 164.755648      0.330  34.077117    12.2899     7.0371      0.327    29.0606    21.9286 -9.990e-29
 164.755654      0.334  34.077811    12.2898     7.0308      0.331    29.0613    21.9292 -9.990e-29
 164.755660      0.339  34.077604    12.2898     7.0356      0.336    29.0611    21.9290 -9.990e-29
 164.755666      0.345  34.077363    12.2900     7.0492      0.342    29.0607    21.9287 -9.990e-29
 164.755671      0.352  34.077346    12.2902     7.0543      0.349    29.0606    21.9285 -9.990e-29
 164.755677      0.362  34.077550    12.2904     7.0462      0.359    29.0606    21.9285 -9.990e-29
 164.755683      0.369  34.077706    12.2903     7.0392      0.366    29.0608    21.9287 -9.990e-29
 164.755689      0.372  34.077480    12.2900     7.0422      0.369    29.0608    21.9288 -9.990e-29
 164.755694      0.372  34.077151    12.2894     7.0456      0.369    29.0610    21.9290 -9.990e-29
 164.755700      0.376  34.076859    12.2883     7.0489      0.373    29.0616    21.9296 -9.990e-29
 164.755706      0.384  34.076236    12.2868     7.0476      0.381    29.0621    21.9303 -9.990e-29
 164.755712      0.395  34.075031    12.2856     7.0441      0.392    29.0619    21.9304 -9.990e-29
 164.755718      0.411  34.073895    12.2847     7.0441      0.408    29.0616    21.9303 -9.990e-29
 164.755723      0.429  34.073574    12.2842     7.0440      0.425    29.0616    21.9304 -9.990e-29
 164.755729      0.440  34.073659    12.2839     7.0504      0.436    29.0619    21.9307 -9.990e-29
 164.755735      0.442  34.073719    12.2838     7.0520      0.438    29.0621    21.9308 -9.990e-29
 164.755741      0.438  34.073845    12.2839     7.0585      0.434    29.0621    21.9309 -9.990e-29
 164.755747      0.437  34.074214    12.2839     7.0453      0.433    29.0625    21.9311 -9.990e-29
 164.755752      0.444  34.074770    12.2839     7.0257      0.440    29.0630    21.9315 -9.990e-29
 164.755758      0.459  34.075140    12.2840     7.0202      0.455    29.0633    21.9317 -9.990e-29
 164.755764      0.478  34.075261    12.2843     7.0206      0.474    29.0631    21.9316 -9.990e-29
 164.755770      0.494  34.075299    12.2847     7.0372      0.490    29.0628    21.9313 -9.990e-29
 164.755775      0.503  34.075307    12.2853     7.0454      0.499    29.0624    21.9308 -9.990e-29
 164.755781      0.507  34.075300    12.2860     7.0454      0.503    29.0618    21.9303 -9.990e-29
 164.755787      0.506  34.075275    12.2864     7.0371      0.502    29.0615    21.9299 -9.990e-29
 164.755793      0.499  34.075202    12.2866     7.0385      0.495    29.0613    21.9297 -9.990e-29
 164.755799      0.491  34.074988    12.2867     7.0468      0.487    29.0610    21.9295 -9.990e-29
 164.755804      0.489  34.074913    12.2870     7.0437      0.485    29.0607    21.9292 -9.990e-29
 164.755810      0.493  34.075444    12.2875     7.0370      0.489    29.0608    21.9292 -9.990e-29
 164.755816      0.500  34.076172    12.2879     7.0367      0.496    29.0612    21.9294 -9.990e-29
 164.755822      0.509  34.076391    12.2882     7.0367      0.505    29.0612    21.9293 -9.990e-29
 164.755828      0.517  34.076397    12.2887     7.0549      0.513    29.0608    21.9289 -9.990e-29
 164.755833      0.525  34.076763    12.2895     7.0598      0.521    29.0605    21.9286 -9.990e-29
 164.755839      0.537  34.077424    12.2901     7.0564      0.533    29.0607    21.9286 -9.990e-29
 164.755845      0.550  34.078145    12.2902     7.0463      0.545    29.0613    21.9290 -9.990e-29
 164.755851      0.561  34.078770    12.2903     7.0380      0.556    29.0618    21.9294 -9.990e-29
 164.755856      0.569  34.079017    12.2908     7.0314      0.564    29.0616    21.9292 -9.990e-29
 164.755862      0.576  34.078661    12.2913     7.0315      0.571    29.0609    21.9286 -9.990e-29
 164.755868      0.582  34.078349    12.2915     7.0349      0.577    29.0604    21.9282 -9.990e-29
 164.755874      0.587  34.078792    12.2916     7.0432      0.582    29.0608    21.9284 -9.990e-29
 164.755880      0.592  34.079464    12.2917     7.0483      0.587    29.0613    21.9288 -9.990e-29
 164.755885      0.597  34.079586    12.2920     7.0485      0.592    29.0612    21.9287 -9.990e-29
 164.755891      0.603  34.079324    12.2924     7.0529      0.598    29.0606    21.9282 -9.990e-29
 164.755897      0.609  34.079455    12.2927     7.0511      0.604    29.0605    21.9280 -9.990e-29
 164.755903      0.616  34.080157    12.2929     7.0448      0.611    29.0610    21.9284 -9.990e-29
 164.755909      0.624  34.080691    12.2929     7.0481      0.619    29.0615    21.9288 -9.990e-29
 164.755914      0.635  34.080654    12.2927     7.0658      0.630    29.0617    21.9289 -9.990e-29
 164.755920      0.648  34.080561    12.2926     7.0660      0.643    29.0616    21.9289 -9.990e-29
 164.755926      0.665  34.080851    12.2927     7.0660      0.659    29.0618    21.9290 -9.990e-29
 164.755932      0.683  34.081356    12.2926     7.0575      0.677    29.0624    21.9295 -9.990e-29
 164.755937      0.693  34.081634    12.2924     7.0555      0.687    29.0628    21.9298 -9.990e-29
 164.755943      0.693  34.081500    12.2926     7.0543      0.687    29.0625    21.9296 -9.990e-29
 164.755949      0.686  34.081338    12.2927     7.0396      0.680    29.0623    21.9294 -9.990e-29
 164.755955      0.681  34.081496    12.2927     7.0411      0.675    29.0624    21.9295 -9.990e-29
 164.755961      0.681  34.081632    12.2926     7.0410      0.675    29.0626    21.9297 -9.990e-29
 164.755966      0.683  34.081372    12.2923     7.0412      0.677    29.0626    21.9297 -9.990e-29
 164.755972      0.682  34.080934    12.2921     7.0578      0.676    29.0624    21.9296 -9.990e-29
 164.755978      0.683  34.080856    12.2923     7.0575      0.677    29.0621    21.9293 -9.990e-29
 164.755984      0.690  34.081041    12.2925     7.0593      0.684    29.0622    21.9293 -9.990e-29
 164.755990      0.702  34.081180    12.2926     7.0528      0.696    29.0622    21.9293 -9.990e-29
 164.755995      0.722  34.081462    12.2926     7.0508      0.716    29.0625    21.9295 -9.990e-29
 164.756001      0.745  34.081706    12.2927     7.0591      0.739    29.0626    21.9296 -9.990e-29
 164.756007      0.766  34.081684    12.2929     7.0560      0.760    29.0624    21.9295 -9.990e-29
 164.756013      0.781  34.081369    12.2931     7.0621      0.774    29.0620    21.9291 -9.990e-29
 164.756019      0.790  34.080904    12.2931     7.0525      0.783    29.0615    21.9287 -9.990e-29
 164.756024      0.795  34.080794    12.2930     7.0425      0.788    29.0615    21.9287 -9.990e-29
 164.756030      0.796  34.080899    12.2930     7.0426      0.789    29.0616    21.9288 -9.990e-29
 164.756036      0.797  34.080802    12.2932     7.0410      0.790    29.0614    21.9286 -9.990e-29
 164.756042      0.802  34.080938    12.2933     7.0328      0.795    29.0614    21.9286 -9.990e-29
 164.756047      0.808  34.081495    12.2932     7.0330      0.801    29.0620    21.9291 -9.990e-29
 164.756053      0.810  34.082098    12.2930     7.0263      0.803    29.0627    21.9297 -9.990e-29
 164.756059      0.810  34.082436    12.2930     7.0348      0.803    29.0630    21.9299 -9.990e-29
 164.756065      0.806  34.082404    12.2933     7.0434      0.799    29.0628    21.9297 -9.990e-29
 164.756071      0.802  34.082524    12.2937     7.0516      0.795    29.0626    21.9294 -9.990e-29
 164.756076      0.804  34.082960    12.2941     7.0549      0.797    29.0627    21.9294 -9.990e-29
 164.756082      0.806  34.083180    12.2941     7.0579      0.799    29.0629    21.9296 -9.990e-29
 164.756088      0.805  34.082919    12.2938     7.0450      0.798    29.0629    21.9297 -9.990e-29
 164.756094      0.800  34.082395    12.2936     7.0313      0.793    29.0625    21.9294 -9.990e-29
 164.756100      0.795  34.082032    12.2934     7.0217      0.788    29.0624    21.9293 -9.990e-29
 164.756105      0.795  34.081911    12.2931     7.0138      0.788    29.0625    21.9295 -9.990e-29
 164.756111      0.799  34.081877    12.2926     7.0269      0.792    29.0628    21.9298 -9.990e-29
 164.756117      0.808  34.081888    12.2920     7.0336      0.801    29.0633    21.9303 -9.990e-29
 164.756123      0.818  34.081963    12.2917     7.0581      0.811    29.0636    21.9306 -9.990e-29
 164.756128      0.825  34.082207    12.2921     7.0650      0.818    29.0635    21.9305 -9.990e-29
 164.756134      0.830  34.082390    12.2927     7.0616      0.823    29.0632    21.9301 -9.990e-29
 164.756140      0.832  34.082200    12.2930     7.0504      0.825    29.0628    21.9297 -9.990e-29
 164.756146      0.833  34.081948    12.2931     7.0383      0.826    29.0625    21.9295 -9.990e-29
 164.756152      0.837  34.081861    12.2931     7.0449      0.830    29.0624    21.9294 -9.990e-29
 164.756157      0.847  34.081830    12.2928     7.0548      0.840    29.0626    21.9296 -9.990e-29
 164.756163      0.857  34.081817    12.2926     7.0599      0.850    29.0628    21.9298 -9.990e-29
