data/oxygen options/ONMS/Olympic_Coast_National_Marine_Sanctuary_Hypoxia_Survey_CTD_Data_2004_2015/raw_data/2008/CTD_TH100_071608faed.cnv
* Sea-Bird SBE19plus Data File:
* FileName = C:\2008_Mooring_Data\071408_sevice\CTD_TH100_071608.hex
* Software Version 1.59
* Temperature SN =  4671
* Conductivity SN =  4671
* System UpLoad Time = Jul 16 2008 09:40:18
* ds
* SeacatPlus V 1.6b  SERIAL NO. 4671    16 Jul 2008  09:39:52
# nquan = 9                                 
# nvalues = 1720                        
# units = specified
# name 0 = timeJ: Julian Days
# name 1 = prdM: Pressure, Strain Gauge [db]
# name 2 = c0mS/cm: Conductivity [mS/cm]
# name 3 = tv290C: Temperature [ITS-90, deg C]
# name 4 = sbeox0ML/L: Oxygen, SBE 43 [ml/l]
# name 5 = depSM: Depth [salt water, m], lat = 47.5
# name 6 = sal00: Salinity, Practical [PSU]
# name 7 = sigma-é00: Density [sigma-theta, kg/m^3]
# name 8 = flag: flag
# span 0 = 198.396944, 198.401918       
# span 1 =      0.036,    101.242       
# span 2 =  -0.000963,  36.981865       
# span 3 =     6.8706,    12.2161       
# span 4 =     1.7618,     8.6339       
# span 5 =      0.036,    100.372       
# span 6 =     0.0000,    33.9285       
# span 7 =    -0.5248,    26.5928       
# span 8 = 0.0000e+00, 0.0000e+00       
# interval = seconds: 0.25
# start_time = Jul 16 2008 09:31:36 [Instrument's time stamp, header]
# bad_flag = -9.990e-29
*END*
[from data line 641]
 198.398799      2.506  36.977198    12.0708     7.3583      2.485    32.0048    24.2507 -9.990e-29
 198.398802      2.509  36.977145    12.0708     7.3565      2.488    32.0048    24.2507 -9.990e-29
 198.398805      2.502  36.977090    12.0708     7.3546      2.481    32.0047    24.2506 -9.990e-29
 198.398808      2.487  36.977040    12.0708     7.3481      2.466    32.0047    24.2506 -9.990e-29
 198.398811      2.469  36.977050    12.0708     7.3451      2.448    32.0047    24.2506 -9.990e-29
 198.398814      2.451  36.977102    12.0708     7.3421      2.431    32.0048    24.2507 -9.990e-29
 198.398817      2.435  36.977142    12.0708     7.3441      2.415    32.0048    24.2507 -9.990e-29
 198.398819      2.424  36.977176    12.0708     7.3438      2.404    32.0048    24.2507 -9.990e-29
 198.398822      2.415  36.977212    12.0709     7.3453      2.395    32.0048    24.2507 -9.990e-29
 198.398825      2.409  36.977244    12.0709     7.3433      2.389    32.0048    24.2507 -9.990e-29
 198.398828      2.407  36.977305    12.0710     7.3437      2.387    32.0048    24.2506 -9.990e-29
 198.398831      2.409  36.977384    12.0710     7.3442      2.389    32.0049    24.2507 -9.990e-29
 198.398834      2.418  36.977430    12.0709     7.3446      2.398    32.0050    24.2508 -9.990e-29
 198.398837      2.434  36.977437    12.0706     7.3419      2.414    32.0053    24.2511 -9.990e-29
 198.398840      2.458  36.977382    12.0701     7.3384      2.437    32.0056    24.2515 -9.990e-29
 198.398843      2.485  36.977204    12.0695     7.3376      2.464    32.0060    24.2518 -9.990e-29
 198.398845      2.511  36.976837    12.0689     7.3371      2.490    32.0061    24.2521 -9.990e-29
 198.398848      2.530  36.976272    12.0683     7.3384      2.509    32.0061    24.2521 -9.990e-29
 198.398851      2.537  36.975628    12.0680     7.3394      2.516    32.0057    24.2519 -9.990e-29
 198.398854      2.532  36.975088    12.0680     7.3405      2.511    32.0052    24.2515 -9.990e-29
 198.398857      2.513  36.974796    12.0682     7.3423      2.492    32.0047    24.2511 -9.990e-29
 198.398860      2.485  36.974771    12.0685     7.3414      2.464    32.0045    24.2509 -9.990e-29
 198.398863      2.451  36.974949    12.0689     7.3417      2.431    32.0043    24.2507 -9.990e-29
 198.398866      2.417  36.975254    12.0693     7.3399      2.397    32.0043    24.2506 -9.990e-29
 198.398869      2.387  36.975581    12.0696     7.3410      2.367    32.0043    24.2506 -9.990e-29
 198.398872      2.365  36.975870    12.0698     7.3427      2.345    32.0045    24.2506 -9.990e-29
 198.398874      2.350  36.976095    12.0699     7.3436      2.330    32.0046    24.2507 -9.990e-29
 198.398877      2.345  36.976224    12.0700     7.3465      2.325    32.0046    24.2507 -9.990e-29
 198.398880      2.348  36.976281    12.0700     7.3463      2.328    32.0047    24.2507 -9.990e-29
 198.398883      2.358  36.976306    12.0702     7.3470      2.338    32.0045    24.2506 -9.990e-29
 198.398886      2.377  36.976335    12.0704     7.3452      2.357    32.0044    24.2504 -9.990e-29
 198.398889      2.402  36.976442    12.0707     7.3440      2.382    32.0042    24.2503 -9.990e-29
 198.398892      2.433  36.976670    12.0710     7.3479      2.413    32.0042    24.2502 -9.990e-29
 198.398895      2.468  36.976992    12.0712     7.3454      2.447    32.0043    24.2502 -9.990e-29
 198.398898      2.504  36.977336    12.0711     7.3425      2.483    32.0047    24.2506 -9.990e-29
 198.398900      2.536  36.977547    12.0709     7.3389      2.515    32.0051    24.2509 -9.990e-29
 198.398903      2.560  36.977474    12.0707     7.3384      2.539    32.0052    24.2510 -9.990e-29
 198.398906      2.570  36.977215    12.0705     7.3397      2.549    32.0051    24.2510 -9.990e-29
 198.398909      2.566  36.976972    12.0706     7.3424      2.545    32.0048    24.2507 -9.990e-29
 198.398912      2.548  36.976816    12.0708     7.3474      2.527    32.0044    24.2504 -9.990e-29
 198.398915      2.520  36.976791    12.0711     7.3488      2.499    32.0042    24.2501 -9.990e-29
 198.398918      2.487  36.976960    12.0715     7.3510      2.466    32.0040    24.2499 -9.990e-29
 198.398921      2.455  36.977283    12.0719     7.3525      2.434    32.0040    24.2498 -9.990e-29
 198.398924      2.432  36.977661    12.0723     7.3511      2.412    32.0040    24.2498 -9.990e-29
 198.398927      2.420  36.978037    12.0725     7.3514      2.400    32.0042    24.2499 -9.990e-29
 198.398929      2.421  36.978380    12.0726     7.3513      2.401    32.0045    24.2501 -9.990e-29
 198.398932      2.435  36.978643    12.0725     7.3527      2.415    32.0048    24.2504 -9.990e-29
 198.398935      2.458  36.978777    12.0724     7.3540      2.437    32.0050    24.2505 -9.990e-29
 198.398938      2.484  36.978757    12.0724     7.3544      2.463    32.0050    24.2505 -9.990e-29
 198.398941      2.507  36.978626    12.0723     7.3539      2.486    32.0049    24.2505 -9.990e-29
 198.398944      2.522  36.978500    12.0723     7.3530      2.501    32.0048    24.2504 -9.990e-29
 198.398947      2.524  36.978432    12.0723     7.3543      2.503    32.0047    24.2503 -9.990e-29
 198.398950      2.513  36.978407    12.0725     7.3570      2.492    32.0045    24.2502 -9.990e-29
 198.398953      2.492  36.978448    12.0727     7.3600      2.471    32.0044    24.2500 -9.990e-29
 198.398955      2.463  36.978564    12.0729     7.3640      2.442    32.0044    24.2500 -9.990e-29
 198.398958      2.434  36.978739    12.0731     7.3675      2.414    32.0044    24.2499 -9.990e-29
 198.398961      2.407  36.978949    12.0733     7.3668      2.387    32.0044    24.2499 -9.990e-29
 198.398964      2.388  36.979161    12.0735     7.3702      2.368    32.0045    24.2499 -9.990e-29
 198.398967      2.380  36.979357    12.0736     7.3675      2.360    32.0046    24.2500 -9.990e-29
 198.398970      2.383  36.979516    12.0736     7.3719      2.363    32.0047    24.2501 -9.990e-29
 198.398973      2.396  36.979599    12.0734     7.3669      2.376    32.0050    24.2503 -9.990e-29
 198.398976      2.416  36.979592    12.0732     7.3676      2.396    32.0051    24.2505 -9.990e-29
 198.398979      2.437  36.979484    12.0729     7.3680      2.417    32.0053    24.2506 -9.990e-29
 198.398981      2.456  36.979263    12.0725     7.3633      2.435    32.0054    24.2508 -9.990e-29
 198.398984      2.467  36.978968    12.0722     7.3622      2.446    32.0053    24.2508 -9.990e-29
 198.398987      2.469  36.978659    12.0720     7.3607      2.448    32.0052    24.2508 -9.990e-29
 198.398990      2.462  36.978385    12.0720     7.3584      2.441    32.0050    24.2506 -9.990e-29
 198.398993      2.449  36.978207    12.0719     7.3565      2.429    32.0049    24.2505 -9.990e-29
 198.398996      2.434  36.978172    12.0719     7.3575      2.414    32.0049    24.2505 -9.990e-29
 198.398999      2.420  36.978225    12.0718     7.3595      2.400    32.0050    24.2506 -9.990e-29
 198.399002      2.411  36.978242    12.0717     7.3596      2.391    32.0051    24.2507 -9.990e-29
 198.399005      2.410  36.978157    12.0716     7.3627      2.390    32.0051    24.2508 -9.990e-29
 198.399008      2.417  36.978019    12.0714     7.3629      2.397    32.0051    24.2508 -9.990e-29
 198.399010      2.434  36.977904    12.0712     7.3665      2.414    32.0052    24.2509 -9.990e-29
 198.399013      2.457  36.977803    12.0709     7.3655      2.436    32.0053    24.2511 -9.990e-29
 198.399016      2.485  36.977642    12.0706     7.3659      2.464    32.0054    24.2512 -9.990e-29
 198.399019      2.515  36.977364    12.0703     7.3669      2.494    32.0054    24.2513 -9.990e-29
 198.399022      2.542  36.977008    12.0701     7.3666      2.521    32.0052    24.2511 -9.990e-29
 198.399025      2.565  36.976725    12.0700     7.3660      2.544    32.0050    24.2510 -9.990e-29
 198.399028      2.580  36.976578    12.0699     7.3621      2.558    32.0050    24.2510 -9.990e-29
 198.399031      2.586  36.976507    12.0700     7.3602      2.564    32.0048    24.2508 -9.990e-29
 198.399034      2.583  36.976489    12.0701     7.3608      2.561    32.0047    24.2507 -9.990e-29
 198.399036      2.571  36.976564    12.0703     7.3615      2.550    32.0046    24.2506 -9.990e-29
 198.399039      2.551  36.976732    12.0705     7.3590      2.530    32.0046    24.2506 -9.990e-29
 198.399042      2.524  36.976922    12.0707     7.3606      2.503    32.0046    24.2506 -9.990e-29
 198.399045      2.493  36.977093    12.0709     7.3607      2.472    32.0046    24.2505 -9.990e-29
 198.399048      2.461  36.977243    12.0711     7.3605      2.440    32.0046    24.2505 -9.990e-29
 198.399051      2.430  36.977373    12.0713     7.3626      2.410    32.0046    24.2504 -9.990e-29
 198.399054      2.405  36.977498    12.0715     7.3621      2.385    32.0046    24.2504 -9.990e-29
 198.399057      2.388  36.977625    12.0717     7.3591      2.368    32.0045    24.2503 -9.990e-29
 198.399060      2.379  36.977764    12.0718     7.3536      2.359    32.0046    24.2503 -9.990e-29
 198.399063      2.377  36.977929    12.0720     7.3506      2.357    32.0046    24.2503 -9.990e-29
 198.399065      2.381  36.978092    12.0721     7.3479      2.361    32.0046    24.2503 -9.990e-29
 198.399068      2.387  36.978233    12.0722     7.3451      2.367    32.0047    24.2503 -9.990e-29
 198.399071      2.393  36.978344    12.0722     7.3459      2.373    32.0048    24.2504 -9.990e-29
 198.399074      2.397  36.978406    12.0722     7.3476      2.377    32.0048    24.2504 -9.990e-29
 198.399077      2.398  36.978411    12.0721     7.3504      2.378    32.0049    24.2505 -9.990e-29
 198.399080      2.396  36.978384    12.0721     7.3530      2.376    32.0049    24.2505 -9.990e-29
 198.399083      2.394  36.978368    12.0720     7.3550      2.374    32.0050    24.2506 -9.990e-29
 198.399086      2.394  36.978382    12.0720     7.3565      2.374    32.0050    24.2506 -9.990e-29
 198.399089      2.400  36.978406    12.0720     7.3558      2.380    32.0050    24.2506 -9.990e-29
 198.399091      2.414  36.978401    12.0719     7.3533      2.394    32.0051    24.2507 -9.990e-29
 198.399094      2.438  36.978346    12.0718     7.3477      2.418    32.0051    24.2507 -9.990e-29
 198.399097      2.468  36.978267    12.0717     7.3433      2.447    32.0051    24.2507 -9.990e-29
 198.399100      2.500  36.978208    12.0717     7.3428      2.479    32.0050    24.2507 -9.990e-29
 198.399103      2.528  36.978158    12.0717     7.3441      2.507    32.0050    24.2507 -9.990e-29
 198.399106      2.548  36.978103    12.0718     7.3434      2.527    32.0048    24.2505 -9.990e-29
 198.399109      2.557  36.978069    12.0718     7.3438      2.536    32.0048    24.2505 -9.990e-29
 198.399112      2.556  36.978092    12.0719     7.3441      2.535    32.0047    24.2504 -9.990e-29
 198.399115      2.547  36.978181    12.0720     7.3457      2.526    32.0047    24.2504 -9.990e-29
 198.399117      2.534  36.978252    12.0720     7.3470      2.513    32.0048    24.2505 -9.990e-29
 198.399120      2.521  36.978256    12.0719     7.3473      2.500    32.0049    24.2506 -9.990e-29
 198.399123      2.511  36.978240    12.0719     7.3500      2.490    32.0049    24.2505 -9.990e-29
 198.399126      2.505  36.978176    12.0719     7.3504      2.484    32.0048    24.2505 -9.990e-29
 198.399129      2.501  36.978071    12.0719     7.3503      2.480    32.0047    24.2504 -9.990e-29
 198.399132      2.497  36.978011    12.0718     7.3520      2.476    32.0048    24.2505 -9.990e-29
 198.399135      2.491  36.978026    12.0718     7.3535      2.470    32.0048    24.2505 -9.990e-29
 198.399138      2.482  36.978094    12.0719     7.3537      2.461    32.0048    24.2504 -9.990e-29
 198.399141      2.469  36.978165    12.0719     7.3558      2.448    32.0048    24.2505 -9.990e-29
 198.399144      2.452  36.978236    12.0720     7.3570      2.432    32.0048    24.2505 -9.990e-29
 198.399146      2.433  36.978327    12.0722     7.3594      2.413    32.0047    24.2504 -9.990e-29
 198.399149      2.415  36.978413    12.0724     7.3626      2.395    32.0047    24.2503 -9.990e-29
 198.399152      2.401  36.978517    12.0726     7.3642      2.381    32.0046    24.2502 -9.990e-29
 198.399155      2.393  36.978670    12.0728     7.3613      2.373    32.0046    24.2501 -9.990e-29
 198.399158      2.394  36.978820    12.0730     7.3620      2.374    32.0045    24.2501 -9.990e-29
 198.399161      2.405  36.978934    12.0732     7.3620      2.385    32.0045    24.2500 -9.990e-29
 198.399164      2.425  36.979090    12.0732     7.3622      2.405    32.0046    24.2501 -9.990e-29
 198.399167      2.450  36.979290    12.0730     7.3626      2.430    32.0050    24.2504 -9.990e-29
 198.399170      2.477  36.979378    12.0727     7.3648      2.456    32.0053    24.2507 -9.990e-29
 198.399172      2.500  36.979260    12.0724     7.3645      2.479    32.0054    24.2509 -9.990e-29
 198.399175      2.515  36.978976    12.0722     7.3676      2.494    32.0053    24.2508 -9.990e-29
 198.399178      2.521  36.978681    12.0722     7.3670      2.500    32.0050    24.2506 -9.990e-29
 198.399181      2.518  36.978516    12.0722     7.3714      2.497    32.0049    24.2505 -9.990e-29
 198.399184      2.507  36.978483    12.0724     7.3664      2.486    32.0047    24.2503 -9.990e-29
 198.399187      2.491  36.978576    12.0725     7.3630      2.470    32.0047    24.2503 -9.990e-29
 198.399190      2.474  36.978775    12.0726     7.3668      2.453    32.0048    24.2504 -9.990e-29
 198.399193      2.459  36.978971    12.0726     7.3664      2.438    32.0050    24.2505 -9.990e-29
 198.399196      2.448  36.979076    12.0725     7.3710      2.428    32.0052    24.2507 -9.990e-29
 198.399198      2.443  36.979057    12.0725     7.3713      2.423    32.0052    24.2507 -9.990e-29
 198.399201      2.442  36.978962    12.0724     7.3732      2.422    32.0052    24.2507 -9.990e-29
 198.399204      2.445  36.978877    12.0723     7.3712      2.425    32.0052    24.2507 -9.990e-29
 198.399207      2.451  36.978818    12.0722     7.3723      2.431    32.0052    24.2507 -9.990e-29
 198.399210      2.459  36.978750    12.0721     7.3715      2.438    32.0052    24.2508 -9.990e-29
 198.399213      2.469  36.978636    12.0721     7.3730      2.448    32.0051    24.2507 -9.990e-29
 198.399216      2.479  36.978513    12.0720     7.3745      2.458    32.0051    24.2507 -9.990e-29
 198.399219      2.490  36.978458    12.0720     7.3756      2.469    32.0050    24.2506 -9.990e-29
 198.399222      2.501  36.978475    12.0721     7.3754      2.480    32.0049    24.2506 -9.990e-29
 198.399225      2.512  36.978501    12.0721     7.3748      2.491    32.0050    24.2506 -9.990e-29
 198.399227      2.522  36.978504    12.0721     7.3729      2.501    32.0050    24.2506 -9.990e-29
 198.399230      2.529  36.978503    12.0721     7.3724      2.508    32.0050    24.2506 -9.990e-29
 198.399233      2.531  36.978520    12.0721     7.3704      2.510    32.0050    24.2506 -9.990e-29
 198.399236      2.528  36.978559    12.0721     7.3709      2.507    32.0050    24.2506 -9.990e-29
 198.399239      2.519  36.978610    12.0721     7.3617      2.498    32.0051    24.2507 -9.990e-29
 198.399242      2.505  36.978641    12.0721     7.3611      2.484    32.0051    24.2507 -9.990e-29
 198.399245      2.486  36.978636    12.0721     7.3604      2.465    32.0051    24.2507 -9.990e-29
 198.399248      2.467  36.978599    12.0721     7.3589      2.446    32.0051    24.2507 -9.990e-29
 198.399251      2.451  36.978543    12.0722     7.3593      2.431    32.0049    24.2505 -9.990e-29
 198.399253      2.440  36.978514    12.0723     7.3594      2.420    32.0048    24.2504 -9.990e-29
 198.399256      2.435  36.978548    12.0724     7.3602      2.415    32.0048    24.2504 -9.990e-29
