data/oxygen options/ONMS/Olympic_Coast_National_Marine_Sanctuary_Hypoxia_Survey_CTD_Data_2004_2015/raw_data/2008/CTD_CA100_071408faedb.cnv
* Sea-Bird SBE19plus Data File:
* FileName = C:\2008_Mooring_Data\071408_sevice\CTD_CA100_071408.hex
* Software Version 1.59
* Temperature SN =  4671
* Conductivity SN =  4671
* System UpLoad Time = Jul 14 2008 14:08:36
* ds
* SeacatPlus V 1.6b  SERIAL NO. 4671    14 Jul 2008  14:08:11
# nquan = 9
# nvalues = 96                          
# units = specified
# name 0 = timeJ: Julian Days
# name 1 = prdM: Pressure, Strain Gauge [db]
# name 2 = c0mS/cm: Conductivity [mS/cm]
# name 3 = tv290C: Temperature [ITS-90, deg C]
# name 4 = sbeox0ML/L: Oxygen, SBE 43 [ml/l]
# name 5 = depSM: Depth [salt water, m], lat = 47.5
# name 6 = sal00: Salinity, Practical [PSU]
# name 7 = sigma-é00: Density [sigma-theta, kg/m^3]
# name 8 = flag: flag
# span 0 = 196.582543, 196.586317       
# span 1 =      1.000,     96.000       
# span 2 =  30.304187,  38.028009       
# span 3 =     6.7455,    12.4238       
# span 4 =     1.7776,     7.0662       
# span 5 =      0.992,     95.177       
# span 6 =    25.5492,    33.9460       
# span 7 =    19.1931,    26.6220       
# span 8 = 0.0000e+00, 0.0000e+00       
# interval = decibars: 1                
# start_time = Jul 14 2008 13:58:29 [Instrument's time stamp, header]
# bad_flag = -9.990e-29
*END*
 196.582543      1.000  30.304187    12.4238     5.1109      0.992    25.5492    19.1931 0.0000e+00
 196.583016      2.000  38.028009    12.4075     5.5570      1.983    32.7076    24.7314 0.0000e+00
 196.585290      3.000  37.585815    12.3007     7.0662      2.975    32.3916    24.5075 0.0000e+00
 196.585124      4.000  37.480961    12.1789     6.8670      3.967    32.3958    24.5338 0.0000e+00
 196.585136      5.000  37.372811    12.0529     6.8450      4.958    32.4005    24.5610 0.0000e+00
 196.585148      6.000  37.237584    11.8948     6.7955      5.950    32.4068    24.5953 0.0000e+00
 196.585160      7.000  37.079854    11.7725     6.6709      6.942    32.3600    24.5816 0.0000e+00
 196.585172      8.000  37.029234    11.7484     6.5293      7.933    32.3314    24.5638 0.0000e+00
 196.585183      9.000  37.065110    11.7081     6.4035      8.925    32.4010    24.6253 0.0000e+00
 196.585194     10.000  37.064433    11.5586     6.2615      9.916    32.5309    24.7535 0.0000e+00
 196.585204     11.000  36.958119    11.3606     6.0616     10.908    32.6007    24.8436 0.0000e+00
 196.585216     12.000  36.832788    11.1952     5.8959     11.900    32.6234    24.8909 0.0000e+00
 196.585228     13.000  36.687403    10.9705     5.7204     12.891    32.6789    24.9740 0.0000e+00
 196.585240     14.000  36.466773    10.6231     5.5597     13.883    32.7696    25.1052 0.0000e+00
 196.585251     15.000  36.171622    10.3433     5.4244     14.874    32.7250    25.1185 0.0000e+00
 196.585262     16.000  36.027769    10.1536     5.3002     15.866    32.7507    25.1705 0.0000e+00
 196.585274     17.000  35.842945     9.9027     5.1831     16.858    32.7903    25.2433 0.0000e+00
 196.585286     18.000  35.681579     9.7162     5.0754     17.849    32.7953    25.2779 0.0000e+00
 196.585299     19.000  35.545952     9.5504     4.9325     18.841    32.8074    25.3144 0.0000e+00
 196.585311     20.000  35.444436     9.4237     4.7855     19.832    32.8187    25.3436 0.0000e+00
 196.585322     21.000  35.362675     9.2988     4.6645     20.824    32.8487    25.3870 0.0000e+00
 196.585334     22.000  35.253927     9.1116     4.5516     21.815    32.9083    25.4633 0.0000e+00
 196.585348     23.000  35.074572     8.8584     4.4554     22.807    32.9557    25.5400 0.0000e+00
 196.585362     24.000  34.951973     8.6974     4.3746     23.798    32.9770    25.5814 0.0000e+00
 196.585373     25.000  34.874529     8.5806     4.3002     24.790    33.0042    25.6206 0.0000e+00
 196.585385     26.000  34.824047     8.5196     4.2226     25.781    33.0077    25.6326 0.0000e+00
 196.585396     27.000  34.797125     8.4606     4.1613     26.773    33.0341    25.6622 0.0000e+00
 196.585408     28.000  34.749433     8.3541     4.1025     27.765    33.0833    25.7168 0.0000e+00
 196.585421     29.000  34.675616     8.2506     4.0257     28.756    33.1020    25.7469 0.0000e+00
 196.585438     30.000  34.633918     8.2208     3.9563     29.747    33.0854    25.7384 0.0000e+00
 196.585453     31.000  34.602701     8.1660     3.8872     30.739    33.1035    25.7607 0.0000e+00
 196.585471     32.000  34.564920     8.1374     3.7525     31.731    33.0899    25.7543 0.0000e+00
 196.585488     33.000  34.550152     8.0940     3.5897     32.722    33.1146    25.7800 0.0000e+00
 196.585501     34.000  34.488712     8.0106     3.4732     33.714    33.1276    25.8025 0.0000e+00
 196.585512     35.000  34.427362     7.9428     3.4021     34.705    33.1259    25.8110 0.0000e+00
 196.585524     36.000  34.370157     7.8788     3.3564     35.696    33.1250    25.8196 0.0000e+00
 196.585534     37.000  34.315921     7.8252     3.3208     36.688    33.1172    25.8212 0.0000e+00
 196.585546     38.000  34.280600     7.7999     3.3007     37.680    33.1030    25.8137 0.0000e+00
 196.585557     39.000  34.276698     7.7891     3.2928     38.671    33.1086    25.8196 0.0000e+00
 196.585569     40.000  34.273017     7.7498     3.2990     39.663    33.1415    25.8511 0.0000e+00
 196.585581     41.000  34.237411     7.6872     3.3394     40.654    33.1624    25.8765 0.0000e+00
 196.585592     42.000  34.188817     7.6033     3.3729     41.645    33.1896    25.9099 0.0000e+00
 196.585603     43.000  34.123925     7.5098     3.3849     42.637    33.2084    25.9379 0.0000e+00
 196.585613     44.000  34.059031     7.4166     3.3867     43.628    33.2271    25.9656 0.0000e+00
 196.585624     45.000  33.994689     7.3371     3.3861     44.620    33.2331    25.9814 0.0000e+00
 196.585635     46.000  33.958597     7.2966     3.3782     45.611    33.2324    25.9865 0.0000e+00
 196.585646     47.000  33.948111     7.2583     3.3567     46.602    33.2573    26.0114 0.0000e+00
 196.585657     48.000  33.932114     7.2076     3.3279     47.594    33.2883    26.0428 0.0000e+00
 196.585669     49.000  33.917850     7.1747     3.2832     48.585    33.3039    26.0596 0.0000e+00
 196.585682     50.000  33.917724     7.1609     3.2234     49.577    33.3166    26.0715 0.0000e+00
 196.585694     51.000  33.927257     7.1517     3.1533     50.568    33.3354    26.0876 0.0000e+00
 196.585705     52.000  33.936602     7.1371     3.0584     51.560    33.3593    26.1084 0.0000e+00
 196.585716     53.000  33.945870     7.1091     2.9667     52.551    33.3959    26.1411 0.0000e+00
 196.585728     54.000  33.952219     7.0722     2.8902     53.542    33.4382    26.1794 0.0000e+00
 196.585740     55.000  33.962822     7.0319     2.8215     54.534    33.4885    26.2245 0.0000e+00
 196.585752     56.000  33.986240     7.0033     2.7437     55.525    33.5415    26.2701 0.0000e+00
 196.585767     57.000  34.002825     6.9949     2.6846     56.517    33.5674    26.2917 0.0000e+00
 196.585779     58.000  34.008947     6.9848     2.6367     57.508    33.5835    26.3057 0.0000e+00
 196.585790     59.000  34.024722     6.9726     2.5956     58.499    33.6122    26.3300 0.0000e+00
 196.585801     60.000  34.066189     6.9495     2.5462     59.490    33.6798    26.3864 0.0000e+00
 196.585813     61.000  34.131008     6.9233     2.4898     60.482    33.7762    26.4659 0.0000e+00
 196.585827     62.000  34.157205     6.9024     2.4393     61.473    33.8251    26.5073 0.0000e+00
 196.585840     63.000  34.166826     6.8751     2.3868     62.465    33.8621    26.5402 0.0000e+00
 196.585856     64.000  34.168113     6.8582     2.3277     63.456    33.8796    26.5563 0.0000e+00
 196.585871     65.000  34.163609     6.8401     2.2815     64.447    33.8921    26.5686 0.0000e+00
 196.585882     66.000  34.154360     6.8182     2.2526     65.439    33.9030    26.5801 0.0000e+00
 196.585894     67.000  34.148575     6.8024     2.2251     66.430    33.9118    26.5892 0.0000e+00
 196.585909     68.000  34.143194     6.7926     2.1965     67.421    33.9151    26.5931 0.0000e+00
 196.585926     69.000  34.135958     6.7813     2.1710     68.413    33.9177    26.5967 0.0000e+00
 196.585940     70.000  34.129770     6.7768     2.1519     69.404    33.9149    26.5951 0.0000e+00
 196.585953     71.000  34.133537     6.7794     2.1352     70.395    33.9159    26.5956 0.0000e+00
 196.585966     72.000  34.136377     6.7782     2.1177     71.387    33.9198    26.5988 0.0000e+00
 196.585980     73.000  34.135954     6.7766     2.1028     72.378    33.9204    26.5995 0.0000e+00
 196.585993     74.000  34.134088     6.7746     2.0907     73.369    33.9199    26.5993 0.0000e+00
 196.586009     75.000  34.133007     6.7722     2.0747     74.361    33.9205    26.6002 0.0000e+00
 196.586023     76.000  34.130046     6.7674     2.0565     75.352    33.9215    26.6016 0.0000e+00
 196.586036     77.000  34.128387     6.7649     2.0429     76.343    33.9217    26.6021 0.0000e+00
 196.586049     78.000  34.128373     6.7612     2.0291     77.335    33.9248    26.6051 0.0000e+00
 196.586064     79.000  34.126467     6.7548     2.0126     78.326    33.9286    26.6089 0.0000e+00
 196.586079     80.000  34.121193     6.7482     1.9960     79.317    33.9287    26.6099 0.0000e+00
 196.586093     81.000  34.120734     6.7455     1.9756     80.308    33.9304    26.6116 0.0000e+00
 196.586108     82.000  34.126562     6.7479     1.9487     81.300    33.9340    26.6142 0.0000e+00
 196.586122     83.000  34.131990     6.7508     1.9250     82.291    33.9366    26.6159 0.0000e+00
 196.586137     84.000  34.139948     6.7544     1.8996     83.282    33.9414    26.6191 0.0000e+00
 196.586154     85.000  34.145758     6.7575     1.8804     84.273    33.9442    26.6209 0.0000e+00
 196.586169     86.000  34.148789     6.7596     1.8650     85.265    33.9449    26.6213 0.0000e+00
 196.586182     87.000  34.150967     6.7605     1.8521     86.256    33.9460    26.6220 0.0000e+00
 196.586193     88.000  34.151575     6.7609     1.8423     87.247    33.9458    26.6218 0.0000e+00
 196.586205     89.000  34.152120     6.7613     1.8350     88.238    33.9455    26.6215 0.0000e+00
 196.586221     90.000  34.153214     6.7615     1.8273     89.230    33.9460    26.6219 0.0000e+00
 196.586240     91.000  34.153382     6.7613     1.8175     90.221    33.9459    26.6219 0.0000e+00
 196.586254     92.000  34.153693     6.7612     1.8083     91.212    33.9459    26.6219 0.0000e+00
 196.586265     93.000  34.154153     6.7615     1.8000     92.203    33.9455    26.6216 0.0000e+00
 196.586275     94.000  34.154543     6.7613     1.7931     93.194    33.9457    26.6217 0.0000e+00
 196.586286     95.000  34.153544     6.7612     1.7880     94.185    33.9442    26.6206 0.0000e+00
 196.586317     96.000  34.140473     6.7619     1.7776     95.177    33.9286    26.6082 0.0000e+00
