data/oxygen options/ONMS/Olympic_Coast_National_Marine_Sanctuary_Hypoxia_Survey_CTD_Data_2004_2015/raw_data/2008/CTD_CE100_081808faed.cnv
* Sea-Bird SBE19plus Data File:
* FileName = C:\2008_Mooring_Data\081808_sevice\CTD_CE100_081808.hex
* Software Version 1.59
* Temperature SN =  4671
* Conductivity SN =  4671
* System UpLoad Time = Aug 18 2008 11:22:11
* ds
* SeacatPlus V 1.6b  SERIAL NO. 4671    18 Aug 2008  11:21:52
# nquan = 9                                 
# nvalues = 2798                        
# units = specified
# name 0 = timeJ: Julian Days
# name 1 = prdM: Pressure, Strain Gauge [db]
# name 2 = c0mS/cm: Conductivity [mS/cm]
# name 3 = tv290C: Temperature [ITS-90, deg C]
# name 4 = sbeox0ML/L: Oxygen, SBE 43 [ml/l]
# name 5 = depSM: Depth [salt water, m], lat = 47.5
# name 6 = sal00: Salinity, Practical [PSU]
# name 7 = sigma-é00: Density [sigma-theta, kg/m^3]
# name 8 = flag: flag
# span 0 = 231.455891, 231.463984       
# span 1 =     -0.058,    102.326       
# span 2 =  -0.106434,  39.005699       
# span 3 =     7.1272,    14.3593       
# span 4 =     1.0807,     7.1067       
# span 5 =     -0.058,    101.447       
# span 6 =     0.0000,    33.9317       
# span 7 =    -0.7249,    26.5526       
# span 8 = 0.0000e+00, 0.0000e+00       
# interval = seconds: 0.25
# start_time = Aug 18 2008 10:56:29 [Instrument's time stamp, header]
# bad_flag = -9.990e-29
*END*
 231.455891     -0.055 -9.990e-29    13.6163     7.1033     -0.055 -9.990e-29 -9.990e-29 -9.990e-29
 231.455894     -0.055 -9.990e-29    13.6163     7.1033     -0.055 -9.990e-29 -9.990e-29 -9.990e-29
 231.455897     -0.055   0.007397    13.6164     7.1027     -0.055     0.0097    -0.6941 -9.990e-29
 231.455900     -0.055   0.007402    13.6165     7.1040     -0.055     0.0097    -0.6941 -9.990e-29
 231.455903     -0.055   0.007407    13.6166     7.1052     -0.055     0.0097    -0.6941 -9.990e-29
 231.455906     -0.055   0.007415    13.6168     7.1023     -0.055     0.0097    -0.6941 -9.990e-29
 231.455909     -0.055   0.007424    13.6170     7.1026     -0.055     0.0097    -0.6941 -9.990e-29
 231.455911     -0.055   0.007430    13.6173     7.1013     -0.055     0.0097    -0.6942 -9.990e-29
 231.455914     -0.055   0.007428    13.6176     7.1012     -0.055     0.0097    -0.6942 -9.990e-29
 231.455917     -0.055   0.007426    13.6179     7.1003     -0.055     0.0097    -0.6943 -9.990e-29
 231.455920     -0.055   0.007431    13.6182     7.1005     -0.055     0.0097    -0.6943 -9.990e-29
 231.455923     -0.055   0.007431    13.6184     7.1006     -0.055     0.0097    -0.6943 -9.990e-29
 231.455926     -0.055   0.007412    13.6186     7.1024     -0.055     0.0097    -0.6944 -9.990e-29
 231.455929     -0.055   0.007381    13.6189     7.1030     -0.055     0.0097    -0.6944 -9.990e-29
 231.455932     -0.055   0.007343    13.6191     7.1007     -0.055     0.0097    -0.6945 -9.990e-29
 231.455935     -0.055   0.007289    13.6193     7.1032     -0.055     0.0096    -0.6945 -9.990e-29
 231.455938     -0.055   0.007203    13.6195     7.1020     -0.055     0.0096    -0.6946 -9.990e-29
 231.455940     -0.056   0.007066    13.6197     7.1034     -0.056     0.0095    -0.6946 -9.990e-29
 231.455943     -0.056   0.006854    13.6200     7.1032     -0.056     0.0094    -0.6948 -9.990e-29
 231.455946     -0.056   0.006511    13.6204     7.1021     -0.056     0.0093    -0.6949 -9.990e-29
 231.455949     -0.056   0.005931    13.6208     7.1011     -0.056     0.0090    -0.6952 -9.990e-29
 231.455952     -0.056   0.004945    13.6212     7.1033     -0.056     0.0086    -0.6956 -9.990e-29
 231.455955     -0.057   0.003301    13.6218     7.1035     -0.057     0.0079    -0.6962 -9.990e-29
 231.455958     -0.057   0.000571    13.6227     7.1035     -0.057     0.0070    -0.6970 -9.990e-29
 231.455961     -0.057  -0.003976    13.6235     7.1041     -0.057     0.0000    -0.7026 -9.990e-29
 231.455964     -0.057  -0.006821    13.6240     7.1040     -0.057     0.0000    -0.7027 -9.990e-29
 231.455966     -0.057  -0.003989    13.6243     7.1016     -0.057     0.0000    -0.7027 -9.990e-29
 231.455969     -0.057   0.000544    13.6246     7.1032     -0.057     0.0070    -0.6972 -9.990e-29
 231.455972     -0.057   0.003262    13.6247     7.1028     -0.057     0.0079    -0.6966 -9.990e-29
 231.455975     -0.057   0.004896    13.6247     7.1050     -0.057     0.0086    -0.6961 -9.990e-29
 231.455978     -0.057   0.005881    13.6248     7.1026     -0.057     0.0090    -0.6957 -9.990e-29
 231.455981     -0.057   0.006474    13.6248     7.1028     -0.057     0.0093    -0.6955 -9.990e-29
 231.455984     -0.057   0.006827    13.6248     7.1034     -0.057     0.0094    -0.6954 -9.990e-29
 231.455987     -0.057   0.007036    13.6249     7.1040     -0.057     0.0095    -0.6953 -9.990e-29
 231.455990     -0.057   0.007155    13.6249     7.1029     -0.057     0.0096    -0.6953 -9.990e-29
 231.455992     -0.057   0.007215    13.6250     7.1039     -0.057     0.0096    -0.6953 -9.990e-29
 231.455995     -0.057   0.007234    13.6250     7.1031     -0.057     0.0096    -0.6953 -9.990e-29
 231.455998     -0.057   0.007216    13.6251     7.1036     -0.057     0.0096    -0.6953 -9.990e-29
 231.456001     -0.057   0.007157    13.6251     7.1037     -0.057     0.0096    -0.6953 -9.990e-29
 231.456004     -0.057   0.007042    13.6252     7.1038     -0.057     0.0095    -0.6954 -9.990e-29
 231.456007     -0.057   0.006842    13.6254     7.1033     -0.057     0.0094    -0.6955 -9.990e-29
 231.456010     -0.057   0.006504    13.6255     7.1039     -0.057     0.0093    -0.6956 -9.990e-29
 231.456013     -0.057   0.005934    13.6256     7.1036     -0.057     0.0090    -0.6958 -9.990e-29
 231.456016     -0.057   0.004982    13.6257     7.1038     -0.057     0.0086    -0.6962 -9.990e-29
 231.456019     -0.057   0.003397    13.6257     7.1034     -0.057     0.0079    -0.6967 -9.990e-29
 231.456021     -0.057   0.000759    13.6257     7.1038     -0.057     0.0071    -0.6974 -9.990e-29
 231.456024     -0.057  -0.003630    13.6257     7.1016     -0.057     0.0000    -0.7029 -9.990e-29
 231.456027     -0.057  -0.010947    13.6257     7.1030     -0.057     0.0000    -0.7029 -9.990e-29
 231.456030     -0.057  -0.023154    13.6259     7.1031     -0.057     0.0000    -0.7029 -9.990e-29
 231.456033     -0.057  -0.043503    13.6262     7.1040     -0.057     0.0000    -0.7030 -9.990e-29
 231.456036     -0.056  -0.077410    13.6264     7.1024     -0.056     0.0000    -0.7030 -9.990e-29
 231.456039     -0.056  -0.098598    13.6265     7.1039     -0.056     0.0000    -0.7030 -9.990e-29
 231.456042     -0.056  -0.077404    13.6267     7.1040     -0.056     0.0000    -0.7030 -9.990e-29
 231.456045     -0.056  -0.043501    13.6270     7.1046     -0.056     0.0000    -0.7031 -9.990e-29
 231.456047     -0.056  -0.023157    13.6273     7.1041     -0.056     0.0000    -0.7031 -9.990e-29
 231.456050     -0.056  -0.010943    13.6277     7.1041     -0.056     0.0000    -0.7032 -9.990e-29
 231.456053     -0.057  -0.003608    13.6282     7.1034     -0.057     0.0000    -0.7032 -9.990e-29
 231.456056     -0.057   0.000794    13.6288     7.1038     -0.057     0.0071    -0.6978 -9.990e-29
 231.456059     -0.057   0.003429    13.6292     7.1029     -0.057     0.0079    -0.6972 -9.990e-29
 231.456062     -0.057   0.005004    13.6296     7.1010     -0.057     0.0086    -0.6967 -9.990e-29
 231.456065     -0.057   0.005941    13.6299     7.1030     -0.057     0.0090    -0.6964 -9.990e-29
 231.456068     -0.057   0.006491    13.6301     7.1030     -0.057     0.0093    -0.6962 -9.990e-29
 231.456071     -0.057   0.006819    13.6303     7.1036     -0.057     0.0094    -0.6961 -9.990e-29
 231.456073     -0.057   0.007021    13.6304     7.1045     -0.057     0.0095    -0.6961 -9.990e-29
 231.456076     -0.057   0.007148    13.6305     7.1047     -0.057     0.0096    -0.6961 -9.990e-29
 231.456079     -0.057   0.007226    13.6306     7.1043     -0.057     0.0096    -0.6960 -9.990e-29
 231.456082     -0.057   0.007277    13.6308     7.1035     -0.057     0.0096    -0.6960 -9.990e-29
 231.456085     -0.057   0.007308    13.6309     7.1047     -0.057     0.0097    -0.6960 -9.990e-29
 231.456088     -0.057   0.007317    13.6311     7.1055     -0.057     0.0097    -0.6961 -9.990e-29
 231.456091     -0.057   0.007305    13.6314     7.1049     -0.057     0.0097    -0.6961 -9.990e-29
 231.456094     -0.057   0.007282    13.6317     7.1051     -0.057     0.0096    -0.6962 -9.990e-29
 231.456097     -0.057   0.007246    13.6322     7.1025     -0.057     0.0096    -0.6962 -9.990e-29
 231.456100     -0.057   0.007182    13.6325     7.1019     -0.057     0.0096    -0.6963 -9.990e-29
 231.456102     -0.057   0.007061    13.6329     7.1047     -0.057     0.0095    -0.6964 -9.990e-29
 231.456105     -0.057   0.006981    13.6332     7.1045     -0.057     0.0095    -0.6965 -9.990e-29
 231.456108     -0.057   0.007052    13.6336     7.1032     -0.057     0.0095    -0.6965 -9.990e-29
 231.456111     -0.057   0.007167    13.6340     7.1035     -0.057     0.0096    -0.6965 -9.990e-29
 231.456114     -0.057   0.007233    13.6343     7.1028     -0.057     0.0096    -0.6965 -9.990e-29
 231.456117     -0.057   0.007274    13.6345     7.1040     -0.057     0.0096    -0.6965 -9.990e-29
 231.456120     -0.057   0.007299    13.6347     7.1009     -0.057     0.0097    -0.6966 -9.990e-29
 231.456123     -0.057   0.007316    13.6348     7.1015     -0.057     0.0097    -0.6966 -9.990e-29
 231.456126     -0.057   0.007330    13.6350     7.1010     -0.057     0.0097    -0.6966 -9.990e-29
 231.456128     -0.057   0.007339    13.6351     7.1019     -0.057     0.0097    -0.6966 -9.990e-29
 231.456131     -0.057   0.007338    13.6353     7.1012     -0.057     0.0097    -0.6966 -9.990e-29
 231.456134     -0.057   0.007335    13.6354     7.1014     -0.057     0.0097    -0.6966 -9.990e-29
 231.456137     -0.057   0.007333    13.6354     7.1013     -0.057     0.0097    -0.6966 -9.990e-29
 231.456140     -0.057   0.007331    13.6355     7.1027     -0.057     0.0097    -0.6967 -9.990e-29
 231.456143     -0.057   0.007331    13.6356     7.1049     -0.057     0.0097    -0.6967 -9.990e-29
 231.456146     -0.057   0.007331    13.6358     7.1027     -0.057     0.0097    -0.6967 -9.990e-29
 231.456149     -0.057   0.007332    13.6361     7.1033     -0.057     0.0097    -0.6967 -9.990e-29
 231.456152     -0.057   0.007333    13.6364     7.1018     -0.057     0.0097    -0.6968 -9.990e-29
 231.456155     -0.058   0.007336    13.6369     7.1039     -0.058     0.0097    -0.6968 -9.990e-29
 231.456157     -0.058   0.007340    13.6374     7.1040     -0.058     0.0097    -0.6969 -9.990e-29
 231.456160     -0.058   0.007347    13.6379     7.1043     -0.058     0.0097    -0.6970 -9.990e-29
 231.456163     -0.058   0.007353    13.6383     7.1028     -0.058     0.0097    -0.6970 -9.990e-29
 231.456166     -0.058   0.007355    13.6386     7.1034     -0.058     0.0097    -0.6971 -9.990e-29
 231.456169     -0.058   0.007357    13.6390     7.1060     -0.058     0.0097    -0.6971 -9.990e-29
 231.456172     -0.058   0.007361    13.6393     7.1038     -0.058     0.0097    -0.6972 -9.990e-29
 231.456175     -0.057   0.007358    13.6397     7.1062     -0.057     0.0097    -0.6972 -9.990e-29
 231.456178     -0.057   0.007350    13.6401     7.1045     -0.057     0.0097    -0.6973 -9.990e-29
 231.456181     -0.057   0.007344    13.6406     7.1041     -0.057     0.0097    -0.6973 -9.990e-29
 231.456183     -0.057   0.007342    13.6410     7.1050     -0.057     0.0097    -0.6974 -9.990e-29
 231.456186     -0.057   0.007343    13.6415     7.1058     -0.057     0.0097    -0.6975 -9.990e-29
 231.456189     -0.057   0.007348    13.6419     7.1045     -0.057     0.0097    -0.6975 -9.990e-29
 231.456192     -0.057   0.007352    13.6423     7.1047     -0.057     0.0097    -0.6976 -9.990e-29
 231.456195     -0.057   0.007350    13.6427     7.1039     -0.057     0.0097    -0.6976 -9.990e-29
 231.456198     -0.057   0.007343    13.6431     7.1048     -0.057     0.0097    -0.6977 -9.990e-29
 231.456201     -0.057   0.007328    13.6435     7.1033     -0.057     0.0097    -0.6977 -9.990e-29
 231.456204     -0.057   0.007313    13.6437     7.1031     -0.057     0.0097    -0.6978 -9.990e-29
 231.456207     -0.057   0.007311    13.6439     7.1033     -0.057     0.0097    -0.6978 -9.990e-29
 231.456209     -0.057   0.007322    13.6440     7.1040     -0.057     0.0097    -0.6978 -9.990e-29
 231.456212     -0.057   0.007331    13.6441     7.1038     -0.057     0.0097    -0.6978 -9.990e-29
 231.456215     -0.057   0.007328    13.6442     7.1037     -0.057     0.0097    -0.6978 -9.990e-29
 231.456218     -0.057   0.007319    13.6443     7.1021     -0.057     0.0097    -0.6978 -9.990e-29
 231.456221     -0.057   0.007308    13.6443     7.1027     -0.057     0.0097    -0.6978 -9.990e-29
 231.456224     -0.057   0.007292    13.6444     7.1039     -0.057     0.0097    -0.6979 -9.990e-29
 231.456227     -0.057   0.007266    13.6445     7.1039     -0.057     0.0096    -0.6979 -9.990e-29
 231.456230     -0.057   0.007223    13.6445     7.1028     -0.057     0.0096    -0.6979 -9.990e-29
 231.456233     -0.057   0.007151    13.6446     7.1025     -0.057     0.0096    -0.6979 -9.990e-29
 231.456236     -0.057   0.007033    13.6448     7.1030     -0.057     0.0095    -0.6980 -9.990e-29
 231.456238     -0.057   0.006835    13.6450     7.1035     -0.057     0.0094    -0.6981 -9.990e-29
 231.456241     -0.057   0.006711    13.6453     7.1028     -0.057     0.0094    -0.6982 -9.990e-29
 231.456244     -0.057   0.006831    13.6456     7.1018     -0.057     0.0094    -0.6982 -9.990e-29
 231.456247     -0.058   0.007024    13.6460     7.1034     -0.058     0.0095    -0.6982 -9.990e-29
 231.456250     -0.058   0.007141    13.6465     7.1031     -0.058     0.0096    -0.6982 -9.990e-29
 231.456253     -0.058   0.007220    13.6473     7.1036     -0.058     0.0096    -0.6983 -9.990e-29
 231.456256     -0.058   0.007269    13.6482     7.1049     -0.058     0.0096    -0.6984 -9.990e-29
 231.456259     -0.058   0.007292    13.6491     7.1053     -0.058     0.0097    -0.6985 -9.990e-29
 231.456262     -0.058   0.007298    13.6500     7.1043     -0.058     0.0097    -0.6986 -9.990e-29
 231.456264     -0.058   0.007296    13.6509     7.1045     -0.058     0.0097    -0.6987 -9.990e-29
 231.456267     -0.058   0.007291    13.6517     7.1037     -0.058     0.0097    -0.6988 -9.990e-29
 231.456270     -0.058   0.007288    13.6524     7.1030     -0.058     0.0097    -0.6989 -9.990e-29
 231.456273     -0.058   0.007285    13.6530     7.1053     -0.058     0.0097    -0.6990 -9.990e-29
 231.456276     -0.058   0.007282    13.6535     7.1052     -0.058     0.0097    -0.6991 -9.990e-29
 231.456279     -0.058   0.007278    13.6539     7.1052     -0.058     0.0097    -0.6992 -9.990e-29
 231.456282     -0.058   0.007277    13.6544     7.1053     -0.058     0.0097    -0.6992 -9.990e-29
 231.456285     -0.058   0.007280    13.6550     7.1051     -0.058     0.0097    -0.6993 -9.990e-29
 231.456288     -0.058   0.007281    13.6556     7.1054     -0.058     0.0097    -0.6994 -9.990e-29
 231.456291     -0.058   0.007281    13.6563     7.1050     -0.058     0.0097    -0.6995 -9.990e-29
 231.456293     -0.057   0.007273    13.6570     7.1046     -0.057     0.0097    -0.6996 -9.990e-29
 231.456296     -0.057   0.007251    13.6577     7.1029     -0.057     0.0096    -0.6997 -9.990e-29
 231.456299     -0.057   0.007207    13.6583     7.1039     -0.057     0.0096    -0.6998 -9.990e-29
 231.456302     -0.057   0.007131    13.6587     7.1055     -0.057     0.0096    -0.6999 -9.990e-29
 231.456305     -0.057   0.007003    13.6588     7.1034     -0.057     0.0095    -0.6999 -9.990e-29
 231.456308     -0.057   0.006788    13.6590     7.1050     -0.057     0.0094    -0.7000 -9.990e-29
 231.456311     -0.057   0.006650    13.6591     7.1047     -0.057     0.0094    -0.7001 -9.990e-29
 231.456314     -0.057   0.006776    13.6592     7.1035     -0.057     0.0094    -0.7000 -9.990e-29
 231.456317     -0.057   0.006982    13.6593     7.1036     -0.057     0.0095    -0.7000 -9.990e-29
 231.456319     -0.057   0.007107    13.6594     7.1067     -0.057     0.0096    -0.7000 -9.990e-29
 231.456322     -0.057   0.007185    13.6596     7.1043     -0.057     0.0096    -0.7000 -9.990e-29
 231.456325     -0.057   0.007236    13.6597     7.1039     -0.057     0.0096    -0.6999 -9.990e-29
 231.456328     -0.057   0.007267    13.6599     7.1050     -0.057     0.0096    -0.7000 -9.990e-29
 231.456331     -0.057   0.007282    13.6601     7.1043     -0.057     0.0097    -0.7000 -9.990e-29
 231.456334     -0.057   0.007290    13.6604     7.1038     -0.057     0.0097    -0.7000 -9.990e-29
 231.456337     -0.057   0.007298    13.6607     7.1025     -0.057     0.0097    -0.7001 -9.990e-29
 231.456340     -0.057   0.007305    13.6610     7.1034     -0.057     0.0097    -0.7001 -9.990e-29
 231.456343     -0.057   0.007305    13.6612     7.1027     -0.057     0.0097    -0.7001 -9.990e-29
 231.456345     -0.057   0.007298    13.6615     7.1035     -0.057     0.0097    -0.7002 -9.990e-29
 231.456348     -0.057   0.007289    13.6617     7.1036     -0.057     0.0097    -0.7002 -9.990e-29
 231.456351     -0.057   0.007287    13.6619     7.1033     -0.057     0.0097    -0.7002 -9.990e-29
