data/oxygen options/ONMS/Olympic_Coast_National_Marine_Sanctuary_Hypoxia_Survey_CTD_Data_2004_2015/raw_data/2008/CTD_TH100_071608faed.cnv
* Sea-Bird SBE19plus Data File:
* FileName = C:\2008_Mooring_Data\071408_sevice\CTD_TH100_071608.hex
* Software Version 1.59
* Temperature SN =  4671
* Conductivity SN =  4671
* System UpLoad Time = Jul 16 2008 09:40:18
* ds
* SeacatPlus V 1.6b  SERIAL NO. 4671    16 Jul 2008  09:39:52
# nquan = 9                                 
# nvalues = 1720                        
# units = specified
# name 0 = timeJ: Julian Days
# name 1 = prdM: Pressure, Strain Gauge [db]
# name 2 = c0mS/cm: Conductivity [mS/cm]
# name 3 = tv290C: Temperature [ITS-90, deg C]
# name 4 = sbeox0ML/L: Oxygen, SBE 43 [ml/l]
# name 5 = depSM: Depth [salt water, m], lat = 47.5
# name 6 = sal00: Salinity, Practical [PSU]
# name 7 = sigma-é00: Density [sigma-theta, kg/m^3]
# name 8 = flag: flag
# span 0 = 198.396944, 198.401918       
# span 1 =      0.036,    101.242       
# span 2 =  -0.000963,  36.981865       
# span 3 =     6.8706,    12.2161       
# span 4 =     1.7618,     8.6339       
# span 5 =      0.036,    100.372       
# span 6 =     0.0000,    33.9285       
# span 7 =    -0.5248,    26.5928       
# span 8 = 0.0000e+00, 0.0000e+00       
# interval = seconds: 0.25
# start_time = Jul 16 2008 09:31:36 [Instrument's time stamp, header]
# bad_flag = -9.990e-29
*END*
 198.396944      0.043 -9.990e-29    12.1597     7.9653      0.043 -9.990e-29 -9.990e-29 -9.990e-29
 198.396947      0.043 -9.990e-29    12.1651     7.9640      0.043 -9.990e-29 -9.990e-29 -9.990e-29
 198.396950      0.042   0.108311    12.1718     7.9672      0.042     0.0690    -0.4664 -9.990e-29
 198.396953      0.042   0.179560    12.1784     7.9662      0.042     0.1140    -0.4320 -9.990e-29
 198.396956      0.042   0.260162    12.1843     7.9664      0.042     0.1659    -0.3921 -9.990e-29
 198.396959      0.042   0.301050    12.1896     7.9658      0.042     0.1925    -0.3719 -9.990e-29
 198.396962      0.042   0.296137    12.1943     7.9648      0.042     0.1892    -0.3750 -9.990e-29
 198.396965      0.041   0.273780    12.1983     7.9655      0.041     0.1746    -0.3869 -9.990e-29
 198.396968      0.041   0.249329    12.2018     7.9639      0.041     0.1588    -0.3997 -9.990e-29
 198.396970      0.040   0.227328    12.2047     7.9654      0.040     0.1445    -0.4112 -9.990e-29
 198.396973      0.040   0.208442    12.2071     7.9660      0.040     0.1324    -0.4210 -9.990e-29
 198.396976      0.040   0.192128    12.2089     7.9646      0.040     0.1219    -0.4294 -9.990e-29
 198.396979      0.039   0.177643    12.2104     7.9664      0.039     0.1127    -0.4368 -9.990e-29
 198.396982      0.039   0.164269    12.2117     7.9649      0.039     0.1042    -0.4436 -9.990e-29
 198.396985      0.038   0.151624    12.2129     7.9654      0.038     0.0962    -0.4500 -9.990e-29
 198.396988      0.038   0.139737    12.2138     7.9670      0.038     0.0887    -0.4560 -9.990e-29
 198.396991      0.038   0.128876    12.2146     7.9664      0.038     0.0818    -0.4614 -9.990e-29
 198.396994      0.037   0.119383    12.2151     7.9669      0.037     0.0759    -0.4661 -9.990e-29
 198.396997      0.037   0.111184    12.2155     7.9653      0.037     0.0708    -0.4702 -9.990e-29
 198.396999      0.037   0.103960    12.2158     7.9670      0.037     0.0663    -0.4737 -9.990e-29
 198.397002      0.037   0.097653    12.2159     7.9686      0.037     0.0624    -0.4768 -9.990e-29
 198.397005      0.037   0.092260    12.2160     7.9651      0.037     0.0590    -0.4794 -9.990e-29
 198.397008      0.036   0.087612    12.2161     7.9656      0.036     0.0562    -0.4817 -9.990e-29
 198.397011      0.036   0.083502    12.2161     7.9669      0.036     0.0536    -0.4836 -9.990e-29
 198.397014      0.036   0.079807    12.2161     7.9670      0.036     0.0514    -0.4854 -9.990e-29
 198.397017      0.036   0.076437    12.2160     7.9666      0.036     0.0493    -0.4870 -9.990e-29
 198.397020      0.036   0.073327    12.2160     7.9679      0.036     0.0474    -0.4885 -9.990e-29
 198.397023      0.036   0.070453    12.2159     7.9666      0.036     0.0457    -0.4898 -9.990e-29
 198.397025      0.036   0.067836    12.2157     7.9680      0.036     0.0441    -0.4911 -9.990e-29
 198.397028      0.036   0.065544    12.2155     7.9693      0.036     0.0427    -0.4921 -9.990e-29
 198.397031      0.036   0.063664    12.2153     7.9675      0.036     0.0416    -0.4930 -9.990e-29
 198.397034      0.036   0.062271    12.2150     7.9686      0.036     0.0407    -0.4936 -9.990e-29
 198.397037      0.036   0.061371    12.2147     7.9685      0.036     0.0402    -0.4940 -9.990e-29
 198.397040      0.036   0.060845    12.2144     7.9696      0.036     0.0399    -0.4942 -9.990e-29
 198.397043      0.036   0.060481    12.2142     7.9688      0.036     0.0396    -0.4944 -9.990e-29
 198.397046      0.036   0.060073    12.2139     7.9682      0.036     0.0394    -0.4945 -9.990e-29
 198.397049      0.037   0.059515    12.2137     7.9680      0.037     0.0391    -0.4948 -9.990e-29
 198.397052      0.037   0.058817    12.2134     7.9682      0.037     0.0386    -0.4951 -9.990e-29
 198.397054      0.037   0.058062    12.2132     7.9682      0.037     0.0382    -0.4954 -9.990e-29
 198.397057      0.037   0.057342    12.2132     7.9674      0.037     0.0378    -0.4957 -9.990e-29
 198.397060      0.037   0.056715    12.2132     7.9712      0.037     0.0374    -0.4960 -9.990e-29
 198.397063      0.037   0.056195    12.2133     7.9695      0.037     0.0371    -0.4963 -9.990e-29
 198.397066      0.037   0.055780    12.2134     7.9685      0.037     0.0368    -0.4965 -9.990e-29
 198.397069      0.037   0.055448    12.2134     7.9701      0.037     0.0366    -0.4967 -9.990e-29
 198.397072      0.037   0.055152    12.2133     7.9691      0.037     0.0364    -0.4968 -9.990e-29
 198.397075      0.037   0.054846    12.2132     7.9693      0.037     0.0363    -0.4969 -9.990e-29
 198.397078      0.037   0.054508    12.2130     7.9710      0.037     0.0361    -0.4970 -9.990e-29
 198.397080      0.037   0.054128    12.2128     7.9694      0.037     0.0358    -0.4972 -9.990e-29
 198.397083      0.037   0.053699    12.2126     7.9701      0.037     0.0356    -0.4974 -9.990e-29
 198.397086      0.037   0.053217    12.2124     7.9710      0.037     0.0353    -0.4976 -9.990e-29
 198.397089      0.037   0.052682    12.2123     7.9690      0.037     0.0350    -0.4978 -9.990e-29
 198.397092      0.036   0.052085    12.2123     7.9702      0.036     0.0346    -0.4981 -9.990e-29
 198.397095      0.036   0.051424    12.2124     7.9711      0.036     0.0342    -0.4984 -9.990e-29
 198.397098      0.036   0.050723    12.2124     7.9722      0.036     0.0338    -0.4988 -9.990e-29
 198.397101      0.036   0.050002    12.2124     7.9719      0.036     0.0334    -0.4991 -9.990e-29
 198.397104      0.036   0.049270    12.2123     7.9715      0.036     0.0329    -0.4994 -9.990e-29
 198.397106      0.036   0.048536    12.2122     7.9714      0.036     0.0325    -0.4997 -9.990e-29
 198.397109      0.036   0.047829    12.2119     7.9727      0.036     0.0321    -0.5000 -9.990e-29
 198.397112      0.036   0.047169    12.2116     7.9714      0.036     0.0317    -0.5003 -9.990e-29
 198.397115      0.036   0.046545    12.2111     7.9724      0.036     0.0313    -0.5005 -9.990e-29
 198.397118      0.036   0.045929    12.2107     7.9715      0.036     0.0309    -0.5008 -9.990e-29
 198.397121      0.036   0.045294    12.2103     7.9721      0.036     0.0306    -0.5010 -9.990e-29
 198.397124      0.036   0.044626    12.2100     7.9720      0.036     0.0302    -0.5013 -9.990e-29
 198.397127      0.036   0.043909    12.2097     7.9708      0.036     0.0297    -0.5016 -9.990e-29
 198.397130      0.036   0.043248    12.2094     7.9719      0.036     0.0294    -0.5019 -9.990e-29
 198.397133      0.036   0.042768    12.2091     7.9731      0.036     0.0291    -0.5021 -9.990e-29
 198.397135      0.036   0.042371    12.2087     7.9715      0.036     0.0288    -0.5022 -9.990e-29
 198.397138      0.036   0.041960    12.2084     7.9726      0.036     0.0286    -0.5024 -9.990e-29
 198.397141      0.036   0.041543    12.2080     7.9714      0.036     0.0283    -0.5025 -9.990e-29
 198.397144      0.036   0.041111    12.2077     7.9706      0.036     0.0281    -0.5027 -9.990e-29
 198.397147      0.036   0.040652    12.2073     7.9714      0.036     0.0278    -0.5028 -9.990e-29
 198.397150      0.036   0.040163    12.2069     7.9724      0.036     0.0275    -0.5030 -9.990e-29
 198.397153      0.036   0.039632    12.2066     7.9711      0.036     0.0272    -0.5032 -9.990e-29
 198.397156      0.037   0.039044    12.2063     7.9701      0.037     0.0269    -0.5035 -9.990e-29
 198.397159      0.037   0.038386    12.2060     7.9707      0.037     0.0265    -0.5037 -9.990e-29
 198.397161      0.037   0.037643    12.2057     7.9734      0.037     0.0261    -0.5040 -9.990e-29
 198.397164      0.037   0.036824    12.2054     7.9705      0.037     0.0256    -0.5044 -9.990e-29
 198.397167      0.037   0.035953    12.2052     7.9724      0.037     0.0251    -0.5047 -9.990e-29
 198.397170      0.037   0.035071    12.2050     7.9731      0.037     0.0245    -0.5051 -9.990e-29
 198.397173      0.036   0.034215    12.2048     7.9726      0.036     0.0241    -0.5055 -9.990e-29
 198.397176      0.036   0.033401    12.2046     7.9732      0.036     0.0236    -0.5058 -9.990e-29
 198.397179      0.036   0.032614    12.2046     7.9737      0.036     0.0231    -0.5062 -9.990e-29
 198.397182      0.036   0.031807    12.2047     7.9741      0.036     0.0227    -0.5066 -9.990e-29
 198.397185      0.036   0.030904    12.2050     7.9747      0.036     0.0221    -0.5070 -9.990e-29
 198.397188      0.036   0.029808    12.2054     7.9754      0.036     0.0215    -0.5076 -9.990e-29
 198.397190      0.036   0.028385    12.2059     7.9743      0.036     0.0207    -0.5083 -9.990e-29
 198.397193      0.036   0.026459    12.2066     7.9727      0.036     0.0196    -0.5092 -9.990e-29
 198.397196      0.036   0.023768    12.2072     7.9781      0.036     0.0180    -0.5105 -9.990e-29
 198.397199      0.037   0.019868    12.2076     7.9417      0.037     0.0159    -0.5122 -9.990e-29
 198.397202      0.037   0.013996    12.2078     7.8894      0.037     0.0126    -0.5148 -9.990e-29
 198.397205      0.038   0.004844    12.2083     7.0720      0.038     0.0079    -0.5185 -9.990e-29
 198.397208      0.039  -0.000963    12.2088     6.6118      0.039     0.0000    -0.5248 -9.990e-29
 198.397211      0.040   0.004047    12.2091     6.6307      0.040     0.0076    -0.5189 -9.990e-29
 198.397214      0.041   0.012496    12.2093     6.5870      0.041     0.0118    -0.5156 -9.990e-29
 198.397216      0.043   0.017920    12.2093     6.5888      0.043     0.0148    -0.5133 -9.990e-29
 198.397219      0.045   0.021947    12.2092     6.6023      0.045     0.0170    -0.5115 -9.990e-29
 198.397222      0.048   0.025816    12.2088     6.6503      0.048     0.0192    -0.5098 -9.990e-29
 198.397225      0.052   0.030627    12.2083     6.7356      0.052     0.0220    -0.5075 -9.990e-29
 198.397228      0.057   0.037777    12.2075     6.7787      0.057     0.0261    -0.5042 -9.990e-29
 198.397231      0.063   0.049399    12.2065     6.8179      0.062     0.0330    -0.4987 -9.990e-29
 198.397234      0.071   0.068821    12.2052     6.8512      0.070     0.0447    -0.4894 -9.990e-29
 198.397237      0.081   0.101404    12.2032     6.8704      0.080     0.0647    -0.4735 -9.990e-29
 198.397240      0.093   0.156000    12.2003     6.8793      0.092     0.0989    -0.4463 -9.990e-29
 198.397242      0.110   0.247287    12.1958     6.8743      0.109     0.1575    -0.4000 -9.990e-29
 198.397245      0.131   0.399661    12.1889     6.8703      0.130     0.2574    -0.3211 -9.990e-29
 198.397248      0.158   0.653783    12.1801     6.8426      0.157     0.4282    -0.1867 -9.990e-29
 198.397251      0.191   1.077524    12.1708     6.8296      0.189     0.7206     0.0424 -9.990e-29
 198.397254      0.233   1.783726    12.1614     6.8071      0.231     1.2228     0.4346 -9.990e-29
 198.397257      0.285   2.955772    12.1519     6.7858      0.283     2.0843     1.1053 -9.990e-29
 198.397260      0.350   4.897784    12.1425     6.7533      0.347     3.5658     2.2555 -9.990e-29
 198.397263      0.431   8.048393    12.1338     6.7227      0.427     6.0690     4.1938 0.0000e+00
 198.397266      0.527  12.998384    12.1265     6.7017      0.523    10.1772     7.3681 0.0000e+00
 198.397269      0.634  19.406810    12.1208     6.6862      0.629    15.7300    11.6548 0.0000e+00
 198.397271      0.742  25.329805    12.1168     6.6838      0.736    21.0513    15.7644 0.0000e+00
 198.397274      0.844  29.432548    12.1144     6.6732      0.837    24.8316    18.6870 0.0000e+00
 198.397277      0.933  32.010465    12.1138     6.6668      0.925    27.2437    20.5535 0.0000e+00
 198.397280      1.000  33.607972    12.1147     6.6644      0.992    28.7515    21.7210 -9.990e-29
 198.397283      1.042  34.529219    12.1160     6.6665      1.033    29.6253    22.3976 -9.990e-29
 198.397286      1.062  34.996734    12.1163     6.6657      1.053    30.0703    22.7424 -9.990e-29
 198.397289      1.065  35.228058    12.1150     6.6535      1.056    30.2920    22.9144 -9.990e-29
 198.397292      1.060  35.423730    12.1125     6.6305      1.051    30.4808    23.0613 -9.990e-29
 198.397295      1.054  35.649539    12.1093     6.5999      1.045    30.6993    23.2312 -9.990e-29
 198.397297      1.057  35.886721    12.1062     6.5629      1.048    30.9287    23.4096 -9.990e-29
 198.397300      1.074  36.114574    12.1035     6.5304      1.065    31.1492    23.5811 -9.990e-29
 198.397303      1.110  36.310489    12.1013     6.4869      1.101    31.3389    23.7285 -9.990e-29
 198.397306      1.170  36.461463    12.0994     6.4335      1.160    31.4853    23.8424 -9.990e-29
 198.397309      1.251  36.567625    12.0975     6.3938      1.241    31.5888    23.9230 0.0000e+00
 198.397312      1.352  36.632279    12.0955     6.3498      1.341    31.6525    23.9729 0.0000e+00
 198.397315      1.468  36.664741    12.0934     6.3087      1.456    31.6855    23.9988 0.0000e+00
 198.397318      1.593  36.681742    12.0916     6.2710      1.580    31.7033    24.0129 0.0000e+00
 198.397321      1.722  36.695185    12.0906     6.2340      1.708    31.7170    24.0238 0.0000e+00
 198.397323      1.849  36.706600    12.0907     6.1995      1.834    31.7278    24.0321 0.0000e+00
 198.397326      1.966  36.709873    12.0924     6.1687      1.950    31.7295    24.0331 0.0000e+00
 198.397329      2.067  36.697074    12.0955     6.1420      2.050    31.7145    24.0209 0.0000e+00
 198.397332      2.147  36.663137    12.0984     6.1225      2.129    31.6794    23.9932 -9.990e-29
 198.397335      2.208  36.617088    12.0994     6.1057      2.190    31.6343    23.9580 -9.990e-29
 198.397338      2.255  36.581103    12.0983     6.0922      2.236    31.6007    23.9321 -9.990e-29
 198.397341      2.295  36.568127    12.0957     6.0755      2.276    31.5904    23.9246 -9.990e-29
 198.397344      2.329  36.578805    12.0924     6.0573      2.310    31.6034    23.9354 -9.990e-29
 198.397347      2.361  36.608627    12.0891     6.0339      2.341    31.6348    23.9603 -9.990e-29
 198.397350      2.391  36.650139    12.0861     6.0021      2.371    31.6773    23.9938 -9.990e-29
 198.397352      2.419  36.693310    12.0837     5.9728      2.399    31.7208    24.0280 -9.990e-29
 198.397355      2.445  36.727277    12.0816     5.9479      2.425    31.7552    24.0551 -9.990e-29
 198.397358      2.467  36.746162    12.0799     5.9259      2.446    31.7748    24.0706 -9.990e-29
 198.397361      2.484  36.750522    12.0784     5.9079      2.463    31.7803    24.0751 -9.990e-29
 198.397364      2.497  36.754200    12.0770     5.8891      2.476    31.7850    24.0790 -9.990e-29
 198.397367      2.504  36.775096    12.0758     5.8806      2.483    31.8061    24.0956 -9.990e-29
 198.397370      2.505  36.808752    12.0748     5.8861      2.484    31.8393    24.1216 -9.990e-29
 198.397373      2.500  36.838823    12.0741     5.9012      2.479    31.8688    24.1446 -9.990e-29
 198.397376      2.491  36.859143    12.0735     5.9244      2.470    31.8889    24.1603 -9.990e-29
 198.397378      2.479  36.872068    12.0730     5.9622      2.458    31.9018    24.1704 -9.990e-29
 198.397381      2.466  36.882205    12.0726     6.0094      2.445    31.9119    24.1783 -9.990e-29
 198.397384      2.452  36.891472    12.0723     6.0540      2.432    31.9211    24.1854 -9.990e-29
 198.397387      2.439  36.899173    12.0722     6.0853      2.419    31.9286    24.1913 -9.990e-29
 198.397390      2.426  36.904486    12.0723     6.1048      2.406    31.9336    24.1952 -9.990e-29
 198.397393      2.413  36.906332    12.0726     6.1136      2.393    31.9351    24.1963 -9.990e-29
 198.397396      2.398  36.903152    12.0732     6.1165      2.378    31.9315    24.1934 -9.990e-29
 198.397399      2.382  36.892535    12.0742     6.1159      2.362    31.9205    24.1846 -9.990e-29
 198.397402      2.366  36.873095    12.0754     6.1282      2.346    31.9008    24.1691 -9.990e-29
 198.397405      2.352  36.850023    12.0762     6.1524      2.332    31.8779    24.1512 -9.990e-29
