data/oxygen options/ONMS/Olympic_Coast_National_Marine_Sanctuary_Hypoxia_Survey_CTD_Data_2004_2015/raw_data/2008/CTD_CA100_090508faedb.cnv
* Sea-Bird SBE19plus Data File:
* FileName = C:\2008_Mooring_Data\090508_service\CTD_CA100_090508.hex
* Software Version 1.59
* Temperature SN =  4671
* Conductivity SN =  4671
* System UpLoad Time = Sep 05 2008 09:36:22
* ds
* SeacatPlus V 1.6b  SERIAL NO. 4671    05 Sep 2008  09:35:32
# nquan = 9
# nvalues = 92                          
# units = specified
# name 0 = timeJ: Julian Days
# name 1 = prdM: Pressure, Strain Gauge [db]
# name 2 = c0mS/cm: Conductivity [mS/cm]
# name 3 = tv290C: Temperature [ITS-90, deg C]
# name 4 = sbeox0ML/L: Oxygen, SBE 43 [ml/l]
# name 5 = depSM: Depth [salt water, m], lat = 47.5
# name 6 = sal00: Salinity, Practical [PSU]
# name 7 = sigma-é00: Density [sigma-theta, kg/m^3]
# name 8 = flag: flag
# span 0 = 249.394165, 249.397448       
# span 1 =      1.000,     92.000       
# span 2 =  29.785816,  38.073194       
# span 3 =     7.3226,    13.2080       
# span 4 =     1.8517,     6.5522       
# span 5 =      0.992,     91.212       
# span 6 =    24.6067,    33.8907       
# span 7 =    18.3265,    26.5012       
# span 8 = 0.0000e+00, 0.0000e+00       
# interval = decibars: 1                
# start_time = Sep 05 2008 09:27:01 [Instrument's time stamp, header]
# bad_flag = -9.990e-29
*END*
 249.394165      1.000  29.785816    13.2080     5.9735      0.992    24.6067    18.3265 0.0000e+00
 249.395334      2.000  37.790608    13.1074     6.2611      1.983    31.8997    23.9713 0.0000e+00
 249.396164      3.000  38.063018    13.0806     6.5522      2.975    32.1771    24.1911 0.0000e+00
 249.396223      4.000  38.073194    13.0713     6.5458      3.966    32.1940    24.2061 0.0000e+00
 249.396236      5.000  38.061401    13.0444     6.5053      4.958    32.2053    24.2202 0.0000e+00
 249.396249      6.000  38.024672    12.9805     6.4457      5.950    32.2247    24.2477 0.0000e+00
 249.396261      7.000  37.958163    12.8926     6.3926      6.942    32.2364    24.2739 0.0000e+00
 249.396272      8.000  37.880927    12.7596     6.2091      7.933    32.2764    24.3307 0.0000e+00
 249.396285      9.000  37.716578    12.5294     5.9638      8.925    32.3170    24.4064 0.0000e+00
 249.396298     10.000  37.529261    12.2710     5.7518      9.916    32.3601    24.4889 0.0000e+00
 249.396311     11.000  37.278414    11.7946     5.5762     10.908    32.5320    24.7109 0.0000e+00
 249.396324     12.000  36.825668    11.2820     5.4413     11.900    32.5395    24.8100 0.0000e+00
 249.396338     13.000  36.578978    10.9843     5.3457     12.891    32.5593    24.8784 0.0000e+00
 249.396348     14.000  36.395829    10.7268     5.2895     13.883    32.6059    24.9598 0.0000e+00
 249.396359     15.000  36.246212    10.6064     5.2515     14.874    32.5638    24.9478 0.0000e+00
 249.396370     16.000  36.208518    10.5693     5.2007     15.866    32.5588    24.9504 0.0000e+00
 249.396382     17.000  36.202564    10.5577     5.1073     16.857    32.5628    24.9555 0.0000e+00
 249.396397     18.000  36.201870    10.5479     4.9556     17.849    32.5704    24.9631 0.0000e+00
 249.396409     19.000  36.180542    10.4676     4.8474     18.841    32.6205    25.0159 0.0000e+00
 249.396420     20.000  36.096102    10.2977     4.7885     19.832    32.6879    25.0974 0.0000e+00
 249.396430     21.000  35.954891    10.0566     4.7127     20.824    32.7626    25.1962 0.0000e+00
 249.396440     22.000  35.749448     9.8597     4.6254     21.815    32.7322    25.2052 0.0000e+00
 249.396453     23.000  35.634422     9.7493     4.5346     22.807    32.7148    25.2098 0.0000e+00
 249.396466     24.000  35.560498     9.5905     4.4574     23.798    32.7835    25.2893 0.0000e+00
 249.396478     25.000  35.419450     9.3722     4.3905     24.790    32.8380    25.3670 0.0000e+00
 249.396489     26.000  35.310925     9.2361     4.3216     25.781    32.8506    25.3987 0.0000e+00
 249.396501     27.000  35.231058     9.1007     4.2683     26.773    32.8923    25.4526 0.0000e+00
 249.396512     28.000  35.130076     8.9607     4.2204     27.764    32.9165    25.4935 0.0000e+00
 249.396523     29.000  35.017801     8.8073     4.1679     28.756    32.9412    25.5366 0.0000e+00
 249.396535     30.000  34.909494     8.7026     4.1240     29.747    32.9248    25.5399 0.0000e+00
 249.396549     31.000  34.858861     8.6424     4.0467     30.739    32.9273    25.5511 0.0000e+00
 249.396562     32.000  34.802840     8.5371     3.9406     31.730    32.9662    25.5976 0.0000e+00
 249.396576     33.000  34.723867     8.4285     3.8604     32.722    32.9842    25.6280 0.0000e+00
 249.396589     34.000  34.645020     8.2368     3.8164     33.714    33.0803    25.7320 0.0000e+00
 249.396601     35.000  34.498888     8.0416     3.7765     34.705    33.1087    25.7831 0.0000e+00
 249.396614     36.000  34.416375     7.9548     3.7401     35.697    33.1024    25.7908 0.0000e+00
 249.396626     37.000  34.374865     7.8981     3.7213     36.688    33.1112    25.8060 0.0000e+00
 249.396638     38.000  34.342767     7.8507     3.7038     37.679    33.1214    25.8208 0.0000e+00
 249.396652     39.000  34.313998     7.8191     3.7603     38.671    33.1201    25.8244 0.0000e+00
 249.396672     40.000  34.317300     7.7962     3.8330     39.662    33.1449    25.8472 0.0000e+00
 249.396685     41.000  34.279386     7.6766     3.8216     40.654    33.2176    25.9215 0.0000e+00
 249.396697     42.000  34.260939     7.6101     3.7854     41.645    33.2609    25.9649 0.0000e+00
 249.396710     43.000  34.301206     7.5992     3.7324     42.637    33.3142    26.0084 0.0000e+00
 249.396724     44.000  34.369535     7.6118     3.6737     43.628    33.3754    26.0547 0.0000e+00
 249.396738     45.000  34.424375     7.6176     3.6155     44.620    33.4285    26.0956 0.0000e+00
 249.396750     46.000  34.451621     7.6168     3.5840     45.611    33.4581    26.1191 0.0000e+00
 249.396760     47.000  34.471512     7.6116     3.5445     46.602    33.4841    26.1402 0.0000e+00
 249.396775     48.000  34.492289     7.6068     3.4854     47.594    33.5107    26.1618 0.0000e+00
 249.396791     49.000  34.499921     7.6030     3.4257     48.585    33.5221    26.1714 0.0000e+00
 249.396804     50.000  34.517731     7.5930     3.3732     49.577    33.5505    26.1952 0.0000e+00
 249.396817     51.000  34.534000     7.5877     3.3109     50.568    33.5727    26.2133 0.0000e+00
 249.396830     52.000  34.540575     7.5817     3.2349     51.560    33.5851    26.2239 0.0000e+00
 249.396841     53.000  34.545635     7.5698     3.1827     52.551    33.6016    26.2386 0.0000e+00
 249.396853     54.000  34.556977     7.5586     3.1414     53.543    33.6242    26.2580 0.0000e+00
 249.396865     55.000  34.579913     7.5518     3.1013     54.534    33.6551    26.2833 0.0000e+00
 249.396881     56.000  34.598977     7.5487     3.0599     55.525    33.6783    26.3019 0.0000e+00
 249.396895     57.000  34.607217     7.5470     3.0165     56.516    33.6884    26.3102 0.0000e+00
 249.396911     58.000  34.611898     7.5451     2.9763     57.508    33.6948    26.3155 0.0000e+00
 249.396926     59.000  34.618441     7.5430     2.9410     58.499    33.7035    26.3226 0.0000e+00
 249.396939     60.000  34.626633     7.5426     2.9152     59.491    33.7121    26.3295 0.0000e+00
 249.396949     61.000  34.633304     7.5430     2.8956     60.482    33.7186    26.3345 0.0000e+00
 249.396963     62.000  34.639726     7.5450     2.8758     61.473    33.7230    26.3377 0.0000e+00
 249.396980     63.000  34.646269     7.5466     2.8543     62.465    33.7281    26.3415 0.0000e+00
 249.397000     64.000  34.651626     7.5484     2.8148     63.456    33.7317    26.3441 0.0000e+00
 249.397015     65.000  34.655300     7.5506     2.7527     64.447    33.7330    26.3448 0.0000e+00
 249.397030     66.000  34.666788     7.5536     2.7024     65.439    33.7420    26.3515 0.0000e+00
 249.397046     67.000  34.681209     7.5446     2.6617     66.430    33.7659    26.3716 0.0000e+00
 249.397065     68.000  34.695492     7.5359     2.5669     67.421    33.7894    26.3913 0.0000e+00
 249.397082     69.000  34.692996     7.5236     2.4913     68.413    33.7981    26.3999 0.0000e+00
 249.397095     70.000  34.694422     7.5004     2.4636     69.404    33.8218    26.4219 0.0000e+00
 249.397110     71.000  34.687478     7.4794     2.4040     70.395    33.8343    26.4347 0.0000e+00
 249.397131     72.000  34.685826     7.4730     2.2904     71.387    33.8383    26.4388 0.0000e+00
 249.397145     73.000  34.677070     7.4459     2.2353     72.378    33.8547    26.4555 0.0000e+00
 249.397158     74.000  34.659081     7.4023     2.1934     73.369    33.8774    26.4795 0.0000e+00
 249.397173     75.000  34.635919     7.3777     2.1378     74.361    33.8757    26.4817 0.0000e+00
 249.397190     76.000  34.630529     7.3667     2.0921     75.352    33.8801    26.4867 0.0000e+00
 249.397207     77.000  34.618472     7.3437     2.0571     76.343    33.8891    26.4970 0.0000e+00
 249.397226     78.000  34.612041     7.3368     2.0251     77.334    33.8884    26.4974 0.0000e+00
 249.397240     79.000  34.609054     7.3325     2.0025     78.325    33.8888    26.4984 0.0000e+00
 249.397252     80.000  34.607914     7.3304     1.9883     79.317    33.8892    26.4990 0.0000e+00
 249.397265     81.000  34.606940     7.3272     1.9736     80.308    33.8907    26.5006 0.0000e+00
 249.397280     82.000  34.605349     7.3256     1.9579     81.299    33.8901    26.5004 0.0000e+00
 249.397300     83.000  34.605703     7.3254     1.9410     82.291    33.8901    26.5005 0.0000e+00
 249.397315     84.000  34.604951     7.3241     1.9292     83.282    33.8901    26.5007 0.0000e+00
 249.397329     85.000  34.604785     7.3241     1.9179     84.273    33.8895    26.5001 0.0000e+00
 249.397347     86.000  34.604819     7.3236     1.9057     85.265    33.8895    26.5003 0.0000e+00
 249.397363     87.000  34.605005     7.3231     1.8961     86.256    33.8897    26.5005 0.0000e+00
 249.397376     88.000  34.605412     7.3231     1.8881     87.247    33.8897    26.5005 0.0000e+00
 249.397390     89.000  34.605819     7.3235     1.8817     88.238    33.8892    26.5001 0.0000e+00
 249.397409     90.000  34.606513     7.3234     1.8720     89.229    33.8896    26.5004 0.0000e+00
 249.397431     91.000  34.607202     7.3228     1.8597     90.221    33.8904    26.5012 0.0000e+00
 249.397448     92.000  34.606359     7.3226     1.8517     91.212    33.8892    26.5003 0.0000e+00
