data/oxygen options/ONMS/Olympic_Coast_National_Marine_Sanctuary_Hypoxia_Survey_CTD_Data_2004_2015/raw_data/2008/CTD_CE100_061208faed.cnv
* Sea-Bird SBE19 Data File:
* FileName = C:\2008_Mooring_Data\061208_service\CTD_CE100_061208.hex
* Software Version 1.59
* Temperature SN = 2997
* Conductivity SN = 2997
* System UpLoad Time = Jun 12 2008 14:48:17
**
**
# nquan = 9                                 
# nvalues = 1170                        
# units = specified
# name 0 = timeJ: Julian Days
# name 1 = prSM: Pressure, Strain Gauge [db]
# name 2 = c0mS/cm: Conductivity [mS/cm]
# name 3 = t090C: Temperature [ITS-90, deg C]
# name 4 = sbeox0ML/L: Oxygen, SBE 43 [ml/l]
# name 5 = depSM: Depth [salt water, m], lat = 47.5
# name 6 = sal00: Salinity, Practical [PSU]
# name 7 = sigma-é00: Density [sigma-theta, kg/m^3]
# name 8 = flag: flag
# span 0 = 164.608785, 164.615550       
# span 1 =     -5.219,    101.444       
# span 2 =   0.023379,  35.773986       
# span 3 =     6.7135,    11.3612       
# span 4 =    -1.6527,    17.1593       
# span 5 =     -5.176,    100.573       
# span 6 =     0.0177,    33.9843       
# span 7 =    -0.4015,    26.6576       
# span 8 = 0.0000e+00, 0.0000e+00       
# interval = seconds: 0.5
# start_time = Jun 12 2008 14:36:39 [Instrument's time stamp, header]
# bad_flag = -9.990e-29
*END*
[from data line 161]
 164.609716      0.259  35.733399    11.2630     6.9036      0.257    31.4895    23.9971 -9.990e-29
 164.609722      0.268  35.738513    11.2718     6.8859      0.266    31.4870    23.9935 -9.990e-29
 164.609728      0.277  35.743793    11.2764     6.8653      0.275    31.4882    23.9937 -9.990e-29
 164.609734      0.283  35.750688    11.2784     6.8541      0.281    31.4933    23.9973 -9.990e-29
 164.609740      0.287  35.753837    11.2776     6.8739      0.285    31.4970    24.0003 -9.990e-29
 164.609745      0.289  35.752968    11.2740     6.9087      0.287    31.4992    24.0027 -9.990e-29
 164.609751      0.289  35.751414    11.2664     6.9239      0.287    31.5042    24.0079 -9.990e-29
 164.609757      0.287  35.748791    11.2516     6.9200      0.285    31.5143    24.0183 -9.990e-29
 164.609763      0.286  35.741612    11.2282     6.9089      0.284    31.5273    24.0326 -9.990e-29
 164.609769      0.292  35.728156    11.2061     6.9060      0.290    31.5330    24.0409 -9.990e-29
 164.609774      0.301  35.715135    11.1997     6.9049      0.298    31.5257    24.0364 -9.990e-29
 164.609780      0.308  35.711520    11.2066     6.9049      0.305    31.5163    24.0278 -9.990e-29
 164.609786      0.318  35.715855    11.2140     6.9039      0.315    31.5142    24.0249 -9.990e-29
 164.609792      0.336  35.721047    11.2180     6.8942      0.333    31.5158    24.0255 -9.990e-29
 164.609797      0.360  35.725066    11.2211     6.8912      0.357    31.5171    24.0259 -9.990e-29
 164.609803      0.382  35.726560    11.2239     6.8824      0.379    31.5162    24.0247 -9.990e-29
 164.609809      0.395  35.725289    11.2271     6.8717      0.392    31.5122    24.0210 -9.990e-29
 164.609815      0.400  35.725169    11.2306     6.8795      0.397    31.5091    24.0180 -9.990e-29
 164.609821      0.405  35.727730    11.2313     6.8889      0.402    31.5110    24.0193 -9.990e-29
 164.609826      0.416  35.727995    11.2272     6.8956      0.413    31.5147    24.0230 -9.990e-29
 164.609832      0.428  35.724087    11.2241     6.8970      0.424    31.5135    24.0226 -9.990e-29
 164.609838      0.434  35.723129    11.2286     6.8918      0.430    31.5088    24.0181 -9.990e-29
 164.609844      0.434  35.727212    11.2379     6.9022      0.430    31.5048    24.0134 -9.990e-29
 164.609850      0.438  35.732266    11.2459     6.8997      0.434    31.5029    24.0105 -9.990e-29
 164.609855      0.448  35.736638    11.2515     6.8911      0.444    31.5024    24.0091 -9.990e-29
 164.609861      0.467  35.741128    11.2568     6.8798      0.463    31.5023    24.0081 -9.990e-29
 164.609867      0.490  35.746132    11.2630     6.8856      0.486    31.5019    24.0067 -9.990e-29
 164.609873      0.511  35.749928    11.2686     6.8945      0.507    31.5008    24.0048 -9.990e-29
 164.609878      0.527  35.751988    11.2725     6.9076      0.523    31.4995    24.0031 -9.990e-29
 164.609884      0.539  35.753946    11.2745     6.9177      0.535    31.4997    24.0029 -9.990e-29
 164.609890      0.548  35.755624    11.2741     6.9146      0.543    31.5017    24.0045 -9.990e-29
 164.609896      0.554  35.755905    11.2722     6.9052      0.549    31.5035    24.0064 -9.990e-29
 164.609902      0.557  35.754616    11.2701     6.8782      0.552    31.5041    24.0071 -9.990e-29
 164.609907      0.558  35.751168    11.2673     6.8646      0.553    31.5031    24.0069 -9.990e-29
 164.609913      0.557  35.747695    11.2642     6.8730      0.552    31.5023    24.0068 -9.990e-29
 164.609919      0.554  35.747416    11.2629     6.8744      0.549    31.5032    24.0077 -9.990e-29
 164.609925      0.552  35.748287    11.2618     6.8761      0.547    31.5050    24.0093 -9.990e-29
 164.609931      0.561  35.746437    11.2571     6.8746      0.556    31.5072    24.0118 -9.990e-29
 164.609936      0.581  35.740530    11.2487     6.8590      0.576    31.5086    24.0144 -9.990e-29
 164.609942      0.605  35.732223    11.2403     6.8762      0.600    31.5076    24.0151 -9.990e-29
 164.609948      0.625  35.723892    11.2334     6.8940      0.620    31.5053    24.0146 -9.990e-29
 164.609954      0.638  35.718998    11.2249     6.9081      0.633    31.5078    24.0180 -9.990e-29
 164.609959      0.650  35.719986    11.2130     6.9213      0.645    31.5189    24.0288 -9.990e-29
 164.609965      0.666  35.720902    11.1981     6.9247      0.660    31.5326    24.0420 -9.990e-29
 164.609971      0.687  35.715134    11.1835     6.9309      0.681    31.5394    24.0499 -9.990e-29
 164.609977      0.709  35.705640    11.1779     6.9213      0.703    31.5349    24.0474 -9.990e-29
 164.609983      0.726  35.701615    11.1838     6.9124      0.720    31.5259    24.0393 -9.990e-29
 164.609988      0.738  35.705538    11.1967     6.9080      0.732    31.5187    24.0314 -9.990e-29
 164.609994      0.752  35.713687    11.2134     6.9246      0.746    31.5124    24.0236 -9.990e-29
 164.610000      0.762  35.721254    11.2272     6.9293      0.756    31.5080    24.0178 -9.990e-29
 164.610006      0.767  35.723776    11.2319     6.9399      0.761    31.5064    24.0157 -9.990e-29
 164.610012      0.765  35.724627    11.2324     6.9190      0.759    31.5068    24.0160 -9.990e-29
 164.610017      0.758  35.727193    11.2366     6.8839      0.752    31.5058    24.0144 -9.990e-29
 164.610023      0.744  35.730424    11.2440     6.8878      0.738    31.5026    24.0106 -9.990e-29
 164.610029      0.731  35.734717    11.2505     6.8901      0.725    31.5013    24.0084 -9.990e-29
 164.610035      0.731  35.740206    11.2541     6.9012      0.725    31.5036    24.0096 -9.990e-29
 164.610041      0.744  35.745258    11.2553     6.9157      0.738    31.5075    24.0124 -9.990e-29
 164.610046      0.762  35.748218    11.2528     6.9185      0.756    31.5125    24.0168 -9.990e-29
 164.610052      0.779  35.745761    11.2381     6.9269      0.772    31.5227    24.0272 -9.990e-29
 164.610058      0.790  35.730138    11.2121     6.9343      0.783    31.5296    24.0372 -9.990e-29
 164.610064      0.797  35.707975    11.1962     6.9389      0.790    31.5215    24.0337 -9.990e-29
 164.610069      0.799  35.701261    11.1949     6.9353      0.792    31.5160    24.0297 -9.990e-29
 164.610075      0.798  35.708328    11.1941     6.9237      0.791    31.5236    24.0357 -9.990e-29
 164.610081      0.797  35.713400    11.1938     6.9044      0.790    31.5288    24.0399 -9.990e-29
 164.610087      0.805  35.717088    11.2003     6.8977      0.798    31.5269    24.0372 -9.990e-29
 164.610093      0.822  35.722640    11.2114     6.9058      0.815    31.5228    24.0321 -9.990e-29
 164.610098      0.841  35.726264    11.2204     6.9095      0.834    31.5187    24.0273 -9.990e-29
 164.610104      0.858  35.727760    11.2235     6.9191      0.851    31.5175    24.0258 -9.990e-29
 164.610110      0.875  35.730814    11.2209     6.9165      0.868    31.5227    24.0303 -9.990e-29
 164.610116      0.894  35.732229    11.2154     6.9078      0.887    31.5288    24.0360 -9.990e-29
 164.610122      0.910  35.730539    11.2108     6.8848      0.902    31.5311    24.0386 -9.990e-29
 164.610127      0.920  35.729102    11.2073     6.8494      0.912    31.5326    24.0404 -9.990e-29
 164.610133      0.931  35.726570    11.2034     6.8403      0.923    31.5335    24.0418 -9.990e-29
 164.610139      0.941  35.721255    11.1983     6.8439      0.933    31.5326    24.0420 -9.990e-29
 164.610145      0.943  35.715043    11.1900     6.8670      0.935    31.5337    24.0443 -9.990e-29
 164.610150      0.938  35.711421    11.1758     6.8813      0.930    31.5423    24.0535 -9.990e-29
 164.610156      0.934  35.707809    11.1532     6.8862      0.926    31.5581    24.0697 -9.990e-29
 164.610162      0.934  35.693240    11.1260     6.8894      0.926    31.5671    24.0815 -9.990e-29
 164.610168      0.939  35.666780    11.1022     6.8980      0.931    31.5615    24.0814 -9.990e-29
 164.610174      0.949  35.642450    11.0797     6.9098      0.941    31.5569    24.0817 -9.990e-29
 164.610179      0.960  35.626462    11.0549     6.8984      0.952    31.5625    24.0904 -9.990e-29
 164.610185      0.965  35.617109    11.0327     6.8926      0.957    31.5723    24.1019 -9.990e-29
 164.610191      0.963  35.614810    11.0149     6.8926      0.955    31.5854    24.1152 -9.990e-29
 164.610197      0.964  35.616501    11.0004     6.8921      0.956    31.5995    24.1287 -9.990e-29
 164.610203      0.972  35.618277    10.9896     6.9047      0.964    31.6106    24.1392 -9.990e-29
 164.610208      0.986  35.618025    10.9829     6.9054      0.978    31.6161    24.1446 -9.990e-29
 164.610214      1.004  35.615406    10.9801     6.9103      0.996    31.6159    24.1450 -9.990e-29
 164.610220      1.018  35.613646    10.9796     6.9433      1.010    31.6146    24.1440 -9.990e-29
 164.610226      1.025  35.614314    10.9801     6.9417      1.016    31.6148    24.1441 -9.990e-29
 164.610231      1.030  35.615497    10.9816     6.9108      1.021    31.6147    24.1438 -9.990e-29
 164.610237      1.037  35.616529    10.9859     6.8926      1.028    31.6120    24.1409 -9.990e-29
 164.610243      1.043  35.618785    10.9946     6.8648      1.034    31.6067    24.1353 -9.990e-29
 164.610249      1.043  35.623028    11.0059     6.8714      1.034    31.6012    24.1290 -9.990e-29
 164.610255      1.041  35.628190    11.0147     6.8858      1.032    31.5987    24.1256 -9.990e-29
 164.610260      1.047  35.631632    11.0166     6.8962      1.038    31.6004    24.1266 -9.990e-29
 164.610266      1.061  35.630661    11.0134     6.8912      1.052    31.6022    24.1286 -9.990e-29
 164.610272      1.074  35.626783    11.0117     6.8861      1.065    31.5999    24.1270 -9.990e-29
 164.610278      1.088  35.625468    11.0127     6.8908      1.079    31.5977    24.1252 -9.990e-29
 164.610284      1.103  35.627199    11.0113     6.9129      1.094    31.6006    24.1277 -9.990e-29
 164.610289      1.113  35.626998    11.0041     6.9239      1.104    31.6066    24.1336 -9.990e-29
 164.610295      1.117  35.622916    10.9952     6.9275      1.108    31.6102    24.1380 -9.990e-29
 164.610301      1.121  35.619027    10.9908     6.9249      1.112    31.6102    24.1387 -9.990e-29
 164.610307      1.124  35.619665    10.9903     6.9289      1.115    31.6113    24.1396 -9.990e-29
 164.610312      1.126  35.622317    10.9914     6.9221      1.117    31.6129    24.1407 -9.990e-29
 164.610318      1.129  35.623792    10.9952     6.9065      1.120    31.6111    24.1386 -9.990e-29
 164.610324      1.131  35.626056    11.0013     6.9112      1.122    31.6081    24.1352 -9.990e-29
 164.610330      1.133  35.629882    11.0067     6.8840      1.124    31.6072    24.1336 -9.990e-29
 164.610336      1.136  35.633090    11.0121     6.8829      1.127    31.6057    24.1315 -9.990e-29
 164.610341      1.139  35.635472    11.0209     6.8758      1.129    31.6005    24.1259 -9.990e-29
 164.610347      1.142  35.639083    11.0332     6.8712      1.132    31.5935    24.1183 -9.990e-29
 164.610353      1.146  35.644255    11.0468     6.8907      1.136    31.5869    24.1108 -9.990e-29
 164.610359      1.151  35.648920    11.0594     6.8846      1.141    31.5806    24.1037 -9.990e-29
 164.610365      1.158  35.651454    11.0728     6.9071      1.148    31.5716    24.0944 -9.990e-29
 164.610370      1.166  35.653558    11.0854     6.9116      1.156    31.5629    24.0853 -9.990e-29
 164.610376      1.176  35.652994    11.0883     6.9172      1.166    31.5598    24.0825 -9.990e-29
 164.610382      1.190  35.646768    11.0822     6.9248      1.180    31.5589    24.0828 -9.990e-29
 164.610388      1.203  35.644504    11.0777     6.9289      1.193    31.5605    24.0849 -9.990e-29
 164.610394      1.208  35.649901    11.0809     6.9233      1.198    31.5631    24.0863 -9.990e-29
 164.610399      1.205  35.655586    11.0918     6.9090      1.195    31.5593    24.0815 -9.990e-29
 164.610405      1.202  35.662974    11.1064     6.9050      1.192    31.5541    24.0748 -9.990e-29
 164.610411      1.204  35.672392    11.1177     6.9011      1.194    31.5536    24.0725 -9.990e-29
 164.610417      1.210  35.680153    11.1213     6.9268      1.200    31.5582    24.0754 -9.990e-29
 164.610422      1.222  35.686521    11.1196     6.9401      1.212    31.5659    24.0817 -9.990e-29
 164.610428      1.235  35.688784    11.1162     6.9464      1.225    31.5710    24.0863 -9.990e-29
 164.610434      1.242  35.686037    11.1136     6.9345      1.232    31.5705    24.0864 -9.990e-29
 164.610440      1.243  35.681896    11.1140     6.9193      1.233    31.5661    24.0829 -9.990e-29
 164.610446      1.243  35.679798    11.1171     6.9046      1.233    31.5614    24.0787 -9.990e-29
 164.610451      1.241  35.680862    11.1224     6.8935      1.231    31.5579    24.0750 -9.990e-29
 164.610457      1.242  35.683705    11.1296     6.8968      1.232    31.5545    24.0711 -9.990e-29
 164.610463      1.251  35.687635    11.1357     6.8990      1.241    31.5532    24.0690 -9.990e-29
 164.610469      1.262  35.690607    11.1385     6.8867      1.251    31.5537    24.0689 -9.990e-29
 164.610475      1.269  35.689862    11.1382     6.8789      1.258    31.5532    24.0686 -9.990e-29
 164.610480      1.268  35.685523    11.1303     6.8771      1.257    31.5557    24.0719 -9.990e-29
 164.610486      1.267  35.674603    11.1141     6.8770      1.256    31.5589    24.0772 -9.990e-29
 164.610492      1.275  35.658226    11.1036     6.9023      1.264    31.5518    24.0735 -9.990e-29
 164.610498      1.284  35.651522    11.1083     6.9107      1.273    31.5412    24.0645 -9.990e-29
 164.610503      1.285  35.659546    11.1213     6.9057      1.274    31.5379    24.0596 -9.990e-29
 164.610509      1.283  35.670585    11.1329     6.9125      1.272    31.5388    24.0583 -9.990e-29
 164.610515      1.286  35.677513    11.1356     6.9085      1.275    31.5433    24.0613 -9.990e-29
 164.610521      1.299  35.676686    11.1287     6.9117      1.288    31.5484    24.0665 -9.990e-29
 164.610527      1.319  35.669800    11.1204     6.9158      1.308    31.5487    24.0682 -9.990e-29
 164.610532      1.338  35.665597    11.1147     6.9187      1.327    31.5495    24.0698 -9.990e-29
 164.610538      1.353  35.664629    11.1087     6.8860      1.342    31.5537    24.0741 -9.990e-29
 164.610544      1.364  35.661121    11.0991     6.8901      1.353    31.5584    24.0795 -9.990e-29
 164.610550      1.374  35.654311    11.0867     6.8851      1.363    31.5624    24.0848 -9.990e-29
 164.610556      1.382  35.651921    11.0752     6.8965      1.370    31.5699    24.0926 -9.990e-29
 164.610561      1.389  35.657482    11.0656     6.9342      1.377    31.5836    24.1050 -9.990e-29
 164.610567      1.395  35.661039    11.0568     6.9284      1.383    31.5947    24.1151 -9.990e-29
 164.610573      1.401  35.654448    11.0459     6.9231      1.389    31.5976    24.1193 -9.990e-29
 164.610579      1.407  35.642359    11.0338     6.9056      1.395    31.5961    24.1202 -9.990e-29
 164.610584      1.409  35.634977    11.0271     6.8949      1.397    31.5946    24.1202 -9.990e-29
 164.610590      1.403  35.636459    11.0269     6.8798      1.391    31.5962    24.1215 -9.990e-29
 164.610596      1.393  35.641491    11.0280     6.8714      1.381    31.6002    24.1244 -9.990e-29
 164.610602      1.387  35.643897    11.0269     6.8709      1.375    31.6035    24.1272 -9.990e-29
 164.610608      1.389  35.643524    11.0224     6.8885      1.377    31.6070    24.1307 -9.990e-29
 164.610613      1.399  35.640433    11.0154     6.9039      1.387    31.6100    24.1343 -9.990e-29
 164.610619      1.417  35.634980    11.0083     6.9148      1.405    31.6107    24.1361 -9.990e-29
 164.610625      1.440  35.629412    11.0020     6.9261      1.428    31.6107    24.1371 -9.990e-29
 164.610631      1.461  35.624145    10.9972     6.9213      1.449    31.6096    24.1371 -9.990e-29
