data/oxygen options/ONMS/Olympic_Coast_National_Marine_Sanctuary_Hypoxia_Survey_CTD_Data_2004_2015/raw_data/2008/CTD_CE100_071508faed.cnv
* Sea-Bird SBE19plus Data File:
* FileName = C:\2008_Mooring_Data\071408_sevice\CTD_CE100_071508.hex
* Software Version 1.59
* Temperature SN =  4671
* Conductivity SN =  4671
* System UpLoad Time = Jul 15 2008 09:50:10
* ds
* SeacatPlus V 1.6b  SERIAL NO. 4671    15 Jul 2008  09:49:41
# nquan = 9                                 
# nvalues = 1944                        
# units = specified
# name 0 = timeJ: Julian Days
# name 1 = prdM: Pressure, Strain Gauge [db]
# name 2 = c0mS/cm: Conductivity [mS/cm]
# name 3 = tv290C: Temperature [ITS-90, deg C]
# name 4 = sbeox0ML/L: Oxygen, SBE 43 [ml/l]
# name 5 = depSM: Depth [salt water, m], lat = 47.5
# name 6 = sal00: Salinity, Practical [PSU]
# name 7 = sigma-é00: Density [sigma-theta, kg/m^3]
# name 8 = flag: flag
# span 0 = 197.402894, 197.408516       
# span 1 =     -0.011,    101.923       
# span 2 =  -0.140246,  36.747907       
# span 3 =     6.7573,    12.6666       
# span 4 =     1.4492,     7.7550       
# span 5 =     -0.011,    101.047       
# span 6 =     0.0000,    33.9787       
# span 7 =    -0.5794,    26.6467       
# span 8 = 0.0000e+00, 0.0000e+00       
# interval = seconds: 0.25
# start_time = Jul 15 2008 09:40:10 [Instrument's time stamp, header]
# bad_flag = -9.990e-29
*END*
[from data line 1921]
 197.408452      0.714  36.686620    11.1101     7.0456      0.708    32.5594    24.8560 0.0000e+00
 197.408455      0.594  36.687561    11.1102     7.1055      0.589    32.5603    24.8567 0.0000e+00
 197.408458      0.486  36.685227    11.1088     7.1543      0.482    32.5592    24.8561 0.0000e+00
 197.408461      0.392  36.679679    11.1052 -9.990e-29      0.389    32.5570    24.8550 0.0000e+00
 197.408464      0.314  36.670413    11.0989 -9.990e-29      0.311    32.5534    24.8534 -9.990e-29
 197.408466      0.252  36.655161    11.0897 -9.990e-29      0.250    32.5466    24.8497 -9.990e-29
 197.408469      0.204  36.632015    11.0783 -9.990e-29      0.202    32.5338    24.8418 -9.990e-29
 197.408472      0.166  36.599016    11.0654 -9.990e-29      0.165    32.5126    24.8276 -9.990e-29
 197.408475      0.137  36.550722    11.0520 -9.990e-29      0.136    32.4768    24.8020 -9.990e-29
 197.408478      0.114  36.476810    11.0391 -9.990e-29      0.113    32.4152    24.7564 -9.990e-29
 197.408481      0.096  36.360486    11.0274 -9.990e-29      0.095    32.3105    24.6770 -9.990e-29
 197.408484      0.082  36.173390    11.0170 -9.990e-29      0.081    32.1349    24.5422 -9.990e-29
 197.408487      0.072  35.867086    11.0078 -9.990e-29      0.071    31.8406    24.3149 -9.990e-29
 197.408490      0.063  35.360572    10.9995 -9.990e-29      0.062    31.3486    23.9337 -9.990e-29
 197.408492      0.057  34.520867    10.9918 -9.990e-29      0.057    30.5298    23.2983 -9.990e-29
 197.408495      0.052  33.127345    10.9851 -9.990e-29      0.052    29.1722    22.2442 -9.990e-29
 197.408498      0.048  30.810872    10.9793 -9.990e-29      0.048    26.9291    20.5029 -9.990e-29
 197.408501      0.046  26.955690    10.9747 -9.990e-29      0.046    23.2440    17.6441 -9.990e-29
 197.408504      0.043  21.714421    10.9710 -9.990e-29      0.043    18.3411    13.8446 -9.990e-29
 197.408507      0.042  16.710871    10.9683 -9.990e-29      0.042    13.7873    10.3181 -9.990e-29
 197.408510      0.041  13.123389    10.9673 -9.990e-29      0.041    10.6086     7.8565 -9.990e-29
 197.408513      0.040  10.812024 -9.990e-29 -9.990e-29      0.040 -9.990e-29 -9.990e-29 -9.990e-29
 197.408516      0.040   9.418318 -9.990e-29 -9.990e-29      0.040 -9.990e-29 -9.990e-29 -9.990e-29
