data/oxygen options/ONMS/Olympic_Coast_National_Marine_Sanctuary_Hypoxia_Survey_CTD_Data_2004_2015/raw_data/2008/CTD_RR042_081808faed.cnv
* Sea-Bird SBE19plus Data File:
* FileName = C:\2008_Mooring_Data\081808_sevice\CTD_RR042_081808.hex
* Software Version 1.59
* Temperature SN =  4671
* Conductivity SN =  4671
* System UpLoad Time = Aug 18 2008 15:54:35
* ds
* SeacatPlus V 1.6b  SERIAL NO. 4671    18 Aug 2008  15:54:09
# nquan = 9                                 
# nvalues = 1256                        
# units = specified
# name 0 = timeJ: Julian Days
# name 1 = prdM: Pressure, Strain Gauge [db]
# name 2 = c0mS/cm: Conductivity [mS/cm]
# name 3 = tv290C: Temperature [ITS-90, deg C]
# name 4 = sbeox0ML/L: Oxygen, SBE 43 [ml/l]
# name 5 = depSM: Depth [salt water, m], lat = 47.5
# name 6 = sal00: Salinity, Practical [PSU]
# name 7 = sigma-é00: Density [sigma-theta, kg/m^3]
# name 8 = flag: flag
# span 0 = 231.658380, 231.662011       
# span 1 =     -0.058,     43.811       
# span 2 =   0.160604,  39.170108       
# span 3 =     7.2989,    14.3827       
# span 4 =     0.9543,     7.1338       
# span 5 =     -0.058,     43.441       
# span 6 =     0.0971,    33.7689       
# span 7 =    -0.7316,    26.4054       
# span 8 = 0.0000e+00, 0.0000e+00       
# interval = seconds: 0.25
# start_time = Aug 18 2008 15:48:04 [Instrument's time stamp, header]
# bad_flag = -9.990e-29
*END*
[from data line 321]
 231.659308      1.360  38.796296    13.6610     6.3806      1.349    32.3718    24.2259 -9.990e-29
 231.659311      1.360  38.791253    13.6575     6.3892      1.349    32.3700    24.2253 -9.990e-29
 231.659314      1.355  38.787552    13.6565     6.3988      1.344    32.3674    24.2235 -9.990e-29
 231.659317      1.347  38.785909    13.6569     6.4083      1.336    32.3656    24.2220 -9.990e-29
 231.659320      1.336  38.786452    13.6579     6.4200      1.325    32.3652    24.2215 -9.990e-29
 231.659323      1.325  38.788234    13.6592     6.4285      1.314    32.3658    24.2217 -9.990e-29
 231.659326      1.315  38.790007    13.6607     6.4397      1.304    32.3662    24.2217 -9.990e-29
 231.659329      1.309  38.791297    13.6629     6.4475      1.298    32.3655    24.2207 -9.990e-29
 231.659332      1.306  38.792640    13.6658     6.4570      1.295    32.3643    24.2192 -9.990e-29
 231.659334      1.307  38.794708    13.6695     6.4603      1.296    32.3631    24.2175 -9.990e-29
 231.659337      1.309  38.797667    13.6731     6.4701      1.298    32.3628    24.2166 -9.990e-29
 231.659340      1.313  38.801454    13.6758     6.4768      1.302    32.3640    24.2170 -9.990e-29
 231.659343      1.315  38.805565    13.6774     6.4811      1.304    32.3665    24.2186 -9.990e-29
 231.659346      1.314  38.808693    13.6782     6.4873      1.303    32.3687    24.2201 -9.990e-29
 231.659349      1.311  38.810119    13.6787     6.4978      1.300    32.3696    24.2207 -9.990e-29
 231.659352      1.306  38.810539    13.6794     6.5078      1.295    32.3694    24.2204 -9.990e-29
 231.659355      1.300  38.810573    13.6802     6.5166      1.289    32.3688    24.2198 -9.990e-29
 231.659358      1.295  38.810707    13.6811     6.5288      1.284    32.3682    24.2191 -9.990e-29
 231.659361      1.292  38.811417    13.6816     6.5374      1.281    32.3684    24.2192 -9.990e-29
 231.659363      1.294  38.812384    13.6807     6.5444      1.283    32.3701    24.2207 -9.990e-29
 231.659366      1.301  38.813141    13.6776     6.5515      1.290    32.3734    24.2238 -9.990e-29
 231.659369      1.313  38.813003    13.6717     6.5577      1.302    32.3782    24.2288 -9.990e-29
 231.659372      1.328  38.810888    13.6634     6.5674      1.317    32.3833    24.2344 -9.990e-29
 231.659375      1.344  38.805681    13.6534     6.5728      1.333    32.3869    24.2392 -9.990e-29
 231.659378      1.358  38.797398    13.6429     6.5801      1.347    32.3881    24.2422 -9.990e-29
 231.659381      1.368  38.787530    13.6335     6.5860      1.357    32.3869    24.2432 -9.990e-29
 231.659384      1.374  38.777233    13.6269     6.5953      1.363    32.3829    24.2414 -9.990e-29
 231.659387      1.374  38.767878    13.6239     6.5968      1.363    32.3767    24.2373 -9.990e-29
 231.659389      1.370  38.761206    13.6246     6.5991      1.359    32.3699    24.2319 -9.990e-29
 231.659392      1.360  38.758271    13.6286     6.6027      1.349    32.3638    24.2264 -9.990e-29
 231.659395      1.348  38.759345    13.6351     6.6064      1.337    32.3593    24.2216 -9.990e-29
 231.659398      1.334  38.763578    13.6429     6.6137      1.323    32.3567    24.2179 -9.990e-29
 231.659401      1.319  38.769980    13.6508     6.6204      1.308    32.3559    24.2158 -9.990e-29
 231.659404      1.304  38.777785    13.6581     6.6272      1.293    32.3570    24.2151 -9.990e-29
 231.659407      1.290  38.785683    13.6643     6.6321      1.279    32.3591    24.2155 -9.990e-29
 231.659410      1.279  38.792506    13.6694     6.6373      1.268    32.3612    24.2161 -9.990e-29
 231.659413      1.272  38.798135    13.6733     6.6435      1.261    32.3631    24.2168 -9.990e-29
 231.659416      1.271  38.802703    13.6759     6.6461      1.260    32.3651    24.2178 -9.990e-29
 231.659418      1.275  38.806108    13.6770     6.6522      1.264    32.3674    24.2193 -9.990e-29
 231.659421      1.285  38.808426    13.6761     6.6580      1.274    32.3703    24.2218 -9.990e-29
 231.659424      1.302  38.809587    13.6732     6.6618      1.291    32.3738    24.2251 -9.990e-29
 231.659427      1.322  38.809051    13.6690     6.6644      1.311    32.3769    24.2283 -9.990e-29
 231.659430      1.344  38.806359    13.6646     6.6649      1.333    32.3781    24.2301 -9.990e-29
 231.659433      1.362  38.801846    13.6608     6.6634      1.351    32.3771    24.2301 -9.990e-29
 231.659436      1.373  38.796847    13.6575     6.6619      1.362    32.3752    24.2293 -9.990e-29
 231.659439      1.376  38.793091    13.6554     6.6636      1.365    32.3735    24.2284 -9.990e-29
 231.659442      1.370  38.790403    13.6558     6.6652      1.359    32.3707    24.2262 -9.990e-29
 231.659444      1.355  38.787789    13.6592     6.6692      1.344    32.3654    24.2214 -9.990e-29
 231.659447      1.335  38.787066    13.6649     6.6720      1.324    32.3599    24.2160 -9.990e-29
 231.659450      1.313  38.790213    13.6716     6.6755      1.302    32.3572    24.2125 -9.990e-29
 231.659453      1.293  38.796189    13.6785     6.6806      1.282    32.3569    24.2109 -9.990e-29
 231.659456      1.278  38.803135    13.6846     6.6886      1.267    32.3582    24.2107 -9.990e-29
 231.659459      1.270  38.810103    13.6888     6.6924      1.259    32.3611    24.2121 -9.990e-29
 231.659462      1.270  38.816315    13.6902     6.6974      1.259    32.3657    24.2154 -9.990e-29
 231.659465      1.278  38.820787    13.6885     6.7021      1.267    32.3713    24.2200 -9.990e-29
 231.659468      1.293  38.822660    13.6836     6.7032      1.282    32.3772    24.2255 -9.990e-29
 231.659470      1.312  38.821250    13.6758     6.7050      1.301    32.3824    24.2312 -9.990e-29
 231.659473      1.330  38.816663    13.6663     6.7047      1.319    32.3862    24.2360 -9.990e-29
 231.659476      1.345  38.809265    13.6574     6.7059      1.334    32.3869    24.2383 -9.990e-29
 231.659479      1.354  38.799518    13.6514     6.7082      1.343    32.3829    24.2365 -9.990e-29
 231.659482      1.357  38.789693    13.6498     6.7113      1.346    32.3751    24.2308 -9.990e-29
 231.659485      1.354  38.782851    13.6529     6.7134      1.343    32.3661    24.2232 -9.990e-29
 231.659488      1.346  38.780832    13.6594     6.7158      1.335    32.3587    24.2162 -9.990e-29
 231.659491      1.337  38.783923    13.6675     6.7163      1.326    32.3548    24.2115 -9.990e-29
 231.659494      1.328  38.790915    13.6754     6.7154      1.317    32.3546    24.2098 -9.990e-29
 231.659497      1.322  38.799603    13.6821     6.7126      1.311    32.3570    24.2103 -9.990e-29
 231.659499      1.319  38.807805    13.6871     6.7089      1.308    32.3604    24.2119 -9.990e-29
 231.659502      1.319  38.814321    13.6909     6.7097      1.308    32.3632    24.2133 -9.990e-29
 231.659505      1.320  38.818927    13.6941     6.7127      1.309    32.3648    24.2139 -9.990e-29
 231.659508      1.323  38.822073    13.6970     6.7155      1.312    32.3653    24.2136 -9.990e-29
 231.659511      1.326  38.824667    13.6997     6.7187      1.315    32.3654    24.2132 -9.990e-29
 231.659514      1.331  38.827253    13.7023     6.7193      1.320    32.3656    24.2128 -9.990e-29
 231.659517      1.336  38.829702    13.7044     6.7211      1.325    32.3661    24.2128 -9.990e-29
 231.659520      1.341  38.831939    13.7056     6.7226      1.330    32.3672    24.2134 -9.990e-29
 231.659523      1.346  38.833978    13.7055     6.7197      1.335    32.3691    24.2149 -9.990e-29
 231.659525      1.350  38.835298    13.7043     6.7178      1.339    32.3714    24.2169 -9.990e-29
 231.659528      1.351  38.835239    13.7026     6.7172      1.340    32.3728    24.2183 -9.990e-29
 231.659531      1.349  38.833861    13.7009     6.7187      1.338    32.3729    24.2188 -9.990e-29
 231.659534      1.343  38.831813    13.6995     6.7230      1.332    32.3722    24.2185 -9.990e-29
 231.659537      1.334  38.829875    13.6986     6.7248      1.323    32.3712    24.2179 -9.990e-29
 231.659540      1.322  38.828442    13.6985     6.7242      1.311    32.3699    24.2169 -9.990e-29
 231.659543      1.308  38.827523    13.6994     6.7250      1.297    32.3683    24.2155 -9.990e-29
 231.659546      1.296  38.827357    13.7008     6.7263      1.285    32.3670    24.2142 -9.990e-29
 231.659549      1.287  38.828191    13.7025     6.7276      1.276    32.3663    24.2133 -9.990e-29
 231.659552      1.283  38.829772    13.7043     6.7307      1.272    32.3663    24.2129 -9.990e-29
 231.659554      1.284  38.831577    13.7057     6.7308      1.273    32.3668    24.2130 -9.990e-29
 231.659557      1.291  38.833423    13.7059     6.7347      1.280    32.3683    24.2142 -9.990e-29
 231.659560      1.303  38.835111    13.7045     6.7317      1.292    32.3711    24.2166 -9.990e-29
 231.659563      1.316  38.835809    13.7017     6.7276      1.305    32.3741    24.2195 -9.990e-29
 231.659566      1.328  38.834731    13.6985     6.7259      1.317    32.3758    24.2214 -9.990e-29
 231.659569      1.336  38.831889    13.6956     6.7276      1.325    32.3756    24.2219 -9.990e-29
 231.659572      1.339  38.828202    13.6939     6.7332      1.328    32.3736    24.2207 -9.990e-29
 231.659575      1.337  38.824950    13.6937     6.7368      1.326    32.3707    24.2185 -9.990e-29
 231.659578      1.331  38.822955    13.6947     6.7420      1.320    32.3680    24.2162 -9.990e-29
 231.659580      1.322  38.822608    13.6963     6.7470      1.311    32.3664    24.2146 -9.990e-29
 231.659583      1.314  38.823812    13.6979     6.7522      1.303    32.3661    24.2141 -9.990e-29
 231.659586      1.307  38.825633    13.6996     6.7538      1.296    32.3664    24.2140 -9.990e-29
 231.659589      1.304  38.827306    13.7013     6.7548      1.293    32.3665    24.2137 -9.990e-29
 231.659592      1.303  38.828853    13.7032     6.7570      1.292    32.3663    24.2132 -9.990e-29
 231.659595      1.305  38.830415    13.7056     6.7625      1.294    32.3658    24.2123 -9.990e-29
 231.659598      1.309  38.832047    13.7087     6.7623      1.298    32.3647    24.2108 -9.990e-29
 231.659601      1.313  38.833934    13.7117     6.7643      1.302    32.3639    24.2096 -9.990e-29
 231.659604      1.316  38.836562    13.7141     6.7617      1.305    32.3643    24.2094 -9.990e-29
 231.659606      1.319  38.839849    13.7155     6.7618      1.308    32.3661    24.2106 -9.990e-29
 231.659609      1.321  38.842529    13.7160     6.7622      1.310    32.3682    24.2121 -9.990e-29
 231.659612      1.323  38.843742    13.7156     6.7600      1.312    32.3697    24.2133 -9.990e-29
 231.659615      1.327  38.843843    13.7145     6.7583      1.316    32.3707    24.2143 -9.990e-29
 231.659618      1.332  38.843137    13.7124     6.7591      1.321    32.3718    24.2156 -9.990e-29
 231.659621      1.339  38.841841    13.7094     6.7593      1.328    32.3731    24.2172 -9.990e-29
 231.659624      1.347  38.840229    13.7055     6.7630      1.336    32.3749    24.2194 -9.990e-29
 231.659627      1.352  38.837887    13.7016     6.7661      1.341    32.3761    24.2211 -9.990e-29
 231.659630      1.354  38.834444    13.6989     6.7712      1.343    32.3751    24.2209 -9.990e-29
 231.659633      1.351  38.830308    13.6984     6.7737      1.340    32.3717    24.2184 -9.990e-29
 231.659635      1.343  38.826971    13.6994     6.7753      1.332    32.3678    24.2151 -9.990e-29
 231.659638      1.333  38.826190    13.7007     6.7743      1.322    32.3660    24.2134 -9.990e-29
 231.659641      1.323  38.827840    13.7011     6.7743      1.312    32.3672    24.2143 -9.990e-29
 231.659644      1.318  38.830144    13.6997     6.7729      1.307    32.3705    24.2171 -9.990e-29
 231.659647      1.319  38.831395    13.6961     6.7726      1.308    32.3747    24.2211 -9.990e-29
 231.659650      1.325  38.830579    13.6904     6.7700      1.314    32.3788    24.2254 -9.990e-29
 231.659653      1.333  38.827414    13.6832     6.7677      1.322    32.3819    24.2293 -9.990e-29
 231.659656      1.340  38.822119    13.6765     6.7691      1.329    32.3826    24.2312 -9.990e-29
 231.659659      1.342  38.815102    13.6722     6.7671      1.331    32.3798    24.2299 -9.990e-29
 231.659661      1.338  38.807592    13.6710     6.7652      1.327    32.3738    24.2255 -9.990e-29
 231.659664      1.327  38.802390    13.6723     6.7657      1.316    32.3679    24.2207 -9.990e-29
 231.659667      1.312  38.801213    13.6756     6.7670      1.301    32.3640    24.2170 -9.990e-29
 231.659670      1.294  38.803012    13.6799     6.7663      1.283    32.3620    24.2146 -9.990e-29
 231.659673      1.278  38.806489    13.6842     6.7705      1.267    32.3616    24.2134 -9.990e-29
 231.659676      1.265  38.811024    13.6872     6.7705      1.254    32.3633    24.2141 -9.990e-29
 231.659679      1.259  38.815792    13.6877     6.7749      1.248    32.3673    24.2171 -9.990e-29
 231.659682      1.261  38.819350    13.6849     6.7768      1.250    32.3730    24.2221 -9.990e-29
 231.659685      1.271  38.820401    13.6785     6.7814      1.260    32.3794    24.2283 -9.990e-29
 231.659687      1.289  38.818368    13.6694     6.7826      1.278    32.3852    24.2346 -9.990e-29
 231.659690      1.312  38.812642    13.6599     6.7788      1.301    32.3879    24.2386 -9.990e-29
 231.659693      1.336  38.803410    13.6519     6.7740      1.325    32.3861    24.2389 -9.990e-29
 231.659696      1.356  38.793270    13.6462     6.7729      1.345    32.3815    24.2364 -9.990e-29
 231.659699      1.369  38.785007    13.6436     6.7719      1.358    32.3760    24.2327 -9.990e-29
 231.659702      1.373  38.779493    13.6444     6.7724      1.362    32.3702    24.2281 -9.990e-29
 231.659705      1.369  38.776903    13.6485     6.7718      1.358    32.3643    24.2227 -9.990e-29
 231.659708      1.360  38.777409    13.6551     6.7710      1.349    32.3592    24.2174 -9.990e-29
 231.659711      1.346  38.781181    13.6626     6.7712      1.335    32.3564    24.2137 -9.990e-29
 231.659714      1.332  38.787820    13.6695     6.7724      1.321    32.3567    24.2126 -9.990e-29
 231.659716      1.320  38.795728    13.6750     6.7744      1.309    32.3594    24.2136 -9.990e-29
 231.659719      1.311  38.802842    13.6793     6.7770      1.300    32.3624    24.2150 -9.990e-29
 231.659722      1.306  38.808071    13.6825     6.7817      1.295    32.3645    24.2160 -9.990e-29
 231.659725      1.304  38.811823    13.6847     6.7844      1.293    32.3662    24.2168 -9.990e-29
 231.659728      1.305  38.814562    13.6856     6.7863      1.294    32.3679    24.2180 -9.990e-29
 231.659731      1.308  38.816405    13.6842     6.7854      1.297    32.3708    24.2205 -9.990e-29
 231.659734      1.314  38.817395    13.6803     6.7866      1.303    32.3751    24.2246 -9.990e-29
 231.659737      1.321  38.816394    13.6742     6.7880      1.310    32.3793    24.2291 -9.990e-29
 231.659740      1.329  38.812475    13.6668     6.7888      1.318    32.3819    24.2326 -9.990e-29
 231.659742      1.335  38.806274    13.6597     6.7858      1.324    32.3821    24.2342 -9.990e-29
 231.659745      1.338  38.798855    13.6544     6.7842      1.327    32.3797    24.2334 -9.990e-29
 231.659748      1.339  38.791643    13.6515     6.7871      1.328    32.3755    24.2307 -9.990e-29
 231.659751      1.337  38.786298    13.6515     6.7891      1.326    32.3705    24.2269 -9.990e-29
 231.659754      1.331  38.783648    13.6541     6.7922      1.320    32.3658    24.2228 -9.990e-29
 231.659757      1.324  38.783692    13.6588     6.7941      1.313    32.3619    24.2188 -9.990e-29
 231.659760      1.317  38.786348    13.6650     6.7960      1.306    32.3591    24.2154 -9.990e-29
 231.659763      1.311  38.791161    13.6720     6.7983      1.300    32.3577    24.2129 -9.990e-29
 231.659766      1.308  38.797190    13.6786     6.7988      1.297    32.3577    24.2115 -9.990e-29
