data/oxygen options/ONMS/Olympic_Coast_National_Marine_Sanctuary_Hypoxia_Survey_CTD_Data_2004_2015/raw_data/2008/CTD_CA100_090508faed.cnv
* Sea-Bird SBE19plus Data File:
* FileName = C:\2008_Mooring_Data\090508_service\CTD_CA100_090508.hex
* Software Version 1.59
* Temperature SN =  4671
* Conductivity SN =  4671
* System UpLoad Time = Sep 05 2008 09:36:22
* ds
* SeacatPlus V 1.6b  SERIAL NO. 4671    05 Sep 2008  09:35:32
# nquan = 9                                 
# nvalues = 1829                        
# units = specified
# name 0 = timeJ: Julian Days
# name 1 = prdM: Pressure, Strain Gauge [db]
# name 2 = c0mS/cm: Conductivity [mS/cm]
# name 3 = tv290C: Temperature [ITS-90, deg C]
# name 4 = sbeox0ML/L: Oxygen, SBE 43 [ml/l]
# name 5 = depSM: Depth [salt water, m], lat = 47.5
# name 6 = sal00: Salinity, Practical [PSU]
# name 7 = sigma-é00: Density [sigma-theta, kg/m^3]
# name 8 = flag: flag
# span 0 = 249.393762, 249.399051       
# span 1 =      0.043,     92.566       
# span 2 =   0.031336,  38.087353       
# span 3 =     7.3217,    13.8821       
# span 4 =     1.7849,     7.3723       
# span 5 =      0.043,     91.773       
# span 6 =     0.0223,    33.8923       
# span 7 =    -0.7180,    26.5013       
# span 8 = 0.0000e+00, 0.0000e+00       
# interval = seconds: 0.25
# start_time = Sep 05 2008 09:27:01 [Instrument's time stamp, header]
# bad_flag = -9.990e-29
*END*
[from data line 801]
 249.396079      1.875  38.080899    13.0856     6.5828      1.859    32.1900    24.2001 -9.990e-29
 249.396082      1.882  38.080904    13.0856     6.5844      1.866    32.1900    24.2001 -9.990e-29
 249.396085      1.893  38.080904    13.0854     6.5836      1.877    32.1902    24.2003 -9.990e-29
 249.396088      1.907  38.080873    13.0851     6.5842      1.891    32.1904    24.2005 -9.990e-29
 249.396091      1.919  38.080754    13.0848     6.5833      1.903    32.1905    24.2007 -9.990e-29
 249.396094      1.926  38.080534    13.0844     6.5835      1.910    32.1907    24.2009 -9.990e-29
 249.396097      1.925  38.080227    13.0841     6.5814      1.909    32.1906    24.2009 -9.990e-29
 249.396100      1.916  38.079846    13.0840     6.5810      1.900    32.1904    24.2007 -9.990e-29
 249.396102      1.901  38.079519    13.0839     6.5831      1.885    32.1902    24.2006 -9.990e-29
 249.396105      1.884  38.079391    13.0838     6.5832      1.868    32.1901    24.2006 -9.990e-29
 249.396108      1.870  38.079429    13.0837     6.5850      1.854    32.1902    24.2007 -9.990e-29
 249.396111      1.862  38.079476    13.0836     6.5861      1.846    32.1904    24.2008 -9.990e-29
 249.396114      1.863  38.079426    13.0834     6.5863      1.847    32.1905    24.2009 -9.990e-29
 249.396117      1.871  38.079283    13.0830     6.5853      1.855    32.1907    24.2012 -9.990e-29
 249.396120      1.885  38.079073    13.0825     6.5844      1.869    32.1909    24.2014 -9.990e-29
 249.396123      1.899  38.078750    13.0820     6.5815      1.883    32.1910    24.2016 -9.990e-29
 249.396126      1.910  38.078281    13.0815     6.5784      1.894    32.1910    24.2017 -9.990e-29
 249.396128      1.915  38.077726    13.0811     6.5780      1.899    32.1908    24.2017 -9.990e-29
 249.396131      1.914  38.077170    13.0810     6.5798      1.898    32.1904    24.2013 -9.990e-29
 249.396134      1.907  38.076765    13.0810     6.5794      1.891    32.1900    24.2010 -9.990e-29
 249.396137      1.898  38.076661    13.0809     6.5816      1.882    32.1900    24.2011 -9.990e-29
 249.396140      1.892  38.076759    13.0808     6.5824      1.876    32.1902    24.2012 -9.990e-29
 249.396143      1.889  38.076829    13.0807     6.5858      1.873    32.1903    24.2013 -9.990e-29
 249.396146      1.891  38.076753    13.0806     6.5855      1.875    32.1904    24.2014 -9.990e-29
 249.396149      1.895  38.076581    13.0808     6.5878      1.879    32.1900    24.2011 -9.990e-29
 249.396152      1.899  38.076494    13.0811     6.5887      1.883    32.1897    24.2008 -9.990e-29
 249.396155      1.901  38.076631    13.0815     6.5913      1.885    32.1895    24.2005 -9.990e-29
 249.396157      1.900  38.076983    13.0819     6.5942      1.884    32.1895    24.2004 -9.990e-29
 249.396160      1.898  38.077407    13.0823     6.5942      1.882    32.1895    24.2004 -9.990e-29
 249.396163      1.896  38.077761    13.0829     6.5964      1.880    32.1893    24.2001 -9.990e-29
 249.396166      1.897  38.078098    13.0834     6.5946      1.881    32.1892    24.2000 -9.990e-29
 249.396169      1.903  38.078532    13.0838     6.5934      1.887    32.1893    24.1999 -9.990e-29
 249.396172      1.914  38.079059    13.0837     6.5904      1.898    32.1899    24.2004 -9.990e-29
 249.396175      1.931  38.079494    13.0835     6.5876      1.915    32.1905    24.2009 -9.990e-29
 249.396178      1.956  38.079468    13.0832     6.5846      1.940    32.1907    24.2011 -9.990e-29
 249.396181      1.989  38.079025    13.0829     6.5830      1.972    32.1905    24.2010 -9.990e-29
 249.396183      2.032  38.078670    13.0825     6.5795      2.015    32.1905    24.2011 -9.990e-29
 249.396186      2.089  38.078470    13.0821     6.5759      2.072    32.1906    24.2013 -9.990e-29
 249.396189      2.161  38.078164    13.0817     6.5722      2.143    32.1906    24.2014 0.0000e+00
 249.396192      2.252  38.077788    13.0814     6.5745      2.233    32.1905    24.2013 0.0000e+00
 249.396195      2.362  38.077472    13.0811     6.5785      2.342    32.1904    24.2013 0.0000e+00
 249.396198      2.492  38.077228    13.0809     6.5808      2.471    32.1903    24.2013 0.0000e+00
 249.396201      2.639  38.077081    13.0807     6.5814      2.617    32.1903    24.2013 0.0000e+00
 249.396204      2.799  38.077032    13.0803     6.5778      2.776    32.1905    24.2016 0.0000e+00
 249.396207      2.966  38.076978    13.0797     6.5718      2.941    32.1909    24.2020 0.0000e+00
 249.396209      3.135  38.076769    13.0789     6.5640      3.109    32.1913    24.2025 0.0000e+00
 249.396212      3.304  38.076297    13.0781     6.5583      3.276    32.1915    24.2028 0.0000e+00
 249.396215      3.475  38.075648    13.0772     6.5523      3.446    32.1916    24.2030 0.0000e+00
 249.396218      3.652  38.074954    13.0760     6.5501      3.621    32.1919    24.2035 0.0000e+00
 249.396221      3.840  38.074213    13.0743     6.5483      3.808    32.1925    24.2044 0.0000e+00
 249.396224      4.040  38.073339    13.0719     6.5461      4.006    32.1937    24.2057 0.0000e+00
 249.396227      4.253  38.072142    13.0685     6.5419      4.217    32.1953    24.2077 0.0000e+00
 249.396230      4.475  38.070375    13.0638     6.5365      4.438    32.1976    24.2103 0.0000e+00
 249.396233      4.704  38.067728    13.0575     6.5287      4.665    32.2003    24.2137 0.0000e+00
 249.396236      4.938  38.063978    13.0493     6.5119      4.897    32.2037    24.2179 0.0000e+00
 249.396238      5.175  38.058889    13.0389     6.4946      5.132    32.2076    24.2230 0.0000e+00
 249.396241      5.413  38.052195    13.0256     6.4765      5.368    32.2125    24.2294 0.0000e+00
 249.396244      5.648  38.043778    13.0093     6.4629      5.601    32.2184    24.2371 0.0000e+00
 249.396247      5.882  38.033009    12.9907     6.4505      5.833    32.2239    24.2451 0.0000e+00
 249.396250      6.116  38.019190    12.9711     6.4385      6.065    32.2275    24.2517 0.0000e+00
 249.396253      6.353  38.002751    12.9509     6.4311      6.300    32.2291    24.2568 0.0000e+00
 249.396256      6.594  37.985433    12.9300     6.4238      6.539    32.2304    24.2620 0.0000e+00
 249.396259      6.842  37.968715    12.9079     6.4136      6.785    32.2334    24.2686 0.0000e+00
 249.396262      7.095  37.952037    12.8843     6.3890      7.036    32.2376    24.2764 0.0000e+00
 249.396264      7.352  37.934246    12.8584     6.3503      7.291    32.2428    24.2855 0.0000e+00
 249.396267      7.610  37.915371    12.8278     6.3034      7.546    32.2509    24.2977 0.0000e+00
 249.396270      7.866  37.895406    12.7891     6.2435      7.800    32.2649    24.3161 0.0000e+00
 249.396273      8.117  37.872646    12.7412     6.1801      8.049    32.2842    24.3403 0.0000e+00
 249.396276      8.360  37.843899    12.6865     6.1177      8.290    32.3037    24.3659 0.0000e+00
 249.396279      8.590  37.806048    12.6299     6.0579      8.518    32.3161    24.3865 0.0000e+00
 249.396282      8.809  37.760028    12.5754     6.0032      8.735    32.3190    24.3992 0.0000e+00
 249.396285      9.017  37.711949    12.5244     5.9569      8.942    32.3169    24.4073 0.0000e+00
 249.396288      9.221  37.667206    12.4759     5.9143      9.144    32.3158    24.4157 0.0000e+00
 249.396291      9.425  37.627534    12.4272     5.8716      9.346    32.3197    24.4280 0.0000e+00
 249.396293      9.635  37.591528    12.3759     5.8286      9.554    32.3294    24.4453 0.0000e+00
 249.396296      9.852  37.555700    12.3188     5.7805      9.770    32.3442    24.4676 0.0000e+00
 249.396299     10.076  37.517954    12.2521     5.7357      9.992    32.3655    24.4967 0.0000e+00
 249.396302     10.306  37.476441    12.1711     5.6901     10.220    32.3957    24.5353 0.0000e+00
 249.396305     10.539  37.427827    12.0698     5.6465     10.451    32.4366    24.5861 0.0000e+00
 249.396308     10.773  37.369307    11.9443     5.6076     10.683    32.4892    24.6503 0.0000e+00
 249.396311     11.005  37.296989    11.7990     5.5720     10.913    32.5460    24.7212 0.0000e+00
 249.396314     11.231  37.205113    11.6488     5.5402     11.137    32.5883    24.7816 0.0000e+00
 249.396317     11.451  37.093085    11.5117     5.5149     11.355    32.5995    24.8153 0.0000e+00
 249.396319     11.661  36.972020    11.3982     5.4809     11.563    32.5809    24.8214 0.0000e+00
 249.396322     11.863  36.860944    11.3089     5.4557     11.764    32.5506    24.8139 0.0000e+00
 249.396325     12.063  36.773791    11.2379     5.4318     11.962    32.5275    24.8087 0.0000e+00
 249.396328     12.264  36.710720    11.1774     5.4079     12.161    32.5187    24.8127 0.0000e+00
 249.396331     12.474  36.663735    11.1210     5.3865     12.370    32.5221    24.8254 0.0000e+00
 249.396334     12.696  36.624600    11.0646     5.3666     12.590    32.5333    24.8441 0.0000e+00
 249.396337     12.929  36.586781    11.0049     5.3474     12.821    32.5487    24.8666 0.0000e+00
 249.396340     13.173  36.547121    10.9384     5.3308     13.063    32.5684    24.8936 0.0000e+00
 249.396343     13.427  36.505129    10.8656     5.3171     13.315    32.5913    24.9242 0.0000e+00
 249.396345     13.689  36.458504    10.7942     5.3037     13.574    32.6084    24.9500 0.0000e+00
 249.396348     13.958  36.404056    10.7328     5.2922     13.841    32.6089    24.9611 0.0000e+00
 249.396351     14.232  36.346733    10.6845     5.2790     14.113    32.5947    24.9584 0.0000e+00
 249.396354     14.509  36.298296    10.6483     5.2699     14.387    32.5786    24.9521 0.0000e+00
 249.396357     14.790  36.263728    10.6218     5.2604     14.666    32.5676    24.9482 0.0000e+00
 249.396360     15.071  36.240249    10.6024     5.2506     14.945    32.5614    24.9466 0.0000e+00
 249.396363     15.352  36.224499    10.5880     5.2360     15.223    32.5584    24.9468 0.0000e+00
 249.396366     15.631  36.214152    10.5771     5.2201     15.500    32.5576    24.9481 0.0000e+00
 249.396369     15.906  36.207576    10.5693     5.2070     15.773    32.5579    24.9496 0.0000e+00
 249.396372     16.174  36.203760    10.5640     5.1924     16.038    32.5587    24.9512 0.0000e+00
 249.396374     16.433  36.202099    10.5606     5.1759     16.295    32.5600    24.9528 0.0000e+00
 249.396377     16.680  36.201804    10.5583     5.1574     16.540    32.5616    24.9544 0.0000e+00
 249.396380     16.910  36.202014    10.5568     5.1222     16.768    32.5631    24.9558 0.0000e+00
 249.396383     17.121  36.202209    10.5560     5.1014     16.977    32.5639    24.9566 0.0000e+00
 249.396386     17.315  36.202259    10.5558     5.0684     17.170    32.5640    24.9568 0.0000e+00
 249.396389     17.496  36.202189    10.5560     5.0374     17.349    32.5637    24.9565 0.0000e+00
 249.396392     17.674  36.202112    10.5558     5.0043     17.526    32.5637    24.9565 0.0000e+00
 249.396395     17.860  36.202131    10.5535     4.9738     17.710    32.5657    24.9585 0.0000e+00
 249.396398     18.061  36.202089    10.5473     4.9461     17.909    32.5711    24.9638 0.0000e+00
 249.396400     18.278  36.201179    10.5362     4.9182     18.125    32.5801    24.9726 0.0000e+00
 249.396403     18.511  36.197636    10.5194     4.8925     18.356    32.5914    24.9844 0.0000e+00
 249.396406     18.759  36.190254    10.4955     4.8668     18.602    32.6053    24.9993 0.0000e+00
 249.396409     19.018  36.179218    10.4636     4.8473     18.858    32.6227    25.0183 0.0000e+00
 249.396412     19.285  36.163891    10.4251     4.8297     19.123    32.6418    25.0398 0.0000e+00
 249.396415     19.560  36.142453    10.3818     4.8146     19.396    32.6590    25.0606 0.0000e+00
 249.396418     19.839  36.114828    10.3334     4.7996     19.672    32.6746    25.0810 0.0000e+00
 249.396421     20.121  36.083442    10.2770     4.7819     19.952    32.6937    25.1054 0.0000e+00
 249.396424     20.404  36.049637    10.2107     4.7627     20.233    32.7193    25.1365 0.0000e+00
 249.396427     20.689  36.010628    10.1365     4.7383     20.515    32.7468    25.1705 0.0000e+00
 249.396429     20.972  35.962209    10.0612     4.7155     20.796    32.7658    25.1980 0.0000e+00
 249.396432     21.253  35.903880     9.9927     4.6907     21.075    32.7687    25.2116 0.0000e+00
 249.396435     21.528  35.841114     9.9357     4.6660     21.347    32.7565    25.2116 0.0000e+00
 249.396438     21.796  35.783371     9.8904     4.6435     21.613    32.7389    25.2053 0.0000e+00
 249.396441     22.051  35.737553     9.8542     4.6206     21.866    32.7250    25.2005 0.0000e+00
 249.396444     22.291  35.703764     9.8246     4.6004     22.104    32.7174    25.1994 0.0000e+00
 249.396447     22.515  35.678172     9.8003     4.5781     22.326    32.7133    25.2002 0.0000e+00
 249.396450     22.726  35.657306     9.7795     4.5597     22.535    32.7108    25.2017 0.0000e+00
 249.396453     22.931  35.639758     9.7595     4.5403     22.738    32.7110    25.2051 0.0000e+00
 249.396455     23.139  35.625262     9.7369     4.5215     22.945    32.7166    25.2132 0.0000e+00
 249.396458     23.355  35.612312     9.7093     4.5035     23.159    32.7284    25.2269 0.0000e+00
 249.396461     23.581  35.597840     9.6745     4.4900     23.383    32.7452    25.2457 0.0000e+00
 249.396464     23.816  35.579425     9.6307     4.4693     23.616    32.7662    25.2693 0.0000e+00
 249.396467     24.057  35.556191     9.5771     4.4528     23.855    32.7913    25.2975 0.0000e+00
 249.396470     24.303  35.527230     9.5175     4.4366     24.099    32.8159    25.3265 0.0000e+00
 249.396473     24.551  35.490924     9.4589     4.4215     24.345    32.8322    25.3486 0.0000e+00
 249.396476     24.798  35.448808     9.4069     4.4050     24.590    32.8365    25.3603 0.0000e+00
 249.396479     25.044  35.407720     9.3634     4.3867     24.833    32.8340    25.3653 0.0000e+00
 249.396481     25.292  35.373622     9.3272     4.3699     25.079    32.8319    25.3695 0.0000e+00
 249.396484     25.541  35.347333     9.2954     4.3519     25.326    32.8339    25.3762 0.0000e+00
 249.396487     25.794  35.326988     9.2645     4.3351     25.577    32.8412    25.3868 0.0000e+00
 249.396490     26.051  35.309855     9.2317     4.3178     25.832    32.8536    25.4016 0.0000e+00
 249.396493     26.312  35.292935     9.1957     4.3022     26.091    32.8691    25.4195 0.0000e+00
 249.396496     26.574  35.273320     9.1582     4.2877     26.351    32.8833    25.4365 0.0000e+00
 249.396499     26.837  35.248870     9.1218     4.2757     26.611    32.8914    25.4486 0.0000e+00
 249.396502     27.098  35.220582     9.0874     4.2638     26.870    32.8937    25.4558 0.0000e+00
 249.396505     27.357  35.192451     9.0536     4.2534     27.127    32.8956    25.4626 0.0000e+00
 249.396508     27.616  35.166923     9.0185     4.2410     27.384    32.9015    25.4727 0.0000e+00
 249.396510     27.876  35.142746     8.9809     4.2276     27.641    32.9110    25.4860 0.0000e+00
 249.396513     28.138  35.117479     8.9406     4.2123     27.901    32.9219    25.5009 0.0000e+00
 249.396516     28.402  35.089943     8.8983     4.1993     28.163    32.9323    25.5156 0.0000e+00
 249.396519     28.665  35.060263     8.8560     4.1848     28.424    32.9405    25.5286 0.0000e+00
 249.396522     28.925  35.028497     8.8158     4.1715     28.682    32.9445    25.5379 0.0000e+00
 249.396525     29.178  34.995917     8.7795     4.1576     28.932    32.9441    25.5432 0.0000e+00
 249.396528     29.422  34.965178     8.7489     4.1479     29.174    32.9403    25.5449 0.0000e+00
 249.396531     29.653  34.937659     8.7245     4.1366     29.403    32.9341    25.5438 0.0000e+00
 249.396534     29.871  34.914465     8.7059     4.1304     29.620    32.9270    25.5411 0.0000e+00
 249.396536     30.080  34.896597     8.6918     4.1235     29.827    32.9213    25.5388 0.0000e+00
