data/oxygen options/ONMS/Olympic_Coast_National_Marine_Sanctuary_Hypoxia_Survey_CTD_Data_2004_2015/raw_data/2008/CTD_CA100_052908faedb.cnv
* Sea-Bird SBE19 Data File:
* FileName = C:\2008_Mooring_Data\042408_service\CTD_CA100_052908.hex
* Software Version 1.58
* Temperature SN = 2997
* Conductivity SN = 2997
* System UpLoad Time = May 29 2008 13:03:14
**
**
# nquan = 9
# nvalues = 97                          
# units = specified
# name 0 = timeJ: Julian Days
# name 1 = prSM: Pressure, Strain Gauge [db]
# name 2 = c0mS/cm: Conductivity [mS/cm]
# name 3 = t090C: Temperature [ITS-90, deg C]
# name 4 = sbeox0ML/L: Oxygen, SBE 43 [ml/l]
# name 5 = depSM: Depth [salt water, m], lat = 47.5
# name 6 = sal00: Salinity, Practical [PSU]
# name 7 = sigma-é00: Density [sigma-theta, kg/m^3]
# name 8 = flag: flag
# span 0 = 150.539757, 150.540815       
# span 1 =      1.000,     97.000       
# span 2 =  34.009455,  36.117110       
# span 3 =     7.0250,    11.0683       
# span 4 =     2.1634,     7.4136       
# span 5 =      0.992,     96.168       
# span 6 =    32.0342,    33.8739       
# span 7 =    24.4549,    26.5289       
# span 8 = 0.0000e+00, 0.0000e+00       
# interval = decibars: 1                
# start_time = May 29 2008 12:54:00 [Instrument's time stamp, header]
# bad_flag = -9.990e-29
*END*
 150.539757      1.000  36.117110    11.0683     7.4136      0.992    32.0342    24.4549 0.0000e+00
 150.539782      2.000  36.097975    11.0418     7.3753      1.983    32.0380    24.4625 0.0000e+00
 150.539799      3.000  36.065431    10.9810     7.3127      2.975    32.0585    24.4892 0.0000e+00
 150.539811      4.000  36.017132    10.9178     7.3538      3.967    32.0655    24.5057 0.0000e+00
 150.539822      5.000  35.987812    10.8751     7.3700      4.958    32.0734    24.5193 0.0000e+00
 150.539833      6.000  35.968949    10.8493     7.3447      5.950    32.0769    24.5265 0.0000e+00
 150.539844      7.000  35.961358    10.8331     7.3037      6.941    32.0832    24.5343 0.0000e+00
 150.539853      8.000  35.957146    10.7999     7.1357      7.933    32.1078    24.5591 0.0000e+00
 150.539863      9.000  35.933801    10.7061     6.8505      8.925    32.1665    24.6211 0.0000e+00
 150.539872     10.000  35.872270    10.5506     6.5584      9.917    32.2420    24.7066 0.0000e+00
 150.539881     11.000  35.728637    10.3050     6.2734     10.908    32.3155    24.8057 0.0000e+00
 150.539890     12.000  35.529551    10.0063     6.0119     11.900    32.3810    24.9066 0.0000e+00
 150.539900     13.000  35.330348     9.7681     5.8039     12.891    32.3921    24.9545 0.0000e+00
 150.539908     14.000  35.177280     9.5888     5.6286     13.882    32.3970    24.9875 0.0000e+00
 150.539917     15.000  35.058457     9.3973     5.4708     14.874    32.4481    25.0581 0.0000e+00
 150.539926     16.000  34.945692     9.2313     5.2756     15.866    32.4822    25.1112 0.0000e+00
 150.539935     17.000  34.892600     9.1134     5.1656     16.858    32.5343    25.1704 0.0000e+00
 150.539944     18.000  34.851602     8.9488     5.1041     17.849    32.6422    25.2805 0.0000e+00
 150.539953     19.000  34.770297     8.8048     5.0237     18.841    32.6895    25.3398 0.0000e+00
 150.539961     20.000  34.692802     8.7200     4.9188     19.832    32.6863    25.3503 0.0000e+00
 150.539970     21.000  34.646065     8.6553     4.7848     20.824    32.6967    25.3683 0.0000e+00
 150.539979     22.000  34.571944     8.5822     4.6228     21.815    32.6861    25.3711 0.0000e+00
 150.539988     23.000  34.500885     8.4978     4.4214     22.807    32.6892    25.3862 0.0000e+00
 150.539997     24.000  34.438695     8.3958     4.1840     23.798    32.7180    25.4241 0.0000e+00
 150.540006     25.000  34.393574     8.2851     4.0078     24.790    32.7728    25.4836 0.0000e+00
 150.540014     26.000  34.333218     8.1789     3.9034     25.782    32.8076    25.5266 0.0000e+00
 150.540023     27.000  34.255246     8.0885     3.8422     26.773    32.8090    25.5409 0.0000e+00
 150.540032     28.000  34.209694     8.0099     3.8418     27.764    32.8337    25.5717 0.0000e+00
 150.540041     29.000  34.178854     7.9358     3.8663     28.756    32.8700    25.6110 0.0000e+00
 150.540049     30.000  34.154553     7.8752     3.8031     29.747    32.9006    25.6438 0.0000e+00
 150.540058     31.000  34.140669     7.8307     3.6877     30.739    32.9272    25.6711 0.0000e+00
 150.540067     32.000  34.145456     7.7940     3.6029     31.731    32.9665    25.7072 0.0000e+00
 150.540075     33.000  34.147569     7.7562     3.5241     32.722    33.0041    25.7422 0.0000e+00
 150.540084     34.000  34.117313     7.7216     3.4330     33.714    33.0040    25.7471 0.0000e+00
 150.540093     35.000  34.091026     7.6958     3.3681     34.705    32.9997    25.7473 0.0000e+00
 150.540102     36.000  34.080242     7.6739     3.3382     35.696    33.0084    25.7573 0.0000e+00
 150.540111     37.000  34.065755     7.6540     3.3080     36.688    33.0112    25.7624 0.0000e+00
 150.540120     38.000  34.048180     7.6380     3.2189     37.679    33.0070    25.7613 0.0000e+00
 150.540129     39.000  34.046248     7.6157     3.0810     38.671    33.0256    25.7792 0.0000e+00
 150.540138     40.000  34.048271     7.5805     2.9755     39.662    33.0608    25.8118 0.0000e+00
 150.540146     41.000  34.044900     7.5320     2.9496     40.654    33.1029    25.8517 0.0000e+00
 150.540155     42.000  34.040387     7.4813     2.9346     41.645    33.1459    25.8926 0.0000e+00
 150.540164     43.000  34.037737     7.4440     2.9195     42.637    33.1782    25.9233 0.0000e+00
 150.540173     44.000  34.034517     7.4215     2.9069     43.628    33.1958    25.9403 0.0000e+00
 150.540181     45.000  34.030854     7.4099     2.8818     44.619    33.2025    25.9473 0.0000e+00
 150.540190     46.000  34.027742     7.4006     2.8346     45.611    33.2076    25.9525 0.0000e+00
 150.540200     47.000  34.025562     7.3891     2.7784     46.602    33.2158    25.9606 0.0000e+00
 150.540208     48.000  34.023101     7.3710     2.7128     47.594    33.2300    25.9743 0.0000e+00
 150.540217     49.000  34.019165     7.3448     2.6439     48.585    33.2504    25.9940 0.0000e+00
 150.540226     50.000  34.014251     7.3198     2.5682     49.577    33.2686    26.0118 0.0000e+00
 150.540234     51.000  34.009455     7.2942     2.5172     50.568    33.2875    26.0303 0.0000e+00
 150.540243     52.000  34.010312     7.2686     2.4948     51.560    33.3127    26.0536 0.0000e+00
 150.540252     53.000  34.015918     7.2430     2.5188     52.551    33.3429    26.0810 0.0000e+00
 150.540260     54.000  34.021291     7.2176     2.5261     53.543    33.3728    26.1080 0.0000e+00
 150.540269     55.000  34.026935     7.2012     2.5066     54.534    33.3944    26.1272 0.0000e+00
 150.540278     56.000  34.030599     7.1920     2.4973     55.525    33.4067    26.1383 0.0000e+00
 150.540287     57.000  34.032330     7.1872     2.4955     56.517    33.4127    26.1436 0.0000e+00
 150.540296     58.000  34.034734     7.1832     2.4469     57.507    33.4188    26.1490 0.0000e+00
 150.540305     59.000  34.035766     7.1813     2.3816     58.499    33.4213    26.1512 0.0000e+00
 150.540314     60.000  34.036086     7.1800     2.3185     59.491    33.4223    26.1522 0.0000e+00
 150.540322     61.000  34.038185     7.1728     2.2973     60.482    33.4312    26.1602 0.0000e+00
 150.540332     62.000  34.041161     7.1598     2.2600     61.473    33.4465    26.1741 0.0000e+00
 150.540341     63.000  34.044308     7.1387     2.2002     62.464    33.4700    26.1954 0.0000e+00
 150.540350     64.000  34.048068     7.1126     2.1737     63.456    33.4990    26.2218 0.0000e+00
 150.540360     65.000  34.050469     7.0922     2.1634     64.447    33.5209    26.2419 0.0000e+00
 150.540369     66.000  34.050535     7.0812     2.1926     65.439    33.5312    26.2515 0.0000e+00
 150.540380     67.000  34.049186     7.0728     2.2510     66.430    33.5374    26.2575 0.0000e+00
 150.540391     68.000  34.053748     7.0659     2.3097     67.421    33.5486    26.2674 0.0000e+00
 150.540403     69.000  34.065480     7.0557     2.3619     68.413    33.5709    26.2863 0.0000e+00
 150.540416     70.000  34.083702     7.0535     2.4621     69.404    33.5926    26.3037 0.0000e+00
 150.540431     71.000  34.100509     7.0594     2.5775     70.395    33.6047    26.3124 0.0000e+00
 150.540447     72.000  34.132649     7.0709     2.7829     71.386    33.6281    26.3293 0.0000e+00
 150.540464     73.000  34.176659     7.0991     2.8092     72.378    33.6482    26.3413 0.0000e+00
 150.540480     74.000  34.257459     7.1390     2.6922     73.369    33.6971    26.3743 0.0000e+00
 150.540495     75.000  34.279097     7.1392     2.6334     74.361    33.7200    26.3924 0.0000e+00
 150.540508     76.000  34.290843     7.1326     2.5948     75.352    33.7389    26.4082 0.0000e+00
 150.540522     77.000  34.310401     7.1261     2.5509     76.343    33.7661    26.4305 0.0000e+00
 150.540535     78.000  34.320202     7.1153     2.5308     77.334    33.7869    26.4483 0.0000e+00
 150.540548     79.000  34.332154     7.1026     2.5132     78.325    33.8120    26.4699 0.0000e+00
 150.540561     80.000  34.339586     7.0891     2.4699     79.316    33.8328    26.4881 0.0000e+00
 150.540573     81.000  34.336054     7.0727     2.4501     80.308    33.8446    26.4997 0.0000e+00
 150.540585     82.000  34.329619     7.0557     2.4463     81.300    33.8537    26.5092 0.0000e+00
 150.540597     83.000  34.321995     7.0422     2.4464     82.291    33.8582    26.5146 0.0000e+00
 150.540609     84.000  34.320478     7.0349     2.4440     83.282    33.8632    26.5196 0.0000e+00
 150.540622     85.000  34.323007     7.0316     2.4364     84.273    33.8687    26.5243 0.0000e+00
 150.540636     86.000  34.324819     7.0279     2.4292     85.264    33.8739    26.5289 0.0000e+00
 150.540648     87.000  34.324894     7.0279     2.4378     86.256    33.8735    26.5286 0.0000e+00
 150.540662     88.000  34.319307     7.0290     2.4341     87.247    33.8658    26.5225 0.0000e+00
 150.540675     89.000  34.318491     7.0281     2.4357     88.239    33.8653    26.5222 0.0000e+00
 150.540690     90.000  34.320949     7.0301     2.4427     89.229    33.8656    26.5221 0.0000e+00
 150.540707     91.000  34.324518     7.0306     2.4192     90.221    33.8684    26.5243 0.0000e+00
 150.540722     92.000  34.322276     7.0252     2.4205     91.212    33.8709    26.5270 0.0000e+00
 150.540736     93.000  34.324408     7.0252     2.4190     92.203    33.8726    26.5284 0.0000e+00
 150.540751     94.000  34.323994     7.0250     2.4287     93.195    33.8719    26.5279 0.0000e+00
 150.540768     95.000  34.324592     7.0260     2.4194     94.186    33.8711    26.5271 0.0000e+00
 150.540788     96.000  34.323986     7.0256     2.4083     95.177    33.8704    26.5266 0.0000e+00
 150.540815     97.000  34.304576     7.0265     2.4053     96.168    33.8477    26.5086 0.0000e+00
