data/oxygen options/ONMS/Olympic_Coast_National_Marine_Sanctuary_Hypoxia_Survey_CTD_Data_2004_2015/raw_data/2008/CTD_RR042_081808faed.cnv
* Sea-Bird SBE19plus Data File:
* FileName = C:\2008_Mooring_Data\081808_sevice\CTD_RR042_081808.hex
* Software Version 1.59
* Temperature SN =  4671
* Conductivity SN =  4671
* System UpLoad Time = Aug 18 2008 15:54:35
* ds
* SeacatPlus V 1.6b  SERIAL NO. 4671    18 Aug 2008  15:54:09
# nquan = 9                                 
# nvalues = 1256                        
# units = specified
# name 0 = timeJ: Julian Days
# name 1 = prdM: Pressure, Strain Gauge [db]
# name 2 = c0mS/cm: Conductivity [mS/cm]
# name 3 = tv290C: Temperature [ITS-90, deg C]
# name 4 = sbeox0ML/L: Oxygen, SBE 43 [ml/l]
# name 5 = depSM: Depth [salt water, m], lat = 47.5
# name 6 = sal00: Salinity, Practical [PSU]
# name 7 = sigma-é00: Density [sigma-theta, kg/m^3]
# name 8 = flag: flag
# span 0 = 231.658380, 231.662011       
# span 1 =     -0.058,     43.811       
# span 2 =   0.160604,  39.170108       
# span 3 =     7.2989,    14.3827       
# span 4 =     0.9543,     7.1338       
# span 5 =     -0.058,     43.441       
# span 6 =     0.0971,    33.7689       
# span 7 =    -0.7316,    26.4054       
# span 8 = 0.0000e+00, 0.0000e+00       
# interval = seconds: 0.25
# start_time = Aug 18 2008 15:48:04 [Instrument's time stamp, header]
# bad_flag = -9.990e-29
*END*
[from data line 161]
 231.658845      1.316  38.794777    13.7589     5.2541      1.305    32.2877    24.1412 -9.990e-29
 231.658848      1.321  38.809488    13.7426     5.2353      1.310    32.3151    24.1656 -9.990e-29
 231.658851      1.329  38.846619    13.7285     5.2176      1.318    32.3614    24.2043 -9.990e-29
 231.658854      1.338  38.872502    13.7200     5.1988      1.327    32.3926    24.2301 -9.990e-29
 231.658857      1.346  38.888308    13.7191     5.1806      1.335    32.4081    24.2422 -9.990e-29
 231.658860      1.351  38.906902    13.7269     5.1690      1.340    32.4187    24.2489 -9.990e-29
 231.658863      1.352  38.932432    13.7423     5.1696      1.341    32.4294    24.2540 -9.990e-29
 231.658866      1.350  38.960873    13.7612     5.1733      1.339    32.4398    24.2582 -9.990e-29
 231.658869      1.345  38.985429    13.7793     5.1849      1.334    32.4472    24.2603 -9.990e-29
 231.658872      1.338  39.003249    13.7943     5.2031      1.327    32.4511    24.2602 -9.990e-29
 231.658874      1.330  39.015954    13.8058     5.2232      1.319    32.4531    24.2594 -9.990e-29
 231.658877      1.321  39.025832    13.8142     5.2349      1.310    32.4552    24.2593 -9.990e-29
 231.658880      1.313  39.033854    13.8201     5.2388      1.302    32.4576    24.2600 -9.990e-29
 231.658883      1.305  39.040020    13.8233     5.2373      1.294    32.4606    24.2616 -9.990e-29
 231.658886      1.300  39.043957    13.8230     5.2416      1.289    32.4645    24.2647 -9.990e-29
 231.658889      1.298  39.044818    13.8170     5.2447      1.287    32.4704    24.2705 -9.990e-29
 231.658892      1.301  39.040845    13.8042     5.2474      1.290    32.4776    24.2786 -9.990e-29
 231.658895      1.310  39.029923    13.7871     5.2436      1.299    32.4819    24.2855 -9.990e-29
 231.658898      1.322  39.011906    13.7714     5.2376      1.311    32.4785    24.2860 -9.990e-29
 231.658900      1.334  38.990361    13.7620     5.2258      1.323    32.4665    24.2786 -9.990e-29
 231.658903      1.343  38.972734    13.7630     5.2153      1.332    32.4493    24.2651 -9.990e-29
 231.658906      1.347  38.968471    13.7755     5.2015      1.336    32.4347    24.2514 -9.990e-29
 231.658909      1.343  38.982027    13.7962     5.1874      1.332    32.4298    24.2433 -9.990e-29
 231.658912      1.334  39.007267    13.8184     5.1730      1.323    32.4344    24.2424 -9.990e-29
 231.658915      1.321  39.032636    13.8356     5.1570      1.310    32.4434    24.2458 -9.990e-29
 231.658918      1.308  39.050144    13.8427     5.1346      1.297    32.4536    24.2522 -9.990e-29
 231.658921      1.297  39.056266    13.8364     5.1235      1.286    32.4646    24.2620 -9.990e-29
 231.658924      1.292  39.048765    13.8181     5.1190      1.281    32.4731    24.2724 -9.990e-29
 231.658927      1.291  39.028774    13.7939     5.1268      1.280    32.4751    24.2788 -9.990e-29
 231.658929      1.296  39.002457    13.7703     5.1384      1.285    32.4707    24.2802 -9.990e-29
 231.658932      1.303  38.975872    13.7514     5.1495      1.292    32.4620    24.2774 -9.990e-29
 231.658935      1.311  38.954417    13.7385     5.1527      1.300    32.4530    24.2730 -9.990e-29
 231.658938      1.318  38.944819    13.7319     5.1505      1.307    32.4497    24.2718 -9.990e-29
 231.658941      1.322  38.950931    13.7320     5.1425      1.311    32.4553    24.2761 -9.990e-29
 231.658944      1.324  38.970441    13.7378     5.1328      1.313    32.4685    24.2851 -9.990e-29
 231.658947      1.325  38.995217    13.7467     5.1201      1.314    32.4840    24.2952 -9.990e-29
 231.658950      1.326  39.016463    13.7550     5.1048      1.315    32.4966    24.3034 -9.990e-29
 231.658953      1.326  39.029578    13.7606     5.0906      1.315    32.5041    24.3080 -9.990e-29
 231.658955      1.326  39.033436    13.7632     5.0811      1.315    32.5054    24.3085 -9.990e-29
 231.658958      1.326  39.029513    13.7648     5.0747      1.315    32.5004    24.3043 -9.990e-29
 231.658961      1.324  39.022531    13.7687     5.0764      1.313    32.4906    24.2959 -9.990e-29
 231.658964      1.320  39.018931    13.7779     5.0794      1.309    32.4795    24.2855 -9.990e-29
 231.658967      1.314  39.023215    13.7925     5.0797      1.303    32.4711    24.2760 -9.990e-29
 231.658970      1.305  39.034349    13.8085     5.0759      1.294    32.4679    24.2703 -9.990e-29
 231.658973      1.297  39.046048    13.8199     5.0677      1.286    32.4691    24.2689 -9.990e-29
 231.658976      1.291  39.052335    13.8217     5.0585      1.280    32.4734    24.2718 -9.990e-29
 231.658979      1.290  39.050059    13.8121     5.0494      1.279    32.4794    24.2784 -9.990e-29
 231.658981      1.293  39.037668    13.7940     5.0426      1.282    32.4833    24.2851 -9.990e-29
 231.658984      1.302  39.016736    13.7733     5.0427      1.291    32.4814    24.2879 -9.990e-29
 231.658987      1.313  38.991758    13.7555     5.0480      1.302    32.4733    24.2852 -9.990e-29
 231.658990      1.325  38.968167    13.7439     5.0593      1.314    32.4612    24.2783 -9.990e-29
 231.658993      1.336  38.953307    13.7403     5.0737      1.325    32.4505    24.2707 -9.990e-29
 231.658996      1.343  38.953799    13.7461     5.0875      1.332    32.4460    24.2661 -9.990e-29
 231.658999      1.346  38.969684    13.7603     5.0902      1.335    32.4487    24.2653 -9.990e-29
 231.659002      1.348  38.993298    13.7776     5.0885      1.337    32.4560    24.2674 -9.990e-29
 231.659005      1.347  39.014562    13.7915     5.0822      1.336    32.4639    24.2707 -9.990e-29
 231.659008      1.347  39.027442    13.7974     5.0711      1.336    32.4709    24.2748 -9.990e-29
 231.659010      1.348  39.030587    13.7938     5.0619      1.337    32.4768    24.2802 -9.990e-29
 231.659013      1.350  39.024720    13.7824     5.0599      1.339    32.4811    24.2857 -9.990e-29
 231.659016      1.352  39.012851    13.7684     5.0613      1.341    32.4819    24.2893 -9.990e-29
 231.659019      1.354  39.000420    13.7569     5.0645      1.343    32.4801    24.2902 -9.990e-29
 231.659022      1.353  38.992528    13.7511     5.0678      1.342    32.4777    24.2895 -9.990e-29
 231.659025      1.350  38.992078    13.7529     5.0766      1.339    32.4758    24.2877 -9.990e-29
 231.659028      1.344  38.999752    13.7631     5.0875      1.333    32.4743    24.2844 -9.990e-29
 231.659031      1.334  39.013370    13.7791     5.0942      1.323    32.4733    24.2805 -9.990e-29
 231.659034      1.323  39.028247    13.7949     5.0938      1.312    32.4738    24.2776 -9.990e-29
 231.659036      1.312  39.039622    13.8050     5.0894      1.301    32.4757    24.2770 -9.990e-29
 231.659039      1.303  39.043901    13.8056     5.0823      1.292    32.4792    24.2796 -9.990e-29
 231.659042      1.299  39.039021    13.7965     5.0813      1.288    32.4824    24.2839 -9.990e-29
 231.659045      1.299  39.024939    13.7813     5.0831      1.288    32.4822    24.2869 -9.990e-29
 231.659048      1.303  39.004285    13.7657     5.0890      1.292    32.4763    24.2855 -9.990e-29
 231.659051      1.309  38.981335    13.7540     5.0987      1.298    32.4649    24.2790 -9.990e-29
 231.659054      1.314  38.961236    13.7492     5.1116      1.303    32.4503    24.2687 -9.990e-29
 231.659057      1.316  38.951353    13.7541     5.1180      1.305    32.4370    24.2575 -9.990e-29
 231.659060      1.315  38.958188    13.7691     5.1259      1.304    32.4306    24.2495 -9.990e-29
 231.659063      1.309  38.979966    13.7900     5.1339      1.298    32.4331    24.2472 -9.990e-29
 231.659065      1.300  39.006211    13.8099     5.1387      1.289    32.4406    24.2489 -9.990e-29
 231.659068      1.291  39.026852    13.8227     5.1401      1.280    32.4489    24.2527 -9.990e-29
 231.659071      1.285  39.037328    13.8245     5.1327      1.274    32.4571    24.2587 -9.990e-29
 231.659074      1.282  39.035994    13.8138     5.1237      1.271    32.4649    24.2669 -9.990e-29
 231.659077      1.285  39.022037    13.7931     5.1143      1.274    32.4695    24.2747 -9.990e-29
 231.659080      1.293  38.997980    13.7681     5.1089      1.282    32.4684    24.2789 -9.990e-29
 231.659083      1.306  38.969791    13.7439     5.1059      1.295    32.4627    24.2794 -9.990e-29
 231.659086      1.322  38.941748    13.7237     5.1083      1.311    32.4538    24.2766 -9.990e-29
 231.659089      1.338  38.917208    13.7097     5.1157      1.327    32.4429    24.2710 -9.990e-29
 231.659091      1.351  38.901048    13.7035     5.1246      1.340    32.4331    24.2647 -9.990e-29
 231.659094      1.359  38.896631    13.7068     5.1282      1.348    32.4262    24.2587 -9.990e-29
 231.659097      1.360  38.905649    13.7206     5.1268      1.349    32.4229    24.2534 -9.990e-29
 231.659100      1.355  38.928141    13.7421     5.1254      1.344    32.4256    24.2511 -9.990e-29
 231.659103      1.344  38.957933    13.7641     5.1242      1.333    32.4346    24.2536 -9.990e-29
 231.659106      1.331  38.983888    13.7795     5.1222      1.320    32.4457    24.2590 -9.990e-29
 231.659109      1.318  38.998616    13.7843     5.1170      1.307    32.4553    24.2654 -9.990e-29
 231.659112      1.310  39.000215    13.7776     5.1118      1.299    32.4624    24.2723 -9.990e-29
 231.659115      1.307  38.988090    13.7621     5.1134      1.296    32.4643    24.2769 -9.990e-29
 231.659117      1.309  38.965673    13.7429     5.1181      1.298    32.4598    24.2773 -9.990e-29
 231.659120      1.317  38.940202    13.7246     5.1245      1.306    32.4516    24.2748 -9.990e-29
 231.659123      1.328  38.916027    13.7101     5.1295      1.317    32.4414    24.2698 -9.990e-29
 231.659126      1.339  38.896069    13.7014     5.1312      1.328    32.4303    24.2630 -9.990e-29
 231.659129      1.348  38.884800    13.6997     5.1327      1.337    32.4212    24.2563 -9.990e-29
 231.659132      1.352  38.885632    13.7068     5.1331      1.341    32.4160    24.2509 -9.990e-29
 231.659135      1.350  38.900329    13.7240     5.1346      1.339    32.4151    24.2467 -9.990e-29
 231.659138      1.343  38.927277    13.7487     5.1320      1.332    32.4192    24.2448 -9.990e-29
 231.659141      1.331  38.959221    13.7749     5.1283      1.320    32.4267    24.2453 -9.990e-29
 231.659144      1.316  38.987047    13.7965     5.1228      1.305    32.4342    24.2467 -9.990e-29
 231.659146      1.301  39.005565    13.8096     5.1195      1.290    32.4403    24.2487 -9.990e-29
 231.659149      1.288  39.014123    13.8108     5.1157      1.277    32.4472    24.2538 -9.990e-29
 231.659152      1.281  39.011941    13.7990     5.1130      1.270    32.4552    24.2624 -9.990e-29
 231.659155      1.281  38.997375    13.7777     5.1153      1.270    32.4597    24.2702 -9.990e-29
 231.659158      1.288  38.972991    13.7532     5.1175      1.277    32.4578    24.2737 -9.990e-29
 231.659161      1.300  38.945083    13.7309     5.1188      1.289    32.4508    24.2729 -9.990e-29
 231.659164      1.314  38.919136    13.7137     5.1161      1.303    32.4413    24.2690 -9.990e-29
 231.659167      1.328  38.901332    13.7023     5.1052      1.317    32.4344    24.2660 -9.990e-29
 231.659170      1.339  38.898095    13.6965     5.0884      1.328    32.4363    24.2686 -9.990e-29
 231.659172      1.347  38.911267    13.6956     5.0686      1.336    32.4493    24.2789 -9.990e-29
 231.659175      1.351  38.935063    13.6981     5.0488      1.340    32.4693    24.2938 -9.990e-29
 231.659178      1.354  38.958530    13.7027     5.0301      1.343    32.4872    24.3067 -9.990e-29
 231.659181      1.356  38.973395    13.7090     5.0085      1.345    32.4957    24.3120 -9.990e-29
 231.659184      1.356  38.977546    13.7172     4.9969      1.345    32.4926    24.3079 -9.990e-29
 231.659187      1.354  38.975251    13.7284     4.9925      1.343    32.4809    24.2966 -9.990e-29
 231.659190      1.348  38.974756    13.7436     4.9929      1.337    32.4676    24.2832 -9.990e-29
 231.659193      1.340  38.981621    13.7625     4.9957      1.329    32.4579    24.2719 -9.990e-29
 231.659196      1.329  38.994384    13.7816     5.0035      1.318    32.4536    24.2647 -9.990e-29
 231.659198      1.317  39.006753    13.7962     5.0076      1.306    32.4527    24.2611 -9.990e-29
 231.659201      1.306  39.013677    13.8028     5.0097      1.295    32.4536    24.2604 -9.990e-29
 231.659204      1.299  39.013006    13.7996     5.0069      1.288    32.4557    24.2626 -9.990e-29
 231.659207      1.296  39.003164    13.7877     4.9988      1.285    32.4566    24.2658 -9.990e-29
 231.659210      1.297  38.984801    13.7706     4.9887      1.286    32.4541    24.2673 -9.990e-29
 231.659213      1.303  38.962708    13.7529     4.9783      1.292    32.4485    24.2666 -9.990e-29
 231.659216      1.311  38.941624    13.7379     4.9692      1.300    32.4417    24.2644 -9.990e-29
 231.659219      1.320  38.923892    13.7273     4.9566      1.309    32.4342    24.2607 -9.990e-29
 231.659222      1.328  38.911984    13.7223     4.9480      1.317    32.4274    24.2565 -9.990e-29
 231.659225      1.333  38.908755    13.7241     4.9456      1.322    32.4228    24.2526 -9.990e-29
 231.659227      1.335  38.916242    13.7341     4.9575      1.324    32.4213    24.2494 -9.990e-29
 231.659230      1.332  38.933931    13.7513     4.9731      1.321    32.4232    24.2474 -9.990e-29
 231.659233      1.326  38.956687    13.7709     4.9869      1.315    32.4277    24.2469 -9.990e-29
 231.659236      1.319  38.976733    13.7869     5.0031      1.308    32.4328    24.2475 -9.990e-29
 231.659239      1.312  38.988530    13.7966     5.0193      1.301    32.4355    24.2477 -9.990e-29
 231.659242      1.307  38.991016    13.7994     5.0163      1.296    32.4354    24.2470 -9.990e-29
 231.659245      1.304  38.985440    13.7957     5.0431      1.293    32.4334    24.2462 -9.990e-29
 231.659248      1.304  38.974145    13.7877     5.1286      1.293    32.4297    24.2450 -9.990e-29
 231.659251      1.307  38.961062    13.7780     5.2633      1.296    32.4258    24.2439 -9.990e-29
 231.659253      1.311  38.949798    13.7683     5.4063      1.300    32.4235    24.2442 -9.990e-29
 231.659256      1.317  38.941776    13.7590     5.5410      1.306    32.4240    24.2464 -9.990e-29
 231.659259      1.324  38.936254    13.7502     5.6674      1.313    32.4263    24.2500 -9.990e-29
 231.659262      1.332  38.931588    13.7425     5.7706      1.321    32.4285    24.2532 -9.990e-29
 231.659265      1.339  38.926530    13.7374     5.8567      1.328    32.4281    24.2540 -9.990e-29
 231.659268      1.343  38.921247    13.7359     5.9314      1.332    32.4244    24.2515 -9.990e-29
 231.659271      1.343  38.918423    13.7391     5.9907      1.332    32.4191    24.2467 -9.990e-29
 231.659274      1.339  38.921843    13.7472     6.0463      1.328    32.4154    24.2422 -9.990e-29
 231.659277      1.330  38.932008    13.7577     6.0963      1.319    32.4160    24.2405 -9.990e-29
 231.659280      1.320  38.944192    13.7666     6.1391      1.309    32.4198    24.2416 -9.990e-29
 231.659282      1.310  38.952565    13.7705     6.1776      1.299    32.4242    24.2443 -9.990e-29
 231.659285      1.304  38.953914    13.7674     6.2098      1.293    32.4281    24.2479 -9.990e-29
 231.659288      1.302  38.946555    13.7573     6.2414      1.291    32.4298    24.2513 -9.990e-29
 231.659291      1.306  38.930329    13.7421     6.2691      1.295    32.4276    24.2527 -9.990e-29
 231.659294      1.314  38.907632    13.7243     6.2929      1.303    32.4216    24.2517 -9.990e-29
 231.659297      1.324  38.880098    13.7065     6.3160      1.313    32.4111    24.2471 -9.990e-29
 231.659300      1.336  38.846808    13.6907     6.3357      1.325    32.3936    24.2368 -9.990e-29
 231.659303      1.347  38.816955    13.6777     6.3549      1.336    32.3768    24.2265 -9.990e-29
