data/oxygen options/ONMS/Olympic_Coast_National_Marine_Sanctuary_Hypoxia_Survey_CTD_Data_2004_2015/raw_data/2008/CTD_CE100_081808faed.cnv
* Sea-Bird SBE19plus Data File:
* FileName = C:\2008_Mooring_Data\081808_sevice\CTD_CE100_081808.hex
* Software Version 1.59
* Temperature SN =  4671
* Conductivity SN =  4671
* System UpLoad Time = Aug 18 2008 11:22:11
* ds
* SeacatPlus V 1.6b  SERIAL NO. 4671    18 Aug 2008  11:21:52
# nquan = 9                                 
# nvalues = 2798                        
# units = specified
# name 0 = timeJ: Julian Days
# name 1 = prdM: Pressure, Strain Gauge [db]
# name 2 = c0mS/cm: Conductivity [mS/cm]
# name 3 = tv290C: Temperature [ITS-90, deg C]
# name 4 = sbeox0ML/L: Oxygen, SBE 43 [ml/l]
# name 5 = depSM: Depth [salt water, m], lat = 47.5
# name 6 = sal00: Salinity, Practical [PSU]
# name 7 = sigma-é00: Density [sigma-theta, kg/m^3]
# name 8 = flag: flag
# span 0 = 231.455891, 231.463984       
# span 1 =     -0.058,    102.326       
# span 2 =  -0.106434,  39.005699       
# span 3 =     7.1272,    14.3593       
# span 4 =     1.0807,     7.1067       
# span 5 =     -0.058,    101.447       
# span 6 =     0.0000,    33.9317       
# span 7 =    -0.7249,    26.5526       
# span 8 = 0.0000e+00, 0.0000e+00       
# interval = seconds: 0.25
# start_time = Aug 18 2008 10:56:29 [Instrument's time stamp, header]
# bad_flag = -9.990e-29
*END*
[from data line 161]
 231.456357     -0.057   0.007295    13.6622     7.1046     -0.057     0.0097    -0.7003 -9.990e-29
 231.456360     -0.057   0.007296    13.6623     7.1037     -0.057     0.0097    -0.7003 -9.990e-29
 231.456363     -0.057   0.007282    13.6623     7.1048     -0.057     0.0097    -0.7003 -9.990e-29
 231.456366     -0.057   0.007257    13.6623     7.1042     -0.057     0.0096    -0.7003 -9.990e-29
 231.456369     -0.058   0.007229    13.6623     7.1054     -0.058     0.0096    -0.7003 -9.990e-29
 231.456372     -0.058   0.007192    13.6624     7.1049     -0.058     0.0096    -0.7003 -9.990e-29
 231.456374     -0.058   0.007129    13.6626     7.1056     -0.058     0.0096    -0.7004 -9.990e-29
 231.456377     -0.058   0.007024    13.6628     7.1041     -0.058     0.0095    -0.7004 -9.990e-29
 231.456380     -0.058   0.006849    13.6631     7.1056     -0.058     0.0095    -0.7005 -9.990e-29
 231.456383     -0.058   0.006735    13.6636     7.1035     -0.058     0.0094    -0.7007 -9.990e-29
 231.456386     -0.058   0.006831    13.6641     7.1041     -0.058     0.0094    -0.7007 -9.990e-29
 231.456389     -0.058   0.007000    13.6647     7.1041     -0.058     0.0095    -0.7007 -9.990e-29
 231.456392     -0.058   0.007110    13.6652     7.1021     -0.058     0.0096    -0.7007 -9.990e-29
 231.456395     -0.057   0.007179    13.6657     7.1041     -0.057     0.0096    -0.7008 -9.990e-29
 231.456398     -0.057   0.007220    13.6662     7.1030     -0.057     0.0096    -0.7008 -9.990e-29
 231.456400     -0.057   0.007242    13.6665     7.1010     -0.057     0.0096    -0.7009 -9.990e-29
 231.456403     -0.057   0.007253    13.6668     7.1026     -0.057     0.0096    -0.7009 -9.990e-29
 231.456406     -0.057   0.007261    13.6670     7.1049     -0.057     0.0096    -0.7009 -9.990e-29
 231.456409     -0.057   0.007268    13.6671     7.1042     -0.057     0.0097    -0.7009 -9.990e-29
 231.456412     -0.057   0.007265    13.6671     7.1029     -0.057     0.0097    -0.7009 -9.990e-29
 231.456415     -0.056   0.007250    13.6671     7.1043     -0.056     0.0096    -0.7009 -9.990e-29
 231.456418     -0.056   0.007225    13.6672     7.1022     -0.056     0.0096    -0.7010 -9.990e-29
 231.456421     -0.057   0.007185    13.6672     7.1035     -0.057     0.0096    -0.7010 -9.990e-29
 231.456424     -0.057   0.007117    13.6673     7.1037     -0.057     0.0096    -0.7010 -9.990e-29
 231.456427     -0.057   0.007004    13.6674     7.1021     -0.057     0.0095    -0.7011 -9.990e-29
 231.456429     -0.057   0.006822    13.6676     7.1017     -0.057     0.0094    -0.7012 -9.990e-29
 231.456432     -0.057   0.006528    13.6677     7.1012     -0.057     0.0093    -0.7013 -9.990e-29
 231.456435     -0.057   0.006037    13.6677     7.1025     -0.057     0.0091    -0.7015 -9.990e-29
 231.456438     -0.058   0.005207    13.6675     7.1027     -0.058     0.0087    -0.7017 -9.990e-29
 231.456441     -0.058   0.003817    13.6675     7.1024     -0.058     0.0081    -0.7022 -9.990e-29
 231.456444     -0.058   0.001503    13.6676     7.1053     -0.058     0.0073    -0.7029 -9.990e-29
 231.456447     -0.058   0.000051    13.6677     7.1026     -0.058     0.0072    -0.7029 -9.990e-29
 231.456450     -0.058   0.001486    13.6678     7.1028     -0.058     0.0073    -0.7029 -9.990e-29
 231.456453     -0.058   0.003791    13.6679     7.1031     -0.058     0.0081    -0.7022 -9.990e-29
 231.456455     -0.058   0.005175    13.6681     7.1032     -0.058     0.0087    -0.7018 -9.990e-29
 231.456458     -0.058   0.006009    13.6683     7.1036     -0.058     0.0091    -0.7015 -9.990e-29
 231.456461     -0.058   0.006513    13.6685     7.1032     -0.058     0.0093    -0.7014 -9.990e-29
 231.456464     -0.058   0.006816    13.6689     7.1015     -0.058     0.0094    -0.7013 -9.990e-29
 231.456467     -0.058   0.006988    13.6692     7.1031     -0.058     0.0095    -0.7013 -9.990e-29
 231.456470     -0.058   0.007076    13.6695     7.1031     -0.058     0.0096    -0.7013 -9.990e-29
 231.456473     -0.058   0.007112    13.6698     7.1040     -0.058     0.0096    -0.7014 -9.990e-29
 231.456476     -0.058   0.007114    13.6700     7.1023     -0.058     0.0096    -0.7014 -9.990e-29
 231.456479     -0.058   0.007081    13.6701     7.1024     -0.058     0.0096    -0.7014 -9.990e-29
 231.456481     -0.057   0.007006    13.6703     7.1022     -0.057     0.0095    -0.7015 -9.990e-29
 231.456484     -0.057   0.006861    13.6704     7.1036     -0.057     0.0095    -0.7015 -9.990e-29
 231.456487     -0.057   0.006602    13.6704     7.1023     -0.057     0.0093    -0.7016 -9.990e-29
 231.456490     -0.057   0.006167    13.6705     7.1023     -0.057     0.0091    -0.7018 -9.990e-29
 231.456493     -0.057   0.005445    13.6706     7.1032     -0.057     0.0088    -0.7021 -9.990e-29
 231.456496     -0.057   0.004244    13.6707     7.1037     -0.057     0.0083    -0.7025 -9.990e-29
 231.456499     -0.057   0.002242    13.6708     7.1027     -0.057     0.0075    -0.7031 -9.990e-29
 231.456502     -0.057  -0.001092    13.6709     7.1029     -0.057     0.0000    -0.7090 -9.990e-29
 231.456505     -0.057  -0.006650    13.6711     7.1032     -0.057     0.0000    -0.7090 -9.990e-29
 231.456508     -0.057  -0.015912    13.6712     7.1008     -0.057     0.0000    -0.7090 -9.990e-29
 231.456510     -0.057  -0.031348    13.6713     7.1015     -0.057     0.0000    -0.7090 -9.990e-29
 231.456513     -0.057  -0.057076    13.6715     7.1031     -0.057     0.0000    -0.7091 -9.990e-29
 231.456516     -0.057  -0.073155    13.6716     7.1019     -0.057     0.0000    -0.7091 -9.990e-29
 231.456519     -0.057  -0.057074    13.6718     7.1010     -0.057     0.0000    -0.7091 -9.990e-29
 231.456522     -0.057  -0.031344    13.6719     7.1037     -0.057     0.0000    -0.7091 -9.990e-29
 231.456525     -0.057  -0.015904    13.6720     7.1018     -0.057     0.0000    -0.7091 -9.990e-29
 231.456528     -0.057  -0.006642    13.6721     7.1018     -0.057     0.0000    -0.7091 -9.990e-29
 231.456531     -0.057  -0.001094    13.6722     7.1035     -0.057     0.0000    -0.7092 -9.990e-29
 231.456534     -0.057   0.002225    13.6723     7.1020     -0.057     0.0075    -0.7033 -9.990e-29
 231.456536     -0.057   0.004212    13.6725     7.1029     -0.057     0.0083    -0.7027 -9.990e-29
 231.456539     -0.057   0.005402    13.6726     7.1031     -0.057     0.0088    -0.7023 -9.990e-29
 231.456542     -0.057   0.006107    13.6728     7.1022     -0.057     0.0091    -0.7021 -9.990e-29
 231.456545     -0.057   0.006515    13.6729     7.1033     -0.057     0.0093    -0.7020 -9.990e-29
 231.456548     -0.057   0.006740    13.6731     7.1020     -0.057     0.0094    -0.7019 -9.990e-29
 231.456551     -0.057   0.006842    13.6732     7.1036     -0.057     0.0095    -0.7019 -9.990e-29
 231.456554     -0.057   0.006856    13.6734     7.1015     -0.057     0.0095    -0.7019 -9.990e-29
 231.456557     -0.057   0.006783    13.6735     7.1026     -0.057     0.0094    -0.7020 -9.990e-29
 231.456560     -0.057   0.006594    13.6737     7.1015     -0.057     0.0093    -0.7021 -9.990e-29
 231.456562     -0.057   0.006232    13.6738     7.1009     -0.057     0.0092    -0.7022 -9.990e-29
 231.456565     -0.057   0.005599    13.6739     7.1006     -0.057     0.0089    -0.7024 -9.990e-29
 231.456568     -0.057   0.004528    13.6741     7.1012     -0.057     0.0084    -0.7028 -9.990e-29
 231.456571     -0.057   0.002734    13.6746     7.0991     -0.057     0.0077    -0.7035 -9.990e-29
 231.456574     -0.057  -0.000264    13.6749     7.1014     -0.057     0.0000    -0.7095 -9.990e-29
 231.456577     -0.057  -0.005263    13.6751     7.1018     -0.057     0.0000    -0.7095 -9.990e-29
 231.456580     -0.057  -0.008393    13.6752     7.0983     -0.057     0.0000    -0.7096 -9.990e-29
 231.456583     -0.057  -0.005281    13.6753     7.1001     -0.057     0.0000    -0.7096 -9.990e-29
 231.456586     -0.057  -0.000288    13.6755     7.1002     -0.057     0.0000    -0.7096 -9.990e-29
 231.456589     -0.057   0.002715    13.6756     7.1010     -0.057     0.0077    -0.7036 -9.990e-29
 231.456591     -0.057   0.004516    13.6758     7.1004     -0.057     0.0084    -0.7031 -9.990e-29
 231.456594     -0.057   0.005595    13.6760     7.1009     -0.057     0.0089    -0.7027 -9.990e-29
 231.456597     -0.057   0.006247    13.6761     7.1037     -0.057     0.0092    -0.7025 -9.990e-29
 231.456600     -0.057   0.006639    13.6763     7.1012     -0.057     0.0094    -0.7024 -9.990e-29
 231.456603     -0.057   0.006870    13.6765     7.1009     -0.057     0.0095    -0.7023 -9.990e-29
 231.456606     -0.058   0.007002    13.6766     7.1035     -0.058     0.0095    -0.7023 -9.990e-29
 231.456609     -0.058   0.007069    13.6768     7.1007     -0.058     0.0096    -0.7023 -9.990e-29
 231.456612     -0.058   0.007095    13.6770     7.1007     -0.058     0.0096    -0.7023 -9.990e-29
 231.456615     -0.058   0.007094    13.6772     7.1000     -0.058     0.0096    -0.7024 -9.990e-29
 231.456617     -0.058   0.007065    13.6774     7.1028     -0.058     0.0096    -0.7024 -9.990e-29
 231.456620     -0.058   0.007000    13.6776     7.1026     -0.058     0.0095    -0.7024 -9.990e-29
 231.456623     -0.058   0.006875    13.6777     7.1010     -0.058     0.0095    -0.7025 -9.990e-29
 231.456626     -0.058   0.006653    13.6779     7.1011     -0.058     0.0094    -0.7026 -9.990e-29
 231.456629     -0.058   0.006280    13.6780     7.1011     -0.058     0.0092    -0.7028 -9.990e-29
 231.456632     -0.057   0.005666    13.6782     7.1020     -0.057     0.0089    -0.7030 -9.990e-29
 231.456635     -0.057   0.004650    13.6783     7.1004     -0.057     0.0085    -0.7034 -9.990e-29
 231.456638     -0.057   0.002954    13.6784     7.1008     -0.057     0.0078    -0.7039 -9.990e-29
 231.456641     -0.057   0.000131    13.6783     7.0996     -0.057     0.0071    -0.7044 -9.990e-29
 231.456644     -0.057  -0.004571    13.6781     7.0993     -0.057     0.0000    -0.7099 -9.990e-29
 231.456646     -0.057  -0.012418    13.6777     7.0999     -0.057     0.0000    -0.7099 -9.990e-29
 231.456649     -0.057  -0.025508    13.6777     7.0990     -0.057     0.0000    -0.7099 -9.990e-29
 231.456652     -0.057  -0.047331    13.6782     7.1000     -0.057     0.0000    -0.7100 -9.990e-29
 231.456655     -0.057  -0.083702    13.6789     7.0986     -0.057     0.0000    -0.7101 -9.990e-29
 231.456658     -0.057  -0.106434    13.6793     7.0999     -0.057     0.0000    -0.7101 -9.990e-29
 231.456661     -0.057  -0.083710    13.6796     7.0991     -0.057     0.0000    -0.7102 -9.990e-29
 231.456664     -0.057  -0.047344    13.6799     7.0989     -0.057     0.0000    -0.7102 -9.990e-29
 231.456667     -0.057  -0.025517    13.6801     7.0988     -0.057     0.0000    -0.7102 -9.990e-29
 231.456670     -0.057  -0.012420    13.6804     7.0990     -0.057     0.0000    -0.7103 -9.990e-29
 231.456672     -0.057  -0.004566    13.6806     7.0994     -0.057     0.0000    -0.7103 -9.990e-29
 231.456675     -0.057   0.000144    13.6808     7.0997     -0.057     0.0071    -0.7048 -9.990e-29
 231.456678     -0.057   0.002973    13.6810     7.1004     -0.057     0.0078    -0.7043 -9.990e-29
 231.456681     -0.057   0.004669    13.6813     7.1012     -0.057     0.0085    -0.7038 -9.990e-29
 231.456684     -0.058   0.005678    13.6815     7.0996     -0.058     0.0089    -0.7034 -9.990e-29
 231.456687     -0.058   0.006276    13.6817     7.1037     -0.058     0.0092    -0.7033 -9.990e-29
 231.456690     -0.058   0.006634    13.6819     7.1010     -0.058     0.0094    -0.7032 -9.990e-29
 231.456693     -0.058   0.006852    13.6821     7.1010     -0.058     0.0095    -0.7031 -9.990e-29
 231.456696     -0.058   0.006984    13.6824     7.0999     -0.058     0.0095    -0.7031 -9.990e-29
 231.456698     -0.058   0.007058    13.6826     7.0988     -0.058     0.0096    -0.7031 -9.990e-29
 231.456701     -0.058   0.007100    13.6829     7.0994     -0.058     0.0096    -0.7031 -9.990e-29
 231.456704     -0.058   0.007127    13.6831     7.0994     -0.058     0.0096    -0.7031 -9.990e-29
 231.456707     -0.058   0.007147    13.6834     7.0996     -0.058     0.0096    -0.7032 -9.990e-29
 231.456710     -0.057   0.007165    13.6836     7.1003     -0.057     0.0096    -0.7032 -9.990e-29
 231.456713     -0.057   0.007179    13.6838     7.1000     -0.057     0.0096    -0.7032 -9.990e-29
 231.456716     -0.057   0.007182    13.6841     7.0997     -0.057     0.0096    -0.7033 -9.990e-29
 231.456719     -0.057   0.007174    13.6843     7.1001     -0.057     0.0096    -0.7033 -9.990e-29
 231.456722     -0.057   0.007166    13.6846     7.1000     -0.057     0.0096    -0.7033 -9.990e-29
 231.456725     -0.056   0.007160    13.6849     7.0990     -0.056     0.0096    -0.7034 -9.990e-29
 231.456727     -0.056   0.007155    13.6853     7.0991     -0.056     0.0096    -0.7034 -9.990e-29
 231.456730     -0.056   0.007144    13.6856     7.1007     -0.056     0.0096    -0.7035 -9.990e-29
 231.456733     -0.056   0.007135    13.6858     7.0987     -0.056     0.0096    -0.7035 -9.990e-29
 231.456736     -0.056   0.007144    13.6860     7.0996     -0.056     0.0096    -0.7035 -9.990e-29
 231.456739     -0.057   0.007156    13.6861     7.0982     -0.057     0.0096    -0.7035 -9.990e-29
 231.456742     -0.057   0.007161    13.6863     7.0976     -0.057     0.0096    -0.7036 -9.990e-29
 231.456745     -0.057   0.007168    13.6865     7.0992     -0.057     0.0096    -0.7036 -9.990e-29
 231.456748     -0.057   0.007178    13.6867     7.0979     -0.057     0.0096    -0.7036 -9.990e-29
 231.456751     -0.057   0.007188    13.6869     7.0975     -0.057     0.0096    -0.7036 -9.990e-29
 231.456753     -0.057   0.007189    13.6871     7.0985     -0.057     0.0096    -0.7037 -9.990e-29
 231.456756     -0.057   0.007181    13.6874     7.0980     -0.057     0.0096    -0.7037 -9.990e-29
 231.456759     -0.057   0.007174    13.6876     7.0968     -0.057     0.0096    -0.7037 -9.990e-29
 231.456762     -0.057   0.007172    13.6879     7.0986     -0.057     0.0096    -0.7038 -9.990e-29
 231.456765     -0.058   0.007175    13.6881     7.0983     -0.058     0.0096    -0.7038 -9.990e-29
 231.456768     -0.058   0.007176    13.6883     7.0985     -0.058     0.0096    -0.7038 -9.990e-29
 231.456771     -0.058   0.007171    13.6885     7.0985     -0.058     0.0096    -0.7039 -9.990e-29
 231.456774     -0.058   0.007165    13.6887     7.0982     -0.058     0.0096    -0.7039 -9.990e-29
 231.456777     -0.058   0.007155    13.6889     7.0980     -0.058     0.0096    -0.7039 -9.990e-29
 231.456780     -0.058   0.007133    13.6892     7.0976     -0.058     0.0096    -0.7040 -9.990e-29
 231.456782     -0.058   0.007100    13.6894     7.0984     -0.058     0.0096    -0.7040 -9.990e-29
 231.456785     -0.058   0.007051    13.6896     7.0975     -0.058     0.0096    -0.7040 -9.990e-29
 231.456788     -0.058   0.006975    13.6898     7.0985     -0.058     0.0095    -0.7041 -9.990e-29
 231.456791     -0.058   0.006844    13.6900     7.0977     -0.058     0.0095    -0.7042 -9.990e-29
 231.456794     -0.058   0.006613    13.6902     7.0979     -0.058     0.0094    -0.7043 -9.990e-29
 231.456797     -0.058   0.006226    13.6904     7.0979     -0.058     0.0092    -0.7044 -9.990e-29
 231.456800     -0.058   0.005988    13.6906     7.0978     -0.058     0.0091    -0.7046 -9.990e-29
 231.456803     -0.058   0.006224    13.6908     7.0989     -0.058     0.0092    -0.7045 -9.990e-29
 231.456806     -0.057   0.006593    13.6910     7.0971     -0.057     0.0093    -0.7044 -9.990e-29
 231.456808     -0.057   0.006807    13.6912     7.0987     -0.057     0.0094    -0.7043 -9.990e-29
 231.456811     -0.057   0.006932    13.6914     7.0977     -0.057     0.0095    -0.7043 -9.990e-29
 231.456814     -0.057   0.007010    13.6916     7.0968     -0.057     0.0095    -0.7043 -9.990e-29
