data/oxygen options/ONMS/Olympic_Coast_National_Marine_Sanctuary_Hypoxia_Survey_CTD_Data_2004_2015/raw_data/2008/CTD_CE100_061208faedb.cnv
* Sea-Bird SBE19 Data File:
* FileName = C:\2008_Mooring_Data\061208_service\CTD_CE100_061208.hex
* Software Version 1.59
* Temperature SN = 2997
* Conductivity SN = 2997
* System UpLoad Time = Jun 12 2008 14:48:17
**
**
# nquan = 9
# nvalues = 99                          
# units = specified
# name 0 = timeJ: Julian Days
# name 1 = prSM: Pressure, Strain Gauge [db]
# name 2 = c0mS/cm: Conductivity [mS/cm]
# name 3 = t090C: Temperature [ITS-90, deg C]
# name 4 = sbeox0ML/L: Oxygen, SBE 43 [ml/l]
# name 5 = depSM: Depth [salt water, m], lat = 47.5
# name 6 = sal00: Salinity, Practical [PSU]
# name 7 = sigma-é00: Density [sigma-theta, kg/m^3]
# name 8 = flag: flag
# span 0 = 164.612566, 164.613723       
# span 1 =      3.000,    101.000       
# span 2 =  33.873575,  35.734260       
# span 3 =     6.7154,    11.1825       
# span 4 =     0.9042,     6.6864       
# span 5 =      2.975,    100.133       
# span 6 =    31.5581,    33.9832       
# span 7 =    24.0646,    26.6563       
# span 8 = 0.0000e+00, 0.0000e+00       
# interval = decibars: 1                
# start_time = Jun 12 2008 14:36:39 [Instrument's time stamp, header]
# bad_flag = -9.990e-29
*END*
 164.612566      3.000  35.734260    11.1825     6.6864      2.975    31.5581    24.0646 0.0000e+00
 164.612588      4.000  35.645269    10.9678     6.3184      3.967    31.6547    24.1774 0.0000e+00
 164.612602      5.000  35.552605    10.8329     5.8869      4.958    31.6792    24.2199 0.0000e+00
 164.612616      6.000  35.510389    10.7722     5.6875      5.950    31.6896    24.2384 0.0000e+00
 164.612628      7.000  35.491791    10.6954     5.7021      6.941    31.7373    24.2887 0.0000e+00
 164.612642      8.000  35.479229    10.5818     5.7418      7.933    31.8234    24.3752 0.0000e+00
 164.612653      9.000  35.457932    10.4656     5.8181      8.925    31.9032    24.4571 0.0000e+00
 164.612665     10.000  35.430359    10.3690     5.9614      9.917    31.9600    24.5177 0.0000e+00
 164.612677     11.000  35.407838    10.2945     5.9608     10.908    32.0026    24.5636 0.0000e+00
 164.612689     12.000  35.411228    10.2585     5.8079     11.899    32.0374    24.5967 0.0000e+00
 164.612701     13.000  35.445343    10.2376     5.7041     12.891    32.0896    24.6410 0.0000e+00
 164.612711     14.000  35.439001    10.1771     5.6727     13.883    32.1364    24.6876 0.0000e+00
 164.612722     15.000  35.410074    10.1105     5.5735     14.875    32.1660    24.7218 0.0000e+00
 164.612731     16.000  35.381474    10.0579     5.3654     15.866    32.1834    24.7440 0.0000e+00
 164.612741     17.000  35.348760    10.0001     4.9642     16.857    32.2013    24.7677 0.0000e+00
 164.612750     18.000  35.294757     9.8888     4.4496     17.849    32.2455    24.8205 0.0000e+00
 164.612759     19.000  35.158492     9.6727     3.8245     18.840    32.3001    24.8983 0.0000e+00
 164.612768     20.000  35.035020     9.4897     3.4227     19.832    32.3383    24.9575 0.0000e+00
 164.612778     21.000  34.967302     9.2925     3.2966     20.824    32.4466    25.0737 0.0000e+00
 164.612788     22.000  34.874653     8.9924     3.3819     21.816    32.6243    25.2598 0.0000e+00
 164.612798     23.000  34.765274     8.7626     3.4219     22.807    32.7215    25.3713 0.0000e+00
 164.612808     24.000  34.708900     8.6561     3.3233     23.798    32.7605    25.4182 0.0000e+00
 164.612818     25.000  34.677470     8.5908     3.1745     24.790    32.7876    25.4493 0.0000e+00
 164.612829     26.000  34.648213     8.5113     3.0796     25.782    32.8303    25.4949 0.0000e+00
 164.612840     27.000  34.585543     8.3610     3.0314     26.772    32.9040    25.5752 0.0000e+00
 164.612852     28.000  34.510106     8.2239     2.9779     27.765    32.9521    25.6333 0.0000e+00
 164.612865     29.000  34.468185     8.1380     2.9358     28.756    32.9879    25.6740 0.0000e+00
 164.612877     30.000  34.435616     8.0706     2.8246     29.748    33.0163    25.7062 0.0000e+00
 164.612889     31.000  34.409730     8.0110     2.6120     30.739    33.0444    25.7371 0.0000e+00
 164.612900     32.000  34.388107     7.9493     2.4002     31.730    33.0792    25.7734 0.0000e+00
 164.612913     33.000  34.352217     7.8269     2.2716     32.722    33.1565    25.8518 0.0000e+00
 164.612925     34.000  34.304245     7.6784     2.2337     33.714    33.2460    25.9434 0.0000e+00
 164.612939     35.000  34.267249     7.5689     2.2538     34.705    33.3104    26.0096 0.0000e+00
 164.612953     36.000  34.248030     7.5167     2.2620     35.697    33.3393    26.0397 0.0000e+00
 164.612968     37.000  34.241934     7.4912     2.2532     36.688    33.3567    26.0570 0.0000e+00
 164.612981     38.000  34.234631     7.4587     2.2503     37.679    33.3797    26.0796 0.0000e+00
 164.612996     39.000  34.229338     7.4344     2.2427     38.671    33.3968    26.0966 0.0000e+00
 164.613011     40.000  34.228821     7.4322     2.2100     39.662    33.3979    26.0977 0.0000e+00
 164.613026     41.000  34.227457     7.4193     2.1598     40.654    33.4084    26.1078 0.0000e+00
 164.613039     42.000  34.227799     7.4064     2.1370     41.645    33.4208    26.1193 0.0000e+00
 164.613053     43.000  34.231072     7.3905     2.1143     42.637    33.4392    26.1360 0.0000e+00
 164.613068     44.000  34.235122     7.3857     2.0725     43.628    33.4477    26.1434 0.0000e+00
 164.613082     45.000  34.237274     7.3763     2.0389     44.620    33.4586    26.1533 0.0000e+00
 164.613096     46.000  34.241501     7.3601     2.0788     45.611    33.4784    26.1712 0.0000e+00
 164.613111     47.000  34.242745     7.3421     2.1548     46.602    33.4966    26.1881 0.0000e+00
 164.613126     48.000  34.241625     7.3296     2.2639     47.594    33.5071    26.1980 0.0000e+00
 164.613141     49.000  34.242296     7.3230     2.3494     48.585    33.5137    26.2042 0.0000e+00
 164.613155     50.000  34.245360     7.3203     2.4389     49.577    33.5191    26.2089 0.0000e+00
 164.613169     51.000  34.248085     7.3192     2.5456     50.568    33.5228    26.2119 0.0000e+00
 164.613182     52.000  34.254196     7.3202     2.5972     51.560    33.5279    26.2158 0.0000e+00
 164.613197     53.000  34.262130     7.3237     2.6757     52.551    33.5326    26.2190 0.0000e+00
 164.613214     54.000  34.268239     7.3244     2.7492     53.542    33.5382    26.2233 0.0000e+00
 164.613230     55.000  34.272501     7.3262     2.7917     54.534    33.5406    26.2250 0.0000e+00
 164.613245     56.000  34.279207     7.3291     2.9190     55.525    33.5445    26.2277 0.0000e+00
 164.613258     57.000  34.287785     7.3318     2.9780     56.517    33.5508    26.2323 0.0000e+00
 164.613271     58.000  34.314361     7.3372     2.9124     57.508    33.5740    26.2497 0.0000e+00
 164.613283     59.000  34.349910     7.3405     2.8390     58.500    33.6089    26.2768 0.0000e+00
 164.613296     60.000  34.367696     7.3406     2.7969     59.490    33.6276    26.2915 0.0000e+00
 164.613308     61.000  34.375224     7.3395     2.7636     60.481    33.6364    26.2986 0.0000e+00
 164.613320     62.000  34.380191     7.3379     2.7326     61.473    33.6428    26.3039 0.0000e+00
 164.613331     63.000  34.387365     7.3388     2.7117     62.465    33.6492    26.3088 0.0000e+00
 164.613341     64.000  34.401292     7.3437     2.6878     63.456    33.6592    26.3160 0.0000e+00
 164.613351     65.000  34.427424     7.3495     2.6608     64.448    33.6815    26.3327 0.0000e+00
 164.613360     66.000  34.446467     7.3496     2.6499     65.439    33.7016    26.3486 0.0000e+00
 164.613370     67.000  34.451223     7.3448     2.6508     66.430    33.7109    26.3565 0.0000e+00
 164.613380     68.000  34.452289     7.3397     2.6553     67.422    33.7166    26.3617 0.0000e+00
 164.613390     69.000  34.451516     7.3361     2.6324     68.413    33.7188    26.3639 0.0000e+00
 164.613401     70.000  34.451341     7.3332     2.5981     69.404    33.7209    26.3661 0.0000e+00
 164.613411     71.000  34.449828     7.3297     2.4991     70.396    33.7222    26.3676 0.0000e+00
 164.613421     72.000  34.447838     7.3202     2.4069     71.387    33.7288    26.3742 0.0000e+00
 164.613432     73.000  34.443707     7.2981     2.3335     72.378    33.7454    26.3903 0.0000e+00
 164.613441     74.000  34.436129     7.2668     2.1707     73.369    33.7673    26.4118 0.0000e+00
 164.613450     75.000  34.431069     7.2467     1.9333     74.360    33.7809    26.4254 0.0000e+00
 164.613460     76.000  34.427811     7.2287     1.6858     75.352    33.7945    26.4386 0.0000e+00
 164.613469     77.000  34.424854     7.2077     1.4400     76.343    33.8113    26.4548 0.0000e+00
 164.613479     78.000  34.425758     7.1909     1.1975     77.334    33.8281    26.4704 0.0000e+00
 164.613490     79.000  34.428426     7.1739     0.9980     78.325    33.8472    26.4877 0.0000e+00
 164.613499     80.000  34.423097     7.1399     0.9042     79.317    33.8743    26.5138 0.0000e+00
 164.613509     81.000  34.401757     7.0893     0.9083     80.309    33.9003    26.5412 0.0000e+00
 164.613519     82.000  34.382837     7.0513     0.9469     81.299    33.9164    26.5591 0.0000e+00
 164.613528     83.000  34.374138     7.0349     0.9693     82.291    33.9225    26.5663 0.0000e+00
 164.613538     84.000  34.370549     7.0275     1.0056     83.282    33.9253    26.5695 0.0000e+00
 164.613547     85.000  34.367469     7.0209     1.0455     84.273    33.9280    26.5725 0.0000e+00
 164.613557     86.000  34.362591     7.0106     1.0859     85.265    33.9324    26.5774 0.0000e+00
 164.613566     87.000  34.351876     6.9918     1.1266     86.256    33.9386    26.5849 0.0000e+00
 164.613575     88.000  34.337127     6.9673     1.1460     87.247    33.9461    26.5941 0.0000e+00
 164.613585     89.000  34.318460     6.9409     1.1504     88.238    33.9512    26.6017 0.0000e+00
 164.613596     90.000  34.304407     6.9236     1.1610     89.230    33.9523    26.6050 0.0000e+00
 164.613605     91.000  34.294581     6.9101     1.1839     90.221    33.9543    26.6084 0.0000e+00
 164.613615     92.000  34.285491     6.8947     1.2135     91.212    33.9591    26.6143 0.0000e+00
 164.613626     93.000  34.267456     6.8609     1.2140     92.203    33.9721    26.6291 0.0000e+00
 164.613636     94.000  34.231759     6.8101     1.2177     93.195    33.9825    26.6442 0.0000e+00
 164.613647     95.000  34.197105     6.7716     1.2293     94.185    33.9819    26.6489 0.0000e+00
 164.613657     96.000  34.176768     6.7486     1.2162     95.177    33.9818    26.6520 0.0000e+00
 164.613668     97.000  34.166012     6.7346     1.2175     96.168    33.9832    26.6549 0.0000e+00
 164.613680     98.000  34.156764     6.7240     1.2024     97.159    33.9831    26.6563 0.0000e+00
 164.613691     99.000  34.149895     6.7184     1.1837     98.150    33.9805    26.6550 0.0000e+00
 164.613705    100.000  34.133272     6.7154     1.1693     99.141    33.9647    26.6430 0.0000e+00
 164.613723    101.000  33.873575     6.7170     1.1666    100.133    33.6758    26.4150 0.0000e+00
