data/oxygen options/ONMS/Olympic_Coast_National_Marine_Sanctuary_Hypoxia_Survey_CTD_Data_2004_2015/raw_data/2008/CTD_TH100_090508faed.cnv
* Sea-Bird SBE19plus Data File:
* FileName = C:\2008_Mooring_Data\090508_service\CTD_TH100_090508.hex
* Software Version 1.59
* Temperature SN =  4671
* Conductivity SN =  4671
* System UpLoad Time = Sep 05 2008 16:12:18
* ds
* SeacatPlus V 1.6b  SERIAL NO. 4671    05 Sep 2008  16:11:44
# nquan = 9                                 
# nvalues = 2213                        
# units = specified
# name 0 = timeJ: Julian Days
# name 1 = prdM: Pressure, Strain Gauge [db]
# name 2 = c0mS/cm: Conductivity [mS/cm]
# name 3 = tv290C: Temperature [ITS-90, deg C]
# name 4 = sbeox0ML/L: Oxygen, SBE 43 [ml/l]
# name 5 = depSM: Depth [salt water, m], lat = 47.5
# name 6 = sal00: Salinity, Practical [PSU]
# name 7 = sigma-é00: Density [sigma-theta, kg/m^3]
# name 8 = flag: flag
# span 0 = 249.604421, 249.610822       
# span 1 =      0.040,    103.115       
# span 2 =   0.188408,  38.786121       
# span 3 =     7.3231,    13.8346       
# span 4 =     2.0379,     7.5782       
# span 5 =      0.040,    102.229       
# span 6 =     0.1155,    33.8591       
# span 7 =    -0.6214,    26.4559       
# span 8 = 0.0000e+00, 0.0000e+00       
# interval = seconds: 0.25
# start_time = Sep 05 2008 14:30:22 [Instrument's time stamp, header]
# bad_flag = -9.990e-29
*END*
[from data line 481]
 249.605813      2.123  38.730367    13.7465     6.9002      2.105    32.2381    24.1054 -9.990e-29
 249.605816      2.129  38.727743    13.7468     6.9018      2.111    32.2354    24.1033 -9.990e-29
 249.605819      2.129  38.726358    13.7478     6.9033      2.111    32.2333    24.1014 -9.990e-29
 249.605822      2.129  38.726783    13.7488     6.9046      2.111    32.2329    24.1009 -9.990e-29
 249.605825      2.134  38.728167    13.7492     6.9054      2.116    32.2338    24.1015 -9.990e-29
 249.605828      2.145  38.729471    13.7492     6.9060      2.127    32.2350    24.1025 -9.990e-29
 249.605830      2.160  38.730057    13.7490     6.9103      2.142    32.2357    24.1030 -9.990e-29
 249.605833      2.177  38.729926    13.7492     6.9096      2.159    32.2354    24.1028 -9.990e-29
 249.605836      2.193  38.729439    13.7503     6.9150      2.175    32.2340    24.1015 -9.990e-29
 249.605839      2.205  38.729296    13.7520     6.9138      2.187    32.2325    24.0999 -9.990e-29
 249.605842      2.208  38.730118    13.7538     6.9111      2.190    32.2317    24.0990 -9.990e-29
 249.605845      2.200  38.731802    13.7550     6.9119      2.182    32.2323    24.0992 -9.990e-29
 249.605848      2.180  38.733733    13.7551     6.9105      2.162    32.2340    24.1005 -9.990e-29
 249.605851      2.149  38.735237    13.7543     6.9088      2.131    32.2361    24.1022 -9.990e-29
 249.605854      2.110  38.735528    13.7535     6.9074      2.092    32.2370    24.1031 -9.990e-29
 249.605856      2.068  38.734543    13.7530     6.9061      2.051    32.2365    24.1029 -9.990e-29
 249.605859      2.031  38.733271    13.7532     6.9065      2.014    32.2352    24.1018 -9.990e-29
 249.605862      2.005  38.732560    13.7544     6.9075      1.988    32.2336    24.1003 -9.990e-29
 249.605865      1.995  38.732675    13.7565     6.9093      1.978    32.2319    24.0986 -9.990e-29
 249.605868      2.003  38.733621    13.7597     6.9097      1.986    32.2301    24.0965 -9.990e-29
 249.605871      2.027  38.735339    13.7644     6.9106      2.010    32.2277    24.0937 -9.990e-29
 249.605874      2.062  38.737849    13.7701     6.9097      2.045    32.2252    24.0907 -9.990e-29
 249.605877      2.102  38.741551    13.7758     6.9109      2.084    32.2239    24.0884 -9.990e-29
 249.605880      2.137  38.746681    13.7804     6.9111      2.119    32.2247    24.0882 -9.990e-29
 249.605883      2.162  38.752280    13.7833     6.9100      2.144    32.2275    24.0897 -9.990e-29
 249.605885      2.175  38.756869    13.7846     6.9089      2.157    32.2306    24.0919 -9.990e-29
 249.605888      2.177  38.759630    13.7846     6.9076      2.159    32.2332    24.0939 -9.990e-29
 249.605891      2.172  38.760655    13.7841     6.9073      2.154    32.2345    24.0950 -9.990e-29
 249.605894      2.163  38.760413    13.7835     6.9071      2.145    32.2348    24.0954 -9.990e-29
 249.605897      2.152  38.759506    13.7834     6.9113      2.134    32.2341    24.0948 -9.990e-29
 249.605900      2.139  38.758709    13.7839     6.9137      2.121    32.2329    24.0938 -9.990e-29
 249.605903      2.125  38.758479    13.7850     6.9170      2.107    32.2318    24.0927 -9.990e-29
 249.605906      2.111  38.758858    13.7868     6.9171      2.093    32.2306    24.0914 -9.990e-29
 249.605909      2.099  38.759777    13.7889     6.9186      2.081    32.2297    24.0903 -9.990e-29
 249.605911      2.090  38.761237    13.7912     6.9192      2.073    32.2292    24.0894 -9.990e-29
 249.605914      2.085  38.763196    13.7933     6.9207      2.068    32.2292    24.0890 -9.990e-29
 249.605917      2.086  38.765353    13.7950     6.9207      2.069    32.2298    24.0891 -9.990e-29
 249.605920      2.092  38.767342    13.7960     6.9156      2.075    32.2308    24.0897 -9.990e-29
 249.605923      2.102  38.768910    13.7964     6.9112      2.084    32.2319    24.0905 -9.990e-29
 249.605926      2.115  38.769881    13.7962     6.9086      2.097    32.2329    24.0913 -9.990e-29
 249.605929      2.127  38.770184    13.7957     6.9094      2.109    32.2336    24.0920 -9.990e-29
 249.605932      2.139  38.769905    13.7953     6.9063      2.121    32.2337    24.0921 -9.990e-29
 249.605935      2.147  38.769302    13.7954     6.9085      2.129    32.2331    24.0916 -9.990e-29
 249.605938      2.153  38.768734    13.7959     6.9090      2.135    32.2321    24.0907 -9.990e-29
 249.605940      2.154  38.768567    13.7967     6.9081      2.136    32.2313    24.0899 -9.990e-29
 249.605943      2.153  38.768990    13.7975     6.9102      2.135    32.2310    24.0896 -9.990e-29
 249.605946      2.150  38.769902    13.7978     6.9111      2.132    32.2316    24.0900 -9.990e-29
 249.605949      2.147  38.770852    13.7976     6.9114      2.129    32.2327    24.0908 -9.990e-29
 249.605952      2.148  38.771301    13.7968     6.9118      2.130    32.2337    24.0918 -9.990e-29
 249.605955      2.154  38.771140    13.7953     6.9100      2.136    32.2349    24.0930 -9.990e-29
 249.605958      2.166  38.770502    13.7926     6.9103      2.148    32.2365    24.0948 -9.990e-29
 249.605961      2.182  38.769453    13.7879     6.9123      2.164    32.2395    24.0981 -9.990e-29
 249.605964      2.199  38.767777    13.7802     6.9147      2.181    32.2444    24.1034 -9.990e-29
 249.605966      2.214  38.764689    13.7699     6.9173      2.196    32.2502    24.1100 -9.990e-29
 249.605969      2.222  38.758999    13.7601     6.9185      2.203    32.2532    24.1143 -9.990e-29
 249.605972      2.221  38.749885    13.7548     6.9211      2.202    32.2492    24.1123 -9.990e-29
 249.605975      2.210  38.739051    13.7562     6.9256      2.192    32.2380    24.1033 -9.990e-29
 249.605978      2.191  38.731460    13.7622     6.9263      2.173    32.2259    24.0928 -9.990e-29
 249.605981      2.168  38.731803    13.7692     6.9254      2.150    32.2203    24.0871 -9.990e-29
 249.605984      2.147  38.739095    13.7744     6.9187      2.129    32.2227    24.0879 -9.990e-29
 249.605987      2.131  38.747505    13.7766     6.9089      2.113    32.2287    24.0920 -9.990e-29
 249.605990      2.123  38.753231    13.7760     6.9031      2.105    32.2345    24.0966 -9.990e-29
 249.605992      2.122  38.755605    13.7740     6.8997      2.104    32.2384    24.1000 -9.990e-29
 249.605995      2.124  38.754578    13.7724     6.9007      2.106    32.2388    24.1007 -9.990e-29
 249.605998      2.127  38.751621    13.7720     6.9031      2.109    32.2364    24.0989 -9.990e-29
 249.606001      2.128  38.749278    13.7730     6.9040      2.110    32.2334    24.0963 -9.990e-29
 249.606004      2.125  38.748626    13.7749     6.9065      2.107    32.2312    24.0943 -9.990e-29
 249.606007      2.118  38.749716    13.7769     6.9086      2.100    32.2305    24.0933 -9.990e-29
 249.606010      2.110  38.752047    13.7785     6.9093      2.092    32.2313    24.0936 -9.990e-29
 249.606013      2.105  38.754147    13.7794     6.9054      2.087    32.2325    24.0944 -9.990e-29
 249.606016      2.106  38.755448    13.7789     6.9022      2.088    32.2341    24.0957 -9.990e-29
 249.606019      2.117  38.756387    13.7759     6.9019      2.099    32.2375    24.0990 -9.990e-29
 249.606021      2.139  38.756492    13.7687     6.8985      2.121    32.2437    24.1052 -9.990e-29
 249.606024      2.168  38.754691    13.7555     6.8987      2.150    32.2531    24.1151 -9.990e-29
 249.606027      2.199  38.749720    13.7358     6.8994      2.181    32.2650    24.1284 -9.990e-29
 249.606030      2.227  38.739821    13.7137     6.9015      2.208    32.2745    24.1401 -9.990e-29
 249.606033      2.244  38.723013    13.6969     6.9045      2.225    32.2730    24.1424 -9.990e-29
 249.606036      2.246  38.700417    13.6917     6.9100      2.227    32.2564    24.1306 -9.990e-29
 249.606039      2.232  38.680435    13.6990     6.9113      2.213    32.2317    24.1101 -9.990e-29
 249.606042      2.204  38.672685    13.7142     6.9123      2.186    32.2118    24.0916 -9.990e-29
 249.606045      2.171  38.679686    13.7309     6.9119      2.153    32.2042    24.0824 -9.990e-29
 249.606047      2.138  38.696632    13.7442     6.9108      2.120    32.2088    24.0832 -9.990e-29
 249.606050      2.112  38.715048    13.7516     6.9126      2.094    32.2196    24.0901 -9.990e-29
 249.606053      2.097  38.728812    13.7526     6.9121      2.079    32.2316    24.0991 -9.990e-29
 249.606056      2.092  38.736055    13.7479     6.9117      2.075    32.2422    24.1083 -9.990e-29
 249.606059      2.095  38.736832    13.7386     6.9077      2.078    32.2508    24.1168 -9.990e-29
 249.606062      2.102  38.732262    13.7270     6.9060      2.084    32.2563    24.1234 -9.990e-29
 249.606065      2.108  38.723635    13.7166     6.9054      2.090    32.2571    24.1261 -9.990e-29
 249.606068      2.111  38.712101    13.7100     6.9069      2.093    32.2519    24.1235 -9.990e-29
 249.606071      2.111  38.700889    13.7070     6.9095      2.093    32.2440    24.1180 -9.990e-29
 249.606073      2.109  38.694232    13.7061     6.9151      2.091    32.2386    24.1140 -9.990e-29
 249.606076      2.108  38.692544    13.7058     6.9181      2.090    32.2373    24.1130 -9.990e-29
 249.606079      2.109  38.693113    13.7056     6.9207      2.091    32.2380    24.1136 -9.990e-29
 249.606082      2.114  38.693660    13.7055     6.9232      2.096    32.2386    24.1141 -9.990e-29
 249.606085      2.122  38.693481    13.7053     6.9243      2.104    32.2386    24.1141 -9.990e-29
 249.606088      2.133  38.693286    13.7047     6.9252      2.115    32.2389    24.1145 -9.990e-29
 249.606091      2.148  38.693308    13.7040     6.9240      2.130    32.2395    24.1151 -9.990e-29
 249.606094      2.166  38.692935    13.7036     6.9193      2.148    32.2395    24.1152 -9.990e-29
 249.606097      2.186  38.692114    13.7044     6.9161      2.168    32.2380    24.1139 -9.990e-29
 249.606100      2.206  38.691397    13.7062     6.9138      2.188    32.2359    24.1118 -9.990e-29
 249.606102      2.222  38.691806    13.7077     6.9117      2.203    32.2350    24.1108 -9.990e-29
 249.606105      2.231  38.693741    13.7086     6.9077      2.212    32.2360    24.1115 -9.990e-29
 249.606108      2.231  38.695822    13.7091     6.9073      2.212    32.2375    24.1125 -9.990e-29
 249.606111      2.220  38.696647    13.7098     6.9081      2.201    32.2377    24.1125 -9.990e-29
 249.606114      2.199  38.696552    13.7112     6.9073      2.181    32.2364    24.1113 -9.990e-29
 249.606117      2.172  38.696628    13.7135     6.9081      2.154    32.2346    24.1094 -9.990e-29
 249.606120      2.144  38.697424    13.7163     6.9119      2.126    32.2330    24.1075 -9.990e-29
 249.606123      2.122  38.699169    13.7191     6.9147      2.104    32.2322    24.1064 -9.990e-29
 249.606126      2.109  38.701849    13.7209     6.9168      2.091    32.2332    24.1068 -9.990e-29
 249.606128      2.109  38.704668    13.7216     6.9130      2.091    32.2352    24.1082 -9.990e-29
 249.606131      2.119  38.706622    13.7212     6.9079      2.101    32.2374    24.1100 -9.990e-29
 249.606134      2.135  38.707259    13.7200     6.8997      2.117    32.2390    24.1114 -9.990e-29
 249.606137      2.154  38.706710    13.7182     6.8971      2.136    32.2400    24.1126 -9.990e-29
 249.606140      2.170  38.705475    13.7154     6.8962      2.152    32.2412    24.1141 -9.990e-29
 249.606143      2.178  38.703978    13.7121     6.8987      2.160    32.2426    24.1158 -9.990e-29
 249.606146      2.177  38.701935    13.7098     6.9015      2.159    32.2426    24.1163 -9.990e-29
 249.606149      2.164  38.698602    13.7097     6.9046      2.146    32.2396    24.1140 -9.990e-29
 249.606152      2.142  38.695226    13.7114     6.9076      2.124    32.2351    24.1102 -9.990e-29
 249.606155      2.113  38.694596    13.7136     6.9073      2.095    32.2326    24.1078 -9.990e-29
 249.606157      2.086  38.696887    13.7150     6.9073      2.069    32.2336    24.1083 -9.990e-29
 249.606160      2.068  38.699805    13.7146     6.9045      2.051    32.2366    24.1107 -9.990e-29
 249.606163      2.065  38.701700    13.7112     6.9016      2.048    32.2413    24.1150 -9.990e-29
 249.606166      2.079  38.701976    13.7041     6.8987      2.062    32.2475    24.1212 -9.990e-29
 249.606169      2.106  38.699900    13.6929     6.9013      2.088    32.2550    24.1293 -9.990e-29
 249.606172      2.140  38.694419    13.6787     6.9002      2.122    32.2618    24.1375 -9.990e-29
 249.606175      2.172  38.685086    13.6638     6.9032      2.154    32.2657    24.1435 -9.990e-29
 249.606178      2.193  38.672430    13.6526     6.9083      2.175    32.2634    24.1439 -9.990e-29
 249.606181      2.197  38.657986    13.6492     6.9142      2.179    32.2528    24.1365 -9.990e-29
 249.606183      2.185  38.645195    13.6540     6.9190      2.167    32.2369    24.1232 -9.990e-29
 249.606186      2.158  38.639731    13.6635     6.9211      2.140    32.2239    24.1112 -9.990e-29
 249.606189      2.125  38.644624    13.6740     6.9224      2.107    32.2196    24.1058 -9.990e-29
 249.606192      2.093  38.655642    13.6834     6.9226      2.076    32.2219    24.1057 -9.990e-29
 249.606195      2.069  38.666657    13.6906     6.9239      2.052    32.2261    24.1074 -9.990e-29
 249.606198      2.056  38.675425    13.6953     6.9240      2.039    32.2303    24.1097 -9.990e-29
 249.606201      2.054  38.681903    13.6978     6.9224      2.037    32.2342    24.1122 -9.990e-29
 249.606204      2.061  38.685885    13.6991     6.9255      2.044    32.2368    24.1140 -9.990e-29
 249.606207      2.075  38.687539    13.7007     6.9269      2.058    32.2370    24.1138 -9.990e-29
 249.606209      2.092  38.687876    13.7039     6.9260      2.075    32.2346    24.1113 -9.990e-29
 249.606212      2.109  38.688251    13.7092     6.9239      2.091    32.2304    24.1070 -9.990e-29
 249.606215      2.125  38.690217    13.7157     6.9215      2.107    32.2268    24.1029 -9.990e-29
 249.606218      2.139  38.694588    13.7220     6.9194      2.121    32.2255    24.1007 -9.990e-29
 249.606221      2.153  38.700745    13.7268     6.9185      2.135    32.2272    24.1010 -9.990e-29
 249.606224      2.164  38.707051    13.7295     6.9164      2.146    32.2308    24.1032 -9.990e-29
 249.606227      2.172  38.711740    13.7305     6.9172      2.154    32.2343    24.1057 -9.990e-29
 249.606230      2.175  38.714170    13.7304     6.9151      2.157    32.2366    24.1075 -9.990e-29
 249.606233      2.171  38.714753    13.7297     6.9124      2.153    32.2378    24.1085 -9.990e-29
 249.606236      2.160  38.714212    13.7289     6.9085      2.142    32.2379    24.1088 -9.990e-29
 249.606238      2.143  38.713301    13.7282     6.9028      2.125    32.2377    24.1088 -9.990e-29
 249.606241      2.124  38.712386    13.7279     6.9025      2.106    32.2371    24.1084 -9.990e-29
 249.606244      2.109  38.711641    13.7278     6.9032      2.091    32.2365    24.1079 -9.990e-29
 249.606247      2.102  38.711309    13.7275     6.9083      2.084    32.2364    24.1080 -9.990e-29
 249.606250      2.105  38.711408    13.7265     6.9090      2.087    32.2374    24.1089 -9.990e-29
 249.606253      2.119  38.711479    13.7245     6.9135      2.101    32.2391    24.1106 -9.990e-29
 249.606256      2.140  38.710924    13.7206     6.9145      2.122    32.2419    24.1136 -9.990e-29
 249.606259      2.164  38.709474    13.7149     6.9176      2.146    32.2453    24.1174 -9.990e-29
 249.606262      2.186  38.706719    13.7086     6.9181      2.168    32.2481    24.1208 -9.990e-29
 249.606264      2.200  38.701831    13.7035     6.9174      2.182    32.2478    24.1216 -9.990e-29
 249.606267      2.203  38.695417    13.7011     6.9165      2.185    32.2439    24.1191 -9.990e-29
 249.606270      2.197  38.689992    13.7020     6.9084      2.179    32.2381    24.1144 -9.990e-29
