data/oxygen options/ONMS/Olympic_Coast_National_Marine_Sanctuary_Hypoxia_Survey_CTD_Data_2004_2015/raw_data/2008/CTD_CE100_071508faed.cnv
* Sea-Bird SBE19plus Data File:
* FileName = C:\2008_Mooring_Data\071408_sevice\CTD_CE100_071508.hex
* Software Version 1.59
* Temperature SN =  4671
* Conductivity SN =  4671
* System UpLoad Time = Jul 15 2008 09:50:10
* ds
* SeacatPlus V 1.6b  SERIAL NO. 4671    15 Jul 2008  09:49:41
# nquan = 9                                 
# nvalues = 1944                        
# units = specified
# name 0 = timeJ: Julian Days
# name 1 = prdM: Pressure, Strain Gauge [db]
# name 2 = c0mS/cm: Conductivity [mS/cm]
# name 3 = tv290C: Temperature [ITS-90, deg C]
# name 4 = sbeox0ML/L: Oxygen, SBE 43 [ml/l]
# name 5 = depSM: Depth [salt water, m], lat = 47.5
# name 6 = sal00: Salinity, Practical [PSU]
# name 7 = sigma-é00: Density [sigma-theta, kg/m^3]
# name 8 = flag: flag
# span 0 = 197.402894, 197.408516       
# span 1 =     -0.011,    101.923       
# span 2 =  -0.140246,  36.747907       
# span 3 =     6.7573,    12.6666       
# span 4 =     1.4492,     7.7550       
# span 5 =     -0.011,    101.047       
# span 6 =     0.0000,    33.9787       
# span 7 =    -0.5794,    26.6467       
# span 8 = 0.0000e+00, 0.0000e+00       
# interval = seconds: 0.25
# start_time = Jul 15 2008 09:40:10 [Instrument's time stamp, header]
# bad_flag = -9.990e-29
*END*
[from data line 1121]
 197.406137      1.435  36.719378    11.1427     6.2194      1.423    32.5625    24.8527 -9.990e-29
 197.406140      1.414  36.719892    11.1435     6.2194      1.402    32.5623    24.8524 -9.990e-29
 197.406143      1.398  36.720455    11.1445     6.2252      1.386    32.5620    24.8520 -9.990e-29
 197.406146      1.392  36.721126    11.1458     6.2187      1.380    32.5615    24.8513 -9.990e-29
 197.406149      1.397  36.722020    11.1470     6.2188      1.385    32.5613    24.8510 -9.990e-29
 197.406152      1.413  36.723265    11.1477     6.2182      1.401    32.5619    24.8513 -9.990e-29
 197.406155      1.437  36.724655    11.1479     6.2194      1.425    32.5631    24.8522 -9.990e-29
 197.406157      1.466  36.725598    11.1478     6.2257      1.454    32.5641    24.8530 -9.990e-29
 197.406160      1.492  36.725723    11.1479     6.2261      1.480    32.5641    24.8530 -9.990e-29
 197.406163      1.510  36.725291    11.1483     6.2270      1.497    32.5634    24.8523 -9.990e-29
 197.406166      1.518  36.725034    11.1488     6.2155      1.505    32.5627    24.8517 -9.990e-29
 197.406169      1.518  36.725370    11.1492     6.2152      1.505    32.5626    24.8516 -9.990e-29
 197.406172      1.514  36.725964    11.1494     6.2132      1.501    32.5630    24.8519 -9.990e-29
 197.406175      1.514  36.726441    11.1492     6.2126      1.501    32.5637    24.8524 -9.990e-29
 197.406178      1.526  36.726702    11.1483     6.2158      1.513    32.5647    24.8534 -9.990e-29
 197.406181      1.556  36.726619    11.1468     6.2163      1.543    32.5660    24.8546 -9.990e-29
 197.406183      1.608  36.725994    11.1445     6.2205      1.595    32.5674    24.8561 -9.990e-29
 197.406186      1.683  36.724690    11.1419     6.2241      1.669    32.5684    24.8574 0.0000e+00
 197.406189      1.781  36.722696    11.1396     6.2214      1.766    32.5684    24.8578 0.0000e+00
 197.406192      1.900  36.720186    11.1383     6.2188      1.884    32.5670    24.8570 0.0000e+00
 197.406195      2.038  36.717795    11.1381     6.2183      2.021    32.5648    24.8553 0.0000e+00
 197.406198      2.192  36.716372    11.1386     6.2207      2.174    32.5629    24.8537 0.0000e+00
 197.406201      2.360  36.716318    11.1392     6.2205      2.340    32.5622    24.8531 0.0000e+00
 197.406204      2.537  36.717249    11.1396     6.2192      2.516    32.5627    24.8534 0.0000e+00
 197.406207      2.722  36.718244    11.1396     6.2182      2.699    32.5636    24.8541 0.0000e+00
 197.406209      2.915  36.718782    11.1392     6.2178      2.891    32.5644    24.8548 0.0000e+00
 197.406212      3.114  36.718933    11.1381     6.2172      3.088    32.5654    24.8558 0.0000e+00
 197.406215      3.316  36.718736    11.1363     6.2173      3.288    32.5667    24.8572 0.0000e+00
 197.406218      3.517  36.718075    11.1339     6.2155      3.488    32.5681    24.8587 0.0000e+00
 197.406221      3.715  36.716751    11.1315     6.2133      3.684    32.5689    24.8597 0.0000e+00
 197.406224      3.909  36.714621    11.1296     6.2095      3.876    32.5684    24.8596 0.0000e+00
 197.406227      4.101  36.712186    11.1282     6.2077      4.067    32.5671    24.8589 0.0000e+00
 197.406230      4.294  36.710344    11.1271     6.2052      4.258    32.5662    24.8584 0.0000e+00
 197.406233      4.494  36.709277    11.1259     6.1965      4.456    32.5661    24.8585 0.0000e+00
 197.406236      4.704  36.708584    11.1239     6.1818      4.665    32.5671    24.8597 0.0000e+00
 197.406238      4.926  36.707924    11.1203     6.1617      4.885    32.5696    24.8622 0.0000e+00
 197.406241      5.157  36.706935    11.1140     6.1319      5.114    32.5741    24.8669 0.0000e+00
 197.406244      5.397  36.704830    11.1053     6.0981      5.352    32.5796    24.8727 0.0000e+00
 197.406247      5.645  36.700379    11.0946     6.0605      5.598    32.5846    24.8785 0.0000e+00
 197.406250      5.899  36.693211    11.0816     6.0244      5.850    32.5889    24.8842 0.0000e+00
 197.406253      6.157  36.684555    11.0662     5.9872      6.106    32.5939    24.8908 0.0000e+00
 197.406256      6.419  36.674935    11.0488     5.9530      6.365    32.5997    24.8984 0.0000e+00
 197.406259      6.685  36.663342    11.0304     5.9226      6.629    32.6045    24.9054 0.0000e+00
 197.406262      6.952  36.649734    11.0114     5.8888      6.894    32.6078    24.9113 0.0000e+00
 197.406264      7.219  36.635501    10.9910     5.8443      7.159    32.6117    24.9179 0.0000e+00
 197.406267      7.484  36.621396    10.9679     5.7875      7.421    32.6182    24.9270 0.0000e+00
 197.406270      7.744  36.606754    10.9409     5.7268      7.679    32.6276    24.9391 0.0000e+00
 197.406273      7.997  36.590381    10.9082     5.6593      7.930    32.6403    24.9548 0.0000e+00
 197.406276      8.241  36.571079    10.8684     5.5910      8.172    32.6565    24.9744 0.0000e+00
 197.406279      8.474  36.547631    10.8201     5.5240      8.403    32.6762    24.9982 0.0000e+00
 197.406282      8.692  36.518633    10.7638     5.4591      8.619    32.6976    25.0246 0.0000e+00
 197.406285      8.896  36.482801    10.7036     5.3994      8.822    32.7156    25.0492 0.0000e+00
 197.406288      9.087  36.439080    10.6447     5.3413      9.011    32.7247    25.0664 0.0000e+00
 197.406291      9.267  36.389438    10.5886     5.2839      9.189    32.7253    25.0766 0.0000e+00
 197.406293      9.442  36.340973    10.5343     5.2241      9.363    32.7255    25.0861 0.0000e+00
 197.406296      9.614  36.297646    10.4788     5.1634      9.534    32.7319    25.1006 0.0000e+00
 197.406299      9.788  36.256817    10.4180     5.1030      9.706    32.7456    25.1217 0.0000e+00
 197.406302      9.970  36.215736    10.3469     5.0418      9.887    32.7683    25.1515 0.0000e+00
 197.406305     10.163  36.171472    10.2617     4.9852     10.078    32.8006    25.1911 0.0000e+00
 197.406308     10.367  36.119515    10.1604     4.9305     10.280    32.8397    25.2388 0.0000e+00
 197.406311     10.583  36.055804    10.0428     4.8787     10.494    32.8820    25.2914 0.0000e+00
 197.406314     10.810  35.978664     9.9135     4.8288     10.719    32.9213    25.3437 0.0000e+00
 197.406317     11.046  35.888766     9.7845     4.7835     10.954    32.9475    25.3855 0.0000e+00
 197.406319     11.289  35.785998     9.6674     4.7381     11.194    32.9497    25.4064 0.0000e+00
 197.406322     11.537  35.678037     9.5649     4.6943     11.440    32.9330    25.4100 0.0000e+00
 197.406325     11.789  35.582013     9.4730     4.6517     11.690    32.9186    25.4137 0.0000e+00
 197.406328     12.043  35.504566     9.3865     4.6090     11.942    32.9184    25.4274 0.0000e+00
 197.406331     12.298  35.438849     9.3035     4.5650     12.195    32.9269    25.4473 0.0000e+00
 197.406334     12.551  35.376699     9.2236     4.5213     12.446    32.9363    25.4674 0.0000e+00
 197.406337     12.801  35.314636     9.1463     4.4819     12.694    32.9433    25.4851 0.0000e+00
 197.406340     13.049  35.254213     9.0715     4.4400     12.940    32.9497    25.5019 0.0000e+00
 197.406343     13.295  35.196588     9.0012     4.4018     13.184    32.9548    25.5169 0.0000e+00
 197.406345     13.538  35.140487     8.9387     4.3639     13.425    32.9543    25.5263 0.0000e+00
 197.406348     13.776  35.086071     8.8852     4.3280     13.661    32.9471    25.5290 0.0000e+00
 197.406351     14.006  35.036821     8.8394     4.2894     13.889    32.9381    25.5290 0.0000e+00
 197.406354     14.226  34.995653     8.7999     4.2534     14.107    32.9317    25.5301 0.0000e+00
 197.406357     14.435  34.961193     8.7658     4.2195     14.314    32.9273    25.5319 0.0000e+00
 197.406360     14.637  34.930798     8.7357     4.1865     14.514    32.9234    25.5334 0.0000e+00
 197.406363     14.839  34.904112     8.7072     4.1555     14.715    32.9218    25.5366 0.0000e+00
 197.406366     15.045  34.880908     8.6779     4.1280     14.919    32.9247    25.5433 0.0000e+00
 197.406369     15.260  34.859260     8.6471     4.0967     15.132    32.9306    25.5527 0.0000e+00
 197.406372     15.484  34.836642     8.6159     4.0685     15.354    32.9358    25.5615 0.0000e+00
 197.406374     15.717  34.811704     8.5848     4.0392     15.585    32.9385    25.5684 0.0000e+00
 197.406377     15.960  34.786136     8.5540     4.0162     15.826    32.9402    25.5744 0.0000e+00
 197.406380     16.209  34.762177     8.5237     3.9909     16.073    32.9432    25.5813 0.0000e+00
 197.406383     16.463  34.739944     8.4943     3.9650     16.325    32.9471    25.5888 0.0000e+00
 197.406386     16.720  34.719015     8.4661     3.9425     16.580    32.9513    25.5964 0.0000e+00
 197.406389     16.976  34.699394     8.4393     3.9157     16.834    32.9556    25.6037 0.0000e+00
 197.406392     17.231  34.681035     8.4140     3.8889     17.086    32.9598    25.6108 0.0000e+00
 197.406395     17.482  34.663966     8.3905     3.8639     17.335    32.9636    25.6174 0.0000e+00
 197.406398     17.728  34.648441     8.3690     3.8384     17.579    32.9673    25.6235 0.0000e+00
 197.406400     17.968  34.634534     8.3493     3.8138     17.817    32.9709    25.6293 0.0000e+00
 197.406403     18.205  34.622318     8.3298     3.7926     18.052    32.9762    25.6363 0.0000e+00
 197.406406     18.443  34.611838     8.3080     3.7747     18.288    32.9854    25.6468 0.0000e+00
 197.406409     18.685  34.602374     8.2823     3.7613     18.528    32.9994    25.6616 0.0000e+00
 197.406412     18.933  34.592395     8.2532     3.7469     18.774    33.0161    25.6790 0.0000e+00
 197.406415     19.188  34.580200     8.2226     3.7398     19.027    33.0318    25.6959 0.0000e+00
 197.406418     19.449  34.565444     8.1908     3.7359     19.286    33.0460    25.7117 0.0000e+00
 197.406421     19.713  34.549476     8.1557     3.7323     19.548    33.0619    25.7294 0.0000e+00
 197.406424     19.980  34.532954     8.1144     3.7289     19.812    33.0832    25.7522 0.0000e+00
 197.406427     20.248  34.514546     8.0646     3.7287     20.078    33.1106    25.7810 0.0000e+00
 197.406429     20.513  34.491336     8.0052     3.7285     20.341    33.1419    25.8143 0.0000e+00
 197.406432     20.776  34.460829     7.9367     3.7288     20.602    33.1742    25.8496 0.0000e+00
 197.406435     21.033  34.422304     7.8623     3.7313     20.856    33.2035    25.8834 0.0000e+00
 197.406438     21.283  34.375293     7.7858     3.7298     21.104    33.2259    25.9120 0.0000e+00
 197.406441     21.523  34.320521     7.7110     3.7289     21.342    33.2383    25.9325 0.0000e+00
 197.406444     21.752  34.261344     7.6411     3.7272     21.569    33.2413    25.9448 0.0000e+00
 197.406447     21.971  34.202079     7.5781     3.7229     21.786    33.2375    25.9508 0.0000e+00
 197.406450     22.182  34.146699     7.5223     3.7200     21.996    33.2310    25.9536 0.0000e+00
 197.406453     22.387  34.097939     7.4732     3.7184     22.199    33.2253    25.9560 0.0000e+00
 197.406455     22.587  34.056449     7.4309     3.7160     22.397    33.2208    25.9584 0.0000e+00
 197.406458     22.786  34.021576     7.3957     3.7127     22.595    33.2167    25.9601 0.0000e+00
 197.406461     22.986  33.992869     7.3669     3.7088     22.793    33.2131    25.9613 0.0000e+00
 197.406464     23.192  33.970212     7.3429     3.7057     22.997    33.2114    25.9633 0.0000e+00
 197.406467     23.409  33.953040     7.3221     3.7025     23.212    33.2127    25.9671 0.0000e+00
 197.406470     23.638  33.939686     7.3043     3.7000     23.439    33.2151    25.9716 0.0000e+00
 197.406473     23.879  33.928224     7.2896     3.6993     23.678    33.2167    25.9748 0.0000e+00
 197.406476     24.130  33.918370     7.2773     3.6975     23.927    33.2177    25.9773 0.0000e+00
 197.406479     24.389  33.910757     7.2671     3.6981     24.184    33.2191    25.9798 0.0000e+00
 197.406481     24.655  33.905209     7.2587     3.6997     24.448    33.2210    25.9825 0.0000e+00
 197.406484     24.925  33.901087     7.2517     3.6997     24.715    33.2231    25.9851 0.0000e+00
 197.406487     25.198  33.897937     7.2456     3.6976     24.986    33.2254    25.9878 0.0000e+00
 197.406490     25.474  33.895475     7.2400     3.6971     25.260    33.2280    25.9906 0.0000e+00
 197.406493     25.752  33.893552     7.2344     3.6960     25.535    33.2312    25.9938 0.0000e+00
 197.406496     26.031  33.892146     7.2286     3.6947     25.812    33.2351    25.9977 0.0000e+00
 197.406499     26.311  33.891260     7.2226     3.6906     26.090    33.2397    26.0022 0.0000e+00
 197.406502     26.592  33.890892     7.2160     3.6866     26.368    33.2456    26.0077 0.0000e+00
 197.406505     26.875  33.891071     7.2082     3.6883     26.649    33.2531    26.0148 0.0000e+00
 197.406508     27.161  33.891910     7.1985     3.6869     26.933    33.2632    26.0241 0.0000e+00
 197.406510     27.449  33.893608     7.1872     3.6864     27.218    33.2759    26.0355 0.0000e+00
 197.406513     27.740  33.896447     7.1755     3.6868     27.507    33.2901    26.0483 0.0000e+00
 197.406516     28.035  33.900781     7.1647     3.6873     27.799    33.3051    26.0616 0.0000e+00
 197.406519     28.334  33.906450     7.1555     3.6873     28.096    33.3200    26.0747 0.0000e+00
 197.406522     28.636  33.912402     7.1481     3.6861     28.395    33.3335    26.0863 0.0000e+00
 197.406525     28.941  33.917638     7.1420     3.6845     28.697    33.3450    26.0962 0.0000e+00
 197.406528     29.250  33.921923     7.1370     3.6834     29.004    33.3543    26.1042 0.0000e+00
 197.406531     29.560  33.925485     7.1328     3.6819     29.311    33.3621    26.1109 0.0000e+00
 197.406534     29.872  33.928556     7.1293     3.6797     29.621    33.3687    26.1166 0.0000e+00
 197.406536     30.185  33.931234     7.1264     3.6774     29.931    33.3743    26.1214 0.0000e+00
 197.406539     30.499  33.933660     7.1240     3.6759     30.242    33.3791    26.1255 0.0000e+00
 197.406542     30.814  33.935994     7.1218     3.6738     30.555    33.3837    26.1294 0.0000e+00
 197.406545     31.129  33.938309     7.1198     3.6740     30.867    33.3880    26.1331 0.0000e+00
 197.406548     31.447  33.940587     7.1182     3.6704     31.182    33.3918    26.1363 0.0000e+00
 197.406551     31.766  33.942753     7.1167     3.6640     31.498    33.3955    26.1394 0.0000e+00
 197.406554     32.089  33.944896     7.1150     3.6577     31.819    33.3993    26.1427 0.0000e+00
 197.406557     32.415  33.947243     7.1129     3.6504     32.142    33.4038    26.1465 0.0000e+00
 197.406560     32.743  33.949928     7.1102     3.6406     32.467    33.4092    26.1511 0.0000e+00
 197.406563     33.071  33.953227     7.1073     3.6299     32.792    33.4154    26.1564 0.0000e+00
 197.406565     33.397  33.957657     7.1045     3.6212     33.116    33.4228    26.1626 0.0000e+00
 197.406568     33.720  33.963720     7.1021     3.6115     33.436    33.4316    26.1699 0.0000e+00
 197.406571     34.040  33.971464     7.1003     3.6004     33.753    33.4417    26.1781 0.0000e+00
 197.406574     34.359  33.980232     7.0991     3.5887     34.069    33.4523    26.1866 0.0000e+00
 197.406577     34.676  33.989366     7.0985     3.5737     34.384    33.4627    26.1948 0.0000e+00
 197.406580     34.995  33.998862     7.0985     3.5601     34.700    33.4729    26.2029 0.0000e+00
 197.406583     35.316  34.009191     7.0991     3.5469     35.018    33.4835    26.2111 0.0000e+00
 197.406586     35.638  34.020936     7.1005     3.5365     35.338    33.4948    26.2198 0.0000e+00
 197.406589     35.961  34.034187     7.1027     3.5215     35.658    33.5070    26.2291 0.0000e+00
 197.406591     36.283  34.047967     7.1059     3.5105     35.977    33.5188    26.2380 0.0000e+00
 197.406594     36.601  34.061032     7.1099     3.5007     36.292    33.5290    26.2455 0.0000e+00
