data/oxygen options/ONMS/Olympic_Coast_National_Marine_Sanctuary_Hypoxia_Survey_CTD_Data_2004_2015/raw_data/2008/CTD_RR042_061208faed.cnv
* Sea-Bird SBE19 Data File:
* FileName = C:\2008_Mooring_Data\061208_service\CTD_RR042_061208.hex
* Software Version 1.59
* Temperature SN = 2997
* Conductivity SN = 2997
* System UpLoad Time = Jun 12 2008 18:15:29
* ds
* SEACAT PROFILER V3.1c SN 2997   06/12/08  18:14:56.556
# nquan = 9                                 
# nvalues = 627                         
# units = specified
# name 0 = timeJ: Julian Days
# name 1 = prSM: Pressure, Strain Gauge [db]
# name 2 = c0mS/cm: Conductivity [mS/cm]
# name 3 = t090C: Temperature [ITS-90, deg C]
# name 4 = sbeox0ML/L: Oxygen, SBE 43 [ml/l]
# name 5 = depSM: Depth [salt water, m], lat = 47.5
# name 6 = sal00: Salinity, Practical [PSU]
# name 7 = sigma-é00: Density [sigma-theta, kg/m^3]
# name 8 = flag: flag
# span 0 = 164.754317, 164.757940       
# span 1 =     -5.736,     40.673       
# span 2 =   0.222109,  35.231663       
# span 3 =     7.2902,    12.2941       
# span 4 =    -1.6983,    17.8500       
# span 5 =     -5.688,     40.330       
# span 6 =     0.1495,    33.6245       
# span 7 =    -0.1691,    26.2954       
# span 8 = 0.0000e+00, 0.0000e+00       
# interval = seconds: 0.5
# start_time = Jun 12 2008 18:06:13 [Instrument's time stamp, header]
# bad_flag = -9.990e-29
*END*
[from data line 321]
 164.756175      0.855  34.081806    12.2923     7.0611      0.848    29.0630    21.9300 -9.990e-29
 164.756181      0.855  34.081801    12.2923     7.0581      0.848    29.0630    21.9300 -9.990e-29
 164.756186      0.863  34.081793    12.2923     7.0627      0.856    29.0630    21.9300 -9.990e-29
 164.756192      0.876  34.081776    12.2920     7.0545      0.869    29.0632    21.9302 -9.990e-29
 164.756198      0.885  34.081732    12.2917     7.0398      0.878    29.0634    21.9304 -9.990e-29
 164.756204      0.888  34.081606    12.2915     7.0347      0.881    29.0634    21.9305 -9.990e-29
 164.756209      0.887  34.081232    12.2912     7.0265      0.880    29.0633    21.9304 -9.990e-29
 164.756215      0.889  34.080678    12.2912     7.0319      0.882    29.0627    21.9300 -9.990e-29
 164.756221      0.892  34.080329    12.2916     7.0386      0.885    29.0621    21.9295 -9.990e-29
 164.756227      0.898  34.080284    12.2919     7.0401      0.891    29.0618    21.9292 -9.990e-29
 164.756233      0.906  34.080488    12.2918     7.0434      0.898    29.0621    21.9294 -9.990e-29
 164.756238      0.912  34.080658    12.2917     7.0432      0.904    29.0623    21.9296 -9.990e-29
 164.756244      0.913  34.080467    12.2917     7.0572      0.905    29.0622    21.9295 -9.990e-29
 164.756250      0.913  34.080223    12.2916     7.0531      0.905    29.0620    21.9294 -9.990e-29
 164.756256      0.916  34.080164    12.2914     7.0518      0.908    29.0621    21.9295 -9.990e-29
 164.756262      0.923  34.080216    12.2911     7.0481      0.915    29.0624    21.9298 -9.990e-29
 164.756267      0.934  34.080453    12.2911     7.0365      0.926    29.0626    21.9299 -9.990e-29
 164.756273      0.945  34.080638    12.2912     7.0446      0.937    29.0627    21.9300 -9.990e-29
 164.756279      0.949  34.080460    12.2914     7.0399      0.941    29.0624    21.9297 -9.990e-29
 164.756285      0.945  34.080245    12.2919     7.0336      0.937    29.0618    21.9291 -9.990e-29
 164.756291      0.942  34.080270    12.2925     7.0334      0.934    29.0613    21.9287 -9.990e-29
 164.756296      0.945  34.080015    12.2928     7.0384      0.937    29.0609    21.9283 -9.990e-29
 164.756302      0.949  34.078025    12.2929     7.0386      0.941    29.0589    21.9267 -9.990e-29
 164.756308      0.950  34.076131    12.2928     7.0405      0.942    29.0572    21.9254 -9.990e-29
 164.756314      0.948  34.077412    12.2927     7.0520      0.940    29.0585    21.9264 -9.990e-29
 164.756319      0.943  34.079661    12.2928     7.0472      0.935    29.0605    21.9280 -9.990e-29
 164.756325      0.938  34.080840    12.2929     7.0556      0.930    29.0616    21.9288 -9.990e-29
 164.756331      0.939  34.081405    12.2927     7.0479      0.931    29.0623    21.9294 -9.990e-29
 164.756337      0.945  34.081555    12.2925     7.0417      0.937    29.0625    21.9296 -9.990e-29
 164.756343      0.951  34.081494    12.2923     7.0366      0.943    29.0626    21.9297 -9.990e-29
 164.756348      0.955  34.081145    12.2919     7.0333      0.947    29.0626    21.9298 -9.990e-29
 164.756354      0.961  34.080608    12.2916     7.0559      0.953    29.0623    21.9296 -9.990e-29
 164.756360      0.973  34.080291    12.2912     7.0627      0.965    29.0624    21.9297 -9.990e-29
 164.756366      0.988  34.080336    12.2905     7.0790      0.980    29.0629    21.9303 -9.990e-29
 164.756372      0.998  34.080246    12.2897     7.0709      0.990    29.0635    21.9309 -9.990e-29
 164.756377      0.999  34.079345    12.2884     7.0524      0.991    29.0636    21.9312 -9.990e-29
 164.756383      0.997  34.076996    12.2863     7.0472      0.989    29.0630    21.9311 -9.990e-29
 164.756389      0.999  34.073432    12.2844     7.0289      0.991    29.0611    21.9300 -9.990e-29
 164.756395      1.006  34.070627    12.2837     7.0373      0.998    29.0590    21.9285 -9.990e-29
 164.756400      1.009  34.069884    12.2837     7.0552      1.001    29.0583    21.9280 -9.990e-29
 164.756406      1.004  34.070216    12.2838     7.0619      0.996    29.0586    21.9281 -9.990e-29
 164.756412      0.996  34.070391    12.2839     7.0669      0.988    29.0586    21.9282 -9.990e-29
 164.756418      0.991  34.070645    12.2844     7.0538      0.983    29.0585    21.9280 -9.990e-29
 164.756424      0.995  34.071323    12.2851     7.0451      0.987    29.0586    21.9279 -9.990e-29
 164.756429      1.003  34.072025    12.2857     7.0390      0.995    29.0588    21.9280 -9.990e-29
 164.756435      1.008  34.072563    12.2860     7.0457      1.000    29.0591    21.9281 -9.990e-29
 164.756441      1.009  34.072878    12.2863     7.0509      1.001    29.0591    21.9281 -9.990e-29
 164.756447      1.015  34.073342    12.2868     7.0467      1.007    29.0592    21.9281 -9.990e-29
 164.756453      1.027  34.074342    12.2878     7.0467      1.018    29.0593    21.9280 -9.990e-29
 164.756458      1.041  34.074925    12.2891     7.0433      1.032    29.0589    21.9274 -9.990e-29
 164.756464      1.058  34.074700    12.2901     7.0515      1.049    29.0579    21.9265 -9.990e-29
 164.756470      1.074  34.074443    12.2904     7.0566      1.065    29.0574    21.9260 -9.990e-29
 164.756476      1.086  34.073769    12.2898     7.0500      1.077    29.0572    21.9260 -9.990e-29
 164.756481      1.096  34.072853    12.2883     7.0532      1.087    29.0575    21.9265 -9.990e-29
 164.756487      1.104  34.072670    12.2867     7.0449      1.095    29.0586    21.9276 -9.990e-29
 164.756493      1.110  34.072369    12.2851     7.0383      1.101    29.0595    21.9287 -9.990e-29
 164.756499      1.115  34.070943    12.2832     7.0445      1.106    29.0597    21.9291 -9.990e-29
 164.756505      1.119  34.068687    12.2817     7.0383      1.110    29.0587    21.9286 -9.990e-29
 164.756510      1.122  34.067027    12.2810     7.0415      1.113    29.0577    21.9279 -9.990e-29
 164.756516      1.125  34.067065    12.2806     7.0563      1.116    29.0580    21.9283 -9.990e-29
 164.756522      1.128  34.067686    12.2804     7.0449      1.119    29.0587    21.9289 -9.990e-29
 164.756528      1.130  34.067991    12.2805     7.0512      1.121    29.0590    21.9290 -9.990e-29
 164.756534      1.132  34.068343    12.2808     7.0302      1.123    29.0591    21.9291 -9.990e-29
 164.756539      1.135  34.068607    12.2816     7.0284      1.126    29.0587    21.9286 -9.990e-29
 164.756545      1.138  34.068529    12.2826     7.0417      1.128    29.0578    21.9278 -9.990e-29
 164.756551      1.141  34.068520    12.2834     7.0580      1.131    29.0572    21.9272 -9.990e-29
 164.756557      1.145  34.069084    12.2837     7.0701      1.135    29.0575    21.9273 -9.990e-29
 164.756563      1.146  34.069807    12.2838     7.0585      1.136    29.0581    21.9278 -9.990e-29
 164.756568      1.139  34.069928    12.2836     7.0434      1.129    29.0584    21.9280 -9.990e-29
 164.756574      1.128  34.069564    12.2834     7.0349      1.119    29.0582    21.9279 -9.990e-29
 164.756580      1.117  34.069302    12.2831     7.0430      1.108    29.0582    21.9280 -9.990e-29
 164.756586      1.110  34.069311    12.2826     7.0562      1.101    29.0586    21.9284 -9.990e-29
 164.756591      1.110  34.069558    12.2822     7.0613      1.101    29.0591    21.9289 -9.990e-29
 164.756597      1.113  34.069767    12.2820     7.0530      1.104    29.0595    21.9292 -9.990e-29
 164.756603      1.115  34.069610    12.2818     7.0460      1.106    29.0595    21.9292 -9.990e-29
 164.756609      1.116  34.069394    12.2814     7.0490      1.107    29.0596    21.9294 -9.990e-29
 164.756615      1.116  34.069346    12.2813     7.0524      1.107    29.0596    21.9294 -9.990e-29
 164.756620      1.115  34.069354    12.2816     7.0687      1.106    29.0594    21.9292 -9.990e-29
 164.756626      1.113  34.069384    12.2819     7.0702      1.104    29.0592    21.9290 -9.990e-29
 164.756632      1.110  34.069433    12.2822     7.0538      1.101    29.0590    21.9288 -9.990e-29
 164.756638      1.106  34.069522    12.2825     7.0468      1.097    29.0589    21.9286 -9.990e-29
 164.756644      1.104  34.069723    12.2830     7.0405      1.095    29.0587    21.9284 -9.990e-29
 164.756649      1.110  34.070259    12.2840     7.0306      1.101    29.0584    21.9280 -9.990e-29
 164.756655      1.118  34.071242    12.2851     7.0275      1.109    29.0585    21.9278 -9.990e-29
 164.756661      1.126  34.072254    12.2860     7.0390      1.117    29.0587    21.9279 -9.990e-29
 164.756667      1.133  34.072920    12.2867     7.0457      1.124    29.0588    21.9278 -9.990e-29
 164.756672      1.141  34.073525    12.2874     7.0478      1.131    29.0588    21.9277 -9.990e-29
 164.756678      1.149  34.074269    12.2882     7.0587      1.139    29.0589    21.9276 -9.990e-29
 164.756684      1.158  34.074981    12.2889     7.0556      1.148    29.0590    21.9276 -9.990e-29
 164.756690      1.169  34.075444    12.2891     7.0706      1.159    29.0593    21.9278 -9.990e-29
 164.756696      1.183  34.075670    12.2890     7.0739      1.173    29.0596    21.9280 -9.990e-29
 164.756701      1.196  34.075915    12.2890     7.0606      1.186    29.0598    21.9282 -9.990e-29
 164.756707      1.204  34.075901    12.2890     7.0556      1.194    29.0598    21.9282 -9.990e-29
 164.756713      1.213  34.075565    12.2887     7.0489      1.203    29.0597    21.9281 -9.990e-29
 164.756719      1.222  34.075531    12.2884     7.0636      1.212    29.0599    21.9284 -9.990e-29
 164.756725      1.229  34.075710    12.2886     7.0833      1.219    29.0599    21.9283 -9.990e-29
 164.756730      1.234  34.075735    12.2888     7.0800      1.224    29.0598    21.9282 -9.990e-29
 164.756736      1.237  34.075597    12.2883     7.0688      1.227    29.0601    21.9285 -9.990e-29
 164.756742      1.243  34.075065    12.2875     7.0568      1.233    29.0602    21.9287 -9.990e-29
 164.756748      1.251  34.074506    12.2869     7.0323      1.241    29.0601    21.9288 -9.990e-29
 164.756753      1.258  34.074248    12.2864     7.0257      1.247    29.0603    21.9290 -9.990e-29
 164.756759      1.270  34.073902    12.2860     7.0275      1.259    29.0602    21.9290 -9.990e-29
 164.756765      1.290  34.073522    12.2859     7.0328      1.279    29.0599    21.9288 -9.990e-29
 164.756771      1.320  34.073118    12.2861     7.0388      1.309    29.0594    21.9284 -9.990e-29
 164.756777      1.362  34.072665    12.2865     7.0344      1.351    29.0586    21.9277 -9.990e-29
 164.756782      1.419  34.072633    12.2869     7.0397      1.407    29.0583    21.9274 -9.990e-29
 164.756788      1.495  34.072935    12.2868     7.0465      1.483    29.0586    21.9276 -9.990e-29
 164.756794      1.589  34.072811    12.2865     7.0774      1.576    29.0587    21.9278 -9.990e-29
 164.756800      1.704  34.072607    12.2864     7.0905      1.690    29.0585    21.9277 -9.990e-29
 164.756806      1.846  34.073127    12.2864     7.0475      1.831    29.0590    21.9280 0.0000e+00
 164.756811      2.022  34.073899    12.2862     6.9899      2.005    29.0598    21.9287 0.0000e+00
 164.756817      2.236  34.074228    12.2855     6.9288      2.217    29.0606    21.9294 0.0000e+00
 164.756823      2.500  34.073947    12.2836     6.8968      2.479    29.0617    21.9306 0.0000e+00
 164.756829      2.812  34.073196    12.2785     6.8744      2.789    29.0648    21.9340 0.0000e+00
 164.756834      3.162  34.072045    12.2634     6.8281      3.136    29.0753    21.9448 0.0000e+00
 164.756840      3.539  34.069475    12.2177     6.7765      3.509    29.1082    21.9786 0.0000e+00
 164.756846      3.936  34.062572    12.1082     6.7326      3.903    29.1867    22.0593 0.0000e+00
 164.756852      4.354  34.068965    11.9370     6.6860      4.318    29.3268    22.1986 0.0000e+00
 164.756858      4.788  34.127932    11.7571     6.6411      4.748    29.5251    22.3845 0.0000e+00
 164.756863      5.231  34.236823    11.6064     6.5668      5.187    29.7498    22.5855 0.0000e+00
 164.756869      5.679  34.357044    11.4820     6.4380      5.632    29.9659    22.7752 0.0000e+00
 164.756875      6.125  34.474064    11.3706     6.2770      6.074    30.1697    22.9529 0.0000e+00
 164.756881      6.572  34.581969    11.2685     6.1197      6.517    30.3581    23.1171 0.0000e+00
 164.756887      7.026  34.669417    11.1802     5.9829      6.967    30.5161    23.2552 0.0000e+00
 164.756892      7.487  34.740917    11.1017     5.8742      7.424    30.6510    23.3737 0.0000e+00
 164.756898      7.954  34.827324    11.0283     5.8154      7.887    30.7968    23.4998 0.0000e+00
 164.756904      8.427  34.950803    10.9555     5.7819      8.356    30.9792    23.6542 0.0000e+00
 164.756910      8.902  35.077638    10.8675     5.7691      8.828    31.1785    23.8244 0.0000e+00
 164.756916      9.374  35.163461    10.7642     5.7626      9.296    31.3514    23.9766 0.0000e+00
 164.756921      9.844  35.209491    10.6655     5.7430      9.762    31.4816    24.0949 0.0000e+00
 164.756927     10.316  35.231663    10.5756     5.7207     10.230    31.5811    24.1877 0.0000e+00
 164.756933     10.789  35.229781    10.4833     5.7097     10.699    31.6591    24.2641 0.0000e+00
 164.756939     11.265  35.207435    10.3903     5.7158     11.171    31.7176    24.3253 0.0000e+00
 164.756944     11.747  35.184066    10.3077     5.7306     11.649    31.7661    24.3770 0.0000e+00
 164.756950     12.240  35.171586    10.2376     5.7549     12.137    31.8148    24.4267 0.0000e+00
 164.756956     12.751  35.165055    10.1786     5.7909     12.644    31.8598    24.4716 0.0000e+00
 164.756962     13.281  35.157945    10.1344     5.8005     13.170    31.8913    24.5035 0.0000e+00
 164.756968     13.830  35.150240    10.1085     5.7539     13.714    31.9061    24.5194 0.0000e+00
 164.756973     14.395  35.145055    10.0970     5.6482     14.274    31.9108    24.5249 0.0000e+00
 164.756979     14.968  35.142701    10.0930     5.4675     14.843    31.9117    24.5263 0.0000e+00
 164.756985     15.548  35.141106    10.0911     5.2281     15.418    31.9115    24.5265 0.0000e+00
 164.756991     16.133  35.138654    10.0838     4.9616     15.998    31.9152    24.5306 0.0000e+00
 164.756997     16.722  35.132589    10.0592     4.6225     16.582    31.9306    24.5467 0.0000e+00
 164.757002     17.317  35.116455     9.9965     4.2721     17.172    31.9694    24.5873 0.0000e+00
 164.757008     17.918  35.076533     9.8638     3.9378     17.768    32.0464    24.6692 0.0000e+00
 164.757014     18.521  34.994274     9.6583     3.6595     18.366    32.1457    24.7800 0.0000e+00
 164.757020     19.121  34.878143     9.4198     3.5111     18.961    32.2406    24.8925 0.0000e+00
 164.757025     19.718  34.760886     9.1694     3.4786     19.553    32.3459    25.0143 0.0000e+00
 164.757031     20.315  34.644603     8.8970     3.5371     20.144    32.4732    25.1563 0.0000e+00
 164.757037     20.916  34.507480     8.5879     3.6710     20.740    32.6138    25.3135 0.0000e+00
 164.757043     21.525  34.338003     8.2539     3.8566     21.344    32.7447    25.4661 0.0000e+00
 164.757049     22.142  34.154887     7.9674     4.0804     21.956    32.8179    25.5654 0.0000e+00
 164.757054     22.759  34.012978     7.7829     4.2560     22.568    32.8394    25.6088 0.0000e+00
 164.757060     23.369  33.935796     7.6697     4.3426     23.173    32.8630    25.6436 0.0000e+00
 164.757066     23.972  33.889784     7.5789     4.3411     23.771    32.8991    25.6847 0.0000e+00
 164.757072     24.572  33.840964     7.4932     4.3045     24.365    32.9274    25.7190 0.0000e+00
 164.757078     25.173  33.786353     7.4212     4.2881     24.961    32.9365    25.7362 0.0000e+00
 164.757083     25.774  33.743809     7.3739     4.2760     25.557    32.9351    25.7417 0.0000e+00
 164.757089     26.375  33.725995     7.3509     4.2359     26.153    32.9374    25.7467 0.0000e+00
