data/oxygen options/ONMS/Olympic_Coast_National_Marine_Sanctuary_Hypoxia_Survey_CTD_Data_2004_2015/raw_data/2009/CTD_RR042_081109faed.cnv
* Sea-Bird SBE19 Data File:
* FileName = C:\2009_MOORING_DATA\081109\CTD_RR042_081109.hex
* Software Version 1.24
* Temperature SN = 2997
* Conductivity SN = 2997
* System UpLoad Time = Aug 11 2009 16:11:22
* SEACAT PROFILER V3.1c SN 2997   08/11/09  16:10:46.756
* strain gauge pressure sensor: S/N = 184829,  range = 3000 psia,  tc = 40
# nquan = 9                                 
# nvalues = 749                         
# units = specified
# name 0 = timeJ: Julian Days
# name 1 = prSM: Pressure, Strain Gauge [db]
# name 2 = c0mS/cm: Conductivity [mS/cm]
# name 3 = t090C: Temperature [ITS-90, deg C]
# name 4 = sbeox0ML/L: Oxygen, SBE 43 [ml/l]
# name 5 = depSM: Depth [salt water, m], lat = 47.5
# name 6 = sal00: Salinity, Practical [PSU]
# name 7 = sigma-é00: Density [sigma-theta, kg/m^3]
# name 8 = flag: flag
# span 0 = 223.669317, 223.673646       
# span 1 =     -3.679,     42.997       
# span 2 =   0.200541,  39.674891       
# span 3 =     7.3605,    16.1276       
# span 4 =    -1.5991,    17.1842       
# span 5 =     -3.648,     42.634       
# span 6 =     0.1166,    33.5791       
# span 7 =    -0.9855,    26.2501       
# span 8 = 0.0000e+00, 0.0000e+00       
# interval = seconds: 0.5
# start_time = Aug 11 2009 16:03:49 [Instrument's time stamp, header]
# bad_flag = -9.990e-29
*END*
 223.669317     -3.679 -9.990e-29    15.9493    -1.5950     -3.648 -9.990e-29 -9.990e-29 -9.990e-29
 223.669323     -3.677   0.203174    15.9517    -1.5946     -3.646     0.1185    -0.9562 -9.990e-29
 223.669329     -3.675   0.202989    15.9509    -1.5942     -3.644     0.1184    -0.9561 -9.990e-29
 223.669334     -3.672   0.203174    15.9469    -1.5940     -3.641     0.1185    -0.9554 -9.990e-29
 223.669340     -3.668   0.203420    15.9415    -1.5938     -3.637     0.1186    -0.9544 -9.990e-29
 223.669346     -3.663   0.203501    15.9360    -1.5938     -3.632     0.1187    -0.9535 -9.990e-29
 223.669352     -3.657   0.203527    15.9316    -1.5938     -3.627     0.1187    -0.9527 -9.990e-29
 223.669358     -3.649   0.203532    15.9295    -1.5938     -3.619     0.1187    -0.9524 -9.990e-29
 223.669363     -3.639   0.203521    15.9304    -1.5933     -3.609     0.1187    -0.9525 -9.990e-29
 223.669369     -3.626   0.203481    15.9352    -1.5926     -3.596     0.1187    -0.9533 -9.990e-29
 223.669375     -3.609   0.203362    15.9437    -1.5922     -3.579     0.1186    -0.9548 -9.990e-29
 223.669381     -3.591   0.203005    15.9530    -1.5922     -3.561     0.1184    -0.9565 -9.990e-29
 223.669387     -3.576   0.202487    15.9608    -1.5923     -3.546     0.1180    -0.9580 -9.990e-29
 223.669392     -3.558   0.202227    15.9663    -1.5923     -3.528     0.1179    -0.9590 -9.990e-29
 223.669398     -3.537   0.202433    15.9696    -1.5922     -3.508     0.1180    -0.9594 -9.990e-29
 223.669404     -3.514   0.202827    15.9728    -1.5921     -3.485     0.1182    -0.9598 -9.990e-29
 223.669410     -3.490   0.202825    15.9796    -1.5918     -3.461     0.1182    -0.9609 -9.990e-29
 223.669416     -3.466   0.202425    15.9920    -1.5916     -3.437     0.1179    -0.9631 -9.990e-29
 223.669421     -3.445   0.202204    16.0062    -1.5913     -3.416     0.1178    -0.9656 -9.990e-29
 223.669427     -3.426   0.202422    16.0165    -1.5912     -3.397     0.1179    -0.9672 -9.990e-29
 223.669433     -3.408   0.202816    16.0210    -1.5911     -3.380     0.1181    -0.9677 -9.990e-29
 223.669439     -3.389   0.202804    16.0223    -1.5910     -3.361     0.1181    -0.9680 -9.990e-29
 223.669444     -3.369   0.202369    16.0238    -1.5909     -3.341     0.1178    -0.9684 -9.990e-29
 223.669450     -3.345   0.202042    16.0270    -1.5909     -3.317     0.1176    -0.9691 -9.990e-29
 223.669456     -3.322   0.201941    16.0324    -1.5908     -3.294     0.1175    -0.9700 -9.990e-29
 223.669462     -3.301   0.201931    16.0396    -1.5907     -3.273     0.1175    -0.9712 -9.990e-29
 223.669468     -3.277   0.202001    16.0471    -1.5907     -3.250     0.1175    -0.9724 -9.990e-29
 223.669473     -3.249   0.202243    16.0537    -1.5905     -3.222     0.1177    -0.9734 -9.990e-29
 223.669479     -3.223   0.202426    16.0591    -1.5903     -3.196     0.1177    -0.9742 -9.990e-29
 223.669485     -3.202   0.202240    16.0635    -1.5901     -3.175     0.1176    -0.9750 -9.990e-29
 223.669491     -3.185   0.201993    16.0668    -1.5903     -3.158     0.1175    -0.9757 -9.990e-29
 223.669497     -3.170   0.201911    16.0694    -1.5904     -3.144     0.1174    -0.9761 -9.990e-29
 223.669502     -3.156   0.201883    16.0721    -1.5904     -3.130     0.1174    -0.9766 -9.990e-29
 223.669508     -3.143   0.201873    16.0748    -1.5906     -3.117     0.1174    -0.9770 -9.990e-29
 223.669514     -3.130   0.201869    16.0775    -1.5909     -3.104     0.1174    -0.9775 -9.990e-29
 223.669520     -3.116   0.201867    16.0807    -1.5912     -3.090     0.1174    -0.9780 -9.990e-29
 223.669525     -3.100   0.201863    16.0849    -1.5915     -3.074     0.1174    -0.9787 -9.990e-29
 223.669531     -3.081   0.201853    16.0893    -1.5918     -3.055     0.1173    -0.9795 -9.990e-29
 223.669537     -3.058   0.201825    16.0920    -1.5921     -3.033     0.1173    -0.9799 -9.990e-29
 223.669543     -3.029   0.201743    16.0917    -1.5924     -3.004     0.1173    -0.9799 -9.990e-29
 223.669549     -2.997   0.201496    16.0892    -1.5928     -2.972     0.1171    -0.9796 -9.990e-29
 223.669554     -2.969   0.201311    16.0855    -1.5930     -2.944     0.1170    -0.9791 -9.990e-29
 223.669560     -2.946   0.201495    16.0797    -1.5931     -2.921     0.1172    -0.9780 -9.990e-29
 223.669566     -2.928   0.201741    16.0714    -1.5931     -2.904     0.1173    -0.9765 -9.990e-29
 223.669572     -2.913   0.201822    16.0617    -1.5933     -2.889     0.1174    -0.9749 -9.990e-29
 223.669578     -2.901   0.201849    16.0521    -1.5934     -2.877     0.1174    -0.9733 -9.990e-29
 223.669583     -2.890   0.201858    16.0424    -1.5936     -2.866     0.1175    -0.9717 -9.990e-29
 223.669589     -2.879   0.201860    16.0322    -1.5940     -2.855     0.1175    -0.9700 -9.990e-29
 223.669595     -2.869   0.201860    16.0217    -1.5942     -2.845     0.1175    -0.9683 -9.990e-29
 223.669601     -2.858   0.201856    16.0124    -1.5942     -2.834     0.1175    -0.9667 -9.990e-29
 223.669606     -2.846   0.201843    16.0057    -1.5941     -2.822     0.1175    -0.9656 -9.990e-29
 223.669612     -2.832   0.201806    16.0010    -1.5938     -2.808     0.1175    -0.9649 -9.990e-29
 223.669618     -2.820   0.201696    15.9966    -1.5936     -2.796     0.1175    -0.9642 -9.990e-29
 223.669624     -2.812   0.201367    15.9916    -1.5933     -2.789     0.1173    -0.9635 -9.990e-29
 223.669630     -2.805   0.200935    15.9859    -1.5930     -2.782     0.1171    -0.9628 -9.990e-29
 223.669635     -2.793   0.200935    15.9792    -1.5928     -2.770     0.1171    -0.9617 -9.990e-29
 223.669641     -2.776   0.201365    15.9720    -1.5926     -2.753     0.1174    -0.9603 -9.990e-29
 223.669647     -2.752   0.201692    15.9670    -1.5924     -2.729     0.1176    -0.9593 -9.990e-29
 223.669653     -2.725   0.201797    15.9664    -1.5922     -2.702     0.1176    -0.9592 -9.990e-29
 223.669659     -2.701   0.201821    15.9700    -1.5922     -2.678     0.1176    -0.9598 -9.990e-29
 223.669664     -2.683   0.201796    15.9765    -1.5919     -2.661     0.1176    -0.9609 -9.990e-29
 223.669670     -2.670   0.201690    15.9845    -1.5917     -2.648     0.1175    -0.9622 -9.990e-29
 223.669676     -2.660   0.201362    15.9929    -1.5913     -2.638     0.1173    -0.9637 -9.990e-29
 223.669682     -2.655   0.200931    16.0009    -1.5910     -2.633     0.1170    -0.9653 -9.990e-29
 223.669688     -2.647   0.200929    16.0085    -1.5909     -2.625     0.1170    -0.9665 -9.990e-29
 223.669693     -2.634   0.201356    16.0155    -1.5911     -2.612     0.1172    -0.9675 -9.990e-29
 223.669699     -2.619   0.201672    16.0222    -1.5910     -2.597     0.1174    -0.9684 -9.990e-29
 223.669705     -2.604   0.201745    16.0287    -1.5909     -2.582     0.1174    -0.9695 -9.990e-29
 223.669711     -2.588   0.201672    16.0347    -1.5908     -2.566     0.1174    -0.9705 -9.990e-29
 223.669716     -2.576   0.201355    16.0413    -1.5906     -2.555     0.1172    -0.9717 -9.990e-29
 223.669722     -2.571   0.200927    16.0495    -1.5905     -2.550     0.1169    -0.9733 -9.990e-29
 223.669728     -2.567   0.200927    16.0586    -1.5907     -2.546     0.1169    -0.9748 -9.990e-29
 223.669734     -2.561   0.201358    16.0660    -1.5910     -2.540     0.1171    -0.9758 -9.990e-29
 223.669740     -2.552   0.201686    16.0696    -1.5910     -2.531     0.1173    -0.9763 -9.990e-29
 223.669745     -2.539   0.201794    16.0707    -1.5909     -2.518     0.1174    -0.9764 -9.990e-29
 223.669751     -2.527   0.201826    16.0723    -1.5907     -2.506     0.1174    -0.9766 -9.990e-29
 223.669757     -2.518   0.201824    16.0754    -1.5908     -2.497     0.1174    -0.9772 -9.990e-29
 223.669763     -2.507   0.201788    16.0792    -1.5908     -2.486     0.1173    -0.9778 -9.990e-29
 223.669769     -2.490   0.201670    16.0827    -1.5906     -2.469     0.1173    -0.9784 -9.990e-29
 223.669774     -2.471   0.201313    16.0835    -1.5903     -2.450     0.1170    -0.9787 -9.990e-29
 223.669780     -2.455   0.200797    16.0803    -1.5901     -2.435     0.1168    -0.9784 -9.990e-29
 223.669786     -2.442   0.200541    16.0761    -1.5899     -2.422     0.1166    -0.9778 -9.990e-29
 223.669792     -2.428   0.200759    16.0748    -1.5896     -2.408     0.1167    -0.9775 -9.990e-29
 223.669797     -2.410   0.201189    16.0768    -1.5895     -2.390     0.1170    -0.9777 -9.990e-29
 223.669803     -2.393   0.201297    16.0791    -1.5895     -2.373     0.1170    -0.9780 -9.990e-29
 223.669809     -2.383   0.201227    16.0805    -1.5893     -2.363     0.1170    -0.9783 -9.990e-29
 223.669815     -2.377   0.201439    16.0831    -1.5893     -2.357     0.1171    -0.9786 -9.990e-29
 223.669821     -2.364   0.201662    16.0888    -1.5896     -2.344     0.1172    -0.9794 -9.990e-29
 223.669826     -2.349   0.201639    16.0962    -1.5900     -2.329     0.1172    -0.9807 -9.990e-29
 223.669832     -2.334   0.201341    16.1036    -1.5904     -2.315     0.1170    -0.9820 -9.990e-29
 223.669838     -2.320   0.200925    16.1106    -1.5904     -2.301     0.1167    -0.9834 -9.990e-29
 223.669844     -2.304   0.200946    16.1172    -1.5903     -2.285     0.1167    -0.9845 -9.990e-29
 223.669850     -2.285   0.201431    16.1224    -1.5905     -2.266     0.1170    -0.9851 -9.990e-29
 223.669855     -2.264   0.201919    16.1261    -1.5906     -2.245     0.1173    -0.9855 -9.990e-29
 223.669861     -2.242   0.202507    16.1276    -1.5908     -2.223     0.1176    -0.9855 -9.990e-29
 223.669867     -2.227   0.203426    16.1246    -1.5913     -2.208     0.1182    -0.9846 -9.990e-29
 223.669873     -2.221   0.204792    16.1161    -1.5915     -2.202     0.1190    -0.9826 -9.990e-29
 223.669878     -2.221   0.207321    16.1039    -1.5918     -2.202     0.1205    -0.9794 -9.990e-29
 223.669884     -2.218   0.212721    16.0916    -1.5919     -2.200     0.1236    -0.9750 -9.990e-29
 223.669890     -2.208   0.225421    16.0813    -1.5920     -2.190     0.1310    -0.9675 -9.990e-29
 223.669896     -2.193   0.249603    16.0717    -1.5918     -2.175     0.1452    -0.9550 -9.990e-29
 223.669902     -2.178   0.282026    16.0606    -1.5918     -2.160     0.1642    -0.9385 -9.990e-29
 223.669907     -2.161   0.317135    16.0486    -1.5922     -2.143     0.1850    -0.9205 -9.990e-29
 223.669913     -2.145   0.354059    16.0371    -1.5927     -2.127     0.2070    -0.9016 -9.990e-29
 223.669919     -2.135   0.387696    16.0266    -1.5930     -2.117     0.2272    -0.8843 -9.990e-29
 223.669925     -2.129   0.406895    16.0182    -1.5931     -2.111     0.2387    -0.8740 -9.990e-29
 223.669931     -2.122   0.410086    16.0123    -1.5936     -2.104     0.2407    -0.8715 -9.990e-29
 223.669936     -2.110   0.406516    16.0087    -1.5938     -2.092     0.2386    -0.8726 -9.990e-29
 223.669942     -2.096   0.402513    16.0072    -1.5940     -2.079     0.2362    -0.8742 -9.990e-29
 223.669948     -2.084   0.399395    16.0065    -1.5941     -2.067     0.2343    -0.8755 -9.990e-29
 223.669954     -2.074   0.397442    16.0027    -1.5942     -2.057     0.2332    -0.8758 -9.990e-29
 223.669959     -2.063   0.396822    15.9940    -1.5944     -2.046     0.2328    -0.8746 -9.990e-29
 223.669965     -2.052   0.397264    15.9833    -1.5945     -2.035     0.2332    -0.8726 -9.990e-29
 223.669971     -2.040   0.397139    15.9736    -1.5950     -2.023     0.2331    -0.8711 -9.990e-29
 223.669977     -2.030   0.395172    15.9641    -1.5953     -2.013     0.2320    -0.8704 -9.990e-29
 223.669983     -2.027   0.392068    15.9541    -1.5957     -2.010     0.2302    -0.8702 -9.990e-29
 223.669988     -2.025   0.389236    15.9456    -1.5959     -2.008     0.2285    -0.8701 -9.990e-29
 223.669994     -2.015   0.387334    15.9395    -1.5959     -1.998     0.2274    -0.8699 -9.990e-29
 223.670000     -1.999   0.386602    15.9341    -1.5959     -1.982     0.2270    -0.8694 -9.990e-29
 223.670006     -1.982   0.387171    15.9279    -1.5962     -1.965     0.2274    -0.8681 -9.990e-29
 223.670012     -1.968   0.389248    15.9204    -1.5966     -1.952     0.2287    -0.8659 -9.990e-29
 223.670017     -1.957   0.393382    15.9115    -1.5970     -1.941     0.2312    -0.8625 -9.990e-29
 223.670023     -1.942   0.398988    15.9009    -1.5971     -1.926     0.2346    -0.8581 -9.990e-29
 223.670029     -1.924   0.404117    15.8899    -1.5975     -1.908     0.2378    -0.8539 -9.990e-29
 223.670035     -1.909   0.407846    15.8797    -1.5980     -1.893     0.2401    -0.8504 -9.990e-29
 223.670041     -1.901   0.410895    15.8718    -1.5982     -1.885     0.2420    -0.8477 -9.990e-29
 223.670046     -1.896   0.414006    15.8665    -1.5980     -1.880     0.2439    -0.8454 -9.990e-29
 223.670052     -1.888   0.417629    15.8610    -1.5979     -1.872     0.2461    -0.8428 -9.990e-29
 223.670058     -1.877   0.421601    15.8525    -1.5980     -1.861     0.2486    -0.8395 -9.990e-29
 223.670064     -1.863   0.425305    15.8414    -1.5979     -1.847     0.2509    -0.8359 -9.990e-29
 223.670069     -1.849   0.429243    15.8303    -1.5980     -1.834     0.2533    -0.8323 -9.990e-29
 223.670075     -1.837   0.434229    15.8200    -1.5982     -1.822     0.2564    -0.8282 -9.990e-29
 223.670081     -1.828   0.439703    15.8091    -1.5983     -1.813     0.2598    -0.8239 -9.990e-29
 223.670087     -1.821   0.444092    15.7987    -1.5983     -1.806     0.2625    -0.8201 -9.990e-29
 223.670093     -1.815   0.446593    15.7923    -1.5983     -1.800     0.2641    -0.8178 -9.990e-29
 223.670098     -1.811   0.448320    15.7904    -1.5984     -1.796     0.2651    -0.8167 -9.990e-29
 223.670104     -1.807   0.451576    15.7901    -1.5985     -1.792     0.2671    -0.8151 -9.990e-29
 223.670110     -1.803   0.457377    15.7896    -1.5986     -1.788     0.2706    -0.8123 -9.990e-29
 223.670116     -1.800   0.463475    15.7888    -1.5986     -1.785     0.2743    -0.8093 -9.990e-29
 223.670122     -1.798   0.466355    15.7869    -1.5988     -1.783     0.2761    -0.8077 -9.990e-29
 223.670127     -1.795   0.465420    15.7840    -1.5990     -1.780     0.2755    -0.8076 -9.990e-29
 223.670133     -1.791   0.463306    15.7814    -1.5991     -1.776     0.2743    -0.8082 -9.990e-29
 223.670139     -1.788   0.462736    15.7799    -1.5990     -1.773     0.2739    -0.8082 -9.990e-29
 223.670145     -1.783   0.463505    15.7787    -1.5990     -1.768     0.2744    -0.8077 -9.990e-29
 223.670150     -1.778   0.462757    15.7767    -1.5990     -1.763     0.2740    -0.8077 -9.990e-29
 223.670156     -1.771   0.459493    15.7745    -1.5987     -1.756     0.2720    -0.8088 -9.990e-29
 223.670162     -1.762   0.455459    15.7724    -1.5987     -1.747     0.2696    -0.8104 -9.990e-29
 223.670168     -1.751   0.451930    15.7695    -1.5987     -1.736     0.2674    -0.8116 -9.990e-29
 223.670174     -1.737   0.449191    15.7655    -1.5987     -1.723     0.2658    -0.8122 -9.990e-29
 223.670179     -1.719   0.447471    15.7617    -1.5986     -1.705     0.2648    -0.8124 -9.990e-29
 223.670185     -1.696   0.446693    15.7600    -1.5985     -1.682     0.2643    -0.8125 -9.990e-29
 223.670191     -1.670   0.446374    15.7604    -1.5984     -1.656     0.2641    -0.8127 -9.990e-29
 223.670197     -1.650   0.446088    15.7616    -1.5983     -1.636     0.2639    -0.8130 -9.990e-29
 223.670203     -1.632   0.445453    15.7640    -1.5989     -1.618     0.2635    -0.8137 -9.990e-29
 223.670208     -1.613   0.444731    15.7667    -1.5989     -1.600     0.2631    -0.8145 -9.990e-29
 223.670214     -1.594   0.446838    15.7670    -1.5985     -1.581     0.2644    -0.8135 -9.990e-29
 223.670220     -1.580   0.453476    15.7655    -1.5984     -1.567     0.2684    -0.8102 -9.990e-29
 223.670226     -1.569   0.464069    15.7650    -1.5985     -1.556     0.2749    -0.8051 -9.990e-29
 223.670231     -1.560   0.476658    15.7666    -1.5983     -1.547     0.2825    -0.7995 -9.990e-29
 223.670237     -1.553   0.485295    15.7689    -1.5978     -1.540     0.2878    -0.7958 -9.990e-29
