data/oxygen options/ONMS/Olympic_Coast_National_Marine_Sanctuary_Hypoxia_Survey_CTD_Data_2004_2015/raw_data/2009/CTD_RR065_081109faed.cnv
* Sea-Bird SBE19 Data File:
* FileName = C:\2009_MOORING_DATA\081109\CTD_RR065_081109.hex
* Software Version 1.24
* Temperature SN = 2997
* Conductivity SN = 2997
* System UpLoad Time = Aug 11 2009 16:35:09
* SEACAT PROFILER V3.1c SN 2997   08/11/09  16:34:32.361
* strain gauge pressure sensor: S/N = 184829,  range = 3000 psia,  tc = 40
# nquan = 9                                 
# nvalues = 811                         
# units = specified
# name 0 = timeJ: Julian Days
# name 1 = prSM: Pressure, Strain Gauge [db]
# name 2 = c0mS/cm: Conductivity [mS/cm]
# name 3 = t090C: Temperature [ITS-90, deg C]
# name 4 = sbeox0ML/L: Oxygen, SBE 43 [ml/l]
# name 5 = depSM: Depth [salt water, m], lat = 47.5
# name 6 = sal00: Salinity, Practical [PSU]
# name 7 = sigma-é00: Density [sigma-theta, kg/m^3]
# name 8 = flag: flag
# span 0 = 223.684734, 223.689421       
# span 1 =     -5.811,     66.328       
# span 2 =   0.300591,  39.708835       
# span 3 =     7.1035,    15.4787       
# span 4 =    -1.6114,    19.3312       
# span 5 =     -5.763,     65.764       
# span 6 =     0.1778,    33.7985       
# span 7 =    -0.8272,    26.4572       
# span 8 = 0.0000e+00, 0.0000e+00       
# interval = seconds: 0.5
# start_time = Aug 11 2009 16:26:01 [Instrument's time stamp, header]
# bad_flag = -9.990e-29
*END*
[from data line 161]
 223.685666     -0.101  38.866816    14.0254     7.5384     -0.100    32.1313    23.9660 -9.990e-29
 223.685671     -0.088  38.887646    14.0288     7.4973     -0.087    32.1477    23.9779 -9.990e-29
 223.685677     -0.068  38.895196    14.0210     7.4961     -0.067    32.1611    23.9899 -9.990e-29
 223.685683     -0.046  38.895051    14.0090     7.5729     -0.046    32.1710    24.0000 -9.990e-29
 223.685689     -0.027  38.906084    14.0075     7.6466     -0.027    32.1824    24.0091 -9.990e-29
 223.685694     -0.016  38.918336    14.0142     7.6415     -0.016    32.1881    24.0121 -9.990e-29
 223.685700     -0.008  38.927399    14.0185     7.5819     -0.008    32.1929    24.0149 -9.990e-29
 223.685706      0.008  38.925177    14.0033     7.5553      0.008    32.2035    24.0262 -9.990e-29
 223.685712      0.031  38.886847    13.9661     7.5725      0.031    32.1993    24.0306 -9.990e-29
 223.685718      0.055  38.822411    13.9387     7.5976      0.055    32.1628    24.0080 -9.990e-29
 223.685723      0.073  38.791713    13.9507     7.6020      0.072    32.1244    23.9760 -9.990e-29
 223.685729      0.082  38.826690    13.9825     7.5805      0.081    32.1301    23.9738 -9.990e-29
 223.685735      0.086  38.880913    13.9928     7.5691      0.085    32.1715    24.0036 -9.990e-29
 223.685741      0.094  38.898868    13.9766     7.5954      0.093    32.2016    24.0302 -9.990e-29
 223.685747      0.106  38.877598    13.9606     7.6137      0.105    32.1954    24.0287 -9.990e-29
 223.685752      0.116  38.862745    13.9629     7.6301      0.115    32.1797    24.0161 -9.990e-29
 223.685758      0.123  38.881031    13.9689     7.6053      0.122    32.1916    24.0241 -9.990e-29
 223.685764      0.133  38.896847    13.9555     7.5594      0.132    32.2174    24.0467 -9.990e-29
 223.685770      0.145  38.879712    13.9239     7.5471      0.144    32.2281    24.0614 -9.990e-29
 223.685775      0.157  38.834255    13.8952     7.5527      0.156    32.2101    24.0535 -9.990e-29
 223.685781      0.161  38.800772    13.8847     7.5604      0.160    32.1880    24.0385 -9.990e-29
 223.685787      0.152  38.811974    13.8840     7.5553      0.151    32.1989    24.0471 -9.990e-29
 223.685793      0.135  38.831218    13.8732     7.5183      0.134    32.2258    24.0701 -9.990e-29
 223.685799      0.121  38.819134    13.8424     7.4865      0.120    32.2405    24.0877 -9.990e-29
 223.685804      0.117  38.779798    13.8086     7.5125      0.116    32.2325    24.0884 -9.990e-29
 223.685810      0.116  38.747096    13.8004     7.5508      0.115    32.2091    24.0720 -9.990e-29
 223.685816      0.107  38.749173    13.8174     7.6049      0.106    32.1968    24.0590 -9.990e-29
 223.685822      0.100  38.771413    13.8341     7.6380      0.099    32.2033    24.0607 -9.990e-29
 223.685828      0.107  38.787410    13.8325     7.6477      0.106    32.2195    24.0735 -9.990e-29
 223.685833      0.128  38.783745    13.8137     7.6367      0.127    32.2319    24.0869 -9.990e-29
 223.685839      0.156  38.761145    13.7923     7.6298      0.155    32.2289    24.0889 -9.990e-29
 223.685845      0.184  38.741051    13.7826     7.6254      0.182    32.2184    24.0828 -9.990e-29
 223.685851      0.205  38.735909    13.7805     7.6250      0.203    32.2154    24.0809 -9.990e-29
 223.685856      0.221  38.734373    13.7731     7.6325      0.219    32.2202    24.0861 -9.990e-29
 223.685862      0.237  38.725988    13.7572     7.6254      0.235    32.2258    24.0937 -9.990e-29
 223.685868      0.249  38.710789    13.7408     7.6124      0.247    32.2255    24.0968 -9.990e-29
 223.685874      0.255  38.698780    13.7342     7.6106      0.253    32.2199    24.0938 -9.990e-29
 223.685880      0.254  38.698055    13.7393     7.5936      0.252    32.2149    24.0889 -9.990e-29
 223.685885      0.247  38.705402    13.7505     7.5673      0.245    32.2123    24.0846 -9.990e-29
 223.685891      0.242  38.713800    13.7602     7.5604      0.240    32.2120    24.0824 -9.990e-29
 223.685897      0.250  38.720995    13.7636     7.5399      0.248    32.2158    24.0846 -9.990e-29
 223.685903      0.273  38.724253    13.7591     7.5313      0.271    32.2226    24.0908 -9.990e-29
 223.685909      0.304  38.720075    13.7513     7.5648      0.301    32.2253    24.0944 -9.990e-29
 223.685914      0.331  38.715223    13.7498     7.5932      0.328    32.2220    24.0922 -9.990e-29
 223.685920      0.349  38.716680    13.7566     7.6100      0.346    32.2176    24.0875 -9.990e-29
 223.685926      0.361  38.723585    13.7675     7.6078      0.358    32.2149    24.0831 -9.990e-29
 223.685932      0.374  38.733374    13.7807     7.5883      0.371    32.2128    24.0789 -9.990e-29
 223.685937      0.393  38.745089    13.7944     7.5772      0.390    32.2122    24.0756 -9.990e-29
 223.685943      0.418  38.751369    13.8057     7.5746      0.415    32.2085    24.0704 -9.990e-29
 223.685949      0.438  38.752741    13.8166     7.5772      0.434    32.2006    24.0621 -9.990e-29
 223.685955      0.447  38.764494    13.8278     7.6081      0.443    32.2021    24.0610 -9.990e-29
 223.685961      0.449  38.787164    13.8372     7.6367      0.445    32.2152    24.0692 -9.990e-29
 223.685966      0.452  38.813422    13.8473     7.6471      0.448    32.2310    24.0793 -9.990e-29
 223.685972      0.457  38.837920    13.8618     7.6404      0.453    32.2414    24.0845 -9.990e-29
 223.685978      0.460  38.852400    13.8816     7.6260      0.456    32.2382    24.0779 -9.990e-29
 223.685984      0.461  38.854868    13.9023     7.6314      0.457    32.2231    24.0620 -9.990e-29
 223.685990      0.460  38.850300    13.9177     7.6104      0.456    32.2060    24.0457 -9.990e-29
 223.685995      0.461  38.847189    13.9278     7.5836      0.457    32.1946    24.0348 -9.990e-29
 223.686001      0.469  38.859330    13.9409     7.5784      0.465    32.1949    24.0323 -9.990e-29
 223.686007      0.484  38.891144    13.9572     7.5944      0.480    32.2106    24.0411 -9.990e-29
 223.686013      0.503  38.916657    13.9639     7.6104      0.499    32.2285    24.0536 -9.990e-29
 223.686019      0.518  38.913828    13.9637     7.6196      0.514    32.2260    24.0517 -9.990e-29
 223.686024      0.531  38.905802    13.9733     7.6015      0.527    32.2106    24.0378 -9.990e-29
 223.686030      0.551  38.914955    13.9891     7.5768      0.546    32.2058    24.0309 -9.990e-29
 223.686036      0.579  38.920974    13.9961     7.5712      0.574    32.2055    24.0292 -9.990e-29
 223.686042      0.604  38.909467    14.0005     7.5696      0.599    32.1912    24.0173 -9.990e-29
 223.686047      0.615  38.905458    14.0136     7.5851      0.610    32.1765    24.0033 -9.990e-29
 223.686053      0.616  38.922665    14.0283     7.5931      0.611    32.1801    24.0030 -9.990e-29
 223.686059      0.622  38.945349    14.0406     7.6023      0.617    32.1907    24.0087 -9.990e-29
 223.686065      0.631  38.970123    14.0550     7.6046      0.626    32.2014    24.0140 -9.990e-29
 223.686071      0.641  38.992463    14.0675     7.5703      0.636    32.2115    24.0192 -9.990e-29
 223.686076      0.648  38.998992    14.0732     7.5647      0.643    32.2128    24.0190 -9.990e-29
 223.686082      0.648  38.995056    14.0750     7.5630      0.643    32.2076    24.0147 -9.990e-29
 223.686088      0.644  38.990547    14.0775     7.5695      0.639    32.2014    24.0093 -9.990e-29
 223.686094      0.642  38.990669    14.0811     7.5854      0.637    32.1985    24.0064 -9.990e-29
 223.686100      0.645  38.996146    14.0842     7.5778      0.640    32.2009    24.0076 -9.990e-29
 223.686105      0.658  38.999709    14.0862     7.5727      0.653    32.2025    24.0084 -9.990e-29
 223.686111      0.678  38.989850    14.0835     7.5713      0.672    32.1957    24.0037 -9.990e-29
 223.686117      0.696  38.948943    14.0772     7.5804      0.690    32.1634    23.9800 -9.990e-29
 223.686123      0.707  38.904293    14.0772     7.6033      0.701    32.1223    23.9483 -9.990e-29
 223.686128      0.705  38.905688    14.0848     7.5848      0.699    32.1172    23.9429 -9.990e-29
 223.686134      0.695  38.934806    14.0905     7.5213      0.689    32.1392    23.9587 -9.990e-29
 223.686140      0.686  38.957594    14.0885     7.4883      0.680    32.1619    23.9766 -9.990e-29
 223.686146      0.680  38.965198    14.0807     7.5025      0.674    32.1754    23.9886 -9.990e-29
 223.686152      0.678  38.956361    14.0698     7.5446      0.672    32.1764    23.9916 -9.990e-29
 223.686157      0.679  38.937804    14.0536     7.5904      0.673    32.1728    23.9922 -9.990e-29
 223.686163      0.684  38.910943    14.0204     7.6162      0.678    32.1758    24.0014 -9.990e-29
 223.686169      0.693  38.875836    13.9513     7.6304      0.687    32.2013    24.0352 -9.990e-29
 223.686175      0.705  38.821924    13.8560     7.6430      0.699    32.2314    24.0779 -9.990e-29
 223.686181      0.719  38.750756    13.7826     7.6233      0.713    32.2272    24.0896 -9.990e-29
 223.686186      0.730  38.703089    13.7612     7.5939      0.724    32.2010    24.0737 -9.990e-29
 223.686192      0.739  38.707282    13.7765     7.5648      0.733    32.1921    24.0637 -9.990e-29
 223.686198      0.742  38.739196    13.7981     7.5601      0.736    32.2035    24.0681 -9.990e-29
 223.686204      0.740  38.753368    13.8106     7.5871      0.734    32.2061    24.0676 -9.990e-29
 223.686209      0.741  38.750198    13.8124     7.6042      0.735    32.2017    24.0638 -9.990e-29
 223.686215      0.750  38.747326    13.7975     7.5793      0.744    32.2115    24.0744 -9.990e-29
 223.686221      0.766  38.729712    13.7635     7.5212      0.760    32.2237    24.0908 -9.990e-29
 223.686227      0.787  38.695734    13.7277     7.4753      0.780    32.2223    24.0970 -9.990e-29
 223.686233      0.806  38.670158    13.7127     7.4751      0.799    32.2112    24.0914 -9.990e-29
 223.686238      0.818  38.669886    13.7214     7.5345      0.811    32.2037    24.0838 -9.990e-29
 223.686244      0.826  38.685013    13.7340     7.6041      0.819    32.2071    24.0839 -9.990e-29
 223.686250      0.834  38.693659    13.7323     7.6513      0.827    32.2165    24.0916 -9.990e-29
 223.686256      0.847  38.688857    13.7155     7.6560      0.840    32.2262    24.1024 -9.990e-29
 223.686262      0.860  38.673177    13.6945     7.6394      0.853    32.2293    24.1091 -9.990e-29
 223.686267      0.868  38.655420    13.6833     7.6243      0.861    32.2223    24.1059 -9.990e-29
 223.686273      0.860  38.651143    13.6878     7.6234      0.853    32.2145    24.0990 -9.990e-29
 223.686279      0.838  38.660242    13.7005     7.6177      0.831    32.2123    24.0947 -9.990e-29
 223.686285      0.812  38.670180    13.7114     7.6067      0.805    32.2123    24.0926 -9.990e-29
 223.686291      0.798  38.676268    13.7157     7.5942      0.791    32.2144    24.0933 -9.990e-29
 223.686296      0.803  38.678219    13.7138     7.6100      0.796    32.2178    24.0963 -9.990e-29
 223.686302      0.820  38.676392    13.7097     7.6513      0.813    32.2195    24.0985 -9.990e-29
 223.686308      0.836  38.675075    13.7077     7.6573      0.829    32.2200    24.0992 -9.990e-29
 223.686314      0.849  38.676996    13.7094     7.6271      0.842    32.2203    24.0991 -9.990e-29
 223.686319      0.858  38.681347    13.7147     7.6116      0.851    32.2199    24.0977 -9.990e-29
 223.686325      0.865  38.687202    13.7254     7.6123      0.858    32.2163    24.0928 -9.990e-29
 223.686331      0.871  38.696199    13.7469     7.6328      0.864    32.2066    24.0809 -9.990e-29
 223.686337      0.874  38.714727    13.7781     7.6436      0.867    32.1976    24.0676 -9.990e-29
 223.686343      0.877  38.741703    13.8051     7.6017      0.870    32.1999    24.0639 -9.990e-29
 223.686348      0.882  38.764326    13.8122     7.5432      0.875    32.2148    24.0740 -9.990e-29
 223.686354      0.896  38.767355    13.8047     7.4959      0.889    32.2239    24.0826 -9.990e-29
 223.686360      0.909  38.755956    13.8077     7.4750      0.901    32.2109    24.0719 -9.990e-29
 223.686366      0.911  38.760336    13.8308     7.4914      0.903    32.1955    24.0553 -9.990e-29
 223.686372      0.901  38.785206    13.8576     7.4813      0.893    32.1960    24.0503 -9.990e-29
 223.686377      0.891  38.809347    13.8734     7.4549      0.884    32.2051    24.0541 -9.990e-29
 223.686383      0.890  38.820103    13.8769     7.4610      0.883    32.2121    24.0588 -9.990e-29
 223.686389      0.892  38.818368    13.8750     7.5395      0.885    32.2121    24.0591 -9.990e-29
 223.686395      0.895  38.817526    13.8788     7.6224      0.888    32.2081    24.0553 -9.990e-29
 223.686400      0.902  38.823739    13.8907     7.6689      0.894    32.2039    24.0496 -9.990e-29
 223.686406      0.917  38.827908    13.8953     7.6618      0.909    32.2039    24.0486 -9.990e-29
 223.686412      0.938  38.815972    13.8744     7.5979      0.930    32.2104    24.0579 -9.990e-29
 223.686418      0.963  38.784350    13.8342     7.5633      0.955    32.2149    24.0696 -9.990e-29
 223.686424      0.987  38.752548    13.8099     7.5790      0.979    32.2058    24.0676 -9.990e-29
 223.686429      1.004  38.746547    13.8329     7.6075      0.996    32.1810    24.0437 -9.990e-29
 223.686435      1.011  38.779636    13.8944     7.6358      1.003    32.1600    24.0150 -9.990e-29
 223.686441      1.012  38.835377    13.9493     7.6386      1.004    32.1655    24.0080 -9.990e-29
 223.686447      1.017  38.878218    13.9651     7.5789      1.009    32.1918    24.0250 -9.990e-29
 223.686453      1.029  38.887372    13.9402     7.5187      1.020    32.2211    24.0528 -9.990e-29
 223.686458      1.046  38.855436    13.9023     7.4972      1.037    32.2234    24.0623 -9.990e-29
 223.686464      1.055  38.819433    13.8928     7.5119      1.046    32.1981    24.0447 -9.990e-29
 223.686470      1.049  38.827213    13.9161     7.5546      1.040    32.1858    24.0304 -9.990e-29
 223.686476      1.036  38.856619    13.9390     7.6029      1.027    32.1937    24.0319 -9.990e-29
 223.686481      1.027  38.875100    13.9330     7.6410      1.018    32.2158    24.0502 -9.990e-29
 223.686487      1.026  38.864700    13.8951     7.6289      1.017    32.2380    24.0750 -9.990e-29
 223.686493      1.034  38.817162    13.8463     7.6055      1.025    32.2350    24.0827 -9.990e-29
 223.686499      1.046  38.767208    13.8125     7.5843      1.037    32.2172    24.0758 -9.990e-29
 223.686505      1.055  38.745203    13.8049     7.5895      1.046    32.2032    24.0665 -9.990e-29
 223.686510      1.058  38.750944    13.8145     7.6152      1.049    32.2005    24.0625 -9.990e-29
 223.686516      1.053  38.766850    13.8265     7.6423      1.044    32.2051    24.0636 -9.990e-29
 223.686522      1.046  38.773763    13.8316     7.6503      1.037    32.2072    24.0642 -9.990e-29
 223.686528      1.048  38.772495    13.8207     7.6577      1.039    32.2152    24.0726 -9.990e-29
 223.686534      1.065  38.759114    13.7965     7.6667      1.056    32.2231    24.0836 -9.990e-29
 223.686539      1.083  38.734278    13.7809     7.6607      1.074    32.2132    24.0792 -9.990e-29
 223.686545      1.097  38.725973    13.7888     7.6277      1.088    32.1989    24.0665 -9.990e-29
 223.686551      1.106  38.739935    13.8117     7.5529      1.097    32.1926    24.0570 -9.990e-29
 223.686557      1.111  38.751606    13.8303     7.5178      1.102    32.1878    24.0495 -9.990e-29
 223.686563      1.114  38.755247    13.8346     7.5382      1.105    32.1875    24.0484 -9.990e-29
 223.686568      1.117  38.759083    13.8274     7.5878      1.108    32.1971    24.0573 -9.990e-29
 223.686574      1.126  38.758700    13.8109     7.6446      1.117    32.2106    24.0711 -9.990e-29
 223.686580      1.141  38.747979    13.7849     7.6514      1.131    32.2225    24.0855 -9.990e-29
