data/oxygen options/ONMS/Olympic_Coast_National_Marine_Sanctuary_Hypoxia_Survey_CTD_Data_2004_2015/raw_data/2009/CTD_CA100_060309faed.cnv
* Sea-Bird SBE19 Data File:
* FileName = C:\2009_MOORING_DATA\CTD_CA100_060309.hex
* Software Version 1.59
* Temperature SN = 2997
* Conductivity SN = 2997
* System UpLoad Time = Jun 03 2009 15:06:47
* ds
* SEACAT PROFILER V3.1c SN 2997   06/03/09  15:06:21.684
# nquan = 9                                 
# nvalues = 901                         
# units = specified
# name 0 = timeJ: Julian Days
# name 1 = prSM: Pressure, Strain Gauge [db]
# name 2 = c0mS/cm: Conductivity [mS/cm]
# name 3 = t090C: Temperature [ITS-90, deg C]
# name 4 = sbeox0ML/L: Oxygen, SBE 43 [ml/l]
# name 5 = depSM: Depth [salt water, m], lat = 47.5
# name 6 = sal00: Salinity, Practical [PSU]
# name 7 = sigma-é00: Density [sigma-theta, kg/m^3]
# name 8 = flag: flag
# span 0 = 154.617523, 154.622731       
# span 1 =     -5.798,     95.836       
# span 2 =  -0.000992,  39.072265       
# span 3 =     6.8509,    16.7144       
# span 4 =    -1.5901,    23.5666       
# span 5 =     -5.750,     95.014       
# span 6 =     0.0000,    33.7623       
# span 7 =    -1.1748,    26.4647       
# span 8 = 0.0000e+00, 0.0000e+00       
# interval = seconds: 0.5
# start_time = Jun 03 2009 14:49:14 [Instrument's time stamp, header]
# bad_flag = -9.990e-29
*END*
[from data line 641]
 154.621233     85.327  34.056235     6.8732     2.3413     84.597    33.7313    26.4376 0.0000e+00
 154.621238     85.828  34.058096     6.8665     2.3710     85.094    33.7397    26.4451 0.0000e+00
 154.621244     86.338  34.059406     6.8620     2.3753     85.600    33.7453    26.4502 0.0000e+00
 154.621250     86.859  34.060775     6.8592     2.3869     86.116    33.7493    26.4537 0.0000e+00
 154.621256     87.387  34.062331     6.8574     2.4021     86.639    33.7525    26.4565 0.0000e+00
 154.621262     87.916  34.063333     6.8564     2.3956     87.164    33.7543    26.4581 0.0000e+00
 154.621267     88.445  34.063982     6.8558     2.4092     87.688    33.7554    26.4590 0.0000e+00
 154.621273     88.975  34.064567     6.8554     2.4150     88.213    33.7562    26.4597 0.0000e+00
 154.621279     89.504  34.064736     6.8550     2.4095     88.738    33.7565    26.4600 0.0000e+00
 154.621285     90.027  34.064697     6.8544     2.4278     89.256    33.7568    26.4603 0.0000e+00
 154.621291     90.540  34.064943     6.8538     2.4261     89.765    33.7574    26.4608 0.0000e+00
 154.621296     91.044  34.065228     6.8534     2.4391     90.264    33.7578    26.4613 0.0000e+00
 154.621302     91.542  34.065359     6.8531     2.4656     90.758    33.7580    26.4615 0.0000e+00
 154.621308     92.032  34.065495     6.8528     2.4475     91.244    33.7582    26.4617 0.0000e+00
 154.621314     92.510  34.065802     6.8527     2.4306     91.717    33.7584    26.4619 0.0000e+00
 154.621319     92.972  34.066116     6.8528     2.4131     92.175    33.7585    26.4619 0.0000e+00
 154.621325     93.414  34.066280     6.8530     2.3956     92.613    33.7582    26.4617 0.0000e+00
 154.621331     93.833  34.066497     6.8528     2.4197     93.029    33.7585    26.4619 0.0000e+00
 154.621337     94.231  34.066484     6.8521     2.4177     93.423    33.7589    26.4624 0.0000e+00
 154.621343     94.603  34.065649     6.8513     2.4141     93.792    33.7586    26.4622 0.0000e+00
 154.621348     94.934  34.062866     6.8509     2.4280     94.120    33.7558    26.4600 0.0000e+00
 154.621354     95.207  34.054407     6.8511     2.4219     94.391    33.7462    26.4524 0.0000e+00
 154.621360     95.417  34.028420     6.8515     2.4323     94.599    33.7171    26.4294 0.0000e+00
 154.621366     95.573  33.990011     6.8522     2.4350     94.753    33.6740    26.3955 -9.990e-29
 154.621372     95.686  33.979823     6.8531     2.4323     94.865    33.6619    26.3858 -9.990e-29
 154.621377     95.763  34.010027     6.8539     2.4375     94.942    33.6943    26.4112 -9.990e-29
 154.621383     95.809  34.043582     6.8546     2.4197     94.987    33.7305    26.4396 -9.990e-29
 154.621389     95.830  34.059677     6.8550     2.4143     95.008    33.7478    26.4532 -9.990e-29
 154.621395     95.836  34.065755     6.8552     2.4142     95.014    33.7543    26.4583 -9.990e-29
 154.621400     95.834  34.068229     6.8550     2.4105     95.012    33.7572    26.4606 -9.990e-29
 154.621406     95.821  34.068703     6.8546     2.4270     94.999    33.7581    26.4614 -9.990e-29
 154.621412     95.797  34.068358     6.8543     2.4209     94.975    33.7581    26.4614 -9.990e-29
 154.621418     95.758  34.067843     6.8542     2.4295     94.937    33.7576    26.4611 -9.990e-29
 154.621424     95.690  34.067579     6.8545     2.4259     94.869    33.7571    26.4606 -9.990e-29
 154.621429     95.591  34.067763     6.8555     2.4117     94.771    33.7563    26.4599 -9.990e-29
 154.621435     95.462  34.068067     6.8572     2.4115     94.643    33.7551    26.4586 0.0000e+00
 154.621441     95.300  34.068886     6.8587     2.4001     94.483    33.7546    26.4580 0.0000e+00
 154.621447     95.094  34.070739     6.8589     2.3963     94.279    33.7565    26.4595 0.0000e+00
 154.621453     94.840  34.072162     6.8576     2.4075     94.027    33.7595    26.4620 0.0000e+00
 154.621458     94.547  34.072242     6.8558     2.3951     93.736    33.7615    26.4639 0.0000e+00
 154.621464     94.231  34.071635     6.8544     2.4150     93.423    33.7623    26.4647 0.0000e+00
 154.621470     93.902  34.070641     6.8539     2.4139     93.097    33.7619    26.4644 0.0000e+00
 154.621476     93.560  34.069607     6.8538     2.4111     92.758    33.7610    26.4638 0.0000e+00
 154.621481     93.201  34.068821     6.8539     2.4162     92.402    33.7602    26.4631 0.0000e+00
 154.621487     92.822  34.068346     6.8544     2.4084     92.027    33.7594    26.4624 0.0000e+00
 154.621493     92.431  34.068097     6.8550     2.4221     91.639    33.7587    26.4618 0.0000e+00
 154.621499     92.033  34.067734     6.8554     2.4070     91.245    33.7581    26.4613 0.0000e+00
 154.621505     91.626  34.067321     6.8554     2.4105     90.841    33.7579    26.4611 0.0000e+00
 154.621510     91.217  34.066856     6.8552     2.4103     90.436    33.7578    26.4610 0.0000e+00
 154.621516     90.808  34.066270     6.8549     2.4015     90.030    33.7576    26.4609 0.0000e+00
 154.621522     90.399  34.065893     6.8549     2.4065     89.625    33.7574    26.4607 0.0000e+00
 154.621528     89.990  34.065771     6.8552     2.4012     89.219    33.7572    26.4605 0.0000e+00
 154.621534     89.581  34.065731     6.8553     2.4036     88.814    33.7572    26.4605 0.0000e+00
 154.621539     89.172  34.065711     6.8554     2.4173     88.409    33.7573    26.4606 0.0000e+00
 154.621545     88.757  34.065672     6.8558     2.4110     87.997    33.7571    26.4603 0.0000e+00
 154.621551     88.331  34.065552     6.8563     2.4257     87.575    33.7567    26.4599 0.0000e+00
 154.621557     87.899  34.065181     6.8567     2.4281     87.147    33.7561    26.4594 0.0000e+00
 154.621563     87.462  34.064613     6.8570     2.4336     86.714    33.7554    26.4588 0.0000e+00
 154.621568     87.018  34.064202     6.8571     2.4179     86.274    33.7550    26.4585 0.0000e+00
 154.621574     86.565  34.063950     6.8571     2.4193     85.825    33.7550    26.4585 0.0000e+00
 154.621580     86.099  34.063508     6.8572     2.4569     85.363    33.7546    26.4582 0.0000e+00
 154.621586     85.620  34.062839     6.8573     2.5015     84.888    33.7540    26.4577 0.0000e+00
 154.621591     85.134  34.062160     6.8577     2.5860     84.406    33.7531    26.4569 0.0000e+00
 154.621597     84.642  34.061678     6.8589     2.6456     83.918    33.7517    26.4556 0.0000e+00
 154.621603     84.148  34.061298     6.8619     2.6739     83.429    33.7485    26.4527 0.0000e+00
 154.621609     83.655  34.060505     6.8676     2.7139     82.940    33.7423    26.4470 0.0000e+00
 154.621615     83.162  34.059351     6.8765     2.7448     82.451    33.7325    26.4381 0.0000e+00
 154.621620     82.666  34.058528     6.8872     2.8125     81.960    33.7214    26.4279 0.0000e+00
 154.621626     82.176  34.058611     6.8957     2.8981     81.474    33.7134    26.4204 0.0000e+00
 154.621632     81.698  34.059702     6.9009     2.9613     81.000    33.7097    26.4168 0.0000e+00
 154.621638     81.232  34.061570     6.9072     2.9973     80.538    33.7058    26.4129 0.0000e+00
 154.621644     80.774  34.066136     6.9194     3.0109     80.084    33.6991    26.4059 0.0000e+00
 154.621649     80.320  34.075554     6.9399     3.0139     79.634    33.6896    26.3957 0.0000e+00
 154.621655     79.873  34.087807     6.9662     3.0244     79.191    33.6775    26.3826 0.0000e+00
 154.621661     79.433  34.100179     6.9888     3.0449     78.755    33.6691    26.3729 0.0000e+00
 154.621667     78.993  34.108993     7.0010     3.0679     78.319    33.6671    26.3697 0.0000e+00
 154.621672     78.547  34.110871     7.0062     3.0866     77.877    33.6643    26.3667 0.0000e+00
 154.621678     78.094  34.110552     7.0139     3.0774     77.428    33.6566    26.3596 0.0000e+00
 154.621684     77.641  34.114322     7.0277     3.0782     76.979    33.6475    26.3506 0.0000e+00
 154.621690     77.208  34.122158     7.0431     3.0782     76.549    33.6412    26.3435 0.0000e+00
 154.621696     76.792  34.131054     7.0552     3.0797     76.137    33.6394    26.3404 0.0000e+00
 154.621701     76.381  34.136619     7.0629     3.0974     75.730    33.6381    26.3384 0.0000e+00
 154.621707     75.969  34.137864     7.0681     3.1013     75.321    33.6346    26.3349 0.0000e+00
 154.621713     75.551  34.139238     7.0733     3.1103     74.907    33.6313    26.3315 0.0000e+00
 154.621719     75.123  34.142939     7.0805     3.1132     74.482    33.6285    26.3284 0.0000e+00
 154.621725     74.687  34.147738     7.0900     3.1024     74.050    33.6247    26.3241 0.0000e+00
 154.621730     74.250  34.152566     7.0988     3.1116     73.617    33.6216    26.3204 0.0000e+00
 154.621736     73.818  34.156585     7.1049     3.1196     73.189    33.6202    26.3185 0.0000e+00
 154.621742     73.394  34.158816     7.1081     3.1412     72.769    33.6198    26.3177 0.0000e+00
 154.621748     72.972  34.158882     7.1090     3.1312     72.350    33.6192    26.3171 0.0000e+00
 154.621753     72.551  34.158001     7.1095     3.1203     71.933    33.6179    26.3160 0.0000e+00
 154.621759     72.142  34.157809     7.1106     3.1169     71.527    33.6168    26.3150 0.0000e+00
 154.621765     71.755  34.158619     7.1123     3.1016     71.144    33.6163    26.3143 0.0000e+00
 154.621771     71.390  34.159837     7.1145     3.1221     70.782    33.6156    26.3135 0.0000e+00
 154.621777     71.049  34.160856     7.1166     3.1143     70.444    33.6149    26.3126 0.0000e+00
 154.621782     70.733  34.161361     7.1185     3.1215     70.131    33.6137    26.3115 0.0000e+00
 154.621788     70.438  34.161475     7.1206     3.1277     69.838    33.6119    26.3098 0.0000e+00
 154.621794     70.158  34.161359     7.1225     3.1408     69.561    33.6101    26.3080 0.0000e+00
 154.621800     69.885  34.160865     7.1239     3.1604     69.290    33.6083    26.3065 0.0000e+00
 154.621806     69.613  34.159901     7.1266     3.1612     69.020    33.6048    26.3033 0.0000e+00
 154.621811     69.347  34.158871     7.1306     3.1853     68.757    33.5999    26.2989 0.0000e+00
 154.621817     69.095  34.158088     7.1347     3.2011     68.507    33.5951    26.2946 0.0000e+00
 154.621823     68.864  34.157079     7.1384     3.2478     68.278    33.5906    26.2905 0.0000e+00
 154.621829     68.655  34.155627     7.1412     3.2909     68.071    33.5863    26.2868 0.0000e+00
 154.621834     68.472  34.154043     7.1430     3.3358     67.889    33.5829    26.2838 0.0000e+00
 154.621840     68.317  34.151907     7.1447     3.3573     67.736    33.5790    26.2805 0.0000e+00
 154.621846     68.183  34.149178     7.1479     3.3418     67.603    33.5730    26.2753 -9.990e-29
 154.621852     68.068  34.146146     7.1529     3.3382     67.489    33.5649    26.2683 -9.990e-29
 154.621858     67.966  34.142694     7.1582     3.3287     67.388    33.5560    26.2605 -9.990e-29
 154.621863     67.865  34.139829     7.1615     3.3626     67.288    33.5497    26.2551 -9.990e-29
 154.621869     67.743  34.138220     7.1619     3.4006     67.167    33.5476    26.2534 -9.990e-29
 154.621875     67.591  34.137408     7.1609     3.4198     67.016    33.5478    26.2537 0.0000e+00
 154.621881     67.401  34.136879     7.1608     3.4344     66.828    33.5474    26.2534 0.0000e+00
 154.621887     67.174  34.135372     7.1624     3.4356     66.603    33.5443    26.2508 0.0000e+00
 154.621892     66.919  34.132005     7.1648     3.4362     66.350    33.5384    26.2458 0.0000e+00
 154.621898     66.643  34.127898     7.1670     3.4568     66.076    33.5320    26.2404 0.0000e+00
 154.621904     66.352  34.124306     7.1684     3.4821     65.788    33.5268    26.2361 0.0000e+00
 154.621910     66.043  34.121490     7.1689     3.5015     65.481    33.5234    26.2334 0.0000e+00
 154.621916     65.715  34.119625     7.1687     3.5270     65.156    33.5217    26.2321 0.0000e+00
 154.621921     65.367  34.117912     7.1685     3.5279     64.811    33.5202    26.2309 0.0000e+00
 154.621927     65.008  34.115196     7.1686     3.5520     64.455    33.5173    26.2286 0.0000e+00
 154.621933     64.640  34.111225     7.1684     3.5864     64.090    33.5134    26.2255 0.0000e+00
 154.621939     64.253  34.106314     7.1682     3.6382     63.707    33.5084    26.2216 0.0000e+00
 154.621944     63.843  34.102323     7.1678     3.6907     63.300    33.5046    26.2187 0.0000e+00
 154.621950     63.419  34.100103     7.1671     3.7228     62.880    33.5031    26.2176 0.0000e+00
 154.621956     62.980  34.096702     7.1661     3.7660     62.445    33.5006    26.2158 0.0000e+00
 154.621962     62.519  34.090393     7.1645     3.8081     61.988    33.4955    26.2119 0.0000e+00
 154.621968     62.037  34.082857     7.1619     3.8639     61.510    33.4900    26.2080 0.0000e+00
 154.621973     61.537  34.074696     7.1579     3.9019     61.014    33.4852    26.2048 0.0000e+00
 154.621979     61.022  34.065681     7.1526     3.9161     60.504    33.4808    26.2020 0.0000e+00
 154.621985     60.498  34.056124     7.1460     3.8933     59.984    33.4770    26.1999 0.0000e+00
 154.621991     59.973  34.045054     7.1374     3.8848     59.464    33.4735    26.1984 0.0000e+00
 154.621997     59.454  34.031724     7.1277     3.8871     58.949    33.4686    26.1958 0.0000e+00
 154.622002     58.941  34.014614     7.1223     3.9094     58.441    33.4554    26.1862 0.0000e+00
 154.622008     58.432  34.002285     7.1249     3.9722     57.936    33.4397    26.1734 0.0000e+00
 154.622014     57.920  34.004073     7.1295     4.0466     57.429    33.4374    26.1710 0.0000e+00
 154.622020     57.399  34.003885     7.1285     4.1277     56.912    33.4384    26.1719 0.0000e+00
 154.622025     56.860  33.989714     7.1191     4.2050     56.378    33.4323    26.1684 0.0000e+00
 154.622031     56.300  33.964521     7.0986     4.2384     55.823    33.4250    26.1654 0.0000e+00
 154.622037     55.721  33.929454     7.0690     4.2456     55.248    33.4156    26.1621 0.0000e+00
 154.622043     55.130  33.890980     7.0402     4.2300     54.663    33.4018    26.1551 0.0000e+00
 154.622049     54.528  33.854939     7.0203     4.1871     54.066    33.3819    26.1421 0.0000e+00
 154.622054     53.914  33.822013     7.0104     4.1549     53.457    33.3558    26.1229 0.0000e+00
 154.622060     53.293  33.791996     7.0082     4.1074     52.841    33.3253    26.0992 0.0000e+00
 154.622066     52.664  33.768000     7.0121     4.0777     52.218    33.2956    26.0753 0.0000e+00
 154.622072     52.024  33.752767     7.0207     4.0566     51.583    33.2709    26.0547 0.0000e+00
 154.622078     51.382  33.744481     7.0317     4.0576     50.947    33.2515    26.0379 0.0000e+00
 154.622083     50.742  33.740503     7.0440     4.0593     50.312    33.2356    26.0237 0.0000e+00
 154.622089     50.107  33.737782     7.0573     4.0794     49.683    33.2201    26.0097 0.0000e+00
 154.622095     49.479  33.734383     7.0692     4.0818     49.060    33.2052    25.9963 0.0000e+00
 154.622101     48.862  33.730265     7.0758     4.0891     48.448    33.1947    25.9871 0.0000e+00
 154.622106     48.258  33.726671     7.0770     4.1037     47.850    33.1899    25.9832 0.0000e+00
 154.622112     47.668  33.724982     7.0775     4.1107     47.265    33.1879    25.9815 0.0000e+00
 154.622118     47.090  33.724076     7.0822     4.1170     46.692    33.1826    25.9767 0.0000e+00
 154.622124     46.519  33.721633     7.0923     4.1174     46.126    33.1705    25.9658 0.0000e+00
 154.622130     45.959  33.716644     7.1041     4.1225     45.570    33.1540    25.9512 0.0000e+00
 154.622135     45.417  33.708629     7.1127     4.1272     45.033    33.1372    25.9368 0.0000e+00
 154.622141     44.896  33.701474     7.1167     4.1321     44.516    33.1258    25.9273 0.0000e+00
 154.622147     44.394  33.700213     7.1173     4.1228     44.019    33.1241    25.9259 0.0000e+00
