data/oxygen options/ONMS/Olympic_Coast_National_Marine_Sanctuary_Hypoxia_Survey_CTD_Data_2004_2015/raw_data/2009/CTD_CA100_072809faed.cnv
* Sea-Bird SBE19 Data File:
* FileName = C:\2009_MOORING_DATA\072809_DATA\CTD_CA100_072809.hex
* Software Version 1.24
* Temperature SN = 2997
* Conductivity SN = 2997
* System UpLoad Time = Jul 28 2009 17:29:39
* SEACAT PROFILER V3.1c SN 2997   07/28/09  17:28:44.575
* strain gauge pressure sensor: S/N = 184829,  range = 3000 psia,  tc = 40
# nquan = 9                                 
# nvalues = 981                         
# units = specified
# name 0 = timeJ: Julian Days
# name 1 = prSM: Pressure, Strain Gauge [db]
# name 2 = c0mS/cm: Conductivity [mS/cm]
# name 3 = t090C: Temperature [ITS-90, deg C]
# name 4 = sbeox0ML/L: Oxygen, SBE 43 [ml/l]
# name 5 = depSM: Depth [salt water, m], lat = 47.5
# name 6 = sal00: Salinity, Practical [PSU]
# name 7 = sigma-é00: Density [sigma-theta, kg/m^3]
# name 8 = flag: flag
# span 0 = 209.420417, 209.426088       
# span 1 =     -5.978,     94.627       
# span 2 =   0.018724,  39.218425       
# span 3 =     7.0626,    18.8365       
# span 4 =    -1.5285,    16.4019       
# span 5 =     -5.928,     93.816       
# span 6 =     0.0162,    33.8652       
# span 7 =    -1.5221,    26.4948       
# span 8 = 0.0000e+00, 0.0000e+00       
# interval = seconds: 0.5
# start_time = Jul 28 2009 10:05:24 [Instrument's time stamp, header]
# bad_flag = -9.990e-29
*END*
[from data line 321]
 209.422274      0.788  38.491379    14.3021     7.2839      0.781    31.5584    23.4669 -9.990e-29
 209.422280      0.795  38.495664    14.3046     7.2753      0.788    31.5602    23.4678 -9.990e-29
 209.422286      0.809  38.500267    14.3067     7.2827      0.802    31.5627    23.4693 -9.990e-29
 209.422292      0.822  38.500426    14.3079     7.3102      0.815    31.5619    23.4684 -9.990e-29
 209.422297      0.829  38.498903    14.3071     7.3265      0.822    31.5611    23.4680 -9.990e-29
 209.422303      0.833  38.499021    14.3055     7.3298      0.826    31.5625    23.4694 -9.990e-29
 209.422309      0.833  38.500129    14.3056     7.3382      0.826    31.5635    23.4701 -9.990e-29
 209.422315      0.833  38.501211    14.3062     7.3364      0.826    31.5640    23.4704 -9.990e-29
 209.422321      0.842  38.501218    14.3042     7.3320      0.835    31.5656    23.4720 -9.990e-29
 209.422326      0.860  38.498228    14.3001     7.3174      0.853    31.5662    23.4734 -9.990e-29
 209.422332      0.881  38.491927    14.2965     7.3116      0.874    31.5634    23.4719 -9.990e-29
 209.422338      0.896  38.485431    14.2950     7.3057      0.889    31.5587    23.4686 -9.990e-29
 209.422344      0.903  38.483833    14.2967     7.2987      0.895    31.5558    23.4661 -9.990e-29
 209.422350      0.906  38.488113    14.3009     7.2977      0.898    31.5563    23.4656 -9.990e-29
 209.422355      0.910  38.494761    14.3060     7.2969      0.902    31.5582    23.4660 -9.990e-29
 209.422361      0.915  38.503987    14.3132     7.2996      0.907    31.5608    23.4664 -9.990e-29
 209.422367      0.921  38.517757    14.3241     7.2900      0.913    31.5644    23.4670 -9.990e-29
 209.422373      0.929  38.530646    14.3344     7.2870      0.921    31.5678    23.4675 -9.990e-29
 209.422378      0.935  38.537176    14.3397     7.2866      0.927    31.5694    23.4676 -9.990e-29
 209.422384      0.934  38.539083    14.3399     7.2903      0.926    31.5710    23.4688 -9.990e-29
 209.422390      0.932  38.537540    14.3376     7.2955      0.924    31.5714    23.4696 -9.990e-29
 209.422396      0.932  38.532481    14.3382     7.2649      0.924    31.5663    23.4656 -9.990e-29
 209.422402      0.935  38.529237    14.3424     7.2321      0.927    31.5600    23.4598 -9.990e-29
 209.422407      0.940  38.529956    14.3465     7.2265      0.932    31.5573    23.4569 -9.990e-29
 209.422413      0.948  38.529185    14.3497     7.2547      0.940    31.5540    23.4536 -9.990e-29
 209.422419      0.955  38.531249    14.3525     7.2792      0.947    31.5535    23.4527 -9.990e-29
 209.422425      0.958  38.539769    14.3537     7.2911      0.950    31.5603    23.4577 -9.990e-29
 209.422431      0.960  38.545125    14.3538     7.2963      0.952    31.5651    23.4614 -9.990e-29
 209.422436      0.966  38.547484    14.3546     7.3084      0.958    31.5666    23.4624 -9.990e-29
 209.422442      0.973  38.550303    14.3561     7.3302      0.965    31.5680    23.4631 -9.990e-29
 209.422448      0.975  38.550927    14.3569     7.3491      0.967    31.5679    23.4629 -9.990e-29
 209.422454      0.979  38.549937    14.3579     7.3314      0.971    31.5662    23.4614 -9.990e-29
 209.422459      0.988  38.548006    14.3591     7.3083      0.980    31.5634    23.4590 -9.990e-29
 209.422465      1.003  38.541750    14.3586     7.2748      0.995    31.5581    23.4550 -9.990e-29
 209.422471      1.020  38.530423    14.3591     7.2456      1.011    31.5474    23.4466 -9.990e-29
 209.422477      1.033  38.527805    14.3639     7.2305      1.024    31.5411    23.4408 -9.990e-29
 209.422483      1.037  38.539120    14.3710     7.2316      1.028    31.5456    23.4428 -9.990e-29
 209.422488      1.038  38.552870    14.3784     7.2634      1.029    31.5521    23.4463 -9.990e-29
 209.422494      1.043  38.565288    14.3861     7.2889      1.034    31.5571    23.4485 -9.990e-29
 209.422500      1.053  38.575877    14.3920     7.3000      1.044    31.5620    23.4510 -9.990e-29
 209.422506      1.061  38.583378    14.3945     7.2892      1.052    31.5668    23.4542 -9.990e-29
 209.422512      1.062  38.585779    14.3939     7.2890      1.053    31.5694    23.4564 -9.990e-29
 209.422517      1.057  38.582109    14.3911     7.2951      1.048    31.5684    23.4562 -9.990e-29
 209.422523      1.045  38.578432    14.3882     7.2982      1.036    31.5674    23.4560 -9.990e-29
 209.422529      1.029  38.577945    14.3893     7.3042      1.020    31.5661    23.4548 -9.990e-29
 209.422535      1.018  38.579020    14.3948     7.2990      1.010    31.5626    23.4509 -9.990e-29
 209.422541      1.014  38.580893    14.3988     7.2844      1.006    31.5610    23.4489 -9.990e-29
 209.422546      1.018  38.583806    14.3988     7.2546      1.010    31.5637    23.4509 -9.990e-29
 209.422552      1.026  38.586532    14.3976     7.2202      1.017    31.5671    23.4539 -9.990e-29
 209.422558      1.029  38.587018    14.3971     7.2164      1.020    31.5680    23.4546 -9.990e-29
 209.422564      1.028  38.585822    14.3977     7.2031      1.019    31.5664    23.4533 -9.990e-29
 209.422569      1.027  38.585184    14.3991     7.2152      1.018    31.5647    23.4517 -9.990e-29
 209.422575      1.026  38.584726    14.4002     7.2469      1.017    31.5634    23.4504 -9.990e-29
 209.422581      1.028  38.582069    14.4001     7.2881      1.019    31.5610    23.4486 -9.990e-29
 209.422587      1.040  38.578626    14.3986     7.3081      1.031    31.5591    23.4475 -9.990e-29
 209.422593      1.060  38.574762    14.3963     7.2904      1.051    31.5575    23.4467 -9.990e-29
 209.422598      1.082  38.570281    14.3949     7.2698      1.073    31.5545    23.4447 -9.990e-29
 209.422604      1.095  38.569764    14.3958     7.2489      1.086    31.5533    23.4436 -9.990e-29
 209.422610      1.099  38.574112    14.3977     7.2636      1.090    31.5557    23.4450 -9.990e-29
 209.422616      1.099  38.580073    14.3984     7.2796      1.090    31.5606    23.4486 -9.990e-29
 209.422622      1.095  38.588222    14.3986     7.2508      1.086    31.5678    23.4542 -9.990e-29
 209.422627      1.086  38.598135    14.4001     7.2232      1.077    31.5756    23.4599 -9.990e-29
 209.422633      1.072  38.602208    14.4026     7.2297      1.063    31.5773    23.4607 -9.990e-29
 209.422639      1.057  38.598503    14.4054     7.2633      1.048    31.5717    23.4557 -9.990e-29
 209.422645      1.048  38.594317    14.4090     7.2953      1.039    31.5649    23.4498 -9.990e-29
 209.422650      1.049  38.592947    14.4133     7.2887      1.040    31.5602    23.4452 -9.990e-29
 209.422656      1.060  38.591922    14.4153     7.2509      1.051    31.5576    23.4428 -9.990e-29
 209.422662      1.076  38.586426    14.4126     7.2019      1.067    31.5548    23.4412 -9.990e-29
 209.422668      1.091  38.578009    14.4089     7.1877      1.082    31.5501    23.4384 -9.990e-29
 209.422674      1.102  38.576092    14.4096     7.1725      1.093    31.5478    23.4365 -9.990e-29
 209.422679      1.109  38.582510    14.4134     7.1770      1.100    31.5506    23.4378 -9.990e-29
 209.422685      1.116  38.590046    14.4167     7.2047      1.107    31.5547    23.4403 -9.990e-29
 209.422691      1.129  38.594651    14.4198     7.2419      1.120    31.5564    23.4410 -9.990e-29
 209.422697      1.144  38.597337    14.4230     7.2747      1.134    31.5562    23.4402 -9.990e-29
 209.422703      1.158  38.599359    14.4263     7.2964      1.148    31.5554    23.4388 -9.990e-29
 209.422708      1.172  38.601644    14.4296     7.3066      1.162    31.5548    23.4377 -9.990e-29
 209.422714      1.186  38.604349    14.4316     7.3012      1.176    31.5556    23.4379 -9.990e-29
 209.422720      1.197  38.605390    14.4313     7.2975      1.187    31.5568    23.4389 -9.990e-29
 209.422726      1.202  38.604389    14.4299     7.2608      1.192    31.5570    23.4393 -9.990e-29
 209.422731      1.205  38.604405    14.4292     7.2314      1.195    31.5576    23.4399 -9.990e-29
 209.422737      1.210  38.605932    14.4293     7.2233      1.200    31.5589    23.4409 -9.990e-29
 209.422743      1.219  38.606996    14.4294     7.2441      1.209    31.5598    23.4416 -9.990e-29
 209.422749      1.230  38.606687    14.4289     7.2769      1.220    31.5599    23.4418 -9.990e-29
 209.422755      1.242  38.605628    14.4290     7.2740      1.232    31.5588    23.4409 -9.990e-29
 209.422760      1.246  38.606242    14.4312     7.2599      1.236    31.5576    23.4395 -9.990e-29
 209.422766      1.238  38.609259    14.4348     7.2708      1.228    31.5574    23.4386 -9.990e-29
 209.422772      1.222  38.612451    14.4374     7.2985      1.212    31.5582    23.4387 -9.990e-29
 209.422778      1.205  38.614944    14.4384     7.3246      1.195    31.5597    23.4396 -9.990e-29
 209.422784      1.191  38.617172    14.4397     7.3125      1.181    31.5606    23.4401 -9.990e-29
 209.422789      1.179  38.618659    14.4422     7.2662      1.169    31.5600    23.4391 -9.990e-29
 209.422795      1.168  38.619620    14.4447     7.2204      1.158    31.5588    23.4376 -9.990e-29
 209.422801      1.161  38.620688    14.4462     7.2241      1.151    31.5586    23.4371 -9.990e-29
 209.422807      1.162  38.620958    14.4467     7.2514      1.152    31.5584    23.4369 -9.990e-29
 209.422812      1.168  38.619024    14.4466     7.2732      1.158    31.5567    23.4356 -9.990e-29
 209.422818      1.174  38.617260    14.4466     7.2459      1.164    31.5551    23.4344 -9.990e-29
 209.422824      1.181  38.618271    14.4467     7.1836      1.171    31.5559    23.4350 -9.990e-29
 209.422830      1.188  38.619955    14.4463     7.1599      1.178    31.5578    23.4365 -9.990e-29
 209.422836      1.198  38.621107    14.4453     7.1925      1.188    31.5597    23.4382 -9.990e-29
 209.422841      1.209  38.622055    14.4442     7.2530      1.199    31.5614    23.4398 -9.990e-29
 209.422847      1.223  38.622294    14.4431     7.3013      1.213    31.5625    23.4408 -9.990e-29
 209.422853      1.237  38.621496    14.4423     7.3156      1.227    31.5624    23.4410 -9.990e-29
 209.422859      1.242  38.619068    14.4415     7.3061      1.232    31.5609    23.4399 -9.990e-29
 209.422865      1.240  38.615607    14.4400     7.2846      1.230    31.5590    23.4387 -9.990e-29
 209.422870      1.238  38.613695    14.4386     7.2705      1.228    31.5584    23.4386 -9.990e-29
 209.422876      1.237  38.614057    14.4386     7.2691      1.227    31.5587    23.4388 -9.990e-29
 209.422882      1.231  38.615408    14.4394     7.2881      1.221    31.5593    23.4391 -9.990e-29
 209.422888      1.226  38.617778    14.4396     7.3018      1.216    31.5613    23.4406 -9.990e-29
 209.422894      1.224  38.619758    14.4384     7.3142      1.214    31.5640    23.4430 -9.990e-29
 209.422899      1.227  38.618858    14.4362     7.3031      1.217    31.5650    23.4442 -9.990e-29
 209.422905      1.234  38.616034    14.4343     7.2901      1.224    31.5640    23.4438 -9.990e-29
 209.422911      1.240  38.614155    14.4335     7.2722      1.230    31.5629    23.4432 -9.990e-29
 209.422917      1.243  38.613989    14.4333     7.2526      1.233    31.5629    23.4432 -9.990e-29
 209.422922      1.247  38.614108    14.4328     7.2469      1.237    31.5635    23.4437 -9.990e-29
 209.422928      1.256  38.614583    14.4319     7.2612      1.246    31.5646    23.4448 -9.990e-29
 209.422934      1.271  38.616521    14.4315     7.2610      1.260    31.5667    23.4465 -9.990e-29
 209.422940      1.288  38.618494    14.4320     7.2713      1.277    31.5681    23.4474 -9.990e-29
 209.422946      1.301  38.619125    14.4330     7.2732      1.290    31.5678    23.4471 -9.990e-29
 209.422951      1.305  38.619164    14.4346     7.2704      1.294    31.5666    23.4457 -9.990e-29
 209.422957      1.300  38.619138    14.4356     7.2749      1.289    31.5657    23.4449 -9.990e-29
 209.422963      1.292  38.618923    14.4347     7.2655      1.281    31.5663    23.4455 -9.990e-29
 209.422969      1.287  38.617024    14.4320     7.2575      1.276    31.5667    23.4464 -9.990e-29
 209.422975      1.291  38.613066    14.4288     7.2496      1.280    31.5658    23.4463 -9.990e-29
 209.422980      1.302  38.610089    14.4268     7.2617      1.291    31.5647    23.4459 -9.990e-29
 209.422986      1.318  38.609639    14.4265     7.2756      1.307    31.5645    23.4458 -9.990e-29
 209.422992      1.331  38.610466    14.4267     7.3002      1.320    31.5651    23.4462 -9.990e-29
 209.422998      1.342  38.611344    14.4267     7.3118      1.331    31.5659    23.4468 -9.990e-29
 209.423003      1.355  38.611674    14.4266     7.3116      1.344    31.5663    23.4472 -9.990e-29
 209.423009      1.368  38.611250    14.4269     7.3177      1.357    31.5656    23.4466 -9.990e-29
 209.423015      1.376  38.610538    14.4277     7.3092      1.365    31.5643    23.4454 -9.990e-29
 209.423021      1.381  38.610742    14.4290     7.2923      1.369    31.5634    23.4445 -9.990e-29
 209.423027      1.383  38.612048    14.4304     7.2647      1.371    31.5635    23.4442 -9.990e-29
 209.423032      1.381  38.613309    14.4312     7.2417      1.369    31.5640    23.4445 -9.990e-29
 209.423038      1.376  38.614435    14.4310     7.2357      1.365    31.5652    23.4454 -9.990e-29
 209.423044      1.368  38.615720    14.4296     7.2386      1.357    31.5675    23.4475 -9.990e-29
 209.423050      1.360  38.616550    14.4282     7.2555      1.349    31.5694    23.4492 -9.990e-29
 209.423056      1.356  38.616822    14.4281     7.2611      1.345    31.5697    23.4495 -9.990e-29
 209.423061      1.350  38.616813    14.4290     7.2500      1.339    31.5690    23.4488 -9.990e-29
 209.423067      1.340  38.617542    14.4303     7.2803      1.329    31.5686    23.4482 -9.990e-29
 209.423073      1.328  38.619333    14.4311     7.3014      1.317    31.5696    23.4488 -9.990e-29
 209.423079      1.323  38.620565    14.4312     7.3059      1.312    31.5706    23.4496 -9.990e-29
 209.423084      1.327  38.620551    14.4312     7.2976      1.316    31.5706    23.4496 -9.990e-29
 209.423090      1.338  38.620307    14.4321     7.2825      1.327    31.5696    23.4486 -9.990e-29
 209.423096      1.347  38.620541    14.4354     7.2718      1.336    31.5672    23.4460 -9.990e-29
 209.423102      1.350  38.621476    14.4457     7.2814      1.339    31.5596    23.4381 -9.990e-29
 209.423108      1.348  38.624834    14.4701     7.2822      1.337    31.5428    23.4200 -9.990e-29
 209.423113      1.345  38.633881    14.4955     7.2743      1.334    31.5304    23.4051 -9.990e-29
 209.423119      1.349  38.645465    14.4957     7.2584      1.338    31.5407    23.4131 -9.990e-29
 209.423125      1.361  38.645251    14.4771     7.2746      1.350    31.5557    23.4285 -9.990e-29
 209.423131      1.372  38.629510    14.4630     7.3014      1.361    31.5528    23.4292 -9.990e-29
 209.423137      1.379  38.618633    14.4647     7.3095      1.367    31.5416    23.4202 -9.990e-29
 209.423142      1.383  38.623239    14.4839     7.3141      1.371    31.5301    23.4074 -9.990e-29
 209.423148      1.384  38.633127    14.5059     7.2994      1.372    31.5212    23.3959 -9.990e-29
 209.423154      1.386  38.642342    14.5092     7.2943      1.374    31.5269    23.3996 -9.990e-29
 209.423160      1.394  38.642914    14.4918     7.2833      1.382    31.5416    23.4145 -9.990e-29
 209.423166      1.403  38.633285    14.4714     7.2789      1.391    31.5494    23.4248 -9.990e-29
 209.423171      1.410  38.627425    14.4591     7.2941      1.398    31.5541    23.4310 -9.990e-29
 209.423177      1.416  38.624713    14.4454     7.3065      1.404    31.5628    23.4406 -9.990e-29
 209.423183      1.421  38.609672    14.4205     7.3269      1.409    31.5694    23.4508 -9.990e-29
 209.423189      1.425  38.580654    14.3932     7.3095      1.413    31.5652    23.4533 -9.990e-29
