data/oxygen options/ONMS/Olympic_Coast_National_Marine_Sanctuary_Hypoxia_Survey_CTD_Data_2004_2015/raw_data/2009/CTD_CE100_060109faed.cnv
* Sea-Bird SBE19 Data File:
* FileName = C:\2009_MOORING_DATA\CTD_CE100_060109.hex
* Software Version 1.59
* Temperature SN = 2997
* Conductivity SN = 2997
* System UpLoad Time = Jun 01 2009 15:39:38
**
**
# nquan = 9                                 
# nvalues = 1070                        
# units = specified
# name 0 = timeJ: Julian Days
# name 1 = prSM: Pressure, Strain Gauge [db]
# name 2 = c0mS/cm: Conductivity [mS/cm]
# name 3 = t090C: Temperature [ITS-90, deg C]
# name 4 = sbeox0ML/L: Oxygen, SBE 43 [ml/l]
# name 5 = depSM: Depth [salt water, m], lat = 47.5
# name 6 = sal00: Salinity, Practical [PSU]
# name 7 = sigma-é00: Density [sigma-theta, kg/m^3]
# name 8 = flag: flag
# span 0 = 152.482315, 152.488501       
# span 1 =     -5.608,    102.096       
# span 2 =   0.006114,  36.604292       
# span 3 =     6.7070,    13.8870       
# span 4 =    -1.6907,    23.3298       
# span 5 =     -5.561,    101.219       
# span 6 =     0.0092,    33.8807       
# span 7 =    -0.7313,    26.5773       
# span 8 = 0.0000e+00, 0.0000e+00       
# interval = seconds: 0.5
# start_time = Jun 01 2009 11:34:32 [Instrument's time stamp, header]
# bad_flag = -9.990e-29
*END*
[from data line 481]
 152.485098      0.928  36.045735    11.5925     9.5449      0.920    31.5130    23.9566 -9.990e-29
 152.485104      0.937  36.043379    11.5992     9.5399      0.929    31.5050    23.9491 -9.990e-29
 152.485110      0.949  36.056001    11.6057     9.5646      0.941    31.5118    23.9532 -9.990e-29
 152.485116      0.964  36.085835    11.6173     9.5912      0.956    31.5309    23.9659 -9.990e-29
 152.485122      0.983  36.127283    11.6391     9.5882      0.975    31.5526    23.9788 -9.990e-29
 152.485127      1.004  36.171204    11.6665     9.5735      0.996    31.5719    23.9889 -9.990e-29
 152.485133      1.020  36.197705    11.6789     9.5548      1.011    31.5870    23.9984 -9.990e-29
 152.485139      1.025  36.191624    11.6729     9.5207      1.016    31.5862    23.9989 -9.990e-29
 152.485145      1.022  36.170548    11.6675     9.5165      1.013    31.5704    23.9875 -9.990e-29
 152.485150      1.015  36.164009    11.6725     9.5368      1.007    31.5598    23.9784 -9.990e-29
 152.485156      1.010  36.171075    11.6817     9.5716      1.002    31.5588    23.9760 -9.990e-29
 152.485162      1.013  36.177030    11.6875     9.5765      1.005    31.5596    23.9756 -9.990e-29
 152.485168      1.020  36.174080    11.6886     9.5472      1.011    31.5558    23.9724 -9.990e-29
 152.485174      1.021  36.163839    11.6872     9.5136      1.012    31.5471    23.9659 -9.990e-29
 152.485179      1.013  36.152764    11.6855     9.5481      1.005    31.5378    23.9590 -9.990e-29
 152.485185      1.000  36.145635    11.6846     9.6125      0.992    31.5317    23.9544 -9.990e-29
 152.485191      0.989  36.145214    11.6824     9.6813      0.981    31.5331    23.9559 -9.990e-29
 152.485197      0.984  36.141368    11.6689     9.7163      0.976    31.5409    23.9644 -9.990e-29
 152.485203      0.985  36.119954    11.6346     9.7005      0.977    31.5493    23.9771 -9.990e-29
 152.485208      0.992  36.074769    11.5825     9.6707      0.984    31.5497    23.9868 -9.990e-29
 152.485214      1.004  36.003758    11.5309     9.6721      0.996    31.5246    23.9766 -9.990e-29
 152.485220      1.020  35.938191    11.5091     9.6930      1.011    31.4793    23.9454 -9.990e-29
 152.485226      1.030  35.931712    11.5251     9.7226      1.021    31.4594    23.9270 -9.990e-29
 152.485231      1.032  35.970017    11.5502     9.7288      1.023    31.4754    23.9349 -9.990e-29
 152.485237      1.030  35.997715    11.5574     9.7000      1.021    31.4962    23.9498 -9.990e-29
 152.485243      1.033  36.007447    11.5495     9.6673      1.024    31.5124    23.9638 -9.990e-29
 152.485249      1.040  35.994220    11.5413     9.6492      1.031    31.5065    23.9607 -9.990e-29
 152.485255      1.043  35.961628    11.5363     9.6680      1.034    31.4790    23.9402 -9.990e-29
 152.485260      1.038  35.957446    11.5345     9.6883      1.029    31.4765    23.9386 -9.990e-29
 152.485266      1.026  35.987805    11.5356     9.7088      1.017    31.5051    23.9606 -9.990e-29
 152.485272      1.009  36.010243    11.5318     9.7330      1.001    31.5301    23.9808 -9.990e-29
 152.485278      0.995  36.000858    11.5163     9.6806      0.987    31.5342    23.9867 -9.990e-29
 152.485284      0.987  35.964447    11.4900     9.6271      0.979    31.5212    23.9813 -9.990e-29
 152.485289      0.985  35.927455    11.4614     9.6241      0.977    31.5095    23.9773 -9.990e-29
 152.485295      0.989  35.912191    11.4470     9.6375      0.981    31.5069    23.9779 -9.990e-29
 152.485301      0.995  35.926808    11.4624     9.6864      0.987    31.5080    23.9760 -9.990e-29
 152.485307      0.998  35.965531    11.4978     9.7239      0.990    31.5156    23.9756 -9.990e-29
 152.485312      1.004  35.998728    11.5236     9.7097      0.996    31.5259    23.9790 -9.990e-29
 152.485318      1.016  36.004527    11.5159     9.6872      1.008    31.5381    23.9898 -9.990e-29
 152.485324      1.032  35.973813    11.4799     9.6639      1.023    31.5389    23.9969 -9.990e-29
 152.485330      1.044  35.928872    11.4561     9.6573      1.035    31.5154    23.9829 -9.990e-29
 152.485336      1.048  35.927900    11.4653     9.6766      1.039    31.5066    23.9744 -9.990e-29
 152.485341      1.045  35.961135    11.4835     9.6955      1.036    31.5235    23.9842 -9.990e-29
 152.485347      1.038  35.974822    11.4846     9.7032      1.029    31.5359    23.9937 -9.990e-29
 152.485353      1.037  35.968682    11.4635     9.6640      1.028    31.5479    24.0068 -9.990e-29
 152.485359      1.044  35.944561    11.4280     9.6290      1.035    31.5546    24.0184 -9.990e-29
 152.485365      1.057  35.901611    11.3961     9.6311      1.048    31.5400    24.0127 -9.990e-29
 152.485370      1.067  35.874914    11.3893     9.6666      1.058    31.5197    23.9981 -9.990e-29
 152.485376      1.071  35.889300    11.4153     9.7051      1.062    31.5116    23.9872 -9.990e-29
 152.485382      1.069  35.933086    11.4574     9.6799      1.060    31.5184    23.9849 -9.990e-29
 152.485388      1.066  35.972188    11.4824     9.6365      1.057    31.5352    23.9935 -9.990e-29
 152.485394      1.069  35.982528    11.4776     9.5907      1.060    31.5493    24.0054 -9.990e-29
 152.485399      1.079  35.972810    11.4616     9.5848      1.070    31.5535    24.0115 -9.990e-29
 152.485405      1.087  35.965873    11.4538     9.6232      1.078    31.5534    24.0128 -9.990e-29
 152.485411      1.091  35.969773    11.4574     9.6641      1.082    31.5541    24.0127 -9.990e-29
 152.485417      1.091  35.974530    11.4601     9.6712      1.082    31.5564    24.0140 -9.990e-29
 152.485422      1.089  35.964032    11.4461     9.6292      1.080    31.5582    24.0179 -9.990e-29
 152.485428      1.092  35.929830    11.4184     9.6068      1.083    31.5484    24.0153 -9.990e-29
 152.485434      1.094  35.895157    11.4041     9.6049      1.085    31.5268    24.0010 -9.990e-29
 152.485440      1.092  35.902216    11.4309     9.6212      1.083    31.5108    23.9838 -9.990e-29
 152.485446      1.085  35.954759    11.4955     9.6173      1.076    31.5070    23.9693 -9.990e-29
 152.485451      1.078  36.015252    11.5594     9.6028      1.069    31.5115    23.9613 -9.990e-29
 152.485457      1.073  36.055651    11.5949     9.6176      1.064    31.5206    23.9620 -9.990e-29
 152.485463      1.071  36.068176    11.6064     9.6659      1.062    31.5230    23.9618 -9.990e-29
 152.485469      1.077  36.052684    11.6073     9.6954      1.068    31.5071    23.9493 -9.990e-29
 152.485475      1.089  36.037197    11.6052     9.6826      1.080    31.4939    23.9394 -9.990e-29
 152.485480      1.102  36.043018    11.5965     9.6480      1.093    31.5069    23.9511 -9.990e-29
 152.485486      1.110  36.045368    11.5747     9.6382      1.101    31.5277    23.9712 -9.990e-29
 152.485492      1.114  36.026606    11.5457     9.6649      1.105    31.5342    23.9814 -9.990e-29
 152.485498      1.116  36.001986    11.5267     9.7006      1.107    31.5264    23.9788 -9.990e-29
 152.485503      1.114  36.001913    11.5286     9.7121      1.105    31.5247    23.9771 -9.990e-29
 152.485509      1.110  36.023430    11.5387     9.6809      1.101    31.5371    23.9849 -9.990e-29
 152.485515      1.106  36.026279    11.5360     9.6474      1.097    31.5421    23.9893 -9.990e-29
 152.485521      1.107  35.995727    11.5206     9.6153      1.098    31.5255    23.9792 -9.990e-29
 152.485527      1.109  35.962678    11.5113     9.6105      1.100    31.5013    23.9620 -9.990e-29
 152.485532      1.107  35.962543    11.5195     9.6411      1.098    31.4942    23.9550 -9.990e-29
 152.485538      1.102  35.983883    11.5322     9.6453      1.093    31.5041    23.9605 -9.990e-29
 152.485544      1.096  35.996850    11.5284     9.6745      1.087    31.5200    23.9735 -9.990e-29
 152.485550      1.100  35.994038    11.5069     9.6758      1.091    31.5355    23.9894 -9.990e-29
 152.485556      1.112  35.983972    11.4852     9.6819      1.103    31.5442    24.0001 -9.990e-29
 152.485561      1.125  35.976138    11.4817     9.7167      1.116    31.5396    23.9971 -9.990e-29
 152.485567      1.136  35.982438    11.4974     9.7440      1.127    31.5323    23.9886 -9.990e-29
 152.485573      1.144  36.002249    11.5066     9.7360      1.134    31.5438    23.9959 -9.990e-29
 152.485579      1.152  36.002563    11.4862     9.7140      1.142    31.5615    24.0133 -9.990e-29
 152.485584      1.159  35.968630    11.4508     9.6873      1.149    31.5586    24.0174 -9.990e-29
 152.485590      1.165  35.933566    11.4330     9.6472      1.155    31.5396    24.0058 -9.990e-29
 152.485596      1.167  35.933455    11.4450     9.6356      1.157    31.5293    23.9956 -9.990e-29
 152.485602      1.161  35.961926    11.4750     9.6248      1.151    31.5314    23.9919 -9.990e-29
 152.485608      1.151  35.987432    11.4982     9.6374      1.141    31.5365    23.9917 -9.990e-29
 152.485613      1.144  35.997444    11.4979     9.6653      1.134    31.5465    23.9996 -9.990e-29
 152.485619      1.144  35.986225    11.4826     9.6926      1.134    31.5486    24.0039 -9.990e-29
 152.485625      1.147  35.955570    11.4703     9.7262      1.137    31.5293    23.9911 -9.990e-29
 152.485631      1.149  35.928403    11.4652     9.7118      1.139    31.5071    23.9748 -9.990e-29
 152.485637      1.150  35.912128    11.4553     9.6800      1.140    31.4997    23.9708 -9.990e-29
 152.485642      1.151  35.903472    11.4369     9.6464      1.141    31.5069    23.9797 -9.990e-29
 152.485648      1.150  35.904284    11.4255     9.6576      1.140    31.5174    23.9899 -9.990e-29
 152.485654      1.149  35.920073    11.4327     9.7064      1.139    31.5267    23.9958 -9.990e-29
 152.485660      1.147  35.951672    11.4529     9.7306      1.137    31.5403    24.0028 -9.990e-29
 152.485666      1.148  35.975063    11.4679     9.6991      1.138    31.5503    24.0079 -9.990e-29
 152.485671      1.156  35.968177    11.4568     9.6602      1.146    31.5530    24.0120 -9.990e-29
 152.485677      1.169  35.931867    11.4218     9.6561      1.159    31.5475    24.0139 -9.990e-29
 152.485683      1.177  35.891601    11.3945     9.6696      1.167    31.5315    24.0064 -9.990e-29
 152.485689      1.177  35.885490    11.4010     9.7111      1.167    31.5200    23.9963 -9.990e-29
 152.485694      1.175  35.920447    11.4339     9.7065      1.165    31.5260    23.9951 -9.990e-29
 152.485700      1.172  35.961807    11.4628     9.6833      1.162    31.5417    24.0021 -9.990e-29
 152.485706      1.171  35.975052    11.4655     9.6671      1.161    31.5523    24.0099 -9.990e-29
 152.485712      1.169  35.957075    11.4469     9.6743      1.159    31.5507    24.0119 -9.990e-29
 152.485718      1.168  35.930349    11.4309     9.7002      1.158    31.5383    24.0051 -9.990e-29
 152.485723      1.167  35.916313    11.4344     9.7214      1.157    31.5216    23.9916 -9.990e-29
 152.485729      1.167  35.920278    11.4547     9.7124      1.157    31.5081    23.9775 -9.990e-29
 152.485735      1.166  35.941873    11.4738     9.7077      1.156    31.5129    23.9778 -9.990e-29
 152.485741      1.166  35.968954    11.4728     9.7324      1.156    31.5402    23.9991 -9.990e-29
 152.485747      1.166  35.977088    11.4556     9.7602      1.156    31.5628    24.0197 -9.990e-29
 152.485752      1.166  35.964751    11.4398     9.7495      1.156    31.5642    24.0237 -9.990e-29
 152.485758      1.166  35.955208    11.4318     9.7118      1.156    31.5617    24.0232 -9.990e-29
 152.485764      1.167  35.959759    11.4327     9.7032      1.157    31.5654    24.0259 -9.990e-29
 152.485770      1.167  35.972096    11.4426     9.7345      1.157    31.5690    24.0269 -9.990e-29
 152.485775      1.168  35.982288    11.4582     9.7555      1.158    31.5656    24.0215 -9.990e-29
 152.485781      1.169  35.986510    11.4790     9.7585      1.159    31.5520    24.0072 -9.990e-29
 152.485787      1.170  35.994260    11.4984     9.6871      1.160    31.5430    23.9967 -9.990e-29
 152.485793      1.172  36.001258    11.4992     9.6475      1.162    31.5491    24.0013 -9.990e-29
 152.485799      1.174  35.987659    11.4891     9.6432      1.164    31.5445    23.9996 -9.990e-29
 152.485804      1.172  35.961609    11.4933     9.6617      1.162    31.5155    23.9763 -9.990e-29
 152.485810      1.163  35.951611    11.5110     9.7015      1.153    31.4907    23.9539 -9.990e-29
 152.485816      1.149  35.967258    11.5256     9.7187      1.139    31.4935    23.9535 -9.990e-29
 152.485822      1.139  35.991870    11.5198     9.7478      1.129    31.5224    23.9769 -9.990e-29
 152.485828      1.140  35.995480    11.4849     9.7292      1.130    31.5557    24.0090 -9.990e-29
 152.485833      1.152  35.968810    11.4442     9.7032      1.142    31.5644    24.0231 -9.990e-29
 152.485839      1.163  35.946799    11.4312     9.7141      1.153    31.5540    24.0173 -9.990e-29
 152.485845      1.165  35.954922    11.4483     9.7363      1.155    31.5474    24.0091 -9.990e-29
 152.485851      1.164  35.975375    11.4721     9.7770      1.154    31.5470    24.0046 -9.990e-29
 152.485856      1.162  35.995041    11.4884     9.7461      1.152    31.5523    24.0057 -9.990e-29
 152.485862      1.160  36.019925    11.4958     9.7099      1.150    31.5702    24.0183 -9.990e-29
 152.485868      1.158  36.029943    11.4873     9.6838      1.148    31.5872    24.0331 -9.990e-29
 152.485874      1.156  36.003670    11.4688     9.6927      1.146    31.5774    24.0288 -9.990e-29
 152.485880      1.153  35.973793    11.4609     9.7334      1.143    31.5550    24.0128 -9.990e-29
 152.485885      1.149  35.974353    11.4686     9.7328      1.139    31.5490    24.0067 -9.990e-29
 152.485891      1.144  35.992590    11.4799     9.7609      1.134    31.5571    24.0110 -9.990e-29
 152.485897      1.147  35.996750    11.4789     9.7445      1.137    31.5620    24.0150 -9.990e-29
 152.485903      1.166  35.969360    11.4652     9.7473      1.156    31.5470    24.0058 -9.990e-29
 152.485909      1.193  35.932659    11.4556     9.7529      1.183    31.5194    23.9861 -9.990e-29
 152.485914      1.218  35.925593    11.4584     9.7498      1.208    31.5102    23.9784 -9.990e-29
 152.485920      1.234  35.942597    11.4662     9.7705      1.224    31.5201    23.9847 -9.990e-29
 152.485926      1.236  35.959795    11.4759     9.7577      1.226    31.5286    23.9896 -9.990e-29
 152.485932      1.231  35.979895    11.4916     9.7407      1.221    31.5348    23.9916 -9.990e-29
 152.485938      1.226  36.002197    11.5062     9.7138      1.216    31.5440    23.9961 -9.990e-29
 152.485943      1.224  36.015491    11.5084     9.6984      1.214    31.5551    24.0043 -9.990e-29
 152.485949      1.227  36.017284    11.5008     9.7128      1.217    31.5633    24.0121 -9.990e-29
 152.485955      1.234  36.012152    11.4930     9.7317      1.224    31.5650    24.0148 -9.990e-29
 152.485961      1.240  36.007200    11.4892     9.7666      1.230    31.5634    24.0142 -9.990e-29
 152.485966      1.243  36.005848    11.4836     9.7730      1.233    31.5669    24.0179 -9.990e-29
 152.485972      1.247  36.001191    11.4688     9.7762      1.237    31.5749    24.0269 -9.990e-29
 152.485978      1.256  35.980240    11.4488     9.7505      1.246    31.5716    24.0278 -9.990e-29
 152.485984      1.271  35.944691    11.4372     9.7022      1.260    31.5468    24.0107 -9.990e-29
 152.485990      1.289  35.926061    11.4430     9.6763      1.278    31.5237    23.9917 -9.990e-29
 152.485995      1.301  35.944819    11.4660     9.6503      1.290    31.5224    23.9865 -9.990e-29
 152.486001      1.310  35.978303    11.4953     9.6556      1.299    31.5300    23.9872 -9.990e-29
 152.486007      1.323  36.000527    11.5130     9.6653      1.312    31.5366    23.9891 -9.990e-29
 152.486013      1.347  36.016986    11.5169     9.6759      1.336    31.5493    23.9983 -9.990e-29
