data/oxygen options/ONMS/Olympic_Coast_National_Marine_Sanctuary_Hypoxia_Survey_CTD_Data_2004_2015/raw_data/2009/CTD_CE100_081109faedb.cnv
* Sea-Bird SBE19 Data File:
* FileName = C:\2009_MOORING_DATA\081109\CTD.hex
* Software Version 1.24
* Temperature SN = 2997
* Conductivity SN = 2997
* System UpLoad Time = Aug 11 2009 11:36:48
* SEACAT PROFILER V3.1c SN 2997   08/11/09  11:35:54.781
* strain gauge pressure sensor: S/N = 184829,  range = 3000 psia,  tc = 40
# nquan = 9
# nvalues = 101                         
# units = specified
# name 0 = timeJ: Julian Days
# name 1 = prSM: Pressure, Strain Gauge [db]
# name 2 = c0mS/cm: Conductivity [mS/cm]
# name 3 = t090C: Temperature [ITS-90, deg C]
# name 4 = sbeox0ML/L: Oxygen, SBE 43 [ml/l]
# name 5 = depSM: Depth [salt water, m], lat = 47.5
# name 6 = sal00: Salinity, Practical [PSU]
# name 7 = sigma-é00: Density [sigma-theta, kg/m^3]
# name 8 = flag: flag
# span 0 = 223.479342, 223.480634       
# span 1 =      2.000,    102.000       
# span 2 =  34.180227,  39.055425       
# span 3 =     7.1280,    14.2515       
# span 4 =     1.0264,     7.1981       
# span 5 =      1.983,    101.124       
# span 6 =    32.1154,    33.9766       
# span 7 =    23.9070,    26.5940       
# span 8 = 0.0000e+00, 0.0000e+00       
# interval = decibars: 1                
# start_time = Aug 11 2009 11:25:25 [Instrument's time stamp, header]
# bad_flag = -9.990e-29
*END*
 223.479342      2.000  39.055425    14.2515     6.9938      1.983    32.1154    23.9070 0.0000e+00
 223.479361      3.000  38.961265    14.1271     6.9841      2.975    32.1321    23.9457 0.0000e+00
 223.479375      4.000  38.879903    14.0367     7.0522      3.967    32.1323    23.9645 0.0000e+00
 223.479388      5.000  38.802695    13.9600     7.1420      4.958    32.1249    23.9745 0.0000e+00
 223.479399      6.000  38.735444    13.8893     7.1981      5.950    32.1215    23.9864 0.0000e+00
 223.479411      7.000  38.677619    13.8113     6.7929      6.942    32.1330    24.0111 0.0000e+00
 223.479422      8.000  38.633255    13.7267     6.1438      7.933    32.1625    24.0511 0.0000e+00
 223.479433      9.000  38.535325    13.4807     5.7287      8.925    32.2785    24.1903 0.0000e+00
 223.479444     10.000  38.156354    12.7487     5.5946      9.916    32.5464    24.5419 0.0000e+00
 223.479456     11.000  37.035828    11.2772     5.5326     10.908    32.7504    24.9763 0.0000e+00
 223.479468     12.000  35.955692    10.2994     5.3727     11.899    32.5479    24.9873 0.0000e+00
 223.479479     13.000  35.628422     9.9604     5.2532     12.891    32.5218    25.0239 0.0000e+00
 223.479491     14.000  35.522088     9.8045     5.0412     13.883    32.5541    25.0751 0.0000e+00
 223.479502     15.000  35.518408     9.7627     4.7712     14.874    32.5878    25.1083 0.0000e+00
 223.479513     16.000  35.520691     9.7338     4.6358     15.866    32.6158    25.1349 0.0000e+00
 223.479524     17.000  35.616858     9.7537     4.6169     16.857    32.6955    25.1939 0.0000e+00
 223.479535     18.000  35.725869     9.7540     4.5858     17.849    32.8061    25.2801 0.0000e+00
 223.479547     19.000  35.724109     9.7120     4.4644     18.841    32.8421    25.3152 0.0000e+00
 223.479558     20.000  35.695488     9.6486     4.3077     19.832    32.8704    25.3476 0.0000e+00
 223.479570     21.000  35.636205     9.5366     4.1235     20.824    32.9118    25.3981 0.0000e+00
 223.479581     22.000  35.547807     9.3986     3.8705     21.815    32.9474    25.4483 0.0000e+00
 223.479592     23.000  35.465169     9.2337     3.6911     22.807    33.0138    25.5265 0.0000e+00
 223.479603     24.000  35.295844     8.9304     3.6699     23.798    33.1192    25.6568 0.0000e+00
 223.479615     25.000  35.041780     8.6250     3.7236     24.790    33.1384    25.7190 0.0000e+00
 223.479627     26.000  34.847453     8.4187     3.6898     25.781    33.1269    25.7413 0.0000e+00
 223.479638     27.000  34.712102     8.2655     3.5328     26.773    33.1276    25.7648 0.0000e+00
 223.479650     28.000  34.610895     8.1600     3.3620     27.764    33.1193    25.7739 0.0000e+00
 223.479661     29.000  34.607089     8.1392     3.2724     28.756    33.1344    25.7889 0.0000e+00
 223.479672     30.000  34.662692     8.1398     3.2196     29.748    33.1925    25.8344 0.0000e+00
 223.479685     31.000  34.666123     8.0807     3.2043     30.739    33.2517    25.8895 0.0000e+00
 223.479696     32.000  34.586219     7.9550     3.2349     31.731    33.2856    25.9345 0.0000e+00
 223.479709     33.000  34.470269     7.8173     3.2460     32.722    33.2922    25.9597 0.0000e+00
 223.479720     34.000  34.378746     7.7170     3.2365     33.713    33.2892    25.9718 0.0000e+00
 223.479732     35.000  34.344362     7.6817     3.1981     34.705    33.2856    25.9740 0.0000e+00
 223.479744     36.000  34.341532     7.6686     3.1714     35.697    33.2946    25.9830 0.0000e+00
 223.479757     37.000  34.329866     7.6407     3.1734     36.688    33.3082    25.9977 0.0000e+00
 223.479770     38.000  34.309685     7.6128     3.0693     37.679    33.3127    26.0052 0.0000e+00
 223.479784     39.000  34.290658     7.5787     2.8558     38.671    33.3244    26.0193 0.0000e+00
 223.479797     40.000  34.251099     7.5075     2.6963     39.663    33.3495    26.0491 0.0000e+00
 223.479809     41.000  34.188484     7.4283     2.5951     40.654    33.3576    26.0666 0.0000e+00
 223.479822     42.000  34.180227     7.4145     2.5366     41.645    33.3613    26.0715 0.0000e+00
 223.479835     43.000  34.213867     7.4303     2.5016     42.637    33.3821    26.0856 0.0000e+00
 223.479848     44.000  34.255018     7.4479     2.3656     43.628    33.4092    26.1045 0.0000e+00
 223.479859     45.000  34.272611     7.4502     2.2779     44.620    33.4256    26.1170 0.0000e+00
 223.479871     46.000  34.285475     7.4426     2.3686     45.611    33.4464    26.1345 0.0000e+00
 223.479882     47.000  34.306975     7.4223     2.3502     46.602    33.4888    26.1707 0.0000e+00
 223.479894     48.000  34.308716     7.3786     2.1660     47.594    33.5325    26.2112 0.0000e+00
 223.479906     49.000  34.271550     7.3041     1.8779     48.585    33.5638    26.2463 0.0000e+00
 223.479919     50.000  34.239973     7.2591     1.5906     49.577    33.5726    26.2594 0.0000e+00
 223.479932     51.000  34.248078     7.2491     1.4434     50.568    33.5907    26.2751 0.0000e+00
 223.479944     52.000  34.274500     7.2458     1.4536     51.559    33.6223    26.3004 0.0000e+00
 223.479956     53.000  34.301194     7.2407     1.5682     52.551    33.6559    26.3275 0.0000e+00
 223.479968     54.000  34.315924     7.2308     1.6611     53.542    33.6810    26.3487 0.0000e+00
 223.479980     55.000  34.322216     7.2156     1.6575     54.534    33.7022    26.3675 0.0000e+00
 223.479991     56.000  34.334552     7.2055     1.6132     55.525    33.7251    26.3869 0.0000e+00
 223.480005     57.000  34.353496     7.2064     1.4454     56.516    33.7444    26.4021 0.0000e+00
 223.480019     58.000  34.373845     7.2180     1.2688     57.508    33.7547    26.4086 0.0000e+00
 223.480032     59.000  34.401271     7.2391     1.2635     58.499    33.7636    26.4126 0.0000e+00
 223.480045     60.000  34.438052     7.2498     1.2899     59.490    33.7927    26.4341 0.0000e+00
 223.480057     61.000  34.447412     7.2503     1.2529     60.482    33.8019    26.4412 0.0000e+00
 223.480069     62.000  34.455152     7.2501     1.1153     61.473    33.8101    26.4478 0.0000e+00
 223.480083     63.000  34.465028     7.2503     1.0296     62.465    33.8202    26.4556 0.0000e+00
 223.480096     64.000  34.483909     7.2496     1.0264     63.456    33.8409    26.4721 0.0000e+00
 223.480108     65.000  34.499953     7.2458     1.0493     64.447    33.8618    26.4891 0.0000e+00
 223.480120     66.000  34.505151     7.2382     1.0832     65.439    33.8743    26.5000 0.0000e+00
 223.480133     67.000  34.504967     7.2230     1.0915     66.430    33.8885    26.5133 0.0000e+00
 223.480148     68.000  34.503692     7.2159     1.0867     67.421    33.8936    26.5183 0.0000e+00
 223.480164     69.000  34.502139     7.2076     1.0747     68.413    33.8996    26.5242 0.0000e+00
 223.480177     70.000  34.499225     7.1833     1.0810     69.404    33.9198    26.5434 0.0000e+00
 223.480190     71.000  34.496079     7.1542     1.0935     70.396    33.9445    26.5670 0.0000e+00
 223.480203     72.000  34.492341     7.1433     1.0842     71.387    33.9506    26.5733 0.0000e+00
 223.480219     73.000  34.491808     7.1448     1.0699     72.378    33.9481    26.5711 0.0000e+00
 223.480234     74.000  34.490973     7.1436     1.0808     73.369    33.9478    26.5711 0.0000e+00
 223.480250     75.000  34.489707     7.1315     1.1241     74.360    33.9579    26.5807 0.0000e+00
 223.480263     76.000  34.490265     7.1280     1.1624     75.352    33.9614    26.5840 0.0000e+00
 223.480277     77.000  34.503109     7.1345     1.1507     76.343    33.9686    26.5888 0.0000e+00
 223.480290     78.000  34.514225     7.1398     1.1332     77.334    33.9750    26.5931 0.0000e+00
 223.480304     79.000  34.517762     7.1417     1.1343     78.326    33.9766    26.5940 0.0000e+00
 223.480317     80.000  34.518158     7.1421     1.1345     79.317    33.9761    26.5936 0.0000e+00
 223.480331     81.000  34.518888     7.1428     1.1350     80.308    33.9758    26.5933 0.0000e+00
 223.480344     82.000  34.519081     7.1426     1.1384     81.299    33.9757    26.5932 0.0000e+00
 223.480357     83.000  34.519492     7.1428     1.1098     82.291    33.9754    26.5931 0.0000e+00
 223.480370     84.000  34.519471     7.1429     1.1139     83.282    33.9748    26.5926 0.0000e+00
 223.480383     85.000  34.519424     7.1426     1.1142     84.273    33.9746    26.5925 0.0000e+00
 223.480396     86.000  34.519367     7.1419     1.1191     85.264    33.9747    26.5926 0.0000e+00
 223.480410     87.000  34.519306     7.1419     1.1192     86.256    33.9742    26.5923 0.0000e+00
 223.480423     88.000  34.519244     7.1425     1.1120     87.247    33.9730    26.5912 0.0000e+00
 223.480438     89.000  34.519183     7.1434     1.1060     88.238    33.9716    26.5900 0.0000e+00
 223.480452     90.000  34.519117     7.1418     1.1044     89.229    33.9726    26.5911 0.0000e+00
 223.480466     91.000  34.519056     7.1415     1.0998     90.221    33.9723    26.5909 0.0000e+00
 223.480480     92.000  34.518999     7.1419     1.1113     91.212    33.9713    26.5901 0.0000e+00
 223.480494     93.000  34.518965     7.1420     1.1164     92.203    33.9707    26.5896 0.0000e+00
 223.480509     94.000  34.519310     7.1419     1.1021     93.194    33.9707    26.5896 0.0000e+00
 223.480524     95.000  34.519887     7.1421     1.1022     94.186    33.9706    26.5895 0.0000e+00
 223.480537     96.000  34.520405     7.1418     1.0922     95.177    33.9711    26.5899 0.0000e+00
 223.480550     97.000  34.520300     7.1413     1.0876     96.168    33.9709    26.5899 0.0000e+00
 223.480563     98.000  34.519865     7.1404     1.0896     97.159    33.9709    26.5900 0.0000e+00
 223.480577     99.000  34.519931     7.1394     1.0947     98.151    33.9714    26.5906 0.0000e+00
 223.480592    100.000  34.519713     7.1401     1.1029     99.141    33.9701    26.5894 0.0000e+00
 223.480611    101.000  34.519884     7.1403     1.0859    100.133    33.9695    26.5890 0.0000e+00
 223.480634    102.000  34.513181     7.1395     1.0706    101.124    33.9625    26.5836 0.0000e+00
