data/oxygen options/ONMS/Olympic_Coast_National_Marine_Sanctuary_Hypoxia_Survey_CTD_Data_2004_2015/raw_data/2009/CTD_RR042_081109faed.cnv
* Sea-Bird SBE19 Data File:
* FileName = C:\2009_MOORING_DATA\081109\CTD_RR042_081109.hex
* Software Version 1.24
* Temperature SN = 2997
* Conductivity SN = 2997
* System UpLoad Time = Aug 11 2009 16:11:22
* SEACAT PROFILER V3.1c SN 2997   08/11/09  16:10:46.756
* strain gauge pressure sensor: S/N = 184829,  range = 3000 psia,  tc = 40
# nquan = 9                                 
# nvalues = 749                         
# units = specified
# name 0 = timeJ: Julian Days
# name 1 = prSM: Pressure, Strain Gauge [db]
# name 2 = c0mS/cm: Conductivity [mS/cm]
# name 3 = t090C: Temperature [ITS-90, deg C]
# name 4 = sbeox0ML/L: Oxygen, SBE 43 [ml/l]
# name 5 = depSM: Depth [salt water, m], lat = 47.5
# name 6 = sal00: Salinity, Practical [PSU]
# name 7 = sigma-é00: Density [sigma-theta, kg/m^3]
# name 8 = flag: flag
# span 0 = 223.669317, 223.673646       
# span 1 =     -3.679,     42.997       
# span 2 =   0.200541,  39.674891       
# span 3 =     7.3605,    16.1276       
# span 4 =    -1.5991,    17.1842       
# span 5 =     -3.648,     42.634       
# span 6 =     0.1166,    33.5791       
# span 7 =    -0.9855,    26.2501       
# span 8 = 0.0000e+00, 0.0000e+00       
# interval = seconds: 0.5
# start_time = Aug 11 2009 16:03:49 [Instrument's time stamp, header]
# bad_flag = -9.990e-29
*END*
[from data line 641]
 223.673027     42.565  34.342086     7.3826     1.8471     42.205    33.5675    26.2381 0.0000e+00
 223.673032     42.701  34.331524     7.3799     1.8314     42.340    33.5585    26.2314 -9.990e-29
 223.673038     42.806  34.313929     7.3759     1.8146     42.444    33.5433    26.2200 -9.990e-29
 223.673044     42.887  34.296701     7.3715     1.8118     42.525    33.5288    26.2092 -9.990e-29
 223.673050     42.945  34.295572     7.3674     1.8153     42.582    33.5315    26.2119 -9.990e-29
 223.673056     42.978  34.303482     7.3640     1.8153     42.615    33.5434    26.2217 -9.990e-29
 223.673061     42.993  34.310862     7.3616     1.8083     42.630    33.5537    26.2302 -9.990e-29
 223.673067     42.997  34.318078     7.3605     1.8075     42.634    33.5626    26.2374 -9.990e-29
 223.673073     42.988  34.323036     7.3606     1.8149     42.625    33.5679    26.2415 -9.990e-29
 223.673079     42.966  34.325676     7.3621     1.8042     42.603    33.5693    26.2424 -9.990e-29
 223.673084     42.930  34.327886     7.3644     1.8090     42.567    33.5695    26.2422 -9.990e-29
 223.673090     42.878  34.330423     7.3678     1.8057     42.516    33.5690    26.2414 -9.990e-29
 223.673096     42.806  34.332797     7.3738     1.8022     42.444    33.5658    26.2380 -9.990e-29
 223.673102     42.709  34.338224     7.3814     1.8060     42.348    33.5644    26.2358 -9.990e-29
 223.673108     42.586  34.346149     7.3871     1.7890     42.226    33.5675    26.2375 -9.990e-29
 223.673113     42.442  34.349824     7.3884     1.7915     42.083    33.5703    26.2395 0.0000e+00
 223.673119     42.285  34.347478     7.3857     1.7818     41.928    33.5704    26.2400 0.0000e+00
 223.673125     42.118  34.342199     7.3822     1.7866     41.762    33.5682    26.2387 0.0000e+00
 223.673131     41.934  34.339883     7.3803     1.7879     41.580    33.5676    26.2385 0.0000e+00
 223.673137     41.725  34.341411     7.3785     1.7734     41.373    33.5711    26.2415 0.0000e+00
 223.673142     41.488  34.342149     7.3760     1.7699     41.138    33.5744    26.2445 0.0000e+00
 223.673148     41.221  34.340332     7.3737     1.7697     40.873    33.5748    26.2451 0.0000e+00
 223.673154     40.922  34.335828     7.3721     1.7793     40.576    33.5716    26.2428 0.0000e+00
 223.673160     40.586  34.332204     7.3712     1.7914     40.243    33.5687    26.2406 0.0000e+00
 223.673166     40.204  34.331403     7.3696     1.7960     39.865    33.5696    26.2415 0.0000e+00
 223.673171     39.775  34.330166     7.3673     1.7958     39.439    33.5707    26.2427 0.0000e+00
 223.673177     39.303  34.328574     7.3653     1.8040     38.971    33.5711    26.2433 0.0000e+00
 223.673183     38.808  34.327918     7.3638     1.8147     38.480    33.5721    26.2443 0.0000e+00
 223.673189     38.303  34.326255     7.3624     1.8254     37.980    33.5719    26.2443 0.0000e+00
 223.673194     37.796  34.323101     7.3615     1.8250     37.477    33.5696    26.2426 0.0000e+00
 223.673200     37.285  34.320466     7.3620     1.8338     36.970    33.5665    26.2401 0.0000e+00
 223.673206     36.762  34.319929     7.3638     1.8389     36.452    33.5644    26.2382 0.0000e+00
 223.673212     36.225  34.320827     7.3661     1.8611     35.920    33.5634    26.2371 0.0000e+00
 223.673218     35.673  34.321609     7.3689     1.9304     35.372    33.5618    26.2355 0.0000e+00
 223.673223     35.110  34.322249     7.3727     2.0296     34.814    33.5591    26.2328 0.0000e+00
 223.673229     34.538  34.322533     7.3767     2.2115     34.247    33.5558    26.2296 0.0000e+00
 223.673235     33.952  34.322332     7.3804     2.4104     33.666    33.5523    26.2263 0.0000e+00
 223.673241     33.344  34.322552     7.3850     2.5827     33.063    33.5484    26.2226 0.0000e+00
 223.673247     32.710  34.323539     7.3937     2.7097     32.434    33.5413    26.2158 0.0000e+00
 223.673252     32.047  34.324980     7.4079     2.7606     31.777    33.5295    26.2045 0.0000e+00
 223.673258     31.361  34.326610     7.4242     2.7785     31.097    33.5158    26.1914 0.0000e+00
 223.673264     30.659  34.327855     7.4379     2.7764     30.401    33.5042    26.1804 0.0000e+00
 223.673270     29.949  34.328190     7.4482     2.7555     29.697    33.4950    26.1717 0.0000e+00
 223.673275     29.236  34.328118     7.4574     2.7380     28.990    33.4863    26.1636 0.0000e+00
 223.673281     28.527  34.328159     7.4657     2.6812     28.287    33.4787    26.1564 0.0000e+00
 223.673287     27.824  34.327862     7.4710     2.6196     27.590    33.4736    26.1516 0.0000e+00
 223.673293     27.124  34.326326     7.4745     2.5721     26.896    33.4689    26.1474 0.0000e+00
 223.673299     26.430  34.323799     7.4784     2.5378     26.208    33.4627    26.1420 0.0000e+00
 223.673304     25.745  34.321446     7.4820     2.5107     25.529    33.4571    26.1370 0.0000e+00
 223.673310     25.069  34.318984     7.4865     2.4849     24.858    33.4504    26.1311 0.0000e+00
 223.673316     24.402  34.314864     7.4959     2.5004     24.197    33.4372    26.1194 0.0000e+00
 223.673322     23.739  34.309807     7.5125     2.5395     23.540    33.4160    26.1004 0.0000e+00
 223.673328     23.077  34.309447     7.5386     2.5867     22.883    33.3908    26.0769 0.0000e+00
 223.673333     22.420  34.318960     7.5746     2.6124     22.232    33.3668    26.0529 0.0000e+00
 223.673339     21.775  34.336521     7.6181     2.6326     21.592    33.3443    26.0291 0.0000e+00
 223.673345     21.138  34.356474     7.6646     2.6455     20.961    33.3215    26.0045 0.0000e+00
 223.673351     20.500  34.374112     7.7190     2.6556     20.328    33.2888    25.9710 0.0000e+00
 223.673356     19.846  34.397887     7.8126     2.6779     19.679    33.2253    25.9076 0.0000e+00
 223.673362     19.167  34.457316     7.9557     2.7201     19.006    33.1531    25.8303 0.0000e+00
 223.673368     18.468  34.564475     8.1007     2.7477     18.313    33.1304    25.7912 0.0000e+00
 223.673374     17.760  34.678575     8.2030     2.8416     17.611    33.1554    25.7957 0.0000e+00
 223.673380     17.058  34.754088     8.2634     3.0004     16.915    33.1788    25.8051 0.0000e+00
 223.673385     16.369  34.799908     8.3126     3.2626     16.232    33.1812    25.7996 0.0000e+00
 223.673391     15.688  34.853670     8.3851     3.5933     15.556    33.1700    25.7800 0.0000e+00
 223.673397     15.005  34.926055     8.5214     3.9017     14.879    33.1185    25.7190 0.0000e+00
 223.673403     14.312  35.032962     8.7579     4.2731     14.192    33.0098    25.5977 0.0000e+00
 223.673409     13.607  35.201590     9.0626     4.7527     13.493    32.9030    25.4668 0.0000e+00
 223.673414     12.900  35.414832     9.3872     5.3219     12.792    32.8249    25.3542 0.0000e+00
 223.673420     12.204  35.661857     9.7160     6.0073     12.102    32.7779    25.2643 0.0000e+00
 223.673426     11.524  35.988090    10.0286     6.7030     11.428    32.8258    25.2500 0.0000e+00
 223.673432     10.864  36.346191    10.3170     7.3161     10.773    32.9263    25.2798 0.0000e+00
 223.673438     10.218  36.609710    10.6442     7.7878     10.132    32.8952    25.1993 0.0000e+00
 223.673443      9.569  36.803431    11.1372     8.0504      9.489    32.6469    24.9194 0.0000e+00
 223.673449      8.911  37.073108    11.7245     8.1477      8.836    32.3945    24.6172 0.0000e+00
 223.673455      8.253  37.427019    12.1584     8.0983      8.184    32.3599    24.5099 0.0000e+00
 223.673461      7.609  37.723524    12.4287     7.9412      7.545    32.4110    24.4984 0.0000e+00
 223.673466      6.990  37.932769    12.6822     7.7719      6.932    32.3924    24.4354 0.0000e+00
 223.673472      6.407  38.091189    12.9195     7.6005      6.353    32.3394    24.3484 0.0000e+00
 223.673478      5.874  38.198786    13.0782     7.4448      5.825    32.3057    24.2912 0.0000e+00
 223.673484      5.414  38.272450    13.1617     7.3219      5.369    32.3041    24.2735 0.0000e+00
 223.673490      5.044  38.332594    13.2097     7.2528      5.002    32.3199    24.2763 0.0000e+00
 223.673495      4.767  38.386626    13.2402     7.2577      4.727    32.3448    24.2895 0.0000e+00
 223.673501      4.573  38.422579    13.2453     7.2929      4.535    32.3743    24.3112 0.0000e+00
 223.673507      4.441  38.428473    13.2318     7.3339      4.404    32.3914    24.3271 -9.990e-29
 223.673513      4.347  38.408863    13.2171     7.3426      4.311    32.3855    24.3255 -9.990e-29
 223.673519      4.270  38.381367    13.2120     7.3544      4.234    32.3641    24.3099 -9.990e-29
 223.673524      4.203  38.365387    13.2214     7.4034      4.168    32.3411    24.2903 -9.990e-29
 223.673530      4.141  38.376609    13.2451     7.4750      4.106    32.3315    24.2782 -9.990e-29
 223.673536      4.075  38.407010    13.2733     7.5246      4.041    32.3360    24.2761 -9.990e-29
 223.673542      3.993  38.424258    13.2858     7.5514      3.960    32.3416    24.2779 -9.990e-29
 223.673547      3.886  38.411556    13.2840     7.5380      3.854    32.3313    24.2703 -9.990e-29
 223.673553      3.750  38.392334    13.2930     7.5169      3.719    32.3057    24.2487 0.0000e+00
 223.673559      3.586  38.396457    13.3230     7.5449      3.556    32.2841    24.2261 0.0000e+00
 223.673565      3.397  38.422692    13.3638     7.6448      3.369    32.2742    24.2103 0.0000e+00
 223.673571      3.191  38.459496    13.4030     7.7138      3.164    32.2755    24.2034 0.0000e+00
 223.673576      2.972  38.495413    13.4351     7.6676      2.947    32.2819    24.2020 0.0000e+00
 223.673582      2.736  38.512758    13.4660     7.5377      2.713    32.2721    24.1882 0.0000e+00
 223.673588      2.480  38.521213    13.5157     7.3002      2.459    32.2381    24.1519 0.0000e+00
 223.673594      2.208  38.556720    13.5942 -9.990e-29      2.190    32.2050    24.1106 0.0000e+00
 223.673600      1.935  38.621222    13.6840 -9.990e-29      1.919    32.1895    24.0805 0.0000e+00
 223.673605      1.672  38.705439    13.7847 -9.990e-29      1.658    32.1831    24.0551 0.0000e+00
 223.673611      1.425  38.833669    13.8970 -9.990e-29      1.413    32.2076    24.0512 0.0000e+00
 223.673617      1.193  38.954356    13.9777 -9.990e-29      1.183    32.2514    24.0685 0.0000e+00
 223.673623      0.986  38.982901    14.0287 -9.990e-29      0.978    32.2351    24.0454 0.0000e+00
 223.673628      0.813  38.961317    14.0880 -9.990e-29      0.806    32.1657    23.9796 0.0000e+00
 223.673634      0.687  38.942687    14.1402 -9.990e-29      0.681    32.1051    23.9221 -9.990e-29
 223.673640      0.612  38.919554    14.1591 -9.990e-29      0.607    32.0681    23.8897 -9.990e-29
 223.673646      0.588  38.898083 -9.990e-29 -9.990e-29      0.583 -9.990e-29 -9.990e-29 -9.990e-29
