data/oxygen options/ONMS/Olympic_Coast_National_Marine_Sanctuary_Hypoxia_Survey_CTD_Data_2004_2015/raw_data/2009/CTD_CE100_060109faed.cnv
* Sea-Bird SBE19 Data File:
* FileName = C:\2009_MOORING_DATA\CTD_CE100_060109.hex
* Software Version 1.59
* Temperature SN = 2997
* Conductivity SN = 2997
* System UpLoad Time = Jun 01 2009 15:39:38
**
**
# nquan = 9                                 
# nvalues = 1070                        
# units = specified
# name 0 = timeJ: Julian Days
# name 1 = prSM: Pressure, Strain Gauge [db]
# name 2 = c0mS/cm: Conductivity [mS/cm]
# name 3 = t090C: Temperature [ITS-90, deg C]
# name 4 = sbeox0ML/L: Oxygen, SBE 43 [ml/l]
# name 5 = depSM: Depth [salt water, m], lat = 47.5
# name 6 = sal00: Salinity, Practical [PSU]
# name 7 = sigma-é00: Density [sigma-theta, kg/m^3]
# name 8 = flag: flag
# span 0 = 152.482315, 152.488501       
# span 1 =     -5.608,    102.096       
# span 2 =   0.006114,  36.604292       
# span 3 =     6.7070,    13.8870       
# span 4 =    -1.6907,    23.3298       
# span 5 =     -5.561,    101.219       
# span 6 =     0.0092,    33.8807       
# span 7 =    -0.7313,    26.5773       
# span 8 = 0.0000e+00, 0.0000e+00       
# interval = seconds: 0.5
# start_time = Jun 01 2009 11:34:32 [Instrument's time stamp, header]
# bad_flag = -9.990e-29
*END*
[from data line 961]
 152.487876     30.177  33.339483     7.3452     5.4806     29.923    32.5225    25.4212 0.0000e+00
 152.487882     29.501  33.340316     7.3513     5.5750     29.253    32.5180    25.4168 0.0000e+00
 152.487888     28.820  33.341262     7.3648     5.6957     28.577    32.5066    25.4060 0.0000e+00
 152.487894     28.128  33.343582     7.3853     5.8011     27.891    32.4902    25.3903 0.0000e+00
 152.487899     27.422  33.348874     7.4140     5.8732     27.191    32.4694    25.3700 0.0000e+00
 152.487905     26.697  33.356914     7.4576     5.9160     26.472    32.4376    25.3389 0.0000e+00
 152.487911     25.965  33.367974     7.5247     5.9805     25.747    32.3872    25.2900 0.0000e+00
 152.487917     25.234  33.384485     7.6118     6.0649     25.022    32.3241    25.2283 0.0000e+00
 152.487922     24.508  33.406816     7.6964     6.1939     24.302    32.2699    25.1738 0.0000e+00
 152.487928     23.794  33.430033     7.7605     6.3246     23.594    32.2357    25.1380 0.0000e+00
 152.487934     23.093  33.449270     7.8045     6.4355     22.899    32.2159    25.1162 0.0000e+00
 152.487940     22.398  33.466113     7.8417     6.5719     22.210    32.1999    25.0983 0.0000e+00
 152.487946     21.701  33.494070     7.9156     6.6975     21.519    32.1619    25.0580 0.0000e+00
 152.487951     20.995  33.563145     8.0645     6.8148     20.819    32.0989    24.9872 0.0000e+00
 152.487957     20.282  33.674155     8.2482     6.8816     20.112    32.0487    24.9211 0.0000e+00
 152.487963     19.573  33.780788     8.3986     6.9076     19.409    32.0244    24.8800 0.0000e+00
 152.487969     18.874  33.857237     8.5030     6.9067     18.716    32.0102    24.8534 0.0000e+00
 152.487975     18.175  33.915864     8.5988     6.9038     18.023    31.9851    24.8194 0.0000e+00
 152.487980     17.466  33.986696     8.7381     6.9258     17.319    31.9335    24.7580 0.0000e+00
 152.487986     16.748  34.099782     8.9188     6.9648     16.608    31.8889    24.6956 0.0000e+00
 152.487992     16.028  34.230047     9.0756     7.0260     15.894    31.8835    24.6672 0.0000e+00
 152.487998     15.306  34.323242     9.1746     7.1207     15.178    31.8915    24.6581 0.0000e+00
 152.488003     14.580  34.375963     9.2306     7.2614     14.458    31.8960    24.6529 0.0000e+00
 152.488009     13.851  34.407003     9.2660     7.4198     13.735    31.8967    24.6479 0.0000e+00
 152.488015     13.119  34.428639     9.2988     7.6127     13.009    31.8900    24.6374 0.0000e+00
 152.488021     12.385  34.451243     9.3380     7.8722     12.281    31.8786    24.6223 0.0000e+00
 152.488027     11.654  34.477513     9.3857     8.1937     11.556    31.8633    24.6029 0.0000e+00
 152.488032     10.926  34.509438     9.4373     8.4851     10.835    31.8505    24.5847 0.0000e+00
 152.488038     10.202  34.540863     9.4876     8.6357     10.117    31.8382    24.5671 0.0000e+00
 152.488044      9.487  34.564406     9.5393     8.6235      9.408    31.8167    24.5421 0.0000e+00
 152.488050      8.783  34.586264     9.5989     8.5776      8.710    31.7865    24.5090 0.0000e+00
 152.488056      8.089  34.617108     9.6718     8.5565      8.021    31.7538    24.4717 0.0000e+00
 152.488061      7.406  34.657743     9.7628     8.6367      7.344    31.7151    24.4268 0.0000e+00
 152.488067      6.744  34.703543     9.8667     8.7866      6.688    31.6705    24.3751 0.0000e+00
 152.488073      6.102  34.747811     9.9593     9.0456      6.051    31.6343    24.3318 0.0000e+00
 152.488079      5.479  34.793014    10.0270     9.3369      5.433    31.6210    24.3103 0.0000e+00
 152.488084      4.881  34.842309    10.1036     9.5341      4.840    31.6040    24.2844 0.0000e+00
 152.488090      4.311  34.900382    10.2500     9.6044      4.275    31.5351    24.2064 0.0000e+00
 152.488096      3.760  35.009385    10.4772     9.5564      3.729    31.4475    24.1001 0.0000e+00
 152.488102      3.237  35.187501    10.7164     9.5141      3.210    31.4188    24.0371 0.0000e+00
 152.488108      2.765  35.381503    10.8942     9.5123      2.742    31.4582    24.0373 0.0000e+00
 152.488113      2.364  35.540874    10.9932     9.5374      2.344    31.5306    24.0764 0.0000e+00
 152.488119      2.040  35.647904    11.0478     9.5627      2.023    31.5892    24.1125 0.0000e+00
 152.488125      1.784  35.715358    11.0853     9.5943      1.769    31.6235    24.1325 0.0000e+00
 152.488131      1.584  35.754749    11.1137     9.6070      1.571    31.6379    24.1387 0.0000e+00
 152.488137      1.429  35.757538    11.1587     9.6354      1.417    31.6020    24.1029 -9.990e-29
 152.488142      1.307  35.764426    11.2356     9.6210      1.296    31.5429    24.0434 -9.990e-29
 152.488148      1.211  35.838383    11.3471     9.5598      1.201    31.5200    24.0059 -9.990e-29
 152.488154      1.136  35.969332    11.4713     9.5254      1.127    31.5418    24.0007 -9.990e-29
 152.488160      1.071  36.074719    11.5623     9.4906      1.062    31.5669    24.0038 -9.990e-29
 152.488166      1.009  36.112428    11.6116     9.4637      1.001    31.5615    23.9908 -9.990e-29
 152.488171      0.950  36.124360    11.6432     9.4341      0.942    31.5463    23.9732 -9.990e-29
 152.488177      0.899  36.155013    11.6813     9.4057      0.891    31.5436    23.9643 -9.990e-29
 152.488183      0.861  36.212206    11.7310     9.3305      0.854    31.5568    23.9655 -9.990e-29
 152.488189      0.834  36.268545    11.7683     9.2941      0.827    31.5797    23.9765 -9.990e-29
 152.488194      0.807  36.287094    11.7752     9.3330      0.800    31.5918    23.9846 -9.990e-29
 152.488200      0.775  36.266261    11.7542     9.3466      0.769    31.5895    23.9866 -9.990e-29
 152.488206      0.735  36.232626    11.7084     9.4018      0.729    31.5959    23.9999 -9.990e-29
 152.488212      0.689  36.199614    11.6524     9.3412      0.683    31.6116    24.0222 -9.990e-29
 152.488218      0.642  36.158505    11.6032     9.1802      0.637    31.6136    24.0327 -9.990e-29
 152.488223      0.601  36.116671    11.5595     8.9350      0.596    31.6102    24.0380 -9.990e-29
 152.488229      0.572  36.098444    11.5332     8.6818      0.567    31.6150    24.0464 -9.990e-29
 152.488235      0.552  36.116496    11.5472     8.5652      0.547    31.6206    24.0482 -9.990e-29
 152.488241      0.531  36.173597    11.5679     8.5040      0.527    31.6585    24.0739 -9.990e-29
 152.488247      0.505  36.211963    11.5385     8.5350      0.501    31.7210    24.1277 -9.990e-29
 152.488252      0.475  36.180217    11.4688     8.5231      0.471    31.7498    24.1627 -9.990e-29
 152.488258      0.448  36.116726    11.4062     8.4614      0.444    31.7416    24.1675 -9.990e-29
 152.488264      0.432  36.057854    11.3917     8.3593      0.428    31.6965    24.1351 -9.990e-29
 152.488270      0.429  36.034346    11.4325     8.2522      0.425    31.6386    24.0828 -9.990e-29
 152.488275      0.430  36.071991    11.4730     8.3150      0.426    31.6407    24.0772 -9.990e-29
 152.488281      0.424  36.123491    11.4678     8.5204      0.420    31.6954    24.1206 -9.990e-29
 152.488287      0.404  36.118012    11.4372     8.6414      0.401    31.7163    24.1423 -9.990e-29
 152.488293      0.375  36.065068    11.4135     8.3174      0.372    31.6849    24.1222 -9.990e-29
 152.488299      0.343  36.021812    11.4024     7.5231      0.340    31.6522    24.0987 -9.990e-29
 152.488304      0.310  36.002276    11.3924     6.5499      0.307    31.6417    24.0924 -9.990e-29
 152.488310      0.278  35.979850    11.3747     5.7211      0.276    31.6350    24.0903 -9.990e-29
 152.488316      0.254  35.956006    11.3565     5.2134      0.252    31.6273    24.0875 -9.990e-29
 152.488322      0.241  35.962262    11.3439     4.9661      0.239    31.6442    24.1029 -9.990e-29
 152.488328      0.242  35.987349    11.3250     4.8842      0.240    31.6849    24.1380 -9.990e-29
 152.488333      0.257  35.999158    11.2851     4.8761      0.255    31.7308    24.1807 -9.990e-29
 152.488339      0.278  35.990463    11.2341     4.9163      0.276    31.7662    24.2172 -9.990e-29
 152.488345      0.304  35.961437    11.1986     4.9495      0.301    31.7683    24.2252 -9.990e-29
 152.488351      0.330  35.914270    11.1899     4.9883      0.327    31.7295    24.1965 -9.990e-29
 152.488356      0.354  35.868422    11.2072     5.0198      0.351    31.6696    24.1469 -9.990e-29
 152.488362      0.379  35.846794    11.2496     5.0590      0.376    31.6120    24.0946 -9.990e-29
 152.488368      0.400  35.848000    11.2933     5.6554      0.397    31.5757    24.0587 -9.990e-29
 152.488374      0.411  35.855162    11.3053     6.0699      0.408    31.5724    24.0540 -9.990e-29
 152.488380      0.414  35.862711    11.2988     6.1242      0.411    31.5854    24.0652 -9.990e-29
 152.488385      0.415  35.870079    11.3057     6.0833      0.412    31.5867    24.0650 -9.990e-29
 152.488391      0.416  35.868043    11.3291     5.7172      0.413    31.5647    24.0438 -9.990e-29
 152.488397      0.408  35.849400    11.3469     6.1239      0.405    31.5312    24.0146 -9.990e-29
 152.488403      0.386  35.794897    11.3432     6.1368      0.383    31.4811    23.9764 -9.990e-29
 152.488409      0.354  35.621223    11.3327     6.1524      0.351    31.3204    23.8534 -9.990e-29
 152.488414      0.317  35.082250    11.3211     6.1579      0.314    30.8044    23.4545 -9.990e-29
 152.488420      0.277  33.464950    11.2981     6.1795      0.275    29.2519    22.2528 -9.990e-29
 152.488426      0.237  28.616842    11.2705     6.1843      0.235    24.6267    18.6692 -9.990e-29
 152.488432      0.202  19.935570    11.2480     6.1911      0.200    16.5818    12.4424 -9.990e-29
 152.488438      0.174  11.772850    11.2210     6.2035      0.173     9.3685     6.8639 -9.990e-29
 152.488443      0.152   7.960970    11.1769     6.2024      0.151     6.1540     4.3790 -9.990e-29
 152.488449      0.134   8.233521    11.1288 -9.990e-29      0.133     6.3890     4.5669 -9.990e-29
 152.488455      0.119   8.891621    11.1011 -9.990e-29      0.118     6.9448     5.0011 -9.990e-29
 152.488461      0.107   6.943790    11.0955 -9.990e-29      0.106     5.3262     3.7464 -9.990e-29
 152.488466      0.095   4.587045    11.0992 -9.990e-29      0.094     3.4193     2.2649 -9.990e-29
 152.488472      0.084   3.486901    11.1048 -9.990e-29      0.083     2.5539     1.5911 -9.990e-29
 152.488478      0.072   2.851843    11.1109 -9.990e-29      0.071     2.0633     1.2084 -9.990e-29
 152.488484      0.064   2.407593    11.1173 -9.990e-29      0.063     1.7247     0.9438 -9.990e-29
 152.488490      0.064   2.069213    11.1230 -9.990e-29      0.063     1.4697     0.7443 -9.990e-29
 152.488495      0.065   1.819017    11.1254 -9.990e-29      0.064     1.2831     0.5984 -9.990e-29
 152.488501      0.066   1.657494 -9.990e-29 -9.990e-29      0.065 -9.990e-29 -9.990e-29 -9.990e-29
