data/oxygen options/ONMS/Olympic_Coast_National_Marine_Sanctuary_Hypoxia_Survey_CTD_Data_2004_2015/raw_data/2009/CTD_CA100_072809faed.cnv
* Sea-Bird SBE19 Data File:
* FileName = C:\2009_MOORING_DATA\072809_DATA\CTD_CA100_072809.hex
* Software Version 1.24
* Temperature SN = 2997
* Conductivity SN = 2997
* System UpLoad Time = Jul 28 2009 17:29:39
* SEACAT PROFILER V3.1c SN 2997   07/28/09  17:28:44.575
* strain gauge pressure sensor: S/N = 184829,  range = 3000 psia,  tc = 40
# nquan = 9                                 
# nvalues = 981                         
# units = specified
# name 0 = timeJ: Julian Days
# name 1 = prSM: Pressure, Strain Gauge [db]
# name 2 = c0mS/cm: Conductivity [mS/cm]
# name 3 = t090C: Temperature [ITS-90, deg C]
# name 4 = sbeox0ML/L: Oxygen, SBE 43 [ml/l]
# name 5 = depSM: Depth [salt water, m], lat = 47.5
# name 6 = sal00: Salinity, Practical [PSU]
# name 7 = sigma-é00: Density [sigma-theta, kg/m^3]
# name 8 = flag: flag
# span 0 = 209.420417, 209.426088       
# span 1 =     -5.978,     94.627       
# span 2 =   0.018724,  39.218425       
# span 3 =     7.0626,    18.8365       
# span 4 =    -1.5285,    16.4019       
# span 5 =     -5.928,     93.816       
# span 6 =     0.0162,    33.8652       
# span 7 =    -1.5221,    26.4948       
# span 8 = 0.0000e+00, 0.0000e+00       
# interval = seconds: 0.5
# start_time = Jul 28 2009 10:05:24 [Instrument's time stamp, header]
# bad_flag = -9.990e-29
*END*
[from data line 161]
 209.421348     -2.564   0.088492    18.7107    -1.5238     -2.543     0.0508    -1.4984 -9.990e-29
 209.421354     -2.551   0.088106    18.6810    -1.5248     -2.530     0.0506    -1.4928 -9.990e-29
 209.421360     -2.543   0.087586    18.6557    -1.5262     -2.522     0.0504    -1.4881 -9.990e-29
 209.421366     -2.535   0.087348    18.6309    -1.5272     -2.514     0.0503    -1.4834 -9.990e-29
 209.421372     -2.523   0.087627    18.6053    -1.5285     -2.502     0.0504    -1.4784 -9.990e-29
 209.421377     -2.509   0.088793    18.5804    -1.5232     -2.488     0.0511    -1.4732 -9.990e-29
 209.421383     -2.498   0.090733    18.5574    -1.3147     -2.477     0.0521    -1.4680 -9.990e-29
 209.421389     -2.484   0.092707    18.5352    -1.3414     -2.463     0.0531    -1.4629 -9.990e-29
 209.421395     -2.463   0.095684    18.5098    -1.3463     -2.442     0.0547    -1.4569 -9.990e-29
 209.421400     -2.432   0.103077    18.4773    -1.3478     -2.412     0.0586    -1.4477 -9.990e-29
 209.421406     -2.390   0.120861    18.4333    -1.3494     -2.370     0.0680    -1.4321 -9.990e-29
 209.421412     -2.334   0.164985    18.3728    -1.3498     -2.315     0.0918    -1.4024 -9.990e-29
 209.421418     -2.261   0.284300    18.2764    -1.3493     -2.242     0.1576    -1.3336 -9.990e-29
 209.421424     -2.170   0.626802    18.0733    -1.3475     -2.152     0.3547    -1.1442 -9.990e-29
 209.421429     -2.065   1.641951    17.5490    -1.3481     -2.048     0.9789    -0.5688 -9.990e-29
 209.421435     -1.942   4.680507    16.5904    -1.3484     -1.926     3.0326     1.1753 -9.990e-29
 209.421441     -1.794  13.394535    15.5812    -1.3474     -1.779     9.6144     6.3866 -9.990e-29
 209.421447     -1.619  26.156207    14.9477    -1.3461     -1.605    20.2556    14.6486 -9.990e-29
 209.421453     -1.430  34.624325    14.6575    -1.3458     -1.418    27.8023    20.5010 -9.990e-29
 209.421458     -1.234  37.496466    14.5280    -1.3458     -1.224    30.4747    22.5848 -9.990e-29
 209.421464     -1.036  38.471322    14.4738    -1.3458     -1.027    31.4012    23.3100 -9.990e-29
 209.421470     -0.841  38.798122    14.4609    -1.3460     -0.834    31.7088    23.5498 -9.990e-29
 209.421476     -0.662  38.928749    14.4714    -1.3462     -0.656    31.8190    23.6326 -9.990e-29
 209.421481     -0.518  39.019889    14.4885    -1.3460     -0.514    31.8879    23.6821 -9.990e-29
 209.421487     -0.412  39.073545    14.5105    -1.3460     -0.409    31.9186    23.7012 -9.990e-29
 209.421493     -0.338  39.070898    14.5380    -1.3464     -0.335    31.8935    23.6761 -9.990e-29
 209.421499     -0.286  39.051498    14.5576    -1.3469     -0.284    31.8597    23.6460 -9.990e-29
 209.421505     -0.245  39.064512    14.5612    -1.3471     -0.243    31.8686    23.6520 -9.990e-29
 209.421510     -0.209  39.110946    14.5546    -1.3462     -0.207    31.9162    23.6901 -9.990e-29
 209.421516     -0.173  39.161792    14.5499    -1.3460     -0.172    31.9663    23.7297 -9.990e-29
 209.421522     -0.142  39.199524    14.5568    -1.3476     -0.141    31.9949    23.7503 -9.990e-29
 209.421528     -0.117  39.212118    14.5744    -1.3480     -0.116    31.9918    23.7443 -9.990e-29
 209.421534     -0.095  39.187673    14.5888    -1.3477     -0.094    31.9577    23.7150 -9.990e-29
 209.421539     -0.082  39.139475    14.5895    -1.3463     -0.081    31.9134    23.6806 -9.990e-29
 209.421545     -0.074  39.101846    14.5792    -1.3462     -0.073    31.8877    23.6630 -9.990e-29
 209.421551     -0.064  39.085635    14.5589    -1.3469     -0.063    31.8896    23.6687 -9.990e-29
 209.421557     -0.051  39.078662    14.5316    -1.3472     -0.051    31.9057    23.6869 -9.990e-29
 209.421562     -0.038  39.092837    14.5122    -1.3480     -0.038    31.9346    23.7132 -9.990e-29
 209.421568     -0.024  39.149763    14.5097    -1.3480     -0.024    31.9884    23.7552 -9.990e-29
 209.421574     -0.013  39.212540    14.5184    -1.3470     -0.013    32.0384    23.7919 -9.990e-29
 209.421580     -0.009  39.202732    14.5297    -1.3471     -0.009    32.0201    23.7755 -9.990e-29
 209.421586     -0.006  39.121180    14.5360    -1.3487     -0.006    31.9407    23.7130 -9.990e-29
 209.421591     -0.001  39.056416    14.5306    -1.3488     -0.001    31.8863    23.6721 -9.990e-29
 209.421597      0.008  39.067774    14.5141    -1.3474      0.008    31.9102    23.6940 -9.990e-29
 209.421603      0.020  39.135538    14.5006    -1.3470      0.020    31.9830    23.7529 -9.990e-29
 209.421609      0.032  39.193533    14.5020    -1.3477      0.032    32.0346    23.7925 -9.990e-29
 209.421615      0.040  39.194512    14.5097    -1.3484      0.040    32.0291    23.7866 -9.990e-29
 209.421620      0.050  39.141361    14.5092    -1.3486      0.050    31.9812    23.7497 -9.990e-29
 209.421626      0.066  39.081984    14.4979    -1.3479      0.065    31.9364    23.7176 -9.990e-29
 209.421632      0.085  39.078973    14.4823    -1.3474      0.084    31.9465    23.7287 -9.990e-29
 209.421638      0.104  39.122608    14.4689    -1.3469      0.103    31.9973    23.7706 -9.990e-29
 209.421644      0.123  39.137526    14.4611    -1.3472      0.122    32.0174    23.7877 -9.990e-29
 209.421649      0.141  39.117166    14.4607    -1.3491      0.140    31.9991    23.7737 -9.990e-29
 209.421655      0.149  39.129040    14.4690    -1.3486      0.148    32.0031    23.7751 -9.990e-29
 209.421661      0.149  39.174861    14.4835    -1.3477      0.148    32.0328    23.7950 -9.990e-29
 209.421667      0.148  39.179941    14.4962    -1.3477      0.147    32.0270    23.7878 -9.990e-29
 209.421672      0.151  39.119557    14.4996    -1.3485      0.150    31.9692    23.7425 -9.990e-29
 209.421678      0.158  39.050477    14.4932    -1.3500      0.157    31.9116    23.6994 -9.990e-29
 209.421684      0.166  39.036373    14.4848    -1.3509      0.165    31.9057    23.6966 -9.990e-29
 209.421690      0.170  39.084697    14.4832    -1.3499      0.169    31.9510    23.7319 -9.990e-29
 209.421696      0.175  39.145962    14.4878    -1.3498      0.174    32.0030    23.7710 -9.990e-29
 209.421701      0.186  39.164384    14.4910    -1.3496      0.184    32.0171    23.7813 -9.990e-29
 209.421707      0.202  39.113963    14.4890    -1.3502      0.200    31.9728    23.7475 -9.990e-29
 209.421713      0.222  39.045686    14.4854    -1.3510      0.220    31.9136    23.7027 -9.990e-29
 209.421719      0.238  39.039995    14.4850    -1.3513      0.236    31.9088    23.6990 -9.990e-29
 209.421725      0.246  39.071822    14.4854    -1.3508      0.244    31.9374    23.7210 -9.990e-29
 209.421730      0.251  39.058471    14.4771    -1.3507      0.249    31.9321    23.7186 -9.990e-29
 209.421736      0.263  38.980923    14.4594    -1.3507      0.261    31.8760    23.6791 -9.990e-29
 209.421742      0.281  38.896603    14.4444    -1.3519      0.279    31.8115    23.6325 -9.990e-29
 209.421748      0.299  38.877456    14.4383    -1.3529      0.297    31.7991    23.6242 -9.990e-29
 209.421753      0.314  38.915793    14.4362    -1.3526      0.311    31.8357    23.6529 -9.990e-29
 209.421759      0.326  38.946008    14.4314    -1.3522      0.323    31.8672    23.6782 -9.990e-29
 209.421765      0.336  38.940447    14.4208    -1.3522      0.333    31.8709    23.6832 -9.990e-29
 209.421771      0.344  38.908983    14.4039    -1.3526      0.341    31.8561    23.6753 -9.990e-29
 209.421777      0.352  38.879653    14.3858    -1.3532      0.349    31.8442    23.6699 -9.990e-29
 209.421782      0.359  38.890068    14.3774    -1.3536      0.356    31.8606    23.6844 -9.990e-29
 209.421788      0.367  38.931584    14.3770    -1.3543      0.364    31.8988    23.7139 -9.990e-29
 209.421794      0.376  38.947878    14.3722    -1.3545      0.373    31.9177    23.7294 -9.990e-29
 209.421800      0.385  38.911239    14.3587    -1.3545      0.382    31.8954    23.7150 -9.990e-29
 209.421806      0.397  38.846730    14.3409    -1.3540      0.394    31.8511    23.6846 -9.990e-29
 209.421811      0.407  38.811782    14.3267    -1.3541      0.404    31.8309    23.6720 -9.990e-29
 209.421817      0.407  38.835953    14.3187    -1.3539      0.404    31.8596    23.6957 -9.990e-29
 209.421823      0.398  38.875115    14.3129    -1.3541      0.395    31.9001    23.7282 -9.990e-29
 209.421829      0.392  38.881021    14.3064    -1.3547      0.389    31.9109    23.7379 -9.990e-29
 209.421834      0.396  38.853999    14.2970    -1.3550      0.393    31.8939    23.7267 -9.990e-29
 209.421840      0.407  38.813554    14.2864    -1.3557      0.404    31.8657    23.7072 -9.990e-29
 209.421846      0.422  38.774716    14.2775    -1.3553      0.418    31.8375    23.6873 -9.990e-29
 209.421852      0.440  38.745985    14.2656    -1.3548      0.436    31.8210    23.6770 -9.990e-29
 209.421858      0.460  38.737964    14.2515    -1.3550      0.456    31.8253    23.6832 -9.990e-29
 209.421863      0.473  38.765497    14.2462    -1.3566      0.469    31.8549    23.7071 -9.990e-29
 209.421869      0.477  38.812343    14.2510    -1.3561      0.473    31.8938    23.7362 -9.990e-29
 209.421875      0.476  38.834743    14.2513    -1.3553      0.472    31.9140    23.7517 -9.990e-29
 209.421881      0.478  38.819701    14.2362    -1.3553      0.474    31.9127    23.7538 -9.990e-29
 209.421887      0.483  38.792331    14.2113    -1.3554      0.479    31.9083    23.7555 -9.990e-29
 209.421892      0.484  38.782053    14.1887    -1.3550      0.480    31.9175    23.7674 -9.990e-29
 209.421898      0.480  38.792292    14.1791    -1.3551      0.476    31.9349    23.7827 -9.990e-29
 209.421904      0.475  38.813458    14.1852    -1.3561      0.471    31.9492    23.7925 -9.990e-29
 209.421910      0.470  38.835957    14.1965    -1.3565      0.466    31.9605    23.7989 -9.990e-29
 209.421916      0.467  38.827863    14.2059    -1.3568      0.463    31.9453    23.7852 -9.990e-29
 209.421921      0.471  38.769732    14.2130    -1.3559      0.467    31.8862    23.7381 -9.990e-29
 209.421927      0.483  38.700422    14.2136    -1.3563      0.479    31.8222    23.6887 -9.990e-29
 209.421933      0.498  38.683130    14.2114    12.4089      0.494    31.8082    23.6783 -9.990e-29
 209.421939      0.510  38.716418    14.2148    16.1663      0.506    31.8358    23.6989 -9.990e-29
 209.421944      0.514  38.744068    14.2235    16.4019      0.510    31.8540    23.7111 -9.990e-29
 209.421950      0.511  38.745510    14.2273    13.5848      0.507    31.8522    23.7090 -9.990e-29
 209.421956      0.505  38.726906    14.2211     7.3774      0.501    31.8402    23.7010 -9.990e-29
 209.421962      0.505  38.690675    14.2119     7.8086      0.501    31.8146    23.6832 -9.990e-29
 209.421968      0.514  38.649370    14.2041     8.0883      0.510    31.7832    23.6606 -9.990e-29
 209.421973      0.529  38.622786    14.1974     8.0274      0.525    31.7644    23.6474 -9.990e-29
 209.421979      0.541  38.627364    14.1931     7.8335      0.536    31.7721    23.6543 -9.990e-29
 209.421985      0.549  38.643166    14.1930     7.6886      0.544    31.7867    23.6655 -9.990e-29
 209.421991      0.552  38.615333    14.1972     7.5869      0.547    31.7577    23.6423 -9.990e-29
 209.421997      0.554  38.549106    14.2004     7.5055      0.549    31.6945    23.5929 -9.990e-29
 209.422002      0.564  38.498321    14.1958     7.4653      0.559    31.6518    23.5609 -9.990e-29
 209.422008      0.584  38.466771    14.1842     7.4247      0.579    31.6324    23.5483 -9.990e-29
 209.422014      0.605  38.440166    14.1724     7.4025      0.600    31.6177    23.5394 -9.990e-29
 209.422020      0.621  38.423141    14.1663     7.4014      0.616    31.6071    23.5325 -9.990e-29
 209.422025      0.628  38.415164    14.1662     7.3674      0.623    31.5999    23.5269 -9.990e-29
 209.422031      0.631  38.414872    14.1697     7.3382      0.626    31.5967    23.5238 -9.990e-29
 209.422037      0.634  38.420504    14.1741     7.3079      0.629    31.5983    23.5241 -9.990e-29
 209.422043      0.638  38.424745    14.1766     7.2949      0.633    31.6001    23.5250 -9.990e-29
 209.422049      0.642  38.424593    14.1781     7.2921      0.637    31.5987    23.5236 -9.990e-29
 209.422054      0.648  38.424637    14.1814     7.2846      0.643    31.5961    23.5209 -9.990e-29
 209.422060      0.655  38.426929    14.1850     7.2746      0.650    31.5952    23.5195 -9.990e-29
 209.422066      0.664  38.424183    14.1841     7.2696      0.658    31.5934    23.5183 -9.990e-29
 209.422072      0.676  38.412487    14.1790     7.2575      0.670    31.5869    23.5143 -9.990e-29
 209.422078      0.690  38.402901    14.1744     7.2514      0.684    31.5819    23.5114 -9.990e-29
 209.422083      0.709  38.403134    14.1737     7.2684      0.703    31.5827    23.5121 -9.990e-29
 209.422089      0.729  38.406517    14.1769     7.2857      0.723    31.5831    23.5118 -9.990e-29
 209.422095      0.743  38.408337    14.1843     7.2663      0.737    31.5788    23.5069 -9.990e-29
 209.422101      0.747  38.411892    14.1976     7.2576      0.741    31.5711    23.4983 -9.990e-29
 209.422106      0.746  38.419990    14.2100     7.2443      0.740    31.5684    23.4936 -9.990e-29
 209.422112      0.749  38.429164    14.2107     7.2489      0.743    31.5762    23.4995 -9.990e-29
 209.422118      0.759  38.427298    14.2020     7.2739      0.753    31.5816    23.5055 -9.990e-29
 209.422124      0.773  38.415581    14.1939     7.2847      0.767    31.5775    23.5040 -9.990e-29
 209.422130      0.784  38.412888    14.1910     7.2807      0.777    31.5774    23.5045 -9.990e-29
 209.422135      0.788  38.418738    14.1928     7.2554      0.781    31.5813    23.5071 -9.990e-29
 209.422141      0.785  38.422181    14.1963     7.2645      0.778    31.5816    23.5066 -9.990e-29
 209.422147      0.775  38.424752    14.1999     7.2847      0.769    31.5810    23.5054 -9.990e-29
 209.422153      0.757  38.427950    14.2076     7.3018      0.751    31.5776    23.5013 -9.990e-29
 209.422159      0.735  38.432426    14.2230     7.3121      0.729    31.5691    23.4915 -9.990e-29
 209.422164      0.716  38.442775    14.2374     7.2740      0.710    31.5668    23.4868 -9.990e-29
 209.422170      0.706  38.453490    14.2393     7.2439      0.700    31.5751    23.4928 -9.990e-29
 209.422176      0.711  38.452829    14.2291     7.2362      0.705    31.5828    23.5008 -9.990e-29
 209.422182      0.725  38.441348    14.2162     7.2393      0.719    31.5829    23.5035 -9.990e-29
 209.422188      0.741  38.430948    14.2100     7.2478      0.735    31.5784    23.5014 -9.990e-29
 209.422193      0.751  38.431609    14.2130     7.2391      0.745    31.5766    23.4993 -9.990e-29
 209.422199      0.752  38.437792    14.2213     7.2407      0.746    31.5754    23.4967 -9.990e-29
 209.422205      0.749  38.441795    14.2318     7.2433      0.743    31.5705    23.4908 -9.990e-29
 209.422211      0.749  38.447587    14.2421     7.2501      0.743    31.5674    23.4862 -9.990e-29
 209.422216      0.757  38.457597    14.2513     7.2716      0.751    31.5690    23.4856 -9.990e-29
 209.422222      0.773  38.468110    14.2595     7.2728      0.767    31.5719    23.4861 -9.990e-29
 209.422228      0.794  38.472717    14.2647     7.2915      0.787    31.5719    23.4850 -9.990e-29
 209.422234      0.814  38.470027    14.2672     7.3167      0.807    31.5674    23.4810 -9.990e-29
 209.422240      0.824  38.467971    14.2698     7.3129      0.817    31.5633    23.4774 -9.990e-29
 209.422245      0.821  38.471966    14.2747     7.3209      0.814    31.5630    23.4761 -9.990e-29
 209.422251      0.808  38.480362    14.2815     7.2966      0.801    31.5651    23.4764 -9.990e-29
 209.422257      0.795  38.488410    14.2882     7.2867      0.788    31.5670    23.4764 -9.990e-29
 209.422263      0.788  38.492584    14.2940     7.2971      0.781    31.5661    23.4745 -9.990e-29
