data/oxygen options/ONMS/Olympic_Coast_National_Marine_Sanctuary_Hypoxia_Survey_CTD_Data_2004_2015/raw_data/2009/CTD_TH065_081209faed.cnv
* Sea-Bird SBE19 Data File:
* FileName = C:\2009_MOORING_DATA\081109_DATA\CTD_TH065_081209.hex
* Software Version 1.24
* Temperature SN = 2997
* Conductivity SN = 2997
* System UpLoad Time = Aug 12 2009 15:03:40
* SEACAT PROFILER V3.1c SN 2997   08/12/09  15:02:55.823
* strain gauge pressure sensor: S/N = 184829,  range = 3000 psia,  tc = 40
# nquan = 9                                 
# nvalues = 917                         
# units = specified
# name 0 = timeJ: Julian Days
# name 1 = prSM: Pressure, Strain Gauge [db]
# name 2 = c0mS/cm: Conductivity [mS/cm]
# name 3 = t090C: Temperature [ITS-90, deg C]
# name 4 = sbeox0ML/L: Oxygen, SBE 43 [ml/l]
# name 5 = depSM: Depth [salt water, m], lat = 47.5
# name 6 = sal00: Salinity, Practical [PSU]
# name 7 = sigma-é00: Density [sigma-theta, kg/m^3]
# name 8 = flag: flag
# span 0 = 224.607407, 224.612708       
# span 1 =     -5.966,     67.039       
# span 2 =   0.122831,  40.098185       
# span 3 =     7.1699,    15.9855       
# span 4 =    -1.6023,    17.7745       
# span 5 =     -5.916,     66.469       
# span 6 =     0.0726,    33.7524       
# span 7 =    -0.9971,    26.4135       
# span 8 = 0.0000e+00, 0.0000e+00       
# interval = seconds: 0.5
# start_time = Aug 12 2009 14:34:40 [Instrument's time stamp, header]
# bad_flag = -9.990e-29
*END*
[from data line 801]
 224.612043     51.105  34.301785     7.1801     0.8970     50.672    33.7165    26.3836 0.0000e+00
 224.612049     50.429  34.300928     7.1807     0.8834     50.002    33.7153    26.3826 0.0000e+00
 224.612054     49.729  34.299957     7.1809     0.8918     49.308    33.7144    26.3819 0.0000e+00
 224.612060     49.017  34.299293     7.1809     0.9077     48.602    33.7140    26.3816 0.0000e+00
 224.612066     48.302  34.298643     7.1811     0.9041     47.893    33.7135    26.3811 0.0000e+00
 224.612072     47.601  34.297735     7.1814     0.9040     47.198    33.7125    26.3803 0.0000e+00
 224.612078     46.918  34.296513     7.1818     0.9050     46.521    33.7111    26.3791 0.0000e+00
 224.612083     46.255  34.293944     7.1825     0.9132     45.864    33.7080    26.3765 0.0000e+00
 224.612089     45.610  34.291677     7.1835     0.9290     45.224    33.7048    26.3739 0.0000e+00
 224.612095     44.983  34.292884     7.1847     0.9202     44.603    33.7053    26.3741 0.0000e+00
 224.612101     44.366  34.295848     7.1863     0.9270     43.991    33.7072    26.3754 0.0000e+00
 224.612106     43.757  34.297830     7.1881     0.9490     43.387    33.7079    26.3757 0.0000e+00
 224.612112     43.149  34.298701     7.1904     0.9874     42.784    33.7069    26.3746 0.0000e+00
 224.612118     42.542  34.299657     7.1929     1.0310     42.183    33.7058    26.3734 0.0000e+00
 224.612124     41.938  34.300886     7.1952     1.0828     41.584    33.7052    26.3726 0.0000e+00
 224.612130     41.322  34.301818     7.1982     1.1855     40.973    33.7036    26.3709 0.0000e+00
 224.612135     40.678  34.303730     7.2032     1.3236     40.335    33.7011    26.3682 0.0000e+00
 224.612141     40.002  34.307520     7.2104     1.4614     39.664    33.6986    26.3652 0.0000e+00
 224.612147     39.308  34.312674     7.2207     1.5693     38.976    33.6945    26.3605 0.0000e+00
 224.612153     38.607  34.319935     7.2371     1.5976     38.281    33.6867    26.3522 0.0000e+00
 224.612159     37.901  34.330615     7.2588     1.6240     37.581    33.6776    26.3419 0.0000e+00
 224.612164     37.190  34.346663     7.2774     1.6242     36.876    33.6773    26.3391 0.0000e+00
 224.612170     36.473  34.362619     7.2876     1.6529     36.165    33.6851    26.3438 0.0000e+00
 224.612176     35.767  34.367858     7.2915     1.7480     35.465    33.6873    26.3450 0.0000e+00
 224.612182     35.085  34.366043     7.2921     1.8498     34.789    33.6851    26.3432 0.0000e+00
 224.612188     34.427  34.364312     7.2919     1.9726     34.137    33.6837    26.3421 0.0000e+00
 224.612193     33.786  34.363193     7.2942     2.0630     33.501    33.6806    26.3393 0.0000e+00
 224.612199     33.151  34.364029     7.3017     2.1422     32.872    33.6745    26.3334 0.0000e+00
 224.612205     32.516  34.367967     7.3155     2.2394     32.242    33.6656    26.3245 0.0000e+00
 224.612211     31.882  34.372447     7.3329     2.3308     31.613    33.6539    26.3129 0.0000e+00
 224.612216     31.250  34.373390     7.3496     2.4213     30.987    33.6390    26.2988 0.0000e+00
 224.612222     30.612  34.370968     7.3640     2.4890     30.354    33.6226    26.2839 0.0000e+00
 224.612228     29.962  34.363109     7.3786     2.5375     29.710    33.6002    26.2643 0.0000e+00
 224.612234     29.298  34.347773     7.3938     2.5550     29.051    33.5692    26.2377 0.0000e+00
 224.612240     28.624  34.329758     7.4067     2.5736     28.383    33.5375    26.2109 0.0000e+00
 224.612245     27.944  34.314774     7.4193     2.5855     27.709    33.5093    26.1870 0.0000e+00
 224.612251     27.255  34.305288     7.4380     2.6080     27.026    33.4813    26.1623 0.0000e+00
 224.612257     26.550  34.301574     7.4625     2.6386     26.327    33.4540    26.1374 0.0000e+00
 224.612263     25.832  34.303197     7.4847     2.6650     25.615    33.4347    26.1190 0.0000e+00
 224.612269     25.110  34.307875     7.4999     2.6976     24.899    33.4254    26.1096 0.0000e+00
 224.612274     24.396  34.312358     7.5126     2.7157     24.191    33.4184    26.1023 0.0000e+00
 224.612280     23.686  34.315379     7.5276     2.7268     23.487    33.4075    26.0916 0.0000e+00
 224.612286     22.973  34.318759     7.5444     2.7393     22.780    33.3954    26.0797 0.0000e+00
 224.612292     22.259  34.323678     7.5611     2.7538     22.072    33.3850    26.0691 0.0000e+00
 224.612297     21.555  34.329256     7.5759     2.7945     21.374    33.3771    26.0608 0.0000e+00
 224.612303     20.871  34.335108     7.5888     2.8042     20.696    33.3713    26.0545 0.0000e+00
 224.612309     20.203  34.341582     7.6073     2.7821     20.033    33.3609    26.0436 0.0000e+00
 224.612315     19.538  34.352839     7.6443     2.7231     19.374    33.3378    26.0202 0.0000e+00
 224.612321     18.872  34.376987     7.7033     2.6426     18.714    33.3076    25.9881 0.0000e+00
 224.612326     18.205  34.419892     7.7777     2.5980     18.052    33.2829    25.9580 0.0000e+00
 224.612332     17.539  34.484985     7.8721     2.6033     17.392    33.2630    25.9287 0.0000e+00
 224.612338     16.869  34.564943     8.0003     2.6890     16.728    33.2268    25.8816 0.0000e+00
 224.612344     16.191  34.649294     8.1479     2.8891     16.055    33.1771    25.8209 0.0000e+00
 224.612350     15.510  34.739022     8.2731     3.1850     15.380    33.1543    25.7844 0.0000e+00
 224.612355     14.832  34.823801     8.3625     3.5051     14.708    33.1601    25.7756 0.0000e+00
 224.612361     14.159  34.897354     8.4598     3.8658     14.040    33.1465    25.7503 0.0000e+00
 224.612367     13.482  34.996703     8.6651     4.2082     13.369    33.0588    25.6503 0.0000e+00
 224.612373     12.800  35.180363     9.0515     4.6180     12.693    32.8916    25.4596 0.0000e+00
 224.612378     12.121  35.474128     9.5393     5.0991     12.019    32.7469    25.2688 0.0000e+00
 224.612384     11.453  35.837674     9.9444     5.6195     11.357    32.7496    25.2045 0.0000e+00
 224.612390     10.806  36.158420    10.1828     6.0733     10.716    32.8586    25.2497 0.0000e+00
 224.612396     10.185  36.359189    10.3694     6.3643     10.100    32.8922    25.2443 0.0000e+00
 224.612402      9.594  36.505432    10.6914     6.5580      9.514    32.7489    25.0772 0.0000e+00
 224.612407      9.043  36.746770    11.1549     6.6427      8.967    32.5755    24.8608 0.0000e+00
 224.612413      8.547  37.104004    11.5854     6.6517      8.475    32.5465    24.7607 0.0000e+00
 224.612419      8.122  37.404420    11.9055     6.6224      8.054    32.5582    24.7109 0.0000e+00
 224.612425      7.775  37.631080    12.1426     6.5836      7.710    32.5703    24.6761 0.0000e+00
 224.612431      7.502  37.881667    12.3117     6.5572      7.439    32.6641    24.7168 0.0000e+00
 224.612436      7.284  38.086152    12.4347     6.5976      7.223    32.7529    24.7623 0.0000e+00
 224.612442      7.105  38.193750    12.5512     6.6957      7.046    32.7544    24.7411 0.0000e+00
 224.612448      6.957  38.266098    12.6800     6.8297      6.899    32.7114    24.6830 0.0000e+00
 224.612454      6.830  38.346413    12.7882     6.9380      6.773    32.6940    24.6485 0.0000e+00
 224.612459      6.703  38.406683    12.8614     7.0253      6.647    32.6879    24.6295 0.0000e+00
 224.612465      6.556  38.437589    12.9351     7.0584      6.501    32.6535    24.5885 0.0000e+00
 224.612471      6.384  38.484843    13.0292     7.0756      6.331    32.6172    24.5419 0.0000e+00
 224.612477      6.201  38.555390    13.1362     7.0988      6.149    32.5918    24.5011 0.0000e+00
 224.612483      6.026  38.641826    13.2393     7.1332      5.976    32.5847    24.4752 0.0000e+00
 224.612488      5.868  38.741674    13.3247     7.1776      5.819    32.6053    24.4741 0.0000e+00
 224.612494      5.731  38.817638    13.3850     7.2056      5.683    32.6248    24.4772 -9.990e-29
 224.612500      5.607  38.844870    13.4146     7.2166      5.560    32.6250    24.4715 -9.990e-29
 224.612506      5.477  38.843435    13.4311     7.2119      5.431    32.6096    24.4562 0.0000e+00
 224.612512      5.340  38.853482    13.4615     7.2192      5.295    32.5931    24.4373 0.0000e+00
 224.612517      5.203  38.892894    13.5080     7.2481      5.160    32.5902    24.4258 0.0000e+00
 224.612523      5.065  38.944694    13.5516     7.2491      5.023    32.6014    24.4256 0.0000e+00
 224.612529      4.919  38.978709    13.5779     7.3138      4.878    32.6108    24.4275 0.0000e+00
 224.612535      4.754  38.989280    13.5946     7.4053      4.714    32.6064    24.4208 0.0000e+00
 224.612541      4.565  38.998919    13.6179     7.5308      4.527    32.5956    24.4077 0.0000e+00
 224.612546      4.357  39.018803    13.6532     7.6946      4.321    32.5841    24.3917 0.0000e+00
 224.612552      4.146  39.052454    13.6943     7.8141      4.111    32.5805    24.3806 0.0000e+00
 224.612558      3.944  39.098208    13.7339     7.8675      3.911    32.5894    24.3794 0.0000e+00
 224.612564      3.748  39.144185    13.7723     7.9119      3.717    32.5995    24.3794 0.0000e+00
 224.612569      3.546  39.183288    13.8325     7.9932      3.516    32.5847    24.3556 0.0000e+00
 224.612575      3.327  39.242426    13.9320     8.0756      3.299    32.5551    24.3124 0.0000e+00
 224.612581      3.097  39.344943    14.0402     8.1087      3.071    32.5583    24.2926 0.0000e+00
 224.612587      2.869  39.446976    14.1266     8.0684      2.845    32.5793    24.2910 0.0000e+00
 224.612593      2.656  39.514687    14.1960     7.9754      2.634    32.5830    24.2794 0.0000e+00
 224.612598      2.452  39.569411    14.2646     7.9116      2.432    32.5755    24.2593 0.0000e+00
 224.612604      2.248  39.618515    14.3625     7.8823      2.229    32.5381    24.2100 0.0000e+00
 224.612610      2.041  39.668603    14.5204     7.8614      2.024    32.4515    24.1100 0.0000e+00
 224.612616      1.829  39.762913    14.7101     7.8060      1.814    32.3790    24.0141 0.0000e+00
 224.612622      1.621  39.885891    14.8628     7.6460      1.607    32.3635    23.9696 0.0000e+00
 224.612627      1.425  39.969372    14.9522     7.4599      1.413    32.3649    23.9515 0.0000e+00
 224.612633      1.237  40.000771    14.9985     7.3528      1.227    32.3549    23.9339 0.0000e+00
 224.612639      1.049  40.012450    15.0323     8.5383      1.040    32.3375    23.9132 0.0000e+00
 224.612645      0.867  40.032892    15.0728     8.4736      0.860    32.3225    23.8929 0.0000e+00
 224.612650      0.700  40.066928    15.1083     7.7598      0.694    32.3239    23.8863 0.0000e+00
 224.612656      0.551  40.093768    15.1102 -9.990e-29      0.546    32.3465    23.9033 0.0000e+00
 224.612662      0.418  40.079668    15.0663 -9.990e-29      0.415    32.3702    23.9310 -9.990e-29
 224.612668      0.306  40.015372    14.9922 -9.990e-29      0.303    32.3737    23.9496 -9.990e-29
 224.612674      0.221  39.887499    14.9129 -9.990e-29      0.219    32.3240    23.9284 -9.990e-29
 224.612679      0.162  39.583868    14.8415 -9.990e-29      0.161    32.1086    23.7777 -9.990e-29
 224.612685      0.120  38.760749    14.7782 -9.990e-29      0.119    31.4168    23.2582 -9.990e-29
 224.612691      0.085  36.395222    14.7190 -9.990e-29      0.084    29.3370    21.6693 -9.990e-29
 224.612697      0.054  29.395485    14.6665 -9.990e-29      0.054    23.1964    16.9594 -9.990e-29
 224.612703      0.034  18.509119    14.6431 -9.990e-29      0.034    13.9872     9.9000 -9.990e-29
 224.612708      0.027  10.811689 -9.990e-29 -9.990e-29      0.027 -9.990e-29 -9.990e-29 -9.990e-29
