data/oxygen options/ONMS/Olympic_Coast_National_Marine_Sanctuary_Hypoxia_Survey_CTD_Data_2004_2015/raw_data/2009/CTD_RR065_081109faed.cnv
* Sea-Bird SBE19 Data File:
* FileName = C:\2009_MOORING_DATA\081109\CTD_RR065_081109.hex
* Software Version 1.24
* Temperature SN = 2997
* Conductivity SN = 2997
* System UpLoad Time = Aug 11 2009 16:35:09
* SEACAT PROFILER V3.1c SN 2997   08/11/09  16:34:32.361
* strain gauge pressure sensor: S/N = 184829,  range = 3000 psia,  tc = 40
# nquan = 9                                 
# nvalues = 811                         
# units = specified
# name 0 = timeJ: Julian Days
# name 1 = prSM: Pressure, Strain Gauge [db]
# name 2 = c0mS/cm: Conductivity [mS/cm]
# name 3 = t090C: Temperature [ITS-90, deg C]
# name 4 = sbeox0ML/L: Oxygen, SBE 43 [ml/l]
# name 5 = depSM: Depth [salt water, m], lat = 47.5
# name 6 = sal00: Salinity, Practical [PSU]
# name 7 = sigma-é00: Density [sigma-theta, kg/m^3]
# name 8 = flag: flag
# span 0 = 223.684734, 223.689421       
# span 1 =     -5.811,     66.328       
# span 2 =   0.300591,  39.708835       
# span 3 =     7.1035,    15.4787       
# span 4 =    -1.6114,    19.3312       
# span 5 =     -5.763,     65.764       
# span 6 =     0.1778,    33.7985       
# span 7 =    -0.8272,    26.4572       
# span 8 = 0.0000e+00, 0.0000e+00       
# interval = seconds: 0.5
# start_time = Aug 11 2009 16:26:01 [Instrument's time stamp, header]
# bad_flag = -9.990e-29
*END*
[from data line 481]
 223.687517      1.582  38.773986    13.8037     7.5541      1.569    32.2307    24.0880 -9.990e-29
 223.687523      1.590  38.752239    13.7958     7.5512      1.577    32.2171    24.0792 -9.990e-29
 223.687529      1.590  38.757526    13.8020     7.5827      1.577    32.2168    24.0777 -9.990e-29
 223.687535      1.587  38.768856    13.8107     7.6392      1.574    32.2200    24.0784 -9.990e-29
 223.687541      1.589  38.766018    13.8077     7.6671      1.576    32.2199    24.0789 -9.990e-29
 223.687546      1.601  38.750825    13.7863     7.6708      1.588    32.2238    24.0863 -9.990e-29
 223.687552      1.620  38.732121    13.7607     7.6478      1.606    32.2280    24.0947 -9.990e-29
 223.687558      1.634  38.716274    13.7520     7.6182      1.620    32.2206    24.0908 -9.990e-29
 223.687564      1.630  38.714576    13.7708     7.6209      1.616    32.2032    24.0735 -9.990e-29
 223.687569      1.609  38.735329    13.8097     7.6402      1.596    32.1898    24.0552 -9.990e-29
 223.687575      1.582  38.769123    13.8475     7.6563      1.569    32.1894    24.0472 -9.990e-29
 223.687581      1.560  38.794233    13.8669     7.6820      1.547    32.1963    24.0486 -9.990e-29
 223.687587      1.546  38.800904    13.8667     7.6924      1.533    32.2027    24.0536 -9.990e-29
 223.687593      1.544  38.799083    13.8509     7.7118      1.531    32.2142    24.0657 -9.990e-29
 223.687598      1.558  38.784027    13.8203     7.7167      1.545    32.2260    24.0810 -9.990e-29
 223.687604      1.579  38.751278    13.7857     7.6866      1.566    32.2247    24.0871 -9.990e-29
 223.687610      1.596  38.726048    13.7611     7.6556      1.583    32.2220    24.0900 -9.990e-29
 223.687616      1.607  38.716657    13.7503     7.5888      1.594    32.2224    24.0925 -9.990e-29
 223.687622      1.612  38.715542    13.7554     7.5559      1.599    32.2171    24.0873 -9.990e-29
 223.687627      1.611  38.725060    13.7782     7.5717      1.598    32.2068    24.0747 -9.990e-29
 223.687633      1.604  38.746051    13.8129     7.6129      1.591    32.1971    24.0602 -9.990e-29
 223.687639      1.595  38.771666    13.8438     7.6606      1.582    32.1948    24.0522 -9.990e-29
 223.687645      1.593  38.793939    13.8598     7.6658      1.580    32.2020    24.0545 -9.990e-29
 223.687650      1.600  38.808863    13.8659     7.6768      1.587    32.2107    24.0599 -9.990e-29
 223.687656      1.614  38.809917    13.8680     7.6705      1.601    32.2099    24.0589 -9.990e-29
 223.687662      1.626  38.802356    13.8656     7.6907      1.612    32.2049    24.0555 -9.990e-29
 223.687668      1.637  38.795640    13.8539     7.6973      1.623    32.2085    24.0607 -9.990e-29
 223.687674      1.653  38.783541    13.8287     7.6970      1.639    32.2185    24.0735 -9.990e-29
 223.687679      1.671  38.762744    13.7976     7.7044      1.657    32.2253    24.0851 -9.990e-29
 223.687685      1.686  38.740199    13.7771     7.7136      1.672    32.2217    24.0865 -9.990e-29
 223.687691      1.696  38.729493    13.7746     7.7191      1.682    32.2139    24.0809 -9.990e-29
 223.687697      1.696  38.735325    13.7805     7.6923      1.682    32.2143    24.0801 -9.990e-29
 223.687703      1.692  38.743525    13.7819     7.6026      1.678    32.2207    24.0848 -9.990e-29
 223.687708      1.688  38.743648    13.7786     7.4988      1.674    32.2236    24.0877 -9.990e-29
 223.687714      1.678  38.739707    13.7809     7.4829      1.664    32.2180    24.0829 -9.990e-29
 223.687720      1.658  38.743749    13.7964     7.5515      1.644    32.2088    24.0726 -9.990e-29
 223.687726      1.635  38.760522    13.8182     7.6425      1.621    32.2060    24.0660 -9.990e-29
 223.687731      1.625  38.780359    13.8346     7.7015      1.611    32.2106    24.0662 -9.990e-29
 223.687737      1.636  38.792634    13.8357     7.6748      1.622    32.2210    24.0740 -9.990e-29
 223.687743      1.659  38.786733    13.8189     7.6264      1.645    32.2296    24.0841 -9.990e-29
 223.687749      1.680  38.764244    13.8040     7.6075      1.666    32.2213    24.0808 -9.990e-29
 223.687755      1.687  38.755092    13.8133     7.5914      1.673    32.2051    24.0663 -9.990e-29
 223.687760      1.680  38.775580    13.8434     7.5943      1.666    32.1988    24.0553 -9.990e-29
 223.687766      1.667  38.806410    13.8724     7.6083      1.653    32.2029    24.0526 -9.990e-29
 223.687772      1.656  38.823022    13.8812     7.6263      1.642    32.2109    24.0570 -9.990e-29
 223.687778      1.654  38.820023    13.8637     7.6610      1.640    32.2228    24.0697 -9.990e-29
 223.687784      1.663  38.797271    13.8330     7.6620      1.649    32.2276    24.0796 -9.990e-29
 223.687789      1.674  38.764160    13.8159     7.6472      1.660    32.2113    24.0706 -9.990e-29
 223.687795      1.682  38.751582    13.8151     7.6381      1.668    32.2003    24.0622 -9.990e-29
 223.687801      1.690  38.754455    13.8057     7.6284      1.676    32.2108    24.0723 -9.990e-29
 223.687807      1.696  38.742892    13.7822     7.6230      1.682    32.2199    24.0841 -9.990e-29
 223.687813      1.698  38.723825    13.7686     7.5949      1.684    32.2136    24.0820 -9.990e-29
 223.687818      1.690  38.723892    13.7815     7.5655      1.676    32.2029    24.0711 -9.990e-29
 223.687824      1.678  38.747022    13.8093     7.5781      1.664    32.2009    24.0639 -9.990e-29
 223.687830      1.668  38.775759    13.8317     7.6015      1.654    32.2087    24.0654 -9.990e-29
 223.687836      1.669  38.804616    13.8462     7.5871      1.655    32.2233    24.0736 -9.990e-29
 223.687841      1.681  38.838921    13.8649     7.5796      1.667    32.2393    24.0822 -9.990e-29
 223.687847      1.691  38.885658    13.8850     7.5722      1.677    32.2656    24.0984 -9.990e-29
 223.687853      1.688  38.918479    13.8932     7.5866      1.674    32.2890    24.1149 -9.990e-29
 223.687859      1.671  38.908184    13.8998     7.6007      1.657    32.2740    24.1019 -9.990e-29
 223.687865      1.652  38.897602    13.9201     7.5881      1.638    32.2472    24.0770 -9.990e-29
 223.687870      1.643  38.911231    13.9440     7.5766      1.629    32.2397    24.0664 -9.990e-29
 223.687876      1.643  38.925679    13.9570     7.5666      1.629    32.2421    24.0656 -9.990e-29
 223.687882      1.644  38.924254    13.9579     7.6109      1.630    32.2401    24.0638 -9.990e-29
 223.687888      1.640  38.904984    13.9466     7.6928      1.626    32.2318    24.0597 -9.990e-29
 223.687894      1.632  38.883589    13.9149     7.7251      1.618    32.2386    24.0715 -9.990e-29
 223.687899      1.620  38.853892    13.8617     7.6627      1.606    32.2558    24.0956 -9.990e-29
 223.687905      1.603  38.804810    13.8120     7.5307      1.590    32.2522    24.1030 -9.990e-29
 223.687911      1.576  38.768934    13.7997     7.4422      1.563    32.2293    24.0878 -9.990e-29
 223.687917      1.527  38.775148    13.8356     7.4561      1.514    32.2050    24.0617 -9.990e-29
 223.687922      1.454  38.815949    13.9178     7.4992      1.442    32.1738    24.0208 -9.990e-29
 223.687928      1.370  38.892394    14.0362     7.5231      1.359    32.1453    23.9746 -9.990e-29
 223.687934      1.295  39.000934    14.1493     7.5327      1.284    32.1507    23.9555 -9.990e-29
 223.687940      1.245  39.095600    14.2032     7.5392      1.235    32.1927    23.9767 -9.990e-29
 223.687946      1.226  39.123145    14.1949     7.5275      1.216    32.2249    24.0033 -9.990e-29
 223.687951      1.227  39.093330    14.1720     7.4848      1.217    32.2167    24.0016 -9.990e-29
 223.687957      1.237  39.066136    14.1655     7.4001      1.227    32.1971    23.9879 -9.990e-29
 223.687963      1.252  39.066331    14.1747     7.3880      1.242    32.1896    23.9802 -9.990e-29
 223.687969      1.273  39.091849    14.2051     7.4392      1.262    32.1877    23.9724 -9.990e-29
 223.687975      1.300  39.143554    14.2669     7.5428      1.289    32.1835    23.9564 -9.990e-29
 223.687980      1.340  39.205642    14.3371     7.5980      1.329    32.1819    23.9405 -9.990e-29
 223.687986      1.404  39.255412    14.3716     7.5646      1.392    32.1987    23.9463 -9.990e-29
 223.687992      1.496  39.262718    14.3539     7.5222      1.484    32.2200    23.9665 -9.990e-29
 223.687998      1.609  39.200793    14.3109     7.5146      1.596    32.1992    23.9593 -9.990e-29
 223.688003      1.738  39.134463    14.2919     7.5674      1.723    32.1542    23.9286 0.0000e+00
 223.688009      1.886  39.147339    14.3051     7.5794      1.870    32.1550    23.9265 0.0000e+00
 223.688015      2.067  39.192016    14.3022     7.5176      2.050    32.1982    23.9604 0.0000e+00
 223.688021      2.301  39.188927    14.2337     7.4527      2.282    32.2524    24.0165 0.0000e+00
 223.688027      2.598  39.099684    14.0900     7.4068      2.576    32.2906    24.0757 0.0000e+00
 223.688032      2.957  38.936424    13.9242     7.3915      2.932    32.2791    24.1009 0.0000e+00
 223.688038      3.374  38.780790    13.8033     7.3627      3.346    32.2366    24.0927 0.0000e+00
 223.688044      3.842  38.686996    13.7375     7.2758      3.810    32.2048    24.0815 0.0000e+00
 223.688050      4.351  38.636396    13.6978     7.0862      4.315    32.1910    24.0790 0.0000e+00
 223.688056      4.900  38.596742    13.6548     6.7897      4.859    32.1902    24.0870 0.0000e+00
 223.688061      5.481  38.553199    13.5915     6.4270      5.435    32.2028    24.1095 0.0000e+00
 223.688067      6.084  38.489117    13.5190     6.0683      6.033    32.2040    24.1250 0.0000e+00
 223.688073      6.704  38.422686    13.4549     5.8298      6.648    32.1958    24.1316 0.0000e+00
 223.688079      7.338  38.360551    13.3922     5.6779      7.277    32.1905    24.1400 0.0000e+00
 223.688084      7.988  38.251727    13.3063     5.5442      7.921    32.1610    24.1343 0.0000e+00
 223.688090      8.656  38.056426    13.1622     5.4482      8.584    32.0994    24.1152 0.0000e+00
 223.688096      9.338  37.787181    12.9244     5.2724      9.260    32.0469    24.1211 0.0000e+00
 223.688102     10.030  37.484055    12.5921     5.0464      9.946    32.0415    24.1810 0.0000e+00
 223.688108     10.733  37.196843    12.2334     4.8373     10.643    32.0732    24.2736 0.0000e+00
 223.688113     11.446  36.977461    11.9972     4.6330     11.350    32.0646    24.3110 0.0000e+00
 223.688119     12.161  36.847154    11.9409     4.4370     12.059    31.9869    24.2611 0.0000e+00
 223.688125     12.877  36.771029    11.8893     4.2312     12.769    31.9574    24.2477 0.0000e+00
 223.688131     13.597  36.630650    11.6756     3.9355     13.483    32.0049    24.3238 0.0000e+00
 223.688137     14.320  36.417013    11.3354     3.5081     14.200    32.0908    24.4518 0.0000e+00
 223.688142     15.040  36.250425    11.0031     3.0359     14.914    32.2168    24.6087 0.0000e+00
 223.688148     15.756  36.139002    10.7535     2.6663     15.624    32.3259    24.7372 0.0000e+00
 223.688154     16.470  36.040518    10.5493     2.4487     16.332    32.4085    24.8367 0.0000e+00
 223.688160     17.186  35.961949    10.3238     2.3546     17.042    32.5306    24.9703 0.0000e+00
 223.688166     17.905  35.858953    10.0803     2.2924     17.755    32.6454    25.1007 0.0000e+00
 223.688171     18.627  35.676485     9.8788     2.2297     18.471    32.6421    25.1316 0.0000e+00
 223.688177     19.351  35.480483     9.7702     2.2633     19.189    32.5405    25.0701 0.0000e+00
 223.688183     20.078  35.370937     9.7513     2.3879     19.909    32.4455    24.9991 0.0000e+00
 223.688189     20.810  35.312070     9.7282     2.5810     20.635    32.4060    24.9721 0.0000e+00
 223.688194     21.540  35.201770     9.5743     2.7320     21.359    32.4319    25.0172 0.0000e+00
 223.688200     22.264  35.027946     9.2716     2.7739     22.077    32.5276    25.1404 0.0000e+00
 223.688206     22.980  34.836699     8.9733     2.7641     22.787    32.6019    25.2453 0.0000e+00
 223.688212     23.696  34.658705     8.8399     2.6855     23.497    32.5387    25.2164 0.0000e+00
 223.688218     24.419  34.534973     8.7889     2.6044     24.214    32.4561    25.1595 0.0000e+00
 223.688223     25.147  34.498736     8.6335     2.5679     24.936    32.5606    25.2650 0.0000e+00
 223.688229     25.876  34.501034     8.3769     2.5544     25.658    32.8004    25.4916 0.0000e+00
 223.688235     26.605  34.483263     8.1242     2.5844     26.381    33.0180    25.6997 0.0000e+00
 223.688241     27.337  34.445213     7.9409     2.6074     27.107    33.1504    25.8304 0.0000e+00
 223.688247     28.071  34.398817     7.8721     2.5801     27.835    33.1658    25.8524 0.0000e+00
 223.688252     28.804  34.367829     7.8906     2.5281     28.562    33.1147    25.8097 0.0000e+00
 223.688258     29.534  34.374173     7.8860     2.4605     29.285    33.1255    25.8188 0.0000e+00
 223.688264     30.265  34.394904     7.8175     2.3670     30.010    33.2125    25.8970 0.0000e+00
 223.688270     30.997  34.405549     7.7369     2.2769     30.736    33.3005    25.9778 0.0000e+00
 223.688275     31.728  34.406277     7.6758     2.1865     31.461    33.3594    26.0328 0.0000e+00
 223.688281     32.459  34.393541     7.6214     2.0733     32.186    33.3975    26.0706 0.0000e+00
 223.688287     33.184  34.367129     7.5571     1.9358     32.904    33.4305    26.1057 0.0000e+00
 223.688293     33.903  34.340541     7.4920     1.7111     33.617    33.4642    26.1413 0.0000e+00
 223.688299     34.618  34.321440     7.4399     1.4395     34.326    33.4934    26.1717 0.0000e+00
 223.688304     35.331  34.307298     7.4012     1.2040     35.033    33.5152    26.1942 0.0000e+00
 223.688310     36.042  34.296032     7.3673     1.0252     35.738    33.5354    26.2149 0.0000e+00
 223.688316     36.744  34.289401     7.3371     0.9464     36.434    33.5572    26.2363 0.0000e+00
 223.688322     37.434  34.292544     7.3191     0.9022     37.118    33.5777    26.2549 0.0000e+00
 223.688328     38.118  34.305144     7.3050     0.8481     37.796    33.6048    26.2782 0.0000e+00
 223.688333     38.805  34.321002     7.2774     0.8024     38.478    33.6485    26.3165 0.0000e+00
 223.688339     39.501  34.332666     7.2424     0.7795     39.168    33.6950    26.3580 0.0000e+00
 223.688345     40.201  34.336617     7.2182     0.7731     39.862    33.7226    26.3830 0.0000e+00
 223.688351     40.900  34.335296     7.2045     0.7704     40.555    33.7342    26.3941 0.0000e+00
 223.688356     41.595  34.332515     7.1959     0.7684     41.244    33.7392    26.3992 0.0000e+00
 223.688362     42.291  34.331266     7.1961     0.7721     41.934    33.7373    26.3977 0.0000e+00
 223.688368     42.995  34.331540     7.1968     0.7845     42.632    33.7366    26.3971 0.0000e+00
 223.688374     43.703  34.330878     7.1855     0.7953     43.334    33.7466    26.4065 0.0000e+00
 223.688380     44.410  34.327816     7.1651     0.8119     44.035    33.7629    26.4221 0.0000e+00
 223.688385     45.113  34.323294     7.1432     0.8356     44.732    33.7790    26.4379 0.0000e+00
 223.688391     45.814  34.317983     7.1246     0.8568     45.427    33.7911    26.4500 0.0000e+00
 223.688397     46.511  34.312059     7.1127     0.8656     46.118    33.7959    26.4554 0.0000e+00
 223.688403     47.201  34.307124     7.1069     0.8629     46.802    33.7959    26.4562 0.0000e+00
 223.688409     47.889  34.304416     7.1043     0.8698     47.484    33.7951    26.4560 0.0000e+00
 223.688414     48.581  34.303665     7.1036     0.8732     48.170    33.7947    26.4557 0.0000e+00
 223.688420     49.272  34.304407     7.1046     0.8715     48.855    33.7941    26.4552 0.0000e+00
 223.688426     49.961  34.306489     7.1070     0.8770     49.538    33.7937    26.4545 0.0000e+00
 223.688432     50.648  34.309865     7.1099     0.8800     50.219    33.7943    26.4545 0.0000e+00
