data/oxygen options/ONMS/Olympic_Coast_National_Marine_Sanctuary_Hypoxia_Survey_CTD_Data_2004_2015/raw_data/2009/CTD_CE100_070709faedb.cnv
* Sea-Bird SBE19 Data File:
* FileName = C:\2009_MOORING_DATA\070609_data\CTD_CE100_070609.hex
* Software Version 1.24
* Temperature SN = 2997
* Conductivity SN = 2997
* System UpLoad Time = Jul 07 2009 16:31:53
* SEACAT PROFILER V3.1c SN 2997   07/07/09  16:30:44.400
* strain gauge pressure sensor: S/N = 184829,  range = 3000 psia,  tc = 40
# nquan = 9
# nvalues = 100                         
# units = specified
# name 0 = timeJ: Julian Days
# name 1 = prSM: Pressure, Strain Gauge [db]
# name 2 = c0mS/cm: Conductivity [mS/cm]
# name 3 = t090C: Temperature [ITS-90, deg C]
# name 4 = sbeox0ML/L: Oxygen, SBE 43 [ml/l]
# name 5 = depSM: Depth [salt water, m], lat = 47.5
# name 6 = sal00: Salinity, Practical [PSU]
# name 7 = sigma-é00: Density [sigma-theta, kg/m^3]
# name 8 = flag: flag
# span 0 = 188.510804, 188.511982       
# span 1 =      3.000,    102.000       
# span 2 =  33.717842,  37.900907       
# span 3 =     6.6801,    12.8821       
# span 4 =     1.1755,     8.5266       
# span 5 =      2.975,    101.124       
# span 6 =    32.1849,    33.9476       
# span 7 =    24.2360,    26.6339       
# span 8 = 0.0000e+00, 0.0000e+00       
# interval = decibars: 1                
# start_time = Jul 07 2009 12:10:29 [Instrument's time stamp, header]
# bad_flag = -9.990e-29
*END*
 188.510804      3.000  37.892634    12.8821     8.2545      2.975    32.1849    24.2360 0.0000e+00
 188.510826      4.000  37.843282    12.7492     8.5266      3.967    32.2512    24.3130 0.0000e+00
 188.510843      5.000  37.900907    12.6626     8.4193      4.958    32.3798    24.4294 0.0000e+00
 188.510858      6.000  37.886155    12.5940     8.1965      5.950    32.4243    24.4772 0.0000e+00
 188.510872      7.000  37.859362    12.5577     7.9873      6.942    32.4296    24.4882 0.0000e+00
 188.510885      8.000  37.830162    12.5199     7.6073      7.933    32.4340    24.4988 0.0000e+00
 188.510897      9.000  37.751523    12.3763     6.3077      8.925    32.4826    24.5639 0.0000e+00
 188.510909     10.000  37.582049    12.1310     5.0681      9.916    32.5323    24.6488 0.0000e+00
 188.510921     11.000  37.219499    11.5692     4.5506     10.908    32.6728    24.8613 0.0000e+00
 188.510932     12.000  36.399144    10.5648     4.8123     11.900    32.7545    25.1021 0.0000e+00
 188.510943     13.000  35.513489     9.6551     5.3118     12.891    32.6813    25.1988 0.0000e+00
 188.510955     14.000  35.031125     9.1227     5.5152     13.883    32.6709    25.2761 0.0000e+00
 188.510966     15.000  34.579536     8.6300     5.2814     14.874    32.6533    25.3384 0.0000e+00
 188.510978     16.000  34.183608     8.2701     4.8671     15.866    32.5693    25.3262 0.0000e+00
 188.510990     17.000  33.999770     8.0653     4.5620     16.858    32.5638    25.3518 0.0000e+00
 188.511000     18.000  33.924597     7.9434     4.3894     17.849    32.5966    25.3952 0.0000e+00
 188.511011     19.000  33.925020     7.9220     4.1423     18.841    32.6166    25.4140 0.0000e+00
 188.511021     20.000  33.985396     7.9554     3.8464     19.832    32.6493    25.4348 0.0000e+00
 188.511032     21.000  34.077204     8.0305     3.6813     20.824    32.6766    25.4453 0.0000e+00
 188.511043     22.000  34.204243     8.1201     3.6044     21.815    32.7275    25.4723 0.0000e+00
 188.511056     23.000  34.301408     8.1720     3.5586     22.806    32.7817    25.5072 0.0000e+00
 188.511068     24.000  34.323421     8.1579     3.6778     23.799    32.8178    25.5376 0.0000e+00
 188.511080     25.000  34.258871     8.0454     3.7059     24.789    32.8541    25.5826 0.0000e+00
 188.511091     26.000  34.094125     7.8572     3.4767     25.782    32.8547    25.6103 0.0000e+00
 188.511103     27.000  33.922124     7.6821     3.2251     26.773    32.8350    25.6198 0.0000e+00
 188.511114     28.000  33.887151     7.6362     2.9776     27.765    32.8402    25.6304 0.0000e+00
 188.511126     29.000  33.937241     7.6468     2.8671     28.756    32.8836    25.6630 0.0000e+00
 188.511137     30.000  33.997833     7.6799     2.8449     29.748    32.9169    25.6845 0.0000e+00
 188.511148     31.000  34.078833     7.7178     2.8657     30.739    32.9676    25.7190 0.0000e+00
 188.511157     32.000  34.132578     7.7392     2.9054     31.731    33.0046    25.7450 0.0000e+00
 188.511168     33.000  34.165720     7.7526     2.8970     32.722    33.0270    25.7607 0.0000e+00
 188.511179     34.000  34.191988     7.7587     2.9258     33.713    33.0489    25.7771 0.0000e+00
 188.511190     35.000  34.204423     7.7597     2.9838     34.705    33.0608    25.7863 0.0000e+00
 188.511203     36.000  34.200131     7.7453     3.0429     35.696    33.0694    25.7951 0.0000e+00
 188.511216     37.000  34.182576     7.7166     3.0815     36.687    33.0774    25.8055 0.0000e+00
 188.511228     38.000  34.156289     7.6739     3.0531     37.679    33.0892    25.8208 0.0000e+00
 188.511240     39.000  34.100609     7.5911     3.1319     38.671    33.1076    25.8470 0.0000e+00
 188.511252     40.000  34.005144     7.4747     3.4510     39.662    33.1151    25.8694 0.0000e+00
 188.511264     41.000  33.932227     7.3960     3.7338     40.654    33.1109    25.8770 0.0000e+00
 188.511276     42.000  33.856688     7.3087     3.7025     41.645    33.1119    25.8900 0.0000e+00
 188.511289     43.000  33.754391     7.1705     3.5714     42.636    33.1328    25.9254 0.0000e+00
 188.511300     44.000  33.717842     7.0948     3.3209     43.628    33.1652    25.9612 0.0000e+00
 188.511311     45.000  33.720861     7.0756     2.8131     44.619    33.1865    25.9806 0.0000e+00
 188.511322     46.000  33.734122     7.0829     2.4224     45.611    33.1935    25.9852 0.0000e+00
 188.511333     47.000  33.786949     7.1296     2.2793     46.602    33.2056    25.9884 0.0000e+00
 188.511344     48.000  33.857310     7.1728     2.2894     47.594    33.2403    26.0098 0.0000e+00
 188.511355     49.000  33.904824     7.1906     2.3106     48.585    33.2744    26.0342 0.0000e+00
 188.511366     50.000  33.927482     7.1924     2.2960     49.577    33.2969    26.0517 0.0000e+00
 188.511377     51.000  33.932434     7.1849     2.2611     50.568    33.3090    26.0623 0.0000e+00
 188.511388     52.000  33.936816     7.1684     2.2596     51.559    33.3293    26.0805 0.0000e+00
 188.511399     53.000  33.941210     7.1449     2.2693     52.551    33.3563    26.1050 0.0000e+00
 188.511409     54.000  33.935970     7.1077     2.2429     53.542    33.3860    26.1335 0.0000e+00
 188.511420     55.000  33.929023     7.0758     2.2479     54.534    33.4089    26.1559 0.0000e+00
 188.511429     56.000  33.927785     7.0524     2.2791     55.525    33.4297    26.1755 0.0000e+00
 188.511439     57.000  33.937923     7.0458     2.3086     56.517    33.4467    26.1897 0.0000e+00
 188.511449     58.000  33.960174     7.0499     2.4060     57.508    33.4667    26.2049 0.0000e+00
 188.511459     59.000  33.985397     7.0548     2.5983     58.499    33.4890    26.2219 0.0000e+00
 188.511469     60.000  34.009677     7.0605     2.7835     59.491    33.5096    26.2373 0.0000e+00
 188.511479     61.000  34.066440     7.0820     2.8008     60.482    33.5502    26.2663 0.0000e+00
 188.511489     62.000  34.144961     7.1273     2.6919     61.473    33.5915    26.2926 0.0000e+00
 188.511500     63.000  34.219777     7.1668     2.5810     62.464    33.6342    26.3208 0.0000e+00
 188.511510     64.000  34.264172     7.1857     2.5102     63.456    33.6637    26.3415 0.0000e+00
 188.511520     65.000  34.306675     7.1900     2.4333     64.447    33.7055    26.3738 0.0000e+00
 188.511531     66.000  34.324346     7.1856     2.3599     65.439    33.7285    26.3925 0.0000e+00
 188.511541     67.000  34.322683     7.1715     2.3186     66.430    33.7400    26.4035 0.0000e+00
 188.511553     68.000  34.312451     7.1542     2.2771     67.421    33.7453    26.4101 0.0000e+00
 188.511564     69.000  34.304623     7.1415     2.2317     68.413    33.7486    26.4145 0.0000e+00
 188.511575     70.000  34.301897     7.1342     2.1879     69.404    33.7523    26.4184 0.0000e+00
 188.511586     71.000  34.312139     7.1368     2.1473     70.396    33.7605    26.4245 0.0000e+00
 188.511596     72.000  34.345241     7.1530     2.0757     71.387    33.7803    26.4379 0.0000e+00
 188.511607     73.000  34.384441     7.1652     1.9691     72.378    33.8107    26.4601 0.0000e+00
 188.511618     74.000  34.400618     7.1619     1.8286     73.369    33.8311    26.4767 0.0000e+00
 188.511630     75.000  34.397437     7.1414     1.6635     74.360    33.8473    26.4923 0.0000e+00
 188.511642     76.000  34.372771     7.0939     1.5101     75.352    33.8664    26.5139 0.0000e+00
 188.511652     77.000  34.321815     7.0285     1.3000     76.343    33.8744    26.5291 0.0000e+00
 188.511664     78.000  34.278577     6.9785     1.1792     77.335    33.8757    26.5370 0.0000e+00
 188.511674     79.000  34.237344     6.9189     1.1755     78.325    33.8886    26.5553 0.0000e+00
 188.511685     80.000  34.195487     6.8662     1.2056     79.317    33.8940    26.5667 0.0000e+00
 188.511696     81.000  34.167599     6.8263     1.2431     80.308    33.9022    26.5785 0.0000e+00
 188.511705     82.000  34.145540     6.7817     1.2616     81.299    33.9215    26.5997 0.0000e+00
 188.511716     83.000  34.114039     6.7351     1.2563     82.291    33.9323    26.6145 0.0000e+00
 188.511727     84.000  34.094613     6.7093     1.2700     83.282    33.9358    26.6208 0.0000e+00
 188.511738     85.000  34.087166     6.6954     1.2826     84.273    33.9409    26.6267 0.0000e+00
 188.511749     86.000  34.084970     6.6906     1.2851     85.264    33.9428    26.6288 0.0000e+00
 188.511759     87.000  34.083500     6.6866     1.2881     86.255    33.9445    26.6307 0.0000e+00
 188.511769     88.000  34.081950     6.6829     1.2751     87.247    33.9460    26.6324 0.0000e+00
 188.511779     89.000  34.081565     6.6810     1.2664     88.238    33.9471    26.6335 0.0000e+00
 188.511789     90.000  34.082183     6.6807     1.2658     89.229    33.9476    26.6339 0.0000e+00
 188.511800     91.000  34.082634     6.6813     1.2658     90.220    33.9469    26.6334 0.0000e+00
 188.511810     92.000  34.082715     6.6812     1.2776     91.212    33.9467    26.6332 0.0000e+00
 188.511820     93.000  34.082743     6.6804     1.2790     92.203    33.9469    26.6335 0.0000e+00
 188.511830     94.000  34.082809     6.6801     1.2772     93.194    33.9469    26.6335 0.0000e+00
 188.511839     95.000  34.083193     6.6802     1.2679     94.185    33.9467    26.6334 0.0000e+00
 188.511849     96.000  34.084088     6.6802     1.2749     95.176    33.9472    26.6338 0.0000e+00
 188.511859     97.000  34.084471     6.6805     1.2896     96.168    33.9468    26.6334 0.0000e+00
 188.511869     98.000  34.084963     6.6808     1.2838     97.159    33.9465    26.6332 0.0000e+00
 188.511879     99.000  34.085592     6.6805     1.2709     98.150    33.9471    26.6337 0.0000e+00
 188.511890    100.000  34.083456     6.6809     1.2508     99.141    33.9438    26.6311 0.0000e+00
 188.511904    101.000  34.036910     6.6819     1.2383    100.132    33.8908    26.5891 0.0000e+00
 188.511982    102.000  33.903923     6.6842     1.2414    101.124    33.7411    26.4708 0.0000e+00
