data/oxygen options/ONMS/Olympic_Coast_National_Marine_Sanctuary_Hypoxia_Survey_CTD_Data_2004_2015/raw_data/2009/CTD_CA100_060309faedb.cnv
* Sea-Bird SBE19 Data File:
* FileName = C:\2009_MOORING_DATA\CTD_CA100_060309.hex
* Software Version 1.59
* Temperature SN = 2997
* Conductivity SN = 2997
* System UpLoad Time = Jun 03 2009 15:06:47
* ds
* SEACAT PROFILER V3.1c SN 2997   06/03/09  15:06:21.684
# nquan = 9
# nvalues = 94                          
# units = specified
# name 0 = timeJ: Julian Days
# name 1 = prSM: Pressure, Strain Gauge [db]
# name 2 = c0mS/cm: Conductivity [mS/cm]
# name 3 = t090C: Temperature [ITS-90, deg C]
# name 4 = sbeox0ML/L: Oxygen, SBE 43 [ml/l]
# name 5 = depSM: Depth [salt water, m], lat = 47.5
# name 6 = sal00: Salinity, Practical [PSU]
# name 7 = sigma-é00: Density [sigma-theta, kg/m^3]
# name 8 = flag: flag
# span 0 = 154.620275, 154.621374       
# span 1 =      2.000,     95.000       
# span 2 =  33.696275,  37.097941       
# span 3 =     6.8525,    12.1047       
# span 4 =     2.3377,     8.2928       
# span 5 =      1.983,     94.186       
# span 6 =    32.0426,    33.7587       
# span 7 =    24.3112,    26.4621       
# span 8 = 0.0000e+00, 0.0000e+00       
# interval = decibars: 1                
# start_time = Jun 03 2009 14:49:14 [Instrument's time stamp, header]
# bad_flag = -9.990e-29
*END*
 154.620275      2.000  37.097941    12.1047     8.2928      1.983    32.0916    24.3112 0.0000e+00
 154.620299      3.000  35.777329    10.5889     5.6025      2.975    32.1158    24.6014 0.0000e+00
 154.620318      4.000  35.142767     9.9504     5.5091      3.966    32.0426    24.6515 0.0000e+00
 154.620334      5.000  34.920624     9.6292     5.7436      4.958    32.1024    24.7507 0.0000e+00
 154.620348      6.000  34.790126     9.4664     6.0407      5.950    32.1143    24.7861 0.0000e+00
 154.620363      7.000  34.703418     9.3921     6.0861      6.941    32.0914    24.7801 0.0000e+00
 154.620377      8.000  34.706111     9.3883     5.7873      7.933    32.0972    24.7852 0.0000e+00
 154.620392      9.000  34.709611     9.3449     5.6172      8.925    32.1393    24.8250 0.0000e+00
 154.620405     10.000  34.617714     9.2399     5.5643      9.916    32.1388    24.8412 0.0000e+00
 154.620420     11.000  34.564578     9.1852     5.4584     10.908    32.1328    24.8451 0.0000e+00
 154.620434     12.000  34.532718     9.1188     5.3941     11.900    32.1594    24.8762 0.0000e+00
 154.620448     13.000  34.493645     9.0611     5.2498     12.891    32.1706    24.8940 0.0000e+00
 154.620462     14.000  34.462799     9.0380     4.9338     13.883    32.1591    24.8886 0.0000e+00
 154.620475     15.000  34.447720     8.9751     4.8162     14.874    32.1999    24.9303 0.0000e+00
 154.620486     16.000  34.392531     8.8548     4.8359     15.866    32.2513    24.9890 0.0000e+00
 154.620497     17.000  34.337230     8.7816     4.8908     16.857    32.2598    25.0068 0.0000e+00
 154.620506     18.000  34.323839     8.7605     4.8969     17.849    32.2646    25.0138 0.0000e+00
 154.620515     19.000  34.319819     8.7466     4.8705     18.841    32.2726    25.0222 0.0000e+00
 154.620525     20.000  34.319736     8.7352     4.7944     19.832    32.2825    25.0317 0.0000e+00
 154.620533     21.000  34.318583     8.7217     4.6781     20.824    32.2932    25.0421 0.0000e+00
 154.620543     22.000  34.316940     8.7062     4.5774     21.816    32.3052    25.0539 0.0000e+00
 154.620553     23.000  34.314082     8.6742     4.5389     22.807    32.3310    25.0789 0.0000e+00
 154.620563     24.000  34.309475     8.5944     4.4787     23.799    32.3987    25.1440 0.0000e+00
 154.620573     25.000  34.312007     8.5082     4.3285     24.790    32.4802    25.2209 0.0000e+00
 154.620582     26.000  34.332582     8.4429     4.0673     25.782    32.5615    25.2945 0.0000e+00
 154.620592     27.000  34.341069     8.3523     3.8271     26.773    32.6540    25.3804 0.0000e+00
 154.620602     28.000  34.324647     8.2476     3.6730     27.764    32.7335    25.4583 0.0000e+00
 154.620611     29.000  34.272915     8.1201     3.6264     28.756    32.7972    25.5270 0.0000e+00
 154.620620     30.000  34.195111     8.0132     3.6348     29.747    32.8141    25.5559 0.0000e+00
 154.620630     31.000  34.146974     7.9429     3.6435     30.739    32.8284    25.5773 0.0000e+00
 154.620640     32.000  34.129030     7.9059     3.6783     31.730    32.8434    25.5945 0.0000e+00
 154.620650     33.000  34.120325     7.8824     3.6926     32.722    32.8558    25.6076 0.0000e+00
 154.620661     34.000  34.112634     7.8601     3.7108     33.714    32.8681    25.6205 0.0000e+00
 154.620671     35.000  34.104916     7.8408     3.7742     34.705    32.8775    25.6307 0.0000e+00
 154.620682     36.000  34.095737     7.8231     3.8377     35.696    32.8840    25.6383 0.0000e+00
 154.620692     37.000  34.078643     7.7918     3.8867     36.688    32.8946    25.6512 0.0000e+00
 154.620703     38.000  34.045562     7.7396     3.9626     37.679    32.9080    25.6691 0.0000e+00
 154.620714     39.000  34.014639     7.6942     4.0624     38.671    32.9172    25.6829 0.0000e+00
 154.620724     40.000  33.977238     7.6397     4.2227     39.662    32.9282    25.6992 0.0000e+00
 154.620736     41.000  33.923460     7.5595     4.3687     40.654    32.9458    25.7243 0.0000e+00
 154.620747     42.000  33.857631     7.4537     4.4280     41.645    32.9747    25.7619 0.0000e+00
 154.620757     43.000  33.775313     7.3285     4.3699     42.637    33.0044    25.8027 0.0000e+00
 154.620769     44.000  33.716426     7.2415     4.2820     43.628    33.0229    25.8293 0.0000e+00
 154.620779     45.000  33.696275     7.1941     4.2070     44.620    33.0459    25.8538 0.0000e+00
 154.620790     46.000  33.696798     7.1595     4.1723     45.611    33.0791    25.8847 0.0000e+00
 154.620801     47.000  33.707027     7.1391     4.1508     46.602    33.1094    25.9113 0.0000e+00
 154.620811     48.000  33.713318     7.1278     4.1277     47.594    33.1265    25.9264 0.0000e+00
 154.620822     49.000  33.717045     7.1191     4.1086     48.585    33.1385    25.9370 0.0000e+00
 154.620832     50.000  33.724082     7.1039     4.1531     49.577    33.1603    25.9563 0.0000e+00
 154.620842     51.000  33.737159     7.0791     4.1956     50.568    33.1980    25.9893 0.0000e+00
 154.620853     52.000  33.746227     7.0567     4.2153     51.560    33.2291    26.0168 0.0000e+00
 154.620863     53.000  33.744840     7.0351     4.2365     52.551    33.2478    26.0345 0.0000e+00
 154.620874     54.000  33.742905     7.0135     4.2604     53.543    33.2661    26.0519 0.0000e+00
 154.620885     55.000  33.756533     7.0021     4.2560     54.534    33.2915    26.0735 0.0000e+00
 154.620896     56.000  33.777199     7.0006     4.1899     55.525    33.3152    26.0922 0.0000e+00
 154.620907     57.000  33.792040     7.0067     4.0981     56.516    33.3251    26.0993 0.0000e+00
 154.620917     58.000  33.812680     7.0192     3.9988     57.508    33.3351    26.1054 0.0000e+00
 154.620928     59.000  33.842264     7.0336     3.8544     58.499    33.3530    26.1177 0.0000e+00
 154.620939     60.000  33.873638     7.0562     3.7128     59.491    33.3650    26.1240 0.0000e+00
 154.620951     61.000  33.943575     7.0999     3.6208     60.482    33.3986    26.1445 0.0000e+00
 154.620962     62.000  34.014829     7.1360     3.5382     61.473    33.4409    26.1729 0.0000e+00
 154.620973     63.000  34.054642     7.1538     3.4505     62.465    33.4666    26.1907 0.0000e+00
 154.620984     64.000  34.074226     7.1620     3.3711     63.456    33.4796    26.1998 0.0000e+00
 154.620995     65.000  34.091144     7.1666     3.2972     64.448    33.4930    26.2098 0.0000e+00
 154.621006     66.000  34.111676     7.1684     3.1762     65.439    33.5132    26.2254 0.0000e+00
 154.621017     67.000  34.123346     7.1664     3.0869     66.430    33.5274    26.2369 0.0000e+00
 154.621027     68.000  34.137002     7.1583     3.0800     67.421    33.5498    26.2556 0.0000e+00
 154.621039     69.000  34.152749     7.1459     3.1031     68.413    33.5784    26.2799 0.0000e+00
 154.621050     70.000  34.162626     7.1392     3.1236     69.404    33.5953    26.2941 0.0000e+00
 154.621063     71.000  34.165648     7.1346     3.1206     70.395    33.6026    26.3005 0.0000e+00
 154.621075     72.000  34.168542     7.1295     3.1002     71.387    33.6103    26.3072 0.0000e+00
 154.621087     73.000  34.170612     7.1254     3.1281     72.378    33.6160    26.3124 0.0000e+00
 154.621100     74.000  34.169674     7.1217     3.1307     73.370    33.6181    26.3145 0.0000e+00
 154.621113     75.000  34.167561     7.1161     3.1157     74.361    33.6208    26.3174 0.0000e+00
 154.621125     76.000  34.166360     7.1095     3.1022     75.352    33.6254    26.3220 0.0000e+00
 154.621137     77.000  34.163990     7.1031     3.0816     76.343    33.6286    26.3253 0.0000e+00
 154.621149     78.000  34.161974     7.0974     3.0402     77.334    33.6314    26.3284 0.0000e+00
 154.621160     79.000  34.159039     7.0867     2.9641     78.326    33.6381    26.3352 0.0000e+00
 154.621171     80.000  34.150392     7.0678     2.8424     79.317    33.6467    26.3445 0.0000e+00
 154.621183     81.000  34.137703     7.0430     2.6781     80.308    33.6565    26.3556 0.0000e+00
 154.621194     82.000  34.119335     7.0079     2.4956     81.300    33.6702    26.3712 0.0000e+00
 154.621205     83.000  34.085417     6.9588     2.3759     82.291    33.6806    26.3860 0.0000e+00
 154.621217     84.000  34.060391     6.9112     2.3377     83.282    33.6992    26.4072 0.0000e+00
 154.621229     85.000  34.055685     6.8804     2.3421     84.273    33.7237    26.4307 0.0000e+00
 154.621240     86.000  34.058480     6.8654     2.3706     85.265    33.7411    26.4464 0.0000e+00
 154.621252     87.000  34.061222     6.8590     2.3920     86.256    33.7499    26.4542 0.0000e+00
 154.621263     88.000  34.063298     6.8565     2.4011     87.247    33.7542    26.4580 0.0000e+00
 154.621273     89.000  34.064596     6.8554     2.4154     88.238    33.7562    26.4597 0.0000e+00
 154.621285     90.000  34.064761     6.8545     2.4197     89.230    33.7568    26.4603 0.0000e+00
 154.621296     91.000  34.065160     6.8534     2.4354     90.221    33.7578    26.4612 0.0000e+00
 154.621307     92.000  34.065500     6.8528     2.4617     91.212    33.7582    26.4617 0.0000e+00
 154.621320     93.000  34.066085     6.8528     2.4118     92.203    33.7584    26.4618 0.0000e+00
 154.621334     94.000  34.066478     6.8525     2.4185     93.194    33.7587    26.4621 0.0000e+00
 154.621374     95.000  34.059207     6.8533     2.4181     94.186    33.7494    26.4546 0.0000e+00
