data/oxygen options/ONMS/Olympic_Coast_National_Marine_Sanctuary_Hypoxia_Survey_CTD_Data_2004_2015/raw_data/2009/CTD_CA100_060309faed.cnv
* Sea-Bird SBE19 Data File:
* FileName = C:\2009_MOORING_DATA\CTD_CA100_060309.hex
* Software Version 1.59
* Temperature SN = 2997
* Conductivity SN = 2997
* System UpLoad Time = Jun 03 2009 15:06:47
* ds
* SEACAT PROFILER V3.1c SN 2997   06/03/09  15:06:21.684
# nquan = 9                                 
# nvalues = 901                         
# units = specified
# name 0 = timeJ: Julian Days
# name 1 = prSM: Pressure, Strain Gauge [db]
# name 2 = c0mS/cm: Conductivity [mS/cm]
# name 3 = t090C: Temperature [ITS-90, deg C]
# name 4 = sbeox0ML/L: Oxygen, SBE 43 [ml/l]
# name 5 = depSM: Depth [salt water, m], lat = 47.5
# name 6 = sal00: Salinity, Practical [PSU]
# name 7 = sigma-é00: Density [sigma-theta, kg/m^3]
# name 8 = flag: flag
# span 0 = 154.617523, 154.622731       
# span 1 =     -5.798,     95.836       
# span 2 =  -0.000992,  39.072265       
# span 3 =     6.8509,    16.7144       
# span 4 =    -1.5901,    23.5666       
# span 5 =     -5.750,     95.014       
# span 6 =     0.0000,    33.7623       
# span 7 =    -1.1748,    26.4647       
# span 8 = 0.0000e+00, 0.0000e+00       
# interval = seconds: 0.5
# start_time = Jun 03 2009 14:49:14 [Instrument's time stamp, header]
# bad_flag = -9.990e-29
*END*
 154.617523     -5.798 -9.990e-29    16.6817    -1.5731     -5.750 -9.990e-29 -9.990e-29 -9.990e-29
 154.617529     -5.786  -0.000992    16.6921    -1.5736     -5.738     0.0000    -1.1710 -9.990e-29
 154.617535     -5.771  -0.000992    16.7029    -1.5745     -5.723     0.0000    -1.1728 -9.990e-29
 154.617541     -5.751  -0.000992    16.7096    -1.5757     -5.703     0.0000    -1.1739 -9.990e-29
 154.617546     -5.725  -0.000992    16.7135    -1.5767     -5.677     0.0000    -1.1746 -9.990e-29
 154.617552     -5.697  -0.000992    16.7144    -1.5773     -5.650     0.0000    -1.1748 -9.990e-29
 154.617558     -5.668  -0.000992    16.7125    -1.5779     -5.621     0.0000    -1.1744 -9.990e-29
 154.617564     -5.637  -0.000991    16.7107    -1.5785     -5.590     0.0000    -1.1741 -9.990e-29
 154.617569     -5.605  -0.000991    16.7078    -1.5793     -5.558     0.0000    -1.1736 -9.990e-29
 154.617575     -5.576  -0.000990    16.6975    -1.5804     -5.530     0.0000    -1.1719 -9.990e-29
 154.617581     -5.546  -0.000990    16.6780    -1.5815     -5.500     0.0000    -1.1685 -9.990e-29
 154.617587     -5.516  -0.000990    16.6507    -1.5827     -5.470     0.0000    -1.1639 -9.990e-29
 154.617593     -5.482  -0.000989    16.6184    -1.5835     -5.436     0.0000    -1.1584 -9.990e-29
 154.617598     -5.446  -0.000989    16.5875    -1.5842     -5.401     0.0000    -1.1532 -9.990e-29
 154.617604     -5.411  -0.000988    16.5621    -1.5850     -5.366     0.0000    -1.1489 -9.990e-29
 154.617610     -5.375  -0.000988    16.5394    -1.5856     -5.330     0.0000    -1.1451 -9.990e-29
 154.617616     -5.339  -0.000988    16.5149    -1.5861     -5.295     0.0000    -1.1409 -9.990e-29
 154.617622     -5.305  -0.000987    16.4859    -1.5869     -5.261     0.0000    -1.1361 -9.990e-29
 154.617627     -5.272  -0.000987    16.4521    -1.5877     -5.228     0.0000    -1.1304 -9.990e-29
 154.617633     -5.237  -0.000986    16.4162    -1.5884     -5.193     0.0000    -1.1244 -9.990e-29
 154.617639     -5.198  -0.000986    16.3819    -1.5891     -5.155     0.0000    -1.1186 -9.990e-29
 154.617645     -5.156  -0.000985    16.3515    -1.5897     -5.113     0.0000    -1.1136 -9.990e-29
 154.617650     -5.118  -0.000985    16.3245    -1.5893     -5.075     0.0000    -1.1091 -9.990e-29
 154.617656     -5.086  -0.000985    16.2998    -1.5886     -5.044     0.0000    -1.1050 -9.990e-29
 154.617662     -5.056  -0.000984    16.2774    -1.5880     -5.014     0.0000    -1.1013 -9.990e-29
 154.617668     -5.029  -0.000984    16.2554    -1.5876     -4.987     0.0000    -1.0976 -9.990e-29
 154.617674     -5.001  -0.000983    16.2316    -1.5877     -4.959     0.0000    -1.0937 -9.990e-29
 154.617679     -4.976  -0.000983    16.2069    -1.5880     -4.935     0.0000    -1.0896 -9.990e-29
 154.617685     -4.955  -0.000983    16.1840    -1.5878     -4.914     0.0000    -1.0858 -9.990e-29
 154.617691     -4.934  -0.000982    16.1658    -1.5870     -4.893     0.0000    -1.0828 -9.990e-29
 154.617697     -4.907  -0.000982    16.1573    -1.5861     -4.866     0.0000    -1.0814 -9.990e-29
 154.617703     -4.876  -0.000981    16.1621    -1.5856     -4.835     0.0000    -1.0822 -9.990e-29
 154.617708     -4.849  -0.000981    16.1760    -1.5857     -4.809     0.0000    -1.0845 -9.990e-29
 154.617714     -4.822  -0.000981    16.1914    -1.5860     -4.782     0.0000    -1.0871 -9.990e-29
 154.617720     -4.791  -0.000980    16.2020    -1.5863     -4.751     0.0000    -1.0888 -9.990e-29
 154.617726     -4.757  -0.000980    16.2056    -1.5867     -4.717     0.0000    -1.0894 -9.990e-29
 154.617731     -4.723  -0.000979    16.2075    -1.5868     -4.684     0.0000    -1.0897 -9.990e-29
 154.617737     -4.690  -0.000979    16.2161    -1.5868     -4.651     0.0000    -1.0911 -9.990e-29
 154.617743     -4.662  -0.000979    16.2337    -1.5871     -4.623     0.0000    -1.0940 -9.990e-29
 154.617749     -4.632  -0.000978    16.2538    -1.5877     -4.593     0.0000    -1.0973 -9.990e-29
 154.617755     -4.593  -0.000978    16.2673    -1.5883     -4.555     0.0000    -1.0996 -9.990e-29
 154.617760     -4.548  -0.000977    16.2702    -1.5891     -4.510     0.0000    -1.1001 -9.990e-29
 154.617766     -4.502  -0.000977    16.2650    -1.5892     -4.464     0.0000    -1.0992 -9.990e-29
 154.617772     -4.456  -0.000976    16.2564    -1.5894     -4.419     0.0000    -1.0978 -9.990e-29
 154.617778     -4.409  -0.000974    16.2484    -1.5895     -4.372     0.0000    -1.0964 -9.990e-29
 154.617784     -4.360  -0.000968    16.2425    -1.5896     -4.324     0.0000    -1.0955 -9.990e-29
 154.617789     -4.315  -0.000953    16.2360    -1.5901     -4.279     0.0000    -1.0944 -9.990e-29
 154.617795     -4.277  -0.000908    16.2250    -1.5900     -4.241     0.0000    -1.0926 -9.990e-29
 154.617801     -4.242  -0.000773    16.2090    -1.3550     -4.207     0.0000    -1.0899 -9.990e-29
 154.617807     -4.207  -0.000369    16.1904    -1.3365     -4.172     0.0000    -1.0869 -9.990e-29
 154.617813     -4.172   0.000843    16.1734    -1.3469     -4.137     0.0083    -1.0777 -9.990e-29
 154.617818     -4.134   0.004478    16.1616    -1.3531     -4.100     0.0094    -1.0749 -9.990e-29
 154.617824     -4.089   0.015380    16.1532    -1.3575     -4.055     0.0142    -1.0697 -9.990e-29
 154.617830     -4.037   0.048086    16.1437    -1.3592     -4.003     0.0310    -1.0552 -9.990e-29
 154.617836     -3.972   0.146204    16.1274    -1.3581     -3.939     0.0853    -1.0105 -9.990e-29
 154.617841     -3.891   0.440557    16.0907    -1.3619     -3.859     0.2586    -0.8706 -9.990e-29
 154.617847     -3.794   1.323615    15.9936    -1.3601     -3.762     0.8111    -0.4286 -9.990e-29
 154.617853     -3.682   3.972789    15.7112    -1.3625     -3.651     2.6034     0.9958 -9.990e-29
 154.617859     -3.552  11.920308    15.2135    -1.3635     -3.522     8.5546     5.6398 -9.990e-29
 154.617865     -3.402  24.396428    14.7160    -1.3635     -3.374    18.8776    13.6357 -9.990e-29
 154.617870     -3.233  33.621256    14.3479    -1.3633     -3.206    27.1275    20.0440 -9.990e-29
 154.617876     -3.057  37.189648    14.0630    -1.3634     -3.032    30.5635    22.7485 -9.990e-29
 154.617882     -2.893  38.346342    13.8764    -1.3652     -2.869    31.7765    23.7224 -9.990e-29
 154.617888     -2.755  38.815234    13.8096    -1.3679     -2.732    32.2656    24.1137 -9.990e-29
 154.617894     -2.644  39.056113    13.7970    -1.3664     -2.622    32.4994    24.2968 -9.990e-29
 154.617899     -2.552  39.072265    13.7756    -1.3617     -2.531    32.5325    24.3267 -9.990e-29
 154.617905     -2.474  38.968244    13.7471    -1.3604     -2.453    32.4601    24.2766 -9.990e-29
 154.617911     -2.405  38.908162    13.7368    -1.3612     -2.385    32.4130    24.2423 -9.990e-29
 154.617917     -2.339  38.857928    13.7399    -1.3619     -2.319    32.3637    24.2037 -9.990e-29
 154.617922     -2.279  38.776951    13.7261    -1.3620     -2.260    32.3002    24.1574 -9.990e-29
 154.617928     -2.227  38.720449    13.6729    -1.3627     -2.208    32.2926    24.1623 -9.990e-29
 154.617934     -2.185  38.719095    13.6053    -1.3621     -2.167    32.3485    24.2191 -9.990e-29
 154.617940     -2.150  38.767202    13.5948    -1.3600     -2.132    32.4021    24.2627 -9.990e-29
 154.617946     -2.121  38.792713    13.6735    -1.3589     -2.103    32.3592    24.2136 -9.990e-29
 154.617951     -2.095  38.740525    13.7823    -1.3591     -2.078    32.2191    24.0833 -9.990e-29
 154.617957     -2.071  38.677886    13.8385    -1.3599     -2.054    32.1140    23.9907 -9.990e-29
 154.617963     -2.047  38.672152    13.8256    -1.3603     -2.030    32.1195    23.9976 -9.990e-29
 154.617969     -2.021  38.707902    13.7856    -1.3607     -2.004    32.1861    24.0571 -9.990e-29
 154.617975     -1.992  38.764462    13.7634    -1.3600     -1.975    32.2571    24.1165 -9.990e-29
 154.617980     -1.963  38.825901    13.7816    -1.3598     -1.947    32.2987    24.1450 -9.990e-29
 154.617986     -1.940  38.847466    13.8379    -1.3605     -1.924    32.2713    24.1123 -9.990e-29
 154.617992     -1.926  38.807491    13.9030    -1.3614     -1.910    32.1797    24.0283 -9.990e-29
 154.617998     -1.915  38.751956    13.9354    -1.3612     -1.899    32.1013    23.9612 -9.990e-29
 154.618003     -1.899  38.730211    13.9159    -1.3602     -1.883    32.0975    23.9622 -9.990e-29
 154.618009     -1.877  38.752566    13.8737    -1.3603     -1.861    32.1535    24.0140 -9.990e-29
 154.618015     -1.855  38.814123    13.8555    -1.3606     -1.840    32.2256    24.0735 -9.990e-29
 154.618021     -1.836  38.873095    13.8704    -1.3641     -1.821    32.2676    24.1029 -9.990e-29
 154.618027     -1.820  38.872470    13.8888    -1.3640     -1.805    32.2516    24.0867 -9.990e-29
 154.618032     -1.806  38.824349    13.8756    -1.3636     -1.791    32.2182    24.0636 -9.990e-29
 154.618038     -1.792  38.793567    13.8361    -1.3636     -1.777    32.2229    24.0753 -9.990e-29
 154.618044     -1.777  38.818742    13.8164    -1.3656     -1.762    32.2627    24.1101 -9.990e-29
 154.618050     -1.761  38.865646    13.8382    -1.3663     -1.746    32.2878    24.1250 -9.990e-29
 154.618056     -1.743  38.868468    13.8696    -1.3660     -1.728    32.2640    24.1002 -9.990e-29
 154.618061     -1.721  38.820357    13.8628    -1.3659     -1.707    32.2252    24.0717 -9.990e-29
 154.618067     -1.694  38.771023    13.7975    -1.3657     -1.680    32.2344    24.0921 -9.990e-29
 154.618073     -1.665  38.769111    13.7144    -1.3657     -1.651    32.3026    24.1616 -9.990e-29
 154.618079     -1.640  38.813236    13.6823    -1.3666     -1.626    32.3707    24.2207 -9.990e-29
 154.618084     -1.622  38.848455    13.7010    -1.3659     -1.608    32.3876    24.2300 -9.990e-29
 154.618090     -1.609  38.827002    13.7058    -1.3649     -1.596    32.3636    24.2105 -9.990e-29
 154.618096     -1.598  38.750586    13.6594    -1.3635     -1.585    32.3318    24.1953 -9.990e-29
 154.618102     -1.582  38.679393    13.5963    -1.3627     -1.569    32.3189    24.1981 -9.990e-29
 154.618108     -1.566  38.683931    13.5624    -1.3631     -1.553    32.3518    24.2303 -9.990e-29
 154.618113     -1.552  38.750660    13.5608    -1.3662     -1.539    32.4153    24.2798 -9.990e-29
 154.618119     -1.539  38.804319    13.5748    -1.3693     -1.526    32.4534    24.3064 -9.990e-29
 154.618125     -1.527  38.809976    13.5851    -1.3688     -1.514    32.4500    24.3016 -9.990e-29
 154.618131     -1.514  38.782509    13.5863    -1.3686     -1.501    32.4233    24.2808 -9.990e-29
 154.618137     -1.501  38.751496    13.5931    -1.3668     -1.488    32.3887    24.2527 -9.990e-29
 154.618142     -1.485  38.747955    13.6165    -1.3668     -1.473    32.3656    24.2301 -9.990e-29
 154.618148     -1.467  38.781782    13.6531    -1.3679     -1.455    32.3661    24.2231 -9.990e-29
 154.618154     -1.449  38.826367    13.6852    -1.3708     -1.437    32.3803    24.2276 -9.990e-29
 154.618160     -1.434  38.842535    13.6829    -1.3700     -1.422    32.3973    24.2412 -9.990e-29
 154.618166     -1.418  38.805366    13.6256    -1.3691     -1.406    32.4113    24.2636 -9.990e-29
 154.618171     -1.395  38.718613    13.5353    -1.3692     -1.383    32.4070    24.2785 -9.990e-29
 154.618177     -1.367  38.638759    13.4681    -1.3686     -1.356    32.3895    24.2785 -9.990e-29
 154.618183     -1.342  38.646043    13.4639    -1.3686     -1.331    32.3999    24.2873 -9.990e-29
 154.618189     -1.322  38.721607    13.5108    -1.3686     -1.311    32.4306    24.3016 -9.990e-29
 154.618194     -1.305  38.757687    13.5538    -1.3687     -1.294    32.4277    24.2908 -9.990e-29
 154.618200     -1.292  38.706571    13.5455    -1.3699     -1.281    32.3871    24.2610 -9.990e-29
 154.618206     -1.281  38.605558    13.4932    -1.3707     -1.270    32.3372    24.2330 -9.990e-29
 154.618212     -1.271  38.525199    13.4457    -1.3699     -1.260    32.3025    24.2156 -9.990e-29
 154.618218     -1.262  38.528249    13.4284    -1.3696     -1.251    32.3200    24.2326 -9.990e-29
 154.618223     -1.253  38.604788    13.4314    -1.3686     -1.243    32.3889    24.2854 -9.990e-29
 154.618229     -1.243  38.675835    13.4449    -1.3671     -1.233    32.4438    24.3251 -9.990e-29
 154.618235     -1.233  38.703300    13.4615    -1.3667     -1.223    32.4554    24.3307 -9.990e-29
 154.618241     -1.220  38.700304    13.4744    -1.3677     -1.210    32.4416    24.3175 -9.990e-29
 154.618247     -1.206  38.675608    13.4764    -1.3695     -1.196    32.4168    24.2979 -9.990e-29
 154.618252     -1.187  38.638372    13.4610    -1.3723     -1.177    32.3951    24.2842 -9.990e-29
 154.618258     -1.164  38.596538    13.4362    -1.3720     -1.154    32.3771    24.2753 -9.990e-29
 154.618264     -1.140  38.567786    13.4203    -1.3717     -1.130    32.3637    24.2681 -9.990e-29
 154.618270     -1.120  38.585365    13.4283    -1.3723     -1.111    32.3734    24.2739 -9.990e-29
 154.618275     -1.109  38.642460    13.4635    -1.3719     -1.100    32.3968    24.2850 -9.990e-29
 154.618281     -1.101  38.689643    13.5104    -1.3715     -1.092    32.4010    24.2789 -9.990e-29
 154.618287     -1.087  38.705200    13.5442    -1.3707     -1.078    32.3869    24.2611 -9.990e-29
 154.618293     -1.066  38.690285    13.5456    -1.3704     -1.057    32.3718    24.2492 -9.990e-29
 154.618299     -1.045  38.632896    13.5021    -1.3711     -1.036    32.3551    24.2450 -9.990e-29
 154.618304     -1.029  38.540633    13.4252    -1.3711     -1.020    32.3342    24.2442 -9.990e-29
 154.618310     -1.014  38.467650    13.3587    -1.3705     -1.006    32.3223    24.2484 -9.990e-29
 154.618316     -1.001  38.475853    13.3326    -1.3710     -0.993    32.3522    24.2766 -9.990e-29
 154.618322     -0.989  38.545914    13.3414    -1.3707     -0.981    32.4103    24.3198 -9.990e-29
 154.618328     -0.977  38.582901    13.3702    -1.3702     -0.969    32.4204    24.3219 -9.990e-29
 154.618333     -0.963  38.555427    13.4048    -1.3721     -0.955    32.3653    24.2724 -9.990e-29
 154.618339     -0.948  38.509295    13.4358    -1.3749     -0.940    32.2959    24.2125 -9.990e-29
 154.618345     -0.930  38.478323    13.4560    -1.3776     -0.922    32.2499    24.1729 -9.990e-29
 154.618351     -0.909  38.459364    13.4598    17.5612     -0.901    32.2289    24.1560 -9.990e-29
 154.618356     -0.886  38.436139    13.4528    23.0289     -0.879    32.2132    24.1452 -9.990e-29
 154.618362     -0.866  38.420309    13.4446    23.5666     -0.859    32.2053    24.1408 -9.990e-29
 154.618368     -0.845  38.435638    13.4377    20.1168     -0.838    32.2254    24.1577 -9.990e-29
 154.618374     -0.829  38.462786    13.4295    12.1702     -0.822    32.2577    24.1843 -9.990e-29
 154.618380     -0.819  38.476308    13.4100    13.2488     -0.812    32.2869    24.2107 -9.990e-29
 154.618385     -0.815  38.483045    13.3692    13.8577     -0.808    32.3277    24.2505 -9.990e-29
 154.618391     -0.813  38.462292    13.3099    13.6844     -0.806    32.3587    24.2862 -9.990e-29
 154.618397     -0.804  38.380796    13.2511    13.2494     -0.797    32.3323    24.2775 -9.990e-29
 154.618403     -0.788  38.261643    13.2191    12.6187     -0.781    32.2476    24.2183 -9.990e-29
 154.618409     -0.771  38.148334    13.2382    12.0331     -0.765    32.1252    24.1198 -9.990e-29
 154.618414     -0.757  38.085430    13.3084    11.6225     -0.751    32.0071    24.0146 -9.990e-29
 154.618420     -0.746  38.088288    13.3796    11.3878     -0.740    31.9500    23.9563 -9.990e-29
 154.618426     -0.736  38.110857    13.4033    11.3287     -0.730    31.9512    23.9525 -9.990e-29
 154.618432     -0.727  38.116009    13.3771    11.3257     -0.721    31.9780    23.9785 -9.990e-29
 154.618438     -0.719  38.083188    13.3210    11.3152     -0.713    31.9944    24.0023 -9.990e-29
 154.618443     -0.710  38.024711    13.2697    11.3304     -0.704    31.9828    24.0035 -9.990e-29
