data/oxygen options/ONMS/Olympic_Coast_National_Marine_Sanctuary_Hypoxia_Survey_CTD_Data_2004_2015/raw_data/2009/CTD_TH065_081209faed.cnv
* Sea-Bird SBE19 Data File:
* FileName = C:\2009_MOORING_DATA\081109_DATA\CTD_TH065_081209.hex
* Software Version 1.24
* Temperature SN = 2997
* Conductivity SN = 2997
* System UpLoad Time = Aug 12 2009 15:03:40
* SEACAT PROFILER V3.1c SN 2997   08/12/09  15:02:55.823
* strain gauge pressure sensor: S/N = 184829,  range = 3000 psia,  tc = 40
# nquan = 9                                 
# nvalues = 917                         
# units = specified
# name 0 = timeJ: Julian Days
# name 1 = prSM: Pressure, Strain Gauge [db]
# name 2 = c0mS/cm: Conductivity [mS/cm]
# name 3 = t090C: Temperature [ITS-90, deg C]
# name 4 = sbeox0ML/L: Oxygen, SBE 43 [ml/l]
# name 5 = depSM: Depth [salt water, m], lat = 47.5
# name 6 = sal00: Salinity, Practical [PSU]
# name 7 = sigma-é00: Density [sigma-theta, kg/m^3]
# name 8 = flag: flag
# span 0 = 224.607407, 224.612708       
# span 1 =     -5.966,     67.039       
# span 2 =   0.122831,  40.098185       
# span 3 =     7.1699,    15.9855       
# span 4 =    -1.6023,    17.7745       
# span 5 =     -5.916,     66.469       
# span 6 =     0.0726,    33.7524       
# span 7 =    -0.9971,    26.4135       
# span 8 = 0.0000e+00, 0.0000e+00       
# interval = seconds: 0.5
# start_time = Aug 12 2009 14:34:40 [Instrument's time stamp, header]
# bad_flag = -9.990e-29
*END*
[from data line 481]
 224.610191      2.751  39.628123    14.2621     7.9108      2.728    32.6314    24.3030 -9.990e-29
 224.610197      2.740  39.636181    14.2655     7.9465      2.717    32.6359    24.3057 -9.990e-29
 224.610203      2.745  39.639085    14.2669     7.9673      2.722    32.6374    24.3066 -9.990e-29
 224.610208      2.759  39.638464    14.2674     7.9818      2.736    32.6364    24.3057 -9.990e-29
 224.610214      2.777  39.639468    14.2681     7.9992      2.754    32.6367    24.3058 -9.990e-29
 224.610220      2.794  39.642874    14.2695     7.9731      2.771    32.6386    24.3070 -9.990e-29
 224.610226      2.813  39.645742    14.2715     7.9217      2.790    32.6396    24.3073 -9.990e-29
 224.610231      2.829  39.647962    14.2744     7.8616      2.805    32.6391    24.3064 -9.990e-29
 224.610237      2.839  39.652863    14.2796     7.8421      2.815    32.6392    24.3054 -9.990e-29
 224.610243      2.845  39.661926    14.2871     7.8630      2.821    32.6412    24.3054 -9.990e-29
 224.610249      2.847  39.670969    14.2928     7.8835      2.823    32.6447    24.3069 -9.990e-29
 224.610255      2.848  39.673543    14.2912     7.8983      2.824    32.6484    24.3101 -9.990e-29
 224.610260      2.854  39.664665    14.2814     7.8943      2.830    32.6485    24.3122 -9.990e-29
 224.610266      2.864  39.647070    14.2699     7.8729      2.840    32.6421    24.3096 -9.990e-29
 224.610272      2.875  39.633736    14.2669     7.8658      2.851    32.6324    24.3028 -9.990e-29
 224.610278      2.880  39.633226    14.2731     7.8839      2.856    32.6267    24.2971 -9.990e-29
 224.610284      2.878  39.639804    14.2810     7.9062      2.854    32.6261    24.2949 -9.990e-29
 224.610289      2.878  39.643174    14.2851     7.9263      2.854    32.6257    24.2938 -9.990e-29
 224.610295      2.885  39.638853    14.2826     7.9079      2.861    32.6238    24.2929 -9.990e-29
 224.610301      2.893  39.628924    14.2738     7.8993      2.869    32.6222    24.2934 -9.990e-29
 224.610307      2.896  39.620889    14.2662     7.8763      2.872    32.6212    24.2943 -9.990e-29
 224.610312      2.890  39.623091    14.2673     7.8598      2.866    32.6223    24.2949 -9.990e-29
 224.610318      2.877  39.635093    14.2727     7.8435      2.853    32.6287    24.2987 -9.990e-29
 224.610324      2.866  39.645414    14.2740     7.8120      2.842    32.6371    24.3049 -9.990e-29
 224.610330      2.861  39.645945    14.2705     7.8265      2.837    32.6406    24.3083 -9.990e-29
 224.610336      2.861  39.640753    14.2656     7.8540      2.837    32.6399    24.3089 -9.990e-29
 224.610341      2.866  39.636368    14.2615     7.8966      2.842    32.6394    24.3093 -9.990e-29
 224.610347      2.876  39.635345    14.2585     7.9122      2.852    32.6410    24.3111 -9.990e-29
 224.610353      2.893  39.634630    14.2542     7.8921      2.869    32.6440    24.3143 -9.990e-29
 224.610359      2.912  39.627095    14.2483     7.8902      2.888    32.6420    24.3141 -9.990e-29
 224.610365      2.927  39.615582    14.2476     7.8942      2.903    32.6320    24.3065 -9.990e-29
 224.610370      2.934  39.615572    14.2559     7.9070      2.909    32.6250    24.2994 -9.990e-29
 224.610376      2.934  39.628162    14.2649     7.8983      2.909    32.6290    24.3005 -9.990e-29
 224.610382      2.930  39.640980    14.2662     7.8775      2.906    32.6396    24.3085 -9.990e-29
 224.610388      2.928  39.645321    14.2613     7.8755      2.904    32.6478    24.3158 -9.990e-29
 224.610394      2.922  39.637998    14.2590     7.8964      2.898    32.6430    24.3126 -9.990e-29
 224.610399      2.908  39.632230    14.2629     7.9195      2.884    32.6344    24.3051 -9.990e-29
 224.610405      2.889  39.636014    14.2675     7.9094      2.865    32.6340    24.3039 -9.990e-29
 224.610411      2.872  39.639813    14.2669     7.8417      2.848    32.6380    24.3071 -9.990e-29
 224.610417      2.862  39.638596    14.2620     7.7915      2.838    32.6410    24.3104 -9.990e-29
 224.610422      2.857  39.635782    14.2590     7.7772      2.833    32.6410    24.3110 -9.990e-29
 224.610428      2.856  39.637145    14.2614     7.8302      2.832    32.6402    24.3099 -9.990e-29
 224.610434      2.861  39.642250    14.2661     7.8854      2.837    32.6409    24.3095 -9.990e-29
 224.610440      2.870  39.646123    14.2651     7.8762      2.846    32.6453    24.3131 -9.990e-29
 224.610446      2.886  39.639906    14.2542     7.8192      2.862    32.6488    24.3181 -9.990e-29
 224.610451      2.904  39.615305    14.2428     7.7944      2.880    32.6358    24.3104 -9.990e-29
 224.610457      2.912  39.595577    14.2432     7.8092      2.888    32.6174    24.2961 -9.990e-29
 224.610463      2.903  39.605430    14.2528     7.8678      2.879    32.6183    24.2948 -9.990e-29
 224.610469      2.885  39.624914    14.2622     7.9321      2.861    32.6283    24.3006 -9.990e-29
 224.610475      2.874  39.635147    14.2637     7.9401      2.850    32.6364    24.3065 -9.990e-29
 224.610480      2.877  39.633513    14.2549     7.9272      2.853    32.6423    24.3129 -9.990e-29
 224.610486      2.886  39.621754    14.2460     7.9107      2.862    32.6391    24.3123 -9.990e-29
 224.610492      2.890  39.616143    14.2476     7.8891      2.866    32.6326    24.3069 -9.990e-29
 224.610498      2.887  39.623204    14.2574     7.8856      2.863    32.6308    24.3035 -9.990e-29
 224.610503      2.887  39.633841    14.2671     7.8692      2.863    32.6323    24.3027 -9.990e-29
 224.610509      2.893  39.641487    14.2714     7.8492      2.869    32.6357    24.3044 -9.990e-29
 224.610515      2.907  39.641195    14.2715     7.8410      2.883    32.6354    24.3041 -9.990e-29
 224.610521      2.925  39.634254    14.2720     7.8546      2.901    32.6286    24.2987 -9.990e-29
 224.610527      2.939  39.631028    14.2742     7.8949      2.914    32.6237    24.2946 -9.990e-29
 224.610532      2.945  39.635056    14.2751     7.9126      2.920    32.6267    24.2966 -9.990e-29
 224.610538      2.950  39.637687    14.2699     7.9113      2.925    32.6335    24.3030 -9.990e-29
 224.610544      2.956  39.630651    14.2591     7.9029      2.931    32.6361    24.3073 -9.990e-29
 224.610550      2.961  39.617455    14.2510     7.9019      2.936    32.6309    24.3049 -9.990e-29
 224.610556      2.961  39.610773    14.2537     7.9103      2.936    32.6224    24.2978 -9.990e-29
 224.610561      2.955  39.619629    14.2653     7.9329      2.930    32.6208    24.2941 -9.990e-29
 224.610567      2.947  39.636197    14.2759     7.9641      2.922    32.6270    24.2968 -9.990e-29
 224.610573      2.945  39.647241    14.2787     7.9509      2.920    32.6348    24.3022 -9.990e-29
 224.610579      2.954  39.650103    14.2712     7.9069      2.929    32.6438    24.3106 -9.990e-29
 224.610584      2.970  39.642429    14.2591     7.8288      2.945    32.6469    24.3156 -9.990e-29
 224.610590      2.984  39.629680    14.2553     7.7794      2.959    32.6384    24.3099 -9.990e-29
 224.610596      2.995  39.627928    14.2628     7.7754      2.970    32.6305    24.3022 -9.990e-29
 224.610602      3.002  39.637632    14.2733     7.8127      2.977    32.6305    24.3000 -9.990e-29
 224.610608      3.011  39.645929    14.2774     7.8915      2.986    32.6347    24.3023 -9.990e-29
 224.610613      3.025  39.644818    14.2667     7.9363      3.000    32.6427    24.3108 -9.990e-29
 224.610619      3.042  39.626645    14.2428     7.9116      3.017    32.6462    24.3184 -9.990e-29
 224.610625      3.055  39.594649    14.2237     7.8785      3.029    32.6330    24.3122 -9.990e-29
 224.610631      3.050  39.579048    14.2248     7.8705      3.025    32.6177    24.3002 -9.990e-29
 224.610637      3.020  39.593788    14.2417     7.9178      2.995    32.6170    24.2961 -9.990e-29
 224.610642      2.975  39.616458    14.2592     7.9551      2.950    32.6230    24.2971 -9.990e-29
 224.610648      2.938  39.630745    14.2678     7.9099      2.913    32.6289    24.2999 -9.990e-29
 224.610654      2.920  39.634393    14.2681     7.8222      2.896    32.6320    24.3022 -9.990e-29
 224.610660      2.916  39.631705    14.2650     7.7879      2.892    32.6321    24.3030 -9.990e-29
 224.610666      2.915  39.630305    14.2642     7.8089      2.891    32.6315    24.3027 -9.990e-29
 224.610671      2.910  39.632245    14.2679     7.8755      2.886    32.6302    24.3008 -9.990e-29
 224.610677      2.901  39.636738    14.2732     7.8958      2.877    32.6298    24.2995 -9.990e-29
 224.610683      2.894  39.641358    14.2718     7.8503      2.870    32.6353    24.3040 -9.990e-29
 224.610689      2.895  39.635440    14.2602     7.8149      2.871    32.6396    24.3097 -9.990e-29
 224.610694      2.900  39.612772    14.2511     7.8150      2.876    32.6265    24.3015 -9.990e-29
 224.610700      2.898  39.599752    14.2551     7.8391      2.874    32.6112    24.2888 -9.990e-29
 224.610706      2.888  39.614891    14.2635     7.8622      2.864    32.6180    24.2923 -9.990e-29
 224.610712      2.875  39.632392    14.2627     7.8873      2.851    32.6347    24.3054 -9.990e-29
 224.610718      2.877  39.630732    14.2490     7.9111      2.853    32.6448    24.3161 -9.990e-29
 224.610723      2.894  39.616665    14.2340     7.9206      2.870    32.6445    24.3190 -9.990e-29
 224.610729      2.910  39.607313    14.2311     7.9092      2.886    32.6384    24.3149 -9.990e-29
 224.610735      2.916  39.610379    14.2383     7.8584      2.892    32.6351    24.3108 -9.990e-29
 224.610741      2.914  39.618165    14.2463     7.8250      2.890    32.6355    24.3095 -9.990e-29
 224.610747      2.908  39.623106    14.2514     7.8231      2.884    32.6357    24.3086 -9.990e-29
 224.610752      2.905  39.623938    14.2539     7.8600      2.881    32.6344    24.3070 -9.990e-29
 224.610758      2.911  39.621766    14.2520     7.8894      2.887    32.6340    24.3071 -9.990e-29
 224.610764      2.925  39.617614    14.2439     7.8399      2.901    32.6370    24.3111 -9.990e-29
 224.610770      2.944  39.608183    14.2323     7.7886      2.919    32.6382    24.3144 -9.990e-29
 224.610775      2.960  39.595469    14.2252     7.7807      2.935    32.6325    24.3115 -9.990e-29
 224.610781      2.971  39.594470    14.2291     7.8150      2.946    32.6283    24.3075 -9.990e-29
 224.610787      2.976  39.607769    14.2385     7.8611      2.951    32.6325    24.3088 -9.990e-29
 224.610793      2.981  39.618887    14.2424     7.8548      2.956    32.6394    24.3133 -9.990e-29
 224.610799      2.991  39.617973    14.2373     7.8244      2.966    32.6429    24.3171 -9.990e-29
 224.610804      3.001  39.606611    14.2296     7.8155      2.976    32.6390    24.3156 -9.990e-29
 224.610810      3.003  39.598241    14.2290     7.8383      2.978    32.6318    24.3102 -9.990e-29
 224.610816      2.994  39.603560    14.2340     7.8862      2.969    32.6325    24.3097 -9.990e-29
 224.610822      2.982  39.611148    14.2370     7.8981      2.957    32.6369    24.3125 -9.990e-29
 224.610828      2.973  39.611494    14.2344     7.8382      2.948    32.6394    24.3150 -9.990e-29
 224.610833      2.964  39.606176    14.2286     7.7955      2.939    32.6394    24.3162 -9.990e-29
 224.610839      2.950  39.599312    14.2260     7.8213      2.925    32.6353    24.3136 -9.990e-29
 224.610845      2.929  39.599683    14.2309     7.8878      2.905    32.6315    24.3096 -9.990e-29
 224.610851      2.901  39.610020    14.2405     7.9636      2.877    32.6329    24.3087 -9.990e-29
 224.610856      2.868  39.622231    14.2482     7.9434      2.844    32.6376    24.3107 -9.990e-29
 224.610862      2.840  39.629045    14.2514     7.8657      2.816    32.6412    24.3128 -9.990e-29
 224.610868      2.824  39.628891    14.2522     7.8207      2.800    32.6404    24.3120 -9.990e-29
 224.610874      2.816  39.627168    14.2556     7.8393      2.792    32.6359    24.3079 -9.990e-29
 224.610880      2.810  39.631663    14.2637     7.9021      2.787    32.6332    24.3041 -9.990e-29
 224.610885      2.810  39.640513    14.2718     7.9534      2.787    32.6345    24.3034 -9.990e-29
 224.610891      2.825  39.646450    14.2757     7.9340      2.801    32.6367    24.3042 -9.990e-29
 224.610897      2.851  39.645613    14.2756     7.8911      2.827    32.6360    24.3037 -9.990e-29
 224.610903      2.873  39.642486    14.2744     7.8788      2.849    32.6341    24.3025 -9.990e-29
 224.610909      2.884  39.643922    14.2755     7.8749      2.860    32.6345    24.3026 -9.990e-29
 224.610914      2.884  39.648447    14.2783     7.8807      2.860    32.6363    24.3034 -9.990e-29
 224.610920      2.882  39.650058    14.2766     7.8751      2.858    32.6392    24.3060 -9.990e-29
 224.610926      2.896  39.644609    14.2693     7.8811      2.872    32.6403    24.3084 -9.990e-29
 224.610932      2.929  39.636303    14.2631     7.9133      2.905    32.6379    24.3078 -9.990e-29
 224.610938      2.972  39.631333    14.2633     7.9558      2.947    32.6332    24.3041 -9.990e-29
 224.610943      3.014  39.632488    14.2710     7.9950      2.989    32.6277    24.2983 -9.990e-29
 224.610949      3.058  39.642873    14.2817     7.9721      3.032    32.6282    24.2965 -9.990e-29
 224.610955      3.116  39.656038    14.2883     7.8330      3.090    32.6347    24.3001 -9.990e-29
 224.610961      3.195  39.661951    14.2894     7.6164      3.168    32.6392    24.3033 -9.990e-29
 224.610966      3.296  39.661097    14.2882     7.3687      3.268    32.6394    24.3037 -9.990e-29
 224.610972      3.421  39.658955    14.2847     7.1144      3.392    32.6403    24.3052 0.0000e+00
 224.610978      3.583  39.655359    14.2721     6.8996      3.553    32.6476    24.3134 0.0000e+00
 224.610984      3.791  39.636989    14.2354     6.7042      3.759    32.6617    24.3319 0.0000e+00
 224.610990      4.050  39.577558    14.1572     6.4523      4.016    32.6731    24.3571 0.0000e+00
 224.610995      4.365  39.468355    14.0365     6.1482      4.329    32.6748    24.3833 0.0000e+00
 224.611001      4.729  39.339714    13.8963     5.8444      4.689    32.6749    24.4123 0.0000e+00
 224.611007      5.131  39.219588    13.7585     5.5805      5.088    32.6807    24.4450 0.0000e+00
 224.611013      5.563  39.112505    13.6258     5.3707      5.516    32.6943    24.4824 0.0000e+00
 224.611019      6.021  39.010665    13.4757     5.1919      5.971    32.7276    24.5385 0.0000e+00
 224.611024      6.506  38.883545    13.2816     4.9875      6.452    32.7752    24.6142 0.0000e+00
 224.611030      7.009  38.714574    13.0585     4.7521      6.950    32.8085    24.6842 0.0000e+00
 224.611036      7.524  38.539011    12.8427     4.5113      7.461    32.8293    24.7427 0.0000e+00
 224.611042      8.054  38.388356    12.6470     4.2871      7.987    32.8562    24.8016 0.0000e+00
 224.611047      8.603  38.257789    12.4779     4.0711      8.531    32.8790    24.8518 0.0000e+00
 224.611053      9.170  38.132837    12.3380     3.8482      9.093    32.8815    24.8805 0.0000e+00
 224.611059      9.759  37.982972    12.2146     3.7116      9.677    32.8455    24.8760 0.0000e+00
 224.611065     10.367  37.796582    12.0712     3.6270     10.280    32.7914    24.8611 0.0000e+00
 224.611071     10.990  37.598562    11.8819     3.5781     10.898    32.7659    24.8766 0.0000e+00
 224.611076     11.626  37.415672    11.6870     3.5986     11.529    32.7597    24.9078 0.0000e+00
 224.611082     12.276  37.247191    11.5104     3.5843     12.173    32.7510    24.9333 0.0000e+00
 224.611088     12.944  37.075154    11.3651     3.4752     12.836    32.7108    24.9284 0.0000e+00
 224.611094     13.624  36.934579    11.3156     3.2168     13.510    32.6162    24.8638 0.0000e+00
 224.611100     14.308  36.800992    11.3701     2.8577     14.188    32.4368    24.7146 0.0000e+00
 224.611105     14.992  36.667067    11.4564     2.5715     14.866    32.2299    24.5382 0.0000e+00
