data/oxygen options/ONMS/Olympic_Coast_National_Marine_Sanctuary_CTD_Data_2005_2023/raw_data/2008/SBE19/CTD_MB042_052908faed.cnv
* Sea-Bird SBE19 Data File:
* FileName = C:\2008_Mooring_Data\042408_service\CTD_MB042_052908.hex
* Software Version 1.58
* Temperature SN = 2997
* Conductivity SN = 2997
* System UpLoad Time = May 29 2008 12:20:55
**
**
# nquan = 9                                 
# nvalues = 719                         
# units = specified
# name 0 = timeJ: Julian Days
# name 1 = prSM: Pressure, Strain Gauge [db]
# name 2 = c0mS/cm: Conductivity [mS/cm]
# name 3 = t090C: Temperature [ITS-90, deg C]
# name 4 = sbeox0ML/L: Oxygen, SBE 43 [ml/l]
# name 5 = depSM: Depth [salt water, m], lat = 47.5
# name 6 = sal00: Salinity, Practical [PSU]
# name 7 = sigma-é00: Density [sigma-theta, kg/m^3]
# name 8 = flag: flag
# span 0 = 150.475336, 150.479491       
# span 1 =     -5.416,     41.429       
# span 2 =   0.000045,  35.343903       
# span 3 =     7.5000,    11.1429       
# span 4 =    -1.6731,    22.5214       
# span 5 =     -5.371,     41.079       
# span 6 =     0.0055,    33.5002       
# span 7 =    -0.4030,    26.1686       
# span 8 = 0.0000e+00, 0.0000e+00       
# interval = seconds: 0.5
# start_time = May 29 2008 11:24:29 [Instrument's time stamp, header]
# bad_flag = -9.990e-29
*END*
[from data line 321]
 150.477193      0.750  35.094686     9.5314     8.0663      0.744    32.3702    24.9755 -9.990e-29
 150.477199      0.765  35.095136     9.5339     8.0711      0.759    32.3684    24.9737 -9.990e-29
 150.477205      0.779  35.095357     9.5368     8.0484      0.772    32.3660    24.9714 -9.990e-29
 150.477211      0.787  35.095043     9.5445     8.0414      0.780    32.3587    24.9644 -9.990e-29
 150.477216      0.786  35.102134     9.5541     8.0627      0.779    32.3573    24.9618 -9.990e-29
 150.477222      0.777  35.114279     9.5561     8.1124      0.771    32.3679    24.9698 -9.990e-29
 150.477228      0.770  35.117943     9.5506     8.1629      0.764    32.3766    24.9775 -9.990e-29
 150.477234      0.771  35.111251     9.5453     8.1696      0.765    32.3746    24.9767 -9.990e-29
 150.477240      0.770  35.104286     9.5493     8.1361      0.764    32.3638    24.9677 -9.990e-29
 150.477245      0.763  35.108442     9.5667     8.0789      0.757    32.3524    24.9559 -9.990e-29
 150.477251      0.754  35.125859     9.5888     8.0312      0.748    32.3503    24.9507 -9.990e-29
 150.477257      0.752  35.144426     9.6012     8.0136      0.746    32.3581    24.9549 -9.990e-29
 150.477263      0.759  35.153568     9.5970     8.0266      0.753    32.3712    24.9658 -9.990e-29
 150.477269      0.777  35.149754     9.5821     8.0503      0.771    32.3808    24.9756 -9.990e-29
 150.477274      0.803  35.137381     9.5698     8.0782      0.796    32.3792    24.9764 -9.990e-29
 150.477280      0.825  35.128480     9.5640     8.0872      0.818    32.3753    24.9743 -9.990e-29
 150.477286      0.831  35.126822     9.5613     8.0785      0.824    32.3760    24.9753 -9.990e-29
 150.477292      0.823  35.128471     9.5615     8.0447      0.816    32.3776    24.9764 -9.990e-29
 150.477297      0.813  35.131663     9.5635     8.0213      0.806    32.3790    24.9773 -9.990e-29
 150.477303      0.813  35.135010     9.5627     8.0076      0.806    32.3832    24.9806 -9.990e-29
 150.477309      0.826  35.133412     9.5554     8.0219      0.819    32.3881    24.9857 -9.990e-29
 150.477315      0.850  35.127498     9.5440     8.0572      0.843    32.3923    24.9908 -9.990e-29
 150.477321      0.873  35.122784     9.5362     8.0841      0.866    32.3946    24.9938 -9.990e-29
 150.477326      0.884  35.119105     9.5331     8.0919      0.877    32.3936    24.9935 -9.990e-29
 150.477332      0.880  35.116551     9.5323     8.0736      0.873    32.3917    24.9922 -9.990e-29
 150.477338      0.864  35.116156     9.5346     8.0154      0.857    32.3892    24.9899 -9.990e-29
 150.477344      0.849  35.118473     9.5400     7.9550      0.842    32.3867    24.9871 -9.990e-29
 150.477350      0.845  35.124309     9.5456     7.9236      0.838    32.3876    24.9869 -9.990e-29
 150.477355      0.853  35.127401     9.5474     7.9259      0.846    32.3892    24.9878 -9.990e-29
 150.477361      0.865  35.120625     9.5436     7.9357      0.858    32.3857    24.9857 -9.990e-29
 150.477367      0.877  35.107230     9.5357     7.9561      0.870    32.3791    24.9818 -9.990e-29
 150.477373      0.890  35.093966     9.5264     7.9741      0.883    32.3739    24.9792 -9.990e-29
 150.477378      0.905  35.086073     9.5190     8.0050      0.897    32.3725    24.9793 -9.990e-29
 150.477384      0.923  35.084749     9.5163     8.0534      0.915    32.3735    24.9806 -9.990e-29
 150.477390      0.940  35.085942     9.5183     8.0699      0.932    32.3729    24.9798 -9.990e-29
 150.477396      0.950  35.087280     9.5215     8.0982      0.942    32.3714    24.9781 -9.990e-29
 150.477402      0.948  35.091062     9.5233     8.1236      0.940    32.3737    24.9796 -9.990e-29
 150.477407      0.939  35.098371     9.5269     8.1320      0.931    32.3779    24.9823 -9.990e-29
 150.477413      0.934  35.108268     9.5340     8.1425      0.926    32.3816    24.9841 -9.990e-29
 150.477419      0.943  35.119343     9.5441     8.1485      0.935    32.3839    24.9842 -9.990e-29
 150.477425      0.958  35.131755     9.5565     8.1443      0.950    32.3854    24.9834 -9.990e-29
 150.477431      0.965  35.153050     9.5682     8.1419      0.957    32.3966    24.9903 -9.990e-29
 150.477436      0.962  35.171805     9.5774     8.1291      0.954    32.4075    24.9973 -9.990e-29
 150.477442      0.949  35.170411     9.5851     8.1054      0.941    32.3991    24.9895 -9.990e-29
 150.477448      0.928  35.164345     9.5921     8.0905      0.920    32.3866    24.9786 -9.990e-29
 150.477454      0.907  35.165663     9.5989     8.0832      0.899    32.3818    24.9738 -9.990e-29
 150.477459      0.893  35.169375     9.6020     8.0791      0.886    32.3828    24.9740 -9.990e-29
 150.477465      0.890  35.165278     9.5953     8.0659      0.883    32.3847    24.9766 -9.990e-29
 150.477471      0.893  35.148445     9.5820     8.0350      0.886    32.3795    24.9746 -9.990e-29
 150.477477      0.898  35.135070     9.5709     7.9957      0.891    32.3758    24.9736 -9.990e-29
 150.477483      0.902  35.135872     9.5635     7.9698      0.894    32.3833    24.9806 -9.990e-29
 150.477488      0.899  35.140132     9.5564     7.9796      0.891    32.3941    24.9902 -9.990e-29
 150.477494      0.898  35.136704     9.5481     7.9956      0.891    32.3981    24.9946 -9.990e-29
 150.477500      0.909  35.127160     9.5381     8.0133      0.901    32.3973    24.9956 -9.990e-29
 150.477506      0.927  35.115002     9.5273     8.0246      0.919    32.3946    24.9953 -9.990e-29
 150.477512      0.944  35.104168     9.5201     8.0470      0.936    32.3900    24.9928 -9.990e-29
 150.477517      0.955  35.099239     9.5179     8.0878      0.947    32.3869    24.9908 -9.990e-29
 150.477523      0.954  35.099225     9.5172     8.1256      0.946    32.3875    24.9914 -9.990e-29
 150.477529      0.946  35.100726     9.5166     8.1637      0.938    32.3896    24.9931 -9.990e-29
 150.477535      0.939  35.101802     9.5165     8.1637      0.931    32.3908    24.9941 -9.990e-29
 150.477541      0.938  35.103310     9.5179     8.1638      0.930    32.3911    24.9940 -9.990e-29
 150.477546      0.941  35.107802     9.5224     8.1422      0.933    32.3916    24.9937 -9.990e-29
 150.477552      0.949  35.118449     9.5336     8.1088      0.941    32.3924    24.9926 -9.990e-29
 150.477558      0.963  35.140465     9.5494     8.0763      0.955    32.4007    24.9965 -9.990e-29
 150.477564      0.978  35.169572     9.5583     8.0278      0.970    32.4225    25.0120 -9.990e-29
 150.477569      0.989  35.184059     9.5564     7.9887      0.981    32.4390    25.0253 -9.990e-29
 150.477575      0.991  35.174096     9.5499     7.9823      0.983    32.4347    25.0229 -9.990e-29
 150.477581      0.988  35.154395     9.5442     8.0169      0.980    32.4197    25.0121 -9.990e-29
 150.477587      0.993  35.137323     9.5392     8.0759      0.985    32.4067    25.0028 -9.990e-29
 150.477593      1.011  35.122507     9.5317     8.1391      1.003    32.3983    24.9974 -9.990e-29
 150.477598      1.029  35.109219     9.5250     8.1772      1.020    32.3907    24.9926 -9.990e-29
 150.477604      1.038  35.101012     9.5286     8.1853      1.029    32.3790    24.9829 -9.990e-29
 150.477610      1.031  35.103167     9.5534     8.1720      1.022    32.3589    24.9632 -9.990e-29
 150.477616      1.014  35.121900     9.5977     8.1391      1.006    32.3381    24.9398 -9.990e-29
 150.477622      0.995  35.153037     9.6356     8.1125      0.987    32.3358    24.9319 -9.990e-29
 150.477627      0.983  35.180378     9.6471     8.0965      0.975    32.3534    24.9438 -9.990e-29
 150.477633      0.988  35.189390     9.6375     8.0700      0.980    32.3712    24.9593 -9.990e-29
 150.477639      1.001  35.176391     9.6223     8.0559      0.993    32.3717    24.9620 -9.990e-29
 150.477645      1.010  35.154847     9.6120     8.0571      1.002    32.3589    24.9537 -9.990e-29
 150.477650      1.011  35.146428     9.6059     8.0670      1.003    32.3558    24.9523 -9.990e-29
 150.477656      1.005  35.150531     9.5962     8.0810      0.997    32.3687    24.9640 -9.990e-29
 150.477662      0.995  35.146835     9.5806     8.0879      0.987    32.3790    24.9745 -9.990e-29
 150.477668      0.986  35.135437     9.5712     8.0886      0.978    32.3759    24.9736 -9.990e-29
 150.477674      0.975  35.133613     9.5728     8.0795      0.967    32.3726    24.9707 -9.990e-29
 150.477679      0.968  35.142271     9.5730     8.0589      0.960    32.3812    24.9775 -9.990e-29
 150.477685      0.967  35.146045     9.5664     8.0258      0.959    32.3911    24.9862 -9.990e-29
 150.477691      0.973  35.138183     9.5585     7.9957      0.965    32.3901    24.9868 -9.990e-29
 150.477697      0.982  35.127232     9.5530     7.9953      0.974    32.3839    24.9828 -9.990e-29
 150.477703      0.991  35.122660     9.5479     8.0639      0.983    32.3838    24.9835 -9.990e-29
 150.477708      1.003  35.122275     9.5402     8.1503      0.995    32.3904    24.9899 -9.990e-29
 150.477714      1.020  35.117699     9.5313     8.2331      1.011    32.3937    24.9939 -9.990e-29
 150.477720      1.034  35.109536     9.5296     8.3064      1.025    32.3869    24.9889 -9.990e-29
 150.477726      1.042  35.108168     9.5406     8.3742      1.033    32.3755    24.9782 -9.990e-29
 150.477731      1.045  35.120715     9.5612     8.4126      1.036    32.3698    24.9704 -9.990e-29
 150.477737      1.046  35.143717     9.5897     8.4280      1.037    32.3676    24.9641 -9.990e-29
 150.477743      1.055  35.173657     9.6331     8.4098      1.046    32.3591    24.9505 -9.990e-29
 150.477749      1.072  35.215145     9.6859     8.3786      1.063    32.3539    24.9379 -9.990e-29
 150.477755      1.089  35.264661     9.7223     8.3625      1.080    32.3717    24.9458 -9.990e-29
 150.477760      1.099  35.299698     9.7359     8.3185      1.090    32.3951    24.9619 -9.990e-29
 150.477766      1.099  35.308699     9.7458     8.2755      1.090    32.3954    24.9605 -9.990e-29
 150.477772      1.093  35.306453     9.7556     8.2295      1.084    32.3843    24.9503 -9.990e-29
 150.477778      1.085  35.299473     9.7531     8.1936      1.076    32.3794    24.9469 -9.990e-29
 150.477784      1.078  35.280115     9.7377     8.1493      1.069    32.3736    24.9448 -9.990e-29
 150.477789      1.080  35.254484     9.7208     8.1074      1.071    32.3626    24.9390 -9.990e-29
 150.477795      1.092  35.236568     9.7072     8.0832      1.083    32.3566    24.9365 -9.990e-29
 150.477801      1.106  35.232149     9.6869     8.0800      1.097    32.3704    24.9506 -9.990e-29
 150.477807      1.118  35.229152     9.6502     8.0989      1.109    32.4004    24.9799 -9.990e-29
 150.477813      1.130  35.203391     9.6067     8.1021      1.121    32.4133    24.9971 -9.990e-29
 150.477818      1.142  35.163638     9.5765     8.1003      1.132    32.3999    24.9915 -9.990e-29
 150.477824      1.150  35.140897     9.5658     8.0792      1.140    32.3863    24.9826 -9.990e-29
 150.477830      1.151  35.138993     9.5640     8.0689      1.141    32.3859    24.9826 -9.990e-29
 150.477836      1.149  35.144157     9.5617     8.0742      1.139    32.3933    24.9887 -9.990e-29
 150.477841      1.148  35.147011     9.5573     8.0888      1.138    32.4002    24.9948 -9.990e-29
 150.477847      1.152  35.142380     9.5490     8.1064      1.142    32.4029    24.9983 -9.990e-29
 150.477853      1.166  35.130233     9.5398     8.1472      1.156    32.3988    24.9965 -9.990e-29
 150.477859      1.183  35.120125     9.5359     8.1822      1.173    32.3920    24.9918 -9.990e-29
 150.477865      1.190  35.118724     9.5373     8.2139      1.180    32.3893    24.9895 -9.990e-29
 150.477870      1.188  35.123022     9.5407     8.2682      1.178    32.3906    24.9900 -9.990e-29
 150.477876      1.185  35.129207     9.5456     8.3103      1.175    32.3925    24.9907 -9.990e-29
 150.477882      1.186  35.137665     9.5543     8.3378      1.176    32.3933    24.9899 -9.990e-29
 150.477888      1.191  35.151254     9.5697     8.3512      1.181    32.3933    24.9874 -9.990e-29
 150.477894      1.199  35.169585     9.5934     8.3298      1.189    32.3907    24.9816 -9.990e-29
 150.477899      1.212  35.192432     9.6198     8.2840      1.202    32.3902    24.9769 -9.990e-29
 150.477905      1.225  35.218869     9.6412     8.2189      1.215    32.3979    24.9795 -9.990e-29
 150.477911      1.232  35.235950     9.6623     8.1821      1.222    32.3963    24.9748 -9.990e-29
 150.477917      1.232  35.241785     9.6825     8.1422      1.222    32.3841    24.9620 -9.990e-29
 150.477922      1.235  35.248621     9.6869     8.1367      1.225    32.3871    24.9636 -9.990e-29
 150.477928      1.244  35.247631     9.6676     8.1385      1.234    32.4035    24.9796 -9.990e-29
 150.477934      1.256  35.220673     9.6317     8.1326      1.246    32.4083    24.9892 -9.990e-29
 150.477940      1.264  35.178285     9.6026     8.1374      1.253    32.3912    24.9805 -9.990e-29
 150.477946      1.262  35.153004     9.5967     8.1439      1.251    32.3707    24.9654 -9.990e-29
 150.477951      1.252  35.154793     9.5992     8.1477      1.242    32.3703    24.9647 -9.990e-29
 150.477957      1.237  35.163605     9.5930     8.1617      1.227    32.3849    24.9771 -9.990e-29
 150.477963      1.224  35.164281     9.5844     8.1891      1.214    32.3934    24.9851 -9.990e-29
 150.477969      1.218  35.159946     9.5827     8.1866      1.208    32.3905    24.9831 -9.990e-29
 150.477975      1.217  35.154327     9.5868     8.1959      1.207    32.3810    24.9751 -9.990e-29
 150.477980      1.217  35.154474     9.5940     8.2029      1.207    32.3747    24.9690 -9.990e-29
 150.477986      1.214  35.163926     9.6060     8.2085      1.204    32.3735    24.9661 -9.990e-29
 150.477992      1.212  35.175661     9.6196     8.2180      1.202    32.3732    24.9637 -9.990e-29
 150.477998      1.215  35.178976     9.6267     8.2323      1.205    32.3702    24.9602 -9.990e-29
 150.478003      1.224  35.172675     9.6286     8.2371      1.214    32.3621    24.9535 -9.990e-29
 150.478009      1.234  35.174672     9.6283     8.2457      1.224    32.3644    24.9554 -9.990e-29
 150.478015      1.238  35.184249     9.6314     8.2594      1.228    32.3714    24.9603 -9.990e-29
 150.478021      1.236  35.191188     9.6477     8.2606      1.226    32.3638    24.9518 -9.990e-29
 150.478027      1.237  35.203599     9.6713     8.2409      1.227    32.3552    24.9413 -9.990e-29
 150.478032      1.244  35.208319     9.6823     8.2222      1.234    32.3501    24.9355 -9.990e-29
 150.478038      1.255  35.195381     9.6771     8.1818      1.245    32.3416    24.9297 -9.990e-29
 150.478044      1.264  35.195142     9.6700     8.1637      1.253    32.3477    24.9356 -9.990e-29
 150.478050      1.274  35.212309     9.6596     8.1537      1.263    32.3746    24.9583 -9.990e-29
 150.478056      1.284  35.219328     9.6397     8.1613      1.273    32.3997    24.9811 -9.990e-29
 150.478061      1.296  35.201448     9.6185     8.1521      1.285    32.4006    24.9852 -9.990e-29
 150.478067      1.305  35.170665     9.6005     8.1438      1.294    32.3853    24.9762 -9.990e-29
 150.478073      1.308  35.152022     9.5884     8.1318      1.297    32.3772    24.9718 -9.990e-29
 150.478079      1.305  35.154251     9.5827     8.1216      1.294    32.3846    24.9785 -9.990e-29
 150.478084      1.296  35.162935     9.5765     8.1282      1.285    32.3991    24.9909 -9.990e-29
 150.478090      1.285  35.161063     9.5700     8.1256      1.274    32.4030    24.9950 -9.990e-29
 150.478096      1.279  35.153402     9.5670     8.1346      1.268    32.3979    24.9915 -9.990e-29
 150.478102      1.283  35.147646     9.5645     8.1346      1.272    32.3943    24.9890 -9.990e-29
 150.478108      1.292  35.140584     9.5607     8.1074      1.281    32.3905    24.9867 -9.990e-29
