data/oxygen options/ONMS/Olympic_Coast_National_Marine_Sanctuary_CTD_Data_2005_2023/raw_data/2008/SBE19/CTD_TH042_052808faed.cnv
* Sea-Bird SBE19 Data File:
* FileName = C:\2008_Mooring_Data\042408_service\CTD_TH042_052808.hex
* Software Version 1.58
* Temperature SN = 2997
* Conductivity SN = 2997
* System UpLoad Time = May 28 2008 12:30:20
* ds
* SEACAT PROFILER V3.1c SN 2997   05/28/08  12:29:41.912
# nquan = 9                                 
# nvalues = 1717                        
# units = specified
# name 0 = timeJ: Julian Days
# name 1 = prSM: Pressure, Strain Gauge [db]
# name 2 = c0mS/cm: Conductivity [mS/cm]
# name 3 = t090C: Temperature [ITS-90, deg C]
# name 4 = sbeox0ML/L: Oxygen, SBE 43 [ml/l]
# name 5 = depSM: Depth [salt water, m], lat = 47.5
# name 6 = sal00: Salinity, Practical [PSU]
# name 7 = sigma-é00: Density [sigma-theta, kg/m^3]
# name 8 = flag: flag
# span 0 = 149.493160, 149.503090       
# span 1 =     -5.821,     39.425       
# span 2 =   0.019447,  35.683206       
# span 3 =     7.2910,    11.5937       
# span 4 =   -14.2995,    18.5256       
# span 5 =     -5.773,     39.092       
# span 6 =     0.0155,    33.7130       
# span 7 =    -0.4073,    26.3649       
# span 8 = 0.0000e+00, 0.0000e+00       
# interval = seconds: 0.5
# start_time = May 28 2008 11:50:09 [Instrument's time stamp, header]
# bad_flag = -9.990e-29
*END*
[from data line 1601]
 149.502425     10.894  34.569867     8.3490     3.9156     10.803    32.9061    25.5784 -9.990e-29
 149.502431     10.908  34.569894     8.3486     3.9216     10.817    32.9065    25.5788 -9.990e-29
 149.502436     10.924  34.569516     8.3472     3.9263     10.833    32.9074    25.5797 -9.990e-29
 149.502442     10.934  34.568843     8.3464     3.9280     10.842    32.9074    25.5798 -9.990e-29
 149.502448     10.933  34.568707     8.3473     3.9250     10.841    32.9064    25.5789 -9.990e-29
 149.502454     10.926  34.569537     8.3490     3.9249     10.835    32.9057    25.5781 -9.990e-29
 149.502459     10.921  34.570249     8.3500     3.9311     10.830    32.9056    25.5778 -9.990e-29
 149.502465     10.922  34.570165     8.3499     3.9328     10.831    32.9056    25.5778 -9.990e-29
 149.502471     10.925  34.569785     8.3500     3.9263     10.834    32.9051    25.5774 -9.990e-29
 149.502477     10.922  34.569773     8.3508     3.9298     10.831    32.9043    25.5767 -9.990e-29
 149.502483     10.911  34.570164     8.3518     3.9282     10.820    32.9038    25.5762 -9.990e-29
 149.502488     10.902  34.570410     8.3521     3.9422     10.811    32.9038    25.5761 -9.990e-29
 149.502494     10.898  34.570331     8.3515     3.9403     10.807    32.9043    25.5766 -9.990e-29
 149.502500     10.899  34.569872     8.3509     3.9357     10.808    32.9043    25.5767 -9.990e-29
 149.502506     10.904  34.569593     8.3514     3.9267     10.813    32.9036    25.5760 -9.990e-29
 149.502512     10.914  34.570294     8.3528     3.9271     10.823    32.9030    25.5754 -9.990e-29
 149.502517     10.930  34.571278     8.3540     3.9442     10.838    32.9029    25.5751 -9.990e-29
 149.502523     10.949  34.571668     8.3544     3.9487     10.857    32.9029    25.5751 -9.990e-29
 149.502529     10.962  34.571475     8.3542     3.9440     10.870    32.9029    25.5751 -9.990e-29
 149.502535     10.967  34.571053     8.3547     3.9427     10.875    32.9020    25.5743 -9.990e-29
 149.502541     10.963  34.571009     8.3561     3.9318     10.871    32.9006    25.5730 -9.990e-29
 149.502546     10.956  34.571335     8.3571     3.9319     10.864    32.9000    25.5724 -9.990e-29
 149.502552     10.953  34.571398     8.3562     3.9397     10.861    32.9010    25.5733 -9.990e-29
 149.502558     10.957  34.570774     8.3539     3.9330     10.865    32.9024    25.5748 -9.990e-29
 149.502564     10.966  34.569803     8.3527     3.9218     10.874    32.9025    25.5750 -9.990e-29
 149.502569     10.971  34.569480     8.3537     3.9108     10.879    32.9013    25.5739 -9.990e-29
 149.502575     10.968  34.569985     8.3548     3.9079     10.876    32.9008    25.5733 -9.990e-29
 149.502581     10.961  34.570360     8.3544     3.9207     10.869    32.9015    25.5740 -9.990e-29
 149.502587     10.955  34.570038     8.3527     3.9364     10.863    32.9028    25.5752 -9.990e-29
 149.502593     10.948  34.569202     8.3510     3.9410     10.856    32.9035    25.5760 -9.990e-29
 149.502598     10.944  34.568468     8.3505     3.9457     10.852    32.9032    25.5759 -9.990e-29
 149.502604     10.944  34.568588     8.3514     3.9421     10.852    32.9025    25.5752 -9.990e-29
 149.502610     10.942  34.569212     8.3529     3.9324     10.850    32.9017    25.5744 -9.990e-29
 149.502616     10.944  34.569543     8.3537     3.9294     10.852    32.9013    25.5739 -9.990e-29
 149.502622     10.954  34.569514     8.3533     3.9264     10.862    32.9017    25.5743 -9.990e-29
 149.502627     10.967  34.569138     8.3520     3.9282     10.875    32.9025    25.5751 -9.990e-29
 149.502633     10.976  34.568525     8.3506     3.9444     10.884    32.9032    25.5758 -9.990e-29
 149.502639     10.978  34.568026     8.3504     3.9538     10.886    32.9028    25.5756 -9.990e-29
 149.502645     10.973  34.568147     8.3517     3.9551     10.881    32.9017    25.5745 -9.990e-29
 149.502650     10.959  34.569102     8.3541     3.9583     10.867    32.9005    25.5732 -9.990e-29
 149.502656     10.938  34.569973     8.3567     3.9396     10.846    32.8990    25.5717 -9.990e-29
 149.502662     10.910  34.570293     8.3583     3.9335     10.819    32.8978    25.5705 -9.990e-29
 149.502668     10.888  34.570540     8.3585     3.9316     10.797    32.8979    25.5706 -9.990e-29
 149.502674     10.878  34.570537     8.3574     3.9310     10.787    32.8990    25.5715 -9.990e-29
 149.502679     10.876  34.570332     8.3557     3.9307     10.785    32.9003    25.5729 -9.990e-29
 149.502685     10.873  34.570262     8.3542     3.9354     10.782    32.9017    25.5741 -9.990e-29
 149.502691     10.860  34.570284     8.3542     3.9375     10.769    32.9017    25.5741 -9.990e-29
 149.502697     10.836  34.570475     8.3556     3.9456     10.745    32.9006    25.5731 -9.990e-29
 149.502703     10.808  34.570581     8.3563     3.9610     10.718    32.9001    25.5726 -9.990e-29
 149.502708     10.780  34.570234     8.3555     3.9668     10.690    32.9005    25.5730 -9.990e-29
 149.502714     10.745  34.569585     8.3550     3.9665     10.655    32.9003    25.5729 -9.990e-29
 149.502720     10.692  34.569500     8.3569     3.9598     10.602    32.8984    25.5712 -9.990e-29
 149.502726     10.617  34.570474     8.3608     3.9514     10.528    32.8958    25.5686 -9.990e-29
 149.502731     10.529  34.571616     8.3645     3.9411     10.441    32.8936    25.5663 -9.990e-29
 149.502737     10.431  34.572260     8.3659     3.9324     10.344    32.8930    25.5656 -9.990e-29
 149.502743     10.312  34.572198     8.3649     3.9357     10.226    32.8940    25.5665 -9.990e-29
 149.502749     10.156  34.571401     8.3641     3.9455     10.071    32.8939    25.5666 0.0000e+00
 149.502755      9.945  34.571094     8.3658     4.0066      9.862    32.8921    25.5649 0.0000e+00
 149.502760      9.669  34.572038     8.3690     4.1157      9.588    32.8903    25.5630 0.0000e+00
 149.502766      9.337  34.573304     8.3727     4.2986      9.259    32.8883    25.5609 0.0000e+00
 149.502772      8.962  34.574394     8.3791     4.4994      8.887    32.8836    25.5562 0.0000e+00
 149.502778      8.554  34.576252     8.3933     4.6859      8.482    32.8725    25.5454 0.0000e+00
 149.502784      8.122  34.580289     8.4292     4.8765      8.054    32.8435    25.5172 0.0000e+00
 149.502789      7.672  34.590263     8.5022     5.0667      7.608    32.7862    25.4614 0.0000e+00
 149.502795      7.209  34.612244     8.5980     5.4213      7.149    32.7206    25.3955 0.0000e+00
 149.502801      6.740  34.643673     8.6807     5.9377      6.684    32.6773    25.3490 0.0000e+00
 149.502807      6.267  34.676672     8.7406     6.6367      6.215    32.6567    25.3237 0.0000e+00
 149.502813      5.796  34.708824     8.8005     7.2835      5.748    32.6353    25.2978 0.0000e+00
 149.502818      5.327  34.734898     8.8981     7.9617      5.282    32.5730    25.2340 0.0000e+00
 149.502824      4.854  34.761713     9.0646     8.3769      4.813    32.4487    25.1109 0.0000e+00
 149.502830      4.378  34.822278     9.2693     8.6542      4.341    32.3256    24.9825 0.0000e+00
 149.502836      3.908  34.938042     9.4629     8.7318      3.875    32.2700    24.9083 0.0000e+00
 149.502841      3.451  35.081403     9.6418     8.5986      3.422    32.2560    24.8686 0.0000e+00
 149.502847      3.010  35.199383     9.8279     8.3362      2.985    32.2096    24.8021 0.0000e+00
 149.502853      2.585  35.271249    10.0370     8.0512      2.563    32.0964    24.6794 0.0000e+00
 149.502859      2.184  35.298238    10.2495     7.8683      2.166    31.9359    24.5189 0.0000e+00
 149.502865      1.816  35.245837    10.4221     9.1742      1.801    31.7323    24.3312 0.0000e+00
 149.502870      1.487  35.140050    10.5433     9.2424      1.475    31.5216    24.1466 0.0000e+00
 149.502876      1.202  34.957545    10.6572     9.0145      1.192    31.2423    23.9098 0.0000e+00
 149.502882      0.968  34.677975    10.7784     8.5007      0.960    30.8627    23.5938 0.0000e+00
 149.502888      0.784  34.513986    10.8661     7.9317      0.777    30.6275    23.3959 0.0000e+00
 149.502894      0.638  34.527127    10.8947     7.4001      0.633    30.6166    23.3825 -9.990e-29
 149.502899      0.525  34.593825    10.8798     7.1269      0.521    30.6947    23.4458 -9.990e-29
 149.502905      0.437  34.536342    10.8451     6.9858      0.433    30.6672    23.4303 -9.990e-29
 149.502911      0.366  33.972739    10.8009     6.8855      0.363    30.1491    23.0348 -9.990e-29
 149.502917      0.310  32.018239    10.7547   -10.4875      0.307    28.2701    21.5816 -9.990e-29
 149.502922      0.270  25.951449    10.7111   -14.2995      0.268    22.4547    17.0723 -9.990e-29
 149.502928      0.245  16.458000    10.6715   -14.0765      0.243    13.6706    10.2671 -9.990e-29
 149.502934      0.231   9.341710    10.6339    -9.8523      0.229     7.4174     5.4227 -9.990e-29
 149.502940      0.229   6.034184    10.5965    -1.6778      0.227     4.6451     3.2732 -9.990e-29
 149.502946      0.233   4.299650    10.5597    -1.6784      0.231     3.2385     2.1823 -9.990e-29
 149.502951      0.236   3.367705    10.5238    -1.6792      0.234     2.5003     1.6106 -9.990e-29
 149.502957      0.234   2.870118    10.4872    -1.6800      0.232     2.1126     1.3118 -9.990e-29
 149.502963      0.230   2.399324    10.4490    -1.6805      0.228     1.7498     1.0322 -9.990e-29
 149.502969      0.229   1.943459    10.4130    -1.6765      0.227     1.4024     0.7642 -9.990e-29
 149.502975      0.226   1.665853    10.3833    -1.6757      0.224     1.1933     0.6035 -9.990e-29
 149.502980      0.218   1.484775    10.3589    -1.6780      0.216     1.0581     0.5000 -9.990e-29
 149.502986      0.207   1.313494    10.3371    -1.6796      0.205     0.9310     0.4025 -9.990e-29
 149.502992      0.201   1.149858    10.3171    -1.6775      0.199     0.8103     0.3098 -9.990e-29
 149.502998      0.205   0.999121    10.2993    -1.6771      0.203     0.6999     0.2250 -9.990e-29
 149.503003      0.219   0.869841    10.2836    -1.6778      0.217     0.6059     0.1527 -9.990e-29
 149.503009      0.234   0.794739    10.2692    -1.6789      0.232     0.5517     0.1115 -9.990e-29
 149.503015      0.240   0.768462    10.2544    -1.6802      0.238     0.5329     0.0981 -9.990e-29
 149.503021      0.236   0.783686    10.2380    -1.6819      0.234     0.5441     0.1085 -9.990e-29
 149.503027      0.230   0.904495    10.2215    -1.6836      0.228     0.6322     0.1791 -9.990e-29
 149.503032      0.228   1.119566    10.2050    -1.6848      0.226     0.7904     0.3047 -9.990e-29
 149.503038      0.224   1.260541    10.1876 -9.990e-29      0.222     0.8953     0.3886 -9.990e-29
 149.503044      0.213   1.271474    10.1692 -9.990e-29      0.211     0.9039     0.3971 -9.990e-29
 149.503050      0.200   1.295570    10.1495 -9.990e-29      0.198     0.9223     0.4134 -9.990e-29
 149.503056      0.188   1.405427    10.1286 -9.990e-29      0.186     1.0051     0.4802 -9.990e-29
 149.503061      0.176   1.512983    10.1066 -9.990e-29      0.175     1.0867     0.5461 -9.990e-29
 149.503067      0.163   1.550946    10.0847 -9.990e-29      0.162     1.1160     0.5711 -9.990e-29
 149.503073      0.149   1.533889    10.0653 -9.990e-29      0.148     1.1037     0.5633 -9.990e-29
 149.503079      0.136   1.478444    10.0508 -9.990e-29      0.135     1.0622     0.5321 -9.990e-29
 149.503084      0.129   1.394967    10.0450 -9.990e-29      0.128     0.9995     0.4835 -9.990e-29
 149.503090      0.127   1.312441 -9.990e-29 -9.990e-29      0.126 -9.990e-29 -9.990e-29 -9.990e-29
