data/oxygen options/ONMS/Olympic_Coast_National_Marine_Sanctuary_CTD_Data_2005_2023/raw_data/2008/SBE19/CTD_CE065_061208faed.cnv
* Sea-Bird SBE19 Data File:
* FileName = C:\2008_Mooring_Data\061208_service\CTD_CE065_061208.hex
* Software Version 1.59
* Temperature SN = 2997
* Conductivity SN = 2997
* System UpLoad Time = Jun 12 2008 14:00:31
* ds
* SEACAT PROFILER V3.1c SN 2997   06/12/08  14:00:04.784
# nquan = 9                                 
# nvalues = 2162                        
# units = specified
# name 0 = timeJ: Julian Days
# name 1 = prSM: Pressure, Strain Gauge [db]
# name 2 = c0mS/cm: Conductivity [mS/cm]
# name 3 = t090C: Temperature [ITS-90, deg C]
# name 4 = sbeox0ML/L: Oxygen, SBE 43 [ml/l]
# name 5 = depSM: Depth [salt water, m], lat = 47.5
# name 6 = sal00: Salinity, Practical [PSU]
# name 7 = sigma-é00: Density [sigma-theta, kg/m^3]
# name 8 = flag: flag
# span 0 = 164.559410, 164.571916       
# span 1 =     -5.540,     64.688       
# span 2 =   0.042529,  35.299028       
# span 3 =     7.1955,    11.9932       
# span 4 =    -1.6359,    13.1421       
# span 5 =     -5.494,     64.138       
# span 6 =     0.0290,    33.8097       
# span 7 =    -0.4503,    26.4549       
# span 8 = 0.0000e+00, 0.0000e+00       
# interval = seconds: 0.5
# start_time = Jun 12 2008 13:25:33 [Instrument's time stamp, header]
# bad_flag = -9.990e-29
*END*
[from data line 1281]
 164.566823     37.540  34.247853     7.3438     1.7591     37.223    33.5051    26.1944 0.0000e+00
 164.566829     37.146  34.244337     7.3484     1.8184     36.833    33.4971    26.1874 0.0000e+00
 164.566834     36.748  34.242033     7.3531     1.9128     36.438    33.4902    26.1813 0.0000e+00
 164.566840     36.341  34.239559     7.3587     2.0602     36.035    33.4823    26.1743 0.0000e+00
 164.566846     35.930  34.236427     7.3649     2.2587     35.627    33.4731    26.1662 0.0000e+00
 164.566852     35.518  34.231834     7.3715     2.4772     35.219    33.4619    26.1565 0.0000e+00
 164.566858     35.106  34.224707     7.3799     2.6753     34.810    33.4463    26.1430 0.0000e+00
 164.566863     34.696  34.213397     7.3904     2.8096     34.404    33.4241    26.1241 0.0000e+00
 164.566869     34.293  34.194035     7.3987     2.8804     34.004    33.3952    26.1002 0.0000e+00
 164.566875     33.897  34.163220     7.4006     2.9180     33.611    33.3602    26.0724 0.0000e+00
 164.566881     33.516  34.128038     7.3975     2.9857     33.234    33.3252    26.0453 0.0000e+00
 164.566887     33.170  34.099834     7.3936     3.0801     32.891    33.2985    26.0249 0.0000e+00
 164.566892     32.870  34.080215     7.3914     3.1848     32.593    33.2795    26.0102 0.0000e+00
 164.566898     32.624  34.068234     7.3915     3.2474     32.349    33.2666    26.0000 0.0000e+00
 164.566904     32.441  34.058006     7.3929     3.2735     32.168    33.2542    25.9901 -9.990e-29
 164.566910     32.322  34.040383     7.3948     3.2571     32.050    33.2334    25.9734 -9.990e-29
 164.566916     32.251  34.013158     7.3972     3.2373     31.979    33.2016    25.9481 -9.990e-29
 164.566921     32.211  33.985400     7.3997     3.2127     31.940    33.1691    25.9222 -9.990e-29
 164.566927     32.191  33.971626     7.4016     3.2041     31.920    33.1524    25.9088 -9.990e-29
 164.566933     32.181  33.969158     7.4026     3.2128     31.910    33.1488    25.9058 -9.990e-29
 164.566939     32.172  33.968555     7.4026     3.2305     31.901    33.1481    25.9053 -9.990e-29
 164.566944     32.159  33.968464     7.4018     3.2325     31.888    33.1488    25.9060 -9.990e-29
 164.566950     32.145  33.968211     7.4011     3.2327     31.874    33.1492    25.9064 -9.990e-29
 164.566956     32.134  33.966907     7.4009     3.2175     31.863    33.1480    25.9054 -9.990e-29
 164.566962     32.125  33.963382     7.4012     3.2175     31.854    33.1439    25.9022 -9.990e-29
 164.566968     32.123  33.958545     7.4018     3.2126     31.852    33.1381    25.8975 -9.990e-29
 164.566973     32.134  33.956036     7.4024     3.2108     31.863    33.1348    25.8948 -9.990e-29
 164.566979     32.160  33.957000     7.4028     3.2043     31.889    33.1354    25.8953 -9.990e-29
 164.566985     32.195  33.961610     7.4017     3.1925     31.924    33.1415    25.9002 -9.990e-29
 164.566991     32.231  33.968184     7.3984     3.1957     31.960    33.1517    25.9087 -9.990e-29
 164.566997     32.259  33.971495     7.3955     3.2075     31.987    33.1581    25.9141 -9.990e-29
 164.567002     32.271  33.970927     7.3952     3.2143     31.999    33.1577    25.9139 -9.990e-29
 164.567008     32.268  33.969650     7.3967     3.2160     31.996    33.1549    25.9115 -9.990e-29
 164.567014     32.250  33.968768     7.3984     3.2128     31.978    33.1523    25.9092 -9.990e-29
 164.567020     32.224  33.967675     7.3998     3.2230     31.953    33.1498    25.9070 -9.990e-29
 164.567025     32.202  33.966043     7.4011     3.2300     31.931    33.1468    25.9045 -9.990e-29
 164.567031     32.186  33.964506     7.4022     3.2267     31.915    33.1441    25.9022 -9.990e-29
 164.567037     32.176  33.963264     7.4033     3.2254     31.905    33.1417    25.9002 -9.990e-29
 164.567043     32.171  33.962350     7.4042     3.2221     31.900    33.1399    25.8986 -9.990e-29
 164.567049     32.171  33.962793     7.4041     3.2336     31.900    33.1405    25.8991 -9.990e-29
 164.567054     32.174  33.964636     7.4031     3.2420     31.903    33.1434    25.9015 -9.990e-29
 164.567060     32.183  33.966797     7.4016     3.2522     31.912    33.1472    25.9047 -9.990e-29
 164.567066     32.197  33.968799     7.3997     3.2420     31.926    33.1512    25.9081 -9.990e-29
 164.567072     32.217  33.970328     7.3974     3.2384     31.946    33.1550    25.9114 -9.990e-29
 164.567078     32.244  33.971183     7.3948     3.2333     31.972    33.1584    25.9145 -9.990e-29
 164.567083     32.277  33.971756     7.3926     3.2351     32.005    33.1611    25.9169 -9.990e-29
 164.567089     32.307  33.972247     7.3911     3.2384     32.035    33.1631    25.9187 -9.990e-29
 164.567095     32.330  33.972189     7.3906     3.2416     32.058    33.1635    25.9191 -9.990e-29
 164.567101     32.337  33.971501     7.3911     3.2418     32.065    33.1623    25.9180 -9.990e-29
 164.567106     32.329  33.970945     7.3918     3.2451     32.057    33.1610    25.9169 -9.990e-29
 164.567112     32.315  33.970896     7.3927     3.2451     32.043    33.1601    25.9161 -9.990e-29
 164.567118     32.296  33.970728     7.3943     3.2485     32.024    33.1584    25.9145 -9.990e-29
 164.567124     32.273  33.970216     7.3962     3.2485     32.001    33.1560    25.9124 -9.990e-29
 164.567130     32.249  33.969797     7.3975     3.2459     31.977    33.1543    25.9109 -9.990e-29
 164.567135     32.229  33.969471     7.3982     3.2510     31.958    33.1533    25.9100 -9.990e-29
 164.567141     32.218  33.968801     7.3988     3.2560     31.947    33.1520    25.9089 -9.990e-29
 164.567147     32.214  33.968012     7.3988     3.2441     31.943    33.1512    25.9082 -9.990e-29
 164.567153     32.217  33.968290     7.3981     3.2322     31.946    33.1521    25.9091 -9.990e-29
 164.567159     32.228  33.969445     7.3969     3.2052     31.957    33.1545    25.9111 -9.990e-29
 164.567164     32.247  33.970776     7.3945     3.2137     31.975    33.1583    25.9144 -9.990e-29
 164.567170     32.276  33.973495     7.3901     3.2255     32.004    33.1654    25.9206 -9.990e-29
 164.567176     32.311  33.979547     7.3854     3.2539     32.039    33.1764    25.9300 -9.990e-29
 164.567182     32.346  33.988597     7.3826     3.2655     32.074    33.1889    25.9402 -9.990e-29
 164.567187     32.372  33.994229     7.3821     3.2788     32.099    33.1955    25.9454 -9.990e-29
 164.567193     32.372  33.992190     7.3828     3.2788     32.099    33.1926    25.9431 -9.990e-29
 164.567199     32.343  33.987038     7.3842     3.2690     32.071    33.1857    25.9374 -9.990e-29
 164.567205     32.294  33.982540     7.3859     3.2636     32.022    33.1792    25.9321 -9.990e-29
 164.567211     32.241  33.978860     7.3872     3.2672     31.969    33.1740    25.9278 -9.990e-29
 164.567216     32.197  33.976129     7.3878     3.2640     31.926    33.1705    25.9250 -9.990e-29
 164.567222     32.167  33.974626     7.3880     3.2691     31.896    33.1687    25.9235 -9.990e-29
 164.567228     32.146  33.974026     7.3884     3.2475     31.875    33.1677    25.9227 -9.990e-29
 164.567234     32.132  33.973529     7.3898     3.2106     31.861    33.1658    25.9210 -9.990e-29
 164.567240     32.133  33.973029     7.3909     3.1786     31.862    33.1642    25.9196 -9.990e-29
 164.567245     32.154  33.972978     7.3901     3.1668     31.883    33.1649    25.9202 -9.990e-29
 164.567251     32.194  33.974425     7.3879     3.1817     31.923    33.1686    25.9234 -9.990e-29
 164.567257     32.254  33.978739     7.3860     3.2152     31.982    33.1750    25.9288 -9.990e-29
 164.567263     32.319  33.988312     7.3854     3.2472     32.047    33.1859    25.9374 -9.990e-29
 164.567269     32.363  33.999663     7.3854     3.2673     32.090    33.1982    25.9471 -9.990e-29
 164.567274     32.369  34.002724     7.3851     3.2740     32.096    33.2018    25.9500 -9.990e-29
 164.567280     32.345  33.997092     7.3847     3.2791     32.073    33.1961    25.9456 -9.990e-29
 164.567286     32.311  33.989814     7.3846     3.2792     32.039    33.1883    25.9394 -9.990e-29
 164.567292     32.272  33.984069     7.3848     3.2789     32.000    33.1819    25.9344 -9.990e-29
 164.567297     32.232  33.980595     7.3852     3.2807     31.960    33.1778    25.9311 -9.990e-29
 164.567303     32.196  33.979237     7.3859     3.2874     31.925    33.1757    25.9293 -9.990e-29
 164.567309     32.171  33.978743     7.3866     3.2929     31.900    33.1745    25.9283 -9.990e-29
 164.567315     32.163  33.977895     7.3870     3.2897     31.892    33.1732    25.9272 -9.990e-29
 164.567321     32.171  33.976678     7.3871     3.2627     31.900    33.1718    25.9261 -9.990e-29
 164.567326     32.188  33.975709     7.3870     3.2292     31.917    33.1708    25.9253 -9.990e-29
 164.567332     32.211  33.975374     7.3866     3.2073     31.940    33.1708    25.9254 -9.990e-29
 164.567338     32.241  33.975786     7.3857     3.1955     31.969    33.1721    25.9265 -9.990e-29
 164.567344     32.280  33.977492     7.3840     3.2073     32.008    33.1756    25.9295 -9.990e-29
 164.567350     32.326  33.982763     7.3820     3.2206     32.054    33.1832    25.9358 -9.990e-29
 164.567355     32.370  33.991906     7.3808     3.2305     32.097    33.1942    25.9446 -9.990e-29
 164.567361     32.400  33.999748     7.3806     3.2439     32.127    33.2029    25.9515 -9.990e-29
 164.567367     32.416  34.000505     7.3805     3.2522     32.143    33.2038    25.9522 -9.990e-29
 164.567373     32.417  33.995181     7.3803     3.2741     32.144    33.1982    25.9478 -9.990e-29
 164.567378     32.404  33.990677     7.3804     3.2775     32.131    33.1933    25.9439 -9.990e-29
 164.567384     32.376  33.989386     7.3811     3.2860     32.103    33.1912    25.9422 -9.990e-29
 164.567390     32.336  33.988463     7.3817     3.2872     32.064    33.1896    25.9409 -9.990e-29
 164.567396     32.289  33.986679     7.3822     3.2923     32.017    33.1872    25.9389 -9.990e-29
 164.567402     32.238  33.984453     7.3830     3.2989     31.966    33.1841    25.9363 -9.990e-29
 164.567407     32.182  33.982175     7.3837     3.2991     31.911    33.1810    25.9338 -9.990e-29
 164.567413     32.131  33.980166     7.3841     3.2807     31.860    33.1784    25.9317 -9.990e-29
 164.567419     32.096  33.978548     7.3842     3.2489     31.826    33.1766    25.9303 -9.990e-29
 164.567425     32.081  33.977400     7.3842     3.2124     31.811    33.1754    25.9293 -9.990e-29
 164.567431     32.095  33.976872     7.3841     3.1787     31.825    33.1749    25.9289 -9.990e-29
 164.567436     32.138  33.977377     7.3841     3.1635     31.867    33.1754    25.9294 -9.990e-29
 164.567442     32.201  33.980147     7.3843     3.1618     31.930    33.1782    25.9315 -9.990e-29
 164.567448     32.270  33.987195     7.3842     3.1717     31.998    33.1859    25.9376 -9.990e-29
 164.567454     32.333  33.997274     7.3841     3.2017     32.061    33.1969    25.9462 -9.990e-29
 164.567459     32.381  34.005339     7.3844     3.2250     32.108    33.2053    25.9528 -9.990e-29
 164.567465     32.412  34.008143     7.3847     3.2623     32.139    33.2081    25.9549 -9.990e-29
 164.567471     32.429  34.006060     7.3845     3.2757     32.156    33.2060    25.9533 -9.990e-29
 164.567477     32.433  34.001914     7.3841     3.2821     32.160    33.2019    25.9502 -9.990e-29
 164.567483     32.419  33.996895     7.3841     3.2754     32.146    33.1964    25.9459 -9.990e-29
 164.567488     32.383  33.991587     7.3846     3.2737     32.110    33.1902    25.9409 -9.990e-29
 164.567494     32.330  33.987313     7.3851     3.2704     32.058    33.1851    25.9369 -9.990e-29
 164.567500     32.275  33.983970     7.3855     3.2635     32.003    33.1812    25.9337 -9.990e-29
 164.567506     32.227  33.982143     7.3856     3.2532     31.956    33.1791    25.9320 -9.990e-29
 164.567512     32.191  33.982193     7.3852     3.2315     31.920    33.1796    25.9325 -9.990e-29
 164.567517     32.174  33.983627     7.3848     3.2149     31.903    33.1815    25.9340 -9.990e-29
 164.567523     32.175  33.984996     7.3847     3.1931     31.904    33.1831    25.9353 -9.990e-29
 164.567529     32.184  33.985321     7.3849     3.1676     31.913    33.1832    25.9354 -9.990e-29
 164.567535     32.199  33.987274     7.3851     3.1440     31.928    33.1852    25.9369 -9.990e-29
 164.567541     32.220  33.991779     7.3854     3.1287     31.949    33.1897    25.9404 -9.990e-29
 164.567546     32.244  33.996439     7.3855     3.1338     31.972    33.1947    25.9443 -9.990e-29
 164.567552     32.264  34.000186     7.3856     3.1457     31.992    33.1986    25.9474 -9.990e-29
 164.567558     32.278  34.004093     7.3860     3.1491     32.006    33.2025    25.9504 -9.990e-29
 164.567564     32.291  34.008889     7.3867     3.1238     32.019    33.2070    25.9538 -9.990e-29
 164.567569     32.307  34.012007     7.3871     3.0936     32.035    33.2100    25.9561 -9.990e-29
 164.567575     32.323  34.011442     7.3873     3.1070     32.051    33.2092    25.9555 -9.990e-29
 164.567581     32.336  34.009239     7.3875     3.1254     32.064    33.2066    25.9534 -9.990e-29
 164.567587     32.347  34.009737     7.3878     3.1621     32.075    33.2068    25.9536 -9.990e-29
 164.567593     32.352  34.014720     7.3884     3.1888     32.079    33.2117    25.9573 -9.990e-29
 164.567598     32.343  34.020189     7.3890     3.1921     32.071    33.2170    25.9614 -9.990e-29
 164.567604     32.316  34.021115     7.3885     3.2037     32.044    33.2185    25.9626 -9.990e-29
 164.567610     32.272  34.016490     7.3871     3.1901     32.000    33.2149    25.9600 -9.990e-29
 164.567616     32.222  34.010227     7.3857     3.1665     31.951    33.2095    25.9559 -9.990e-29
 164.567622     32.180  34.006293     7.3848     3.1434     31.909    33.2061    25.9534 -9.990e-29
 164.567627     32.156  34.005043     7.3842     3.1083     31.885    33.2053    25.9528 -9.990e-29
 164.567633     32.153  34.005927     7.3840     3.0749     31.882    33.2065    25.9538 -9.990e-29
 164.567639     32.169  34.008444     7.3847     3.0364     31.898    33.2085    25.9553 -9.990e-29
 164.567645     32.203  34.012028     7.3860     3.0129     31.932    33.2111    25.9572 -9.990e-29
 164.567650     32.248  34.015853     7.3872     3.0212     31.976    33.2141    25.9593 -9.990e-29
 164.567656     32.302  34.019418     7.3885     3.0530     32.030    33.2167    25.9612 -9.990e-29
 164.567662     32.365  34.024116     7.3904     3.1017     32.092    33.2199    25.9635 -9.990e-29
 164.567668     32.424  34.030608     7.3922     3.1484     32.151    33.2252    25.9674 -9.990e-29
 164.567674     32.460  34.035227     7.3925     3.1701     32.187    33.2299    25.9710 -9.990e-29
 164.567679     32.467  34.033489     7.3912     3.1786     32.193    33.2293    25.9707 -9.990e-29
 164.567685     32.451  34.026996     7.3893     3.1785     32.178    33.2241    25.9669 -9.990e-29
 164.567691     32.423  34.020529     7.3879     3.1720     32.150    33.2184    25.9626 -9.990e-29
 164.567697     32.394  34.015543     7.3870     3.1770     32.121    33.2139    25.9592 -9.990e-29
 164.567703     32.367  34.012109     7.3864     3.1770     32.094    33.2108    25.9568 -9.990e-29
 164.567708     32.339  34.010687     7.3862     3.1771     32.067    33.2094    25.9558 -9.990e-29
 164.567714     32.309  34.010498     7.3863     3.1655     32.037    33.2091    25.9556 -9.990e-29
 164.567720     32.276  34.010168     7.3864     3.1418     32.004    33.2087    25.9552 -9.990e-29
 164.567726     32.240  34.009818     7.3864     3.1134     31.968    33.2083    25.9549 -9.990e-29
 164.567731     32.214  34.010098     7.3861     3.1134     31.943    33.2089    25.9554 -9.990e-29
 164.567737     32.208  34.010821     7.3861     3.1150     31.937    33.2097    25.9561 -9.990e-29
