data/oxygen options/ONMS/Olympic_Coast_National_Marine_Sanctuary_CTD_Data_2005_2023/raw_data/2008/SBE19/CTD_MB042_052908faed.cnv
* Sea-Bird SBE19 Data File:
* FileName = C:\2008_Mooring_Data\042408_service\CTD_MB042_052908.hex
* Software Version 1.58
* Temperature SN = 2997
* Conductivity SN = 2997
* System UpLoad Time = May 29 2008 12:20:55
**
**
# nquan = 9                                 
# nvalues = 719                         
# units = specified
# name 0 = timeJ: Julian Days
# name 1 = prSM: Pressure, Strain Gauge [db]
# name 2 = c0mS/cm: Conductivity [mS/cm]
# name 3 = t090C: Temperature [ITS-90, deg C]
# name 4 = sbeox0ML/L: Oxygen, SBE 43 [ml/l]
# name 5 = depSM: Depth [salt water, m], lat = 47.5
# name 6 = sal00: Salinity, Practical [PSU]
# name 7 = sigma-é00: Density [sigma-theta, kg/m^3]
# name 8 = flag: flag
# span 0 = 150.475336, 150.479491       
# span 1 =     -5.416,     41.429       
# span 2 =   0.000045,  35.343903       
# span 3 =     7.5000,    11.1429       
# span 4 =    -1.6731,    22.5214       
# span 5 =     -5.371,     41.079       
# span 6 =     0.0055,    33.5002       
# span 7 =    -0.4030,    26.1686       
# span 8 = 0.0000e+00, 0.0000e+00       
# interval = seconds: 0.5
# start_time = May 29 2008 11:24:29 [Instrument's time stamp, header]
# bad_flag = -9.990e-29
*END*
[from data line 481]
 150.478119      1.299  35.133975     9.5584     8.1020      1.288    32.3858    24.9834 -9.990e-29
 150.478125      1.297  35.140700     9.5562     8.0992      1.286    32.3947    24.9907 -9.990e-29
 150.478131      1.297  35.145185     9.5532     8.1126      1.286    32.4020    24.9969 -9.990e-29
 150.478137      1.299  35.144988     9.5502     8.1164      1.288    32.4045    24.9993 -9.990e-29
 150.478142      1.303  35.140391     9.5474     8.1150      1.292    32.4023    24.9980 -9.990e-29
 150.478148      1.306  35.133652     9.5458     8.1246      1.295    32.3968    24.9940 -9.990e-29
 150.478154      1.302  35.129189     9.5466     8.1178      1.291    32.3915    24.9898 -9.990e-29
 150.478160      1.292  35.129951     9.5481     8.0794      1.281    32.3910    24.9891 -9.990e-29
 150.478166      1.280  35.133532     9.5473     8.0636      1.269    32.3954    24.9926 -9.990e-29
 150.478171      1.273  35.135131     9.5444     8.0543      1.262    32.3996    24.9964 -9.990e-29
 150.478177      1.275  35.135149     9.5407     8.0899      1.264    32.4030    24.9997 -9.990e-29
 150.478183      1.286  35.132997     9.5350     8.1428      1.275    32.4059    25.0029 -9.990e-29
 150.478189      1.302  35.125752     9.5289     8.1845      1.291    32.4040    25.0024 -9.990e-29
 150.478194      1.313  35.117706     9.5269     8.2203      1.302    32.3976    24.9977 -9.990e-29
 150.478200      1.309  35.116003     9.5305     8.2419      1.298    32.3926    24.9932 -9.990e-29
 150.478206      1.296  35.121679     9.5386     8.2612      1.285    32.3911    24.9907 -9.990e-29
 150.478212      1.280  35.131046     9.5503     8.2740      1.269    32.3901    24.9881 -9.990e-29
 150.478218      1.269  35.142535     9.5673     8.2783      1.258    32.3865    24.9825 -9.990e-29
 150.478223      1.272  35.158530     9.5909     8.2788      1.261    32.3816    24.9749 -9.990e-29
 150.478229      1.287  35.183498     9.6133     8.2458      1.276    32.3869    24.9754 -9.990e-29
 150.478235      1.300  35.214264     9.6289     8.2082      1.289    32.4043    24.9865 -9.990e-29
 150.478241      1.298  35.232975     9.6424     8.1524      1.287    32.4112    24.9897 -9.990e-29
 150.478247      1.289  35.234274     9.6551     8.1083      1.278    32.4011    24.9797 -9.990e-29
 150.478252      1.287  35.232730     9.6601     8.0990      1.276    32.3950    24.9742 -9.990e-29
 150.478258      1.294  35.231275     9.6476     8.0948      1.283    32.4048    24.9838 -9.990e-29
 150.478264      1.307  35.215035     9.6181     8.1269      1.296    32.4148    24.9964 -9.990e-29
 150.478270      1.319  35.180793     9.5878     8.1552      1.308    32.4071    24.9953 -9.990e-29
 150.478275      1.326  35.150627     9.5706     8.1698      1.315    32.3918    24.9861 -9.990e-29
 150.478281      1.323  35.139722     9.5647     8.1812      1.312    32.3860    24.9825 -9.990e-29
 150.478287      1.307  35.141883     9.5622     8.1792      1.296    32.3904    24.9864 -9.990e-29
 150.478293      1.286  35.147613     9.5648     8.1754      1.275    32.3940    24.9887 -9.990e-29
 150.478299      1.274  35.156655     9.5755     8.1592      1.263    32.3936    24.9867 -9.990e-29
 150.478304      1.280  35.165323     9.5875     8.1562      1.269    32.3916    24.9832 -9.990e-29
 150.478310      1.295  35.166636     9.5934     8.1653      1.284    32.3876    24.9792 -9.990e-29
 150.478316      1.308  35.166214     9.5924     8.1832      1.297    32.3881    24.9797 -9.990e-29
 150.478322      1.319  35.166245     9.5859     8.2215      1.308    32.3940    24.9853 -9.990e-29
 150.478328      1.334  35.162798     9.5782     8.2362      1.323    32.3974    24.9893 -9.990e-29
 150.478333      1.349  35.156267     9.5752     8.2423      1.338    32.3934    24.9866 -9.990e-29
 150.478339      1.360  35.153017     9.5803     8.2380      1.349    32.3855    24.9796 -9.990e-29
 150.478345      1.370  35.160984     9.5909     8.2293      1.359    32.3841    24.9768 -9.990e-29
 150.478351      1.381  35.174491     9.6023     8.2261      1.369    32.3876    24.9777 -9.990e-29
 150.478356      1.404  35.187403     9.6143     8.2154      1.392    32.3899    24.9776 -9.990e-29
 150.478362      1.441  35.201200     9.6243     8.2563      1.429    32.3950    24.9800 -9.990e-29
 150.478368      1.484  35.209575     9.6281     8.2702      1.472    32.4001    24.9833 -9.990e-29
 150.478374      1.532  35.210196     9.6265     8.2616      1.519    32.4022    24.9852 -9.990e-29
 150.478380      1.589  35.208323     9.6233     8.1837      1.576    32.4031    24.9865 -9.990e-29
 150.478385      1.662  35.205329     9.6207     7.9806      1.648    32.4024    24.9863 -9.990e-29
 150.478391      1.769  35.202211     9.6178     7.6618      1.754    32.4018    24.9863 -9.990e-29
 150.478397      1.920  35.200920     9.6115     7.2909      1.904    32.4061    24.9907 0.0000e+00
 150.478403      2.113  35.195761     9.5923     6.9515      2.095    32.4180    25.0031 0.0000e+00
 150.478409      2.347  35.172518     9.5522     6.7364      2.327    32.4304    25.0192 0.0000e+00
 150.478414      2.625  35.130964     9.4950     6.6072      2.603    32.4394    25.0355 0.0000e+00
 150.478420      2.941  35.080067     9.4273     6.5482      2.916    32.4484    25.0533 0.0000e+00
 150.478426      3.287  35.020257     9.3617     6.5000      3.260    32.4462    25.0621 0.0000e+00
 150.478432      3.651  34.958560     9.3047     6.4290      3.620    32.4343    25.0618 0.0000e+00
 150.478438      4.025  34.905649     9.2497     6.3462      3.991    32.4295    25.0668 0.0000e+00
 150.478443      4.411  34.866547     9.2004     6.2472      4.374    32.4338    25.0779 0.0000e+00
 150.478449      4.814  34.841156     9.1626     6.1151      4.774    32.4417    25.0901 0.0000e+00
 150.478455      5.228  34.821330     9.1309     5.9502      5.184    32.4499    25.1014 0.0000e+00
 150.478461      5.646  34.798502     9.1030     5.7900      5.599    32.4515    25.1071 0.0000e+00
 150.478466      6.064  34.774666     9.0797     5.6430      6.013    32.4479    25.1079 0.0000e+00
 150.478472      6.483  34.754398     9.0517     5.4977      6.429    32.4522    25.1156 0.0000e+00
 150.478478      6.905  34.731907     9.0068     5.4170      6.847    32.4696    25.1363 0.0000e+00
 150.478484      7.334  34.698996     8.9452     5.3812      7.273    32.4916    25.1630 0.0000e+00
 150.478490      7.776  34.657106     8.8799     5.3819      7.711    32.5075    25.1856 0.0000e+00
 150.478495      8.225  34.618111     8.8211     5.4334      8.156    32.5206    25.2049 0.0000e+00
 150.478501      8.668  34.588774     8.7737     5.4702      8.595    32.5333    25.2221 0.0000e+00
 150.478507      9.098  34.566889     8.7398     5.5246      9.022    32.5414    25.2336 0.0000e+00
 150.478513      9.516  34.554026     8.7126     5.5760      9.436    32.5528    25.2466 0.0000e+00
 150.478519      9.929  34.550897     8.6885     5.6069      9.846    32.5715    25.2650 0.0000e+00
 150.478524     10.348  34.554394     8.6706     5.6023     10.261    32.5914    25.2833 0.0000e+00
 150.478530     10.784  34.564083     8.6616     5.5452     10.694    32.6097    25.2990 0.0000e+00
 150.478536     11.235  34.578258     8.6597     5.3846     11.141    32.6261    25.3122 0.0000e+00
 150.478542     11.690  34.592794     8.6604     5.1381     11.592    32.6405    25.3233 0.0000e+00
 150.478547     12.141  34.605168     8.6602     4.8501     12.039    32.6534    25.3335 0.0000e+00
 150.478553     12.590  34.612778     8.6526     4.5742     12.485    32.6682    25.3462 0.0000e+00
 150.478559     13.039  34.614512     8.6221     4.3477     12.930    32.6980    25.3742 0.0000e+00
 150.478565     13.484  34.609829     8.5539     4.1943     13.371    32.7561    25.4301 0.0000e+00
 150.478571     13.926  34.596352     8.4570     4.0968     13.809    32.8318    25.5040 0.0000e+00
 150.478576     14.373  34.573420     8.3555     4.0597     14.253    32.9022    25.5744 0.0000e+00
 150.478582     14.827  34.539526     8.2622     4.0486     14.703    32.9535    25.6285 0.0000e+00
 150.478588     15.292  34.500948     8.1864     4.0456     15.164    32.9836    25.6633 0.0000e+00
 150.478594     15.771  34.477888     8.1383     4.0511     15.639    33.0041    25.6865 0.0000e+00
 150.478600     16.265  34.475945     8.1154     4.0429     16.129    33.0234    25.7050 0.0000e+00
 150.478605     16.766  34.481258     8.1076     4.0271     16.625    33.0361    25.7162 0.0000e+00
 150.478611     17.268  34.486284     8.1071     4.0085     17.123    33.0417    25.7207 0.0000e+00
 150.478617     17.774  34.492626     8.1081     3.9791     17.625    33.0473    25.7249 0.0000e+00
 150.478623     18.289  34.500280     8.1071     3.9497     18.136    33.0561    25.7320 0.0000e+00
 150.478628     18.816  34.506515     8.1015     3.9221     18.658    33.0678    25.7420 0.0000e+00
 150.478634     19.350  34.510065     8.0917     3.8719     19.188    33.0806    25.7535 0.0000e+00
 150.478640     19.882  34.512251     8.0831     3.8227     19.715    33.0908    25.7627 0.0000e+00
 150.478646     20.409  34.515370     8.0765     3.7611     20.238    33.1001    25.7710 0.0000e+00
 150.478652     20.932  34.517361     8.0669     3.6936     20.756    33.1111    25.7810 0.0000e+00
 150.478657     21.461  34.514663     8.0497     3.6203     21.281    33.1242    25.7939 0.0000e+00
 150.478663     22.002  34.508105     8.0225     3.5135     21.817    33.1427    25.8124 0.0000e+00
 150.478669     22.560  34.497294     7.9901     3.4064     22.370    33.1616    25.8320 0.0000e+00
 150.478675     23.132  34.483444     7.9611     3.2839     22.938    33.1741    25.8460 0.0000e+00
 150.478681     23.716  34.472681     7.9300     3.1630     23.517    33.1918    25.8645 0.0000e+00
 150.478686     24.311  34.464040     7.8851     3.0664     24.107    33.2250    25.8970 0.0000e+00
 150.478692     24.911  34.454344     7.8331     2.9779     24.702    33.2639    25.9351 0.0000e+00
 150.478698     25.517  34.446853     7.7866     2.9341     25.302    33.2999    25.9701 0.0000e+00
 150.478704     26.127  34.442724     7.7409     2.9057     25.907    33.3389    26.0073 0.0000e+00
 150.478709     26.739  34.438067     7.6932     2.8790     26.514    33.3793    26.0459 0.0000e+00
 150.478715     27.353  34.432214     7.6497     2.8653     27.123    33.4145    26.0798 0.0000e+00
 150.478721     27.972  34.427943     7.6123     2.8448     27.737    33.4455    26.1095 0.0000e+00
 150.478727     28.599  34.423421     7.5847     2.8277     28.358    33.4669    26.1303 0.0000e+00
 150.478733     29.231  34.417599     7.5683     2.8241     28.985    33.4761    26.1399 0.0000e+00
 150.478738     29.863  34.411618     7.5594     2.8208     29.612    33.4780    26.1426 0.0000e+00
 150.478744     30.495  34.404728     7.5541     2.8207     30.238    33.4753    26.1413 0.0000e+00
 150.478750     31.124  34.398330     7.5473     2.8340     30.862    33.4747    26.1417 0.0000e+00
 150.478756     31.746  34.393921     7.5370     2.8340     31.479    33.4795    26.1470 0.0000e+00
 150.478762     32.362  34.391170     7.5269     2.8340     32.089    33.4860    26.1535 0.0000e+00
 150.478767     32.974  34.389714     7.5212     2.8339     32.696    33.4896    26.1572 0.0000e+00
 150.478773     33.577  34.389238     7.5196     2.8272     33.294    33.4904    26.1580 0.0000e+00
 150.478779     34.171  34.389610     7.5197     2.8221     33.883    33.4904    26.1580 0.0000e+00
 150.478785     34.760  34.390153     7.5192     2.8128     34.467    33.4912    26.1587 0.0000e+00
 150.478791     35.347  34.389854     7.5174     2.8131     35.049    33.4923    26.1599 0.0000e+00
 150.478796     35.931  34.388821     7.5151     2.8165     35.628    33.4931    26.1609 0.0000e+00
 150.478802     36.505  34.387305     7.5130     2.8132     36.197    33.4932    26.1613 0.0000e+00
 150.478808     37.069  34.386030     7.5118     2.8113     36.756    33.4928    26.1611 0.0000e+00
 150.478814     37.623  34.386043     7.5121     2.7979     37.306    33.4922    26.1606 0.0000e+00
 150.478819     38.165  34.386747     7.5134     2.7844     37.843    33.4915    26.1598 0.0000e+00
 150.478825     38.685  34.387345     7.5146     2.7726     38.359    33.4907    26.1591 0.0000e+00
 150.478831     39.179  34.387279     7.5137     2.7727     38.848    33.4913    26.1596 0.0000e+00
 150.478837     39.643  34.386436     7.5098     2.7794     39.308    33.4939    26.1623 0.0000e+00
 150.478843     40.065  34.385167     7.5049     2.7795     39.727    33.4970    26.1654 0.0000e+00
 150.478848     40.424  34.384004     7.5012     2.7808     40.083    33.4992    26.1677 0.0000e+00
 150.478854     40.713  34.384003     7.5000     2.7774     40.369    33.5002    26.1686 0.0000e+00
 150.478860     40.937  34.384600     7.5007     2.7825     40.591    33.5001    26.1684 0.0000e+00
 150.478866     41.107  34.384346     7.5020     2.7841     40.760    33.4985    26.1670 0.0000e+00
 150.478872     41.233  34.382905     7.5028     2.7875     40.885    33.4961    26.1650 -9.990e-29
 150.478877     41.324  34.381155     7.5028     2.7775     40.975    33.4941    26.1635 -9.990e-29
 150.478883     41.384  34.380684     7.5028     2.7689     41.034    33.4936    26.1630 -9.990e-29
 150.478889     41.418  34.380305     7.5031     2.7703     41.068    33.4929    26.1624 -9.990e-29
 150.478895     41.429  34.377832     7.5033     2.7600     41.079    33.4900    26.1601 -9.990e-29
 150.478900     41.416  34.373887     7.5034     2.7580     41.066    33.4856    26.1567 -9.990e-29
 150.478906     41.378  34.372175     7.5031     2.7593     41.029    33.4841    26.1555 -9.990e-29
 150.478912     41.315  34.374898     7.5024     2.7489     40.966    33.4877    26.1585 -9.990e-29
 150.478918     41.220  34.378401     7.5018     2.7602     40.872    33.4922    26.1621 -9.990e-29
 150.478924     41.089  34.380072     7.5013     2.7584     40.742    33.4945    26.1640 0.0000e+00
 150.478929     40.909  34.381018     7.5010     2.7598     40.564    33.4959    26.1651 0.0000e+00
 150.478935     40.660  34.381942     7.5010     2.7579     40.317    33.4970    26.1660 0.0000e+00
 150.478941     40.330  34.382953     7.5015     2.7543     39.989    33.4978    26.1665 0.0000e+00
 150.478947     39.924  34.383717     7.5022     2.7639     39.587    33.4982    26.1667 0.0000e+00
 150.478953     39.455  34.383575     7.5029     2.7537     39.122    33.4975    26.1661 0.0000e+00
 150.478958     38.940  34.382901     7.5041     2.7535     38.611    33.4959    26.1646 0.0000e+00
 150.478964     38.398  34.382481     7.5058     2.7514     38.074    33.4941    26.1630 0.0000e+00
 150.478970     37.845  34.382320     7.5074     2.7513     37.526    33.4926    26.1616 0.0000e+00
 150.478976     37.293  34.382207     7.5084     2.7644     36.978    33.4918    26.1608 0.0000e+00
 150.478981     36.746  34.381995     7.5094     2.7659     36.436    33.4909    26.1599 0.0000e+00
 150.478987     36.203  34.381963     7.5107     2.7658     35.898    33.4898    26.1589 0.0000e+00
 150.478993     35.660  34.382630     7.5120     2.7640     35.359    33.4896    26.1585 0.0000e+00
 150.478999     35.108  34.383767     7.5133     2.7605     34.812    33.4898    26.1585 0.0000e+00
 150.479005     34.546  34.384651     7.5142     2.7669     34.255    33.4902    26.1586 0.0000e+00
 150.479010     33.981  34.384784     7.5147     2.7676     33.695    33.4901    26.1585 0.0000e+00
 150.479016     33.416  34.384345     7.5149     2.7670     33.134    33.4897    26.1582 0.0000e+00
 150.479022     32.858  34.383872     7.5153     2.7717     32.581    33.4891    26.1576 0.0000e+00
 150.479028     32.322  34.383299     7.5159     2.7763     32.050    33.4881    26.1568 0.0000e+00
 150.479034     31.817  34.382427     7.5166     2.7840     31.549    33.4867    26.1556 0.0000e+00
