data/oxygen options/ONMS/Olympic_Coast_National_Marine_Sanctuary_CTD_Data_2005_2023/raw_data/2008/SBE19/CTD_CA042_052908faed.cnv
* Sea-Bird SBE19 Data File:
* FileName = C:\2008_Mooring_Data\042408_service\CTD_CA042_052908.hex
* Software Version 1.58
* Temperature SN = 2997
* Conductivity SN = 2997
* System UpLoad Time = May 29 2008 15:28:36
* ds
* SEACAT PROFILER V3.1c SN 2997   05/29/08  15:27:56.220
# nquan = 9                                 
# nvalues = 1776                        
# units = specified
# name 0 = timeJ: Julian Days
# name 1 = prSM: Pressure, Strain Gauge [db]
# name 2 = c0mS/cm: Conductivity [mS/cm]
# name 3 = t090C: Temperature [ITS-90, deg C]
# name 4 = sbeox0ML/L: Oxygen, SBE 43 [ml/l]
# name 5 = depSM: Depth [salt water, m], lat = 47.5
# name 6 = sal00: Salinity, Practical [PSU]
# name 7 = sigma-é00: Density [sigma-theta, kg/m^3]
# name 8 = flag: flag
# span 0 = 150.617789, 150.628061       
# span 1 =     -5.265,     41.073       
# span 2 =   0.000986,  35.774921       
# span 3 =     7.4092,    12.5599       
# span 4 =    -1.6182,    17.4487       
# span 5 =     -5.221,     40.726       
# span 6 =     0.0064,    33.5961       
# span 7 =    -0.5560,    26.2566       
# span 8 = 0.0000e+00, 0.0000e+00       
# interval = seconds: 0.5
# start_time = May 29 2008 14:49:37 [Instrument's time stamp, header]
# bad_flag = -9.990e-29
*END*
[from data line 161]
 150.618721     -0.330  35.554943    11.4646     9.4134     -0.327    31.1446    23.6933 -9.990e-29
 150.618727     -0.322  35.553480    11.4616     9.4231     -0.319    31.1457    23.6947 -9.990e-29
 150.618733     -0.316  35.559847    11.4678     9.4299     -0.313    31.1467    23.6944 -9.990e-29
 150.618738     -0.312  35.567410    11.4763     9.4198     -0.309    31.1469    23.6930 -9.990e-29
 150.618744     -0.302  35.572251    11.4821     9.4180     -0.299    31.1467    23.6919 -9.990e-29
 150.618750     -0.280  35.574107    11.4838     9.4359     -0.278    31.1471    23.6918 -9.990e-29
 150.618756     -0.249  35.567616    11.4826     9.4669     -0.247    31.1418    23.6879 -9.990e-29
 150.618762     -0.220  35.558688    11.4805     9.4898     -0.218    31.1349    23.6829 -9.990e-29
 150.618767     -0.204  35.559508    11.4753     9.4828     -0.202    31.1400    23.6879 -9.990e-29
 150.618773     -0.200  35.560527    11.4588     9.4615     -0.198    31.1549    23.7024 -9.990e-29
 150.618779     -0.196  35.547982    11.4308     9.4489     -0.194    31.1663    23.7162 -9.990e-29
 150.618785     -0.185  35.526995    11.4066     9.4620     -0.183    31.1662    23.7204 -9.990e-29
 150.618791     -0.182  35.513276    11.3988     9.4884     -0.180    31.1595    23.7166 -9.990e-29
 150.618796     -0.193  35.514294    11.4052     9.5050     -0.191    31.1551    23.7120 -9.990e-29
 150.618802     -0.211  35.524683    11.4128     9.4948     -0.209    31.1588    23.7135 -9.990e-29
 150.618808     -0.220  35.533089    11.4091     9.4874     -0.218    31.1701    23.7230 -9.990e-29
 150.618814     -0.213  35.529442    11.3948     9.4777     -0.211    31.1786    23.7321 -9.990e-29
 150.618819     -0.192  35.516723    11.3827     9.4938     -0.190    31.1764    23.7326 -9.990e-29
 150.618825     -0.170  35.510464    11.3834     9.4772     -0.169    31.1697    23.7272 -9.990e-29
 150.618831     -0.158  35.515761    11.3930     9.4696     -0.157    31.1668    23.7233 -9.990e-29
 150.618837     -0.154  35.523432    11.4002     9.4616     -0.153    31.1682    23.7231 -9.990e-29
 150.618843     -0.151  35.528024    11.4013     9.4568     -0.150    31.1717    23.7256 -9.990e-29
 150.618848     -0.144  35.529504    11.4012     9.4520     -0.143    31.1732    23.7268 -9.990e-29
 150.618854     -0.133  35.529288    11.4024     9.4657     -0.132    31.1720    23.7257 -9.990e-29
 150.618860     -0.116  35.529331    11.4037     9.4749     -0.115    31.1709    23.7246 -9.990e-29
 150.618866     -0.093  35.530251    11.4040     9.4903     -0.092    31.1716    23.7250 -9.990e-29
 150.618872     -0.066  35.531037    11.4009     9.4607     -0.065    31.1749    23.7282 -9.990e-29
 150.618877     -0.043  35.526579    11.3954     9.4375     -0.043    31.1752    23.7294 -9.990e-29
 150.618883     -0.025  35.519897    11.3964     9.4194     -0.025    31.1679    23.7235 -9.990e-29
 150.618889     -0.013  35.522248    11.4058     9.4124     -0.013    31.1622    23.7175 -9.990e-29
 150.618895     -0.005  35.530045    11.4134     9.4110     -0.005    31.1634    23.7170 -9.990e-29
 150.618900      0.004  35.535202    11.4137     9.4131      0.004    31.1682    23.7207 -9.990e-29
 150.618906      0.018  35.537318    11.4115     9.4331      0.018    31.1721    23.7241 -9.990e-29
 150.618912      0.034  35.538659    11.4123     9.4197      0.034    31.1727    23.7245 -9.990e-29
 150.618918      0.048  35.542134    11.4175     9.4232      0.048    31.1717    23.7228 -9.990e-29
 150.618924      0.063  35.546776    11.4253     9.4251      0.062    31.1696    23.7198 -9.990e-29
 150.618929      0.078  35.550375    11.4323     9.4191      0.077    31.1672    23.7167 -9.990e-29
 150.618935      0.091  35.552693    11.4373     9.4029      0.090    31.1653    23.7142 -9.990e-29
 150.618941      0.093  35.554021    11.4411     9.3808      0.092    31.1634    23.7121 -9.990e-29
 150.618947      0.085  35.553894    11.4419     9.3798      0.084    31.1626    23.7113 -9.990e-29
 150.618953      0.074  35.548784    11.4379     9.3878      0.073    31.1610    23.7108 -9.990e-29
 150.618958      0.069  35.535242    11.4345     9.4005      0.068    31.1507    23.7034 -9.990e-29
 150.618964      0.074  35.505858    11.4379     9.4272      0.073    31.1192    23.6783 -9.990e-29
 150.618970      0.084  35.489231    11.4464     9.4502      0.083    31.0959    23.6587 -9.990e-29
 150.618976      0.096  35.516964    11.4499     9.4711      0.095    31.1199    23.6767 -9.990e-29
 150.618981      0.111  35.538657    11.4420     9.4794      0.110    31.1476    23.6997 -9.990e-29
 150.618987      0.125  35.527784    11.4326     9.4686      0.124    31.1450    23.6993 -9.990e-29
 150.618993      0.132  35.521945    11.4302     9.4616      0.131    31.1413    23.6969 -9.990e-29
 150.618999      0.130  35.526796    11.4286     9.4665      0.129    31.1474    23.7019 -9.990e-29
 150.619005      0.129  35.528081    11.4254     9.4713      0.128    31.1513    23.7055 -9.990e-29
 150.619010      0.132  35.531438    11.4213     9.4798      0.131    31.1580    23.7115 -9.990e-29
 150.619016      0.141  35.535745    11.4137     9.4620      0.140    31.1686    23.7211 -9.990e-29
 150.619022      0.151  35.533301    11.4061     9.4281      0.150    31.1727    23.7255 -9.990e-29
 150.619028      0.155  35.531493    11.4054     9.4289      0.154    31.1715    23.7247 -9.990e-29
 150.619034      0.148  35.534070    11.4119     9.4412      0.147    31.1685    23.7213 -9.990e-29
 150.619039      0.134  35.538309    11.4191     9.4902      0.133    31.1666    23.7185 -9.990e-29
 150.619045      0.121  35.542020    11.4206     9.5185      0.120    31.1689    23.7201 -9.990e-29
 150.619051      0.116  35.542313    11.4119     9.4909      0.115    31.1766    23.7275 -9.990e-29
 150.619057      0.128  35.533985    11.3919     9.4950      0.127    31.1853    23.7379 -9.990e-29
 150.619063      0.154  35.514335    11.3673     9.4632      0.153    31.1869    23.7435 -9.990e-29
 150.619068      0.178  35.495814    11.3510     9.4356      0.177    31.1826    23.7430 -9.990e-29
 150.619074      0.192  35.492376    11.3515     9.4366      0.190    31.1788    23.7400 -9.990e-29
 150.619080      0.198  35.499993    11.3642     9.4318      0.196    31.1755    23.7352 -9.990e-29
 150.619086      0.200  35.508653    11.3775     9.4332      0.198    31.1728    23.7307 -9.990e-29
 150.619091      0.208  35.514784    11.3841     9.4577      0.206    31.1732    23.7298 -9.990e-29
 150.619097      0.225  35.518164    11.3849     9.4661      0.223    31.1758    23.7317 -9.990e-29
 150.619103      0.249  35.519386    11.3849     9.4982      0.247    31.1770    23.7326 -9.990e-29
 150.619109      0.272  35.519521    11.3880     9.5005      0.270    31.1745    23.7301 -9.990e-29
 150.619115      0.293  35.520990    11.3936     9.4896      0.291    31.1712    23.7266 -9.990e-29
 150.619120      0.311  35.524072    11.3972     9.4866      0.308    31.1711    23.7259 -9.990e-29
 150.619126      0.329  35.526159    11.3969     9.4537      0.326    31.1734    23.7277 -9.990e-29
 150.619132      0.348  35.525555    11.3950     9.4286      0.345    31.1744    23.7289 -9.990e-29
 150.619138      0.368  35.521456    11.3933     9.4104      0.365    31.1718    23.7272 -9.990e-29
 150.619144      0.382  35.517363    11.3925     9.4271      0.379    31.1685    23.7247 -9.990e-29
 150.619149      0.383  35.518461    11.3930     9.4460      0.380    31.1692    23.7251 -9.990e-29
 150.619155      0.379  35.523417    11.3941     9.4594      0.376    31.1731    23.7280 -9.990e-29
 150.619161      0.379  35.528757    11.3955     9.4849      0.376    31.1771    23.7309 -9.990e-29
 150.619167      0.378  35.532083    11.3969     9.4775      0.375    31.1792    23.7322 -9.990e-29
 150.619172      0.372  35.532231    11.3979     9.4929      0.369    31.1785    23.7315 -9.990e-29
 150.619178      0.366  35.530518    11.3994     9.4735      0.363    31.1755    23.7289 -9.990e-29
 150.619184      0.362  35.527466    11.4015     9.4664      0.359    31.1708    23.7249 -9.990e-29
 150.619190      0.360  35.522368    11.4032     9.4666      0.357    31.1644    23.7196 -9.990e-29
 150.619196      0.361  35.517390    11.4040     9.4532      0.358    31.1589    23.7152 -9.990e-29
 150.619201      0.364  35.516167    11.4038     9.4567      0.361    31.1578    23.7144 -9.990e-29
 150.619207      0.370  35.517629    11.4016     9.4593      0.367    31.1611    23.7174 -9.990e-29
 150.619213      0.379  35.517751    11.3974     9.4674      0.376    31.1648    23.7209 -9.990e-29
 150.619219      0.392  35.515574    11.3937     9.4727      0.389    31.1658    23.7224 -9.990e-29
 150.619225      0.404  35.513983    11.3924     9.4704      0.401    31.1653    23.7222 -9.990e-29
 150.619230      0.409  35.515336    11.3929     9.4787      0.406    31.1662    23.7228 -9.990e-29
 150.619236      0.407  35.518631    11.3931     9.4947      0.404    31.1692    23.7252 -9.990e-29
 150.619242      0.406  35.520417    11.3919     9.4993      0.403    31.1720    23.7275 -9.990e-29
 150.619248      0.414  35.519153    11.3900     9.4966      0.411    31.1724    23.7282 -9.990e-29
 150.619253      0.433  35.515955    11.3891     9.4846      0.429    31.1700    23.7265 -9.990e-29
 150.619259      0.450  35.514398    11.3911     9.4830      0.446    31.1668    23.7236 -9.990e-29
 150.619265      0.458  35.517443    11.3956     9.4899      0.454    31.1660    23.7222 -9.990e-29
 150.619271      0.462  35.521867    11.4003     9.4624      0.458    31.1663    23.7216 -9.990e-29
 150.619277      0.470  35.525724    11.4051     9.4543      0.466    31.1660    23.7205 -9.990e-29
 150.619282      0.488  35.530237    11.4099     9.4499      0.484    31.1663    23.7199 -9.990e-29
 150.619288      0.508  35.531341    11.4122     9.4643      0.504    31.1655    23.7189 -9.990e-29
 150.619294      0.518  35.527703    11.4110     9.4744      0.514    31.1629    23.7171 -9.990e-29
 150.619300      0.520  35.524556    11.4076     9.4730      0.516    31.1627    23.7176 -9.990e-29
 150.619306      0.521  35.522182    11.4024     9.4706      0.517    31.1648    23.7201 -9.990e-29
 150.619311      0.526  35.516294    11.3960     9.4720      0.522    31.1645    23.7210 -9.990e-29
 150.619317      0.531  35.508003    11.3926     9.4760      0.527    31.1593    23.7175 -9.990e-29
 150.619323      0.532  35.506976    11.3961     9.4867      0.528    31.1553    23.7138 -9.990e-29
 150.619329      0.529  35.515200    11.4038     9.4866      0.525    31.1568    23.7136 -9.990e-29
 150.619334      0.527  35.524593    11.4104     9.4725      0.523    31.1604    23.7153 -9.990e-29
 150.619340      0.529  35.531435    11.4142     9.4785      0.525    31.1639    23.7173 -9.990e-29
 150.619346      0.536  35.535326    11.4159     9.4702      0.532    31.1662    23.7188 -9.990e-29
 150.619352      0.548  35.536972    11.4170     9.4486      0.543    31.1669    23.7191 -9.990e-29
 150.619358      0.561  35.537446    11.4180     9.4343      0.556    31.1665    23.7186 -9.990e-29
 150.619363      0.572  35.536818    11.4186     9.4216      0.567    31.1654    23.7177 -9.990e-29
 150.619369      0.583  35.536490    11.4192     9.4060      0.578    31.1646    23.7169 -9.990e-29
 150.619375      0.592  35.538264    11.4206     9.4042      0.587    31.1651    23.7171 -9.990e-29
 150.619381      0.601  35.542262    11.4233     9.4049      0.596    31.1667    23.7179 -9.990e-29
 150.619387      0.612  35.548771    11.4283     9.4163      0.607    31.1688    23.7186 -9.990e-29
 150.619392      0.623  35.554145    11.4345     9.4296      0.618    31.1688    23.7175 -9.990e-29
 150.619398      0.636  35.551546    11.4380     9.4367      0.631    31.1634    23.7126 -9.990e-29
 150.619404      0.648  35.543669    11.4377     9.4404      0.643    31.1559    23.7069 -9.990e-29
 150.619410      0.651  35.540174    11.4364     9.4448      0.646    31.1536    23.7054 -9.990e-29
 150.619416      0.645  35.543124    11.4358     9.4463      0.640    31.1570    23.7081 -9.990e-29
 150.619421      0.642  35.546365    11.4337     9.4578      0.637    31.1619    23.7123 -9.990e-29
 150.619427      0.651  35.544697    11.4284     9.4683      0.646    31.1648    23.7154 -9.990e-29
 150.619433      0.667  35.538134    11.4220     9.4811      0.661    31.1638    23.7158 -9.990e-29
 150.619439      0.684  35.530246    11.4184     9.5046      0.678    31.1591    23.7128 -9.990e-29
 150.619444      0.695  35.526759    11.4179     9.5066      0.689    31.1561    23.7106 -9.990e-29
 150.619450      0.695  35.528059    11.4161     9.4998      0.689    31.1589    23.7131 -9.990e-29
 150.619456      0.688  35.525235    11.4090     9.4762      0.682    31.1622    23.7169 -9.990e-29
 150.619462      0.683  35.515079    11.3997     9.4724      0.677    31.1601    23.7169 -9.990e-29
 150.619468      0.684  35.508135    11.3937     9.4781      0.678    31.1584    23.7167 -9.990e-29
 150.619473      0.691  35.508586    11.3878     9.4932      0.685    31.1638    23.7219 -9.990e-29
 150.619479      0.704  35.506945    11.3772     9.5023      0.698    31.1711    23.7295 -9.990e-29
 150.619485      0.721  35.501023    11.3662     9.4853      0.715    31.1746    23.7342 -9.990e-29
 150.619491      0.728  35.496365    11.3620     9.4669      0.722    31.1736    23.7341 -9.990e-29
 150.619497      0.718  35.495718    11.3673     9.4364      0.712    31.1685    23.7292 -9.990e-29
 150.619502      0.699  35.499334    11.3783     9.4217      0.693    31.1628    23.7228 -9.990e-29
 150.619508      0.683  35.505312    11.3886     9.4166      0.677    31.1599    23.7188 -9.990e-29
 150.619514      0.676  35.510978    11.3955     9.4185      0.670    31.1596    23.7173 -9.990e-29
 150.619520      0.684  35.516048    11.3998     9.4342      0.678    31.1610    23.7176 -9.990e-29
 150.619525      0.697  35.521120    11.4035     9.4354      0.691    31.1628    23.7183 -9.990e-29
 150.619531      0.704  35.524555    11.4079     9.4507      0.698    31.1624    23.7173 -9.990e-29
 150.619537      0.706  35.526446    11.4117     9.4608      0.700    31.1610    23.7155 -9.990e-29
 150.619543      0.710  35.526514    11.4119     9.4794      0.704    31.1609    23.7154 -9.990e-29
 150.619549      0.722  35.522050    11.4074     9.4886      0.716    31.1604    23.7158 -9.990e-29
 150.619554      0.738  35.514943    11.4001     9.4880      0.732    31.1596    23.7165 -9.990e-29
 150.619560      0.751  35.509717    11.3939     9.4646      0.745    31.1597    23.7177 -9.990e-29
 150.619566      0.756  35.507803    11.3923     9.4447      0.750    31.1592    23.7175 -9.990e-29
 150.619572      0.755  35.509445    11.3967     9.4339      0.749    31.1571    23.7151 -9.990e-29
 150.619578      0.751  35.514029    11.4042     9.4459      0.745    31.1553    23.7124 -9.990e-29
 150.619583      0.753  35.518703    11.4099     9.4587      0.747    31.1550    23.7111 -9.990e-29
 150.619589      0.766  35.521859    11.4113     9.4568      0.760    31.1569    23.7124 -9.990e-29
 150.619595      0.785  35.523222    11.4098     9.4494      0.778    31.1595    23.7146 -9.990e-29
 150.619601      0.799  35.522929    11.4096     9.4307      0.792    31.1594    23.7146 -9.990e-29
 150.619606      0.801  35.523387    11.4128     9.4284      0.794    31.1571    23.7123 -9.990e-29
 150.619612      0.795  35.525764    11.4178     9.4429      0.788    31.1552    23.7099 -9.990e-29
 150.619618      0.789  35.528745    11.4230     9.4633      0.782    31.1537    23.7078 -9.990e-29
 150.619624      0.791  35.531824    11.4265     9.4830      0.784    31.1538    23.7072 -9.990e-29
 150.619630      0.802  35.532946    11.4258     9.4938      0.795    31.1555    23.7087 -9.990e-29
 150.619635      0.813  35.530245    11.4225     9.4710      0.806    31.1556    23.7094 -9.990e-29
