data/oxygen options/ONMS/Olympic_Coast_National_Marine_Sanctuary_CTD_Data_2005_2023/raw_data/2008/SBE19/CTD_CE042_061208faed.cnv
* Sea-Bird SBE19 Data File:
* FileName = C:\2008_Mooring_Data\061208_service\CTD_CE042_061208.hex
* Software Version 1.59
* Temperature SN = 2997
* Conductivity SN = 2997
* System UpLoad Time = Jun 12 2008 16:01:20
* ds
* SEACAT PROFILER V3.1c SN 2997   06/12/08  16:00:53.108
# nquan = 9                                 
# nvalues = 2082                        
# units = specified
# name 0 = timeJ: Julian Days
# name 1 = prSM: Pressure, Strain Gauge [db]
# name 2 = c0mS/cm: Conductivity [mS/cm]
# name 3 = t090C: Temperature [ITS-90, deg C]
# name 4 = sbeox0ML/L: Oxygen, SBE 43 [ml/l]
# name 5 = depSM: Depth [salt water, m], lat = 47.5
# name 6 = sal00: Salinity, Practical [PSU]
# name 7 = sigma-é00: Density [sigma-theta, kg/m^3]
# name 8 = flag: flag
# span 0 = 164.648333, 164.660376       
# span 1 =     -5.476,     41.877       
# span 2 =   0.049183,  35.263581       
# span 3 =     7.2976,    12.1524       
# span 4 =    -1.6431,    12.6331       
# span 5 =     -5.430,     41.523       
# span 6 =     0.0331,    33.6856       
# span 7 =    -0.4421,    26.3423       
# span 8 = 0.0000e+00, 0.0000e+00       
# interval = seconds: 0.5
# start_time = Jun 12 2008 15:33:36 [Instrument's time stamp, header]
# bad_flag = -9.990e-29
*END*
[from data line 1441]
 164.656672     19.881  34.560120     8.6706     4.7748     19.714    32.5931    25.2848 0.0000e+00
 164.656678     19.594  34.563336     8.7174     4.8416     19.430    32.5535    25.2467 0.0000e+00
 164.656684     19.283  34.570030     8.7681     4.9077     19.121    32.5141    25.2080 0.0000e+00
 164.656690     18.962  34.579057     8.8163     4.9526     18.803    32.4794    25.1735 0.0000e+00
 164.656696     18.640  34.587533     8.8565     4.9772     18.484    32.4516    25.1456 0.0000e+00
 164.656701     18.319  34.595020     8.8920     5.0101     18.165    32.4271    25.1209 0.0000e+00
 164.656707     17.994  34.602188     8.9231     5.0713     17.843    32.4063    25.0998 0.0000e+00
 164.656713     17.663  34.606852     8.9502     5.1581     17.515    32.3866    25.0802 0.0000e+00
 164.656719     17.322  34.611330     8.9851     5.2560     17.177    32.3596    25.0537 0.0000e+00
 164.656725     16.970  34.624971     9.0387     5.3859     16.828    32.3252    25.0184 0.0000e+00
 164.656730     16.615  34.658699     9.1174     5.5096     16.476    32.2888    24.9778 0.0000e+00
 164.656736     16.264  34.723340     9.2247     5.5923     16.128    32.2586    24.9373 0.0000e+00
 164.656742     15.917  34.787488     9.3707     5.6579     15.784    32.1931    24.8631 0.0000e+00
 164.656748     15.568  34.821323     9.5647     5.6877     15.437    32.0540    24.7235 0.0000e+00
 164.656753     15.216  34.869988     9.7621     5.7104     15.088    31.9281    24.5933 0.0000e+00
 164.656759     14.870  34.954715     9.9005     5.7368     14.745    31.8917    24.5424 0.0000e+00
 164.656765     14.537  35.036739     9.9800     5.7334     14.415    31.9046    24.5394 0.0000e+00
 164.656771     14.217  35.089370    10.0217     5.7422     14.098    31.9211    24.5454 0.0000e+00
 164.656777     13.903  35.110566    10.0378     5.7523     13.787    31.9284    24.5485 0.0000e+00
 164.656782     13.588  35.113490    10.0518     5.7673     13.474    31.9192    24.5389 0.0000e+00
 164.656788     13.273  35.116060    10.0784     5.7915     13.162    31.8984    24.5184 0.0000e+00
 164.656794     12.968  35.124518    10.1074     5.7893     12.859    31.8815    24.5004 0.0000e+00
 164.656800     12.688  35.137275    10.1295     5.7792     12.582    31.8751    24.4916 0.0000e+00
 164.656806     12.441  35.152875    10.1444     5.7831     12.337    31.8778    24.4913 0.0000e+00
 164.656811     12.224  35.161334    10.1529     5.7741     12.122    31.8789    24.4907 0.0000e+00
 164.656817     12.035  35.161064    10.1596     5.7847     11.934    31.8728    24.4849 0.0000e+00
 164.656823     11.886  35.165724    10.1686     5.7857     11.786    31.8696    24.4809 -9.990e-29
 164.656829     11.777  35.177062    10.1796     5.7847     11.678    31.8714    24.4805 -9.990e-29
 164.656834     11.704  35.186687    10.1884     5.7916     11.606    31.8734    24.4806 -9.990e-29
 164.656840     11.661  35.190642    10.1917     5.7838     11.563    31.8745    24.4809 -9.990e-29
 164.656846     11.636  35.188612    10.1905     5.7852     11.539    31.8735    24.4803 -9.990e-29
 164.656852     11.616  35.183509    10.1887     5.7813     11.519    31.8700    24.4778 -9.990e-29
 164.656858     11.595  35.180303    10.1884     5.7788     11.498    31.8670    24.4756 -9.990e-29
 164.656863     11.576  35.180893    10.1886     5.7809     11.479    31.8675    24.4759 -9.990e-29
 164.656869     11.566  35.184399    10.1889     5.7753     11.469    31.8707    24.4784 -9.990e-29
 164.656875     11.568  35.189346    10.1896     5.7836     11.471    31.8751    24.4817 -9.990e-29
 164.656881     11.580  35.192824    10.1898     5.7942     11.483    31.8784    24.4842 -9.990e-29
 164.656887     11.592  35.192760    10.1891     5.7940     11.495    31.8789    24.4848 -9.990e-29
 164.656892     11.602  35.190201    10.1873     5.8085     11.505    31.8780    24.4843 -9.990e-29
 164.656898     11.610  35.187910    10.1845     5.8157     11.513    31.8781    24.4849 -9.990e-29
 164.656904     11.616  35.187325    10.1826     5.8127     11.519    31.8792    24.4860 -9.990e-29
 164.656910     11.621  35.188798    10.1824     5.8146     11.524    31.8808    24.4873 -9.990e-29
 164.656916     11.626  35.190948    10.1828     5.8053     11.529    31.8827    24.4887 -9.990e-29
 164.656921     11.630  35.190492    10.1821     5.8008     11.533    31.8828    24.4889 -9.990e-29
 164.656927     11.634  35.187394    10.1801     5.7987     11.537    31.8814    24.4882 -9.990e-29
 164.656933     11.638  35.185381    10.1787     5.7953     11.541    31.8807    24.4878 -9.990e-29
 164.656939     11.643  35.186262    10.1795     5.8008     11.546    31.8808    24.4878 -9.990e-29
 164.656944     11.648  35.188984    10.1826     5.8021     11.550    31.8808    24.4873 -9.990e-29
 164.656950     11.653  35.192709    10.1868     5.8016     11.555    31.8809    24.4867 -9.990e-29
 164.656956     11.661  35.196255    10.1902     5.8186     11.563    31.8815    24.4865 -9.990e-29
 164.656962     11.669  35.197641    10.1913     5.8266     11.571    31.8819    24.4867 -9.990e-29
 164.656968     11.676  35.196489    10.1899     5.8335     11.578    31.8820    24.4870 -9.990e-29
 164.656973     11.673  35.194076    10.1881     5.8301     11.575    31.8811    24.4866 -9.990e-29
 164.656979     11.656  35.190558    10.1882     5.8142     11.558    31.8775    24.4838 -9.990e-29
 164.656985     11.627  35.187418    10.1899     5.8085     11.530    31.8729    24.4799 -9.990e-29
 164.656991     11.597  35.187765    10.1918     5.8118     11.500    31.8715    24.4785 -9.990e-29
 164.656997     11.583  35.190954    10.1943     5.8150     11.486    31.8726    24.4789 -9.990e-29
 164.657002     11.591  35.195091    10.1969     5.8355     11.494    31.8744    24.4799 -9.990e-29
 164.657008     11.613  35.198423    10.1978     5.8441     11.516    31.8770    24.4818 -9.990e-29
 164.657014     11.634  35.199246    10.1974     5.8367     11.537    31.8782    24.4828 -9.990e-29
 164.657020     11.638  35.198109    10.1978     5.8369     11.541    31.8767    24.4815 -9.990e-29
 164.657025     11.620  35.196868    10.1992     5.8229     11.523    31.8742    24.4794 -9.990e-29
 164.657031     11.598  35.197244    10.2011     5.8321     11.501    31.8729    24.4780 -9.990e-29
 164.657037     11.587  35.199191    10.2030     5.8421     11.490    31.8732    24.4780 -9.990e-29
 164.657043     11.585  35.200838    10.2039     5.8420     11.488    31.8741    24.4785 -9.990e-29
 164.657049     11.584  35.200473    10.2035     5.8539     11.487    31.8740    24.4785 -9.990e-29
 164.657054     11.576  35.198742    10.2027     5.8561     11.479    31.8730    24.4779 -9.990e-29
 164.657060     11.556  35.197833    10.2022     5.8488     11.459    31.8725    24.4776 -9.990e-29
 164.657066     11.531  35.198225    10.2020     5.8448     11.434    31.8731    24.4781 -9.990e-29
 164.657072     11.513  35.199336    10.2020     5.8314     11.417    31.8743    24.4789 -9.990e-29
 164.657078     11.504  35.200979    10.2019     5.8228     11.408    31.8760    24.4803 -9.990e-29
 164.657083     11.500  35.201999    10.2016     5.8304     11.404    31.8773    24.4814 -9.990e-29
 164.657089     11.495  35.201528    10.2015     5.8333     11.399    31.8769    24.4811 -9.990e-29
 164.657095     11.495  35.201191    10.2016     5.8431     11.399    31.8765    24.4807 -9.990e-29
 164.657101     11.503  35.202231    10.2018     5.8398     11.407    31.8773    24.4814 -9.990e-29
 164.657106     11.520  35.203248    10.2017     5.8296     11.424    31.8784    24.4823 -9.990e-29
 164.657112     11.542  35.202811    10.2011     5.8328     11.445    31.8785    24.4824 -9.990e-29
 164.657118     11.563  35.201470    10.2005     5.8327     11.466    31.8777    24.4819 -9.990e-29
 164.657124     11.580  35.200811    10.2006     5.8369     11.483    31.8769    24.4813 -9.990e-29
 164.657130     11.597  35.201646    10.2014     5.8442     11.500    31.8771    24.4812 -9.990e-29
 164.657135     11.621  35.202862    10.2020     5.8427     11.524    31.8778    24.4817 -9.990e-29
 164.657141     11.644  35.202735    10.2023     5.8427     11.546    31.8774    24.4813 -9.990e-29
 164.657147     11.654  35.201669    10.2026     5.8535     11.556    31.8760    24.4802 -9.990e-29
 164.657153     11.654  35.201055    10.2030     5.8540     11.556    31.8750    24.4794 -9.990e-29
 164.657159     11.650  35.201205    10.2035     5.8596     11.552    31.8748    24.4791 -9.990e-29
 164.657164     11.647  35.201775    10.2041     5.8580     11.549    31.8748    24.4790 -9.990e-29
 164.657170     11.645  35.202416    10.2044     5.8404     11.547    31.8752    24.4793 -9.990e-29
 164.657176     11.644  35.202878    10.2044     5.8423     11.546    31.8756    24.4796 -9.990e-29
 164.657182     11.644  35.203229    10.2045     5.8349     11.546    31.8759    24.4798 -9.990e-29
 164.657187     11.644  35.203952    10.2047     5.8364     11.546    31.8765    24.4802 -9.990e-29
 164.657193     11.646  35.204903    10.2045     5.8467     11.548    31.8776    24.4811 -9.990e-29
 164.657199     11.648  35.205120    10.2036     5.8466     11.550    31.8786    24.4821 -9.990e-29
 164.657205     11.651  35.204348    10.2028     5.8491     11.553    31.8785    24.4822 -9.990e-29
 164.657211     11.651  35.203249    10.2030     5.8480     11.553    31.8773    24.4811 -9.990e-29
 164.657216     11.643  35.202613    10.2036     5.8394     11.546    31.8761    24.4801 -9.990e-29
 164.657222     11.632  35.202722    10.2037     5.8439     11.535    31.8761    24.4801 -9.990e-29
 164.657228     11.624  35.203176    10.2035     5.8457     11.527    31.8767    24.4806 -9.990e-29
 164.657234     11.625  35.204036    10.2031     5.8468     11.528    31.8780    24.4817 -9.990e-29
 164.657240     11.630  35.205341    10.2027     5.8536     11.533    31.8796    24.4830 -9.990e-29
 164.657245     11.634  35.206043    10.2026     5.8460     11.537    31.8804    24.4837 -9.990e-29
 164.657251     11.639  35.205410    10.2028     5.8506     11.542    31.8796    24.4830 -9.990e-29
 164.657257     11.644  35.204291    10.2028     5.8504     11.546    31.8785    24.4821 -9.990e-29
 164.657263     11.654  35.204006    10.2025     5.8552     11.556    31.8784    24.4821 -9.990e-29
 164.657269     11.673  35.204751    10.2024     5.8642     11.575    31.8793    24.4828 -9.990e-29
 164.657274     11.696  35.205851    10.2024     5.8747     11.598    31.8804    24.4837 -9.990e-29
 164.657280     11.709  35.206544    10.2028     5.8704     11.611    31.8807    24.4839 -9.990e-29
 164.657286     11.706  35.206087    10.2037     5.8529     11.608    31.8795    24.4827 -9.990e-29
 164.657292     11.682  35.205003    10.2049     5.8446     11.584    31.8773    24.4809 -9.990e-29
 164.657297     11.648  35.204660    10.2060     5.8401     11.550    31.8760    24.4797 -9.990e-29
 164.657303     11.623  35.205174    10.2067     5.8574     11.526    31.8759    24.4795 -9.990e-29
 164.657309     11.616  35.206127    10.2073     5.8654     11.519    31.8764    24.4797 -9.990e-29
 164.657315     11.624  35.207122    10.2076     5.8597     11.527    31.8771    24.4802 -9.990e-29
 164.657321     11.644  35.207820    10.2075     5.8615     11.546    31.8779    24.4809 -9.990e-29
 164.657326     11.665  35.208044    10.2070     5.8576     11.567    31.8785    24.4815 -9.990e-29
 164.657332     11.680  35.207544    10.2064     5.8586     11.582    31.8786    24.4816 -9.990e-29
 164.657338     11.689  35.206785    10.2060     5.8721     11.591    31.8782    24.4813 -9.990e-29
 164.657344     11.689  35.206448    10.2059     5.8720     11.591    31.8779    24.4811 -9.990e-29
 164.657350     11.675  35.206657    10.2063     5.8538     11.577    31.8778    24.4810 -9.990e-29
 164.657355     11.651  35.207145    10.2072     5.8589     11.553    31.8775    24.4806 -9.990e-29
 164.657361     11.628  35.207453    10.2081     5.8501     11.531    31.8770    24.4801 -9.990e-29
 164.657367     11.617  35.208007    10.2086     5.8530     11.520    31.8771    24.4801 -9.990e-29
 164.657373     11.618  35.209001    10.2088     5.8642     11.521    31.8779    24.4807 -9.990e-29
 164.657378     11.623  35.209343    10.2090     5.8617     11.526    31.8781    24.4808 -9.990e-29
 164.657384     11.623  35.208935    10.2092     5.8645     11.526    31.8775    24.4803 -9.990e-29
 164.657390     11.613  35.208721    10.2094     5.8750     11.516    31.8771    24.4800 -9.990e-29
 164.657396     11.598  35.208970    10.2096     5.8811     11.501    31.8772    24.4800 -9.990e-29
 164.657402     11.581  35.209256    10.2098     5.8763     11.484    31.8773    24.4801 -9.990e-29
 164.657407     11.565  35.209392    10.2100     5.8661     11.468    31.8773    24.4800 -9.990e-29
 164.657413     11.557  35.209549    10.2104     5.8460     11.460    31.8771    24.4798 -9.990e-29
 164.657419     11.561  35.209926    10.2112     5.8478     11.464    31.8768    24.4794 -9.990e-29
 164.657425     11.574  35.210456    10.2119     5.8594     11.477    31.8767    24.4792 -9.990e-29
 164.657431     11.587  35.210716    10.2118     5.8722     11.490    31.8770    24.4795 -9.990e-29
 164.657436     11.597  35.210480    10.2114     5.8836     11.500    31.8772    24.4796 -9.990e-29
 164.657442     11.606  35.209985    10.2113     5.8868     11.509    31.8767    24.4793 -9.990e-29
 164.657448     11.612  35.209681    10.2113     5.8783     11.515    31.8764    24.4791 -9.990e-29
 164.657454     11.617  35.209712    10.2114     5.8782     11.520    31.8764    24.4790 -9.990e-29
 164.657459     11.621  35.210110    10.2116     5.8757     11.524    31.8766    24.4792 -9.990e-29
 164.657465     11.624  35.210834    10.2116     5.8741     11.527    31.8773    24.4797 -9.990e-29
 164.657471     11.627  35.211160    10.2114     5.8817     11.530    31.8778    24.4802 -9.990e-29
 164.657477     11.629  35.210955    10.2112     5.8861     11.532    31.8778    24.4802 -9.990e-29
 164.657483     11.631  35.211053    10.2112     5.8814     11.534    31.8779    24.4803 -9.990e-29
 164.657488     11.633  35.211577    10.2117     5.8905     11.536    31.8780    24.4802 -9.990e-29
 164.657494     11.634  35.212094    10.2122     5.8890     11.537    31.8781    24.4802 -9.990e-29
 164.657500     11.636  35.212163    10.2125     5.8877     11.539    31.8779    24.4800 -9.990e-29
 164.657506     11.634  35.211866    10.2126     5.8881     11.537    31.8775    24.4797 -9.990e-29
 164.657512     11.628  35.211916    10.2129     5.8888     11.531    31.8773    24.4795 -9.990e-29
 164.657517     11.626  35.212371    10.2136     5.8839     11.529    31.8771    24.4792 -9.990e-29
 164.657523     11.627  35.212707    10.2141     5.8884     11.530    31.8770    24.4791 -9.990e-29
 164.657529     11.624  35.212803    10.2141     5.8882     11.527    31.8771    24.4792 -9.990e-29
 164.657535     11.611  35.212776    10.2140     5.8805     11.514    31.8772    24.4792 -9.990e-29
 164.657541     11.598  35.212581    10.2141     5.8923     11.501    31.8769    24.4790 -9.990e-29
 164.657546     11.595  35.212507    10.2145     5.8861     11.498    31.8765    24.4786 -9.990e-29
 164.657552     11.606  35.213007    10.2149     5.8803     11.509    31.8766    24.4786 -9.990e-29
 164.657558     11.629  35.213618    10.2148     5.8849     11.532    31.8773    24.4792 -9.990e-29
 164.657564     11.651  35.213462    10.2145     5.8823     11.553    31.8774    24.4793 -9.990e-29
 164.657569     11.657  35.212881    10.2144     5.8805     11.559    31.8769    24.4790 -9.990e-29
 164.657575     11.640  35.212772    10.2148     5.8925     11.543    31.8765    24.4785 -9.990e-29
 164.657581     11.605  35.212976    10.2155     5.8927     11.508    31.8761    24.4781 -9.990e-29
 164.657587     11.565  35.213196    10.2161     5.8940     11.468    31.8758    24.4778 -9.990e-29
