data/oxygen options/ONMS/Olympic_Coast_National_Marine_Sanctuary_CTD_Data_2005_2023/raw_data/2008/SBE19/CTD_KL027_061208faed.cnv
* Sea-Bird SBE19 Data File:
* FileName = C:\2008_Mooring_Data\061208_service\CTD_KL027_061208.hex
* Software Version 1.59
* Temperature SN = 2997
* Conductivity SN = 2997
* System UpLoad Time = Jun 12 2008 12:01:04
* ds
* SEACAT PROFILER V3.1c SN 2997   06/12/08  12:00:35.286
# nquan = 9                                 
# nvalues = 709                         
# units = specified
# name 0 = timeJ: Julian Days
# name 1 = prSM: Pressure, Strain Gauge [db]
# name 2 = c0mS/cm: Conductivity [mS/cm]
# name 3 = t090C: Temperature [ITS-90, deg C]
# name 4 = sbeox0ML/L: Oxygen, SBE 43 [ml/l]
# name 5 = depSM: Depth [salt water, m], lat = 47.5
# name 6 = sal00: Salinity, Practical [PSU]
# name 7 = sigma-é00: Density [sigma-theta, kg/m^3]
# name 8 = flag: flag
# span 0 = 164.495660, 164.499757       
# span 1 =     -5.308,     26.386       
# span 2 =   0.000997,  35.482609       
# span 3 =     7.4266,    11.8571       
# span 4 =    -1.6372,    13.6924       
# span 5 =     -5.264,     26.164       
# span 6 =     0.0062,    33.4445       
# span 7 =    -0.4790,    26.1326       
# span 8 = 0.0000e+00, 0.0000e+00       
# interval = seconds: 0.5
# start_time = Jun 12 2008 11:53:45 [Instrument's time stamp, header]
# bad_flag = -9.990e-29
*END*
 164.495660     -5.308 -9.990e-29    11.8571    -1.6372     -5.264 -9.990e-29 -9.990e-29 -9.990e-29
 164.495666     -5.301   0.000997    11.8514    -1.6368     -5.257     0.0062    -0.4790 -9.990e-29
 164.495671     -5.292   0.001308    11.8365    -1.6366     -5.248     0.0063    -0.4773 -9.990e-29
 164.495677     -5.281   0.001689    11.8133    -1.6366     -5.237     0.0064    -0.4746 -9.990e-29
 164.495683     -5.266   0.001723    11.7792    -1.6363     -5.222     0.0064    -0.4708 -9.990e-29
 164.495689     -5.247   0.001455    11.7331    -1.6362     -5.203     0.0063    -0.4658 -9.990e-29
 164.495694     -5.222   0.001267    11.6843    -1.6362     -5.178     0.0062    -0.4604 -9.990e-29
 164.495700     -5.190   0.001461    11.6435    -1.6359     -5.147     0.0063    -0.4559 -9.990e-29
 164.495706     -5.154   0.001924    11.6178    -1.6357     -5.111     0.0064    -0.4530 -9.990e-29
 164.495712     -5.119   0.002164    11.6089    -1.6354     -5.076     0.0065    -0.4519 -9.990e-29
 164.495718     -5.087   0.001943    11.6105    -1.6351     -5.045     0.0064    -0.4522 -9.990e-29
 164.495723     -5.057   0.001521    11.6147    -1.6348     -5.015     0.0063    -0.4528 -9.990e-29
 164.495729     -5.026   0.001441    11.6190    -1.6345     -4.984     0.0062    -0.4532 -9.990e-29
 164.495735     -4.993   0.001594    11.6237    -1.6343     -4.951     0.0063    -0.4537 -9.990e-29
 164.495741     -4.955   0.001630    11.6282    -1.6338     -4.914     0.0063    -0.4542 -9.990e-29
 164.495747     -4.915   0.001595    11.6328    -1.6334     -4.874     0.0063    -0.4547 -9.990e-29
 164.495752     -4.878   0.001440    11.6389    -1.6330     -4.837     0.0063    -0.4554 -9.990e-29
 164.495758     -4.846   0.001512    11.6464    -1.6326     -4.806     0.0063    -0.4562 -9.990e-29
 164.495764     -4.818   0.001903    11.6544    -1.6322     -4.778     0.0064    -0.4570 -9.990e-29
 164.495770     -4.791   0.002027    11.6624    -1.6301     -4.751     0.0065    -0.4578 -9.990e-29
 164.495775     -4.764   0.002047    11.6706    -1.3521     -4.724     0.0065    -0.4587 -9.990e-29
 164.495781     -4.735   0.002541    11.6794    -1.3502     -4.696     0.0067    -0.4595 -9.990e-29
 164.495787     -4.702   0.003613    11.6892    -1.3502     -4.663     0.0071    -0.4602 -9.990e-29
 164.495793     -4.664   0.006692    11.7006    -1.3508     -4.625     0.0086    -0.4603 -9.990e-29
 164.495799     -4.617   0.016987    11.7132    -1.3503     -4.579     0.0142    -0.4574 -9.990e-29
 164.495804     -4.559   0.048778    11.7267    -1.3497     -4.521     0.0328    -0.4442 -9.990e-29
 164.495810     -4.490   0.144453    11.7412    -1.3499     -4.453     0.0926    -0.3990 -9.990e-29
 164.495816     -4.415   0.431576    11.7591    -1.3499     -4.378     0.2817    -0.2529 -9.990e-29
 164.495822     -4.333   1.292421    11.7884    -1.3499     -4.297     0.8806     0.2114 -9.990e-29
 164.495828     -4.239   3.874227    11.8239    -1.3497     -4.204     2.8020     1.7018 -9.990e-29
 164.495833     -4.130  11.534649    11.8418    -1.3495     -4.096     9.0129     6.5077 -9.990e-29
 164.495839     -4.014  22.980582    11.8384    -1.3501     -3.981    19.0640    14.2732 -9.990e-29
 164.495845     -3.896  30.642472    11.8312    -1.3502     -3.864    26.1591    19.7629 -9.990e-29
 164.495851     -3.767  33.234251    11.8271    -1.3501     -3.736    28.6191    21.6694 -9.990e-29
 164.495856     -3.624  34.112241    11.8228    -1.3500     -3.594    29.4612    22.3231 -9.990e-29
 164.495862     -3.480  34.433944    11.8173    -1.3499     -3.451    29.7738    22.5664 -9.990e-29
 164.495868     -3.342  34.571471    11.8127    -1.3499     -3.314    29.9093    22.6724 -9.990e-29
 164.495874     -3.210  34.631207    11.8113    -1.3498     -3.183    29.9677    22.7179 -9.990e-29
 164.495880     -3.084  34.658371    11.8129    -1.3498     -3.058    29.9924    22.7368 -9.990e-29
 164.495885     -2.970  34.672676    11.8117    -1.3498     -2.945    30.0071    22.7484 -9.990e-29
 164.495891     -2.868  34.679486    11.8048    -1.3498     -2.844    30.0192    22.7590 -9.990e-29
 164.495897     -2.771  34.681455    11.7971    -1.3496     -2.748    30.0272    22.7666 -9.990e-29
 164.495903     -2.679  34.682623    11.7919    -1.3495     -2.657    30.0325    22.7717 -9.990e-29
 164.495909     -2.594  34.689877    11.7907    -1.3499     -2.572    30.0404    22.7780 -9.990e-29
 164.495914     -2.522  34.704220    11.7949    -1.3500     -2.501    30.0508    22.7853 -9.990e-29
 164.495920     -2.469  34.715392    11.8012    -1.3497     -2.448    30.0564    22.7885 -9.990e-29
 164.495926     -2.427  34.712822    11.8043    -1.3499     -2.407    30.0514    22.7841 -9.990e-29
 164.495932     -2.388  34.702899    11.8022    -1.3498     -2.368    30.0435    22.7784 -9.990e-29
 164.495938     -2.350  34.700125    11.7971    -1.3498     -2.330    30.0450    22.7804 -9.990e-29
 164.495943     -2.311  34.708934    11.7938    -1.3498     -2.292    30.0561    22.7896 -9.990e-29
 164.495949     -2.272  34.725686    11.7953    -1.3498     -2.253    30.0710    22.8009 -9.990e-29
 164.495955     -2.240  34.742211    11.7995    -1.3502     -2.221    30.0834    22.8098 -9.990e-29
 164.495961     -2.213  34.747799    11.8020    -1.3503     -2.195    30.0868    22.8119 -9.990e-29
 164.495966     -2.184  34.736756    11.8018    -1.3503     -2.166    30.0763    22.8039 -9.990e-29
 164.495972     -2.156  34.719289    11.8014    -1.3505     -2.138    30.0598    22.7912 -9.990e-29
 164.495978     -2.132  34.713840    11.8026    -1.3505     -2.114    30.0536    22.7861 -9.990e-29
 164.495984     -2.109  34.717356    11.8049    -1.3502     -2.091    30.0551    22.7869 -9.990e-29
 164.495990     -2.087  34.715219    11.8059    -1.3500     -2.070    30.0523    22.7845 -9.990e-29
 164.495995     -2.064  34.709354    11.8038    -1.3500     -2.047    30.0483    22.7818 -9.990e-29
 164.496001     -2.039  34.705673    11.7974    -1.3501     -2.022    30.0500    22.7842 -9.990e-29
 164.496007     -2.010  34.706282    11.7880    -1.3501     -1.993    30.0581    22.7922 -9.990e-29
 164.496013     -1.979  34.711165    11.7804    -1.3500     -1.962    30.0689    22.8020 -9.990e-29
 164.496019     -1.953  34.716486    11.7766    -1.3499     -1.937    30.0771    22.8090 -9.990e-29
 164.496024     -1.931  34.718434    11.7753    -1.3499     -1.915    30.0800    22.8115 -9.990e-29
 164.496030     -1.907  34.715420    11.7764    -1.3500     -1.891    30.0762    22.8084 -9.990e-29
 164.496036     -1.883  34.711555    11.7805    -1.3501     -1.867    30.0692    22.8022 -9.990e-29
 164.496042     -1.862  34.713737    11.7859    -1.3501     -1.846    30.0669    22.7994 -9.990e-29
 164.496047     -1.844  34.721252    11.7900    -1.3501     -1.829    30.0708    22.8017 -9.990e-29
 164.496053     -1.826  34.725378    11.7920    -1.3500     -1.811    30.0732    22.8032 -9.990e-29
 164.496059     -1.807  34.722391    11.7930    -1.3502     -1.792    30.0695    22.8002 -9.990e-29
 164.496065     -1.787  34.717561    11.7938    -1.3502     -1.772    30.0642    22.7959 -9.990e-29
 164.496071     -1.768  34.718179    11.7952    -1.3503     -1.753    30.0636    22.7952 -9.990e-29
 164.496076     -1.754  34.723682    11.7968    -1.3502     -1.739    30.0676    22.7980 -9.990e-29
 164.496082     -1.744  34.726585    11.7978    -1.3502     -1.729    30.0696    22.7994 -9.990e-29
 164.496088     -1.736  34.722095    11.7970    -1.3502     -1.722    30.0659    22.7967 -9.990e-29
 164.496094     -1.727  34.712358    11.7953    -1.3501     -1.713    30.0579    22.7908 -9.990e-29
 164.496100     -1.715  34.706519    11.7955    -1.3502     -1.701    30.0522    22.7863 -9.990e-29
 164.496105     -1.704  34.706605    11.7974    -1.3503     -1.690    30.0507    22.7848 -9.990e-29
 164.496111     -1.690  34.705183    11.7985    -1.3503     -1.676    30.0485    22.7829 -9.990e-29
 164.496117     -1.666  34.698973    11.7981    -1.3504     -1.652    30.0428    22.7786 -9.990e-29
 164.496123     -1.632  34.690624    11.7975    -1.3504     -1.618    30.0353    22.7728 -9.990e-29
 164.496128     -1.594  34.686093    11.7978    -1.3502     -1.581    30.0307    22.7692 -9.990e-29
 164.496134     -1.562  34.687469    11.7988    -1.3503     -1.549    30.0312    22.7694 -9.990e-29
 164.496140     -1.538  34.690162    11.7997    -1.3504     -1.525    30.0330    22.7707 -9.990e-29
 164.496146     -1.522  34.690778    11.8001    -1.3505     -1.509    30.0333    22.7708 -9.990e-29
 164.496152     -1.507  34.689871    11.7999    -1.3504     -1.494    30.0326    22.7703 -9.990e-29
 164.496157     -1.488  34.687646    11.7993    -1.3504     -1.476    30.0309    22.7691 -9.990e-29
 164.496163     -1.465  34.683671    11.7987    -1.3504     -1.453    30.0275    22.7666 -9.990e-29
 164.496169     -1.440  34.680215    11.7990    -1.3505     -1.428    30.0240    22.7638 -9.990e-29
 164.496175     -1.420  34.678001    11.7999    -1.3506     -1.408    30.0211    22.7614 -9.990e-29
 164.496181     -1.409  34.674370    11.8003    -1.3506     -1.397    30.0173    22.7584 -9.990e-29
 164.496186     -1.400  34.671490    11.7997    -1.3504     -1.388    30.0150    22.7567 -9.990e-29
 164.496192     -1.385  34.671974    11.7988    -1.3505     -1.373    30.0162    22.7578 -9.990e-29
 164.496198     -1.363  34.672842    11.7983    -1.3506     -1.352    30.0174    22.7589 -9.990e-29
 164.496204     -1.341  34.671626    11.7980    -1.3506     -1.330    30.0165    22.7582 -9.990e-29
 164.496209     -1.322  34.669235    11.7975    -1.3506     -1.311    30.0146    22.7568 -9.990e-29
 164.496215     -1.301  34.668930    11.7969    -1.3506     -1.290    30.0148    22.7570 -9.990e-29
 164.496221     -1.272  34.670600    11.7960    -1.3506     -1.261    30.0171    22.7590 -9.990e-29
 164.496227     -1.242  34.671167    11.7954    -1.3507     -1.232    30.0181    22.7599 -9.990e-29
 164.496233     -1.221  34.668881    11.7958    -1.3509     -1.211    30.0156    22.7579 -9.990e-29
 164.496238     -1.208  34.664343    11.7957    -1.3509     -1.198    30.0113    22.7546 -9.990e-29
 164.496244     -1.194  34.662433    11.7941    -1.3508     -1.184    30.0108    22.7544 -9.990e-29
 164.496250     -1.174  34.664815    11.7921    -1.3508     -1.164    30.0147    22.7578 -9.990e-29
 164.496256     -1.150  34.667122    11.7911    -1.3508     -1.140    30.0177    22.7603 -9.990e-29
 164.496262     -1.131  34.667125    11.7907    -1.3508     -1.122    30.0180    22.7606 -9.990e-29
 164.496267     -1.118  34.665679    11.7898    -1.3509     -1.109    30.0173    22.7603 -9.990e-29
 164.496273     -1.107  34.665068    11.7882    -1.3509     -1.098    30.0180    22.7611 -9.990e-29
 164.496279     -1.088  34.665889    11.7854    -1.3508     -1.079    30.0211    22.7640 -9.990e-29
 164.496285     -1.060  34.666174    11.7825    -1.3507     -1.051    30.0237    22.7665 -9.990e-29
 164.496291     -1.031  34.665476    11.7813    -1.3507     -1.022    30.0239    22.7670 -9.990e-29
 164.496296     -1.006  34.664273    11.7808    -1.3507     -0.998    30.0232    22.7665 -9.990e-29
 164.496302     -0.989  34.663493    11.7800    -1.3508     -0.981    30.0231    22.7665 -9.990e-29
 164.496308     -0.973  34.664067    11.7797    -1.3509     -0.965    30.0239    22.7672 -9.990e-29
 164.496314     -0.955  34.665376    11.7794    10.4676     -0.947    30.0254    22.7684 -9.990e-29
 164.496319     -0.932  34.666660    11.7786    13.4759     -0.924    30.0272    22.7700 -9.990e-29
 164.496325     -0.907  34.668244    11.7785    13.6924     -0.899    30.0288    22.7712 -9.990e-29
 164.496331     -0.888  34.670295    11.7794    11.4766     -0.881    30.0301    22.7720 -9.990e-29
 164.496337     -0.877  34.672482    11.7801     6.6566     -0.870    30.0316    22.7731 -9.990e-29
 164.496343     -0.870  34.674657    11.7802     6.9370     -0.863    30.0336    22.7746 -9.990e-29
 164.496348     -0.861  34.676654    11.7799     7.1745     -0.854    30.0357    22.7764 -9.990e-29
 164.496354     -0.851  34.678072    11.7795     7.1994     -0.844    30.0374    22.7777 -9.990e-29
 164.496360     -0.838  34.677176    11.7784     7.1481     -0.831    30.0375    22.7780 -9.990e-29
 164.496366     -0.826  34.672505    11.7759     7.0869     -0.819    30.0350    22.7765 -9.990e-29
 164.496372     -0.819  34.666518    11.7730     7.0280     -0.812    30.0316    22.7744 -9.990e-29
 164.496377     -0.815  34.662485    11.7729     6.9809     -0.808    30.0278    22.7714 -9.990e-29
 164.496383     -0.816  34.660196    11.7754     6.9407     -0.809    30.0236    22.7677 -9.990e-29
 164.496389     -0.816  34.658124    11.7768     6.8990     -0.809    30.0204    22.7650 -9.990e-29
 164.496395     -0.811  34.656837    11.7776     6.8692     -0.804    30.0185    22.7634 -9.990e-29
 164.496400     -0.806  34.657718    11.7792     6.8535     -0.799    30.0181    22.7628 -9.990e-29
 164.496406     -0.799  34.659606    11.7810     6.8580     -0.792    30.0185    22.7628 -9.990e-29
 164.496412     -0.783  34.661567    11.7833     6.8518     -0.776    30.0185    22.7624 -9.990e-29
 164.496418     -0.755  34.663887    11.7858     6.8377     -0.749    30.0187    22.7621 -9.990e-29
 164.496424     -0.727  34.665647    11.7866     6.8211     -0.721    30.0197    22.7627 -9.990e-29
 164.496429     -0.711  34.666302    11.7847     6.8127     -0.705    30.0219    22.7647 -9.990e-29
 164.496435     -0.704  34.665511    11.7812     6.8230     -0.698    30.0239    22.7670 -9.990e-29
 164.496441     -0.699  34.663246    11.7775     6.8424     -0.693    30.0247    22.7683 -9.990e-29
 164.496447     -0.690  34.659752    11.7737     6.8619     -0.684    30.0244    22.7687 -9.990e-29
 164.496453     -0.677  34.655871    11.7707     6.8604     -0.671    30.0231    22.7682 -9.990e-29
 164.496458     -0.663  34.653612    11.7697     6.8457     -0.657    30.0218    22.7674 -9.990e-29
 164.496464     -0.652  34.652107    11.7701     6.8388     -0.647    30.0200    22.7659 -9.990e-29
 164.496470     -0.643  34.651495    11.7708     6.8437     -0.638    30.0188    22.7649 -9.990e-29
 164.496476     -0.635  34.653663    11.7716     6.8644     -0.630    30.0203    22.7659 -9.990e-29
 164.496481     -0.624  34.656371    11.7725     6.8637     -0.619    30.0221    22.7671 -9.990e-29
 164.496487     -0.605  34.658101    11.7732     6.8461     -0.600    30.0232    22.7679 -9.990e-29
 164.496493     -0.580  34.659388    11.7737     6.8402     -0.575    30.0241    22.7684 -9.990e-29
 164.496499     -0.557  34.660175    11.7744     6.8349     -0.552    30.0242    22.7684 -9.990e-29
 164.496505     -0.539  34.660857    11.7754     6.8341     -0.535    30.0241    22.7681 -9.990e-29
 164.496510     -0.524  34.661690    11.7764     6.8422     -0.520    30.0241    22.7679 -9.990e-29
 164.496516     -0.511  34.662570    11.7769     6.8471     -0.507    30.0245    22.7682 -9.990e-29
 164.496522     -0.500  34.663459    11.7773     6.8607     -0.496    30.0250    22.7685 -9.990e-29
 164.496528     -0.490  34.664330    11.7777     6.8702     -0.486    30.0255    22.7689 -9.990e-29
 164.496534     -0.481  34.665132    11.7780     6.8733     -0.477    30.0261    22.7692 -9.990e-29
 164.496539     -0.471  34.665720    11.7785     6.8696     -0.467    30.0262    22.7692 -9.990e-29
 164.496545     -0.460  34.666227    11.7794     6.8520     -0.456    30.0260    22.7689 -9.990e-29
 164.496551     -0.447  34.667235    11.7805     6.8521     -0.443    30.0261    22.7687 -9.990e-29
 164.496557     -0.432  34.668873    11.7817     6.8515     -0.428    30.0267    22.7690 -9.990e-29
 164.496563     -0.413  34.670436    11.7826     6.8545     -0.410    30.0274    22.7694 -9.990e-29
 164.496568     -0.390  34.671114    11.7829     6.8584     -0.387    30.0278    22.7697 -9.990e-29
 164.496574     -0.365  34.670600    11.7830     6.8612     -0.362    30.0272    22.7692 -9.990e-29
 164.496580     -0.345  34.669794    11.7826     6.8567     -0.342    30.0268    22.7689 -9.990e-29
