data/oxygen options/ONMS/Olympic_Coast_National_Marine_Sanctuary_CTD_Data_2005_2023/raw_data/2008/SBE19/CTD_CA042_052908faed.cnv
* Sea-Bird SBE19 Data File:
* FileName = C:\2008_Mooring_Data\042408_service\CTD_CA042_052908.hex
* Software Version 1.58
* Temperature SN = 2997
* Conductivity SN = 2997
* System UpLoad Time = May 29 2008 15:28:36
* ds
* SEACAT PROFILER V3.1c SN 2997   05/29/08  15:27:56.220
# nquan = 9                                 
# nvalues = 1776                        
# units = specified
# name 0 = timeJ: Julian Days
# name 1 = prSM: Pressure, Strain Gauge [db]
# name 2 = c0mS/cm: Conductivity [mS/cm]
# name 3 = t090C: Temperature [ITS-90, deg C]
# name 4 = sbeox0ML/L: Oxygen, SBE 43 [ml/l]
# name 5 = depSM: Depth [salt water, m], lat = 47.5
# name 6 = sal00: Salinity, Practical [PSU]
# name 7 = sigma-é00: Density [sigma-theta, kg/m^3]
# name 8 = flag: flag
# span 0 = 150.617789, 150.628061       
# span 1 =     -5.265,     41.073       
# span 2 =   0.000986,  35.774921       
# span 3 =     7.4092,    12.5599       
# span 4 =    -1.6182,    17.4487       
# span 5 =     -5.221,     40.726       
# span 6 =     0.0064,    33.5961       
# span 7 =    -0.5560,    26.2566       
# span 8 = 0.0000e+00, 0.0000e+00       
# interval = seconds: 0.5
# start_time = May 29 2008 14:49:37 [Instrument's time stamp, header]
# bad_flag = -9.990e-29
*END*
[from data line 1281]
 150.625203     20.965  34.640988     8.4497     4.4105     20.789    32.8824    25.5449 -9.990e-29
 150.625208     20.948  34.640415     8.4505     4.4008     20.772    32.8811    25.5437 -9.990e-29
 150.625214     20.912  34.640178     8.4518     4.4086     20.736    32.8797    25.5424 -9.990e-29
 150.625220     20.857  34.640528     8.4535     4.4079     20.682    32.8785    25.5412 -9.990e-29
 150.625226     20.781  34.640824     8.4554     4.4048     20.607    32.8770    25.5398 -9.990e-29
 150.625231     20.679  34.640909     8.4572     4.4052     20.505    32.8755    25.5383 -9.990e-29
 150.625237     20.545  34.640905     8.4597     4.3885     20.373    32.8732    25.5362 0.0000e+00
 150.625243     20.377  34.640814     8.4635     4.3846     20.206    32.8697    25.5328 0.0000e+00
 150.625249     20.184  34.640525     8.4676     4.3815     20.015    32.8656    25.5290 0.0000e+00
 150.625255     19.964  34.640224     8.4707     4.3955     19.796    32.8625    25.5261 0.0000e+00
 150.625260     19.714  34.640080     8.4732     4.4082     19.549    32.8601    25.5239 0.0000e+00
 150.625266     19.430  34.639350     8.4769     4.4121     19.267    32.8561    25.5201 0.0000e+00
 150.625272     19.115  34.637630     8.4843     4.4271     18.955    32.8475    25.5123 0.0000e+00
 150.625278     18.779  34.635997     8.4954     4.4407     18.621    32.8356    25.5013 0.0000e+00
 150.625284     18.436  34.636206     8.5080     4.4743     18.281    32.8242    25.4905 0.0000e+00
 150.625289     18.092  34.639110     8.5221     4.4864     17.940    32.8143    25.4806 0.0000e+00
 150.625295     17.748  34.642430     8.5418     4.5151     17.599    32.7997    25.4661 0.0000e+00
 150.625301     17.399  34.644446     8.5694     4.5606     17.253    32.7763    25.4436 0.0000e+00
 150.625307     17.044  34.646737     8.6026     4.6408     16.901    32.7481    25.4165 0.0000e+00
 150.625313     16.687  34.649571     8.6412     4.8011     16.547    32.7154    25.3850 0.0000e+00
 150.625318     16.330  34.651702     8.6826     5.0065     16.193    32.6796    25.3506 0.0000e+00
 150.625324     15.976  34.654305     8.7226     5.2593     15.842    32.6455    25.3179 0.0000e+00
 150.625330     15.624  34.661989     8.7694     5.4668     15.493    32.6106    25.2833 0.0000e+00
 150.625336     15.269  34.676054     8.8392     5.5987     15.141    32.5612    25.2340 0.0000e+00
 150.625341     14.906  34.694546     8.9506     5.6566     14.781    32.4786    25.1521 0.0000e+00
 150.625347     14.533  34.724214     9.0966     5.6560     14.411    32.3764    25.0495 0.0000e+00
 150.625353     14.155  34.766549     9.2254     5.6620     14.036    32.3035    24.9723 0.0000e+00
 150.625359     13.784  34.806336     9.3009     5.6595     13.669    32.2764    24.9392 0.0000e+00
 150.625365     13.429  34.836734     9.3357     5.6753     13.316    32.2764    24.9337 0.0000e+00
 150.625370     13.099  34.859661     9.3514     5.6648     12.989    32.2860    24.9387 0.0000e+00
 150.625376     12.790  34.870985     9.3565     5.6537     12.683    32.2931    24.9435 0.0000e+00
 150.625382     12.494  34.871815     9.3643     5.6365     12.389    32.2871    24.9375 0.0000e+00
 150.625388     12.218  34.873348     9.3863     5.6192     12.116    32.2689    24.9198 0.0000e+00
 150.625394     11.980  34.883241     9.4144     5.6329     11.880    32.2539    24.9036 0.0000e+00
 150.625399     11.793  34.900691     9.4350     5.6428     11.694    32.2533    24.8998 0.0000e+00
 150.625405     11.659  34.917055     9.4409     5.6597     11.561    32.2648    24.9079 -9.990e-29
 150.625411     11.561  34.920564     9.4377     5.6695     11.464    32.2714    24.9135 -9.990e-29
 150.625417     11.480  34.914226     9.4378     5.6632     11.384    32.2648    24.9084 -9.990e-29
 150.625422     11.411  34.910884     9.4445     5.6529     11.315    32.2554    24.8999 -9.990e-29
 150.625428     11.357  34.914489     9.4533     5.6500     11.262    32.2512    24.8952 -9.990e-29
 150.625434     11.320  34.922576     9.4619     5.6546     11.225    32.2517    24.8943 -9.990e-29
 150.625440     11.297  34.930255     9.4697     5.6607     11.202    32.2526    24.8937 -9.990e-29
 150.625446     11.282  34.932280     9.4743     5.6723     11.188    32.2505    24.8914 -9.990e-29
 150.625451     11.267  34.929674     9.4746     5.6821     11.173    32.2476    24.8890 -9.990e-29
 150.625457     11.246  34.926434     9.4732     5.6744     11.152    32.2456    24.8877 -9.990e-29
 150.625463     11.217  34.924403     9.4727     5.6638     11.123    32.2439    24.8865 -9.990e-29
 150.625469     11.187  34.924417     9.4732     5.6505     11.093    32.2435    24.8861 -9.990e-29
 150.625475     11.167  34.926493     9.4733     5.6478     11.074    32.2456    24.8877 -9.990e-29
 150.625480     11.161  34.930040     9.4720     5.6495     11.068    32.2504    24.8916 -9.990e-29
 150.625486     11.171  34.932503     9.4683     5.6557     11.077    32.2562    24.8968 -9.990e-29
 150.625492     11.200  34.931005     9.4631     5.6617     11.106    32.2594    24.9001 -9.990e-29
 150.625498     11.235  34.928028     9.4595     5.6599     11.141    32.2595    24.9008 -9.990e-29
 150.625503     11.266  34.926321     9.4588     5.6644     11.172    32.2584    24.9000 -9.990e-29
 150.625509     11.291  34.925285     9.4602     5.6557     11.196    32.2561    24.8980 -9.990e-29
 150.625515     11.311  34.925775     9.4623     5.6641     11.216    32.2547    24.8965 -9.990e-29
 150.625521     11.324  34.928443     9.4640     5.6722     11.229    32.2559    24.8972 -9.990e-29
 150.625527     11.325  34.931244     9.4651     5.6787     11.230    32.2577    24.8985 -9.990e-29
 150.625532     11.320  34.932312     9.4653     5.6799     11.225    32.2587    24.8992 -9.990e-29
 150.625538     11.308  34.931947     9.4649     5.6604     11.213    32.2587    24.8992 -9.990e-29
 150.625544     11.283  34.930783     9.4651     5.6530     11.189    32.2573    24.8981 -9.990e-29
 150.625550     11.254  34.929506     9.4660     5.6444     11.160    32.2552    24.8963 -9.990e-29
 150.625556     11.234  34.928652     9.4663     5.6522     11.140    32.2540    24.8954 -9.990e-29
 150.625561     11.237  34.928203     9.4653     5.6596     11.143    32.2545    24.8959 -9.990e-29
 150.625567     11.261  34.928119     9.4633     5.6608     11.167    32.2562    24.8976 -9.990e-29
 150.625573     11.296  34.927729     9.4611     5.6619     11.201    32.2578    24.8991 -9.990e-29
 150.625579     11.326  34.926508     9.4592     5.6529     11.231    32.2582    24.8998 -9.990e-29
 150.625584     11.341  34.925066     9.4579     5.6515     11.246    32.2579    24.8997 -9.990e-29
 150.625590     11.342  34.924279     9.4568     5.6581     11.247    32.2581    24.9001 -9.990e-29
 150.625596     11.337  34.924214     9.4554     5.6671     11.242    32.2593    24.9012 -9.990e-29
 150.625602     11.331  34.924784     9.4535     5.6773     11.236    32.2616    24.9033 -9.990e-29
 150.625608     11.323  34.925068     9.4516     5.6713     11.228    32.2636    24.9052 -9.990e-29
 150.625613     11.312  34.924325     9.4505     5.6777     11.217    32.2638    24.9056 -9.990e-29
 150.625619     11.297  34.923800     9.4508     5.6701     11.202    32.2630    24.9049 -9.990e-29
 150.625625     11.283  34.923914     9.4519     5.6669     11.189    32.2621    24.9040 -9.990e-29
 150.625631     11.276  34.924255     9.4525     5.6602     11.182    32.2619    24.9038 -9.990e-29
 150.625637     11.281  34.924717     9.4518     5.6356     11.187    32.2631    24.9048 -9.990e-29
 150.625642     11.297  34.924796     9.4500     5.6400     11.202    32.2647    24.9064 -9.990e-29
 150.625648     11.322  34.925155     9.4489     5.6493     11.227    32.2661    24.9076 -9.990e-29
 150.625654     11.349  34.927390     9.4501     5.6702     11.254    32.2673    24.9083 -9.990e-29
 150.625660     11.375  34.930558     9.4524     5.6927     11.280    32.2685    24.9089 -9.990e-29
 150.625666     11.392  34.931601     9.4537     5.6793     11.297    32.2684    24.9086 -9.990e-29
 150.625671     11.391  34.930226     9.4540     5.6762     11.296    32.2667    24.9072 -9.990e-29
 150.625677     11.369  34.929080     9.4545     5.6625     11.274    32.2651    24.9059 -9.990e-29
 150.625683     11.340  34.929434     9.4561     5.6704     11.245    32.2640    24.9048 -9.990e-29
 150.625689     11.317  34.931757     9.4593     5.6777     11.222    32.2635    24.9039 -9.990e-29
 150.625694     11.309  34.935228     9.4621     5.6822     11.214    32.2645    24.9043 -9.990e-29
 150.625700     11.310  34.936633     9.4627     5.6905     11.215    32.2654    24.9049 -9.990e-29
 150.625706     11.312  34.936162     9.4623     5.6811     11.217    32.2653    24.9048 -9.990e-29
 150.625712     11.310  34.936546     9.4623     5.6910     11.215    32.2657    24.9052 -9.990e-29
 150.625718     11.309  34.937175     9.4627     5.6767     11.214    32.2660    24.9053 -9.990e-29
 150.625723     11.310  34.936647     9.4633     5.6650     11.215    32.2649    24.9044 -9.990e-29
 150.625729     11.306  34.936498     9.4641     5.6571     11.211    32.2640    24.9036 -9.990e-29
 150.625735     11.308  34.938205     9.4652     5.6477     11.213    32.2648    24.9040 -9.990e-29
 150.625741     11.323  34.940684     9.4671     5.6544     11.228    32.2656    24.9043 -9.990e-29
 150.625747     11.348  34.941639     9.4683     5.6524     11.253    32.2655    24.9040 -9.990e-29
 150.625752     11.372  34.939540     9.4660     5.6612     11.277    32.2654    24.9043 -9.990e-29
 150.625758     11.388  34.934387     9.4609     5.6650     11.293    32.2647    24.9046 -9.990e-29
 150.625764     11.398  34.928831     9.4572     5.6607     11.303    32.2624    24.9033 -9.990e-29
 150.625770     11.392  34.927224     9.4577     5.6731     11.297    32.2603    24.9016 -9.990e-29
 150.625775     11.362  34.929099     9.4604     5.6734     11.267    32.2598    24.9008 -9.990e-29
 150.625781     11.320  34.930791     9.4611     5.6812     11.225    32.2609    24.9016 -9.990e-29
 150.625787     11.287  34.930637     9.4580     5.6824     11.192    32.2635    24.9041 -9.990e-29
 150.625793     11.276  34.928432     9.4543     5.6705     11.182    32.2646    24.9056 -9.990e-29
 150.625799     11.276  34.926278     9.4530     5.6738     11.182    32.2636    24.9050 -9.990e-29
 150.625804     11.270  34.926341     9.4534     5.6663     11.176    32.2633    24.9047 -9.990e-29
 150.625810     11.250  34.928140     9.4541     5.6784     11.156    32.2645    24.9055 -9.990e-29
 150.625816     11.222  34.929591     9.4536     5.6706     11.128    32.2665    24.9071 -9.990e-29
 150.625822     11.198  34.929267     9.4516     5.6664     11.104    32.2679    24.9086 -9.990e-29
 150.625828     11.181  34.927856     9.4489     5.6661     11.087    32.2689    24.9098 -9.990e-29
 150.625833     11.169  34.927396     9.4474     5.6565     11.075    32.2698    24.9107 -9.990e-29
 150.625839     11.167  34.927831     9.4475     5.6604     11.074    32.2702    24.9110 -9.990e-29
 150.625845     11.177  34.928060     9.4479     5.6541     11.083    32.2700    24.9108 -9.990e-29
 150.625851     11.197  34.928947     9.4482     5.6605     11.103    32.2707    24.9113 -9.990e-29
 150.625856     11.219  34.929993     9.4482     5.6654     11.125    32.2717    24.9121 -9.990e-29
 150.625862     11.236  34.930349     9.4480     5.6796     11.142    32.2723    24.9126 -9.990e-29
 150.625868     11.249  34.930487     9.4483     5.6962     11.155    32.2721    24.9124 -9.990e-29
 150.625874     11.263  34.930592     9.4490     5.6838     11.169    32.2716    24.9119 -9.990e-29
 150.625880     11.272  34.930802     9.4505     5.6779     11.178    32.2705    24.9108 -9.990e-29
 150.625885     11.265  34.931394     9.4528     5.6566     11.171    32.2690    24.9092 -9.990e-29
 150.625891     11.253  34.932597     9.4553     5.6439     11.159    32.2680    24.9081 -9.990e-29
 150.625897     11.246  34.934333     9.4571     5.6480     11.152    32.2682    24.9079 -9.990e-29
 150.625903     11.249  34.935555     9.4572     5.6451     11.155    32.2693    24.9088 -9.990e-29
 150.625909     11.261  34.934529     9.4554     5.6627     11.167    32.2699    24.9095 -9.990e-29
 150.625914     11.276  34.932128     9.4529     5.6693     11.182    32.2697    24.9097 -9.990e-29
 150.625920     11.281  34.930189     9.4512     5.6649     11.187    32.2692    24.9097 -9.990e-29
 150.625926     11.276  34.929486     9.4508     5.6749     11.182    32.2688    24.9094 -9.990e-29
 150.625932     11.266  34.930760     9.4516     5.6595     11.172    32.2694    24.9098 -9.990e-29
 150.625937     11.249  34.932907     9.4536     5.6510     11.155    32.2698    24.9098 -9.990e-29
 150.625943     11.225  34.934867     9.4561     5.6435     11.131    32.2696    24.9092 -9.990e-29
 150.625949     11.200  34.936453     9.4579     5.6393     11.106    32.2696    24.9089 -9.990e-29
 150.625955     11.191  34.937537     9.4590     5.6653     11.097    32.2698    24.9088 -9.990e-29
 150.625961     11.201  34.938446     9.4598     5.6688     11.107    32.2700    24.9089 -9.990e-29
 150.625966     11.222  34.939270     9.4596     5.6824     11.128    32.2710    24.9097 -9.990e-29
 150.625972     11.243  34.939423     9.4592     5.6744     11.149    32.2715    24.9102 -9.990e-29
 150.625978     11.247  34.939109     9.4606     5.6655     11.153    32.2699    24.9087 -9.990e-29
 150.625984     11.236  34.940146     9.4635     5.6780     11.142    32.2684    24.9070 -9.990e-29
 150.625990     11.221  34.942235     9.4662     5.6764     11.127    32.2681    24.9064 -9.990e-29
 150.625995     11.209  34.944242     9.4681     5.6850     11.115    32.2684    24.9063 -9.990e-29
 150.626001     11.209  34.945479     9.4681     5.6835     11.115    32.2697    24.9073 -9.990e-29
 150.626007     11.220  34.944237     9.4653     5.6776     11.126    32.2709    24.9088 -9.990e-29
 150.626013     11.239  34.941657     9.4612     5.6829     11.145    32.2720    24.9102 -9.990e-29
 150.626019     11.259  34.941581     9.4595     5.6941     11.165    32.2734    24.9116 -9.990e-29
 150.626024     11.268  34.944464     9.4606     5.7030     11.174    32.2754    24.9130 -9.990e-29
 150.626030     11.267  34.946867     9.4620     5.6783     11.173    32.2766    24.9137 -9.990e-29
 150.626036     11.260  34.946950     9.4625     5.6909     11.166    32.2762    24.9133 -9.990e-29
 150.626042     11.246  34.945941     9.4633     5.6710     11.152    32.2745    24.9118 -9.990e-29
 150.626047     11.228  34.945296     9.4650     5.6573     11.134    32.2723    24.9099 -9.990e-29
 150.626053     11.215  34.945274     9.4666     5.6665     11.121    32.2708    24.9085 -9.990e-29
 150.626059     11.209  34.945286     9.4673     5.6488     11.115    32.2702    24.9079 -9.990e-29
 150.626065     11.211  34.944226     9.4665     5.6646     11.117    32.2699    24.9077 -9.990e-29
 150.626071     11.215  34.941799     9.4651     5.6770     11.121    32.2686    24.9070 -9.990e-29
 150.626076     11.215  34.939250     9.4643     5.6730     11.121    32.2667    24.9056 -9.990e-29
 150.626082     11.205  34.938217     9.4643     5.6705     11.111    32.2657    24.9048 -9.990e-29
 150.626088     11.185  34.939562     9.4648     5.6532     11.091    32.2666    24.9055 -9.990e-29
 150.626094     11.158  34.941715     9.4646     5.6371     11.065    32.2690    24.9074 -9.990e-29
 150.626100     11.131  34.942504     9.4635     5.6260     11.038    32.2708    24.9090 -9.990e-29
 150.626105     11.110  34.941861     9.4620     5.6100     11.017    32.2715    24.9097 -9.990e-29
 150.626111     11.103  34.940049     9.4596     5.6136     11.010    32.2718    24.9104 -9.990e-29
 150.626117     11.109  34.936890     9.4552     5.6103     11.016    32.2726    24.9116 -9.990e-29
