data/oxygen options/ONMS/Olympic_Coast_National_Marine_Sanctuary_CTD_Data_2005_2023/raw_data/2008/SBE19/CTD_KL027_061208faed.cnv
* Sea-Bird SBE19 Data File:
* FileName = C:\2008_Mooring_Data\061208_service\CTD_KL027_061208.hex
* Software Version 1.59
* Temperature SN = 2997
* Conductivity SN = 2997
* System UpLoad Time = Jun 12 2008 12:01:04
* ds
* SEACAT PROFILER V3.1c SN 2997   06/12/08  12:00:35.286
# nquan = 9                                 
# nvalues = 709                         
# units = specified
# name 0 = timeJ: Julian Days
# name 1 = prSM: Pressure, Strain Gauge [db]
# name 2 = c0mS/cm: Conductivity [mS/cm]
# name 3 = t090C: Temperature [ITS-90, deg C]
# name 4 = sbeox0ML/L: Oxygen, SBE 43 [ml/l]
# name 5 = depSM: Depth [salt water, m], lat = 47.5
# name 6 = sal00: Salinity, Practical [PSU]
# name 7 = sigma-é00: Density [sigma-theta, kg/m^3]
# name 8 = flag: flag
# span 0 = 164.495660, 164.499757       
# span 1 =     -5.308,     26.386       
# span 2 =   0.000997,  35.482609       
# span 3 =     7.4266,    11.8571       
# span 4 =    -1.6372,    13.6924       
# span 5 =     -5.264,     26.164       
# span 6 =     0.0062,    33.4445       
# span 7 =    -0.4790,    26.1326       
# span 8 = 0.0000e+00, 0.0000e+00       
# interval = seconds: 0.5
# start_time = Jun 12 2008 11:53:45 [Instrument's time stamp, header]
# bad_flag = -9.990e-29
*END*
[from data line 481]
 164.498443      1.427  34.694455    11.7549     6.8593      1.415    30.0722    22.8091 -9.990e-29
 164.498449      1.436  34.695692    11.7538     6.8686      1.424    30.0742    22.8109 -9.990e-29
 164.498455      1.447  34.696311    11.7523     6.8658      1.435    30.0761    22.8126 -9.990e-29
 164.498461      1.460  34.696554    11.7521     6.8633      1.448    30.0764    22.8130 -9.990e-29
 164.498466      1.478  34.696723    11.7531     6.8620      1.466    30.0758    22.8123 -9.990e-29
 164.498472      1.501  34.696989    11.7535     6.8710      1.488    30.0757    22.8121 -9.990e-29
 164.498478      1.530  34.697071    11.7531     6.8687      1.517    30.0761    22.8125 -9.990e-29
 164.498484      1.563  34.697006    11.7531     6.8695      1.550    30.0760    22.8125 -9.990e-29
 164.498490      1.597  34.697204    11.7538     6.8617      1.584    30.0756    22.8120 -9.990e-29
 164.498495      1.640  34.697304    11.7549     6.8521      1.626    30.0748    22.8112 -9.990e-29
 164.498501      1.699  34.697378    11.7561     6.8502      1.685    30.0739    22.8103 -9.990e-29
 164.498507      1.776  34.698019    11.7572     6.8364      1.761    30.0736    22.8098 -9.990e-29
 164.498513      1.877  34.698898    11.7577     6.8451      1.861    30.0740    22.8101 -9.990e-29
 164.498519      2.008  34.699445    11.7574     6.8296      1.991    30.0747    22.8107 0.0000e+00
 164.498524      2.178  34.699766    11.7566     6.8090      2.160    30.0756    22.8115 0.0000e+00
 164.498530      2.393  34.699665    11.7538     6.7717      2.373    30.0777    22.8136 0.0000e+00
 164.498536      2.650  34.697263    11.7483     6.7097      2.628    30.0797    22.8162 0.0000e+00
 164.498542      2.934  34.691534    11.7419     6.6623      2.909    30.0793    22.8170 0.0000e+00
 164.498547      3.235  34.685409    11.7332     6.6137      3.208    30.0803    22.8194 0.0000e+00
 164.498553      3.550  34.678494    11.7193     6.5749      3.520    30.0848    22.8253 0.0000e+00
 164.498559      3.882  34.668222    11.7017     6.5362      3.850    30.0890    22.8318 0.0000e+00
 164.498565      4.226  34.655948    11.6833     6.4949      4.191    30.0920    22.8374 0.0000e+00
 164.498571      4.570  34.643155    11.6677     6.4496      4.532    30.0922    22.8403 0.0000e+00
 164.498576      4.906  34.632873    11.6560     6.4098      4.865    30.0916    22.8419 0.0000e+00
 164.498582      5.234  34.626443    11.6462     6.3699      5.190    30.0932    22.8449 0.0000e+00
 164.498588      5.561  34.621940    11.6371     6.2944      5.515    30.0961    22.8488 0.0000e+00
 164.498594      5.892  34.618336    11.6280     6.1682      5.843    30.0999    22.8534 0.0000e+00
 164.498600      6.222  34.615796    11.6188     6.0680      6.170    30.1048    22.8588 0.0000e+00
 164.498605      6.550  34.617026    11.6097     5.9684      6.495    30.1132    22.8670 0.0000e+00
 164.498611      6.880  34.625839    11.5996     5.9068      6.822    30.1298    22.8816 0.0000e+00
 164.498617      7.212  34.645523    11.5844     5.8849      7.152    30.1610    22.9086 0.0000e+00
 164.498623      7.541  34.679299    11.5557     5.8579      7.478    30.2169    22.9570 0.0000e+00
 164.498628      7.867  34.736861    11.5092     5.8534      7.801    30.3105    23.0379 0.0000e+00
 164.498634      8.189  34.844499    11.4537     5.8313      8.120    30.4602    23.1639 0.0000e+00
 164.498640      8.506  34.983838    11.3882     5.8119      8.435    30.6495    23.3225 0.0000e+00
 164.498646      8.825  35.094774    11.2842     5.7846      8.751    30.8440    23.4919 0.0000e+00
 164.498652      9.159  35.194121    11.1358     5.6964      9.082    31.0656    23.6901 0.0000e+00
 164.498657      9.514  35.307313    10.9822     5.5700      9.434    31.3070    23.9045 0.0000e+00
 164.498663      9.889  35.397037    10.8431     5.3420      9.806    31.5145    24.0900 0.0000e+00
 164.498669     10.273  35.451791    10.7172     5.0669     10.187    31.6773    24.2384 0.0000e+00
 164.498675     10.657  35.480088    10.6164     4.8032     10.568    31.7928    24.3456 0.0000e+00
 164.498681     11.033  35.482609    10.5245     4.5737     10.941    31.8754    24.4256 0.0000e+00
 164.498686     11.406  35.464865    10.3969     4.4162     11.310    31.9694    24.5204 0.0000e+00
 164.498692     11.778  35.422719    10.2052     4.2778     11.679    32.0961    24.6514 0.0000e+00
 164.498698     12.145  35.346380     9.9707     4.1043     12.043    32.2273    24.7926 0.0000e+00
 164.498704     12.507  35.247662     9.7660     3.8858     12.402    32.3101    24.8908 0.0000e+00
 164.498709     12.855  35.154441     9.6324     3.6557     12.747    32.3349    24.9319 0.0000e+00
 164.498715     13.188  35.085667     9.5368     3.4354     13.078    32.3506    24.9596 0.0000e+00
 164.498721     13.516  35.045855     9.4148     3.2621     13.403    32.4199    25.0332 0.0000e+00
 164.498727     13.857  35.002000     9.2267     3.1189     13.741    32.5455    25.1613 0.0000e+00
 164.498733     14.215  34.917957     8.9906     3.0239     14.096    32.6745    25.2992 0.0000e+00
 164.498738     14.588  34.807020     8.7585     2.9664     14.466    32.7727    25.4120 0.0000e+00
 164.498744     14.968  34.698123     8.5734     2.9011     14.843    32.8301    25.4851 0.0000e+00
 164.498750     15.347  34.608910     8.4450     2.8118     15.218    32.8556    25.5245 0.0000e+00
 164.498756     15.718  34.541270     8.3441     2.7163     15.586    32.8782    25.5573 0.0000e+00
 164.498762     16.083  34.488353     8.2311     2.6375     15.948    32.9278    25.6130 0.0000e+00
 164.498767     16.453  34.441114     8.0992     2.5936     16.315    33.0015    25.6902 0.0000e+00
 164.498773     16.834  34.389124     7.9691     2.5732     16.693    33.0687    25.7620 0.0000e+00
 164.498779     17.220  34.334092     7.8643     2.5511     17.076    33.1090    25.8088 0.0000e+00
 164.498785     17.602  34.289341     7.8011     2.4979     17.454    33.1208    25.8273 0.0000e+00
 164.498791     17.974  34.266786     7.7726     2.4245     17.823    33.1235    25.8335 0.0000e+00
 164.498796     18.338  34.262585     7.7528     2.3514     18.184    33.1377    25.8474 0.0000e+00
 164.498802     18.700  34.263784     7.7256     2.2713     18.543    33.1647    25.8726 0.0000e+00
 164.498808     19.062  34.264080     7.6894     2.2227     18.902    33.1994    25.9050 0.0000e+00
 164.498814     19.422  34.263240     7.6459     2.1838     19.259    33.2398    25.9430 0.0000e+00
 164.498819     19.780  34.262875     7.6005     2.1683     19.614    33.2827    25.9831 0.0000e+00
 164.498825     20.138  34.263548     7.5616     2.1560     19.969    33.3205    26.0184 0.0000e+00
 164.498831     20.488  34.263287     7.5367     2.1491     20.316    33.3440    26.0404 0.0000e+00
 164.498837     20.824  34.261670     7.5241     2.1305     20.649    33.3542    26.0502 0.0000e+00
 164.498843     21.145  34.261507     7.5090     2.1035     20.967    33.3684    26.0635 0.0000e+00
 164.498848     21.459  34.260835     7.4855     2.0799     21.279    33.3901    26.0839 0.0000e+00
 164.498854     21.777  34.256453     7.4628     2.0496     21.594    33.4071    26.1004 0.0000e+00
 164.498860     22.102  34.251974     7.4471     2.0411     21.916    33.4172    26.1106 0.0000e+00
 164.498866     22.430  34.249753     7.4381     2.0259     22.242    33.4233    26.1167 0.0000e+00
 164.498872     22.758  34.249002     7.4338     2.0189     22.567    33.4265    26.1198 0.0000e+00
 164.498877     23.092  34.249212     7.4318     2.0099     22.898    33.4285    26.1216 0.0000e+00
 164.498883     23.435  34.249478     7.4297     2.0065     23.238    33.4307    26.1236 0.0000e+00
 164.498889     23.789  34.249528     7.4277     1.9996     23.589    33.4325    26.1253 0.0000e+00
 164.498895     24.144  34.249366     7.4267     1.9912     23.941    33.4331    26.1260 0.0000e+00
 164.498900     24.495  34.249272     7.4266     1.9875     24.289    33.4329    26.1258 0.0000e+00
 164.498906     24.837  34.249614     7.4273     1.9806     24.628    33.4325    26.1254 0.0000e+00
 164.498912     25.162  34.250222     7.4286     1.9818     24.950    33.4317    26.1246 0.0000e+00
 164.498918     25.462  34.250721     7.4307     1.9864     25.248    33.4301    26.1230 0.0000e+00
 164.498924     25.729  34.251151     7.4351     1.9830     25.513    33.4262    26.1193 0.0000e+00
 164.498929     25.954  34.252023     7.4400     1.9831     25.736    33.4223    26.1156 0.0000e+00
 164.498935     26.132  34.253873     7.4417     1.9799     25.912    33.4226    26.1156 0.0000e+00
 164.498941     26.260  34.256305     7.4411     1.9749     26.039    33.4257    26.1182 -9.990e-29
 164.498947     26.342  34.258019     7.4408     1.9717     26.120    33.4278    26.1199 -9.990e-29
 164.498953     26.383  34.258998     7.4420     1.9714     26.161    33.4277    26.1196 -9.990e-29
 164.498958     26.386  34.261604     7.4457     1.9730     26.164    33.4270    26.1185 -9.990e-29
 164.498964     26.351  34.266450     7.4507     1.9611     26.129    33.4274    26.1181 -9.990e-29
 164.498970     26.276  34.270973     7.4541     1.9577     26.055    33.4291    26.1190 -9.990e-29
 164.498976     26.156  34.274983     7.4535     1.9543     25.936    33.4340    26.1230 -9.990e-29
 164.498981     25.987  34.277607     7.4490     1.9542     25.768    33.4413    26.1293 0.0000e+00
 164.498987     25.777  34.275560     7.4435     1.9507     25.560    33.4445    26.1326 0.0000e+00
 164.498993     25.537  34.270532     7.4391     1.9523     25.322    33.4434    26.1323 0.0000e+00
 164.498999     25.273  34.266394     7.4364     1.9504     25.061    33.4416    26.1313 0.0000e+00
 164.499005     24.982  34.263727     7.4352     1.9553     24.772    33.4401    26.1302 0.0000e+00
 164.499010     24.663  34.262271     7.4346     1.9550     24.456    33.4392    26.1297 0.0000e+00
 164.499016     24.324  34.261702     7.4340     1.9681     24.120    33.4393    26.1298 0.0000e+00
 164.499022     23.975  34.260640     7.4332     1.9811     23.774    33.4391    26.1298 0.0000e+00
 164.499028     23.623  34.258726     7.4325     2.0037     23.425    33.4379    26.1289 0.0000e+00
 164.499034     23.275  34.257268     7.4324     2.0213     23.079    33.4366    26.1279 0.0000e+00
 164.499039     22.932  34.256502     7.4328     2.0286     22.739    33.4355    26.1270 0.0000e+00
 164.499045     22.587  34.255345     7.4339     2.0423     22.397    33.4334    26.1251 0.0000e+00
 164.499051     22.241  34.253871     7.4362     2.0594     22.054    33.4297    26.1219 0.0000e+00
 164.499057     21.898  34.252852     7.4396     2.0883     21.714    33.4255    26.1181 0.0000e+00
 164.499063     21.557  34.251989     7.4446     2.1307     21.376    33.4199    26.1130 0.0000e+00
 164.499068     21.217  34.250629     7.4519     2.1845     21.039    33.4116    26.1054 0.0000e+00
 164.499074     20.883  34.249139     7.4631     2.2364     20.708    33.3993    26.0942 0.0000e+00
 164.499080     20.555  34.248270     7.4794     2.2881     20.382    33.3828    26.0790 0.0000e+00
 164.499086     20.230  34.248483     7.5016     2.3381     20.060    33.3619    26.0594 0.0000e+00
 164.499091     19.903  34.249443     7.5295     2.3895     19.736    33.3362    26.0353 0.0000e+00
 164.499097     19.571  34.250129     7.5611     2.4410     19.407    33.3068    26.0077 0.0000e+00
 164.499103     19.234  34.249719     7.5925     2.4985     19.073    33.2764    25.9793 0.0000e+00
 164.499109     18.897  34.248168     7.6204     2.5425     18.738    33.2482    25.9532 0.0000e+00
 164.499115     18.559  34.246153     7.6450     2.6180     18.403    33.2227    25.9296 0.0000e+00
 164.499120     18.212  34.243728     7.6691     2.7009     18.059    33.1972    25.9062 0.0000e+00
 164.499126     17.847  34.240404     7.6945     2.8151     17.697    33.1696    25.8808 0.0000e+00
 164.499132     17.466  34.236727     7.7210     2.9612     17.319    33.1406    25.8542 0.0000e+00
 164.499138     17.079  34.236137     7.7503     3.0964     16.936    33.1123    25.8278 0.0000e+00
 164.499144     16.692  34.244508     7.7905     3.2139     16.552    33.0832    25.7992 0.0000e+00
 164.499149     16.305  34.264559     7.8652     3.3145     16.168    33.0341    25.7499 0.0000e+00
 164.499155     15.919  34.293889     7.9881     3.4201     15.786    32.9496    25.6657 0.0000e+00
 164.499161     15.537  34.333511     8.1237     3.5480     15.407    32.8645    25.5791 0.0000e+00
 164.499167     15.163  34.384727     8.2375     3.7464     15.036    32.8125    25.5216 0.0000e+00
 164.499172     14.804  34.440807     8.3309     3.9933     14.680    32.7848    25.4860 0.0000e+00
 164.499178     14.458  34.490875     8.4103     4.2812     14.337    32.7639    25.4578 0.0000e+00
 164.499184     14.116  34.530589     8.5109     4.5294     13.998    32.7124    25.4023 0.0000e+00
 164.499190     13.770  34.576516     8.6838     4.7791     13.655    32.6009    25.2888 0.0000e+00
 164.499196     13.418  34.645664     8.9158     5.0042     13.306    32.4602    25.1431 0.0000e+00
 164.499201     13.059  34.729442     9.1494     5.2318     12.950    32.3345    25.0085 0.0000e+00
 164.499207     12.693  34.813026     9.3581     5.4513     12.587    32.2322    24.8955 0.0000e+00
 164.499213     12.326  34.896462     9.5410     5.6329     12.223    32.1535    24.8049 0.0000e+00
 164.499219     11.964  34.984074     9.6950     5.7924     11.864    32.1053    24.7425 0.0000e+00
 164.499225     11.607  35.065029     9.8286     5.8750     11.510    32.0688    24.6922 0.0000e+00
 164.499230     11.252  35.129690     9.9780     5.9115     11.158    32.0018    24.6155 0.0000e+00
 164.499236     10.902  35.189812    10.1630     5.8733     10.811    31.8992    24.5049 0.0000e+00
 164.499242     10.562  35.250530    10.3482     5.8415     10.474    31.7978    24.3949 0.0000e+00
 164.499248     10.239  35.298735    10.5001     5.8341     10.153    31.7136    24.3036 0.0000e+00
 164.499253      9.948  35.327609    10.6197     5.8399      9.865    31.6386    24.2249 0.0000e+00
 164.499259      9.699  35.340402    10.7158     5.8366      9.618    31.5682    24.1537 0.0000e+00
 164.499265      9.498  35.338514    10.7859     5.8259      9.419    31.5060    24.0932 0.0000e+00
 164.499271      9.346  35.326169    10.8301     5.8200      9.268    31.4558    24.0466 -9.990e-29
 164.499277      9.232  35.305962    10.8676     5.8163      9.155    31.4037    23.9996 -9.990e-29
 164.499282      9.145  35.271124    10.9168     5.8219      9.068    31.3273    23.9316 -9.990e-29
 164.499288      9.084  35.219454    10.9828     5.8228      9.008    31.2202    23.8369 -9.990e-29
 164.499294      9.044  35.187351    11.0384     5.8112      8.968    31.1414    23.7660 -9.990e-29
 164.499300      9.016  35.217702    11.0541     5.8064      8.941    31.1579    23.7761 -9.990e-29
 164.499306      8.988  35.267541    11.0568     5.8108      8.913    31.2046    23.8120 -9.990e-29
 164.499311      8.951  35.266122    11.0872     5.8270      8.876    31.1775    23.7855 -9.990e-29
 164.499317      8.906  35.199231    11.1396     5.8525      8.831    31.0676    23.6910 -9.990e-29
 164.499323      8.867  35.104246    11.1824     5.8555      8.793    30.9385    23.5832 -9.990e-29
 164.499329      8.840  35.048858    11.2015     5.8526      8.766    30.8684    23.5253 -9.990e-29
 164.499334      8.825  35.066196    11.2016     5.8395      8.751    30.8852    23.5384 -9.990e-29
 164.499340      8.815  35.116663    11.1985     5.8349      8.741    30.9372    23.5793 -9.990e-29
 164.499346      8.801  35.132022    11.2086     5.8381      8.727    30.9437    23.5826 -9.990e-29
 164.499352      8.782  35.101387    11.2299     5.8447      8.709    30.8959    23.5418 -9.990e-29
 164.499358      8.766  35.063995    11.2478     5.8503      8.693    30.8444    23.4986 -9.990e-29
