data/oxygen options/ONMS/Olympic_Coast_National_Marine_Sanctuary_CTD_Data_2005_2023/raw_data/2008/SBE19/CTD_CE042_061208faed.cnv
* Sea-Bird SBE19 Data File:
* FileName = C:\2008_Mooring_Data\061208_service\CTD_CE042_061208.hex
* Software Version 1.59
* Temperature SN = 2997
* Conductivity SN = 2997
* System UpLoad Time = Jun 12 2008 16:01:20
* ds
* SEACAT PROFILER V3.1c SN 2997   06/12/08  16:00:53.108
# nquan = 9                                 
# nvalues = 2082                        
# units = specified
# name 0 = timeJ: Julian Days
# name 1 = prSM: Pressure, Strain Gauge [db]
# name 2 = c0mS/cm: Conductivity [mS/cm]
# name 3 = t090C: Temperature [ITS-90, deg C]
# name 4 = sbeox0ML/L: Oxygen, SBE 43 [ml/l]
# name 5 = depSM: Depth [salt water, m], lat = 47.5
# name 6 = sal00: Salinity, Practical [PSU]
# name 7 = sigma-é00: Density [sigma-theta, kg/m^3]
# name 8 = flag: flag
# span 0 = 164.648333, 164.660376       
# span 1 =     -5.476,     41.877       
# span 2 =   0.049183,  35.263581       
# span 3 =     7.2976,    12.1524       
# span 4 =    -1.6431,    12.6331       
# span 5 =     -5.430,     41.523       
# span 6 =     0.0331,    33.6856       
# span 7 =    -0.4421,    26.3423       
# span 8 = 0.0000e+00, 0.0000e+00       
# interval = seconds: 0.5
# start_time = Jun 12 2008 15:33:36 [Instrument's time stamp, header]
# bad_flag = -9.990e-29
*END*
[from data line 801]
 164.652969     31.545  34.301824     7.3424     1.6314     31.279    33.5680    26.2440 -9.990e-29
 164.652975     31.543  34.301468     7.3419     1.6196     31.277    33.5681    26.2441 -9.990e-29
 164.652980     31.552  34.301492     7.3412     1.6229     31.286    33.5688    26.2448 -9.990e-29
 164.652986     31.565  34.301931     7.3407     1.6162     31.299    33.5698    26.2456 -9.990e-29
 164.652992     31.579  34.302252     7.3408     1.6145     31.313    33.5700    26.2458 -9.990e-29
 164.652998     31.593  34.302325     7.3412     1.6330     31.327    33.5697    26.2455 -9.990e-29
 164.653003     31.610  34.302250     7.3413     1.6212     31.344    33.5695    26.2453 -9.990e-29
 164.653009     31.629  34.301928     7.3412     1.6211     31.363    33.5693    26.2451 -9.990e-29
 164.653015     31.653  34.301495     7.3408     1.6245     31.386    33.5692    26.2451 -9.990e-29
 164.653021     31.678  34.301494     7.3400     1.6161     31.411    33.5699    26.2458 -9.990e-29
 164.653027     31.698  34.301928     7.3397     1.6212     31.431    33.5707    26.2465 -9.990e-29
 164.653032     31.709  34.302258     7.3403     1.6262     31.442    33.5705    26.2462 -9.990e-29
 164.653038     31.712  34.302366     7.3408     1.6263     31.445    33.5701    26.2458 -9.990e-29
 164.653044     31.708  34.302401     7.3408     1.6230     31.441    33.5701    26.2459 -9.990e-29
 164.653050     31.696  34.302410     7.3407     1.6263     31.429    33.5702    26.2460 -9.990e-29
 164.653056     31.676  34.302409     7.3407     1.6179     31.409    33.5703    26.2460 -9.990e-29
 164.653061     31.646  34.302398     7.3409     1.6247     31.379    33.5701    26.2458 -9.990e-29
 164.653067     31.612  34.302367     7.3412     1.6280     31.346    33.5698    26.2455 -9.990e-29
 164.653073     31.590  34.302278     7.3412     1.6196     31.324    33.5697    26.2455 -9.990e-29
 164.653079     31.588  34.302014     7.3410     1.6263     31.322    33.5696    26.2454 -9.990e-29
 164.653084     31.599  34.301788     7.3408     1.6178     31.333    33.5695    26.2454 -9.990e-29
 164.653090     31.617  34.301863     7.3404     1.6179     31.351    33.5700    26.2458 -9.990e-29
 164.653096     31.639  34.301778     7.3401     1.6262     31.373    33.5702    26.2460 -9.990e-29
 164.653102     31.661  34.301423     7.3399     1.6263     31.394    33.5700    26.2459 -9.990e-29
 164.653108     31.677  34.301447     7.3393     1.6229     31.410    33.5706    26.2464 -9.990e-29
 164.653113     31.683  34.301887     7.3387     1.6195     31.416    33.5716    26.2473 -9.990e-29
 164.653119     31.680  34.302210     7.3386     1.6095     31.413    33.5721    26.2477 -9.990e-29
 164.653125     31.667  34.302290     7.3390     1.6161     31.400    33.5718    26.2474 -9.990e-29
 164.653131     31.648  34.302238     7.3396     1.6144     31.381    33.5711    26.2468 -9.990e-29
 164.653137     31.631  34.301986     7.3400     1.6213     31.365    33.5705    26.2463 -9.990e-29
 164.653142     31.617  34.301761     7.3400     1.6247     31.351    33.5703    26.2461 -9.990e-29
 164.653148     31.607  34.301826     7.3401     1.6231     31.341    33.5702    26.2461 -9.990e-29
 164.653154     31.600  34.301712     7.3400     1.6247     31.334    33.5702    26.2460 -9.990e-29
 164.653160     31.596  34.301271     7.3398     1.6280     31.330    33.5699    26.2459 -9.990e-29
 164.653166     31.593  34.301035     7.3399     1.6162     31.327    33.5696    26.2456 -9.990e-29
 164.653171     31.593  34.301255     7.3402     1.6196     31.327    33.5695    26.2455 -9.990e-29
 164.653177     31.594  34.301667     7.3405     1.6195     31.328    33.5697    26.2456 -9.990e-29
 164.653183     31.602  34.301702     7.3403     1.6128     31.336    33.5699    26.2458 -9.990e-29
 164.653189     31.625  34.301410     7.3395     1.6229     31.359    33.5704    26.2462 -9.990e-29
 164.653194     31.661  34.301525     7.3384     1.6212     31.394    33.5715    26.2473 -9.990e-29
 164.653200     31.690  34.302203     7.3377     1.6162     31.423    33.5729    26.2485 -9.990e-29
 164.653206     31.697  34.302669     7.3381     1.6162     31.430    33.5730    26.2485 -9.990e-29
 164.653212     31.683  34.302425     7.3391     1.6061     31.416    33.5718    26.2474 -9.990e-29
 164.653218     31.660  34.301896     7.3397     1.6061     31.393    33.5707    26.2465 -9.990e-29
 164.653223     31.639  34.301498     7.3398     1.6229     31.373    33.5702    26.2460 -9.990e-29
 164.653229     31.623  34.301451     7.3398     1.6212     31.357    33.5701    26.2460 -9.990e-29
 164.653235     31.610  34.301695     7.3398     1.6229     31.344    33.5704    26.2462 -9.990e-29
 164.653241     31.601  34.301625     7.3397     1.6263     31.335    33.5704    26.2462 -9.990e-29
 164.653247     31.594  34.301149     7.3399     1.6162     31.328    33.5697    26.2457 -9.990e-29
 164.653252     31.589  34.300754     7.3399     1.6246     31.323    33.5693    26.2453 -9.990e-29
 164.653258     31.586  34.300475     7.3396     1.6179     31.320    33.5693    26.2454 -9.990e-29
 164.653264     31.584  34.300501     7.3397     1.6079     31.318    33.5692    26.2453 -9.990e-29
 164.653270     31.584  34.300870     7.3401     1.6145     31.318    33.5692    26.2452 -9.990e-29
 164.653275     31.585  34.300954     7.3402     1.6078     31.319    33.5692    26.2452 -9.990e-29
 164.653281     31.588  34.300869     7.3400     1.6246     31.322    33.5693    26.2453 -9.990e-29
 164.653287     31.592  34.301061     7.3400     1.6231     31.326    33.5695    26.2455 -9.990e-29
 164.653293     31.598  34.301229     7.3401     1.6197     31.332    33.5696    26.2455 -9.990e-29
 164.653299     31.606  34.301037     7.3401     1.6264     31.340    33.5694    26.2454 -9.990e-29
 164.653304     31.618  34.300794     7.3401     1.6163     31.352    33.5691    26.2452 -9.990e-29
 164.653310     31.632  34.300736     7.3400     1.6111     31.366    33.5691    26.2452 -9.990e-29
 164.653316     31.652  34.300790     7.3399     1.6146     31.385    33.5693    26.2453 -9.990e-29
 164.653322     31.672  34.301029     7.3399     1.6079     31.405    33.5695    26.2455 -9.990e-29
 164.653328     31.691  34.301212     7.3399     1.6112     31.424    33.5697    26.2457 -9.990e-29
 164.653333     31.714  34.301023     7.3395     1.6196     31.447    33.5699    26.2459 -9.990e-29
 164.653339     31.743  34.300774     7.3389     1.6264     31.476    33.5702    26.2462 -9.990e-29
 164.653345     31.766  34.300694     7.3387     1.6314     31.498    33.5703    26.2463 -9.990e-29
 164.653351     31.776  34.300678     7.3391     1.6230     31.508    33.5699    26.2459 -9.990e-29
 164.653356     31.778  34.300706     7.3398     1.6095     31.510    33.5692    26.2453 -9.990e-29
 164.653362     31.777  34.300815     7.3403     1.6112     31.509    33.5689    26.2449 -9.990e-29
 164.653368     31.777  34.301154     7.3402     1.6078     31.509    33.5693    26.2453 -9.990e-29
 164.653374     31.781  34.301616     7.3400     1.6112     31.513    33.5700    26.2459 -9.990e-29
 164.653380     31.787  34.301702     7.3399     1.6262     31.519    33.5702    26.2461 -9.990e-29
 164.653385     31.791  34.301527     7.3396     1.6279     31.523    33.5703    26.2462 -9.990e-29
 164.653391     31.791  34.301417     7.3390     1.6313     31.523    33.5708    26.2466 -9.990e-29
 164.653397     31.785  34.301229     7.3388     1.6212     31.517    33.5708    26.2466 -9.990e-29
 164.653403     31.767  34.301273     7.3390     1.6129     31.499    33.5706    26.2465 -9.990e-29
 164.653409     31.741  34.301609     7.3395     1.6130     31.474    33.5705    26.2464 -9.990e-29
 164.653414     31.714  34.301566     7.3403     1.6080     31.447    33.5697    26.2456 -9.990e-29
 164.653420     31.692  34.301089     7.3406     1.6096     31.425    33.5689    26.2449 -9.990e-29
 164.653426     31.678  34.300667     7.3407     1.6163     31.411    33.5684    26.2445 -9.990e-29
 164.653432     31.672  34.300297     7.3408     1.6195     31.405    33.5679    26.2441 -9.990e-29
 164.653438     31.673  34.300050     7.3405     1.6161     31.406    33.5679    26.2441 -9.990e-29
 164.653443     31.681  34.300156     7.3401     1.6128     31.414    33.5684    26.2446 -9.990e-29
 164.653449     31.696  34.300201     7.3400     1.5960     31.429    33.5685    26.2447 -9.990e-29
 164.653455     31.720  34.300245     7.3397     1.6011     31.453    33.5688    26.2450 -9.990e-29
 164.653461     31.749  34.300910     7.3391     1.6196     31.482    33.5701    26.2461 -9.990e-29
 164.653466     31.774  34.301962     7.3388     1.6196     31.506    33.5716    26.2473 -9.990e-29
 164.653472     31.781  34.302565     7.3390     1.6297     31.513    33.5720    26.2476 -9.990e-29
 164.653478     31.769  34.302406     7.3397     1.6179     31.501    33.5712    26.2468 -9.990e-29
 164.653484     31.740  34.301833     7.3404     1.6111     31.473    33.5699    26.2457 -9.990e-29
 164.653490     31.705  34.301204     7.3406     1.6128     31.438    33.5690    26.2450 -9.990e-29
 164.653495     31.680  34.300802     7.3408     1.6112     31.413    33.5684    26.2445 -9.990e-29
 164.653501     31.674  34.300654     7.3411     1.6078     31.407    33.5680    26.2441 -9.990e-29
 164.653507     31.689  34.300565     7.3411     1.6062     31.422    33.5679    26.2440 -9.990e-29
 164.653513     31.715  34.300420     7.3407     1.5995     31.448    33.5681    26.2443 -9.990e-29
 164.653519     31.743  34.300586     7.3400     1.6129     31.476    33.5689    26.2450 -9.990e-29
 164.653524     31.757  34.301285     7.3395     1.6195     31.490    33.5702    26.2461 -9.990e-29
 164.653530     31.750  34.301769     7.3398     1.6145     31.483    33.5704    26.2462 -9.990e-29
 164.653536     31.724  34.301564     7.3404     1.6195     31.457    33.5696    26.2455 -9.990e-29
 164.653542     31.696  34.300960     7.3409     1.6078     31.429    33.5685    26.2446 -9.990e-29
 164.653547     31.684  34.300276     7.3410     1.6145     31.417    33.5676    26.2439 -9.990e-29
 164.653553     31.694  34.299722     7.3408     1.6245     31.427    33.5672    26.2436 -9.990e-29
 164.653559     31.711  34.299681     7.3407     1.6111     31.444    33.5673    26.2436 -9.990e-29
 164.653565     31.726  34.300099     7.3407     1.6229     31.459    33.5677    26.2440 -9.990e-29
 164.653571     31.733  34.300416     7.3410     1.6213     31.466    33.5678    26.2440 -9.990e-29
 164.653576     31.735  34.300496     7.3414     1.6212     31.468    33.5675    26.2437 -9.990e-29
 164.653582     31.735  34.300447     7.3418     1.6178     31.468    33.5670    26.2433 -9.990e-29
 164.653588     31.737  34.300206     7.3420     1.6095     31.470    33.5666    26.2429 -9.990e-29
 164.653594     31.737  34.300012     7.3422     1.6028     31.470    33.5662    26.2426 -9.990e-29
 164.653600     31.732  34.300170     7.3426     1.6029     31.465    33.5659    26.2423 -9.990e-29
 164.653605     31.724  34.300332     7.3429     1.6062     31.457    33.5658    26.2422 -9.990e-29
 164.653611     31.723  34.300155     7.3430     1.6213     31.456    33.5655    26.2420 -9.990e-29
 164.653617     31.727  34.299965     7.3430     1.6212     31.460    33.5653    26.2418 -9.990e-29
 164.653623     31.729  34.300071     7.3427     1.6127     31.462    33.5657    26.2422 -9.990e-29
 164.653628     31.725  34.300057     7.3426     1.6077     31.458    33.5658    26.2422 -9.990e-29
 164.653634     31.718  34.299905     7.3428     1.6094     31.451    33.5655    26.2419 -9.990e-29
 164.653640     31.717  34.299975     7.3429     1.6094     31.450    33.5655    26.2419 -9.990e-29
 164.653646     31.725  34.299803     7.3428     1.6111     31.458    33.5654    26.2418 -9.990e-29
 164.653652     31.740  34.299159     7.3425     1.6162     31.473    33.5649    26.2416 -9.990e-29
 164.653657     31.748  34.298868     7.3424     1.6296     31.481    33.5647    26.2414 -9.990e-29
 164.653663     31.739  34.299102     7.3425     1.6228     31.472    33.5649    26.2415 -9.990e-29
 164.653669     31.711  34.299056     7.3430     1.6178     31.444    33.5644    26.2410 -9.990e-29
 164.653675     31.676  34.298668     7.3440     1.6178     31.409    33.5630    26.2398 -9.990e-29
 164.653681     31.647  34.297984     7.3451     1.6161     31.380    33.5612    26.2382 -9.990e-29
 164.653686     31.633  34.297215     7.3460     1.6228     31.367    33.5595    26.2368 -9.990e-29
 164.653692     31.628  34.297020     7.3465     1.6278     31.362    33.5588    26.2362 -9.990e-29
 164.653698     31.622  34.297138     7.3463     1.6126     31.356    33.5591    26.2364 -9.990e-29
 164.653704     31.608  34.297168     7.3459     1.6292     31.342    33.5595    26.2368 -9.990e-29
 164.653709     31.575  34.297153     7.3460     1.6259     31.309    33.5594    26.2367 -9.990e-29
 164.653715     31.517  34.297073     7.3464     1.6242     31.252    33.5590    26.2363 -9.990e-29
 164.653721     31.439  34.296824     7.3471     1.6391     31.174    33.5581    26.2355 -9.990e-29
 164.653727     31.349  34.296075     7.3481     1.6206     31.085    33.5563    26.2340 -9.990e-29
 164.653733     31.246  34.294952     7.3490     1.6272     30.983    33.5543    26.2323 -9.990e-29
 164.653738     31.122  34.294199     7.3494     1.6255     30.860    33.5532    26.2313 -9.990e-29
 164.653744     30.971  34.293933     7.3497     1.6218     30.710    33.5527    26.2309 0.0000e+00
 164.653750     30.786  34.293801     7.3503     1.6396     30.527    33.5520    26.2303 0.0000e+00
 164.653756     30.569  34.293630     7.3508     1.6395     30.312    33.5515    26.2298 0.0000e+00
 164.653762     30.332  34.293195     7.3512     1.6457     30.077    33.5507    26.2291 0.0000e+00
 164.653767     30.085  34.292481     7.3520     1.6505     29.832    33.5493    26.2279 0.0000e+00
 164.653773     29.821  34.291658     7.3535     1.6455     29.570    33.5471    26.2259 0.0000e+00
 164.653779     29.537  34.290751     7.3553     1.6572     29.288    33.5445    26.2236 0.0000e+00
 164.653785     29.239  34.289673     7.3581     1.6621     28.993    33.5407    26.2203 0.0000e+00
 164.653791     28.931  34.288112     7.3646     1.6606     28.688    33.5329    26.2132 0.0000e+00
 164.653796     28.614  34.285109     7.3762     1.6633     28.373    33.5185    26.2003 0.0000e+00
 164.653802     28.294  34.280023     7.3893     1.6493     28.056    33.5005    26.1843 0.0000e+00
 164.653808     27.976  34.274479     7.4009     1.6506     27.741    33.4834    26.1692 0.0000e+00
 164.653814     27.660  34.270052     7.4109     1.6505     27.427    33.4691    26.1565 0.0000e+00
 164.653819     27.345  34.266445     7.4178     1.6487     27.115    33.4587    26.1474 0.0000e+00
 164.653825     27.032  34.263893     7.4208     1.6502     26.805    33.4532    26.1426 0.0000e+00
 164.653831     26.717  34.262358     7.4225     1.6402     26.492    33.4500    26.1399 0.0000e+00
 164.653837     26.394  34.260917     7.4251     1.6453     26.172    33.4461    26.1364 0.0000e+00
 164.653843     26.064  34.259334     7.4315     1.6471     25.845    33.4383    26.1294 0.0000e+00
 164.653848     25.722  34.256619     7.4441     1.6551     25.506    33.4234    26.1159 0.0000e+00
 164.653854     25.364  34.252516     7.4591     1.6648     25.151    33.4047    26.0991 0.0000e+00
 164.653860     24.997  34.248839     7.4704     1.6629     24.787    33.3900    26.0859 0.0000e+00
 164.653866     24.633  34.246292     7.4771     1.6868     24.426    33.3810    26.0779 0.0000e+00
 164.653872     24.281  34.244288     7.4815     1.7471     24.077    33.3747    26.0723 0.0000e+00
 164.653877     23.946  34.242398     7.4843     1.8251     23.745    33.3701    26.0683 0.0000e+00
 164.653883     23.624  34.240347     7.4855     1.9203     23.425    33.3669    26.0656 0.0000e+00
