data/oxygen options/OCNMS/OCNMS2/raw_data/2008/CTD_RR065_061208faed.cnv
* Sea-Bird SBE19 Data File:
* FileName = C:\2008_Mooring_Data\061208_service\CTD_RR065_061208.hex
* Software Version 1.59
* Temperature SN = 2997
* Conductivity SN = 2997
* System UpLoad Time = Jun 12 2008 18:47:05
**
**
# nquan = 9                                 
# nvalues = 797                         
# units = specified
# name 0 = timeJ: Julian Days
# name 1 = prSM: Pressure, Strain Gauge [db]
# name 2 = c0mS/cm: Conductivity [mS/cm]
# name 3 = t090C: Temperature [ITS-90, deg C]
# name 4 = sbeox0ML/L: Oxygen, SBE 43 [ml/l]
# name 5 = depSM: Depth [salt water, m], lat = 47.5
# name 6 = sal00: Salinity, Practical [PSU]
# name 7 = sigma-é00: Density [sigma-theta, kg/m^3]
# name 8 = flag: flag
# span 0 = 164.771250, 164.775856       
# span 1 =     -4.868,     65.215       
# span 2 =   0.156506,  35.633163       
# span 3 =     7.1752,    12.1652       
# span 4 =   -11.7068,    17.0724       
# span 5 =     -4.827,     64.660       
# span 6 =     0.1050,    33.8273       
# span 7 =    -0.1996,    26.4716       
# span 8 = 0.0000e+00, 0.0000e+00       
# interval = seconds: 0.5
# start_time = Jun 12 2008 18:30:36 [Instrument's time stamp, header]
# bad_flag = -9.990e-29
*END*
[from data line 321]
 164.773108      1.884  34.501263    12.1399     7.0802      1.868    29.5794    22.3578 -9.990e-29
 164.773113      1.886  34.495326    12.1409     7.0947      1.870    29.5730    22.3526 -9.990e-29
 164.773119      1.892  34.493882    12.1411     7.0910      1.876    29.5715    22.3514 -9.990e-29
 164.773125      1.900  34.496128    12.1413     7.0968      1.884    29.5735    22.3529 -9.990e-29
 164.773131      1.906  34.498341    12.1419     7.0834      1.890    29.5751    22.3540 -9.990e-29
 164.773137      1.910  34.497310    12.1430     7.0972      1.894    29.5732    22.3524 -9.990e-29
 164.773142      1.912  34.493900    12.1439     7.0878      1.896    29.5693    22.3492 -9.990e-29
 164.773148      1.916  34.491967    12.1439     7.0828      1.900    29.5674    22.3477 -9.990e-29
 164.773154      1.928  34.495093    12.1423     7.0771      1.912    29.5717    22.3513 -9.990e-29
 164.773160      1.944  34.507449    12.1400     7.0761      1.928    29.5852    22.3622 -9.990e-29
 164.773166      1.955  34.520308    12.1395     7.0827      1.939    29.5978    22.3721 -9.990e-29
 164.773171      1.959  34.517770    12.1401     7.0931      1.943    29.5950    22.3697 -9.990e-29
 164.773177      1.961  34.507093    12.1397     7.1120      1.945    29.5851    22.3622 -9.990e-29
 164.773183      1.963  34.504285    12.1387     7.1346      1.947    29.5832    22.3609 -9.990e-29
 164.773189      1.967  34.508402    12.1381     7.1434      1.951    29.5876    22.3644 -9.990e-29
 164.773194      1.973  34.510933    12.1377     7.1216      1.957    29.5903    22.3666 -9.990e-29
 164.773200      1.982  34.511333    12.1353     7.1005      1.965    29.5926    22.3688 -9.990e-29
 164.773206      1.993  34.521896    12.1289     7.0654      1.976    29.6077    22.3817 -9.990e-29
 164.773212      2.003  34.546628    12.1219     7.0599      1.986    29.6368    22.4055 -9.990e-29
 164.773218      2.004  34.561379    12.1202     7.0690      1.987    29.6522    22.4177 -9.990e-29
 164.773223      1.997  34.549410    12.1241     7.0803      1.980    29.6377    22.4058 -9.990e-29
 164.773229      1.990  34.528926    12.1284     7.0710      1.973    29.6148    22.3873 -9.990e-29
 164.773235      1.986  34.517982    12.1291     7.0776      1.969    29.6038    22.3786 -9.990e-29
 164.773241      1.985  34.517110    12.1275     7.0998      1.968    29.6043    22.3793 -9.990e-29
 164.773247      1.987  34.521226    12.1261     7.1220      1.970    29.6093    22.3834 -9.990e-29
 164.773252      1.992  34.525179    12.1259     7.1297      1.975    29.6132    22.3865 -9.990e-29
 164.773258      2.000  34.527519    12.1254     7.1239      1.983    29.6158    22.3886 -9.990e-29
 164.773264      2.013  34.532485    12.1220     7.1038      1.996    29.6233    22.3950 -9.990e-29
 164.773270      2.030  34.544459    12.1164     7.1067      2.013    29.6391    22.4082 -9.990e-29
 164.773275      2.048  34.557006    12.1129     7.1235      2.031    29.6538    22.4203 -9.990e-29
 164.773281      2.061  34.557731    12.1147     7.1469      2.044    29.6530    22.4194 -9.990e-29
 164.773287      2.069  34.545359    12.1194     7.1453      2.052    29.6375    22.4065 -9.990e-29
 164.773293      2.076  34.534198    12.1212     7.1211      2.059    29.6255    22.3968 -9.990e-29
 164.773299      2.084  34.535131    12.1174     7.0802      2.067    29.6294    22.4006 -9.990e-29
 164.773304      2.092  34.549965    12.1103     7.0586      2.075    29.6491    22.4171 -9.990e-29
 164.773310      2.097  34.577197    12.1052     7.0633      2.079    29.6791    22.4413 -9.990e-29
 164.773316      2.096  34.590968    12.1063     7.0962      2.078    29.6913    22.4506 -9.990e-29
 164.773322      2.087  34.573235    12.1121     7.1164      2.070    29.6698    22.4329 -9.990e-29
 164.773328      2.075  34.550759    12.1179     7.1212      2.058    29.6439    22.4117 -9.990e-29
 164.773333      2.068  34.539499    12.1214     7.1112      2.051    29.6304    22.4006 -9.990e-29
 164.773339      2.069  34.534523    12.1223     7.0905      2.052    29.6249    22.3962 -9.990e-29
 164.773345      2.078  34.535920    12.1218     7.0728      2.061    29.6267    22.3976 -9.990e-29
 164.773351      2.092  34.537714    12.1213     7.0757      2.075    29.6288    22.3994 -9.990e-29
 164.773356      2.102  34.534269    12.1224     7.0882      2.084    29.6246    22.3959 -9.990e-29
 164.773362      2.111  34.527712    12.1255     7.1028      2.093    29.6159    22.3886 -9.990e-29
 164.773368      2.121  34.522000    12.1284     7.0938      2.103    29.6082    22.3821 -9.990e-29
 164.773374      2.135  34.519600    12.1288     7.0922      2.117    29.6056    22.3800 -9.990e-29
 164.773380      2.153  34.524412    12.1260     7.1002      2.135    29.6124    22.3858 -9.990e-29
 164.773385      2.167  34.545657    12.1226     7.1156      2.149    29.6352    22.4042 -9.990e-29
 164.773391      2.171  34.564060    12.1227     7.1416      2.153    29.6527    22.4176 -9.990e-29
 164.773397      2.168  34.554315    12.1252     7.1091      2.150    29.6414    22.4085 -9.990e-29
 164.773403      2.162  34.540957    12.1260     7.0904      2.144    29.6281    22.3980 -9.990e-29
 164.773409      2.153  34.544264    12.1248     7.1003      2.135    29.6322    22.4014 -9.990e-29
 164.773414      2.141  34.560808    12.1245     7.1194      2.123    29.6482    22.4138 -9.990e-29
 164.773420      2.125  34.569529    12.1274     7.1334      2.107    29.6542    22.4179 -9.990e-29
 164.773426      2.108  34.551254    12.1301     7.1090      2.090    29.6347    22.4023 -9.990e-29
 164.773432      2.097  34.531468    12.1273     7.0824      2.079    29.6181    22.3900 -9.990e-29
 164.773438      2.096  34.538119    12.1172     7.0621      2.078    29.6324    22.4029 -9.990e-29
 164.773443      2.102  34.574481    12.1084     7.0859      2.084    29.6740    22.4367 -9.990e-29
 164.773449      2.105  34.597749    12.1117     7.1035      2.087    29.6935    22.4513 -9.990e-29
 164.773455      2.101  34.572302    12.1216     7.1106      2.083    29.6614    22.4246 -9.990e-29
 164.773461      2.095  34.537019    12.1271     7.1118      2.078    29.6235    22.3942 -9.990e-29
 164.773466      2.094  34.524391    12.1249     7.0927      2.077    29.6132    22.3867 -9.990e-29
 164.773472      2.103  34.532147    12.1184     7.0905      2.085    29.6257    22.3976 -9.990e-29
 164.773478      2.119  34.544874    12.1159     7.0809      2.101    29.6398    22.4089 -9.990e-29
 164.773484      2.133  34.542018    12.1195     7.0792      2.115    29.6343    22.4039 -9.990e-29
 164.773490      2.143  34.528176    12.1236     7.0874      2.125    29.6178    22.3905 -9.990e-29
 164.773495      2.148  34.519058    12.1256     7.0984      2.130    29.6076    22.3822 -9.990e-29
 164.773501      2.150  34.518754    12.1272     7.1079      2.132    29.6060    22.3807 -9.990e-29
 164.773507      2.148  34.521261    12.1298     7.1137      2.130    29.6063    22.3805 -9.990e-29
 164.773513      2.143  34.518727    12.1325     7.1248      2.125    29.6018    22.3764 -9.990e-29
 164.773519      2.137  34.514496    12.1326     7.1304      2.119    29.5977    22.3732 -9.990e-29
 164.773524      2.140  34.520296    12.1281     7.1290      2.122    29.6068    22.3811 -9.990e-29
 164.773530      2.152  34.537703    12.1219     7.1157      2.134    29.6282    22.3989 -9.990e-29
 164.773536      2.165  34.549607    12.1199     7.0925      2.147    29.6411    22.4092 -9.990e-29
 164.773542      2.174  34.547801    12.1227     7.0701      2.156    29.6372    22.4057 -9.990e-29
 164.773547      2.182  34.546120    12.1263     7.0554      2.164    29.6328    22.4015 -9.990e-29
 164.773553      2.188  34.549045    12.1282     7.0569      2.170    29.6340    22.4022 -9.990e-29
 164.773559      2.193  34.545922    12.1279     7.0641      2.175    29.6313    22.4001 -9.990e-29
 164.773565      2.197  34.533151    12.1268     7.0809      2.179    29.6200    22.3916 -9.990e-29
 164.773571      2.200  34.518353    12.1273     7.1168      2.182    29.6055    22.3803 -9.990e-29
 164.773576      2.203  34.510922    12.1294     7.1310      2.185    29.5968    22.3731 -9.990e-29
 164.773582      2.206  34.514955    12.1314     7.1374      2.188    29.5991    22.3745 -9.990e-29
 164.773588      2.208  34.523511    12.1316     7.1270      2.190    29.6070    22.3807 -9.990e-29
 164.773594      2.211  34.529523    12.1282     7.0964      2.193    29.6154    22.3878 -9.990e-29
 164.773600      2.213  34.541570    12.1212     7.0875      2.195    29.6325    22.4022 -9.990e-29
 164.773605      2.217  34.561717    12.1151     7.1050      2.198    29.6565    22.4219 -9.990e-29
 164.773611      2.220  34.568667    12.1148     7.1291      2.201    29.6633    22.4273 -9.990e-29
 164.773617      2.225  34.557687    12.1170     7.1462      2.206    29.6511    22.4175 -9.990e-29
 164.773623      2.231  34.547744    12.1162     7.1437      2.212    29.6423    22.4108 -9.990e-29
 164.773628      2.238  34.547986    12.1102     7.1300      2.219    29.6473    22.4157 -9.990e-29
 164.773634      2.247  34.564341    12.1008     7.1283      2.228    29.6703    22.4353 -9.990e-29
 164.773640      2.255  34.594540    12.0945     7.1261      2.236    29.7040    22.4626 -9.990e-29
 164.773646      2.253  34.609961    12.0958     7.1180      2.234    29.7177    22.4729 -9.990e-29
 164.773652      2.241  34.597004    12.1019     7.1084      2.222    29.7005    22.4585 -9.990e-29
 164.773657      2.226  34.576482    12.1071     7.1062      2.207    29.6768    22.4392 -9.990e-29
 164.773663      2.218  34.561359    12.1086     7.1072      2.199    29.6613    22.4269 -9.990e-29
 164.773669      2.218  34.555561    12.1077     7.1177      2.199    29.6565    22.4233 -9.990e-29
 164.773675      2.223  34.558644    12.1064     7.1281      2.204    29.6604    22.4266 -9.990e-29
 164.773681      2.230  34.559600    12.1059     7.1351      2.211    29.6617    22.4277 -9.990e-29
 164.773686      2.238  34.556348    12.1064     7.1376      2.219    29.6582    22.4249 -9.990e-29
 164.773692      2.247  34.553514    12.1062     7.1273      2.228    29.6557    22.4230 -9.990e-29
 164.773698      2.260  34.554045    12.1041     7.1136      2.241    29.6579    22.4250 -9.990e-29
 164.773704      2.271  34.563694    12.1013     7.0947      2.252    29.6693    22.4344 -9.990e-29
 164.773709      2.278  34.577410    12.1011     7.0987      2.259    29.6825    22.4447 -9.990e-29
 164.773715      2.281  34.577079    12.1058     7.0992      2.262    29.6784    22.4407 -9.990e-29
 164.773721      2.280  34.562265    12.1122     7.1051      2.261    29.6593    22.4246 -9.990e-29
 164.773727      2.279  34.549622    12.1150     7.1102      2.260    29.6450    22.4131 -9.990e-29
 164.773733      2.283  34.548622    12.1123     7.1084      2.264    29.6462    22.4145 -9.990e-29
 164.773738      2.292  34.559056    12.1067     7.1112      2.273    29.6606    22.4267 -9.990e-29
 164.773744      2.302  34.569639    12.1038     7.1236      2.283    29.6729    22.4368 -9.990e-29
 164.773750      2.305  34.568162    12.1057     7.1276      2.286    29.6700    22.4342 -9.990e-29
 164.773756      2.301  34.557699    12.1088     7.1274      2.282    29.6576    22.4240 -9.990e-29
 164.773762      2.300  34.548945    12.1099     7.1178      2.281    29.6484    22.4166 -9.990e-29
 164.773767      2.299  34.548714    12.1092     7.1078      2.280    29.6487    22.4170 -9.990e-29
 164.773773      2.292  34.554462    12.1097     7.1141      2.273    29.6538    22.4209 -9.990e-29
 164.773779      2.277  34.555935    12.1136     7.1130      2.258    29.6521    22.4189 -9.990e-29
 164.773785      2.263  34.548382    12.1190     7.1083      2.244    29.6407    22.4090 -9.990e-29
 164.773791      2.252  34.536295    12.1229     7.1044      2.233    29.6261    22.3970 -9.990e-29
 164.773796      2.244  34.527086    12.1245     7.1012      2.225    29.6160    22.3889 -9.990e-29
 164.773802      2.238  34.525285    12.1246     7.1068      2.219    29.6143    22.3875 -9.990e-29
 164.773808      2.234  34.527373    12.1249     7.1084      2.215    29.6160    22.3888 -9.990e-29
 164.773814      2.232  34.528299    12.1254     7.1045      2.213    29.6165    22.3891 -9.990e-29
 164.773819      2.231  34.528180    12.1251     7.0910      2.212    29.6166    22.3893 -9.990e-29
 164.773825      2.232  34.531903    12.1234     7.0931      2.213    29.6215    22.3934 -9.990e-29
 164.773831      2.235  34.540518    12.1214     7.0962      2.216    29.6313    22.4013 -9.990e-29
 164.773837      2.239  34.543113    12.1216     7.1141      2.220    29.6336    22.4031 -9.990e-29
 164.773843      2.245  34.536429    12.1237     7.1354      2.226    29.6256    22.3965 -9.990e-29
 164.773848      2.254  34.531160    12.1242     7.1360      2.235    29.6202    22.3922 -9.990e-29
 164.773854      2.266  34.534287    12.1209     7.1244      2.247    29.6257    22.3971 -9.990e-29
 164.773860      2.281  34.545502    12.1152     7.1129      2.262    29.6409    22.4099 -9.990e-29
 164.773866      2.297  34.562961    12.1101     7.1004      2.278    29.6616    22.4268 -9.990e-29
 164.773872      2.306  34.576905    12.1092     7.0996      2.287    29.6756    22.4378 -9.990e-29
 164.773877      2.304  34.574005    12.1133     7.1198      2.285    29.6695    22.4324 -9.990e-29
 164.773883      2.295  34.561598    12.1184     7.1514      2.276    29.6537    22.4192 -9.990e-29
 164.773889      2.288  34.553387    12.1207     7.1884      2.269    29.6441    22.4113 -9.990e-29
 164.773895      2.286  34.555231    12.1190     7.2128      2.267    29.6472    22.4140 -9.990e-29
 164.773900      2.288  34.568473    12.1134     7.2022      2.269    29.6642    22.4283 -9.990e-29
 164.773906      2.296  34.585013    12.1040     7.1696      2.277    29.6874    22.4479 -9.990e-29
 164.773912      2.310  34.605627    12.0909     7.1475      2.291    29.7174    22.4736 -9.990e-29
 164.773918      2.326  34.633718    12.0775     7.1237      2.307    29.7548    22.5050 -9.990e-29
 164.773924      2.336  34.656901    12.0716     7.1235      2.316    29.7816    22.5268 -9.990e-29
 164.773929      2.338  34.655122    12.0760     7.1362      2.318    29.7764    22.5220 -9.990e-29
 164.773935      2.335  34.627689    12.0852     7.1416      2.315    29.7430    22.4944 -9.990e-29
 164.773941      2.331  34.602996    12.0921     7.1361      2.312    29.7140    22.4707 -9.990e-29
 164.773947      2.327  34.592927    12.0927     7.1369      2.308    29.7039    22.4628 -9.990e-29
 164.773953      2.327  34.589666    12.0892     7.1282      2.308    29.7036    22.4632 -9.990e-29
 164.773958      2.329  34.589992    12.0864     7.1233      2.310    29.7061    22.4656 -9.990e-29
 164.773964      2.331  34.588181    12.0864     7.1397      2.312    29.7044    22.4643 -9.990e-29
 164.773970      2.332  34.582381    12.0879     7.1418      2.313    29.6977    22.4588 -9.990e-29
 164.773976      2.332  34.577743    12.0898     7.1275      2.313    29.6917    22.4539 -9.990e-29
 164.773981      2.337  34.576488    12.0917     7.1088      2.317    29.6890    22.4514 -9.990e-29
 164.773987      2.345  34.578069    12.0935     7.0917      2.325    29.6891    22.4512 -9.990e-29
 164.773993      2.348  34.579557    12.0959     7.0947      2.328    29.6886    22.4504 -9.990e-29
 164.773999      2.344  34.575657    12.0994     7.1078      2.324    29.6821    22.4447 -9.990e-29
 164.774005      2.336  34.567334    12.1023     7.1206      2.316    29.6719    22.4362 -9.990e-29
 164.774010      2.331  34.560857    12.1035     7.1085      2.312    29.6648    22.4305 -9.990e-29
 164.774016      2.334  34.558797    12.1036     7.1181      2.315    29.6628    22.4289 -9.990e-29
 164.774022      2.341  34.560092    12.1039     7.1344      2.321    29.6637    22.4296 -9.990e-29
