data/oxygen options/OCNMS/OCNMS2/raw_data/2008/CTD_CA100_052908faed.cnv
* Sea-Bird SBE19 Data File:
* FileName = C:\2008_Mooring_Data\042408_service\CTD_CA100_052908.hex
* Software Version 1.58
* Temperature SN = 2997
* Conductivity SN = 2997
* System UpLoad Time = May 29 2008 13:03:14
**
**
# nquan = 9                                 
# nvalues = 828                         
# units = specified
# name 0 = timeJ: Julian Days
# name 1 = prSM: Pressure, Strain Gauge [db]
# name 2 = c0mS/cm: Conductivity [mS/cm]
# name 3 = t090C: Temperature [ITS-90, deg C]
# name 4 = sbeox0ML/L: Oxygen, SBE 43 [ml/l]
# name 5 = depSM: Depth [salt water, m], lat = 47.5
# name 6 = sal00: Salinity, Practical [PSU]
# name 7 = sigma-é00: Density [sigma-theta, kg/m^3]
# name 8 = flag: flag
# span 0 = 150.537500, 150.542286       
# span 1 =     -5.308,     97.747       
# span 2 =   0.548192,  36.112880       
# span 3 =     7.0204,    11.0700       
# span 4 =    -1.3535,    17.8964       
# span 5 =     -5.264,     96.908       
# span 6 =     0.3747,    33.8826       
# span 7 =    -0.0306,    26.5369       
# span 8 = 0.0000e+00, 0.0000e+00       
# interval = seconds: 0.5
# start_time = May 29 2008 12:54:00 [Instrument's time stamp, header]
# bad_flag = -9.990e-29
*END*
[from data line 801]
 150.542135      9.091  35.384997    10.3491     7.3071      9.015    31.9324    24.4996 0.0000e+00
 150.542141      8.569  35.514186    10.4712     7.2725      8.497    31.9547    24.4963 0.0000e+00
 150.542147      8.059  35.628840    10.5565     7.2395      7.992    31.9946    24.5129 0.0000e+00
 150.542153      7.556  35.711526    10.6170     7.2403      7.493    32.0241    24.5255 0.0000e+00
 150.542159      7.055  35.755405    10.6676     7.2466      6.996    32.0236    24.5165 0.0000e+00
 150.542164      6.554  35.784816    10.7190     7.2571      6.499    32.0081    24.4955 0.0000e+00
 150.542170      6.056  35.820492    10.7628     7.2530      6.005    32.0054    24.4858 0.0000e+00
 150.542176      5.563  35.852295    10.7925     7.2322      5.516    32.0112    24.4852 0.0000e+00
 150.542182      5.077  35.872211    10.8170     7.2433      5.035    32.0097    24.4798 0.0000e+00
 150.542188      4.603  35.888873    10.8434     7.2550      4.565    32.0033    24.4703 0.0000e+00
 150.542193      4.143  35.907133    10.8688     7.2657      4.108    31.9994    24.4628 0.0000e+00
 150.542199      3.705  35.923885    10.8877     8.7143      3.674    31.9997    24.4597 0.0000e+00
 150.542205      3.292  35.941860    10.8992     8.7328      3.264    32.0076    24.4639 0.0000e+00
 150.542211      2.911  35.960377    10.9074     7.7414      2.887    32.0189    24.4712 0.0000e+00
 150.542216      2.552  35.968828    10.9255     7.1928      2.531    32.0116    24.4624 0.0000e+00
 150.542222      2.207  35.970639    10.9629     8.1219      2.189    31.9809    24.4320 0.0000e+00
 150.542228      1.879  35.965984    11.0061     7.9889      1.863    31.9389    24.3917 0.0000e+00
 150.542234      1.577  35.912798    11.0348 -9.990e-29      1.564    31.8616    24.3266 0.0000e+00
 150.542240      1.303  35.690305    11.0463 -9.990e-29      1.292    31.6326    24.1464 0.0000e+00
 150.542245      1.062  34.971597    11.0458 -9.990e-29      1.053    30.9265    23.5975 0.0000e+00
 150.542251      0.863  32.785515    11.0324 -9.990e-29      0.856    28.8017    21.9484 0.0000e+00
 150.542257      0.712  26.289572    11.0045 -9.990e-29      0.706    22.5949    17.1362 -9.990e-29
 150.542263      0.602  17.259624    10.9666 -9.990e-29      0.597    14.2808    10.7006 -9.990e-29
 150.542269      0.524  14.640153    10.9234 -9.990e-29      0.520    11.9572     8.9067 -9.990e-29
 150.542274      0.466  19.271350    10.8808 -9.990e-29      0.462    16.1400    12.1523 -9.990e-29
 150.542280      0.431  20.923222    10.8608 -9.990e-29      0.427    17.6649    13.3365 -9.990e-29
 150.542286      0.419  16.261349 -9.990e-29 -9.990e-29      0.416 -9.990e-29 -9.990e-29 -9.990e-29
