data/oxygen options/OCNMS/OCNMS2/raw_data/2008/CTD_CA100_052908faed.cnv
* Sea-Bird SBE19 Data File:
* FileName = C:\2008_Mooring_Data\042408_service\CTD_CA100_052908.hex
* Software Version 1.58
* Temperature SN = 2997
* Conductivity SN = 2997
* System UpLoad Time = May 29 2008 13:03:14
**
**
# nquan = 9                                 
# nvalues = 828                         
# units = specified
# name 0 = timeJ: Julian Days
# name 1 = prSM: Pressure, Strain Gauge [db]
# name 2 = c0mS/cm: Conductivity [mS/cm]
# name 3 = t090C: Temperature [ITS-90, deg C]
# name 4 = sbeox0ML/L: Oxygen, SBE 43 [ml/l]
# name 5 = depSM: Depth [salt water, m], lat = 47.5
# name 6 = sal00: Salinity, Practical [PSU]
# name 7 = sigma-é00: Density [sigma-theta, kg/m^3]
# name 8 = flag: flag
# span 0 = 150.537500, 150.542286       
# span 1 =     -5.308,     97.747       
# span 2 =   0.548192,  36.112880       
# span 3 =     7.0204,    11.0700       
# span 4 =    -1.3535,    17.8964       
# span 5 =     -5.264,     96.908       
# span 6 =     0.3747,    33.8826       
# span 7 =    -0.0306,    26.5369       
# span 8 = 0.0000e+00, 0.0000e+00       
# interval = seconds: 0.5
# start_time = May 29 2008 12:54:00 [Instrument's time stamp, header]
# bad_flag = -9.990e-29
*END*
[from data line 161]
 150.538432     -0.400  36.097953    11.0504     7.3641     -0.397    32.0314    24.4559 -9.990e-29
 150.538437     -0.375  36.093720    11.0492     7.3781     -0.372    32.0283    24.4537 -9.990e-29
 150.538443     -0.355  36.091325    11.0491     7.3911     -0.352    32.0260    24.4519 -9.990e-29
 150.538449     -0.345  36.092621    11.0488     7.3913     -0.342    32.0276    24.4531 -9.990e-29
 150.538455     -0.338  36.094856    11.0476     7.3963     -0.335    32.0308    24.4559 -9.990e-29
 150.538461     -0.327  36.095973    11.0443     7.3975     -0.324    32.0348    24.4595 -9.990e-29
 150.538466     -0.309  36.092982    11.0400     7.3918     -0.306    32.0356    24.4609 -9.990e-29
 150.538472     -0.293  36.086941    11.0383     7.3899     -0.291    32.0311    24.4577 -9.990e-29
 150.538478     -0.287  36.084926    11.0400     7.3845     -0.285    32.0276    24.4547 -9.990e-29
 150.538484     -0.293  36.087614    11.0425     7.3877     -0.291    32.0281    24.4547 -9.990e-29
 150.538490     -0.304  36.091309    11.0444     7.3890     -0.301    32.0301    24.4559 -9.990e-29
 150.538495     -0.308  36.094217    11.0459     7.3824     -0.305    32.0316    24.4568 -9.990e-29
 150.538501     -0.301  36.095738    11.0468     7.3785     -0.298    32.0324    24.4572 -9.990e-29
 150.538507     -0.286  36.096784    11.0473     7.3815     -0.284    32.0329    24.4576 -9.990e-29
 150.538513     -0.271  36.097634    11.0480     7.3782     -0.269    32.0332    24.4576 -9.990e-29
 150.538519     -0.260  36.098304    11.0490     7.3802     -0.258    32.0329    24.4573 -9.990e-29
 150.538524     -0.251  36.099691    11.0502     7.3848     -0.249    32.0333    24.4573 -9.990e-29
 150.538530     -0.245  36.101407    11.0513     7.3715     -0.243    32.0340    24.4577 -9.990e-29
 150.538536     -0.241  36.101820    11.0522     7.3717     -0.239    32.0336    24.4573 -9.990e-29
 150.538542     -0.238  36.100926    11.0531     7.3829     -0.236    32.0320    24.4558 -9.990e-29
 150.538547     -0.232  36.100337    11.0542     7.3799     -0.230    32.0304    24.4544 -9.990e-29
 150.538553     -0.219  36.100953    11.0553     7.3784     -0.217    32.0301    24.4539 -9.990e-29
 150.538559     -0.202  36.102477    11.0561     7.3665     -0.200    32.0308    24.4544 -9.990e-29
 150.538565     -0.184  36.104705    11.0570     7.3594     -0.182    32.0323    24.4554 -9.990e-29
 150.538571     -0.164  36.106687    11.0580     7.3714     -0.163    32.0333    24.4560 -9.990e-29
 150.538576     -0.144  36.107149    11.0588     7.3792     -0.143    32.0331    24.4557 -9.990e-29
 150.538582     -0.129  36.106710    11.0591     7.3832     -0.128    32.0324    24.4551 -9.990e-29
 150.538588     -0.117  36.106472    11.0592     7.3887     -0.116    32.0321    24.4548 -9.990e-29
 150.538594     -0.111  36.106680    11.0594     7.3939     -0.110    32.0321    24.4548 -9.990e-29
 150.538600     -0.112  36.107053    11.0598     7.3956     -0.111    32.0321    24.4547 -9.990e-29
 150.538605     -0.110  36.106972    11.0601     7.4000     -0.109    32.0318    24.4544 -9.990e-29
 150.538611     -0.101  36.106332    11.0601     7.3887     -0.100    32.0311    24.4539 -9.990e-29
 150.538617     -0.089  36.105966    11.0597     7.3833     -0.088    32.0311    24.4540 -9.990e-29
 150.538623     -0.082  36.105951    11.0586     7.3817     -0.081    32.0320    24.4549 -9.990e-29
 150.538628     -0.080  36.105147    11.0564     7.3793     -0.079    32.0332    24.4562 -9.990e-29
 150.538634     -0.073  36.102487    11.0533     7.3830     -0.072    32.0332    24.4568 -9.990e-29
 150.538640     -0.057  36.098912    11.0502     7.3890     -0.057    32.0324    24.4567 -9.990e-29
 150.538646     -0.035  36.097501    11.0488     7.3910     -0.035    32.0322    24.4568 -9.990e-29
 150.538652     -0.014  36.098058    11.0495     7.3972     -0.014    32.0322    24.4566 -9.990e-29
 150.538657      0.002  36.098525    11.0517     7.3971      0.002    32.0307    24.4551 -9.990e-29
 150.538663      0.015  36.100090    11.0546     7.3734      0.015    32.0297    24.4538 -9.990e-29
 150.538669      0.026  36.103722    11.0571     7.3594      0.026    32.0311    24.4545 -9.990e-29
 150.538675      0.035  36.106985    11.0591     7.3569      0.035    32.0326    24.4552 -9.990e-29
 150.538681      0.043  36.107510    11.0611     7.3624      0.043    32.0314    24.4539 -9.990e-29
 150.538686      0.051  36.107120    11.0629     7.3745      0.051    32.0294    24.4521 -9.990e-29
 150.538692      0.058  36.107541    11.0643     7.3723      0.058    32.0286    24.4512 -9.990e-29
 150.538698      0.065  36.108778    11.0656     7.3850      0.064    32.0287    24.4511 -9.990e-29
 150.538704      0.073  36.110802    11.0671     7.3954      0.072    32.0294    24.4513 -9.990e-29
 150.538709      0.083  36.112394    11.0684     7.4050      0.082    32.0298    24.4514 -9.990e-29
 150.538715      0.095  36.112880    11.0690     7.4058      0.094    32.0297    24.4513 -9.990e-29
 150.538721      0.109  36.111790    11.0683     7.3955      0.108    32.0293    24.4511 -9.990e-29
 150.538727      0.126  36.108238    11.0653     7.3968      0.125    32.0284    24.4509 -9.990e-29
 150.538733      0.144  36.098610    11.0606     7.4021      0.143    32.0230    24.4475 -9.990e-29
 150.538738      0.155  36.086321    11.0549     7.4040      0.154    32.0158    24.4429 -9.990e-29
 150.538744      0.155  36.083001    11.0481     7.3964      0.154    32.0185    24.4462 -9.990e-29
 150.538750      0.149  36.086469    11.0421     7.3899      0.148    32.0271    24.4540 -9.990e-29
 150.538756      0.145  36.088465    11.0393     7.3858      0.144    32.0315    24.4579 -9.990e-29
 150.538762      0.147  36.089974    11.0405     7.3939      0.146    32.0320    24.4580 -9.990e-29
 150.538767      0.155  36.094130    11.0449     7.3918      0.154    32.0322    24.4575 -9.990e-29
 150.538773      0.169  36.100875    11.0504     7.3836      0.168    32.0341    24.4579 -9.990e-29
 150.538779      0.190  36.107439    11.0539     7.3875      0.188    32.0375    24.4600 -9.990e-29
 150.538785      0.216  36.111375    11.0547     7.3938      0.214    32.0407    24.4623 -9.990e-29
 150.538791      0.240  36.111770    11.0541     7.4012      0.238    32.0416    24.4631 -9.990e-29
 150.538796      0.259  36.109157    11.0521     7.3964      0.257    32.0407    24.4628 -9.990e-29
 150.538802      0.273  36.103976    11.0497     7.3895      0.271    32.0377    24.4609 -9.990e-29
 150.538808      0.284  36.098847    11.0497     7.3862      0.282    32.0326    24.4570 -9.990e-29
 150.538814      0.293  36.098140    11.0522     7.3949      0.291    32.0298    24.4543 -9.990e-29
 150.538819      0.300  36.100356    11.0550     7.4009      0.297    32.0295    24.4536 -9.990e-29
 150.538825      0.306  36.101730    11.0567     7.4079      0.303    32.0294    24.4532 -9.990e-29
 150.538831      0.311  36.100736    11.0573     7.4077      0.308    32.0279    24.4519 -9.990e-29
 150.538837      0.315  36.096053    11.0568     7.4044      0.312    32.0237    24.4487 -9.990e-29
 150.538843      0.318  36.090965    11.0553     7.3958      0.315    32.0200    24.4461 -9.990e-29
 150.538848      0.321  36.089899    11.0531     7.3972      0.318    32.0208    24.4472 -9.990e-29
 150.538854      0.324  36.090878    11.0504     7.3926      0.321    32.0242    24.4502 -9.990e-29
 150.538860      0.327  36.091846    11.0479     7.3994      0.324    32.0273    24.4531 -9.990e-29
 150.538866      0.331  36.092977    11.0456     7.4098      0.328    32.0304    24.4559 -9.990e-29
 150.538872      0.335  36.092981    11.0429     7.4095      0.332    32.0328    24.4582 -9.990e-29
 150.538877      0.340  36.091306    11.0408     7.4109      0.337    32.0329    24.4588 -9.990e-29
 150.538883      0.346  36.089644    11.0398     7.4056      0.343    32.0322    24.4583 -9.990e-29
 150.538889      0.354  36.089145    11.0391     7.3883      0.351    32.0323    24.4585 -9.990e-29
 150.538895      0.363  36.089146    11.0386     7.3780      0.360    32.0327    24.4590 -9.990e-29
 150.538900      0.375  36.089094    11.0383     7.3898      0.372    32.0329    24.4592 -9.990e-29
 150.538906      0.391  36.088921    11.0379     7.4035      0.388    32.0331    24.4594 -9.990e-29
 150.538912      0.407  36.088587    11.0375     7.4138      0.404    32.0331    24.4595 -9.990e-29
 150.538918      0.415  36.088210    11.0371     7.4137      0.412    32.0331    24.4595 -9.990e-29
 150.538924      0.412  36.088040    11.0370     7.4049      0.409    32.0330    24.4595 -9.990e-29
 150.538929      0.402  36.088425    11.0374     7.3879      0.399    32.0330    24.4594 -9.990e-29
 150.538935      0.396  36.089514    11.0384     7.3910      0.393    32.0332    24.4594 -9.990e-29
 150.538941      0.404  36.091089    11.0399     7.3860      0.401    32.0335    24.4593 -9.990e-29
 150.538947      0.422  36.092459    11.0412     7.3876      0.418    32.0337    24.4593 -9.990e-29
 150.538953      0.442  36.093221    11.0419     7.3934      0.438    32.0338    24.4593 -9.990e-29
 150.538958      0.456  36.093841    11.0427     7.3916      0.452    32.0337    24.4590 -9.990e-29
 150.538964      0.462  36.094594    11.0436     7.3953      0.458    32.0337    24.4588 -9.990e-29
 150.538970      0.464  36.095374    11.0444     7.4018      0.460    32.0338    24.4588 -9.990e-29
 150.538976      0.471  36.096111    11.0451     7.4048      0.467    32.0339    24.4587 -9.990e-29
 150.538981      0.483  36.096678    11.0457     7.4053      0.479    32.0339    24.4586 -9.990e-29
 150.538987      0.492  36.096720    11.0460     7.4101      0.488    32.0337    24.4584 -9.990e-29
 150.538993      0.495  36.096301    11.0461     7.4140      0.491    32.0332    24.4580 -9.990e-29
 150.538999      0.492  36.095994    11.0462     7.4161      0.488    32.0328    24.4577 -9.990e-29
 150.539005      0.486  36.095401    11.0461     7.4143      0.482    32.0323    24.4573 -9.990e-29
 150.539010      0.487  36.093180    11.0457     7.4024      0.483    32.0305    24.4560 -9.990e-29
 150.539016      0.494  36.090864    11.0455     7.4038      0.490    32.0283    24.4544 -9.990e-29
 150.539022      0.499  36.090416    11.0450     7.4056      0.495    32.0283    24.4544 -9.990e-29
 150.539028      0.503  36.089009    11.0432     7.4007      0.499    32.0285    24.4549 -9.990e-29
 150.539034      0.509  36.084215    11.0403     7.4005      0.505    32.0263    24.4537 -9.990e-29
 150.539039      0.515  36.079178    11.0390     7.3973      0.511    32.0225    24.4509 -9.990e-29
 150.539045      0.515  36.078957    11.0400     7.3995      0.511    32.0214    24.4499 -9.990e-29
 150.539051      0.515  36.082707    11.0406     7.4104      0.511    32.0246    24.4523 -9.990e-29
 150.539057      0.518  36.085351    11.0399     7.3985      0.514    32.0278    24.4549 -9.990e-29
 150.539063      0.522  36.086504    11.0393     7.4083      0.518    32.0294    24.4563 -9.990e-29
 150.539068      0.525  36.087154    11.0388     7.4099      0.521    32.0305    24.4572 -9.990e-29
 150.539074      0.532  36.086495    11.0381     7.4026      0.528    32.0305    24.4573 -9.990e-29
 150.539080      0.540  36.086462    11.0373     7.4114      0.535    32.0311    24.4580 -9.990e-29
 150.539086      0.544  36.087581    11.0364     7.3919      0.539    32.0330    24.4596 -9.990e-29
 150.539091      0.549  36.087992    11.0352     7.3902      0.544    32.0345    24.4609 -9.990e-29
 150.539097      0.565  36.087134    11.0337     7.3912      0.560    32.0349    24.4615 -9.990e-29
 150.539103      0.592  36.085554    11.0324     7.3905      0.587    32.0345    24.4614 -9.990e-29
 150.539109      0.619  36.084517    11.0321     7.4044      0.614    32.0337    24.4609 -9.990e-29
 150.539115      0.639  36.084329    11.0327     7.4065      0.634    32.0330    24.4602 -9.990e-29
 150.539120      0.654  36.084748    11.0336     7.4003      0.649    32.0326    24.4598 -9.990e-29
 150.539126      0.664  36.085783    11.0347     7.4036      0.658    32.0327    24.4596 -9.990e-29
 150.539132      0.674  36.087704    11.0364     7.4014      0.668    32.0331    24.4596 -9.990e-29
 150.539138      0.685  36.090280    11.0386     7.4030      0.679    32.0337    24.4597 -9.990e-29
 150.539144      0.689  36.092476    11.0409     7.4047      0.683    32.0339    24.4595 -9.990e-29
 150.539149      0.683  36.093867    11.0436     7.3943      0.677    32.0329    24.4582 -9.990e-29
 150.539155      0.669  36.095196    11.0464     7.3925      0.663    32.0318    24.4569 -9.990e-29
 150.539161      0.661  36.096567    11.0479     7.3853      0.655    32.0318    24.4566 -9.990e-29
 150.539167      0.665  36.097018    11.0475     7.3929      0.659    32.0326    24.4573 -9.990e-29
 150.539172      0.678  36.096602    11.0463     7.3910      0.672    32.0332    24.4580 -9.990e-29
 150.539178      0.693  36.095894    11.0458     7.3978      0.687    32.0330    24.4579 -9.990e-29
 150.539184      0.701  36.095641    11.0463     7.4083      0.695    32.0323    24.4573 -9.990e-29
 150.539190      0.698  36.096074    11.0469     7.4084      0.692    32.0322    24.4571 -9.990e-29
 150.539196      0.690  36.096660    11.0473     7.4046      0.684    32.0324    24.4572 -9.990e-29
 150.539201      0.684  36.097071    11.0479     7.3913      0.678    32.0323    24.4570 -9.990e-29
 150.539207      0.684  36.097304    11.0488     7.3932      0.678    32.0317    24.4564 -9.990e-29
 150.539213      0.689  36.097680    11.0498     7.3970      0.683    32.0312    24.4559 -9.990e-29
 150.539219      0.701  36.098150    11.0505     7.4084      0.695    32.0311    24.4556 -9.990e-29
 150.539225      0.715  36.097110    11.0507     7.4115      0.709    32.0299    24.4546 -9.990e-29
 150.539230      0.729  36.094864    11.0503     7.4078      0.723    32.0280    24.4533 -9.990e-29
 150.539236      0.742  36.094591    11.0490     7.4064      0.736    32.0289    24.4541 -9.990e-29
 150.539242      0.753  36.095377    11.0467     7.3908      0.747    32.0316    24.4567 -9.990e-29
 150.539248      0.761  36.094359    11.0435     7.3870      0.755    32.0334    24.4587 -9.990e-29
 150.539253      0.771  36.090747    11.0390     7.3742      0.765    32.0338    24.4597 -9.990e-29
 150.539259      0.779  36.085900    11.0347     7.3816      0.772    32.0327    24.4597 -9.990e-29
 150.539265      0.782  36.084011    11.0332     7.3844      0.775    32.0322    24.4595 -9.990e-29
 150.539271      0.781  36.085370    11.0343     7.3935      0.774    32.0326    24.4596 -9.990e-29
 150.539277      0.774  36.086757    11.0357     7.4069      0.768    32.0327    24.4595 -9.990e-29
 150.539282      0.766  36.087789    11.0364     7.4199      0.760    32.0331    24.4597 -9.990e-29
 150.539288      0.764  36.088173    11.0359     7.4315      0.758    32.0339    24.4604 -9.990e-29
 150.539294      0.770  36.086191    11.0341     7.4346      0.764    32.0336    24.4604 -9.990e-29
 150.539300      0.778  36.079769    11.0316     7.4431      0.772    32.0294    24.4576 -9.990e-29
 150.539306      0.789  36.072122    11.0283     7.4312      0.782    32.0247    24.4546 -9.990e-29
 150.539311      0.800  36.068191    11.0236     7.4240      0.793    32.0249    24.4556 -9.990e-29
 150.539317      0.807  36.065546    11.0183     7.4166      0.800    32.0270    24.4581 -9.990e-29
 150.539323      0.811  36.064030    11.0149     7.4177      0.804    32.0284    24.4598 -9.990e-29
 150.539329      0.812  36.065554    11.0150     7.4162      0.805    32.0298    24.4609 -9.990e-29
 150.539334      0.810  36.068238    11.0169     7.4209      0.803    32.0308    24.4613 -9.990e-29
 150.539340      0.804  36.070627    11.0185     7.4145      0.797    32.0318    24.4618 -9.990e-29
 150.539346      0.799  36.071994    11.0191     7.4236      0.792    32.0326    24.4623 -9.990e-29
