data/oxygen options/OCNMS/OCNMS2/raw_data/2008/CTD_RR065_061208faed.cnv
* Sea-Bird SBE19 Data File:
* FileName = C:\2008_Mooring_Data\061208_service\CTD_RR065_061208.hex
* Software Version 1.59
* Temperature SN = 2997
* Conductivity SN = 2997
* System UpLoad Time = Jun 12 2008 18:47:05
**
**
# nquan = 9                                 
# nvalues = 797                         
# units = specified
# name 0 = timeJ: Julian Days
# name 1 = prSM: Pressure, Strain Gauge [db]
# name 2 = c0mS/cm: Conductivity [mS/cm]
# name 3 = t090C: Temperature [ITS-90, deg C]
# name 4 = sbeox0ML/L: Oxygen, SBE 43 [ml/l]
# name 5 = depSM: Depth [salt water, m], lat = 47.5
# name 6 = sal00: Salinity, Practical [PSU]
# name 7 = sigma-é00: Density [sigma-theta, kg/m^3]
# name 8 = flag: flag
# span 0 = 164.771250, 164.775856       
# span 1 =     -4.868,     65.215       
# span 2 =   0.156506,  35.633163       
# span 3 =     7.1752,    12.1652       
# span 4 =   -11.7068,    17.0724       
# span 5 =     -4.827,     64.660       
# span 6 =     0.1050,    33.8273       
# span 7 =    -0.1996,    26.4716       
# span 8 = 0.0000e+00, 0.0000e+00       
# interval = seconds: 0.5
# start_time = Jun 12 2008 18:30:36 [Instrument's time stamp, header]
# bad_flag = -9.990e-29
*END*
 164.771250     -4.852 -9.990e-29     9.7255    -1.7014     -4.812 -9.990e-29 -9.990e-29 -9.990e-29
 164.771256     -4.864   0.179606     9.7293    -1.7013     -4.823     0.1209    -0.1793 -9.990e-29
 164.771262     -4.868   0.180039     9.7335    -1.7011     -4.827     0.1212    -0.1795 -9.990e-29
 164.771267     -4.859   0.180047     9.7378    -1.7010     -4.819     0.1212    -0.1798 -9.990e-29
 164.771273     -4.842   0.179454     9.7421    -1.7010     -4.802     0.1208    -0.1805 -9.990e-29
 164.771279     -4.823   0.178577     9.7458    -1.7009     -4.783     0.1202    -0.1813 -9.990e-29
 164.771285     -4.802   0.177727     9.7488    -1.7008     -4.762     0.1196    -0.1820 -9.990e-29
 164.771291     -4.772   0.176878     9.7513    -1.7008     -4.732     0.1190    -0.1827 -9.990e-29
 164.771296     -4.738   0.175823     9.7535    -1.7008     -4.699     0.1182    -0.1835 -9.990e-29
 164.771302     -4.699   0.174819     9.7556    -1.7008     -4.660     0.1176    -0.1842 -9.990e-29
 164.771308     -4.659   0.174190     9.7584    -1.7008     -4.620     0.1171    -0.1848 -9.990e-29
 164.771314     -4.623   0.173652     9.7617    -1.7006     -4.584     0.1167    -0.1854 -9.990e-29
 164.771319     -4.594   0.173040     9.7645    -1.7003     -4.556     0.1163    -0.1859 -9.990e-29
 164.771325     -4.568   0.172650     9.7667    -1.7002     -4.530     0.1160    -0.1863 -9.990e-29
 164.771331     -4.546   0.172516     9.7689    -1.7003     -4.508     0.1160    -0.1866 -9.990e-29
 164.771337     -4.524   0.172458     9.7706    -1.7003     -4.486     0.1159    -0.1868 -9.990e-29
 164.771343     -4.503   0.172402     9.7713    -1.7001     -4.465     0.1159    -0.1869 -9.990e-29
 164.771348     -4.480   0.172271     9.7717    -1.6999     -4.443     0.1158    -0.1870 -9.990e-29
 164.771354     -4.455   0.171894     9.7730    -1.6998     -4.418     0.1155    -0.1873 -9.990e-29
 164.771360     -4.425   0.171322     9.7756    -1.6996     -4.388     0.1151    -0.1878 -9.990e-29
 164.771366     -4.392   0.170902     9.7796    -1.6994     -4.355     0.1148    -0.1884 -9.990e-29
 164.771372     -4.365   0.170628     9.7839    -1.6991     -4.329     0.1146    -0.1889 -9.990e-29
 164.771377     -4.340   0.170136     9.7866    -1.6990     -4.304     0.1143    -0.1894 -9.990e-29
 164.771383     -4.311   0.169325     9.7878    -1.6989     -4.275     0.1137    -0.1900 -9.990e-29
 164.771389     -4.282   0.168776     9.7896    -1.6989     -4.246     0.1133    -0.1904 -9.990e-29
 164.771395     -4.255   0.168864     9.7932    -1.6989     -4.220     0.1134    -0.1907 -9.990e-29
 164.771400     -4.228   0.169155     9.7977    -1.6989     -4.193     0.1136    -0.1909 -9.990e-29
 164.771406     -4.198   0.168928     9.8022    -1.6989     -4.163     0.1134    -0.1915 -9.990e-29
 164.771412     -4.165   0.167881     9.8075    -1.6990     -4.130     0.1127    -0.1925 -9.990e-29
 164.771418     -4.127   0.166835     9.8134    -1.6990     -4.093     0.1120    -0.1936 -9.990e-29
 164.771424     -4.084   0.166613     9.8187    -1.6990     -4.050     0.1118    -0.1941 -9.990e-29
 164.771429     -4.043   0.166920     9.8224    -1.6990     -4.009     0.1120    -0.1943 -9.990e-29
 164.771435     -4.006   0.167060     9.8248    -1.6989     -3.973     0.1121    -0.1944 -9.990e-29
 164.771441     -3.970   0.166665     9.8265    -1.6991     -3.937     0.1118    -0.1948 -9.990e-29
 164.771447     -3.933   0.165762     9.8277    -1.6989     -3.900     0.1112    -0.1954 -9.990e-29
 164.771453     -3.892   0.164810     9.8283    -1.6987     -3.860     0.1105    -0.1960 -9.990e-29
 164.771458     -3.850   0.164202     9.8280    -1.6986     -3.818     0.1101    -0.1963 -9.990e-29
 164.771464     -3.812   0.163682     9.8274    -1.6986     -3.780     0.1098    -0.1965 -9.990e-29
 164.771470     -3.780   0.163112     9.8269    -1.6985     -3.748     0.1094    -0.1967 -9.990e-29
 164.771476     -3.752   0.162840     9.8265    -1.6984     -3.721     0.1092    -0.1968 -9.990e-29
 164.771481     -3.726   0.163059     9.8268    -1.6984     -3.695     0.1094    -0.1968 -9.990e-29
 164.771487     -3.696   0.163507     9.8276    -1.6986     -3.665     0.1097    -0.1966 -9.990e-29
 164.771493     -3.656   0.163674     9.8289    -1.6986     -3.626     0.1098    -0.1966 -9.990e-29
 164.771499     -3.613   0.163229     9.8315    -1.6986     -3.583     0.1095    -0.1971 -9.990e-29
 164.771505     -3.576   0.162135     9.8351    -1.6986     -3.546     0.1087    -0.1980 -9.990e-29
 164.771510     -3.546   0.161151     9.8381    -1.6986     -3.516     0.1080    -0.1988 -9.990e-29
 164.771516     -3.524   0.161179     9.8400    -1.6984     -3.495     0.1081    -0.1989 -9.990e-29
 164.771522     -3.505   0.161705     9.8415    -1.6986     -3.476     0.1084    -0.1988 -9.990e-29
 164.771528     -3.491   0.161768     9.8425    -1.6988     -3.462     0.1084    -0.1988 -9.990e-29
 164.771534     -3.479   0.161455     9.8422    -1.6988     -3.450     0.1082    -0.1990 -9.990e-29
 164.771539     -3.469   0.161456     9.8408    -1.6988     -3.440     0.1082    -0.1989 -9.990e-29
 164.771545     -3.460   0.161774     9.8398    -1.6990     -3.431     0.1085    -0.1986 -9.990e-29
 164.771551     -3.453   0.161724     9.8394    -1.6992     -3.424     0.1084    -0.1986 -9.990e-29
 164.771557     -3.445   0.161240     9.8395    -1.6993     -3.416     0.1081    -0.1989 -9.990e-29
 164.771562     -3.438   0.160785     9.8403    -1.6993     -3.409     0.1078    -0.1992 -9.990e-29
 164.771568     -3.429   0.160306     9.8404    -1.6996     -3.400     0.1075    -0.1994 -9.990e-29
 164.771574     -3.420   0.159722     9.8387    -1.6998     -3.391     0.1071    -0.1996 -9.990e-29
 164.771580     -3.409   0.159363     9.8364    -1.6999     -3.381     0.1068    -0.1996 -9.990e-29
 164.771586     -3.395   0.159304     9.8346    -1.7001     -3.367     0.1068    -0.1995 -9.990e-29
 164.771591     -3.378   0.159466     9.8324    -1.7001     -3.350     0.1069    -0.1992 -9.990e-29
 164.771597     -3.356   0.159512     9.8292    -1.7001     -3.328     0.1070    -0.1989 -9.990e-29
 164.771603     -3.328   0.158952     9.8258    -1.7002     -3.300     0.1066    -0.1989 -9.990e-29
 164.771609     -3.297   0.158146     9.8229    -1.7002     -3.270     0.1060    -0.1990 -9.990e-29
 164.771615     -3.270   0.157684     9.8193    -1.7002     -3.243     0.1057    -0.1990 -9.990e-29
 164.771620     -3.248   0.157504     9.8147    -1.7002     -3.221     0.1056    -0.1987 -9.990e-29
 164.771626     -3.231   0.157367     9.8100    -1.7001     -3.204     0.1055    -0.1983 -9.990e-29
 164.771632     -3.217   0.157092     9.8060    -1.7003     -3.190     0.1054    -0.1981 -9.990e-29
 164.771638     -3.200   0.156865     9.8032    -1.7003     -3.173     0.1052    -0.1980 -9.990e-29
 164.771644     -3.177   0.156938     9.8017    -1.7001     -3.151     0.1053    -0.1978 -9.990e-29
 164.771649     -3.154   0.156855     9.8005    -1.7000     -3.128     0.1052    -0.1978 -9.990e-29
 164.771655     -3.137   0.156506     9.7994    -1.6999     -3.111     0.1050    -0.1978 -9.990e-29
 164.771661     -3.122   0.156535     9.7987    -1.6999     -3.096     0.1050    -0.1978 -9.990e-29
 164.771667     -3.104   0.156982     9.7985    -1.6999     -3.078     0.1053    -0.1975 -9.990e-29
 164.771672     -3.081   0.157335     9.7989    -1.6998     -3.055     0.1056    -0.1974 -9.990e-29
 164.771678     -3.052   0.157512     9.7992    -1.6999     -3.027     0.1057    -0.1973 -9.990e-29
 164.771684     -3.019   0.157750     9.7986    -1.6999     -2.994     0.1058    -0.1971 -9.990e-29
 164.771690     -2.988   0.158366     9.7988    -1.6998     -2.963     0.1063    -0.1968 -9.990e-29
 164.771696     -2.963   0.159628     9.8010    -1.7000     -2.938     0.1071    -0.1963 -9.990e-29
 164.771701     -2.941   0.161004     9.8039    -1.6999     -2.916     0.1080    -0.1958 -9.990e-29
 164.771707     -2.921   0.161557     9.8058    -1.6999     -2.897     0.1084    -0.1957 -9.990e-29
 164.771713     -2.902   0.161473     9.8064    -1.6996     -2.878     0.1083    -0.1958 -9.990e-29
 164.771719     -2.882   0.161747     9.8066    -1.6992     -2.858     0.1085    -0.1957 -9.990e-29
 164.771725     -2.861   0.162747     9.8070    -1.6985     -2.837     0.1092    -0.1952 -9.990e-29
 164.771730     -2.836   0.164145     9.8071    -1.3920     -2.812     0.1102    -0.1944 -9.990e-29
 164.771736     -2.807   0.165588     9.8069    -1.3663     -2.784     0.1111    -0.1936 -9.990e-29
 164.771742     -2.771   0.167339     9.8063    -1.3521     -2.748     0.1123    -0.1927 -9.990e-29
 164.771748     -2.727   0.171734     9.8054    -1.3492     -2.704     0.1153    -0.1902 -9.990e-29
 164.771753     -2.676   0.184634     9.8057    -1.3492     -2.654     0.1241    -0.1833 -9.990e-29
 164.771759     -2.618   0.221575     9.8100    -1.3495     -2.596     0.1494    -0.1637 -9.990e-29
 164.771765     -2.550   0.325719     9.8245    -1.3482     -2.529     0.2216    -0.1081 -9.990e-29
 164.771771     -2.472   0.622629     9.8662    -1.3468     -2.451     0.4327     0.0544 -9.990e-29
 164.771777     -2.384   1.488241     9.9873    -1.3464     -2.364     1.0715     0.5452 -9.990e-29
 164.771782     -2.279   4.041246    10.3425    -1.3467     -2.260     3.0499     2.0575 -9.990e-29
 164.771788     -2.156  11.620823    10.9666    -1.3478     -2.138     9.3020     6.8443 -9.990e-29
 164.771794     -2.020  22.952394    11.5622    -1.3473     -2.003    19.1795    14.4053 -9.990e-29
 164.771800     -1.878  30.481384    11.8989    -1.3474     -1.862    25.9595    19.5968 -9.990e-29
 164.771806     -1.734  32.948646    12.0328    -1.3483     -1.720    28.1903    21.3008 -9.990e-29
 164.771811     -1.584  33.738100    12.0817    -1.3490     -1.571    28.9013    21.8429 -9.990e-29
 164.771817     -1.423  33.999317    12.1089    -1.3483     -1.411    29.1281    22.0137 -9.990e-29
 164.771823     -1.249  34.112552    12.1313    -1.3479     -1.239    29.2181    22.0793 -9.990e-29
 164.771829     -1.059  34.201374    12.1477    -1.3476     -1.050    29.2895    22.1317 -9.990e-29
 164.771834     -0.859  34.273919    12.1549    -1.3483     -0.852    29.3527    22.1793 -9.990e-29
 164.771840     -0.665  34.301497    12.1527    -1.3482     -0.659    29.3805    22.2013 -9.990e-29
 164.771846     -0.495  34.283389    12.1451    -1.3486     -0.491    29.3692    22.1939 -9.990e-29
 164.771852     -0.356  34.259331    12.1382    -1.3480     -0.353    29.3517    22.1816 -9.990e-29
 164.771858     -0.243  34.258882    12.1342    -1.3474     -0.241    29.3544    22.1844 -9.990e-29
 164.771863     -0.149  34.248433    12.1304    -1.3476     -0.148    29.3474    22.1797 -9.990e-29
 164.771869     -0.072  34.209047    12.1255    -1.3484     -0.071    29.3138    22.1546 -9.990e-29
 164.771875     -0.011  34.186811    12.1226    -1.3490     -0.011    29.2950    22.1405 -9.990e-29
 164.771881      0.041  34.208673    12.1245    -1.3481      0.041    29.3142    22.1550 -9.990e-29
 164.771887      0.092  34.242209    12.1305    -1.3474      0.091    29.3414    22.1750 -9.990e-29
 164.771892      0.142  34.247042    12.1369    -1.3475      0.141    29.3409    22.1735 -9.990e-29
 164.771898      0.184  34.220689    12.1398    -1.3488      0.182    29.3136    22.1518 -9.990e-29
 164.771904      0.218  34.191892    12.1404    -1.3483      0.216    29.2858    22.1301 -9.990e-29
 164.771910      0.246  34.186698    12.1413    -1.3478      0.244    29.2801    22.1256 -9.990e-29
 164.771916      0.268  34.209414    12.1410    -1.3473      0.266    29.3019    22.1425 -9.990e-29
 164.771921      0.287  34.230440    12.1386    -1.3473      0.285    29.3238    22.1599 -9.990e-29
 164.771927      0.303  34.219037    12.1359    -1.3484      0.300    29.3150    22.1536 -9.990e-29
 164.771933      0.319  34.186917    12.1329    -1.3485      0.316    29.2869    22.1323 -9.990e-29
 164.771939      0.334  34.178095    12.1292    -1.3483      0.331    29.2814    22.1288 -9.990e-29
 164.771944      0.350  34.214443    12.1250    -1.3477      0.347    29.3192    22.1588 -9.990e-29
 164.771950      0.368  34.256532    12.1210    -1.3473      0.365    29.3623    22.1929 -9.990e-29
 164.771956      0.385  34.258028    12.1191    -1.3480      0.382    29.3652    22.1955 -9.990e-29
 164.771962      0.393  34.238878    12.1196    -1.3482      0.390    29.3466    22.1810 -9.990e-29
 164.771968      0.392  34.246209    12.1211    -1.3483      0.389    29.3524    22.1853 -9.990e-29
 164.771973      0.391  34.276960    12.1233    -1.3479      0.388    29.3799    22.2062 -9.990e-29
 164.771979      0.395  34.297480    12.1255    -1.3478      0.392    29.3977    22.2195 -9.990e-29
 164.771985      0.404  34.281360    12.1265    -1.3481      0.401    29.3816    22.2069 -9.990e-29
 164.771991      0.413  34.239968    12.1261    -1.3475      0.410    29.3426    22.1767 -9.990e-29
 164.771997      0.420  34.217815    12.1251    -1.3470      0.416    29.3223    22.1612 -9.990e-29
 164.772002      0.429  34.232979    12.1258    -1.3480      0.425    29.3361    22.1718 -9.990e-29
 164.772008      0.444  34.265930    12.1293    -1.3481      0.440    29.3647    22.1933 -9.990e-29
 164.772014      0.467  34.276607    12.1320    -1.3476      0.463    29.3727    22.1990 -9.990e-29
 164.772020      0.495  34.252937    12.1312    -1.3471      0.491    29.3508    22.1822 -9.990e-29
 164.772025      0.521  34.230580    12.1299    -1.3479      0.517    29.3306    22.1668 -9.990e-29
 164.772031      0.539  34.233505    12.1304    -1.3481      0.535    29.3330    22.1685 -9.990e-29
 164.772037      0.544  34.249380    12.1321    -1.3481      0.539    29.3467    22.1789 -9.990e-29
 164.772043      0.543  34.256821    12.1340    -1.3473      0.538    29.3523    22.1828 -9.990e-29
 164.772049      0.542  34.261282    12.1364    -1.3466      0.537    29.3547    22.1842 -9.990e-29
 164.772054      0.551  34.276567    12.1390    -1.3464      0.546    29.3671    22.1934 -9.990e-29
 164.772060      0.570  34.278266    12.1404    -1.3470      0.565    29.3677    22.1936 -9.990e-29
 164.772066      0.593  34.254655    12.1402    -1.3475      0.588    29.3454    22.1763 -9.990e-29
 164.772072      0.615  34.243711    12.1394    -1.3480      0.610    29.3356    22.1689 -9.990e-29
 164.772078      0.639  34.261098    12.1390    -1.3471      0.634    29.3524    22.1820 -9.990e-29
 164.772083      0.661  34.272885    12.1387    -1.3468      0.655    29.3638    22.1909 -9.990e-29
 164.772089      0.675  34.258397    12.1383    -1.3470      0.669    29.3504    22.1806 -9.990e-29
 164.772095      0.678  34.244255    12.1384    -1.3477      0.672    29.3369    22.1701 -9.990e-29
 164.772101      0.672  34.260338    12.1392    -1.3478      0.666    29.3515    22.1813 -9.990e-29
 164.772106      0.673  34.305141    12.1395    -1.3469      0.667    29.3938    22.2140 -9.990e-29
 164.772112      0.686  34.349927    12.1375    -1.3463      0.680    29.4380    22.2486 -9.990e-29
 164.772118      0.706  34.363698    12.1339    -1.3470      0.700    29.4539    22.2615 -9.990e-29
 164.772124      0.720  34.346345    12.1334    -1.3471      0.714    29.4378    22.2492 -9.990e-29
 164.772130      0.725  34.319545    12.1367    -1.3472      0.719    29.4097    22.2268 -9.990e-29
 164.772135      0.726  34.307504    12.1399    -1.3468      0.720    29.3958    22.2154 -9.990e-29
 164.772141      0.731  34.319380    12.1412    -1.3469      0.725    29.4060    22.2231 -9.990e-29
 164.772147      0.741  34.330699    12.1415    -1.3471      0.735    29.4165    22.2312 -9.990e-29
 164.772153      0.751  34.317924    12.1420    -1.3470      0.745    29.4040    22.2214 -9.990e-29
 164.772159      0.763  34.295956    12.1434    -1.3468      0.757    29.3820    22.2042 -9.990e-29
 164.772164      0.777  34.300484    12.1454    -1.3472      0.771    29.3848    22.2059 -9.990e-29
 164.772170      0.795  34.334197    12.1469    -1.3474      0.788    29.4156    22.2295 -9.990e-29
