data/oxygen options/OCNMS/OCNMS2/raw_data/2008/CTD_TH100_071608faedb.cnv
* Sea-Bird SBE19plus Data File:
* FileName = C:\2008_Mooring_Data\071408_sevice\CTD_TH100_071608.hex
* Software Version 1.59
* Temperature SN =  4671
* Conductivity SN =  4671
* System UpLoad Time = Jul 16 2008 09:40:18
* ds
* SeacatPlus V 1.6b  SERIAL NO. 4671    16 Jul 2008  09:39:52
# nquan = 9
# nvalues = 101                         
# units = specified
# name 0 = timeJ: Julian Days
# name 1 = prdM: Pressure, Strain Gauge [db]
# name 2 = c0mS/cm: Conductivity [mS/cm]
# name 3 = tv290C: Temperature [ITS-90, deg C]
# name 4 = sbeox0ML/L: Oxygen, SBE 43 [ml/l]
# name 5 = depSM: Depth [salt water, m], lat = 47.5
# name 6 = sal00: Salinity, Practical [PSU]
# name 7 = sigma-é00: Density [sigma-theta, kg/m^3]
# name 8 = flag: flag
# span 0 = 198.397288, 198.400879       
# span 1 =      1.000,    101.000       
# span 2 =  28.918789,  38.186487       
# span 3 =     6.8710,    12.1092       
# span 4 =     1.8711,     7.2818       
# span 5 =      0.992,    100.133       
# span 6 =    24.5123,    33.9283       
# span 7 =    18.4471,    26.5926       
# span 8 = 0.0000e+00, 0.0000e+00       
# interval = decibars: 1                
# start_time = Jul 16 2008 09:31:36 [Instrument's time stamp, header]
# bad_flag = -9.990e-29
*END*
 198.397288      1.000  28.918789    12.1092     6.5453      0.992    24.5123    18.4471 0.0000e+00
 198.397330      2.000  38.186487    12.0889     6.1376      1.984    33.0972    25.0917 0.0000e+00
 198.399511      3.000  36.954150    12.0662     7.2312      2.975    31.9864    24.2373 0.0000e+00
 198.399688      4.000  36.969643    12.0586     7.2818      3.966    32.0074    24.2550 0.0000e+00
 198.399701      5.000  36.964536    12.0514     7.2727      4.958    32.0082    24.2570 0.0000e+00
 198.399714      6.000  36.959181    12.0460     7.2593      5.950    32.0073    24.2573 0.0000e+00
 198.399725      7.000  36.956761    12.0414     7.2280      6.941    32.0085    24.2591 0.0000e+00
 198.399736      8.000  36.953333    12.0332     7.2000      7.933    32.0118    24.2632 0.0000e+00
 198.399746      9.000  36.944995    12.0165     7.1936      8.925    32.0177    24.2709 0.0000e+00
 198.399759     10.000  36.929611    11.9984     7.1824      9.916    32.0181    24.2746 0.0000e+00
 198.399773     11.000  36.918099    11.9864     7.1648     10.908    32.0168    24.2759 0.0000e+00
 198.399786     12.000  36.909341    11.9720     7.1566     11.899    32.0204    24.2813 0.0000e+00
 198.399797     13.000  36.898076    11.9608     7.1551     12.891    32.0187    24.2821 0.0000e+00
 198.399807     14.000  36.892307    11.9528     7.1473     13.883    32.0196    24.2843 0.0000e+00
 198.399819     15.000  36.885561    11.9419     7.0932     14.874    32.0220    24.2882 0.0000e+00
 198.399832     16.000  36.871869    11.9082     6.9368     15.866    32.0373    24.3064 0.0000e+00
 198.399845     17.000  36.822071    11.7826     6.7883     16.857    32.0970    24.3758 0.0000e+00
 198.399856     18.000  36.682934    11.4899     6.6545     17.849    32.2151    24.5207 0.0000e+00
 198.399868     19.000  36.370829    10.9760     6.5350     18.840    32.3581    24.7233 0.0000e+00
 198.399880     20.000  35.928315    10.4482     6.4458     19.832    32.3845    24.8352 0.0000e+00
 198.399894     21.000  35.574380    10.0041     6.3850     20.824    32.4244    24.9410 0.0000e+00
 198.399909     22.000  35.224041     9.6119     6.3439     21.815    32.4204    25.0021 0.0000e+00
 198.399923     23.000  35.014600     9.3641     6.3129     22.807    32.4294    25.0490 0.0000e+00
 198.399934     24.000  34.873630     9.1665     6.3069     23.798    32.4632    25.1066 0.0000e+00
 198.399944     25.000  34.722180     8.9161     6.3002     24.790    32.5344    25.2013 0.0000e+00
 198.399955     26.000  34.520623     8.6638     6.2530     25.781    32.5553    25.2563 0.0000e+00
 198.399965     27.000  34.309422     8.3406     6.1583     26.773    32.6314    25.3644 0.0000e+00
 198.399977     28.000  34.064540     8.1415     6.0554     27.764    32.5565    25.3351 0.0000e+00
 198.399988     29.000  33.974385     8.0365     5.9778     28.756    32.5579    25.3514 0.0000e+00
 198.399999     30.000  33.911006     7.9469     5.9300     29.747    32.5733    25.3765 0.0000e+00
 198.400011     31.000  33.868500     7.8859     5.9256     30.739    32.5844    25.3940 0.0000e+00
 198.400023     32.000  33.839714     7.8453     5.9165     31.731    32.5911    25.4051 0.0000e+00
 198.400035     33.000  33.808441     7.7899     5.9089     32.722    32.6089    25.4270 0.0000e+00
 198.400046     34.000  33.756236     7.7220     5.9000     33.713    32.6161    25.4423 0.0000e+00
 198.400058     35.000  33.695948     7.6601     5.8727     34.705    32.6090    25.4455 0.0000e+00
 198.400070     36.000  33.652525     7.5992     5.8046     35.696    32.6190    25.4619 0.0000e+00
 198.400082     37.000  33.604273     7.5404     5.7341     36.688    32.6217    25.4723 0.0000e+00
 198.400094     38.000  33.575213     7.5083     5.6439     37.679    32.6201    25.4755 0.0000e+00
 198.400107     39.000  33.580116     7.4998     5.4532     38.671    32.6329    25.4868 0.0000e+00
 198.400121     40.000  33.596422     7.5071     5.1941     39.662    32.6431    25.4938 0.0000e+00
 198.400133     41.000  33.626852     7.5502     4.9890     40.654    32.6350    25.4814 0.0000e+00
 198.400145     42.000  33.715483     7.6196     4.8713     41.645    32.6647    25.4951 0.0000e+00
 198.400156     43.000  33.810564     7.6710     4.8102     42.637    32.7181    25.5297 0.0000e+00
 198.400171     44.000  33.886743     7.6859     4.7799     43.628    32.7854    25.5805 0.0000e+00
 198.400186     45.000  33.859889     7.6259     4.7882     44.619    32.8126    25.6104 0.0000e+00
 198.400202     46.000  33.792059     7.5260     4.8813     45.611    32.8334    25.6408 0.0000e+00
 198.400216     47.000  33.730689     7.4104     4.9273     46.602    32.8763    25.6906 0.0000e+00
 198.400232     48.000  33.634506     7.2594     4.8904     47.594    32.9150    25.7419 0.0000e+00
 198.400249     49.000  33.584322     7.1927     4.8283     48.585    32.9235    25.7578 0.0000e+00
 198.400267     50.000  33.615041     7.1864     4.7699     49.577    32.9625    25.7893 0.0000e+00
 198.400291     51.000  33.649974     7.1885     4.6837     50.568    32.9980    25.8170 0.0000e+00
 198.400310     52.000  33.662235     7.1831     4.5992     51.560    33.0160    25.8319 0.0000e+00
 198.400323     53.000  33.677745     7.1746     4.5409     52.551    33.0406    25.8524 0.0000e+00
 198.400337     54.000  33.714937     7.1628     4.4911     53.542    33.0919    25.8945 0.0000e+00
 198.400353     55.000  33.750556     7.1519     4.4437     54.534    33.1407    25.9344 0.0000e+00
 198.400370     56.000  33.776097     7.1454     4.4059     55.525    33.1743    25.9617 0.0000e+00
 198.400390     57.000  33.786321     7.1456     4.3353     56.517    33.1848    25.9699 0.0000e+00
 198.400405     58.000  33.790392     7.1404     4.2840     57.508    33.1938    25.9777 0.0000e+00
 198.400417     59.000  33.802243     7.1336     4.2564     58.499    33.2127    25.9936 0.0000e+00
 198.400427     60.000  33.819381     7.1309     4.2362     59.490    33.2335    26.0104 0.0000e+00
 198.400441     61.000  33.834577     7.1328     4.2144     60.482    33.2478    26.0213 0.0000e+00
 198.400464     62.000  33.838670     7.1350     4.1812     61.473    33.2497    26.0225 0.0000e+00
 198.400489     63.000  33.841215     7.1321     4.0980     62.465    33.2547    26.0269 0.0000e+00
 198.400507     64.000  33.844510     7.1286     3.9628     63.456    33.2612    26.0325 0.0000e+00
 198.400519     65.000  33.854475     7.1217     3.8489     64.447    33.2782    26.0469 0.0000e+00
 198.400529     66.000  33.867583     7.1149     3.7420     65.438    33.2986    26.0639 0.0000e+00
 198.400538     67.000  33.881364     7.1071     3.6403     66.430    33.3207    26.0823 0.0000e+00
 198.400548     68.000  33.896053     7.0978     3.5538     67.421    33.3453    26.1029 0.0000e+00
 198.400558     69.000  33.907149     7.0871     3.4816     68.413    33.3673    26.1218 0.0000e+00
 198.400567     70.000  33.917984     7.0719     3.4225     69.404    33.3933    26.1443 0.0000e+00
 198.400577     71.000  33.935902     7.0547     3.3765     70.395    33.4292    26.1749 0.0000e+00
 198.400585     72.000  33.946703     7.0429     3.3213     71.386    33.4520    26.1944 0.0000e+00
 198.400594     73.000  33.949996     7.0361     3.2510     72.378    33.4616    26.2030 0.0000e+00
 198.400603     74.000  33.951649     7.0300     3.1608     73.369    33.4689    26.2095 0.0000e+00
 198.400612     75.000  33.956385     7.0228     3.0714     74.360    33.4807    26.2198 0.0000e+00
 198.400622     76.000  33.967900     7.0119     2.9839     75.352    33.5033    26.2391 0.0000e+00
 198.400631     77.000  33.986049     7.0039     2.8960     76.343    33.5306    26.2617 0.0000e+00
 198.400640     78.000  34.008061     7.0009     2.7971     77.334    33.5570    26.2829 0.0000e+00
 198.400650     79.000  34.033653     6.9951     2.6836     78.326    33.5903    26.3100 0.0000e+00
 198.400659     80.000  34.056144     6.9821     2.5768     79.317    33.6271    26.3408 0.0000e+00
 198.400667     81.000  34.085883     6.9621     2.4858     80.308    33.6789    26.3843 0.0000e+00
 198.400676     82.000  34.130771     6.9386     2.4072     81.300    33.7506    26.4440 0.0000e+00
 198.400685     83.000  34.181817     6.9155     2.3370     82.291    33.8289    26.5088 0.0000e+00
 198.400694     84.000  34.211136     6.8983     2.2764     83.282    33.8777    26.5496 0.0000e+00
 198.400703     85.000  34.221666     6.8873     2.2261     84.273    33.8996    26.5683 0.0000e+00
 198.400712     86.000  34.225956     6.8803     2.1882     85.265    33.9107    26.5781 0.0000e+00
 198.400721     87.000  34.228186     6.8759     2.1534     86.255    33.9170    26.5836 0.0000e+00
 198.400730     88.000  34.229459     6.8731     2.1244     87.247    33.9207    26.5869 0.0000e+00
 198.400739     89.000  34.230407     6.8713     2.0976     88.238    33.9230    26.5890 0.0000e+00
 198.400748     90.000  34.231183     6.8710     2.0735     89.230    33.9236    26.5895 0.0000e+00
 198.400758     91.000  34.232381     6.8719     2.0510     90.221    33.9236    26.5894 0.0000e+00
 198.400768     92.000  34.235018     6.8730     2.0303     91.212    33.9249    26.5903 0.0000e+00
 198.400779     93.000  34.237496     6.8737     2.0080     92.203    33.9265    26.5915 0.0000e+00
 198.400790     94.000  34.239595     6.8746     1.9885     93.194    33.9274    26.5921 0.0000e+00
 198.400801     95.000  34.241044     6.8753     1.9711     94.186    33.9278    26.5923 0.0000e+00
 198.400811     96.000  34.242295     6.8757     1.9562     95.177    33.9283    26.5926 0.0000e+00
 198.400823     97.000  34.243215     6.8764     1.9408     96.168    33.9282    26.5925 0.0000e+00
 198.400837     98.000  34.243810     6.8772     1.9218     97.159    33.9275    26.5918 0.0000e+00
 198.400850     99.000  34.243855     6.8761     1.9020     98.150    33.9282    26.5925 0.0000e+00
 198.400862    100.000  34.242281     6.8766     1.8871     99.141    33.9255    26.5903 0.0000e+00
 198.400879    101.000  34.223583     6.8784     1.8711    100.133    33.9026    26.5721 0.0000e+00
