data/oxygen options/OCNMS/OCNMS2/raw_data/2008/CTD_CA100_071408faed.cnv
* Sea-Bird SBE19plus Data File:
* FileName = C:\2008_Mooring_Data\071408_sevice\CTD_CA100_071408.hex
* Software Version 1.59
* Temperature SN =  4671
* Conductivity SN =  4671
* System UpLoad Time = Jul 14 2008 14:08:36
* ds
* SeacatPlus V 1.6b  SERIAL NO. 4671    14 Jul 2008  14:08:11
# nquan = 9                                 
# nvalues = 1947                        
# units = specified
# name 0 = timeJ: Julian Days
# name 1 = prdM: Pressure, Strain Gauge [db]
# name 2 = c0mS/cm: Conductivity [mS/cm]
# name 3 = tv290C: Temperature [ITS-90, deg C]
# name 4 = sbeox0ML/L: Oxygen, SBE 43 [ml/l]
# name 5 = depSM: Depth [salt water, m], lat = 47.5
# name 6 = sal00: Salinity, Practical [PSU]
# name 7 = sigma-é00: Density [sigma-theta, kg/m^3]
# name 8 = flag: flag
# span 0 = 196.582280, 196.587911       
# span 1 =      0.012,     96.530       
# span 2 =   0.090097,  37.751270       
# span 3 =     6.7428,    12.4945       
# span 4 =     1.7477,     7.6715       
# span 5 =      0.012,     95.702       
# span 6 =     0.0575,    33.9474       
# span 7 =    -0.5036,    26.6236       
# span 8 = 0.0000e+00, 0.0000e+00       
# interval = seconds: 0.25
# start_time = Jul 14 2008 13:58:29 [Instrument's time stamp, header]
# bad_flag = -9.990e-29
*END*
[from data line 1441]
 196.586450     89.376  34.153473     6.7619     1.7495     88.611    33.9462    26.6220 0.0000e+00
 196.586453     89.167  34.153245     6.7618     1.7504     88.404    33.9461    26.6220 0.0000e+00
 196.586455     88.963  34.153067     6.7617     1.7491     88.202    33.9461    26.6220 0.0000e+00
 196.586458     88.757  34.152911     6.7618     1.7501     87.997    33.9460    26.6218 0.0000e+00
 196.586461     88.544  34.152858     6.7619     1.7531     87.786    33.9459    26.6218 0.0000e+00
 196.586464     88.323  34.152915     6.7618     1.7573     87.567    33.9462    26.6220 0.0000e+00
 196.586467     88.097  34.152949     6.7618     1.7604     87.343    33.9463    26.6221 0.0000e+00
 196.586470     87.868  34.152888     6.7617     1.7650     87.116    33.9465    26.6222 0.0000e+00
 196.586473     87.639  34.152734     6.7617     1.7692     86.889    33.9464    26.6222 0.0000e+00
 196.586476     87.412  34.152530     6.7616     1.7727     86.664    33.9464    26.6222 0.0000e+00
 196.586479     87.183  34.152330     6.7614     1.7761     86.437    33.9465    26.6223 0.0000e+00
 196.586481     86.948  34.152123     6.7613     1.7795     86.204    33.9465    26.6223 0.0000e+00
 196.586484     86.697  34.151875     6.7612     1.7820     85.955    33.9464    26.6222 0.0000e+00
 196.586487     86.426  34.151602     6.7610     1.7867     85.687    33.9465    26.6223 0.0000e+00
 196.586490     86.132  34.151314     6.7605     1.7887     85.395    33.9468    26.6226 0.0000e+00
 196.586493     85.820  34.150868     6.7598     1.7929     85.086    33.9471    26.6230 0.0000e+00
 196.586496     85.496  34.150059     6.7588     1.7984     84.765    33.9474    26.6233 0.0000e+00
 196.586499     85.172  34.148864     6.7576     1.8021     84.444    33.9474    26.6235 0.0000e+00
 196.586502     84.857  34.147334     6.7561     1.8059     84.131    33.9474    26.6236 0.0000e+00
 196.586505     84.559  34.145386     6.7545     1.8090     83.836    33.9470    26.6235 0.0000e+00
 196.586508     84.280  34.142930     6.7531     1.8121     83.560    33.9458    26.6228 0.0000e+00
 196.586510     84.019  34.140268     6.7519     1.8132     83.301    33.9441    26.6216 0.0000e+00
 196.586513     83.771  34.138034     6.7511     1.8171     83.055    33.9426    26.6205 0.0000e+00
 196.586516     83.528  34.136445     6.7503     1.8183     82.814    33.9417    26.6200 0.0000e+00
 196.586519     83.281  34.135259     6.7494     1.8204     82.569    33.9414    26.6199 0.0000e+00
 196.586522     83.025  34.134148     6.7483     1.8218     82.316    33.9414    26.6200 0.0000e+00
 196.586525     82.757  34.132721     6.7470     1.8246     82.050    33.9413    26.6200 0.0000e+00
 196.586528     82.478  34.130653     6.7457     1.8256     81.773    33.9404    26.6195 0.0000e+00
 196.586531     82.192  34.127967     6.7445     1.8280     81.490    33.9388    26.6184 0.0000e+00
 196.586534     81.906  34.125140     6.7436     1.8315     81.206    33.9367    26.6169 0.0000e+00
 196.586536     81.621  34.122656     6.7430     1.8333     80.924    33.9347    26.6154 0.0000e+00
 196.586539     81.341  34.120715     6.7428     1.8328     80.646    33.9329    26.6140 0.0000e+00
 196.586542     81.063  34.119375     6.7428     1.8385     80.371    33.9315    26.6129 0.0000e+00
 196.586545     80.787  34.118597     6.7431     1.8358     80.097    33.9305    26.6120 0.0000e+00
 196.586548     80.511  34.118214     6.7434     1.8392     79.823    33.9299    26.6115 0.0000e+00
 196.586551     80.233  34.117974     6.7438     1.8403     79.548    33.9294    26.6111 0.0000e+00
 196.586554     79.954  34.117704     6.7445     1.8431     79.271    33.9286    26.6103 0.0000e+00
 196.586557     79.677  34.117421     6.7454     1.8459     78.997    33.9275    26.6093 0.0000e+00
 196.586560     79.405  34.117263     6.7465     1.8465     78.727    33.9264    26.6083 0.0000e+00
 196.586563     79.142  34.117379     6.7479     1.8482     78.466    33.9252    26.6072 0.0000e+00
 196.586565     78.887  34.117823     6.7493     1.8513     78.214    33.9245    26.6064 0.0000e+00
 196.586568     78.642  34.118612     6.7507     1.8537     77.971    33.9241    26.6059 0.0000e+00
 196.586571     78.402  34.119634     6.7519     1.8535     77.733    33.9241    26.6058 0.0000e+00
 196.586574     78.163  34.120605     6.7530     1.8534     77.496    33.9242    26.6057 0.0000e+00
 196.586577     77.920  34.121377     6.7541     1.8571     77.255    33.9241    26.6055 0.0000e+00
 196.586580     77.668  34.121984     6.7553     1.8579     77.005    33.9237    26.6050 0.0000e+00
 196.586583     77.408  34.122505     6.7566     1.8589     76.748    33.9231    26.6044 0.0000e+00
 196.586586     77.142  34.123017     6.7578     1.8620     76.484    33.9226    26.6038 0.0000e+00
 196.586589     76.876  34.123438     6.7590     1.8628     76.220    33.9221    26.6032 0.0000e+00
 196.586591     76.617  34.123624     6.7601     1.8637     75.963    33.9213    26.6025 0.0000e+00
 196.586594     76.368  34.123627     6.7610     1.8643     75.717    33.9205    26.6017 0.0000e+00
 196.586597     76.130  34.123644     6.7619     1.8658     75.481    33.9198    26.6010 0.0000e+00
 196.586600     75.901  34.123807     6.7625     1.8653     75.254    33.9195    26.6007 0.0000e+00
 196.586603     75.676  34.124071     6.7630     1.8663     75.031    33.9194    26.6006 0.0000e+00
 196.586606     75.448  34.124316     6.7634     1.8679     74.805    33.9194    26.6005 0.0000e+00
 196.586609     75.211  34.124503     6.7638     1.8694     74.570    33.9193    26.6004 0.0000e+00
 196.586612     74.962  34.124657     6.7643     1.8699     74.323    33.9191    26.6001 0.0000e+00
 196.586615     74.701  34.124818     6.7648     1.8710     74.064    33.9189    26.5999 0.0000e+00
 196.586617     74.429  34.124988     6.7653     1.8712     73.795    33.9187    26.5997 0.0000e+00
 196.586620     74.149  34.125128     6.7658     1.8729     73.517    33.9185    26.5995 0.0000e+00
 196.586623     73.862  34.125215     6.7664     1.8732     73.232    33.9182    26.5991 0.0000e+00
 196.586626     73.570  34.125295     6.7671     1.8738     72.943    33.9177    26.5987 0.0000e+00
 196.586629     73.272  34.125446     6.7679     1.8759     72.648    33.9172    26.5982 0.0000e+00
 196.586632     72.967  34.125711     6.7688     1.8756     72.345    33.9168    26.5977 0.0000e+00
 196.586635     72.657  34.126120     6.7698     1.8773     72.038    33.9164    26.5973 0.0000e+00
 196.586638     72.344  34.126676     6.7708     1.8772     71.728    33.9162    26.5969 0.0000e+00
 196.586641     72.033  34.127310     6.7717     1.8766     71.419    33.9162    26.5968 0.0000e+00
 196.586644     71.727  34.127933     6.7725     1.8783     71.116    33.9162    26.5967 0.0000e+00
 196.586646     71.432  34.128478     6.7731     1.8785     70.824    33.9164    26.5968 0.0000e+00
 196.586649     71.153  34.128901     6.7737     1.8807     70.547    33.9164    26.5967 0.0000e+00
 196.586652     70.893  34.129212     6.7740     1.8792     70.289    33.9165    26.5968 0.0000e+00
 196.586655     70.652  34.129451     6.7741     1.8816     70.050    33.9168    26.5970 0.0000e+00
 196.586658     70.429  34.129570     6.7738     1.8816     69.829    33.9174    26.5974 0.0000e+00
 196.586661     70.219  34.129432     6.7735     1.8835     69.621    33.9176    26.5977 0.0000e+00
 196.586664     70.016  34.128917     6.7732     1.8838     69.420    33.9174    26.5976 0.0000e+00
 196.586667     69.816  34.128101     6.7729     1.8875     69.222    33.9169    26.5972 0.0000e+00
 196.586670     69.615  34.127281     6.7727     1.8905     69.022    33.9163    26.5968 0.0000e+00
 196.586672     69.410  34.126561     6.7725     1.8922     68.819    33.9158    26.5964 0.0000e+00
 196.586675     69.202  34.125745     6.7723     1.8934     68.613    33.9152    26.5960 0.0000e+00
 196.586678     68.993  34.124824     6.7723     1.8962     68.406    33.9143    26.5952 0.0000e+00
 196.586681     68.781  34.124025     6.7725     1.8975     68.196    33.9133    26.5944 0.0000e+00
 196.586684     68.563  34.123431     6.7728     1.9016     67.979    33.9125    26.5937 0.0000e+00
 196.586687     68.335  34.123008     6.7735     1.9054     67.753    33.9115    26.5928 0.0000e+00
 196.586690     68.090  34.122841     6.7746     1.9093     67.511    33.9103    26.5917 0.0000e+00
 196.586693     67.822  34.123000     6.7760     1.9139     67.245    33.9092    26.5907 0.0000e+00
 196.586696     67.529  34.123421     6.7779     1.9209     66.954    33.9080    26.5894 0.0000e+00
 196.586698     67.212  34.124061     6.7802     1.9303     66.640    33.9065    26.5880 0.0000e+00
 196.586701     66.875  34.124981     6.7828     1.9399     66.306    33.9052    26.5866 0.0000e+00
 196.586704     66.525  34.126256     6.7856     1.9483     65.959    33.9040    26.5853 0.0000e+00
 196.586707     66.171  34.127802     6.7887     1.9596     65.608    33.9028    26.5839 0.0000e+00
 196.586710     65.819  34.129521     6.7918     1.9691     65.259    33.9018    26.5827 0.0000e+00
 196.586713     65.474  34.131402     6.7947     1.9806     64.917    33.9012    26.5818 0.0000e+00
 196.586716     65.139  34.133284     6.7975     1.9875     64.585    33.9006    26.5810 0.0000e+00
 196.586719     64.812  34.134925     6.8001     1.9957     64.261    33.9000    26.5802 0.0000e+00
 196.586722     64.491  34.136165     6.8031     2.0054     63.943    33.8986    26.5787 0.0000e+00
 196.586725     64.174  34.136991     6.8073     2.0126     63.629    33.8955    26.5757 0.0000e+00
 196.586727     63.859  34.137687     6.8129     2.0245     63.316    33.8909    26.5713 0.0000e+00
 196.586730     63.547  34.138739     6.8199     2.0366     63.007    33.8853    26.5659 0.0000e+00
 196.586733     63.236  34.140448     6.8276     2.0490     62.699    33.8798    26.5605 0.0000e+00
 196.586736     62.930  34.142736     6.8356     2.0614     62.395    33.8745    26.5553 0.0000e+00
 196.586739     62.631  34.145361     6.8436     2.0748     62.099    33.8697    26.5504 0.0000e+00
 196.586742     62.340  34.147891     6.8516     2.0848     61.810    33.8647    26.5454 0.0000e+00
 196.586745     62.060  34.149805     6.8590     2.0947     61.533    33.8597    26.5404 0.0000e+00
 196.586748     61.793  34.150995     6.8656     2.1032     61.268    33.8546    26.5355 0.0000e+00
 196.586751     61.537  34.151522     6.8708     2.1108     61.014    33.8502    26.5313 0.0000e+00
 196.586753     61.290  34.151400     6.8749     2.1185     60.769    33.8461    26.5276 0.0000e+00
 196.586756     61.045  34.150791     6.8784     2.1271     60.527    33.8421    26.5239 0.0000e+00
 196.586759     60.797  34.149831     6.8826     2.1314     60.281    33.8370    26.5194 0.0000e+00
 196.586762     60.540  34.148433     6.8884     2.1383     60.026    33.8299    26.5130 0.0000e+00
 196.586765     60.271  34.146207     6.8959     2.1455     59.759    33.8202    26.5043 0.0000e+00
 196.586768     59.987  34.142472     6.9046     2.1525     59.478    33.8077    26.4933 0.0000e+00
 196.586771     59.688  34.136547     6.9139     2.1637     59.181    33.7922    26.4798 0.0000e+00
 196.586774     59.378  34.128115     6.9236     2.1799     58.874    33.7735    26.4638 0.0000e+00
 196.586777     59.062  34.117127     6.9331     2.1964     58.561    33.7523    26.4457 0.0000e+00
 196.586780     58.745  34.103096     6.9417     2.2130     58.246    33.7286    26.4259 0.0000e+00
 196.586782     58.436  34.085547     6.9486     2.2313     57.940    33.7027    26.4046 0.0000e+00
 196.586785     58.139  34.066667     6.9538     2.2530     57.646    33.6770    26.3836 0.0000e+00
 196.586788     57.859  34.050439     6.9575     2.2707     57.368    33.6557    26.3663 0.0000e+00
 196.586791     57.592  34.038625     6.9602     2.2834     57.103    33.6402    26.3538 0.0000e+00
 196.586794     57.331  34.030756     6.9622     2.2968     56.845    33.6298    26.3453 0.0000e+00
 196.586797     57.066  34.025777     6.9640     2.3101     56.582    33.6227    26.3394 0.0000e+00
 196.586800     56.783  34.022064     6.9658     2.3267     56.301    33.6170    26.3347 0.0000e+00
 196.586803     56.471  34.018477     6.9679     2.3429     55.992    33.6112    26.3298 0.0000e+00
 196.586806     56.122  34.015123     6.9706     2.3585     55.646    33.6050    26.3246 0.0000e+00
 196.586808     55.737  34.011915     6.9743     2.3820     55.264    33.5981    26.3186 0.0000e+00
 196.586811     55.324  34.007823     6.9789     2.4068     54.855    33.5893    26.3111 0.0000e+00
 196.586814     54.895  34.001671     6.9844     2.4346     54.430    33.5774    26.3010 0.0000e+00
 196.586817     54.461  33.993863     6.9909     2.4635     53.999    33.5627    26.2885 0.0000e+00
 196.586820     54.036  33.985916     6.9980     2.4957     53.578    33.5473    26.2754 0.0000e+00
 196.586823     53.632  33.978325     7.0042     2.5276     53.177    33.5331    26.2634 0.0000e+00
 196.586826     53.256  33.971080     7.0085     2.5535     52.805    33.5212    26.2534 0.0000e+00
 196.586829     52.914  33.964985     7.0111     2.5791     52.466    33.5121    26.2459 0.0000e+00
 196.586832     52.604  33.961451     7.0136     2.6050     52.158    33.5060    26.2407 0.0000e+00
 196.586834     52.321  33.960688     7.0177     2.6291     51.878    33.5013    26.2365 0.0000e+00
 196.586837     52.055  33.960777     7.0244     2.6518     51.614    33.4950    26.2306 0.0000e+00
 196.586840     51.797  33.959790     7.0337     2.6723     51.358    33.4850    26.2215 0.0000e+00
 196.586843     51.538  33.957229     7.0443     2.6956     51.101    33.4720    26.2098 0.0000e+00
 196.586846     51.271  33.953261     7.0556     2.7154     50.837    33.4568    26.1963 0.0000e+00
 196.586849     50.994  33.948549     7.0684     2.7354     50.562    33.4394    26.1808 0.0000e+00
 196.586852     50.708  33.943851     7.0825     2.7522     50.279    33.4207    26.1642 0.0000e+00
 196.586855     50.418  33.938530     7.0964     2.7685     49.991    33.4015    26.1472 0.0000e+00
 196.586858     50.129  33.931627     7.1085     2.7870     49.705    33.3824    26.1305 0.0000e+00
 196.586861     49.844  33.924039     7.1181     2.8009     49.422    33.3650    26.1154 0.0000e+00
 196.586863     49.563  33.917307     7.1253     2.8145     49.143    33.3508    26.1033 0.0000e+00
 196.586866     49.284  33.912205     7.1309     2.8282     48.867    33.3400    26.0940 0.0000e+00
 196.586869     48.999  33.908775     7.1354     2.8366     48.584    33.3320    26.0871 0.0000e+00
 196.586872     48.704  33.906360     7.1394     2.8442     48.292    33.3256    26.0815 0.0000e+00
 196.586875     48.392  33.904210     7.1436     2.8542     47.982    33.3194    26.0760 0.0000e+00
 196.586878     48.062  33.902151     7.1486     2.8578     47.655    33.3125    26.0699 0.0000e+00
 196.586881     47.717  33.900228     7.1546     2.8656     47.313    33.3048    26.0630 0.0000e+00
 196.586884     47.360  33.898226     7.1618     2.8728     46.959    33.2958    26.0550 0.0000e+00
 196.586887     46.999  33.896250     7.1701     2.8795     46.601    33.2858    26.0460 0.0000e+00
 196.586889     46.642  33.894808     7.1793     2.8830     46.248    33.2755    26.0366 0.0000e+00
 196.586892     46.296  33.894128     7.1882     2.8845     45.904    33.2664    26.0282 0.0000e+00
 196.586895     45.967  33.894345     7.1954     2.8842     45.578    33.2598    26.0220 0.0000e+00
 196.586898     45.657  33.895561     7.2006     2.8793     45.271    33.2563    26.0185 0.0000e+00
 196.586901     45.367  33.897172     7.2053     2.8758     44.983    33.2537    26.0158 0.0000e+00
 196.586904     45.094  33.898318     7.2112     2.8698     44.713    33.2494    26.0116 0.0000e+00
 196.586907     44.836  33.899202     7.2188     2.8632     44.457    33.2431    26.0057 0.0000e+00
