data/oxygen options/OCNMS/OCNMS2/raw_data/2008/CTD_CE100_071508faedb.cnv
* Sea-Bird SBE19plus Data File:
* FileName = C:\2008_Mooring_Data\071408_sevice\CTD_CE100_071508.hex
* Software Version 1.59
* Temperature SN =  4671
* Conductivity SN =  4671
* System UpLoad Time = Jul 15 2008 09:50:10
* ds
* SeacatPlus V 1.6b  SERIAL NO. 4671    15 Jul 2008  09:49:41
# nquan = 9
# nvalues = 102                         
# units = specified
# name 0 = timeJ: Julian Days
# name 1 = prdM: Pressure, Strain Gauge [db]
# name 2 = c0mS/cm: Conductivity [mS/cm]
# name 3 = tv290C: Temperature [ITS-90, deg C]
# name 4 = sbeox0ML/L: Oxygen, SBE 43 [ml/l]
# name 5 = depSM: Depth [salt water, m], lat = 47.5
# name 6 = sal00: Salinity, Practical [PSU]
# name 7 = sigma-é00: Density [sigma-theta, kg/m^3]
# name 8 = flag: flag
# span 0 = 197.404632, 197.407250       
# span 1 =      1.000,    102.000       
# span 2 =  25.036425,  36.809940       
# span 3 =     6.7574,    11.3540       
# span 4 =     1.5648,     6.5445       
# span 5 =      0.992,    101.123       
# span 6 =    21.4371,    33.9785       
# span 7 =    16.1932,    26.6463       
# span 8 = 0.0000e+00, 0.0000e+00       
# interval = decibars: 1                
# start_time = Jul 15 2008 09:40:10 [Instrument's time stamp, header]
# bad_flag = -9.990e-29
*END*
 197.404632      1.000  25.036425    11.3540     6.5445      0.992    21.4371    16.1932 0.0000e+00
 197.406206      2.000  36.809940    11.1376     6.2181      1.983    32.6516    24.9226 0.0000e+00
 197.406211      3.000  36.718279    11.1385     6.2177      2.975    32.5645    24.8550 0.0000e+00
 197.406225      4.000  36.713565    11.1294     6.2080      3.967    32.5675    24.8589 0.0000e+00
 197.406239      5.000  36.707354    11.1165     6.1462      4.958    32.5724    24.8651 0.0000e+00
 197.406251      6.000  36.688843    11.0741     6.0105      5.950    32.5912    24.8873 0.0000e+00
 197.406262      7.000  36.646181    11.0060     5.8725      6.941    32.6090    24.9132 0.0000e+00
 197.406273      8.000  36.586000    10.8972     5.6514      7.933    32.6458    24.9609 0.0000e+00
 197.406287      9.000  36.445733    10.6659     5.3642      8.925    32.7123    25.0531 0.0000e+00
 197.406302     10.000  36.207423    10.3264     5.0383      9.916    32.7785    25.1629 0.0000e+00
 197.406316     11.000  35.906947     9.8177     4.7903     10.908    32.9357    25.3708 0.0000e+00
 197.406327     12.000  35.519042     9.3965     4.6150     11.899    32.9241    25.4303 0.0000e+00
 197.406339     13.000  35.265514     9.0864     4.4485     12.891    32.9477    25.4980 0.0000e+00
 197.406351     14.000  35.043189     8.8449     4.2902     13.883    32.9397    25.5294 0.0000e+00
 197.406365     15.000  34.890454     8.6852     4.1353     14.874    32.9279    25.5447 0.0000e+00
 197.406377     16.000  34.784047     8.5508     4.0133     15.866    32.9410    25.5755 0.0000e+00
 197.406389     17.000  34.699328     8.4387     3.9128     16.857    32.9560    25.6042 0.0000e+00
 197.406401     18.000  34.634665     8.3468     3.8134     17.849    32.9734    25.6316 0.0000e+00
 197.406413     19.000  34.587984     8.2439     3.7498     18.841    33.0202    25.6836 0.0000e+00
 197.406424     20.000  34.531193     8.1089     3.7296     19.832    33.0866    25.7556 0.0000e+00
 197.406435     21.000  34.427266     7.8745     3.7296     20.824    33.1972    25.8767 0.0000e+00
 197.406447     22.000  34.197641     7.5743     3.7233     21.815    33.2364    25.9504 0.0000e+00
 197.406461     23.000  33.997221     7.3700     3.7090     22.807    33.2148    25.9622 0.0000e+00
 197.406474     24.000  33.924919     7.2853     3.6988     23.798    33.2171    25.9758 0.0000e+00
 197.406485     25.000  33.901381     7.2511     3.6985     24.790    33.2239    25.9859 0.0000e+00
 197.406496     26.000  33.892566     7.2292     3.6939     25.781    33.2350    25.9975 0.0000e+00
 197.406506     27.000  33.891879     7.2030     3.6872     26.773    33.2590    26.0201 0.0000e+00
 197.406516     28.000  33.900892     7.1666     3.6871     27.765    33.3034    26.0601 0.0000e+00
 197.406526     29.000  33.918345     7.1409     3.6845     28.756    33.3468    26.0977 0.0000e+00
 197.406535     30.000  33.929402     7.1285     3.6789     29.747    33.3703    26.1180 0.0000e+00
 197.406544     31.000  33.937286     7.1209     3.6734     30.739    33.3859    26.1312 0.0000e+00
 197.406553     32.000  33.944339     7.1153     3.6588     31.730    33.3984    26.1419 0.0000e+00
 197.406562     33.000  33.952984     7.1079     3.6325     32.722    33.4146    26.1557 0.0000e+00
 197.406571     34.000  33.971061     7.1008     3.6014     33.713    33.4408    26.1773 0.0000e+00
 197.406580     35.000  33.999264     7.0987     3.5601     34.705    33.4732    26.2030 0.0000e+00
 197.406589     36.000  34.035799     7.1032     3.5213     35.697    33.5082    26.2300 0.0000e+00
 197.406598     37.000  34.076339     7.1156     3.4876     36.688    33.5399    26.2533 0.0000e+00
 197.406608     38.000  34.110793     7.1332     3.4502     37.679    33.5600    26.2667 0.0000e+00
 197.406617     39.000  34.143896     7.1530     3.4136     38.671    33.5764    26.2769 0.0000e+00
 197.406627     40.000  34.174348     7.1681     3.3775     39.662    33.5945    26.2891 0.0000e+00
 197.406639     41.000  34.194111     7.1794     3.3316     40.654    33.6045    26.2955 0.0000e+00
 197.406652     42.000  34.215296     7.1908     3.2774     41.645    33.6161    26.3030 0.0000e+00
 197.406667     43.000  34.234153     7.2067     3.2248     42.637    33.6207    26.3045 0.0000e+00
 197.406678     44.000  34.263399     7.2226     3.1850     43.628    33.6367    26.3148 0.0000e+00
 197.406688     45.000  34.284280     7.2317     3.1596     44.620    33.6500    26.3241 0.0000e+00
 197.406698     46.000  34.298381     7.2398     3.1318     45.611    33.6570    26.3285 0.0000e+00
 197.406707     47.000  34.314294     7.2490     3.0953     46.602    33.6650    26.3335 0.0000e+00
 197.406718     48.000  34.329794     7.2602     3.0479     47.594    33.6704    26.3362 0.0000e+00
 197.406727     49.000  34.346550     7.2783     3.0001     48.585    33.6706    26.3338 0.0000e+00
 197.406736     50.000  34.373264     7.3046     2.9658     49.577    33.6735    26.3325 0.0000e+00
 197.406746     51.000  34.410821     7.3300     2.9149     50.568    33.6892    26.3413 0.0000e+00
 197.406755     52.000  34.441108     7.3476     2.8271     51.560    33.7045    26.3509 0.0000e+00
 197.406764     53.000  34.462796     7.3537     2.7460     52.551    33.7217    26.3636 0.0000e+00
 197.406773     54.000  34.470021     7.3472     2.6847     53.542    33.7353    26.3752 0.0000e+00
 197.406781     55.000  34.464182     7.3137     2.6386     54.534    33.7611    26.4002 0.0000e+00
 197.406790     56.000  34.433249     7.2519     2.6011     55.525    33.7874    26.4295 0.0000e+00
 197.406799     57.000  34.385076     7.2050     2.5630     56.516    33.7802    26.4304 0.0000e+00
 197.406808     58.000  34.360792     7.1854     2.5232     57.508    33.7724    26.4270 0.0000e+00
 197.406818     59.000  34.354288     7.1778     2.4838     58.499    33.7722    26.4279 0.0000e+00
 197.406827     60.000  34.350247     7.1670     2.4489     59.491    33.7779    26.4340 0.0000e+00
 197.406836     61.000  34.341775     7.1524     2.4115     60.482    33.7825    26.4395 0.0000e+00
 197.406844     62.000  34.332642     7.1394     2.3599     61.474    33.7847    26.4431 0.0000e+00
 197.406853     63.000  34.325812     7.1282     2.2973     62.465    33.7878    26.4471 0.0000e+00
 197.406862     64.000  34.318805     7.1150     2.2465     63.456    33.7925    26.4527 0.0000e+00
 197.406871     65.000  34.310706     7.0979     2.2155     64.447    33.7999    26.4608 0.0000e+00
 197.406880     66.000  34.302190     7.0728     2.1979     65.438    33.8147    26.4759 0.0000e+00
 197.406888     67.000  34.293623     7.0445     2.1781     66.430    33.8327    26.4940 0.0000e+00
 197.406897     68.000  34.294294     7.0293     2.1427     67.421    33.8478    26.5080 0.0000e+00
 197.406906     69.000  34.312827     7.0281     2.0822     68.413    33.8688    26.5247 0.0000e+00
 197.406916     70.000  34.339683     7.0323     2.0013     69.404    33.8937    26.5438 0.0000e+00
 197.406924     71.000  34.355431     7.0296     1.9250     70.396    33.9131    26.5594 0.0000e+00
 197.406934     72.000  34.352496     7.0154     1.8657     71.387    33.9234    26.5695 0.0000e+00
 197.406943     73.000  34.340614     6.9933     1.8169     72.378    33.9316    26.5790 0.0000e+00
 197.406953     74.000  34.321634     6.9701     1.7777     73.369    33.9331    26.5834 0.0000e+00
 197.406963     75.000  34.307368     6.9579     1.7510     74.361    33.9290    26.5818 0.0000e+00
 197.406973     76.000  34.303155     6.9512     1.7394     75.352    33.9305    26.5839 0.0000e+00
 197.406983     77.000  34.302216     6.9418     1.7438     76.343    33.9384    26.5914 0.0000e+00
 197.406993     78.000  34.298412     6.9293     1.7435     77.334    33.9460    26.5991 0.0000e+00
 197.407001     79.000  34.289474     6.9111     1.7459     78.326    33.9536    26.6076 0.0000e+00
 197.407011     80.000  34.275209     6.8940     1.7425     79.317    33.9543    26.6104 0.0000e+00
 197.407021     81.000  34.264589     6.8816     1.7416     80.308    33.9544    26.6122 0.0000e+00
 197.407031     82.000  34.257496     6.8721     1.7361     81.300    33.9555    26.6144 0.0000e+00
 197.407042     83.000  34.252655     6.8633     1.7304     82.291    33.9584    26.6179 0.0000e+00
 197.407052     84.000  34.247457     6.8527     1.7233     83.282    33.9627    26.6227 0.0000e+00
 197.407062     85.000  34.239515     6.8397     1.7159     84.273    33.9663    26.6273 0.0000e+00
 197.407073     86.000  34.231239     6.8299     1.7069     85.264    33.9663    26.6286 0.0000e+00
 197.407083     87.000  34.225744     6.8226     1.6944     86.256    33.9670    26.6302 0.0000e+00
 197.407094     88.000  34.221153     6.8150     1.6805     87.247    33.9689    26.6328 0.0000e+00
 197.407105     89.000  34.216208     6.8073     1.6635     88.238    33.9706    26.6351 0.0000e+00
 197.407115     90.000  34.210693     6.7973     1.6515     89.229    33.9739    26.6391 0.0000e+00
 197.407124     91.000  34.202362     6.7839     1.6410     90.221    33.9775    26.6438 0.0000e+00
 197.407134     92.000  34.192723     6.7717     1.6324     91.212    33.9785    26.6462 0.0000e+00
 197.407144     93.000  34.185210     6.7640     1.6245     92.203    33.9774    26.6463 0.0000e+00
 197.407155     94.000  34.181246     6.7605     1.6172     93.194    33.9760    26.6458 0.0000e+00
 197.407166     95.000  34.180046     6.7588     1.6090     94.185    33.9758    26.6458 0.0000e+00
 197.407178     96.000  34.179867     6.7588     1.6030     95.177    33.9751    26.6453 0.0000e+00
 197.407189     97.000  34.179913     6.7588     1.5960     96.168    33.9747    26.6450 0.0000e+00
 197.407199     98.000  34.180157     6.7580     1.5900     97.159    33.9753    26.6455 0.0000e+00
 197.407209     99.000  34.180227     6.7574     1.5831     98.150    33.9754    26.6457 0.0000e+00
 197.407219    100.000  34.180435     6.7575     1.5781     99.141    33.9750    26.6454 0.0000e+00
 197.407232    101.000  34.181046     6.7593     1.5708    100.133    33.9735    26.6440 0.0000e+00
 197.407250    102.000  34.180478     6.7632     1.5648    101.123    33.9685    26.6395 0.0000e+00
