data/oxygen options/OCNMS/OCNMS2/raw_data/2008/CTD_CA100_071408faed.cnv
* Sea-Bird SBE19plus Data File:
* FileName = C:\2008_Mooring_Data\071408_sevice\CTD_CA100_071408.hex
* Software Version 1.59
* Temperature SN =  4671
* Conductivity SN =  4671
* System UpLoad Time = Jul 14 2008 14:08:36
* ds
* SeacatPlus V 1.6b  SERIAL NO. 4671    14 Jul 2008  14:08:11
# nquan = 9                                 
# nvalues = 1947                        
# units = specified
# name 0 = timeJ: Julian Days
# name 1 = prdM: Pressure, Strain Gauge [db]
# name 2 = c0mS/cm: Conductivity [mS/cm]
# name 3 = tv290C: Temperature [ITS-90, deg C]
# name 4 = sbeox0ML/L: Oxygen, SBE 43 [ml/l]
# name 5 = depSM: Depth [salt water, m], lat = 47.5
# name 6 = sal00: Salinity, Practical [PSU]
# name 7 = sigma-é00: Density [sigma-theta, kg/m^3]
# name 8 = flag: flag
# span 0 = 196.582280, 196.587911       
# span 1 =      0.012,     96.530       
# span 2 =   0.090097,  37.751270       
# span 3 =     6.7428,    12.4945       
# span 4 =     1.7477,     7.6715       
# span 5 =      0.012,     95.702       
# span 6 =     0.0575,    33.9474       
# span 7 =    -0.5036,    26.6236       
# span 8 = 0.0000e+00, 0.0000e+00       
# interval = seconds: 0.25
# start_time = Jul 14 2008 13:58:29 [Instrument's time stamp, header]
# bad_flag = -9.990e-29
*END*
[from data line 641]
 196.584135      2.236  37.604828    12.3670     6.9833      2.217    32.3528    24.4649 -9.990e-29
 196.584138      2.263  37.605432    12.3688     6.9817      2.244    32.3518    24.4638 -9.990e-29
 196.584141      2.281  37.607254    12.3701     6.9840      2.262    32.3524    24.4640 -9.990e-29
 196.584144      2.286  37.609552    12.3706     6.9825      2.267    32.3542    24.4653 -9.990e-29
 196.584146      2.281  37.611189    12.3703     6.9853      2.262    32.3560    24.4668 -9.990e-29
 196.584149      2.268  37.611735    12.3695     6.9850      2.249    32.3573    24.4679 -9.990e-29
 196.584152      2.253  37.611316    12.3683     6.9832      2.234    32.3579    24.4686 -9.990e-29
 196.584155      2.240  37.610363    12.3667     6.9802      2.221    32.3584    24.4693 -9.990e-29
 196.584158      2.232  37.609236    12.3649     6.9775      2.213    32.3589    24.4700 -9.990e-29
 196.584161      2.230  37.607884    12.3629     6.9804      2.211    32.3593    24.4707 -9.990e-29
 196.584164      2.233  37.606220    12.3607     6.9815      2.214    32.3596    24.4714 -9.990e-29
 196.584167      2.237  37.604302    12.3585     6.9842      2.218    32.3596    24.4718 -9.990e-29
 196.584170      2.240  37.602284    12.3564     6.9844      2.221    32.3595    24.4721 -9.990e-29
 196.584172      2.238  37.600324    12.3546     6.9853      2.219    32.3592    24.4722 -9.990e-29
 196.584175      2.232  37.598313    12.3536     6.9851      2.213    32.3581    24.4716 -9.990e-29
 196.584178      2.224  37.596412    12.3531     6.9867      2.205    32.3568    24.4706 -9.990e-29
 196.584181      2.218  37.595315    12.3526     6.9854      2.199    32.3561    24.4702 -9.990e-29
 196.584184      2.219  37.595165    12.3517     6.9845      2.200    32.3568    24.4709 -9.990e-29
 196.584187      2.228  37.595214    12.3503     6.9848      2.209    32.3580    24.4721 -9.990e-29
 196.584190      2.240  37.594653    12.3488     6.9865      2.221    32.3588    24.4730 -9.990e-29
 196.584193      2.252  37.593266    12.3474     6.9845      2.233    32.3587    24.4732 -9.990e-29
 196.584196      2.259  37.591552    12.3466     6.9866      2.240    32.3577    24.4726 -9.990e-29
 196.584198      2.255  37.590122    12.3463     6.9864      2.236    32.3566    24.4718 -9.990e-29
 196.584201      2.242  37.589209    12.3467     6.9866      2.223    32.3554    24.4708 -9.990e-29
 196.584204      2.221  37.588917    12.3473     6.9855      2.202    32.3546    24.4700 -9.990e-29
 196.584207      2.198  37.589319    12.3480     6.9849      2.180    32.3544    24.4697 -9.990e-29
 196.584210      2.180  37.590170    12.3483     6.9846      2.162    32.3549    24.4701 -9.990e-29
 196.584213      2.173  37.591003    12.3481     6.9873      2.155    32.3559    24.4709 -9.990e-29
 196.584216      2.180  37.591447    12.3474     6.9847      2.162    32.3569    24.4718 -9.990e-29
 196.584219      2.198  37.591326    12.3461     6.9839      2.180    32.3579    24.4729 -9.990e-29
 196.584222      2.221  37.590673    12.3443     6.9819      2.202    32.3589    24.4739 -9.990e-29
 196.584225      2.242  37.589519    12.3424     6.9802      2.223    32.3594    24.4747 -9.990e-29
 196.584227      2.255  37.587787    12.3411     6.9801      2.236    32.3588    24.4745 -9.990e-29
 196.584230      2.259  37.585768    12.3408     6.9810      2.240    32.3572    24.4733 -9.990e-29
 196.584233      2.252  37.584223    12.3413     6.9839      2.233    32.3553    24.4717 -9.990e-29
 196.584236      2.238  37.583777    12.3424     6.9856      2.219    32.3539    24.4704 -9.990e-29
 196.584239      2.222  37.584409    12.3436     6.9832      2.203    32.3535    24.4699 -9.990e-29
 196.584242      2.207  37.585617    12.3449     6.9832      2.189    32.3535    24.4696 -9.990e-29
 196.584245      2.196  37.586942    12.3463     6.9827      2.178    32.3536    24.4694 -9.990e-29
 196.584248      2.191  37.588165    12.3478     6.9819      2.173    32.3534    24.4690 -9.990e-29
 196.584251      2.192  37.589316    12.3496     6.9826      2.174    32.3530    24.4684 -9.990e-29
 196.584253      2.201  37.590592    12.3515     6.9831      2.183    32.3526    24.4677 -9.990e-29
 196.584256      2.216  37.592127    12.3535     6.9839      2.197    32.3523    24.4671 -9.990e-29
 196.584259      2.236  37.593944    12.3549     6.9839      2.217    32.3528    24.4672 -9.990e-29
 196.584262      2.260  37.595981    12.3549     6.9855      2.241    32.3548    24.4687 -9.990e-29
 196.584265      2.283  37.597751    12.3531     6.9848      2.264    32.3580    24.4716 -9.990e-29
 196.584268      2.303  37.598234    12.3505     6.9833      2.284    32.3607    24.4742 -9.990e-29
 196.584271      2.314  37.596521    12.3485     6.9834      2.295    32.3608    24.4746 -9.990e-29
 196.584274      2.316  37.593102    12.3478     6.9839      2.297    32.3581    24.4727 -9.990e-29
 196.584277      2.305  37.590200    12.3486     6.9821      2.286    32.3547    24.4698 -9.990e-29
 196.584280      2.284  37.589366    12.3505     6.9816      2.265    32.3522    24.4676 -9.990e-29
 196.584282      2.256  37.590331    12.3529     6.9825      2.237    32.3511    24.4663 -9.990e-29
 196.584285      2.224  37.592444    12.3552     6.9804      2.205    32.3511    24.4659 -9.990e-29
 196.584288      2.194  37.595084    12.3573     6.9791      2.176    32.3519    24.4660 -9.990e-29
 196.584291      2.169  37.597563    12.3590     6.9803      2.151    32.3528    24.4664 -9.990e-29
 196.584294      2.152  37.599449    12.3607     6.9814      2.134    32.3531    24.4664 -9.990e-29
 196.584297      2.145  37.600833    12.3624     6.9817      2.127    32.3530    24.4659 -9.990e-29
 196.584300      2.148  37.602118    12.3644     6.9838      2.130    32.3525    24.4652 -9.990e-29
 196.584303      2.158  37.603565    12.3668     6.9815      2.140    32.3518    24.4642 -9.990e-29
 196.584306      2.175  37.605230    12.3695     6.9818      2.157    32.3511    24.4631 -9.990e-29
 196.584308      2.194  37.607298    12.3719     6.9816      2.176    32.3510    24.4626 -9.990e-29
 196.584311      2.214  37.609909    12.3737     6.9823      2.196    32.3519    24.4629 -9.990e-29
 196.584314      2.233  37.612524    12.3749     6.9851      2.214    32.3534    24.4639 -9.990e-29
 196.584317      2.249  37.614400    12.3754     6.9871      2.230    32.3547    24.4648 -9.990e-29
 196.584320      2.260  37.615376    12.3756     6.9892      2.241    32.3555    24.4654 -9.990e-29
 196.584323      2.267  37.615737    12.3754     6.9888      2.248    32.3560    24.4658 -9.990e-29
 196.584326      2.269  37.615785    12.3749     6.9886      2.250    32.3565    24.4663 -9.990e-29
 196.584329      2.266  37.615623    12.3741     6.9897      2.247    32.3570    24.4668 -9.990e-29
 196.584332      2.263  37.615208    12.3733     6.9891      2.244    32.3573    24.4672 -9.990e-29
 196.584334      2.262  37.614437    12.3727     6.9887      2.243    32.3571    24.4672 -9.990e-29
 196.584337      2.267  37.613435    12.3723     6.9888      2.248    32.3565    24.4668 -9.990e-29
 196.584340      2.279  37.612659    12.3722     6.9876      2.260    32.3558    24.4663 -9.990e-29
 196.584343      2.296  37.612369    12.3719     6.9884      2.277    32.3558    24.4663 -9.990e-29
 196.584346      2.314  37.612440    12.3710     6.9877      2.295    32.3566    24.4671 -9.990e-29
 196.584349      2.329  37.612479    12.3694     6.9861      2.310    32.3580    24.4685 -9.990e-29
 196.584352      2.335  37.611948    12.3672     6.9879      2.315    32.3594    24.4700 -9.990e-29
 196.584355      2.331  37.610481    12.3654     6.9900      2.312    32.3596    24.4705 -9.990e-29
 196.584358      2.315  37.608122    12.3646     6.9881      2.296    32.3580    24.4694 -9.990e-29
 196.584361      2.289  37.605658    12.3647     6.9881      2.270    32.3556    24.4675 -9.990e-29
 196.584363      2.258  37.604599    12.3650     6.9863      2.239    32.3543    24.4665 -9.990e-29
 196.584366      2.225  37.605264    12.3646     6.9859      2.206    32.3553    24.4673 -9.990e-29
 196.584369      2.196  37.606237    12.3627     6.9874      2.178    32.3579    24.4697 -9.990e-29
 196.584372      2.173  37.606420    12.3589     6.9858      2.155    32.3614    24.4731 -9.990e-29
 196.584375      2.156  37.605056    12.3538     6.9880      2.138    32.3645    24.4764 -9.990e-29
 196.584378      2.145  37.601580    12.3485     6.9905      2.127    32.3657    24.4784 -9.990e-29
 196.584381      2.139  37.596345    12.3436     6.9901      2.121    32.3649    24.4787 -9.990e-29
 196.584384      2.136  37.590690    12.3389     6.9918      2.118    32.3636    24.4786 -9.990e-29
 196.584387      2.137  37.586045    12.3340     6.9925      2.119    32.3633    24.4793 -9.990e-29
 196.584389      2.144  37.582220    12.3289     6.9928      2.126    32.3641    24.4809 -9.990e-29
 196.584392      2.159  37.578039    12.3243     6.9941      2.141    32.3640    24.4817 -9.990e-29
 196.584395      2.180  37.573180    12.3205     6.9951      2.162    32.3627    24.4814 -9.990e-29
 196.584398      2.205  37.568477    12.3177     6.9950      2.187    32.3606    24.4803 -9.990e-29
 196.584401      2.231  37.564882    12.3159     6.9962      2.212    32.3587    24.4791 -9.990e-29
 196.584404      2.256  37.562312    12.3143     6.9948      2.237    32.3576    24.4786 -9.990e-29
 196.584407      2.276  37.560771    12.3122     6.9927      2.257    32.3579    24.4792 -9.990e-29
 196.584410      2.290  37.560236    12.3098     6.9893      2.271    32.3594    24.4809 -9.990e-29
 196.584413      2.297  37.558877    12.3081     6.9896      2.278    32.3596    24.4813 -9.990e-29
 196.584416      2.299  37.556015    12.3078     6.9906      2.280    32.3571    24.4795 -9.990e-29
 196.584418      2.295  37.553691    12.3087     6.9920      2.276    32.3541    24.4770 -9.990e-29
 196.584421      2.286  37.553288    12.3103     6.9942      2.267    32.3523    24.4753 -9.990e-29
 196.584424      2.275  37.554539    12.3119     6.9970      2.256    32.3522    24.4749 -9.990e-29
 196.584427      2.260  37.556526    12.3130     6.9993      2.241    32.3531    24.4754 -9.990e-29
 196.584430      2.245  37.558340    12.3134     7.0010      2.226    32.3545    24.4764 -9.990e-29
 196.584433      2.232  37.559524    12.3131     7.0023      2.213    32.3559    24.4775 -9.990e-29
 196.584436      2.222  37.559920    12.3125     7.0013      2.203    32.3568    24.4784 -9.990e-29
 196.584439      2.219  37.559552    12.3118     7.0013      2.200    32.3571    24.4787 -9.990e-29
 196.584442      2.223  37.558709    12.3114     6.9996      2.204    32.3566    24.4784 -9.990e-29
 196.584444      2.233  37.557844    12.3116     6.9998      2.214    32.3556    24.4776 -9.990e-29
 196.584447      2.248  37.557273    12.3123     6.9996      2.229    32.3545    24.4766 -9.990e-29
 196.584450      2.263  37.557260    12.3133     6.9995      2.244    32.3536    24.4757 -9.990e-29
 196.584453      2.277  37.558031    12.3141     6.9982      2.258    32.3536    24.4756 -9.990e-29
 196.584456      2.287  37.559406    12.3146     6.9981      2.268    32.3545    24.4762 -9.990e-29
 196.584459      2.291  37.560537    12.3149     6.9973      2.272    32.3553    24.4767 -9.990e-29
 196.584462      2.289  37.560830    12.3153     6.9969      2.270    32.3553    24.4766 -9.990e-29
 196.584465      2.283  37.560889    12.3157     6.9967      2.264    32.3550    24.4763 -9.990e-29
 196.584468      2.275  37.561212    12.3161     6.9981      2.256    32.3549    24.4762 -9.990e-29
 196.584470      2.268  37.561562    12.3166     6.9976      2.249    32.3548    24.4760 -9.990e-29
 196.584473      2.263  37.561809    12.3173     6.9961      2.244    32.3545    24.4756 -9.990e-29
 196.584476      2.264  37.562041    12.3185     6.9949      2.245    32.3537    24.4748 -9.990e-29
 196.584479      2.270  37.562483    12.3202     6.9937      2.251    32.3526    24.4736 -9.990e-29
 196.584482      2.279  37.563436    12.3226     6.9935      2.260    32.3515    24.4723 -9.990e-29
 196.584485      2.289  37.564995    12.3258     6.9939      2.270    32.3502    24.4707 -9.990e-29
 196.584488      2.298  37.567123    12.3297     6.9931      2.279    32.3489    24.4689 -9.990e-29
 196.584491      2.305  37.570028    12.3338     6.9933      2.286    32.3481    24.4676 -9.990e-29
 196.584494      2.308  37.573821    12.3374     6.9956      2.289    32.3486    24.4673 -9.990e-29
 196.584497      2.309  37.577957    12.3401     6.9958      2.290    32.3503    24.4680 -9.990e-29
 196.584499      2.307  37.581606    12.3422     6.9965      2.288    32.3519    24.4689 -9.990e-29
 196.584502      2.305  37.584236    12.3441     6.9961      2.286    32.3528    24.4693 -9.990e-29
 196.584505      2.304  37.585812    12.3460     6.9993      2.285    32.3527    24.4688 -9.990e-29
 196.584508      2.308  37.587006    12.3478     6.9984      2.289    32.3523    24.4682 -9.990e-29
 196.584511      2.316  37.588617    12.3493     6.9957      2.297    32.3525    24.4681 -9.990e-29
 196.584514      2.326  37.590595    12.3496     6.9926      2.307    32.3542    24.4693 -9.990e-29
 196.584517      2.337  37.592326    12.3481     6.9905      2.317    32.3571    24.4718 -9.990e-29
 196.584520      2.343  37.593190    12.3449     6.9886      2.323    32.3607    24.4752 -9.990e-29
 196.584523      2.341  37.592221    12.3414     6.9889      2.321    32.3628    24.4775 -9.990e-29
 196.584525      2.330  37.588721    12.3394     6.9906      2.311    32.3612    24.4766 -9.990e-29
 196.584528      2.308  37.584071    12.3395     6.9919      2.289    32.3566    24.4731 -9.990e-29
 196.584531      2.278  37.581133    12.3410     6.9937      2.259    32.3525    24.4696 -9.990e-29
 196.584534      2.244  37.581357    12.3424     6.9928      2.225    32.3516    24.4686 -9.990e-29
 196.584537      2.212  37.583684    12.3432     6.9952      2.194    32.3531    24.4697 -9.990e-29
 196.584540      2.187  37.585904    12.3433     6.9950      2.169    32.3552    24.4712 -9.990e-29
 196.584543      2.173  37.586787    12.3428     6.9961      2.155    32.3564    24.4723 -9.990e-29
 196.584546      2.174  37.586593    12.3420     6.9959      2.156    32.3570    24.4729 -9.990e-29
 196.584549      2.187  37.585954    12.3409     6.9957      2.169    32.3573    24.4733 -9.990e-29
 196.584552      2.210  37.585189    12.3392     6.9976      2.192    32.3580    24.4742 -9.990e-29
 196.584554      2.237  37.584266    12.3368     6.9966      2.218    32.3592    24.4756 -9.990e-29
 196.584557      2.265  37.583002    12.3339     6.9960      2.246    32.3605    24.4771 -9.990e-29
 196.584560      2.288  37.580956    12.3312     6.9967      2.269    32.3608    24.4779 -9.990e-29
 196.584563      2.306  37.577964    12.3292     6.9964      2.287    32.3597    24.4774 -9.990e-29
 196.584566      2.318  37.574917    12.3281     6.9982      2.299    32.3577    24.4761 -9.990e-29
 196.584569      2.325  37.572802    12.3277     6.9976      2.306    32.3560    24.4748 -9.990e-29
 196.584572      2.329  37.571829    12.3276     6.9964      2.310    32.3552    24.4742 -9.990e-29
 196.584575      2.332  37.571759    12.3274     6.9935      2.313    32.3553    24.4743 -9.990e-29
 196.584578      2.333  37.572115    12.3269     6.9936      2.314    32.3560    24.4750 -9.990e-29
 196.584580      2.330  37.572213    12.3265     6.9946      2.311    32.3565    24.4754 -9.990e-29
 196.584583      2.321  37.571707    12.3265     6.9956      2.302    32.3560    24.4751 -9.990e-29
 196.584586      2.304  37.570973    12.3269     6.9959      2.285    32.3550    24.4742 -9.990e-29
 196.584589      2.279  37.570572    12.3278     6.9979      2.260    32.3538    24.4731 -9.990e-29
 196.584592      2.246  37.570829    12.3291     6.9970      2.227    32.3529    24.4722 -9.990e-29
