data/oxygen options/ONMS/Olympic_Coast_National_Marine_Sanctuary_CTD_Data_2005_2023/raw_data/2013/CAST_CA042_131010faed.cnv
* Sea-Bird SBE19 Data File:
* FileName = C:\2013 Mooring Data\Recovery\Casts\CAST_CA042_131010.hex
* Software Version 1.59
* Temperature SN = 2997
* Conductivity SN = 2997
* System UpLoad Time = Oct 11 2013 08:16:51
** CAST_CA042_131010
* ds
# nquan = 9                                 
# nvalues = 898                         
# units = specified
# name 0 = timeJ: Julian Days
# name 1 = prSM: Pressure, Strain Gauge [db]
# name 2 = c0mS/cm: Conductivity [mS/cm]
# name 3 = t090C: Temperature [ITS-90, deg C]
# name 4 = sbeox0ML/L: Oxygen, SBE 43 [ml/l]
# name 5 = depSM: Depth [salt water, m], lat = 47.5
# name 6 = sal00: Salinity, Practical [PSU]
# name 7 = sigma-é00: Density [sigma-theta, kg/m^3]
# name 8 = flag: flag
# span 0 = 283.661481, 283.666672       
# span 1 =     -5.535,     44.527       
# span 2 =   0.401661,  38.367070       
# span 3 =     9.9451,    14.9593       
# span 4 =    -1.7826,    10.6490       
# span 5 =     -5.489,     44.151       
# span 6 =     0.2470,    33.0272       
# span 7 =    -0.6778,    25.4048       
# span 8 = 0.0000e+00, 0.0000e+00       
# interval = seconds: 0.5
# start_time = Oct 10 2013 15:52:32 [Instrument's time stamp, header]
# bad_flag = -9.990e-29
*END*
[from data line 801]
 283.666117     44.527  36.131778    10.0042     3.6212     44.151    32.9793    25.3745 -9.990e-29
 283.666123     44.510  36.132722     9.9977     3.6434     44.134    32.9861    25.3809 -9.990e-29
 283.666128     44.475  36.131656     9.9873     3.6741     44.099    32.9946    25.3892 -9.990e-29
 283.666134     44.429  36.124881     9.9799     3.7335     44.053    32.9945    25.3904 -9.990e-29
 283.666140     44.369  36.116769     9.9786     3.6888     43.994    32.9875    25.3851 -9.990e-29
 283.666146     44.286  36.114951     9.9809     3.6612     43.912    32.9835    25.3817 -9.990e-29
 283.666152     44.180  36.115842     9.9837     3.6288     43.807    32.9819    25.3800 -9.990e-29
 283.666157     44.048  36.116111     9.9859     3.6164     43.676    32.9803    25.3783 0.0000e+00
 283.666163     43.881  36.117199     9.9867     3.6378     43.510    32.9807    25.3785 0.0000e+00
 283.666169     43.670  36.119397     9.9858     3.6423     43.301    32.9839    25.3811 0.0000e+00
 283.666175     43.405  36.123919     9.9818     3.6343     43.038    32.9922    25.3883 0.0000e+00
 283.666181     43.086  36.128352     9.9741     3.6230     42.722    33.0039    25.3987 0.0000e+00
 283.666186     42.720  36.127366     9.9668     3.6077     42.359    33.0097    25.4044 0.0000e+00
 283.666192     42.307  36.122409     9.9621     3.5798     41.950    33.0092    25.4048 0.0000e+00
 283.666198     41.856  36.118039     9.9590     3.5897     41.502    33.0078    25.4042 0.0000e+00
 283.666204     41.382  36.114554     9.9567     3.6401     41.033    33.0065    25.4036 0.0000e+00
 283.666209     40.892  36.111192     9.9557     3.7464     40.547    33.0042    25.4020 0.0000e+00
 283.666215     40.390  36.107918     9.9584     3.9079     40.049    32.9987    25.3972 0.0000e+00
 283.666221     39.879  36.105933     9.9713     4.0822     39.542    32.9851    25.3844 0.0000e+00
 283.666227     39.359  36.108715    10.0118     4.2428     39.027    32.9512    25.3512 0.0000e+00
 283.666233     38.832  36.124419    10.1285     4.3656     38.504    32.8612    25.2614 0.0000e+00
 283.666238     38.295  36.174510    10.3778     4.4706     37.972    32.6867    25.0832 0.0000e+00
 283.666244     37.743  36.288762    10.7282     4.5337     37.425    32.4880    24.8682 0.0000e+00
 283.666250     37.185  36.464302    11.0692     4.5992     36.871    32.3606    24.7094 0.0000e+00
 283.666256     36.631  36.665154    11.3318     4.6470     36.322    32.3279    24.6372 0.0000e+00
 283.666262     36.085  36.865573    11.5096     4.6777     35.781    32.3686    24.6369 0.0000e+00
 283.666267     35.542  37.034178    11.6199     4.7470     35.242    32.4369    24.6699 0.0000e+00
 283.666273     34.994  37.138604    11.7083     4.8259     34.699    32.4615    24.6728 0.0000e+00
 283.666279     34.435  37.193127    11.8259     4.9322     34.145    32.4120    24.6128 0.0000e+00
 283.666285     33.860  37.246885    11.9657     5.0908     33.575    32.3427    24.5331 0.0000e+00
 283.666291     33.263  37.321094    12.0854     5.1913     32.983    32.3109    24.4861 0.0000e+00
 283.666296     32.648  37.393092    12.1787     5.2554     32.373    32.2998    24.4600 0.0000e+00
 283.666302     32.023  37.455205    12.2774     5.3058     31.753    32.2746    24.4219 0.0000e+00
 283.666308     31.392  37.526356    12.4172     5.3764     31.128    32.2227    24.3553 0.0000e+00
 283.666314     30.756  37.612291    12.5880     5.6259     30.497    32.1587    24.2731 0.0000e+00
 283.666319     30.115  37.697002    12.7316     5.7741     29.861    32.1170    24.2132 0.0000e+00
 283.666325     29.471  37.761178    12.8088     5.6495     29.223    32.1124    24.1947 0.0000e+00
 283.666331     28.837  37.801287    12.8369     5.7777     28.594    32.1267    24.2003 0.0000e+00
 283.666337     28.229  37.834935    12.8635     6.0837     27.991    32.1361    24.2025 0.0000e+00
 283.666343     27.652  37.891270    12.9202     5.9420     27.419    32.1414    24.1955 0.0000e+00
 283.666348     27.095  37.956828    12.9964     5.9302     26.867    32.1388    24.1786 0.0000e+00
 283.666354     26.535  37.987289    13.0791     5.9473     26.312    32.0977    24.1306 0.0000e+00
 283.666360     25.948  37.995780    13.1776     5.7643     25.730    32.0227    24.0532 0.0000e+00
 283.666366     25.329  38.018817    13.2847     5.7495     25.116    31.9544    23.9793 0.0000e+00
 283.666372     24.684  38.060585    13.3712     5.7220     24.477    31.9212    23.9364 0.0000e+00
 283.666377     24.029  38.110674    13.4182     5.7022     23.827    31.9288    23.9330 0.0000e+00
 283.666383     23.381  38.156679    13.4356     5.7679     23.185    31.9574    23.9516 0.0000e+00
 283.666389     22.751  38.192114    13.4458     5.7523     22.560    31.9821    23.9687 0.0000e+00
 283.666395     22.141  38.217518    13.4619     5.7076     21.955    31.9926    23.9735 0.0000e+00
 283.666400     21.551  38.234263    13.4853     5.6594     21.370    31.9888    23.9659 0.0000e+00
 283.666406     20.970  38.242259    13.5266     5.7017     20.794    31.9619    23.9368 0.0000e+00
 283.666412     20.381  38.242086    13.6076     5.7120     20.210    31.8943    23.8683 0.0000e+00
 283.666418     19.779  38.240804    13.7086     5.6703     19.613    31.8093    23.7823 0.0000e+00
 283.666424     19.162  38.237831    13.7795     5.6111     19.001    31.7480    23.7207 0.0000e+00
 283.666429     18.542  38.224176    13.8086     5.5630     18.386    31.7116    23.6866 0.0000e+00
 283.666435     17.933  38.207439    13.8161     5.5519     17.783    31.6902    23.6685 0.0000e+00
 283.666441     17.333  38.197266    13.8176     5.5766     17.188    31.6798    23.6602 0.0000e+00
 283.666447     16.744  38.181780    13.8220     5.6022     16.604    31.6621    23.6456 0.0000e+00
 283.666453     16.165  38.148181    13.8326     5.6375     16.029    31.6225    23.6129 0.0000e+00
 283.666458     15.595  38.111074    13.8457     5.6883     15.464    31.5777    23.5757 0.0000e+00
 283.666464     15.032  38.084312    13.8579     5.7771     14.906    31.5433    23.5466 0.0000e+00
 283.666470     14.470  38.052954    13.8731     5.8209     14.349    31.5021    23.5117 0.0000e+00
 283.666476     13.898  38.000970    13.8998     5.8375     13.782    31.4326    23.4526 0.0000e+00
 283.666481     13.310  37.933025    13.9358     5.8600     13.198    31.3409    23.3745 0.0000e+00
 283.666487     12.708  37.868365    13.9682     5.8805     12.602    31.2554    23.3019 0.0000e+00
 283.666493     12.097  37.821095    13.9929     5.9019     11.996    31.1922    23.2481 0.0000e+00
 283.666499     11.483  37.784237    14.0142     5.9178     11.387    31.1413    23.2046 0.0000e+00
 283.666505     10.876  37.750123    14.0342     5.9182     10.785    31.0941    23.1641 0.0000e+00
 283.666510     10.279  37.725950    14.0507     5.9144     10.193    31.0589    23.1335 0.0000e+00
 283.666516      9.702  37.715359    14.0607     5.9321      9.621    31.0414    23.1179 0.0000e+00
 283.666522      9.155  37.710400    14.0644     5.9464      9.078    31.0341    23.1115 0.0000e+00
 283.666528      8.641  37.705029    14.0649     5.9710      8.569    31.0289    23.1074 0.0000e+00
 283.666534      8.159  37.700494    14.0660     5.9963      8.091    31.0241    23.1035 0.0000e+00
 283.666539      7.704  37.698594    14.0705     6.0069      7.640    31.0189    23.0985 0.0000e+00
 283.666545      7.267  37.697359    14.0771     6.0134      7.206    31.0126    23.0923 0.0000e+00
 283.666551      6.838  37.691781    14.0862     6.0130      6.781    31.0003    23.0810 0.0000e+00
 283.666557      6.406  37.678907    14.1005     6.0206      6.352    30.9772    23.0603 0.0000e+00
 283.666563      5.967  37.659508    14.1156     6.0502      5.917    30.9475    23.0343 0.0000e+00
 283.666568      5.522  37.641342    14.1237     6.0846      5.476    30.9246    23.0149 0.0000e+00
 283.666574      5.077  37.632133    14.1258     6.1081      5.035    30.9147    23.0068 0.0000e+00
 283.666580      4.637  37.629135    14.1278     6.1278      4.598    30.9105    23.0032 0.0000e+00
 283.666586      4.210  37.626115    14.1323     6.1318      4.175    30.9043    22.9974 0.0000e+00
 283.666591      3.802  37.622970    14.1389     6.1354      3.770    30.8963    22.9899 0.0000e+00
 283.666597      3.422  37.623913    14.1503     6.1412      3.393    30.8882    22.9813 0.0000e+00
 283.666603      3.074  37.629646    14.1686     6.1120      3.048    30.8789    22.9704 0.0000e+00
 283.666609      2.760  37.636608    14.1869     6.0331      2.737    30.8707    22.9604 0.0000e+00
 283.666615      2.475  37.641198    14.1983     5.9232      2.454    30.8659    22.9543 0.0000e+00
 283.666620      2.215  37.642816    14.2046 -9.990e-29      2.197    30.8624    22.9503 0.0000e+00
 283.666626      1.971  37.643064    14.2124 -9.990e-29      1.955    30.8565    22.9442 0.0000e+00
 283.666632      1.742  37.643957    14.2314 -9.990e-29      1.727    30.8422    22.9293 0.0000e+00
 283.666638      1.528  37.651727    14.2609 -9.990e-29      1.515    30.8259    22.9106 0.0000e+00
 283.666644      1.335  37.664410    14.2838 -9.990e-29      1.324    30.8192    22.9008 0.0000e+00
 283.666649      1.167  37.674264    14.2881 -9.990e-29      1.157    30.8248    22.9042 0.0000e+00
 283.666655      1.030  37.679868    14.2768 -9.990e-29      1.021    30.8390    22.9174 -9.990e-29
 283.666661      0.928  37.673568    14.2576 -9.990e-29      0.920    30.8486    22.9288 -9.990e-29
 283.666667      0.863  37.657053    14.2470 -9.990e-29      0.856    30.8420    22.9259 -9.990e-29
 283.666672      0.841  37.643604 -9.990e-29 -9.990e-29      0.834 -9.990e-29 -9.990e-29 -9.990e-29
