data/oxygen options/ONMS/Olympic_Coast_National_Marine_Sanctuary_CTD_Data_2005_2023/raw_data/2013/CAST_TH015_130831faed.cnv
* Sea-Bird SBE19 Data File:
* FileName = C:\2013 Mooring Data\2nd Service\Casts\CAST_TH15_130831.hex
* Software Version 1.59
* Temperature SN = 2997
* Conductivity SN = 2997
* System UpLoad Time = Aug 31 2013 13:45:08
** CAST_TH15_130831
* ds
# nquan = 9                                 
# nvalues = 811                         
# units = specified
# name 0 = timeJ: Julian Days
# name 1 = prSM: Pressure, Strain Gauge [db]
# name 2 = c0mS/cm: Conductivity [mS/cm]
# name 3 = t090C: Temperature [ITS-90, deg C]
# name 4 = sbeox0ML/L: Oxygen, SBE 43 [ml/l]
# name 5 = depSM: Depth [salt water, m], lat = 47.5
# name 6 = sal00: Salinity, Practical [PSU]
# name 7 = sigma-é00: Density [sigma-theta, kg/m^3]
# name 8 = flag: flag
# span 0 = 243.558958, 243.563646       
# span 1 =     -6.299,     15.062       
# span 2 =   0.278041,  39.395182       
# span 3 =    15.0757,    17.6482       
# span 4 =    -1.7196,    10.5441       
# span 5 =     -6.247,     14.936       
# span 6 =     0.1564,    31.6614       
# span 7 =    -1.2181,    23.3803       
# span 8 = 0.0000e+00, 0.0000e+00       
# interval = seconds: 0.5
# start_time = Aug 31 2013 13:24:54 [Instrument's time stamp, header]
# bad_flag = -9.990e-29
*END*
[from data line 321]
 243.560816     -1.556   0.299732    17.2022    -1.6953     -1.543     0.1702    -1.1280 -9.990e-29
 243.560822     -1.551   0.300203    17.1993    -1.6953     -1.538     0.1705    -1.1272 -9.990e-29
 243.560828     -1.546   0.300942    17.1987    -1.6955     -1.533     0.1709    -1.1268 -9.990e-29
 243.560833     -1.536   0.301827    17.2005    -1.6955     -1.523     0.1714    -1.1267 -9.990e-29
 243.560839     -1.526   0.302929    17.2041    -1.6956     -1.513     0.1720    -1.1269 -9.990e-29
 243.560845     -1.519   0.304057    17.2087    -1.6957     -1.506     0.1727    -1.1272 -9.990e-29
 243.560851     -1.514   0.305056    17.2137    -1.6958     -1.501     0.1732    -1.1277 -9.990e-29
 243.560856     -1.511   0.306149    17.2189    -1.6959     -1.498     0.1738    -1.1281 -9.990e-29
 243.560862     -1.511   0.307132    17.2229    -1.6960     -1.498     0.1744    -1.1284 -9.990e-29
 243.560868     -1.512   0.307657    17.2237    -1.6960     -1.499     0.1747    -1.1283 -9.990e-29
 243.560874     -1.514   0.307870    17.2215    -1.6961     -1.501     0.1748    -1.1278 -9.990e-29
 243.560880     -1.515   0.308055    17.2180    -1.6961     -1.502     0.1749    -1.1271 -9.990e-29
 243.560885     -1.509   0.308459    17.2145    -1.6963     -1.496     0.1752    -1.1263 -9.990e-29
 243.560891     -1.501   0.309066    17.2108    -1.6962     -1.488     0.1755    -1.1254 -9.990e-29
 243.560897     -1.494   0.309580    17.2068    -1.6963     -1.482     0.1759    -1.1244 -9.990e-29
 243.560903     -1.488   0.310132    17.2031    -1.6963     -1.476     0.1762    -1.1235 -9.990e-29
 243.560909     -1.483   0.310905    17.1998    -1.6963     -1.471     0.1766    -1.1226 -9.990e-29
 243.560914     -1.477   0.311822    17.1967    -1.6963     -1.465     0.1772    -1.1216 -9.990e-29
 243.560920     -1.472   0.312997    17.1938    -1.6960     -1.460     0.1779    -1.1206 -9.990e-29
 243.560926     -1.466   0.314336    17.1913    -1.6957     -1.454     0.1787    -1.1195 -9.990e-29
 243.560932     -1.458   0.315412    17.1890    -1.6955     -1.446     0.1793    -1.1186 -9.990e-29
 243.560937     -1.450   0.315997    17.1867    -1.6953     -1.438     0.1796    -1.1180 -9.990e-29
 243.560943     -1.443   0.316318    17.1848    -1.6951     -1.431     0.1798    -1.1175 -9.990e-29
 243.560949     -1.443   0.316803    17.1834    -1.6948     -1.431     0.1801    -1.1170 -9.990e-29
 243.560955     -1.445   0.317546    17.1828    -1.6947     -1.433     0.1805    -1.1166 -9.990e-29
 243.560961     -1.444   0.318429    17.1839    -1.6946     -1.432     0.1810    -1.1164 -9.990e-29
 243.560966     -1.441   0.319523    17.1876    -1.6945     -1.429     0.1817    -1.1166 -9.990e-29
 243.560972     -1.440   0.320626    17.1946    -1.6944     -1.428     0.1823    -1.1173 -9.990e-29
 243.560978     -1.445   0.321547    17.2035    -1.6944     -1.433     0.1828    -1.1185 -9.990e-29
 243.560984     -1.452   0.322408    17.2125    -1.6945     -1.440     0.1832    -1.1198 -9.990e-29
 243.560990     -1.457   0.323248    17.2212    -1.6945     -1.445     0.1837    -1.1209 -9.990e-29
 243.560995     -1.460   0.324082    17.2299    -1.6943     -1.448     0.1841    -1.1221 -9.990e-29
 243.561001     -1.462   0.324913    17.2378    -1.6942     -1.450     0.1845    -1.1232 -9.990e-29
 243.561007     -1.463   0.325745    17.2438    -1.6943     -1.451     0.1850    -1.1239 -9.990e-29
 243.561013     -1.463   0.326577    17.2483    -1.6943     -1.451     0.1855    -1.1244 -9.990e-29
 243.561019     -1.462   0.327412    17.2521    -1.6943     -1.450     0.1859    -1.1247 -9.990e-29
 243.561024     -1.459   0.328258    17.2545    -1.6944     -1.447     0.1864    -1.1247 -9.990e-29
 243.561030     -1.455   0.329134    17.2549    -1.6948     -1.443     0.1869    -1.1244 -9.990e-29
 243.561036     -1.450   0.330101    17.2546    -1.6952     -1.438     0.1875    -1.1239 -9.990e-29
 243.561042     -1.442   0.331342    17.2554    -1.6953     -1.430     0.1882    -1.1235 -9.990e-29
 243.561047     -1.436   0.332851    17.2574    -1.6954     -1.424     0.1890    -1.1232 -9.990e-29
 243.561053     -1.436   0.334425    17.2591    -1.6955     -1.424     0.1899    -1.1228 -9.990e-29
 243.561059     -1.437   0.335948    17.2589    -1.6958     -1.425     0.1908    -1.1221 -9.990e-29
 243.561065     -1.435   0.337238    17.2571    -1.6959     -1.423     0.1916    -1.1212 -9.990e-29
 243.561071     -1.431   0.338167    17.2540    -1.6962     -1.419     0.1921    -1.1202 -9.990e-29
 243.561076     -1.423   0.338869    17.2478    -1.6965     -1.411     0.1926    -1.1188 -9.990e-29
 243.561082     -1.416   0.339540    17.2377    -1.6966     -1.404     0.1930    -1.1167 -9.990e-29
 243.561088     -1.414   0.340522    17.2273    -1.6965     -1.402     0.1936    -1.1144 -9.990e-29
 243.561094     -1.411   0.341834    17.2197    -1.6965     -1.399     0.1944    -1.1124 -9.990e-29
 243.561100     -1.404   0.343010    17.2137    -1.6968     -1.392     0.1951    -1.1108 -9.990e-29
 243.561105     -1.397   0.343959    17.2067    -1.6971     -1.385     0.1957    -1.1091 -9.990e-29
 243.561111     -1.393   0.344838    17.1982    -1.6972     -1.381     0.1962    -1.1072 -9.990e-29
 243.561117     -1.391   0.345711    17.1889    -1.6976     -1.379     0.1968    -1.1052 -9.990e-29
 243.561123     -1.393   0.346636    17.1792    -1.6977     -1.381     0.1973    -1.1030 -9.990e-29
 243.561128     -1.393   0.347739    17.1709    -1.6979     -1.381     0.1980    -1.1010 -9.990e-29
 243.561134     -1.388   0.348830    17.1661    -1.6985     -1.376     0.1987    -1.0997 -9.990e-29
 243.561140     -1.381   0.349704    17.1637    -1.6992     -1.369     0.1992    -1.0988 -9.990e-29
 243.561146     -1.376   0.350420    17.1604    -1.7001     -1.365     0.1996    -1.0979 -9.990e-29
 243.561152     -1.369   0.350826    17.1539    -1.7012     -1.358     0.1999    -1.0966 -9.990e-29
 243.561157     -1.359   0.350909    17.1451    -1.7019     -1.348     0.2000    -1.0950 -9.990e-29
 243.561163     -1.350   0.350779    17.1361    -1.7023     -1.339     0.1999    -1.0934 -9.990e-29
 243.561169     -1.337   0.350265    17.1273    -1.7025     -1.326     0.1997    -1.0921 -9.990e-29
 243.561175     -1.319   0.349235    17.1177    -1.7026     -1.308     0.1991    -1.0908 -9.990e-29
 243.561181     -1.303   0.347977    17.1037    -1.7029     -1.292     0.1985    -1.0889 -9.990e-29
 243.561186     -1.293   0.347027    17.0823    -1.7032     -1.282     0.1980    -1.0855 -9.990e-29
 243.561192     -1.289   0.346780    17.0548    -1.7034     -1.278     0.1980    -1.0807 -9.990e-29
 243.561198     -1.285   0.346909    17.0229    -1.7032     -1.274     0.1982    -1.0749 -9.990e-29
 243.561204     -1.277   0.346477    16.9903    -1.7031     -1.266     0.1981    -1.0693 -9.990e-29
 243.561209     -1.270   0.345463    16.9635    -1.7030     -1.259     0.1976    -1.0650 -9.990e-29
 243.561215     -1.266   0.344728    16.9451    -1.7031     -1.255     0.1973    -1.0621 -9.990e-29
 243.561221     -1.265   0.344399    16.9330    -1.7028     -1.254     0.1972    -1.0601 -9.990e-29
 243.561227     -1.268   0.344041    16.9230    -1.7028     -1.257     0.1970    -1.0585 -9.990e-29
 243.561233     -1.275   0.343730    16.9124    -1.7030     -1.264     0.1969    -1.0567 -9.990e-29
 243.561238     -1.281   0.344156    16.9026    -1.7029     -1.270     0.1972    -1.0548 -9.990e-29
 243.561244     -1.279   0.346443    16.8957    -1.7027     -1.268     0.1985    -1.0526 -9.990e-29
 243.561250     -1.269   0.353640    16.8925    -1.5660     -1.258     0.2027    -1.0488 -9.990e-29
 243.561256     -1.258   0.368698    16.8916    -1.4446     -1.248     0.2115    -1.0418 -9.990e-29
 243.561262     -1.249   0.388445    16.8909    -1.4285     -1.239     0.2231    -1.0328 -9.990e-29
 243.561267     -1.239   0.407654    16.8905    -1.4307     -1.229     0.2344    -1.0240 -9.990e-29
 243.561273     -1.222   0.428684    16.8904    -1.4316     -1.212     0.2467    -1.0145 -9.990e-29
 243.561279     -1.198   0.464075    16.8877    -1.4345     -1.188     0.2676    -0.9979 -9.990e-29
 243.561285     -1.164   0.546067    16.8819    -1.4371     -1.154     0.3164    -0.9593 -9.990e-29
 243.561291     -1.122   0.766820    16.8731    -1.4376     -1.113     0.4495    -0.8553 -9.990e-29
 243.561296     -1.075   1.400187    16.8508    -1.4379     -1.066     0.8424    -0.5493 -9.990e-29
 243.561302     -1.020   3.269618    16.7813    -1.4386     -1.011     2.0619     0.3984 -9.990e-29
 243.561308     -0.952   8.849971    16.6410    -1.4389     -0.944     5.9881     3.4255 -9.990e-29
 243.561314     -0.868  19.169112    16.4741    -1.4380     -0.861    13.8760     9.4748 -9.990e-29
 243.561319     -0.762  29.597065    16.3387    -1.4366     -0.756    22.4040    16.0142 -9.990e-29
 243.561325     -0.632  35.591299    16.2185    -1.4350     -0.627    27.5510    19.9795 -9.990e-29
 243.561331     -0.482  37.842485    16.0775    -1.4335     -0.478    29.5967    21.5790 -9.990e-29
 243.561337     -0.320  38.567985    15.9320    -1.4312     -0.317    30.3393    22.1809 -9.990e-29
 243.561343     -0.157  38.810807    15.8217    -1.4299     -0.156    30.6370    22.4338 -9.990e-29
 243.561348     -0.008  38.927792    15.7662    -1.4295     -0.008    30.7829    22.5580 -9.990e-29
 243.561354      0.115  39.017229    15.7573    -1.4285      0.114    30.8686    22.6258 -9.990e-29
 243.561360      0.206  39.051594    15.7845    -1.4278      0.204    30.8776    22.6267 -9.990e-29
 243.561366      0.276  39.023521    15.8421    -1.4289      0.274    30.8080    22.5606 -9.990e-29
 243.561372      0.338  38.979112    15.9172    -1.4294      0.335    30.7106    22.4693 -9.990e-29
 243.561377      0.387  38.959504    16.0090    -1.4299      0.384    30.6225    22.3814 -9.990e-29
 243.561383      0.418  38.976155    16.1269    -1.4299      0.415    30.5463    22.2967 -9.990e-29
 243.561389      0.437  38.999220    16.2522    -1.4297      0.433    30.4704    22.2106 -9.990e-29
 243.561395      0.454  38.996202    16.3484    -1.4309      0.450    30.3944    22.1308 -9.990e-29
 243.561400      0.474  38.981642    16.4066    -1.4319      0.470    30.3375    22.0741 -9.990e-29
 243.561406      0.498  38.978223    16.4382    -1.4322      0.494    30.3105    22.0463 -9.990e-29
 243.561412      0.524  38.992099    16.4482    -1.4315      0.520    30.3149    22.0475 -9.990e-29
 243.561418      0.545  39.022778    16.4416    -1.4306      0.540    30.3465    22.0731 -9.990e-29
 243.561424      0.557  39.038944    16.4249    -1.4307      0.552    30.3732    22.0973 -9.990e-29
 243.561429      0.567  39.016258    16.3989    -1.4312      0.562    30.3733    22.1033 -9.990e-29
 243.561435      0.578  38.986713    16.3671    -1.4311      0.573    30.3719    22.1093 -9.990e-29
 243.561441      0.587  38.985479    16.3337    -1.4312      0.582    30.3962    22.1355 -9.990e-29
 243.561447      0.590  39.009837    16.3038    -1.4307      0.585    30.4401    22.1759 -9.990e-29
 243.561453      0.589  39.024513    16.2862    -1.4299      0.584    30.4663    22.1999 -9.990e-29
 243.561458      0.586  38.997572    16.2848    -1.4302      0.581    30.4440    22.1831 -9.990e-29
 243.561464      0.590  38.949724    16.2956    -1.4308      0.585    30.3942    22.1424 -9.990e-29
 243.561470      0.602  38.927595    16.3104    -1.4307      0.597    30.3637    22.1157 -9.990e-29
 243.561476      0.613  38.944871    16.3229    -1.4305      0.608    30.3692    22.1172 -9.990e-29
 243.561481      0.621  38.967489    16.3323    -1.4305      0.616    30.3816    22.1246 -9.990e-29
 243.561487      0.626  38.958987    16.3390    -1.4306      0.621    30.3692    22.1135 -9.990e-29
 243.561493      0.627  38.931614    16.3449    -1.4303      0.622    30.3409    22.0906 -9.990e-29
 243.561499      0.625  38.916155    16.3557    -1.4299      0.620    30.3193    22.0716 -9.990e-29
 243.561505      0.620  38.920624    16.3683    -1.4299      0.615    30.3136    22.0644 -9.990e-29
 243.561510      0.612  38.937584    16.3706    -1.4299      0.607    30.3266    22.0738 -9.990e-29
 243.561516      0.600  38.948239    16.3643    -1.4300      0.595    30.3406    22.0860 -9.990e-29
 243.561522      0.588  38.940516    16.3586    -1.4305      0.583    30.3383    22.0854 -9.990e-29
 243.561528      0.582  38.928822    16.3527    -1.4300      0.577    30.3326    22.0824 -9.990e-29
 243.561534      0.584  38.933469    16.3476    -1.4300      0.579    30.3405    22.0896 -9.990e-29
 243.561539      0.584  38.953418    16.3523    -1.4300      0.579    30.3542    22.0991 -9.990e-29
 243.561545      0.579  38.969934    16.3700    -1.4302      0.574    30.3551    22.0958 -9.990e-29
 243.561551      0.567  38.970907    16.3889    -1.4303      0.562    30.3416    22.0812 -9.990e-29
 243.561557      0.553  38.960488    16.3965    -1.4302      0.548    30.3268    22.0682 -9.990e-29
 243.561563      0.545  38.950052    16.3926    -1.4299      0.540    30.3207    22.0644 -9.990e-29
 243.561568      0.545  38.948710    16.3835    -1.4302      0.540    30.3265    22.0708 -9.990e-29
 243.561574      0.553  38.954723    16.3756    -1.4303      0.548    30.3377    22.0812 -9.990e-29
 243.561580      0.567  38.958787    16.3717    -1.4300      0.562    30.3442    22.0870 -9.990e-29
 243.561586      0.579  38.964129    16.3710    -1.4303      0.574    30.3493    22.0911 -9.990e-29
 243.561591      0.585  38.976796    16.3714    -1.4308      0.580    30.3600    22.0992 -9.990e-29
 243.561597      0.585  38.985155    16.3709    -1.4310      0.580    30.3676    22.1052 -9.990e-29
 243.561603      0.579  38.982471    16.3697    -1.4309      0.574    30.3662    22.1044 -9.990e-29
 243.561609      0.571  38.974740    16.3679    -1.4310      0.566    30.3609    22.1007 -9.990e-29
 243.561615      0.570  38.969633    16.3639     8.0078      0.565    30.3595    22.1005 -9.990e-29
 243.561620      0.580  38.975520    16.3580     9.9498      0.575    30.3691    22.1092 -9.990e-29
 243.561626      0.596  38.987974    16.3529    10.5441      0.591    30.3837    22.1216 -9.990e-29
 243.561632      0.611  38.995073    16.3481     9.9468      0.606    30.3936    22.1302 -9.990e-29
 243.561638      0.623  38.999609    16.3420     7.6854      0.618    30.4021    22.1382 -9.990e-29
 243.561644      0.631  39.003196    16.3368     8.0347      0.626    30.4092    22.1447 -9.990e-29
 243.561649      0.636  38.992736    16.3340     8.2035      0.631    30.4023    22.1400 -9.990e-29
 243.561655      0.639  38.967777    16.3295     8.1193      0.634    30.3840    22.1271 -9.990e-29
 243.561661      0.640  38.946634    16.3220     8.0182      0.635    30.3714    22.1190 -9.990e-29
 243.561667      0.639  38.940384    16.3175     7.9444      0.634    30.3694    22.1185 -9.990e-29
 243.561672      0.635  38.935141    16.3152     7.8921      0.630    30.3666    22.1169 -9.990e-29
 243.561678      0.629  38.918360    16.3095     7.9066      0.624    30.3564    22.1103 -9.990e-29
 243.561684      0.620  38.902449    16.3023     7.9167      0.615    30.3480    22.1055 -9.990e-29
 243.561690      0.612  38.894819    16.2976     7.9378      0.607    30.3450    22.1042 -9.990e-29
 243.561696      0.613  38.890387    16.2948     7.9435      0.608    30.3433    22.1036 -9.990e-29
 243.561701      0.623  38.887773    16.2877     7.9070      0.618    30.3464    22.1075 -9.990e-29
 243.561707      0.633  38.885783    16.2745     7.8833      0.628    30.3547    22.1169 -9.990e-29
 243.561713      0.641  38.881811    16.2591     7.8602      0.636    30.3630    22.1267 -9.990e-29
 243.561719      0.648  38.874532    16.2402     7.8599      0.643    30.3711    22.1371 -9.990e-29
 243.561725      0.652  38.864932    16.2190     7.8811      0.647    30.3789    22.1478 -9.990e-29
 243.561730      0.655  38.857628    16.2032     7.8775      0.650    30.3846    22.1557 -9.990e-29
