data/oxygen options/ONMS/Olympic_Coast_National_Marine_Sanctuary_CTD_Data_2005_2023/raw_data/2013/CAST_KL050_130828faed.cnv
* Sea-Bird SBE19 Data File:
* FileName = C:\2013 Mooring Data\2nd Service\Casts\CAST_KL050_130828.hex
* Software Version 1.59
* Temperature SN = 2997
* Conductivity SN = 2997
* System UpLoad Time = Aug 28 2013 16:22:10
** CAST_KL050_130828
* ds
# nquan = 9                                 
# nvalues = 991                         
# units = specified
# name 0 = timeJ: Julian Days
# name 1 = prSM: Pressure, Strain Gauge [db]
# name 2 = c0mS/cm: Conductivity [mS/cm]
# name 3 = t090C: Temperature [ITS-90, deg C]
# name 4 = sbeox0ML/L: Oxygen, SBE 43 [ml/l]
# name 5 = depSM: Depth [salt water, m], lat = 47.5
# name 6 = sal00: Salinity, Practical [PSU]
# name 7 = sigma-é00: Density [sigma-theta, kg/m^3]
# name 8 = flag: flag
# span 0 = 240.674699, 240.680428       
# span 1 =     -5.475,     51.226       
# span 2 =   0.302535,  39.674227       
# span 3 =     7.4945,    16.9370       
# span 4 =    -1.7092,    10.6623       
# span 5 =     -5.429,     50.792       
# span 6 =     0.1739,    33.6040       
# span 7 =    -1.0449,    26.2508       
# span 8 = 0.0000e+00, 0.0000e+00       
# interval = seconds: 0.5
# start_time = Aug 28 2013 16:11:34 [Instrument's time stamp, header]
# bad_flag = -9.990e-29
*END*
[from data line 961]
 240.680260      2.178  39.297600    14.7832     6.5212      2.160    31.8969    23.6271 0.0000e+00
 240.680266      2.047  39.329348    14.8068     6.5035      2.030    31.9063    23.6293 -9.990e-29
 240.680272      1.930  39.341451    14.8137     6.5025      1.914    31.9117    23.6320 -9.990e-29
 240.680278      1.812  39.339045    14.8119     6.5111      1.797    31.9110    23.6319 -9.990e-29
 240.680284      1.681  39.334778    14.8118     6.5040      1.667    31.9073    23.6290 0.0000e+00
 240.680289      1.537  39.335386    14.8191     6.4303      1.524    31.9019    23.6233 0.0000e+00
 240.680295      1.392  39.343988    14.8322     6.2956      1.380    31.8990    23.6183 0.0000e+00
 240.680301      1.254  39.358093    14.8427     6.1653      1.244    31.9032    23.6193 0.0000e+00
 240.680307      1.119  39.362911    14.8447     6.1137      1.110    31.9060    23.6210 0.0000e+00
 240.680313      0.982  39.357022    14.8418     6.1343      0.974    31.9031    23.6194 0.0000e+00
 240.680318      0.848  39.353870    14.8400     7.2428      0.841    31.9018    23.6187 -9.990e-29
 240.680324      0.725  39.357098    14.8411     7.2044      0.719    31.9038    23.6201 -9.990e-29
 240.680330      0.618  39.360925    14.8417     7.2020      0.613    31.9068    23.6223 -9.990e-29
 240.680336      0.524  39.353644    14.8400     7.2339      0.520    31.9017    23.6187 -9.990e-29
 240.680341      0.442  39.326109    14.8432     7.2681      0.438    31.8742    23.5968 -9.990e-29
 240.680347      0.375  39.272425    14.8561     7.2919      0.372    31.8152    23.5487 -9.990e-29
 240.680353      0.324  39.160233    14.8751     7.3348      0.321    31.6986    23.4548 -9.990e-29
 240.680359      0.284  38.874684    14.8951     7.3509      0.282    31.4252    23.2400 -9.990e-29
 240.680365      0.254  38.066425    14.9131     7.3327      0.252    30.6847    22.6661 -9.990e-29
 240.680370      0.231  35.689719    14.9282     7.3356      0.229    28.5530    21.0229 -9.990e-29
 240.680376      0.215  28.605884    14.9407 -9.990e-29      0.213    22.3538    16.2592 -9.990e-29
 240.680382      0.203  17.935762    14.9525 -9.990e-29      0.201    13.4099     9.4029 -9.990e-29
 240.680388      0.196  10.484108    14.9655 -9.990e-29      0.194     7.4944     4.8696 -9.990e-29
 240.680394      0.192   7.215165    14.9798 -9.990e-29      0.190     5.0132     2.9646 -9.990e-29
 240.680399      0.193   5.315984    14.9937 -9.990e-29      0.191     3.6146     1.8885 -9.990e-29
 240.680405      0.192   4.254291    15.0062 -9.990e-29      0.190     2.8498     1.2987 -9.990e-29
 240.680411      0.187   3.695417    15.0171 -9.990e-29      0.185     2.4530     0.9917 -9.990e-29
 240.680417      0.180   3.290920    15.0252 -9.990e-29      0.178     2.1687     0.7716 -9.990e-29
 240.680422      0.176   3.052292    15.0283 -9.990e-29      0.175     2.0023     0.6430 -9.990e-29
 240.680428      0.175   3.019694 -9.990e-29 -9.990e-29      0.174 -9.990e-29 -9.990e-29 -9.990e-29
