data/oxygen options/ONMS/Olympic_Coast_National_Marine_Sanctuary_CTD_Data_2005_2023/raw_data/2013/CAST_CA042_130603faed.cnv
* Sea-Bird SBE19 Data File:
* FileName = C:\2013 Mooring Data\Deployment Casts\CAST_CA042_130603.hex
* Software Version 1.59
* Temperature SN = 2997
* Conductivity SN = 2997
* System UpLoad Time = Jun 03 2013 15:22:47
** CAST_CA042_130603
* ds
# nquan = 9                                 
# nvalues = 1167                        
# units = specified
# name 0 = timeJ: Julian Days
# name 1 = prSM: Pressure, Strain Gauge [db]
# name 2 = c0mS/cm: Conductivity [mS/cm]
# name 3 = t090C: Temperature [ITS-90, deg C]
# name 4 = sbeox0ML/L: Oxygen, SBE 43 [ml/l]
# name 5 = depSM: Depth [salt water, m], lat = 47.5
# name 6 = sal00: Salinity, Practical [PSU]
# name 7 = sigma-é00: Density [sigma-theta, kg/m^3]
# name 8 = flag: flag
# span 0 = 154.579132, 154.585880       
# span 1 =     -5.667,     42.714       
# span 2 =   0.144596,  36.104822       
# span 3 =     7.2744,    15.0626       
# span 4 =    -1.7834,    11.3083       
# span 5 =     -5.620,     42.353       
# span 6 =     0.0876,    33.6017       
# span 7 =    -0.8272,    26.2801       
# span 8 = 0.0000e+00, 0.0000e+00       
# interval = seconds: 0.5
# start_time = Jun 03 2013 13:53:57 [Instrument's time stamp, header]
# bad_flag = -9.990e-29
*END*
[from data line 801]
 154.583767      1.247  31.407115    14.1768     6.9268      1.237    25.2693    18.6479 -9.990e-29
 154.583773      1.247  31.407060    14.1745     6.9366      1.237    25.2708    18.6494 -9.990e-29
 154.583779      1.249  31.407033    14.1745     6.9639      1.239    25.2708    18.6494 -9.990e-29
 154.583785      1.253  31.406986    14.1766     6.9860      1.243    25.2694    18.6479 -9.990e-29
 154.583791      1.260  31.406846    14.1789     6.9791      1.249    25.2677    18.6462 -9.990e-29
 154.583796      1.270  31.406414    14.1788     6.9801      1.259    25.2674    18.6460 -9.990e-29
 154.583802      1.283  31.405104    14.1758     7.0095      1.272    25.2682    18.6472 -9.990e-29
 154.583808      1.297  31.403397    14.1728     6.9841      1.286    25.2686    18.6481 -9.990e-29
 154.583814      1.303  31.402923    14.1720     6.9806      1.292    25.2687    18.6483 -9.990e-29
 154.583819      1.297  31.403598    14.1743     6.9006      1.286    25.2678    18.6472 -9.990e-29
 154.583825      1.284  31.404631    14.1811     6.8976      1.273    25.2643    18.6432 -9.990e-29
 154.583831      1.272  31.406268    14.1912     6.9488      1.261    25.2592    18.6373 -9.990e-29
 154.583837      1.263  31.408442    14.2008     6.9559      1.252    25.2548    18.6321 -9.990e-29
 154.583843      1.257  31.410124    14.2069     6.9926      1.247    25.2524    18.6290 -9.990e-29
 154.583848      1.258  31.410747    14.2097     6.9780      1.247    25.2511    18.6275 -9.990e-29
 154.583854      1.271  31.411133    14.2105     6.9234      1.260    25.2509    18.6272 -9.990e-29
 154.583860      1.288  31.411785    14.2096     6.9380      1.277    25.2521    18.6282 -9.990e-29
 154.583866      1.292  31.412442    14.2086     6.9490      1.281    25.2533    18.6294 -9.990e-29
 154.583872      1.280  31.412847    14.2093     6.9622      1.269    25.2532    18.6292 -9.990e-29
 154.583877      1.263  31.412970    14.2100     6.9627      1.252    25.2529    18.6288 -9.990e-29
 154.583883      1.254  31.412965    14.2087     6.9358      1.244    25.2537    18.6297 -9.990e-29
 154.583889      1.256  31.413374    14.2045     6.9179      1.246    25.2568    18.6329 -9.990e-29
 154.583895      1.260  31.415289    14.1981     6.9239      1.249    25.2627    18.6386 -9.990e-29
 154.583900      1.255  31.417334    14.1937     6.9365      1.245    25.2674    18.6431 -9.990e-29
 154.583906      1.240  31.417747    14.1921     6.9395      1.230    25.2688    18.6445 -9.990e-29
 154.583912      1.222  31.417624    14.1889     6.9258      1.212    25.2708    18.6466 -9.990e-29
 154.583918      1.209  31.417350    14.1796     6.9043      1.199    25.2766    18.6529 -9.990e-29
 154.583924      1.204  31.416548    14.1669     6.8949      1.194    25.2842    18.6612 -9.990e-29
 154.583929      1.203  31.415818    14.1585     6.9196      1.193    25.2890    18.6666 -9.990e-29
 154.583935      1.201  31.415852    14.1566     6.9629      1.191    25.2903    18.6679 -9.990e-29
 154.583941      1.199  31.416122    14.1571     6.9799      1.189    25.2902    18.6678 -9.990e-29
 154.583947      1.200  31.415854    14.1566     6.9739      1.190    25.2903    18.6679 -9.990e-29
 154.583953      1.208  31.415243    14.1549     6.9550      1.198    25.2909    18.6687 -9.990e-29
 154.583958      1.221  31.414580    14.1526     6.9469      1.211    25.2918    18.6698 -9.990e-29
 154.583964      1.234  31.414089    14.1508     6.9894      1.224    25.2925    18.6707 -9.990e-29
 154.583970      1.249  31.413666    14.1511     7.0042      1.239    25.2920    18.6702 -9.990e-29
 154.583976      1.261  31.413293    14.1534     7.0390      1.250    25.2901    18.6684 -9.990e-29
 154.583981      1.268  31.413580    14.1568     6.9768      1.257    25.2881    18.6662 -9.990e-29
 154.583987      1.270  31.414339    14.1598     6.9024      1.259    25.2869    18.6646 -9.990e-29
 154.583993      1.267  31.414332    14.1612     6.8809      1.256    25.2859    18.6637 -9.990e-29
 154.583999      1.263  31.413538    14.1619     6.9059      1.252    25.2848    18.6626 -9.990e-29
 154.584005      1.262  31.413128    14.1641     6.9602      1.251    25.2830    18.6608 -9.990e-29
 154.584010      1.264  31.413102    14.1686     6.9766      1.253    25.2800    18.6577 -9.990e-29
 154.584016      1.274  31.412856    14.1736     6.9630      1.263    25.2765    18.6540 -9.990e-29
 154.584022      1.296  31.412613    14.1760     6.9373      1.285    25.2747    18.6522 -9.990e-29
 154.584028      1.323  31.412593    14.1754     6.9229      1.312    25.2751    18.6526 -9.990e-29
 154.584034      1.345  31.412724    14.1764     6.9263      1.334    25.2746    18.6520 -9.990e-29
 154.584039      1.358  31.412551    14.1812     6.9162      1.347    25.2713    18.6485 -9.990e-29
 154.584045      1.363  31.411773    14.1853     6.9077      1.352    25.2679    18.6451 -9.990e-29
 154.584051      1.364  31.410969    14.1844     6.8960      1.353    25.2678    18.6452 -9.990e-29
 154.584057      1.371  31.411243    14.1788     6.9338      1.360    25.2717    18.6493 -9.990e-29
 154.584062      1.388  31.413459    14.1723     6.9419      1.376    25.2779    18.6553 -9.990e-29
 154.584068      1.412  31.416592    14.1695     6.9477      1.400    25.2825    18.6594 -9.990e-29
 154.584074      1.435  31.418036    14.1713     7.0160      1.423    25.2826    18.6591 -9.990e-29
 154.584080      1.455  31.416854    14.1737     7.0218      1.443    25.2800    18.6566 -9.990e-29
 154.584086      1.478  31.414765    14.1726     6.9864      1.466    25.2788    18.6560 -9.990e-29
 154.584091      1.509  31.413399    14.1694     6.9888      1.496    25.2797    18.6573 -9.990e-29
 154.584097      1.547  31.413113    14.1682     7.0110      1.534    25.2802    18.6579 -9.990e-29
 154.584103      1.588  31.413460    14.1708     7.0102      1.575    25.2788    18.6563 -9.990e-29
 154.584109      1.640  31.413721    14.1736     7.0180      1.626    25.2772    18.6545 -9.990e-29
 154.584115      1.715  31.413622    14.1720     6.9585      1.701    25.2781    18.6556 -9.990e-29
 154.584120      1.822  31.413529    14.1648     6.9563      1.807    25.2827    18.6605 -9.990e-29
 154.584126      1.959  31.414374    14.1557     6.9384      1.943    25.2894    18.6674 0.0000e+00
 154.584132      2.118  31.417222    14.1500     6.9083      2.100    25.2956    18.6733 0.0000e+00
 154.584138      2.295  31.422446    14.1461     6.9899      2.276    25.3027    18.6795 0.0000e+00
 154.584144      2.494  31.429668    14.1346     6.9063      2.473    25.3166    18.6924 0.0000e+00
 154.584149      2.719  31.444535    14.1085     6.8278      2.696    25.3468    18.7208 0.0000e+00
 154.584155      2.972  31.477290    14.0721     6.8136      2.947    25.3998    18.7686 0.0000e+00
 154.584161      3.250  31.523400    14.0349     6.7632      3.223    25.4654    18.8262 0.0000e+00
 154.584167      3.551  31.568705    14.0003     6.5952      3.521    25.5286    18.8815 0.0000e+00
 154.584172      3.867  31.606926    13.9626     6.4442      3.835    25.5876    18.9342 0.0000e+00
 154.584178      4.199  31.643612    13.8973     6.3907      4.164    25.6638    19.0054 0.0000e+00
 154.584184      4.544  31.710254    13.7346     6.5087      4.506    25.8324    19.1663 0.0000e+00
 154.584190      4.896  31.892283    13.4205     6.5777      4.855    26.2101    19.5169 0.0000e+00
 154.584196      5.242  32.255430    13.0266     6.5567      5.198    26.8158    20.0577 0.0000e+00
 154.584201      5.570  32.798423    12.6974     6.8011      5.523    27.5538    20.6885 0.0000e+00
 154.584207      5.867  33.432153    12.5166     6.6270      5.818    28.2788    21.2823 0.0000e+00
 154.584213      6.122  33.902238    12.4855     6.5758      6.071    28.7432    21.6473 0.0000e+00
 154.584219      6.333  34.019966    12.5872     6.5438      6.280    28.7760    21.6539 0.0000e+00
 154.584225      6.506  33.791564    12.7650     6.5380      6.452    28.4277    21.3517 0.0000e+00
 154.584230      6.652  33.455079    12.8636     6.6597      6.596    28.0412    21.0346 0.0000e+00
 154.584236      6.797  33.397350    12.7919     6.7139      6.740    28.0406    21.0475 0.0000e+00
 154.584242      6.966  33.629318    12.6468     6.7256      6.908    28.3651    21.3251 0.0000e+00
 154.584248      7.172  33.946725    12.5353     6.7141      7.112    28.7466    21.6408 0.0000e+00
 154.584253      7.410  34.332518    12.4691     6.6721      7.348    29.1600    21.9729 0.0000e+00
 154.584259      7.669  34.690500    12.4317     6.5893      7.605    29.5266    22.2635 0.0000e+00
 154.584265      7.944  34.933879    12.4054     6.5138      7.878    29.7772    22.4624 0.0000e+00
 154.584271      8.241  35.223527    12.3763     6.4363      8.172    30.0744    22.6980 0.0000e+00
 154.584277      8.565  35.604984    12.3203     6.4084      8.493    30.4815    23.0236 0.0000e+00
 154.584282      8.915  35.930806    12.1997     6.4202      8.840    30.8905    23.3629 0.0000e+00
 154.584288      9.284  36.104822    12.0174     6.4069      9.206    31.2085    23.6431 0.0000e+00
 154.584294      9.657  36.101260    11.8206     6.4252      9.576    31.3701    23.8045 0.0000e+00
 154.584300     10.018  35.990910    11.6612     6.1341      9.934    31.3979    23.8549 0.0000e+00
 154.584306     10.356  35.886488    11.5669     5.7045     10.269    31.3762    23.8551 0.0000e+00
 154.584311     10.668  35.830732    11.5192     5.2998     10.579    31.3623    23.8529 0.0000e+00
 154.584317     10.960  35.795700    11.4750     4.9966     10.868    31.3656    23.8633 0.0000e+00
 154.584323     11.247  35.739079    11.3843     4.9016     11.153    31.3872    23.8963 0.0000e+00
 154.584329     11.542  35.627317    11.1795     4.9069     11.445    31.4522    23.9831 0.0000e+00
 154.584334     11.843  35.399280    10.8259     4.9219     11.744    31.5307    24.1057 0.0000e+00
 154.584340     12.134  35.044947    10.4379     4.8814     12.032    31.5135    24.1583 0.0000e+00
 154.584346     12.405  34.725889    10.1984     4.8165     12.301    31.4013    24.1109 0.0000e+00
 154.584352     12.651  34.582878    10.1374     4.7383     12.545    31.3104    24.0501 0.0000e+00
 154.584358     12.875  34.565677    10.1437     4.6731     12.767    31.2876    24.0313 0.0000e+00
 154.584363     13.086  34.580109    10.1072     4.6393     12.976    31.3336    24.0731 0.0000e+00
 154.584369     13.299  34.561331     9.9886     4.6081     13.188    31.4174    24.1580 0.0000e+00
 154.584375     13.518  34.496011     9.8247     4.5873     13.405    31.4941    24.2445 0.0000e+00
 154.584381     13.735  34.444300     9.6773     4.5856     13.620    31.5707    24.3279 0.0000e+00
 154.584387     13.944  34.426215     9.5748     4.6026     13.827    31.6423    24.4003 0.0000e+00
 154.584392     14.145  34.410820     9.5104     4.6113     14.026    31.6834    24.4426 0.0000e+00
 154.584398     14.341  34.391496     9.4726     4.6237     14.221    31.6969    24.4592 0.0000e+00
 154.584404     14.536  34.375440     9.4534     4.6308     14.414    31.6974    24.4626 0.0000e+00
 154.584410     14.736  34.364693     9.4427     4.6116     14.612    31.6958    24.4631 0.0000e+00
 154.584416     14.942  34.361654     9.4371     4.5834     14.817    31.6976    24.4653 0.0000e+00
 154.584421     15.161  34.372281     9.4383     4.5445     15.034    31.7073    24.4727 0.0000e+00
 154.584427     15.398  34.382107     9.4354     4.5111     15.269    31.7198    24.4830 0.0000e+00
 154.584433     15.658  34.372237     9.4186     4.4839     15.527    31.7245    24.4893 0.0000e+00
 154.584439     15.942  34.354088     9.3950     4.4505     15.808    31.7267    24.4947 0.0000e+00
 154.584444     16.237  34.339801     9.3766     4.4166     16.101    31.7282    24.4988 0.0000e+00
 154.584450     16.533  34.330414     9.3693     4.3416     16.394    31.7249    24.4974 0.0000e+00
 154.584456     16.822  34.327899     9.3697     4.2226     16.681    31.7219    24.4950 0.0000e+00
 154.584462     17.097  34.329391     9.3652     4.0767     16.954    31.7273    24.4999 0.0000e+00
 154.584468     17.358  34.331204     9.3339     3.9747     17.212    31.7568    24.5279 0.0000e+00
 154.584473     17.618  34.330648     9.2514     3.9113     17.470    31.8295    24.5977 0.0000e+00
 154.584479     17.890  34.324673     9.1133     3.9065     17.740    31.9467    24.7108 0.0000e+00
 154.584485     18.177  34.317563     8.9483     3.9247     18.025    32.0877    24.8466 0.0000e+00
 154.584491     18.472  34.310959     8.8041     3.9455     18.317    32.2113    24.9655 0.0000e+00
 154.584497     18.755  34.302124     8.7193     3.9363     18.598    32.2792    25.0315 0.0000e+00
 154.584502     19.014  34.297100     8.6997     3.8538     18.854    32.2917    25.0443 0.0000e+00
 154.584508     19.253  34.300856     8.7271     3.7828     19.091    32.2705    25.0236 0.0000e+00
 154.584514     19.479  34.310475     8.7635     3.7466     19.316    32.2473    24.9998 0.0000e+00
 154.584520     19.706  34.315187     8.7480     3.7217     19.541    32.2662    25.0170 0.0000e+00
 154.584525     19.957  34.305531     8.6505     3.6815     19.789    32.3450    25.0935 0.0000e+00
 154.584531     20.247  34.289860     8.5134     3.6422     20.077    32.4542    25.1997 0.0000e+00
 154.584537     20.579  34.280820     8.3995     3.6005     20.406    32.5496    25.2915 0.0000e+00
 154.584543     20.942  34.278031     8.3292     3.5816     20.766    32.6116    25.3505 0.0000e+00
 154.584549     21.327  34.277675     8.2816     3.5826     21.148    32.6552    25.3918 0.0000e+00
 154.584554     21.723  34.280310     8.2332     3.5756     21.541    32.7028    25.4363 0.0000e+00
 154.584560     22.122  34.286009     8.1812     3.5781     21.936    32.7572    25.4866 0.0000e+00
 154.584566     22.509  34.291653     8.1399     3.5763     22.320    32.8016    25.5275 0.0000e+00
 154.584572     22.872  34.294606     8.1215     3.5695     22.680    32.8218    25.5461 0.0000e+00
 154.584578     23.207  34.294802     8.1207     3.5670     23.012    32.8226    25.5468 0.0000e+00
 154.584583     23.519  34.294107     8.1194     3.5604     23.321    32.8229    25.5473 0.0000e+00
 154.584589     23.815  34.293762     8.1048     3.5602     23.615    32.8361    25.5597 0.0000e+00
 154.584595     24.105  34.294359     8.0833     3.7069     23.902    32.8567    25.5791 0.0000e+00
 154.584601     24.399  34.298307     8.0672     3.6296     24.194    32.8759    25.5965 0.0000e+00
 154.584606     24.706  34.304635     8.0593     3.5581     24.498    32.8899    25.6087 0.0000e+00
 154.584612     25.030  34.308825     8.0548     3.5176     24.820    32.8985    25.6160 0.0000e+00
 154.584618     25.369  34.309667     8.0479     3.4680     25.156    32.9057    25.6227 0.0000e+00
 154.584624     25.729  34.309335     8.0365     3.4982     25.513    32.9159    25.6324 0.0000e+00
 154.584630     26.105  34.309556     8.0218     3.5056     25.885    32.9298    25.6454 0.0000e+00
 154.584635     26.488  34.311113     8.0075     3.5039     26.265    32.9447    25.6592 0.0000e+00
 154.584641     26.868  34.314331     7.9974     3.5110     26.642    32.9575    25.6707 0.0000e+00
 154.584647     27.231  34.318385     7.9937     3.4935     27.002    32.9651    25.6773 0.0000e+00
 154.584653     27.561  34.321884     7.9967     3.4827     27.329    32.9659    25.6774 0.0000e+00
 154.584659     27.857  34.324939     8.0023     3.4924     27.623    32.9637    25.6749 0.0000e+00
 154.584664     28.135  34.327071     7.9998     3.4726     27.898    32.9682    25.6788 0.0000e+00
 154.584670     28.412  34.326575     7.9842     3.4712     28.173    32.9823    25.6921 0.0000e+00
 154.584676     28.700  34.324962     7.9641     3.4883     28.458    32.9994    25.7085 0.0000e+00
 154.584682     29.007  34.323934     7.9476     3.5028     28.763    33.0137    25.7221 0.0000e+00
