data/oxygen options/ONMS/Olympic_Coast_National_Marine_Sanctuary_CTD_Data_2005_2023/raw_data/2013/CAST_KL015_130726faed.cnv
* Sea-Bird SBE19 Data File:
* FileName = C:\2013 Mooring Data\1st Service\Casts\CAST_KL015_130726.hex
* Software Version 1.59
* Temperature SN = 2997
* Conductivity SN = 2997
* System UpLoad Time = Jul 26 2013 11:00:02
** CAST_KL015_130726
* ds
# nquan = 9                                 
# nvalues = 742                         
# units = specified
# name 0 = timeJ: Julian Days
# name 1 = prSM: Pressure, Strain Gauge [db]
# name 2 = c0mS/cm: Conductivity [mS/cm]
# name 3 = t090C: Temperature [ITS-90, deg C]
# name 4 = sbeox0ML/L: Oxygen, SBE 43 [ml/l]
# name 5 = depSM: Depth [salt water, m], lat = 47.5
# name 6 = sal00: Salinity, Practical [PSU]
# name 7 = sigma-é00: Density [sigma-theta, kg/m^3]
# name 8 = flag: flag
# span 0 = 207.413056, 207.417344       
# span 1 =     -5.460,     13.176       
# span 2 =   0.011261,  35.229558       
# span 3 =     7.2403,    13.0446       
# span 4 =    -1.8495,    10.0746       
# span 5 =     -5.415,     13.066       
# span 6 =     0.0112,    33.7615       
# span 7 =    -0.6172,    26.3389       
# span 8 = 0.0000e+00, 0.0000e+00       
# interval = seconds: 0.5
# start_time = Jul 26 2013 09:54:48 [Instrument's time stamp, header]
# bad_flag = -9.990e-29
*END*
[from data line 641]
 207.416765     11.426  34.298227     7.2445     2.0240     11.330    33.6691    26.3369 0.0000e+00
 207.416771     11.103  34.297053     7.2442     2.0532     11.010    33.6682    26.3363 0.0000e+00
 207.416777     10.762  34.297503     7.2449     2.0602     10.672    33.6682    26.3361 0.0000e+00
 207.416782     10.395  34.299037     7.2469     2.0768     10.308    33.6681    26.3358 0.0000e+00
 207.416788     10.003  34.300319     7.2503     2.0992      9.919    33.6664    26.3339 0.0000e+00
 207.416794      9.605  34.301362     7.2540     2.1029      9.525    33.6641    26.3316 0.0000e+00
 207.416800      9.219  34.302416     7.2569     2.1024      9.142    33.6626    26.3301 0.0000e+00
 207.416806      8.849  34.303751     7.2592     2.1281      8.775    33.6620    26.3293 0.0000e+00
 207.416811      8.493  34.305447     7.2615     2.1344      8.422    33.6618    26.3288 0.0000e+00
 207.416817      8.142  34.307506     7.2643     2.1577      8.074    33.6615    26.3281 0.0000e+00
 207.416823      7.790  34.309854     7.2691     2.1599      7.725    33.6595    26.3259 0.0000e+00
 207.416829      7.445  34.312800     7.2764     2.1590      7.383    33.6558    26.3219 0.0000e+00
 207.416834      7.115  34.318014     7.2839     2.1788      7.055    33.6543    26.3197 0.0000e+00
 207.416840      6.801  34.325149     7.2896     2.1814      6.744    33.6567    26.3208 0.0000e+00
 207.416846      6.495  34.330259     7.2940     2.1944      6.441    33.6581    26.3213 0.0000e+00
 207.416852      6.183  34.332298     7.2982     2.2128      6.131    33.6564    26.3194 0.0000e+00
 207.416858      5.856  34.333967     7.3020     2.2336      5.807    33.6547    26.3175 0.0000e+00
 207.416863      5.525  34.336349     7.3054     2.3168      5.479    33.6541    26.3166 0.0000e+00
 207.416869      5.199  34.339242     7.3092     2.4477      5.156    33.6537    26.3157 0.0000e+00
 207.416875      4.882  34.343127     7.3154     2.6259      4.841    33.6521    26.3136 0.0000e+00
 207.416881      4.575  34.349803     7.3266     2.8270      4.537    33.6486    26.3092 0.0000e+00
 207.416887      4.281  34.362552     7.3486     3.0611      4.245    33.6412    26.3003 0.0000e+00
 207.416892      4.003  34.388834     7.3921     3.3713      3.970    33.6276    26.2836 0.0000e+00
 207.416898      3.738  34.440150     7.4516     3.7156      3.707    33.6257    26.2736 0.0000e+00
 207.416904      3.489  34.499773     7.5135     4.0133      3.460    33.6304    26.2686 0.0000e+00
 207.416910      3.248  34.537413     7.5857     4.2163      3.221    33.6013    26.2354 0.0000e+00
 207.416916      3.007  34.560118     7.6679     4.3293      2.982    33.5465    26.1806 0.0000e+00
 207.416921      2.778  34.578547     7.7439     4.3916      2.755    33.4932    26.1278 0.0000e+00
 207.416927      2.570  34.587581     7.8031     4.4555      2.549    33.4461    26.0823 0.0000e+00
 207.416933      2.385  34.590298     7.8387     4.5235      2.365    33.4150    26.0527 0.0000e+00
 207.416939      2.219  34.593114     7.8582     4.5604      2.200    33.3994    26.0376 0.0000e+00
 207.416944      2.070  34.599213     7.8817     4.5710      2.053    33.3835    26.0217 0.0000e+00
 207.416950      1.936  34.609988     7.9213     4.5734      1.920    33.3573    25.9954 -9.990e-29
 207.416956      1.819  34.628026     7.9681     4.5590      1.804    33.3320    25.9686 -9.990e-29
 207.416962      1.714  34.647674     8.0017     4.5830      1.700    33.3210    25.9551 -9.990e-29
 207.416968      1.612  34.653668     8.0157     4.6141      1.599    33.3141    25.9476 -9.990e-29
 207.416973      1.500  34.648946     8.0221     4.6280      1.487    33.3030    25.9380 -9.990e-29
 207.416979      1.377  34.649040     8.0343     4.6463      1.366    33.2916    25.9272 -9.990e-29
 207.416985      1.251  34.657417     8.0549     4.6416      1.241    33.2810    25.9159 -9.990e-29
 207.416991      1.136  34.671784     8.0777     4.6432      1.127    33.2747    25.9076 -9.990e-29
 207.416997      1.033  34.685516     8.0954     4.6416      1.024    33.2725    25.9033 -9.990e-29
 207.417002      0.935  34.690019     8.1050     4.6412      0.927    33.2682    25.8985 -9.990e-29
 207.417008      0.838  34.688480     8.1096     4.6156      0.831    33.2623    25.8932 -9.990e-29
 207.417014      0.737  34.689471     8.1146     4.5636      0.731    33.2586    25.8896 -9.990e-29
 207.417020      0.646  34.697093     8.1225     4.5167      0.641    33.2593    25.8889 -9.990e-29
 207.417025      0.569  34.708606     8.1318     4.4687      0.564    33.2628    25.8903 -9.990e-29
 207.417031      0.494  34.716376     8.1385     5.1972      0.490    33.2647    25.8908 -9.990e-29
 207.417037      0.412  34.717862     8.1406     5.4329      0.409    33.2643    25.8902 -9.990e-29
 207.417043      0.327  34.714466     8.1413     5.7393      0.324    33.2601    25.8868 -9.990e-29
 207.417049      0.240  34.708362     8.1454     6.0644      0.238    33.2498    25.8780 -9.990e-29
 207.417054      0.160  34.697553     8.1543     6.3512      0.159    33.2299    25.8611 -9.990e-29
 207.417060      0.095  34.669847     8.1629     6.5386      0.094    33.1923    25.8303 -9.990e-29
 207.417066      0.044  34.595562     8.1684     6.6295      0.044    33.1081    25.7635 -9.990e-29
 207.417072      0.004  34.387397     8.1809     6.6750      0.004    32.8753    25.5790 -9.990e-29
 207.417078     -0.026  33.776178     8.2096     6.6344     -0.026    32.2011    25.0460 -9.990e-29
 207.417083     -0.050  31.947486     8.2516     6.6242     -0.050    30.2389    23.5018 -9.990e-29
 207.417089     -0.069  26.461925     8.3001     6.6269     -0.068    24.5326    19.0287 -9.990e-29
 207.417095     -0.083  17.757143     8.3480     6.6231     -0.082    15.8391    12.2313 -9.990e-29
 207.417101     -0.095  10.894077     8.3904     6.6306     -0.094     9.3175     7.1345 -9.990e-29
 207.417106     -0.103   7.438530     8.4272     6.6384     -0.102     6.1734     4.6734 -9.990e-29
 207.417112     -0.110   5.540681     8.4627     6.6148     -0.109     4.4987     3.3595 -9.990e-29
 207.417118     -0.115   4.324283     8.5035     6.5914     -0.114     3.4493     2.5338 -9.990e-29
 207.417124     -0.119   3.510741     8.5512     6.6098     -0.118     2.7598     1.9892 -9.990e-29
 207.417130     -0.123   3.062197     8.5990     6.6148     -0.122     2.3840     1.6905 -9.990e-29
 207.417135     -0.125   3.007582     8.6421     6.6151     -0.124     2.3361     1.6496 -9.990e-29
 207.417141     -0.127   3.246839     8.6818     6.5864     -0.126     2.5308     1.7994 -9.990e-29
 207.417147     -0.128   3.413182     8.7179     6.5945     -0.127     2.6659     1.9026 -9.990e-29
 207.417153     -0.129   3.332800     8.7496     6.5968     -0.128     2.5970     1.8461 -9.990e-29
 207.417159     -0.130   3.126053     8.7771     6.6214     -0.129     2.4246     1.7086 -9.990e-29
 207.417164     -0.130   2.920687     8.8007     6.6102     -0.129     2.2546     1.5734 -9.990e-29
 207.417170     -0.131   2.919437     8.8208     6.6030     -0.130     2.2523     1.5700 -9.990e-29
 207.417176     -0.131   3.178291     8.8381     6.6137     -0.130     2.4634     1.7343 -9.990e-29
 207.417182     -0.131   3.342163     8.8549     6.6158     -0.130     2.5971     1.8378 -9.990e-29
 207.417188     -0.130   3.215633     8.8710     6.6295     -0.129     2.4918     1.7539 -9.990e-29
 207.417193     -0.130   3.047851     8.8851     6.6298     -0.129     2.3532     1.6441 -9.990e-29
 207.417199     -0.129   3.097860     8.8975     6.6341     -0.128     2.3933     1.6746 -9.990e-29
 207.417205     -0.127   3.310784     8.9083     6.6334     -0.126     2.5674     1.8103 -9.990e-29
 207.417211     -0.126   3.414527     8.9175     6.6362     -0.125     2.6522     1.8760 -9.990e-29
 207.417216     -0.124   3.326040     8.9252     6.6405     -0.123     2.5787     1.8178 -9.990e-29
 207.417222     -0.121   3.222553     8.9335     6.6206     -0.120     2.4931     1.7500 -9.990e-29
 207.417228     -0.117   3.254629     8.9435     6.6262     -0.116     2.5187     1.7693 -9.990e-29
 207.417234     -0.113   3.331870     8.9549     6.6260     -0.112     2.5814     1.8175 -9.990e-29
 207.417240     -0.106   3.309779     8.9685     6.6030     -0.105     2.5622     1.8014 -9.990e-29
 207.417245     -0.099   3.196633     8.9845     6.5588     -0.098     2.4683     1.7264 -9.990e-29
 207.417251     -0.093   3.055937     9.0034     6.5810     -0.092     2.3520     1.6337 -9.990e-29
 207.417257     -0.093   2.925896     9.0267     6.6041     -0.092     2.2446     1.5476 -9.990e-29
 207.417263     -0.095   2.835812     9.0526     6.6167     -0.094     2.1699     1.4869 -9.990e-29
 207.417269     -0.094   2.787652     9.0796     6.6252     -0.093     2.1293     1.4528 -9.990e-29
 207.417274     -0.091   2.754571     9.1070     6.5946     -0.090     2.1010     1.4284 -9.990e-29
 207.417280     -0.085   2.746271     9.1307     6.5871     -0.084     2.0929     1.4201 -9.990e-29
 207.417286     -0.080   2.753348     9.1525     6.5955     -0.079     2.0973     1.4218 -9.990e-29
 207.417292     -0.080   2.778026     9.1780 -9.990e-29     -0.079     2.1157     1.4341 -9.990e-29
 207.417297     -0.081   2.916449     9.2070 -9.990e-29     -0.080     2.2258     1.5179 -9.990e-29
 207.417303     -0.079   3.251103     9.2338 -9.990e-29     -0.078     2.4956     1.7271 -9.990e-29
 207.417309     -0.073   3.533400     9.2562 -9.990e-29     -0.072     2.7245     1.9045 -9.990e-29
 207.417315     -0.068   3.423819     9.2771 -9.990e-29     -0.067     2.6333     1.8313 -9.990e-29
 207.417321     -0.067   3.081560     9.2951 -9.990e-29     -0.066     2.3537     1.6108 -9.990e-29
 207.417326     -0.066   2.827216     9.3087 -9.990e-29     -0.065     2.1476     1.4481 -9.990e-29
 207.417332     -0.061   2.844267     9.3209 -9.990e-29     -0.060     2.1606     1.4573 -9.990e-29
 207.417338     -0.056   3.069961     9.3270 -9.990e-29     -0.056     2.3423     1.5991 -9.990e-29
 207.417344     -0.054   3.177752 -9.990e-29 -9.990e-29     -0.054 -9.990e-29 -9.990e-29 -9.990e-29
