data/oxygen options/ONMS/Olympic_Coast_National_Marine_Sanctuary_CTD_Data_2005_2023/raw_data/2013/CAST_TH042_130605faed.cnv
* Sea-Bird SBE19 Data File:
* FileName = C:\2013 Mooring Data\Deployment Casts\CAST_TH042_130605.hex
* Software Version 1.59
* Temperature SN = 2997
* Conductivity SN = 2997
* System UpLoad Time = Jun 05 2013 12:02:22
** CAST_TH042_130605
* ds
# nquan = 9                                 
# nvalues = 950                         
# units = specified
# name 0 = timeJ: Julian Days
# name 1 = prSM: Pressure, Strain Gauge [db]
# name 2 = c0mS/cm: Conductivity [mS/cm]
# name 3 = t090C: Temperature [ITS-90, deg C]
# name 4 = sbeox0ML/L: Oxygen, SBE 43 [ml/l]
# name 5 = depSM: Depth [salt water, m], lat = 47.5
# name 6 = sal00: Salinity, Practical [PSU]
# name 7 = sigma-é00: Density [sigma-theta, kg/m^3]
# name 8 = flag: flag
# span 0 = 156.416470, 156.421962       
# span 1 =     -5.474,     42.604       
# span 2 =   0.217908,  35.438357       
# span 3 =     7.0287,    14.1026       
# span 4 =    -1.8300,    11.0180       
# span 5 =     -5.428,     42.244       
# span 6 =     0.1365,    33.9359       
# span 7 =    -0.4988,    26.5762       
# span 8 = 0.0000e+00, 0.0000e+00       
# interval = seconds: 0.5
# start_time = Jun 05 2013 09:59:43 [Instrument's time stamp, header]
# bad_flag = -9.990e-29
*END*
 156.416470     -5.474 -9.990e-29    12.8813    -1.8205     -5.428 -9.990e-29 -9.990e-29 -9.990e-29
 156.416476     -5.461   0.353862    12.8799    -1.8203     -5.415     0.2233    -0.4318 -9.990e-29
 156.416481     -5.443   0.351831    12.8804    -1.8201     -5.398     0.2219    -0.4329 -9.990e-29
 156.416487     -5.420   0.349431    12.8827    -1.8202     -5.375     0.2204    -0.4344 -9.990e-29
 156.416493     -5.391   0.347339    12.8864    -1.8206     -5.346     0.2190    -0.4359 -9.990e-29
 156.416499     -5.358   0.345534    12.8916    -1.8211     -5.313     0.2178    -0.4375 -9.990e-29
 156.416505     -5.328   0.343825    12.8990    -1.8212     -5.284     0.2167    -0.4393 -9.990e-29
 156.416510     -5.302   0.342149    12.9077    -1.8214     -5.258     0.2155    -0.4413 -9.990e-29
 156.416516     -5.280   0.340489    12.9152    -1.8212     -5.236     0.2144    -0.4431 -9.990e-29
 156.416522     -5.259   0.338846    12.9200    -1.8211     -5.215     0.2133    -0.4446 -9.990e-29
 156.416528     -5.238   0.337245    12.9235    -1.8212     -5.194     0.2123    -0.4458 -9.990e-29
 156.416534     -5.217   0.335767    12.9252    -1.8213     -5.174     0.2113    -0.4468 -9.990e-29
 156.416539     -5.194   0.334659    12.9224    -1.8212     -5.151     0.2106    -0.4470 -9.990e-29
 156.416545     -5.167   0.334107    12.9152    -1.8213     -5.124     0.2103    -0.4463 -9.990e-29
 156.416551     -5.134   0.333930    12.9074    -1.8211     -5.091     0.2102    -0.4454 -9.990e-29
 156.416557     -5.099   0.333891    12.9018    -1.8211     -5.057     0.2102    -0.4447 -9.990e-29
 156.416563     -5.066   0.333939    12.8995    -1.8209     -5.024     0.2103    -0.4444 -9.990e-29
 156.416568     -5.039   0.334138    12.8998    -1.8209     -4.997     0.2104    -0.4443 -9.990e-29
 156.416574     -5.015   0.334756    12.9001    -1.8213     -4.973     0.2108    -0.4440 -9.990e-29
 156.416580     -4.993   0.336062    12.8992    -1.8212     -4.951     0.2117    -0.4433 -9.990e-29
 156.416586     -4.972   0.337583    12.8983    -1.8213     -4.931     0.2126    -0.4424 -9.990e-29
 156.416591     -4.950   0.338579    12.8982    -1.8213     -4.909     0.2133    -0.4419 -9.990e-29
 156.416597     -4.926   0.339270    12.8992    -1.8211     -4.885     0.2137    -0.4417 -9.990e-29
 156.416603     -4.898   0.340024    12.9012    -1.8209     -4.857     0.2142    -0.4415 -9.990e-29
 156.416609     -4.865   0.340740    12.9038    -1.8211     -4.824     0.2147    -0.4415 -9.990e-29
 156.416615     -4.828   0.341267    12.9057    -1.8209     -4.788     0.2150    -0.4415 -9.990e-29
 156.416620     -4.795   0.341199    12.9052    -1.8209     -4.755     0.2149    -0.4415 -9.990e-29
 156.416626     -4.767   0.340447    12.9026    -1.8208     -4.727     0.2145    -0.4415 -9.990e-29
 156.416632     -4.742   0.339669    12.9005    -1.8205     -4.702     0.2140    -0.4416 -9.990e-29
 156.416638     -4.719   0.339490    12.8994    -1.8202     -4.680     0.2139    -0.4416 -9.990e-29
 156.416644     -4.697   0.340227    12.8999    -1.8200     -4.658     0.2143    -0.4413 -9.990e-29
 156.416649     -4.673   0.341757    12.9023    -1.8200     -4.634     0.2153    -0.4408 -9.990e-29
 156.416655     -4.647   0.343351    12.9051    -1.8198     -4.608     0.2163    -0.4404 -9.990e-29
 156.416661     -4.616   0.344364    12.9076    -1.8199     -4.578     0.2170    -0.4402 -9.990e-29
 156.416667     -4.583   0.344489    12.9100    -1.8197     -4.545     0.2170    -0.4404 -9.990e-29
 156.416672     -4.555   0.343892    12.9125    -1.8198     -4.517     0.2166    -0.4411 -9.990e-29
 156.416678     -4.534   0.343438    12.9161    -1.8201     -4.496     0.2163    -0.4418 -9.990e-29
 156.416684     -4.519   0.344186    12.9215    -1.8200     -4.481     0.2168    -0.4421 -9.990e-29
 156.416690     -4.504   0.346580    12.9278    -1.8201     -4.466     0.2183    -0.4417 -9.990e-29
 156.416696     -4.485   0.349382    12.9330    -1.8201     -4.448     0.2201    -0.4410 -9.990e-29
 156.416701     -4.463   0.350236    12.9366    -1.8200     -4.426     0.2206    -0.4410 -9.990e-29
 156.416707     -4.443   0.348618    12.9394    -1.8200     -4.406     0.2195    -0.4422 -9.990e-29
 156.416713     -4.423   0.346249    12.9413    -1.8199     -4.386     0.2180    -0.4436 -9.990e-29
 156.416719     -4.402   0.344402    12.9419    -1.8200     -4.365     0.2168    -0.4446 -9.990e-29
 156.416725     -4.378   0.343384    12.9403    -1.8198     -4.342     0.2162    -0.4449 -9.990e-29
 156.416730     -4.350   0.343501    12.9377    -1.8201     -4.314     0.2163    -0.4445 -9.990e-29
 156.416736     -4.320   0.344910    12.9364    -1.8202     -4.284     0.2172    -0.4437 -9.990e-29
 156.416742     -4.290   0.346720    12.9364    -1.8205     -4.254     0.2183    -0.4428 -9.990e-29
 156.416748     -4.260   0.347469    12.9370    -1.8208     -4.224     0.2188    -0.4425 -9.990e-29
 156.416753     -4.230   0.347049    12.9379    -1.8207     -4.195     0.2185    -0.4428 -9.990e-29
 156.416759     -4.204   0.346560    12.9389    -1.8209     -4.169     0.2182    -0.4432 -9.990e-29
 156.416765     -4.180   0.346461    12.9398    -1.8209     -4.145     0.2181    -0.4433 -9.990e-29
 156.416771     -4.157   0.346066    12.9402    -1.8207     -4.122     0.2179    -0.4436 -9.990e-29
 156.416777     -4.136   0.344848    12.9393    -1.8207     -4.102     0.2171    -0.4441 -9.990e-29
 156.416782     -4.122   0.343401    12.9363    -1.8206     -4.088     0.2162    -0.4444 -9.990e-29
 156.416788     -4.109   0.342563    12.9313    -1.8208     -4.075     0.2157    -0.4442 -9.990e-29
 156.416794     -4.091   0.342327    12.9253    -1.8211     -4.057     0.2156    -0.4435 -9.990e-29
 156.416800     -4.068   0.342378    12.9205    -1.8213     -4.034     0.2156    -0.4429 -9.990e-29
 156.416806     -4.042   0.342785    12.9179    -1.8214     -4.008     0.2159    -0.4423 -9.990e-29
 156.416811     -4.017   0.343540    12.9167    -1.8216     -3.984     0.2164    -0.4418 -9.990e-29
 156.416817     -3.990   0.343988    12.9174    -1.8218     -3.957     0.2167    -0.4416 -9.990e-29
 156.416823     -3.964   0.343618    12.9191    -1.8218     -3.931     0.2164    -0.4421 -9.990e-29
 156.416829     -3.942   0.343044    12.9199    -1.8220     -3.909     0.2161    -0.4424 -9.990e-29
 156.416834     -3.923   0.342611    12.9191    -1.8222     -3.890     0.2158    -0.4426 -9.990e-29
 156.416840     -3.904   0.341740    12.9158    -1.8222     -3.871     0.2152    -0.4426 -9.990e-29
 156.416846     -3.886   0.340379    12.9107    -1.8224     -3.854     0.2144    -0.4426 -9.990e-29
 156.416852     -3.866   0.338929    12.9057    -1.8227     -3.834     0.2135    -0.4427 -9.990e-29
 156.416858     -3.844   0.337674    12.9011    -1.8227     -3.812     0.2127    -0.4427 -9.990e-29
 156.416863     -3.818   0.336604    12.8968    -1.8227     -3.786     0.2120    -0.4427 -9.990e-29
 156.416869     -3.786   0.335400    12.8932    -1.8229     -3.754     0.2113    -0.4428 -9.990e-29
 156.416875     -3.751   0.334118    12.8899    -1.8231     -3.720     0.2105    -0.4430 -9.990e-29
 156.416881     -3.720   0.333264    12.8860    -1.8231     -3.689     0.2099    -0.4430 -9.990e-29
 156.416887     -3.693   0.333361    12.8820    -1.8233     -3.662     0.2100    -0.4424 -9.990e-29
 156.416892     -3.670   0.333986    12.8782    -1.8235     -3.639     0.2104    -0.4416 -9.990e-29
 156.416898     -3.650   0.333757    12.8738    -1.8234     -3.620     0.2103    -0.4411 -9.990e-29
 156.416904     -3.630   0.332370    12.8694    -1.8232     -3.600     0.2094    -0.4412 -9.990e-29
 156.416910     -3.610   0.331299    12.8668    -1.8229     -3.580     0.2088    -0.4414 -9.990e-29
 156.416916     -3.588   0.331332    12.8649    -1.8227     -3.558     0.2088    -0.4412 -9.990e-29
 156.416921     -3.563   0.331406    12.8619    -1.8228     -3.533     0.2088    -0.4408 -9.990e-29
 156.416927     -3.533   0.330515    12.8587    -1.8228     -3.504     0.2083    -0.4408 -9.990e-29
 156.416933     -3.502   0.328579    12.8558    -1.8227     -3.473     0.2071    -0.4414 -9.990e-29
 156.416939     -3.474   0.326340    12.8525    -1.8225     -3.445     0.2056    -0.4421 -9.990e-29
 156.416944     -3.453   0.324690    12.8507    -1.8223     -3.424     0.2046    -0.4427 -9.990e-29
 156.416950     -3.438   0.323644    12.8522    -1.8225     -3.409     0.2039    -0.4434 -9.990e-29
 156.416956     -3.427   0.322916    12.8564    -1.8228     -3.398     0.2034    -0.4443 -9.990e-29
 156.416962     -3.420   0.322642    12.8618    -1.8233     -3.391     0.2032    -0.4451 -9.990e-29
 156.416968     -3.413   0.322459    12.8659    -1.8236     -3.385     0.2031    -0.4458 -9.990e-29
 156.416973     -3.399   0.321567    12.8681    -1.8234     -3.371     0.2025    -0.4465 -9.990e-29
 156.416979     -3.384   0.319886    12.8701    -1.8237     -3.356     0.2014    -0.4476 -9.990e-29
 156.416985     -3.369   0.317945    12.8731    -1.8238     -3.341     0.2001    -0.4490 -9.990e-29
 156.416991     -3.355   0.316482    12.8764    -1.8239     -3.327     0.1992    -0.4501 -9.990e-29
 156.416997     -3.340   0.315761    12.8774    -1.8239     -3.312     0.1987    -0.4506 -9.990e-29
 156.417002     -3.323   0.315374    12.8743    -1.8239     -3.295     0.1985    -0.4504 -9.990e-29
 156.417008     -3.307   0.314807    12.8672    -1.8241     -3.279     0.1981    -0.4498 -9.990e-29
 156.417014     -3.297   0.313859    12.8586    -1.8242     -3.270     0.1976    -0.4491 -9.990e-29
 156.417020     -3.286   0.312927    12.8524    -1.8244     -3.259     0.1970    -0.4488 -9.990e-29
 156.417025     -3.270   0.312429    12.8489    -1.8245     -3.243     0.1967    -0.4486 -9.990e-29
 156.417031     -3.247   0.312259    12.8451    -1.8246     -3.220     0.1966    -0.4482 -9.990e-29
 156.417037     -3.222   0.312190    12.8414    -1.8247     -3.195     0.1966    -0.4478 -9.990e-29
 156.417043     -3.195   0.312130    12.8394    -1.8244     -3.168     0.1965    -0.4475 -9.990e-29
 156.417049     -3.167   0.311999    12.8383    -1.8244     -3.141     0.1965    -0.4475 -9.990e-29
 156.417054     -3.139   0.311623    12.8366    -1.8245     -3.113     0.1962    -0.4474 -9.990e-29
 156.417060     -3.113   0.311057    12.8338    -1.8248     -3.087     0.1959    -0.4473 -9.990e-29
 156.417066     -3.088   0.310653    12.8304    -1.8247     -3.062     0.1956    -0.4471 -9.990e-29
 156.417072     -3.063   0.310427    12.8267    -1.8247     -3.037     0.1955    -0.4467 -9.990e-29
 156.417078     -3.040   0.310077    12.8231    -1.8246     -3.015     0.1953    -0.4465 -9.990e-29
 156.417083     -3.022   0.309691    12.8209    -1.8247     -2.997     0.1951    -0.4464 -9.990e-29
 156.417089     -3.003   0.309863    12.8211    -1.8249     -2.978     0.1952    -0.4463 -9.990e-29
 156.417095     -2.983   0.310823    12.8227    -1.8253     -2.958     0.1958    -0.4460 -9.990e-29
 156.417101     -2.968   0.311636    12.8230    -1.8254     -2.943     0.1963    -0.4457 -9.990e-29
 156.417106     -2.958   0.311172    12.8214    -1.8255     -2.933     0.1960    -0.4457 -9.990e-29
 156.417112     -2.943   0.309921    12.8196    -1.8257     -2.918     0.1952    -0.4461 -9.990e-29
 156.417118     -2.923   0.308987    12.8191    -1.8256     -2.899     0.1946    -0.4465 -9.990e-29
 156.417124     -2.904   0.308232    12.8195    -1.8257     -2.880     0.1941    -0.4469 -9.990e-29
 156.417130     -2.890   0.307203    12.8190    -1.8258     -2.866     0.1935    -0.4474 -9.990e-29
 156.417135     -2.876   0.306190    12.8164    -1.8258     -2.852     0.1928    -0.4475 -9.990e-29
 156.417141     -2.857   0.305505    12.8112    -1.8258     -2.833     0.1924    -0.4472 -9.990e-29
 156.417147     -2.835   0.304787    12.8053    -1.8256     -2.811     0.1920    -0.4468 -9.990e-29
 156.417153     -2.813   0.303634    12.8009    -1.8255     -2.790     0.1913    -0.4468 -9.990e-29
 156.417159     -2.795   0.302171    12.7976    -1.8255     -2.772     0.1903    -0.4471 -9.990e-29
 156.417164     -2.783   0.300663    12.7948    -1.8254     -2.760     0.1894    -0.4475 -9.990e-29
 156.417170     -2.773   0.299314    12.7929    -1.8252     -2.750     0.1885    -0.4480 -9.990e-29
 156.417176     -2.759   0.298541    12.7915    -1.8249     -2.736     0.1880    -0.4482 -9.990e-29
 156.417182     -2.741   0.298424    12.7908    -1.8244     -2.718     0.1880    -0.4482 -9.990e-29
 156.417188     -2.718   0.298251    12.7910    -1.8239     -2.695     0.1878    -0.4483 -9.990e-29
 156.417193     -2.692   0.297609    12.7924    -1.8238     -2.670     0.1874    -0.4488 -9.990e-29
 156.417199     -2.670   0.296749    12.7951    -1.8237     -2.648     0.1869    -0.4495 -9.990e-29
 156.417205     -2.655   0.296004    12.7981    -1.8237     -2.633     0.1864    -0.4503 -9.990e-29
 156.417211     -2.642   0.295487    12.8013    -1.8233     -2.620     0.1860    -0.4510 -9.990e-29
 156.417216     -2.626   0.294877    12.8058    -1.8231     -2.604     0.1856    -0.4519 -9.990e-29
 156.417222     -2.610   0.293913    12.8120    -1.8228     -2.588     0.1850    -0.4531 -9.990e-29
 156.417228     -2.597   0.292971    12.8208    -1.8225     -2.575     0.1843    -0.4547 -9.990e-29
 156.417234     -2.587   0.292457    12.8315    -1.8226     -2.565     0.1839    -0.4564 -9.990e-29
 156.417240     -2.578   0.292239    12.8411    -1.8227     -2.557     0.1838    -0.4577 -9.990e-29
 156.417245     -2.571   0.292026    12.8475    -1.8229     -2.550     0.1836    -0.4586 -9.990e-29
 156.417251     -2.565   0.291532    12.8521    -1.8232     -2.544     0.1832    -0.4595 -9.990e-29
 156.417257     -2.559   0.290652    12.8569    -1.8237     -2.538     0.1827    -0.4605 -9.990e-29
 156.417263     -2.553   0.289873    12.8630    -1.8242     -2.532     0.1821    -0.4617 -9.990e-29
 156.417269     -2.546   0.289818    12.8699    -1.8246     -2.525     0.1821    -0.4626 -9.990e-29
 156.417274     -2.539   0.290412    12.8768    -1.8247     -2.518     0.1824    -0.4632 -9.990e-29
 156.417280     -2.531   0.290787    12.8814    -1.8253     -2.510     0.1826    -0.4636 -9.990e-29
 156.417286     -2.521   0.290333    12.8821    -1.8255     -2.500     0.1823    -0.4640 -9.990e-29
 156.417292     -2.508   0.289554    12.8796    -1.8254     -2.487     0.1819    -0.4640 -9.990e-29
 156.417297     -2.493   0.289072    12.8741    -1.8254     -2.472     0.1816    -0.4636 -9.990e-29
 156.417303     -2.473   0.288798    12.8650    -1.8252     -2.452     0.1814    -0.4625 -9.990e-29
 156.417309     -2.452   0.288365    12.8532    -1.8249     -2.432     0.1812    -0.4612 -9.990e-29
 156.417315     -2.433   0.287748    12.8415    -1.8245     -2.413     0.1809    -0.4600 -9.990e-29
 156.417321     -2.414   0.287232    12.8318    -1.8239     -2.394     0.1806    -0.4590 -9.990e-29
 156.417326     -2.395   0.286684    12.8233    -1.8235     -2.375     0.1803    -0.4582 -9.990e-29
 156.417332     -2.375   0.285925    12.8152    -1.8233     -2.355     0.1798    -0.4575 -9.990e-29
 156.417338     -2.355   0.285050    12.8101    -1.8233     -2.335     0.1793    -0.4573 -9.990e-29
 156.417344     -2.339   0.284000    12.8093    -1.8230     -2.319     0.1786    -0.4577 -9.990e-29
 156.417350     -2.327   0.283034    12.8115    -1.8230     -2.308     0.1780    -0.4585 -9.990e-29
 156.417355     -2.317   0.282526    12.8167    -1.8226     -2.298     0.1776    -0.4594 -9.990e-29
 156.417361     -2.309   0.282353    12.8249    -1.8222     -2.290     0.1775    -0.4606 -9.990e-29
 156.417367     -2.302   0.282284    12.8356    -1.8220     -2.283     0.1774    -0.4620 -9.990e-29
 156.417373     -2.296   0.282224    12.8476    -1.8220     -2.277     0.1773    -0.4636 -9.990e-29
 156.417378     -2.291   0.282093    12.8582    -1.8220     -2.272     0.1772    -0.4650 -9.990e-29
 156.417384     -2.285   0.281716    12.8655    -1.8221     -2.266     0.1769    -0.4661 -9.990e-29
 156.417390     -2.280   0.281144    12.8709    -1.8218     -2.261     0.1765    -0.4671 -9.990e-29
