data/oxygen options/ONMS/Olympic_Coast_National_Marine_Sanctuary_CTD_Data_2005_2023/raw_data/2013/CAST_KL050_130828faed.cnv
* Sea-Bird SBE19 Data File:
* FileName = C:\2013 Mooring Data\2nd Service\Casts\CAST_KL050_130828.hex
* Software Version 1.59
* Temperature SN = 2997
* Conductivity SN = 2997
* System UpLoad Time = Aug 28 2013 16:22:10
** CAST_KL050_130828
* ds
# nquan = 9                                 
# nvalues = 991                         
# units = specified
# name 0 = timeJ: Julian Days
# name 1 = prSM: Pressure, Strain Gauge [db]
# name 2 = c0mS/cm: Conductivity [mS/cm]
# name 3 = t090C: Temperature [ITS-90, deg C]
# name 4 = sbeox0ML/L: Oxygen, SBE 43 [ml/l]
# name 5 = depSM: Depth [salt water, m], lat = 47.5
# name 6 = sal00: Salinity, Practical [PSU]
# name 7 = sigma-é00: Density [sigma-theta, kg/m^3]
# name 8 = flag: flag
# span 0 = 240.674699, 240.680428       
# span 1 =     -5.475,     51.226       
# span 2 =   0.302535,  39.674227       
# span 3 =     7.4945,    16.9370       
# span 4 =    -1.7092,    10.6623       
# span 5 =     -5.429,     50.792       
# span 6 =     0.1739,    33.6040       
# span 7 =    -1.0449,    26.2508       
# span 8 = 0.0000e+00, 0.0000e+00       
# interval = seconds: 0.5
# start_time = Aug 28 2013 16:11:34 [Instrument's time stamp, header]
# bad_flag = -9.990e-29
*END*
 240.674699     -5.475 -9.990e-29    16.7384    -1.7066     -5.429 -9.990e-29 -9.990e-29 -9.990e-29
 240.674705     -5.461   0.328978    16.7380    -1.7066     -5.415     0.1890    -1.0328 -9.990e-29
 240.674711     -5.444   0.328424    16.7374    -1.7066     -5.399     0.1887    -1.0330 -9.990e-29
 240.674716     -5.422   0.328054    16.7367    -1.7066     -5.377     0.1885    -1.0330 -9.990e-29
 240.674722     -5.393   0.327928    16.7363    -1.7064     -5.348     0.1884    -1.0330 -9.990e-29
 240.674728     -5.361   0.327877    16.7362    -1.7061     -5.316     0.1884    -1.0330 -9.990e-29
 240.674734     -5.331   0.327834    16.7368    -1.7060     -5.287     0.1884    -1.0331 -9.990e-29
 240.674740     -5.306   0.327742    16.7377    -1.7057     -5.262     0.1883    -1.0333 -9.990e-29
 240.674745     -5.285   0.327476    16.7384    -1.7056     -5.241     0.1882    -1.0336 -9.990e-29
 240.674751     -5.265   0.327236    16.7391    -1.7055     -5.221     0.1880    -1.0338 -9.990e-29
 240.674757     -5.247   0.327258    16.7402    -1.7056     -5.203     0.1880    -1.0340 -9.990e-29
 240.674763     -5.228   0.327015    16.7420    -1.7057     -5.184     0.1879    -1.0344 -9.990e-29
 240.674769     -5.207   0.326184    16.7449    -1.7057     -5.164     0.1874    -1.0353 -9.990e-29
 240.674774     -5.184   0.325316    16.7505    -1.7058     -5.141     0.1869    -1.0366 -9.990e-29
 240.674780     -5.157   0.324916    16.7585    -1.7054     -5.114     0.1866    -1.0382 -9.990e-29
 240.674786     -5.123   0.325004    16.7667    -1.7055     -5.080     0.1866    -1.0396 -9.990e-29
 240.674792     -5.086   0.325143    16.7739    -1.7056     -5.044     0.1866    -1.0408 -9.990e-29
 240.674797     -5.051   0.324965    16.7789    -1.7059     -5.009     0.1865    -1.0418 -9.990e-29
 240.674803     -5.020   0.324784    16.7809    -1.7059     -4.978     0.1864    -1.0422 -9.990e-29
 240.674809     -4.991   0.324915    16.7807    -1.7060     -4.949     0.1865    -1.0421 -9.990e-29
 240.674815     -4.963   0.324976    16.7799    -1.7060     -4.922     0.1865    -1.0419 -9.990e-29
 240.674821     -4.933   0.324495    16.7797    -1.7060     -4.892     0.1862    -1.0421 -9.990e-29
 240.674826     -4.901   0.323938    16.7817    -1.7059     -4.860     0.1859    -1.0427 -9.990e-29
 240.674832     -4.867   0.323670    16.7848    -1.7059     -4.826     0.1857    -1.0434 -9.990e-29
 240.674838     -4.835   0.323335    16.7848    -1.7060     -4.795     0.1855    -1.0435 -9.990e-29
 240.674844     -4.802   0.323038    16.7808    -1.7061     -4.762     0.1854    -1.0430 -9.990e-29
 240.674850     -4.770   0.322936    16.7755    -1.7062     -4.730     0.1854    -1.0421 -9.990e-29
 240.674855     -4.742   0.322894    16.7714    -1.7062     -4.702     0.1853    -1.0414 -9.990e-29
 240.674861     -4.715   0.322855    16.7690    -1.7061     -4.676     0.1853    -1.0410 -9.990e-29
 240.674867     -4.689   0.322768    16.7682    -1.7060     -4.650     0.1853    -1.0409 -9.990e-29
 240.674873     -4.661   0.322517    16.7690    -1.7060     -4.622     0.1851    -1.0411 -9.990e-29
 240.674878     -4.629   0.322320    16.7708    -1.7060     -4.590     0.1850    -1.0415 -9.990e-29
 240.674884     -4.592   0.322466    16.7721    -1.7061     -4.554     0.1851    -1.0417 -9.990e-29
 240.674890     -4.552   0.322598    16.7711    -1.7061     -4.514     0.1852    -1.0415 -9.990e-29
 240.674896     -4.514   0.322338    16.7685    -1.7060     -4.476     0.1850    -1.0411 -9.990e-29
 240.674902     -4.481   0.321893    16.7664    -1.7060     -4.444     0.1848    -1.0409 -9.990e-29
 240.674907     -4.450   0.321774    16.7662    -1.7059     -4.413     0.1847    -1.0410 -9.990e-29
 240.674913     -4.424   0.321825    16.7674    -1.7060     -4.387     0.1847    -1.0411 -9.990e-29
 240.674919     -4.405   0.321559    16.7688    -1.7061     -4.368     0.1846    -1.0415 -9.990e-29
 240.674925     -4.388   0.321177    16.7696    -1.7062     -4.351     0.1844    -1.0418 -9.990e-29
 240.674931     -4.367   0.320722    16.7699    -1.7061     -4.331     0.1841    -1.0421 -9.990e-29
 240.674936     -4.342   0.320140    16.7700    -1.7060     -4.306     0.1838    -1.0424 -9.990e-29
 240.674942     -4.314   0.319761    16.7707    -1.7060     -4.278     0.1835    -1.0427 -9.990e-29
 240.674948     -4.291   0.319633    16.7721    -1.7060     -4.255     0.1834    -1.0430 -9.990e-29
 240.674954     -4.275   0.319586    16.7731    -1.7062     -4.239     0.1834    -1.0431 -9.990e-29
 240.674959     -4.265   0.319559    16.7728    -1.7062     -4.229     0.1834    -1.0431 -9.990e-29
 240.674965     -4.257   0.319513    16.7712    -1.7062     -4.222     0.1834    -1.0428 -9.990e-29
 240.674971     -4.241   0.319388    16.7696    -1.7061     -4.206     0.1833    -1.0426 -9.990e-29
 240.674977     -4.217   0.319018    16.7692    -1.7061     -4.182     0.1831    -1.0427 -9.990e-29
 240.674983     -4.191   0.318463    16.7705    -1.7061     -4.156     0.1828    -1.0432 -9.990e-29
 240.674988     -4.166   0.318090    16.7720    -1.7060     -4.131     0.1825    -1.0436 -9.990e-29
 240.674994     -4.141   0.317953    16.7722    -1.7060     -4.106     0.1825    -1.0437 -9.990e-29
 240.675000     -4.113   0.317871    16.7715    -1.7061     -4.079     0.1824    -1.0436 -9.990e-29
 240.675006     -4.081   0.317735    16.7703    -1.7062     -4.047     0.1823    -1.0435 -9.990e-29
 240.675012     -4.048   0.317362    16.7694    -1.7061     -4.014     0.1821    -1.0435 -9.990e-29
 240.675017     -4.019   0.316807    16.7696    -1.7061     -3.985     0.1818    -1.0438 -9.990e-29
 240.675023     -3.998   0.316437    16.7706    -1.7061     -3.965     0.1816    -1.0441 -9.990e-29
 240.675029     -3.978   0.316313    16.7719    -1.7061     -3.945     0.1815    -1.0444 -9.990e-29
 240.675035     -3.955   0.316271    16.7733    -1.7062     -3.922     0.1815    -1.0447 -9.990e-29
 240.675041     -3.930   0.316255    16.7744    -1.7062     -3.897     0.1815    -1.0449 -9.990e-29
 240.675046     -3.907   0.316241    16.7743    -1.7062     -3.874     0.1815    -1.0449 -9.990e-29
 240.675052     -3.884   0.316212    16.7729    -1.7065     -3.852     0.1815    -1.0446 -9.990e-29
 240.675058     -3.860   0.316128    16.7717    -1.7066     -3.828     0.1814    -1.0444 -9.990e-29
 240.675064     -3.837   0.315877    16.7719    -1.7066     -3.805     0.1813    -1.0446 -9.990e-29
 240.675069     -3.818   0.315679    16.7726    -1.7067     -3.786     0.1811    -1.0448 -9.990e-29
 240.675075     -3.798   0.315821    16.7731    -1.7068     -3.766     0.1812    -1.0448 -9.990e-29
 240.675081     -3.772   0.315940    16.7729    -1.7069     -3.741     0.1813    -1.0447 -9.990e-29
 240.675087     -3.741   0.315640    16.7715    -1.7071     -3.710     0.1811    -1.0446 -9.990e-29
 240.675093     -3.712   0.315074    16.7698    -1.7072     -3.681     0.1808    -1.0446 -9.990e-29
 240.675098     -3.689   0.314596    16.7671    -1.7072     -3.658     0.1805    -1.0443 -9.990e-29
 240.675104     -3.669   0.314120    16.7628    -1.7072     -3.638     0.1803    -1.0438 -9.990e-29
 240.675110     -3.650   0.313567    16.7583    -1.7074     -3.620     0.1800    -1.0433 -9.990e-29
 240.675116     -3.633   0.313306    16.7547    -1.7075     -3.603     0.1798    -1.0427 -9.990e-29
 240.675122     -3.616   0.313544    16.7515    -1.7075     -3.586     0.1800    -1.0421 -9.990e-29
 240.675127     -3.597   0.314042    16.7478    -1.7077     -3.567     0.1803    -1.0412 -9.990e-29
 240.675133     -3.576   0.314356    16.7438    -1.7078     -3.546     0.1805    -1.0404 -9.990e-29
 240.675139     -3.551   0.314352    16.7401    -1.7078     -3.521     0.1805    -1.0397 -9.990e-29
 240.675145     -3.525   0.314022    16.7368    -1.7078     -3.496     0.1803    -1.0393 -9.990e-29
 240.675150     -3.504   0.313481    16.7335    -1.7077     -3.475     0.1800    -1.0390 -9.990e-29
 240.675156     -3.493   0.313116    16.7300    -1.7079     -3.464     0.1798    -1.0385 -9.990e-29
 240.675162     -3.485   0.312993    16.7262    -1.7080     -3.456     0.1798    -1.0379 -9.990e-29
 240.675168     -3.472   0.312948    16.7229    -1.7080     -3.443     0.1798    -1.0373 -9.990e-29
 240.675174     -3.453   0.312922    16.7198    -1.7080     -3.424     0.1798    -1.0368 -9.990e-29
 240.675179     -3.430   0.312880    16.7163    -1.7079     -3.401     0.1797    -1.0362 -9.990e-29
 240.675185     -3.403   0.312765    16.7135    -1.7079     -3.375     0.1797    -1.0358 -9.990e-29
 240.675191     -3.374   0.312423    16.7118    -1.7079     -3.346     0.1795    -1.0356 -9.990e-29
 240.675197     -3.346   0.311952    16.7114    -1.7079     -3.318     0.1792    -1.0358 -9.990e-29
 240.675203     -3.316   0.311829    16.7115    -1.7080     -3.288     0.1792    -1.0359 -9.990e-29
 240.675208     -3.283   0.311891    16.7105    -1.7080     -3.256     0.1792    -1.0357 -9.990e-29
 240.675214     -3.248   0.311665    16.7084    -1.7081     -3.221     0.1791    -1.0354 -9.990e-29
 240.675220     -3.220   0.311404    16.7069    -1.7080     -3.193     0.1789    -1.0353 -9.990e-29
 240.675226     -3.198   0.311313    16.7069    -1.7080     -3.171     0.1789    -1.0353 -9.990e-29
 240.675231     -3.184   0.311272    16.7078    -1.7079     -3.157     0.1788    -1.0355 -9.990e-29
 240.675237     -3.170   0.311226    16.7086    -1.7079     -3.144     0.1788    -1.0356 -9.990e-29
 240.675243     -3.153   0.311112    16.7089    -1.7080     -3.127     0.1787    -1.0357 -9.990e-29
 240.675249     -3.135   0.310779    16.7080    -1.7081     -3.109     0.1786    -1.0357 -9.990e-29
 240.675255     -3.119   0.310334    16.7065    -1.7081     -3.093     0.1783    -1.0357 -9.990e-29
 240.675260     -3.105   0.310292    16.7053    -1.7080     -3.079     0.1783    -1.0355 -9.990e-29
 240.675266     -3.091   0.310599    16.7050    -1.7081     -3.065     0.1785    -1.0353 -9.990e-29
 240.675272     -3.076   0.310555    16.7059    -1.7082     -3.050     0.1784    -1.0355 -9.990e-29
 240.675278     -3.061   0.310100    16.7074    -1.7081     -3.035     0.1782    -1.0359 -9.990e-29
 240.675284     -3.043   0.309736    16.7088    -1.7081     -3.018     0.1779    -1.0363 -9.990e-29
 240.675289     -3.022   0.309531    16.7091    -1.7081     -2.997     0.1778    -1.0365 -9.990e-29
 240.675295     -3.000   0.309210    16.7079    -1.7081     -2.975     0.1776    -1.0364 -9.990e-29
 240.675301     -2.981   0.308900    16.7067    -1.7082     -2.956     0.1775    -1.0363 -9.990e-29
 240.675307     -2.958   0.308740    16.7071    -1.7083     -2.933     0.1774    -1.0365 -9.990e-29
 240.675312     -2.931   0.308516    16.7077    -1.7083     -2.907     0.1772    -1.0367 -9.990e-29
 240.675318     -2.906   0.308483    16.7067    -1.7083     -2.882     0.1772    -1.0365 -9.990e-29
 240.675324     -2.886   0.308596    16.7055    -1.7085     -2.862     0.1773    -1.0363 -9.990e-29
 240.675330     -2.870   0.308452    16.7053    -1.7084     -2.846     0.1772    -1.0363 -9.990e-29
 240.675336     -2.857   0.308413    16.7054    -1.7084     -2.833     0.1772    -1.0363 -9.990e-29
 240.675341     -2.845   0.308426    16.7050    -1.7084     -2.821     0.1772    -1.0363 -9.990e-29
 240.675347     -2.834   0.307956    16.7036    -1.7084     -2.810     0.1769    -1.0362 -9.990e-29
 240.675353     -2.824   0.307484    16.7012    -1.7084     -2.800     0.1767    -1.0360 -9.990e-29
 240.675359     -2.813   0.307488    16.6991    -1.7084     -2.790     0.1767    -1.0356 -9.990e-29
 240.675365     -2.802   0.307419    16.6981    -1.7084     -2.779     0.1766    -1.0355 -9.990e-29
 240.675370     -2.789   0.307183    16.6968    -1.7085     -2.766     0.1765    -1.0354 -9.990e-29
 240.675376     -2.773   0.307020    16.6950    -1.7086     -2.750     0.1764    -1.0351 -9.990e-29
 240.675382     -2.759   0.306711    16.6941    -1.7087     -2.736     0.1762    -1.0351 -9.990e-29
 240.675388     -2.748   0.306399    16.6941    -1.7086     -2.725     0.1761    -1.0353 -9.990e-29
 240.675394     -2.737   0.306220    16.6947    -1.7086     -2.714     0.1760    -1.0354 -9.990e-29
 240.675399     -2.720   0.305936    16.6956    -1.7086     -2.697     0.1758    -1.0357 -9.990e-29
 240.675405     -2.696   0.305721    16.6965    -1.7084     -2.674     0.1757    -1.0360 -9.990e-29
 240.675411     -2.668   0.305843    16.6964    -1.7082     -2.646     0.1757    -1.0359 -9.990e-29
 240.675417     -2.642   0.305910    16.6953    -1.7082     -2.620     0.1758    -1.0357 -9.990e-29
 240.675422     -2.622   0.305643    16.6934    -1.7083     -2.600     0.1756    -1.0355 -9.990e-29
 240.675428     -2.606   0.305239    16.6909    -1.7083     -2.584     0.1754    -1.0352 -9.990e-29
 240.675434     -2.593   0.304899    16.6892    -1.7085     -2.571     0.1752    -1.0351 -9.990e-29
 240.675440     -2.582   0.304724    16.6893    -1.7087     -2.560     0.1751    -1.0352 -9.990e-29
 240.675446     -2.573   0.304666    16.6907    -1.7087     -2.552     0.1751    -1.0354 -9.990e-29
 240.675451     -2.565   0.304646    16.6931    -1.7087     -2.544     0.1750    -1.0359 -9.990e-29
 240.675457     -2.557   0.304639    16.6970    -1.7087     -2.536     0.1750    -1.0366 -9.990e-29
 240.675463     -2.549   0.304636    16.7008    -1.7087     -2.528     0.1750    -1.0372 -9.990e-29
 240.675469     -2.540   0.304635    16.7021    -1.7086     -2.519     0.1750    -1.0374 -9.990e-29
 240.675475     -2.531   0.304635    16.7014    -1.7087     -2.510     0.1750    -1.0373 -9.990e-29
 240.675480     -2.519   0.304636    16.6988    -1.7088     -2.498     0.1750    -1.0369 -9.990e-29
 240.675486     -2.505   0.304638    16.6943    -1.7087     -2.484     0.1750    -1.0361 -9.990e-29
 240.675492     -2.488   0.304647    16.6903    -1.7085     -2.467     0.1751    -1.0354 -9.990e-29
 240.675498     -2.466   0.304674    16.6886    -1.7084     -2.445     0.1751    -1.0351 -9.990e-29
 240.675503     -2.439   0.304756    16.6883    -1.7084     -2.419     0.1751    -1.0350 -9.990e-29
 240.675509     -2.408   0.305001    16.6881    -1.7085     -2.388     0.1753    -1.0348 -9.990e-29
 240.675515     -2.381   0.305183    16.6879    -1.7085     -2.361     0.1754    -1.0347 -9.990e-29
 240.675521     -2.359   0.304993    16.6882    -1.7085     -2.339     0.1753    -1.0349 -9.990e-29
 240.675527     -2.342   0.304733    16.6880    -1.7087     -2.322     0.1751    -1.0349 -9.990e-29
 240.675532     -2.328   0.304610    16.6878    -1.7087     -2.309     0.1750    -1.0350 -9.990e-29
 240.675538     -2.317   0.304459    16.6897    -1.7087     -2.298     0.1749    -1.0354 -9.990e-29
 240.675544     -2.307   0.304080    16.6935    -1.7089     -2.288     0.1747    -1.0362 -9.990e-29
 240.675550     -2.299   0.303523    16.6965    -1.7090     -2.280     0.1744    -1.0370 -9.990e-29
 240.675556     -2.291   0.303153    16.6972    -1.7089     -2.272     0.1742    -1.0373 -9.990e-29
 240.675561     -2.284   0.303029    16.6964    -1.7088     -2.265     0.1741    -1.0372 -9.990e-29
 240.675567     -2.276   0.302988    16.6950    -1.7089     -2.257     0.1741    -1.0369 -9.990e-29
 240.675573     -2.267   0.302977    16.6930    -1.7087     -2.248     0.1741    -1.0366 -9.990e-29
 240.675579     -2.256   0.302980    16.6906    -1.7087     -2.237     0.1741    -1.0362 -9.990e-29
 240.675584     -2.244   0.303003    16.6885    -1.7087     -2.225     0.1741    -1.0358 -9.990e-29
 240.675590     -2.229   0.303075    16.6864    -1.7086     -2.210     0.1742    -1.0354 -9.990e-29
 240.675596     -2.210   0.303293    16.6840    -1.7086     -2.192     0.1743    -1.0349 -9.990e-29
 240.675602     -2.190   0.303395    16.6827    -1.7087     -2.172     0.1744    -1.0346 -9.990e-29
 240.675608     -2.177   0.302964    16.6831    -1.7088     -2.159     0.1741    -1.0349 -9.990e-29
 240.675613     -2.174   0.302535    16.6839    -1.7088     -2.156     0.1739    -1.0352 -9.990e-29
 240.675619     -2.177   0.302641    16.6843    -1.7090     -2.159     0.1739    -1.0352 -9.990e-29
