data/oxygen options/ONMS/Olympic_Coast_National_Marine_Sanctuary_CTD_Data_2005_2023/raw_data/2013/CAST_CA015_130729faed.cnv
* Sea-Bird SBE19 Data File:
* FileName = C:\2013 Mooring Data\1st Service\Casts\CAST_CA015_130729.hex
* Software Version 1.59
* Temperature SN = 2997
* Conductivity SN = 2997
* System UpLoad Time = Jul 29 2013 14:09:28
** CAST_CA015_130729
* ds
# nquan = 9                                 
# nvalues = 841                         
# units = specified
# name 0 = timeJ: Julian Days
# name 1 = prSM: Pressure, Strain Gauge [db]
# name 2 = c0mS/cm: Conductivity [mS/cm]
# name 3 = t090C: Temperature [ITS-90, deg C]
# name 4 = sbeox0ML/L: Oxygen, SBE 43 [ml/l]
# name 5 = depSM: Depth [salt water, m], lat = 47.5
# name 6 = sal00: Salinity, Practical [PSU]
# name 7 = sigma-é00: Density [sigma-theta, kg/m^3]
# name 8 = flag: flag
# span 0 = 210.458067, 210.462928       
# span 1 =     -5.470,     16.168       
# span 2 =   0.008134,  36.821813       
# span 3 =     7.7270,    13.1108       
# span 4 =    -1.8391,    13.8446       
# span 5 =     -5.424,     16.032       
# span 6 =     0.0099,    33.5229       
# span 7 =    -0.6276,    26.1520       
# span 8 = 0.0000e+00, 0.0000e+00       
# interval = seconds: 0.5
# start_time = Jul 29 2013 10:59:37 [Instrument's time stamp, header]
# bad_flag = -9.990e-29
*END*
[from data line 161]
 210.458999     -2.209   0.013033    12.7318    -1.8293     -2.191     0.0122    -0.5781 -9.990e-29
 210.459005     -2.189   0.013033    12.7381    -1.8294     -2.171     0.0122    -0.5789 -9.990e-29
 210.459010     -2.171   0.013034    12.7433    -1.8293     -2.153     0.0122    -0.5795 -9.990e-29
 210.459016     -2.150   0.013034    12.7479    -1.8291     -2.132     0.0123    -0.5801 -9.990e-29
 210.459022     -2.124   0.013034    12.7521    -1.8289     -2.106     0.0123    -0.5806 -9.990e-29
 210.459028     -2.101   0.013035    12.7554    -1.8286     -2.083     0.0123    -0.5810 -9.990e-29
 210.459034     -2.082   0.013035    12.7569    -1.8282     -2.065     0.0123    -0.5812 -9.990e-29
 210.459039     -2.068   0.013036    12.7561    -1.8280     -2.051     0.0123    -0.5811 -9.990e-29
 210.459045     -2.057   0.013036    12.7541    -1.8282     -2.040     0.0123    -0.5808 -9.990e-29
 210.459051     -2.048   0.013036    12.7523    -1.8282     -2.031     0.0123    -0.5806 -9.990e-29
 210.459057     -2.042   0.013037    12.7515    -1.8281     -2.025     0.0123    -0.5805 -9.990e-29
 210.459062     -2.036   0.013037    12.7530    -1.8280     -2.019     0.0123    -0.5807 -9.990e-29
 210.459068     -2.031   0.013038    12.7570    -1.8278     -2.014     0.0123    -0.5812 -9.990e-29
 210.459074     -2.027   0.013038    12.7632    -1.8276     -2.010     0.0123    -0.5820 -9.990e-29
 210.459080     -2.024   0.013038    12.7711    -1.8275     -2.007     0.0123    -0.5829 -9.990e-29
 210.459086     -2.021   0.013039    12.7787    -1.8274     -2.004     0.0123    -0.5839 -9.990e-29
 210.459091     -2.018   0.013039    12.7832    -1.8275     -2.001     0.0123    -0.5844 -9.990e-29
 210.459097     -2.015   0.013040    12.7842    -1.8280     -1.998     0.0123    -0.5845 -9.990e-29
 210.459103     -2.011   0.013040    12.7847    -1.8283     -1.994     0.0123    -0.5846 -9.990e-29
 210.459109     -2.007   0.013040    12.7868    -1.8282     -1.990     0.0123    -0.5849 -9.990e-29
 210.459115     -2.002   0.013041    12.7902    -1.8281     -1.985     0.0123    -0.5853 -9.990e-29
 210.459120     -1.996   0.013041    12.7941    -1.8276     -1.979     0.0123    -0.5858 -9.990e-29
 210.459126     -1.988   0.013042    12.7977    -1.8272     -1.971     0.0123    -0.5862 -9.990e-29
 210.459132     -1.979   0.013042    12.8004    -1.8267     -1.962     0.0123    -0.5866 -9.990e-29
 210.459138     -1.966   0.013042    12.8012    -1.8265     -1.950     0.0123    -0.5867 -9.990e-29
 210.459144     -1.951   0.013043    12.7980    -1.8261     -1.935     0.0123    -0.5863 -9.990e-29
 210.459149     -1.931   0.013043    12.7921    -1.8258     -1.915     0.0123    -0.5855 -9.990e-29
 210.459155     -1.905   0.013044    12.7879    -1.8255     -1.889     0.0123    -0.5850 -9.990e-29
 210.459161     -1.876   0.013044    12.7884    -1.8254     -1.860     0.0123    -0.5851 -9.990e-29
 210.459167     -1.851   0.013043    12.7936    -1.8252     -1.836     0.0123    -0.5857 -9.990e-29
 210.459172     -1.832   0.013040    12.8027    -1.8251     -1.817     0.0123    -0.5868 -9.990e-29
 210.459178     -1.819   0.013032    12.8137    -1.8251     -1.804     0.0123    -0.5882 -9.990e-29
 210.459184     -1.810   0.013005    12.8242    -1.8250     -1.795     0.0123    -0.5895 -9.990e-29
 210.459190     -1.804   0.012923    12.8334    -1.8250     -1.789     0.0122    -0.5907 -9.990e-29
 210.459196     -1.802   0.012677    12.8426    -1.8252     -1.787     0.0121    -0.5920 -9.990e-29
 210.459201     -1.800   0.012493    12.8517    -1.8252     -1.785     0.0120    -0.5932 -9.990e-29
 210.459207     -1.791   0.012676    12.8594    -1.8254     -1.776     0.0121    -0.5940 -9.990e-29
 210.459213     -1.781   0.012919    12.8653    -1.8255     -1.766     0.0122    -0.5947 -9.990e-29
 210.459219     -1.773   0.012991    12.8696    -1.8258     -1.758     0.0123    -0.5952 -9.990e-29
 210.459225     -1.767   0.012987    12.8725    -1.8260     -1.752     0.0123    -0.5956 -9.990e-29
 210.459230     -1.762   0.012901    12.8742    -1.8262     -1.747     0.0122    -0.5958 -9.990e-29
 210.459236     -1.757   0.012617    12.8751    -1.8267     -1.742     0.0121    -0.5960 -9.990e-29
 210.459242     -1.753   0.012311    12.8744    -1.8270     -1.738     0.0119    -0.5961 -9.990e-29
 210.459248     -1.749   0.012127    12.8722    -1.8272     -1.734     0.0118    -0.5959 -9.990e-29
 210.459253     -1.745   0.011821    12.8691    -1.8271     -1.730     0.0117    -0.5956 -9.990e-29
 210.459259     -1.741   0.011535    12.8652    -1.8276     -1.726     0.0115    -0.5952 -9.990e-29
 210.459265     -1.736   0.011443    12.8602    -1.8276     -1.722     0.0115    -0.5946 -9.990e-29
 210.459271     -1.731   0.011420    12.8540    -1.8274     -1.717     0.0114    -0.5939 -9.990e-29
 210.459277     -1.724   0.011438    12.8469    -1.8272     -1.710     0.0114    -0.5930 -9.990e-29
 210.459282     -1.716   0.011517    12.8387    -1.8272     -1.702     0.0115    -0.5919 -9.990e-29
 210.459288     -1.705   0.011762    12.8298    -1.8270     -1.691     0.0116    -0.5907 -9.990e-29
 210.459294     -1.692   0.011946    12.8220    -1.8270     -1.678     0.0117    -0.5897 -9.990e-29
 210.459300     -1.674   0.011762    12.8166    -1.8272     -1.660     0.0116    -0.5891 -9.990e-29
 210.459306     -1.657   0.011516    12.8123    -1.8274     -1.643     0.0115    -0.5887 -9.990e-29
 210.459311     -1.642   0.011435    12.8083    -1.8276     -1.628     0.0114    -0.5882 -9.990e-29
 210.459317     -1.628   0.011408    12.8067    -1.8276     -1.614     0.0114    -0.5880 -9.990e-29
 210.459323     -1.619   0.011399    12.8084    -1.8276     -1.605     0.0114    -0.5882 -9.990e-29
 210.459329     -1.616   0.011396    12.8117    -1.8279     -1.603     0.0114    -0.5886 -9.990e-29
 210.459334     -1.608   0.011396    12.8150    -1.8280     -1.595     0.0114    -0.5890 -9.990e-29
 210.459340     -1.595   0.011396    12.8168    -1.8283     -1.582     0.0114    -0.5893 -9.990e-29
 210.459346     -1.585   0.011396    12.8160    -1.8286     -1.572     0.0114    -0.5892 -9.990e-29
 210.459352     -1.577   0.011396    12.8133    -1.8287     -1.564     0.0114    -0.5888 -9.990e-29
 210.459358     -1.567   0.011397    12.8095    -1.8283     -1.554     0.0114    -0.5884 -9.990e-29
 210.459363     -1.558   0.011397    12.8057    -1.8280     -1.545     0.0114    -0.5879 -9.990e-29
 210.459369     -1.550   0.011398    12.8030    -1.8277     -1.537     0.0114    -0.5875 -9.990e-29
 210.459375     -1.537   0.011398    12.8002    -1.8277     -1.524     0.0114    -0.5872 -9.990e-29
 210.459381     -1.524   0.011398    12.7959    -1.8277     -1.511     0.0114    -0.5867 -9.990e-29
 210.459387     -1.514   0.011399    12.7904    -1.8273     -1.501     0.0114    -0.5860 -9.990e-29
 210.459392     -1.505   0.011399    12.7844    -1.8268     -1.492     0.0114    -0.5852 -9.990e-29
 210.459398     -1.499   0.011400    12.7799    -1.8268     -1.486     0.0114    -0.5847 -9.990e-29
 210.459404     -1.493   0.011400    12.7795    -1.8270     -1.481     0.0114    -0.5846 -9.990e-29
 210.459410     -1.488   0.011400    12.7840    -1.8271     -1.476     0.0114    -0.5852 -9.990e-29
 210.459416     -1.484   0.011401    12.7909    -1.8273     -1.472     0.0114    -0.5860 -9.990e-29
 210.459421     -1.479   0.011401    12.7971    -1.8274     -1.467     0.0114    -0.5868 -9.990e-29
 210.459427     -1.475   0.011402    12.8017    -1.8274     -1.463     0.0114    -0.5874 -9.990e-29
 210.459433     -1.470   0.011402    12.8067    -1.8274     -1.458     0.0114    -0.5880 -9.990e-29
 210.459439     -1.465   0.011402    12.8139    -1.8275     -1.453     0.0114    -0.5889 -9.990e-29
 210.459444     -1.459   0.011403    12.8209    -1.8271     -1.447     0.0114    -0.5898 -9.990e-29
 210.459450     -1.451   0.011403    12.8236    -1.8270     -1.439     0.0114    -0.5901 -9.990e-29
 210.459456     -1.441   0.011404    12.8220    -1.8268     -1.429     0.0114    -0.5899 -9.990e-29
 210.459462     -1.433   0.011404    12.8182    -1.8266     -1.421     0.0114    -0.5894 -9.990e-29
 210.459468     -1.431   0.011404    12.8142    -1.8266     -1.419     0.0114    -0.5889 -9.990e-29
 210.459473     -1.430   0.011405    12.8117    -1.8263     -1.418     0.0114    -0.5886 -9.990e-29
 210.459479     -1.425   0.011405    12.8107    -1.8259     -1.413     0.0114    -0.5885 -9.990e-29
 210.459485     -1.421   0.011405    12.8106    -1.8258     -1.409     0.0114    -0.5885 -9.990e-29
 210.459491     -1.422   0.011405    12.8124    -1.8260     -1.410     0.0114    -0.5887 -9.990e-29
 210.459497     -1.424   0.011406    12.8167    -1.8266     -1.412     0.0114    -0.5892 -9.990e-29
 210.459502     -1.421   0.011406    12.8220    -1.8270     -1.409     0.0114    -0.5899 -9.990e-29
 210.459508     -1.415   0.011406    12.8272    -1.8271     -1.403     0.0114    -0.5905 -9.990e-29
 210.459514     -1.405   0.011406    12.8321    -1.8271     -1.393     0.0114    -0.5912 -9.990e-29
 210.459520     -1.390   0.011406    12.8370    -1.8269     -1.378     0.0114    -0.5918 -9.990e-29
 210.459525     -1.374   0.011406    12.8425    -1.8269     -1.363     0.0114    -0.5925 -9.990e-29
 210.459531     -1.364   0.011405    12.8473    -1.8269     -1.353     0.0114    -0.5930 -9.990e-29
 210.459537     -1.359   0.011404    12.8485    -1.8267     -1.348     0.0114    -0.5932 -9.990e-29
 210.459543     -1.350   0.011401    12.8439    -1.8266     -1.339     0.0114    -0.5926 -9.990e-29
 210.459549     -1.338   0.011392    12.8349    -1.8270     -1.327     0.0114    -0.5915 -9.990e-29
 210.459554     -1.329   0.011365    12.8265    -1.8271     -1.318     0.0114    -0.5905 -9.990e-29
 210.459560     -1.324   0.011283    12.8224    -1.8271     -1.313     0.0114    -0.5900 -9.990e-29
 210.459566     -1.313   0.011037    12.8224    -1.8272     -1.302     0.0112    -0.5901 -9.990e-29
 210.459572     -1.295   0.010852    12.8243    -1.8270     -1.284     0.0111    -0.5904 -9.990e-29
 210.459578     -1.278   0.011035    12.8262    -1.8266     -1.267     0.0112    -0.5906 -9.990e-29
 210.459583     -1.266   0.011278    12.8280    -1.8262     -1.255     0.0114    -0.5907 -9.990e-29
 210.459589     -1.257   0.011351    12.8297    -1.8258     -1.247     0.0114    -0.5909 -9.990e-29
 210.459595     -1.252   0.011351    12.8290    -1.8259     -1.242     0.0114    -0.5908 -9.990e-29
 210.459601     -1.249   0.011278    12.8252    -1.8262     -1.239     0.0114    -0.5903 -9.990e-29
 210.459606     -1.248   0.011035    12.8214    -1.8264     -1.238     0.0112    -0.5900 -9.990e-29
 210.459612     -1.250   0.010850    12.8199    -1.8265     -1.240     0.0111    -0.5899 -9.990e-29
 210.459618     -1.250   0.011031    12.8217    -1.8266     -1.240     0.0112    -0.5900 -9.990e-29
 210.459624     -1.243   0.011267    12.8271    -1.8267     -1.233     0.0114    -0.5906 -9.990e-29
 210.459630     -1.235   0.011317    12.8356    -1.8268     -1.225     0.0114    -0.5916 -9.990e-29
 210.459635     -1.228   0.011249    12.8446    -1.8272     -1.218     0.0113    -0.5928 -9.990e-29
 210.459641     -1.222   0.010971    12.8505    -1.8276     -1.212     0.0112    -0.5936 -9.990e-29
 210.459647     -1.217   0.010668    12.8508    -1.8280     -1.207     0.0111    -0.5938 -9.990e-29
 210.459653     -1.212   0.010488    12.8469    -1.8283     -1.202     0.0110    -0.5934 -9.990e-29
 210.459659     -1.208   0.010190    12.8419    -1.8285     -1.198     0.0108    -0.5929 -9.990e-29
 210.459664     -1.203   0.009931    12.8373    -1.8284     -1.193     0.0107    -0.5924 -9.990e-29
 210.459670     -1.198   0.009921    12.8334    -1.8284     -1.188     0.0107    -0.5919 -9.990e-29
 210.459676     -1.192   0.010144    12.8295    -1.8282     -1.182     0.0108    -0.5913 -9.990e-29
 210.459682     -1.184   0.010345    12.8241    -1.8281     -1.174     0.0109    -0.5906 -9.990e-29
 210.459688     -1.175   0.010239    12.8161    -1.8279     -1.165     0.0108    -0.5896 -9.990e-29
 210.459693     -1.164   0.010238    12.8063    -1.8278     -1.154     0.0108    -0.5884 -9.990e-29
 210.459699     -1.154   0.010340    12.7966    -1.8275     -1.144     0.0109    -0.5872 -9.990e-29
 210.459705     -1.149   0.010128    12.7895    -1.8272     -1.139     0.0108    -0.5864 -9.990e-29
 210.459711     -1.144   0.009872    12.7859    -1.8268     -1.134     0.0106    -0.5860 -9.990e-29
 210.459716     -1.139   0.009787    12.7849    -1.8265     -1.129     0.0106    -0.5859 -9.990e-29
 210.459722     -1.138   0.009759    12.7858    -1.8262     -1.129     0.0106    -0.5861 -9.990e-29
 210.459728     -1.137   0.009749    12.7886    -1.8259     -1.128     0.0106    -0.5864 -9.990e-29
 210.459734     -1.131   0.009746    12.7929    -1.8256     -1.122     0.0106    -0.5869 -9.990e-29
 210.459740     -1.120   0.009745    12.7981    -1.8253     -1.111     0.0106    -0.5876 -9.990e-29
 210.459745     -1.103   0.009745    12.8041    -1.8251     -1.094     0.0106    -0.5883 -9.990e-29
 210.459751     -1.084   0.009745    12.8112    -1.8248     -1.075     0.0106    -0.5892 -9.990e-29
 210.459757     -1.069   0.009745    12.8193    -1.8246     -1.060     0.0106    -0.5902 -9.990e-29
 210.459763     -1.058   0.009745    12.8284    -1.8242     -1.049     0.0106    -0.5914 -9.990e-29
 210.459769     -1.046   0.009745    12.8376    -1.8239     -1.037     0.0106    -0.5925 -9.990e-29
 210.459774     -1.032   0.009745    12.8469    -1.8238     -1.023     0.0106    -0.5937 -9.990e-29
 210.459780     -1.015   0.009745    12.8561    -1.8239     -1.007     0.0106    -0.5948 -9.990e-29
 210.459786     -0.999   0.009745    12.8647    -1.8240     -0.991     0.0106    -0.5959 -9.990e-29
 210.459792     -0.987   0.009745    12.8728    -1.8242     -0.979     0.0106    -0.5969 -9.990e-29
 210.459797     -0.977   0.009745    12.8808    -1.8243     -0.969     0.0106    -0.5979 -9.990e-29
 210.459803     -0.969   0.009745    12.8886    -1.8247     -0.961     0.0106    -0.5989 -9.990e-29
 210.459809     -0.963   0.009745    12.8964    -1.8249     -0.955     0.0106    -0.5998 -9.990e-29
 210.459815     -0.958   0.009745    12.9042    -1.8250     -0.950     0.0106    -0.6008 -9.990e-29
 210.459821     -0.955   0.009745    12.9106    -1.8253     -0.947     0.0106    -0.6016 -9.990e-29
 210.459826     -0.952   0.009745    12.9135    -1.8253     -0.944     0.0106    -0.6020 -9.990e-29
 210.459832     -0.950   0.009745    12.9130    -1.8250     -0.942     0.0106    -0.6019 -9.990e-29
 210.459838     -0.948   0.009745    12.9102    -1.8248     -0.940     0.0106    -0.6016 -9.990e-29
 210.459844     -0.947   0.009745    12.9058    -1.8248     -0.939     0.0106    -0.6010 -9.990e-29
 210.459850     -0.946   0.009745    12.9001    -1.8249     -0.938     0.0106    -0.6003 -9.990e-29
 210.459855     -0.945   0.009744    12.8935    -1.8253     -0.937     0.0106    -0.5995 -9.990e-29
 210.459861     -0.944   0.009743    12.8873    -1.8256     -0.936     0.0106    -0.5987 -9.990e-29
 210.459867     -0.944   0.009740    12.8823    -1.8255     -0.936     0.0106    -0.5981 -9.990e-29
 210.459873     -0.943   0.009731    12.8789    -1.8254     -0.935     0.0106    -0.5977 -9.990e-29
 210.459878     -0.943   0.009704    12.8785    -1.8254     -0.935     0.0106    -0.5976 -9.990e-29
 210.459884     -0.943   0.009622    12.8814    -1.8256     -0.935     0.0105    -0.5980 -9.990e-29
 210.459890     -0.942   0.009376    12.8845    -1.8258     -0.934     0.0104    -0.5985 -9.990e-29
 210.459896     -0.942   0.009191    12.8850    -1.8259     -0.934     0.0103    -0.5986 -9.990e-29
 210.459902     -0.942   0.009376    12.8818    -1.8261     -0.934     0.0104    -0.5982 -9.990e-29
 210.459907     -0.942   0.009622    12.8760    -1.8263     -0.934     0.0105    -0.5973 -9.990e-29
 210.459913     -0.942   0.009704    12.8710    -1.8266     -0.934     0.0106    -0.5967 -9.990e-29
