data/oxygen options/ONMS/Olympic_Coast_National_Marine_Sanctuary_CTD_Data_2005_2023/raw_data/2013/CAST_KL015_130604faed.cnv
* Sea-Bird SBE19 Data File:
* FileName = C:\2013 Mooring Data\Deployment Casts\CAST_KL015_130604.hex
* Software Version 1.59
* Temperature SN = 2997
* Conductivity SN = 2997
* System UpLoad Time = Jun 05 2013 12:20:40
** CAST_KL015_130604
* ds
# nquan = 9                                 
# nvalues = 704                         
# units = specified
# name 0 = timeJ: Julian Days
# name 1 = prSM: Pressure, Strain Gauge [db]
# name 2 = c0mS/cm: Conductivity [mS/cm]
# name 3 = t090C: Temperature [ITS-90, deg C]
# name 4 = sbeox0ML/L: Oxygen, SBE 43 [ml/l]
# name 5 = depSM: Depth [salt water, m], lat = 47.5
# name 6 = sal00: Salinity, Practical [PSU]
# name 7 = sigma-é00: Density [sigma-theta, kg/m^3]
# name 8 = flag: flag
# span 0 = 155.714120, 155.718189       
# span 1 =     -5.596,     15.367       
# span 2 =   0.230679,  35.351344       
# span 3 =     9.7783,    16.0972       
# span 4 =    -1.7415,    11.6888       
# span 5 =     -5.549,     15.238       
# span 6 =     0.1343,    32.2037       
# span 7 =    -0.9650,    24.8043       
# span 8 = 0.0000e+00, 0.0000e+00       
# interval = seconds: 0.5
# start_time = Jun 04 2013 17:08:20 [Instrument's time stamp, header]
# bad_flag = -9.990e-29
*END*
 155.714120     -5.596 -9.990e-29    15.6440    -1.7351     -5.549 -9.990e-29 -9.990e-29 -9.990e-29
 155.714126     -5.545   0.296966    15.6434    -1.7348     -5.499     0.1747    -0.8632 -9.990e-29
 155.714132     -5.491   0.296988    15.6384    -1.7344     -5.445     0.1748    -0.8624 -9.990e-29
 155.714138     -5.439   0.296315    15.6353    -1.7340     -5.394     0.1744    -0.8622 -9.990e-29
 155.714144     -5.394   0.295158    15.6358    -1.7337     -5.349     0.1737    -0.8628 -9.990e-29
 155.714149     -5.359   0.294005    15.6388    -1.7335     -5.314     0.1730    -0.8638 -9.990e-29
 155.714155     -5.331   0.292980    15.6451    -1.7333     -5.287     0.1724    -0.8653 -9.990e-29
 155.714161     -5.307   0.292194    15.6553    -1.7331     -5.263     0.1718    -0.8673 -9.990e-29
 155.714167     -5.287   0.291707    15.6684    -1.7329     -5.243     0.1715    -0.8697 -9.990e-29
 155.714172     -5.269   0.291238    15.6821    -1.7328     -5.225     0.1712    -0.8721 -9.990e-29
 155.714178     -5.253   0.290714    15.6950    -1.7324     -5.209     0.1708    -0.8744 -9.990e-29
 155.714184     -5.236   0.290545    15.7075    -1.7321     -5.192     0.1707    -0.8766 -9.990e-29
 155.714190     -5.218   0.291061    15.7201    -1.7318     -5.175     0.1709    -0.8784 -9.990e-29
 155.714196     -5.199   0.291840    15.7314    -1.7315     -5.156     0.1713    -0.8798 -9.990e-29
 155.714201     -5.175   0.291707    15.7405    -1.7312     -5.132     0.1712    -0.8814 -9.990e-29
 155.714207     -5.147   0.290483    15.7483    -1.7311     -5.104     0.1705    -0.8832 -9.990e-29
 155.714213     -5.117   0.289308    15.7559    -1.7308     -5.074     0.1697    -0.8850 -9.990e-29
 155.714219     -5.086   0.288829    15.7637    -1.7305     -5.044     0.1694    -0.8865 -9.990e-29
 155.714225     -5.054   0.288960    15.7722    -1.7303     -5.012     0.1695    -0.8878 -9.990e-29
 155.714230     -5.022   0.289323    15.7822    -1.7303     -4.980     0.1696    -0.8893 -9.990e-29
 155.714236     -4.992   0.289295    15.7931    -1.7303     -4.950     0.1696    -0.8911 -9.990e-29
 155.714242     -4.963   0.288839    15.8038    -1.7301     -4.922     0.1693    -0.8930 -9.990e-29
 155.714248     -4.932   0.288455    15.8143    -1.7301     -4.891     0.1690    -0.8949 -9.990e-29
 155.714253     -4.899   0.288185    15.8244    -1.7300     -4.858     0.1688    -0.8967 -9.990e-29
 155.714259     -4.864   0.287668    15.8335    -1.7299     -4.823     0.1685    -0.8984 -9.990e-29
 155.714265     -4.834   0.286769    15.8420    -1.7298     -4.794     0.1679    -0.9002 -9.990e-29
 155.714271     -4.808   0.285950    15.8501    -1.7302     -4.768     0.1674    -0.9019 -9.990e-29
 155.714277     -4.779   0.285780    15.8565    -1.7309     -4.739     0.1672    -0.9031 -9.990e-29
 155.714282     -4.750   0.286032    15.8606    -1.7309     -4.710     0.1674    -0.9036 -9.990e-29
 155.714288     -4.723   0.285936    15.8641    -1.7309     -4.684     0.1673    -0.9042 -9.990e-29
 155.714294     -4.697   0.285362    15.8675    -1.7310     -4.658     0.1670    -0.9051 -9.990e-29
 155.714300     -4.670   0.284656    15.8702    -1.7314     -4.631     0.1665    -0.9058 -9.990e-29
 155.714306     -4.640   0.283981    15.8726    -1.7317     -4.601     0.1661    -0.9065 -9.990e-29
 155.714311     -4.606   0.283545    15.8742    -1.7320     -4.568     0.1659    -0.9070 -9.990e-29
 155.714317     -4.569   0.283323    15.8717    -1.7319     -4.531     0.1657    -0.9067 -9.990e-29
 155.714323     -4.536   0.283018    15.8627    -1.7316     -4.498     0.1656    -0.9054 -9.990e-29
 155.714329     -4.508   0.282776    15.8516    -1.7315     -4.470     0.1655    -0.9036 -9.990e-29
 155.714334     -4.484   0.282828    15.8445    -1.7311     -4.447     0.1655    -0.9025 -9.990e-29
 155.714340     -4.463   0.282689    15.8399    -1.7309     -4.426     0.1655    -0.9018 -9.990e-29
 155.714346     -4.443   0.282174    15.8337    -1.7308     -4.406     0.1652    -0.9010 -9.990e-29
 155.714352     -4.424   0.281704    15.8254    -1.7309     -4.387     0.1649    -0.8998 -9.990e-29
 155.714358     -4.402   0.281207    15.8172    -1.7312     -4.365     0.1647    -0.8987 -9.990e-29
 155.714363     -4.379   0.280575    15.8127    -1.7317     -4.342     0.1643    -0.8983 -9.990e-29
 155.714369     -4.351   0.280071    15.8137    -1.7322     -4.315     0.1640    -0.8987 -9.990e-29
 155.714375     -4.322   0.279579    15.8185    -1.7325     -4.286     0.1637    -0.8997 -9.990e-29
 155.714381     -4.293   0.278996    15.8257    -1.7330     -4.257     0.1633    -0.9011 -9.990e-29
 155.714387     -4.263   0.278652    15.8343    -1.7331     -4.227     0.1631    -0.9027 -9.990e-29
 155.714392     -4.235   0.278642    15.8410    -1.7331     -4.200     0.1631    -0.9038 -9.990e-29
 155.714398     -4.210   0.278950    15.8428    -1.7331     -4.175     0.1633    -0.9039 -9.990e-29
 155.714404     -4.187   0.279435    15.8389    -1.7330     -4.152     0.1636    -0.9031 -9.990e-29
 155.714410     -4.166   0.279637    15.8295    -1.7330     -4.131     0.1637    -0.9014 -9.990e-29
 155.714416     -4.144   0.279271    15.8161    -1.7331     -4.109     0.1635    -0.8994 -9.990e-29
 155.714421     -4.119   0.278401    15.8015    -1.7330     -4.085     0.1631    -0.8974 -9.990e-29
 155.714427     -4.096   0.277530    15.7878    -1.7331     -4.062     0.1626    -0.8956 -9.990e-29
 155.714433     -4.076   0.277160    15.7765    -1.7334     -4.042     0.1624    -0.8939 -9.990e-29
 155.714439     -4.059   0.277348    15.7697    -1.7339     -4.025     0.1626    -0.8927 -9.990e-29
 155.714444     -4.042   0.277792    15.7679    -1.7341     -4.008     0.1628    -0.8922 -9.990e-29
 155.714450     -4.021   0.277979    15.7687    -1.7344     -3.987     0.1630    -0.8923 -9.990e-29
 155.714456     -3.995   0.277604    15.7695    -1.7345     -3.962     0.1627    -0.8926 -9.990e-29
 155.714462     -3.970   0.276720    15.7696    -1.7344     -3.937     0.1622    -0.8930 -9.990e-29
 155.714468     -3.950   0.275809    15.7690    -1.7344     -3.917     0.1617    -0.8933 -9.990e-29
 155.714473     -3.932   0.275317    15.7672    -1.7344     -3.899     0.1614    -0.8932 -9.990e-29
 155.714479     -3.916   0.275141    15.7624    -1.7345     -3.883     0.1613    -0.8925 -9.990e-29
 155.714485     -3.901   0.275047    15.7535    -1.7347     -3.868     0.1613    -0.8911 -9.990e-29
 155.714491     -3.885   0.274910    15.7428    -1.7350     -3.853     0.1612    -0.8895 -9.990e-29
 155.714497     -3.869   0.274548    15.7333    -1.7352     -3.837     0.1610    -0.8881 -9.990e-29
 155.714502     -3.850   0.274031    15.7261    -1.7349     -3.818     0.1608    -0.8871 -9.990e-29
 155.714508     -3.831   0.273778    15.7222    -1.7347     -3.799     0.1606    -0.8866 -9.990e-29
 155.714514     -3.817   0.274006    15.7215    -1.7346     -3.785     0.1608    -0.8864 -9.990e-29
 155.714520     -3.801   0.274465    15.7215    -1.7347     -3.769     0.1610    -0.8862 -9.990e-29
 155.714525     -3.778   0.274661    15.7206    -1.7349     -3.747     0.1612    -0.8860 -9.990e-29
 155.714531     -3.752   0.274301    15.7173    -1.7352     -3.721     0.1610    -0.8856 -9.990e-29
 155.714537     -3.729   0.273457    15.7114    -1.7355     -3.698     0.1605    -0.8850 -9.990e-29
 155.714543     -3.708   0.272666    15.7053    -1.7358     -3.677     0.1600    -0.8844 -9.990e-29
 155.714549     -3.682   0.272535    15.7031    -1.7361     -3.651     0.1600    -0.8841 -9.990e-29
 155.714554     -3.656   0.272889    15.7059    -1.7360     -3.626     0.1602    -0.8844 -9.990e-29
 155.714560     -3.630   0.273092    15.7101    -1.7357     -3.600     0.1603    -0.8850 -9.990e-29
 155.714566     -3.604   0.272863    15.7120    -1.7356     -3.574     0.1601    -0.8854 -9.990e-29
 155.714572     -3.576   0.272450    15.7104    -1.7359     -3.546     0.1599    -0.8853 -9.990e-29
 155.714578     -3.545   0.272408    15.7052    -1.7362     -3.515     0.1599    -0.8845 -9.990e-29
 155.714583     -3.511   0.272683    15.6970    -1.7365     -3.482     0.1601    -0.8830 -9.990e-29
 155.714589     -3.483   0.272532    15.6876    -1.7364     -3.454     0.1600    -0.8816 -9.990e-29
 155.714595     -3.462   0.271755    15.6786    -1.7359     -3.433     0.1596    -0.8805 -9.990e-29
 155.714601     -3.443   0.270976    15.6730    -1.7355     -3.414     0.1592    -0.8799 -9.990e-29
 155.714606     -3.420   0.270819    15.6732    -1.7359     -3.391     0.1591    -0.8800 -9.990e-29
 155.714612     -3.396   0.271076    15.6760    -1.7359     -3.368     0.1592    -0.8804 -9.990e-29
 155.714618     -3.374   0.270982    15.6763    -1.7358     -3.346     0.1591    -0.8805 -9.990e-29
 155.714624     -3.353   0.270412    15.6721    -1.7355     -3.325     0.1588    -0.8800 -9.990e-29
 155.714630     -3.335   0.269712    15.6654    -1.7350     -3.307     0.1584    -0.8793 -9.990e-29
 155.714635     -3.323   0.269055    15.6613    -1.7349     -3.295     0.1581    -0.8789 -9.990e-29
 155.714641     -3.313   0.268675    15.6641    -1.7347     -3.285     0.1578    -0.8795 -9.990e-29
 155.714647     -3.300   0.268617    15.6721    -1.7351     -3.272     0.1578    -0.8809 -9.990e-29
 155.714653     -3.282   0.268806    15.6781    -1.7350     -3.255     0.1578    -0.8817 -9.990e-29
 155.714659     -3.259   0.268939    15.6789    -1.7353     -3.232     0.1579    -0.8818 -9.990e-29
 155.714664     -3.234   0.268640    15.6793    -1.7356     -3.207     0.1577    -0.8820 -9.990e-29
 155.714670     -3.212   0.268064    15.6833    -1.7361     -3.185     0.1574    -0.8829 -9.990e-29
 155.714676     -3.198   0.267549    15.6913    -1.7363     -3.171     0.1571    -0.8845 -9.990e-29
 155.714682     -3.191   0.267517    15.7007    -1.7365     -3.164     0.1570    -0.8860 -9.990e-29
 155.714688     -3.185   0.267925    15.7076    -1.7368     -3.158     0.1572    -0.8869 -9.990e-29
 155.714693     -3.176   0.268208    15.7095    -1.7369     -3.150     0.1574    -0.8871 -9.990e-29
 155.714699     -3.168   0.268192    15.7064    -1.7369     -3.142     0.1574    -0.8866 -9.990e-29
 155.714705     -3.164   0.267854    15.7010    -1.7371     -3.138     0.1572    -0.8859 -9.990e-29
 155.714711     -3.156   0.267299    15.6940    -1.7376     -3.130     0.1569    -0.8850 -9.990e-29
 155.714716     -3.134   0.266894    15.6844    -1.7377     -3.108     0.1567    -0.8836 -9.990e-29
 155.714722     -3.107   0.266654    15.6733    -1.7375     -3.081     0.1566    -0.8820 -9.990e-29
 155.714728     -3.080   0.266257    15.6631    -1.7372     -3.054     0.1564    -0.8805 -9.990e-29
 155.714734     -3.052   0.265728    15.6548    -1.7367     -3.027     0.1561    -0.8794 -9.990e-29
 155.714740     -3.021   0.265468    15.6479    -1.7362     -2.996     0.1560    -0.8784 -9.990e-29
 155.714745     -2.989   0.265686    15.6428    -1.7359     -2.964     0.1561    -0.8775 -9.990e-29
 155.714751     -2.960   0.266119    15.6387    -1.7357     -2.935     0.1564    -0.8766 -9.990e-29
 155.714757     -2.930   0.266235    15.6324    -1.7361     -2.906     0.1565    -0.8755 -9.990e-29
 155.714763     -2.902   0.265637    15.6248    -1.7358     -2.878     0.1562    -0.8746 -9.990e-29
 155.714769     -2.879   0.264634    15.6217    -1.7355     -2.855     0.1556    -0.8745 -9.990e-29
 155.714774     -2.859   0.264103    15.6261    -1.7352     -2.835     0.1552    -0.8755 -9.990e-29
 155.714780     -2.842   0.264445    15.6362    -1.7348     -2.818     0.1554    -0.8770 -9.990e-29
 155.714786     -2.825   0.265562    15.6499    -1.7343     -2.801     0.1560    -0.8787 -9.990e-29
 155.714792     -2.807   0.266728    15.6643    -1.7339     -2.784     0.1567    -0.8805 -9.990e-29
 155.714797     -2.789   0.266729    15.6749    -1.7334     -2.766     0.1566    -0.8822 -9.990e-29
 155.714803     -2.772   0.265567    15.6792    -1.7332     -2.749     0.1559    -0.8834 -9.990e-29
 155.714809     -2.760   0.264459    15.6807    -1.7329     -2.737     0.1553    -0.8842 -9.990e-29
 155.714815     -2.748   0.264145    15.6855    -1.7328     -2.725     0.1551    -0.8851 -9.990e-29
 155.714821     -2.731   0.264757    15.6950    -1.7326     -2.708     0.1554    -0.8863 -9.990e-29
 155.714826     -2.708   0.266006    15.7076    -1.7322     -2.685     0.1561    -0.8878 -9.990e-29
 155.714832     -2.682   0.266790    15.7221    -1.7323     -2.660     0.1565    -0.8898 -9.990e-29
 155.714838     -2.660   0.266493    15.7373    -1.7327     -2.638     0.1563    -0.8924 -9.990e-29
 155.714844     -2.643   0.265641    15.7523    -1.7332     -2.621     0.1557    -0.8952 -9.990e-29
 155.714850     -2.632   0.264761    15.7659    -1.7340     -2.610     0.1551    -0.8978 -9.990e-29
 155.714855     -2.626   0.264154    15.7767    -1.7345     -2.604     0.1547    -0.8999 -9.990e-29
 155.714861     -2.624   0.264120    15.7850    -1.7346     -2.602     0.1547    -0.9013 -9.990e-29
 155.714867     -2.627   0.264428    15.7920    -1.7342     -2.605     0.1548    -0.9023 -9.990e-29
 155.714873     -2.629   0.264382    15.7989    -1.7340     -2.607     0.1548    -0.9034 -9.990e-29
 155.714878     -2.628   0.263922    15.8034    -1.7340     -2.606     0.1545    -0.9043 -9.990e-29
 155.714884     -2.622   0.263541    15.8012    -1.7343     -2.600     0.1543    -0.9042 -9.990e-29
 155.714890     -2.607   0.263285    15.7912    -1.7348     -2.585     0.1542    -0.9026 -9.990e-29
 155.714896     -2.587   0.262813    15.7745    -1.7353     -2.565     0.1540    -0.9001 -9.990e-29
 155.714902     -2.574   0.262050    15.7554    -1.7357     -2.553     0.1536    -0.8974 -9.990e-29
 155.714907     -2.565   0.261640    15.7413    -1.7358     -2.544     0.1534    -0.8953 -9.990e-29
 155.714913     -2.557   0.262145    15.7370    -1.7355     -2.536     0.1537    -0.8943 -9.990e-29
 155.714919     -2.549   0.263133    15.7400    -1.7353     -2.528     0.1543    -0.8944 -9.990e-29
 155.714925     -2.540   0.263704    15.7437    -1.7353     -2.519     0.1546    -0.8947 -9.990e-29
 155.714931     -2.530   0.263515    15.7425    -1.7354     -2.509     0.1545    -0.8946 -9.990e-29
 155.714936     -2.519   0.262865    15.7342    -1.7353     -2.498     0.1541    -0.8936 -9.990e-29
 155.714942     -2.505   0.261998    15.7208    -1.7352     -2.484     0.1537    -0.8918 -9.990e-29
 155.714948     -2.487   0.261418    15.7071    -1.7352     -2.466     0.1534    -0.8898 -9.990e-29
 155.714954     -2.465   0.261458    15.6974    -1.7352     -2.444     0.1534    -0.8882 -9.990e-29
 155.714959     -2.437   0.261619    15.6950    -1.7351     -2.417     0.1535    -0.8878 -9.990e-29
 155.714965     -2.406   0.261563    15.6984    -1.7349     -2.386     0.1535    -0.8883 -9.990e-29
 155.714971     -2.378   0.261215    15.7023    -1.7349     -2.358     0.1533    -0.8891 -9.990e-29
 155.714977     -2.355   0.260664    15.7040    -1.7350     -2.335     0.1529    -0.8897 -9.990e-29
 155.714983     -2.337   0.260285    15.7049    -1.7354     -2.318     0.1527    -0.8900 -9.990e-29
 155.714988     -2.322   0.260126    15.7066    -1.7358     -2.303     0.1526    -0.8903 -9.990e-29
 155.714994     -2.308   0.259974    15.7085    -1.7362     -2.289     0.1525    -0.8907 -9.990e-29
 155.715000     -2.296   0.259627    15.7095    -1.7366     -2.277     0.1523    -0.8910 -9.990e-29
 155.715006     -2.285   0.259177    15.7107    -1.7370     -2.266     0.1520    -0.8914 -9.990e-29
 155.715012     -2.273   0.259132    15.7136    -1.7373     -2.254     0.1520    -0.8919 -9.990e-29
 155.715017     -2.260   0.259431    15.7162    -1.7375     -2.241     0.1522    -0.8922 -9.990e-29
 155.715023     -2.250   0.259366    15.7155    -1.7375     -2.231     0.1521    -0.8921 -9.990e-29
 155.715029     -2.245   0.258851    15.7098    -1.7375     -2.226     0.1518    -0.8914 -9.990e-29
 155.715035     -2.242   0.258308    15.6995    -1.7372     -2.223     0.1515    -0.8900 -9.990e-29
 155.715041     -2.237   0.258120    15.6869    -1.7367     -2.218     0.1515    -0.8881 -9.990e-29
