data/oxygen options/ONMS/Olympic_Coast_National_Marine_Sanctuary_CTD_Data_2005_2023/raw_data/2013/CAST_CE042_130725faed.cnv
* Sea-Bird SBE19 Data File:
* FileName = C:\2013 Mooring Data\1st Service\Casts\CAST_CE042_130725.hex
* Software Version 1.59
* Temperature SN = 2997
* Conductivity SN = 2997
* System UpLoad Time = Jul 25 2013 15:10:24
** CAST_CE042_130725
* ds
# nquan = 9                                 
# nvalues = 1066                        
# units = specified
# name 0 = timeJ: Julian Days
# name 1 = prSM: Pressure, Strain Gauge [db]
# name 2 = c0mS/cm: Conductivity [mS/cm]
# name 3 = t090C: Temperature [ITS-90, deg C]
# name 4 = sbeox0ML/L: Oxygen, SBE 43 [ml/l]
# name 5 = depSM: Depth [salt water, m], lat = 47.5
# name 6 = sal00: Salinity, Practical [PSU]
# name 7 = sigma-é00: Density [sigma-theta, kg/m^3]
# name 8 = flag: flag
# span 0 = 206.474757, 206.480920       
# span 1 =     -5.237,     41.760       
# span 2 =   0.270703,  37.070054       
# span 3 =     6.9128,    14.1182       
# span 4 =    -1.8025,    15.1034       
# span 5 =     -5.193,     41.407       
# span 6 =     0.1650,    33.8741       
# span 7 =    -0.6410,    26.5435       
# span 8 = 0.0000e+00, 0.0000e+00       
# interval = seconds: 0.5
# start_time = Jul 25 2013 11:23:39 [Instrument's time stamp, header]
# bad_flag = -9.990e-29
*END*
[from data line 641]
 206.478466      1.483  36.700260    10.5496     8.1329      1.471    33.0752    25.3558 -9.990e-29
 206.478472      1.475  36.692478    10.5444     8.1447      1.463    33.0721    25.3543 -9.990e-29
 206.478478      1.472  36.685451    10.5422     8.1535      1.460    33.0671    25.3507 -9.990e-29
 206.478484      1.476  36.687696    10.5421     8.1513      1.464    33.0694    25.3526 -9.990e-29
 206.478490      1.484  36.690402    10.5383     8.1308      1.472    33.0756    25.3580 -9.990e-29
 206.478495      1.492  36.684249    10.5279     8.0991      1.480    33.0788    25.3624 -9.990e-29
 206.478501      1.501  36.672760    10.5169     8.0997      1.488    33.0773    25.3631 -9.990e-29
 206.478507      1.507  36.665224    10.5130     8.1124      1.494    33.0733    25.3606 -9.990e-29
 206.478513      1.506  36.665554    10.5156     8.1302      1.493    33.0712    25.3586 -9.990e-29
 206.478519      1.502  36.669107    10.5190     8.1506      1.489    33.0717    25.3584 -9.990e-29
 206.478524      1.499  36.671616    10.5205     8.1488      1.486    33.0729    25.3590 -9.990e-29
 206.478530      1.497  36.672467    10.5206     8.1512      1.485    33.0736    25.3596 -9.990e-29
 206.478536      1.496  36.672753    10.5202     8.1607      1.484    33.0743    25.3602 -9.990e-29
 206.478542      1.496  36.672817    10.5198     8.1588      1.484    33.0747    25.3606 -9.990e-29
 206.478547      1.496  36.672144    10.5198     8.1641      1.484    33.0740    25.3600 -9.990e-29
 206.478553      1.498  36.670355    10.5194     8.1611      1.485    33.0726    25.3590 -9.990e-29
 206.478559      1.500  36.667266    10.5180     8.1449      1.487    33.0708    25.3578 -9.990e-29
 206.478565      1.504  36.664321    10.5166     8.1527      1.491    33.0691    25.3567 -9.990e-29
 206.478571      1.509  36.663154    10.5160     8.1581      1.496    33.0685    25.3564 -9.990e-29
 206.478576      1.511  36.663850    10.5159     8.1626      1.498    33.0693    25.3570 -9.990e-29
 206.478582      1.506  36.666175    10.5157     8.1591      1.493    33.0718    25.3590 -9.990e-29
 206.478588      1.499  36.668148    10.5145     8.1468      1.486    33.0748    25.3616 -9.990e-29
 206.478594      1.492  36.665636    10.5115     8.1497      1.480    33.0751    25.3623 -9.990e-29
 206.478600      1.486  36.659734    10.5073     8.1574      1.474    33.0729    25.3613 -9.990e-29
 206.478605      1.481  36.657097    10.5049     8.1681      1.469    33.0725    25.3614 -9.990e-29
 206.478611      1.475  36.659208    10.5057     8.1770      1.463    33.0739    25.3623 -9.990e-29
 206.478617      1.469  36.661560    10.5075     8.1631      1.457    33.0746    25.3626 -9.990e-29
 206.478623      1.462  36.661645    10.5077     8.1570      1.450    33.0745    25.3625 -9.990e-29
 206.478628      1.458  36.660655    10.5058     8.1579      1.446    33.0752    25.3634 -9.990e-29
 206.478634      1.460  36.658913    10.5031     8.1586      1.448    33.0760    25.3644 -9.990e-29
 206.478640      1.466  36.657417    10.5012     8.1615      1.454    33.0762    25.3649 -9.990e-29
 206.478646      1.471  36.658055    10.5006     8.1714      1.459    33.0774    25.3659 -9.990e-29
 206.478652      1.474  36.658834    10.5003     8.1714      1.462    33.0784    25.3668 -9.990e-29
 206.478657      1.478  36.657391    10.4980     8.1665      1.466    33.0791    25.3677 -9.990e-29
 206.478663      1.480  36.654563    10.4945     8.1746      1.468    33.0794    25.3686 -9.990e-29
 206.478669      1.483  36.653261    10.4937     8.1661      1.471    33.0788    25.3683 -9.990e-29
 206.478675      1.486  36.655071    10.4967     8.1719      1.474    33.0779    25.3670 -9.990e-29
 206.478681      1.489  36.658443    10.5006     8.1671      1.477    33.0777    25.3662 -9.990e-29
 206.478686      1.492  36.663909    10.5048     8.1456      1.480    33.0794    25.3668 -9.990e-29
 206.478692      1.496  36.672558    10.5106     8.1264      1.484    33.0828    25.3685 -9.990e-29
 206.478698      1.501  36.680755    10.5163     8.1222      1.488    33.0859    25.3699 -9.990e-29
 206.478704      1.506  36.683705    10.5182     8.1213      1.493    33.0871    25.3705 -9.990e-29
 206.478709      1.514  36.681380    10.5170     8.1359      1.501    33.0858    25.3697 -9.990e-29
 206.478715      1.523  36.679043    10.5166     8.1484      1.510    33.0839    25.3682 -9.990e-29
 206.478721      1.535  36.679700    10.5185     8.1504      1.522    33.0828    25.3671 -9.990e-29
 206.478727      1.550  36.681385    10.5209     8.1571      1.537    33.0823    25.3663 -9.990e-29
 206.478733      1.565  36.681822    10.5219     8.1668      1.552    33.0818    25.3657 -9.990e-29
 206.478738      1.572  36.680435    10.5208     8.1612      1.559    33.0814    25.3656 -9.990e-29
 206.478744      1.572  36.678693    10.5197     8.1595      1.559    33.0807    25.3652 -9.990e-29
 206.478750      1.574  36.678156    10.5199     8.1665      1.561    33.0800    25.3646 -9.990e-29
 206.478756      1.577  36.678070    10.5204     8.1536      1.564    33.0794    25.3641 -9.990e-29
 206.478762      1.578  36.678280    10.5212     8.1479      1.565    33.0789    25.3636 -9.990e-29
 206.478767      1.576  36.680147    10.5231     8.1516      1.563    33.0790    25.3634 -9.990e-29
 206.478773      1.572  36.682756    10.5250     8.1516      1.559    33.0799    25.3637 -9.990e-29
 206.478779      1.568  36.683943    10.5259     8.1521      1.555    33.0803    25.3639 -9.990e-29
 206.478785      1.571  36.683571    10.5256     8.1586      1.558    33.0802    25.3638 -9.990e-29
 206.478791      1.578  36.682786    10.5248     8.1568      1.565    33.0801    25.3639 -9.990e-29
 206.478796      1.588  36.682741    10.5243     8.1530      1.575    33.0805    25.3643 -9.990e-29
 206.478802      1.591  36.682776    10.5241     8.1586      1.578    33.0808    25.3645 -9.990e-29
 206.478808      1.585  36.681775    10.5241     8.1568      1.572    33.0798    25.3638 -9.990e-29
 206.478814      1.571  36.680606    10.5233     8.1524      1.558    33.0793    25.3636 -9.990e-29
 206.478819      1.560  36.678229    10.5195     8.1467      1.547    33.0804    25.3650 -9.990e-29
 206.478825      1.553  36.672557    10.5128     8.1489      1.540    33.0808    25.3665 -9.990e-29
 206.478831      1.555  36.666071    10.5063     8.1509      1.542    33.0802    25.3672 -9.990e-29
 206.478837      1.570  36.663529    10.5026     8.1534      1.557    33.0810    25.3684 -9.990e-29
 206.478843      1.590  36.664859    10.5015     8.1596      1.577    33.0833    25.3704 -9.990e-29
 206.478848      1.604  36.666753    10.5011     8.1638      1.591    33.0856    25.3723 -9.990e-29
 206.478854      1.610  36.666652    10.5013     8.1482      1.597    33.0853    25.3720 -9.990e-29
 206.478860      1.606  36.664939    10.5019     8.1382      1.593    33.0830    25.3701 -9.990e-29
 206.478866      1.597  36.664334    10.5020     8.1394      1.584    33.0823    25.3696 -9.990e-29
 206.478872      1.590  36.664549    10.5018     8.1463      1.577    33.0827    25.3699 -9.990e-29
 206.478877      1.591  36.664712    10.5021     8.1555      1.578    33.0826    25.3698 -9.990e-29
 206.478883      1.599  36.666121    10.5034     8.1695      1.586    33.0829    25.3697 -9.990e-29
 206.478889      1.610  36.670054    10.5062     8.1742      1.597    33.0843    25.3703 -9.990e-29
 206.478895      1.616  36.675551    10.5097     8.1725      1.603    33.0866    25.3716 -9.990e-29
 206.478900      1.613  36.679258    10.5114     8.1640      1.600    33.0888    25.3730 -9.990e-29
 206.478906      1.606  36.679913    10.5110     8.1633      1.593    33.0898    25.3738 -9.990e-29
 206.478912      1.602  36.679470    10.5106     8.1565      1.589    33.0897    25.3738 -9.990e-29
 206.478918      1.601  36.679540    10.5115     8.1515      1.588    33.0890    25.3731 -9.990e-29
 206.478924      1.600  36.680178    10.5134     8.1459      1.587    33.0879    25.3719 -9.990e-29
 206.478929      1.601  36.681633    10.5153     8.1378      1.588    33.0876    25.3714 -9.990e-29
 206.478935      1.610  36.680762    10.5160     8.1272      1.597    33.0861    25.3701 -9.990e-29
 206.478941      1.623  36.673563    10.5159     8.1328      1.609    33.0790    25.3645 -9.990e-29
 206.478947      1.628  36.666085    10.5158     8.1477      1.614    33.0715    25.3588 -9.990e-29
 206.478953      1.616  36.665131    10.5161     8.1661      1.603    33.0703    25.3578 -9.990e-29
 206.478958      1.596  36.668269    10.5159     8.1543      1.583    33.0737    25.3604 -9.990e-29
 206.478964      1.578  36.670631    10.5142     8.1352      1.565    33.0776    25.3638 -9.990e-29
 206.478970      1.567  36.671314    10.5120     8.1265      1.554    33.0803    25.3662 -9.990e-29
 206.478976      1.561  36.671665    10.5106     8.1303      1.548    33.0819    25.3677 -9.990e-29
 206.478981      1.559  36.671480    10.5106     8.1390      1.546    33.0817    25.3676 -9.990e-29
 206.478987      1.563  36.672642    10.5130     8.1486      1.550    33.0807    25.3664 -9.990e-29
 206.478993      1.572  36.678830    10.5187     8.1661      1.559    33.0817    25.3662 -9.990e-29
 206.478999      1.586  36.688098    10.5247     8.1671      1.573    33.0856    25.3682 -9.990e-29
 206.479005      1.603  36.694204    10.5276     8.1545      1.590    33.0890    25.3704 -9.990e-29
 206.479010      1.610  36.695652    10.5274     8.1415      1.597    33.0907    25.3717 -9.990e-29
 206.479016      1.599  36.694823    10.5258     8.1344      1.586    33.0913    25.3725 -9.990e-29
 206.479022      1.579  36.694423    10.5256     8.1272      1.566    33.0911    25.3723 -9.990e-29
 206.479028      1.561  36.696607    10.5290     8.1331      1.548    33.0902    25.3710 -9.990e-29
 206.479034      1.552  36.700256    10.5346     8.1338      1.539    33.0888    25.3690 -9.990e-29
 206.479039      1.556  36.703398    10.5393     8.1393      1.543    33.0877    25.3673 -9.990e-29
 206.479045      1.565  36.705630    10.5414     8.1491      1.552    33.0880    25.3672 -9.990e-29
 206.479051      1.566  36.706456    10.5415     8.1565      1.553    33.0887    25.3677 -9.990e-29
 206.479057      1.556  36.705745    10.5400     8.1629      1.543    33.0894    25.3685 -9.990e-29
 206.479063      1.537  36.704119    10.5374     8.1613      1.524    33.0901    25.3695 -9.990e-29
 206.479068      1.522  36.701539    10.5336     8.1521      1.509    33.0910    25.3709 -9.990e-29
 206.479074      1.522  36.696697    10.5262     8.1477      1.509    33.0929    25.3736 -9.990e-29
 206.479080      1.533  36.689186    10.5185     8.1448      1.520    33.0923    25.3745 -9.990e-29
 206.479086      1.538  36.683447    10.5186     8.1398      1.525    33.0865    25.3699 -9.990e-29
 206.479091      1.531  36.684602    10.5255     8.1412      1.518    33.0814    25.3648 -9.990e-29
 206.479097      1.513  36.690153    10.5314     8.1366      1.500    33.0816    25.3639 -9.990e-29
 206.479103      1.497  36.694503    10.5329     8.1433      1.485    33.0846    25.3660 -9.990e-29
 206.479109      1.495  36.695500    10.5310     8.1518      1.483    33.0873    25.3684 -9.990e-29
 206.479115      1.506  36.694923    10.5293     8.1474      1.493    33.0883    25.3695 -9.990e-29
 206.479120      1.524  36.695814    10.5294     8.1526      1.511    33.0891    25.3701 -9.990e-29
 206.479126      1.539  36.697007    10.5305     8.1506      1.526    33.0893    25.3700 -9.990e-29
 206.479132      1.546  36.697740    10.5323     8.1491      1.533    33.0883    25.3690 -9.990e-29
 206.479138      1.543  36.698878    10.5336     8.1497      1.530    33.0883    25.3688 -9.990e-29
 206.479144      1.540  36.699026    10.5326     8.1475      1.527    33.0894    25.3698 -9.990e-29
 206.479149      1.541  36.697150    10.5292     8.1476      1.528    33.0906    25.3713 -9.990e-29
 206.479155      1.545  36.693437    10.5252     8.1418      1.532    33.0905    25.3719 -9.990e-29
 206.479161      1.550  36.690670    10.5236     8.1367      1.537    33.0892    25.3712 -9.990e-29
 206.479167      1.549  36.692330    10.5247     8.1431      1.536    33.0898    25.3715 -9.990e-29
 206.479172      1.549  36.697156    10.5265     8.1530      1.536    33.0930    25.3737 -9.990e-29
 206.479178      1.553  36.701946    10.5281     8.1572      1.540    33.0964    25.3760 -9.990e-29
 206.479184      1.561  36.705132    10.5304     8.1458      1.548    33.0975    25.3765 -9.990e-29
 206.479190      1.574  36.706929    10.5337     8.1449      1.561    33.0963    25.3750 -9.990e-29
 206.479196      1.589  36.707939    10.5359     8.1445      1.576    33.0953    25.3738 -9.990e-29
 206.479201      1.597  36.707157    10.5361     8.1542      1.584    33.0943    25.3730 -9.990e-29
 206.479207      1.596  36.704548    10.5343     8.1585      1.583    33.0933    25.3726 -9.990e-29
 206.479213      1.589  36.700445    10.5298     8.1444      1.576    33.0933    25.3733 -9.990e-29
 206.479219      1.585  36.692070    10.5219     8.1416      1.572    33.0921    25.3737 -9.990e-29
 206.479225      1.587  36.679911    10.5130     8.1393      1.574    33.0880    25.3721 -9.990e-29
 206.479230      1.592  36.671735    10.5086     8.1530      1.579    33.0838    25.3696 -9.990e-29
 206.479236      1.590  36.672216    10.5103     8.1587      1.577    33.0827    25.3684 -9.990e-29
 206.479242      1.579  36.676279    10.5124     8.1646      1.566    33.0849    25.3698 -9.990e-29
 206.479248      1.565  36.676901    10.5098     8.1751      1.552    33.0879    25.3725 -9.990e-29
 206.479253      1.565  36.674803    10.5045     8.1792      1.552    33.0906    25.3756 -9.990e-29
 206.479259      1.582  36.673803    10.5017     8.1742      1.569    33.0921    25.3773 -9.990e-29
 206.479265      1.611  36.674695    10.5020     8.1631      1.598    33.0927    25.3777 -9.990e-29
 206.479271      1.647  36.675753    10.5026     8.1565      1.633    33.0932    25.3780 -9.990e-29
 206.479277      1.690  36.674914    10.5025     8.1503      1.676    33.0925    25.3774 -9.990e-29
 206.479282      1.733  36.674311    10.5031     8.1538      1.719    33.0913    25.3764 -9.990e-29
 206.479288      1.774  36.675828    10.5043     8.1612      1.759    33.0917    25.3765 -9.990e-29
 206.479294      1.822  36.677452    10.5050     8.1592      1.807    33.0927    25.3771 -9.990e-29
 206.479300      1.886  36.677878    10.5043     8.1610      1.870    33.0937    25.3781 -9.990e-29
 206.479306      1.973  36.678123    10.5029     8.1661      1.957    33.0952    25.3794 -9.990e-29
 206.479311      2.077  36.678962    10.5018     8.1643      2.060    33.0970    25.3810 -9.990e-29
 206.479317      2.197  36.678040    10.5008     8.1493      2.179    33.0969    25.3812 -9.990e-29
 206.479323      2.333  36.674574    10.4987     8.1338      2.314    33.0953    25.3803 0.0000e+00
 206.479329      2.489  36.671677    10.4950     8.1175      2.468    33.0957    25.3812 0.0000e+00
 206.479334      2.670  36.668736    10.4872     8.1027      2.648    33.0997    25.3857 0.0000e+00
 206.479340      2.880  36.659476    10.4717     8.0927      2.856    33.1044    25.3921 0.0000e+00
 206.479346      3.119  36.639282    10.4499     8.0849      3.093    33.1039    25.3954 0.0000e+00
 206.479352      3.375  36.615297    10.4244     8.0367      3.347    33.1029    25.3990 0.0000e+00
 206.479358      3.637  36.589605    10.3963     7.9251      3.607    33.1025    25.4035 0.0000e+00
 206.479363      3.899  36.557529    10.3705     7.7379      3.866    33.0936    25.4010 0.0000e+00
 206.479369      4.160  36.532218    10.3497     7.5058      4.125    33.0869    25.3993 0.0000e+00
 206.479375      4.424  36.520712    10.3235     7.3063      4.387    33.0991    25.4133 0.0000e+00
 206.479381      4.703  36.501389    10.2709     7.1318      4.664    33.1275    25.4444 0.0000e+00
