data/oxygen options/ONMS/Olympic_Coast_National_Marine_Sanctuary_CTD_Data_2005_2023/raw_data/2013/CAST_MB015_130603faed.cnv
* Sea-Bird SBE19 Data File:
* FileName = C:\2013 Mooring Data\Deployment Casts\CAST_MB015_130600_2.hex
* Software Version 1.59
* Temperature SN = 2997
* Conductivity SN = 2997
* System UpLoad Time = Jun 03 2013 15:20:57
** CAST_MB015_130603
* ds
# nquan = 9                                 
# nvalues = 954                         
# units = specified
# name 0 = timeJ: Julian Days
# name 1 = prSM: Pressure, Strain Gauge [db]
# name 2 = c0mS/cm: Conductivity [mS/cm]
# name 3 = t090C: Temperature [ITS-90, deg C]
# name 4 = sbeox0ML/L: Oxygen, SBE 43 [ml/l]
# name 5 = depSM: Depth [salt water, m], lat = 47.5
# name 6 = sal00: Salinity, Practical [PSU]
# name 7 = sigma-é00: Density [sigma-theta, kg/m^3]
# name 8 = flag: flag
# span 0 = 154.505926, 154.511441       
# span 1 =     -5.708,     11.958       
# span 2 =   0.179186,  33.680353       
# span 3 =    11.5278,    14.2940       
# span 4 =    -1.8061,    10.8316       
# span 5 =     -5.660,     11.858       
# span 6 =     0.1096,    29.2688       
# span 7 =    -0.6535,    22.2263       
# span 8 = 0.0000e+00, 0.0000e+00       
# interval = seconds: 0.5
# start_time = Jun 03 2013 12:08:32 [Instrument's time stamp, header]
# bad_flag = -9.990e-29
*END*
[from data line 321]
 154.507784     -1.114   0.184791    13.8409    -1.7907     -1.105     0.1129    -0.6441 -9.990e-29
 154.507789     -1.103   0.184041    13.8450    -1.7908     -1.094     0.1125    -0.6451 -9.990e-29
 154.507795     -1.102   0.183308    13.8482    -1.7913     -1.093     0.1120    -0.6459 -9.990e-29
 154.507801     -1.108   0.183277    13.8512    -1.7912     -1.099     0.1120    -0.6463 -9.990e-29
 154.507807     -1.111   0.183904    13.8547    -1.7914     -1.102     0.1124    -0.6465 -9.990e-29
 154.507813     -1.107   0.184364    13.8583    -1.7915     -1.098     0.1126    -0.6468 -9.990e-29
 154.507818     -1.097   0.184163    13.8621    -1.7917     -1.088     0.1125    -0.6474 -9.990e-29
 154.507824     -1.084   0.183583    13.8661    -1.7917     -1.075     0.1121    -0.6482 -9.990e-29
 154.507830     -1.071   0.182959    13.8699    -1.7913     -1.062     0.1117    -0.6490 -9.990e-29
 154.507836     -1.058   0.182567    13.8722    -1.7909     -1.049     0.1115    -0.6496 -9.990e-29
 154.507841     -1.044   0.182437    13.8708    -1.7908     -1.035     0.1114    -0.6494 -9.990e-29
 154.507847     -1.028   0.182394    13.8666    -1.7905     -1.019     0.1114    -0.6489 -9.990e-29
 154.507853     -1.013   0.182380    13.8627    -1.7901     -1.005     0.1114    -0.6483 -9.990e-29
 154.507859     -1.003   0.182375    13.8589    -1.7900     -0.995     0.1114    -0.6478 -9.990e-29
 154.507865     -0.996   0.182373    13.8552    -1.7903     -0.988     0.1114    -0.6473 -9.990e-29
 154.507870     -0.993   0.182368    13.8533    -1.7907     -0.985     0.1114    -0.6470 -9.990e-29
 154.507876     -0.994   0.182355    13.8553    -1.7914     -0.986     0.1114    -0.6473 -9.990e-29
 154.507882     -0.993   0.182314    13.8623    -1.7918     -0.985     0.1114    -0.6483 -9.990e-29
 154.507888     -0.987   0.182190    13.8712    -1.7919     -0.979     0.1113    -0.6496 -9.990e-29
 154.507894     -0.980   0.181818    13.8791    -1.7921     -0.972     0.1110    -0.6509 -9.990e-29
 154.507899     -0.975   0.181256    13.8867    -1.7921     -0.967     0.1107    -0.6522 -9.990e-29
 154.507905     -0.972   0.180860    13.8930    -1.7925     -0.964     0.1104    -0.6533 -9.990e-29
 154.507911     -0.971   0.180655    13.8937    -1.7931     -0.963     0.1103    -0.6535 -9.990e-29
 154.507917     -0.972   0.180367    13.8871    -1.7938     -0.964     0.1101    -0.6527 -9.990e-29
 154.507922     -0.974   0.180165    13.8753    -1.7941     -0.966     0.1100    -0.6511 -9.990e-29
 154.507928     -0.975   0.180332    13.8623    -1.7942     -0.967     0.1102    -0.6492 -9.990e-29
 154.507934     -0.968   0.180536    13.8516    -1.7944     -0.960     0.1103    -0.6476 -9.990e-29
 154.507940     -0.960   0.180496    13.8440    -1.7941     -0.952     0.1103    -0.6466 -9.990e-29
 154.507946     -0.952   0.180156    13.8377    -1.7940     -0.944     0.1101    -0.6459 -9.990e-29
 154.507951     -0.945   0.179616    13.8305    -1.7937     -0.937     0.1098    -0.6451 -9.990e-29
 154.507957     -0.938   0.179265    13.8196    -1.7933     -0.930     0.1096    -0.6438 -9.990e-29
 154.507963     -0.932   0.179186    13.8046    -1.7925     -0.924     0.1096    -0.6418 -9.990e-29
 154.507969     -0.924   0.179274    13.7897    -1.7862     -0.916     0.1097    -0.6396 -9.990e-29
 154.507975     -0.915   0.179644    13.7795    -1.7868     -0.907     0.1099    -0.6381 -9.990e-29
 154.507980     -0.905   0.180236    13.7744    -1.7874     -0.897     0.1103    -0.6371 -9.990e-29
 154.507986     -0.892   0.180730    13.7733    -1.7879     -0.885     0.1106    -0.6367 -9.990e-29
 154.507992     -0.885   0.181232    13.7757    -1.7899     -0.878     0.1109    -0.6368 -9.990e-29
 154.507998     -0.891   0.182411    13.7807    -1.7907     -0.884     0.1116    -0.6369 -9.990e-29
 154.508003     -0.902   0.185836    13.7869    -1.7922     -0.894     0.1137    -0.6361 -9.990e-29
 154.508009     -0.911   0.196075    13.7920    -1.7930     -0.903     0.1200    -0.6320 -9.990e-29
 154.508015     -0.918   0.227332    13.7924    -1.7934     -0.910     0.1392    -0.6170 -9.990e-29
 154.508021     -0.923   0.320175    13.7858    -1.7942     -0.915     0.1971    -0.5711 -9.990e-29
 154.508027     -0.927   0.556314    13.7721    -1.7944     -0.919     0.3479    -0.4520 -9.990e-29
 154.508032     -0.930   0.877847    13.7543    -1.7946     -0.922     0.5587    -0.2859 -9.990e-29
 154.508038     -0.932   1.083704    13.7358    -1.7947     -0.924     0.6963    -0.1766 -9.990e-29
 154.508044     -0.934   1.144266    13.7185    -1.7949     -0.926     0.7373    -0.1424 -9.990e-29
 154.508050     -0.936   1.126984    13.7037    -1.7952     -0.928     0.7260    -0.1492 -9.990e-29
 154.508056     -0.937   1.055904    13.6918    -1.7957     -0.929     0.6784    -0.1844 -9.990e-29
 154.508061     -0.937   0.964794    13.6830    -1.7965     -0.929     0.6176    -0.2304 -9.990e-29
 154.508067     -0.937   0.870126    13.6747    -1.7970     -0.929     0.5547    -0.2781 -9.990e-29
 154.508073     -0.937   0.786941    13.6647    -1.7976     -0.929     0.4997    -0.3194 -9.990e-29
 154.508079     -0.937   0.731734    13.6548    -1.7980     -0.929     0.4635    -0.3462 -9.990e-29
 154.508084     -0.936   0.704014    13.6455    -1.7984     -0.928     0.4454    -0.3590 -9.990e-29
 154.508090     -0.934   0.697838    13.6355    -1.7985     -0.926     0.4414    -0.3607 -9.990e-29
 154.508096     -0.933   0.706632    13.6252    -1.7987     -0.925     0.4473    -0.3548 -9.990e-29
 154.508102     -0.930   0.721627    13.6146    -1.7991     -0.922     0.4573    -0.3456 -9.990e-29
 154.508108     -0.927   0.732351    13.6027    -1.7996     -0.919     0.4645    -0.3384 -9.990e-29
 154.508113     -0.923   0.731500    13.5895    -1.7999     -0.915     0.4641    -0.3369 -9.990e-29
 154.508119     -0.918   0.718495    13.5768    -1.7999     -0.910     0.4557    -0.3417 -9.990e-29
 154.508125     -0.912   0.698703    13.5648    -1.7999     -0.904     0.4428    -0.3501 -9.990e-29
 154.508131     -0.903   0.678968    13.5535    -1.7999     -0.895     0.4299    -0.3586 -9.990e-29
 154.508137     -0.892   0.663442    13.5441    -1.8001     -0.885     0.4198    -0.3652 -9.990e-29
 154.508142     -0.878   0.654130    13.5369    -1.8009     -0.871     0.4138    -0.3689 -9.990e-29
 154.508148     -0.864   0.650804    13.5307    -1.8011     -0.857     0.4117    -0.3697 -9.990e-29
 154.508154     -0.854   0.648473    13.5243    -1.8010     -0.847     0.4102    -0.3700 -9.990e-29
 154.508160     -0.842   0.640705    13.5186    -1.8011     -0.835     0.4052    -0.3731 -9.990e-29
 154.508166     -0.828   0.625452    13.5153    -1.8013     -0.821     0.3952    -0.3804 -9.990e-29
 154.508171     -0.820   0.605639    13.5142    -1.8015     -0.813     0.3823    -0.3903 -9.990e-29
 154.508177     -0.821   0.586418    13.5127    -1.8014     -0.814     0.3697    -0.3999 -9.990e-29
 154.508183     -0.827   0.572621    13.5087    -1.8009     -0.820     0.3608    -0.4063 -9.990e-29
 154.508189     -0.830   0.566898    13.5010    -1.8008     -0.823     0.3571    -0.4081 -9.990e-29
 154.508194     -0.826   0.566602    13.4921    -1.8005     -0.819     0.3570    -0.4070 -9.990e-29
 154.508200     -0.815   0.564691    13.4873    -1.7999     -0.808     0.3558    -0.4073 -9.990e-29
 154.508206     -0.800   0.556956    13.4865    -1.7996     -0.793     0.3508    -0.4111 -9.990e-29
 154.508212     -0.789   0.545268    13.4860    -1.7991     -0.782     0.3432    -0.4170 -9.990e-29
 154.508218     -0.785   0.532872    13.4854    -1.7991     -0.778     0.3351    -0.4231 -9.990e-29
 154.508223     -0.784   0.520407    13.4868    -1.7994     -0.777     0.3270    -0.4296 -9.990e-29
 154.508229     -0.781   0.507868    13.4919    -1.7999     -0.774     0.3188    -0.4367 -9.990e-29
 154.508235     -0.781   0.496813    13.4997    -1.8004     -0.774     0.3116    -0.4433 -9.990e-29
 154.508241     -0.784   0.488563    13.5090    -1.8004     -0.777     0.3062    -0.4488 -9.990e-29
 154.508247     -0.781   0.482640    13.5199    -1.8002     -0.774     0.3023    -0.4533 -9.990e-29
 154.508252     -0.772   0.477790    13.5318    -1.8000     -0.766     0.2991    -0.4574 -9.990e-29
 154.508258     -0.760   0.473639    13.5430    -1.7997     -0.754     0.2963    -0.4610 -9.990e-29
 154.508264     -0.746   0.471297    13.5510    -1.7998     -0.740     0.2948    -0.4633 -9.990e-29
 154.508270     -0.732   0.470963    13.5528    -1.7999     -0.726     0.2945    -0.4637 -9.990e-29
 154.508275     -0.722   0.470530    13.5476    -1.8003     -0.716     0.2943    -0.4632 -9.990e-29
 154.508281     -0.715   0.468312    13.5388    -1.8007     -0.709     0.2929    -0.4631 -9.990e-29
 154.508287     -0.710   0.464675    13.5316    -1.8008     -0.704     0.2906    -0.4639 -9.990e-29
 154.508293     -0.708   0.460307    13.5299    -1.8007     -0.702     0.2878    -0.4659 -9.990e-29
 154.508299     -0.709   0.454920    13.5334    -1.8009     -0.703     0.2843    -0.4691 -9.990e-29
 154.508304     -0.711   0.448532    13.5389    -1.8013     -0.705     0.2802    -0.4730 -9.990e-29
 154.508310     -0.716   0.442594    13.5432    -1.8016     -0.710     0.2763    -0.4766 -9.990e-29
 154.508316     -0.719   0.438600    13.5438    -1.8017     -0.713     0.2738    -0.4787 -9.990e-29
 154.508322     -0.717   0.436211    13.5400    -1.8019     -0.711     0.2723    -0.4793 -9.990e-29
 154.508328     -0.713   0.433901    13.5328    -1.8021     -0.707     0.2708    -0.4795 -9.990e-29
 154.508333     -0.712   0.430806    13.5253    -1.8023     -0.706     0.2689    -0.4800 -9.990e-29
 154.508339     -0.714   0.427228    13.5204    -1.8023     -0.708     0.2666    -0.4811 -9.990e-29
 154.508345     -0.718   0.423934    13.5174    -1.8026     -0.712     0.2645    -0.4823 -9.990e-29
 154.508351     -0.720   0.420963    13.5129    -1.8027     -0.714     0.2627    -0.4832 -9.990e-29
 154.508356     -0.717   0.417676    13.5062    -1.8026     -0.711     0.2606    -0.4839 -9.990e-29
 154.508362     -0.713   0.414120    13.4996    -1.8026     -0.707     0.2584    -0.4848 -9.990e-29
 154.508368     -0.711   0.411089    13.4940    -1.8029     -0.705     0.2564    -0.4855 -9.990e-29
 154.508374     -0.711   0.408972    13.4883    -1.8031     -0.705     0.2551    -0.4858 -9.990e-29
 154.508380     -0.714   0.407715    13.4830    -1.8034     -0.708     0.2544    -0.4857 -9.990e-29
 154.508385     -0.715   0.406750    13.4793    -1.8041     -0.709     0.2538    -0.4856 -9.990e-29
 154.508391     -0.710   0.404790    13.4761    -1.8048     -0.704     0.2525    -0.4862 -9.990e-29
 154.508397     -0.703   0.401435    13.4724    -1.8055     -0.697     0.2504    -0.4873 -9.990e-29
 154.508403     -0.698   0.397748    13.4703    -1.8057     -0.692     0.2480    -0.4889 -9.990e-29
 154.508409     -0.695   0.394351    13.4699    -1.8061     -0.689     0.2459    -0.4905 -9.990e-29
 154.508414     -0.693   0.390591    13.4679    -1.8061     -0.687     0.2435    -0.4921 -9.990e-29
 154.508420     -0.692   0.386438    13.4624    -1.8057     -0.686     0.2409    -0.4934 -9.990e-29
 154.508426     -0.693   0.383554    13.4535    -1.8054     -0.687     0.2391    -0.4936 -9.990e-29
 154.508432     -0.695   0.383076    13.4410    -1.8050     -0.689     0.2388    -0.4922 -9.990e-29
 154.508438     -0.698   0.383812    13.4247    -1.8049     -0.692     0.2394    -0.4895 -9.990e-29
 154.508443     -0.703   0.383419    13.4073    -1.8045     -0.697     0.2392    -0.4874 -9.990e-29
 154.508449     -0.706   0.380821    13.3925    -1.8041     -0.700     0.2377    -0.4866 -9.990e-29
 154.508455     -0.702   0.377538    13.3818    -1.8038     -0.696     0.2356    -0.4868 -9.990e-29
 154.508461     -0.695   0.375835    13.3759    -1.8031     -0.689     0.2346    -0.4868 -9.990e-29
 154.508466     -0.690   0.375657    13.3767    -1.8023     -0.684     0.2345    -0.4870 -9.990e-29
 154.508472     -0.686   0.374552    13.3836    -1.8018     -0.680     0.2337    -0.4885 -9.990e-29
 154.508478     -0.683   0.371047    13.3929    -1.8014     -0.677     0.2314    -0.4916 -9.990e-29
 154.508484     -0.681   0.366558    13.4018    -1.8008     -0.675     0.2285    -0.4950 -9.990e-29
 154.508490     -0.679   0.363406    13.4106    -1.8002     -0.673     0.2264    -0.4978 -9.990e-29
 154.508495     -0.677   0.362373    13.4211    -1.7998     -0.671     0.2257    -0.4997 -9.990e-29
 154.508501     -0.676   0.362079    13.4337    -1.7993     -0.670     0.2255    -0.5016 -9.990e-29
 154.508507     -0.675   0.360471    13.4486    -1.7988     -0.669     0.2243    -0.5044 -9.990e-29
 154.508513     -0.674   0.357065    13.4665    -1.7983     -0.668     0.2221    -0.5086 -9.990e-29
 154.508519     -0.673   0.353411    13.4856    -1.7975     -0.667     0.2196    -0.5130 -9.990e-29
 154.508524     -0.671   0.350728    13.5034    -1.7968     -0.665     0.2178    -0.5168 -9.990e-29
 154.508530     -0.670   0.348762    13.5198    -1.7963     -0.664     0.2165    -0.5200 -9.990e-29
 154.508536     -0.669   0.347105    13.5364    -1.7959     -0.663     0.2154    -0.5231 -9.990e-29
 154.508542     -0.667   0.345762    13.5528    -1.7955     -0.661     0.2144    -0.5261 -9.990e-29
 154.508547     -0.666   0.344603    13.5682    -1.7951     -0.660     0.2136    -0.5288 -9.990e-29
 154.508553     -0.663   0.343189    13.5836    -1.7947     -0.657     0.2126    -0.5316 -9.990e-29
 154.508559     -0.660   0.341298    13.5998    -1.7943     -0.654     0.2114    -0.5348 -9.990e-29
 154.508565     -0.656   0.339175    13.6178    -1.7942     -0.651     0.2099    -0.5383 -9.990e-29
 154.508571     -0.651   0.337311    13.6379    -1.7941     -0.646     0.2086    -0.5420 -9.990e-29
 154.508576     -0.645   0.335988    13.6572    -1.7941     -0.640     0.2077    -0.5453 -9.990e-29
 154.508582     -0.641   0.335105    13.6734    -1.7942     -0.636     0.2071    -0.5480 -9.990e-29
 154.508588     -0.644   0.334593    13.6873    -1.7941     -0.639     0.2067    -0.5502 -9.990e-29
 154.508594     -0.649   0.334322    13.7005    -1.7940     -0.644     0.2064    -0.5522 -9.990e-29
 154.508600     -0.653   0.333374    13.7133    -1.7937     -0.648     0.2058    -0.5545 -9.990e-29
 154.508605     -0.655   0.331041    13.7249    -1.7941     -0.650     0.2042    -0.5572 -9.990e-29
 154.508611     -0.657   0.328088    13.7337    -1.7940     -0.652     0.2023    -0.5599 -9.990e-29
 154.508617     -0.657   0.326114    13.7391    -1.7936     -0.652     0.2011    -0.5616 -9.990e-29
 154.508623     -0.656   0.326361    13.7422    -1.7932     -0.651     0.2012    -0.5619 -9.990e-29
 154.508628     -0.654   0.328606    13.7437    -1.7931     -0.649     0.2026    -0.5611 -9.990e-29
 154.508634     -0.651   0.330858    13.7449    -1.7931     -0.646     0.2040    -0.5601 -9.990e-29
 154.508640     -0.647   0.331135    13.7474    -1.7929     -0.642     0.2042    -0.5603 -9.990e-29
 154.508646     -0.641   0.329254    13.7504    -1.7926     -0.636     0.2030    -0.5617 -9.990e-29
 154.508652     -0.637   0.326580    13.7514    -1.7923     -0.632     0.2013    -0.5631 -9.990e-29
 154.508657     -0.639   0.325085    13.7512    -1.7920     -0.634     0.2004    -0.5638 -9.990e-29
 154.508663     -0.644   0.325544    13.7546    -1.7918     -0.639     0.2006    -0.5641 -9.990e-29
 154.508669     -0.647   0.326355    13.7625    -1.7916     -0.642     0.2011    -0.5648 -9.990e-29
 154.508675     -0.648   0.325277    13.7706    -1.7913     -0.643     0.2004    -0.5665 -9.990e-29
 154.508681     -0.648   0.321978    13.7760    -1.7911     -0.643     0.1983    -0.5688 -9.990e-29
 154.508686     -0.646   0.318704    13.7800    -1.7912     -0.641     0.1962    -0.5710 -9.990e-29
 154.508692     -0.642   0.317733    13.7857    -1.7912     -0.637     0.1956    -0.5723 -9.990e-29
 154.508698     -0.636   0.318879    13.7937    -1.7913     -0.631     0.1963    -0.5728 -9.990e-29
