data/oxygen options/ONMS/Olympic_Coast_National_Marine_Sanctuary_CTD_Data_2005_2023/raw_data/2013/CAST_CA042_130603faed.cnv
* Sea-Bird SBE19 Data File:
* FileName = C:\2013 Mooring Data\Deployment Casts\CAST_CA042_130603.hex
* Software Version 1.59
* Temperature SN = 2997
* Conductivity SN = 2997
* System UpLoad Time = Jun 03 2013 15:22:47
** CAST_CA042_130603
* ds
# nquan = 9                                 
# nvalues = 1167                        
# units = specified
# name 0 = timeJ: Julian Days
# name 1 = prSM: Pressure, Strain Gauge [db]
# name 2 = c0mS/cm: Conductivity [mS/cm]
# name 3 = t090C: Temperature [ITS-90, deg C]
# name 4 = sbeox0ML/L: Oxygen, SBE 43 [ml/l]
# name 5 = depSM: Depth [salt water, m], lat = 47.5
# name 6 = sal00: Salinity, Practical [PSU]
# name 7 = sigma-é00: Density [sigma-theta, kg/m^3]
# name 8 = flag: flag
# span 0 = 154.579132, 154.585880       
# span 1 =     -5.667,     42.714       
# span 2 =   0.144596,  36.104822       
# span 3 =     7.2744,    15.0626       
# span 4 =    -1.7834,    11.3083       
# span 5 =     -5.620,     42.353       
# span 6 =     0.0876,    33.6017       
# span 7 =    -0.8272,    26.2801       
# span 8 = 0.0000e+00, 0.0000e+00       
# interval = seconds: 0.5
# start_time = Jun 03 2013 13:53:57 [Instrument's time stamp, header]
# bad_flag = -9.990e-29
*END*
[from data line 481]
 154.581916     -0.508   0.150923    14.4626    -1.7711     -0.504     0.0911    -0.7487 -9.990e-29
 154.581921     -0.503   0.150812    14.4700    -1.7708     -0.499     0.0910    -0.7499 -9.990e-29
 154.581927     -0.496   0.150774    14.4767    -1.7707     -0.492     0.0910    -0.7509 -9.990e-29
 154.581933     -0.486   0.150758    14.4829    -1.7704     -0.482     0.0910    -0.7518 -9.990e-29
 154.581939     -0.478   0.150742    14.4886    -1.7699     -0.474     0.0910    -0.7526 -9.990e-29
 154.581944     -0.474   0.150704    14.4939    -1.7699     -0.470     0.0909    -0.7534 -9.990e-29
 154.581950     -0.474   0.150594    14.4991    -1.7696     -0.470     0.0909    -0.7542 -9.990e-29
 154.581956     -0.480   0.150265    14.5047    -1.7693     -0.476     0.0906    -0.7552 -9.990e-29
 154.581962     -0.490   0.149831    14.5108    -1.7691     -0.486     0.0904    -0.7563 -9.990e-29
 154.581968     -0.501   0.149819    14.5174    -1.7690     -0.497     0.0904    -0.7573 -9.990e-29
 154.581973     -0.510   0.150214    14.5245    -1.7689     -0.506     0.0906    -0.7581 -9.990e-29
 154.581979     -0.517   0.150433    14.5324    -1.7690     -0.513     0.0907    -0.7592 -9.990e-29
 154.581985     -0.523   0.150213    14.5414    -1.7690     -0.519     0.0905    -0.7606 -9.990e-29
 154.581991     -0.528   0.149815    14.5502    -1.7692     -0.524     0.0903    -0.7621 -9.990e-29
 154.581997     -0.528   0.149814    14.5579    -1.7691     -0.524     0.0903    -0.7632 -9.990e-29
 154.582002     -0.518   0.150208    14.5659    -1.7688     -0.514     0.0905    -0.7642 -9.990e-29
 154.582008     -0.504   0.150415    14.5739    -1.7684     -0.500     0.0906    -0.7653 -9.990e-29
 154.582014     -0.491   0.150157    14.5803    -1.7682     -0.487     0.0904    -0.7664 -9.990e-29
 154.582020     -0.484   0.149642    14.5843    -1.7679     -0.480     0.0901    -0.7672 -9.990e-29
 154.582025     -0.482   0.149290    14.5860    -1.7676     -0.478     0.0899    -0.7676 -9.990e-29
 154.582031     -0.484   0.149185    14.5857    -1.7672     -0.480     0.0899    -0.7676 -9.990e-29
 154.582037     -0.493   0.149185    14.5839    -1.7671     -0.489     0.0899    -0.7674 -9.990e-29
 154.582043     -0.502   0.149291    14.5832    -1.7670     -0.498     0.0899    -0.7672 -9.990e-29
 154.582049     -0.505   0.149643    14.5864    -1.7666     -0.501     0.0901    -0.7675 -9.990e-29
 154.582054     -0.498   0.150155    14.5939    -1.7665     -0.494     0.0904    -0.7684 -9.990e-29
 154.582060     -0.483   0.150401    14.6034    -1.7665     -0.479     0.0905    -0.7697 -9.990e-29
 154.582066     -0.469   0.150155    14.6128    -1.7666     -0.465     0.0904    -0.7712 -9.990e-29
 154.582072     -0.460   0.149643    14.6221    -1.7667     -0.456     0.0901    -0.7728 -9.990e-29
 154.582078     -0.454   0.149287    14.6319    -1.7668     -0.450     0.0898    -0.7744 -9.990e-29
 154.582083     -0.452   0.149168    14.6407    -1.7673     -0.448     0.0897    -0.7758 -9.990e-29
 154.582089     -0.452   0.149125    14.6477    -1.7682     -0.448     0.0897    -0.7768 -9.990e-29
 154.582095     -0.451   0.149099    14.6545    -1.7686     -0.447     0.0897    -0.7779 -9.990e-29
 154.582101     -0.445   0.149056    14.6615    -1.7689     -0.441     0.0896    -0.7789 -9.990e-29
 154.582106     -0.437   0.148936    14.6662    -1.7692     -0.433     0.0896    -0.7797 -9.990e-29
 154.582112     -0.432   0.148581    14.6670    -1.7702     -0.428     0.0893    -0.7800 -9.990e-29
 154.582118     -0.428   0.148069    14.6644    -1.7713     -0.424     0.0890    -0.7798 -9.990e-29
 154.582124     -0.425   0.147823    14.6592    -1.7719     -0.421     0.0889    -0.7791 -9.990e-29
 154.582130     -0.424   0.148070    14.6509    -1.7722     -0.420     0.0891    -0.7778 -9.990e-29
 154.582135     -0.425   0.148583    14.6370    -1.7724     -0.421     0.0894    -0.7755 -9.990e-29
 154.582141     -0.427   0.148938    14.6191    -1.7729     -0.423     0.0896    -0.7727 -9.990e-29
 154.582147     -0.431   0.149056    14.6023    -1.7737     -0.427     0.0897    -0.7701 -9.990e-29
 154.582153     -0.436   0.149092    14.5872    -1.7741     -0.432     0.0898    -0.7679 -9.990e-29
 154.582159     -0.439   0.149092    14.5692    -1.7742     -0.435     0.0898    -0.7652 -9.990e-29
 154.582164     -0.436   0.149056    14.5449    -1.7740     -0.432     0.0899    -0.7617 -9.990e-29
 154.582170     -0.431   0.148935    14.5190    -1.7741     -0.427     0.0898    -0.7579 -9.990e-29
 154.582176     -0.427   0.148568    14.4984    -1.7740     -0.423     0.0897    -0.7551 -9.990e-29
 154.582182     -0.425   0.148020    14.4840    -1.7738     -0.421     0.0894    -0.7532 -9.990e-29
 154.582188     -0.425   0.147666    14.4714    -1.7738     -0.421     0.0892    -0.7515 -9.990e-29
 154.582193     -0.425   0.147584    14.4560    -1.7736     -0.421     0.0891    -0.7493 -9.990e-29
 154.582199     -0.428   0.147666    14.4394    -1.7737     -0.424     0.0892    -0.7469 -9.990e-29
 154.582205     -0.431   0.148020    14.4271    -1.7738     -0.427     0.0895    -0.7449 -9.990e-29
 154.582211     -0.437   0.148564    14.4218    -1.7737     -0.433     0.0898    -0.7439 -9.990e-29
 154.582216     -0.440   0.148916    14.4214    -1.7739     -0.436     0.0900    -0.7437 -9.990e-29
 154.582222     -0.437   0.148991    14.4227    -1.7738     -0.433     0.0900    -0.7438 -9.990e-29
 154.582228     -0.432   0.148886    14.4252    -1.7737     -0.428     0.0900    -0.7442 -9.990e-29
 154.582234     -0.429   0.148463    14.4285    -1.7736     -0.425     0.0897    -0.7449 -9.990e-29
 154.582240     -0.428   0.147709    14.4307    -1.7736     -0.424     0.0893    -0.7456 -9.990e-29
 154.582245     -0.428   0.147280    14.4317    -1.7738     -0.424     0.0890    -0.7459 -9.990e-29
 154.582251     -0.426   0.147708    14.4317    -1.7749     -0.422     0.0893    -0.7457 -9.990e-29
 154.582257     -0.416   0.148458    14.4312    -1.7749     -0.413     0.0897    -0.7453 -9.990e-29
 154.582263     -0.403   0.148867    14.4305    -1.7745     -0.400     0.0900    -0.7450 -9.990e-29
 154.582269     -0.391   0.148926    14.4298    -1.7744     -0.388     0.0900    -0.7449 -9.990e-29
 154.582274     -0.381   0.148713    14.4305    -1.7737     -0.378     0.0899    -0.7451 -9.990e-29
 154.582280     -0.379   0.148498    14.4324    -1.7735     -0.376     0.0897    -0.7455 -9.990e-29
 154.582286     -0.379   0.148548    14.4330    -1.7741     -0.376     0.0898    -0.7455 -9.990e-29
 154.582292     -0.378   0.148375    14.4301    -1.7749     -0.375     0.0897    -0.7452 -9.990e-29
 154.582297     -0.376   0.147747    14.4215    -1.7757     -0.373     0.0893    -0.7442 -9.990e-29
 154.582303     -0.371   0.146931    14.4100    -1.7767     -0.368     0.0888    -0.7429 -9.990e-29
 154.582309     -0.369   0.145947    14.4051    -1.7777     -0.366     0.0883    -0.7427 -9.990e-29
 154.582315     -0.374   0.145145    14.4086    -1.7785     -0.371     0.0878    -0.7435 -9.990e-29
 154.582321     -0.381   0.145115    14.4161    -1.7790     -0.378     0.0878    -0.7446 -9.990e-29
 154.582326     -0.386   0.145816    14.4239    -1.7806     -0.383     0.0882    -0.7455 -9.990e-29
 154.582332     -0.390   0.146521    14.4243    -1.7821     -0.387     0.0886    -0.7452 -9.990e-29
 154.582338     -0.394   0.146508    14.4124    -1.7832     -0.391     0.0886    -0.7435 -9.990e-29
 154.582344     -0.397   0.145759    14.3911    -1.7834     -0.394     0.0882    -0.7407 -9.990e-29
 154.582350     -0.399   0.144934    14.3644    -1.7834     -0.396     0.0877    -0.7372 -9.990e-29
 154.582355     -0.401   0.144596    14.3348    -1.7830     -0.398     0.0876    -0.7331 -9.990e-29
 154.582361     -0.399   0.144847    14.3059    -1.7826     -0.396     0.0878    -0.7288 -9.990e-29
 154.582367     -0.388   0.145466    14.2788    -1.7825     -0.385     0.0882    -0.7246 -9.990e-29
 154.582373     -0.376   0.146170    14.2486    -1.7800     -0.373     0.0887    -0.7199 -9.990e-29
 154.582378     -0.371   0.146788    14.2117    -1.6675     -0.368     0.0891    -0.7144 -9.990e-29
 154.582384     -0.368   0.147038    14.1741    -1.6114     -0.365     0.0894    -0.7089 -9.990e-29
 154.582390     -0.363   0.147250    14.1460    -1.5272     -0.360     0.0895    -0.7048 -9.990e-29
 154.582396     -0.355   0.148815    14.1317    -1.5234     -0.352     0.0905    -0.7020 -9.990e-29
 154.582402     -0.344   0.154373    14.1293    -1.5242     -0.341     0.0938    -0.6991 -9.990e-29
 154.582407     -0.330   0.171332    14.1344    -1.5249     -0.327     0.1040    -0.6918 -9.990e-29
 154.582413     -0.306   0.222306    14.1416    -1.5247     -0.303     0.1350    -0.6688 -9.990e-29
 154.582419     -0.268   0.375257    14.1457    -1.5240     -0.266     0.2298    -0.5957 -9.990e-29
 154.582425     -0.217   0.834675    14.1552    -1.5240     -0.215     0.5248    -0.3682 -9.990e-29
 154.582431     -0.155   2.214222    14.1841    -1.5238     -0.154     1.4571     0.3492 -9.990e-29
 154.582436     -0.076   6.186607    14.2192    -1.5240     -0.075     4.3352     2.5626 -9.990e-29
 154.582442      0.019  13.103868    14.2377    -1.5248      0.019     9.7150     6.6925 -9.990e-29
 154.582448      0.128  20.641129    14.2359    -1.5249      0.127    15.9180    11.4524 -9.990e-29
 154.582454      0.249  26.567520    14.2171    -1.5243      0.247    20.9948    15.3538 -9.990e-29
 154.582459      0.373  29.775764    14.1944    -1.5252      0.370    23.8146    17.5255 -9.990e-29
 154.582465      0.483  30.902654    14.1875    -1.5254      0.479    24.8150    18.2963 -9.990e-29
 154.582471      0.563  31.297315    14.1953    -1.5251      0.558    25.1600    18.5601 -9.990e-29
 154.582477      0.610  31.443391    14.2031    -1.5248      0.605    25.2846    18.6545 -9.990e-29
 154.582483      0.636  31.493085    14.2015    -1.5258      0.631    25.3298    18.6895 -9.990e-29
 154.582488      0.651  31.505917    14.1858    -1.5270      0.646    25.3514    18.7093 -9.990e-29
 154.582494      0.657  31.513531    14.1649    -1.5307      0.652    25.3719    18.7291 -9.990e-29
 154.582500      0.652  31.526619    14.1546    -1.5295      0.647    25.3903    18.7452 -9.990e-29
 154.582506      0.634  31.539094    14.1619    -1.5279      0.629    25.3966    18.7487 -9.990e-29
 154.582512      0.600  31.543491    14.1798    -1.5286      0.595    25.3888    18.7392 -9.990e-29
 154.582517      0.561  31.513744    14.1938    -1.5275      0.556    25.3532    18.7091 -9.990e-29
 154.582523      0.528  31.444874    14.2008    -1.5269      0.524    25.2874    18.6571 -9.990e-29
 154.582529      0.502  31.390015    14.2054    -1.5268      0.498    25.2357    18.6164 -9.990e-29
 154.582535      0.483  31.365561    14.2082    -1.5268      0.479    25.2122    18.5978 -9.990e-29
 154.582541      0.469  31.323773    14.2095    -1.5260      0.465    25.1743    18.5684 -9.990e-29
 154.582546      0.458  31.227382    14.2095    -1.5263      0.454    25.0888    18.5026 -9.990e-29
 154.582552      0.456  31.069309    14.2076    -1.5263      0.452    24.9498    18.3961 -9.990e-29
 154.582558      0.469  30.925343    14.2054    -1.5266      0.465    24.8236    18.2994 -9.990e-29
 154.582564      0.500  30.905753    14.2047    -1.5266      0.496    24.8067    18.2866 -9.990e-29
 154.582569      0.536  30.964807    14.2049    -1.5266      0.532    24.8589    18.3267 -9.990e-29
 154.582575      0.568  31.017230    14.2040    -1.5267      0.563    24.9059    18.3630 -9.990e-29
 154.582581      0.593  31.075246    14.2001    -1.5267      0.588    24.9599    18.4053 -9.990e-29
 154.582587      0.617  31.133349    14.1921    -1.5270      0.612    25.0166    18.4504 -9.990e-29
 154.582593      0.650  31.176075    14.1822    -1.5272      0.645    25.0609    18.4864 -9.990e-29
 154.582598      0.695  31.223986    14.1754    -1.5270      0.689    25.1078    18.5238 -9.990e-29
 154.582604      0.741  31.275450    14.1738    -1.5267      0.735    25.1545    18.5601 -9.990e-29
 154.582610      0.783  31.299988    14.1733    -1.5263      0.776    25.1766    18.5772 -9.990e-29
 154.582616      0.823  31.295030    14.1697    -1.5264      0.816    25.1745    18.5763 -9.990e-29
 154.582622      0.860  31.284729    14.1631    -1.5265      0.853    25.1697    18.5738 -9.990e-29
 154.582627      0.891  31.284993    14.1556    -1.5268      0.884    25.1748    18.5792 -9.990e-29
 154.582633      0.919  31.295224    14.1502    -1.5266      0.911    25.1874    18.5899 -9.990e-29
 154.582639      0.945  31.306667    14.1493    -1.5261      0.937    25.1981    18.5984 -9.990e-29
 154.582645      0.972  31.308456    14.1512    -1.5262      0.964    25.1985    18.5983 -9.990e-29
 154.582650      1.000  31.295703    14.1530    -1.5266      0.992    25.1859    18.5883 -9.990e-29
 154.582656      1.027  31.284624    14.1555    -1.5267      1.018    25.1745    18.5790 -9.990e-29
 154.582662      1.047  31.292922    14.1598    -1.5262      1.038    25.1790    18.5817 -9.990e-29
 154.582668      1.056  31.312084    14.1644    -1.5261      1.047    25.1931    18.5916 -9.990e-29
 154.582674      1.056  31.322888    14.1680    -1.5264      1.047    25.2003    18.5965 -9.990e-29
 154.582679      1.049  31.317921    14.1705    -1.5266      1.040    25.1943    18.5913 -9.990e-29
 154.582685      1.045  31.302328    14.1727    -1.5267      1.036    25.1790    18.5791 -9.990e-29
 154.582691      1.048  31.290034    14.1744    -1.5261      1.039    25.1670    18.5696 -9.990e-29
 154.582697      1.053  31.294888    14.1753    -1.5260      1.044    25.1707    18.5723 -9.990e-29
 154.582703      1.056  31.307700    14.1762    -1.5260      1.047    25.1815    18.5804 -9.990e-29
 154.582708      1.062  31.305260    14.1778    -1.5260      1.053    25.1783    18.5776 -9.990e-29
 154.582714      1.071  31.291044    14.1796    -1.5258      1.062    25.1645    18.5666 -9.990e-29
 154.582720      1.076  31.288650    14.1808    -1.5259      1.067    25.1616    18.5642 -9.990e-29
 154.582726      1.072  31.299933    14.1814    -1.5259      1.063    25.1712    18.5715 -9.990e-29
 154.582731      1.063  31.302448    14.1826    -1.5261      1.054    25.1727    18.5723 -9.990e-29
 154.582737      1.057  31.288363    14.1864    -1.5260      1.048    25.1577    18.5601 -9.990e-29
 154.582743      1.059  31.271934    14.1922    -1.5257      1.050    25.1393    18.5449 -9.990e-29
 154.582749      1.067  31.267651    14.1969    -1.5259      1.058    25.1325    18.5387 -9.990e-29
 154.582755      1.080  31.277093    14.1995     8.7415      1.071    25.1392    18.5433 -9.990e-29
 154.582760      1.088  31.287672    14.2007    10.9842      1.079    25.1478    18.5497 -9.990e-29
 154.582766      1.088  31.292796    14.2011    11.3083      1.079    25.1520    18.5529 -9.990e-29
 154.582772      1.085  31.297067    14.2013    10.0361      1.076    25.1557    18.5557 -9.990e-29
 154.582778      1.082  31.301157    14.2018     6.9570      1.073    25.1590    18.5581 -9.990e-29
 154.582784      1.079  31.299893    14.2030     7.0948      1.070    25.1571    18.5564 -9.990e-29
 154.582789      1.081  31.292163    14.2048     7.1950      1.072    25.1491    18.5499 -9.990e-29
 154.582795      1.091  31.285583    14.2065     7.1748      1.082    25.1421    18.5442 -9.990e-29
 154.582801      1.106  31.290421    14.2080     7.1319      1.097    25.1455    18.5465 -9.990e-29
 154.582807      1.119  31.305864    14.2085     7.0886      1.110    25.1588    18.5567 -9.990e-29
 154.582812      1.126  31.331803    14.2074     7.0418      1.117    25.1826    18.5752 -9.990e-29
 154.582818      1.127  31.367570    14.2058     7.0075      1.118    25.2153    18.6007 -9.990e-29
 154.582824      1.123  31.393137    14.2037     6.9803      1.114    25.2394    18.6196 -9.990e-29
 154.582830      1.118  31.401742    14.2000     6.9755      1.109    25.2495    18.6281 -9.990e-29
