data/oxygen options/ONMS/Olympic_Coast_National_Marine_Sanctuary_CTD_Data_2005_2023/raw_data/2013/CAST_MB015_130902faed.cnv
* Sea-Bird SBE19 Data File:
* FileName = C:\2013 Mooring Data\2nd Service\Casts\CAST_MB015_130902.hex
* Software Version 1.59
* Temperature SN = 2997
* Conductivity SN = 2997
* System UpLoad Time = Sep 02 2013 11:19:55
** CAST_MB015_130902
* ds
# nquan = 9                                 
# nvalues = 1342                        
# units = specified
# name 0 = timeJ: Julian Days
# name 1 = prSM: Pressure, Strain Gauge [db]
# name 2 = c0mS/cm: Conductivity [mS/cm]
# name 3 = t090C: Temperature [ITS-90, deg C]
# name 4 = sbeox0ML/L: Oxygen, SBE 43 [ml/l]
# name 5 = depSM: Depth [salt water, m], lat = 47.5
# name 6 = sal00: Salinity, Practical [PSU]
# name 7 = sigma-é00: Density [sigma-theta, kg/m^3]
# name 8 = flag: flag
# span 0 = 245.455428, 245.463189       
# span 1 =     -5.804,     15.596       
# span 2 =   0.078831,  40.350199       
# span 3 =    14.3800,    17.8624       
# span 4 =    -1.6988,     8.6036       
# span 5 =     -5.756,     15.465       
# span 6 =     0.0465,    32.3162       
# span 7 =    -1.3408,    23.9556       
# span 8 = 0.0000e+00, 0.0000e+00       
# interval = seconds: 0.5
# start_time = Sep 02 2013 10:55:49 [Instrument's time stamp, header]
# bad_flag = -9.990e-29
*END*
[from data line 641]
 245.459138     -0.381   0.088752    17.5823    -1.6874     -0.378     0.0518    -1.2870 -9.990e-29
 245.459144     -0.375   0.088752    17.5843    -1.6873     -0.372     0.0518    -1.2873 -9.990e-29
 245.459149     -0.368   0.088752    17.5877    -1.6874     -0.365     0.0518    -1.2879 -9.990e-29
 245.459155     -0.359   0.088752    17.5933    -1.6874     -0.356     0.0518    -1.2890 -9.990e-29
 245.459161     -0.347   0.088752    17.6003    -1.6875     -0.344     0.0518    -1.2902 -9.990e-29
 245.459167     -0.331   0.088752    17.6068    -1.6876     -0.328     0.0518    -1.2914 -9.990e-29
 245.459172     -0.315   0.088752    17.6119    -1.6878     -0.312     0.0518    -1.2923 -9.990e-29
 245.459178     -0.302   0.088751    17.6153    -1.6878     -0.299     0.0518    -1.2929 -9.990e-29
 245.459184     -0.291   0.088751    17.6162    -1.6878     -0.289     0.0518    -1.2931 -9.990e-29
 245.459190     -0.281   0.088751    17.6151    -1.6880     -0.279     0.0518    -1.2929 -9.990e-29
 245.459196     -0.273   0.088751    17.6135    -1.6879     -0.271     0.0518    -1.2926 -9.990e-29
 245.459201     -0.264   0.088751    17.6120    -1.6878     -0.262     0.0518    -1.2923 -9.990e-29
 245.459207     -0.256   0.088750    17.6097    -1.6877     -0.254     0.0518    -1.2919 -9.990e-29
 245.459213     -0.251   0.088749    17.6059    -1.6878     -0.249     0.0518    -1.2912 -9.990e-29
 245.459219     -0.253   0.088745    17.6014    -1.6879     -0.251     0.0518    -1.2904 -9.990e-29
 245.459225     -0.259   0.088732    17.5975    -1.6879     -0.257     0.0518    -1.2897 -9.990e-29
 245.459230     -0.264   0.088694    17.5950    -1.6879     -0.262     0.0518    -1.2893 -9.990e-29
 245.459236     -0.268   0.088581    17.5933    -1.6879     -0.266     0.0517    -1.2890 -9.990e-29
 245.459242     -0.269   0.088242    17.5921    -1.6879     -0.267     0.0516    -1.2889 -9.990e-29
 245.459248     -0.265   0.087780    17.5927    -1.6880     -0.263     0.0513    -1.2892 -9.990e-29
 245.459253     -0.261   0.087684    17.5945    -1.6879     -0.259     0.0513    -1.2896 -9.990e-29
 245.459259     -0.256   0.087828    17.5954    -1.6878     -0.254     0.0513    -1.2897 -9.990e-29
 245.459265     -0.255   0.087849    17.5944    -1.6878     -0.253     0.0513    -1.2895 -9.990e-29
 245.459271     -0.257   0.087777    17.5927    -1.6878     -0.255     0.0513    -1.2892 -9.990e-29
 245.459277     -0.259   0.087515    17.5916    -1.6875     -0.257     0.0512    -1.2892 -9.990e-29
 245.459282     -0.260   0.087268    17.5910    -1.6875     -0.258     0.0510    -1.2891 -9.990e-29
 245.459288     -0.260   0.087258    17.5904    -1.6874     -0.258     0.0510    -1.2890 -9.990e-29
 245.459294     -0.264   0.087474    17.5900    -1.6874     -0.262     0.0512    -1.2889 -9.990e-29
 245.459300     -0.273   0.087648    17.5899    -1.6876     -0.271     0.0512    -1.2888 -9.990e-29
 245.459306     -0.281   0.087460    17.5906    -1.6878     -0.279     0.0511    -1.2890 -9.990e-29
 245.459311     -0.290   0.087213    17.5923    -1.6879     -0.288     0.0510    -1.2894 -9.990e-29
 245.459317     -0.297   0.087132    17.5948    -1.6881     -0.295     0.0510    -1.2899 -9.990e-29
 245.459323     -0.296   0.087108    17.5988    -1.6881     -0.294     0.0510    -1.2906 -9.990e-29
 245.459329     -0.294   0.087111    17.6038    -1.6881     -0.292     0.0510    -1.2915 -9.990e-29
 245.459334     -0.292   0.087144    17.6076    -1.6882     -0.290     0.0510    -1.2922 -9.990e-29
 245.459340     -0.293   0.087252    17.6086    -1.6883     -0.291     0.0510    -1.2923 -9.990e-29
 245.459346     -0.299   0.087580    17.6063    -1.6881     -0.297     0.0512    -1.2918 -9.990e-29
 245.459352     -0.311   0.088010    17.6014    -1.6880     -0.308     0.0514    -1.2907 -9.990e-29
 245.459358     -0.321   0.088010    17.5953    -1.6879     -0.318     0.0514    -1.2896 -9.990e-29
 245.459363     -0.327   0.087580    17.5891    -1.6879     -0.324     0.0512    -1.2887 -9.990e-29
 245.459369     -0.328   0.087252    17.5842    -1.6878     -0.325     0.0510    -1.2879 -9.990e-29
 245.459375     -0.324   0.087142    17.5813    -1.6877     -0.321     0.0510    -1.2874 -9.990e-29
 245.459381     -0.314   0.087106    17.5803    -1.6876     -0.311     0.0510    -1.2873 -9.990e-29
 245.459387     -0.299   0.087095    17.5801    -1.6875     -0.297     0.0510    -1.2872 -9.990e-29
 245.459392     -0.282   0.087095    17.5807    -1.6877     -0.280     0.0510    -1.2873 -9.990e-29
 245.459398     -0.270   0.087106    17.5831    -1.6877     -0.268     0.0510    -1.2878 -9.990e-29
 245.459404     -0.267   0.087142    17.5864    -1.6876     -0.265     0.0510    -1.2884 -9.990e-29
 245.459410     -0.272   0.087251    17.5889    -1.6875     -0.270     0.0510    -1.2888 -9.990e-29
 245.459416     -0.282   0.087579    17.5910    -1.6873     -0.280     0.0512    -1.2890 -9.990e-29
 245.459421     -0.292   0.088009    17.5937    -1.6872     -0.290     0.0514    -1.2893 -9.990e-29
 245.459427     -0.304   0.088009    17.5974    -1.6871     -0.301     0.0514    -1.2900 -9.990e-29
 245.459433     -0.314   0.087578    17.6011    -1.6871     -0.311     0.0512    -1.2908 -9.990e-29
 245.459439     -0.318   0.087250    17.6029    -1.6870     -0.315     0.0510    -1.2913 -9.990e-29
 245.459444     -0.317   0.087140    17.6024    -1.6869     -0.314     0.0510    -1.2913 -9.990e-29
 245.459450     -0.314   0.087104    17.6019    -1.6865     -0.311     0.0509    -1.2912 -9.990e-29
 245.459456     -0.315   0.087092    17.6038    -1.6864     -0.312     0.0509    -1.2915 -9.990e-29
 245.459462     -0.314   0.087088    17.6079    -1.6862     -0.311     0.0509    -1.2923 -9.990e-29
 245.459468     -0.307   0.087086    17.6131    -1.6862     -0.304     0.0509    -1.2932 -9.990e-29
 245.459473     -0.295   0.087086    17.6179    -1.6861     -0.293     0.0509    -1.2941 -9.990e-29
 245.459479     -0.280   0.087086    17.6217    -1.6862     -0.278     0.0509    -1.2948 -9.990e-29
 245.459485     -0.265   0.087085    17.6259    -1.6862     -0.263     0.0509    -1.2955 -9.990e-29
 245.459491     -0.250   0.087085    17.6311    -1.6862     -0.248     0.0509    -1.2965 -9.990e-29
 245.459497     -0.239   0.087085    17.6379    -1.6860     -0.237     0.0509    -1.2977 -9.990e-29
 245.459502     -0.234   0.087085    17.6460    -1.6860     -0.232     0.0509    -1.2992 -9.990e-29
 245.459508     -0.231   0.087085    17.6530    -1.6858     -0.229     0.0509    -1.3005 -9.990e-29
 245.459514     -0.225   0.087084    17.6577    -1.6856     -0.223     0.0509    -1.3013 -9.990e-29
 245.459520     -0.217   0.087083    17.6612    -1.6855     -0.215     0.0509    -1.3020 -9.990e-29
 245.459525     -0.206   0.087078    17.6634    -1.6856     -0.204     0.0509    -1.3024 -9.990e-29
 245.459531     -0.195   0.087065    17.6643    -1.6855     -0.193     0.0509    -1.3025 -9.990e-29
 245.459537     -0.188   0.087025    17.6647    -1.6855     -0.186     0.0509    -1.3026 -9.990e-29
 245.459543     -0.184   0.086906    17.6662    -1.6857     -0.182     0.0508    -1.3029 -9.990e-29
 245.459549     -0.183   0.086549    17.6694    -1.6857     -0.181     0.0506    -1.3037 -9.990e-29
 245.459554     -0.186   0.086032    17.6739    -1.6856     -0.184     0.0503    -1.3047 -9.990e-29
 245.459560     -0.192   0.085772    17.6793    -1.6856     -0.190     0.0502    -1.3058 -9.990e-29
 245.459566     -0.201   0.085977    17.6842    -1.6855     -0.199     0.0503    -1.3066 -9.990e-29
 245.459572     -0.215   0.086367    17.6869    -1.6855     -0.213     0.0505    -1.3069 -9.990e-29
 245.459578     -0.229   0.086353    17.6878    -1.6854     -0.227     0.0505    -1.3071 -9.990e-29
 245.459583     -0.241   0.085918    17.6879    -1.6853     -0.239     0.0503    -1.3073 -9.990e-29
 245.459589     -0.252   0.085588    17.6871    -1.6853     -0.250     0.0501    -1.3073 -9.990e-29
 245.459595     -0.257   0.085478    17.6857    -1.6854     -0.255     0.0500    -1.3071 -9.990e-29
 245.459601     -0.257   0.085441    17.6854    -1.6854     -0.255     0.0500    -1.3070 -9.990e-29
 245.459606     -0.257   0.085429    17.6868    -1.6854     -0.255     0.0500    -1.3073 -9.990e-29
 245.459612     -0.251   0.085425    17.6891    -1.6853     -0.249     0.0500    -1.3077 -9.990e-29
 245.459618     -0.240   0.085423    17.6918    -1.6853     -0.238     0.0500    -1.3082 -9.990e-29
 245.459624     -0.227   0.085422    17.6946    -1.6852     -0.225     0.0500    -1.3087 -9.990e-29
 245.459630     -0.212   0.085422    17.6974    -1.6852     -0.210     0.0500    -1.3092 -9.990e-29
 245.459635     -0.197   0.085421    17.6993    -1.6851     -0.195     0.0500    -1.3096 -9.990e-29
 245.459641     -0.187   0.085421    17.6995    -1.6851     -0.185     0.0500    -1.3096 -9.990e-29
 245.459647     -0.179   0.085420    17.6989    -1.6851     -0.178     0.0500    -1.3095 -9.990e-29
 245.459653     -0.175   0.085419    17.6986    -1.6853     -0.174     0.0500    -1.3094 -9.990e-29
 245.459659     -0.173   0.085419    17.6991    -1.6855     -0.172     0.0500    -1.3095 -9.990e-29
 245.459664     -0.173   0.085418    17.7000    -1.6855     -0.172     0.0500    -1.3097 -9.990e-29
 245.459670     -0.177   0.085417    17.7013    -1.6856     -0.176     0.0500    -1.3099 -9.990e-29
 245.459676     -0.182   0.085417    17.7033    -1.6856     -0.180     0.0500    -1.3103 -9.990e-29
 245.459682     -0.187   0.085416    17.7056    -1.6854     -0.185     0.0500    -1.3107 -9.990e-29
 245.459688     -0.186   0.085416    17.7072    -1.6853     -0.184     0.0500    -1.3110 -9.990e-29
 245.459693     -0.184   0.085415    17.7071    -1.6852     -0.182     0.0500    -1.3110 -9.990e-29
 245.459699     -0.186   0.085414    17.7048    -1.6853     -0.184     0.0500    -1.3106 -9.990e-29
 245.459705     -0.187   0.085414    17.7005    -1.6853     -0.185     0.0500    -1.3098 -9.990e-29
 245.459711     -0.182   0.085413    17.6959    -1.6852     -0.180     0.0500    -1.3090 -9.990e-29
 245.459716     -0.176   0.085413    17.6927    -1.6852     -0.175     0.0500    -1.3084 -9.990e-29
 245.459722     -0.173   0.085412    17.6910    -1.6852     -0.172     0.0500    -1.3081 -9.990e-29
 245.459728     -0.173   0.085410    17.6914    -1.6852     -0.172     0.0500    -1.3081 -9.990e-29
 245.459734     -0.175   0.085408    17.6947    -1.6853     -0.174     0.0500    -1.3087 -9.990e-29
 245.459740     -0.175   0.085403    17.6989    -1.6853     -0.174     0.0500    -1.3095 -9.990e-29
 245.459745     -0.169   0.085389    17.7016    -1.6854     -0.168     0.0500    -1.3100 -9.990e-29
 245.459751     -0.161   0.085347    17.7026    -1.6852     -0.160     0.0499    -1.3102 -9.990e-29
 245.459757     -0.155   0.085224    17.7031    -1.6851     -0.154     0.0499    -1.3103 -9.990e-29
 245.459763     -0.151   0.084854    17.7037    -1.6850     -0.150     0.0497    -1.3106 -9.990e-29
 245.459769     -0.147   0.084300    17.7045    -1.6850     -0.146     0.0494    -1.3110 -9.990e-29
 245.459774     -0.144   0.083931    17.7051    -1.6850     -0.143     0.0492    -1.3112 -9.990e-29
 245.459780     -0.142   0.083807    17.7044    -1.6849     -0.141     0.0491    -1.3112 -9.990e-29
 245.459786     -0.140   0.083765    17.7029    -1.6847     -0.139     0.0491    -1.3109 -9.990e-29
 245.459792     -0.139   0.083750    17.7018    -1.6845     -0.138     0.0491    -1.3107 -9.990e-29
 245.459797     -0.138   0.083745    17.7023    -1.6843     -0.137     0.0491    -1.3108 -9.990e-29
 245.459803     -0.137   0.083743    17.7049    -1.6842     -0.136     0.0491    -1.3113 -9.990e-29
 245.459809     -0.136   0.083742    17.7087    -1.6840     -0.135     0.0491    -1.3120 -9.990e-29
 245.459815     -0.136   0.083742    17.7118    -1.6839     -0.135     0.0491    -1.3125 -9.990e-29
 245.459821     -0.135   0.083741    17.7137    -1.6839     -0.134     0.0491    -1.3129 -9.990e-29
 245.459826     -0.135   0.083740    17.7162    -1.6839     -0.134     0.0491    -1.3133 -9.990e-29
 245.459832     -0.135   0.083740    17.7210    -1.6838     -0.134     0.0491    -1.3142 -9.990e-29
 245.459838     -0.135   0.083739    17.7276    -1.6837     -0.134     0.0491    -1.3154 -9.990e-29
 245.459844     -0.134   0.083739    17.7349    -1.6836     -0.133     0.0491    -1.3168 -9.990e-29
 245.459850     -0.134   0.083738    17.7420    -1.6835     -0.133     0.0491    -1.3181 -9.990e-29
 245.459855     -0.134   0.083737    17.7484    -1.6835     -0.133     0.0491    -1.3192 -9.990e-29
 245.459861     -0.134   0.083737    17.7539    -1.6834     -0.133     0.0490    -1.3202 -9.990e-29
 245.459867     -0.134   0.083736    17.7582    -1.6834     -0.133     0.0490    -1.3210 -9.990e-29
 245.459873     -0.134   0.083735    17.7611    -1.6834     -0.133     0.0490    -1.3215 -9.990e-29
 245.459878     -0.134   0.083734    17.7634    -1.6832     -0.133     0.0490    -1.3220 -9.990e-29
 245.459884     -0.134   0.083733    17.7662    -1.6831     -0.133     0.0490    -1.3225 -9.990e-29
 245.459890     -0.134   0.083729    17.7698    -1.6830     -0.133     0.0490    -1.3231 -9.990e-29
 245.459896     -0.134   0.083719    17.7735    -1.6828     -0.133     0.0490    -1.3238 -9.990e-29
 245.459902     -0.134   0.083689    17.7766    -1.6827     -0.133     0.0490    -1.3244 -9.990e-29
 245.459907     -0.134   0.083602    17.7789    -1.6826     -0.133     0.0490    -1.3249 -9.990e-29
 245.459913     -0.134   0.083342    17.7810    -1.6825     -0.133     0.0488    -1.3254 -9.990e-29
 245.459919     -0.134   0.083116    17.7834    -1.6824     -0.133     0.0487    -1.3259 -9.990e-29
 245.459925     -0.134   0.083177    17.7862    -1.6823     -0.133     0.0487    -1.3264 -9.990e-29
 245.459931     -0.134   0.083053    17.7903    -1.6822     -0.133     0.0487    -1.3272 -9.990e-29
 245.459936     -0.134   0.082581    17.7955    -1.6821     -0.133     0.0484    -1.3283 -9.990e-29
 245.459942     -0.134   0.082239    17.8009    -1.6821     -0.133     0.0482    -1.3294 -9.990e-29
 245.459948     -0.134   0.082124    17.8062    -1.6821     -0.133     0.0482    -1.3305 -9.990e-29
 245.459954     -0.134   0.082085    17.8114    -1.6821     -0.133     0.0481    -1.3314 -9.990e-29
 245.459959     -0.134   0.082072    17.8163    -1.6822     -0.133     0.0481    -1.3323 -9.990e-29
 245.459965     -0.134   0.082067    17.8210    -1.6823     -0.133     0.0481    -1.3332 -9.990e-29
 245.459971     -0.134   0.082065    17.8254    -1.6825     -0.133     0.0481    -1.3340 -9.990e-29
 245.459977     -0.134   0.082064    17.8291    -1.6824     -0.133     0.0481    -1.3347 -9.990e-29
 245.459983     -0.134   0.082063    17.8321    -1.6822     -0.133     0.0481    -1.3352 -9.990e-29
 245.459988     -0.134   0.082063    17.8344    -1.6820     -0.133     0.0481    -1.3357 -9.990e-29
 245.459994     -0.134   0.082062    17.8357    -1.6819     -0.133     0.0481    -1.3359 -9.990e-29
 245.460000     -0.134   0.082061    17.8357    -1.6818     -0.133     0.0481    -1.3359 -9.990e-29
 245.460006     -0.134   0.082061    17.8342    -1.6818     -0.133     0.0481    -1.3356 -9.990e-29
 245.460012     -0.134   0.082060    17.8313    -1.6818     -0.133     0.0481    -1.3351 -9.990e-29
 245.460017     -0.134   0.082060    17.8282    -1.6818     -0.133     0.0481    -1.3345 -9.990e-29
 245.460023     -0.134   0.082059    17.8265    -1.6818     -0.133     0.0481    -1.3342 -9.990e-29
 245.460029     -0.134   0.082058    17.8284    -1.6818     -0.133     0.0481    -1.3346 -9.990e-29
 245.460035     -0.134   0.082058    17.8334    -1.6817     -0.133     0.0481    -1.3355 -9.990e-29
 245.460041     -0.134   0.082057    17.8391    -1.6816     -0.133     0.0481    -1.3365 -9.990e-29
 245.460046     -0.134   0.082057    17.8440    -1.6817     -0.133     0.0481    -1.3374 -9.990e-29
 245.460052     -0.134   0.082056    17.8477    -1.6818     -0.133     0.0481    -1.3381 -9.990e-29
