data/oxygen options/ONMS/Olympic_Coast_National_Marine_Sanctuary_CTD_Data_2005_2023/raw_data/2013/CAST_TH042_130831faed.cnv
* Sea-Bird SBE19 Data File:
* FileName = C:\2013 Mooring Data\2nd Service\Casts\CAST_TH042_130831.hex
* Software Version 1.59
* Temperature SN = 2997
* Conductivity SN = 2997
* System UpLoad Time = Aug 31 2013 13:43:41
** CAST_TH042_130831
* ds
# nquan = 9                                 
# nvalues = 1037                        
# units = specified
# name 0 = timeJ: Julian Days
# name 1 = prSM: Pressure, Strain Gauge [db]
# name 2 = c0mS/cm: Conductivity [mS/cm]
# name 3 = t090C: Temperature [ITS-90, deg C]
# name 4 = sbeox0ML/L: Oxygen, SBE 43 [ml/l]
# name 5 = depSM: Depth [salt water, m], lat = 47.5
# name 6 = sal00: Salinity, Practical [PSU]
# name 7 = sigma-é00: Density [sigma-theta, kg/m^3]
# name 8 = flag: flag
# span 0 = 243.542778, 243.548773       
# span 1 =     -6.546,     42.634       
# span 2 =   0.121908,  39.038339       
# span 3 =     8.4281,    18.4401       
# span 4 =    -1.6978,     9.8922       
# span 5 =     -6.491,     42.274       
# span 6 =     0.0689,    33.4513       
# span 7 =    -1.4306,    25.9790       
# span 8 = 0.0000e+00, 0.0000e+00       
# interval = seconds: 0.5
# start_time = Aug 31 2013 13:01:36 [Instrument's time stamp, header]
# bad_flag = -9.990e-29
*END*
[from data line 961]
 243.548339     19.274  38.251472    13.6888     5.6865     19.112    31.8358    23.8068 0.0000e+00
 243.548345     18.863  38.243674    13.7876     5.6915     18.705    31.7468    23.7181 0.0000e+00
 243.548351     18.444  38.269323    13.8779     5.7313     18.289    31.6960    23.6606 0.0000e+00
 243.548356     18.025  38.316603    13.9441     5.8692     17.874    31.6852    23.6387 0.0000e+00
 243.548362     17.608  38.368219    13.9973     5.9349     17.460    31.6890    23.6308 0.0000e+00
 243.548368     17.192  38.414562    14.0357     5.9163     17.048    31.7001    23.6316 0.0000e+00
 243.548374     16.778  38.438225    14.0626     5.9155     16.637    31.6999    23.6258 0.0000e+00
 243.548380     16.360  38.440466    14.0868     5.8867     16.223    31.6822    23.6072 0.0000e+00
 243.548385     15.933  38.449285    14.1105     5.8375     15.799    31.6710    23.5937 0.0000e+00
 243.548391     15.500  38.461320    14.1414     5.7703     15.370    31.6568    23.5764 0.0000e+00
 243.548397     15.068  38.464051    14.1848     5.7183     14.942    31.6239    23.5421 0.0000e+00
 243.548403     14.643  38.474010    14.2313     5.7308     14.520    31.5951    23.5102 0.0000e+00
 243.548409     14.232  38.498321    14.2725     5.8476     14.113    31.5838    23.4930 0.0000e+00
 243.548414     13.840  38.524029    14.3017     5.9019     13.724    31.5835    23.4868 0.0000e+00
 243.548420     13.458  38.533879    14.3130     5.9861     13.345    31.5835    23.4844 0.0000e+00
 243.548426     13.071  38.527007    14.3112     5.9826     12.961    31.5788    23.4811 0.0000e+00
 243.548432     12.671  38.518346    14.3072     5.9432     12.565    31.5743    23.4785 0.0000e+00
 243.548438     12.260  38.513161    14.3104     5.8599     12.157    31.5671    23.4723 0.0000e+00
 243.548443     11.835  38.507899    14.3222     5.8021     11.736    31.5529    23.4588 0.0000e+00
 243.548449     11.401  38.503385    14.3352     5.9357     11.306    31.5383    23.4449 0.0000e+00
 243.548455     10.964  38.500889    14.3428     6.0067     10.872    31.5300    23.4369 0.0000e+00
 243.548461     10.529  38.498210    14.3447     6.0213     10.441    31.5262    23.4335 0.0000e+00
 243.548466     10.105  38.489540    14.3442     5.9874     10.020    31.5188    23.4280 0.0000e+00
 243.548472      9.698  38.480690    14.3431     5.9175      9.617    31.5118    23.4228 0.0000e+00
 243.548478      9.308  38.482272    14.3432     5.8505      9.230    31.5133    23.4239 0.0000e+00
 243.548484      8.924  38.484073    14.3471     5.8299      8.849    31.5119    23.4220 0.0000e+00
 243.548490      8.533  38.480652    14.3526     5.9582      8.462    31.5045    23.4151 0.0000e+00
 243.548495      8.131  38.478090    14.3558     6.1831      8.063    31.4997    23.4107 0.0000e+00
 243.548501      7.725  38.477457    14.3566     6.2312      7.660    31.4986    23.4097 0.0000e+00
 243.548507      7.321  38.478474    14.3565     6.1259      7.260    31.4998    23.4106 0.0000e+00
 243.548513      6.925  38.479137    14.3560     5.9767      6.867    31.5009    23.4116 0.0000e+00
 243.548519      6.531  38.475291    14.3544     6.4810      6.476    31.4989    23.4104 0.0000e+00
 243.548524      6.134  38.464612    14.3523     6.1722      6.083    31.4910    23.4047 0.0000e+00
 243.548530      5.728  38.446306    14.3517     7.0837      5.680    31.4750    23.3925 0.0000e+00
 243.548536      5.318  38.409974    14.3529     6.5143      5.274    31.4410    23.3660 0.0000e+00
 243.548542      4.920  38.385050    14.3559     6.3748      4.879    31.4160    23.3461 0.0000e+00
 243.548547      4.553  38.411695    14.3610     6.3937      4.515    31.4363    23.3607 0.0000e+00
 243.548553      4.214  38.449245    14.3671     6.1921      4.179    31.4657    23.3821 0.0000e+00
 243.548559      3.894  38.462614    14.3732     6.3115      3.861    31.4730    23.3865 0.0000e+00
 243.548565      3.591  38.464027    14.3805     6.2734      3.561    31.4685    23.3814 0.0000e+00
 243.548571      3.306  38.463212    14.3906     6.3848      3.278    31.4597    23.3725 0.0000e+00
 243.548576      3.047  38.467489    14.4010     6.4731      3.022    31.4552    23.3669 0.0000e+00
 243.548582      2.814  38.475280    14.4075     6.5027      2.790    31.4571    23.3670 0.0000e+00
 243.548588      2.602  38.477929    14.4097     6.4729      2.580    31.4578    23.3671 0.0000e+00
 243.548594      2.406  38.476170    14.4102     6.3879      2.386    31.4559    23.3655 0.0000e+00
 243.548600      2.221  38.478866    14.4109     6.4124      2.202    31.4578    23.3669 0.0000e+00
 243.548605      2.044  38.484569    14.4112     6.4591      2.027    31.4628    23.3707 0.0000e+00
 243.548611      1.873  38.485196    14.4114     6.5069      1.857    31.4633    23.3710 0.0000e+00
 243.548617      1.705  38.482144    14.4132     6.5784      1.691    31.4591    23.3674 0.0000e+00
 243.548623      1.539  38.481430    14.4178     6.5549      1.526    31.4548    23.3631 0.0000e+00
 243.548628      1.380  38.486583    14.4260     6.4752      1.368    31.4529    23.3599 0.0000e+00
 243.548634      1.237  38.496072    14.4370     6.4737      1.227    31.4527    23.3574 0.0000e+00
 243.548640      1.099  38.501822    14.4509     6.4980      1.090    31.4467    23.3499 0.0000e+00
 243.548646      0.959  38.500854    14.4764     6.5264      0.951    31.4251    23.3280 0.0000e+00
 243.548652      0.819  38.499726    14.5127     6.5008      0.812    31.3948    23.2970 0.0000e+00
 243.548657      0.688  38.505339    14.5419     6.4205      0.682    31.3763    23.2767 -9.990e-29
 243.548663      0.571  38.519021    14.5648     6.2936      0.566    31.3702    23.2672 -9.990e-29
 243.548669      0.465  38.536611    14.5913     6.2405      0.461    31.3648    23.2575 -9.990e-29
 243.548675      0.362  38.555797    14.6186     6.2472      0.359    31.3602    23.2482 -9.990e-29
 243.548681      0.261  38.580874    14.6503     7.2484      0.259    31.3573    23.2394 -9.990e-29
 243.548686      0.164  38.608306    14.7015     7.3532      0.163    31.3409    23.2160 -9.990e-29
 243.548692      0.073  38.623688    14.7852     7.1385      0.072    31.2875    23.1572 -9.990e-29
 243.548698     -0.010  38.615600    14.8852     7.0764     -0.010    31.2001    23.0688 -9.990e-29
 243.548704     -0.084  38.588391    14.9593     7.0543     -0.083    31.1166    22.9887 -9.990e-29
 243.548709     -0.151  38.547261    14.9964     7.0425     -0.150    31.0502    22.9297 -9.990e-29
 243.548715     -0.207  38.451398    15.0139     7.0081     -0.205    30.9504    22.8492 -9.990e-29
 243.548721     -0.250  38.181404    15.0215 -9.990e-29     -0.248    30.7027    22.6570 -9.990e-29
 243.548727     -0.283  37.405302    15.0247 -9.990e-29     -0.281    30.0071    22.1211 -9.990e-29
 243.548733     -0.309  35.114623    15.0286 -9.990e-29     -0.306    27.9715    20.5550 -9.990e-29
 243.548738     -0.328  28.271937    15.0353 -9.990e-29     -0.325    22.0138    15.9799 -9.990e-29
 243.548744     -0.343  17.671830    15.0437 -9.990e-29     -0.340    13.1648     9.1989 -9.990e-29
 243.548750     -0.354  10.380193    15.0520 -9.990e-29     -0.351     7.3981     4.7814 -9.990e-29
 243.548756     -0.362   8.074544    15.0585 -9.990e-29     -0.359     5.6453     3.4367 -9.990e-29
 243.548762     -0.367   6.940896    15.0626 -9.990e-29     -0.364     4.7992     2.7870 -9.990e-29
 243.548767     -0.370   5.632057    15.0640 -9.990e-29     -0.367     3.8377     2.0487 -9.990e-29
 243.548773     -0.371   4.577331 -9.990e-29 -9.990e-29     -0.368 -9.990e-29 -9.990e-29 -9.990e-29
