data/oxygen options/ONMS/Olympic_Coast_National_Marine_Sanctuary_CTD_Data_2005_2023/raw_data/2013/CAST_TH042_130605faed.cnv
* Sea-Bird SBE19 Data File:
* FileName = C:\2013 Mooring Data\Deployment Casts\CAST_TH042_130605.hex
* Software Version 1.59
* Temperature SN = 2997
* Conductivity SN = 2997
* System UpLoad Time = Jun 05 2013 12:02:22
** CAST_TH042_130605
* ds
# nquan = 9                                 
# nvalues = 950                         
# units = specified
# name 0 = timeJ: Julian Days
# name 1 = prSM: Pressure, Strain Gauge [db]
# name 2 = c0mS/cm: Conductivity [mS/cm]
# name 3 = t090C: Temperature [ITS-90, deg C]
# name 4 = sbeox0ML/L: Oxygen, SBE 43 [ml/l]
# name 5 = depSM: Depth [salt water, m], lat = 47.5
# name 6 = sal00: Salinity, Practical [PSU]
# name 7 = sigma-é00: Density [sigma-theta, kg/m^3]
# name 8 = flag: flag
# span 0 = 156.416470, 156.421962       
# span 1 =     -5.474,     42.604       
# span 2 =   0.217908,  35.438357       
# span 3 =     7.0287,    14.1026       
# span 4 =    -1.8300,    11.0180       
# span 5 =     -5.428,     42.244       
# span 6 =     0.1365,    33.9359       
# span 7 =    -0.4988,    26.5762       
# span 8 = 0.0000e+00, 0.0000e+00       
# interval = seconds: 0.5
# start_time = Jun 05 2013 09:59:43 [Instrument's time stamp, header]
# bad_flag = -9.990e-29
*END*
[from data line 641]
 156.420179      1.528  32.590758    14.0488     6.7873      1.515    26.4110    19.5514 -9.990e-29
 156.420185      1.511  32.572571    14.0607     6.7831      1.498    26.3865    19.5303 -9.990e-29
 156.420191      1.501  32.546539    14.0686     6.7653      1.488    26.3578    19.5067 -9.990e-29
 156.420197      1.500  32.533267    14.0687     6.7508      1.487    26.3459    19.4974 -9.990e-29
 156.420203      1.504  32.547397    14.0639     6.7607      1.491    26.3618    19.5106 -9.990e-29
 156.420208      1.510  32.563900    14.0638     6.7689      1.497    26.3767    19.5221 -9.990e-29
 156.420214      1.513  32.556427    14.0698     6.7805      1.500    26.3659    19.5126 -9.990e-29
 156.420220      1.510  32.540063    14.0753     6.7922      1.497    26.3475    19.4974 -9.990e-29
 156.420226      1.505  32.527005    14.0772     6.7984      1.492    26.3345    19.4870 -9.990e-29
 156.420231      1.500  32.517049    14.0769     6.8021      1.487    26.3258    19.4804 -9.990e-29
 156.420237      1.497  32.514690    14.0765     6.8011      1.485    26.3239    19.4790 -9.990e-29
 156.420243      1.495  32.521664    14.0727     6.7959      1.483    26.3328    19.4866 -9.990e-29
 156.420249      1.493  32.545422    14.0588     6.7913      1.481    26.3635    19.5130 -9.990e-29
 156.420255      1.492  32.597308    14.0423     6.7851      1.480    26.4213    19.5606 -9.990e-29
 156.420260      1.491  32.639869    14.0378     6.7904      1.479    26.4625    19.5933 -9.990e-29
 156.420266      1.491  32.631625    14.0437     6.7810      1.479    26.4511    19.5833 -9.990e-29
 156.420272      1.492  32.600644    14.0506     6.7739      1.480    26.4186    19.5570 -9.990e-29
 156.420278      1.493  32.578859    14.0543     6.7745      1.481    26.3966    19.5393 -9.990e-29
 156.420284      1.495  32.569000    14.0549     6.7858      1.483    26.3873    19.5320 -9.990e-29
 156.420289      1.497  32.564486    14.0553     6.7809      1.485    26.3830    19.5286 -9.990e-29
 156.420295      1.501  32.556894    14.0583     6.7673      1.488    26.3741    19.5212 -9.990e-29
 156.420301      1.505  32.548265    14.0618     6.7573      1.492    26.3640    19.5128 -9.990e-29
 156.420307      1.511  32.547100    14.0637     6.7597      1.498    26.3617    19.5106 -9.990e-29
 156.420312      1.514  32.551125    14.0675     6.7701      1.501    26.3627    19.5106 -9.990e-29
 156.420318      1.511  32.546488    14.0750     6.7635      1.498    26.3534    19.5020 -9.990e-29
 156.420324      1.506  32.529645    14.0820     6.7570      1.493    26.3336    19.4854 -9.990e-29
 156.420330      1.502  32.514401    14.0829     6.7596      1.489    26.3193    19.4742 -9.990e-29
 156.420336      1.499  32.520615    14.0794     6.7726      1.486    26.3273    19.4810 -9.990e-29
 156.420341      1.497  32.535117    14.0794     6.7764      1.485    26.3402    19.4910 -9.990e-29
 156.420347      1.495  32.528884    14.0821     6.7751      1.483    26.3328    19.4848 -9.990e-29
 156.420353      1.495  32.518098    14.0806     6.7705      1.483    26.3242    19.4784 -9.990e-29
 156.420359      1.495  32.523518    14.0714     6.7678      1.483    26.3353    19.4888 -9.990e-29
 156.420365      1.497  32.541561    14.0601     6.7787      1.485    26.3592    19.5094 -9.990e-29
 156.420370      1.499  32.560256    14.0563     6.7852      1.486    26.3785    19.5250 -9.990e-29
 156.420376      1.502  32.565135    14.0598     6.8037      1.489    26.3805    19.5258 -9.990e-29
 156.420382      1.506  32.559737    14.0640     6.8096      1.493    26.3728    19.5191 -9.990e-29
 156.420388      1.512  32.552950    14.0654     6.8046      1.499    26.3658    19.5134 -9.990e-29
 156.420394      1.520  32.551816    14.0619     6.8023      1.507    26.3671    19.5151 -9.990e-29
 156.420399      1.530  32.568668    14.0518     6.8264      1.517    26.3891    19.5340 -9.990e-29
 156.420405      1.538  32.605636    14.0411     6.8185      1.525    26.4296    19.5672 -9.990e-29
 156.420411      1.538  32.635633    14.0415     6.7973      1.525    26.4562    19.5877 -9.990e-29
 156.420417      1.528  32.628996    14.0544     6.7884      1.515    26.4414    19.5738 -9.990e-29
 156.420422      1.516  32.593520    14.0695     6.7791      1.503    26.3993    19.5384 -9.990e-29
 156.420428      1.511  32.556276    14.0773     6.7920      1.498    26.3606    19.5071 -9.990e-29
 156.420434      1.517  32.538617    14.0753     6.7893      1.504    26.3462    19.4964 -9.990e-29
 156.420440      1.528  32.556629    14.0674     6.7706      1.515    26.3677    19.5145 -9.990e-29
 156.420446      1.539  32.593252    14.0643     6.7562      1.526    26.4026    19.5420 -9.990e-29
 156.420451      1.540  32.603563    14.0716     6.7478      1.527    26.4068    19.5438 -9.990e-29
 156.420457      1.532  32.580968    14.0816     6.7502      1.519    26.3798    19.5210 -9.990e-29
 156.420463      1.523  32.548975    14.0879     6.7453      1.510    26.3468    19.4944 -9.990e-29
 156.420469      1.516  32.521929    14.0911     6.7545      1.503    26.3205    19.4735 -9.990e-29
 156.420475      1.511  32.505080    14.0927     6.7619      1.498    26.3043    19.4607 -9.990e-29
 156.420480      1.509  32.497656    14.0936     6.7672      1.496    26.2970    19.4550 -9.990e-29
 156.420486      1.508  32.495198    14.0940     6.7777      1.495    26.2946    19.4530 -9.990e-29
 156.420492      1.508  32.493704    14.0912     6.7802      1.495    26.2951    19.4540 -9.990e-29
 156.420498      1.510  32.497746    14.0838     6.7800      1.497    26.3038    19.4621 -9.990e-29
 156.420503      1.514  32.513671    14.0733     6.7826      1.501    26.3252    19.4806 -9.990e-29
 156.420509      1.519  32.539569    14.0630     6.7917      1.506    26.3554    19.5059 -9.990e-29
 156.420515      1.523  32.563290    14.0562     6.7963      1.510    26.3813    19.5271 -9.990e-29
 156.420521      1.521  32.575385    14.0532     6.7913      1.508    26.3942    19.5377 -9.990e-29
 156.420527      1.516  32.578362    14.0484     6.7755      1.503    26.4001    19.5432 -9.990e-29
 156.420532      1.514  32.578828    14.0380     6.7709      1.501    26.4077    19.5510 -9.990e-29
 156.420538      1.514  32.586207    14.0318     6.7657      1.501    26.4185    19.5606 -9.990e-29
 156.420544      1.516  32.595602    14.0380     6.7512      1.503    26.4227    19.5626 -9.990e-29
 156.420550      1.520  32.590790    14.0506     6.7543      1.507    26.4098    19.5502 -9.990e-29
 156.420556      1.526  32.570794    14.0626     6.7636      1.513    26.3836    19.5277 -9.990e-29
 156.420561      1.535  32.549145    14.0718     6.7687      1.522    26.3580    19.5061 -9.990e-29
 156.420567      1.547  32.535487    14.0780     6.7611      1.534    26.3415    19.4923 -9.990e-29
 156.420573      1.563  32.527701    14.0815     6.7631      1.550    26.3321    19.4844 -9.990e-29
 156.420579      1.580  32.524210    14.0813     6.7730      1.567    26.3292    19.4821 -9.990e-29
 156.420584      1.591  32.528044    14.0753     6.7642      1.578    26.3367    19.4891 -9.990e-29
 156.420590      1.591  32.546392    14.0671     6.8129      1.578    26.3587    19.5076 -9.990e-29
 156.420596      1.585  32.564322    14.0640     6.8329      1.572    26.3769    19.5222 -9.990e-29
 156.420602      1.581  32.559616    14.0640     6.8362      1.568    26.3727    19.5190 -9.990e-29
 156.420608      1.584  32.552738    14.0640     6.8490      1.571    26.3665    19.5142 -9.990e-29
 156.420613      1.593  32.556209    14.0641     6.8319      1.580    26.3695    19.5166 -9.990e-29
 156.420619      1.609  32.566087    14.0575     6.8335      1.596    26.3829    19.5281 -9.990e-29
 156.420625      1.628  32.611634    14.0391     6.8245      1.614    26.4363    19.5728 -9.990e-29
 156.420631      1.649  32.696805    14.0215     6.7887      1.635    26.5247    19.6443 -9.990e-29
 156.420637      1.671  32.741625    14.0208     6.7634      1.657    26.5654    19.6758 -9.990e-29
 156.420642      1.693  32.708716    14.0334     6.7604      1.679    26.5272    19.6439 -9.990e-29
 156.420648      1.715  32.660528    14.0497     6.8010      1.701    26.4728    19.5989 -9.990e-29
 156.420654      1.747  32.626812    14.0644     6.7569      1.732    26.4325    19.5650 -9.990e-29
 156.420660      1.797  32.608413    14.0737     6.7614      1.782    26.4097    19.5456 -9.990e-29
 156.420666      1.866  32.611870    14.0714     6.7926      1.850    26.4143    19.5496 -9.990e-29
 156.420671      1.955  32.624337    14.0601     6.8292      1.939    26.4332    19.5663 -9.990e-29
 156.420677      2.061  32.627980    14.0551     6.9347      2.044    26.4398    19.5724 -9.990e-29
 156.420683      2.187  32.619716    14.0538     7.0304      2.169    26.4333    19.5677 0.0000e+00
 156.420689      2.341  32.625271    14.0354     7.1373      2.321    26.4508    19.5847 0.0000e+00
 156.420694      2.532  32.694050    13.9659     7.0855      2.511    26.5602    19.6825 0.0000e+00
 156.420700      2.768  32.945185    13.8240     6.9528      2.745    26.8848    19.9600 0.0000e+00
 156.420706      3.052  33.446662    13.6201     6.6883      3.027    27.4835    20.4609 0.0000e+00
 156.420712      3.379  33.973508    13.3697     6.3968      3.351    28.1468    21.0207 0.0000e+00
 156.420718      3.742  34.256582    13.1258     6.2465      3.711    28.5891    21.4086 0.0000e+00
 156.420723      4.128  34.321719    12.9437     6.2304      4.094    28.7870    21.5959 0.0000e+00
 156.420729      4.532  34.317355    12.7842     6.2854      4.494    28.9043    21.7166 0.0000e+00
 156.420735      4.960  34.307110    12.5332     6.2636      4.919    29.0874    21.9048 0.0000e+00
 156.420741      5.415  34.306415    12.1344     6.1238      5.370    29.3973    22.2177 0.0000e+00
 156.420747      5.898  34.392222    11.6622     5.9930      5.849    29.8544    22.6568 0.0000e+00
 156.420752      6.404  34.631764    11.2400     5.7377      6.350    30.4302    23.1781 0.0000e+00
 156.420758      6.932  34.927152    10.9560     5.4458      6.874    30.9561    23.6361 0.0000e+00
 156.420764      7.481  35.179237    10.8008     5.2060      7.418    31.3364    23.9587 0.0000e+00
 156.420770      8.052  35.374098    10.6540     5.0072      7.985    31.6558    24.2325 0.0000e+00
 156.420775      8.647  35.438357    10.4012     4.8302      8.575    31.9403    24.4969 0.0000e+00
 156.420781      9.264  35.326976    10.0733     4.5561      9.186    32.1176    24.6900 0.0000e+00
 156.420787      9.901  35.131967     9.7803     4.2691      9.818    32.1806    24.7874 0.0000e+00
 156.420793     10.554  34.961665     9.5384     4.0379     10.466    32.2233    24.8598 0.0000e+00
 156.420799     11.220  34.824973     9.2850     3.9031     11.126    32.3111    24.9688 0.0000e+00
 156.420804     11.892  34.689262     9.0039     3.8272     11.792    32.4258    25.1025 0.0000e+00
 156.420810     12.571  34.567522     8.7424     3.7639     12.466    32.5381    25.2307 0.0000e+00
 156.420816     13.256  34.489679     8.5330     3.6820     13.145    32.6493    25.3495 0.0000e+00
 156.420822     13.950  34.448292     8.3737     3.6027     13.833    32.7532    25.4549 0.0000e+00
 156.420828     14.648  34.421174     8.2534     3.5342     14.525    32.8364    25.5380 0.0000e+00
 156.420833     15.344  34.400688     8.1581     3.4879     15.215    32.9037    25.6048 0.0000e+00
 156.420839     16.035  34.384120     8.0730     3.4516     15.901    32.9657    25.6660 0.0000e+00
 156.420845     16.722  34.368944     7.9900     3.4487     16.582    33.0275    25.7266 0.0000e+00
 156.420851     17.406  34.354493     7.9134     3.4877     17.260    33.0842    25.7822 0.0000e+00
 156.420856     18.087  34.343310     7.8493     3.5266     17.935    33.1327    25.8296 0.0000e+00
 156.420862     18.762  34.337808     7.7988     3.5646     18.605    33.1745    25.8697 0.0000e+00
 156.420868     19.427  34.335640     7.7578     3.5838     19.264    33.2109    25.9042 0.0000e+00
 156.420874     20.085  34.331617     7.7181     3.6042     19.916    33.2441    25.9360 0.0000e+00
 156.420880     20.740  34.323127     7.6742     3.6160     20.566    33.2766    25.9679 0.0000e+00
 156.420885     21.390  34.311698     7.6319     3.6327     21.210    33.3045    25.9958 0.0000e+00
 156.420891     22.034  34.302226     7.6008     3.6468     21.849    33.3238    26.0154 0.0000e+00
 156.420897     22.670  34.297167     7.5754     3.6290     22.480    33.3424    26.0336 0.0000e+00
 156.420903     23.300  34.293091     7.5458     3.5981     23.104    33.3661    26.0565 0.0000e+00
 156.420909     23.930  34.287877     7.5156     3.7172     23.729    33.3892    26.0789 0.0000e+00
 156.420914     24.565  34.282936     7.4896     3.7023     24.359    33.4086    26.0979 0.0000e+00
 156.420920     25.208  34.279482     7.4660     3.4872     24.996    33.4273    26.1159 0.0000e+00
 156.420926     25.856  34.279589     7.4448     3.3707     25.639    33.4476    26.1348 0.0000e+00
 156.420932     26.508  34.284472     7.4270     3.2907     26.285    33.4697    26.1548 0.0000e+00
 156.420938     27.158  34.291620     7.4074     3.3377     26.930    33.4961    26.1783 0.0000e+00
 156.420943     27.800  34.298182     7.3798     3.3867     27.566    33.5296    26.2085 0.0000e+00
 156.420949     28.433  34.303328     7.3474     3.3762     28.194    33.5663    26.2419 0.0000e+00
 156.420955     29.053  34.307706     7.3205     3.3334     28.808    33.5969    26.2697 0.0000e+00
 156.420961     29.658  34.312055     7.3048     3.2958     29.408    33.6166    26.2874 0.0000e+00
 156.420966     30.248  34.315955     7.2972     3.2966     29.993    33.6279    26.2974 0.0000e+00
 156.420972     30.829  34.317831     7.2908     3.2115     30.569    33.6359    26.3046 0.0000e+00
 156.420978     31.413  34.317333     7.2829     3.0821     31.148    33.6428    26.3111 0.0000e+00
 156.420984     32.007  34.316558     7.2735     2.9108     31.737    33.6508    26.3187 0.0000e+00
 156.420990     32.611  34.317232     7.2602     2.7604     32.336    33.6642    26.3311 0.0000e+00
 156.420995     33.216  34.320208     7.2347     2.7035     32.936    33.6920    26.3566 0.0000e+00
 156.421001     33.813  34.326043     7.1910     2.6823     33.528    33.7408    26.4010 0.0000e+00
 156.421007     34.406  34.334059     7.1379     2.6559     34.116    33.8012    26.4559 0.0000e+00
 156.421013     35.003  34.342560     7.0910     2.6488     34.708    33.8562    26.5057 0.0000e+00
 156.421019     35.602  34.349935     7.0601     2.6492     35.302    33.8944    26.5401 0.0000e+00
 156.421024     36.200  34.354749     7.0441     2.6672     35.895    33.9151    26.5586 0.0000e+00
 156.421030     36.796  34.356637     7.0362     2.6784     36.486    33.9247    26.5672 0.0000e+00
 156.421036     37.389  34.356946     7.0323     2.6875     37.074    33.9286    26.5708 0.0000e+00
 156.421042     37.969  34.357165     7.0306     2.6698     37.649    33.9302    26.5723 0.0000e+00
 156.421047     38.527  34.358098     7.0297     2.9095     38.202    33.9319    26.5738 0.0000e+00
 156.421053     39.063  34.359262     7.0290     3.0168     38.733    33.9336    26.5752 0.0000e+00
 156.421059     39.587  34.359363     7.0287     2.9283     39.253    33.9337    26.5754 0.0000e+00
 156.421065     40.097  34.359050     7.0288     2.7485     39.758    33.9330    26.5748 0.0000e+00
 156.421071     40.583  34.359544     7.0290     2.5932     40.240    33.9331    26.5749 0.0000e+00
 156.421076     41.036  34.360338     7.0293     2.6144     40.689    33.9335    26.5751 0.0000e+00
 156.421082     41.453  34.360765     7.0301     2.6650     41.103    33.9330    26.5746 0.0000e+00
 156.421088     41.824  34.360788     7.0313     2.7041     41.471    33.9316    26.5734 0.0000e+00
 156.421094     42.140  34.360955     7.0330     2.6815     41.784    33.9300    26.5719 0.0000e+00
