data/oxygen options/ONMS/Olympic_Coast_National_Marine_Sanctuary_CTD_Data_2005_2023/raw_data/2013/CAST_KL027_130903faed.cnv
* Sea-Bird SBE19 Data File:
* FileName = C:\2013 Mooring Data\2nd Service\Casts\CAST_KL027_130903.hex
* Software Version 1.59
* Temperature SN = 2997
* Conductivity SN = 2997
* System UpLoad Time = Sep 03 2013 11:45:13
** CAST_KL027_130903
* ds
# nquan = 9                                 
# nvalues = 1551                        
# units = specified
# name 0 = timeJ: Julian Days
# name 1 = prSM: Pressure, Strain Gauge [db]
# name 2 = c0mS/cm: Conductivity [mS/cm]
# name 3 = t090C: Temperature [ITS-90, deg C]
# name 4 = sbeox0ML/L: Oxygen, SBE 43 [ml/l]
# name 5 = depSM: Depth [salt water, m], lat = 47.5
# name 6 = sal00: Salinity, Practical [PSU]
# name 7 = sigma-é00: Density [sigma-theta, kg/m^3]
# name 8 = flag: flag
# span 0 = 246.419757, 246.428727       
# span 1 =     -5.242,     28.603       
# span 2 =   0.266335,  38.487772       
# span 3 =     9.2960,    17.6044       
# span 4 =    -1.7017,    10.3217       
# span 5 =     -5.198,     28.362       
# span 6 =     0.1498,    33.1511       
# span 7 =    -1.2145,    25.6138       
# span 8 = 0.0000e+00, 0.0000e+00       
# interval = seconds: 0.5
# start_time = Sep 03 2013 10:04:27 [Instrument's time stamp, header]
# bad_flag = -9.990e-29
*END*
[from data line 1441]
 246.428096     23.812  36.133824    10.1898     3.4539     23.612    32.8217    25.2200 0.0000e+00
 246.428102     23.455  36.194811    10.3463     3.6517     23.258    32.7419    25.1313 0.0000e+00
 246.428108     23.081  36.257050    10.5031     3.9009     22.887    32.6636    25.0435 0.0000e+00
 246.428113     22.689  36.330583    10.6668     4.2133     22.498    32.5908    24.9586 0.0000e+00
 246.428119     22.280  36.422473    10.8617     4.5367     22.093    32.5089    24.8610 0.0000e+00
 246.428125     21.857  36.538203    11.1244     4.8797     21.673    32.3914    24.7232 0.0000e+00
 246.428131     21.432  36.690139    11.4657     5.1189     21.252    32.2417    24.5458 0.0000e+00
 246.428137     21.016  36.916620    11.8658     5.3089     20.840    32.1151    24.3746 0.0000e+00
 246.428142     20.613  37.202881    12.2593     5.4458     20.440    32.0528    24.2531 0.0000e+00
 246.428148     20.219  37.473490    12.6242     5.5446     20.049    32.0001    24.1430 0.0000e+00
 246.428154     19.825  37.701061    13.0483     5.6594     19.659    31.8571    23.9503 0.0000e+00
 246.428160     19.433  37.890445    13.4984     5.7177     19.270    31.6587    23.7081 0.0000e+00
 246.428166     19.048  38.025812    13.8485     5.7415     18.888    31.4955    23.5117 0.0000e+00
 246.428171     18.666  38.102815    14.0853     5.7900     18.509    31.3730    23.3690 0.0000e+00
 246.428177     18.280  38.135680    14.2805     5.8587     18.127    31.2448    23.2301 0.0000e+00
 246.428183     17.884  38.139711    14.4867     5.9658     17.734    31.0827    23.0624 0.0000e+00
 246.428189     17.477  38.139366    14.6734     6.0379     17.330    30.9335    22.9086 0.0000e+00
 246.428194     17.067  38.141497    14.8194     6.0650     16.924    30.8198    22.7904 0.0000e+00
 246.428200     16.655  38.129935    14.9565     6.0996     16.515    30.7016    22.6704 0.0000e+00
 246.428206     16.236  38.094342    15.1171     6.1489     16.100    30.5442    22.5153 0.0000e+00
 246.428212     15.812  38.036594    15.3133     6.1928     15.679    30.3408    22.3169 0.0000e+00
 246.428218     15.392  37.981695    15.5077     6.2289     15.263    30.1430    22.1231 0.0000e+00
 246.428223     14.983  37.962938    15.6563     6.2664     14.857    30.0134    21.9913 0.0000e+00
 246.428229     14.588  37.971042    15.7528     6.3055     14.466    29.9475    21.9197 0.0000e+00
 246.428235     14.209  37.972028    15.8191     6.3087     14.090    29.8983    21.8676 0.0000e+00
 246.428241     13.846  37.967236    15.8971     6.2983     13.730    29.8355    21.8023 0.0000e+00
 246.428247     13.504  37.976630    15.9935     6.2624     13.391    29.7714    21.7320 0.0000e+00
 246.428252     13.180  37.995930    16.0728     6.2289     13.070    29.7290    21.6819 0.0000e+00
 246.428258     12.868  37.994292    16.1220     6.2432     12.760    29.6909    21.6419 0.0000e+00
 246.428264     12.560  37.955544    16.1544     6.2675     12.455    29.6332    21.5905 0.0000e+00
 246.428270     12.258  37.901441    16.1751     6.2980     12.155    29.5710    21.5382 0.0000e+00
 246.428275     11.974  37.842783    16.1804     6.3475     11.874    29.5163    21.4950 0.0000e+00
 246.428281     11.715  37.742829    16.1663     6.3850     11.617    29.4402    21.4397 0.0000e+00
 246.428287     11.476  37.599426    16.1415     6.4223     11.380    29.3342    21.3639 0.0000e+00
 246.428293     11.252  37.500402    16.1305     6.4592     11.158    29.2566    21.3068 0.0000e+00
 246.428299     11.037  37.479571    16.1407     6.4872     10.945    29.2311    21.2850 0.0000e+00
 246.428304     10.829  37.477217    16.1609     6.5144     10.738    29.2143    21.2676 0.0000e+00
 246.428310     10.634  37.471150    16.1855     6.5243     10.545    29.1911    21.2444 0.0000e+00
 246.428316     10.446  37.472893    16.2085     6.5358     10.359    29.1758    21.2276 0.0000e+00
 246.428322     10.255  37.474132    16.2240     6.5452     10.169    29.1656    21.2164 0.0000e+00
 246.428328     10.056  37.466997    16.2381     6.5561      9.972    29.1492    21.2007 0.0000e+00
 246.428333      9.854  37.458788    16.2555     6.5840      9.772    29.1294    21.1817 0.0000e+00
 246.428339      9.654  37.451452    16.2727     6.6077      9.573    29.1106    21.1634 0.0000e+00
 246.428345      9.459  37.444735    16.2853     6.6278      9.380    29.0957    21.1492 0.0000e+00
 246.428351      9.266  37.434728    16.2908     6.6441      9.188    29.0831    21.1383 0.0000e+00
 246.428356      9.062  37.416494    16.2917     6.6507      8.986    29.0668    21.1256 0.0000e+00
 246.428362      8.849  37.394299    16.2932     6.6679      8.775    29.0466    21.1098 0.0000e+00
 246.428368      8.632  37.365446    16.2971     6.6702      8.560    29.0189    21.0877 0.0000e+00
 246.428374      8.416  37.320040    16.3015     6.6837      8.346    28.9767    21.0543 0.0000e+00
 246.428380      8.204  37.259729    16.3025     6.6983      8.135    28.9240    21.0137 0.0000e+00
 246.428385      7.996  37.211672    16.3000     6.7186      7.929    28.8844    20.9839 0.0000e+00
 246.428391      7.786  37.181269    16.2978     6.7399      7.721    28.8599    20.9656 0.0000e+00
 246.428397      7.571  37.129665    16.2964     6.7561      7.508    28.8165    20.9326 0.0000e+00
 246.428403      7.352  37.038477    16.2937     6.7571      7.291    28.7399    20.8745 0.0000e+00
 246.428409      7.143  36.931787    16.2901     6.7682      7.083    28.6506    20.8069 0.0000e+00
 246.428414      6.943  36.850543    16.2859     6.7594      6.885    28.5837    20.7565 0.0000e+00
 246.428420      6.739  36.814156    16.2812     6.7621      6.683    28.5558    20.7362 0.0000e+00
 246.428426      6.526  36.800438    16.2771     6.7871      6.471    28.5470    20.7303 0.0000e+00
 246.428432      6.309  36.783818    16.2731     6.8142      6.256    28.5356    20.7224 0.0000e+00
 246.428438      6.090  36.749420    16.2680     6.8384      6.039    28.5097    20.7037 0.0000e+00
 246.428443      5.872  36.691154    16.2637     6.8489      5.823    28.4627    20.6686 0.0000e+00
 246.428449      5.660  36.645058    16.2616     6.8620      5.613    28.4246    20.6398 0.0000e+00
 246.428455      5.453  36.637623    16.2590     6.9021      5.407    28.4201    20.6369 0.0000e+00
 246.428461      5.240  36.627567    16.2551     7.0516      5.196    28.4143    20.6333 0.0000e+00
 246.428466      5.014  36.595880    16.2516     6.9931      4.972    28.3896    20.6151 0.0000e+00
 246.428472      4.777  36.564175    16.2494     6.9027      4.737    28.3639    20.5960 0.0000e+00
 246.428478      4.540  36.538916    16.2498     6.8302      4.502    28.3419    20.5790 0.0000e+00
 246.428484      4.309  36.510515    16.2558     6.7910      4.273    28.3133    20.5558 0.0000e+00
 246.428490      4.086  36.475838    16.2667     6.8259      4.052    28.2758    20.5246 0.0000e+00
 246.428495      3.874  36.451954    16.2838     6.8427      3.842    28.2432    20.4959 0.0000e+00
 246.428501      3.678  36.427187    16.3147     6.8532      3.647    28.2002    20.4561 0.0000e+00
 246.428507      3.501  36.368516    16.3557     6.8557      3.472    28.1210    20.3864 0.0000e+00
 246.428513      3.349  36.309193    16.3866     6.8593      3.321    28.0484    20.3240 0.0000e+00
 246.428519      3.222  36.293368    16.3987     6.8611      3.195    28.0264    20.3045 -9.990e-29
 246.428524      3.107  36.290428    16.4072     6.8649      3.081    28.0180    20.2961 -9.990e-29
 246.428530      2.993  36.271813    16.4235     6.8703      2.968    27.9907    20.2716 -9.990e-29
 246.428536      2.876  36.242392    16.4422     6.8803      2.852    27.9525    20.2382 -9.990e-29
 246.428542      2.758  36.208872    16.4560     6.8847      2.735    27.9142    20.2058 -9.990e-29
 246.428547      2.639  36.178098    16.4637     6.8851      2.617    27.8825    20.1799 -9.990e-29
 246.428553      2.521  36.157778    16.4698     6.8770      2.500    27.8610    20.1620 -9.990e-29
 246.428559      2.405  36.148268    16.4814     6.8715      2.385    27.8448    20.1471 -9.990e-29
 246.428565      2.292  36.132410    16.4980     6.8737      2.273    27.8198    20.1242 -9.990e-29
 246.428571      2.183  36.104184    16.5110     6.8771      2.165    27.7867    20.0960 -9.990e-29
 246.428576      2.081  36.076375    16.5186     6.8847      2.064    27.7577    20.0721 -9.990e-29
 246.428582      1.982  36.052799    16.5255     6.8856      1.965    27.7328    20.0516 -9.990e-29
 246.428588      1.885  36.029472    16.5372     6.8618      1.869    27.7049    20.0276 -9.990e-29
 246.428594      1.792  36.002740    16.5550     6.8208      1.777    27.6698    19.9968 -9.990e-29
 246.428600      1.701  35.970569    16.5733     6.6886      1.687    27.6298    19.9621 -9.990e-29
 246.428605      1.612  35.928718    16.5848     6.5318      1.599    27.5863    19.9262 -9.990e-29
 246.428611      1.522  35.880766    16.5909     6.3754      1.509    27.5413    19.8904 -9.990e-29
 246.428617      1.426  35.847923    16.6023     6.3151      1.414    27.5056    19.8606 -9.990e-29
 246.428623      1.326  35.821130    16.6231     6.4019      1.315    27.4686    19.8276 -9.990e-29
 246.428628      1.230  35.780344    16.6494     7.3956      1.220    27.4159    19.7815 -9.990e-29
 246.428634      1.139  35.737284    16.6796     7.3431      1.129    27.3588    19.7311 -9.990e-29
 246.428640      1.055  35.694474    16.7091     7.0132      1.046    27.3025    19.6814 -9.990e-29
 246.428646      0.984  35.655893    16.7273     6.6321      0.976    27.2574    19.6429 -9.990e-29
 246.428652      0.923  35.633960    16.7258     6.3650      0.915    27.2399    19.6298 -9.990e-29
 246.428657      0.869  35.620162    16.7036     6.2135      0.862    27.2432    19.6373 -9.990e-29
 246.428663      0.824  35.570900    16.6682     6.1314      0.817    27.2255    19.6315 -9.990e-29
 246.428669      0.788  35.364478    16.6276     6.1003      0.781    27.0778    19.5274 -9.990e-29
 246.428675      0.759  34.673011    16.5855 -9.990e-29      0.753    26.5196    19.1095 -9.990e-29
 246.428681      0.736  32.535890    16.5431 -9.990e-29      0.730    24.7436    17.7599 -9.990e-29
 246.428686      0.717  26.084007    16.4999 -9.990e-29      0.711    19.4195    13.7004 -9.990e-29
 246.428692      0.701  16.052880    16.4555 -9.990e-29      0.695    11.4460     7.6247 -9.990e-29
 246.428698      0.686   8.821733    16.4109 -9.990e-29      0.680     6.0015     3.4773 -9.990e-29
 246.428704      0.672   6.198082    16.3691 -9.990e-29      0.666     4.1147     2.0423 -9.990e-29
 246.428709      0.662   5.472412    16.3353 -9.990e-29      0.656     3.6051     1.6582 -9.990e-29
 246.428715      0.660   5.304534    16.3133 -9.990e-29      0.654     3.4891     1.5732 -9.990e-29
 246.428721      0.661   5.318446    16.3056 -9.990e-29      0.655     3.4995     1.5825 -9.990e-29
 246.428727      0.661   5.320514 -9.990e-29 -9.990e-29      0.655 -9.990e-29 -9.990e-29 -9.990e-29
