data/oxygen options/ONMS/Olympic_Coast_National_Marine_Sanctuary_CTD_Data_2005_2023/raw_data/2013/CAST_CA042_130729faedb.cnv
* Sea-Bird SBE19 Data File:
* FileName = C:\2013 Mooring Data\1st Service\Casts\CAST_CA042_130729.hex
* Software Version 1.59
* Temperature SN = 2997
* Conductivity SN = 2997
* System UpLoad Time = Jul 29 2013 14:07:44
** CAST_CA042_130729
* ds
# nquan = 9
# nvalues = 41                          
# units = specified
# name 0 = timeJ: Julian Days
# name 1 = prSM: Pressure, Strain Gauge [db]
# name 2 = c0mS/cm: Conductivity [mS/cm]
# name 3 = t090C: Temperature [ITS-90, deg C]
# name 4 = sbeox0ML/L: Oxygen, SBE 43 [ml/l]
# name 5 = depSM: Depth [salt water, m], lat = 47.5
# name 6 = sal00: Salinity, Practical [PSU]
# name 7 = sigma-é00: Density [sigma-theta, kg/m^3]
# name 8 = flag: flag
# span 0 = 210.502668, 210.503212       
# span 1 =      2.000,     42.000       
# span 2 =  34.247930,  37.252177       
# span 3 =     7.1793,    12.1041       
# span 4 =     2.7862,     8.7193       
# span 5 =      1.984,     41.645       
# span 6 =    32.2412,    33.8756       
# span 7 =    24.4279,    26.5089       
# span 8 = 0.0000e+00, 0.0000e+00       
# interval = decibars: 1                
# start_time = Jul 29 2013 11:58:38 [Instrument's time stamp, header]
# bad_flag = -9.990e-29
*END*
 210.502668      2.000  37.252177    12.1041     8.7193      1.984    32.2412    24.4279 0.0000e+00
 210.502692      3.000  37.033607    11.8208     8.2241      2.975    32.2747    24.5064 0.0000e+00
 210.502709      4.000  36.893455    11.6466     7.5140      3.967    32.2896    24.5499 0.0000e+00
 210.502725      5.000  36.661238    11.2062     7.2937      4.958    32.4478    24.7521 0.0000e+00
 210.502740      6.000  36.316484    10.7516     7.2113      5.950    32.5083    24.8793 0.0000e+00
 210.502755      7.000  36.183498    10.6019     6.9066      6.941    32.5086    24.9054 0.0000e+00
 210.502769      8.000  36.092453    10.4540     6.3062      7.933    32.5491    24.9624 0.0000e+00
 210.502783      9.000  35.949520    10.2007     5.7761      8.925    32.6323    25.0701 0.0000e+00
 210.502797     10.000  35.653241     9.7765     5.4628      9.916    32.7150    25.2051 0.0000e+00
 210.502811     11.000  35.356081     9.4365     5.2707     10.908    32.7202    25.2645 0.0000e+00
 210.502824     12.000  35.213822     9.2568     4.6251     11.899    32.7376    25.3067 0.0000e+00
 210.502836     13.000  35.110567     9.1341     3.8374     12.891    32.7430    25.3303 0.0000e+00
 210.502849     14.000  35.003054     8.9257     3.4524     13.883    32.8231    25.4255 0.0000e+00
 210.502861     15.000  34.774292     8.4907     3.3466     14.875    32.9875    25.6209 0.0000e+00
 210.502872     16.000  34.542318     8.1649     3.4223     15.866    33.0474    25.7166 0.0000e+00
 210.502884     17.000  34.442351     7.9236     3.5526     16.858    33.1687    25.8471 0.0000e+00
 210.502895     18.000  34.327678     7.6690     3.5824     17.849    33.2878    25.9774 0.0000e+00
 210.502906     19.000  34.260182     7.5256     3.4504     18.841    33.3520    26.0482 0.0000e+00
 210.502917     20.000  34.247930     7.4758     3.2190     19.832    33.3862    26.0821 0.0000e+00
 210.502929     21.000  34.249356     7.4292     3.0895     20.824    33.4322    26.1249 0.0000e+00
 210.502940     22.000  34.251731     7.3752     3.0951     21.815    33.4864    26.1751 0.0000e+00
 210.502951     23.000  34.266017     7.3318     3.1339     22.807    33.5435    26.2261 0.0000e+00
 210.502962     24.000  34.313664     7.3104     3.1623     23.798    33.6156    26.2858 0.0000e+00
 210.502973     25.000  34.363213     7.3022     3.1855     24.790    33.6770    26.3353 0.0000e+00
 210.502983     26.000  34.391197     7.3005     3.1632     25.781    33.7087    26.3604 0.0000e+00
 210.502995     27.000  34.403603     7.3006     3.0733     26.773    33.7216    26.3706 0.0000e+00
 210.503006     28.000  34.413106     7.2857     2.9413     27.764    33.7460    26.3918 0.0000e+00
 210.503018     29.000  34.424075     7.2517     2.8553     28.756    33.7907    26.4318 0.0000e+00
 210.503028     30.000  34.429103     7.2198     2.8342     29.747    33.8270    26.4649 0.0000e+00
 210.503039     31.000  34.433817     7.1974     2.8279     30.739    33.8535    26.4889 0.0000e+00
 210.503050     32.000  34.436907     7.1887     2.8175     31.731    33.8649    26.4990 0.0000e+00
 210.503061     33.000  34.438617     7.1860     2.8089     32.722    33.8690    26.5026 0.0000e+00
 210.503074     34.000  34.439460     7.1827     2.8048     33.713    33.8727    26.5060 0.0000e+00
 210.503086     35.000  34.439959     7.1815     2.8209     34.705    33.8739    26.5071 0.0000e+00
 210.503098     36.000  34.440138     7.1800     2.8226     35.697    33.8751    26.5083 0.0000e+00
 210.503110     37.000  34.439851     7.1798     2.7980     36.688    33.8745    26.5079 0.0000e+00
 210.503122     38.000  34.440646     7.1804     2.7893     37.680    33.8742    26.5076 0.0000e+00
 210.503136     39.000  34.441361     7.1793     2.8048     38.671    33.8756    26.5089 0.0000e+00
 210.503149     40.000  34.441203     7.1794     2.7936     39.662    33.8748    26.5082 0.0000e+00
 210.503165     41.000  34.442084     7.1801     2.7862     40.654    33.8746    26.5080 0.0000e+00
 210.503212     42.000  34.444345     7.1858     2.7924     41.645    33.8711    26.5044 0.0000e+00
