data/oxygen options/ONMS/Olympic_Coast_National_Marine_Sanctuary_CTD_Data_2005_2023/raw_data/2013/CAST_CA042_130901faed.cnv
* Sea-Bird SBE19 Data File:
* FileName = C:\2013 Mooring Data\2nd Service\Casts\CAST_CA042_130901.hex
* Software Version 1.59
* Temperature SN = 2997
* Conductivity SN = 2997
* System UpLoad Time = Sep 02 2013 11:25:16
** CAST_CA042_130901
* ds
# nquan = 9                                 
# nvalues = 808                         
# units = specified
# name 0 = timeJ: Julian Days
# name 1 = prSM: Pressure, Strain Gauge [db]
# name 2 = c0mS/cm: Conductivity [mS/cm]
# name 3 = t090C: Temperature [ITS-90, deg C]
# name 4 = sbeox0ML/L: Oxygen, SBE 43 [ml/l]
# name 5 = depSM: Depth [salt water, m], lat = 47.5
# name 6 = sal00: Salinity, Practical [PSU]
# name 7 = sigma-é00: Density [sigma-theta, kg/m^3]
# name 8 = flag: flag
# span 0 = 244.583519, 244.588189       
# span 1 =     -6.075,     42.806       
# span 2 =   0.450520,  39.588007       
# span 3 =     8.0748,    16.5216       
# span 4 =    -1.7210,    11.2218       
# span 5 =     -6.024,     42.444       
# span 6 =     0.2638,    33.6015       
# span 7 =    -0.8868,    26.1554       
# span 8 = 0.0000e+00, 0.0000e+00       
# interval = seconds: 0.5
# start_time = Sep 01 2013 14:00:16 [Instrument's time stamp, header]
# bad_flag = -9.990e-29
*END*
[from data line 641]
 244.587228      1.817  39.145311    15.1008     6.1264      1.802    31.5021    23.2553 0.0000e+00
 244.587234      2.141  39.017041    14.8997     6.1078      2.123    31.5489    23.3343 0.0000e+00
 244.587240      2.508  38.914764    14.7491     6.1037      2.487    31.5785    23.3890 0.0000e+00
 244.587245      2.922  38.854362    14.6443     6.0943      2.898    31.6088    23.4345 0.0000e+00
 244.587251      3.389  38.812857    14.5796     6.1044      3.361    31.6237    23.4595 0.0000e+00
 244.587257      3.905  38.787433    14.5450     6.0579      3.872    31.6286    23.4706 0.0000e+00
 244.587263      4.455  38.776550    14.5279     6.0091      4.418    31.6324    23.4771 0.0000e+00
 244.587269      5.027  38.773971    14.5193     5.9695      4.985    31.6369    23.4824 0.0000e+00
 244.587274      5.618  38.774446    14.5138     5.9357      5.571    31.6416    23.4872 0.0000e+00
 244.587280      6.233  38.777923    14.5075     5.8919      6.181    31.6497    23.4947 0.0000e+00
 244.587286      6.871  38.783871    14.4991     5.8451      6.814    31.6617    23.5058 0.0000e+00
 244.587292      7.530  38.789450    14.4908     5.8274      7.467    31.6733    23.5165 0.0000e+00
 244.587297      8.210  38.793568    14.4831     5.8029      8.141    31.6831    23.5256 0.0000e+00
 244.587303      8.907  38.794866    14.4728     5.8141      8.832    31.6924    23.5350 0.0000e+00
 244.587309      9.613  38.791024    14.4593     5.8105      9.533    31.6997    23.5434 0.0000e+00
 244.587315     10.323  38.784080    14.4454     5.7718     10.237    31.7044    23.5501 0.0000e+00
 244.587321     11.029  38.778097    14.4330     5.7212     10.937    31.7089    23.5561 0.0000e+00
 244.587326     11.734  38.773935    14.4234     5.7069     11.636    31.7127    23.5610 0.0000e+00
 244.587332     12.444  38.771524    14.4162     5.6721     12.340    31.7161    23.5652 0.0000e+00
 244.587338     13.157  38.770884    14.4095     5.6574     13.047    31.7207    23.5702 0.0000e+00
 244.587344     13.872  38.769916    14.4011     5.6574     13.756    31.7265    23.5764 0.0000e+00
 244.587350     14.592  38.766082    14.3898     5.6237     14.470    31.7320    23.5830 0.0000e+00
 244.587355     15.313  38.759750    14.3773     5.6330     15.185    31.7362    23.5888 0.0000e+00
 244.587361     16.032  38.756362    14.3692     5.6427     15.898    31.7394    23.5931 0.0000e+00
 244.587367     16.747  38.767522    14.3645     5.6081     16.607    31.7532    23.6047 0.0000e+00
 244.587373     17.465  38.791733    14.3545     5.5597     17.319    31.7832    23.6299 0.0000e+00
 244.587378     18.193  38.810158    14.3365     5.5019     18.040    31.8146    23.6579 0.0000e+00
 244.587384     18.925  38.817538    14.3145     5.3984     18.766    31.8391    23.6814 0.0000e+00
 244.587390     19.653  38.820787    14.2896     5.3155     19.488    31.8623    23.7045 0.0000e+00
 244.587396     20.371  38.824107    14.2656     5.1192     20.200    31.8849    23.7269 0.0000e+00
 244.587402     21.074  38.839643    14.2344     4.8701     20.897    31.9246    23.7640 0.0000e+00
 244.587407     21.760  38.848189    14.1620     4.6810     21.577    31.9921    23.8310 0.0000e+00
 244.587413     22.428  38.797688    14.0287     4.5593     22.240    32.0562    23.9079 0.0000e+00
 244.587419     23.080  38.694093    13.8424     4.5585     22.886    32.1159    23.9921 0.0000e+00
 244.587425     23.718  38.581267    13.6024     4.4988     23.519    32.2125    24.1153 0.0000e+00
 244.587431     24.347  38.439198    13.3309     4.3589     24.142    32.3092    24.2445 0.0000e+00
 244.587436     24.975  38.259304    13.0924     4.1188     24.765    32.3429    24.3177 0.0000e+00
 244.587442     25.601  38.109756    12.9202     3.7923     25.386    32.3486    24.3559 0.0000e+00
 244.587448     26.224  38.016804    12.8000     3.4936     26.003    32.3633    24.3906 0.0000e+00
 244.587454     26.844  37.957767    12.6888     3.2186     26.618    32.4024    24.4424 0.0000e+00
 244.587459     27.466  37.903650    12.5355     3.0233     27.235    32.4827    24.5341 0.0000e+00
 244.587465     28.096  37.826988    12.2905     2.8927     27.860    32.6216    24.6884 0.0000e+00
 244.587471     28.736  37.687629    11.9225     2.8612     28.494    32.8091    24.9031 0.0000e+00
 244.587477     29.378  37.451465    11.4782     2.7960     29.131    32.9724    25.1117 0.0000e+00
 244.587483     30.016  37.167647    11.0513     2.7049     29.763    33.0750    25.2683 0.0000e+00
 244.587488     30.653  36.909715    10.7140     2.6359     30.395    33.1229    25.3650 0.0000e+00
 244.587494     31.291  36.715653    10.4827     2.5545     31.027    33.1384    25.4172 0.0000e+00
 244.587500     31.923  36.584787    10.3193     2.5328     31.654    33.1554    25.4585 0.0000e+00
 244.587506     32.541  36.485873    10.1828     2.5034     32.267    33.1801    25.5009 0.0000e+00
 244.587512     33.143  36.397798    10.0554     2.4803     32.864    33.2074    25.5437 0.0000e+00
 244.587517     33.720  36.312794     9.9378     2.4627     33.436    33.2289    25.5802 0.0000e+00
 244.587523     34.262  36.232788     9.8474     2.4374     33.973    33.2304    25.5964 0.0000e+00
 244.587529     34.767  36.170292     9.7875     2.4094     34.474    33.2217    25.5995 0.0000e+00
 244.587535     35.244  36.126432     9.7354     2.3501     34.947    33.2247    25.6105 0.0000e+00
 244.587541     35.696  36.087972     9.6816     2.3027     35.395    33.2349    25.6273 0.0000e+00
 244.587546     36.136  36.050569     9.6271     2.2326     35.831    33.2468    25.6455 0.0000e+00
 244.587552     36.577  36.013527     9.5541     2.1456     36.269    33.2762    25.6804 0.0000e+00
 244.587558     37.028  35.959267     9.4459     2.0655     36.716    33.3207    25.7328 0.0000e+00
 244.587564     37.490  35.876940     9.3245     1.9435     37.174    33.3486    25.7742 0.0000e+00
 244.587569     37.963  35.792776     9.2255     1.8362     37.643    33.3538    25.7941 0.0000e+00
 244.587575     38.444  35.732788     9.1480     1.7353     38.120    33.3639    25.8143 0.0000e+00
 244.587581     38.928  35.682953     9.0582     1.8249     38.599    33.3960    25.8537 0.0000e+00
 244.587587     39.412  35.614787     8.8982     1.7657     39.079    33.4752    25.9409 0.0000e+00
 244.587593     39.888  35.478732     8.6514     1.7776     39.551    33.5660    26.0502 0.0000e+00
 244.587598     40.344  35.271946     8.4002     1.7046     40.003    33.5866    26.1048 0.0000e+00
 244.587604     40.774  35.090506     8.2242     1.6397     40.430    33.5621    26.1120 0.0000e+00
 244.587610     41.176  34.988081     8.1298     1.6814     40.828    33.5432    26.1112 0.0000e+00
 244.587616     41.541  34.941087     8.0888     1.6916     41.190    33.5322    26.1086 0.0000e+00
 244.587622     41.862  34.922012     8.0749     1.7366     41.508    33.5250    26.1050 0.0000e+00
 244.587627     42.134  34.918185     8.0748     1.7547     41.778    33.5209    26.1018 0.0000e+00
 244.587633     42.353  34.926071     8.0824     1.7784     41.995    33.5219    26.1015 0.0000e+00
 244.587639     42.520  34.940390     8.0938     1.8062     42.161    33.5262    26.1032 -9.990e-29
 244.587645     42.641  34.960519     8.1069     1.8256     42.281    33.5350    26.1082 -9.990e-29
 244.587650     42.724  34.981824     8.1217     1.8426     42.363    33.5435    26.1127 -9.990e-29
 244.587656     42.775  34.997318     8.1401     1.8328     42.414    33.5424    26.1091 -9.990e-29
 244.587662     42.800  35.020271     8.1667     1.7554     42.438    33.5414    26.1044 -9.990e-29
 244.587668     42.806  35.055414     8.1982     1.7028     42.444    33.5487    26.1054 -9.990e-29
 244.587674     42.792  35.086767     8.2273     1.6847     42.430    33.5542    26.1054 -9.990e-29
 244.587679     42.759  35.112898     8.2528     1.6836     42.398    33.5576    26.1042 -9.990e-29
 244.587685     42.700  35.133257     8.2711     1.6740     42.339    33.5618    26.1048 -9.990e-29
 244.587691     42.606  35.134554     8.2693     1.6590     42.246    33.5649    26.1075 -9.990e-29
 244.587697     42.473  35.106090     8.2418     1.6874     42.114    33.5610    26.1085 0.0000e+00
 244.587703     42.294  35.074222     8.2039     1.7523     41.937    33.5635    26.1161 0.0000e+00
 244.587708     42.073  35.066368     8.1686     1.8246     41.718    33.5890    26.1414 0.0000e+00
 244.587714     41.812  35.052554     8.1403     1.9050     41.459    33.6015    26.1554 0.0000e+00
 244.587720     41.516  35.020485     8.1345     1.9883     41.165    33.5730    26.1340 0.0000e+00
 244.587726     41.192  34.997568     8.1781     2.0618     40.844    33.5071    26.0757 0.0000e+00
 244.587731     40.849  35.009764     8.2975     2.1282     40.504    33.4065    25.9789 0.0000e+00
 244.587737     40.500  35.077419     8.5008     2.1644     40.158    33.2856    25.8535 0.0000e+00
 244.587743     40.152  35.208964     8.7344     2.1865     39.813    33.2043    25.7541 0.0000e+00
 244.587749     39.805  35.366958     8.9100     2.2117     39.469    33.2052    25.7276 0.0000e+00
 244.587755     39.453  35.487622     9.0057     2.2470     39.120    33.2416    25.7411 0.0000e+00
 244.587760     39.096  35.560480     9.0595     2.3010     38.766    33.2673    25.7528 0.0000e+00
 244.587766     38.728  35.605963     9.1012     2.3573     38.401    33.2758    25.7528 0.0000e+00
 244.587772     38.339  35.638230     9.1411     2.4122     38.015    33.2722    25.7437 0.0000e+00
 244.587778     37.925  35.667258     9.1863     2.4629     37.605    33.2603    25.7272 0.0000e+00
 244.587784     37.486  35.697027     9.2546     2.5143     37.170    33.2277    25.6908 0.0000e+00
 244.587789     37.024  35.739789     9.3572     2.5714     36.712    33.1768    25.6345 0.0000e+00
 244.587795     36.539  35.806070     9.4729     2.6293     36.231    33.1381    25.5857 0.0000e+00
 244.587801     36.027  35.885099     9.5750     2.6910     35.723    33.1252    25.5590 0.0000e+00
 244.587807     35.488  35.959586     9.6601     2.7466     35.189    33.1233    25.5436 0.0000e+00
 244.587813     34.932  36.022990     9.7426     2.8240     34.638    33.1124    25.5216 0.0000e+00
 244.587818     34.361  36.081437     9.8360     2.9138     34.071    33.0865    25.4859 0.0000e+00
 244.587824     33.779  36.145085     9.9378     3.0998     33.494    33.0582    25.4470 0.0000e+00
 244.587830     33.190  36.213657    10.0430     3.3233     32.910    33.0319    25.4088 0.0000e+00
 244.587836     32.600  36.282802    10.1574     3.6300     32.325    32.9978    25.3630 0.0000e+00
 244.587841     32.010  36.356215    10.2901     3.9557     31.740    32.9515    25.3045 0.0000e+00
 244.587847     31.413  36.441037    10.4608     4.2352     31.148    32.8825    25.2215 0.0000e+00
 244.587853     30.804  36.547857    10.7115     4.4475     30.545    32.7640    25.0859 0.0000e+00
 244.587859     30.189  36.700347    11.0654     4.5599     29.935    32.6000    24.8962 0.0000e+00
 244.587865     29.566  36.915283    11.4926     4.6761     29.317    32.4348    24.6912 0.0000e+00
 244.587870     28.934  37.175049    11.9142     4.7789     28.691    32.3200    24.5249 0.0000e+00
 244.587876     28.301  37.421519    12.2500     4.9086     28.063    32.2674    24.4214 0.0000e+00
 244.587882     27.672  37.600695    12.4880     5.0860     27.439    32.2345    24.3508 0.0000e+00
 244.587888     27.047  37.721257    12.6574     5.2796     26.820    32.2045    24.2952 0.0000e+00
 244.587894     26.421  37.811207    12.8000     5.4369     26.199    32.1684    24.2397 0.0000e+00
 244.587899     25.791  37.892452    12.9694     5.5340     25.574    32.1015    24.1550 0.0000e+00
 244.587905     25.165  37.996013    13.1950     5.5701     24.953    32.0086    24.0389 0.0000e+00
 244.587911     24.547  38.135023    13.4555     5.5618     24.341    31.9201    23.9188 0.0000e+00
 244.587917     23.926  38.284148    13.6954     5.5590     23.725    31.8588    23.8233 0.0000e+00
 244.587922     23.293  38.411937    13.8899     5.5433     23.097    31.8158    23.7507 0.0000e+00
 244.587928     22.647  38.531909    14.0433     5.5601     22.457    31.7996    23.7069 0.0000e+00
 244.587934     21.993  38.649397    14.1463     5.5578     21.808    31.8227    23.7036 0.0000e+00
 244.587940     21.337  38.722690    14.2004     5.5629     21.158    31.8455    23.7100 0.0000e+00
 244.587946     20.680  38.739134    14.2323     5.5884     20.506    31.8345    23.6949 0.0000e+00
 244.587951     20.028  38.736370    14.2596     5.6064     19.860    31.8097    23.6701 0.0000e+00
 244.587957     19.385  38.738744    14.2851     5.6396     19.222    31.7911    23.6505 0.0000e+00
 244.587963     18.751  38.743263    14.3088     5.6542     18.594    31.7760    23.6339 0.0000e+00
 244.587969     18.118  38.745310    14.3271     5.6758     17.966    31.7631    23.6201 0.0000e+00
 244.587975     17.481  38.743138    14.3369     5.6904     17.334    31.7533    23.6105 0.0000e+00
 244.587980     16.833  38.734419    14.3403     5.7151     16.692    31.7428    23.6017 0.0000e+00
 244.587986     16.173  38.719862    14.3448     5.7237     16.037    31.7261    23.5878 0.0000e+00
 244.587992     15.499  38.708084    14.3545     5.7381     15.369    31.7077    23.5716 0.0000e+00
 244.587998     14.814  38.705243    14.3671     5.7605     14.690    31.6950    23.5592 0.0000e+00
 244.588003     14.115  38.709236    14.3795     5.7739     13.997    31.6888    23.5518 0.0000e+00
 244.588009     13.406  38.715305    14.3903     5.8110     13.294    31.6857    23.5472 0.0000e+00
 244.588015     12.693  38.719216    14.3991     5.8276     12.587    31.6824    23.5427 0.0000e+00
 244.588021     11.978  38.722269    14.4073     5.8612     11.878    31.6787    23.5382 0.0000e+00
 244.588027     11.261  38.725737    14.4162     5.8875     11.167    31.6749    23.5333 0.0000e+00
 244.588032     10.550  38.728084    14.4252     5.9192     10.462    31.6699    23.5276 0.0000e+00
 244.588038      9.850  38.730204    14.4342     5.9508      9.768    31.6647    23.5218 0.0000e+00
 244.588044      9.168  38.733806    14.4445     6.0021      9.091    31.6599    23.5158 0.0000e+00
 244.588050      8.508  38.739217    14.4556     6.0487      8.437    31.6560    23.5105 0.0000e+00
 244.588056      7.867  38.743566    14.4657     6.0765      7.801    31.6519    23.5052 0.0000e+00
 244.588061      7.237  38.746492    14.4740     6.1035      7.176    31.6480    23.5005 0.0000e+00
 244.588067      6.618  38.748540    14.4806     6.0888      6.563    31.6447    23.4966 0.0000e+00
 244.588073      6.013  38.747400    14.4864     6.0916      5.963    31.6392    23.4911 0.0000e+00
 244.588079      5.421  38.742678    14.4913     6.1335      5.376    31.6311    23.4838 0.0000e+00
 244.588084      4.845  38.737609    14.4952     6.1694      4.805    31.6236    23.4771 0.0000e+00
 244.588090      4.290  38.735527    14.4984     6.2594      4.254    31.6193    23.4732 0.0000e+00
 244.588096      3.763  38.735902    14.5018     6.3338      3.732    31.6170    23.4707 0.0000e+00
 244.588102      3.274  38.738119    14.5078     6.3930      3.247    31.6143    23.4674 0.0000e+00
 244.588108      2.827  38.744574    14.5210     6.4308      2.803    31.6096    23.4609 0.0000e+00
 244.588113      2.413  38.754910    14.5532     6.4325      2.393    31.5929    23.4413 0.0000e+00
 244.588119      2.029  38.770583    14.6259     6.3598      2.012    31.5482    23.3916 0.0000e+00
 244.588125      1.675  38.806326    14.7527     6.2047      1.661    31.4779    23.3108 0.0000e+00
 244.588131      1.354  38.876735    14.9421     6.0841      1.343    31.3888    23.2020 0.0000e+00
 244.588137      1.073  39.019095    15.1772 -9.990e-29      1.064    31.3281    23.1050 0.0000e+00
 244.588142      0.829  39.208018    15.3765 -9.990e-29      0.822    31.3376    23.0694 0.0000e+00
