data/oxygen options/ONMS/Olympic_Coast_National_Marine_Sanctuary_CTD_Data_2005_2023/raw_data/2013/CAST_CA065_130901faed.cnv
* Sea-Bird SBE19 Data File:
* FileName = C:\2013 Mooring Data\2nd Service\Casts\CAST_CA065_130901.hex
* Software Version 1.59
* Temperature SN = 2997
* Conductivity SN = 2997
* System UpLoad Time = Sep 02 2013 11:26:56
** CAST_CA065_130901
* ds
# nquan = 9                                 
# nvalues = 1210                        
# units = specified
# name 0 = timeJ: Julian Days
# name 1 = prSM: Pressure, Strain Gauge [db]
# name 2 = c0mS/cm: Conductivity [mS/cm]
# name 3 = t090C: Temperature [ITS-90, deg C]
# name 4 = sbeox0ML/L: Oxygen, SBE 43 [ml/l]
# name 5 = depSM: Depth [salt water, m], lat = 47.5
# name 6 = sal00: Salinity, Practical [PSU]
# name 7 = sigma-é00: Density [sigma-theta, kg/m^3]
# name 8 = flag: flag
# span 0 = 244.568634, 244.575631       
# span 1 =     -6.258,     64.438       
# span 2 =   0.209176,  40.700349       
# span 3 =     7.3169,    18.4025       
# span 4 =    -7.7067,    13.2075       
# span 5 =     -6.206,     63.890       
# span 6 =     0.1173,    33.7008       
# span 7 =    -1.2664,    26.3510       
# span 8 = 0.0000e+00, 0.0000e+00       
# interval = seconds: 0.5
# start_time = Sep 01 2013 13:38:50 [Instrument's time stamp, header]
# bad_flag = -9.990e-29
*END*
[from data line 1121]
 244.575122     40.996  34.917047     8.1918     2.5795     40.650    33.4085    25.9963 0.0000e+00
 244.575127     40.506  34.968899     8.2770     2.7815     40.164    33.3828    25.9634 0.0000e+00
 244.575133     40.031  35.033145     8.3692     2.9740     39.693    33.3635    25.9345 0.0000e+00
 244.575139     39.575  35.124463     8.4810     3.1480     39.241    33.3544    25.9104 0.0000e+00
 244.575145     39.139  35.244906     8.6121     3.2897     38.809    33.3576    25.8929 0.0000e+00
 244.575150     38.715  35.369275     8.7747     3.4292     38.388    33.3350    25.8503 0.0000e+00
 244.575156     38.296  35.478730     8.9791     3.5969     37.973    33.2578    25.7579 0.0000e+00
 244.575162     37.874  35.596146     9.1750     3.7964     37.554    33.1971    25.6796 0.0000e+00
 244.575168     37.450  35.727015     9.3286     4.0435     37.134    33.1899    25.6494 0.0000e+00
 244.575174     37.017  35.838773     9.4764     4.2725     36.705    33.1683    25.6087 0.0000e+00
 244.575179     36.570  35.924892     9.6587     4.4654     36.262    33.0886    25.5168 0.0000e+00
 244.575185     36.109  36.040978     9.8677     4.6340     35.805    33.0154    25.4252 0.0000e+00
 244.575191     35.637  36.203618    10.0970     4.7757     35.337    32.9714    25.3526 0.0000e+00
 244.575197     35.152  36.374422    10.3600     4.8633     34.856    32.9051    25.2564 0.0000e+00
 244.575203     34.663  36.552208    10.6283     4.9281     34.371    32.8414    25.1607 0.0000e+00
 244.575208     34.172  36.732779    10.8583     5.0145     33.884    32.8151    25.1001 0.0000e+00
 244.575214     33.678  36.893809    11.0408     5.1188     33.394    32.8117    25.0653 0.0000e+00
 244.575220     33.184  37.041252    11.1935     5.2202     32.904    32.8213    25.0456 0.0000e+00
 244.575226     32.689  37.164607    11.3362     5.3178     32.414    32.8159    25.0158 0.0000e+00
 244.575231     32.192  37.248692    11.4676     5.4397     31.921    32.7820    24.9656 0.0000e+00
 244.575237     31.690  37.332396    11.5842     5.5537     31.423    32.7608    24.9280 0.0000e+00
 244.575243     31.181  37.428328    11.7054     5.6106     30.918    32.7476    24.8954 0.0000e+00
 244.575249     30.672  37.504898    11.8573     5.6386     30.414    32.6885    24.8215 0.0000e+00
 244.575255     30.166  37.574159    12.0354     5.6591     29.912    32.5997    24.7195 0.0000e+00
 244.575260     29.658  37.672590    12.2047     5.6925     29.408    32.5472    24.6470 0.0000e+00
 244.575266     29.152  37.793782    12.3655     5.7252     28.907    32.5241    24.5987 0.0000e+00
 244.575272     28.646  37.901179    12.5300     5.7648     28.405    32.4846    24.5367 0.0000e+00
 244.575278     28.136  37.988001    12.6709     5.8107     27.899    32.4461    24.4797 0.0000e+00
 244.575284     27.625  38.071570    12.7724     5.8618     27.393    32.4383    24.4541 0.0000e+00
 244.575289     27.111  38.145268    12.8843     5.9027     26.883    32.4123    24.4122 0.0000e+00
 244.575295     26.586  38.212842    13.0548     5.9305     26.362    32.3306    24.3156 0.0000e+00
 244.575301     26.048  38.300109    13.2423     5.9303     25.829    32.2534    24.2189 0.0000e+00
 244.575307     25.499  38.399759    13.3939     5.9382     25.285    32.2185    24.1618 0.0000e+00
 244.575313     24.954  38.495243    13.5110     5.9519     24.744    32.2090    24.1310 0.0000e+00
 244.575318     24.419  38.581267    13.6249     5.9671     24.214    32.1933    24.0960 0.0000e+00
 244.575324     23.890  38.655038    13.7610     5.9839     23.689    32.1476    24.0332 0.0000e+00
 244.575330     23.369  38.724307    13.8970     5.9881     23.173    32.0981    23.9672 0.0000e+00
 244.575336     22.860  38.791945    13.9996     6.0003     22.668    32.0750    23.9284 0.0000e+00
 244.575341     22.362  38.853052    14.0675     6.0239     22.174    32.0749    23.9144 0.0000e+00
 244.575347     21.867  38.894581    14.1191     6.0659     21.683    32.0703    23.9002 0.0000e+00
 244.575353     21.368  38.918275    14.1704     6.0799     21.189    32.0496    23.8736 0.0000e+00
 244.575359     20.852  38.941866    14.2164     6.0830     20.677    32.0332    23.8515 0.0000e+00
 244.575365     20.313  38.959975    14.2518     6.0862     20.142    32.0207    23.8344 0.0000e+00
 244.575370     19.746  38.970001    14.2833     6.0977     19.580    32.0039    23.8150 0.0000e+00
 244.575376     19.155  38.986020    14.3156     6.1065     18.994    31.9921    23.7991 0.0000e+00
 244.575382     18.544  39.008805    14.3513     6.1058     18.388    31.9836    23.7852 0.0000e+00
 244.575388     17.922  39.033583    14.3870     6.1244     17.772    31.9770    23.7726 0.0000e+00
 244.575394     17.300  39.063283    14.4134     6.1296     17.155    31.9825    23.7713 0.0000e+00
 244.575399     16.686  39.095633    14.4265     6.1339     16.546    32.0014    23.7832 0.0000e+00
 244.575405     16.079  39.117882    14.4353     6.1293     15.944    32.0147    23.7915 0.0000e+00
 244.575411     15.476  39.129027    14.4523     6.1227     15.346    32.0110    23.7851 0.0000e+00
 244.575417     14.871  39.139586    14.4766     6.1395     14.746    32.0008    23.7721 0.0000e+00
 244.575422     14.261  39.152013    14.4996     6.1492     14.141    31.9934    23.7616 0.0000e+00
 244.575428     13.646  39.166212    14.5182     6.1530     13.532    31.9912    23.7560 0.0000e+00
 244.575434     13.029  39.179969    14.5327     6.1559     12.920    31.9920    23.7535 0.0000e+00
 244.575440     12.414  39.190483    14.5439     6.1678     12.310    31.9925    23.7516 0.0000e+00
 244.575446     11.801  39.199590    14.5565     6.1740     11.702    31.9907    23.7475 0.0000e+00
 244.575451     11.184  39.211171    14.5757     6.1793     11.090    31.9856    23.7395 0.0000e+00
 244.575457     10.562  39.227363    14.6043     6.2011     10.474    31.9770    23.7269 0.0000e+00
 244.575463      9.936  39.245806    14.6432     6.2204      9.853    31.9620    23.7071 0.0000e+00
 244.575469      9.307  39.267701    14.6892     6.2075      9.229    31.9442    23.6837 0.0000e+00
 244.575475      8.684  39.292132    14.7363     6.1764      8.611    31.9279    23.6611 0.0000e+00
 244.575480      8.065  39.318768    14.7811     6.1612      7.998    31.9155    23.6421 0.0000e+00
 244.575486      7.453  39.358618    14.8284     6.1671      7.391    31.9130    23.6301 0.0000e+00
 244.575492      6.857  39.417341    14.8836     6.1873      6.800    31.9211    23.6245 0.0000e+00
 244.575498      6.277  39.478134    14.9388     6.1949      6.225    31.9310    23.6203 0.0000e+00
 244.575503      5.715  39.523592    14.9797     6.1778      5.667    31.9387    23.6175 0.0000e+00
 244.575509      5.182  39.564053    15.0022     6.1822      5.139    31.9569    23.6267 0.0000e+00
 244.575515      4.691  39.605433    15.0126     6.1968      4.652    31.9858    23.6468 0.0000e+00
 244.575521      4.242  39.630777    15.0145     6.2049      4.207    32.0073    23.6628 0.0000e+00
 244.575527      3.818  39.635921    15.0136     6.2041      3.786    32.0128    23.6673 0.0000e+00
 244.575532      3.410  39.639073    15.0213     6.1917      3.382    32.0095    23.6630 0.0000e+00
 244.575538      3.017  39.658583    15.0391     6.1447      2.992    32.0126    23.6616 0.0000e+00
 244.575544      2.641  39.690907    15.0611     6.0530      2.619    32.0238    23.6655 0.0000e+00
 244.575550      2.282  39.718774    15.0908     5.9382      2.263    32.0247    23.6598 0.0000e+00
 244.575556      1.945  39.761556    15.1313     5.8596      1.929    32.0301    23.6552 0.0000e+00
 244.575561      1.632  39.832738    15.1789     5.8802      1.618    32.0551    23.6642 0.0000e+00
 244.575567      1.346  39.884496    15.2256     6.9654      1.335    32.0634    23.6605 0.0000e+00
 244.575573      1.090  39.891299    15.2607     6.8556      1.081    32.0409    23.6356 0.0000e+00
 244.575579      0.868  39.880859    15.2861 -9.990e-29      0.861    32.0109    23.6070 0.0000e+00
 244.575584      0.676  39.867985    15.3061 -9.990e-29      0.670    31.9832    23.5813 0.0000e+00
 244.575590      0.510  39.843503    15.3155 -9.990e-29      0.506    31.9537    23.5565 0.0000e+00
 244.575596      0.376  39.798446    15.3145 -9.990e-29      0.373    31.9143    23.5264 -9.990e-29
 244.575602      0.275  39.693618    15.3094 -9.990e-29      0.273    31.8248    23.4587 -9.990e-29
 244.575608      0.200  39.410099    15.3038 -9.990e-29      0.198    31.5762    23.2686 -9.990e-29
 244.575613      0.145  38.608040    15.2985 -9.990e-29      0.144    30.8657    22.7232 -9.990e-29
 244.575619      0.109  36.258417    15.2930 -9.990e-29      0.108    28.7892    21.1281 -9.990e-29
 244.575625      0.088  29.262041    15.2903 -9.990e-29      0.087    22.7161    16.4679 -9.990e-29
 244.575631      0.081  19.229599 -9.990e-29 -9.990e-29      0.080 -9.990e-29 -9.990e-29 -9.990e-29
