data/oxygen options/ONMS/Olympic_Coast_National_Marine_Sanctuary_CTD_Data_2005_2023/raw_data/2013/CAST_CA015_131011faed.cnv
* Sea-Bird SBE19 Data File:
* FileName = C:\2013 Mooring Data\Recovery\Casts\CAST_CA015_131011.hex
* Software Version 1.59
* Temperature SN = 2997
* Conductivity SN = 2997
* System UpLoad Time = Oct 11 2013 13:58:05
** CAST_CA015_131011
* ds
# nquan = 9                                 
# nvalues = 728                         
# units = specified
# name 0 = timeJ: Julian Days
# name 1 = prSM: Pressure, Strain Gauge [db]
# name 2 = c0mS/cm: Conductivity [mS/cm]
# name 3 = t090C: Temperature [ITS-90, deg C]
# name 4 = sbeox0ML/L: Oxygen, SBE 43 [ml/l]
# name 5 = depSM: Depth [salt water, m], lat = 47.5
# name 6 = sal00: Salinity, Practical [PSU]
# name 7 = sigma-é00: Density [sigma-theta, kg/m^3]
# name 8 = flag: flag
# span 0 = 284.473310, 284.477517       
# span 1 =     -5.220,     13.104       
# span 2 =   0.299295,  37.581426       
# span 3 =    11.7430,    13.7157       
# span 4 =    -1.8628,     9.7605       
# span 5 =     -5.177,     12.994       
# span 6 =     0.1929,    31.6027       
# span 7 =    -0.3343,    23.7328       
# span 8 = 0.0000e+00, 0.0000e+00       
# interval = seconds: 0.5
# start_time = Oct 11 2013 11:21:34 [Instrument's time stamp, header]
# bad_flag = -9.990e-29
*END*
 284.473310     -5.220 -9.990e-29    11.8639    -1.8550     -5.177 -9.990e-29 -9.990e-29 -9.990e-29
 284.473316     -5.211   0.299295    11.8646    -1.8540     -5.168     0.1929    -0.3343 -9.990e-29
 284.473322     -5.199   0.300116    11.8666    -1.8529     -5.156     0.1934    -0.3341 -9.990e-29
 284.473328     -5.184   0.302580    11.8692    -1.8529     -5.141     0.1950    -0.3331 -9.990e-29
 284.473333     -5.164   0.309971    11.8721    -1.8528     -5.121     0.1999    -0.3296 -9.990e-29
 284.473339     -5.139   0.324963    11.8755    -1.8528     -5.096     0.2098    -0.3223 -9.990e-29
 284.473345     -5.111   0.345982    11.8799    -1.8525     -5.068     0.2237    -0.3119 -9.990e-29
 284.473351     -5.083   0.372252    11.8861    -1.8525     -5.041     0.2411    -0.2990 -9.990e-29
 284.473356     -5.052   0.404429    11.8944    -1.8525     -5.010     0.2625    -0.2832 -9.990e-29
 284.473362     -5.021   0.442194    11.9029    -1.8526     -4.979     0.2878    -0.2644 -9.990e-29
 284.473368     -4.993   0.488822    11.9094    -1.8528     -4.951     0.3191    -0.2407 -9.990e-29
 284.473374     -4.966   0.550540    11.9132    -1.8528     -4.925     0.3608    -0.2085 -9.990e-29
 284.473380     -4.937   0.626549    11.9154    -1.8532     -4.896     0.4125    -0.1683 -9.990e-29
 284.473385     -4.906   0.695217    11.9174    -1.8537     -4.865     0.4595    -0.1318 -9.990e-29
 284.473391     -4.869   0.732874    11.9194    -1.8542     -4.828     0.4854    -0.1119 -9.990e-29
 284.473397     -4.830   0.747626    11.9211    -1.8545     -4.790     0.4955    -0.1041 -9.990e-29
 284.473403     -4.794   0.758036    11.9221    -1.8548     -4.754     0.5027    -0.0987 -9.990e-29
 284.473409     -4.763   0.766350    11.9221    -1.8547     -4.723     0.5085    -0.0942 -9.990e-29
 284.473414     -4.735   0.769247    11.9211    -1.8546     -4.696     0.5105    -0.0925 -9.990e-29
 284.473420     -4.708   0.766160    11.9188    -1.8546     -4.669     0.5084    -0.0939 -9.990e-29
 284.473426     -4.681   0.760176    11.9143    -1.8549     -4.642     0.5043    -0.0965 -9.990e-29
 284.473432     -4.652   0.756061    11.9062    -1.8551     -4.613     0.5016    -0.0977 -9.990e-29
 284.473437     -4.623   0.755530    11.8953    -1.8553     -4.584     0.5013    -0.0967 -9.990e-29
 284.473443     -4.597   0.756771    11.8839    -1.8553     -4.559     0.5023    -0.0946 -9.990e-29
 284.473449     -4.572   0.758114    11.8737    -1.8551     -4.534     0.5034    -0.0926 -9.990e-29
 284.473455     -4.547   0.760796    11.8658    -1.8553     -4.509     0.5054    -0.0902 -9.990e-29
 284.473461     -4.519   0.767286    11.8611    -1.8556     -4.481     0.5099    -0.0861 -9.990e-29
 284.473466     -4.488   0.777928    11.8582    -1.8558     -4.451     0.5173    -0.0800 -9.990e-29
 284.473472     -4.451   0.790846    11.8540    -1.8561     -4.414     0.5263    -0.0725 -9.990e-29
 284.473478     -4.410   0.804426    11.8481    -1.8562     -4.373     0.5358    -0.0644 -9.990e-29
 284.473484     -4.368   0.817386    11.8426    -1.8562     -4.332     0.5449    -0.0567 -9.990e-29
 284.473490     -4.324   0.827615    11.8392    -1.8562     -4.288     0.5520    -0.0507 -9.990e-29
 284.473495     -4.286   0.833793    11.8384    -1.8561     -4.250     0.5563    -0.0473 -9.990e-29
 284.473501     -4.255   0.835848    11.8382    -1.8562     -4.220     0.5578    -0.0461 -9.990e-29
 284.473507     -4.228   0.834303    11.8359    -1.8561     -4.193     0.5567    -0.0467 -9.990e-29
 284.473513     -4.205   0.830977    11.8314    -1.8559     -4.170     0.5545    -0.0479 -9.990e-29
 284.473519     -4.184   0.827533    11.8264    -1.8557     -4.149     0.5522    -0.0492 -9.990e-29
 284.473524     -4.164   0.824368    11.8222    -1.8558     -4.129     0.5500    -0.0503 -9.990e-29
 284.473530     -4.143   0.821140    11.8199    -1.8556     -4.108     0.5478    -0.0518 -9.990e-29
 284.473536     -4.119   0.816869    11.8196    -1.8554     -4.085     0.5448    -0.0541 -9.990e-29
 284.473542     -4.093   0.811402    11.8205    -1.8553     -4.059     0.5410    -0.0572 -9.990e-29
 284.473547     -4.061   0.806871    11.8220    -1.8555     -4.027     0.5379    -0.0598 -9.990e-29
 284.473553     -4.026   0.804989    11.8240    -1.8556     -3.992     0.5365    -0.0611 -9.990e-29
 284.473559     -3.995   0.803249    11.8269    -1.8555     -3.962     0.5353    -0.0624 -9.990e-29
 284.473565     -3.969   0.798780    11.8307    -1.8554     -3.936     0.5321    -0.0653 -9.990e-29
 284.473571     -3.947   0.793934    11.8343    -1.8556     -3.914     0.5287    -0.0683 -9.990e-29
 284.473576     -3.928   0.791668    11.8372    -1.8557     -3.895     0.5271    -0.0699 -9.990e-29
 284.473582     -3.911   0.790625    11.8399    -1.8557     -3.878     0.5263    -0.0708 -9.990e-29
 284.473588     -3.894   0.789970    11.8425    -1.8556     -3.862     0.5259    -0.0715 -9.990e-29
 284.473594     -3.876   0.791601    11.8441    -1.8556     -3.844     0.5270    -0.0708 -9.990e-29
 284.473600     -3.856   0.793815    11.8444    -1.8551     -3.824     0.5285    -0.0697 -9.990e-29
 284.473605     -3.837   0.791808    11.8441    -1.8548     -3.805     0.5271    -0.0707 -9.990e-29
 284.473611     -3.823   0.786229    11.8442    -1.8544     -3.791     0.5232    -0.0737 -9.990e-29
 284.473617     -3.807   0.782383    11.8443    -1.8542     -3.775     0.5206    -0.0758 -9.990e-29
 284.473623     -3.786   0.781793    11.8435    -1.8536     -3.754     0.5202    -0.0761 -9.990e-29
 284.473628     -3.761   0.781456    11.8428    -1.8534     -3.730     0.5200    -0.0762 -9.990e-29
 284.473634     -3.735   0.779814    11.8437    -1.8532     -3.704     0.5188    -0.0772 -9.990e-29
 284.473640     -3.707   0.778557    11.8460    -1.8532     -3.676     0.5179    -0.0781 -9.990e-29
 284.473646     -3.680   0.778783    11.8506    -1.8531     -3.649     0.5180    -0.0786 -9.990e-29
 284.473652     -3.655   0.779131    11.8581    -1.8528     -3.625     0.5181    -0.0793 -9.990e-29
 284.473657     -3.631   0.778404    11.8671    -1.8528     -3.601     0.5175    -0.0808 -9.990e-29
 284.473663     -3.607   0.777296    11.8763    -1.8528     -3.577     0.5166    -0.0826 -9.990e-29
 284.473669     -3.582   0.777101    11.8860    -1.8529     -3.552     0.5164    -0.0839 -9.990e-29
 284.473675     -3.557   0.777559    11.8958    -1.8528     -3.527     0.5165    -0.0849 -9.990e-29
 284.473681     -3.535   0.777065    11.9040    -1.8528     -3.506     0.5161    -0.0861 -9.990e-29
 284.473686     -3.516   0.774962    11.9098    -1.8531     -3.487     0.5146    -0.0880 -9.990e-29
 284.473692     -3.498   0.772324    11.9140    -1.8533     -3.469     0.5127    -0.0899 -9.990e-29
 284.473698     -3.479   0.770622    11.9181    -1.8532     -3.450     0.5114    -0.0914 -9.990e-29
 284.473704     -3.464   0.769803    11.9220    -1.8532     -3.435     0.5108    -0.0923 -9.990e-29
 284.473709     -3.450   0.768224    11.9245    -1.8532     -3.421     0.5097    -0.0935 -9.990e-29
 284.473715     -3.432   0.764887    11.9254    -1.8532     -3.403     0.5074    -0.0954 -9.990e-29
 284.473721     -3.411   0.760883    11.9256    -1.8532     -3.383     0.5046    -0.0976 -9.990e-29
 284.473727     -3.384   0.758077    11.9257    -1.8535     -3.356     0.5027    -0.0991 -9.990e-29
 284.473733     -3.353   0.757163    11.9244    -1.8540     -3.325     0.5021    -0.0994 -9.990e-29
 284.473738     -3.322   0.756921    11.9218    -1.8540     -3.294     0.5019    -0.0992 -9.990e-29
 284.473744     -3.292   0.755366    11.9194    -1.8542     -3.265     0.5009    -0.0998 -9.990e-29
 284.473750     -3.270   0.752644    11.9185    -1.8546     -3.243     0.4990    -0.1011 -9.990e-29
 284.473756     -3.254   0.750667    11.9184    -1.8549     -3.227     0.4977    -0.1022 -9.990e-29
 284.473762     -3.236   0.750122    11.9181    -1.8549     -3.209     0.4973    -0.1024 -9.990e-29
 284.473767     -3.214   0.750285    11.9169    -1.8549     -3.187     0.4974    -0.1022 -9.990e-29
 284.473773     -3.195   0.750819    11.9138    -1.8552     -3.168     0.4978    -0.1015 -9.990e-29
 284.473779     -3.178   0.752436    11.9081    -1.8550     -3.152     0.4990    -0.0999 -9.990e-29
 284.473785     -3.157   0.754525    11.9014    -1.8549     -3.131     0.5006    -0.0980 -9.990e-29
 284.473791     -3.136   0.754885    11.8956    -1.8545     -3.110     0.5009    -0.0971 -9.990e-29
 284.473796     -3.117   0.753443    11.8897    -1.8543     -3.091     0.5000    -0.0971 -9.990e-29
 284.473802     -3.100   0.752156    11.8828    -1.8543     -3.074     0.4992    -0.0969 -9.990e-29
 284.473808     -3.083   0.751526    11.8768    -1.8542     -3.057     0.4988    -0.0965 -9.990e-29
 284.473814     -3.065   0.751267    11.8734    -1.8543     -3.039     0.4987    -0.0962 -9.990e-29
 284.473819     -3.045   0.752143    11.8717    -1.8544     -3.020     0.4993    -0.0956 -9.990e-29
 284.473825     -3.022   0.753106    11.8714    -1.8545     -2.997     0.5000    -0.0950 -9.990e-29
 284.473831     -2.998   0.751565    11.8737    -1.8545     -2.973     0.4989    -0.0961 -9.990e-29
 284.473837     -2.977   0.748234    11.8784    -1.8546     -2.952     0.4965    -0.0985 -9.990e-29
 284.473843     -2.956   0.745875    11.8842    -1.8547     -2.931     0.4948    -0.1005 -9.990e-29
 284.473848     -2.935   0.744669    11.8895    -1.8549     -2.911     0.4939    -0.1018 -9.990e-29
 284.473854     -2.912   0.743010    11.8927    -1.8551     -2.888     0.4927    -0.1031 -9.990e-29
 284.473860     -2.890   0.740901    11.8936    -1.8551     -2.866     0.4913    -0.1043 -9.990e-29
 284.473866     -2.872   0.739410    11.8930    -1.8550     -2.848     0.4902    -0.1051 -9.990e-29
 284.473872     -2.857   0.738210    11.8917    -1.8547     -2.833     0.4894    -0.1055 -9.990e-29
 284.473877     -2.844   0.736257    11.8903    -1.8543     -2.820     0.4881    -0.1064 -9.990e-29
 284.473883     -2.832   0.733716    11.8888    -1.8542     -2.808     0.4864    -0.1076 -9.990e-29
 284.473889     -2.820   0.731633    11.8867    -1.8539     -2.796     0.4850    -0.1085 -9.990e-29
 284.473895     -2.808   0.730556    11.8838    -1.8533     -2.785     0.4842    -0.1087 -9.990e-29
 284.473900     -2.794   0.730158    11.8805    -1.8530     -2.771     0.4840    -0.1085 -9.990e-29
 284.473906     -2.779   0.729355    11.8784    -1.8527     -2.756     0.4835    -0.1087 -9.990e-29
 284.473912     -2.760   0.727079    11.8793    -1.8522     -2.737     0.4819    -0.1100 -9.990e-29
 284.473918     -2.737   0.723619    11.8831    -1.8519     -2.714     0.4795    -0.1123 -9.990e-29
 284.473924     -2.712   0.721011    11.8891    -1.8516     -2.689     0.4776    -0.1145 -9.990e-29
 284.473929     -2.693   0.720211    11.8963    -1.8513     -2.671     0.4770    -0.1158 -9.990e-29
 284.473935     -2.678   0.719596    11.9041    -1.8509     -2.656     0.4764    -0.1171 -9.990e-29
 284.473941     -2.662   0.718349    11.9135    -1.8507     -2.640     0.4755    -0.1189 -9.990e-29
 284.473947     -2.648   0.717024    11.9248    -1.8505     -2.626     0.4744    -0.1210 -9.990e-29
 284.473953     -2.636   0.715517    11.9360    -1.8504     -2.614     0.4732    -0.1232 -9.990e-29
 284.473958     -2.620   0.713482    11.9466    -1.8503     -2.598     0.4717    -0.1257 -9.990e-29
 284.473964     -2.603   0.711531    11.9570    -1.8504     -2.581     0.4702    -0.1280 -9.990e-29
 284.473970     -2.590   0.711494    11.9668    -1.8502     -2.568     0.4701    -0.1292 -9.990e-29
 284.473976     -2.578   0.712770    11.9763    -1.8502     -2.557     0.4709    -0.1297 -9.990e-29
 284.473981     -2.568   0.711523    11.9857    -1.8500     -2.547     0.4699    -0.1316 -9.990e-29
 284.473987     -2.558   0.707199    11.9942    -1.8497     -2.537     0.4668    -0.1350 -9.990e-29
 284.473993     -2.549   0.702897    12.0013    -1.8490     -2.528     0.4638    -0.1381 -9.990e-29
 284.473999     -2.538   0.700083    12.0068    -1.8490     -2.517     0.4618    -0.1403 -9.990e-29
 284.474005     -2.527   0.698330    12.0108    -1.8490     -2.506     0.4605    -0.1418 -9.990e-29
 284.474010     -2.514   0.696964    12.0136    -1.8492     -2.493     0.4596    -0.1429 -9.990e-29
 284.474016     -2.497   0.695271    12.0156    -1.8496     -2.476     0.4584    -0.1440 -9.990e-29
 284.474022     -2.477   0.693210    12.0181    -1.8500     -2.456     0.4569    -0.1454 -9.990e-29
 284.474028     -2.452   0.691914    12.0217    -1.8499     -2.432     0.4560    -0.1466 -9.990e-29
 284.474034     -2.424   0.692238    12.0271    -1.8497     -2.404     0.4562    -0.1471 -9.990e-29
 284.474039     -2.401   0.693509    12.0351    -1.8496     -2.381     0.4569    -0.1474 -9.990e-29
 284.474045     -2.384   0.694466    12.0434    -1.8494     -2.364     0.4575    -0.1479 -9.990e-29
 284.474051     -2.370   0.694723    12.0480    -1.8493     -2.350     0.4576    -0.1484 -9.990e-29
 284.474057     -2.352   0.694993    12.0482    -1.8490     -2.332     0.4578    -0.1482 -9.990e-29
 284.474063     -2.333   0.695082    12.0444    -1.8489     -2.314     0.4579    -0.1477 -9.990e-29
 284.474068     -2.318   0.693999    12.0377    -1.8491     -2.299     0.4572    -0.1474 -9.990e-29
 284.474074     -2.304   0.692515    12.0321    -1.8488     -2.285     0.4563    -0.1475 -9.990e-29
 284.474080     -2.292   0.691422    12.0314    -1.8488     -2.273     0.4556    -0.1480 -9.990e-29
 284.474086     -2.279   0.689816    12.0344    -1.8489     -2.260     0.4544    -0.1493 -9.990e-29
 284.474091     -2.266   0.687770    12.0385    -1.8492     -2.247     0.4530    -0.1509 -9.990e-29
 284.474097     -2.251   0.686988    12.0432    -1.8493     -2.232     0.4524    -0.1519 -9.990e-29
 284.474103     -2.234   0.687536    12.0486    -1.8493     -2.215     0.4527    -0.1523 -9.990e-29
 284.474109     -2.214   0.686822    12.0540    -1.8493     -2.196     0.4521    -0.1533 -9.990e-29
 284.474115     -2.188   0.683339    12.0575    -1.8494     -2.170     0.4497    -0.1556 -9.990e-29
 284.474120     -2.161   0.678535    12.0596    -1.8495     -2.143     0.4464    -0.1584 -9.990e-29
 284.474126     -2.138   0.674315    12.0618    -1.8496     -2.120     0.4435    -0.1610 -9.990e-29
 284.474132     -2.123   0.671146    12.0629    -1.8498     -2.105     0.4413    -0.1628 -9.990e-29
 284.474138     -2.114   0.668125    12.0618    -1.8505     -2.096     0.4393    -0.1643 -9.990e-29
 284.474144     -2.106   0.663993    12.0590    -1.8509     -2.088     0.4365    -0.1661 -9.990e-29
 284.474149     -2.096   0.658782    12.0565    -1.8508     -2.079     0.4330    -0.1686 -9.990e-29
 284.474155     -2.086   0.654405    12.0552    -1.8509     -2.069     0.4300    -0.1708 -9.990e-29
 284.474161     -2.081   0.652230    12.0540    -1.8510     -2.064     0.4285    -0.1718 -9.990e-29
 284.474167     -2.075   0.651017    12.0522    -1.8510     -2.058     0.4277    -0.1722 -9.990e-29
 284.474172     -2.064   0.649150    12.0496    -1.8509     -2.047     0.4265    -0.1729 -9.990e-29
 284.474178     -2.052   0.646907    12.0453    -1.8508     -2.035     0.4250    -0.1735 -9.990e-29
 284.474184     -2.042   0.645176    12.0379    -1.8506     -2.025     0.4239    -0.1735 -9.990e-29
 284.474190     -2.033   0.643863    12.0281    -1.8504     -2.016     0.4231    -0.1730 -9.990e-29
 284.474196     -2.025   0.642882    12.0202    -1.8505     -2.008     0.4225    -0.1725 -9.990e-29
 284.474201     -2.017   0.642585    12.0165    -1.8508     -2.000     0.4224    -0.1722 -9.990e-29
 284.474207     -2.009   0.642022    12.0148    -1.8513     -1.992     0.4220    -0.1723 -9.990e-29
 284.474213     -2.000   0.639887    12.0139    -1.8515     -1.983     0.4205    -0.1733 -9.990e-29
 284.474219     -1.990   0.636657    12.0143    -1.8515     -1.973     0.4183    -0.1751 -9.990e-29
 284.474225     -1.978   0.634118    12.0162    -1.8513     -1.962     0.4166    -0.1767 -9.990e-29
 284.474230     -1.963   0.633317    12.0195    -1.8508     -1.947     0.4160    -0.1775 -9.990e-29
