data/oxygen options/ONMS/Olympic_Coast_National_Marine_Sanctuary_CTD_Data_2005_2023/raw_data/2013/CAST_TH042_130605faedb.cnv
* Sea-Bird SBE19 Data File:
* FileName = C:\2013 Mooring Data\Deployment Casts\CAST_TH042_130605.hex
* Software Version 1.59
* Temperature SN = 2997
* Conductivity SN = 2997
* System UpLoad Time = Jun 05 2013 12:02:22
** CAST_TH042_130605
* ds
# nquan = 9
# nvalues = 42                          
# units = specified
# name 0 = timeJ: Julian Days
# name 1 = prSM: Pressure, Strain Gauge [db]
# name 2 = c0mS/cm: Conductivity [mS/cm]
# name 3 = t090C: Temperature [ITS-90, deg C]
# name 4 = sbeox0ML/L: Oxygen, SBE 43 [ml/l]
# name 5 = depSM: Depth [salt water, m], lat = 47.5
# name 6 = sal00: Salinity, Practical [PSU]
# name 7 = sigma-é00: Density [sigma-theta, kg/m^3]
# name 8 = flag: flag
# span 0 = 156.419555, 156.421092       
# span 1 =      1.000,     42.000       
# span 2 =  30.971068,  35.383089       
# span 3 =     7.0287,    14.0680       
# span 4 =     0.3180,     6.7504       
# span 5 =      0.992,     41.645       
# span 6 =    24.9542,    33.9334       
# span 7 =    18.4264,    26.5752       
# span 8 = 0.0000e+00, 0.0000e+00       
# interval = decibars: 1                
# start_time = Jun 05 2013 09:59:43 [Instrument's time stamp, header]
# bad_flag = -9.990e-29
*END*
 156.419555      1.000  30.971068    14.0680     0.3180      0.992    24.9542    18.4264 0.0000e+00
 156.420450      2.000  32.277576    14.0495     5.6707      1.983    26.1313    19.3361 0.0000e+00
 156.420705      3.000  33.329447    13.6598     6.7504      2.975    27.3520    20.3519 0.0000e+00
 156.420722      4.000  34.355580    12.9919     6.2033      3.967    28.7801    21.5815 0.0000e+00
 156.420735      5.000  34.310927    12.4674     6.2238      4.958    29.1429    21.9597 0.0000e+00
 156.420748      6.000  34.486226    11.5830     5.9112      5.950    30.0129    22.7934 0.0000e+00
 156.420759      7.000  34.947313    10.9904     5.4314      6.941    30.9498    23.6252 0.0000e+00
 156.420769      8.000  35.354362    10.6678     5.0268      7.933    31.6245    24.2057 0.0000e+00
 156.420778      9.000  35.383089    10.2167     4.6777      8.925    32.0473    24.6112 0.0000e+00
 156.420788     10.000  35.105717     9.7325     4.2247      9.916    32.1965    24.8077 0.0000e+00
 156.420797     11.000  34.865969     9.3695     3.9363     10.908    32.2771    24.9288 0.0000e+00
 156.420805     12.000  34.667333     8.9601     3.8118     11.899    32.4428    25.1227 0.0000e+00
 156.420814     13.000  34.514996     8.6067     3.7141     12.891    32.6079    25.3060 0.0000e+00
 156.420822     14.000  34.444418     8.3610     3.5969     13.883    32.7609    25.4628 0.0000e+00
 156.420831     15.000  34.410788     8.2051     3.5107     14.874    32.8705    25.5718 0.0000e+00
 156.420839     16.000  34.385023     8.0775     3.4536     15.866    32.9625    25.6628 0.0000e+00
 156.420847     17.000  34.363112     7.9592     3.4672     16.858    33.0502    25.7489 0.0000e+00
 156.420855     18.000  34.344876     7.8580     3.5216     17.849    33.1262    25.8232 0.0000e+00
 156.420864     19.000  34.337342     7.7850     3.5697     18.841    33.1871    25.8816 0.0000e+00
 156.420873     20.000  34.332055     7.7233     3.6016     19.832    33.2397    25.9318 0.0000e+00
 156.420882     21.000  34.318355     7.6574     3.6230     20.824    33.2875    25.9788 0.0000e+00
 156.420891     22.000  34.302759     7.6026     3.6460     21.815    33.3226    26.0142 0.0000e+00
 156.420900     23.000  34.295017     7.5600     3.6130     22.807    33.3547    26.0455 0.0000e+00
 156.420910     24.000  34.287340     7.5123     3.7249     23.798    33.3918    26.0814 0.0000e+00
 156.420918     25.000  34.280418     7.4733     3.5802     24.790    33.4214    26.1102 0.0000e+00
 156.420927     26.000  34.279348     7.4399     3.3374     25.782    33.4520    26.1389 0.0000e+00
 156.420937     27.000  34.289492     7.4125     3.3045     26.773    33.4889    26.1720 0.0000e+00
 156.420945     28.000  34.299601     7.3685     3.3753     27.764    33.5420    26.2199 0.0000e+00
 156.420954     29.000  34.307313     7.3229     3.3361     28.755    33.5941    26.2672 0.0000e+00
 156.420964     30.000  34.314334     7.3000     3.2943     29.747    33.6236    26.2936 0.0000e+00
 156.420974     31.000  34.317211     7.2883     3.1623     30.739    33.6376    26.3062 0.0000e+00
 156.420984     32.000  34.316566     7.2736     2.9127     31.730    33.6507    26.3186 0.0000e+00
 156.420993     33.000  34.318926     7.2450     2.7149     32.722    33.6807    26.3462 0.0000e+00
 156.421003     34.000  34.329014     7.1720     2.6749     33.713    33.7625    26.4207 0.0000e+00
 156.421013     35.000  34.342518     7.0912     2.6489     34.705    33.8559    26.5054 0.0000e+00
 156.421022     36.000  34.353420     7.0478     2.6592     35.697    33.9101    26.5542 0.0000e+00
 156.421032     37.000  34.356446     7.0356     2.6810     36.688    33.9249    26.5675 0.0000e+00
 156.421042     38.000  34.357178     7.0305     2.6693     37.680    33.9303    26.5724 0.0000e+00
 156.421052     39.000  34.359056     7.0290     3.0360     38.671    33.9334    26.5750 0.0000e+00
 156.421064     40.000  34.359286     7.0287     2.8196     39.662    33.9334    26.5752 0.0000e+00
 156.421076     41.000  34.360195     7.0295     2.6285     40.654    33.9332    26.5749 0.0000e+00
 156.421092     42.000  34.361140     7.0330     2.6777     41.645    33.9302    26.5721 0.0000e+00
