data/oxygen options/ONMS/Olympic_Coast_National_Marine_Sanctuary_CTD_Data_2005_2023/raw_data/2013/CAST_CA042_131010faed.cnv
* Sea-Bird SBE19 Data File:
* FileName = C:\2013 Mooring Data\Recovery\Casts\CAST_CA042_131010.hex
* Software Version 1.59
* Temperature SN = 2997
* Conductivity SN = 2997
* System UpLoad Time = Oct 11 2013 08:16:51
** CAST_CA042_131010
* ds
# nquan = 9                                 
# nvalues = 898                         
# units = specified
# name 0 = timeJ: Julian Days
# name 1 = prSM: Pressure, Strain Gauge [db]
# name 2 = c0mS/cm: Conductivity [mS/cm]
# name 3 = t090C: Temperature [ITS-90, deg C]
# name 4 = sbeox0ML/L: Oxygen, SBE 43 [ml/l]
# name 5 = depSM: Depth [salt water, m], lat = 47.5
# name 6 = sal00: Salinity, Practical [PSU]
# name 7 = sigma-é00: Density [sigma-theta, kg/m^3]
# name 8 = flag: flag
# span 0 = 283.661481, 283.666672       
# span 1 =     -5.535,     44.527       
# span 2 =   0.401661,  38.367070       
# span 3 =     9.9451,    14.9593       
# span 4 =    -1.7826,    10.6490       
# span 5 =     -5.489,     44.151       
# span 6 =     0.2470,    33.0272       
# span 7 =    -0.6778,    25.4048       
# span 8 = 0.0000e+00, 0.0000e+00       
# interval = seconds: 0.5
# start_time = Oct 10 2013 15:52:32 [Instrument's time stamp, header]
# bad_flag = -9.990e-29
*END*
[from data line 481]
 283.664265      0.962  37.619285    14.3376    -1.4693      0.954    30.7355    22.8252 -9.990e-29
 283.664271      0.959  37.633654    14.3431    -1.4688      0.951    30.7442    22.8307 -9.990e-29
 283.664277      0.958  37.647581    14.3477    -1.4693      0.950    30.7532    22.8367 -9.990e-29
 283.664282      0.958  37.667861    14.3527    -1.4694      0.950    30.7677    22.8468 -9.990e-29
 283.664288      0.959  37.697809    14.3580    -1.4698      0.951    30.7906    22.8635 -9.990e-29
 283.664294      0.961  37.731981    14.3621    -1.4692      0.953    30.8184    22.8840 -9.990e-29
 283.664300      0.963  37.765912    14.3621    -1.4693      0.955    30.8493    22.9078 -9.990e-29
 283.664306      0.967  37.783241    14.3591    -1.4696      0.959    30.8674    22.9224 -9.990e-29
 283.664311      0.973  37.773871    14.3563    -1.4694      0.965    30.8611    22.9181 -9.990e-29
 283.664317      0.980  37.763458    14.3532    -1.4696      0.972    30.8541    22.9134 -9.990e-29
 283.664323      0.989  37.771227    14.3493    -1.4695      0.981    30.8643    22.9220 -9.990e-29
 283.664329      0.997  37.794132    14.3498    -1.4694      0.989    30.8847    22.9376 -9.990e-29
 283.664334      0.996  37.813448    14.3550    -1.4691      0.988    30.8981    22.9469 -9.990e-29
 283.664340      0.981  37.803424    14.3594    -1.4691      0.973    30.8855    22.9363 -9.990e-29
 283.664346      0.955  37.773715    14.3611    -1.4697      0.947    30.8571    22.9141 -9.990e-29
 283.664352      0.931  37.755361    14.3591    -1.4694      0.923    30.8421    22.9029 -9.990e-29
 283.664358      0.918  37.755316    14.3538    -1.4692      0.910    30.8463    22.9072 -9.990e-29
 283.664363      0.920  37.758440    14.3502    -1.4691      0.912    30.8520    22.9123 -9.990e-29
 283.664369      0.939  37.762222    14.3514    -1.4691      0.931    30.8544    22.9140 -9.990e-29
 283.664375      0.965  37.768387    14.3560    -1.4694      0.957    30.8564    22.9145 -9.990e-29
 283.664381      0.985  37.769511    14.3609    -1.4698      0.977    30.8535    22.9113 -9.990e-29
 283.664387      0.989  37.767136    14.3631    -1.4697      0.981    30.8496    22.9078 -9.990e-29
 283.664392      0.989  37.767110    14.3575    -1.4697      0.981    30.8540    22.9124 -9.990e-29
 283.664398      0.995  37.770567    14.3498    -1.4695      0.987    30.8633    22.9211 -9.990e-29
 283.664404      1.004  37.778243    14.3535    -1.4696      0.996    30.8673    22.9235 -9.990e-29
 283.664410      1.005  37.784728    14.3636    -1.4697      0.997    30.8651    22.9197 -9.990e-29
 283.664416      0.997  37.781339    14.3681    -1.4698      0.989    30.8585    22.9137 -9.990e-29
 283.664421      0.987  37.773692    14.3653     8.3343      0.979    30.8538    22.9106 -9.990e-29
 283.664427      0.985  37.769574    14.3561    10.4981      0.977    30.8574    22.9153 -9.990e-29
 283.664433      0.994  37.766341    14.3445    10.6490      0.986    30.8637    22.9225 -9.990e-29
 283.664439      1.006  37.765334    14.3394     9.2161      0.998    30.8668    22.9260 -9.990e-29
 283.664444      1.014  37.770298    14.3430     6.1031      1.006    30.8684    22.9265 -9.990e-29
 283.664450      1.018  37.773326    14.3479     6.1055      1.010    30.8673    22.9246 -9.990e-29
 283.664456      1.017  37.767854    14.3481     6.1868      1.009    30.8622    22.9206 -9.990e-29
 283.664462      1.017  37.760642    14.3444     6.1833      1.009    30.8586    22.9186 -9.990e-29
 283.664468      1.022  37.757254    14.3405     6.1514      1.013    30.8586    22.9194 -9.990e-29
 283.664473      1.032  37.755458    14.3386     6.1321      1.023    30.8585    22.9197 -9.990e-29
 283.664479      1.047  37.752907    14.3381     6.1309      1.038    30.8565    22.9184 -9.990e-29
 283.664485      1.069  37.750167    14.3385     6.1190      1.060    30.8537    22.9161 -9.990e-29
 283.664491      1.094  37.748674    14.3401     6.1236      1.085    30.8511    22.9137 -9.990e-29
 283.664497      1.117  37.748163    14.3426     6.1121      1.108    30.8486    22.9113 -9.990e-29
 283.664502      1.133  37.747999    14.3455     6.1425      1.124    30.8461    22.9088 -9.990e-29
 283.664508      1.144  37.749131    14.3490     6.0995      1.134    30.8444    22.9067 -9.990e-29
 283.664514      1.150  37.749752    14.3519     6.1092      1.140    30.8426    22.9048 -9.990e-29
 283.664520      1.153  37.747375    14.3523     6.1195      1.143    30.8401    22.9028 -9.990e-29
 283.664525      1.152  37.745042    14.3508     6.1134      1.142    30.8392    22.9024 -9.990e-29
 283.664531      1.147  37.745855    14.3493     6.1376      1.137    30.8412    22.9042 -9.990e-29
 283.664537      1.142  37.748702    14.3487     6.1233      1.132    30.8442    22.9067 -9.990e-29
 283.664543      1.141  37.751823    14.3491     6.1116      1.131    30.8467    22.9085 -9.990e-29
 283.664549      1.140  37.753822    14.3509     6.0975      1.130    30.8471    22.9085 -9.990e-29
 283.664554      1.134  37.754610    14.3533     6.0811      1.125    30.8459    22.9071 -9.990e-29
 283.664560      1.127  37.755283    14.3545     6.0823      1.118    30.8456    22.9065 -9.990e-29
 283.664566      1.128  37.755665    14.3547     6.0855      1.119    30.8458    22.9066 -9.990e-29
 283.664572      1.136  37.756314    14.3555     6.0802      1.127    30.8457    22.9064 -9.990e-29
 283.664578      1.144  37.757580    14.3575     6.0873      1.134    30.8453    22.9057 -9.990e-29
 283.664583      1.147  37.758957    14.3610     6.1084      1.137    30.8437    22.9038 -9.990e-29
 283.664589      1.146  37.762325    14.3664     6.1186      1.136    30.8425    22.9017 -9.990e-29
 283.664595      1.141  37.767741    14.3728     6.1066      1.131    30.8423    22.9003 -9.990e-29
 283.664601      1.135  37.771266    14.3777     6.0937      1.126    30.8416    22.8987 -9.990e-29
 283.664606      1.133  37.771483    14.3797     6.0802      1.124    30.8402    22.8972 -9.990e-29
 283.664612      1.130  37.771531    14.3803     6.0901      1.121    30.8398    22.8968 -9.990e-29
 283.664618      1.122  37.772084    14.3805     6.0876      1.113    30.8401    22.8970 -9.990e-29
 283.664624      1.108  37.771683    14.3801     6.0890      1.099    30.8401    22.8970 -9.990e-29
 283.664630      1.092  37.771522    14.3798     6.0787      1.083    30.8402    22.8972 -9.990e-29
 283.664635      1.081  37.771993    14.3808     6.0802      1.072    30.8398    22.8967 -9.990e-29
 283.664641      1.078  37.772652    14.3827     6.0896      1.069    30.8389    22.8956 -9.990e-29
 283.664647      1.084  37.773302    14.3844     6.1331      1.075    30.8382    22.8946 -9.990e-29
 283.664653      1.095  37.773174    14.3850     6.1225      1.086    30.8376    22.8941 -9.990e-29
 283.664659      1.102  37.772708    14.3851     6.1426      1.093    30.8371    22.8936 -9.990e-29
 283.664664      1.102  37.772449    14.3853     6.1537      1.093    30.8367    22.8933 -9.990e-29
 283.664670      1.100  37.772098    14.3854     6.1252      1.091    30.8363    22.8930 -9.990e-29
 283.664676      1.103  37.771232    14.3850     6.1236      1.094    30.8358    22.8927 -9.990e-29
 283.664682      1.112  37.769304    14.3845     6.1535      1.103    30.8344    22.8918 -9.990e-29
 283.664688      1.119  37.767151    14.3842     6.0867      1.110    30.8327    22.8905 -9.990e-29
 283.664693      1.120  37.766992    14.3840     6.1074      1.111    30.8327    22.8905 -9.990e-29
 283.664699      1.115  37.768662    14.3836     6.1100      1.106    30.8346    22.8920 -9.990e-29
 283.664705      1.108  37.769391    14.3826     6.0832      1.099    30.8360    22.8934 -9.990e-29
 283.664711      1.107  37.766836    14.3807     6.1036      1.098    30.8352    22.8931 -9.990e-29
 283.664716      1.113  37.762680    14.3794     6.1054      1.104    30.8325    22.8913 -9.990e-29
 283.664722      1.116  37.762075    14.3805     6.0941      1.107    30.8311    22.8900 -9.990e-29
 283.664728      1.113  37.765379    14.3832     6.1097      1.104    30.8319    22.8901 -9.990e-29
 283.664734      1.108  37.768639    14.3852     6.1080      1.099    30.8333    22.8907 -9.990e-29
 283.664740      1.109  37.770645    14.3862     6.1123      1.100    30.8343    22.8913 -9.990e-29
 283.664745      1.121  37.771879    14.3868     6.1166      1.112    30.8349    22.8917 -9.990e-29
 283.664751      1.139  37.772354    14.3875     6.1182      1.129    30.8348    22.8914 -9.990e-29
 283.664757      1.157  37.772747    14.3885     6.0820      1.147    30.8344    22.8909 -9.990e-29
 283.664763      1.171  37.773629    14.3896     6.0742      1.161    30.8343    22.8906 -9.990e-29
 283.664769      1.183  37.774542    14.3902     6.0736      1.173    30.8346    22.8907 -9.990e-29
 283.664774      1.193  37.775067    14.3905     6.0931      1.183    30.8349    22.8908 -9.990e-29
 283.664780      1.202  37.775393    14.3906     6.1182      1.192    30.8351    22.8910 -9.990e-29
 283.664786      1.210  37.775439    14.3904     6.1047      1.200    30.8353    22.8912 -9.990e-29
 283.664792      1.214  37.775314    14.3900     6.1097      1.204    30.8355    22.8914 -9.990e-29
 283.664797      1.209  37.775459    14.3898     6.0892      1.199    30.8358    22.8917 -9.990e-29
 283.664803      1.200  37.775552    14.3902     6.1266      1.190    30.8355    22.8914 -9.990e-29
 283.664809      1.190  37.775765    14.3908     6.0959      1.180    30.8353    22.8911 -9.990e-29
 283.664815      1.178  37.776429    14.3911     6.1190      1.168    30.8356    22.8913 -9.990e-29
 283.664821      1.168  37.776793    14.3912     6.1327      1.158    30.8359    22.8915 -9.990e-29
 283.664826      1.164  37.776271    14.3912     6.0811      1.154    30.8354    22.8911 -9.990e-29
 283.664832      1.166  37.775333    14.3907     6.1227      1.156    30.8350    22.8909 -9.990e-29
 283.664838      1.173  37.774456    14.3899     6.0659      1.163    30.8348    22.8909 -9.990e-29
 283.664844      1.182  37.773640    14.3895     6.0828      1.172    30.8344    22.8907 -9.990e-29
 283.664850      1.188  37.773523    14.3897     6.1567      1.178    30.8341    22.8904 -9.990e-29
 283.664855      1.193  37.774554    14.3905     6.1359      1.183    30.8344    22.8905 -9.990e-29
 283.664861      1.197  37.775915    14.3911     6.1245      1.187    30.8352    22.8909 -9.990e-29
 283.664867      1.200  37.776104    14.3913     6.1089      1.190    30.8352    22.8909 -9.990e-29
 283.664873      1.202  37.775419    14.3920     6.1036      1.192    30.8340    22.8899 -9.990e-29
 283.664878      1.204  37.775795    14.3936     6.1172      1.194    30.8331    22.8888 -9.990e-29
 283.664884      1.205  37.777220    14.3957     6.1183      1.195    30.8327    22.8881 -9.990e-29
 283.664890      1.205  37.778841    14.3970     6.1092      1.195    30.8331    22.8882 -9.990e-29
 283.664896      1.209  37.779502    14.3969     6.1251      1.199    30.8338    22.8887 -9.990e-29
 283.664902      1.221  37.777891    14.3964     6.1296      1.211    30.8327    22.8880 -9.990e-29
 283.664907      1.234  37.775831    14.3964     6.1272      1.224    30.8308    22.8865 -9.990e-29
 283.664913      1.236  37.776225    14.3973     6.1198      1.226    30.8305    22.8861 -9.990e-29
 283.664919      1.226  37.777961    14.3986     6.1223      1.216    30.8310    22.8862 -9.990e-29
 283.664925      1.212  37.778917    14.3992     6.1404      1.202    30.8314    22.8864 -9.990e-29
 283.664931      1.199  37.779856    14.3991     6.1508      1.189    30.8324    22.8871 -9.990e-29
 283.664936      1.189  37.780956    14.3984     6.1463      1.179    30.8339    22.8885 -9.990e-29
 283.664942      1.186  37.780930    14.3974     6.1549      1.176    30.8347    22.8893 -9.990e-29
 283.664948      1.185  37.779791    14.3970     6.1465      1.175    30.8340    22.8888 -9.990e-29
 283.664954      1.187  37.778867    14.3967     6.1390      1.177    30.8334    22.8884 -9.990e-29
 283.664959      1.196  37.778652    14.3960     6.1222      1.186    30.8337    22.8888 -9.990e-29
 283.664965      1.208  37.778347    14.3950     6.1268      1.198    30.8343    22.8895 -9.990e-29
 283.664971      1.215  37.777591    14.3942     6.1458      1.205    30.8342    22.8896 -9.990e-29
 283.664977      1.214  37.776543    14.3935     6.1422      1.204    30.8338    22.8894 -9.990e-29
 283.664983      1.208  37.775150    14.3929     6.1492      1.198    30.8330    22.8889 -9.990e-29
 283.664988      1.203  37.773816    14.3926     6.1232      1.193    30.8321    22.8882 -9.990e-29
 283.664994      1.196  37.773754    14.3925     6.1217      1.186    30.8321    22.8883 -9.990e-29
 283.665000      1.189  37.774868    14.3926     6.1305      1.179    30.8330    22.8890 -9.990e-29
 283.665006      1.180  37.775446    14.3931     6.1330      1.170    30.8331    22.8890 -9.990e-29
 283.665012      1.173  37.775679    14.3934     6.1496      1.163    30.8331    22.8889 -9.990e-29
 283.665017      1.173  37.774733    14.3926     6.1545      1.163    30.8329    22.8889 -9.990e-29
 283.665023      1.178  37.768524    14.3916     6.1383      1.168    30.8281    22.8854 -9.990e-29
 283.665029      1.189  37.762758    14.3914     6.1236      1.179    30.8230    22.8815 -9.990e-29
 283.665035      1.204  37.765973    14.3918     6.1240      1.194    30.8256    22.8834 -9.990e-29
 283.665041      1.213  37.771787    14.3917     6.1262      1.203    30.8309    22.8876 -9.990e-29
 283.665046      1.214  37.773923    14.3906     6.1245      1.204    30.8337    22.8900 -9.990e-29
 283.665052      1.211  37.774087    14.3892     6.1217      1.201    30.8350    22.8912 -9.990e-29
 283.665058      1.207  37.773595    14.3883     6.1289      1.197    30.8353    22.8916 -9.990e-29
 283.665064      1.203  37.772328    14.3868     6.1366      1.193    30.8353    22.8920 -9.990e-29
 283.665069      1.199  37.769135    14.3842     6.1408      1.189    30.8345    22.8919 -9.990e-29
 283.665075      1.194  37.764219    14.3816     6.1456      1.184    30.8321    22.8906 -9.990e-29
 283.665081      1.187  37.759969    14.3785     6.1419      1.177    30.8307    22.8901 -9.990e-29
 283.665087      1.179  37.756860    14.3724     6.1454      1.169    30.8327    22.8930 -9.990e-29
 283.665093      1.169  37.750723    14.3621     6.1405      1.159    30.8354    22.8971 -9.990e-29
 283.665098      1.160  37.741198    14.3493     6.1282      1.150    30.8369    22.9009 -9.990e-29
 283.665104      1.161  37.732930    14.3388     6.1203      1.151    30.8378    22.9037 -9.990e-29
 283.665110      1.171  37.727760    14.3359     6.1238      1.161    30.8354    22.9025 -9.990e-29
 283.665116      1.182  37.728292    14.3400     6.1280      1.172    30.8326    22.8995 -9.990e-29
 283.665122      1.192  37.734090    14.3460     6.1269      1.182    30.8331    22.8986 -9.990e-29
 283.665127      1.201  37.740538    14.3507     6.1272      1.191    30.8352    22.8993 -9.990e-29
 283.665133      1.209  37.746127    14.3537     6.1466      1.199    30.8379    22.9008 -9.990e-29
 283.665139      1.216  37.749883    14.3552     6.1387      1.206    30.8401    22.9022 -9.990e-29
 283.665145      1.224  37.750067    14.3543     6.1505      1.214    30.8410    22.9030 -9.990e-29
 283.665150      1.232  37.746904    14.3521     6.1955      1.222    30.8399    22.9026 -9.990e-29
 283.665156      1.242  37.743440    14.3510     6.1610      1.232    30.8376    22.9011 -9.990e-29
 283.665162      1.253  37.742316    14.3514     6.1819      1.243    30.8362    22.9000 -9.990e-29
 283.665168      1.263  37.743133    14.3524     6.1898      1.252    30.8362    22.8997 -9.990e-29
 283.665174      1.263  37.743595    14.3528     6.1727      1.252    30.8363    22.8997 -9.990e-29
 283.665179      1.253  37.741493    14.3500     6.1684      1.243    30.8366    22.9005 -9.990e-29
