data/oxygen options/ONMS/Olympic_Coast_National_Marine_Sanctuary_CTD_Data_2005_2023/raw_data/2013/CAST_CA042_130901faed.cnv
* Sea-Bird SBE19 Data File:
* FileName = C:\2013 Mooring Data\2nd Service\Casts\CAST_CA042_130901.hex
* Software Version 1.59
* Temperature SN = 2997
* Conductivity SN = 2997
* System UpLoad Time = Sep 02 2013 11:25:16
** CAST_CA042_130901
* ds
# nquan = 9                                 
# nvalues = 808                         
# units = specified
# name 0 = timeJ: Julian Days
# name 1 = prSM: Pressure, Strain Gauge [db]
# name 2 = c0mS/cm: Conductivity [mS/cm]
# name 3 = t090C: Temperature [ITS-90, deg C]
# name 4 = sbeox0ML/L: Oxygen, SBE 43 [ml/l]
# name 5 = depSM: Depth [salt water, m], lat = 47.5
# name 6 = sal00: Salinity, Practical [PSU]
# name 7 = sigma-é00: Density [sigma-theta, kg/m^3]
# name 8 = flag: flag
# span 0 = 244.583519, 244.588189       
# span 1 =     -6.075,     42.806       
# span 2 =   0.450520,  39.588007       
# span 3 =     8.0748,    16.5216       
# span 4 =    -1.7210,    11.2218       
# span 5 =     -6.024,     42.444       
# span 6 =     0.2638,    33.6015       
# span 7 =    -0.8868,    26.1554       
# span 8 = 0.0000e+00, 0.0000e+00       
# interval = seconds: 0.5
# start_time = Sep 01 2013 14:00:16 [Instrument's time stamp, header]
# bad_flag = -9.990e-29
*END*
 244.583519     -6.075 -9.990e-29    16.2090    -1.7188     -6.024 -9.990e-29 -9.990e-29 -9.990e-29
 244.583524     -6.074   0.484849    16.2108    -1.7188     -6.023     0.2845    -0.8704 -9.990e-29
 244.583530     -6.066   0.485446    16.2126    -1.7188     -6.015     0.2848    -0.8704 -9.990e-29
 244.583536     -6.054   0.485391    16.2148    -1.7188     -6.004     0.2848    -0.8708 -9.990e-29
 244.583542     -6.042   0.484056    16.2172    -1.7188     -5.992     0.2840    -0.8719 -9.990e-29
 244.583547     -6.028   0.482061    16.2196    -1.7189     -5.978     0.2827    -0.8732 -9.990e-29
 244.583553     -6.012   0.480070    16.2218    -1.7190     -5.962     0.2815    -0.8745 -9.990e-29
 244.583559     -5.994   0.478385    16.2242    -1.7190     -5.944     0.2805    -0.8757 -9.990e-29
 244.583565     -5.970   0.476975    16.2274    -1.7191     -5.920     0.2796    -0.8769 -9.990e-29
 244.583571     -5.942   0.475253    16.2306    -1.7191     -5.892     0.2786    -0.8782 -9.990e-29
 244.583576     -5.905   0.473140    16.2328    -1.7191     -5.856     0.2773    -0.8796 -9.990e-29
 244.583582     -5.863   0.471143    16.2341    -1.7193     -5.814     0.2761    -0.8808 -9.990e-29
 244.583588     -5.821   0.469371    16.2345    -1.7192     -5.773     0.2750    -0.8816 -9.990e-29
 244.583594     -5.781   0.467677    16.2340    -1.7193     -5.733     0.2740    -0.8823 -9.990e-29
 244.583600     -5.736   0.466022    16.2333    -1.7192     -5.688     0.2730    -0.8830 -9.990e-29
 244.583605     -5.684   0.464415    16.2324    -1.7193     -5.637     0.2720    -0.8836 -9.990e-29
 244.583611     -5.633   0.462929    16.2309    -1.7193     -5.586     0.2711    -0.8840 -9.990e-29
 244.583617     -5.589   0.461801    16.2289    -1.7193     -5.542     0.2705    -0.8842 -9.990e-29
 244.583623     -5.550   0.461190    16.2273    -1.7193     -5.504     0.2701    -0.8842 -9.990e-29
 244.583628     -5.512   0.460835    16.2263    -1.7194     -5.466     0.2699    -0.8842 -9.990e-29
 244.583634     -5.474   0.460265    16.2255    -1.7195     -5.428     0.2696    -0.8843 -9.990e-29
 244.583640     -5.437   0.459278    16.2251    -1.7196     -5.392     0.2690    -0.8847 -9.990e-29
 244.583646     -5.403   0.458220    16.2250    -1.7195     -5.358     0.2684    -0.8852 -9.990e-29
 244.583652     -5.370   0.457341    16.2249    -1.7195     -5.325     0.2678    -0.8856 -9.990e-29
 244.583657     -5.340   0.456579    16.2246    -1.7195     -5.296     0.2674    -0.8859 -9.990e-29
 244.583663     -5.316   0.456030    16.2240    -1.7196     -5.272     0.2670    -0.8860 -9.990e-29
 244.583669     -5.296   0.455517    16.2229    -1.7197     -5.252     0.2667    -0.8861 -9.990e-29
 244.583675     -5.279   0.454910    16.2216    -1.7197     -5.235     0.2664    -0.8861 -9.990e-29
 244.583681     -5.263   0.454508    16.2199    -1.7197     -5.219     0.2662    -0.8860 -9.990e-29
 244.583686     -5.249   0.454331    16.2176    -1.7196     -5.205     0.2661    -0.8857 -9.990e-29
 244.583692     -5.234   0.454147    16.2161    -1.7197     -5.190     0.2660    -0.8856 -9.990e-29
 244.583698     -5.218   0.453711    16.2162    -1.7197     -5.175     0.2657    -0.8858 -9.990e-29
 244.583704     -5.200   0.452997    16.2165    -1.7200     -5.157     0.2653    -0.8862 -9.990e-29
 244.583709     -5.178   0.452163    16.2156    -1.7199     -5.135     0.2648    -0.8864 -9.990e-29
 244.583715     -5.152   0.451208    16.2143    -1.7201     -5.109     0.2642    -0.8866 -9.990e-29
 244.583721     -5.119   0.450520    16.2134    -1.7201     -5.076     0.2638    -0.8868 -9.990e-29
 244.583727     -5.082   0.450845    16.2131    -1.7202     -5.040     0.2640    -0.8866 -9.990e-29
 244.583733     -5.048   0.452063    16.2131    -1.7203     -5.006     0.2647    -0.8860 -9.990e-29
 244.583738     -5.017   0.453032    16.2127    -1.7203     -4.975     0.2653    -0.8855 -9.990e-29
 244.583744     -4.989   0.453385    16.2112    -1.7202     -4.947     0.2655    -0.8851 -9.990e-29
 244.583750     -4.960   0.454148    16.2080    -1.7203     -4.919     0.2660    -0.8842 -9.990e-29
 244.583756     -4.931   0.455786    16.2038    -1.7204     -4.890     0.2670    -0.8827 -9.990e-29
 244.583762     -4.902   0.457717    16.1999    -1.7204     -4.861     0.2682    -0.8811 -9.990e-29
 244.583767     -4.877   0.459748    16.1968    -1.7205     -4.836     0.2695    -0.8797 -9.990e-29
 244.583773     -4.849   0.461820    16.1946    -1.7207     -4.809     0.2707    -0.8783 -9.990e-29
 244.583779     -4.817   0.463374    16.1927    -1.7209     -4.777     0.2717    -0.8773 -9.990e-29
 244.583785     -4.788   0.464270    16.1906    -1.7210     -4.748     0.2722    -0.8765 -9.990e-29
 244.583791     -4.763   0.465149    16.1892    -1.7210     -4.723     0.2728    -0.8759 -9.990e-29
 244.583796     -4.741   0.466633    16.1882    -1.7210     -4.701     0.2737    -0.8750 -9.990e-29
 244.583802     -4.720   0.468485    16.1867    -1.7209     -4.681     0.2748    -0.8739 -9.990e-29
 244.583808     -4.701   0.469854    16.1848    -1.7208     -4.662     0.2756    -0.8729 -9.990e-29
 244.583814     -4.680   0.470352    16.1826    -1.7208     -4.641     0.2759    -0.8723 -9.990e-29
 244.583819     -4.657   0.470093    16.1790    -1.7207     -4.618     0.2758    -0.8718 -9.990e-29
 244.583825     -4.631   0.469287    16.1741    -1.7205     -4.592     0.2753    -0.8714 -9.990e-29
 244.583831     -4.599   0.468523    16.1695    -1.7204     -4.561     0.2749    -0.8709 -9.990e-29
 244.583837     -4.564   0.468443    16.1666    -1.7204     -4.526     0.2749    -0.8705 -9.990e-29
 244.583843     -4.533   0.468944    16.1653    -1.7203     -4.495     0.2752    -0.8700 -9.990e-29
 244.583848     -4.507   0.469588    16.1654    -1.7202     -4.469     0.2756    -0.8697 -9.990e-29
 244.583854     -4.485   0.470127    16.1669    -1.7201     -4.448     0.2759    -0.8698 -9.990e-29
 244.583860     -4.466   0.470175    16.1693    -1.7200     -4.429     0.2759    -0.8701 -9.990e-29
 244.583866     -4.448   0.469796    16.1722    -1.7198     -4.411     0.2757    -0.8708 -9.990e-29
 244.583872     -4.430   0.469595    16.1760    -1.7198     -4.393     0.2755    -0.8715 -9.990e-29
 244.583877     -4.412   0.469859    16.1807    -1.7197     -4.375     0.2756    -0.8722 -9.990e-29
 244.583883     -4.391   0.470390    16.1849    -1.7197     -4.354     0.2759    -0.8727 -9.990e-29
 244.583889     -4.368   0.470789    16.1882    -1.7197     -4.332     0.2762    -0.8731 -9.990e-29
 244.583895     -4.343   0.471035    16.1910    -1.7192     -4.307     0.2763    -0.8734 -9.990e-29
 244.583900     -4.325   0.471460    16.1942    -1.7180     -4.289     0.2765    -0.8738 -9.990e-29
 244.583906     -4.313   0.472078    16.1983    -1.7163     -4.277     0.2769    -0.8742 -9.990e-29
 244.583912     -4.296   0.472605    16.2028    -1.7159     -4.260     0.2772    -0.8747 -9.990e-29
 244.583918     -4.274   0.473194    16.2065    -1.7159     -4.238     0.2775    -0.8751 -9.990e-29
 244.583924     -4.254   0.474078    16.2087    -1.7160     -4.219     0.2780    -0.8750 -9.990e-29
 244.583929     -4.240   0.475331    16.2096    -1.7156     -4.205     0.2787    -0.8746 -9.990e-29
 244.583935     -4.225   0.478071    16.2102    -1.7141     -4.190     0.2804    -0.8734 -9.990e-29
 244.583941     -4.204   0.484846    16.2107    -1.7133     -4.169     0.2845    -0.8704 -9.990e-29
 244.583947     -4.182   0.500260    16.2111    -1.7132     -4.147     0.2938    -0.8632 -9.990e-29
 244.583953     -4.159   0.538777    16.2119    -1.7124     -4.124     0.3171    -0.8454 -9.990e-29
 244.583958     -4.136   0.625726    16.2137    -1.7121     -4.102     0.3700    -0.8049 -9.990e-29
 244.583964     -4.110   0.766281    16.2163    -1.7127     -4.076     0.4564    -0.7387 -9.990e-29
 244.583970     -4.084   0.910247    16.2185    -1.7132     -4.050     0.5457    -0.6702 -9.990e-29
 244.583976     -4.062   0.998664    16.2205    -1.7136     -4.028     0.6010    -0.6279 -9.990e-29
 244.583981     -4.036   1.036973    16.2225    -1.7139     -4.002     0.6251    -0.6097 -9.990e-29
 244.583987     -4.005   1.072931    16.2244    -1.7141     -3.972     0.6476    -0.5926 -9.990e-29
 244.583993     -3.977   1.148947    16.2259    -1.7142     -3.944     0.6956    -0.5560 -9.990e-29
 244.583999     -3.953   1.261666    16.2266    -1.7145     -3.920     0.7670    -0.5011 -9.990e-29
 244.584005     -3.933   1.363031    16.2268    -1.7145     -3.900     0.8316    -0.4514 -9.990e-29
 244.584010     -3.914   1.438042    16.2267    -1.7148     -3.881     0.8796    -0.4144 -9.990e-29
 244.584016     -3.896   1.497499    16.2264    -1.7152     -3.864     0.9178    -0.3850 -9.990e-29
 244.584022     -3.877   1.519268    16.2262    -1.7157     -3.845     0.9318    -0.3742 -9.990e-29
 244.584028     -3.856   1.489709    16.2263    -1.7157     -3.824     0.9128    -0.3888 -9.990e-29
 244.584034     -3.832   1.434804    16.2265    -1.7155     -3.800     0.8776    -0.4160 -9.990e-29
 244.584039     -3.808   1.381653    16.2270    -1.7154     -3.776     0.8435    -0.4422 -9.990e-29
 244.584045     -3.791   1.339184    16.2277    -1.7156     -3.759     0.8164    -0.4632 -9.990e-29
 244.584051     -3.779   1.303970    16.2277    -1.7159     -3.747     0.7939    -0.4805 -9.990e-29
 244.584057     -3.768   1.271727    16.2266    -1.7158     -3.737     0.7734    -0.4961 -9.990e-29
 244.584062     -3.756   1.243796    16.2246    -1.7158     -3.725     0.7557    -0.5094 -9.990e-29
 244.584068     -3.739   1.218396    16.2222    -1.7158     -3.708     0.7396    -0.5214 -9.990e-29
 244.584074     -3.716   1.187706    16.2205    -1.7159     -3.685     0.7202    -0.5361 -9.990e-29
 244.584080     -3.694   1.150700    16.2210    -1.7161     -3.663     0.6968    -0.5542 -9.990e-29
 244.584086     -3.676   1.118981    16.2238    -1.7161     -3.645     0.6767    -0.5702 -9.990e-29
 244.584091     -3.660   1.102339    16.2267    -1.7161     -3.629     0.6661    -0.5788 -9.990e-29
 244.584097     -3.645   1.094099    16.2283    -1.7161     -3.615     0.6609    -0.5831 -9.990e-29
 244.584103     -3.631   1.080505    16.2295    -1.7161     -3.601     0.6523    -0.5899 -9.990e-29
 244.584109     -3.617   1.059501    16.2311    -1.7162     -3.587     0.6391    -0.6003 -9.990e-29
 244.584115     -3.602   1.039095    16.2329    -1.7164     -3.572     0.6262    -0.6105 -9.990e-29
 244.584120     -3.584   1.024765    16.2349    -1.7165     -3.554     0.6172    -0.6178 -9.990e-29
 244.584126     -3.564   1.014581    16.2367    -1.7168     -3.534     0.6108    -0.6231 -9.990e-29
 244.584132     -3.539   1.002721    16.2379    -1.7170     -3.509     0.6033    -0.6290 -9.990e-29
 244.584138     -3.511   0.986671    16.2390    -1.7171     -3.482     0.5932    -0.6370 -9.990e-29
 244.584144     -3.489   0.969962    16.2402    -1.7171     -3.460     0.5828    -0.6452 -9.990e-29
 244.584149     -3.475   0.956906    16.2413    -1.7171     -3.446     0.5746    -0.6517 -9.990e-29
 244.584155     -3.463   0.947824    16.2414    -1.7170     -3.434     0.5689    -0.6561 -9.990e-29
 244.584161     -3.448   0.941134    16.2396    -1.7169     -3.419     0.5647    -0.6590 -9.990e-29
 244.584167     -3.434   0.935673    16.2362    -1.7169     -3.405     0.5614    -0.6610 -9.990e-29
 244.584172     -3.425   0.929703    16.2321    -1.7170     -3.396     0.5577    -0.6632 -9.990e-29
 244.584178     -3.415   0.921359    16.2279    -1.7170     -3.387     0.5526    -0.6665 -9.990e-29
 244.584184     -3.399   0.910595    16.2248    -1.7169     -3.371     0.5459    -0.6711 -9.990e-29
 244.584190     -3.381   0.899126    16.2237    -1.7168     -3.353     0.5387    -0.6764 -9.990e-29
 244.584196     -3.364   0.888280    16.2248    -1.7170     -3.336     0.5320    -0.6818 -9.990e-29
 244.584201     -3.347   0.878000    16.2272    -1.7170     -3.319     0.5255    -0.6872 -9.990e-29
 244.584207     -3.329   0.868429    16.2300    -1.7171     -3.301     0.5195    -0.6923 -9.990e-29
 244.584213     -3.313   0.861209    16.2321    -1.7171     -3.285     0.5150    -0.6961 -9.990e-29
 244.584219     -3.301   0.857240    16.2336    -1.7172     -3.273     0.5125    -0.6982 -9.990e-29
 244.584225     -3.290   0.854003    16.2349    -1.7174     -3.263     0.5105    -0.7000 -9.990e-29
 244.584230     -3.274   0.848290    16.2366    -1.7177     -3.247     0.5069    -0.7031 -9.990e-29
 244.584236     -3.256   0.841348    16.2384    -1.7178     -3.229     0.5026    -0.7067 -9.990e-29
 244.584242     -3.240   0.836480    16.2398    -1.7178     -3.213     0.4996    -0.7093 -9.990e-29
 244.584248     -3.220   0.833288    16.2402    -1.7177     -3.193     0.4976    -0.7109 -9.990e-29
 244.584253     -3.195   0.828993    16.2396    -1.7177     -3.168     0.4949    -0.7128 -9.990e-29
 244.584259     -3.172   0.822855    16.2382    -1.7178     -3.146     0.4911    -0.7155 -9.990e-29
 244.584265     -3.153   0.817581    16.2364    -1.7177     -3.127     0.4879    -0.7177 -9.990e-29
 244.584271     -3.139   0.815002    16.2334    -1.7176     -3.113     0.4863    -0.7184 -9.990e-29
 244.584277     -3.126   0.812786    16.2283    -1.7176     -3.100     0.4850    -0.7186 -9.990e-29
 244.584282     -3.116   0.807978    16.2226    -1.7177     -3.090     0.4821    -0.7199 -9.990e-29
 244.584288     -3.107   0.801368    16.2187    -1.7179     -3.081     0.4780    -0.7224 -9.990e-29
 244.584294     -3.098   0.796882    16.2175    -1.7178     -3.072     0.4753    -0.7243 -9.990e-29
 244.584300     -3.090   0.796293    16.2186    -1.7178     -3.064     0.4749    -0.7248 -9.990e-29
 244.584306     -3.081   0.796599    16.2205    -1.7178     -3.055     0.4751    -0.7249 -9.990e-29
 244.584311     -3.071   0.793778    16.2223    -1.7178     -3.045     0.4733    -0.7266 -9.990e-29
 244.584317     -3.059   0.787944    16.2243    -1.7179     -3.033     0.4697    -0.7297 -9.990e-29
 244.584323     -3.045   0.782394    16.2261    -1.7178     -3.020     0.4662    -0.7327 -9.990e-29
 244.584329     -3.028   0.778591    16.2267    -1.7176     -3.003     0.4639    -0.7346 -9.990e-29
 244.584334     -3.006   0.775341    16.2261    -1.7176     -2.981     0.4619    -0.7361 -9.990e-29
 244.584340     -2.979   0.771633    16.2256    -1.7175     -2.954     0.4596    -0.7377 -9.990e-29
 244.584346     -2.948   0.768062    16.2260    -1.7175     -2.923     0.4574    -0.7395 -9.990e-29
 244.584352     -2.920   0.765404    16.2271    -1.7175     -2.896     0.4557    -0.7410 -9.990e-29
 244.584358     -2.899   0.762885    16.2282    -1.7175     -2.875     0.4541    -0.7424 -9.990e-29
 244.584363     -2.881   0.759362    16.2288    -1.7175     -2.857     0.4520    -0.7441 -9.990e-29
 244.584369     -2.868   0.755122    16.2296    -1.7175     -2.844     0.4493    -0.7463 -9.990e-29
 244.584375     -2.856   0.751157    16.2322    -1.7176     -2.832     0.4469    -0.7486 -9.990e-29
 244.584381     -2.847   0.747719    16.2365    -1.7176     -2.823     0.4447    -0.7510 -9.990e-29
 244.584387     -2.839   0.744102    16.2405    -1.7176     -2.815     0.4424    -0.7534 -9.990e-29
 244.584392     -2.831   0.739913    16.2433    -1.7176     -2.807     0.4398    -0.7559 -9.990e-29
 244.584398     -2.824   0.735657    16.2450    -1.7175     -2.800     0.4372    -0.7582 -9.990e-29
 244.584404     -2.816   0.731752    16.2461    -1.7175     -2.793     0.4347    -0.7603 -9.990e-29
 244.584410     -2.807   0.727975    16.2469    -1.7176     -2.784     0.4324    -0.7622 -9.990e-29
 244.584416     -2.798   0.724275    16.2470    -1.7175     -2.775     0.4301    -0.7640 -9.990e-29
 244.584421     -2.786   0.721811    16.2460    -1.7176     -2.763     0.4286    -0.7650 -9.990e-29
 244.584427     -2.772   0.721727    16.2449    -1.7174     -2.749     0.4286    -0.7648 -9.990e-29
 244.584433     -2.754   0.722803    16.2453    -1.7172     -2.731     0.4292    -0.7644 -9.990e-29
 244.584439     -2.731   0.722599    16.2468    -1.7171     -2.708     0.4291    -0.7648 -9.990e-29
