data/oxygen options/ONMS/Olympic_Coast_National_Marine_Sanctuary_CTD_Data_2005_2023/raw_data/2013/CAST_KL027_130903faed.cnv
* Sea-Bird SBE19 Data File:
* FileName = C:\2013 Mooring Data\2nd Service\Casts\CAST_KL027_130903.hex
* Software Version 1.59
* Temperature SN = 2997
* Conductivity SN = 2997
* System UpLoad Time = Sep 03 2013 11:45:13
** CAST_KL027_130903
* ds
# nquan = 9                                 
# nvalues = 1551                        
# units = specified
# name 0 = timeJ: Julian Days
# name 1 = prSM: Pressure, Strain Gauge [db]
# name 2 = c0mS/cm: Conductivity [mS/cm]
# name 3 = t090C: Temperature [ITS-90, deg C]
# name 4 = sbeox0ML/L: Oxygen, SBE 43 [ml/l]
# name 5 = depSM: Depth [salt water, m], lat = 47.5
# name 6 = sal00: Salinity, Practical [PSU]
# name 7 = sigma-é00: Density [sigma-theta, kg/m^3]
# name 8 = flag: flag
# span 0 = 246.419757, 246.428727       
# span 1 =     -5.242,     28.603       
# span 2 =   0.266335,  38.487772       
# span 3 =     9.2960,    17.6044       
# span 4 =    -1.7017,    10.3217       
# span 5 =     -5.198,     28.362       
# span 6 =     0.1498,    33.1511       
# span 7 =    -1.2145,    25.6138       
# span 8 = 0.0000e+00, 0.0000e+00       
# interval = seconds: 0.5
# start_time = Sep 03 2013 10:04:27 [Instrument's time stamp, header]
# bad_flag = -9.990e-29
*END*
[from data line 481]
 246.422541     -0.240   0.327954    17.0811    -1.7006     -0.238     0.1870    -1.0937 -9.990e-29
 246.422546     -0.234   0.327934    17.0740    -1.7007     -0.232     0.1870    -1.0925 -9.990e-29
 246.422552     -0.221   0.327875    17.0656    -1.7006     -0.219     0.1870    -1.0910 -9.990e-29
 246.422558     -0.210   0.327696    17.0564    -1.7008     -0.208     0.1869    -1.0894 -9.990e-29
 246.422564     -0.204   0.327343    17.0465    -1.7010     -0.202     0.1868    -1.0878 -9.990e-29
 246.422569     -0.197   0.326901    17.0366    -1.7011     -0.195     0.1865    -1.0863 -9.990e-29
 246.422575     -0.187   0.326516    17.0280    -1.7013     -0.185     0.1864    -1.0849 -9.990e-29
 246.422581     -0.175   0.326229    17.0218    -1.7014     -0.174     0.1862    -1.0839 -9.990e-29
 246.422587     -0.166   0.325841    17.0185    -1.7014     -0.165     0.1860    -1.0835 -9.990e-29
 246.422593     -0.159   0.325391    17.0170    -1.7015     -0.158     0.1858    -1.0835 -9.990e-29
 246.422598     -0.153   0.325385    17.0157    -1.7017     -0.152     0.1858    -1.0832 -9.990e-29
 246.422604     -0.148   0.325812    17.0134    -1.7017     -0.147     0.1860    -1.0826 -9.990e-29
 246.422610     -0.145   0.326134    17.0092    -1.7016     -0.144     0.1862    -1.0817 -9.990e-29
 246.422616     -0.142   0.326228    17.0038    -1.7017     -0.141     0.1863    -1.0807 -9.990e-29
 246.422622     -0.140   0.326219    16.9982    -1.7017     -0.139     0.1863    -1.0798 -9.990e-29
 246.422627     -0.138   0.326094    16.9932    -1.7016     -0.137     0.1863    -1.0789 -9.990e-29
 246.422633     -0.137   0.325688    16.9891    -1.7016     -0.136     0.1860    -1.0784 -9.990e-29
 246.422639     -0.135   0.325013    16.9856    -1.7017     -0.134     0.1857    -1.0781 -9.990e-29
 246.422645     -0.134   0.324275    16.9816    -1.7017     -0.133     0.1853    -1.0777 -9.990e-29
 246.422650     -0.132   0.323598    16.9781    -1.7017     -0.131     0.1849    -1.0774 -9.990e-29
 246.422656     -0.131   0.323185    16.9768    -1.7017     -0.130     0.1846    -1.0773 -9.990e-29
 246.422662     -0.129   0.323039    16.9767    -1.7017     -0.128     0.1846    -1.0774 -9.990e-29
 246.422668     -0.127   0.322966    16.9766    -1.7016     -0.126     0.1845    -1.0774 -9.990e-29
 246.422674     -0.125   0.322867    16.9773    -1.7014     -0.124     0.1845    -1.0775 -9.990e-29
 246.422679     -0.122   0.322611    16.9782    -1.7014     -0.121     0.1843    -1.0778 -9.990e-29
 246.422685     -0.118   0.322411    16.9782    -1.7013     -0.117     0.1842    -1.0779 -9.990e-29
 246.422691     -0.114   0.322554    16.9777    -1.7013     -0.113     0.1843    -1.0778 -9.990e-29
 246.422697     -0.108   0.322677    16.9772    -1.7011     -0.107     0.1843    -1.0776 -9.990e-29
 246.422703     -0.104   0.322388    16.9769    -1.7009     -0.103     0.1842    -1.0777 -9.990e-29
 246.422708     -0.108   0.321858    16.9774    -1.7008     -0.107     0.1839    -1.0780 -9.990e-29
 246.422714     -0.113   0.321485    16.9791    -1.7007     -0.112     0.1836    -1.0785 -9.990e-29
 246.422720     -0.118   0.321324    16.9821    -1.7007     -0.117     0.1835    -1.0791 -9.990e-29
 246.422726     -0.122   0.321162    16.9857    -1.7005     -0.121     0.1834    -1.0798 -9.990e-29
 246.422731     -0.124   0.320783    16.9892    -1.7004     -0.123     0.1832    -1.0806 -9.990e-29
 246.422737     -0.127   0.320235    16.9925    -1.7004     -0.126     0.1829    -1.0814 -9.990e-29
 246.422743     -0.128   0.319893    16.9962    -1.7005     -0.127     0.1827    -1.0822 -9.990e-29
 246.422749     -0.130   0.319856    17.0011    -1.7006     -0.129     0.1826    -1.0831 -9.990e-29
 246.422755     -0.131   0.320074    17.0065    -1.7006     -0.130     0.1827    -1.0840 -9.990e-29
 246.422760     -0.132   0.320285    17.0115    -1.7005     -0.131     0.1828    -1.0848 -9.990e-29
 246.422766     -0.132   0.320214    17.0154    -1.7004     -0.131     0.1828    -1.0855 -9.990e-29
 246.422772     -0.133   0.320320    17.0186    -1.7004     -0.132     0.1828    -1.0860 -9.990e-29
 246.422778     -0.133   0.320746    17.0221    -1.7003     -0.132     0.1830    -1.0864 -9.990e-29
 246.422784     -0.134   0.320951    17.0249    -1.7003     -0.133     0.1831    -1.0868 -9.990e-29
 246.422789     -0.134   0.320655    17.0258    -1.7002     -0.133     0.1830    -1.0871 -9.990e-29
 246.422795     -0.135   0.320017    17.0249    -1.7001     -0.134     0.1826    -1.0873 -9.990e-29
 246.422801     -0.135   0.319295    17.0237    -1.7000     -0.134     0.1822    -1.0874 -9.990e-29
 246.422807     -0.136   0.318631    17.0236    -1.6998     -0.135     0.1818    -1.0877 -9.990e-29
 246.422812     -0.137   0.318249    17.0250    -1.6996     -0.136     0.1816    -1.0881 -9.990e-29
 246.422818     -0.138   0.318190    17.0273    -1.6996     -0.137     0.1815    -1.0885 -9.990e-29
 246.422824     -0.139   0.318377    17.0299    -1.6995     -0.138     0.1816    -1.0889 -9.990e-29
 246.422830     -0.140   0.318506    17.0325    -1.6994     -0.139     0.1817    -1.0893 -9.990e-29
 246.422836     -0.142   0.318194    17.0350    -1.6991     -0.141     0.1815    -1.0899 -9.990e-29
 246.422841     -0.145   0.317578    17.0380    -1.6989     -0.144     0.1811    -1.0907 -9.990e-29
 246.422847     -0.148   0.316946    17.0421    -1.6986     -0.147     0.1808    -1.0917 -9.990e-29
 246.422853     -0.152   0.316562    17.0468    -1.6982     -0.151     0.1805    -1.0927 -9.990e-29
 246.422859     -0.157   0.316467    17.0517    -1.6979     -0.156     0.1804    -1.0936 -9.990e-29
 246.422865     -0.163   0.316532    17.0568    -1.6976     -0.162     0.1805    -1.0945 -9.990e-29
 246.422870     -0.167   0.316844    17.0620    -1.6975     -0.166     0.1806    -1.0953 -9.990e-29
 246.422876     -0.165   0.317265    17.0672    -1.6975     -0.164     0.1808    -1.0960 -9.990e-29
 246.422882     -0.160   0.317249    17.0731    -1.6975     -0.159     0.1808    -1.0971 -9.990e-29
 246.422888     -0.158   0.316777    17.0809    -1.6976     -0.157     0.1805    -1.0987 -9.990e-29
 246.422894     -0.156   0.316326    17.0908    -1.6976     -0.155     0.1802    -1.1006 -9.990e-29
 246.422899     -0.156   0.315848    17.1025    -1.6977     -0.155     0.1799    -1.1029 -9.990e-29
 246.422905     -0.158   0.315258    17.1149    -1.6978     -0.157     0.1795    -1.1054 -9.990e-29
 246.422911     -0.161   0.314876    17.1264    -1.6980     -0.160     0.1792    -1.1076 -9.990e-29
 246.422917     -0.165   0.314749    17.1354    -1.6980     -0.164     0.1791    -1.1093 -9.990e-29
 246.422922     -0.167   0.314707    17.1412    -1.6981     -0.166     0.1791    -1.1104 -9.990e-29
 246.422928     -0.163   0.314693    17.1434    -1.6982     -0.162     0.1790    -1.1108 -9.990e-29
 246.422934     -0.157   0.314687    17.1429    -1.6982     -0.156     0.1790    -1.1107 -9.990e-29
 246.422940     -0.152   0.314681    17.1412    -1.6982     -0.151     0.1791    -1.1104 -9.990e-29
 246.422946     -0.148   0.314669    17.1389    -1.6982     -0.147     0.1791    -1.1100 -9.990e-29
 246.422951     -0.145   0.314632    17.1358    -1.6983     -0.144     0.1790    -1.1094 -9.990e-29
 246.422957     -0.142   0.314523    17.1318    -1.6982     -0.141     0.1790    -1.1088 -9.990e-29
 246.422963     -0.140   0.314195    17.1278    -1.6982     -0.139     0.1788    -1.1082 -9.990e-29
 246.422969     -0.139   0.313763    17.1244    -1.6982     -0.138     0.1786    -1.1078 -9.990e-29
 246.422975     -0.137   0.313758    17.1217    -1.6983     -0.136     0.1786    -1.1073 -9.990e-29
 246.422980     -0.136   0.314174    17.1196    -1.6985     -0.135     0.1788    -1.1067 -9.990e-29
 246.422986     -0.136   0.314458    17.1183    -1.6986     -0.135     0.1790    -1.1064 -9.990e-29
 246.422992     -0.135   0.314435    17.1180    -1.6988     -0.134     0.1790    -1.1063 -9.990e-29
 246.422998     -0.134   0.314074    17.1177    -1.6989     -0.133     0.1788    -1.1064 -9.990e-29
 246.423003     -0.133   0.313449    17.1172    -1.6990     -0.132     0.1784    -1.1066 -9.990e-29
 246.423009     -0.132   0.312834    17.1170    -1.6991     -0.131     0.1781    -1.1069 -9.990e-29
 246.423015     -0.131   0.312514    17.1166    -1.6991     -0.130     0.1779    -1.1069 -9.990e-29
 246.423021     -0.130   0.312617    17.1148    -1.6990     -0.129     0.1780    -1.1066 -9.990e-29
 246.423027     -0.129   0.312727    17.1113    -1.6988     -0.128     0.1780    -1.1059 -9.990e-29
 246.423032     -0.128   0.312435    17.1064    -1.6988     -0.127     0.1779    -1.1052 -9.990e-29
 246.423038     -0.126   0.311908    17.1009    -1.6987     -0.125     0.1776    -1.1044 -9.990e-29
 246.423044     -0.123   0.311548    17.0953    -1.6985     -0.122     0.1774    -1.1036 -9.990e-29
 246.423050     -0.120   0.311427    17.0904    -1.6983     -0.119     0.1774    -1.1027 -9.990e-29
 246.423056     -0.116   0.311385    17.0866    -1.6982     -0.115     0.1774    -1.1021 -9.990e-29
 246.423061     -0.111   0.311367    17.0846    -1.6981     -0.110     0.1774    -1.1017 -9.990e-29
 246.423067     -0.104   0.311349    17.0851    -1.6980     -0.103     0.1774    -1.1018 -9.990e-29
 246.423073     -0.096   0.311307    17.0880    -1.6981     -0.095     0.1773    -1.1024 -9.990e-29
 246.423079     -0.085   0.311184    17.0924    -1.6982     -0.084     0.1772    -1.1032 -9.990e-29
 246.423084     -0.071   0.310815    17.0973    -1.6982     -0.070     0.1770    -1.1042 -9.990e-29
 246.423090     -0.057   0.310262    17.1027    -1.6984     -0.057     0.1767    -1.1055 -9.990e-29
 246.423096     -0.052   0.309893    17.1085    -1.6986     -0.052     0.1764    -1.1067 -9.990e-29
 246.423102     -0.053   0.309770    17.1142    -1.6987     -0.053     0.1763    -1.1077 -9.990e-29
 246.423108     -0.055   0.309729    17.1192    -1.6988     -0.055     0.1763    -1.1086 -9.990e-29
 246.423113     -0.051   0.309715    17.1232    -1.6989     -0.051     0.1763    -1.1094 -9.990e-29
 246.423119     -0.046   0.309711    17.1248    -1.6990     -0.046     0.1763    -1.1096 -9.990e-29
 246.423125     -0.048   0.309709    17.1233    -1.6992     -0.048     0.1763    -1.1094 -9.990e-29
 246.423131     -0.058   0.309707    17.1198    -1.6996     -0.058     0.1763    -1.1088 -9.990e-29
 246.423137     -0.067   0.309703    17.1152    -1.6997     -0.066     0.1763    -1.1079 -9.990e-29
 246.423142     -0.072   0.309691    17.1096    -1.6996     -0.071     0.1763    -1.1069 -9.990e-29
 246.423148     -0.073   0.309654    17.1040    -1.6997     -0.072     0.1763    -1.1060 -9.990e-29
 246.423154     -0.070   0.309543    17.0991    -1.6996     -0.069     0.1763    -1.1051 -9.990e-29
 246.423160     -0.063   0.309210    17.0947    -1.6996     -0.062     0.1761    -1.1045 -9.990e-29
 246.423166     -0.052   0.308764    17.0899    -1.6993     -0.052     0.1758    -1.1038 -9.990e-29
 246.423171     -0.039   0.308719    17.0841    -1.6992     -0.039     0.1758    -1.1028 -9.990e-29
 246.423177     -0.030   0.309013    17.0771    -1.6993     -0.030     0.1760    -1.1014 -9.990e-29
 246.423183     -0.018   0.308931    17.0704    -1.6993     -0.018     0.1760    -1.1003 -9.990e-29
 246.423189     -0.002   0.308364    17.0663    -1.6993     -0.002     0.1757    -1.0998 -9.990e-29
 246.423194      0.008   0.307662    17.0649    -1.6993      0.008     0.1753    -1.0999 -9.990e-29
 246.423200      0.015   0.306998    17.0651    -1.6992      0.015     0.1749    -1.1002 -9.990e-29
 246.423206      0.023   0.306592    17.0668    -1.6992      0.023     0.1747    -1.1007 -9.990e-29
 246.423212      0.032   0.306457    17.0703    -1.6991      0.032     0.1746    -1.1014 -9.990e-29
 246.423218      0.043   0.306412    17.0751    -1.6993      0.043     0.1745    -1.1022 -9.990e-29
 246.423223      0.053   0.306397    17.0780    -1.6992      0.053     0.1745    -1.1028 -9.990e-29
 246.423229      0.057   0.306393    17.0780    -1.6994      0.057     0.1745    -1.1028 -9.990e-29
 246.423235      0.056   0.306391    17.0774    -1.6994      0.056     0.1745    -1.1027 -9.990e-29
 246.423241      0.050   0.306390    17.0778    -1.6995      0.050     0.1745    -1.1027 -9.990e-29
 246.423247      0.043   0.306388    17.0790    -1.6994      0.043     0.1745    -1.1029 -9.990e-29
 246.423252      0.039   0.306383    17.0806    -1.6993      0.039     0.1745    -1.1032 -9.990e-29
 246.423258      0.037   0.306369    17.0814    -1.6993      0.037     0.1745    -1.1034 -9.990e-29
 246.423264      0.037   0.306328    17.0809    -1.6992      0.037     0.1745    -1.1033 -9.990e-29
 246.423270      0.040   0.306205    17.0797    -1.6992      0.040     0.1744    -1.1032 -9.990e-29
 246.423275      0.045   0.305836    17.0780    -1.6992      0.045     0.1742    -1.1030 -9.990e-29
 246.423281      0.053   0.305282    17.0757    -1.6992      0.053     0.1739    -1.1029 -9.990e-29
 246.423287      0.064   0.304913    17.0738    -1.6991      0.063     0.1737    -1.1027 -9.990e-29
 246.423293      0.074   0.304790    17.0733    -1.6992      0.073     0.1736    -1.1026 -9.990e-29
 246.423299      0.081   0.304747    17.0743    -1.6992      0.080     0.1736    -1.1028 -9.990e-29
 246.423304      0.085   0.304729    17.0759    -1.6993      0.084     0.1736    -1.1031 -9.990e-29
 246.423310      0.085   0.304711    17.0776    -1.6992      0.084     0.1736    -1.1034 -9.990e-29
 246.423316      0.081   0.304668    17.0795    -1.6990      0.080     0.1735    -1.1038 -9.990e-29
 246.423322      0.079   0.304544    17.0814    -1.6989      0.078     0.1734    -1.1042 -9.990e-29
 246.423328      0.082   0.304174    17.0829    -1.6988      0.081     0.1732    -1.1046 -9.990e-29
 246.423333      0.085   0.303619    17.0841    -1.6985      0.084     0.1729    -1.1051 -9.990e-29
 246.423339      0.085   0.303246    17.0845    -1.6984      0.084     0.1727    -1.1053 -9.990e-29
 246.423345      0.082   0.303111    17.0836    -1.6983      0.081     0.1726    -1.1052 -9.990e-29
 246.423351      0.075   0.303034    17.0822    -1.6983      0.074     0.1726    -1.1050 -9.990e-29
 246.423356      0.069   0.302911    17.0823    -1.6983      0.068     0.1725    -1.1051 -9.990e-29
 246.423362      0.067   0.302578    17.0847    -1.6982      0.066     0.1723    -1.1057 -9.990e-29
 246.423368      0.066   0.302144    17.0889    -1.6983      0.065     0.1720    -1.1066 -9.990e-29
 246.423374      0.063   0.302139    17.0941    -1.6984      0.062     0.1720    -1.1075 -9.990e-29
 246.423380      0.065   0.302556    17.1004    -1.6984      0.064     0.1722    -1.1085 -9.990e-29
 246.423385      0.067   0.302843    17.1073    -1.6984      0.066     0.1724    -1.1096 -9.990e-29
 246.423391      0.068   0.302829    17.1130    -1.6984      0.067     0.1723    -1.1106 -9.990e-29
 246.423397      0.074   0.302496    17.1167    -1.6984      0.073     0.1721    -1.1114 -9.990e-29
 246.423403      0.081   0.301954    17.1185    -1.6984      0.080     0.1718    -1.1120 -9.990e-29
 246.423409      0.083   0.301589    17.1192    -1.6985      0.082     0.1716    -1.1122 -9.990e-29
 246.423414      0.083   0.301467    17.1190    -1.6985      0.082     0.1715    -1.1123 -9.990e-29
 246.423420      0.083   0.301425    17.1176    -1.6985      0.082     0.1715    -1.1120 -9.990e-29
 246.423426      0.088   0.301407    17.1159    -1.6984      0.087     0.1715    -1.1117 -9.990e-29
 246.423432      0.095   0.301389    17.1149    -1.6985      0.094     0.1715    -1.1116 -9.990e-29
 246.423438      0.099   0.301347    17.1147    -1.6984      0.098     0.1715    -1.1115 -9.990e-29
 246.423443      0.101   0.301223    17.1147    -1.6982      0.100     0.1714    -1.1116 -9.990e-29
 246.423449      0.100   0.300853    17.1143    -1.6981      0.099     0.1712    -1.1117 -9.990e-29
 246.423455      0.097   0.300299    17.1132    -1.6980      0.096     0.1709    -1.1117 -9.990e-29
