data/oxygen options/ONMS/Olympic_Coast_National_Marine_Sanctuary_CTD_Data_2005_2023/raw_data/2013/CAST_CE015_130828faed.cnv
* Sea-Bird SBE19 Data File:
* FileName = C:\2013 Mooring Data\2nd Service\Casts\CAST_CE015_130828.hex
* Software Version 1.59
* Temperature SN = 2997
* Conductivity SN = 2997
* System UpLoad Time = Aug 28 2013 15:45:58
** CAST_CE015_130828
* ds
# nquan = 9                                 
# nvalues = 1453                        
# units = specified
# name 0 = timeJ: Julian Days
# name 1 = prSM: Pressure, Strain Gauge [db]
# name 2 = c0mS/cm: Conductivity [mS/cm]
# name 3 = t090C: Temperature [ITS-90, deg C]
# name 4 = sbeox0ML/L: Oxygen, SBE 43 [ml/l]
# name 5 = depSM: Depth [salt water, m], lat = 47.5
# name 6 = sal00: Salinity, Practical [PSU]
# name 7 = sigma-é00: Density [sigma-theta, kg/m^3]
# name 8 = flag: flag
# span 0 = 240.487269, 240.495671       
# span 1 =     -5.520,     15.774       
# span 2 =   0.342128,  38.816173       
# span 3 =    14.4533,    16.5611       
# span 4 =    -1.7269,    11.0426       
# span 5 =     -5.474,     15.642       
# span 6 =     0.1985,    31.6007       
# span 7 =    -0.9864,    23.4348       
# span 8 = 0.0000e+00, 0.0000e+00       
# interval = seconds: 0.5
# start_time = Aug 28 2013 11:41:40 [Instrument's time stamp, header]
# bad_flag = -9.990e-29
*END*
[from data line 321]
 240.489126     -1.006   0.496206    16.3920    -1.7151     -0.998     0.2901    -0.8962 -9.990e-29
 240.489132     -1.012   0.494791    16.3915    -1.7150     -1.004     0.2892    -0.8967 -9.990e-29
 240.489138     -1.023   0.493624    16.3913    -1.7149     -1.014     0.2885    -0.8973 -9.990e-29
 240.489144     -1.035   0.493366    16.3913    -1.7149     -1.026     0.2884    -0.8974 -9.990e-29
 240.489149     -1.036   0.493673    16.3925    -1.7150     -1.027     0.2885    -0.8974 -9.990e-29
 240.489155     -1.021   0.493848    16.3951    -1.7150     -1.012     0.2886    -0.8978 -9.990e-29
 240.489161     -1.003   0.493572    16.3984    -1.7149     -0.995     0.2884    -0.8985 -9.990e-29
 240.489167     -0.988   0.493032    16.4015    -1.7149     -0.980     0.2881    -0.8993 -9.990e-29
 240.489172     -0.977   0.492616    16.4045    -1.7151     -0.969     0.2878    -0.9000 -9.990e-29
 240.489178     -0.967   0.492323    16.4081    -1.7151     -0.959     0.2876    -0.9008 -9.990e-29
 240.489184     -0.960   0.491762    16.4119    -1.7150     -0.952     0.2873    -0.9017 -9.990e-29
 240.489190     -0.953   0.490742    16.4144    -1.7149     -0.945     0.2866    -0.9026 -9.990e-29
 240.489196     -0.947   0.489564    16.4149    -1.7148     -0.939     0.2859    -0.9032 -9.990e-29
 240.489201     -0.941   0.488871    16.4146    -1.7147     -0.933     0.2855    -0.9035 -9.990e-29
 240.489207     -0.936   0.488850    16.4149    -1.7146     -0.928     0.2855    -0.9035 -9.990e-29
 240.489213     -0.930   0.488919    16.4152    -1.7147     -0.922     0.2855    -0.9036 -9.990e-29
 240.489219     -0.923   0.488615    16.4147    -1.7146     -0.915     0.2854    -0.9036 -9.990e-29
 240.489225     -0.915   0.488089    16.4134    -1.7146     -0.907     0.2850    -0.9036 -9.990e-29
 240.489230     -0.909   0.487748    16.4129    -1.7147     -0.901     0.2848    -0.9037 -9.990e-29
 240.489236     -0.910   0.487692    16.4146    -1.7146     -0.902     0.2848    -0.9040 -9.990e-29
 240.489242     -0.914   0.487847    16.4178    -1.7144     -0.906     0.2849    -0.9045 -9.990e-29
 240.489248     -0.915   0.487866    16.4211    -1.7144     -0.907     0.2849    -0.9051 -9.990e-29
 240.489253     -0.915   0.487224    16.4244    -1.7143     -0.907     0.2845    -0.9059 -9.990e-29
 240.489259     -0.913   0.486170    16.4267    -1.7143     -0.905     0.2838    -0.9068 -9.990e-29
 240.489265     -0.909   0.485516    16.4276    -1.7145     -0.901     0.2834    -0.9073 -9.990e-29
 240.489271     -0.903   0.485496    16.4281    -1.7148     -0.895     0.2834    -0.9074 -9.990e-29
 240.489277     -0.895   0.485533    16.4286    -1.7151     -0.888     0.2834    -0.9075 -9.990e-29
 240.489282     -0.883   0.485122    16.4296    -1.7152     -0.876     0.2832    -0.9078 -9.990e-29
 240.489288     -0.868   0.484270    16.4319    -1.7151     -0.861     0.2826    -0.9086 -9.990e-29
 240.489294     -0.853   0.483502    16.4351    -1.7152     -0.846     0.2821    -0.9095 -9.990e-29
 240.489300     -0.840   0.483457    16.4375    -1.7153     -0.833     0.2821    -0.9100 -9.990e-29
 240.489306     -0.829   0.484075    16.4382    -1.7156     -0.822     0.2825    -0.9098 -9.990e-29
 240.489311     -0.820   0.484519    16.4365    -1.7156     -0.813     0.2827    -0.9093 -9.990e-29
 240.489317     -0.807   0.484276    16.4317    -1.7155     -0.800     0.2826    -0.9086 -9.990e-29
 240.489323     -0.790   0.483576    16.4241    -1.7155     -0.783     0.2823    -0.9076 -9.990e-29
 240.489329     -0.777   0.482593    16.4167    -1.7155     -0.771     0.2817    -0.9068 -9.990e-29
 240.489334     -0.769   0.481679    16.4120    -1.7156     -0.763     0.2812    -0.9064 -9.990e-29
 240.489340     -0.768   0.481275    16.4094    -1.7158     -0.762     0.2810    -0.9061 -9.990e-29
 240.489346     -0.769   0.481398    16.4068    -1.7159     -0.763     0.2811    -0.9056 -9.990e-29
 240.489352     -0.767   0.481661    16.4029    -1.7160     -0.761     0.2813    -0.9048 -9.990e-29
 240.489358     -0.767   0.481307    16.3985    -1.7160     -0.761     0.2811    -0.9042 -9.990e-29
 240.489363     -0.773   0.480416    16.3959    -1.7159     -0.767     0.2806    -0.9042 -9.990e-29
 240.489369     -0.781   0.480018    16.3957    -1.7160     -0.774     0.2803    -0.9043 -9.990e-29
 240.489375     -0.783   0.480134    16.3964    -1.7162     -0.776     0.2804    -0.9044 -9.990e-29
 240.489381     -0.775   0.480000    16.3962    -1.7163     -0.769     0.2803    -0.9044 -9.990e-29
 240.489387     -0.761   0.479436    16.3937    -1.7163     -0.755     0.2800    -0.9042 -9.990e-29
 240.489392     -0.748   0.478431    16.3892    -1.7163     -0.742     0.2794    -0.9039 -9.990e-29
 240.489398     -0.739   0.477304    16.3847    -1.7162     -0.733     0.2788    -0.9037 -9.990e-29
 240.489404     -0.731   0.476952    16.3820    -1.7161     -0.725     0.2786    -0.9034 -9.990e-29
 240.489410     -0.717   0.477460    16.3811    -1.7161     -0.711     0.2789    -0.9030 -9.990e-29
 240.489416     -0.703   0.477841    16.3804    -1.7161     -0.697     0.2791    -0.9027 -9.990e-29
 240.489421     -0.690   0.477497    16.3779    -1.7160     -0.684     0.2789    -0.9024 -9.990e-29
 240.489427     -0.678   0.477078    16.3744    -1.7159     -0.672     0.2787    -0.9020 -9.990e-29
 240.489433     -0.666   0.477132    16.3722    -1.7160     -0.660     0.2787    -0.9016 -9.990e-29
 240.489439     -0.658   0.477176    16.3714    -1.7161     -0.653     0.2788    -0.9014 -9.990e-29
 240.489444     -0.658   0.476717    16.3718    -1.7163     -0.653     0.2785    -0.9017 -9.990e-29
 240.489450     -0.661   0.475696    16.3732    -1.7164     -0.655     0.2779    -0.9024 -9.990e-29
 240.489456     -0.664   0.474412    16.3748    -1.7164     -0.658     0.2771    -0.9033 -9.990e-29
 240.489462     -0.666   0.473369    16.3762    -1.7163     -0.660     0.2765    -0.9040 -9.990e-29
 240.489468     -0.668   0.472837    16.3779    -1.7164     -0.662     0.2761    -0.9046 -9.990e-29
 240.489473     -0.669   0.472659    16.3799    -1.7164     -0.663     0.2760    -0.9050 -9.990e-29
 240.489479     -0.670   0.472598    16.3808    -1.7163     -0.664     0.2760    -0.9052 -9.990e-29
 240.489485     -0.670   0.472572    16.3792    -1.7163     -0.664     0.2760    -0.9049 -9.990e-29
 240.489491     -0.671   0.472547    16.3753    -1.7161     -0.665     0.2760    -0.9042 -9.990e-29
 240.489497     -0.671   0.472489    16.3714    -1.7160     -0.665     0.2760    -0.9036 -9.990e-29
 240.489502     -0.672   0.472320    16.3692    -1.7158     -0.666     0.2759    -0.9033 -9.990e-29
 240.489508     -0.672   0.471815    16.3687    -1.7158     -0.666     0.2756    -0.9034 -9.990e-29
 240.489514     -0.672   0.470856    16.3690    -1.7158     -0.666     0.2750    -0.9039 -9.990e-29
 240.489520     -0.672   0.469823    16.3692    -1.7157     -0.666     0.2744    -0.9045 -9.990e-29
 240.489525     -0.672   0.469001    16.3695    -1.7157     -0.666     0.2739    -0.9049 -9.990e-29
 240.489531     -0.672   0.468402    16.3707    -1.7157     -0.666     0.2735    -0.9054 -9.990e-29
 240.489537     -0.672   0.468332    16.3733    -1.7156     -0.666     0.2735    -0.9059 -9.990e-29
 240.489543     -0.672   0.468698    16.3774    -1.7156     -0.666     0.2737    -0.9064 -9.990e-29
 240.489549     -0.671   0.468882    16.3824    -1.7156     -0.665     0.2737    -0.9072 -9.990e-29
 240.489554     -0.671   0.468575    16.3870    -1.7155     -0.665     0.2735    -0.9081 -9.990e-29
 240.489560     -0.671   0.467920    16.3898    -1.7155     -0.665     0.2731    -0.9089 -9.990e-29
 240.489566     -0.670   0.467153    16.3915    -1.7155     -0.664     0.2726    -0.9095 -9.990e-29
 240.489572     -0.669   0.466358    16.3932    -1.7156     -0.663     0.2721    -0.9102 -9.990e-29
 240.489578     -0.668   0.465580    16.3945    -1.7155     -0.662     0.2717    -0.9108 -9.990e-29
 240.489583     -0.666   0.464890    16.3954    -1.7154     -0.660     0.2713    -0.9113 -9.990e-29
 240.489589     -0.664   0.464474    16.3969    -1.7156     -0.658     0.2710    -0.9117 -9.990e-29
 240.489595     -0.662   0.464334    16.3988    -1.7156     -0.656     0.2709    -0.9121 -9.990e-29
 240.489601     -0.659   0.464282    16.4003    -1.7155     -0.654     0.2709    -0.9124 -9.990e-29
 240.489606     -0.654   0.464248    16.4016    -1.7154     -0.649     0.2708    -0.9126 -9.990e-29
 240.489612     -0.649   0.464187    16.4027    -1.7154     -0.644     0.2708    -0.9128 -9.990e-29
 240.489618     -0.642   0.464018    16.4031    -1.7153     -0.637     0.2707    -0.9130 -9.990e-29
 240.489624     -0.634   0.463516    16.4032    -1.7150     -0.629     0.2704    -0.9132 -9.990e-29
 240.489630     -0.622   0.462564    16.4038    -1.7149     -0.617     0.2698    -0.9138 -9.990e-29
 240.489635     -0.612   0.461553    16.4038    -1.7148     -0.607     0.2692    -0.9142 -9.990e-29
 240.489641     -0.607   0.460799    16.4026    -1.7148     -0.602     0.2688    -0.9144 -9.990e-29
 240.489647     -0.605   0.460404    16.4022    -1.7146     -0.600     0.2685    -0.9145 -9.990e-29
 240.489653     -0.608   0.460393    16.4039    -1.7146     -0.603     0.2685    -0.9148 -9.990e-29
 240.489659     -0.612   0.460197    16.4067    -1.7145     -0.607     0.2684    -0.9154 -9.990e-29
 240.489664     -0.611   0.459556    16.4101    -1.7145     -0.606     0.2680    -0.9163 -9.990e-29
 240.489670     -0.607   0.458721    16.4151    -1.7144     -0.602     0.2674    -0.9175 -9.990e-29
 240.489676     -0.603   0.457685    16.4213    -1.7144     -0.598     0.2668    -0.9191 -9.990e-29
 240.489682     -0.602   0.456728    16.4268    -1.7143     -0.597     0.2662    -0.9204 -9.990e-29
 240.489688     -0.602   0.456235    16.4308    -1.7145     -0.597     0.2658    -0.9214 -9.990e-29
 240.489693     -0.597   0.456105    16.4337    -1.7145     -0.592     0.2658    -0.9219 -9.990e-29
 240.489699     -0.591   0.456162    16.4362    -1.7145     -0.586     0.2658    -0.9223 -9.990e-29
 240.489705     -0.589   0.456484    16.4385    -1.7144     -0.584     0.2659    -0.9226 -9.990e-29
 240.489711     -0.590   0.456946    16.4408    -1.7143     -0.585     0.2662    -0.9228 -9.990e-29
 240.489716     -0.595   0.457056    16.4433    -1.7142     -0.590     0.2663    -0.9231 -9.990e-29
 240.489722     -0.599   0.456407    16.4457    -1.7142     -0.594     0.2659    -0.9239 -9.990e-29
 240.489728     -0.598   0.455241    16.4471    -1.7145     -0.593     0.2652    -0.9246 -9.990e-29
 240.489734     -0.596   0.454217    16.4470    -1.7146     -0.591     0.2645    -0.9251 -9.990e-29
 240.489740     -0.598   0.453631    16.4461    -1.7145     -0.593     0.2642    -0.9252 -9.990e-29
 240.489745     -0.600   0.453257    16.4458    -1.7145     -0.595     0.2640    -0.9253 -9.990e-29
 240.489751     -0.601   0.452594    16.4461    -1.7146     -0.596     0.2636    -0.9257 -9.990e-29
 240.489757     -0.607   0.451865    16.4473    -1.7149     -0.602     0.2631    -0.9262 -9.990e-29
 240.489763     -0.612   0.451761    16.4497    -1.7150     -0.607     0.2631    -0.9267 -9.990e-29
 240.489769     -0.614   0.452144    16.4516    -1.7150     -0.609     0.2633    -0.9268 -9.990e-29
 240.489774     -0.612   0.452416    16.4507    -1.7150     -0.607     0.2634    -0.9266 -9.990e-29
 240.489780     -0.606   0.452386    16.4472    -1.7151     -0.601     0.2634    -0.9260 -9.990e-29
 240.489786     -0.596   0.452012    16.4445    -1.7150     -0.591     0.2632    -0.9257 -9.990e-29
 240.489792     -0.580   0.451351    16.4436    -1.7149     -0.575     0.2628    -0.9258 -9.990e-29
 240.489797     -0.564   0.450628    16.4419    -1.7148     -0.559     0.2624    -0.9259 -9.990e-29
 240.489803     -0.548   0.449988    16.4375    -1.7148     -0.543     0.2621    -0.9254 -9.990e-29
 240.489809     -0.534   0.449682    16.4320    -1.7147     -0.530     0.2619    -0.9246 -9.990e-29
 240.489815     -0.519   0.449858    16.4284    -1.7146     -0.515     0.2621    -0.9239 -9.990e-29
 240.489821     -0.503   0.450194    16.4272    -1.7144     -0.499     0.2623    -0.9235 -9.990e-29
 240.489826     -0.489   0.450032    16.4267    -1.7143     -0.485     0.2622    -0.9235 -9.990e-29
 240.489832     -0.481   0.449157    16.4266    -1.7142     -0.477     0.2616    -0.9239 -9.990e-29
 240.489838     -0.477   0.448063    16.4279    -1.7141     -0.473     0.2610    -0.9246 -9.990e-29
 240.489844     -0.474   0.447504    16.4309    -1.7143     -0.470     0.2606    -0.9254 -9.990e-29
 240.489850     -0.467   0.447845    16.4341    -1.7146     -0.463     0.2608    -0.9258 -9.990e-29
 240.489855     -0.460   0.448432    16.4370    -1.7145     -0.456     0.2611    -0.9260 -9.990e-29
 240.489861     -0.456   0.448385    16.4404    -1.7146     -0.452     0.2611    -0.9266 -9.990e-29
 240.489867     -0.456   0.447641    16.4444    -1.7146     -0.452     0.2606    -0.9277 -9.990e-29
 240.489873     -0.459   0.446872    16.4485    -1.7145     -0.455     0.2601    -0.9287 -9.990e-29
 240.489878     -0.465   0.446711    16.4521    -1.7146     -0.461     0.2600    -0.9294 -9.990e-29
 240.489884     -0.471   0.446943    16.4550    -1.7145     -0.467     0.2601    -0.9298 -9.990e-29
 240.489890     -0.473   0.446769    16.4553    -1.7144     -0.469     0.2600    -0.9300 -9.990e-29
 240.489896     -0.471   0.445959    16.4522    -1.7142     -0.467     0.2596    -0.9298 -9.990e-29
 240.489902     -0.465   0.445094    16.4483    -1.7143     -0.461     0.2591    -0.9295 -9.990e-29
 240.489907     -0.458   0.444680    16.4460    -1.7144     -0.454     0.2589    -0.9293 -9.990e-29
 240.489913     -0.454   0.444721    16.4448    -1.7144     -0.450     0.2589    -0.9291 -9.990e-29
 240.489919     -0.454   0.444717    16.4440    -1.7144     -0.450     0.2589    -0.9289 -9.990e-29
 240.489925     -0.458   0.444109    16.4439    -1.7144     -0.454     0.2585    -0.9292 -9.990e-29
 240.489931     -0.460   0.443192    16.4450    -1.7144     -0.456     0.2580    -0.9298 -9.990e-29
 240.489936     -0.458   0.442406    16.4476    -1.7145     -0.454     0.2575    -0.9306 -9.990e-29
 240.489942     -0.454   0.441809    16.4509    -1.7144     -0.450     0.2571    -0.9315 -9.990e-29
 240.489948     -0.454   0.441713    16.4535    -1.7143     -0.450     0.2570    -0.9320 -9.990e-29
 240.489954     -0.453   0.441991    16.4538    -1.7142     -0.449     0.2572    -0.9319 -9.990e-29
 240.489959     -0.447   0.441903    16.4524    -1.7141     -0.443     0.2572    -0.9317 -9.990e-29
 240.489965     -0.439   0.441334    16.4515    -1.7141     -0.435     0.2568    -0.9318 -9.990e-29
 240.489971     -0.433   0.440632    16.4512    -1.7139     -0.429     0.2564    -0.9321 -9.990e-29
 240.489977     -0.429   0.439967    16.4509    -1.7138     -0.425     0.2560    -0.9323 -9.990e-29
 240.489983     -0.427   0.439560    16.4505    -1.7138     -0.423     0.2558    -0.9324 -9.990e-29
 240.489988     -0.426   0.439423    16.4506    -1.7139     -0.422     0.2557    -0.9325 -9.990e-29
 240.489994     -0.427   0.439373    16.4524    -1.7139     -0.423     0.2556    -0.9329 -9.990e-29
 240.490000     -0.430   0.439343    16.4557    -1.7140     -0.426     0.2556    -0.9334 -9.990e-29
 240.490006     -0.434   0.439292    16.4595    -1.7139     -0.430     0.2556    -0.9341 -9.990e-29
 240.490012     -0.440   0.439154    16.4628    -1.7140     -0.436     0.2555    -0.9348 -9.990e-29
 240.490017     -0.448   0.438744    16.4654    -1.7141     -0.444     0.2552    -0.9354 -9.990e-29
 240.490023     -0.459   0.438067    16.4684    -1.7142     -0.455     0.2548    -0.9362 -9.990e-29
 240.490029     -0.465   0.437329    16.4716    -1.7145     -0.461     0.2543    -0.9371 -9.990e-29
 240.490035     -0.458   0.436652    16.4731    -1.7145     -0.454     0.2539    -0.9377 -9.990e-29
 240.490041     -0.446   0.436241    16.4729    -1.7146     -0.442     0.2537    -0.9378 -9.990e-29
