data/oxygen options/ONMS/Olympic_Coast_National_Marine_Sanctuary_CTD_Data_2005_2023/raw_data/2013/CAST_CA015_131011faed.cnv
* Sea-Bird SBE19 Data File:
* FileName = C:\2013 Mooring Data\Recovery\Casts\CAST_CA015_131011.hex
* Software Version 1.59
* Temperature SN = 2997
* Conductivity SN = 2997
* System UpLoad Time = Oct 11 2013 13:58:05
** CAST_CA015_131011
* ds
# nquan = 9                                 
# nvalues = 728                         
# units = specified
# name 0 = timeJ: Julian Days
# name 1 = prSM: Pressure, Strain Gauge [db]
# name 2 = c0mS/cm: Conductivity [mS/cm]
# name 3 = t090C: Temperature [ITS-90, deg C]
# name 4 = sbeox0ML/L: Oxygen, SBE 43 [ml/l]
# name 5 = depSM: Depth [salt water, m], lat = 47.5
# name 6 = sal00: Salinity, Practical [PSU]
# name 7 = sigma-é00: Density [sigma-theta, kg/m^3]
# name 8 = flag: flag
# span 0 = 284.473310, 284.477517       
# span 1 =     -5.220,     13.104       
# span 2 =   0.299295,  37.581426       
# span 3 =    11.7430,    13.7157       
# span 4 =    -1.8628,     9.7605       
# span 5 =     -5.177,     12.994       
# span 6 =     0.1929,    31.6027       
# span 7 =    -0.3343,    23.7328       
# span 8 = 0.0000e+00, 0.0000e+00       
# interval = seconds: 0.5
# start_time = Oct 11 2013 11:21:34 [Instrument's time stamp, header]
# bad_flag = -9.990e-29
*END*
[from data line 321]
 284.475168     -0.661   0.463126    11.9540    -1.8602     -0.655     0.3014    -0.2595 -9.990e-29
 284.475174     -0.657   0.462570    11.9356    -1.8605     -0.652     0.3012    -0.2576 -9.990e-29
 284.475179     -0.652   0.461552    11.9164    -1.8608     -0.647     0.3006    -0.2558 -9.990e-29
 284.475185     -0.646   0.460375    11.8986    -1.8613     -0.641     0.3000    -0.2543 -9.990e-29
 284.475191     -0.638   0.459684    11.8832    -1.8615     -0.633     0.2996    -0.2528 -9.990e-29
 284.475197     -0.628   0.459665    11.8685    -1.8616     -0.623     0.2997    -0.2511 -9.990e-29
 284.475203     -0.620   0.459739    11.8532    -1.8619     -0.615     0.2999    -0.2492 -9.990e-29
 284.475208     -0.617   0.459451    11.8377    -1.8619     -0.612     0.2998    -0.2475 -9.990e-29
 284.475214     -0.614   0.458971    11.8231    -1.8622     -0.609     0.2996    -0.2461 -9.990e-29
 284.475220     -0.608   0.458767    11.8106    -1.8621     -0.603     0.2996    -0.2447 -9.990e-29
 284.475226     -0.601   0.459122    11.8003    -1.8619     -0.596     0.2999    -0.2433 -9.990e-29
 284.475231     -0.599   0.459956    11.7910    -1.8618     -0.594     0.3005    -0.2417 -9.990e-29
 284.475237     -0.596   0.460717    11.7823    -1.8621     -0.591     0.3011    -0.2403 -9.990e-29
 284.475243     -0.593   0.460760    11.7752    -1.8628     -0.588     0.3012    -0.2394 -9.990e-29
 284.475249     -0.594   0.460142    11.7695    -1.8628     -0.589     0.3008    -0.2391 -9.990e-29
 284.475255     -0.593   0.459146    11.7645    -1.8628     -0.588     0.3002    -0.2390 -9.990e-29
 284.475260     -0.588   0.458105    11.7607    -1.8625     -0.583     0.2995    -0.2391 -9.990e-29
 284.475266     -0.577   0.457847    11.7582    -1.8618     -0.572     0.2994    -0.2390 -9.990e-29
 284.475272     -0.564   0.458582    11.7581    -1.8611     -0.559     0.2999    -0.2386 -9.990e-29
 284.475278     -0.553   0.459629    11.7597    -1.8608     -0.548     0.3006    -0.2382 -9.990e-29
 284.475284     -0.539   0.460168    11.7594    -1.8607     -0.535     0.3009    -0.2379 -9.990e-29
 284.475289     -0.520   0.459810    11.7541    -1.8606     -0.516     0.3007    -0.2374 -9.990e-29
 284.475295     -0.504   0.459186    11.7466    -1.8603     -0.500     0.3004    -0.2369 -9.990e-29
 284.475301     -0.495   0.459125    11.7430    -1.8592     -0.491     0.3003    -0.2365 -9.990e-29
 284.475307     -0.487   0.459547    11.7457    -1.8592     -0.483     0.3006    -0.2366 -9.990e-29
 284.475312     -0.476   0.459905    11.7541    -1.8597     -0.472     0.3008    -0.2374 -9.990e-29
 284.475318     -0.466   0.460124    11.7667    -1.8600     -0.462     0.3008    -0.2388 -9.990e-29
 284.475324     -0.459   0.460494    11.7797    -1.8597     -0.455     0.3010    -0.2401 -9.990e-29
 284.475330     -0.457   0.460955    11.7891    -1.8595     -0.453     0.3012    -0.2410 -9.990e-29
 284.475336     -0.457   0.461016    11.7953    -1.8591     -0.453     0.3012    -0.2417 -9.990e-29
 284.475341     -0.461   0.460756    11.8018    -1.8587     -0.457     0.3010    -0.2426 -9.990e-29
 284.475347     -0.465   0.460939    11.8120    -1.8581     -0.461     0.3010    -0.2437 -9.990e-29
 284.475353     -0.463   0.461808    11.8227    -1.8576     -0.459     0.3015    -0.2445 -9.990e-29
 284.475359     -0.462   0.462859    11.8261    -1.8575     -0.458     0.3022    -0.2444 -9.990e-29
 284.475365     -0.464   0.463832    11.8228    -1.8576     -0.460     0.3029    -0.2435 -9.990e-29
 284.475370     -0.466   0.464917    11.8208    -1.8576     -0.462     0.3037    -0.2426 -9.990e-29
 284.475376     -0.463   0.465899    11.8238    -1.8579     -0.459     0.3043    -0.2425 -9.990e-29
 284.475382     -0.459   0.466428    11.8301    -1.8582     -0.455     0.3046    -0.2430 -9.990e-29
 284.475388     -0.459   0.466655    11.8386    -1.8580     -0.455     0.3047    -0.2438 -9.990e-29
 284.475394     -0.463   0.466881    11.8494    -1.8565     -0.459     0.3048    -0.2450 -9.990e-29
 284.475399     -0.466   0.467410    11.8614    -1.8519     -0.462     0.3050    -0.2462 -9.990e-29
 284.475405     -0.464   0.468392    11.8706    -1.8530     -0.460     0.3056    -0.2467 -9.990e-29
 284.475411     -0.462   0.469473    11.8748    -1.8537     -0.458     0.3063    -0.2467 -9.990e-29
 284.475417     -0.460   0.470436    11.8753    -1.8543     -0.456     0.3069    -0.2462 -9.990e-29
 284.475422     -0.452   0.471641    11.8733    -1.8539     -0.448     0.3078    -0.2454 -9.990e-29
 284.475428     -0.444   0.473585    11.8694    -1.8531     -0.440     0.3091    -0.2439 -9.990e-29
 284.475434     -0.438   0.477384    11.8660    -1.8531     -0.434     0.3117    -0.2415 -9.990e-29
 284.475440     -0.434   0.486995    11.8641    -1.8539     -0.430     0.3182    -0.2362 -9.990e-29
 284.475446     -0.433   0.515419    11.8616    -1.8546     -0.429     0.3374    -0.2208 -9.990e-29
 284.475451     -0.433   0.601108    11.8570    -1.8550     -0.429     0.3957    -0.1748 -9.990e-29
 284.475457     -0.431   0.788521    11.8502    -1.8552     -0.427     0.5247    -0.0732 -9.990e-29
 284.475463     -0.421   1.000126    11.8414    -1.8551     -0.417     0.6724     0.0431 -9.990e-29
 284.475469     -0.409   1.102536    11.8324    -1.5690     -0.406     0.7447     0.1005 -9.990e-29
 284.475475     -0.398   1.120943    11.8261    -1.4987     -0.395     0.7579     0.1115 -9.990e-29
 284.475480     -0.385   1.142511    11.8228    -1.4881     -0.382     0.7732     0.1238 -9.990e-29
 284.475486     -0.372   1.188792    11.8193    -1.4840     -0.369     0.8061     0.1498 -9.990e-29
 284.475492     -0.357   1.240587    11.8128    -1.4839     -0.354     0.8430     0.1794 -9.990e-29
 284.475498     -0.339   1.281060    11.8064    -1.4846     -0.336     0.8720     0.2027 -9.990e-29
 284.475503     -0.317   1.358079    11.8101    -1.4844     -0.314     0.9269     0.2451 -9.990e-29
 284.475509     -0.289   1.612577    11.8415    -1.4849     -0.287     1.1091     0.3835 -9.990e-29
 284.475515     -0.254   2.403279    11.9452    -1.4852     -0.252     1.6839     0.8188 -9.990e-29
 284.475521     -0.210   4.797201    12.2546    -1.4851     -0.208     3.4775     2.1730 -9.990e-29
 284.475527     -0.153  12.005080    12.7831    -1.4854     -0.152     9.1780     6.5038 -9.990e-29
 284.475532     -0.081  23.403909    13.2595    -1.4857     -0.080    18.7298    13.7829 -9.990e-29
 284.475538      0.008  31.985736    13.5135    -1.4876      0.008    26.2327    19.5167 -9.990e-29
 284.475544      0.110  35.486587    13.6149    -1.4858      0.109    29.3523    21.9035 -9.990e-29
 284.475550      0.223  36.721519    13.6493    -1.4859      0.221    30.4613    22.7527 -9.990e-29
 284.475556      0.337  37.145517    13.6579    -1.4848      0.334    30.8455    23.0476 -9.990e-29
 284.475561      0.439  37.270137    13.6585    -1.4853      0.435    30.9600    23.1360 -9.990e-29
 284.475567      0.522  37.301897    13.6590    -1.4849      0.518    30.9889    23.1582 -9.990e-29
 284.475573      0.586  37.296043    13.6610    -1.4854      0.581    30.9819    23.1524 -9.990e-29
 284.475579      0.640  37.275041    13.6648    -1.4847      0.635    30.9594    23.1342 -9.990e-29
 284.475584      0.688  37.251806    13.6700    -1.4843      0.682    30.9337    23.1134 -9.990e-29
 284.475590      0.723  37.214426    13.6756    -1.4848      0.717    30.8947    23.0821 -9.990e-29
 284.475596      0.745  37.151738    13.6810    -1.4846      0.739    30.8325    23.0330 -9.990e-29
 284.475602      0.758  37.104005    13.6847    -1.4849      0.752    30.7855    22.9960 -9.990e-29
 284.475608      0.773  37.113502    13.6853    -1.4856      0.767    30.7937    23.0022 -9.990e-29
 284.475613      0.794  37.154243    13.6849    -1.4848      0.787    30.8316    23.0316 -9.990e-29
 284.475619      0.818  37.194275    13.6863    -1.4843      0.811    30.8674    23.0589 -9.990e-29
 284.475625      0.838  37.218625    13.6885    -1.4843      0.831    30.8881    23.0745 -9.990e-29
 284.475631      0.851  37.225031    13.6894    -1.4842      0.844    30.8933    23.0783 -9.990e-29
 284.475637      0.863  37.230454    13.6884    -1.4844      0.856    30.8991    23.0830 -9.990e-29
 284.475642      0.883  37.250545    13.6864    -1.4841      0.876    30.9193    23.0989 -9.990e-29
 284.475648      0.912  37.270079    13.6852    -1.4838      0.904    30.9382    23.1138 -9.990e-29
 284.475654      0.943  37.271408    13.6847    -1.4843      0.935    30.9399    23.1152 -9.990e-29
 284.475660      0.969  37.263044    13.6848    -1.4843      0.961    30.9320    23.1091 -9.990e-29
 284.475666      0.989  37.246175    13.6855    -1.4839      0.981    30.9159    23.0965 -9.990e-29
 284.475671      1.007  37.238105    13.6866    -1.4840      0.999    30.9076    23.0899 -9.990e-29
 284.475677      1.030  37.261707    13.6873    -1.4838      1.021    30.9288    23.1061 -9.990e-29
 284.475683      1.057  37.294673    13.6871    -1.4839      1.048    30.9593    23.1297 -9.990e-29
 284.475689      1.088  37.313730    13.6867    -1.4843      1.079    30.9773    23.1436 -9.990e-29
 284.475694      1.115  37.322447    13.6871    -1.4840      1.106    30.9850    23.1495 -9.990e-29
 284.475700      1.136  37.329099    13.6885    -1.4837      1.127    30.9900    23.1531 -9.990e-29
 284.475706      1.151  37.339766    13.6896    -1.4840      1.141    30.9989    23.1598 -9.990e-29
 284.475712      1.163  37.344029    13.6899    -1.4840      1.153    31.0026    23.1626 -9.990e-29
 284.475718      1.172  37.337500    13.6894    -1.4840      1.162    30.9970    23.1583 -9.990e-29
 284.475723      1.178  37.338382    13.6881    -1.4842      1.168    30.9988    23.1600 -9.990e-29
 284.475729      1.182  37.349549    13.6867    -1.4840      1.172    31.0103    23.1692 -9.990e-29
 284.475735      1.184  37.359566    13.6858    -1.4839      1.174    31.0203    23.1770 -9.990e-29
 284.475741      1.184  37.364992    13.6851    -1.4839      1.174    31.0258    23.1815 -9.990e-29
 284.475747      1.182  37.361307    13.6849    -1.4839      1.172    31.0226    23.1790 -9.990e-29
 284.475752      1.179  37.354820    13.6847    -1.4840      1.169    31.0168    23.1746 -9.990e-29
 284.475758      1.177  37.359869    13.6846    -1.4840      1.167    31.0215    23.1782 -9.990e-29
 284.475764      1.182  37.368631    13.6855    -1.4840      1.172    31.0289    23.1837 -9.990e-29
 284.475770      1.189  37.368149    13.6873    -1.4836      1.179    31.0270    23.1819 -9.990e-29
 284.475775      1.195  37.362276    13.6892    -1.4840      1.185    31.0200    23.1762 -9.990e-29
 284.475781      1.200  37.354960    13.6904    -1.4839      1.190    31.0123    23.1700 -9.990e-29
 284.475787      1.203  37.348789    13.6908    -1.4835      1.193    31.0063    23.1652 -9.990e-29
 284.475793      1.206  37.350120    13.6914    -1.4833      1.196    31.0070    23.1657 -9.990e-29
 284.475799      1.209  37.355697    13.6928    -1.4833      1.199    31.0110    23.1685 -9.990e-29
 284.475804      1.212  37.357280    13.6951    -1.4836      1.202    31.0106    23.1677 -9.990e-29
 284.475810      1.214  37.353070    13.6971    -1.4836      1.204    31.0051    23.1631 -9.990e-29
 284.475816      1.216  37.346435    13.6977    -1.4835      1.206    30.9985    23.1579 -9.990e-29
 284.475822      1.219  37.343671    13.6975    -1.4832      1.209    30.9961    23.1560 -9.990e-29
 284.475828      1.222  37.348952    13.6970    -1.4831      1.212    31.0014    23.1602 -9.990e-29
 284.475833      1.225  37.355323    13.6967     7.4218      1.215    31.0075    23.1650 -9.990e-29
 284.475839      1.229  37.356725    13.6967     9.4964      1.219    31.0088    23.1660 -9.990e-29
 284.475845      1.235  37.365125    13.6969     9.7605      1.225    31.0164    23.1718 -9.990e-29
 284.475851      1.241  37.385015    13.6975     8.4594      1.231    31.0343    23.1855 -9.990e-29
 284.475856      1.250  37.401460    13.6979     5.5364      1.240    31.0491    23.1969 -9.990e-29
 284.475862      1.260  37.403903    13.6981     5.4820      1.249    31.0512    23.1985 -9.990e-29
 284.475868      1.270  37.397855    13.6983     5.5011      1.259    31.0455    23.1940 -9.990e-29
 284.475874      1.270  37.397121    13.6988     5.4817      1.259    31.0444    23.1931 -9.990e-29
 284.475880      1.261  37.406899    13.6993     5.4587      1.250    31.0530    23.1996 -9.990e-29
 284.475885      1.251  37.421187    13.6994     5.4324      1.241    31.0661    23.2097 -9.990e-29
 284.475891      1.243  37.433835    13.6990     5.4089      1.233    31.0781    23.2191 -9.990e-29
 284.475897      1.238  37.443230    13.6986     5.3935      1.228    31.0871    23.2261 -9.990e-29
 284.475903      1.234  37.447902    13.6985     5.3852      1.224    31.0915    23.2295 -9.990e-29
 284.475909      1.231  37.448490    13.6989     5.3818      1.221    31.0917    23.2296 -9.990e-29
 284.475914      1.229  37.449156    13.6995     5.3880      1.219    31.0919    23.2296 -9.990e-29
 284.475920      1.228  37.450240    13.6998     5.3846      1.218    31.0926    23.2301 -9.990e-29
 284.475926      1.228  37.449839    13.7000     5.3639      1.218    31.0921    23.2297 -9.990e-29
 284.475932      1.229  37.449675    13.6999     5.3418      1.219    31.0920    23.2296 -9.990e-29
 284.475937      1.231  37.450664    13.6996     5.3303      1.221    31.0932    23.2306 -9.990e-29
 284.475943      1.234  37.450776    13.6994     5.3321      1.224    31.0934    23.2308 -9.990e-29
 284.475949      1.239  37.450734    13.6995     5.3456      1.229    31.0933    23.2307 -9.990e-29
 284.475955      1.245  37.451617    13.6988     5.3578      1.235    31.0947    23.2319 -9.990e-29
 284.475961      1.253  37.452374    13.6974     5.3818      1.243    31.0965    23.2336 -9.990e-29
 284.475966      1.263  37.452907    13.6969     5.3896      1.252    31.0974    23.2344 -9.990e-29
 284.475972      1.277  37.452821    13.6982     5.3927      1.266    31.0963    23.2333 -9.990e-29
 284.475978      1.291  37.452012    13.7001     5.3937      1.280    31.0940    23.2311 -9.990e-29
 284.475984      1.297  37.451659    13.7012     5.4076      1.286    31.0928    23.2299 -9.990e-29
 284.475990      1.295  37.451865    13.7012     5.3986      1.284    31.0930    23.2301 -9.990e-29
 284.475995      1.294  37.452357    13.7008     5.3993      1.283    31.0937    23.2308 -9.990e-29
 284.476001      1.299  37.453245    13.7003     5.3841      1.288    31.0950    23.2318 -9.990e-29
 284.476007      1.304  37.454045    13.7000     5.3662      1.293    31.0959    23.2326 -9.990e-29
 284.476013      1.307  37.454158    13.6997     5.3671      1.296    31.0963    23.2330 -9.990e-29
 284.476019      1.307  37.453186    13.6995     5.3673      1.296    31.0956    23.2324 -9.990e-29
 284.476024      1.304  37.452088    13.6992     5.3722      1.293    31.0948    23.2319 -9.990e-29
 284.476030      1.303  37.452778    13.6982     5.3653      1.292    31.0962    23.2332 -9.990e-29
 284.476036      1.308  37.454506    13.6968     5.3531      1.297    31.0990    23.2356 -9.990e-29
 284.476042      1.319  37.455108    13.6956     5.3571      1.308    31.1005    23.2370 -9.990e-29
 284.476047      1.332  37.454280    13.6956     5.3595      1.321    31.0997    23.2364 -9.990e-29
 284.476053      1.340  37.453174    13.6967     5.3647      1.329    31.0978    23.2347 -9.990e-29
 284.476059      1.339  37.453129    13.6977     5.3624      1.328    31.0970    23.2339 -9.990e-29
 284.476065      1.333  37.453538    13.6976     5.3649      1.322    31.0974    23.2343 -9.990e-29
 284.476071      1.330  37.453839    13.6969     5.3710      1.319    31.0983    23.2350 -9.990e-29
 284.476076      1.335  37.455008    13.6960     5.3671      1.324    31.1001    23.2366 -9.990e-29
 284.476082      1.348  37.458058    13.6949     5.3619      1.337    31.1038    23.2397 -9.990e-29
