data/oxygen options/ONMS/Olympic_Coast_National_Marine_Sanctuary_CTD_Data_2005_2023/raw_data/2013/CAST_KL050_130828faedb.cnv
* Sea-Bird SBE19 Data File:
* FileName = C:\2013 Mooring Data\2nd Service\Casts\CAST_KL050_130828.hex
* Software Version 1.59
* Temperature SN = 2997
* Conductivity SN = 2997
* System UpLoad Time = Aug 28 2013 16:22:10
** CAST_KL050_130828
* ds
# nquan = 9
# nvalues = 50                          
# units = specified
# name 0 = timeJ: Julian Days
# name 1 = prSM: Pressure, Strain Gauge [db]
# name 2 = c0mS/cm: Conductivity [mS/cm]
# name 3 = t090C: Temperature [ITS-90, deg C]
# name 4 = sbeox0ML/L: Oxygen, SBE 43 [ml/l]
# name 5 = depSM: Depth [salt water, m], lat = 47.5
# name 6 = sal00: Salinity, Practical [PSU]
# name 7 = sigma-é00: Density [sigma-theta, kg/m^3]
# name 8 = flag: flag
# span 0 = 240.678638, 240.679341       
# span 1 =      2.000,     51.000       
# span 2 =  34.477466,  39.437312       
# span 3 =     7.4949,    14.8905       
# span 4 =     1.7509,     6.5656       
# span 5 =      1.983,     50.568       
# span 6 =    31.9353,    33.6033       
# span 7 =    23.6339,    26.2504       
# span 8 = 0.0000e+00, 0.0000e+00       
# interval = decibars: 1                
# start_time = Aug 28 2013 16:11:34 [Instrument's time stamp, header]
# bad_flag = -9.990e-29
*END*
 240.678638      2.000  39.437312    14.8905     6.5512      1.983    31.9353    23.6339 0.0000e+00
 240.678661      3.000  39.404706    14.8300     6.5656      2.975    31.9551    23.6620 0.0000e+00
 240.678678      4.000  39.309250    14.6976     6.5407      3.966    31.9770    23.7070 0.0000e+00
 240.678693      5.000  39.170153    14.5059     6.4560      4.958    32.0082    23.7715 0.0000e+00
 240.678707      6.000  38.924730    14.1565     6.3735      5.950    32.0730    23.8941 0.0000e+00
 240.678719      7.000  38.716931    13.8977     6.2878      6.941    32.0970    23.9658 0.0000e+00
 240.678731      8.000  38.583153    13.7319     6.2485      7.933    32.1116    24.0108 0.0000e+00
 240.678742      9.000  38.526298    13.6280     6.2262      8.925    32.1456    24.0582 0.0000e+00
 240.678754     10.000  38.484418    13.5386     6.1868      9.916    32.1815    24.1038 0.0000e+00
 240.678766     11.000  38.436661    13.4106     6.0736     10.908    32.2446    24.1783 0.0000e+00
 240.678777     12.000  38.360333    13.2252     5.7668     11.900    32.3300    24.2812 0.0000e+00
 240.678789     13.000  38.280188    13.0425     5.3803     12.891    32.4100    24.3791 0.0000e+00
 240.678800     14.000  38.199261    12.7605     4.9832     13.883    32.5753    24.5621 0.0000e+00
 240.678812     15.000  37.997370    12.2436     4.6120     14.875    32.8318    24.8599 0.0000e+00
 240.678823     16.000  37.591881    11.5512     4.1967     15.866    33.0503    25.1587 0.0000e+00
 240.678837     17.000  37.218817    10.9882     3.8220     16.857    33.1885    25.3673 0.0000e+00
 240.678849     18.000  36.758642    10.3902     3.4563     17.849    33.2719    25.5366 0.0000e+00
 240.678862     19.000  36.381380     9.9592     3.2240     18.841    33.2856    25.6205 0.0000e+00
 240.678875     20.000  36.066282     9.5228     3.1476     19.832    33.3670    25.7562 0.0000e+00
 240.678889     21.000  35.799388     9.2467     2.9173     20.824    33.3486    25.7863 0.0000e+00
 240.678902     22.000  35.657415     9.0833     2.6558     21.815    33.3537    25.8163 0.0000e+00
 240.678916     23.000  35.555209     8.9244     2.4848     22.807    33.3959    25.8744 0.0000e+00
 240.678929     24.000  35.388948     8.6752     2.3090     23.798    33.4564    25.9604 0.0000e+00
 240.678942     25.000  35.215415     8.4691     2.1528     24.790    33.4684    26.0014 0.0000e+00
 240.678955     26.000  35.089521     8.2915     2.0586     25.781    33.5037    26.0558 0.0000e+00
 240.678968     27.000  34.926514     8.0300     2.0399     26.773    33.5798    26.1545 0.0000e+00
 240.678981     28.000  34.742075     7.8441     2.0224     27.764    33.5605    26.1666 0.0000e+00
 240.678993     29.000  34.666389     7.7343     2.0092     28.756    33.5844    26.2012 0.0000e+00
 240.679006     30.000  34.589873     7.6436     1.9868     29.747    33.5891    26.2179 0.0000e+00
 240.679018     31.000  34.541036     7.5927     1.9653     30.739    33.5851    26.2221 0.0000e+00
 240.679030     32.000  34.523124     7.5757     1.9523     31.730    33.5817    26.2218 0.0000e+00
 240.679042     33.000  34.517128     7.5698     1.9696     32.722    33.5804    26.2217 0.0000e+00
 240.679055     34.000  34.514638     7.5668     1.9468     33.713    33.5801    26.2219 0.0000e+00
 240.679068     35.000  34.515885     7.5653     1.9014     34.705    33.5825    26.2240 0.0000e+00
 240.679082     36.000  34.514248     7.5626     1.8769     35.697    33.5828    26.2246 0.0000e+00
 240.679094     37.000  34.510946     7.5572     1.8861     36.688    33.5840    26.2264 0.0000e+00
 240.679108     38.000  34.508964     7.5497     1.8527     37.679    33.5886    26.2310 0.0000e+00
 240.679122     39.000  34.506387     7.5457     1.8373     38.671    33.5892    26.2321 0.0000e+00
 240.679136     40.000  34.504059     7.5412     1.8159     39.663    33.5906    26.2338 0.0000e+00
 240.679149     41.000  34.499113     7.5347     1.8202     40.654    33.5910    26.2351 0.0000e+00
 240.679162     42.000  34.496906     7.5300     1.7958     41.645    33.5928    26.2372 0.0000e+00
 240.679176     43.000  34.492683     7.5204     1.7762     42.637    33.5970    26.2418 0.0000e+00
 240.679190     44.000  34.487115     7.5101     1.7778     43.628    33.6005    26.2461 0.0000e+00
 240.679204     45.000  34.479848     7.4992     1.7583     44.620    33.6027    26.2494 0.0000e+00
 240.679218     46.000  34.477504     7.4962     1.7597     45.611    33.6025    26.2497 0.0000e+00
 240.679232     47.000  34.477466     7.4950     1.7584     46.602    33.6032    26.2504 0.0000e+00
 240.679248     48.000  34.477787     7.4949     1.7537     47.594    33.6031    26.2504 0.0000e+00
 240.679264     49.000  34.479829     7.4967     1.7542     48.585    33.6031    26.2501 0.0000e+00
 240.679282     50.000  34.480649     7.4992     1.7509     49.577    33.6011    26.2482 0.0000e+00
 240.679341     51.000  34.486532     7.5030     1.7531     50.568    33.6033    26.2494 0.0000e+00
