data/oxygen options/ONMS/Olympic_Coast_National_Marine_Sanctuary_CTD_Data_2005_2023/raw_data/2013/CAST_KL027_130903faedb.cnv
* Sea-Bird SBE19 Data File:
* FileName = C:\2013 Mooring Data\2nd Service\Casts\CAST_KL027_130903.hex
* Software Version 1.59
* Temperature SN = 2997
* Conductivity SN = 2997
* System UpLoad Time = Sep 03 2013 11:45:13
** CAST_KL027_130903
* ds
# nquan = 9
# nvalues = 28                          
# units = specified
# name 0 = timeJ: Julian Days
# name 1 = prSM: Pressure, Strain Gauge [db]
# name 2 = c0mS/cm: Conductivity [mS/cm]
# name 3 = t090C: Temperature [ITS-90, deg C]
# name 4 = sbeox0ML/L: Oxygen, SBE 43 [ml/l]
# name 5 = depSM: Depth [salt water, m], lat = 47.5
# name 6 = sal00: Salinity, Practical [PSU]
# name 7 = sigma-é00: Density [sigma-theta, kg/m^3]
# name 8 = flag: flag
# span 0 = 246.426000, 246.427992       
# span 1 =      1.000,     28.000       
# span 2 =  33.070813,  38.427392       
# span 3 =     9.3505,    16.7367       
# span 4 =    -2.0849,     6.8362       
# span 5 =      0.991,     27.764       
# span 6 =    25.0751,    33.1336       
# span 7 =    17.9716,    25.6017       
# span 8 = 0.0000e+00, 0.0000e+00       
# interval = decibars: 1                
# start_time = Sep 03 2013 10:04:27 [Instrument's time stamp, header]
# bad_flag = -9.990e-29
*END*
 246.426000      1.000  33.070813    16.7367    -2.0849      0.991    25.0751    17.9716 0.0000e+00
 246.427093      2.000  34.798351    16.7342     3.9892      1.983    26.5304    19.0853 0.0000e+00
 246.427614      3.000  35.769218    16.6410     6.8320      2.975    27.4119    19.7803 0.0000e+00
 246.427633      4.000  36.256988    16.4440     6.8362      3.967    27.9635    20.2463 0.0000e+00
 246.427649      5.000  36.397527    16.3062     6.7189      4.958    28.1803    20.4428 0.0000e+00
 246.427664      6.000  36.463656    16.2584     6.6622      5.950    28.2706    20.5225 0.0000e+00
 246.427678      7.000  36.647458    16.2824     6.5558      6.942    28.4113    20.6251 0.0000e+00
 246.427692      8.000  36.938156    16.3117     6.3949      7.933    28.6403    20.7942 0.0000e+00
 246.427705      9.000  37.212811    16.3233     6.2824      8.925    28.8682    20.9664 0.0000e+00
 246.427718     10.000  37.428907    16.2974     6.2985      9.916    29.0731    21.1292 0.0000e+00
 246.427731     11.000  37.510480    16.2256     6.2894     10.908    29.1956    21.2391 0.0000e+00
 246.427744     12.000  37.717275    16.2484     6.2393     11.899    29.3574    21.3581 0.0000e+00
 246.427757     13.000  37.983143    16.2959     6.0932     12.891    29.5519    21.4968 0.0000e+00
 246.427771     14.000  38.087859    16.2333     5.8539     13.883    29.6888    21.6157 0.0000e+00
 246.427785     15.000  38.088310    16.1126     5.6924     14.874    29.7790    21.7115 0.0000e+00
 246.427798     16.000  38.046880    15.7721     5.6031     15.866    29.9989    21.9550 0.0000e+00
 246.427812     17.000  38.074311    15.3508     5.5384     16.857    30.3455    22.3124 0.0000e+00
 246.427825     18.000  38.247908    15.0086     5.4190     17.849    30.7663    22.7092 0.0000e+00
 246.427839     19.000  38.345377    14.7697     4.6754     18.840    31.0421    22.9720 0.0000e+00
 246.427853     20.000  38.427392    14.4298     3.6706     19.832    31.3897    23.3108 0.0000e+00
 246.427867     21.000  38.363053    13.6258     3.3195     20.824    31.9918    23.9398 0.0000e+00
 246.427882     22.000  37.586214    12.2098     3.1150     21.815    32.4634    24.5799 0.0000e+00
 246.427897     23.000  36.813415    11.1598     2.7536     22.807    32.6310    24.9035 0.0000e+00
 246.427912     24.000  36.529214    10.7258     2.4855     23.798    32.7356    25.0612 0.0000e+00
 246.427926     25.000  36.270011    10.1989     2.4475     24.790    32.9505    25.3189 0.0000e+00
 246.427941     26.000  35.939131     9.6827     2.4153     25.782    33.0858    25.5105 0.0000e+00
 246.427956     27.000  35.734310     9.4158     2.3969     26.773    33.1214    25.5816 0.0000e+00
 246.427992     28.000  35.687962     9.3505     2.4352     27.764    33.1336    25.6017 0.0000e+00
