data/oxygen options/ONMS/Olympic_Coast_National_Marine_Sanctuary_CTD_Data_2005_2023/raw_data/2013/CAST_TH015_130831faed.cnv
* Sea-Bird SBE19 Data File:
* FileName = C:\2013 Mooring Data\2nd Service\Casts\CAST_TH15_130831.hex
* Software Version 1.59
* Temperature SN = 2997
* Conductivity SN = 2997
* System UpLoad Time = Aug 31 2013 13:45:08
** CAST_TH15_130831
* ds
# nquan = 9                                 
# nvalues = 811                         
# units = specified
# name 0 = timeJ: Julian Days
# name 1 = prSM: Pressure, Strain Gauge [db]
# name 2 = c0mS/cm: Conductivity [mS/cm]
# name 3 = t090C: Temperature [ITS-90, deg C]
# name 4 = sbeox0ML/L: Oxygen, SBE 43 [ml/l]
# name 5 = depSM: Depth [salt water, m], lat = 47.5
# name 6 = sal00: Salinity, Practical [PSU]
# name 7 = sigma-é00: Density [sigma-theta, kg/m^3]
# name 8 = flag: flag
# span 0 = 243.558958, 243.563646       
# span 1 =     -6.299,     15.062       
# span 2 =   0.278041,  39.395182       
# span 3 =    15.0757,    17.6482       
# span 4 =    -1.7196,    10.5441       
# span 5 =     -6.247,     14.936       
# span 6 =     0.1564,    31.6614       
# span 7 =    -1.2181,    23.3803       
# span 8 = 0.0000e+00, 0.0000e+00       
# interval = seconds: 0.5
# start_time = Aug 31 2013 13:24:54 [Instrument's time stamp, header]
# bad_flag = -9.990e-29
*END*
[from data line 641]
 243.562668      0.891  38.837948    16.0740     7.3901      0.884    30.4661    22.2470 -9.990e-29
 243.562674      0.894  38.843365    16.0922     7.5124      0.887    30.4569    22.2358 -9.990e-29
 243.562679      0.895  38.850410    16.1135     7.6429      0.888    30.4467    22.2233 -9.990e-29
 243.562685      0.892  38.856681    16.1342     7.6265      0.885    30.4364    22.2108 -9.990e-29
 243.562691      0.890  38.857630    16.1509     7.4928      0.883    30.4244    22.1979 -9.990e-29
 243.562697      0.893  38.853933    16.1583     7.4537      0.886    30.4155    22.1894 -9.990e-29
 243.562703      0.898  38.850160    16.1568     7.4956      0.891    30.4134    22.1881 -9.990e-29
 243.562708      0.899  38.849099    16.1529     7.5641      0.891    30.4155    22.1906 -9.990e-29
 243.562714      0.898  38.849866    16.1509     7.5727      0.891    30.4177    22.1927 -9.990e-29
 243.562720      0.898  38.850650    16.1492     7.5491      0.891    30.4196    22.1946 -9.990e-29
 243.562726      0.904  38.850788    16.1457     7.5512      0.896    30.4224    22.1975 -9.990e-29
 243.562731      0.911  38.850993    16.1428     7.6705      0.903    30.4248    22.2000 -9.990e-29
 243.562737      0.916  38.852068    16.1439     7.6338      0.908    30.4249    22.1998 -9.990e-29
 243.562743      0.920  38.853734    16.1499     7.3902      0.912    30.4218    22.1961 -9.990e-29
 243.562749      0.921  38.855380    16.1581     7.2724      0.913    30.4169    22.1906 -9.990e-29
 243.562755      0.922  38.856371    16.1647     7.5812      0.914    30.4128    22.1859 -9.990e-29
 243.562760      0.921  38.856878    16.1691     7.3256      0.913    30.4098    22.1827 -9.990e-29
 243.562766      0.918  38.858108    16.1738     7.6600      0.910    30.4073    22.1797 -9.990e-29
 243.562772      0.919  38.861115    16.1790     7.5877      0.911    30.4060    22.1775 -9.990e-29
 243.562778      0.926  38.864276    16.1825     7.5999      0.918    30.4061    22.1768 -9.990e-29
 243.562784      0.936  38.865055    16.1838     7.9163      0.928    30.4057    22.1762 -9.990e-29
 243.562789      0.946  38.863901    16.1854     7.8176      0.938    30.4035    22.1742 -9.990e-29
 243.562795      0.956  38.863727    16.1908     7.5497      0.948    30.3992    22.1697 -9.990e-29
 243.562801      0.966  38.865390    16.2005     7.4671      0.958    30.3933    22.1630 -9.990e-29
 243.562807      0.978  38.866595    16.2101     7.4180      0.970    30.3870    22.1560 -9.990e-29
 243.562813      0.993  38.866681    16.2171     7.6256      0.985    30.3817    22.1504 -9.990e-29
 243.562818      1.010  38.866854    16.2220     7.3311      1.002    30.3781    22.1466 -9.990e-29
 243.562824      1.032  38.867318    16.2201     6.8322      1.023    30.3800    22.1484 -9.990e-29
 243.562830      1.059  38.868102    16.2119     6.7380      1.050    30.3869    22.1555 -9.990e-29
 243.562836      1.089  38.869100    16.2108     6.7575      1.080    30.3886    22.1571 -9.990e-29
 243.562841      1.120  38.869934    16.2207     6.8517      1.111    30.3818    22.1496 -9.990e-29
 243.562847      1.158  38.871121    16.2288     6.9215      1.148    30.3766    22.1439 -9.990e-29
 243.562853      1.209  38.871974    16.2266     6.8213      1.199    30.3790    22.1462 -9.990e-29
 243.562859      1.277  38.871361    16.2181     6.7471      1.266    30.3849    22.1526 -9.990e-29
 243.562865      1.367  38.870119    16.2075     6.8091      1.356    30.3919    22.1604 -9.990e-29
 243.562870      1.483  38.868244    16.1888     6.6839      1.471    30.4045    22.1742 -9.990e-29
 243.562876      1.633  38.863202    16.1432     6.6071      1.619    30.4349    22.2077 0.0000e+00
 243.562882      1.823  38.849921    16.0484     6.4794      1.808    30.4959    22.2755 0.0000e+00
 243.562888      2.051  38.821306    15.9008     6.4617      2.034    30.5843    22.3760 0.0000e+00
 243.562894      2.312  38.769983    15.7295     6.5560      2.293    30.6717    22.4807 0.0000e+00
 243.562899      2.595  38.698629    15.5787     6.3068      2.573    30.7259    22.5552 0.0000e+00
 243.562905      2.897  38.628579    15.4702     5.9886      2.873    30.7484    22.5961 0.0000e+00
 243.562911      3.221  38.581218    15.3994     5.7856      3.194    30.7616    22.6216 0.0000e+00
 243.562917      3.569  38.560570    15.3556     5.6788      3.539    30.7774    22.6432 0.0000e+00
 243.562922      3.948  38.563146    15.3289     5.7571      3.915    30.8005    22.6667 0.0000e+00
 243.562928      4.359  38.590657    15.3109     5.8707      4.323    30.8389    22.7001 0.0000e+00
 243.562934      4.799  38.640533    15.2967     5.9569      4.759    30.8943    22.7458 0.0000e+00
 243.562940      5.261  38.694640    15.2802     5.9625      5.217    30.9553    22.7962 0.0000e+00
 243.562946      5.745  38.732083    15.2560     5.9524      5.697    31.0076    22.8417 0.0000e+00
 243.562951      6.256  38.745045    15.2257     5.9517      6.204    31.0429    22.8754 0.0000e+00
 243.562957      6.800  38.740132    15.1995     6.3222      6.743    31.0591    22.8934 0.0000e+00
 243.562963      7.379  38.744371    15.1914     6.3384      7.317    31.0690    22.9029 0.0000e+00
 243.562969      7.977  38.793069    15.2063     6.2159      7.910    31.1005    22.9239 0.0000e+00
 243.562975      8.576  38.904615    15.2336     5.9405      8.504    31.1781    22.9778 0.0000e+00
 243.562980      9.169  39.051774    15.2549     5.6501      9.092    31.2923    23.0610 0.0000e+00
 243.562986      9.754  39.179159    15.2585     5.6234      9.672    31.4029    23.1453 0.0000e+00
 243.562992     10.329  39.267212    15.2442     5.5956     10.243    31.4927    23.2176 0.0000e+00
 243.562998     10.889  39.320685    15.2241     5.5914     10.798    31.5565    23.2710 0.0000e+00
 243.563003     11.425  39.352571    15.2052     5.5787     11.329    31.6000    23.3086 0.0000e+00
 243.563009     11.935  39.370046    15.1809     5.5810     11.835    31.6351    23.3408 0.0000e+00
 243.563015     12.419  39.364433    15.1502     5.6403     12.315    31.6547    23.3625 0.0000e+00
 243.563021     12.876  39.342784    15.1193     5.7134     12.768    31.6601    23.3733 0.0000e+00
 243.563027     13.290  39.319340    15.0915     5.7748     13.179    31.6614    23.3803 0.0000e+00
 243.563032     13.654  39.287458    15.0757     5.7863     13.540    31.6454    23.3714 0.0000e+00
 243.563038     13.966  39.251654    15.0809     5.7853     13.849    31.6090    23.3423 0.0000e+00
 243.563044     14.224  39.242036    15.0962     5.7595     14.105    31.5879    23.3228 0.0000e+00
 243.563050     14.436  39.259193    15.1093     5.7752     14.315    31.5926    23.3236 0.0000e+00
 243.563056     14.610  39.275545    15.1200     5.7671     14.488    31.5986    23.3259 0.0000e+00
 243.563061     14.750  39.277006    15.1292     5.8090     14.626    31.5924    23.3192 -9.990e-29
 243.563067     14.860  39.276143    15.1363     5.8247     14.735    31.5859    23.3126 -9.990e-29
 243.563073     14.946  39.284102    15.1403     5.7826     14.821    31.5897    23.3147 -9.990e-29
 243.563079     15.012  39.294658    15.1418     5.7466     14.886    31.5980    23.3208 -9.990e-29
 243.563084     15.051  39.302804    15.1420     5.8762     14.925    31.6051    23.3262 -9.990e-29
 243.563090     15.062  39.309846    15.1419     5.8884     14.936    31.6115    23.3311 -9.990e-29
 243.563096     15.050  39.316179    15.1425     5.7966     14.924    31.6167    23.3350 -9.990e-29
 243.563102     15.022  39.319011    15.1431     5.7382     14.896    31.6187    23.3365 -9.990e-29
 243.563108     14.987  39.320968    15.1434     5.6630     14.861    31.6203    23.3376 -9.990e-29
 243.563113     14.945  39.324070    15.1439     5.6764     14.820    31.6226    23.3393 -9.990e-29
 243.563119     14.889  39.325699    15.1454     5.6990     14.764    31.6229    23.3392 -9.990e-29
 243.563125     14.813  39.326315    15.1497     5.7380     14.689    31.6200    23.3360 -9.990e-29
 243.563131     14.715  39.327829    15.1561     5.8460     14.592    31.6162    23.3317 -9.990e-29
 243.563137     14.601  39.329989    15.1599     6.1549     14.479    31.6152    23.3301 -9.990e-29
 243.563142     14.478  39.331164    15.1583     6.1053     14.357    31.6175    23.3323 -9.990e-29
 243.563148     14.342  39.331211    15.1531     6.3794     14.222    31.6218    23.3367 0.0000e+00
 243.563154     14.185  39.331477    15.1457     6.0323     14.066    31.6281    23.3431 0.0000e+00
 243.563160     14.000  39.332302    15.1363     5.7159     13.883    31.6365    23.3516 0.0000e+00
 243.563166     13.789  39.333280    15.1272     5.6092     13.673    31.6448    23.3599 0.0000e+00
 243.563171     13.560  39.334025    15.1214     5.5539     13.446    31.6503    23.3653 0.0000e+00
 243.563177     13.328  39.335154    15.1216     5.7080     13.216    31.6512    23.3660 0.0000e+00
 243.563183     13.108  39.340975    15.1290     5.7847     12.998    31.6505    23.3639 0.0000e+00
 243.563189     12.908  39.351966    15.1413     5.8121     12.800    31.6505    23.3612 0.0000e+00
 243.563194     12.727  39.362051    15.1541     5.8183     12.620    31.6493    23.3575 0.0000e+00
 243.563200     12.559  39.369553    15.1635     5.8579     12.454    31.6484    23.3549 0.0000e+00
 243.563206     12.394  39.374951    15.1692     5.9518     12.290    31.6487    23.3538 0.0000e+00
 243.563212     12.219  39.377037    15.1747     6.1959     12.117    31.6462    23.3507 0.0000e+00
 243.563218     12.025  39.378037    15.1828     6.2269     11.924    31.6406    23.3447 0.0000e+00
 243.563223     11.808  39.381525    15.1919     6.0528     11.709    31.6365    23.3395 0.0000e+00
 243.563229     11.575  39.387111    15.2000     5.8891     11.478    31.6351    23.3367 0.0000e+00
 243.563235     11.333  39.392718    15.2073     5.7956     11.238    31.6343    23.3345 0.0000e+00
 243.563241     11.087  39.395182    15.2135     5.8736     10.994    31.6316    23.3311 0.0000e+00
 243.563247     10.849  39.392748    15.2195     6.0478     10.758    31.6246    23.3244 0.0000e+00
 243.563252     10.624  39.388897    15.2275     6.4478     10.535    31.6148    23.3151 0.0000e+00
 243.563258     10.410  39.382421    15.2380     6.3825     10.323    31.6006    23.3020 0.0000e+00
 243.563264     10.203  39.368609    15.2512     6.1018     10.118    31.5778    23.2815 0.0000e+00
 243.563270      9.998  39.351458    15.2641     5.8695      9.914    31.5521    23.2590 0.0000e+00
 243.563275      9.786  39.337242    15.2700     5.7739      9.704    31.5348    23.2443 0.0000e+00
 243.563281      9.558  39.327741    15.2698     5.9637      9.478    31.5265    23.2380 0.0000e+00
 243.563287      9.313  39.317012    15.2709     6.1152      9.235    31.5162    23.2298 0.0000e+00
 243.563293      9.056  39.294115    15.2755     6.1152      8.980    31.4921    23.2103 0.0000e+00
 243.563299      8.801  39.254297    15.2813     6.0438      8.727    31.4520    23.1782 0.0000e+00
 243.563304      8.562  39.204423    15.2852     5.9464      8.490    31.4045    23.1408 0.0000e+00
 243.563310      8.336  39.168207    15.2849     5.9419      8.266    31.3725    23.1162 0.0000e+00
 243.563316      8.109  39.158441    15.2808     6.1339      8.041    31.3671    23.1130 0.0000e+00
 243.563322      7.875  39.148096    15.2717     6.3450      7.809    31.3653    23.1135 0.0000e+00
 243.563328      7.637  39.108249    15.2561     6.3695      7.573    31.3423    23.0992 0.0000e+00
 243.563333      7.400  39.036759    15.2353     6.2402      7.338    31.2951    23.0674 0.0000e+00
 243.563339      7.171  38.937482    15.2135     6.0174      7.111    31.2240    23.0173 0.0000e+00
 243.563345      6.948  38.842213    15.1984     5.9114      6.890    31.1510    22.9644 0.0000e+00
 243.563351      6.726  38.804338    15.1921     5.9543      6.670    31.1223    22.9436 0.0000e+00
 243.563356      6.499  38.809212    15.1882     6.1821      6.445    31.1298    22.9503 0.0000e+00
 243.563362      6.265  38.802260    15.1838     6.2535      6.213    31.1272    22.9492 0.0000e+00
 243.563368      6.031  38.779816    15.1820     6.1791      5.981    31.1086    22.9353 0.0000e+00
 243.563374      5.809  38.756781    15.1845     6.0802      5.760    31.0862    22.9175 0.0000e+00
 243.563380      5.595  38.737177    15.1899     6.0176      5.548    31.0645    22.8996 0.0000e+00
 243.563385      5.378  38.727363    15.1958     6.0389      5.333    31.0511    22.8881 0.0000e+00
 243.563391      5.151  38.726581    15.2034     6.0752      5.108    31.0445    22.8813 0.0000e+00
 243.563397      4.918  38.729867    15.2160     6.1179      4.877    31.0375    22.8733 0.0000e+00
 243.563403      4.681  38.733202    15.2323     6.1284      4.642    31.0277    22.8622 0.0000e+00
 243.563409      4.446  38.731510    15.2481     6.2068      4.409    31.0138    22.8481 0.0000e+00
 243.563414      4.220  38.718616    15.2609     6.2021      4.185    30.9923    22.8288 0.0000e+00
 243.563420      3.996  38.701425    15.2687     6.2510      3.963    30.9709    22.8106 0.0000e+00
 243.563426      3.765  38.693998    15.2728     6.3236      3.734    30.9611    22.8022 0.0000e+00
 243.563432      3.525  38.686995    15.2771     6.6174      3.496    30.9516    22.7940 0.0000e+00
 243.563437      3.282  38.668838    15.2824     6.7205      3.255    30.9313    22.7772 0.0000e+00
 243.563443      3.042  38.652297    15.2886     6.8162      3.017    30.9118    22.7609 0.0000e+00
 243.563449      2.807  38.642772    15.2988     6.8797      2.784    30.8954    22.7461 0.0000e+00
 243.563455      2.579  38.628126    15.3235     6.9005      2.557    30.8630    22.7158 0.0000e+00
 243.563461      2.360  38.617969    15.3772     6.9642      2.340    30.8119    22.6650 0.0000e+00
 243.563466      2.155  38.630693    15.4502     7.0644      2.137    30.7662    22.6140 0.0000e+00
 243.563472      1.963  38.654695    15.5270     7.1036      1.947    30.7275    22.5677 0.0000e+00
 243.563478      1.780  38.675487    15.6256     7.0985      1.765    30.6692    22.5015 0.0000e+00
 243.563484      1.602  38.703436    15.7483     7.1369      1.589    30.5988    22.4206 0.0000e+00
 243.563490      1.433  38.747246    15.8544     7.1442      1.421    30.5554    22.3640 0.0000e+00
 243.563495      1.273  38.780748    15.9193     7.1605      1.262    30.5348    22.3339 0.0000e+00
 243.563501      1.121  38.783643    15.9790     7.1627      1.112    30.4915    22.2874 0.0000e+00
 243.563507      0.976  38.782227    16.0666     7.1887      0.968    30.4231    22.2156 0.0000e+00
 243.563513      0.838  38.797590    16.1579     7.1952      0.831    30.3668    22.1521 0.0000e+00
 243.563519      0.709  38.825010    16.2356     7.2197      0.703    30.3315    22.1077 -9.990e-29
 243.563524      0.596  38.856244    16.3053     7.1893      0.591    30.3057    22.0724 -9.990e-29
 243.563530      0.495  38.881969    16.3552     7.1239      0.491    30.2901    22.0493 -9.990e-29
 243.563536      0.400  38.890555    16.3788     6.9475      0.397    30.2797    22.0360 -9.990e-29
 243.563542      0.304  38.882815    16.3939     6.8260      0.301    30.2616    22.0187 -9.990e-29
 243.563547      0.206  38.877574    16.4160     6.8020      0.204    30.2403    21.9975 -9.990e-29
 243.563553      0.108  38.888577    16.4445     6.8377      0.107    30.2283    21.9819 -9.990e-29
 243.563559      0.013  38.909766    16.4677     7.9454      0.013    30.2292    21.9773 -9.990e-29
 243.563565     -0.077  38.921212    16.4789     7.5956     -0.076    30.2306    21.9759 -9.990e-29
 243.563571     -0.163  38.914091    16.4823     7.3792     -0.162    30.2219    21.9684 -9.990e-29
 243.563576     -0.247  38.895162    16.4765     7.2541     -0.245    30.2100    21.9606 -9.990e-29
 243.563582     -0.325  38.870005    16.4581     7.2929     -0.322    30.2021    21.9587 -9.990e-29
