data/oxygen options/ONMS/Olympic_Coast_National_Marine_Sanctuary_CTD_Data_2005_2023/raw_data/2013/CAST_CE015_130828faed.cnv
* Sea-Bird SBE19 Data File:
* FileName = C:\2013 Mooring Data\2nd Service\Casts\CAST_CE015_130828.hex
* Software Version 1.59
* Temperature SN = 2997
* Conductivity SN = 2997
* System UpLoad Time = Aug 28 2013 15:45:58
** CAST_CE015_130828
* ds
# nquan = 9                                 
# nvalues = 1453                        
# units = specified
# name 0 = timeJ: Julian Days
# name 1 = prSM: Pressure, Strain Gauge [db]
# name 2 = c0mS/cm: Conductivity [mS/cm]
# name 3 = t090C: Temperature [ITS-90, deg C]
# name 4 = sbeox0ML/L: Oxygen, SBE 43 [ml/l]
# name 5 = depSM: Depth [salt water, m], lat = 47.5
# name 6 = sal00: Salinity, Practical [PSU]
# name 7 = sigma-é00: Density [sigma-theta, kg/m^3]
# name 8 = flag: flag
# span 0 = 240.487269, 240.495671       
# span 1 =     -5.520,     15.774       
# span 2 =   0.342128,  38.816173       
# span 3 =    14.4533,    16.5611       
# span 4 =    -1.7269,    11.0426       
# span 5 =     -5.474,     15.642       
# span 6 =     0.1985,    31.6007       
# span 7 =    -0.9864,    23.4348       
# span 8 = 0.0000e+00, 0.0000e+00       
# interval = seconds: 0.5
# start_time = Aug 28 2013 11:41:40 [Instrument's time stamp, header]
# bad_flag = -9.990e-29
*END*
[from data line 481]
 240.490052     -0.429   0.436050    16.4712    -1.7148     -0.425     0.2536    -0.9376 -9.990e-29
 240.490058     -0.423   0.436015    16.4700    -1.7148     -0.419     0.2535    -0.9374 -9.990e-29
 240.490064     -0.419   0.435950    16.4674    -1.7149     -0.416     0.2535    -0.9370 -9.990e-29
 240.490069     -0.415   0.435769    16.4634    -1.7150     -0.412     0.2534    -0.9364 -9.990e-29
 240.490075     -0.413   0.435415    16.4584    -1.7152     -0.410     0.2533    -0.9357 -9.990e-29
 240.490081     -0.411   0.434969    16.4532    -1.7153     -0.408     0.2530    -0.9350 -9.990e-29
 240.490087     -0.409   0.434575    16.4490    -1.7155     -0.406     0.2528    -0.9345 -9.990e-29
 240.490093     -0.408   0.434261    16.4454    -1.7157     -0.405     0.2526    -0.9340 -9.990e-29
 240.490098     -0.407   0.433791    16.4422    -1.7159     -0.404     0.2524    -0.9337 -9.990e-29
 240.490104     -0.407   0.433095    16.4398    -1.7161     -0.404     0.2520    -0.9336 -9.990e-29
 240.490110     -0.407   0.432350    16.4375    -1.7161     -0.404     0.2515    -0.9335 -9.990e-29
 240.490116     -0.407   0.431671    16.4343    -1.7162     -0.404     0.2512    -0.9333 -9.990e-29
 240.490122     -0.407   0.431258    16.4300    -1.7161     -0.404     0.2509    -0.9327 -9.990e-29
 240.490127     -0.408   0.431117    16.4246    -1.7163     -0.405     0.2509    -0.9319 -9.990e-29
 240.490133     -0.408   0.431058    16.4185    -1.7164     -0.405     0.2509    -0.9308 -9.990e-29
 240.490139     -0.409   0.431002    16.4118    -1.7163     -0.406     0.2509    -0.9297 -9.990e-29
 240.490145     -0.411   0.430873    16.4047    -1.7165     -0.408     0.2509    -0.9285 -9.990e-29
 240.490150     -0.413   0.430501    16.3980    -1.7167     -0.410     0.2507    -0.9276 -9.990e-29
 240.490156     -0.416   0.429942    16.3926    -1.7168     -0.413     0.2504    -0.9269 -9.990e-29
 240.490162     -0.419   0.429559    16.3891    -1.7170     -0.416     0.2502    -0.9265 -9.990e-29
 240.490168     -0.424   0.429394    16.3868    -1.7171     -0.420     0.2501    -0.9261 -9.990e-29
 240.490174     -0.430   0.429229    16.3847    -1.7171     -0.426     0.2500    -0.9259 -9.990e-29
 240.490179     -0.433   0.428842    16.3824    -1.7170     -0.429     0.2498    -0.9256 -9.990e-29
 240.490185     -0.430   0.428271    16.3803    -1.7168     -0.426     0.2495    -0.9255 -9.990e-29
 240.490191     -0.424   0.427859    16.3782    -1.7170     -0.420     0.2492    -0.9254 -9.990e-29
 240.490197     -0.419   0.427612    16.3743    -1.7172     -0.416     0.2491    -0.9248 -9.990e-29
 240.490203     -0.416   0.427201    16.3692    -1.7170     -0.413     0.2489    -0.9241 -9.990e-29
 240.490208     -0.413   0.426632    16.3643    -1.7171     -0.410     0.2486    -0.9235 -9.990e-29
 240.490214     -0.411   0.426254    16.3599    -1.7171     -0.408     0.2484    -0.9230 -9.990e-29
 240.490220     -0.409   0.426114    16.3568    -1.7172     -0.406     0.2483    -0.9225 -9.990e-29
 240.490226     -0.407   0.426028    16.3564    -1.7174     -0.404     0.2483    -0.9225 -9.990e-29
 240.490231     -0.406   0.425879    16.3581    -1.7175     -0.403     0.2482    -0.9228 -9.990e-29
 240.490237     -0.406   0.425468    16.3591    -1.7176     -0.403     0.2479    -0.9232 -9.990e-29
 240.490243     -0.405   0.424802    16.3574    -1.7176     -0.402     0.2475    -0.9232 -9.990e-29
 240.490249     -0.404   0.424100    16.3550    -1.7176     -0.401     0.2471    -0.9231 -9.990e-29
 240.490255     -0.404   0.423532    16.3538    -1.7175     -0.401     0.2468    -0.9232 -9.990e-29
 240.490260     -0.404   0.423450    16.3527    -1.7173     -0.401     0.2467    -0.9230 -9.990e-29
 240.490266     -0.403   0.423743    16.3510    -1.7174     -0.400     0.2469    -0.9226 -9.990e-29
 240.490272     -0.403   0.423696    16.3481    -1.7173     -0.400     0.2469    -0.9221 -9.990e-29
 240.490278     -0.402   0.423245    16.3442    -1.7173     -0.399     0.2467    -0.9217 -9.990e-29
 240.490284     -0.402   0.422897    16.3403    -1.7175     -0.399     0.2465    -0.9212 -9.990e-29
 240.490289     -0.401   0.422741    16.3371    -1.7175     -0.398     0.2464    -0.9207 -9.990e-29
 240.490295     -0.401   0.422567    16.3355    -1.7173     -0.398     0.2463    -0.9205 -9.990e-29
 240.490301     -0.400   0.422145    16.3361    -1.7171     -0.397     0.2461    -0.9208 -9.990e-29
 240.490307     -0.399   0.421464    16.3389    -1.7169     -0.396     0.2456    -0.9216 -9.990e-29
 240.490312     -0.398   0.420725    16.3421    -1.7168     -0.395     0.2452    -0.9225 -9.990e-29
 240.490318     -0.397   0.420048    16.3438    -1.7165     -0.394     0.2448    -0.9231 -9.990e-29
 240.490324     -0.395   0.419639    16.3444    -1.7164     -0.392     0.2445    -0.9234 -9.990e-29
 240.490330     -0.392   0.419507    16.3439    -1.7163     -0.389     0.2444    -0.9233 -9.990e-29
 240.490336     -0.389   0.419473    16.3427    -1.7162     -0.386     0.2444    -0.9231 -9.990e-29
 240.490341     -0.385   0.419494    16.3436    -1.7162     -0.382     0.2444    -0.9233 -9.990e-29
 240.490347     -0.380   0.419597    16.3480    -1.7162     -0.377     0.2445    -0.9240 -9.990e-29
 240.490353     -0.374   0.419919    16.3541    -1.7162     -0.371     0.2446    -0.9249 -9.990e-29
 240.490359     -0.365   0.420335    16.3609    -1.7162     -0.362     0.2448    -0.9259 -9.990e-29
 240.490365     -0.355   0.420293    16.3680    -1.7163     -0.352     0.2448    -0.9271 -9.990e-29
 240.490370     -0.345   0.419736    16.3747    -1.7164     -0.342     0.2444    -0.9285 -9.990e-29
 240.490376     -0.341   0.419030    16.3803    -1.7167     -0.338     0.2439    -0.9298 -9.990e-29
 240.490382     -0.336   0.418340    16.3850    -1.7169     -0.333     0.2435    -0.9309 -9.990e-29
 240.490388     -0.327   0.417852    16.3879    -1.7172     -0.324     0.2432    -0.9316 -9.990e-29
 240.490394     -0.318   0.417471    16.3888    -1.7173     -0.315     0.2430    -0.9320 -9.990e-29
 240.490399     -0.312   0.417241    16.3889    -1.7174     -0.309     0.2428    -0.9321 -9.990e-29
 240.490405     -0.309   0.417409    16.3887    -1.7176     -0.306     0.2429    -0.9320 -9.990e-29
 240.490411     -0.308   0.417646    16.3871    -1.7176     -0.305     0.2431    -0.9316 -9.990e-29
 240.490417     -0.310   0.417712    16.3835    -1.7177     -0.307     0.2431    -0.9309 -9.990e-29
 240.490422     -0.315   0.417698    16.3783    -1.7177     -0.312     0.2432    -0.9301 -9.990e-29
 240.490428     -0.318   0.417584    16.3714    -1.7178     -0.315     0.2431    -0.9289 -9.990e-29
 240.490434     -0.320   0.417218    16.3631    -1.7179     -0.317     0.2430    -0.9277 -9.990e-29
 240.490440     -0.325   0.416664    16.3548    -1.7180     -0.322     0.2427    -0.9265 -9.990e-29
 240.490446     -0.330   0.416291    16.3481    -1.7179     -0.327     0.2425    -0.9255 -9.990e-29
 240.490451     -0.330   0.416155    16.3432    -1.7177     -0.327     0.2424    -0.9248 -9.990e-29
 240.490457     -0.325   0.416074    16.3397    -1.7176     -0.322     0.2424    -0.9242 -9.990e-29
 240.490463     -0.320   0.415942    16.3371    -1.7175     -0.317     0.2423    -0.9238 -9.990e-29
 240.490469     -0.318   0.415580    16.3348    -1.7173     -0.315     0.2421    -0.9236 -9.990e-29
 240.490475     -0.320   0.415061    16.3323    -1.7171     -0.317     0.2418    -0.9234 -9.990e-29
 240.490480     -0.324   0.414799    16.3299    -1.7170     -0.321     0.2417    -0.9231 -9.990e-29
 240.490486     -0.328   0.415000    16.3280    -1.7169     -0.325     0.2418    -0.9227 -9.990e-29
 240.490492     -0.331   0.415376    16.3271    -1.7168     -0.328     0.2421    -0.9224 -9.990e-29
 240.490498     -0.338   0.415321    16.3290    -1.7167     -0.335     0.2420    -0.9227 -9.990e-29
 240.490503     -0.345   0.414763    16.3330    -1.7164     -0.342     0.2417    -0.9236 -9.990e-29
 240.490509     -0.348   0.414064    16.3374    -1.7161     -0.345     0.2412    -0.9247 -9.990e-29
 240.490515     -0.348   0.413401    16.3424    -1.7160     -0.345     0.2408    -0.9259 -9.990e-29
 240.490521     -0.345   0.412995    16.3483    -1.7160     -0.342     0.2405    -0.9271 -9.990e-29
 240.490527     -0.337   0.412858    16.3543    -1.7159     -0.334     0.2404    -0.9282 -9.990e-29
 240.490532     -0.326   0.412809    16.3596    -1.7158     -0.323     0.2404    -0.9291 -9.990e-29
 240.490538     -0.314   0.412780    16.3644    -1.7156     -0.311     0.2403    -0.9299 -9.990e-29
 240.490544     -0.305   0.412734    16.3696    -1.7155     -0.302     0.2403    -0.9309 -9.990e-29
 240.490550     -0.298   0.412609    16.3761    -1.7155     -0.296     0.2401    -0.9320 -9.990e-29
 240.490556     -0.298   0.412238    16.3836    -1.7154     -0.296     0.2399    -0.9335 -9.990e-29
 240.490561     -0.303   0.411680    16.3905    -1.7154     -0.300     0.2395    -0.9349 -9.990e-29
 240.490567     -0.307   0.411298    16.3954    -1.7153     -0.304     0.2393    -0.9359 -9.990e-29
 240.490573     -0.304   0.411138    16.3988    -1.7152     -0.301     0.2391    -0.9366 -9.990e-29
 240.490579     -0.299   0.410986    16.4024    -1.7152     -0.297     0.2390    -0.9373 -9.990e-29
 240.490584     -0.297   0.410638    16.4070    -1.7150     -0.295     0.2388    -0.9382 -9.990e-29
 240.490590     -0.292   0.410185    16.4120    -1.7152     -0.290     0.2385    -0.9393 -9.990e-29
 240.490596     -0.284   0.410129    16.4160    -1.7156     -0.282     0.2384    -0.9400 -9.990e-29
 240.490602     -0.277   0.410395    16.4193    -1.7158     -0.275     0.2386    -0.9405 -9.990e-29
 240.490608     -0.270   0.410231    16.4221    -1.7159     -0.268     0.2385    -0.9410 -9.990e-29
 240.490613     -0.268   0.409419    16.4243    -1.7157     -0.266     0.2380    -0.9418 -9.990e-29
 240.490619     -0.274   0.408536    16.4262    -1.7155     -0.272     0.2374    -0.9425 -9.990e-29
 240.490625     -0.285   0.408065    16.4283    -1.7153     -0.283     0.2371    -0.9431 -9.990e-29
 240.490631     -0.293   0.407933    16.4300    -1.7153     -0.291     0.2371    -0.9434 -9.990e-29
 240.490637     -0.298   0.407962    16.4293    -1.7153     -0.296     0.2371    -0.9433 -9.990e-29
 240.490642     -0.305   0.408190    16.4245    -1.7153     -0.302     0.2372    -0.9424 -9.990e-29
 240.490648     -0.306   0.408368    16.4174    -1.7152     -0.303     0.2374    -0.9411 -9.990e-29
 240.490654     -0.292   0.408179    16.4117    -1.7151     -0.290     0.2373    -0.9402 -9.990e-29
 240.490660     -0.271   0.407926    16.4100    -1.7150     -0.269     0.2372    -0.9400 -9.990e-29
 240.490666     -0.254   0.407826    16.4129    -1.7153     -0.252     0.2371    -0.9405 -9.990e-29
 240.490671     -0.241   0.407744    16.4189    -1.7156     -0.239     0.2370    -0.9416 -9.990e-29
 240.490677     -0.226   0.407571    16.4245    -1.7157     -0.224     0.2369    -0.9427 -9.990e-29
 240.490683     -0.212   0.407076    16.4275    -1.7156     -0.210     0.2366    -0.9434 -9.990e-29
 240.490689     -0.204   0.406152    16.4287    -1.7154     -0.202     0.2360    -0.9440 -9.990e-29
 240.490694     -0.200   0.405229    16.4300    -1.7153     -0.198     0.2354    -0.9447 -9.990e-29
 240.490700     -0.200   0.404737    16.4320    -1.7156     -0.198     0.2351    -0.9452 -9.990e-29
 240.490706     -0.204   0.404573    16.4336    -1.7158     -0.202     0.2350    -0.9456 -9.990e-29
 240.490712     -0.212   0.404518    16.4320    -1.7160     -0.210     0.2350    -0.9453 -9.990e-29
 240.490718     -0.226   0.404499    16.4262    -1.7163     -0.224     0.2350    -0.9444 -9.990e-29
 240.490723     -0.241   0.404492    16.4197    -1.7163     -0.239     0.2351    -0.9432 -9.990e-29
 240.490729     -0.250   0.404485    16.4167    -1.7163     -0.248     0.2351    -0.9427 -9.990e-29
 240.490735     -0.250   0.404471    16.4176    -1.7162     -0.248     0.2351    -0.9429 -9.990e-29
 240.490741     -0.244   0.404430    16.4200    -1.7161     -0.242     0.2350    -0.9433 -9.990e-29
 240.490747     -0.240   0.404307    16.4201    -1.7160     -0.238     0.2350    -0.9434 -9.990e-29
 240.490752     -0.239   0.403938    16.4160    -1.7161     -0.237     0.2348    -0.9429 -9.990e-29
 240.490758     -0.237   0.403384    16.4092    -1.7161     -0.235     0.2345    -0.9419 -9.990e-29
 240.490764     -0.237   0.403013    16.4018    -1.7162     -0.235     0.2343    -0.9408 -9.990e-29
 240.490770     -0.238   0.402885    16.3955    -1.7161     -0.236     0.2342    -0.9398 -9.990e-29
 240.490775     -0.238   0.402830    16.3920    -1.7161     -0.236     0.2342    -0.9392 -9.990e-29
 240.490781     -0.236   0.402775    16.3918    -1.7161     -0.234     0.2342    -0.9392 -9.990e-29
 240.490787     -0.232   0.402647    16.3941    -1.7163     -0.230     0.2341    -0.9397 -9.990e-29
 240.490793     -0.230   0.402275    16.3970    -1.7165     -0.228     0.2339    -0.9404 -9.990e-29
 240.490799     -0.235   0.401715    16.3985    -1.7164     -0.233     0.2335    -0.9409 -9.990e-29
 240.490804     -0.241   0.401331    16.3979    -1.7168     -0.239     0.2333    -0.9409 -9.990e-29
 240.490810     -0.245   0.401167    16.3964    -1.7169     -0.243     0.2332    -0.9408 -9.990e-29
 240.490816     -0.248   0.401003    16.3955    -1.7170     -0.246     0.2331    -0.9407 -9.990e-29
 240.490822     -0.250   0.400621    16.3954    -1.7170     -0.248     0.2329    -0.9408 -9.990e-29
 240.490828     -0.250   0.400065    16.3952    -1.7170     -0.248     0.2326    -0.9411 -9.990e-29
 240.490833     -0.245   0.399703    16.3940    -1.7170     -0.243     0.2324    -0.9410 -9.990e-29
 240.490839     -0.234   0.399606    16.3904    -1.7169     -0.232     0.2323    -0.9404 -9.990e-29
 240.490845     -0.225   0.399646    16.3856    -1.7168     -0.223     0.2324    -0.9396 -9.990e-29
 240.490851     -0.222   0.399876    16.3807    -1.7167     -0.220     0.2325    -0.9387 -9.990e-29
 240.490856     -0.220   0.400051    16.3751    -1.7168     -0.218     0.2327    -0.9376 -9.990e-29
 240.490862     -0.216   0.399850    16.3698    -1.7168     -0.214     0.2326    -0.9368 -9.990e-29
 240.490868     -0.212   0.399560    16.3665    -1.7169     -0.210     0.2324    -0.9364 -9.990e-29
 240.490874     -0.209   0.399350    16.3655    -1.7169     -0.207     0.2323    -0.9363 -9.990e-29
 240.490880     -0.202   0.398940    16.3661    -1.7171     -0.200     0.2321    -0.9366 -9.990e-29
 240.490885     -0.195   0.398336    16.3676    -1.7171     -0.193     0.2317    -0.9371 -9.990e-29
 240.490891     -0.192   0.397842    16.3700    -1.7171     -0.190     0.2314    -0.9378 -9.990e-29
 240.490897     -0.188   0.397352    16.3726    -1.7171     -0.186     0.2311    -0.9384 -9.990e-29
 240.490903     -0.180   0.396768    16.3739    -1.7171     -0.178     0.2307    -0.9389 -9.990e-29
 240.490909     -0.170   0.396421    16.3731    -1.7170     -0.169     0.2305    -0.9389 -9.990e-29
 240.490914     -0.162   0.396402    16.3713    -1.7172     -0.161     0.2305    -0.9386 -9.990e-29
 240.490920     -0.156   0.396686    16.3692    -1.7174     -0.155     0.2307    -0.9381 -9.990e-29
 240.490926     -0.151   0.397098    16.3667    -1.7176     -0.150     0.2310    -0.9375 -9.990e-29
 240.490932     -0.147   0.397079    16.3640    -1.7179     -0.146     0.2310    -0.9371 -9.990e-29
 240.490938     -0.145   0.396605    16.3624    -1.7181     -0.144     0.2307    -0.9370 -9.990e-29
 240.490943     -0.143   0.396153    16.3624    -1.7184     -0.142     0.2304    -0.9372 -9.990e-29
 240.490949     -0.141   0.395674    16.3627    -1.7186     -0.140     0.2301    -0.9375 -9.990e-29
 240.490955     -0.140   0.395084    16.3624    -1.7187     -0.139     0.2298    -0.9377 -9.990e-29
 240.490961     -0.140   0.394703    16.3606    -1.7186     -0.139     0.2296    -0.9376 -9.990e-29
 240.490966     -0.139   0.394579    16.3561    -1.7186     -0.138     0.2295    -0.9369 -9.990e-29
