data/oxygen options/ONMS/Olympic_Coast_National_Marine_Sanctuary_CTD_Data_2005_2023/raw_data/2013/CAST_TH042_131010faed.cnv
* Sea-Bird SBE19 Data File:
* FileName = C:\2013 Mooring Data\Recovery\Casts\CAST_TH042_131010.hex
* Software Version 1.59
* Temperature SN = 2997
* Conductivity SN = 2997
* System UpLoad Time = Oct 11 2013 08:14:33
** CAST_TH042_131010
* ds
# nquan = 9                                 
# nvalues = 978                         
# units = specified
# name 0 = timeJ: Julian Days
# name 1 = prSM: Pressure, Strain Gauge [db]
# name 2 = c0mS/cm: Conductivity [mS/cm]
# name 3 = t090C: Temperature [ITS-90, deg C]
# name 4 = sbeox0ML/L: Oxygen, SBE 43 [ml/l]
# name 5 = depSM: Depth [salt water, m], lat = 47.5
# name 6 = sal00: Salinity, Practical [PSU]
# name 7 = sigma-é00: Density [sigma-theta, kg/m^3]
# name 8 = flag: flag
# span 0 = 283.565336, 283.570990       
# span 1 =     -5.228,     43.304       
# span 2 =   0.320274,  38.705300       
# span 3 =    10.1110,    14.4984       
# span 4 =    -1.8150,    10.6105       
# span 5 =     -5.184,     42.938       
# span 6 =     0.1989,    32.9839       
# span 7 =    -0.5208,    25.3423       
# span 8 = 0.0000e+00, 0.0000e+00       
# interval = seconds: 0.5
# start_time = Oct 10 2013 13:34:05 [Instrument's time stamp, header]
# bad_flag = -9.990e-29
*END*
[from data line 481]
 283.568119     -0.286   0.566342    13.2930    -1.4737     -0.284     0.3586    -0.3794 -9.990e-29
 283.568125     -0.262   0.599558    13.2915    -1.4737     -0.260     0.3804    -0.3622 -9.990e-29
 283.568131     -0.234   0.699384    13.2925    -1.4744     -0.232     0.4463    -0.3111 -9.990e-29
 283.568137     -0.203   0.999478    13.3044    -1.4755     -0.201     0.6470    -0.1567 -9.990e-29
 283.568142     -0.169   1.900703    13.3512    -1.4749     -0.168     1.2674     0.3184 -9.990e-29
 283.568148     -0.128   4.601926    13.5022    -1.4751     -0.127     3.2199     1.8077 -9.990e-29
 283.568154     -0.073  12.698870    13.7725    -1.4754     -0.072     9.5040     6.6050 -9.990e-29
 283.568160      0.002  24.879566    14.0291    -1.4757      0.002    19.6306    14.3402 -9.990e-29
 283.568166      0.103  33.079082    14.1749    -1.4752      0.102    26.7620    19.7970 -9.990e-29
 283.568171      0.232  35.894212    14.2381    -1.4751      0.230    29.2491    21.6999 -9.990e-29
 283.568177      0.384  36.872373    14.2605    -1.4752      0.381    30.1181    22.3650 0.0000e+00
 283.568183      0.552  37.208022    14.2614    -1.4753      0.547    30.4222    22.5993 0.0000e+00
 283.568189      0.724  37.306161    14.2539    -1.4757      0.718    30.5173    22.6741 0.0000e+00
 283.568194      0.887  37.313384    14.2477    -1.4758      0.880    30.5287    22.6841 0.0000e+00
 283.568200      1.030  37.302684    14.2441    -1.4753      1.021    30.5217    22.6795 -9.990e-29
 283.568206      1.148  37.304665    14.2415    -1.4752      1.138    30.5255    22.6830 -9.990e-29
 283.568212      1.244  37.302965    14.2396    -1.4751      1.234    30.5255    22.6833 -9.990e-29
 283.568218      1.322  37.291443    14.2383    -1.4751      1.311    30.5160    22.6763 -9.990e-29
 283.568223      1.376  37.290088    14.2376    -1.4748      1.365    30.5153    22.6759 -9.990e-29
 283.568229      1.410  37.302746    14.2373    -1.4749      1.398    30.5270    22.6850 -9.990e-29
 283.568235      1.435  37.311041    14.2367    -1.4750      1.423    30.5350    22.6913 -9.990e-29
 283.568241      1.458  37.306475    14.2359    -1.4770      1.446    30.5315    22.6887 -9.990e-29
 283.568247      1.479  37.291975    14.2350    -1.4757      1.467    30.5190    22.6793 -9.990e-29
 283.568252      1.500  37.276272    14.2345    -1.4764      1.487    30.5051    22.6687 -9.990e-29
 283.568258      1.522  37.278262    14.2355    -1.4773      1.509    30.5061    22.6693 -9.990e-29
 283.568264      1.542  37.298405    14.2390    -1.4753      1.529    30.5217    22.6805 -9.990e-29
 283.568270      1.557  37.315422    14.2450    -1.4748      1.544    30.5324    22.6876 -9.990e-29
 283.568275      1.572  37.320116    14.2527    -1.4746      1.559    30.5306    22.6846 -9.990e-29
 283.568281      1.594  37.318795    14.2598    -1.4750      1.581    30.5238    22.6779 -9.990e-29
 283.568287      1.618  37.309746    14.2633    -1.4750      1.604    30.5128    22.6687 -9.990e-29
 283.568293      1.637  37.283759    14.2635    -1.4744      1.623    30.4890    22.6503 -9.990e-29
 283.568299      1.650  37.230329    14.2631    -1.4745      1.636    30.4407    22.6132 -9.990e-29
 283.568304      1.656  37.176319    14.2636    -1.4751      1.642    30.3912    22.5750 -9.990e-29
 283.568310      1.656  37.155660    14.2650    -1.4752      1.642    30.3714    22.5594 -9.990e-29
 283.568316      1.650  37.139179    14.2668    -1.4744      1.636    30.3550    22.5464 -9.990e-29
 283.568322      1.641  37.144170    14.2687    -1.4741      1.627    30.3580    22.5483 -9.990e-29
 283.568328      1.634  37.204791    14.2705    -1.4739      1.620    30.4117    22.5893 -9.990e-29
 283.568333      1.629  37.266891    14.2724    -1.4744      1.615    30.4666    22.6313 -9.990e-29
 283.568339      1.624  37.290053    14.2737    -1.4747      1.610    30.4867    22.6465 -9.990e-29
 283.568345      1.619  37.288960    14.2727    -1.4746      1.605    30.4865    22.6465 -9.990e-29
 283.568351      1.619  37.292463    14.2685    -1.4741      1.605    30.4930    22.6524 -9.990e-29
 283.568356      1.627  37.307522    14.2628    -1.4739      1.613    30.5111    22.6676 -9.990e-29
 283.568362      1.640  37.314486    14.2612    -1.4743      1.626    30.5187    22.6737 -9.990e-29
 283.568368      1.651  37.312602    14.2657    -1.4746      1.637    30.5135    22.6688 -9.990e-29
 283.568374      1.655  37.322380    14.2710    -1.4747      1.641    30.5182    22.6713 -9.990e-29
 283.568380      1.657  37.345140    14.2719    -1.4744      1.643    30.5381    22.6865 -9.990e-29
 283.568385      1.666  37.363092    14.2677    -1.4742      1.652    30.5578    22.7025 -9.990e-29
 283.568391      1.683  37.367168    14.2626    -1.4742      1.669    30.5655    22.7095 -9.990e-29
 283.568397      1.699  37.361171    14.2624    -1.4745      1.685    30.5602    22.7055 -9.990e-29
 283.568403      1.712  37.357884    14.2669    -1.4745      1.698    30.5537    22.6995 -9.990e-29
 283.568409      1.722  37.364739    14.2689    -1.4745      1.708    30.5583    22.7027 -9.990e-29
 283.568414      1.731  37.375239    14.2646    -1.4742      1.717    30.5713    22.7135 -9.990e-29
 283.568420      1.738  37.379340    14.2585    -1.4742      1.723    30.5798    22.7214 -9.990e-29
 283.568426      1.744  37.374719    14.2572    -1.4743      1.729    30.5766    22.7192 -9.990e-29
 283.568432      1.745  37.368710    14.2615    -1.4744      1.730    30.5678    22.7115 -9.990e-29
 283.568438      1.738  37.367355    14.2660    -1.4744      1.723    30.5630    22.7069 -9.990e-29
 283.568443      1.725  37.370020    14.2665    -1.4741      1.711    30.5650    22.7083 -9.990e-29
 283.568449      1.711  37.371904    14.2649    -1.4744      1.697    30.5680    22.7110 -9.990e-29
 283.568455      1.698  37.368284    14.2646    -1.4742      1.684    30.5649    22.7087 -9.990e-29
 283.568461      1.695  37.360550    14.2652     8.1750      1.681    30.5574    22.7028 -9.990e-29
 283.568466      1.701  37.356369    14.2663    10.3594      1.687    30.5528    22.6989 -9.990e-29
 283.568472      1.712  37.360300    14.2688    10.6105      1.698    30.5544    22.6997 -9.990e-29
 283.568478      1.729  37.366990    14.2715     9.3099      1.715    30.5583    22.7021 -9.990e-29
 283.568484      1.749  37.366359    14.2727     6.3761      1.734    30.5568    22.7007 -9.990e-29
 283.568490      1.768  37.359295    14.2735     6.4575      1.753    30.5497    22.6951 -9.990e-29
 283.568495      1.784  37.356603    14.2752     6.5694      1.769    30.5459    22.6918 -9.990e-29
 283.568501      1.790  37.360343    14.2764     6.5916      1.775    30.5484    22.6935 -9.990e-29
 283.568507      1.785  37.362107    14.2768     6.5305      1.770    30.5496    22.6944 -9.990e-29
 283.568513      1.778  37.362056    14.2771     6.4583      1.763    30.5494    22.6941 -9.990e-29
 283.568519      1.773  37.372498    14.2771     6.4025      1.758    30.5589    22.7014 -9.990e-29
 283.568524      1.769  37.390598    14.2770     6.3825      1.754    30.5754    22.7142 -9.990e-29
 283.568530      1.766  37.401878    14.2769     6.3513      1.751    30.5857    22.7222 -9.990e-29
 283.568536      1.764  37.405177    14.2769     6.3535      1.749    30.5887    22.7245 -9.990e-29
 283.568542      1.763  37.406065    14.2771     6.3690      1.748    30.5894    22.7250 -9.990e-29
 283.568547      1.763  37.406897    14.2774     6.3474      1.748    30.5899    22.7253 -9.990e-29
 283.568553      1.763  37.407152    14.2773     6.3664      1.748    30.5902    22.7256 -9.990e-29
 283.568559      1.764  37.406101    14.2765     6.3965      1.749    30.5899    22.7255 -9.990e-29
 283.568565      1.765  37.404074    14.2753     6.3757      1.750    30.5890    22.7250 -9.990e-29
 283.568571      1.768  37.401217    14.2741     6.3688      1.753    30.5873    22.7240 -9.990e-29
 283.568576      1.771  37.398255    14.2732     6.3755      1.756    30.5854    22.7227 -9.990e-29
 283.568582      1.772  37.396890    14.2718     6.3961      1.757    30.5852    22.7228 -9.990e-29
 283.568588      1.765  37.397033    14.2695     6.4186      1.750    30.5872    22.7248 -9.990e-29
 283.568594      1.755  37.396683    14.2676     6.4082      1.740    30.5884    22.7261 -9.990e-29
 283.568600      1.749  37.395983    14.2674     6.3538      1.734    30.5879    22.7258 -9.990e-29
 283.568605      1.752  37.396291    14.2686     6.3258      1.737    30.5872    22.7250 -9.990e-29
 283.568611      1.759  37.396388    14.2695     6.3334      1.744    30.5866    22.7244 -9.990e-29
 283.568617      1.766  37.395333    14.2699     6.3565      1.751    30.5853    22.7233 -9.990e-29
 283.568623      1.774  37.395131    14.2706     6.3745      1.759    30.5846    22.7226 -9.990e-29
 283.568628      1.783  37.396121    14.2714     6.3655      1.768    30.5848    22.7226 -9.990e-29
 283.568634      1.791  37.397433    14.2718     6.3373      1.776    30.5857    22.7232 -9.990e-29
 283.568640      1.792  37.398624    14.2719     6.3401      1.777    30.5867    22.7240 -9.990e-29
 283.568646      1.791  37.399091    14.2728     6.3639      1.776    30.5864    22.7236 -9.990e-29
 283.568652      1.793  37.399508    14.2743     6.3954      1.778    30.5856    22.7226 -9.990e-29
 283.568657      1.794  37.399921    14.2749     6.3996      1.779    30.5855    22.7224 -9.990e-29
 283.568663      1.788  37.399248    14.2728     6.3663      1.773    30.5866    22.7237 -9.990e-29
 283.568669      1.781  37.395522    14.2678     6.3406      1.766    30.5871    22.7251 -9.990e-29
 283.568675      1.775  37.389428    14.2631     6.3324      1.760    30.5853    22.7247 -9.990e-29
 283.568681      1.771  37.385779    14.2626     6.3640      1.756    30.5824    22.7225 -9.990e-29
 283.568686      1.768  37.386480    14.2662     6.3743      1.753    30.5802    22.7201 -9.990e-29
 283.568692      1.765  37.389714    14.2707     6.3824      1.750    30.5796    22.7187 -9.990e-29
 283.568698      1.764  37.392559    14.2728     6.3783      1.749    30.5805    22.7190 -9.990e-29
 283.568704      1.764  37.393817    14.2717     6.3703      1.749    30.5825    22.7208 -9.990e-29
 283.568709      1.764  37.393537    14.2687     6.3763      1.749    30.5846    22.7230 -9.990e-29
 283.568715      1.765  37.390835    14.2667     6.3704      1.750    30.5838    22.7228 -9.990e-29
 283.568721      1.767  37.388321    14.2678     6.3744      1.752    30.5806    22.7201 -9.990e-29
 283.568727      1.770  37.389414    14.2704     6.3794      1.755    30.5795    22.7187 -9.990e-29
 283.568733      1.774  37.392260    14.2714     6.3798      1.759    30.5813    22.7199 -9.990e-29
 283.568738      1.779  37.393981    14.2701     6.3760      1.764    30.5839    22.7222 -9.990e-29
 283.568744      1.786  37.393562    14.2690     6.3732      1.771    30.5844    22.7228 -9.990e-29
 283.568750      1.791  37.392173    14.2701     6.3665      1.776    30.5823    22.7209 -9.990e-29
 283.568756      1.790  37.392494    14.2719     6.3612      1.775    30.5811    22.7197 -9.990e-29
 283.568762      1.787  37.393883    14.2726     6.3976      1.772    30.5819    22.7201 -9.990e-29
 283.568767      1.786  37.394881    14.2728     6.3833      1.771    30.5826    22.7206 -9.990e-29
 283.568773      1.788  37.395749    14.2736     6.3979      1.773    30.5828    22.7206 -9.990e-29
 283.568779      1.791  37.396572    14.2745     6.3964      1.776    30.5828    22.7204 -9.990e-29
 283.568785      1.798  37.396816    14.2739     6.3879      1.783    30.5835    22.7211 -9.990e-29
 283.568791      1.807  37.394615    14.2710     6.4077      1.792    30.5838    22.7219 -9.990e-29
 283.568796      1.819  37.389328    14.2668     6.3948      1.804    30.5823    22.7216 -9.990e-29
 283.568802      1.836  37.384602    14.2639     6.3925      1.821    30.5803    22.7206 -9.990e-29
 283.568808      1.854  37.384267    14.2644     6.3846      1.839    30.5796    22.7200 -9.990e-29
 283.568814      1.866  37.387365    14.2679     6.3801      1.850    30.5796    22.7193 -9.990e-29
 283.568819      1.868  37.390794    14.2713     6.3835      1.852    30.5800    22.7190 -9.990e-29
 283.568825      1.860  37.393011    14.2723     6.3842      1.844    30.5813    22.7197 -9.990e-29
 283.568831      1.846  37.393663    14.2716     6.4067      1.831    30.5824    22.7207 -9.990e-29
 283.568837      1.834  37.393099    14.2707     6.3694      1.819    30.5826    22.7211 -9.990e-29
 283.568843      1.827  37.392273    14.2708     6.3944      1.812    30.5818    22.7204 -9.990e-29
 283.568848      1.824  37.392333    14.2724     6.3648      1.809    30.5806    22.7191 -9.990e-29
 283.568854      1.822  37.393360    14.2745     6.3227      1.807    30.5799    22.7182 -9.990e-29
 283.568860      1.816  37.394473    14.2761     6.3712      1.801    30.5796    22.7176 -9.990e-29
 283.568866      1.810  37.396023    14.2774     6.3893      1.795    30.5800    22.7177 -9.990e-29
 283.568872      1.808  37.397828    14.2785     6.4038      1.793    30.5808    22.7180 -9.990e-29
 283.568877      1.809  37.398921    14.2790     6.4225      1.794    30.5814    22.7184 -9.990e-29
 283.568883      1.813  37.399628    14.2788     6.3864      1.798    30.5822    22.7191 -9.990e-29
 283.568889      1.822  37.399198    14.2765     6.3887      1.807    30.5836    22.7206 -9.990e-29
 283.568895      1.835  37.395365    14.2729     6.4151      1.820    30.5830    22.7209 -9.990e-29
 283.568900      1.849  37.390853    14.2722     6.3976      1.834    30.5794    22.7183 -9.990e-29
 283.568906      1.856  37.391397    14.2753     6.4303      1.841    30.5774    22.7161 -9.990e-29
 283.568912      1.852  37.395469    14.2784     6.4382      1.837    30.5787    22.7165 -9.990e-29
 283.568918      1.843  37.398404    14.2791     6.4033      1.828    30.5808    22.7179 -9.990e-29
 283.568924      1.835  37.399061    14.2781     6.4151      1.820    30.5822    22.7192 -9.990e-29
 283.568929      1.832  37.397745    14.2773     6.3856      1.817    30.5816    22.7189 -9.990e-29
 283.568935      1.834  37.396614    14.2777     6.3839      1.819    30.5803    22.7178 -9.990e-29
 283.568941      1.837  37.397508    14.2789     6.3972      1.822    30.5802    22.7175 -9.990e-29
 283.568947      1.837  37.398807    14.2800     6.3701      1.822    30.5805    22.7175 -9.990e-29
 283.568953      1.838  37.398870    14.2799     6.3621      1.823    30.5806    22.7176 -9.990e-29
 283.568958      1.845  37.397208    14.2790     6.3651      1.830    30.5798    22.7172 -9.990e-29
 283.568964      1.853  37.395518    14.2787     6.3740      1.838    30.5785    22.7162 -9.990e-29
 283.568970      1.855  37.396017    14.2791     6.4007      1.840    30.5786    22.7163 -9.990e-29
 283.568976      1.851  37.397115    14.2795     6.4062      1.836    30.5793    22.7167 -9.990e-29
 283.568981      1.849  37.397465    14.2789     6.4033      1.834    30.5801    22.7174 -9.990e-29
 283.568987      1.853  37.395841    14.2774     6.3986      1.838    30.5798    22.7175 -9.990e-29
 283.568993      1.863  37.392870    14.2768     6.3880      1.847    30.5776    22.7159 -9.990e-29
 283.568999      1.876  37.392420    14.2777     6.3813      1.860    30.5765    22.7149 -9.990e-29
 283.569005      1.884  37.393880    14.2780     6.3855      1.868    30.5775    22.7157 -9.990e-29
 283.569010      1.883  37.394702    14.2763     6.3982      1.867    30.5796    22.7176 -9.990e-29
 283.569016      1.878  37.394289    14.2739     6.4079      1.862    30.5812    22.7193 -9.990e-29
 283.569022      1.872  37.393201    14.2718     6.4041      1.856    30.5818    22.7202 -9.990e-29
 283.569028      1.866  37.392776    14.2707     6.3997      1.850    30.5823    22.7208 -9.990e-29
 283.569034      1.858  37.392998    14.2708     6.3797      1.842    30.5825    22.7209 -9.990e-29
