data/oxygen options/ONMS/Olympic_Coast_National_Marine_Sanctuary_CTD_Data_2005_2023/raw_data/2013/CAST_CA042_130901faedb.cnv
* Sea-Bird SBE19 Data File:
* FileName = C:\2013 Mooring Data\2nd Service\Casts\CAST_CA042_130901.hex
* Software Version 1.59
* Temperature SN = 2997
* Conductivity SN = 2997
* System UpLoad Time = Sep 02 2013 11:25:16
** CAST_CA042_130901
* ds
# nquan = 9
# nvalues = 42                          
# units = specified
# name 0 = timeJ: Julian Days
# name 1 = prSM: Pressure, Strain Gauge [db]
# name 2 = c0mS/cm: Conductivity [mS/cm]
# name 3 = t090C: Temperature [ITS-90, deg C]
# name 4 = sbeox0ML/L: Oxygen, SBE 43 [ml/l]
# name 5 = depSM: Depth [salt water, m], lat = 47.5
# name 6 = sal00: Salinity, Practical [PSU]
# name 7 = sigma-é00: Density [sigma-theta, kg/m^3]
# name 8 = flag: flag
# span 0 = 244.587209, 244.587646       
# span 1 =      1.000,     42.000       
# span 2 =  34.986877,  39.375124       
# span 3 =     8.1325,    15.6280       
# span 4 =     1.6582,     6.1422       
# span 5 =      0.992,     41.645       
# span 6 =    31.2855,    33.5590       
# span 7 =    22.9748,    26.1126       
# span 8 = 0.0000e+00, 0.0000e+00       
# interval = decibars: 1                
# start_time = Sep 01 2013 14:00:16 [Instrument's time stamp, header]
# bad_flag = -9.990e-29
*END*
 244.587209      1.000  39.375124    15.6280     6.0578      0.992    31.2855    22.9748 0.0000e+00
 244.587232      2.000  39.087528    14.9979     6.1422      1.983    31.5329    23.3011 0.0000e+00
 244.587246      3.000  38.845670    14.6334     6.0993      2.975    31.6098    23.4376 0.0000e+00
 244.587258      4.000  38.793408    14.5540     6.0433      3.967    31.6266    23.4671 0.0000e+00
 244.587269      5.000  38.774227    14.5198     5.9715      4.958    31.6367    23.4821 0.0000e+00
 244.587278      6.000  38.776368    14.5099     5.9092      5.950    31.6464    23.4917 0.0000e+00
 244.587287      7.000  38.784920    14.4975     5.8357      6.942    31.6639    23.5078 0.0000e+00
 244.587296      8.000  38.792503    14.4854     5.8113      7.933    31.6803    23.5230 0.0000e+00
 244.587304      9.000  38.795167    14.4715     5.8140      8.924    31.6937    23.5363 0.0000e+00
 244.587312     10.000  38.787331    14.4517     5.7905      9.917    31.7023    23.5471 0.0000e+00
 244.587321     11.000  38.778355    14.4335     5.7231     10.908    31.7087    23.5558 0.0000e+00
 244.587328     12.000  38.773180    14.4209     5.6922     11.900    31.7139    23.5625 0.0000e+00
 244.587337     13.000  38.771155    14.4110     5.6621     12.891    31.7198    23.5692 0.0000e+00
 244.587345     14.000  38.769743    14.3996     5.6574     13.883    31.7275    23.5775 0.0000e+00
 244.587353     15.000  38.762608    14.3828     5.6271     14.875    31.7344    23.5863 0.0000e+00
 244.587361     16.000  38.756556    14.3696     5.6423     15.866    31.7392    23.5929 0.0000e+00
 244.587369     17.000  38.777331    14.3605     5.5897     16.858    31.7654    23.6149 0.0000e+00
 244.587377     18.000  38.804737    14.3406     5.5165     17.849    31.8064    23.6507 0.0000e+00
 244.587385     19.000  38.818294    14.3122     5.3878     18.840    31.8416    23.6838 0.0000e+00
 244.587393     20.000  38.822393    14.2780     5.2193     19.832    31.8732    23.7153 0.0000e+00
 244.587401     21.000  38.838445    14.2374     4.8943     20.824    31.9210    23.7606 0.0000e+00
 244.587409     22.000  38.824478    14.1082     4.6432     21.815    32.0150    23.8597 0.0000e+00
 244.587418     23.000  38.704547    13.8629     4.5635     22.807    32.1085    23.9821 0.0000e+00
 244.587428     24.000  38.516506    13.4795     4.4333     23.798    32.2559    24.1735 0.0000e+00
 244.587436     25.000  38.252648    13.0825     4.1106     24.790    32.3451    24.3214 0.0000e+00
 244.587446     26.000  38.044984    12.8384     3.5985     25.781    32.3572    24.3784 0.0000e+00
 244.587455     27.000  37.947247    12.6431     3.1861     26.773    32.4317    24.4739 0.0000e+00
 244.587464     28.000  37.837569    12.3233     2.9160     27.765    32.6033    24.6680 0.0000e+00
 244.587473     29.000  37.584817    11.7354     2.8324     28.756    32.8748    24.9885 0.0000e+00
 244.587483     30.000  37.174352    11.0621     2.7070     29.747    33.0719    25.2639 0.0000e+00
 244.587491     31.000  36.802288    10.5851     2.5920     30.739    33.1323    25.3947 0.0000e+00
 244.587501     32.000  36.566335    10.2967     2.5277     31.730    33.1574    25.4640 0.0000e+00
 244.587511     33.000  36.417258    10.0847     2.4848     32.722    33.2003    25.5333 0.0000e+00
 244.587520     34.000  36.271467     9.8908     2.4497     33.713    33.2299    25.5888 0.0000e+00
 244.587532     35.000  36.149037     9.7622     2.3801     34.705    33.2232    25.6049 0.0000e+00
 244.587545     36.000  36.061974     9.6445     2.2573     35.696    33.2425    25.6393 0.0000e+00
 244.587558     37.000  35.953299     9.4475     2.0577     36.688    33.3131    25.7265 0.0000e+00
 244.587570     38.000  35.795279     9.2310     1.8319     37.680    33.3513    25.7912 0.0000e+00
 244.587582     39.000  35.668906     9.0149     1.7936     38.671    33.4221    25.8809 0.0000e+00
 244.587594     40.000  35.408880     8.5813     1.7477     39.662    33.5590    26.0554 0.0000e+00
 244.587607     41.000  35.029513     8.1668     1.6582     40.654    33.5520    26.1126 0.0000e+00
 244.587646     42.000  34.986877     8.1325     1.7265     41.645    33.5389    26.1074 0.0000e+00
