data/oxygen options/ONMS/Olympic_Coast_National_Marine_Sanctuary_CTD_Data_2005_2023/raw_data/2013/CAST_TH015_131011faed.cnv
* Sea-Bird SBE19 Data File:
* FileName = C:\2013 Mooring Data\Recovery\Casts\CAST_TH015_131011.hex
* Software Version 1.59
* Temperature SN = 2997
* Conductivity SN = 2997
* System UpLoad Time = Oct 11 2013 13:56:31
** CAST_TH015_131011
* ds
# nquan = 9                                 
# nvalues = 637                         
# units = specified
# name 0 = timeJ: Julian Days
# name 1 = prSM: Pressure, Strain Gauge [db]
# name 2 = c0mS/cm: Conductivity [mS/cm]
# name 3 = t090C: Temperature [ITS-90, deg C]
# name 4 = sbeox0ML/L: Oxygen, SBE 43 [ml/l]
# name 5 = depSM: Depth [salt water, m], lat = 47.5
# name 6 = sal00: Salinity, Practical [PSU]
# name 7 = sigma-é00: Density [sigma-theta, kg/m^3]
# name 8 = flag: flag
# span 0 = 284.532685, 284.536366       
# span 1 =     -5.240,     14.757       
# span 2 =   0.555510,  37.942831       
# span 3 =    12.3209,    13.6548       
# span 4 =    -1.8243,    11.2054       
# span 5 =     -5.196,     14.633       
# span 6 =     0.3562,    32.2949       
# span 7 =    -0.3152,    24.3674       
# span 8 = 0.0000e+00, 0.0000e+00       
# interval = seconds: 0.5
# start_time = Oct 11 2013 12:47:04 [Instrument's time stamp, header]
# bad_flag = -9.990e-29
*END*
[from data line 481]
 284.535469      1.208  35.953764    13.5627     6.2309      1.198    29.8218    22.2761 -9.990e-29
 284.535475      1.201  35.985002    13.5642     6.2084      1.191    29.8494    22.2971 -9.990e-29
 284.535480      1.197  36.025680    13.5657     6.2262      1.187    29.8857    22.3248 -9.990e-29
 284.535486      1.200  36.052168    13.5668     6.1917      1.190    29.9092    22.3428 -9.990e-29
 284.535492      1.207  36.062433    13.5671     6.2131      1.197    29.9184    22.3498 -9.990e-29
 284.535498      1.214  36.069599    13.5674     6.2222      1.204    29.9248    22.3547 -9.990e-29
 284.535503      1.220  36.083957    13.5697     6.2166      1.210    29.9362    22.3631 -9.990e-29
 284.535509      1.227  36.102787    13.5737     6.2275      1.217    29.9504    22.3733 -9.990e-29
 284.535515      1.235  36.119997    13.5769     6.2294      1.225    29.9638    22.3829 -9.990e-29
 284.535521      1.240  36.130508    13.5771     6.2263      1.230    29.9733    22.3902 -9.990e-29
 284.535527      1.238  36.120872    13.5746     6.2108      1.228    29.9664    22.3854 -9.990e-29
 284.535532      1.234  36.101755    13.5717     6.2050      1.224    29.9510    22.3741 -9.990e-29
 284.535538      1.231  36.081269    13.5699     6.2357      1.221    29.9336    22.3610 -9.990e-29
 284.535544      1.228  36.060654    13.5693     6.2353      1.218    29.9150    22.3468 -9.990e-29
 284.535550      1.227  36.054983    13.5693     6.2332      1.217    29.9098    22.3428 -9.990e-29
 284.535556      1.227  36.054999    13.5694     6.2141      1.217    29.9098    22.3427 -9.990e-29
 284.535561      1.228  36.045585    13.5694     6.1933      1.218    29.9011    22.3360 -9.990e-29
 284.535567      1.229  36.032659    13.5687     6.2073      1.219    29.8897    22.3274 -9.990e-29
 284.535573      1.232  36.023624    13.5667     6.2822      1.222    29.8830    22.3226 -9.990e-29
 284.535579      1.236  36.010338    13.5637     6.2632      1.226    29.8731    22.3155 -9.990e-29
 284.535584      1.241  35.991319    13.5610     6.2524      1.231    29.8577    22.3041 -9.990e-29
 284.535590      1.249  35.982648    13.5605     6.2568      1.239    29.8501    22.2984 -9.990e-29
 284.535596      1.254  35.986193    13.5613     6.2179      1.244    29.8527    22.3003 -9.990e-29
 284.535602      1.249  35.987620    13.5615     6.2541      1.239    29.8539    22.3011 -9.990e-29
 284.535608      1.237  35.978733    13.5598     6.2465      1.227    29.8470    22.2962 -9.990e-29
 284.535613      1.232  35.954951    13.5558     6.2364      1.222    29.8282    22.2824 -9.990e-29
 284.535619      1.236  35.918724    13.5515     6.2345      1.226    29.7982    22.2601 -9.990e-29
 284.535625      1.250  35.890638    13.5495     6.2110      1.240    29.7739    22.2417 -9.990e-29
 284.535631      1.266  35.884769    13.5503     6.2181      1.255    29.7679    22.2369 -9.990e-29
 284.535637      1.273  35.894396    13.5520     6.2280      1.262    29.7754    22.2424 -9.990e-29
 284.535642      1.271  35.907130    13.5525     6.2195      1.260    29.7867    22.2511 -9.990e-29
 284.535648      1.272  35.915848    13.5518     6.2108      1.261    29.7953    22.2578 -9.990e-29
 284.535654      1.286  35.916475    13.5509     6.1981      1.275    29.7966    22.2590 -9.990e-29
 284.535660      1.308  35.908155    13.5500     6.1905      1.297    29.7896    22.2538 -9.990e-29
 284.535666      1.337  35.898266    13.5490     6.2008      1.326    29.7813    22.2475 -9.990e-29
 284.535671      1.373  35.893774    13.5483     6.2030      1.362    29.7777    22.2449 -9.990e-29
 284.535677      1.420  35.894837    13.5480     6.1940      1.408    29.7789    22.2459 -9.990e-29
 284.535683      1.480  35.896139    13.5480     6.1596      1.468    29.7800    22.2468 -9.990e-29
 284.535689      1.557  35.896599    13.5489     6.1773      1.544    29.7797    22.2464 -9.990e-29
 284.535694      1.651  35.906340    13.5524     6.1257      1.637    29.7859    22.2505 -9.990e-29
 284.535700      1.765  35.949538    13.5621     6.0821      1.750    29.8181    22.2734 -9.990e-29
 284.535706      1.905  36.066410    13.5795     6.0710      1.889    29.9121    22.3426 0.0000e+00
 284.535712      2.071  36.255355    13.5996     6.0562      2.054    30.0703    22.4608 0.0000e+00
 284.535718      2.263  36.449526    13.6149     6.0704      2.244    30.2371    22.5865 0.0000e+00
 284.535723      2.482  36.593519    13.6189     6.0390      2.461    30.3666    22.6857 0.0000e+00
 284.535729      2.731  36.673704    13.6129     6.0100      2.708    30.4452    22.7476 0.0000e+00
 284.535735      3.003  36.706782    13.6061     6.0152      2.978    30.4810    22.7766 0.0000e+00
 284.535741      3.287  36.721154    13.6019     5.9744      3.260    30.4975    22.7902 0.0000e+00
 284.535747      3.569  36.728680    13.5977     5.9940      3.539    30.5077    22.7989 0.0000e+00
 284.535752      3.848  36.733213    13.5885     5.9694      3.816    30.5191    22.8095 0.0000e+00
 284.535758      4.126  36.741342    13.5704     5.9206      4.092    30.5410    22.8300 0.0000e+00
 284.535764      4.415  36.759406    13.5490     5.8873      4.378    30.5747    22.8602 0.0000e+00
 284.535770      4.718  36.789067    13.5358     5.8394      4.679    30.6125    22.8921 0.0000e+00
 284.535775      5.039  36.827833    13.5374     5.8091      4.997    30.6470    22.9184 0.0000e+00
 284.535781      5.376  36.885911    13.5565     5.6731      5.331    30.6853    22.9442 0.0000e+00
 284.535787      5.725  36.974607    13.5874     5.5319      5.677    30.7423    22.9821 0.0000e+00
 284.535793      6.087  37.068171    13.6098     5.3551      6.036    30.8106    23.0304 0.0000e+00
 284.535799      6.459  37.141187    13.6123     5.1817      6.405    30.8759    23.0804 0.0000e+00
 284.535804      6.830  37.214799    13.6059     5.1858      6.773    30.9490    23.1381 0.0000e+00
 284.535810      7.194  37.312065    13.5957     5.1511      7.134    31.0471    23.2159 0.0000e+00
 284.535816      7.554  37.457876    13.5568     5.1148      7.491    31.2137    23.3523 0.0000e+00
 284.535822      7.918  37.654996    13.4602     4.9943      7.852    31.4758    23.5741 0.0000e+00
 284.535828      8.297  37.825549    13.3281     4.9678      8.228    31.7441    23.8077 0.0000e+00
 284.535833      8.695  37.911704    13.2141     4.9046      8.622    31.9200    23.9661 0.0000e+00
 284.535839      9.101  37.938079    13.1402     4.8770      9.025    32.0067    24.0478 0.0000e+00
 284.535845      9.504  37.940357    13.0855     4.8512      9.424    32.0549    24.0958 0.0000e+00
 284.535851      9.907  37.931060    13.0146     4.8109      9.824    32.1059    24.1492 0.0000e+00
 284.535856     10.323  37.912336    12.9236     4.8264     10.237    32.1653    24.2129 0.0000e+00
 284.535862     10.753  37.890019    12.8390     4.8003     10.663    32.2161    24.2687 0.0000e+00
 284.535868     11.190  37.869631    12.7789     4.7781     11.096    32.2479    24.3050 0.0000e+00
 284.535874     11.628  37.852530    12.7455     4.7407     11.531    32.2600    24.3208 0.0000e+00
 284.535880     12.056  37.841657    12.7302     4.6996     11.955    32.2626    24.3258 0.0000e+00
 284.535885     12.462  37.835938    12.7197     4.6717     12.358    32.2660    24.3305 0.0000e+00
 284.535891     12.847  37.830526    12.7077     4.6620     12.739    32.2710    24.3366 0.0000e+00
 284.535897     13.214  37.824351    12.6944     4.6746     13.103    32.2764    24.3434 0.0000e+00
 284.535903     13.556  37.817567    12.6786     4.6943     13.442    32.2833    24.3518 0.0000e+00
 284.535909     13.864  37.808957    12.6590     4.7155     13.748    32.2918    24.3622 0.0000e+00
 284.535914     14.134  37.798788    12.6440     4.7163     14.016    32.2949    24.3674 0.0000e+00
 284.535920     14.355  37.793095    12.6441     4.7145     14.235    32.2893    24.3631 0.0000e+00
 284.535926     14.522  37.797157    12.6551     4.7160     14.400    32.2837    24.3566 -9.990e-29
 284.535932     14.636  37.804600    12.6681     4.7173     14.513    32.2796    24.3509 -9.990e-29
 284.535937     14.708  37.807963    12.6823     4.7202     14.585    32.2706    24.3412 -9.990e-29
 284.535943     14.747  37.809475    12.6956     4.7108     14.623    32.2606    24.3310 -9.990e-29
 284.535949     14.757  37.808900    12.7031     4.7578     14.633    32.2536    24.3241 -9.990e-29
 284.535955     14.737  37.805457    12.7040     4.7560     14.613    32.2496    24.3208 -9.990e-29
 284.535961     14.690  37.804632    12.7006     4.7721     14.567    32.2517    24.3231 -9.990e-29
 284.535966     14.622  37.806991    12.6952     4.7432     14.499    32.2586    24.3295 -9.990e-29
 284.535972     14.538  37.807821    12.6885     4.7176     14.416    32.2652    24.3359 -9.990e-29
 284.535978     14.440  37.805971    12.6826     4.8791     14.319    32.2685    24.3396 -9.990e-29
 284.535984     14.327  37.805684    12.6837     5.0138     14.207    32.2673    24.3385 -9.990e-29
 284.535990     14.195  37.812165    12.6934     4.9832     14.076    32.2653    24.3350 0.0000e+00
 284.535995     14.050  37.822274    12.7024     4.9080     13.932    32.2672    24.3348 0.0000e+00
 284.536001     13.894  37.825937    12.7034     4.8026     13.778    32.2699    24.3366 0.0000e+00
 284.536007     13.726  37.822424    12.6998     4.7699     13.611    32.2697    24.3372 0.0000e+00
 284.536013     13.541  37.820488    12.6969     4.9897     13.428    32.2704    24.3383 0.0000e+00
 284.536019     13.326  37.822576    12.6957     5.0487     13.214    32.2735    24.3409 0.0000e+00
 284.536024     13.076  37.824172    12.6956     5.0909     12.966    32.2752    24.3423 0.0000e+00
 284.536030     12.797  37.824028    12.6970     5.0573     12.690    32.2740    24.3410 0.0000e+00
 284.536036     12.500  37.824178    12.7006     4.8285     12.395    32.2712    24.3381 0.0000e+00
 284.536042     12.197  37.825932    12.7063     4.7950     12.095    32.2681    24.3346 0.0000e+00
 284.536047     11.891  37.829372    12.7156     5.1377     11.791    32.2635    24.3293 0.0000e+00
 284.536053     11.578  37.834030    12.7305     5.3119     11.481    32.2553    24.3201 0.0000e+00
 284.536059     11.261  37.839380    12.7492     5.3507     11.167    32.2446    24.3081 0.0000e+00
 284.536065     10.944  37.845258    12.7723     5.3614     10.852    32.2305    24.2928 0.0000e+00
 284.536071     10.634  37.853887    12.8059     5.2041     10.545    32.2102    24.2705 0.0000e+00
 284.536076     10.331  37.865557    12.8467     5.1904     10.245    32.1865    24.2443 0.0000e+00
 284.536082     10.031  37.876764    12.8885     5.2260      9.947    32.1617    24.2169 0.0000e+00
 284.536088      9.725  37.885633    12.9427     5.4027      9.644    32.1241    24.1773 0.0000e+00
 284.536094      9.413  37.895574    13.0130     5.4451      9.334    32.0741    24.1248 0.0000e+00
 284.536100      9.095  37.910310    13.0847     5.4952      9.019    32.0274    24.0747 0.0000e+00
 284.536105      8.782  37.927069    13.1445     5.4361      8.709    31.9929    24.0362 0.0000e+00
 284.536111      8.483  37.939617    13.1809     5.4281      8.412    31.9741    24.0146 0.0000e+00
 284.536117      8.202  37.942831    13.1974     5.5093      8.133    31.9634    24.0030 0.0000e+00
 284.536123      7.931  37.936512    13.2106     5.6861      7.865    31.9464    23.9873 0.0000e+00
 284.536128      7.664  37.919509    13.2330     5.8634      7.600    31.9118    23.9561 0.0000e+00
 284.536134      7.397  37.875304    13.2755     5.9409      7.335    31.8349    23.8882 0.0000e+00
 284.536140      7.128  37.781927    13.3434     5.9957      7.068    31.6911    23.7636 0.0000e+00
 284.536146      6.859  37.611811    13.4229     5.9601      6.802    31.4668    23.5745 0.0000e+00
 284.536152      6.588  37.410457    13.4860     6.0073      6.533    31.2279    23.3774 0.0000e+00
 284.536157      6.313  37.313959    13.5256     6.0577      6.260    31.1062    23.2755 0.0000e+00
 284.536163      6.024  37.311330    13.5552     6.0852      5.974    31.0798    23.2492 0.0000e+00
 284.536169      5.715  37.264582    13.5731     6.1177      5.667    31.0221    23.2010 0.0000e+00
 284.536175      5.388  37.150040    13.5739     6.1288      5.343    30.9155    23.1186 0.0000e+00
 284.536181      5.053  37.030694    13.5656     6.1523      5.011    30.8120    23.0402 0.0000e+00
 284.536186      4.718  36.941105    13.5581     6.1894      4.679    30.7353    22.9825 0.0000e+00
 284.536192      4.387  36.876147    13.5558     6.2137      4.350    30.6772    22.9380 0.0000e+00
 284.536198      4.061  36.829137    13.5597     6.2051      4.027    30.6307    22.9014 0.0000e+00
 284.536204      3.736  36.794514    13.5689     6.2158      3.705    30.5915    22.8692 0.0000e+00
 284.536209      3.413  36.755044    13.5789     6.2051      3.384    30.5471    22.8330 0.0000e+00
 284.536215      3.097  36.693961    13.5857     6.1856      3.071    30.4854    22.7840 0.0000e+00
 284.536221      2.790  36.617229    13.5872     6.1290      2.767    30.4135    22.7282 0.0000e+00
 284.536227      2.489  36.562609    13.5836     6.0637      2.468    30.3661    22.6923 0.0000e+00
 284.536233      2.196  36.507139    13.5760     6.0428      2.178    30.3210    22.6590 0.0000e+00
 284.536238      1.914  36.367337    13.5650     6.5430      1.898    30.2009    22.5684 0.0000e+00
 284.536244      1.650  36.170253    13.5527     6.8158      1.636    30.0289    22.4380 0.0000e+00
 284.536250      1.415  36.023986    13.5400     6.9927      1.403    29.9041    22.3441 0.0000e+00
 284.536256      1.201  35.944156    13.5226     6.9628      1.191    29.8442    22.3013 0.0000e+00
 284.536262      1.003  35.890989    13.4926     6.8609      0.995    29.8186    22.2874 0.0000e+00
 284.536267      0.827  35.868661    13.4407     6.8078      0.820    29.8386    22.3130 0.0000e+00
 284.536273      0.676  35.868128    13.3653     6.7715      0.670    29.8972    22.3729 -9.990e-29
 284.536279      0.556  35.798484    13.2792     6.7238      0.551    29.9003    22.3920 -9.990e-29
 284.536285      0.463  35.420088    13.1902     6.7338      0.459    29.6189    22.1918 -9.990e-29
 284.536291      0.391  34.085546    13.0963     6.7491      0.388    28.4543    21.3100 -9.990e-29
 284.536296      0.334  29.943745    13.0038     6.7612      0.331    24.7182    18.4427 -9.990e-29
 284.536302      0.290  22.500556    12.9226     6.7663      0.288    18.0993    13.3541 -9.990e-29
 284.536308      0.256  14.627142    12.8590     6.7743      0.254    11.3435     8.1610 -9.990e-29
 284.536314      0.230   8.759369    12.8100 -9.990e-29      0.228     6.5294     4.4579 -9.990e-29
 284.536319      0.210   5.357781    12.7613 -9.990e-29      0.208     3.8608     2.4040 -9.990e-29
 284.536325      0.194   3.798462    12.7014 -9.990e-29      0.192     2.6807     1.4988 -9.990e-29
 284.536331      0.182   3.151949    12.6282 -9.990e-29      0.180     2.2034     1.1384 -9.990e-29
 284.536337      0.173   3.068307    12.5455 -9.990e-29      0.172     2.1461     1.1045 -9.990e-29
 284.536343      0.166   3.230156    12.4631 -9.990e-29      0.165     2.2712     1.2119 -9.990e-29
 284.536348      0.161   3.241322    12.3926 -9.990e-29      0.160     2.2838     1.2305 -9.990e-29
 284.536354      0.158   3.039609    12.3413 -9.990e-29      0.157     2.1363     1.1224 -9.990e-29
 284.536360      0.156   2.754458    12.3209 -9.990e-29      0.155     1.9258     0.9616 -9.990e-29
 284.536366      0.155   2.507729 -9.990e-29 -9.990e-29      0.154 -9.990e-29 -9.990e-29 -9.990e-29
