data/oxygen options/ONMS/Olympic_Coast_National_Marine_Sanctuary_CTD_Data_2005_2023/raw_data/2013/CAST_CA042_131010faedb.cnv
* Sea-Bird SBE19 Data File:
* FileName = C:\2013 Mooring Data\Recovery\Casts\CAST_CA042_131010.hex
* Software Version 1.59
* Temperature SN = 2997
* Conductivity SN = 2997
* System UpLoad Time = Oct 11 2013 08:16:51
** CAST_CA042_131010
* ds
# nquan = 9
# nvalues = 44                          
# units = specified
# name 0 = timeJ: Julian Days
# name 1 = prSM: Pressure, Strain Gauge [db]
# name 2 = c0mS/cm: Conductivity [mS/cm]
# name 3 = t090C: Temperature [ITS-90, deg C]
# name 4 = sbeox0ML/L: Oxygen, SBE 43 [ml/l]
# name 5 = depSM: Depth [salt water, m], lat = 47.5
# name 6 = sal00: Salinity, Practical [PSU]
# name 7 = sigma-é00: Density [sigma-theta, kg/m^3]
# name 8 = flag: flag
# span 0 = 283.664412, 283.666077       
# span 1 =      1.000,     44.000       
# span 2 =  36.091626,  38.348001       
# span 3 =     9.9454,    14.2765       
# span 4 =     0.0883,     6.0411       
# span 5 =      0.992,     43.628       
# span 6 =    30.8612,    32.9957       
# span 7 =    22.9346,    25.3949       
# span 8 = 0.0000e+00, 0.0000e+00       
# interval = decibars: 1                
# start_time = Oct 10 2013 15:52:32 [Instrument's time stamp, header]
# bad_flag = -9.990e-29
*END*
 283.664412      1.000  37.706647    14.2439     0.0883      0.992    30.8897    22.9633 0.0000e+00
 283.665352      2.000  37.704414    14.2765     5.5018      1.983    30.8612    22.9346 0.0000e+00
 283.665484      3.000  37.657382    14.2211     6.0411      2.975    30.8623    22.9468 0.0000e+00
 283.665502      4.000  37.638252    14.1816     6.0201      3.967    30.8760    22.9656 0.0000e+00
 283.665518      5.000  37.632611    14.1554     6.0221      4.958    30.8915    22.9828 0.0000e+00
 283.665533      6.000  37.654436    14.1549     5.9441      5.950    30.9114    22.9983 0.0000e+00
 283.665547      7.000  37.672231    14.1465     5.8915      6.941    30.9340    23.0176 0.0000e+00
 283.665560      8.000  37.688433    14.1274     5.8021      7.933    30.9638    23.0444 0.0000e+00
 283.665572      9.000  37.698002    14.1068     5.7643      8.924    30.9887    23.0678 0.0000e+00
 283.665584     10.000  37.716548    14.0798     5.7127      9.916    31.0270    23.1030 0.0000e+00
 283.665597     11.000  37.747560    14.0565     5.6571     10.907    31.0737    23.1438 0.0000e+00
 283.665609     12.000  37.781833    14.0238     5.6206     11.900    31.1311    23.1948 0.0000e+00
 283.665622     13.000  37.822936    13.9896     5.5992     12.891    31.1962    23.2519 0.0000e+00
 283.665635     14.000  37.873809    13.9338     5.5885     13.882    31.2879    23.3340 0.0000e+00
 283.665646     15.000  37.993157    13.8896     5.6005     14.874    31.4333    23.4553 0.0000e+00
 283.665658     16.000  38.089456    13.8775     5.6719     15.866    31.5315    23.5336 0.0000e+00
 283.665670     17.000  38.132898    13.8703     5.7431     16.858    31.5771    23.5702 0.0000e+00
 283.665683     18.000  38.173630    13.8660     5.7514     17.849    31.6178    23.6025 0.0000e+00
 283.665695     19.000  38.265739    13.8640     5.8042     18.841    31.7040    23.6696 0.0000e+00
 283.665707     20.000  38.348001    13.8019     5.8420     19.832    31.8310    23.7803 0.0000e+00
 283.665720     21.000  38.346376    13.6684     5.8786     20.824    31.9402    23.8915 0.0000e+00
 283.665734     22.000  38.294679    13.5863     5.7769     21.815    31.9603    23.9237 0.0000e+00
 283.665747     23.000  38.275038    13.5140     5.6957     22.807    32.0022    23.9705 0.0000e+00
 283.665759     24.000  38.258660    13.4674     5.7681     23.798    32.0256    23.9979 0.0000e+00
 283.665771     25.000  38.226431    13.4042     5.7097     24.790    32.0482    24.0281 0.0000e+00
 283.665786     26.000  38.197133    13.3959     5.4470     25.781    32.0274    24.0137 0.0000e+00
 283.665804     27.000  38.200779    13.3482     5.2697     26.773    32.0706    24.0566 0.0000e+00
 283.665820     28.000  38.033057    13.0585     5.0898     27.764    32.1576    24.1810 0.0000e+00
 283.665836     29.000  37.930860    12.9178     4.8473     28.756    32.1804    24.2262 0.0000e+00
 283.665850     30.000  37.846540    12.6795     4.7917     29.747    32.3035    24.3676 0.0000e+00
 283.665863     31.000  37.751859    12.4567     4.8539     30.739    32.4045    24.4886 0.0000e+00
 283.665877     32.000  37.674370    12.3039     4.9291     31.731    32.4619    24.5621 0.0000e+00
 283.665892     33.000  37.627225    12.2876     4.8001     32.722    32.4304    24.5408 0.0000e+00
 283.665911     34.000  37.689626    12.3937     4.5207     33.714    32.3980    24.4957 0.0000e+00
 283.665927     35.000  37.544059    12.0546     4.4121     34.705    32.5519    24.6789 0.0000e+00
 283.665940     36.000  37.345429    11.7627     4.4260     35.697    32.6145    24.7816 0.0000e+00
 283.665955     37.000  37.133354    11.5294     4.0129     36.688    32.6125    24.8228 0.0000e+00
 283.665972     38.000  37.072994    11.4565     3.6303     37.679    32.6176    24.8400 0.0000e+00
 283.665989     39.000  36.605016    10.5305     3.5966     38.671    32.9808    25.2857 0.0000e+00
 283.666004     40.000  36.148840    10.0074     3.6214     39.662    32.9957    25.3866 0.0000e+00
 283.666020     41.000  36.097703     9.9532     3.6291     40.654    32.9928    25.3934 0.0000e+00
 283.666037     42.000  36.093075     9.9539     3.6496     41.646    32.9869    25.3888 0.0000e+00
 283.666054     43.000  36.091626     9.9454     3.6422     42.637    32.9929    25.3949 0.0000e+00
 283.666077     44.000  36.098550     9.9596     3.6480     43.628    32.9864    25.3875 0.0000e+00
