data/oxygen options/ONMS/Olympic_Coast_National_Marine_Sanctuary_CTD_Data_2005_2023/raw_data/2013/CAST_TH015_131011faed.cnv
* Sea-Bird SBE19 Data File:
* FileName = C:\2013 Mooring Data\Recovery\Casts\CAST_TH015_131011.hex
* Software Version 1.59
* Temperature SN = 2997
* Conductivity SN = 2997
* System UpLoad Time = Oct 11 2013 13:56:31
** CAST_TH015_131011
* ds
# nquan = 9                                 
# nvalues = 637                         
# units = specified
# name 0 = timeJ: Julian Days
# name 1 = prSM: Pressure, Strain Gauge [db]
# name 2 = c0mS/cm: Conductivity [mS/cm]
# name 3 = t090C: Temperature [ITS-90, deg C]
# name 4 = sbeox0ML/L: Oxygen, SBE 43 [ml/l]
# name 5 = depSM: Depth [salt water, m], lat = 47.5
# name 6 = sal00: Salinity, Practical [PSU]
# name 7 = sigma-é00: Density [sigma-theta, kg/m^3]
# name 8 = flag: flag
# span 0 = 284.532685, 284.536366       
# span 1 =     -5.240,     14.757       
# span 2 =   0.555510,  37.942831       
# span 3 =    12.3209,    13.6548       
# span 4 =    -1.8243,    11.2054       
# span 5 =     -5.196,     14.633       
# span 6 =     0.3562,    32.2949       
# span 7 =    -0.3152,    24.3674       
# span 8 = 0.0000e+00, 0.0000e+00       
# interval = seconds: 0.5
# start_time = Oct 11 2013 12:47:04 [Instrument's time stamp, header]
# bad_flag = -9.990e-29
*END*
 284.532685     -5.240 -9.990e-29    12.7755    -1.8228     -5.196 -9.990e-29 -9.990e-29 -9.990e-29
 284.532691     -5.236   0.555510    12.7765    -1.8227     -5.192     0.3562    -0.3152 -9.990e-29
 284.532697     -5.232   0.560342    12.7783    -1.8228     -5.188     0.3594    -0.3130 -9.990e-29
 284.532703     -5.226   0.565420    12.7812    -1.8229     -5.182     0.3627    -0.3107 -9.990e-29
 284.532708     -5.219   0.569206    12.7849    -1.8230     -5.176     0.3652    -0.3092 -9.990e-29
 284.532714     -5.209   0.571580    12.7889    -1.8229     -5.166     0.3668    -0.3085 -9.990e-29
 284.532720     -5.197   0.573491    12.7928    -1.8231     -5.154     0.3680    -0.3081 -9.990e-29
 284.532726     -5.181   0.576749    12.7958    -1.8233     -5.138     0.3701    -0.3068 -9.990e-29
 284.532731     -5.161   0.582374    12.7974    -1.8235     -5.118     0.3738    -0.3041 -9.990e-29
 284.532737     -5.135   0.587713    12.7984    -1.8235     -5.092     0.3774    -0.3014 -9.990e-29
 284.532743     -5.102   0.588808    12.7986    -1.8234     -5.059     0.3781    -0.3009 -9.990e-29
 284.532749     -5.064   0.587673    12.7973    -1.8232     -5.022     0.3774    -0.3013 -9.990e-29
 284.532755     -5.026   0.589444    12.7952    -1.8231     -4.984     0.3786    -0.3001 -9.990e-29
 284.532760     -4.991   0.593162    12.7933    -1.8230     -4.949     0.3811    -0.2979 -9.990e-29
 284.532766     -4.956   0.594368    12.7914    -1.8231     -4.915     0.3819    -0.2971 -9.990e-29
 284.532772     -4.920   0.593011    12.7881    -1.8231     -4.879     0.3810    -0.2973 -9.990e-29
 284.532778     -4.884   0.592268    12.7838    -1.8231     -4.843     0.3806    -0.2971 -9.990e-29
 284.532784     -4.850   0.593364    12.7807    -1.8230     -4.810     0.3813    -0.2962 -9.990e-29
 284.532789     -4.816   0.595547    12.7796    -1.8230     -4.776     0.3828    -0.2949 -9.990e-29
 284.532795     -4.785   0.598961    12.7805    -1.8230     -4.745     0.3850    -0.2932 -9.990e-29
 284.532801     -4.758   0.603727    12.7826    -1.8229     -4.718     0.3882    -0.2910 -9.990e-29
 284.532807     -4.734   0.608445    12.7848    -1.8228     -4.695     0.3913    -0.2889 -9.990e-29
 284.532812     -4.711   0.612205    12.7857    -1.8227     -4.672     0.3938    -0.2870 -9.990e-29
 284.532818     -4.688   0.615039    12.7850    -1.8228     -4.649     0.3957    -0.2855 -9.990e-29
 284.532824     -4.663   0.617957    12.7838    -1.8227     -4.624     0.3977    -0.2838 -9.990e-29
 284.532830     -4.635   0.623188    12.7834    -1.8227     -4.596     0.4012    -0.2810 -9.990e-29
 284.532836     -4.602   0.630507    12.7842    -1.8228     -4.564     0.4060    -0.2773 -9.990e-29
 284.532841     -4.566   0.636378    12.7848    -1.8228     -4.528     0.4100    -0.2744 -9.990e-29
 284.532847     -4.533   0.639215    12.7846    -1.8229     -4.495     0.4118    -0.2729 -9.990e-29
 284.532853     -4.507   0.642248    12.7844    -1.8229     -4.469     0.4139    -0.2713 -9.990e-29
 284.532859     -4.484   0.648969    12.7849    -1.8230     -4.447     0.4184    -0.2678 -9.990e-29
 284.532865     -4.464   0.657816    12.7853    -1.8232     -4.427     0.4243    -0.2633 -9.990e-29
 284.532870     -4.445   0.664522    12.7851    -1.8231     -4.408     0.4288    -0.2597 -9.990e-29
 284.532876     -4.426   0.668057    12.7841    -1.8231     -4.389     0.4311    -0.2578 -9.990e-29
 284.532882     -4.406   0.672028    12.7821    -1.8230     -4.369     0.4338    -0.2554 -9.990e-29
 284.532888     -4.383   0.679515    12.7796    -1.8231     -4.346     0.4389    -0.2512 -9.990e-29
 284.532894     -4.357   0.688315    12.7772    -1.8231     -4.321     0.4448    -0.2463 -9.990e-29
 284.532899     -4.325   0.695207    12.7745    -1.8231     -4.289     0.4495    -0.2423 -9.990e-29
 284.532905     -4.290   0.701625    12.7713    -1.8231     -4.254     0.4538    -0.2385 -9.990e-29
 284.532911     -4.257   0.709479    12.7683    -1.8230     -4.222     0.4591    -0.2340 -9.990e-29
 284.532917     -4.230   0.716503    12.7666    -1.8232     -4.195     0.4639    -0.2301 -9.990e-29
 284.532922     -4.207   0.719875    12.7667    -1.8231     -4.172     0.4661    -0.2283 -9.990e-29
 284.532928     -4.185   0.719106    12.7676    -1.8231     -4.150     0.4656    -0.2289 -9.990e-29
 284.532934     -4.165   0.715944    12.7680    -1.8229     -4.130     0.4635    -0.2306 -9.990e-29
 284.532940     -4.143   0.713930    12.7680    -1.8227     -4.108     0.4621    -0.2316 -9.990e-29
 284.532946     -4.120   0.714813    12.7684    -1.8224     -4.086     0.4627    -0.2312 -9.990e-29
 284.532951     -4.093   0.715894    12.7695    -1.8222     -4.059     0.4634    -0.2308 -9.990e-29
 284.532957     -4.060   0.714182    12.7703    -1.8221     -4.026     0.4623    -0.2318 -9.990e-29
 284.532963     -4.025   0.711830    12.7698    -1.8221     -3.991     0.4607    -0.2330 -9.990e-29
 284.532969     -3.993   0.712904    12.7687    -1.8222     -3.960     0.4614    -0.2323 -9.990e-29
 284.532975     -3.967   0.716624    12.7691    -1.8222     -3.934     0.4639    -0.2304 -9.990e-29
 284.532980     -3.944   0.719086    12.7714    -1.8222     -3.911     0.4655    -0.2294 -9.990e-29
 284.532986     -3.924   0.719143    12.7750    -1.8224     -3.891     0.4655    -0.2298 -9.990e-29
 284.532992     -3.905   0.719088    12.7795    -1.8227     -3.872     0.4654    -0.2305 -9.990e-29
 284.532998     -3.886   0.721067    12.7848    -1.8231     -3.854     0.4667    -0.2301 -9.990e-29
 284.533003     -3.866   0.724396    12.7896    -1.8233     -3.834     0.4689    -0.2290 -9.990e-29
 284.533009     -3.844   0.727422    12.7922    -1.8234     -3.812     0.4709    -0.2278 -9.990e-29
 284.533015     -3.818   0.729748    12.7930    -1.8238     -3.786     0.4724    -0.2267 -9.990e-29
 284.533021     -3.786   0.731154    12.7931    -1.8242     -3.754     0.4734    -0.2260 -9.990e-29
 284.533027     -3.751   0.731301    12.7928    -1.8242     -3.720     0.4735    -0.2259 -9.990e-29
 284.533032     -3.719   0.730386    12.7907    -1.8243     -3.688     0.4729    -0.2261 -9.990e-29
 284.533038     -3.692   0.729406    12.7855    -1.8242     -3.661     0.4723    -0.2259 -9.990e-29
 284.533044     -3.668   0.729828    12.7779    -1.8241     -3.637     0.4727    -0.2246 -9.990e-29
 284.533050     -3.647   0.731662    12.7700    -1.8239     -3.617     0.4740    -0.2226 -9.990e-29
 284.533056     -3.626   0.732923    12.7630    -1.8237     -3.596     0.4749    -0.2210 -9.990e-29
 284.533061     -3.605   0.732521    12.7559    -1.8234     -3.575     0.4748    -0.2203 -9.990e-29
 284.533067     -3.581   0.732141    12.7480    -1.8232     -3.551     0.4746    -0.2194 -9.990e-29
 284.533073     -3.559   0.732938    12.7413    -1.8231     -3.529     0.4752    -0.2181 -9.990e-29
 284.533079     -3.540   0.733207    12.7374    -1.8230     -3.510     0.4755    -0.2174 -9.990e-29
 284.533084     -3.520   0.732755    12.7360    -1.8228     -3.491     0.4752    -0.2175 -9.990e-29
 284.533090     -3.496   0.733750    12.7370    -1.8228     -3.467     0.4758    -0.2171 -9.990e-29
 284.533096     -3.476   0.735306    12.7404    -1.8230     -3.447     0.4768    -0.2167 -9.990e-29
 284.533102     -3.459   0.734514    12.7456    -1.8230     -3.430     0.4762    -0.2178 -9.990e-29
 284.533108     -3.439   0.731979    12.7515    -1.8230     -3.410     0.4745    -0.2199 -9.990e-29
 284.533113     -3.420   0.730972    12.7578    -1.8227     -3.391     0.4737    -0.2213 -9.990e-29
 284.533119     -3.404   0.732368    12.7639    -1.8224     -3.376     0.4746    -0.2214 -9.990e-29
 284.533125     -3.390   0.733599    12.7688    -1.8219     -3.362     0.4753    -0.2214 -9.990e-29
 284.533131     -3.377   0.732430    12.7729    -1.8213     -3.349     0.4745    -0.2226 -9.990e-29
 284.533137     -3.366   0.729519    12.7757    -1.8208     -3.338     0.4725    -0.2245 -9.990e-29
 284.533142     -3.354   0.727082    12.7764    -1.8203     -3.326     0.4709    -0.2259 -9.990e-29
 284.533148     -3.341   0.726303    12.7759    -1.8198     -3.313     0.4703    -0.2262 -9.990e-29
 284.533154     -3.327   0.725592    12.7767    -1.8196     -3.299     0.4698    -0.2267 -9.990e-29
 284.533160     -3.310   0.722892    12.7803    -1.8197     -3.282     0.4680    -0.2286 -9.990e-29
 284.533166     -3.290   0.719037    12.7874    -1.8197     -3.263     0.4653    -0.2316 -9.990e-29
 284.533171     -3.264   0.716091    12.7982    -1.8199     -3.237     0.4632    -0.2346 -9.990e-29
 284.533177     -3.237   0.714561    12.8122    -1.8199     -3.210     0.4620    -0.2372 -9.990e-29
 284.533183     -3.214   0.712963    12.8277    -1.8201     -3.187     0.4607    -0.2402 -9.990e-29
 284.533189     -3.194   0.709720    12.8431    -1.8202     -3.167     0.4584    -0.2439 -9.990e-29
 284.533194     -3.171   0.705496    12.8572    -1.8204     -3.145     0.4554    -0.2480 -9.990e-29
 284.533200     -3.149   0.701862    12.8683    -1.8206     -3.123     0.4528    -0.2514 -9.990e-29
 284.533206     -3.131   0.699515    12.8743    -1.8211     -3.105     0.4512    -0.2535 -9.990e-29
 284.533212     -3.114   0.698653    12.8758    -1.8216     -3.088     0.4506    -0.2541 -9.990e-29
 284.533218     -3.099   0.698683    12.8748    -1.8221     -3.073     0.4506    -0.2540 -9.990e-29
 284.533223     -3.083   0.698536    12.8723    -1.8223     -3.057     0.4506    -0.2537 -9.990e-29
 284.533229     -3.067   0.698019    12.8688    -1.8224     -3.041     0.4502    -0.2535 -9.990e-29
 284.533235     -3.049   0.698106    12.8647    -1.8226     -3.024     0.4504    -0.2529 -9.990e-29
 284.533241     -3.028   0.699468    12.8603    -1.8228     -3.003     0.4513    -0.2516 -9.990e-29
 284.533247     -3.002   0.701154    12.8550    -1.8231     -2.977     0.4525    -0.2500 -9.990e-29
 284.533252     -2.975   0.701536    12.8475    -1.8230     -2.950     0.4529    -0.2488 -9.990e-29
 284.533258     -2.948   0.700015    12.8373    -1.8231     -2.923     0.4519    -0.2482 -9.990e-29
 284.533264     -2.921   0.697337    12.8258    -1.8233     -2.897     0.4503    -0.2481 -9.990e-29
 284.533270     -2.895   0.694365    12.8152    -1.8234     -2.871     0.4484    -0.2482 -9.990e-29
 284.533275     -2.874   0.692122    12.8068    -1.8234     -2.850     0.4470    -0.2482 -9.990e-29
 284.533281     -2.855   0.692052    12.8006    -1.8235     -2.831     0.4470    -0.2474 -9.990e-29
 284.533287     -2.838   0.694063    12.7955    -1.8235     -2.814     0.4484    -0.2457 -9.990e-29
 284.533293     -2.822   0.695852    12.7908    -1.8236     -2.798     0.4497    -0.2441 -9.990e-29
 284.533299     -2.805   0.695373    12.7867    -1.8235     -2.782     0.4494    -0.2438 -9.990e-29
 284.533304     -2.791   0.693097    12.7833    -1.8233     -2.768     0.4479    -0.2446 -9.990e-29
 284.533310     -2.784   0.691531    12.7799    -1.8232     -2.761     0.4469    -0.2449 -9.990e-29
 284.533316     -2.777   0.692467    12.7768    -1.8229     -2.754     0.4476    -0.2440 -9.990e-29
 284.533322     -2.768   0.694386    12.7746    -1.8226     -2.745     0.4489    -0.2427 -9.990e-29
 284.533328     -2.755   0.694307    12.7735    -1.8223     -2.732     0.4489    -0.2426 -9.990e-29
 284.533333     -2.737   0.691573    12.7729    -1.8221     -2.714     0.4470    -0.2440 -9.990e-29
 284.533339     -2.718   0.688082    12.7724    -1.8222     -2.695     0.4447    -0.2457 -9.990e-29
 284.533345     -2.700   0.685826    12.7727    -1.8226     -2.677     0.4432    -0.2469 -9.990e-29
 284.533351     -2.678   0.684569    12.7749    -1.8229     -2.656     0.4423    -0.2479 -9.990e-29
 284.533356     -2.651   0.683191    12.7783    -1.8233     -2.629     0.4413    -0.2491 -9.990e-29
 284.533362     -2.626   0.682627    12.7827    -1.8235     -2.604     0.4409    -0.2500 -9.990e-29
 284.533368     -2.605   0.684896    12.7893    -1.8236     -2.583     0.4424    -0.2497 -9.990e-29
 284.533374     -2.588   0.689147    12.7975    -1.8236     -2.566     0.4451    -0.2485 -9.990e-29
 284.533380     -2.572   0.691080    12.8045    -1.8236     -2.551     0.4463    -0.2485 -9.990e-29
 284.533385     -2.556   0.688841    12.8075    -1.8233     -2.535     0.4448    -0.2500 -9.990e-29
 284.533391     -2.541   0.686096    12.8053    -1.8223     -2.520     0.4430    -0.2512 -9.990e-29
 284.533397     -2.525   0.686387    12.7990    -1.8213     -2.504     0.4432    -0.2502 -9.990e-29
 284.533403     -2.511   0.687887    12.7911    -1.8207     -2.490     0.4443    -0.2483 -9.990e-29
 284.533409     -2.503   0.687244    12.7836    -1.8206     -2.482     0.4440    -0.2477 -9.990e-29
 284.533414     -2.495   0.684710    12.7781    -1.8207     -2.474     0.4424    -0.2483 -9.990e-29
 284.533420     -2.484   0.682077    12.7755    -1.8208     -2.463     0.4406    -0.2493 -9.990e-29
 284.533426     -2.467   0.680266    12.7760    -1.8207     -2.446     0.4394    -0.2503 -9.990e-29
 284.533432     -2.445   0.679260    12.7810    -1.8206     -2.425     0.4387    -0.2515 -9.990e-29
 284.533437     -2.420   0.678274    12.7936    -1.8206     -2.400     0.4379    -0.2537 -9.990e-29
 284.533443     -2.399   0.676546    12.8134    -1.8205     -2.379     0.4365    -0.2572 -9.990e-29
 284.533449     -2.381   0.673986    12.8340    -1.8207     -2.361     0.4345    -0.2613 -9.990e-29
 284.533455     -2.360   0.672168    12.8487    -1.8205     -2.340     0.4332    -0.2643 -9.990e-29
 284.533461     -2.339   0.673100    12.8556    -1.8203     -2.319     0.4337    -0.2647 -9.990e-29
 284.533466     -2.322   0.675806    12.8570    -1.8202     -2.303     0.4355    -0.2635 -9.990e-29
 284.533472     -2.306   0.677801    12.8564    -1.8199     -2.287     0.4369    -0.2624 -9.990e-29
 284.533478     -2.292   0.678976    12.8562    -1.8194     -2.273     0.4376    -0.2617 -9.990e-29
 284.533484     -2.278   0.682004    12.8564    -1.8188     -2.259     0.4397    -0.2602 -9.990e-29
 284.533490     -2.263   0.688154    12.8563    -1.8184     -2.244     0.4438    -0.2570 -9.990e-29
 284.533495     -2.246   0.695100    12.8553    -1.8182     -2.227     0.4484    -0.2532 -9.990e-29
 284.533501     -2.231   0.702132    12.8538    -1.8186     -2.212     0.4532    -0.2493 -9.990e-29
 284.533507     -2.220   0.710317    12.8538    -1.8189     -2.201     0.4587    -0.2451 -9.990e-29
 284.533513     -2.210   0.719487    12.8548    -1.8188     -2.192     0.4648    -0.2404 -9.990e-29
 284.533519     -2.194   0.730236    12.8554    -1.8187     -2.176     0.4720    -0.2349 -9.990e-29
 284.533524     -2.177   0.746372    12.8556    -1.8185     -2.159     0.4829    -0.2265 -9.990e-29
 284.533530     -2.166   0.773896    12.8563    -1.8182     -2.148     0.5014    -0.2121 -9.990e-29
 284.533536     -2.159   0.815161    12.8578    -1.8183     -2.141     0.5292    -0.1907 -9.990e-29
 284.533542     -2.153   0.865907    12.8598    -1.8183     -2.135     0.5635    -0.1642 -9.990e-29
 284.533547     -2.147   0.914017    12.8610    -1.8182     -2.129     0.5961    -0.1390 -9.990e-29
 284.533553     -2.136   0.944409    12.8601    -1.8180     -2.118     0.6168    -0.1227 -9.990e-29
 284.533559     -2.120   0.952728    12.8586    -1.8182     -2.102     0.6225    -0.1181 -9.990e-29
 284.533565     -2.105   0.947296    12.8582    -1.8182     -2.087     0.6188    -0.1210 -9.990e-29
 284.533571     -2.097   0.940262    12.8591    -1.8182     -2.080     0.6140    -0.1248 -9.990e-29
 284.533576     -2.088   0.940532    12.8616    -1.8181     -2.071     0.6142    -0.1250 -9.990e-29
 284.533582     -2.076   0.948467    12.8644    -1.8177     -2.059     0.6195    -0.1212 -9.990e-29
 284.533588     -2.063   0.957470    12.8654    -1.8175     -2.046     0.6257    -0.1166 -9.990e-29
 284.533594     -2.052   0.962923    12.8648    -1.8174     -2.035     0.6294    -0.1136 -9.990e-29
 284.533600     -2.044   0.967109    12.8638    -1.8177     -2.027     0.6323    -0.1112 -9.990e-29
 284.533605     -2.037   0.975055    12.8628    -1.8176     -2.020     0.6377    -0.1069 -9.990e-29
