data/oxygen options/ONMS/Olympic_Coast_National_Marine_Sanctuary_CTD_Data_2005_2023/raw_data/2013/CAST_KL015_130726faed.cnv
* Sea-Bird SBE19 Data File:
* FileName = C:\2013 Mooring Data\1st Service\Casts\CAST_KL015_130726.hex
* Software Version 1.59
* Temperature SN = 2997
* Conductivity SN = 2997
* System UpLoad Time = Jul 26 2013 11:00:02
** CAST_KL015_130726
* ds
# nquan = 9                                 
# nvalues = 742                         
# units = specified
# name 0 = timeJ: Julian Days
# name 1 = prSM: Pressure, Strain Gauge [db]
# name 2 = c0mS/cm: Conductivity [mS/cm]
# name 3 = t090C: Temperature [ITS-90, deg C]
# name 4 = sbeox0ML/L: Oxygen, SBE 43 [ml/l]
# name 5 = depSM: Depth [salt water, m], lat = 47.5
# name 6 = sal00: Salinity, Practical [PSU]
# name 7 = sigma-é00: Density [sigma-theta, kg/m^3]
# name 8 = flag: flag
# span 0 = 207.413056, 207.417344       
# span 1 =     -5.460,     13.176       
# span 2 =   0.011261,  35.229558       
# span 3 =     7.2403,    13.0446       
# span 4 =    -1.8495,    10.0746       
# span 5 =     -5.415,     13.066       
# span 6 =     0.0112,    33.7615       
# span 7 =    -0.6172,    26.3389       
# span 8 = 0.0000e+00, 0.0000e+00       
# interval = seconds: 0.5
# start_time = Jul 26 2013 09:54:48 [Instrument's time stamp, header]
# bad_flag = -9.990e-29
*END*
[from data line 481]
 207.415839      1.030  34.669645     8.1014     4.5815      1.021    33.2499    25.8847 -9.990e-29
 207.415845      1.035  34.661567     8.0950     4.6485      1.026    33.2474    25.8836 -9.990e-29
 207.415851      1.033  34.658218     8.0979     4.8775      1.024    33.2411    25.8782 -9.990e-29
 207.415856      1.019  34.660787     8.1056     4.9454      1.010    33.2365    25.8735 -9.990e-29
 207.415862      0.998  34.666026     8.1114     4.9824      0.990    33.2366    25.8727 -9.990e-29
 207.415868      0.980  34.669744     8.1109     4.9077      0.972    33.2410    25.8763 -9.990e-29
 207.415874      0.977  34.667943     8.1037     4.8198      0.969    33.2459    25.8812 -9.990e-29
 207.415880      0.988  34.659326     8.0951     4.8044      0.980    33.2449    25.8817 -9.990e-29
 207.415885      1.003  34.652537     8.0927     4.7799      0.995    33.2400    25.8781 -9.990e-29
 207.415891      1.009  34.654172     8.0965     4.7886      1.001    33.2381    25.8761 -9.990e-29
 207.415897      1.006  34.659657     8.1000     4.8503      0.998    33.2406    25.8776 -9.990e-29
 207.415903      1.002  34.662836     8.0994     4.8756      0.994    33.2446    25.8808 -9.990e-29
 207.415909      1.002  34.661198     8.0964     4.7802      0.994    33.2457    25.8821 -9.990e-29
 207.415914      1.006  34.657011     8.0935     4.7174      0.998    33.2440    25.8812 -9.990e-29
 207.415920      1.014  34.654744     8.0921     4.6822      1.006    33.2429    25.8805 -9.990e-29
 207.415926      1.027  34.654704     8.0925     4.6917      1.018    33.2425    25.8801 -9.990e-29
 207.415932      1.040  34.655688     8.0939     4.7316      1.031    33.2422    25.8797 -9.990e-29
 207.415938      1.047  34.657857     8.0956     4.7508      1.038    33.2429    25.8800 -9.990e-29
 207.415943      1.047  34.659593     8.0961     4.7758      1.038    33.2442    25.8810 -9.990e-29
 207.415949      1.050  34.659258     8.0935     4.7647      1.041    33.2463    25.8830 -9.990e-29
 207.415955      1.059  34.655258     8.0888     4.7493      1.050    33.2465    25.8839 -9.990e-29
 207.415961      1.072  34.649512     8.0865     4.7276      1.063    33.2426    25.8811 -9.990e-29
 207.415966      1.079  34.648889     8.0889     4.7149      1.070    33.2396    25.8784 -9.990e-29
 207.415972      1.078  34.653649     8.0939     4.7304      1.069    33.2400    25.8780 -9.990e-29
 207.415978      1.073  34.658347     8.0973     4.7332      1.064    33.2418    25.8789 -9.990e-29
 207.415984      1.072  34.661377     8.0975     4.7445      1.063    33.2448    25.8812 -9.990e-29
 207.415990      1.079  34.662829     8.0961     4.7405      1.070    33.2477    25.8837 -9.990e-29
 207.415995      1.094  34.661251     8.0933     4.7248      1.085    33.2486    25.8849 -9.990e-29
 207.416001      1.115  34.656189     8.0895     4.7354      1.106    33.2468    25.8840 -9.990e-29
 207.416007      1.133  34.652065     8.0876     4.7362      1.124    33.2442    25.8822 -9.990e-29
 207.416013      1.147  34.653429     8.0877     4.7545      1.137    33.2456    25.8833 -9.990e-29
 207.416019      1.156  34.655910     8.0872     4.7664      1.146    33.2487    25.8858 -9.990e-29
 207.416024      1.162  34.655505     8.0856     4.7439      1.152    33.2498    25.8869 -9.990e-29
 207.416030      1.165  34.655006     8.0843     4.7373      1.155    33.2505    25.8876 -9.990e-29
 207.416036      1.164  34.655396     8.0845     4.7367      1.154    33.2507    25.8878 -9.990e-29
 207.416042      1.161  34.656046     8.0863     4.7452      1.151    33.2497    25.8867 -9.990e-29
 207.416047      1.154  34.657792     8.0899     4.7604      1.144    33.2482    25.8850 -9.990e-29
 207.416053      1.143  34.660691     8.0943     4.7542      1.133    33.2471    25.8835 -9.990e-29
 207.416059      1.133  34.663541     8.0975     4.7559      1.124    33.2471    25.8830 -9.990e-29
 207.416065      1.130  34.665631     8.0982     4.7535      1.121    33.2486    25.8841 -9.990e-29
 207.416071      1.134  34.665241     8.0961     4.7458      1.125    33.2502    25.8857 -9.990e-29
 207.416076      1.138  34.661821     8.0935     4.7518      1.128    33.2490    25.8851 -9.990e-29
 207.416082      1.137  34.659742     8.0938     4.7377      1.128    33.2465    25.8831 -9.990e-29
 207.416088      1.131  34.661241     8.0967     4.7362      1.122    33.2454    25.8818 -9.990e-29
 207.416094      1.120  34.663805     8.0993     4.7312      1.111    33.2456    25.8816 -9.990e-29
 207.416100      1.108  34.665223     8.1004     4.7300      1.099    33.2461    25.8818 -9.990e-29
 207.416105      1.101  34.665677     8.1004     4.7353      1.092    33.2466    25.8822 -9.990e-29
 207.416111      1.104  34.665183     8.0991     4.7365      1.095    33.2473    25.8830 -9.990e-29
 207.416117      1.114  34.663053     8.0971     4.7449      1.105    33.2469    25.8830 -9.990e-29
 207.416123      1.121  34.662019     8.0966     4.7459      1.112    33.2463    25.8825 -9.990e-29
 207.416128      1.122  34.664033     8.0980     4.7455      1.113    33.2471    25.8830 -9.990e-29
 207.416134      1.122  34.666707     8.0997     4.7378      1.113    33.2484    25.8837 -9.990e-29
 207.416140      1.125  34.667979     8.1005     4.7340      1.116    33.2490    25.8840 -9.990e-29
 207.416146      1.131  34.668955     8.1005     4.7466      1.122    33.2500    25.8849 -9.990e-29
 207.416152      1.139  34.670346     8.0994     4.7439      1.129    33.2525    25.8870 -9.990e-29
 207.416157      1.148  34.671736     8.0986     4.7515      1.138    33.2547    25.8889 -9.990e-29
 207.416163      1.152  34.673268     8.0996     4.7440      1.142    33.2554    25.8893 -9.990e-29
 207.416169      1.153  34.674155     8.1019     4.7458      1.143    33.2542    25.8879 -9.990e-29
 207.416175      1.150  34.674990     8.1049     4.7488      1.140    33.2522    25.8860 -9.990e-29
 207.416181      1.147  34.676858     8.1082     4.7537      1.137    33.2511    25.8846 -9.990e-29
 207.416186      1.148  34.678860     8.1107     4.7500      1.138    33.2509    25.8840 -9.990e-29
 207.416192      1.150  34.679716     8.1119     4.7461      1.140    33.2506    25.8837 -9.990e-29
 207.416198      1.148  34.679418     8.1125     4.7444      1.138    33.2497    25.8829 -9.990e-29
 207.416204      1.141  34.679219     8.1131     4.7371      1.131    33.2490    25.8822 -9.990e-29
 207.416209      1.134  34.679385     8.1135     4.7452      1.125    33.2488    25.8820 -9.990e-29
 207.416215      1.135  34.678985     8.1128     4.7338      1.126    33.2490    25.8823 -9.990e-29
 207.416221      1.144  34.677458     8.1104     4.7392      1.134    33.2496    25.8831 -9.990e-29
 207.416227      1.153  34.674979     8.1072     4.7291      1.143    33.2500    25.8839 -9.990e-29
 207.416233      1.157  34.672691     8.1049     4.7261      1.147    33.2498    25.8840 -9.990e-29
 207.416238      1.159  34.672556     8.1042     4.7297      1.149    33.2503    25.8846 -9.990e-29
 207.416244      1.157  34.674363     8.1051     4.8569      1.147    33.2514    25.8853 -9.990e-29
 207.416250      1.151  34.675450     8.1065     4.7855      1.141    33.2512    25.8849 -9.990e-29
 207.416256      1.146  34.674435     8.1060     4.7082      1.136    33.2506    25.8845 -9.990e-29
 207.416262      1.149  34.671617     8.1031     4.6457      1.139    33.2504    25.8848 -9.990e-29
 207.416267      1.161  34.669370     8.1001     4.6034      1.151    33.2508    25.8855 -9.990e-29
 207.416273      1.174  34.670270     8.0983     4.6862      1.164    33.2535    25.8879 -9.990e-29
 207.416279      1.185  34.672126     8.0984     4.7208      1.175    33.2553    25.8894 -9.990e-29
 207.416285      1.193  34.672341     8.1004     4.7195      1.183    33.2537    25.8878 -9.990e-29
 207.416291      1.205  34.672293     8.1024     4.7066      1.195    33.2517    25.8859 -9.990e-29
 207.416296      1.225  34.672447     8.1033     4.6860      1.215    33.2510    25.8852 -9.990e-29
 207.416302      1.245  34.672980     8.1042     4.6875      1.235    33.2507    25.8849 -9.990e-29
 207.416308      1.255  34.674572     8.1053     4.6951      1.245    33.2514    25.8852 -9.990e-29
 207.416314      1.250  34.675955     8.1064     4.6937      1.240    33.2518    25.8854 -9.990e-29
 207.416319      1.235  34.676704     8.1072     4.6948      1.225    33.2518    25.8853 -9.990e-29
 207.416325      1.221  34.677229     8.1071     4.6878      1.211    33.2525    25.8858 -9.990e-29
 207.416331      1.216  34.677079     8.1061     4.6809      1.206    33.2533    25.8866 -9.990e-29
 207.416337      1.216  34.676026     8.1055     4.6886      1.206    33.2527    25.8863 -9.990e-29
 207.416343      1.216  34.675436     8.1061     4.6914      1.206    33.2515    25.8852 -9.990e-29
 207.416348      1.216  34.676173     8.1066     4.6888      1.206    33.2518    25.8854 -9.990e-29
 207.416354      1.216  34.676388     8.1045     4.6823      1.206    33.2541    25.8875 -9.990e-29
 207.416360      1.221  34.673539     8.0986     4.6785      1.211    33.2566    25.8903 -9.990e-29
 207.416366      1.234  34.667159     8.0918     4.6736      1.224    33.2563    25.8911 -9.990e-29
 207.416372      1.249  34.661591     8.0888     4.6764      1.239    33.2532    25.8891 -9.990e-29
 207.416377      1.253  34.661702     8.0905     4.6722      1.243    33.2517    25.8877 -9.990e-29
 207.416383      1.248  34.665369     8.0937     4.6844      1.238    33.2526    25.8879 -9.990e-29
 207.416389      1.240  34.667928     8.0955     4.6764      1.230    33.2536    25.8884 -9.990e-29
 207.416395      1.233  34.668284     8.0957     4.6752      1.223    33.2538    25.8885 -9.990e-29
 207.416400      1.228  34.666883     8.0955     4.6622      1.218    33.2525    25.8875 -9.990e-29
 207.416406      1.224  34.665746     8.0954     4.6569      1.214    33.2514    25.8867 -9.990e-29
 207.416412      1.220  34.666128     8.0951     4.6618      1.210    33.2521    25.8873 -9.990e-29
 207.416418      1.222  34.666270     8.0941     4.6766      1.212    33.2532    25.8883 -9.990e-29
 207.416424      1.232  34.665769     8.0929     4.6775      1.222    33.2538    25.8889 -9.990e-29
 207.416429      1.248  34.666169     8.0935     4.6891      1.238    33.2536    25.8887 -9.990e-29
 207.416435      1.266  34.669655     8.0969     4.6888      1.255    33.2541    25.8886 -9.990e-29
 207.416441      1.287  34.675243     8.1007     4.6978      1.276    33.2564    25.8899 -9.990e-29
 207.416447      1.313  34.678591     8.1029     4.6942      1.302    33.2579    25.8907 -9.990e-29
 207.416453      1.342  34.679654     8.1042     4.6961      1.331    33.2578    25.8904 -9.990e-29
 207.416458      1.370  34.681503     8.1062     4.7237      1.359    33.2578    25.8902 -9.990e-29
 207.416464      1.403  34.684333     8.1091     4.9123      1.391    33.2581    25.8899 -9.990e-29
 207.416470      1.449  34.686286     8.1127     4.9046      1.437    33.2567    25.8883 -9.990e-29
 207.416476      1.509  34.687136     8.1156     4.7863      1.496    33.2548    25.8864 -9.990e-29
 207.416481      1.589  34.687987     8.1174     4.6885      1.576    33.2540    25.8855 -9.990e-29
 207.416487      1.688  34.688824     8.1183     4.5359      1.674    33.2540    25.8854 -9.990e-29
 207.416493      1.804  34.689053     8.1177     4.4284      1.789    33.2548    25.8861 -9.990e-29
 207.416499      1.940  34.687270     8.1124     4.2197      1.924    33.2578    25.8893 0.0000e+00
 207.416505      2.106  34.681067     8.0961     3.8866      2.088    33.2666    25.8986 0.0000e+00
 207.416510      2.307  34.668307     8.0646     3.4700      2.288    33.2829    25.9159 0.0000e+00
 207.416516      2.543  34.653788     8.0183     3.0570      2.522    33.3113    25.9451 0.0000e+00
 207.416522      2.808  34.650043     7.9668     2.6907      2.785    33.3563    25.9879 0.0000e+00
 207.416528      3.088  34.667167     7.9245     2.7672      3.062    33.4149    26.0401 0.0000e+00
 207.416534      3.373  34.692105     7.8811     2.8414      3.345    33.4831    26.1000 0.0000e+00
 207.416539      3.657  34.691976     7.8101     2.7297      3.626    33.5510    26.1637 0.0000e+00
 207.416545      3.943  34.653132     7.7056     2.4987      3.910    33.6099    26.2250 0.0000e+00
 207.416551      4.240  34.591515     7.5889     2.1374      4.205    33.6561    26.2781 0.0000e+00
 207.416557      4.553  34.531547     7.4942     2.0857      4.515    33.6830    26.3127 0.0000e+00
 207.416563      4.869  34.482866     7.4428     2.4523      4.828    33.6800    26.3176 0.0000e+00
 207.416568      5.178  34.448470     7.4201     2.6860      5.135    33.6646    26.3087 0.0000e+00
 207.416574      5.490  34.426111     7.3988     2.5556      5.444    33.6609    26.3088 0.0000e+00
 207.416580      5.822  34.402923     7.3719     2.4053      5.773    33.6617    26.3132 0.0000e+00
 207.416586      6.177  34.378770     7.3458     2.0722      6.125    33.6606    26.3161 0.0000e+00
 207.416591      6.552  34.360068     7.3257     2.0058      6.497    33.6597    26.3181 0.0000e+00
 207.416597      6.941  34.347056     7.3118     2.0786      6.883    33.6589    26.3194 0.0000e+00
 207.416603      7.338  34.338038     7.3009     2.0952      7.277    33.6595    26.3214 0.0000e+00
 207.416609      7.744  34.329925     7.2895     2.1597      7.679    33.6615    26.3246 0.0000e+00
 207.416615      8.158  34.321397     7.2775     2.1517      8.090    33.6637    26.3281 0.0000e+00
 207.416620      8.582  34.313379     7.2661     2.1511      8.510    33.6659    26.3314 0.0000e+00
 207.416626      9.011  34.306358     7.2567     2.1546      8.936    33.6672    26.3337 0.0000e+00
 207.416632      9.439  34.301029     7.2507     2.2145      9.360    33.6670    26.3344 0.0000e+00
 207.416638      9.855  34.298100     7.2484     2.6675      9.773    33.6659    26.3338 0.0000e+00
 207.416644     10.247  34.297004     7.2482     2.5600     10.161    33.6647    26.3329 0.0000e+00
 207.416649     10.614  34.296253     7.2482     2.1647     10.525    33.6637    26.3321 0.0000e+00
 207.416655     10.961  34.295384     7.2479     1.9302     10.869    33.6629    26.3315 0.0000e+00
 207.416661     11.295  34.294897     7.2467     1.7686     11.200    33.6634    26.3321 0.0000e+00
 207.416667     11.615  34.294681     7.2449     1.8907     11.518    33.6647    26.3334 0.0000e+00
 207.416672     11.915  34.294423     7.2433     2.0152     11.815    33.6659    26.3345 0.0000e+00
 207.416678     12.194  34.293757     7.2419     2.0383     12.092    33.6664    26.3351 0.0000e+00
 207.416684     12.451  34.292893     7.2407     2.0926     12.347    33.6665    26.3354 0.0000e+00
 207.416690     12.686  34.292335     7.2403     2.1129     12.580    33.6661    26.3352 0.0000e+00
 207.416696     12.893  34.291879     7.2406     2.0565     12.785    33.6652    26.3344 0.0000e+00
 207.416701     13.054  34.290893     7.2410     2.0216     12.945    33.6637    26.3332 -9.990e-29
 207.416707     13.151  34.290281     7.2420     1.9909     13.041    33.6620    26.3317 -9.990e-29
 207.416713     13.176  34.290885     7.2436     2.0109     13.066    33.6611    26.3307 -9.990e-29
 207.416719     13.135  34.292366     7.2445     2.0484     13.025    33.6619    26.3312 -9.990e-29
 207.416725     13.034  34.295557     7.2444     2.0446     12.925    33.6655    26.3341 -9.990e-29
 207.416730     12.889  34.299095     7.2437     2.2623     12.781    33.6701    26.3378 0.0000e+00
 207.416736     12.719  34.299836     7.2433     2.2235     12.612    33.6714    26.3389 0.0000e+00
 207.416742     12.528  34.298191     7.2434     2.1480     12.423    33.6696    26.3374 0.0000e+00
 207.416748     12.302  34.297546     7.2439     2.0245     12.199    33.6685    26.3365 0.0000e+00
 207.416753     12.036  34.298699     7.2445     1.9501     11.935    33.6693    26.3371 0.0000e+00
