data/oxygen options/ONMS/Olympic_Coast_National_Marine_Sanctuary_CTD_Data_2005_2023/raw_data/2013/CAST_MB042_131011faedb.cnv
* Sea-Bird SBE19 Data File:
* FileName = C:\2013 Mooring Data\Recovery\Casts\CAST_MB042_131011.hex
* Software Version 1.59
* Temperature SN = 2997
* Conductivity SN = 2997
* System UpLoad Time = Oct 11 2013 13:59:33
** CAST_MB042_131011
* ds
# nquan = 9
# nvalues = 42                          
# units = specified
# name 0 = timeJ: Julian Days
# name 1 = prSM: Pressure, Strain Gauge [db]
# name 2 = c0mS/cm: Conductivity [mS/cm]
# name 3 = t090C: Temperature [ITS-90, deg C]
# name 4 = sbeox0ML/L: Oxygen, SBE 43 [ml/l]
# name 5 = depSM: Depth [salt water, m], lat = 47.5
# name 6 = sal00: Salinity, Practical [PSU]
# name 7 = sigma-é00: Density [sigma-theta, kg/m^3]
# name 8 = flag: flag
# span 0 = -2.676e+01, 284.428335       
# span 1 =     -0.302,     43.000       
# span 2 =  -3.527034,  37.500283       
# span 3 =    -1.3020,    13.8357       
# span 4 =    -0.5583,     5.9457       
# span 5 =     -0.299,     42.636       
# span 6 =    -2.9179,    33.2386       
# span 7 =    -2.1772,    25.8502       
# span 8 = 0.0000e+00, 0.0000e+00       
# interval = decibars: 1                
# start_time = Oct 11 2013 10:08:29 [Instrument's time stamp, header]
# bad_flag = -9.990e-29
*END*
 -2.676e+01      1.000  -3.527034    -1.3020    -0.5583     -0.299    -2.9179    -2.1772 0.0000e+00
 265.847813      3.000  35.042660    12.9359     5.5472      2.975    28.9905    21.6315 0.0000e+00
 284.427642      4.000  37.493367    13.8357     5.9457      3.967    31.0212    23.1478 0.0000e+00
 284.427660      5.000  37.496009    13.8282     5.9167      4.958    31.0294    23.1557 0.0000e+00
 284.427674      6.000  37.500283    13.8043     5.7594      5.950    31.0523    23.1781 0.0000e+00
 284.427686      7.000  37.499684    13.7459     5.6068      6.941    31.0986    23.2257 0.0000e+00
 284.427698      8.000  37.458111    13.5916     5.4587      7.933    31.1854    23.3236 0.0000e+00
 284.427708      9.000  37.316404    13.2669     5.3826      8.925    31.3192    23.4912 0.0000e+00
 284.427718     10.000  37.036323    12.9128     5.5001      9.916    31.3486    23.5830 0.0000e+00
 284.427728     11.000  36.853156    12.7312     5.4218     10.908    31.3260    23.6004 0.0000e+00
 284.427737     12.000  36.737020    12.6185     5.3794     11.900    31.3094    23.6090 0.0000e+00
 284.427747     13.000  36.675896    12.5545     5.4274     12.891    31.3042    23.6171 0.0000e+00
 284.427758     14.000  36.609931    12.4312     5.2301     13.883    31.3439    23.6712 0.0000e+00
 284.427769     15.000  36.448210    12.2726     5.0517     14.875    31.3217    23.6837 0.0000e+00
 284.427783     16.000  36.409909    12.2681     4.9705     15.866    31.2885    23.6589 0.0000e+00
 284.427796     17.000  36.254882    11.8761     4.8656     16.858    31.4685    23.8707 0.0000e+00
 284.427810     18.000  35.983043    11.5616     4.9665     17.849    31.4715    23.9301 0.0000e+00
 284.427824     19.000  35.900808    11.5072     4.8332     18.841    31.4373    23.9135 0.0000e+00
 284.427841     20.000  35.843070    11.3801     4.6984     19.832    31.4887    23.9761 0.0000e+00
 284.427858     21.000  35.703100    11.1691     4.7623     20.824    31.5316    24.0467 0.0000e+00
 284.427876     22.000  35.684845    11.1705     4.7708     21.815    31.5121    24.0314 0.0000e+00
 284.427897     23.000  35.693049    11.1413     4.7279     22.807    31.5447    24.0619 0.0000e+00
 284.427916     24.000  35.688984    11.1232     4.6204     23.798    31.5558    24.0737 0.0000e+00
 284.427932     25.000  35.725766    11.1627     4.6282     24.790    31.5577    24.0682 0.0000e+00
 284.427948     26.000  35.854084    11.2215     4.6128     25.781    31.6327    24.1163 0.0000e+00
 284.427966     27.000  35.912508    11.2610     4.3751     26.773    31.6556    24.1271 0.0000e+00
 284.427982     28.000  36.054838    11.1842     4.2365     27.764    31.8611    24.3004 0.0000e+00
 284.427996     29.000  35.983358    10.8863     4.1848     28.756    32.0491    24.4989 0.0000e+00
 284.428011     30.000  35.954770    10.7907     4.2392     29.747    32.1041    24.5583 0.0000e+00
 284.428029     31.000  35.981170    10.8314     4.2246     30.739    32.0942    24.5436 0.0000e+00
 284.428048     32.000  35.991697    10.8405     4.0996     31.730    32.0963    24.5437 0.0000e+00
 284.428065     33.000  35.981791    10.7370     4.0720     32.722    32.1769    24.6243 0.0000e+00
 284.428080     34.000  35.924312    10.5652     3.9235     33.713    32.2708    24.7270 0.0000e+00
 284.428095     35.000  35.808317    10.3181     3.4633     34.705    32.3737    24.8493 0.0000e+00
 284.428110     36.000  35.745081     9.9513     3.4453     35.697    32.6387    25.1173 0.0000e+00
 284.428127     37.000  35.483576     9.4645     3.3932     36.688    32.8138    25.3337 0.0000e+00
 284.428144     38.000  35.323299     9.0978     3.1710     37.679    32.9859    25.5264 0.0000e+00
 284.428161     39.000  35.008562     8.5259     3.2795     38.670    33.1899    25.7747 0.0000e+00
 284.428179     40.000  34.924396     8.5349     3.3194     39.662    33.0926    25.6971 0.0000e+00
 284.428200     41.000  34.950733     8.4713     3.2721     40.654    33.1797    25.7749 0.0000e+00
 284.428224     42.000  34.834414     8.2779     3.2418     41.645    33.2386    25.8502 0.0000e+00
 284.428335     43.000  34.876972     8.3566     3.2045     42.636    33.2088    25.8151 0.0000e+00
