data/oxygen options/ONMS/Olympic_Coast_National_Marine_Sanctuary_CTD_Data_2005_2023/raw_data/2013/CAST_CE042_130725faed.cnv
* Sea-Bird SBE19 Data File:
* FileName = C:\2013 Mooring Data\1st Service\Casts\CAST_CE042_130725.hex
* Software Version 1.59
* Temperature SN = 2997
* Conductivity SN = 2997
* System UpLoad Time = Jul 25 2013 15:10:24
** CAST_CE042_130725
* ds
# nquan = 9                                 
# nvalues = 1066                        
# units = specified
# name 0 = timeJ: Julian Days
# name 1 = prSM: Pressure, Strain Gauge [db]
# name 2 = c0mS/cm: Conductivity [mS/cm]
# name 3 = t090C: Temperature [ITS-90, deg C]
# name 4 = sbeox0ML/L: Oxygen, SBE 43 [ml/l]
# name 5 = depSM: Depth [salt water, m], lat = 47.5
# name 6 = sal00: Salinity, Practical [PSU]
# name 7 = sigma-é00: Density [sigma-theta, kg/m^3]
# name 8 = flag: flag
# span 0 = 206.474757, 206.480920       
# span 1 =     -5.237,     41.760       
# span 2 =   0.270703,  37.070054       
# span 3 =     6.9128,    14.1182       
# span 4 =    -1.8025,    15.1034       
# span 5 =     -5.193,     41.407       
# span 6 =     0.1650,    33.8741       
# span 7 =    -0.6410,    26.5435       
# span 8 = 0.0000e+00, 0.0000e+00       
# interval = seconds: 0.5
# start_time = Jul 25 2013 11:23:39 [Instrument's time stamp, header]
# bad_flag = -9.990e-29
*END*
[from data line 961]
 206.480318     12.604  34.734934     8.2826     5.4765     12.498    33.1424    25.7736 0.0000e+00
 206.480324     12.228  34.946549     8.4762     5.6895     12.126    33.1839    25.7771 0.0000e+00
 206.480330     11.846  35.158824     8.6452     5.8700     11.747    33.2485    25.8020 0.0000e+00
 206.480336     11.442  35.272707     8.7844     6.0329     11.346    33.2373    25.7718 0.0000e+00
 206.480341     11.011  35.339251     8.9201     6.1573     10.919    33.1800    25.7058 0.0000e+00
 206.480347     10.570  35.415883     9.0503     6.2190     10.482    33.1385    25.6530 0.0000e+00
 206.480353     10.137  35.494979     9.1586     6.2588     10.052    33.1201    25.6214 0.0000e+00
 206.480359      9.723  35.588955     9.2566     6.2968      9.642    33.1266    25.6109 0.0000e+00
 206.480365      9.332  35.710484     9.3526     6.3558      9.254    33.1633    25.6243 0.0000e+00
 206.480370      8.961  35.817660     9.4167     6.4249      8.886    33.2146    25.6540 0.0000e+00
 206.480376      8.598  35.857285     9.4469     6.4736      8.526    33.2275    25.6593 0.0000e+00
 206.480382      8.234  35.853634     9.4819     6.5095      8.165    33.1915    25.6254 0.0000e+00
 206.480388      7.871  35.870773     9.5348     6.5432      7.805    33.1603    25.5925 0.0000e+00
 206.480394      7.515  35.916986     9.5877     6.6244      7.452    33.1590    25.5828 0.0000e+00
 206.480399      7.167  35.954716     9.6226     6.7554      7.107    33.1656    25.5823 0.0000e+00
 206.480405      6.815  35.965916     9.6399     6.9708      6.758    33.1613    25.5761 0.0000e+00
 206.480411      6.452  35.963852     9.6529     7.2824      6.398    33.1473    25.5630 0.0000e+00
 206.480417      6.079  35.966511     9.6690     7.6073      6.028    33.1354    25.5511 0.0000e+00
 206.480422      5.704  35.980244     9.6936     7.8748      5.656    33.1269    25.5404 0.0000e+00
 206.480428      5.326  36.004312     9.7420     8.0314      5.281    33.1071    25.5170 0.0000e+00
 206.480434      4.954  36.038868     9.8327     8.0948      4.913    33.0592    25.4646 0.0000e+00
 206.480440      4.596  36.098611     9.9561     8.1212      4.558    33.0071    25.4035 0.0000e+00
 206.480446      4.269  36.200445    10.0855     8.1247      4.233    32.9925    25.3704 0.0000e+00
 206.480451      3.992  36.329989    10.2023     8.1174      3.959    33.0172    25.3700 0.0000e+00
 206.480457      3.766  36.442003    10.2798     8.0913      3.735    33.0598    25.3901 0.0000e+00
 206.480463      3.578  36.502617    10.3131     8.0723      3.548    33.0907    25.4085 0.0000e+00
 206.480469      3.413  36.520941    10.3297     8.0797      3.384    33.0941    25.4083 0.0000e+00
 206.480475      3.267  36.527023    10.3498     8.0984      3.240    33.0820    25.3955 -9.990e-29
 206.480480      3.149  36.543543    10.3788     8.1002      3.123    33.0723    25.3829 -9.990e-29
 206.480486      3.065  36.573477    10.4095     8.0865      3.039    33.0745    25.3794 -9.990e-29
 206.480492      3.008  36.600139    10.4286     8.0740      2.983    33.0840    25.3835 -9.990e-29
 206.480498      2.962  36.608646    10.4347     8.0675      2.937    33.0870    25.3848 -9.990e-29
 206.480503      2.912  36.603623    10.4365     8.0805      2.888    33.0803    25.3793 -9.990e-29
 206.480509      2.850  36.598550    10.4393     8.0913      2.826    33.0727    25.3729 -9.990e-29
 206.480515      2.781  36.600112    10.4453     8.0997      2.758    33.0688    25.3688 -9.990e-29
 206.480521      2.717  36.610391    10.4542     8.0913      2.694    33.0711    25.3691 -9.990e-29
 206.480527      2.663  36.625162    10.4619     8.0900      2.641    33.0790    25.3739 -9.990e-29
 206.480532      2.612  36.633857    10.4654     8.0825      2.590    33.0846    25.3776 -9.990e-29
 206.480538      2.551  36.634063    10.4668     8.0866      2.530    33.0835    25.3766 -9.990e-29
 206.480544      2.476  36.633341    10.4703     8.0984      2.455    33.0796    25.3730 -9.990e-29
 206.480550      2.397  36.637454    10.4754     8.0949      2.377    33.0792    25.3717 -9.990e-29
 206.480556      2.319  36.643479    10.4786     8.0984      2.300    33.0823    25.3736 -9.990e-29
 206.480561      2.240  36.644881    10.4793     8.0873      2.221    33.0832    25.3741 -9.990e-29
 206.480567      2.148  36.642407    10.4794     8.0929      2.130    33.0806    25.3721 -9.990e-29
 206.480573      2.048  36.641727    10.4808     8.1001      2.031    33.0787    25.3704 -9.990e-29
 206.480579      1.945  36.645297    10.4841     8.0995      1.929    33.0793    25.3703 -9.990e-29
 206.480584      1.841  36.650592    10.4884     8.0873      1.826    33.0808    25.3707 -9.990e-29
 206.480590      1.739  36.652346    10.4915     8.0573      1.724    33.0798    25.3694 -9.990e-29
 206.480596      1.635  36.650657    10.4923     8.0226      1.621    33.0774    25.3674 -9.990e-29
 206.480602      1.529  36.651120    10.4922     7.9953      1.516    33.0780    25.3679 -9.990e-29
 206.480608      1.426  36.655473    10.4927     7.9297      1.414    33.0820    25.3709 -9.990e-29
 206.480613      1.332  36.662236    10.4948     7.8395      1.321    33.0869    25.3744 -9.990e-29
 206.480619      1.245  36.666417    10.4968     7.7536      1.235    33.0893    25.3759 -9.990e-29
 206.480625      1.161  36.665183    10.4974     7.6986      1.151    33.0876    25.3744 -9.990e-29
 206.480631      1.073  36.663616    10.4980     8.9752      1.064    33.0855    25.3727 -9.990e-29
 206.480637      0.980  36.664109    10.4993     8.9295      0.972    33.0848    25.3720 -9.990e-29
 206.480642      0.890  36.663398    10.5000     8.4769      0.883    33.0835    25.3708 -9.990e-29
 206.480648      0.809  36.657172    10.5020     8.0393      0.802    33.0755    25.3642 -9.990e-29
 206.480654      0.741  36.642175    10.5076     7.7650      0.735    33.0554    25.3476 -9.990e-29
 206.480660      0.686  36.609622    10.5141     7.6098      0.680    33.0168    25.3164 -9.990e-29
 206.480666      0.636  36.526754    10.5246     7.6701      0.631    32.9242    25.2425 -9.990e-29
 206.480671      0.588  36.293169    10.5477     7.7265      0.583    32.6695    25.0400 -9.990e-29
 206.480677      0.548  35.606389    10.5834     7.7719      0.543    31.9518    24.4748 -9.990e-29
 206.480683      0.516  33.560797    10.6274     7.8142      0.512    29.8855    22.8590 -9.990e-29
 206.480689      0.491  27.440149    10.6761     7.8362      0.487    23.8972    18.1973 -9.990e-29
 206.480694      0.472  17.830776    10.7247     7.8068      0.468    14.8934    11.2078 -9.990e-29
 206.480700      0.457  10.713770    10.7690     7.7750      0.453     8.5663     6.2981 -9.990e-29
 206.480706      0.446   7.843214    10.8070     7.8145      0.442     6.1173     4.3936 -9.990e-29
 206.480712      0.437   6.581461    10.8393     7.8312      0.433     5.0639     3.5720 -9.990e-29
 206.480718      0.430   5.805345    10.8683     7.8346      0.426     4.4242     3.0717 -9.990e-29
 206.480723      0.424   5.274349    10.8953     7.8332      0.420     3.9903     2.7314 -9.990e-29
 206.480729      0.420   4.715596    10.9197     7.8403      0.416     3.5386     2.3775 -9.990e-29
 206.480735      0.417   4.171264    10.9426     7.8341      0.414     3.1033     2.0363 -9.990e-29
 206.480741      0.414   3.774869    10.9669     7.8400      0.411     2.7888     1.7889 -9.990e-29
 206.480747      0.412   3.514807    10.9937     7.8454      0.409     2.5833     1.6260 -9.990e-29
 206.480752      0.410   3.537258    11.0213     7.8499      0.407     2.5989     1.6352 -9.990e-29
 206.480758      0.409   3.866557    11.0470     7.8429      0.406     2.8547     1.8315 -9.990e-29
 206.480764      0.408   4.065097    11.0694     7.7829      0.405     3.0090     1.9491 -9.990e-29
 206.480770      0.407   3.857368    11.0875     7.7226      0.404     2.8444     1.8190 -9.990e-29
 206.480775      0.407   3.517246    11.1003     7.7748      0.404     2.5778     1.6102 -9.990e-29
 206.480781      0.406   3.266961    11.1082     7.7947      0.403     2.3831     1.4577 -9.990e-29
 206.480787      0.406   3.090304    11.1129     7.8047      0.403     2.2464     1.3507 -9.990e-29
 206.480793      0.406   2.948201    11.1170     7.8044      0.403     2.1368     1.2650 -9.990e-29
 206.480799      0.406   2.817666    11.1232     7.8118      0.403     2.0365     1.1861 -9.990e-29
 206.480804      0.406   2.694450    11.1341     7.8067      0.403     1.9418     1.1112 -9.990e-29
 206.480810      0.405   2.596813    11.1495     7.8143      0.402     1.8667     1.0510 -9.990e-29
 206.480816      0.405   2.604286    11.1671     7.8206      0.402     1.8715     1.0528 -9.990e-29
 206.480822      0.405   2.936530    11.1857     7.8276      0.402     2.1240     1.2475 -9.990e-29
 206.480828      0.405   3.636925    11.2018     7.8312      0.402     2.6637     1.6659 -9.990e-29
 206.480833      0.405   4.104418    11.2111     7.8327      0.402     3.0284     1.9485 -9.990e-29
 206.480839      0.405   3.900242    11.2160     7.8313      0.402     2.8680     1.8232 -9.990e-29
 206.480845      0.405   3.433038    11.2214     7.8225      0.402     2.5041     1.5395 -9.990e-29
 206.480851      0.405   3.084918    11.2277     7.8189      0.402     2.2353     1.3296 -9.990e-29
 206.480856      0.405   2.845745    11.2337     7.8146      0.402     2.0518     1.1861 -9.990e-29
 206.480862      0.400   2.660207    11.2389     7.8222      0.397     1.9103     1.0752 -9.990e-29
 206.480868      0.387   2.506189    11.2422 -9.990e-29      0.384     1.7934     0.9838 -9.990e-29
 206.480874      0.369   2.381391    11.2443 -9.990e-29      0.366     1.6991     0.9101 -9.990e-29
 206.480880      0.352   2.268644    11.2482 -9.990e-29      0.349     1.6141     0.8434 -9.990e-29
 206.480885      0.341   2.144093    11.2581 -9.990e-29      0.338     1.5203     0.7692 -9.990e-29
 206.480891      0.330   2.006957    11.2753 -9.990e-29      0.327     1.4174     0.6871 -9.990e-29
 206.480897      0.314   1.884587    11.2966 -9.990e-29      0.311     1.3257     0.6133 -9.990e-29
 206.480903      0.292   1.805149    11.3191 -9.990e-29      0.290     1.2662     0.5644 -9.990e-29
 206.480909      0.272   1.769754    11.3382 -9.990e-29      0.270     1.2395     0.5415 -9.990e-29
 206.480914      0.260   1.756714    11.3458 -9.990e-29      0.258     1.2296     0.5330 -9.990e-29
 206.480920      0.256   1.745871 -9.990e-29 -9.990e-29      0.254 -9.990e-29 -9.990e-29 -9.990e-29
