data/oxygen options/ONMS/Olympic_Coast_National_Marine_Sanctuary_CTD_Data_2005_2023/raw_data/2013/CAST_KL027_130725faed.cnv
* Sea-Bird SBE19 Data File:
* FileName = C:\2013 Mooring Data\1st Service\Casts\CAST_KL027_130725.hex
* Software Version 1.59
* Temperature SN = 2997
* Conductivity SN = 2997
* System UpLoad Time = Jul 25 2013 15:07:57
** CAST_KL027_130257
* ds
# nquan = 9                                 
# nvalues = 989                         
# units = specified
# name 0 = timeJ: Julian Days
# name 1 = prSM: Pressure, Strain Gauge [db]
# name 2 = c0mS/cm: Conductivity [mS/cm]
# name 3 = t090C: Temperature [ITS-90, deg C]
# name 4 = sbeox0ML/L: Oxygen, SBE 43 [ml/l]
# name 5 = depSM: Depth [salt water, m], lat = 47.5
# name 6 = sal00: Salinity, Practical [PSU]
# name 7 = sigma-é00: Density [sigma-theta, kg/m^3]
# name 8 = flag: flag
# span 0 = 206.610255, 206.615972       
# span 1 =     -5.796,     28.356       
# span 2 =   0.230228,  36.577247       
# span 3 =     7.0990,    15.1271       
# span 4 =    -1.7767,    18.7050       
# span 5 =     -5.748,     28.117       
# span 6 =     0.1385,    33.7623       
# span 7 =    -0.8019,    26.4284       
# span 8 = 0.0000e+00, 0.0000e+00       
# interval = seconds: 0.5
# start_time = Jul 25 2013 14:38:46 [Instrument's time stamp, header]
# bad_flag = -9.990e-29
*END*
[from data line 801]
 206.614890      1.004  36.326653     9.9918     8.3775      0.996    33.2079    25.5541 -9.990e-29
 206.614896      1.002  36.315503     9.9761     8.4094      0.994    33.2110    25.5592 -9.990e-29
 206.614902      1.005  36.301322     9.9594     8.4021      0.997    33.2119    25.5627 -9.990e-29
 206.614907      1.011  36.302150     9.9502     8.3870      1.003    33.2212    25.5715 -9.990e-29
 206.614913      1.017  36.309531     9.9486     8.3678      1.009    33.2302    25.5788 -9.990e-29
 206.614919      1.015  36.313101     9.9530     8.3703      1.007    33.2298    25.5777 -9.990e-29
 206.614925      1.005  36.317589     9.9609     8.4020      0.997    33.2271    25.5743 -9.990e-29
 206.614931      0.999  36.325586     9.9667     8.3906      0.991    33.2299    25.5755 -9.990e-29
 206.614936      1.004  36.339319     9.9712     8.3680      0.996    33.2397    25.5824 -9.990e-29
 206.614942      1.018  36.357463     9.9777     8.3563      1.010    33.2522    25.5911 -9.990e-29
 206.614948      1.032  36.366080     9.9836     8.3470      1.023    33.2555    25.5927 -9.990e-29
 206.614954      1.044  36.363743     9.9888     8.3483      1.035    33.2483    25.5862 -9.990e-29
 206.614959      1.057  36.365234     9.9968     8.3443      1.048    33.2425    25.5803 -9.990e-29
 206.614965      1.078  36.371951    10.0053     8.3472      1.069    33.2415    25.5781 -9.990e-29
 206.614971      1.107  36.374891    10.0103     8.3552      1.098    33.2398    25.5760 -9.990e-29
 206.614977      1.147  36.373464    10.0122     8.3691      1.137    33.2366    25.5732 -9.990e-29
 206.614983      1.195  36.372462    10.0126     8.4744      1.185    33.2352    25.5720 -9.990e-29
 206.614988      1.246  36.371636    10.0110     8.4622      1.236    33.2358    25.5727 -9.990e-29
 206.614994      1.304  36.368173    10.0071     8.5225      1.293    33.2359    25.5734 -9.990e-29
 206.615000      1.380  36.360229     9.9991     8.4671      1.368    33.2351    25.5742 -9.990e-29
 206.615006      1.484  36.345584     9.9850     8.3857      1.472    33.2332    25.5750 -9.990e-29
 206.615012      1.618  36.323169     9.9659     8.3658      1.604    33.2279    25.5741 0.0000e+00
 206.615017      1.778  36.298363     9.9435     8.3068      1.763    33.2232    25.5742 0.0000e+00
 206.615023      1.957  36.275597     9.9163     8.2597      1.941    33.2250    25.5801 0.0000e+00
 206.615029      2.153  36.250251     9.8773     8.2025      2.135    33.2350    25.5944 0.0000e+00
 206.615035      2.370  36.213148     9.8193     8.1126      2.350    33.2506    25.6162 0.0000e+00
 206.615041      2.609  36.159043     9.7477     8.0936      2.587    33.2613    25.6365 0.0000e+00
 206.615046      2.864  36.093637     9.6823     7.9704      2.840    33.2548    25.6421 0.0000e+00
 206.615052      3.125  36.037247     9.6329     7.7941      3.099    33.2426    25.6407 0.0000e+00
 206.615058      3.388  36.000362     9.5880     7.6925      3.360    33.2462    25.6508 0.0000e+00
 206.615064      3.652  35.962890     9.5328     7.4928      3.621    33.2587    25.6697 0.0000e+00
 206.615069      3.922  35.903964     9.4464     7.5887      3.889    33.2782    25.6989 0.0000e+00
 206.615075      4.205  35.807726     9.3167     8.1563      4.170    33.2995    25.7364 0.0000e+00
 206.615081      4.502  35.678596     9.1785     7.8280      4.464    33.2946    25.7547 0.0000e+00
 206.615087      4.808  35.566205     9.0824     7.1963      4.768    33.2675    25.7487 0.0000e+00
 206.615093      5.115  35.506075     9.0359     6.6181      5.072    33.2483    25.7410 0.0000e+00
 206.615098      5.418  35.484078     9.0141     6.2594      5.373    33.2456    25.7424 0.0000e+00
 206.615104      5.719  35.474198     8.9942     6.2006      5.671    33.2538    25.7519 0.0000e+00
 206.615110      6.027  35.459864     8.9680     6.1264      5.977    33.2633    25.7634 0.0000e+00
 206.615116      6.346  35.437618     8.9374     5.9892      6.293    33.2686    25.7724 0.0000e+00
 206.615122      6.666  35.410258     8.9038     5.7984      6.610    33.2714    25.7798 0.0000e+00
 206.615127      6.973  35.384403     8.8666     5.7324      6.915    33.2791    25.7917 0.0000e+00
 206.615133      7.260  35.366998     8.8243     6.0649      7.199    33.3005    25.8150 0.0000e+00
 206.615139      7.539  35.348804     8.7793     6.4647      7.476    33.3236    25.8401 0.0000e+00
 206.615145      7.816  35.321034     8.7382     5.7694      7.751    33.3331    25.8539 0.0000e+00
 206.615150      8.095  35.289790     8.7076     5.6387      8.027    33.3290    25.8554 0.0000e+00
 206.615156      8.378  35.266425     8.6809     5.3167      8.308    33.3295    25.8599 0.0000e+00
 206.615162      8.675  35.250004     8.6436     5.2909      8.602    33.3473    25.8796 0.0000e+00
 206.615168      8.994  35.229637     8.6013     5.5396      8.919    33.3657    25.9005 0.0000e+00
 206.615174      9.327  35.211213     8.5719     5.5313      9.249    33.3739    25.9114 0.0000e+00
 206.615179      9.662  35.207130     8.5609     5.5788      9.581    33.3799    25.9178 0.0000e+00
 206.615185      9.986  35.214733     8.5616     5.8269      9.902    33.3871    25.9233 0.0000e+00
 206.615191     10.294  35.223425     8.5656     5.8119     10.208    33.3923    25.9268 0.0000e+00
 206.615197     10.594  35.228545     8.5693     5.7855     10.505    33.3940    25.9276 0.0000e+00
 206.615203     10.894  35.232439     8.5719     5.6583     10.803    33.3955    25.9284 0.0000e+00
 206.615208     11.206  35.240297     8.5773     5.7733     11.112    33.3986    25.9300 0.0000e+00
 206.615214     11.532  35.253633     8.5856     5.7681     11.435    33.4046    25.9334 0.0000e+00
 206.615220     11.868  35.267818     8.5919     5.4939     11.769    33.4134    25.9394 0.0000e+00
 206.615226     12.209  35.279915     8.5952     5.3358     12.107    33.4229    25.9463 0.0000e+00
 206.615231     12.555  35.288127     8.5939     5.4502     12.450    33.4326    25.9541 0.0000e+00
 206.615237     12.916  35.289396     8.5842     5.4071     12.808    33.4430    25.9637 0.0000e+00
 206.615243     13.302  35.281491     8.5662     5.3160     13.191    33.4515    25.9732 0.0000e+00
 206.615249     13.715  35.266197     8.5447     5.0963     13.600    33.4556    25.9797 0.0000e+00
 206.615255     14.148  35.248886     8.5222     4.8057     14.029    33.4585    25.9854 0.0000e+00
 206.615260     14.586  35.231680     8.4962     4.6863     14.464    33.4648    25.9943 0.0000e+00
 206.615266     15.021  35.212356     8.4621     4.4669     14.895    33.4765    26.0087 0.0000e+00
 206.615272     15.461  35.186428     8.4177     4.0909     15.331    33.4911    26.0269 0.0000e+00
 206.615278     15.908  35.151251     8.3656     3.6756     15.775    33.5033    26.0443 0.0000e+00
 206.615284     16.355  35.109208     8.3093     3.4831     16.218    33.5122    26.0597 0.0000e+00
 206.615289     16.802  35.064173     8.2463     3.2082     16.661    33.5243    26.0787 0.0000e+00
 206.615295     17.251  35.013783     8.1595     3.0172     17.106    33.5534    26.1145 0.0000e+00
 206.615301     17.708  34.941818     8.0222     2.5698     17.559    33.6081    26.1777 0.0000e+00
 206.615307     18.183  34.822894     7.8333     2.2169     18.030    33.6624    26.2480 0.0000e+00
 206.615312     18.674  34.669278     7.6408     1.8254     18.517    33.6829    26.2919 0.0000e+00
 206.615318     19.180  34.538832     7.4913     1.7217     19.019    33.6866    26.3162 0.0000e+00
 206.615324     19.693  34.455315     7.3845     1.7357     19.528    33.6996    26.3415 0.0000e+00
 206.615330     20.203  34.399194     7.3045     2.1773     20.033    33.7163    26.3658 0.0000e+00
 206.615336     20.705  34.357226     7.2459     2.4444     20.531    33.7275    26.3828 0.0000e+00
 206.615341     21.195  34.326647     7.2101     2.2348     21.017    33.7289    26.3889 0.0000e+00
 206.615347     21.675  34.305875     7.1930     1.9383     21.493    33.7227    26.3864 0.0000e+00
 206.615353     22.151  34.292409     7.1787     1.6482     21.965    33.7217    26.3876 0.0000e+00
 206.615359     22.626  34.282846     7.1574     1.6187     22.436    33.7319    26.3985 0.0000e+00
 206.615365     23.105  34.274516     7.1350     1.9811     22.911    33.7445    26.4115 0.0000e+00
 206.615370     23.588  34.267510     7.1187     2.0972     23.390    33.7525    26.4201 0.0000e+00
 206.615376     24.076  34.262561     7.1097     1.9097     23.874    33.7557    26.4238 0.0000e+00
 206.615382     24.567  34.259224     7.1064     1.8220     24.361    33.7550    26.4238 0.0000e+00
 206.615388     25.044  34.256965     7.1052     1.7178     24.833    33.7535    26.4228 0.0000e+00
 206.615394     25.498  34.255568     7.1038     1.7598     25.284    33.7531    26.4227 0.0000e+00
 206.615399     25.938  34.254845     7.1019     1.8478     25.720    33.7540    26.4236 0.0000e+00
 206.615405     26.365  34.254391     7.1002     1.8482     26.143    33.7549    26.4246 0.0000e+00
 206.615411     26.778  34.254157     7.0992     1.8541     26.553    33.7554    26.4251 0.0000e+00
 206.615417     27.171  34.254388     7.0990     1.8693     26.942    33.7557    26.4254 0.0000e+00
 206.615422     27.528  34.254829     7.1005     1.8485     27.296    33.7545    26.4243 0.0000e+00
 206.615428     27.828  34.255504     7.1039     2.2298     27.594    33.7518    26.4216 0.0000e+00
 206.615434     28.060  34.257307     7.1080     2.2601     27.824    33.7496    26.4194 0.0000e+00
 206.615440     28.222  34.260401     7.1122     2.0176     27.985    33.7488    26.4182 -9.990e-29
 206.615446     28.320  34.263868     7.1159     1.7917     28.082    33.7490    26.4178 -9.990e-29
 206.615451     28.356  34.266731     7.1185     1.6104     28.117    33.7495    26.4179 -9.990e-29
 206.615457     28.328  34.268883     7.1196     1.6654     28.090    33.7508    26.4187 -9.990e-29
 206.615463     28.238  34.271515     7.1190     1.7842     28.000    33.7543    26.4216 -9.990e-29
 206.615469     28.085  34.274215     7.1169     1.8199     27.849    33.7594    26.4259 0.0000e+00
 206.615475     27.864  34.274980     7.1149     1.8121     27.630    33.7623    26.4284 0.0000e+00
 206.615480     27.577  34.273150     7.1134     1.8147     27.345    33.7619    26.4283 0.0000e+00
 206.615486     27.236  34.269646     7.1119     1.8767     27.007    33.7597    26.4268 0.0000e+00
 206.615492     26.859  34.265958     7.1103     1.9894     26.633    33.7574    26.4252 0.0000e+00
 206.615498     26.463  34.263329     7.1090     1.9473     26.240    33.7560    26.4243 0.0000e+00
 206.615503     26.059  34.262176     7.1084     2.0468     25.840    33.7556    26.4240 0.0000e+00
 206.615509     25.646  34.261523     7.1079     1.9625     25.430    33.7555    26.4240 0.0000e+00
 206.615515     25.223  34.260501     7.1074     1.8045     25.011    33.7551    26.4237 0.0000e+00
 206.615521     24.785  34.259989     7.1073     1.7870     24.577    33.7549    26.4235 0.0000e+00
 206.615527     24.330  34.259865     7.1071     1.8086     24.126    33.7551    26.4238 0.0000e+00
 206.615532     23.863  34.258844     7.1077     1.9567     23.662    33.7537    26.4225 0.0000e+00
 206.615538     23.384  34.258365     7.1103     1.9936     23.188    33.7508    26.4199 0.0000e+00
 206.615544     22.894  34.260032     7.1149     1.9833     22.702    33.7484    26.4174 0.0000e+00
 206.615550     22.394  34.262708     7.1206     1.9862     22.206    33.7460    26.4147 0.0000e+00
 206.615556     21.893  34.265482     7.1275     2.0731     21.709    33.7425    26.4110 0.0000e+00
 206.615561     21.400  34.269253     7.1394     2.2763     21.220    33.7352    26.4036 0.0000e+00
 206.615567     20.919  34.276253     7.1593     2.4526     20.743    33.7236    26.3918 0.0000e+00
 206.615573     20.445  34.286855     7.1842     2.4593     20.273    33.7111    26.3785 0.0000e+00
 206.615579     19.973  34.298953     7.2104     2.6336     19.805    33.6990    26.3653 0.0000e+00
 206.615584     19.503  34.314122     7.2404     2.9110     19.339    33.6865    26.3512 0.0000e+00
 206.615590     19.040  34.335227     7.2827     3.4218     18.880    33.6685    26.3312 0.0000e+00
 206.615596     18.580  34.364090     7.3448     3.8602     18.424    33.6397    26.2998 0.0000e+00
 206.615602     18.115  34.403913     7.4260     4.2287     17.963    33.6043    26.2606 0.0000e+00
 206.615608     17.645  34.456830     7.5243     4.7083     17.497    33.5666    26.2171 0.0000e+00
 206.615613     17.176  34.522831     7.6404     4.9138     17.032    33.5260    26.1686 0.0000e+00
 206.615619     16.710  34.615437     7.7774     5.0721     16.570    33.4940    26.1238 0.0000e+00
 206.615625     16.250  34.734350     7.9349     5.1602     16.114    33.4706    26.0826 0.0000e+00
 206.615631     15.790  34.844892     8.0882     5.1757     15.658    33.4423    26.0378 0.0000e+00
 206.615637     15.333  34.933153     8.2047     5.3546     15.204    33.4254    26.0073 0.0000e+00
 206.615642     14.878  35.006493     8.2845     5.5158     14.753    33.4275    25.9970 0.0000e+00
 206.615648     14.423  35.065819     8.3467     5.7200     14.302    33.4315    25.9908 0.0000e+00
 206.615654     13.968  35.110146     8.3990     5.7973     13.851    33.4289    25.9809 0.0000e+00
 206.615660     13.519  35.143133     8.4401     5.6300     13.406    33.4250    25.9716 0.0000e+00
 206.615666     13.078  35.172360     8.4713     5.4648     12.968    33.4265    25.9680 0.0000e+00
 206.615671     12.637  35.199271     8.4955     5.4161     12.531    33.4321    25.9688 0.0000e+00
 206.615677     12.186  35.216622     8.5169     5.3277     12.084    33.4304    25.9641 0.0000e+00
 206.615683     11.718  35.224026     8.5355     5.3622     11.620    33.4208    25.9537 0.0000e+00
 206.615689     11.232  35.226315     8.5440     5.3930     11.138    33.4153    25.9482 0.0000e+00
 206.615694     10.737  35.220944     8.5442     5.3950     10.647    33.4097    25.9438 0.0000e+00
 206.615700     10.248  35.211963     8.5434     5.4582     10.162    33.4012    25.9372 0.0000e+00
 206.615706      9.781  35.203084     8.5443     5.5275      9.699    33.3912    25.9292 0.0000e+00
 206.615712      9.336  35.193113     8.5474     5.6344      9.258    33.3780    25.9184 0.0000e+00
 206.615718      8.898  35.186122     8.5555     6.3138      8.824    33.3632    25.9055 0.0000e+00
 206.615723      8.452  35.184554     8.5718     6.4919      8.381    33.3463    25.8898 0.0000e+00
 206.615729      7.992  35.188558     8.5937     6.5832      7.925    33.3301    25.8737 0.0000e+00
 206.615735      7.516  35.198434     8.6187     6.7076      7.453    33.3171    25.8597 0.0000e+00
 206.615741      7.035  35.214468     8.6536     6.8245      6.976    33.3013    25.8420 0.0000e+00
 206.615747      6.556  35.239559     8.7110     7.5842      6.501    33.2738    25.8116 0.0000e+00
 206.615752      6.077  35.276916     8.7873     7.6801      6.026    33.2415    25.7745 0.0000e+00
 206.615758      5.600  35.320897     8.8602     7.8937      5.553    33.2194    25.7459 0.0000e+00
 206.615764      5.128  35.361808     8.9235     8.0517      5.085    33.2031    25.7232 0.0000e+00
 206.615770      4.669  35.406038     9.0038     8.0995      4.630    33.1743    25.6882 0.0000e+00
 206.615775      4.233  35.481762     9.1240     8.2948      4.198    33.1412    25.6434 0.0000e+00
 206.615781      3.822  35.587997     9.2883     8.2896      3.790    33.0989    25.5841 0.0000e+00
 206.615787      3.435  35.715704     9.4858     8.2672      3.406    33.0481    25.5126 0.0000e+00
 206.615793      3.074  35.871591     9.6676     8.2529      3.048    33.0408    25.4773 0.0000e+00
 206.615799      2.745  36.030479     9.8067     8.2389      2.722    33.0755    25.4816 0.0000e+00
 206.615804      2.463  36.183519     9.9135     8.2331      2.442    33.1335    25.5092 0.0000e+00
