data/oxygen options/ONMS/Olympic_Coast_National_Marine_Sanctuary_CTD_Data_2005_2023/raw_data/2013/CAST_CA015_130729faed.cnv
* Sea-Bird SBE19 Data File:
* FileName = C:\2013 Mooring Data\1st Service\Casts\CAST_CA015_130729.hex
* Software Version 1.59
* Temperature SN = 2997
* Conductivity SN = 2997
* System UpLoad Time = Jul 29 2013 14:09:28
** CAST_CA015_130729
* ds
# nquan = 9                                 
# nvalues = 841                         
# units = specified
# name 0 = timeJ: Julian Days
# name 1 = prSM: Pressure, Strain Gauge [db]
# name 2 = c0mS/cm: Conductivity [mS/cm]
# name 3 = t090C: Temperature [ITS-90, deg C]
# name 4 = sbeox0ML/L: Oxygen, SBE 43 [ml/l]
# name 5 = depSM: Depth [salt water, m], lat = 47.5
# name 6 = sal00: Salinity, Practical [PSU]
# name 7 = sigma-é00: Density [sigma-theta, kg/m^3]
# name 8 = flag: flag
# span 0 = 210.458067, 210.462928       
# span 1 =     -5.470,     16.168       
# span 2 =   0.008134,  36.821813       
# span 3 =     7.7270,    13.1108       
# span 4 =    -1.8391,    13.8446       
# span 5 =     -5.424,     16.032       
# span 6 =     0.0099,    33.5229       
# span 7 =    -0.6276,    26.1520       
# span 8 = 0.0000e+00, 0.0000e+00       
# interval = seconds: 0.5
# start_time = Jul 29 2013 10:59:37 [Instrument's time stamp, header]
# bad_flag = -9.990e-29
*END*
[from data line 801]
 210.462703     10.451  35.303517     8.8007     5.4247     10.364    33.2548    25.7829 0.0000e+00
 210.462708     10.108  35.341178     8.8752     5.6999     10.023    33.2244    25.7476 0.0000e+00
 210.462714      9.770  35.397657     8.9966     5.9271      9.688    33.1700    25.6860 0.0000e+00
 210.462720      9.436  35.486670     9.1685     6.0962      9.357    33.1026    25.6062 0.0000e+00
 210.462726      9.103  35.595312     9.3543     6.2022      9.027    33.0430    25.5299 0.0000e+00
 210.462731      8.770  35.709420     9.5212     6.2495      8.697    33.0066    25.4746 0.0000e+00
 210.462737      8.438  35.818767     9.6673     6.2559      8.367    32.9846    25.4336 0.0000e+00
 210.462743      8.103  35.913498     9.7960     6.2687      8.035    32.9635    25.3960 0.0000e+00
 210.462749      7.764  35.992262     9.8956     6.3007      7.699    32.9529    25.3712 0.0000e+00
 210.462755      7.427  36.052576     9.9551     6.4048      7.365    32.9600    25.3669 0.0000e+00
 210.462760      7.096  36.090313     9.9811     6.5736      7.037    32.9748    25.3741 0.0000e+00
 210.462766      6.774  36.119966     9.9935     6.7402      6.717    32.9937    25.3868 0.0000e+00
 210.462772      6.459  36.150279    10.0142     6.8799      6.405    33.0057    25.3927 0.0000e+00
 210.462778      6.140  36.175750    10.0607     6.9669      6.089    32.9892    25.3721 0.0000e+00
 210.462784      5.808  36.202896    10.1395     7.0078      5.759    32.9451    25.3244 0.0000e+00
 210.462789      5.469  36.244953    10.2331     7.0473      5.423    32.9027    25.2755 0.0000e+00
 210.462795      5.134  36.296399    10.3158     7.0960      5.091    32.8797    25.2436 0.0000e+00
 210.462801      4.809  36.341275    10.3849     7.1644      4.769    32.8625    25.2184 0.0000e+00
 210.462807      4.491  36.373349    10.4525     7.2918      4.453    32.8338    25.1844 0.0000e+00
 210.462813      4.175  36.391713    10.5374     7.4434      4.140    32.7758    25.1247 0.0000e+00
 210.462818      3.858  36.400702    10.6556     7.5839      3.826    32.6789    25.0288 0.0000e+00
 210.462824      3.544  36.412311    10.7933     7.6851      3.514    32.5676    24.9182 0.0000e+00
 210.462830      3.236  36.433070    10.9171     7.7452      3.209    32.4784    24.8271 0.0000e+00
 210.462836      2.940  36.458755    11.0005     7.7839      2.915    32.4302    24.7749 0.0000e+00
 210.462841      2.665  36.495636    11.0371     7.8220      2.643    32.4345    24.7718 0.0000e+00
 210.462847      2.414  36.539147    11.0500     7.8397      2.394    32.4662    24.7942 0.0000e+00
 210.462853      2.183  36.568905    11.0625     7.8003      2.165    32.4846    24.8063 0.0000e+00
 210.462859      1.962  36.588745    11.0765     7.7372      1.946    32.4919    24.8095 0.0000e+00
 210.462865      1.742  36.595997    11.0976     7.6546      1.727    32.4805    24.7969 0.0000e+00
 210.462870      1.521  36.586889    11.1344     7.5666      1.508    32.4391    24.7582 0.0000e+00
 210.462876      1.307  36.576165    11.1816 -9.990e-29      1.296    32.3871    24.7093 0.0000e+00
 210.462882      1.112  36.580894    11.2209 -9.990e-29      1.103    32.3573    24.6791 0.0000e+00
 210.462888      0.940  36.609072    11.2315 -9.990e-29      0.932    32.3758    24.6916 0.0000e+00
 210.462894      0.789  36.628267    11.2183 -9.990e-29      0.782    32.4063    24.7177 0.0000e+00
 210.462899      0.663  36.615354    11.2037 -9.990e-29      0.657    32.4065    24.7205 -9.990e-29
 210.462905      0.566  36.586164    11.1965 -9.990e-29      0.561    32.3841    24.7044 -9.990e-29
 210.462911      0.497  36.552181    11.1938 -9.990e-29      0.493    32.3531    24.6807 -9.990e-29
 210.462917      0.450  36.521862    11.1927 -9.990e-29      0.446    32.3242    24.6585 -9.990e-29
 210.462922      0.423  36.500706    11.1923 -9.990e-29      0.419    32.3038    24.6426 -9.990e-29
 210.462928      0.414  36.487388 -9.990e-29 -9.990e-29      0.411 -9.990e-29 -9.990e-29 -9.990e-29
