data/oxygen options/ONMS/Olympic_Coast_National_Marine_Sanctuary_CTD_Data_2005_2023/raw_data/2013/CAST_KL027_130604faed.cnv
* Sea-Bird SBE19 Data File:
* FileName = C:\2013 Mooring Data\Deployment Casts\CAST_KL027_130604.hex
* Software Version 1.59
* Temperature SN = 2997
* Conductivity SN = 2997
* System UpLoad Time = Jun 05 2013 12:05:05
** CAST_KL027_130604
* ds
# nquan = 9                                 
# nvalues = 1110                        
# units = specified
# name 0 = timeJ: Julian Days
# name 1 = prSM: Pressure, Strain Gauge [db]
# name 2 = c0mS/cm: Conductivity [mS/cm]
# name 3 = t090C: Temperature [ITS-90, deg C]
# name 4 = sbeox0ML/L: Oxygen, SBE 43 [ml/l]
# name 5 = depSM: Depth [salt water, m], lat = 47.5
# name 6 = sal00: Salinity, Practical [PSU]
# name 7 = sigma-é00: Density [sigma-theta, kg/m^3]
# name 8 = flag: flag
# span 0 = 155.468623, 155.475041       
# span 1 =     -5.458,     28.821       
# span 2 =   0.010934,  36.415583       
# span 3 =     8.1092,    16.4364       
# span 4 =    -1.7396,    11.7032       
# span 5 =     -5.413,     28.578       
# span 6 =     0.0121,    33.1160       
# span 7 =    -1.1146,    25.7788       
# span 8 = 0.0000e+00, 0.0000e+00       
# interval = seconds: 0.5
# start_time = Jun 04 2013 11:14:49 [Instrument's time stamp, header]
# bad_flag = -9.990e-29
*END*
[from data line 321]
 155.470480     -0.918   0.024234    15.9826    -1.7310     -0.910     0.0186    -1.0384 -9.990e-29
 155.470486     -0.911   0.024234    15.9738    -1.7314     -0.903     0.0186    -1.0370 -9.990e-29
 155.470492     -0.902   0.024234    15.9628    -1.7315     -0.894     0.0186    -1.0352 -9.990e-29
 155.470498     -0.890   0.024234    15.9493    -1.7318     -0.883     0.0186    -1.0331 -9.990e-29
 155.470503     -0.879   0.024234    15.9376    -1.7320     -0.872     0.0186    -1.0312 -9.990e-29
 155.470509     -0.873   0.024234    15.9315    -1.7324     -0.866     0.0186    -1.0302 -9.990e-29
 155.470515     -0.867   0.024233    15.9294    -1.7329     -0.860     0.0186    -1.0298 -9.990e-29
 155.470521     -0.856   0.024233    15.9273    -1.7330     -0.849     0.0186    -1.0295 -9.990e-29
 155.470527     -0.840   0.024233    15.9238    -1.7332     -0.833     0.0186    -1.0289 -9.990e-29
 155.470532     -0.821   0.024233    15.9187    -1.7333     -0.814     0.0186    -1.0281 -9.990e-29
 155.470538     -0.808   0.024233    15.9117    -1.7336     -0.801     0.0186    -1.0270 -9.990e-29
 155.470544     -0.803   0.024233    15.9034    -1.7337     -0.796     0.0186    -1.0256 -9.990e-29
 155.470550     -0.806   0.024233    15.8942    -1.7336     -0.799     0.0186    -1.0241 -9.990e-29
 155.470556     -0.814   0.024233    15.8839    -1.7337     -0.807     0.0186    -1.0225 -9.990e-29
 155.470561     -0.818   0.024233    15.8723    -1.7333     -0.811     0.0186    -1.0206 -9.990e-29
 155.470567     -0.813   0.024233    15.8611    -1.7329     -0.806     0.0186    -1.0188 -9.990e-29
 155.470573     -0.805   0.024232    15.8518    -1.7326     -0.798     0.0186    -1.0173 -9.990e-29
 155.470579     -0.801   0.024232    15.8442    -1.7322     -0.794     0.0186    -1.0161 -9.990e-29
 155.470584     -0.801   0.024232    15.8377    -1.7318     -0.794     0.0186    -1.0151 -9.990e-29
 155.470590     -0.797   0.024232    15.8325    -1.7321     -0.790     0.0186    -1.0142 -9.990e-29
 155.470596     -0.787   0.024231    15.8301    -1.7323     -0.780     0.0186    -1.0138 -9.990e-29
 155.470602     -0.780   0.024230    15.8306    -1.7326     -0.773     0.0186    -1.0139 -9.990e-29
 155.470608     -0.781   0.024226    15.8341    -1.7334     -0.774     0.0186    -1.0145 -9.990e-29
 155.470613     -0.787   0.024214    15.8417    -1.7337     -0.780     0.0186    -1.0157 -9.990e-29
 155.470619     -0.797   0.024177    15.8529    -1.7337     -0.790     0.0185    -1.0175 -9.990e-29
 155.470625     -0.802   0.024066    15.8651    -1.7338     -0.795     0.0185    -1.0195 -9.990e-29
 155.470631     -0.803   0.023733    15.8758    -1.7341     -0.796     0.0183    -1.0214 -9.990e-29
 155.470637     -0.803   0.023288    15.8812    -1.7340     -0.796     0.0181    -1.0224 -9.990e-29
 155.470642     -0.799   0.023247    15.8794    -1.7341     -0.792     0.0181    -1.0221 -9.990e-29
 155.470648     -0.785   0.023554    15.8725    -1.7341     -0.778     0.0182    -1.0209 -9.990e-29
 155.470654     -0.766   0.023513    15.8605    -1.7344     -0.760     0.0182    -1.0190 -9.990e-29
 155.470660     -0.748   0.023069    15.8454    -1.7349     -0.742     0.0180    -1.0167 -9.990e-29
 155.470666     -0.735   0.022736    15.8334    -1.7351     -0.729     0.0178    -1.0150 -9.990e-29
 155.470671     -0.726   0.022625    15.8266    -1.7351     -0.720     0.0178    -1.0139 -9.990e-29
 155.470677     -0.721   0.022588    15.8213    -1.7350     -0.715     0.0177    -1.0131 -9.990e-29
 155.470683     -0.718   0.022576    15.8163    -1.7350     -0.712     0.0177    -1.0123 -9.990e-29
 155.470689     -0.719   0.022572    15.8130    -1.7349     -0.713     0.0177    -1.0117 -9.990e-29
 155.470694     -0.718   0.022570    15.8106    -1.7353     -0.712     0.0177    -1.0114 -9.990e-29
 155.470700     -0.711   0.022569    15.8063    -1.7356     -0.705     0.0177    -1.0107 -9.990e-29
 155.470706     -0.703   0.022566    15.7983    -1.7359     -0.697     0.0177    -1.0094 -9.990e-29
 155.470712     -0.696   0.022559    15.7888    -1.7360     -0.690     0.0177    -1.0079 -9.990e-29
 155.470718     -0.691   0.022539    15.7822    -1.7360     -0.685     0.0177    -1.0068 -9.990e-29
 155.470723     -0.687   0.022480    15.7798    -1.7361     -0.681     0.0177    -1.0065 -9.990e-29
 155.470729     -0.684   0.022302    15.7797    -1.7360     -0.678     0.0176    -1.0065 -9.990e-29
 155.470735     -0.682   0.021954    15.7795    -1.7359     -0.676     0.0174    -1.0066 -9.990e-29
 155.470741     -0.680   0.021524    15.7764    -1.7358     -0.674     0.0172    -1.0063 -9.990e-29
 155.470747     -0.679   0.021176    15.7690    -1.7359     -0.673     0.0170    -1.0052 -9.990e-29
 155.470752     -0.678   0.020998    15.7598    -1.7363     -0.672     0.0169    -1.0038 -9.990e-29
 155.470758     -0.677   0.020939    15.7519    -1.7365     -0.671     0.0169    -1.0026 -9.990e-29
 155.470764     -0.676   0.020919    15.7470    -1.7365     -0.670     0.0169    -1.0018 -9.990e-29
 155.470770     -0.676   0.020912    15.7448    -1.7365     -0.670     0.0169    -1.0015 -9.990e-29
 155.470775     -0.676   0.020910    15.7444    -1.7364     -0.670     0.0169    -1.0014 -9.990e-29
 155.470781     -0.676   0.020909    15.7455    -1.7366     -0.670     0.0169    -1.0016 -9.990e-29
 155.470787     -0.676   0.020909    15.7469    -1.7367     -0.670     0.0169    -1.0018 -9.990e-29
 155.470793     -0.677   0.020909    15.7463    -1.7367     -0.671     0.0169    -1.0017 -9.990e-29
 155.470799     -0.677   0.020908    15.7421    -1.7368     -0.671     0.0169    -1.0011 -9.990e-29
 155.470804     -0.678   0.020907    15.7354    -1.7371     -0.672     0.0169    -1.0000 -9.990e-29
 155.470810     -0.680   0.020903    15.7297    -1.7371     -0.674     0.0169    -0.9991 -9.990e-29
 155.470816     -0.681   0.020891    15.7270    -1.7372     -0.675     0.0169    -0.9987 -9.990e-29
 155.470822     -0.683   0.020853    15.7265    -1.7371     -0.677     0.0168    -0.9986 -9.990e-29
 155.470828     -0.686   0.020739    15.7257    -1.7374     -0.680     0.0168    -0.9985 -9.990e-29
 155.470833     -0.690   0.020397    15.7231    -1.7379     -0.684     0.0166    -0.9982 -9.990e-29
 155.470839     -0.691   0.019926    15.7205    -1.7382     -0.685     0.0164    -0.9980 -9.990e-29
 155.470845     -0.684   0.019803    15.7179    -1.7386     -0.678     0.0163    -0.9976 -9.990e-29
 155.470851     -0.674   0.019865    15.7134    -1.7392     -0.668     0.0164    -0.9969 -9.990e-29
 155.470856     -0.664   0.019640    15.7084    -1.7393     -0.658     0.0162    -0.9962 -9.990e-29
 155.470862     -0.653   0.019380    15.7053    -1.7393     -0.648     0.0161    -0.9958 -9.990e-29
 155.470868     -0.641   0.019294    15.7032    -1.7392     -0.636     0.0161    -0.9955 -9.990e-29
 155.470874     -0.631   0.019265    15.6990    -1.7393     -0.626     0.0161    -0.9948 -9.990e-29
 155.470880     -0.627   0.019255    15.6905    -1.7393     -0.622     0.0160    -0.9935 -9.990e-29
 155.470885     -0.624   0.019251    15.6786    -1.7390     -0.619     0.0160    -0.9916 -9.990e-29
 155.470891     -0.623   0.019250    15.6656    -1.7393     -0.618     0.0160    -0.9895 -9.990e-29
 155.470897     -0.627   0.019250    15.6518    -1.7396     -0.622     0.0160    -0.9873 -9.990e-29
 155.470903     -0.633   0.019251    15.6394    -1.7396     -0.628     0.0160    -0.9854 -9.990e-29
 155.470909     -0.635   0.019251    15.6322    -1.7395     -0.630     0.0160    -0.9842 -9.990e-29
 155.470914     -0.636   0.019251    15.6298    -1.7395     -0.631     0.0160    -0.9839 -9.990e-29
 155.470920     -0.634   0.019251    15.6292    -1.7395     -0.629     0.0160    -0.9838 -9.990e-29
 155.470926     -0.630   0.019251    15.6289    -1.7394     -0.625     0.0160    -0.9837 -9.990e-29
 155.470932     -0.622   0.019251    15.6296    -1.7392     -0.617     0.0160    -0.9838 -9.990e-29
 155.470937     -0.612   0.019251    15.6296    -1.7391     -0.607     0.0160    -0.9838 -9.990e-29
 155.470943     -0.602   0.019251    15.6259    -1.7388     -0.597     0.0160    -0.9832 -9.990e-29
 155.470949     -0.597   0.019251    15.6213    -1.7385     -0.592     0.0160    -0.9825 -9.990e-29
 155.470955     -0.594   0.019251    15.6195    -1.7380     -0.589     0.0160    -0.9822 -9.990e-29
 155.470961     -0.596   0.019251    15.6199    -1.7375     -0.591     0.0160    -0.9823 -9.990e-29
 155.470966     -0.597   0.019251    15.6209    -1.7370     -0.592     0.0160    -0.9825 -9.990e-29
 155.470972     -0.593   0.019250    15.6227    -1.7366     -0.588     0.0160    -0.9827 -9.990e-29
 155.470978     -0.588   0.019245    15.6261    -1.7365     -0.583     0.0160    -0.9833 -9.990e-29
 155.470984     -0.586   0.019232    15.6312    -1.7362     -0.581     0.0160    -0.9841 -9.990e-29
 155.470990     -0.583   0.019191    15.6384    -1.7361     -0.578     0.0160    -0.9852 -9.990e-29
 155.470995     -0.575   0.019068    15.6482    -1.7357     -0.570     0.0159    -0.9868 -9.990e-29
 155.471001     -0.564   0.018699    15.6607    -1.7351     -0.559     0.0158    -0.9890 -9.990e-29
 155.471007     -0.556   0.018146    15.6757    -1.7346     -0.551     0.0155    -0.9916 -9.990e-29
 155.471013     -0.548   0.017777    15.6916    -1.7344     -0.543     0.0153    -0.9942 -9.990e-29
 155.471019     -0.545   0.017654    15.7067    -1.7348     -0.540     0.0153    -0.9967 -9.990e-29
 155.471024     -0.547   0.017613    15.7194    -1.7348     -0.542     0.0152    -0.9987 -9.990e-29
 155.471030     -0.545   0.017599    15.7294    -1.7345     -0.540     0.0152    -1.0003 -9.990e-29
 155.471036     -0.540   0.017595    15.7380    -1.7345     -0.535     0.0152    -1.0017 -9.990e-29
 155.471042     -0.535   0.017593    15.7476    -1.7343     -0.531     0.0152    -1.0032 -9.990e-29
 155.471047     -0.529   0.017592    15.7603    -1.7344     -0.525     0.0152    -1.0052 -9.990e-29
 155.471053     -0.523   0.017592    15.7753    -1.7347     -0.519     0.0152    -1.0076 -9.990e-29
 155.471059     -0.512   0.017593    15.7882    -1.7350     -0.508     0.0152    -1.0097 -9.990e-29
 155.471065     -0.494   0.017593    15.7942    -1.7351     -0.490     0.0152    -1.0107 -9.990e-29
 155.471071     -0.478   0.017593    15.7941    -1.7354     -0.474     0.0152    -1.0106 -9.990e-29
 155.471076     -0.467   0.017593    15.7945    -1.7352     -0.463     0.0152    -1.0107 -9.990e-29
 155.471082     -0.460   0.017593    15.7978    -1.7351     -0.456     0.0152    -1.0112 -9.990e-29
 155.471088     -0.457   0.017593    15.8015    -1.7349     -0.453     0.0152    -1.0118 -9.990e-29
 155.471094     -0.457   0.017593    15.8030    -1.7349     -0.453     0.0152    -1.0121 -9.990e-29
 155.471100     -0.460   0.017593    15.8000    -1.7348     -0.456     0.0152    -1.0116 -9.990e-29
 155.471105     -0.468   0.017593    15.7931    -1.7348     -0.464     0.0152    -1.0105 -9.990e-29
 155.471111     -0.475   0.017593    15.7855    -1.7346     -0.471     0.0152    -1.0093 -9.990e-29
 155.471117     -0.478   0.017594    15.7794    -1.7344     -0.474     0.0152    -1.0083 -9.990e-29
 155.471123     -0.477   0.017594    15.7760    -1.7340     -0.473     0.0152    -1.0077 -9.990e-29
 155.471128     -0.472   0.017594    15.7763    -1.7338     -0.468     0.0152    -1.0078 -9.990e-29
 155.471134     -0.467   0.017594    15.7795    -1.7340     -0.463     0.0152    -1.0083 -9.990e-29
 155.471140     -0.462   0.017594    15.7835    -1.7339     -0.458     0.0152    -1.0089 -9.990e-29
 155.471146     -0.452   0.017594    15.7866    -1.7337     -0.448     0.0152    -1.0094 -9.990e-29
 155.471152     -0.441   0.017594    15.7892    -1.7332     -0.437     0.0152    -1.0098 -9.990e-29
 155.471157     -0.433   0.017594    15.7927    -1.7325     -0.429     0.0152    -1.0104 -9.990e-29
 155.471163     -0.426   0.017594    15.7986    -1.7320     -0.422     0.0152    -1.0114 -9.990e-29
 155.471169     -0.421   0.017594    15.8071    -1.7315     -0.417     0.0152    -1.0127 -9.990e-29
 155.471175     -0.417   0.017595    15.8157    -1.7309     -0.414     0.0152    -1.0141 -9.990e-29
 155.471181     -0.414   0.017595    15.8210    -1.7305     -0.411     0.0152    -1.0149 -9.990e-29
 155.471186     -0.411   0.017595    15.8235    -1.7303     -0.408     0.0152    -1.0153 -9.990e-29
 155.471192     -0.410   0.017595    15.8277    -1.7301     -0.407     0.0152    -1.0160 -9.990e-29
 155.471198     -0.408   0.017595    15.8369    -1.7299     -0.405     0.0152    -1.0175 -9.990e-29
 155.471204     -0.407   0.017594    15.8518    -1.7296     -0.404     0.0153    -1.0199 -9.990e-29
 155.471209     -0.406   0.017593    15.8707    -1.7294     -0.403     0.0153    -1.0229 -9.990e-29
 155.471215     -0.405   0.017590    15.8904    -1.7292     -0.402     0.0153    -1.0261 -9.990e-29
 155.471221     -0.405   0.017579    15.9096    -1.7287     -0.402     0.0153    -1.0292 -9.990e-29
 155.471227     -0.404   0.017547    15.9269    -1.7278     -0.401     0.0152    -1.0320 -9.990e-29
 155.471233     -0.404   0.017452    15.9408    -1.7272     -0.401     0.0152    -1.0343 -9.990e-29
 155.471238     -0.404   0.017165    15.9515    -1.7267     -0.401     0.0151    -1.0361 -9.990e-29
 155.471244     -0.404   0.016858    15.9607    -1.7268     -0.401     0.0149    -1.0377 -9.990e-29
 155.471250     -0.404   0.016673    15.9698    -1.7274     -0.401     0.0148    -1.0393 -9.990e-29
 155.471256     -0.403   0.016366    15.9793    -1.7279     -0.400     0.0147    -1.0409 -9.990e-29
 155.471262     -0.403   0.016079    15.9893    -1.7285     -0.400     0.0145    -1.0427 -9.990e-29
 155.471267     -0.403   0.015983    16.0014    -1.7288     -0.400     0.0145    -1.0447 -9.990e-29
 155.471273     -0.403   0.015951    16.0185    -1.7288     -0.400     0.0145    -1.0474 -9.990e-29
 155.471279     -0.403   0.015941    16.0396    -1.7286     -0.400     0.0145    -1.0509 -9.990e-29
 155.471285     -0.403   0.015937    16.0587    -1.7286     -0.400     0.0145    -1.0540 -9.990e-29
 155.471291     -0.403   0.015936    16.0696    -1.7291     -0.400     0.0145    -1.0558 -9.990e-29
 155.471296     -0.402   0.015936    16.0682    -1.7294     -0.399     0.0145    -1.0555 -9.990e-29
 155.471302     -0.402   0.015936    16.0563    -1.7296     -0.399     0.0145    -1.0536 -9.990e-29
 155.471308     -0.402   0.015936    16.0405    -1.7303     -0.399     0.0145    -1.0510 -9.990e-29
 155.471314     -0.402   0.015936    16.0261    -1.7317     -0.399     0.0145    -1.0487 -9.990e-29
 155.471319     -0.401   0.015936    16.0164    -1.7332     -0.398     0.0145    -1.0471 -9.990e-29
 155.471325     -0.401   0.015936    16.0127    -1.7337     -0.398     0.0145    -1.0465 -9.990e-29
 155.471331     -0.400   0.015937    16.0120    -1.7336     -0.397     0.0145    -1.0464 -9.990e-29
 155.471337     -0.400   0.015937    16.0079    -1.7345     -0.397     0.0145    -1.0457 -9.990e-29
 155.471343     -0.399   0.015937    15.9980    -1.7358     -0.396     0.0145    -1.0441 -9.990e-29
 155.471348     -0.398   0.015937    15.9852    -1.7364     -0.395     0.0145    -1.0420 -9.990e-29
 155.471354     -0.396   0.015937    15.9677    -1.7366     -0.393     0.0145    -1.0392 -9.990e-29
 155.471360     -0.394   0.015937    15.9398    -1.7366     -0.391     0.0145    -1.0347 -9.990e-29
 155.471366     -0.391   0.015937    15.9019    -1.7366     -0.388     0.0145    -1.0286 -9.990e-29
 155.471372     -0.388   0.015937    15.8651    -1.7365     -0.385     0.0144    -1.0226 -9.990e-29
 155.471377     -0.384   0.015937    15.8397    -1.7365     -0.381     0.0144    -1.0186 -9.990e-29
 155.471383     -0.379   0.015937    15.8202    -1.7363     -0.376     0.0144    -1.0154 -9.990e-29
 155.471389     -0.372   0.015938    15.7947    -1.7363     -0.369     0.0144    -1.0114 -9.990e-29
 155.471395     -0.363   0.015938    15.7660    -1.7364     -0.360     0.0144    -1.0068 -9.990e-29
