data/oxygen options/ONMS/Olympic_Coast_National_Marine_Sanctuary_CTD_Data_2005_2023/raw_data/2013/CAST_TH042_130831faed.cnv
* Sea-Bird SBE19 Data File:
* FileName = C:\2013 Mooring Data\2nd Service\Casts\CAST_TH042_130831.hex
* Software Version 1.59
* Temperature SN = 2997
* Conductivity SN = 2997
* System UpLoad Time = Aug 31 2013 13:43:41
** CAST_TH042_130831
* ds
# nquan = 9                                 
# nvalues = 1037                        
# units = specified
# name 0 = timeJ: Julian Days
# name 1 = prSM: Pressure, Strain Gauge [db]
# name 2 = c0mS/cm: Conductivity [mS/cm]
# name 3 = t090C: Temperature [ITS-90, deg C]
# name 4 = sbeox0ML/L: Oxygen, SBE 43 [ml/l]
# name 5 = depSM: Depth [salt water, m], lat = 47.5
# name 6 = sal00: Salinity, Practical [PSU]
# name 7 = sigma-é00: Density [sigma-theta, kg/m^3]
# name 8 = flag: flag
# span 0 = 243.542778, 243.548773       
# span 1 =     -6.546,     42.634       
# span 2 =   0.121908,  39.038339       
# span 3 =     8.4281,    18.4401       
# span 4 =    -1.6978,     9.8922       
# span 5 =     -6.491,     42.274       
# span 6 =     0.0689,    33.4513       
# span 7 =    -1.4306,    25.9790       
# span 8 = 0.0000e+00, 0.0000e+00       
# interval = seconds: 0.5
# start_time = Aug 31 2013 13:01:36 [Instrument's time stamp, header]
# bad_flag = -9.990e-29
*END*
[from data line 161]
 243.543709     -3.022   0.177274    17.1991    -1.6973     -2.997     0.1008    -1.1809 -9.990e-29
 243.543715     -3.011   0.177677    17.1930    -1.6970     -2.986     0.1010    -1.1797 -9.990e-29
 243.543721     -3.000   0.177684    17.1859    -1.6968     -2.975     0.1011    -1.1784 -9.990e-29
 243.543727     -2.982   0.177307    17.1793    -1.6966     -2.957     0.1009    -1.1774 -9.990e-29
 243.543733     -2.957   0.176595    17.1736    -1.6967     -2.932     0.1005    -1.1767 -9.990e-29
 243.543738     -2.927   0.175706    17.1695    -1.6967     -2.903     0.1000    -1.1764 -9.990e-29
 243.543744     -2.899   0.174559    17.1666    -1.6968     -2.875     0.0993    -1.1763 -9.990e-29
 243.543750     -2.876   0.173286    17.1642    -1.6968     -2.852     0.0986    -1.1765 -9.990e-29
 243.543756     -2.856   0.172405    17.1643    -1.6967     -2.832     0.0981    -1.1769 -9.990e-29
 243.543762     -2.838   0.172400    17.1685    -1.6967     -2.814     0.0981    -1.1776 -9.990e-29
 243.543767     -2.824   0.173265    17.1754    -1.6965     -2.800     0.0986    -1.1785 -9.990e-29
 243.543773     -2.819   0.174490    17.1822    -1.6962     -2.795     0.0993    -1.1791 -9.990e-29
 243.543779     -2.818   0.175497    17.1867    -1.6959     -2.795     0.0998    -1.1795 -9.990e-29
 243.543785     -2.816   0.175964    17.1877    -1.6959     -2.793     0.1001    -1.1795 -9.990e-29
 243.543791     -2.814   0.175961    17.1868    -1.6958     -2.791     0.1001    -1.1793 -9.990e-29
 243.543796     -2.810   0.175483    17.1861    -1.6960     -2.787     0.0998    -1.1794 -9.990e-29
 243.543802     -2.805   0.174448    17.1867    -1.6962     -2.782     0.0992    -1.1799 -9.990e-29
 243.543808     -2.799   0.173135    17.1891    -1.6962     -2.776     0.0985    -1.1809 -9.990e-29
 243.543814     -2.791   0.172005    17.1931    -1.6964     -2.768     0.0979    -1.1821 -9.990e-29
 243.543819     -2.781   0.171212    17.1994    -1.6965     -2.758     0.0974    -1.1836 -9.990e-29
 243.543825     -2.768   0.170806    17.2076    -1.6963     -2.745     0.0972    -1.1852 -9.990e-29
 243.543831     -2.750   0.170798    17.2152    -1.6960     -2.727     0.0971    -1.1866 -9.990e-29
 243.543837     -2.728   0.170624    17.2198    -1.6959     -2.705     0.0970    -1.1875 -9.990e-29
 243.543843     -2.704   0.170052    17.2209    -1.6957     -2.681     0.0967    -1.1879 -9.990e-29
 243.543848     -2.681   0.169424    17.2187    -1.6955     -2.659     0.0964    -1.1878 -9.990e-29
 243.543854     -2.657   0.169011    17.2146    -1.6952     -2.635     0.0962    -1.1872 -9.990e-29
 243.543860     -2.635   0.168814    17.2104    -1.6949     -2.613     0.0961    -1.1866 -9.990e-29
 243.543866     -2.617   0.168572    17.2070    -1.6950     -2.595     0.0959    -1.1861 -9.990e-29
 243.543872     -2.604   0.168513    17.2067    -1.6951     -2.582     0.0959    -1.1861 -9.990e-29
 243.543877     -2.593   0.168558    17.2112    -1.6951     -2.571     0.0959    -1.1868 -9.990e-29
 243.543883     -2.585   0.168214    17.2184    -1.6951     -2.563     0.0957    -1.1883 -9.990e-29
 243.543889     -2.578   0.167575    17.2259    -1.6952     -2.557     0.0953    -1.1899 -9.990e-29
 243.543895     -2.573   0.166895    17.2340    -1.6952     -2.552     0.0949    -1.1916 -9.990e-29
 243.543900     -2.569   0.166373    17.2429    -1.6952     -2.548     0.0946    -1.1934 -9.990e-29
 243.543906     -2.565   0.165867    17.2518    -1.6951     -2.544     0.0943    -1.1952 -9.990e-29
 243.543912     -2.561   0.165256    17.2581    -1.6953     -2.540     0.0940    -1.1966 -9.990e-29
 243.543918     -2.558   0.164830    17.2601    -1.6954     -2.537     0.0937    -1.1971 -9.990e-29
 243.543924     -2.555   0.164575    17.2596    -1.6955     -2.534     0.0936    -1.1972 -9.990e-29
 243.543929     -2.552   0.164151    17.2583    -1.6955     -2.531     0.0934    -1.1971 -9.990e-29
 243.543935     -2.548   0.163546    17.2565    -1.6954     -2.527     0.0930    -1.1971 -9.990e-29
 243.543941     -2.543   0.163058    17.2550    -1.6956     -2.522     0.0928    -1.1970 -9.990e-29
 243.543947     -2.538   0.162591    17.2545    -1.6957     -2.517     0.0925    -1.1971 -9.990e-29
 243.543953     -2.531   0.162074    17.2547    -1.6959     -2.510     0.0922    -1.1974 -9.990e-29
 243.543958     -2.522   0.161924    17.2543    -1.6960     -2.501     0.0921    -1.1974 -9.990e-29
 243.543964     -2.512   0.161942    17.2518    -1.6958     -2.491     0.0922    -1.1969 -9.990e-29
 243.543970     -2.502   0.161598    17.2476    -1.6956     -2.481     0.0920    -1.1963 -9.990e-29
 243.543976     -2.498   0.160987    17.2440    -1.6955     -2.477     0.0916    -1.1959 -9.990e-29
 243.543981     -2.494   0.160401    17.2424    -1.6955     -2.473     0.0913    -1.1959 -9.990e-29
 243.543987     -2.486   0.160163    17.2408    -1.6955     -2.465     0.0912    -1.1957 -9.990e-29
 243.543993     -2.474   0.160509    17.2373    -1.6953     -2.453     0.0914    -1.1949 -9.990e-29
 243.543999     -2.456   0.161346    17.2334    -1.6954     -2.436     0.0919    -1.1939 -9.990e-29
 243.544005     -2.432   0.162129    17.2307    -1.6954     -2.412     0.0923    -1.1931 -9.990e-29
 243.544010     -2.404   0.162243    17.2303    -1.6953     -2.384     0.0924    -1.1929 -9.990e-29
 243.544016     -2.378   0.161839    17.2333    -1.6955     -2.358     0.0921    -1.1936 -9.990e-29
 243.544022     -2.359   0.161483    17.2378    -1.6956     -2.339     0.0919    -1.1946 -9.990e-29
 243.544028     -2.344   0.161254    17.2414    -1.6956     -2.324     0.0918    -1.1953 -9.990e-29
 243.544034     -2.332   0.160846    17.2440    -1.6954     -2.313     0.0916    -1.1960 -9.990e-29
 243.544039     -2.324   0.160270    17.2468    -1.6952     -2.305     0.0912    -1.1967 -9.990e-29
 243.544045     -2.317   0.159862    17.2491    -1.6951     -2.298     0.0910    -1.1973 -9.990e-29
 243.544051     -2.313   0.159632    17.2498    -1.6949     -2.294     0.0909    -1.1975 -9.990e-29
 243.544057     -2.309   0.159272    17.2494    -1.6947     -2.290     0.0907    -1.1976 -9.990e-29
 243.544063     -2.308   0.158856    17.2482    -1.6946     -2.289     0.0904    -1.1976 -9.990e-29
 243.544068     -2.307   0.158937    17.2458    -1.6941     -2.288     0.0905    -1.1971 -9.990e-29
 243.544074     -2.307   0.159621    17.2439    -1.6935     -2.288     0.0909    -1.1965 -9.990e-29
 243.544080     -2.309   0.160159    17.2448    -1.6928     -2.290     0.0912    -1.1964 -9.990e-29
 243.544086     -2.312   0.160161    17.2493    -1.6921     -2.293     0.0912    -1.1972 -9.990e-29
 243.544091     -2.316   0.160185    17.2555    -1.6915     -2.297     0.0912    -1.1983 -9.990e-29
 243.544097     -2.318   0.160261    17.2623    -1.6909     -2.299     0.0912    -1.1995 -9.990e-29
 243.544103     -2.314   0.159936    17.2699    -1.6902     -2.295     0.0910    -1.2010 -9.990e-29
 243.544109     -2.306   0.159328    17.2785    -1.6897     -2.287     0.0907    -1.2028 -9.990e-29
 243.544115     -2.299   0.158736    17.2902    -1.6891     -2.280     0.0903    -1.2051 -9.990e-29
 243.544120     -2.293   0.158476    17.3072    -1.6888     -2.274     0.0901    -1.2083 -9.990e-29
 243.544126     -2.288   0.158755    17.3296    -1.6885     -2.269     0.0902    -1.2122 -9.990e-29
 243.544132     -2.282   0.159390    17.3554    -1.6881     -2.263     0.0905    -1.2165 -9.990e-29
 243.544138     -2.276   0.160120    17.3819    -1.6878     -2.257     0.0909    -1.2210 -9.990e-29
 243.544144     -2.269   0.160810    17.4078    -1.6874     -2.250     0.0912    -1.2253 -9.990e-29
 243.544149     -2.261   0.161274    17.4330    -1.6870     -2.242     0.0914    -1.2297 -9.990e-29
 243.544155     -2.251   0.161574    17.4573    -1.6865     -2.232     0.0916    -1.2339 -9.990e-29
 243.544161     -2.239   0.162111    17.4802    -1.6861     -2.220     0.0918    -1.2378 -9.990e-29
 243.544167     -2.223   0.163047    17.5006    -1.6856     -2.204     0.0923    -1.2411 -9.990e-29
 243.544172     -2.203   0.163968    17.5182    -1.6852     -2.185     0.0928    -1.2439 -9.990e-29
 243.544178     -2.182   0.164442    17.5340    -1.6853     -2.164     0.0930    -1.2466 -9.990e-29
 243.544184     -2.167   0.164548    17.5492    -1.6852     -2.149     0.0930    -1.2493 -9.990e-29
 243.544190     -2.157   0.164425    17.5643    -1.6852     -2.139     0.0929    -1.2521 -9.990e-29
 243.544196     -2.147   0.164094    17.5799    -1.6852     -2.129     0.0927    -1.2551 -9.990e-29
 243.544201     -2.141   0.163669    17.5966    -1.6851     -2.123     0.0925    -1.2583 -9.990e-29
 243.544207     -2.138   0.163319    17.6147    -1.6849     -2.120     0.0922    -1.2617 -9.990e-29
 243.544213     -2.130   0.163129    17.6332    -1.6847     -2.112     0.0921    -1.2652 -9.990e-29
 243.544219     -2.116   0.163030    17.6496    -1.6844     -2.098     0.0920    -1.2682 -9.990e-29
 243.544225     -2.104   0.162891    17.6606    -1.6841     -2.086     0.0919    -1.2703 -9.990e-29
 243.544230     -2.094   0.162526    17.6660    -1.6836     -2.077     0.0917    -1.2714 -9.990e-29
 243.544236     -2.079   0.161998    17.6685    -1.6829     -2.062     0.0914    -1.2721 -9.990e-29
 243.544242     -2.064   0.161711    17.6703    -1.6824     -2.047     0.0913    -1.2726 -9.990e-29
 243.544248     -2.051   0.161834    17.6729    -1.6820     -2.034     0.0913    -1.2730 -9.990e-29
 243.544253     -2.041   0.161977    17.6780    -1.6815     -2.024     0.0914    -1.2739 -9.990e-29
 243.544259     -2.032   0.161777    17.6859    -1.6808     -2.015     0.0913    -1.2754 -9.990e-29
 243.544265     -2.024   0.161523    17.6963    -1.6804     -2.007     0.0911    -1.2774 -9.990e-29
 243.544271     -2.016   0.161426    17.7087    -1.6799     -1.999     0.0910    -1.2797 -9.990e-29
 243.544277     -2.008   0.161357    17.7242    -1.6795     -1.991     0.0910    -1.2826 -9.990e-29
 243.544282     -1.998   0.161224    17.7442    -1.6792     -1.981     0.0908    -1.2863 -9.990e-29
 243.544288     -1.992   0.160847    17.7668    -1.6789     -1.975     0.0906    -1.2906 -9.990e-29
 243.544294     -1.993   0.160279    17.7884    -1.6787     -1.976     0.0903    -1.2948 -9.990e-29
 243.544300     -1.996   0.159868    17.8092    -1.6788     -1.979     0.0900    -1.2988 -9.990e-29
 243.544306     -1.998   0.159621    17.8315    -1.6791     -1.981     0.0898    -1.3031 -9.990e-29
 243.544311     -1.998   0.159207    17.8545    -1.6792     -1.981     0.0895    -1.3075 -9.990e-29
 243.544317     -1.997   0.158625    17.8757    -1.6792     -1.980     0.0892    -1.3117 -9.990e-29
 243.544323     -1.994   0.158206    17.8946    -1.6793     -1.977     0.0889    -1.3153 -9.990e-29
 243.544329     -1.990   0.157945    17.9114    -1.6794     -1.973     0.0888    -1.3186 -9.990e-29
 243.544334     -1.984   0.157494    17.9259    -1.6796     -1.967     0.0885    -1.3214 -9.990e-29
 243.544340     -1.976   0.156804    17.9373    -1.6799     -1.960     0.0881    -1.3238 -9.990e-29
 243.544346     -1.969   0.156062    17.9426    -1.6801     -1.953     0.0877    -1.3251 -9.990e-29
 243.544352     -1.967   0.155384    17.9408    -1.6801     -1.951     0.0873    -1.3251 -9.990e-29
 243.544358     -1.967   0.154973    17.9354    -1.6798     -1.951     0.0871    -1.3243 -9.990e-29
 243.544363     -1.963   0.154832    17.9304    -1.6796     -1.947     0.0870    -1.3234 -9.990e-29
 243.544369     -1.955   0.154772    17.9265    -1.6796     -1.939     0.0870    -1.3227 -9.990e-29
 243.544375     -1.943   0.154715    17.9228    -1.6795     -1.927     0.0870    -1.3220 -9.990e-29
 243.544381     -1.927   0.154583    17.9182    -1.6796     -1.911     0.0869    -1.3212 -9.990e-29
 243.544387     -1.908   0.154199    17.9115    -1.6798     -1.892     0.0867    -1.3201 -9.990e-29
 243.544392     -1.896   0.153606    17.9035    -1.6800     -1.880     0.0864    -1.3189 -9.990e-29
 243.544398     -1.888   0.153119    17.8980    -1.6805     -1.872     0.0862    -1.3181 -9.990e-29
 243.544404     -1.881   0.152641    17.8982    -1.6810     -1.865     0.0859    -1.3183 -9.990e-29
 243.544410     -1.878   0.152088    17.9029    -1.6816     -1.862     0.0856    -1.3194 -9.990e-29
 243.544416     -1.878   0.151828    17.9080    -1.6820     -1.862     0.0854    -1.3205 -9.990e-29
 243.544421     -1.874   0.152069    17.9114    -1.6821     -1.858     0.0856    -1.3210 -9.990e-29
 243.544427     -1.861   0.152576    17.9125    -1.6821     -1.845     0.0858    -1.3210 -9.990e-29
 243.544433     -1.841   0.152917    17.9098    -1.6820     -1.826     0.0860    -1.3204 -9.990e-29
 243.544439     -1.823   0.152995    17.9027    -1.6820     -1.808     0.0861    -1.3190 -9.990e-29
 243.544444     -1.810   0.152912    17.8908    -1.6819     -1.795     0.0860    -1.3168 -9.990e-29
 243.544450     -1.801   0.152557    17.8740    -1.6816     -1.786     0.0859    -1.3139 -9.990e-29
 243.544456     -1.795   0.152008    17.8542    -1.6814     -1.780     0.0856    -1.3105 -9.990e-29
 243.544462     -1.792   0.151641    17.8349    -1.6811     -1.777     0.0855    -1.3070 -9.990e-29
 243.544468     -1.792   0.151519    17.8202    -1.6809     -1.777     0.0854    -1.3044 -9.990e-29
 243.544473     -1.794   0.151478    17.8125    -1.6807     -1.779     0.0854    -1.3030 -9.990e-29
 243.544479     -1.799   0.151463    17.8100    -1.6806     -1.784     0.0854    -1.3025 -9.990e-29
 243.544485     -1.808   0.151455    17.8102    -1.6807     -1.793     0.0854    -1.3026 -9.990e-29
 243.544491     -1.815   0.151440    17.8129    -1.6805     -1.800     0.0854    -1.3031 -9.990e-29
 243.544497     -1.814   0.151399    17.8192    -1.6801     -1.799     0.0853    -1.3042 -9.990e-29
 243.544502     -1.804   0.151276    17.8282    -1.6799     -1.789     0.0853    -1.3060 -9.990e-29
 243.544508     -1.793   0.150907    17.8381    -1.6796     -1.778     0.0850    -1.3079 -9.990e-29
 243.544514     -1.786   0.150353    17.8481    -1.6793     -1.771     0.0847    -1.3100 -9.990e-29
 243.544520     -1.780   0.149980    17.8574    -1.6792     -1.765     0.0845    -1.3119 -9.990e-29
 243.544525     -1.776   0.149845    17.8648    -1.6791     -1.761     0.0844    -1.3133 -9.990e-29
 243.544531     -1.774   0.149768    17.8693    -1.6788     -1.759     0.0844    -1.3142 -9.990e-29
 243.544537     -1.773   0.149645    17.8729    -1.6783     -1.758     0.0843    -1.3149 -9.990e-29
 243.544543     -1.774   0.149311    17.8797    -1.6779     -1.759     0.0841    -1.3163 -9.990e-29
 243.544549     -1.776   0.148875    17.8895    -1.6776     -1.761     0.0839    -1.3183 -9.990e-29
 243.544554     -1.780   0.148862    17.9001    -1.6772     -1.765     0.0838    -1.3203 -9.990e-29
 243.544560     -1.781   0.149252    17.9114    -1.6771     -1.766     0.0840    -1.3222 -9.990e-29
 243.544566     -1.776   0.149457    17.9219    -1.6770     -1.761     0.0841    -1.3241 -9.990e-29
 243.544572     -1.769   0.149198    17.9304    -1.6769     -1.754     0.0840    -1.3257 -9.990e-29
 243.544578     -1.762   0.148683    17.9395    -1.6768     -1.747     0.0837    -1.3276 -9.990e-29
 243.544583     -1.757   0.148331    17.9523    -1.6768     -1.742     0.0835    -1.3302 -9.990e-29
 243.544589     -1.751   0.148226    17.9684    -1.6770     -1.736     0.0834    -1.3332 -9.990e-29
 243.544595     -1.746   0.148228    17.9845    -1.6772     -1.731     0.0833    -1.3362 -9.990e-29
 243.544601     -1.741   0.148339    17.9990    -1.6771     -1.726     0.0834    -1.3389 -9.990e-29
 243.544606     -1.735   0.148704    18.0111    -1.6771     -1.721     0.0836    -1.3410 -9.990e-29
 243.544612     -1.728   0.149256    18.0197    -1.6770     -1.714     0.0838    -1.3423 -9.990e-29
 243.544618     -1.719   0.149623    18.0255    -1.6771     -1.705     0.0840    -1.3433 -9.990e-29
 243.544624     -1.709   0.149742    18.0297    -1.6769     -1.695     0.0841    -1.3440 -9.990e-29
