data/oxygen options/ONMS/Olympic_Coast_National_Marine_Sanctuary_CTD_Data_2005_2023/raw_data/2013/CAST_MB015_130902faed.cnv
* Sea-Bird SBE19 Data File:
* FileName = C:\2013 Mooring Data\2nd Service\Casts\CAST_MB015_130902.hex
* Software Version 1.59
* Temperature SN = 2997
* Conductivity SN = 2997
* System UpLoad Time = Sep 02 2013 11:19:55
** CAST_MB015_130902
* ds
# nquan = 9                                 
# nvalues = 1342                        
# units = specified
# name 0 = timeJ: Julian Days
# name 1 = prSM: Pressure, Strain Gauge [db]
# name 2 = c0mS/cm: Conductivity [mS/cm]
# name 3 = t090C: Temperature [ITS-90, deg C]
# name 4 = sbeox0ML/L: Oxygen, SBE 43 [ml/l]
# name 5 = depSM: Depth [salt water, m], lat = 47.5
# name 6 = sal00: Salinity, Practical [PSU]
# name 7 = sigma-é00: Density [sigma-theta, kg/m^3]
# name 8 = flag: flag
# span 0 = 245.455428, 245.463189       
# span 1 =     -5.804,     15.596       
# span 2 =   0.078831,  40.350199       
# span 3 =    14.3800,    17.8624       
# span 4 =    -1.6988,     8.6036       
# span 5 =     -5.756,     15.465       
# span 6 =     0.0465,    32.3162       
# span 7 =    -1.3408,    23.9556       
# span 8 = 0.0000e+00, 0.0000e+00       
# interval = seconds: 0.5
# start_time = Sep 02 2013 10:55:49 [Instrument's time stamp, header]
# bad_flag = -9.990e-29
*END*
[from data line 961]
 245.460990      2.314  40.205591    15.4021    -1.4348      2.295    32.2058    23.7317 -9.990e-29
 245.460995      2.335  40.213966    15.3952    -1.4349      2.315    32.2190    23.7433 -9.990e-29
 245.461001      2.341  40.233165    15.3955    -1.4351      2.321    32.2359    23.7563 -9.990e-29
 245.461007      2.330  40.238352    15.3984    -1.4353      2.311    32.2381    23.7574 -9.990e-29
 245.461013      2.316  40.218709    15.3988    -1.4351      2.297    32.2203    23.7435 -9.990e-29
 245.461019      2.317  40.186760    15.3949    -1.4349      2.298    32.1949    23.7249 -9.990e-29
 245.461024      2.337  40.161289    15.3901    -1.4348      2.317    32.1761    23.7114 -9.990e-29
 245.461030      2.369  40.155564    15.3877    -1.4350      2.349    32.1729    23.7095 -9.990e-29
 245.461036      2.393  40.167341    15.3876    -1.4351      2.373    32.1835    23.7177 -9.990e-29
 245.461042      2.393  40.177173    15.3879    -1.4352      2.373    32.1921    23.7242 -9.990e-29
 245.461047      2.374  40.172542    15.3867    -1.4352      2.354    32.1889    23.7221 -9.990e-29
 245.461053      2.356  40.160322    15.3836    -1.4349      2.336    32.1805    23.7163 -9.990e-29
 245.461059      2.355  40.147352    15.3793    -1.4349      2.335    32.1725    23.7110 -9.990e-29
 245.461065      2.371  40.137794    15.3766    -1.4348      2.351    32.1661    23.7067 -9.990e-29
 245.461071      2.392  40.140354    15.3770    -1.4350      2.372    32.1681    23.7082 -9.990e-29
 245.461076      2.402  40.154115    15.3789    -1.4351      2.382    32.1788    23.7160 -9.990e-29
 245.461082      2.394  40.166197    15.3807    -1.4347      2.374    32.1882    23.7228 -9.990e-29
 245.461088      2.375  40.166527    15.3814    -1.4347      2.355    32.1879    23.7224 -9.990e-29
 245.461094      2.357  40.155703    15.3808    -1.4347      2.337    32.1787    23.7155 -9.990e-29
 245.461100      2.344  40.142425    15.3797    -1.4351      2.324    32.1677    23.7073 -9.990e-29
 245.461105      2.333  40.135483    15.3792    -1.4352      2.314    32.1620    23.7030 -9.990e-29
 245.461111      2.326  40.141467    15.3794    -1.4349      2.307    32.1671    23.7069 -9.990e-29
 245.461117      2.321  40.155624    15.3794    -1.4349      2.302    32.1798    23.7166 -9.990e-29
 245.461123      2.317  40.165045    15.3789    -1.4346      2.298    32.1886    23.7235 -9.990e-29
 245.461128      2.315  40.165636    15.3780    -1.4350      2.296    32.1899    23.7247 -9.990e-29
 245.461134      2.315  40.161702    15.3767     6.7312      2.296    32.1874    23.7231 -9.990e-29
 245.461140      2.317  40.164967    15.3762     8.4010      2.298    32.1908    23.7258 -9.990e-29
 245.461146      2.320  40.177138    15.3774     8.6036      2.301    32.2007    23.7331 -9.990e-29
 245.461152      2.325  40.183218    15.3789     7.5711      2.306    32.2049    23.7360 -9.990e-29
 245.461157      2.332  40.174658    15.3786     5.1483      2.313    32.1975    23.7304 -9.990e-29
 245.461163      2.341  40.158693    15.3770     5.2264      2.321    32.1845    23.7208 -9.990e-29
 245.461169      2.354  40.153980    15.3764     5.2854      2.334    32.1808    23.7180 -9.990e-29
 245.461175      2.366  40.164476    15.3776     5.2724      2.346    32.1892    23.7242 -9.990e-29
 245.461181      2.371  40.174633    15.3790     5.2442      2.351    32.1971    23.7300 -9.990e-29
 245.461186      2.368  40.170130    15.3790     5.2217      2.348    32.1931    23.7269 -9.990e-29
 245.461192      2.369  40.145119    15.3772     5.2058      2.349    32.1722    23.7113 -9.990e-29
 245.461198      2.384  40.115723    15.3749     5.1870      2.364    32.1478    23.6930 -9.990e-29
 245.461204      2.405  40.100058    15.3743     5.1826      2.385    32.1343    23.6827 -9.990e-29
 245.461209      2.421  40.094765    15.3756     5.1768      2.401    32.1285    23.6780 -9.990e-29
 245.461215      2.428  40.092380    15.3772     5.1810      2.408    32.1251    23.6750 -9.990e-29
 245.461221      2.426  40.090437    15.3780     5.1804      2.406    32.1227    23.6730 -9.990e-29
 245.461227      2.420  40.087624    15.3777     5.1885      2.400    32.1204    23.6713 -9.990e-29
 245.461233      2.418  40.084269    15.3772     5.1999      2.398    32.1178    23.6694 -9.990e-29
 245.461238      2.420  40.082220    15.3772     5.2163      2.400    32.1160    23.6680 -9.990e-29
 245.461244      2.417  40.081702    15.3782     5.2353      2.397    32.1147    23.6668 -9.990e-29
 245.461250      2.405  40.081618    15.3802     5.2414      2.385    32.1130    23.6651 -9.990e-29
 245.461256      2.388  40.080330    15.3834     5.2448      2.368    32.1092    23.6615 -9.990e-29
 245.461262      2.372  40.077399    15.3872     5.2466      2.352    32.1035    23.6562 -9.990e-29
 245.461267      2.362  40.072434    15.3907     5.2552      2.342    32.0962    23.6499 -9.990e-29
 245.461273      2.356  40.065696    15.3936     5.2727      2.336    32.0879    23.6428 -9.990e-29
 245.461279      2.354  40.059566    15.3955     5.3111      2.334    32.0808    23.6370 -9.990e-29
 245.461285      2.357  40.053308    15.3966     5.3266      2.337    32.0743    23.6317 -9.990e-29
 245.461291      2.359  40.048822    15.3977     5.3158      2.339    32.0694    23.6277 -9.990e-29
 245.461296      2.353  40.049247    15.3995     5.3070      2.333    32.0684    23.6265 -9.990e-29
 245.461302      2.337  40.049703    15.4033     5.3026      2.317    32.0657    23.6236 -9.990e-29
 245.461308      2.321  40.045349    15.4083     5.3154      2.302    32.0577    23.6164 -9.990e-29
 245.461314      2.311  40.035580    15.4108     5.3283      2.292    32.0470    23.6076 -9.990e-29
 245.461319      2.315  40.024896    15.4098     5.3366      2.296    32.0382    23.6011 -9.990e-29
 245.461325      2.333  40.021063    15.4077     5.3427      2.314    32.0365    23.6002 -9.990e-29
 245.461331      2.353  40.024168    15.4075     5.3479      2.333    32.0394    23.6025 -9.990e-29
 245.461337      2.365  40.026739    15.4096     5.3546      2.345    32.0400    23.6025 -9.990e-29
 245.461343      2.365  40.024514    15.4122     5.3559      2.345    32.0359    23.5988 -9.990e-29
 245.461348      2.356  40.020283    15.4140     5.3573      2.336    32.0307    23.5944 -9.990e-29
 245.461354      2.352  40.016967    15.4148     5.3533      2.332    32.0271    23.5914 -9.990e-29
 245.461360      2.360  40.015343    15.4154     5.3342      2.340    32.0251    23.5898 -9.990e-29
 245.461366      2.372  40.014525    15.4159     5.3148      2.352    32.0240    23.5888 -9.990e-29
 245.461372      2.377  40.013015    15.4159     5.3056      2.357    32.0226    23.5878 -9.990e-29
 245.461377      2.374  40.011198    15.4150     5.3073      2.354    32.0218    23.5873 -9.990e-29
 245.461383      2.372  40.009049    15.4137     5.3148      2.352    32.0209    23.5869 -9.990e-29
 245.461389      2.376  40.007780    15.4128     5.3252      2.356    32.0205    23.5868 -9.990e-29
 245.461395      2.380  40.009776    15.4126     5.3427      2.360    32.0224    23.5883 -9.990e-29
 245.461400      2.382  40.013930    15.4129     5.3496      2.362    32.0259    23.5909 -9.990e-29
 245.461406      2.381  40.016411    15.4135     5.3599      2.361    32.0276    23.5921 -9.990e-29
 245.461412      2.373  40.015640    15.4137     5.3621      2.353    32.0268    23.5914 -9.990e-29
 245.461418      2.357  40.014106    15.4139     5.3622      2.337    32.0253    23.5902 -9.990e-29
 245.461424      2.341  40.013281    15.4147     5.3500      2.321    32.0239    23.5890 -9.990e-29
 245.461429      2.328  40.012222    15.4156     5.3494      2.309    32.0222    23.5875 -9.990e-29
 245.461435      2.322  40.009672    15.4162     5.3577      2.303    32.0194    23.5852 -9.990e-29
 245.461441      2.327  40.005189    15.4163     5.3592      2.308    32.0154    23.5821 -9.990e-29
 245.461447      2.338  40.001357    15.4162     5.3616      2.318    32.0120    23.5795 -9.990e-29
 245.461453      2.347  40.000503    15.4166     5.3686      2.327    32.0109    23.5786 -9.990e-29
 245.461458      2.352  40.001645    15.4175     5.3673      2.332    32.0112    23.5786 -9.990e-29
 245.461464      2.352  40.001978    15.4184     5.3669      2.332    32.0108    23.5781 -9.990e-29
 245.461470      2.347  40.000981    15.4189     5.3753      2.327    32.0095    23.5770 -9.990e-29
 245.461476      2.342  40.000841    15.4192     5.3786      2.322    32.0091    23.5766 -9.990e-29
 245.461481      2.340  40.000967    15.4196     5.3793      2.320    32.0089    23.5764 -9.990e-29
 245.461487      2.341  40.000002    15.4203     5.3877      2.321    32.0075    23.5751 -9.990e-29
 245.461493      2.345  39.998495    15.4206     5.3901      2.325    32.0059    23.5738 -9.990e-29
 245.461499      2.352  39.997396    15.4204     5.3845      2.332    32.0051    23.5733 -9.990e-29
 245.461505      2.363  39.997076    15.4200     5.3920      2.343    32.0051    23.5734 -9.990e-29
 245.461510      2.379  39.995582    15.4198     5.3793      2.359    32.0039    23.5725 -9.990e-29
 245.461516      2.396  39.992759    15.4203     5.3721      2.376    32.0010    23.5701 -9.990e-29
 245.461522      2.411  39.991719    15.4210     5.3768      2.391    31.9995    23.5688 -9.990e-29
 245.461528      2.426  39.992913    15.4217     5.3708      2.406    32.0000    23.5691 -9.990e-29
 245.461534      2.436  39.994167    15.4220     5.3690      2.416    32.0008    23.5697 -9.990e-29
 245.461539      2.439  39.995066    15.4219     5.3641      2.419    32.0017    23.5704 -9.990e-29
 245.461545      2.433  39.995844    15.4217     5.3526      2.413    32.0026    23.5711 -9.990e-29
 245.461551      2.424  39.996013    15.4219     5.3684      2.404    32.0026    23.5710 -9.990e-29
 245.461557      2.419  39.995393    15.4223     5.3734      2.399    32.0017    23.5703 -9.990e-29
 245.461563      2.418  39.994994    15.4221     5.3863      2.398    32.0015    23.5702 -9.990e-29
 245.461568      2.417  39.996680    15.4208     5.3983      2.397    32.0041    23.5724 -9.990e-29
 245.461574      2.415  39.999495    15.4194     5.4003      2.395    32.0077    23.5755 -9.990e-29
 245.461580      2.408  40.000062    15.4196     5.4095      2.388    32.0081    23.5757 -9.990e-29
 245.461586      2.395  39.997614    15.4208     5.4109      2.375    32.0049    23.5731 -9.990e-29
 245.461591      2.385  39.994083    15.4214     5.3981      2.365    32.0013    23.5701 -9.990e-29
 245.461597      2.381  39.991079    15.4214     5.3932      2.361    31.9986    23.5681 -9.990e-29
 245.461603      2.383  39.989236    15.4213     5.3843      2.363    31.9970    23.5669 -9.990e-29
 245.461609      2.391  39.987931    15.4215     5.3837      2.371    31.9957    23.5658 -9.990e-29
 245.461615      2.400  39.986701    15.4219     5.3915      2.380    31.9943    23.5646 -9.990e-29
 245.461620      2.408  39.985742    15.4217     5.3928      2.388    31.9936    23.5641 -9.990e-29
 245.461626      2.415  39.986730    15.4215     5.4050      2.395    31.9946    23.5650 -9.990e-29
 245.461632      2.417  39.989457    15.4220     5.3960      2.397    31.9967    23.5664 -9.990e-29
 245.461638      2.410  39.989873    15.4230     5.3925      2.390    31.9962    23.5659 -9.990e-29
 245.461644      2.398  39.988127    15.4235     5.3861      2.378    31.9943    23.5643 -9.990e-29
 245.461649      2.388  39.985967    15.4232     5.3591      2.368    31.9926    23.5630 -9.990e-29
 245.461655      2.385  39.984032    15.4228     5.3635      2.365    31.9912    23.5620 -9.990e-29
 245.461661      2.387  39.983820    15.4226     5.3651      2.367    31.9911    23.5621 -9.990e-29
 245.461667      2.391  39.984642    15.4222     5.3705      2.371    31.9922    23.5630 -9.990e-29
 245.461672      2.393  39.986067    15.4206     5.3527      2.373    31.9948    23.5653 -9.990e-29
 245.461678      2.398  39.989032    15.4182     5.3373      2.378    31.9994    23.5694 -9.990e-29
 245.461684      2.405  39.992042    15.4165     5.3255      2.385    32.0034    23.5729 -9.990e-29
 245.461690      2.406  39.992545    15.4147     5.3278      2.386    32.0054    23.5747 -9.990e-29
 245.461696      2.402  39.991925    15.4112     5.3429      2.382    32.0076    23.5773 -9.990e-29
 245.461701      2.401  39.993432    15.4070     5.3486      2.381    32.0124    23.5818 -9.990e-29
 245.461707      2.407  39.997713    15.4050     5.3520      2.387    32.0179    23.5865 -9.990e-29
 245.461713      2.415  40.002701    15.4062     5.3260      2.395    32.0213    23.5889 -9.990e-29
 245.461719      2.419  40.004613    15.4086     5.3203      2.399    32.0211    23.5882 -9.990e-29
 245.461725      2.414  40.002629    15.4105     5.3204      2.394    32.0178    23.5852 -9.990e-29
 245.461730      2.404  40.000417    15.4117     5.3392      2.384    32.0148    23.5827 -9.990e-29
 245.461736      2.397  39.999469    15.4120     5.3543      2.377    32.0137    23.5818 -9.990e-29
 245.461742      2.397  39.999600    15.4108     5.3803      2.377    32.0148    23.5829 -9.990e-29
 245.461748      2.403  40.001502    15.4089     5.3818      2.383    32.0181    23.5858 -9.990e-29
 245.461753      2.413  40.003185    15.4081     5.3710      2.393    32.0202    23.5876 -9.990e-29
 245.461759      2.417  40.002367    15.4092     5.3695      2.397    32.0186    23.5861 -9.990e-29
 245.461765      2.412  39.999594    15.4120     5.3624      2.392    32.0138    23.5818 -9.990e-29
 245.461771      2.402  39.996167    15.4145     5.3682      2.382    32.0087    23.5774 -9.990e-29
 245.461777      2.394  39.993077    15.4155     5.3698      2.374    32.0052    23.5744 -9.990e-29
 245.461782      2.394  39.990642    15.4156     5.3779      2.374    32.0029    23.5727 -9.990e-29
 245.461788      2.399  39.989495    15.4155     5.3690      2.379    32.0020    23.5720 -9.990e-29
 245.461794      2.408  39.990866    15.4155     5.3758      2.388    32.0032    23.5729 -9.990e-29
 245.461800      2.411  39.992617    15.4159     5.3709      2.391    32.0044    23.5738 -9.990e-29
 245.461806      2.404  39.991996    15.4165     5.3781      2.384    32.0034    23.5728 -9.990e-29
 245.461811      2.392  39.990934    15.4171     5.3716      2.372    32.0020    23.5716 -9.990e-29
 245.461817      2.382  39.990773    15.4177     5.3724      2.362    32.0013    23.5710 -9.990e-29
 245.461823      2.378  39.990136    15.4183     5.3633      2.358    32.0003    23.5700 -9.990e-29
 245.461829      2.379  39.988692    15.4188     5.3700      2.359    31.9986    23.5686 -9.990e-29
 245.461834      2.386  39.987272    15.4188     5.3691      2.366    31.9973    23.5676 -9.990e-29
 245.461840      2.398  39.987301    15.4184     5.3778      2.378    31.9977    23.5680 -9.990e-29
 245.461846      2.414  39.988775    15.4180     5.3765      2.394    31.9993    23.5693 -9.990e-29
 245.461852      2.424  39.989695    15.4180     5.3835      2.404    32.0001    23.5700 -9.990e-29
 245.461858      2.426  39.989563    15.4184     5.3752      2.406    31.9997    23.5695 -9.990e-29
 245.461863      2.423  39.989278    15.4190     5.3708      2.403    31.9989    23.5688 -9.990e-29
 245.461869      2.420  39.988979    15.4198     5.3614      2.400    31.9980    23.5680 -9.990e-29
 245.461875      2.417  39.988226    15.4205     5.3674      2.397    31.9968    23.5669 -9.990e-29
 245.461881      2.418  39.987090    15.4212     5.3722      2.398    31.9952    23.5655 -9.990e-29
 245.461887      2.427  39.986257    15.4217     5.3844      2.407    31.9940    23.5645 -9.990e-29
 245.461892      2.441  39.986254    15.4210     5.3874      2.421    31.9946    23.5651 -9.990e-29
 245.461898      2.451  39.988152    15.4193     5.3841      2.431    31.9977    23.5678 -9.990e-29
 245.461904      2.454  39.991079    15.4185     5.3777      2.434    32.0009    23.5705 -9.990e-29
