data/oxygen options/ONMS/Olympic_Coast_National_Marine_Sanctuary_CTD_Data_2005_2023/raw_data/2013/CAST_KL015_130604faed.cnv
* Sea-Bird SBE19 Data File:
* FileName = C:\2013 Mooring Data\Deployment Casts\CAST_KL015_130604.hex
* Software Version 1.59
* Temperature SN = 2997
* Conductivity SN = 2997
* System UpLoad Time = Jun 05 2013 12:20:40
** CAST_KL015_130604
* ds
# nquan = 9                                 
# nvalues = 704                         
# units = specified
# name 0 = timeJ: Julian Days
# name 1 = prSM: Pressure, Strain Gauge [db]
# name 2 = c0mS/cm: Conductivity [mS/cm]
# name 3 = t090C: Temperature [ITS-90, deg C]
# name 4 = sbeox0ML/L: Oxygen, SBE 43 [ml/l]
# name 5 = depSM: Depth [salt water, m], lat = 47.5
# name 6 = sal00: Salinity, Practical [PSU]
# name 7 = sigma-é00: Density [sigma-theta, kg/m^3]
# name 8 = flag: flag
# span 0 = 155.714120, 155.718189       
# span 1 =     -5.596,     15.367       
# span 2 =   0.230679,  35.351344       
# span 3 =     9.7783,    16.0972       
# span 4 =    -1.7415,    11.6888       
# span 5 =     -5.549,     15.238       
# span 6 =     0.1343,    32.2037       
# span 7 =    -0.9650,    24.8043       
# span 8 = 0.0000e+00, 0.0000e+00       
# interval = seconds: 0.5
# start_time = Jun 04 2013 17:08:20 [Instrument's time stamp, header]
# bad_flag = -9.990e-29
*END*
[from data line 481]
 155.716904      1.157  33.548202    13.4972     6.8099      1.147    27.6652    20.6246 -9.990e-29
 155.716910      1.166  33.549257    13.4988     6.8086      1.156    27.6650    20.6241 -9.990e-29
 155.716916      1.177  33.550460    13.5003     6.8138      1.167    27.6650    20.6238 -9.990e-29
 155.716921      1.185  33.551182    13.5013     6.8184      1.175    27.6649    20.6236 -9.990e-29
 155.716927      1.191  33.551087    13.5015     6.8104      1.181    27.6647    20.6234 -9.990e-29
 155.716933      1.196  33.550605    13.5011     6.7949      1.186    27.6645    20.6233 -9.990e-29
 155.716939      1.199  33.550566    13.5010     6.8022      1.189    27.6646    20.6234 -9.990e-29
 155.716944      1.202  33.550881    13.5009     6.8219      1.192    27.6649    20.6237 -9.990e-29
 155.716950      1.205  33.550626    13.5002     6.8354      1.195    27.6652    20.6240 -9.990e-29
 155.716956      1.206  33.549983    13.4999     6.8435      1.196    27.6648    20.6238 -9.990e-29
 155.716962      1.208  33.549739    13.5004     6.8381      1.198    27.6643    20.6232 -9.990e-29
 155.716968      1.209  33.550093    13.5012     6.8371      1.199    27.6640    20.6229 -9.990e-29
 155.716973      1.210  33.550920    13.5018     6.8244      1.200    27.6643    20.6230 -9.990e-29
 155.716979      1.210  33.551608    13.5022     6.8156      1.200    27.6647    20.6232 -9.990e-29
 155.716985      1.211  33.551917    13.5023     6.8192      1.201    27.6649    20.6233 -9.990e-29
 155.716991      1.211  33.552225    13.5023     6.8254      1.201    27.6652    20.6235 -9.990e-29
 155.716997      1.211  33.552344    13.5027     6.8363      1.201    27.6650    20.6233 -9.990e-29
 155.717002      1.211  33.552395    13.5035     6.8380      1.201    27.6644    20.6228 -9.990e-29
 155.717008      1.211  33.552972    13.5040     6.8406      1.201    27.6646    20.6228 -9.990e-29
 155.717014      1.210  33.553688    13.5039     6.8228      1.200    27.6653    20.6234 -9.990e-29
 155.717020      1.210  33.553780    13.5036     6.8125      1.200    27.6656    20.6237 -9.990e-29
 155.717025      1.209  33.553336    13.5031     6.8164      1.199    27.6656    20.6237 -9.990e-29
 155.717031      1.209  33.552847    13.5023     6.8346      1.199    27.6657    20.6240 -9.990e-29
 155.717037      1.207  33.552186    13.5016     6.8498      1.197    27.6656    20.6240 -9.990e-29
 155.717043      1.206  33.551554    13.5016     6.8463      1.196    27.6651    20.6236 -9.990e-29
 155.717049      1.204  33.551752    13.5020     6.8460      1.194    27.6649    20.6234 -9.990e-29
 155.717054      1.201  33.552449    13.5025     6.8403      1.191    27.6652    20.6236 -9.990e-29
 155.717060      1.197  33.552858    13.5026     6.8390      1.187    27.6655    20.6238 -9.990e-29
 155.717066      1.193  33.552926    13.5021     6.8399      1.183    27.6659    20.6242 -9.990e-29
 155.717072      1.187  33.552709    13.5013     6.8379      1.177    27.6663    20.6246 -9.990e-29
 155.717078      1.184  33.552442    13.4999     6.8167      1.174    27.6671    20.6255 -9.990e-29
 155.717083      1.187  33.552291    13.4975     6.7966      1.177    27.6687    20.6272 -9.990e-29
 155.717089      1.194  33.552020    13.4947     6.8049      1.184    27.6705    20.6291 -9.990e-29
 155.717095      1.198  33.551789    13.4934     6.8265      1.188    27.6712    20.6299 -9.990e-29
 155.717101      1.202  33.551815    13.4940     6.8445      1.192    27.6708    20.6295 -9.990e-29
 155.717106      1.206  33.552096    13.4957     6.8487      1.196    27.6698    20.6284 -9.990e-29
 155.717112      1.209  33.552410    13.4976     6.8425      1.199    27.6687    20.6272 -9.990e-29
 155.717118      1.211  33.552580    13.4991     6.8364      1.201    27.6678    20.6262 -9.990e-29
 155.717124      1.214  33.552797    13.4995     6.8350      1.204    27.6677    20.6260 -9.990e-29
 155.717130      1.216  33.552754    13.4992     6.8349      1.206    27.6679    20.6262 -9.990e-29
 155.717135      1.219  33.552359    13.4990     6.8346      1.209    27.6677    20.6261 -9.990e-29
 155.717141      1.222  33.552169    13.4990     6.8292      1.212    27.6675    20.6260 -9.990e-29
 155.717147      1.221  33.552454    13.4995     6.8171      1.211    27.6674    20.6258 -9.990e-29
 155.717153      1.212  33.552996    13.5008     6.8156      1.202    27.6669    20.6252 -9.990e-29
 155.717159      1.199  33.553361    13.5018     6.8222      1.189    27.6666    20.6247 -9.990e-29
 155.717164      1.190  33.553439    13.5014     6.8262      1.180    27.6669    20.6251 -9.990e-29
 155.717170      1.187  33.553299    13.4994     6.8132      1.177    27.6682    20.6265 -9.990e-29
 155.717176      1.187  33.552720    13.4972     6.7987      1.177    27.6693    20.6277 -9.990e-29
 155.717182      1.185  33.552012    13.4966     6.8009      1.175    27.6691    20.6277 -9.990e-29
 155.717187      1.182  33.551875    13.4971     6.8102      1.172    27.6686    20.6272 -9.990e-29
 155.717193      1.177  33.552090    13.4976     6.8299      1.167    27.6684    20.6270 -9.990e-29
 155.717199      1.173  33.552347    13.4983     6.8397      1.163    27.6682    20.6266 -9.990e-29
 155.717205      1.180  33.552953    13.4990     6.8325      1.170    27.6682    20.6265 -9.990e-29
 155.717211      1.198  33.553560    13.5000     6.8285      1.188    27.6680    20.6262 -9.990e-29
 155.717216      1.215  33.553822    13.5020     6.8345      1.205    27.6668    20.6249 -9.990e-29
 155.717222      1.223  33.554612    13.5042     6.8412      1.213    27.6660    20.6238 -9.990e-29
 155.717228      1.228  33.555824    13.5045     6.8447      1.218    27.6668    20.6244 -9.990e-29
 155.717234      1.233  33.556240    13.5025     6.8483      1.223    27.6687    20.6262 -9.990e-29
 155.717240      1.240  33.555820    13.4996     6.8448      1.230    27.6704    20.6281 -9.990e-29
 155.717245      1.249  33.555088    13.4971     6.8379      1.239    27.6715    20.6295 -9.990e-29
 155.717251      1.260  33.554151    13.4960     6.8253      1.249    27.6715    20.6296 -9.990e-29
 155.717257      1.274  33.553403    13.4950     6.8107      1.263    27.6715    20.6298 -9.990e-29
 155.717263      1.287  33.552928    13.4924     6.8097      1.276    27.6729    20.6314 -9.990e-29
 155.717269      1.293  33.552617    13.4893     6.8127      1.282    27.6749    20.6335 -9.990e-29
 155.717274      1.291  33.552579    13.4856     6.8178      1.280    27.6775    20.6363 -9.990e-29
 155.717280      1.289  33.552167    13.4816     6.8316      1.278    27.6801    20.6390 -9.990e-29
 155.717286      1.292  33.551356    13.4788     6.8336      1.281    27.6813    20.6405 -9.990e-29
 155.717292      1.300  33.550706    13.4771     6.8279      1.289    27.6820    20.6413 -9.990e-29
 155.717297      1.314  33.549875    13.4760     6.8358      1.303    27.6820    20.6416 -9.990e-29
 155.717303      1.330  33.548836    13.4756     6.8392      1.319    27.6813    20.6411 -9.990e-29
 155.717309      1.340  33.548409    13.4759     6.8415      1.329    27.6807    20.6406 -9.990e-29
 155.717315      1.341  33.548549    13.4774     6.8304      1.330    27.6798    20.6396 -9.990e-29
 155.717321      1.338  33.548844    13.4809     6.8077      1.327    27.6775    20.6372 -9.990e-29
 155.717326      1.338  33.549651    13.4858     6.8089      1.327    27.6747    20.6341 -9.990e-29
 155.717332      1.346  33.550892    13.4903     6.8174      1.335    27.6726    20.6316 -9.990e-29
 155.717338      1.362  33.551946    13.4933     6.8466      1.351    27.6714    20.6301 -9.990e-29
 155.717344      1.384  33.552502    13.4950     6.8440      1.372    27.6706    20.6292 -9.990e-29
 155.717350      1.408  33.552708    13.4962     6.8452      1.396    27.6699    20.6284 -9.990e-29
 155.717355      1.440  33.552801    13.4964     6.8414      1.428    27.6699    20.6283 -9.990e-29
 155.717361      1.487  33.552870    13.4959     6.8370      1.475    27.6703    20.6287 -9.990e-29
 155.717367      1.551  33.552971    13.4961     6.8323      1.538    27.6702    20.6286 -9.990e-29
 155.717373      1.636  33.553201    13.4965     6.8292      1.622    27.6701    20.6285 -9.990e-29
 155.717378      1.748  33.553272    13.4963     6.8249      1.733    27.6703    20.6287 -9.990e-29
 155.717384      1.890  33.552682    13.4953     6.8854      1.874    27.6704    20.6290 0.0000e+00
 155.717390      2.054  33.551727    13.4936     6.8287      2.037    27.6707    20.6295 0.0000e+00
 155.717396      2.232  33.551338    13.4911     6.7824      2.213    27.6721    20.6311 0.0000e+00
 155.717402      2.433  33.552078    13.4847     6.7669      2.413    27.6773    20.6363 0.0000e+00
 155.717407      2.659  33.553776    13.4683     6.7801      2.637    27.6907    20.6498 0.0000e+00
 155.717413      2.909  33.558100    13.4331     6.7869      2.885    27.7201    20.6792 0.0000e+00
 155.717419      3.182  33.570775    13.3637     6.7719      3.155    27.7820    20.7402 0.0000e+00
 155.717425      3.476  33.599703    13.2383     6.7674      3.447    27.9000    20.8551 0.0000e+00
 155.717431      3.790  33.661016    13.0438     6.7898      3.758    28.0996    21.0460 0.0000e+00
 155.717436      4.118  33.789937    12.8245     6.9357      4.084    28.3824    21.3055 0.0000e+00
 155.717442      4.460  33.960623    12.6592     7.0665      4.423    28.6663    21.5557 0.0000e+00
 155.717448      4.806  34.086969    12.5616     7.0308      4.766    28.8589    21.7228 0.0000e+00
 155.717454      5.142  34.161508    12.5013     6.9171      5.099    28.9751    21.8238 0.0000e+00
 155.717459      5.465  34.229793    12.4694     6.7668      5.419    29.0638    21.8983 0.0000e+00
 155.717465      5.785  34.343620    12.4663     6.6487      5.737    29.1733    21.9836 0.0000e+00
 155.717471      6.101  34.519732    12.4761     6.6383      6.050    29.3314    22.1042 0.0000e+00
 155.717477      6.406  34.678696    12.4738     6.4780      6.352    29.4829    22.2219 0.0000e+00
 155.717483      6.698  34.764144    12.4448     6.3173      6.642    29.5862    22.3072 0.0000e+00
 155.717488      6.984  34.804835    12.3707     6.1396      6.926    29.6830    22.3958 0.0000e+00
 155.717494      7.273  34.815777    12.2425     5.9082      7.212    29.7948    22.5060 0.0000e+00
 155.717500      7.562  34.800877    12.1064     5.7231      7.499    29.8891    22.6039 0.0000e+00
 155.717506      7.839  34.791751    12.0074     5.5481      7.773    29.9595    22.6765 0.0000e+00
 155.717512      8.109  34.793529    11.9303     5.4474      8.041    30.0231    22.7397 0.0000e+00
 155.717517      8.386  34.791715    11.8432     5.3588      8.316    30.0915    22.8085 0.0000e+00
 155.717523      8.672  34.786640    11.7157     5.2699      8.599    30.1898    22.9076 0.0000e+00
 155.717529      8.967  34.779893    11.5546     5.2041      8.892    30.3145    23.0330 0.0000e+00
 155.717535      9.262  34.773631    11.4198     5.1638      9.184    30.4189    23.1379 0.0000e+00
 155.717541      9.550  34.775688    11.3303     5.1724      9.470    30.4945    23.2123 0.0000e+00
 155.717546      9.829  34.793775    11.2507     5.1547      9.747    30.5779    23.2910 0.0000e+00
 155.717552     10.103  34.836265    11.1525     5.0922     10.018    30.7009    23.4038 0.0000e+00
 155.717558     10.382  34.909911    11.0298     4.9824     10.295    30.8757    23.5609 0.0000e+00
 155.717564     10.674  35.028282    10.8754     4.8599     10.585    31.1224    23.7794 0.0000e+00
 155.717569     10.981  35.179430    10.6964     4.7462     10.889    31.4247    24.0454 0.0000e+00
 155.717575     11.293  35.296513    10.5398     4.6285     11.198    31.6764    24.2680 0.0000e+00
 155.717581     11.603  35.346802    10.4208     4.5542     11.506    31.8302    24.4079 0.0000e+00
 155.717587     11.914  35.351344    10.3010     4.5417     11.814    31.9397    24.5134 0.0000e+00
 155.717593     12.224  35.321731    10.1551     4.5413     12.122    32.0385    24.6148 0.0000e+00
 155.717598     12.532  35.266040    10.0070     4.8016     12.427    32.1135    24.6978 0.0000e+00
 155.717604     12.845  35.210793     9.9007     4.6195     12.737    32.1520    24.7454 0.0000e+00
 155.717610     13.165  35.177493     9.8440     4.5737     13.055    32.1686    24.7677 0.0000e+00
 155.717616     13.478  35.163685     9.8148     4.9815     13.365    32.1805    24.7817 0.0000e+00
 155.717622     13.767  35.161549     9.8000     4.6541     13.652    32.1914    24.7927 0.0000e+00
 155.717627     14.023  35.164850     9.7955     4.6410     13.905    32.1987    24.7991 0.0000e+00
 155.717633     14.249  35.166769     9.7930     4.5349     14.130    32.2028    24.8027 0.0000e+00
 155.717639     14.453  35.163130     9.7877     4.4253     14.332    32.2037    24.8043 0.0000e+00
 155.717645     14.641  35.154118     9.7831     4.5213     14.518    32.1986    24.8010 0.0000e+00
 155.717650     14.819  35.145641     9.7836     4.5301     14.695    32.1894    24.7938 0.0000e+00
 155.717656     14.975  35.144322     9.7884     4.7362     14.849    32.1837    24.7886 0.0000e+00
 155.717662     15.103  35.149518     9.7926     4.7970     14.976    32.1852    24.7891 -9.990e-29
 155.717668     15.202  35.156395     9.7937     5.1032     15.075    32.1912    24.7935 -9.990e-29
 155.717674     15.269  35.160116     9.7936     4.9968     15.141    32.1950    24.7966 -9.990e-29
 155.717679     15.310  35.160044     9.7921     4.5986     15.182    32.1963    24.7978 -9.990e-29
 155.717685     15.335  35.157203     9.7881     4.4192     15.206    32.1970    24.7990 -9.990e-29
 155.717691     15.350  35.150604     9.7847     4.3532     15.221    32.1933    24.7967 -9.990e-29
 155.717697     15.360  35.146013     9.7840     4.4223     15.231    32.1892    24.7936 -9.990e-29
 155.717703     15.367  35.146272     9.7836     4.5175     15.238    32.1898    24.7942 -9.990e-29
 155.717708     15.353  35.147805     9.7826     4.5323     15.224    32.1923    24.7962 -9.990e-29
 155.717714     15.304  35.149292     9.7832     4.5463     15.176    32.1933    24.7969 -9.990e-29
 155.717720     15.222  35.150475     9.7850     4.5758     15.094    32.1929    24.7963 -9.990e-29
 155.717726     15.105  35.152931     9.7857     4.6077     14.978    32.1949    24.7977 -9.990e-29
 155.717731     14.952  35.154895     9.7845     4.5999     14.827    32.1980    24.8004 0.0000e+00
 155.717737     14.764  35.152824     9.7821     4.5663     14.640    32.1981    24.8008 0.0000e+00
 155.717743     14.551  35.148439     9.7797     4.5681     14.429    32.1959    24.7995 0.0000e+00
 155.717749     14.321  35.144297     9.7783     4.6150     14.201    32.1930    24.7975 0.0000e+00
 155.717755     14.077  35.141038     9.7786     4.7298     13.959    32.1896    24.7947 0.0000e+00
 155.717760     13.825  35.139360     9.7814     4.8393     13.709    32.1855    24.7911 0.0000e+00
 155.717766     13.561  35.139825     9.7888     4.9936     13.447    32.1794    24.7851 0.0000e+00
 155.717772     13.277  35.142495     9.8079     5.0980     13.166    32.1652    24.7709 0.0000e+00
 155.717778     12.981  35.148690     9.8563     5.1897     12.872    32.1285    24.7343 0.0000e+00
 155.717784     12.683  35.163873     9.9521     5.2594     12.577    32.0588    24.6642 0.0000e+00
 155.717789     12.391  35.193725    10.0877     5.2829     12.287    31.9690    24.5718 0.0000e+00
 155.717795     12.103  35.236043    10.2284     5.3037     12.002    31.8877    24.4850 0.0000e+00
 155.717801     11.810  35.277807    10.3451     5.3181     11.711    31.8273    24.4184 0.0000e+00
 155.717807     11.509  35.304145    10.4425     5.3724     11.413    31.7686    24.3563 0.0000e+00
 155.717813     11.204  35.308748    10.5517     5.5142     11.110    31.6783    24.2674 0.0000e+00
 155.717818     10.891  35.283208    10.6925     5.7662     10.800    31.5311    24.1288 0.0000e+00
