data/oxygen options/ONMS/Olympic_Coast_National_Marine_Sanctuary_CTD_Data_2005_2023/raw_data/2013/CAST_KL027_130604faed.cnv
* Sea-Bird SBE19 Data File:
* FileName = C:\2013 Mooring Data\Deployment Casts\CAST_KL027_130604.hex
* Software Version 1.59
* Temperature SN = 2997
* Conductivity SN = 2997
* System UpLoad Time = Jun 05 2013 12:05:05
** CAST_KL027_130604
* ds
# nquan = 9                                 
# nvalues = 1110                        
# units = specified
# name 0 = timeJ: Julian Days
# name 1 = prSM: Pressure, Strain Gauge [db]
# name 2 = c0mS/cm: Conductivity [mS/cm]
# name 3 = t090C: Temperature [ITS-90, deg C]
# name 4 = sbeox0ML/L: Oxygen, SBE 43 [ml/l]
# name 5 = depSM: Depth [salt water, m], lat = 47.5
# name 6 = sal00: Salinity, Practical [PSU]
# name 7 = sigma-é00: Density [sigma-theta, kg/m^3]
# name 8 = flag: flag
# span 0 = 155.468623, 155.475041       
# span 1 =     -5.458,     28.821       
# span 2 =   0.010934,  36.415583       
# span 3 =     8.1092,    16.4364       
# span 4 =    -1.7396,    11.7032       
# span 5 =     -5.413,     28.578       
# span 6 =     0.0121,    33.1160       
# span 7 =    -1.1146,    25.7788       
# span 8 = 0.0000e+00, 0.0000e+00       
# interval = seconds: 0.5
# start_time = Jun 04 2013 11:14:49 [Instrument's time stamp, header]
# bad_flag = -9.990e-29
*END*
[from data line 161]
 155.469554     -2.193   0.012550    15.9076    -1.7323     -2.175     0.0128    -1.0308 -9.990e-29
 155.469560     -2.169   0.012551    15.8968    -1.7327     -2.151     0.0128    -1.0290 -9.990e-29
 155.469566     -2.150   0.012551    15.8866    -1.7330     -2.132     0.0128    -1.0274 -9.990e-29
 155.469572     -2.135   0.012552    15.8760    -1.7329     -2.117     0.0128    -1.0257 -9.990e-29
 155.469578     -2.119   0.012553    15.8660    -1.7327     -2.101     0.0128    -1.0241 -9.990e-29
 155.469583     -2.105   0.012554    15.8598    -1.7326     -2.087     0.0128    -1.0231 -9.990e-29
 155.469589     -2.096   0.012555    15.8595    -1.7324     -2.079     0.0128    -1.0230 -9.990e-29
 155.469595     -2.092   0.012555    15.8630    -1.7323     -2.075     0.0128    -1.0236 -9.990e-29
 155.469601     -2.093   0.012556    15.8654    -1.7323     -2.076     0.0128    -1.0240 -9.990e-29
 155.469606     -2.094   0.012557    15.8627    -1.7322     -2.077     0.0128    -1.0235 -9.990e-29
 155.469612     -2.087   0.012558    15.8558    -1.7321     -2.070     0.0128    -1.0224 -9.990e-29
 155.469618     -2.072   0.012559    15.8502    -1.7318     -2.055     0.0128    -1.0215 -9.990e-29
 155.469624     -2.056   0.012559    15.8498    -1.7315     -2.039     0.0128    -1.0215 -9.990e-29
 155.469630     -2.041   0.012560    15.8533    -1.7311     -2.024     0.0128    -1.0220 -9.990e-29
 155.469635     -2.029   0.012561    15.8582    -1.7306     -2.012     0.0128    -1.0228 -9.990e-29
 155.469641     -2.016   0.012562    15.8631    -1.7303     -1.999     0.0128    -1.0236 -9.990e-29
 155.469647     -2.004   0.012563    15.8669    -1.7298     -1.987     0.0128    -1.0242 -9.990e-29
 155.469653     -1.990   0.012563    15.8702    -1.7297     -1.973     0.0128    -1.0247 -9.990e-29
 155.469659     -1.975   0.012564    15.8745    -1.7296     -1.959     0.0128    -1.0254 -9.990e-29
 155.469664     -1.961   0.012565    15.8807    -1.7296     -1.945     0.0128    -1.0264 -9.990e-29
 155.469670     -1.952   0.012566    15.8896    -1.7295     -1.936     0.0128    -1.0279 -9.990e-29
 155.469676     -1.943   0.012567    15.9015    -1.7293     -1.927     0.0128    -1.0298 -9.990e-29
 155.469682     -1.929   0.012567    15.9154    -1.7292     -1.913     0.0128    -1.0320 -9.990e-29
 155.469687     -1.914   0.012568    15.9299    -1.7291     -1.898     0.0129    -1.0344 -9.990e-29
 155.469693     -1.900   0.012569    15.9436    -1.7291     -1.884     0.0129    -1.0366 -9.990e-29
 155.469699     -1.887   0.012570    15.9551    -1.7291     -1.871     0.0129    -1.0384 -9.990e-29
 155.469705     -1.875   0.012571    15.9630    -1.7288     -1.859     0.0129    -1.0397 -9.990e-29
 155.469711     -1.862   0.012571    15.9673    -1.7284     -1.846     0.0129    -1.0404 -9.990e-29
 155.469716     -1.852   0.012572    15.9699    -1.7279     -1.837     0.0129    -1.0408 -9.990e-29
 155.469722     -1.848   0.012573    15.9732    -1.7273     -1.833     0.0129    -1.0414 -9.990e-29
 155.469728     -1.850   0.012573    15.9774    -1.7270     -1.835     0.0129    -1.0420 -9.990e-29
 155.469734     -1.855   0.012573    15.9815    -1.7267     -1.840     0.0129    -1.0427 -9.990e-29
 155.469740     -1.853   0.012569    15.9851    -1.7265     -1.838     0.0129    -1.0433 -9.990e-29
 155.469745     -1.840   0.012558    15.9885    -1.7263     -1.825     0.0129    -1.0439 -9.990e-29
 155.469751     -1.821   0.012522    15.9937    -1.7262     -1.806     0.0128    -1.0447 -9.990e-29
 155.469757     -1.802   0.012414    16.0031    -1.7260     -1.787     0.0128    -1.0463 -9.990e-29
 155.469763     -1.786   0.012087    16.0167    -1.7261     -1.771     0.0126    -1.0486 -9.990e-29
 155.469769     -1.772   0.011657    16.0328    -1.7264     -1.757     0.0125    -1.0514 -9.990e-29
 155.469774     -1.760   0.011658    16.0484    -1.7268     -1.745     0.0125    -1.0539 -9.990e-29
 155.469780     -1.748   0.012089    16.0619    -1.7271     -1.733     0.0127    -1.0560 -9.990e-29
 155.469786     -1.736   0.012417    16.0730    -1.7275     -1.722     0.0128    -1.0576 -9.990e-29
 155.469792     -1.724   0.012526    16.0816    -1.7277     -1.710     0.0129    -1.0590 -9.990e-29
 155.469797     -1.714   0.012559    16.0875    -1.7274     -1.700     0.0129    -1.0600 -9.990e-29
 155.469803     -1.710   0.012559    16.0919    -1.7270     -1.696     0.0129    -1.0607 -9.990e-29
 155.469809     -1.708   0.012526    16.0940    -1.7268     -1.694     0.0129    -1.0610 -9.990e-29
 155.469815     -1.703   0.012415    16.0911    -1.7265     -1.689     0.0128    -1.0606 -9.990e-29
 155.469821     -1.695   0.012074    16.0831    -1.7265     -1.681     0.0127    -1.0594 -9.990e-29
 155.469826     -1.684   0.011603    16.0728    -1.7266     -1.670     0.0124    -1.0579 -9.990e-29
 155.469832     -1.672   0.011481    16.0620    -1.7269     -1.658     0.0124    -1.0562 -9.990e-29
 155.469838     -1.665   0.011543    16.0529    -1.7272     -1.651     0.0124    -1.0547 -9.990e-29
 155.469844     -1.656   0.011319    16.0499    -1.7273     -1.642     0.0123    -1.0543 -9.990e-29
 155.469850     -1.645   0.011060    16.0545    -1.7276     -1.631     0.0122    -1.0551 -9.990e-29
 155.469855     -1.637   0.010974    16.0633    -1.7280     -1.623     0.0121    -1.0566 -9.990e-29
 155.469861     -1.625   0.010946    16.0721    -1.7280     -1.611     0.0121    -1.0580 -9.990e-29
 155.469867     -1.610   0.010937    16.0784    -1.7278     -1.597     0.0121    -1.0591 -9.990e-29
 155.469873     -1.594   0.010934    16.0803    -1.7277     -1.581     0.0121    -1.0594 -9.990e-29
 155.469878     -1.577   0.010934    16.0769    -1.7275     -1.564     0.0121    -1.0588 -9.990e-29
 155.469884     -1.562   0.010935    16.0694    -1.7276     -1.549     0.0121    -1.0576 -9.990e-29
 155.469890     -1.553   0.010936    16.0607    -1.7279     -1.540     0.0121    -1.0562 -9.990e-29
 155.469896     -1.548   0.010937    16.0525    -1.7282     -1.535     0.0121    -1.0548 -9.990e-29
 155.469902     -1.542   0.010937    16.0439    -1.7284     -1.529     0.0121    -1.0534 -9.990e-29
 155.469907     -1.532   0.010938    16.0369    -1.7288     -1.519     0.0121    -1.0523 -9.990e-29
 155.469913     -1.521   0.010939    16.0350    -1.7293     -1.508     0.0121    -1.0520 -9.990e-29
 155.469919     -1.513   0.010940    16.0372    -1.7294     -1.500     0.0121    -1.0523 -9.990e-29
 155.469925     -1.507   0.010941    16.0402    -1.7297     -1.494     0.0121    -1.0528 -9.990e-29
 155.469931     -1.502   0.010941    16.0418    -1.7300     -1.489     0.0121    -1.0531 -9.990e-29
 155.469936     -1.499   0.010942    16.0393    -1.7302     -1.486     0.0121    -1.0527 -9.990e-29
 155.469942     -1.497   0.010943    16.0322    -1.7303     -1.485     0.0121    -1.0515 -9.990e-29
 155.469948     -1.496   0.010944    16.0227    -1.7300     -1.484     0.0121    -1.0500 -9.990e-29
 155.469954     -1.495   0.010945    16.0120    -1.7297     -1.483     0.0121    -1.0482 -9.990e-29
 155.469959     -1.496   0.010945    15.9997    -1.7295     -1.484     0.0121    -1.0462 -9.990e-29
 155.469965     -1.497   0.010946    15.9875    -1.7291     -1.485     0.0121    -1.0443 -9.990e-29
 155.469971     -1.500   0.010947    15.9771    -1.7289     -1.487     0.0121    -1.0426 -9.990e-29
 155.469977     -1.504   0.010948    15.9679    -1.7289     -1.491     0.0121    -1.0411 -9.990e-29
 155.469983     -1.509   0.010949    15.9591    -1.7288     -1.496     0.0121    -1.0397 -9.990e-29
 155.469988     -1.516   0.010949    15.9530    -1.7288     -1.503     0.0121    -1.0387 -9.990e-29
 155.469994     -1.517   0.010950    15.9534    -1.7286     -1.504     0.0121    -1.0387 -9.990e-29
 155.470000     -1.502   0.010951    15.9599    -1.7284     -1.489     0.0121    -1.0398 -9.990e-29
 155.470006     -1.481   0.010952    15.9686    -1.7282     -1.469     0.0121    -1.0412 -9.990e-29
 155.470012     -1.460   0.010953    15.9778    -1.7281     -1.448     0.0121    -1.0427 -9.990e-29
 155.470017     -1.437   0.010953    15.9868    -1.7278     -1.425     0.0121    -1.0441 -9.990e-29
 155.470023     -1.416   0.010954    15.9936    -1.7276     -1.404     0.0121    -1.0452 -9.990e-29
 155.470029     -1.399   0.010955    15.9977    -1.7272     -1.387     0.0121    -1.0459 -9.990e-29
 155.470035     -1.386   0.010956    16.0007    -1.7271     -1.374     0.0121    -1.0464 -9.990e-29
 155.470041     -1.375   0.010956    16.0046    -1.7271     -1.364     0.0121    -1.0470 -9.990e-29
 155.470046     -1.361   0.010956    16.0103    -1.7270     -1.350     0.0121    -1.0480 -9.990e-29
 155.470052     -1.345   0.010956    16.0169    -1.7268     -1.334     0.0121    -1.0490 -9.990e-29
 155.470058     -1.328   0.010956    16.0236    -1.7265     -1.317     0.0121    -1.0501 -9.990e-29
 155.470064     -1.310   0.010956    16.0307    -1.7262     -1.299     0.0121    -1.0513 -9.990e-29
 155.470069     -1.294   0.010956    16.0391    -1.7260     -1.283     0.0121    -1.0526 -9.990e-29
 155.470075     -1.284   0.010956    16.0484    -1.7258     -1.273     0.0121    -1.0541 -9.990e-29
 155.470081     -1.278   0.010956    16.0568    -1.7255     -1.267     0.0121    -1.0555 -9.990e-29
 155.470087     -1.272   0.010956    16.0624    -1.7256     -1.261     0.0121    -1.0564 -9.990e-29
 155.470093     -1.261   0.010956    16.0661    -1.7254     -1.250     0.0121    -1.0570 -9.990e-29
 155.470098     -1.250   0.010956    16.0706    -1.7253     -1.240     0.0121    -1.0578 -9.990e-29
 155.470104     -1.240   0.010956    16.0776    -1.7254     -1.230     0.0121    -1.0589 -9.990e-29
 155.470110     -1.233   0.010955    16.0868    -1.7256     -1.223     0.0121    -1.0604 -9.990e-29
 155.470116     -1.227   0.010955    16.0966    -1.7255     -1.217     0.0121    -1.0620 -9.990e-29
 155.470122     -1.222   0.010955    16.1055    -1.7256     -1.212     0.0122    -1.0635 -9.990e-29
 155.470127     -1.217   0.010955    16.1133    -1.7256     -1.207     0.0122    -1.0647 -9.990e-29
 155.470133     -1.213   0.010955    16.1191    -1.7255     -1.203     0.0122    -1.0657 -9.990e-29
 155.470139     -1.210   0.010955    16.1233    -1.7251     -1.200     0.0122    -1.0664 -9.990e-29
 155.470145     -1.206   0.010955    16.1268    -1.7248     -1.196     0.0122    -1.0670 -9.990e-29
 155.470150     -1.201   0.010955    16.1284    -1.7248     -1.191     0.0122    -1.0672 -9.990e-29
 155.470156     -1.197   0.010955    16.1269    -1.7248     -1.187     0.0122    -1.0670 -9.990e-29
 155.470162     -1.191   0.010954    16.1247    -1.7247     -1.181     0.0122    -1.0666 -9.990e-29
 155.470168     -1.184   0.010954    16.1235    -1.7245     -1.174     0.0122    -1.0664 -9.990e-29
 155.470174     -1.175   0.010954    16.1230    -1.7245     -1.165     0.0122    -1.0663 -9.990e-29
 155.470179     -1.164   0.010954    16.1249    -1.7245     -1.154     0.0122    -1.0666 -9.990e-29
 155.470185     -1.150   0.010954    16.1309    -1.7246     -1.140     0.0122    -1.0676 -9.990e-29
 155.470191     -1.136   0.010954    16.1396    -1.7245     -1.127     0.0122    -1.0690 -9.990e-29
 155.470197     -1.127   0.010954    16.1470    -1.7242     -1.118     0.0122    -1.0703 -9.990e-29
 155.470203     -1.120   0.010954    16.1507    -1.7242     -1.111     0.0122    -1.0709 -9.990e-29
 155.470208     -1.120   0.010954    16.1527    -1.7242     -1.111     0.0122    -1.0712 -9.990e-29
 155.470214     -1.128   0.010954    16.1554    -1.7240     -1.119     0.0122    -1.0716 -9.990e-29
 155.470220     -1.134   0.010953    16.1587    -1.7238     -1.125     0.0122    -1.0722 -9.990e-29
 155.470226     -1.136   0.010953    16.1608    -1.7242     -1.127     0.0122    -1.0725 -9.990e-29
 155.470231     -1.137   0.010953    16.1608    -1.7244     -1.128     0.0122    -1.0725 -9.990e-29
 155.470237     -1.142   0.010953    16.1610    -1.7244     -1.132     0.0122    -1.0726 -9.990e-29
 155.470243     -1.146   0.010953    16.1640    -1.7246     -1.136     0.0122    -1.0730 -9.990e-29
 155.470249     -1.147   0.010953    16.1691    -1.7246     -1.137     0.0122    -1.0739 -9.990e-29
 155.470255     -1.139   0.010953    16.1733    -1.7245     -1.129     0.0122    -1.0746 -9.990e-29
 155.470260     -1.118   0.010954    16.1765    -1.7243     -1.109     0.0122    -1.0751 -9.990e-29
 155.470266     -1.091   0.010957    16.1793    -1.7242     -1.082     0.0122    -1.0756 -9.990e-29
 155.470272     -1.069   0.010965    16.1794    -1.7244     -1.060     0.0122    -1.0756 -9.990e-29
 155.470278     -1.051   0.010990    16.1753    -1.7243     -1.042     0.0122    -1.0749 -9.990e-29
 155.470284     -1.032   0.011065    16.1699    -1.7242     -1.023     0.0122    -1.0740 -9.990e-29
 155.470289     -1.014   0.011290    16.1659    -1.7241     -1.006     0.0123    -1.0732 -9.990e-29
 155.470295     -1.000   0.011967    16.1631    -1.7240     -0.992     0.0126    -1.0725 -9.990e-29
 155.470301     -0.995   0.013443    16.1621    -1.7244     -0.987     0.0133    -1.0718 -9.990e-29
 155.470307     -0.997   0.015472    16.1642    -1.7251     -0.989     0.0143    -1.0714 -9.990e-29
 155.470313     -0.998   0.017439    16.1673    -1.7260     -0.990     0.0152    -1.0712 -9.990e-29
 155.470318     -0.999   0.019198    16.1685    -1.7266     -0.991     0.0161    -1.0707 -9.990e-29
 155.470324     -1.003   0.020881    16.1680    -1.7268     -0.995     0.0169    -1.0700 -9.990e-29
 155.470330     -1.007   0.022519    16.1688    -1.7275     -0.999     0.0177    -1.0695 -9.990e-29
 155.470336     -1.006   0.024081    16.1710    -1.7280     -0.998     0.0185    -1.0693 -9.990e-29
 155.470341     -1.001   0.025435    16.1723    -1.7285     -0.993     0.0192    -1.0690 -9.990e-29
 155.470347     -0.991   0.026173    16.1684    -1.7291     -0.983     0.0196    -1.0680 -9.990e-29
 155.470353     -0.980   0.026172    16.1552    -1.7292     -0.972     0.0196    -1.0659 -9.990e-29
 155.470359     -0.972   0.025983    16.1338    -1.7296     -0.964     0.0195    -1.0624 -9.990e-29
 155.470365     -0.965   0.025908    16.1097    -1.7297     -0.957     0.0194    -1.0585 -9.990e-29
 155.470370     -0.960   0.025846    16.0887    -1.7300     -0.952     0.0194    -1.0551 -9.990e-29
 155.470376     -0.956   0.025716    16.0708    -1.7300     -0.948     0.0193    -1.0522 -9.990e-29
 155.470382     -0.953   0.025344    16.0522    -1.7300     -0.945     0.0191    -1.0493 -9.990e-29
 155.470388     -0.950   0.024790    16.0329    -1.7299     -0.942     0.0189    -1.0464 -9.990e-29
 155.470394     -0.948   0.024420    16.0144    -1.7297     -0.940     0.0187    -1.0435 -9.990e-29
 155.470399     -0.946   0.024297    15.9987    -1.7296     -0.938     0.0186    -1.0410 -9.990e-29
 155.470405     -0.945   0.024256    15.9864    -1.7293     -0.937     0.0186    -1.0391 -9.990e-29
 155.470411     -0.944   0.024242    15.9764    -1.7291     -0.936     0.0186    -1.0374 -9.990e-29
 155.470417     -0.943   0.024238    15.9686    -1.7289     -0.935     0.0186    -1.0362 -9.990e-29
 155.470422     -0.942   0.024236    15.9635    -1.7290     -0.934     0.0186    -1.0354 -9.990e-29
 155.470428     -0.941   0.024235    15.9614    -1.7293     -0.933     0.0186    -1.0350 -9.990e-29
 155.470434     -0.940   0.024235    15.9620    -1.7296     -0.932     0.0186    -1.0351 -9.990e-29
 155.470440     -0.939   0.024235    15.9647    -1.7297     -0.931     0.0186    -1.0355 -9.990e-29
 155.470446     -0.937   0.024235    15.9695    -1.7304     -0.929     0.0186    -1.0363 -9.990e-29
 155.470451     -0.936   0.024235    15.9760    -1.7308     -0.928     0.0186    -1.0374 -9.990e-29
 155.470457     -0.934   0.024234    15.9834    -1.7309     -0.926     0.0186    -1.0386 -9.990e-29
 155.470463     -0.931   0.024234    15.9898    -1.7307     -0.923     0.0186    -1.0396 -9.990e-29
 155.470469     -0.927   0.024234    15.9926    -1.7308     -0.919     0.0186    -1.0401 -9.990e-29
