data/oxygen options/OCNMS/OCNMS1/raw_data/2010/CAST_MB015_081610faed.cnv
* Sea-Bird SBE19 Data File:
* FileName = C:\Documents and Settings\OCNMS\Desktop\2010 mooring data\second service\CAST_MB015_081610.hex
* Software Version 1.24
* Temperature SN = 2997
* Conductivity SN = 2997
* System UpLoad Time = Aug 16 2010 19:13:49
** CAST_MB015_081610
* SEACAT PROFILER V3.1c SN 2997   08/16/10  19:12:25.489
# nquan = 9                                 
# nvalues = 681                         
# units = specified
# name 0 = timeJ: Julian Days
# name 1 = prSM: Pressure, Strain Gauge [db]
# name 2 = c0mS/cm: Conductivity [mS/cm]
# name 3 = t090C: Temperature [ITS-90, deg C]
# name 4 = sbeox0ML/L: Oxygen, SBE 43 [ml/l]
# name 5 = depSM: Depth [salt water, m], lat = 47.5
# name 6 = sal00: Salinity, Practical [PSU]
# name 7 = sigma-é00: Density [sigma-theta, kg/m^3]
# name 8 = flag: flag
# span 0 = 228.455926, 228.459861       
# span 1 =     -4.933,     11.519       
# span 2 =   0.000987,  39.116893       
# span 3 =    10.3907,    15.1476       
# span 4 =    -1.9594,    11.9596       
# span 5 =     -4.892,     11.423       
# span 6 =     0.0076,    32.8977       
# span 7 =    -0.9153,    25.2395       
# span 8 = 0.0000e+00, 0.0000e+00       
# interval = seconds: 0.5
# start_time = Aug 16 2010 10:56:32 [Instrument's time stamp, header]
# bad_flag = -9.990e-29
*END*
[from data line 641]
 228.459635      3.788  36.829782    11.0591     5.9474      3.756    32.7448    25.0094 0.0000e+00
 228.459641      3.546  36.878770    11.1165     5.9636      3.516    32.7422    24.9972 0.0000e+00
 228.459647      3.315  36.907768    11.1697     5.9818      3.287    32.7236    24.9732 0.0000e+00
 228.459653      3.099  36.943125    11.2061     5.9848      3.073    32.7262    24.9687 0.0000e+00
 228.459659      2.895  36.990543    11.2270     5.9840      2.871    32.7544    24.9869 0.0000e+00
 228.459664      2.700  37.017471    11.2484     5.9930      2.677    32.7620    24.9890 0.0000e+00
 228.459670      2.515  37.037413    11.2742     6.0223      2.494    32.7588    24.9818 0.0000e+00
 228.459676      2.343  37.074722    11.3037     6.0573      2.323    32.7693    24.9847 0.0000e+00
 228.459682      2.188  37.111928    11.3292     6.0949      2.170    32.7833    24.9910 0.0000e+00
 228.459688      2.044  37.126382    11.3399     6.1287      2.027    32.7881    24.9928 0.0000e+00
 228.459693      1.906  37.119995    11.3416     6.1272      1.890    32.7803    24.9865 0.0000e+00
 228.459699      1.774  37.114507    11.3476     6.1300      1.759    32.7697    24.9771 0.0000e+00
 228.459705      1.648  37.128931    11.3847     6.1758      1.634    32.7510    24.9559 -9.990e-29
 228.459711      1.533  37.188099    11.4677     6.2660      1.520    32.7355    24.9288 -9.990e-29
 228.459716      1.434  37.273988    11.5598     6.2953      1.422    32.7381    24.9140 -9.990e-29
 228.459722      1.350  37.315145    11.6161     6.2604      1.339    32.7286    24.8964 -9.990e-29
 228.459728      1.275  37.325010    11.6442     6.2607      1.264    32.7134    24.8795 -9.990e-29
 228.459734      1.203  37.359331    11.6838     6.2404      1.193    32.7120    24.8711 -9.990e-29
 228.459740      1.136  37.413462    11.7630     6.2432      1.127    32.6949    24.8433 -9.990e-29
 228.459745      1.077  37.493473    11.8940     6.1650      1.068    32.6575    24.7900 -9.990e-29
 228.459751      1.027  37.659554    12.0654     6.0438      1.018    32.6680    24.7662 -9.990e-29
 228.459757      0.982  37.891143    12.2269     5.9600      0.974    32.7499    24.7993 -9.990e-29
 228.459763      0.941  38.023651    12.3755     5.9682      0.933    32.7473    24.7691 -9.990e-29
 228.459769      0.899  38.041628    12.6103     6.5165      0.891    32.5605    24.5793 -9.990e-29
 228.459774      0.854  38.111936    12.9488     6.5827      0.847    32.3362    24.3400 -9.990e-29
 228.459780      0.809  38.280712    13.2799     6.9349      0.802    32.2134    24.1798 -9.990e-29
 228.459786      0.768  38.454237    13.5062     6.7336      0.762    32.1843    24.1123 -9.990e-29
 228.459792      0.734  38.508728    13.5851     6.5237      0.728    32.1686    24.0843 -9.990e-29
 228.459797      0.703  38.388043    13.5641     6.3529      0.697    32.0740    24.0154 -9.990e-29
 228.459803      0.675  38.144780    13.5219     6.2491      0.669    31.8830    23.8763 -9.990e-29
 228.459809      0.646  37.834460    13.4705 -9.990e-29      0.641    31.6371    23.6964 -9.990e-29
 228.459815      0.621  37.321762    13.4032 -9.990e-29      0.616    31.2155    23.3840 -9.990e-29
 228.459821      0.601  36.023922    13.3400 -9.990e-29      0.596    30.0614    22.5047 -9.990e-29
 228.459826      0.581  32.241856    13.2955 -9.990e-29      0.576    26.6162    19.8535 -9.990e-29
 228.459832      0.560  25.625599    13.2636 -9.990e-29      0.555    20.6850    15.2876 -9.990e-29
 228.459838      0.545  17.903497    13.2364 -9.990e-29      0.540    13.9894    10.1388 -9.990e-29
 228.459844      0.538  10.746317    13.2124 -9.990e-29      0.534     8.0522     5.5737 -9.990e-29
 228.459850      0.541   6.077183    13.1945 -9.990e-29      0.536     4.3674     2.7363 -9.990e-29
 228.459855      0.548   3.949783    13.1875 -9.990e-29      0.543     2.7591     1.4951 -9.990e-29
 228.459861      0.552   2.999158 -9.990e-29 -9.990e-29      0.547 -9.990e-29 -9.990e-29 -9.990e-29
