data/oxygen options/OCNMS/OCNMS1/raw_data/2010/CAST_TH042_091610faed.cnv
* Sea-Bird SBE19 Data File:
* FileName = C:\Documents and Settings\OCNMS\Desktop\2010 mooring data\third service\CAST_TH042_091610.hex
* Software Version 1.24
* Temperature SN = 2997
* Conductivity SN = 2997
* System UpLoad Time = Sep 16 2010 16:51:28
** CAST_TH042_091610
* SEACAT PROFILER V3.1c SN 2997   09/16/10  16:49:49.474
# nquan = 9                                 
# nvalues = 802                         
# units = specified
# name 0 = timeJ: Julian Days
# name 1 = prSM: Pressure, Strain Gauge [db]
# name 2 = c0mS/cm: Conductivity [mS/cm]
# name 3 = t090C: Temperature [ITS-90, deg C]
# name 4 = sbeox0ML/L: Oxygen, SBE 43 [ml/l]
# name 5 = depSM: Depth [salt water, m], lat = 47.5
# name 6 = sal00: Salinity, Practical [PSU]
# name 7 = sigma-é00: Density [sigma-theta, kg/m^3]
# name 8 = flag: flag
# span 0 = 259.630741, 259.635376       
# span 1 =     -5.389,     43.287       
# span 2 =   0.000951,  37.869308       
# span 3 =     7.8310,    13.3386       
# span 4 =    -2.0118,    16.2582       
# span 5 =     -5.344,     42.921       
# span 6 =     0.0070,    33.4756       
# span 7 =    -0.6592,    26.1016       
# span 8 = 0.0000e+00, 0.0000e+00       
# interval = seconds: 0.5
# start_time = Sep 16 2010 15:08:16 [Instrument's time stamp, header]
# bad_flag = -9.990e-29
*END*
[from data line 641]
 259.634450     30.248  34.803077     8.0506     1.9390     29.993    33.4268    26.0314 0.0000e+00
 259.634456     30.115  34.802772     8.0504     1.9466     29.861    33.4267    26.0314 0.0000e+00
 259.634462     29.961  34.802607     8.0506     1.9465     29.709    33.4264    26.0311 0.0000e+00
 259.634468     29.785  34.802374     8.0510     1.9465     29.534    33.4259    26.0306 0.0000e+00
 259.634473     29.592  34.802337     8.0514     1.9519     29.343    33.4255    26.0303 0.0000e+00
 259.634479     29.387  34.802462     8.0514     1.9485     29.140    33.4258    26.0305 0.0000e+00
 259.634485     29.175  34.802368     8.0512     1.9486     28.929    33.4260    26.0306 0.0000e+00
 259.634491     28.960  34.801948     8.0510     1.9485     28.716    33.4258    26.0305 0.0000e+00
 259.634497     28.748  34.801215     8.0507     1.9329     28.506    33.4254    26.0303 0.0000e+00
 259.634502     28.552  34.800887     8.0505     1.9369     28.312    33.4254    26.0303 0.0000e+00
 259.634508     28.377  34.801104     8.0504     1.9464     28.138    33.4258    26.0306 0.0000e+00
 259.634514     28.221  34.801048     8.0504     1.9592     27.984    33.4258    26.0306 0.0000e+00
 259.634520     28.086  34.800661     8.0505     1.9509     27.850    33.4253    26.0302 -9.990e-29
 259.634525     27.976  34.800561     8.0504     1.9496     27.741    33.4254    26.0303 -9.990e-29
 259.634531     27.884  34.800628     8.0501     1.9307     27.649    33.4258    26.0306 -9.990e-29
 259.634537     27.792  34.800404     8.0501     1.9347     27.558    33.4256    26.0305 -9.990e-29
 259.634543     27.678  34.800164     8.0505     1.9495     27.445    33.4250    26.0300 -9.990e-29
 259.634549     27.524  34.800163     8.0510     1.9511     27.292    33.4246    26.0296 0.0000e+00
 259.634554     27.334  34.800411     8.0513     1.9410     27.104    33.4247    26.0296 0.0000e+00
 259.634560     27.127  34.800692     8.0515     1.9551     26.899    33.4249    26.0297 0.0000e+00
 259.634566     26.913  34.800837     8.0518     1.9339     26.687    33.4248    26.0296 0.0000e+00
 259.634572     26.698  34.801053     8.0522     1.9397     26.473    33.4248    26.0295 0.0000e+00
 259.634578     26.489  34.801085     8.0526     1.9353     26.266    33.4245    26.0293 0.0000e+00
 259.634583     26.293  34.800990     8.0532     1.9278     26.072    33.4239    26.0287 0.0000e+00
 259.634589     26.112  34.801216     8.0540     1.9435     25.892    33.4235    26.0283 0.0000e+00
 259.634595     25.938  34.801521     8.0545     1.9356     25.720    33.4234    26.0281 0.0000e+00
 259.634601     25.764  34.801764     8.0553     1.9294     25.547    33.4230    26.0277 0.0000e+00
 259.634606     25.592  34.802282     8.0566     1.9410     25.377    33.4224    26.0270 0.0000e+00
 259.634612     25.424  34.803222     8.0575     1.9272     25.210    33.4226    26.0270 0.0000e+00
 259.634618     25.254  34.804172     8.0583     1.9286     25.042    33.4230    26.0272 0.0000e+00
 259.634624     25.070  34.804731     8.0601     1.9209     24.859    33.4219    26.0261 0.0000e+00
 259.634630     24.866  34.805660     8.0642     1.9154     24.657    33.4191    26.0233 0.0000e+00
 259.634635     24.645  34.808211     8.0711     1.9066     24.438    33.4153    26.0193 0.0000e+00
 259.634641     24.420  34.812437     8.0795     1.9025     24.215    33.4119    26.0154 0.0000e+00
 259.634647     24.201  34.818949     8.0874     1.8944     23.998    33.4114    26.0138 0.0000e+00
 259.634653     24.000  34.826361     8.0941     1.9019     23.798    33.4131    26.0141 0.0000e+00
 259.634659     23.822  34.831129     8.0994     1.9023     23.622    33.4132    26.0134 0.0000e+00
 259.634664     23.664  34.834585     8.1052     1.8949     23.465    33.4114    26.0112 0.0000e+00
 259.634670     23.521  34.839671     8.1126     1.8872     23.323    33.4098    26.0088 0.0000e+00
 259.634676     23.377  34.845342     8.1205     1.8669     23.181    33.4084    26.0065 0.0000e+00
 259.634682     23.217  34.849089     8.1309     1.8499     23.022    33.4025    26.0004 0.0000e+00
 259.634687     23.026  34.853682     8.1529     1.8407     22.833    33.3866    25.9846 0.0000e+00
 259.634693     22.800  34.865818     8.1962     1.8380     22.608    33.3584    25.9561 0.0000e+00
 259.634699     22.554  34.889929     8.2514     1.8458     22.365    33.3317    25.9269 0.0000e+00
 259.634705     22.312  34.925690     8.2955     1.8435     22.125    33.3279    25.9173 0.0000e+00
 259.634711     22.084  34.964787     8.3188     1.8450     21.899    33.3473    25.9291 0.0000e+00
 259.634716     21.873  34.994395     8.3297     1.8560     21.689    33.3685    25.9440 0.0000e+00
 259.634722     21.673  35.013678     8.3439     1.8509     21.491    33.3755    25.9474 0.0000e+00
 259.634728     21.477  35.032120     8.3772     1.8654     21.297    33.3635    25.9330 0.0000e+00
 259.634734     21.284  35.062557     8.4387     1.8640     21.105    33.3375    25.9033 0.0000e+00
 259.634740     21.095  35.113097     8.5070     1.8608     20.918    33.3264    25.8842 0.0000e+00
 259.634745     20.907  35.155909     8.5537     1.8749     20.731    33.3275    25.8780 0.0000e+00
 259.634751     20.716  35.173032     8.5912     1.8796     20.542    33.3102    25.8587 0.0000e+00
 259.634757     20.520  35.188446     8.6367     1.8887     20.348    33.2836    25.8309 0.0000e+00
 259.634763     20.317  35.218243     8.6797     1.8938     20.146    33.2745    25.8172 0.0000e+00
 259.634769     20.113  35.252309     8.7097     1.8934     19.944    33.2821    25.8186 0.0000e+00
 259.634774     19.907  35.271105     8.7385     1.8967     19.740    33.2749    25.8084 0.0000e+00
 259.634780     19.695  35.283469     8.7788     1.9080     19.530    33.2501    25.7828 0.0000e+00
 259.634786     19.481  35.308145     8.8251     1.9133     19.318    33.2326    25.7619 0.0000e+00
 259.634792     19.276  35.344439     8.8641     1.9221     19.114    33.2340    25.7570 0.0000e+00
 259.634797     19.084  35.380819     8.8859     1.9448     18.924    33.2517    25.7674 0.0000e+00
 259.634803     18.898  35.400830     8.8918     1.9575     18.739    33.2672    25.7786 0.0000e+00
 259.634809     18.711  35.404282     8.8949     2.0128     18.554    33.2680    25.7787 0.0000e+00
 259.634815     18.518  35.405319     8.9041     2.0863     18.363    33.2605    25.7715 0.0000e+00
 259.634821     18.316  35.411500     8.9178     2.2291     18.162    33.2542    25.7644 0.0000e+00
 259.634826     18.106  35.424918     8.9324     2.3783     17.954    33.2546    25.7624 0.0000e+00
 259.634832     17.891  35.443312     8.9488     2.4913     17.741    33.2586    25.7629 0.0000e+00
 259.634838     17.673  35.455930     8.9759     2.5617     17.525    33.2464    25.7492 0.0000e+00
 259.634844     17.458  35.461685     9.0190     2.6479     17.312    33.2122    25.7157 0.0000e+00
 259.634850     17.248  35.472749     9.0650     2.7985     17.103    33.1809    25.6839 0.0000e+00
 259.634855     17.046  35.496612     9.0967     3.0424     16.903    33.1763    25.6753 0.0000e+00
 259.634861     16.854  35.518613     9.1133     3.3255     16.713    33.1837    25.6785 0.0000e+00
 259.634867     16.666  35.524412     9.1334     3.5696     16.526    33.1711    25.6654 0.0000e+00
 259.634873     16.485  35.531283     9.1729     3.7449     16.347    33.1416    25.6361 0.0000e+00
 259.634878     16.316  35.558489     9.2328     3.8771     16.179    33.1142    25.6051 0.0000e+00
 259.634884     16.161  35.605904     9.3195     4.0031     16.025    33.0829    25.5668 0.0000e+00
 259.634890     16.009  35.673463     9.4225     4.1401     15.875    33.0574    25.5303 0.0000e+00
 259.634896     15.843  35.738654     9.4947     4.2692     15.710    33.0579    25.5191 0.0000e+00
 259.634902     15.649  35.760125     9.5336     4.4114     15.518    33.0442    25.5021 0.0000e+00
 259.634907     15.421  35.758697     9.5872     4.5295     15.292    32.9935    25.4537 0.0000e+00
 259.634913     15.168  35.777313     9.6588     4.6525     15.041    32.9469    25.4057 0.0000e+00
 259.634919     14.898  35.808315     9.7155     4.7689     14.773    32.9268    25.3807 0.0000e+00
 259.634925     14.625  35.834796     9.7514     4.8834     14.502    32.9211    25.3704 0.0000e+00
 259.634931     14.366  35.856799     9.7802     4.9773     14.246    32.9174    25.3627 0.0000e+00
 259.634936     14.133  35.875670     9.8154     5.0517     14.015    32.9045    25.3469 0.0000e+00
 259.634942     13.930  35.893614     9.8669     5.1043     13.813    32.8759    25.3160 0.0000e+00
 259.634948     13.747  35.918878     9.9285     5.1816     13.632    32.8456    25.2821 0.0000e+00
 259.634954     13.574  35.954338     9.9751     5.2567     13.460    32.8393    25.2695 0.0000e+00
 259.634959     13.394  35.982852     9.9982     5.3173     13.282    32.8473    25.2719 0.0000e+00
 259.634965     13.192  35.994266    10.0217     5.3805     13.081    32.8376    25.2604 0.0000e+00
 259.634971     12.968  36.007730    10.0642     5.4306     12.859    32.8127    25.2339 0.0000e+00
 259.634977     12.738  36.038957    10.1205     5.4744     12.631    32.7934    25.2094 0.0000e+00
 259.634983     12.517  36.083081    10.1769     5.5347     12.412    32.7870    25.1949 0.0000e+00
 259.634988     12.313  36.124988    10.2253     5.5998     12.210    32.7856    25.1857 0.0000e+00
 259.634994     12.121  36.160612    10.2637     5.6768     12.019    32.7869    25.1802 0.0000e+00
 259.635000     11.924  36.185916    10.2955     5.7292     11.824    32.7838    25.1724 0.0000e+00
 259.635006     11.711  36.191502    10.3406     5.7695     11.613    32.7488    25.1374 0.0000e+00
 259.635012     11.480  36.201073    10.4148     5.8045     11.384    32.6917    25.0803 0.0000e+00
 259.635017     11.238  36.237479    10.5006     5.8537     11.144    32.6513    25.0341 0.0000e+00
 259.635023     10.995  36.282592    10.5745     5.9203     10.903    32.6304    25.0051 0.0000e+00
 259.635029     10.762  36.324859    10.6277     5.9981     10.672    32.6251    24.9918 0.0000e+00
 259.635035     10.546  36.365743    10.6604     6.0723     10.458    32.6368    24.9953 0.0000e+00
 259.635041     10.340  36.396453    10.6821     6.1406     10.253    32.6481    25.0004 0.0000e+00
 259.635046     10.133  36.411441    10.7156     6.1906     10.048    32.6332    24.9829 0.0000e+00
 259.635052      9.915  36.420606    10.7844     6.2243      9.832    32.5811    24.9304 0.0000e+00
 259.635058      9.689  36.446258    10.8764     6.2335      9.608    32.5249    24.8705 0.0000e+00
 259.635064      9.467  36.499068    10.9561     6.2539      9.388    32.5066    24.8424 0.0000e+00
 259.635069      9.256  36.558692    11.0044     6.3006      9.179    32.5229    24.8465 0.0000e+00
 259.635075      9.056  36.592581    11.0249     6.3561      8.980    32.5384    24.8549 0.0000e+00
 259.635081      8.862  36.600549    11.0348     6.4038      8.788    32.5376    24.8526 0.0000e+00
 259.635087      8.670  36.606677    11.0487     6.4498      8.597    32.5314    24.8453 0.0000e+00
 259.635093      8.477  36.620818    11.0706     6.4788      8.406    32.5261    24.8373 0.0000e+00
 259.635098      8.280  36.641093    11.1094     6.5233      8.211    32.5118    24.8193 0.0000e+00
 259.635104      8.078  36.672687    11.1768     6.5664      8.010    32.4835    24.7853 0.0000e+00
 259.635110      7.876  36.727469    11.2606     6.6304      7.810    32.4637    24.7549 0.0000e+00
 259.635116      7.674  36.794437    11.3325     6.6744      7.610    32.4662    24.7440 0.0000e+00
 259.635122      7.467  36.839615    11.3822     6.6989      7.405    32.4669    24.7356 0.0000e+00
 259.635127      7.247  36.853772    11.4271     6.7164      7.186    32.4414    24.7077 0.0000e+00
 259.635133      7.004  36.859720    11.4818     6.7301      6.945    32.3994    24.6652 0.0000e+00
 259.635139      6.744  36.876604    11.5338     6.7435      6.688    32.3705    24.6333 0.0000e+00
 259.635145      6.485  36.902288    11.5708     6.7609      6.431    32.3633    24.6210 0.0000e+00
 259.635150      6.239  36.927321    11.5940     6.7539      6.187    32.3676    24.6201 0.0000e+00
 259.635156      6.014  36.945307    11.6042     6.7744      5.964    32.3763    24.6250 0.0000e+00
 259.635162      5.803  36.952776    11.6047     6.7916      5.754    32.3832    24.6303 0.0000e+00
 259.635168      5.593  36.950164    11.6033     6.8389      5.546    32.3820    24.6296 0.0000e+00
 259.635174      5.379  36.943516    11.6064     6.8757      5.334    32.3729    24.6219 0.0000e+00
 259.635179      5.169  36.944702    11.6162     6.9097      5.126    32.3656    24.6145 0.0000e+00
 259.635185      4.966  36.954183    11.6296     6.9267      4.924    32.3632    24.6102 0.0000e+00
 259.635191      4.763  36.961067    11.6475     6.9473      4.723    32.3544    24.6000 0.0000e+00
 259.635197      4.550  36.966129    11.6758     6.9739      4.512    32.3347    24.5796 0.0000e+00
 259.635203      4.327  36.976681    11.7092     7.0022      4.291    32.3160    24.5589 0.0000e+00
 259.635208      4.100  36.991105    11.7365     7.0198      4.066    32.3063    24.5464 0.0000e+00
 259.635214      3.882  37.006785    11.7552     7.0266      3.850    32.3054    24.5423 0.0000e+00
 259.635220      3.675  37.021101    11.7673     7.0452      3.644    32.3088    24.5427 0.0000e+00
 259.635226      3.476  37.027929    11.7812     7.0997      3.447    32.3035    24.5360 0.0000e+00
 259.635231      3.283  37.029652    11.8028     7.1629      3.256    32.2864    24.5188 0.0000e+00
 259.635237      3.102  37.035294    11.8274     7.2219      3.076    32.2706    24.5020 0.0000e+00
 259.635243      2.935  37.047338    11.8463     7.2491      2.910    32.2660    24.4949 0.0000e+00
 259.635249      2.779  37.059993    11.8578     7.2622      2.756    32.2683    24.4946 0.0000e+00
 259.635255      2.632  37.068281    11.8737     7.2761      2.610    32.2626    24.4873 0.0000e+00
 259.635260      2.491  37.081015    11.9098     7.3128      2.470    32.2437    24.4659 0.0000e+00
 259.635266      2.349  37.113494    11.9642     7.4237      2.329    32.2281    24.4437 0.0000e+00
 259.635272      2.212  37.178204    12.0088     7.5653      2.194    32.2521    24.4540 0.0000e+00
 259.635278      2.083  37.234221    12.0182     7.7293      2.066    32.2981    24.4880 0.0000e+00
 259.635284      1.958  37.224557    12.0151     7.8597      1.942    32.2915    24.4834 0.0000e+00
 259.635289      1.829  37.199102    12.0590     7.9463      1.814    32.2290    24.4268 0.0000e+00
 259.635295      1.693  37.232631    12.1581     7.9405      1.679    32.1759    24.3671 0.0000e+00
 259.635301      1.553  37.322207    12.2624     7.8637      1.540    32.1723    24.3447 0.0000e+00
 259.635307      1.417  37.428119    12.3440     7.7744      1.405    32.2038    24.3537 -9.990e-29
 259.635313      1.295  37.517320    12.4012     8.3213      1.284    32.2400    24.3710 -9.990e-29
 259.635318      1.188  37.578189    12.4310     8.9523      1.178    32.2726    24.3906 -9.990e-29
 259.635324      1.083  37.602232    12.4362 -9.990e-29      1.074    32.2912    24.4040 -9.990e-29
 259.635330      0.974  37.590133    12.4295 -9.990e-29      0.966    32.2854    24.4008 -9.990e-29
 259.635336      0.868  37.567795    12.4245 -9.990e-29      0.861    32.2684    24.3886 -9.990e-29
 259.635341      0.774  37.541301    12.4285 -9.990e-29      0.768    32.2397    24.3655 -9.990e-29
 259.635347      0.700  37.483172    12.4397 -9.990e-29      0.694    32.1746    24.3129 -9.990e-29
 259.635353      0.645  37.333273    12.4513 -9.990e-29      0.640    32.0216    24.1922 -9.990e-29
 259.635359      0.605  36.907993    12.4615 -9.990e-29      0.600    31.6076    23.8694 -9.990e-29
 259.635365      0.578  35.651504    12.4715 -9.990e-29      0.573    30.4061    22.9370 -9.990e-29
