data/oxygen options/OCNMS/OCNMS1/raw_data/2010/CAST_KL015_101310faed.cnv
* Sea-Bird SBE19 Data File:
* FileName = C:\Documents and Settings\OCNMS\Desktop\2010 mooring data\fourth service\CAST_KL015_101310.hex
* Software Version 1.24
* Temperature SN = 2997
* Conductivity SN = 2997
* System UpLoad Time = Oct 13 2010 18:11:04
** CAST_KL015_101310
* SEACAT PROFILER V3.1c SN 2997   10/13/10  18:09:33.566
# nquan = 9                                 
# nvalues = 566                         
# units = specified
# name 0 = timeJ: Julian Days
# name 1 = prSM: Pressure, Strain Gauge [db]
# name 2 = c0mS/cm: Conductivity [mS/cm]
# name 3 = t090C: Temperature [ITS-90, deg C]
# name 4 = sbeox0ML/L: Oxygen, SBE 43 [ml/l]
# name 5 = depSM: Depth [salt water, m], lat = 47.5
# name 6 = sal00: Salinity, Practical [PSU]
# name 7 = sigma-é00: Density [sigma-theta, kg/m^3]
# name 8 = flag: flag
# span 0 = 286.605370, 286.608640       
# span 1 =     -5.442,     15.522       
# span 2 =   0.063576,  37.039197       
# span 3 =    13.3876,    16.2659       
# span 4 =   -10.1869,    15.9388       
# span 5 =     -5.397,     15.392       
# span 6 =     0.0392,    30.8881       
# span 7 =    -1.0690,    23.1170       
# span 8 = 0.0000e+00, 0.0000e+00       
# interval = seconds: 0.5
# start_time = Oct 13 2010 14:31:44 [Instrument's time stamp, header]
# bad_flag = -9.990e-29
*END*
[from data line 161]
 286.606302     -0.982  35.923324    14.1954     8.8507     -0.974    29.3082    21.7541 -9.990e-29
 286.606308     -0.972  35.923932    14.2064     8.8586     -0.964    29.3005    21.7458 -9.990e-29
 286.606314     -0.965  35.929192    14.2160     8.8560     -0.957    29.2979    21.7420 -9.990e-29
 286.606319     -0.954  35.935375    14.2083     8.8373     -0.946    29.3094    21.7523 -9.990e-29
 286.606325     -0.936  35.933271    14.1869     8.8489     -0.928    29.3237    21.7677 -9.990e-29
 286.606331     -0.912  35.918293    14.1723     8.8412     -0.904    29.3212    21.7687 -9.990e-29
 286.606337     -0.890  35.908435    14.1754     8.8449     -0.883    29.3099    21.7594 -9.990e-29
 286.606343     -0.878  35.912839    14.1878     8.8523     -0.871    29.3045    21.7527 -9.990e-29
 286.606348     -0.874  35.921033    14.1962     8.8615     -0.867    29.3055    21.7518 -9.990e-29
 286.606354     -0.869  35.926483    14.1980     8.8856     -0.862    29.3091    21.7542 -9.990e-29
 286.606360     -0.859  35.928517    14.1981     8.9057     -0.852    29.3109    21.7555 -9.990e-29
 286.606366     -0.848  35.928626    14.2006     8.9008     -0.841    29.3091    21.7536 -9.990e-29
 286.606372     -0.844  35.929089    14.2097     8.8743     -0.837    29.3026    21.7468 -9.990e-29
 286.606377     -0.846  35.932099    14.2254     8.8458     -0.839    29.2934    21.7366 -9.990e-29
 286.606383     -0.846  35.939884    14.2425     8.8213     -0.839    29.2875    21.7286 -9.990e-29
 286.606389     -0.840  35.953765    14.2627     8.8283     -0.833    29.2847    21.7224 -9.990e-29
 286.606395     -0.826  35.974792    14.2873     8.8590     -0.819    29.2851    21.7177 -9.990e-29
 286.606400     -0.805  35.997305    14.3031     8.8987     -0.798    29.2935    21.7209 -9.990e-29
 286.606406     -0.779  36.007547    14.2998     8.9298     -0.773    29.3052    21.7306 -9.990e-29
 286.606412     -0.756  36.002278    14.2882     8.9217     -0.750    29.3093    21.7361 -9.990e-29
 286.606418     -0.737  35.991168    14.2814     8.9013     -0.731    29.3044    21.7337 -9.990e-29
 286.606424     -0.718  35.981135    14.2773     8.9114     -0.712    29.2984    21.7299 -9.990e-29
 286.606429     -0.693  35.972132    14.2745     8.9373     -0.687    29.2924    21.7258 -9.990e-29
 286.606435     -0.665  35.968846    14.2791     8.9726     -0.659    29.2859    21.7199 -9.990e-29
 286.606441     -0.635  35.977990    14.2929     8.9883     -0.630    29.2837    21.7155 -9.990e-29
 286.606447     -0.603  35.999894    14.3149     8.9402     -0.598    29.2868    21.7134 -9.990e-29
 286.606453     -0.566  36.019427    14.3408     8.8359     -0.561    29.2849    21.7066 -9.990e-29
 286.606458     -0.523  36.014375    14.3617     8.7177     -0.519    29.2645    21.6867 -9.990e-29
 286.606464     -0.469  35.996941    14.3809     8.5237     -0.465    29.2343    21.6595 -9.990e-29
 286.606470     -0.406  36.003131    14.4075     8.2350     -0.403    29.2198    21.6429 -9.990e-29
 286.606476     -0.335  36.033258    14.4316     7.8135     -0.332    29.2287    21.6449 -9.990e-29
 286.606481     -0.246  36.048999    14.4236     7.3610     -0.244    29.2489    21.6621 -9.990e-29
 286.606487     -0.133  36.040445    14.3500     6.9811     -0.132    29.2967    21.7139 -9.990e-29
 286.606493      0.000  36.019053    14.2081     6.7559      0.000    29.3849    21.8106 -9.990e-29
 286.606499      0.160  36.008272    14.0445     6.6511      0.159    29.4999    21.9321 -9.990e-29
 286.606505      0.352  36.069759    13.9117     6.5683      0.349    29.6579    22.0805 0.0000e+00
 286.606510      0.575  36.261849    13.8302     6.4827      0.570    29.8965    22.2809 0.0000e+00
 286.606516      0.821  36.526949    13.7953     6.3891      0.814    30.1667    22.4963 0.0000e+00
 286.606522      1.082  36.712743    13.7875     6.3361      1.073    30.3433    22.6341 0.0000e+00
 286.606528      1.352  36.782367    13.7864     6.3142      1.341    30.4080    22.6843 0.0000e+00
 286.606534      1.635  36.804461    13.7747     6.2992      1.621    30.4375    22.7094 0.0000e+00
 286.606539      1.941  36.815658    13.7475     6.2820      1.925    30.4693    22.7394 0.0000e+00
 286.606545      2.272  36.819022    13.7215     6.3002      2.253    30.4929    22.7628 0.0000e+00
 286.606551      2.614  36.821727    13.7076     6.3147      2.592    30.5063    22.7759 0.0000e+00
 286.606557      2.948  36.825585    13.7014     6.3307      2.923    30.5147    22.7836 0.0000e+00
 286.606563      3.260  36.826105    13.6952     6.3258      3.233    30.5200    22.7890 0.0000e+00
 286.606568      3.552  36.821630    13.6860     6.3022      3.522    30.5231    22.7932 0.0000e+00
 286.606574      3.831  36.812804    13.6789     6.2891      3.799    30.5205    22.7926 0.0000e+00
 286.606580      4.096  36.809593    13.6778     6.2571      4.062    30.5183    22.7912 0.0000e+00
 286.606586      4.352  36.811524    13.6799     6.2221      4.316    30.5183    22.7908 0.0000e+00
 286.606591      4.607  36.810424    13.6792     6.2081      4.568    30.5178    22.7905 0.0000e+00
 286.606597      4.863  36.811440    13.6740     6.2044      4.822    30.5228    22.7954 0.0000e+00
 286.606603      5.117  36.818619    13.6673     6.2089      5.074    30.5346    22.8059 0.0000e+00
 286.606609      5.361  36.823505    13.6597     6.1948      5.316    30.5451    22.8155 0.0000e+00
 286.606615      5.600  36.824663    13.6522     6.1735      5.553    30.5521    22.8223 0.0000e+00
 286.606620      5.836  36.825767    13.6477     6.1514      5.787    30.5566    22.8267 0.0000e+00
 286.606626      6.066  36.827620    13.6467     6.1255      6.015    30.5590    22.8288 0.0000e+00
 286.606632      6.296  36.830903    13.6459     6.1205      6.243    30.5626    22.8317 0.0000e+00
 286.606638      6.538  36.833727    13.6424     6.1059      6.483    30.5679    22.8365 0.0000e+00
 286.606644      6.792  36.836948    13.6357     6.1018      6.735    30.5761    22.8442 0.0000e+00
 286.606649      7.054  36.843074    13.6278     6.0978      6.995    30.5880    22.8550 0.0000e+00
 286.606655      7.316  36.848403    13.6222     6.1013      7.255    30.5973    22.8633 0.0000e+00
 286.606661      7.571  36.850412    13.6205     6.0977      7.508    30.6004    22.8660 0.0000e+00
 286.606667      7.820  36.851670    13.6206     6.0796      7.755    30.6014    22.8668 0.0000e+00
 286.606672      8.066  36.853745    13.6206     6.0713      7.999    30.6032    22.8682 0.0000e+00
 286.606678      8.314  36.855374    13.6194     6.0587      8.244    30.6056    22.8702 0.0000e+00
 286.606684      8.569  36.855822    13.6151     6.0625      8.497    30.6093    22.8740 0.0000e+00
 286.606690      8.830  36.857259    13.6082     6.0306      8.756    30.6161    22.8806 0.0000e+00
 286.606696      9.095  36.860373    13.6026     5.9752      9.019    30.6233    22.8873 0.0000e+00
 286.606701      9.360  36.863047    13.6002     5.8930      9.282    30.6276    22.8911 0.0000e+00
 286.606707      9.621  36.865375    13.5985     5.8263      9.540    30.6310    22.8941 0.0000e+00
 286.606713      9.886  36.868672    13.5936     5.7803      9.803    30.6379    22.9004 0.0000e+00
 286.606719     10.167  36.874988    13.5826     5.7513     10.082    30.6524    22.9138 0.0000e+00
 286.606725     10.466  36.893196    13.5658     5.7353     10.378    30.6826    22.9404 0.0000e+00
 286.606730     10.770  36.927303    13.5473     5.7193     10.680    30.7289    22.9798 0.0000e+00
 286.606736     11.065  36.962749    13.5325     5.7159     10.972    30.7735    23.0172 0.0000e+00
 286.606742     11.345  36.985074    13.5224     5.7301     11.250    30.8022    23.0414 0.0000e+00
 286.606748     11.613  36.995928    13.5147     5.7255     11.516    30.8183    23.0554 0.0000e+00
 286.606753     11.880  37.002953    13.5088     5.7054     11.781    30.8295    23.0652 0.0000e+00
 286.606759     12.148  37.008683    13.5054     5.6695     12.046    30.8374    23.0720 0.0000e+00
 286.606765     12.413  37.012250    13.5039     5.6284     12.309    30.8419    23.0757 0.0000e+00
 286.606771     12.671  37.013259    13.5019     5.5959     12.565    30.8443    23.0780 0.0000e+00
 286.606777     12.925  37.009586    13.4976     5.5806     12.817    30.8443    23.0789 0.0000e+00
 286.606782     13.183  37.004627    13.4918     5.5759     13.073    30.8443    23.0800 0.0000e+00
 286.606788     13.449  37.007362    13.4867     5.5783     13.336    30.8508    23.0861 0.0000e+00
 286.606794     13.718  37.016901    13.4830     5.5731     13.603    30.8626    23.0959 0.0000e+00
 286.606800     13.976  37.025750    13.4807     5.5669     13.859    30.8725    23.1040 0.0000e+00
 286.606806     14.212  37.030533    13.4800     5.5519     14.093    30.8774    23.1080 0.0000e+00
 286.606811     14.421  37.032557    13.4808     5.5341     14.300    30.8786    23.1087 0.0000e+00
 286.606817     14.610  37.033381    13.4821     5.5305     14.488    30.8782    23.1082 0.0000e+00
 286.606823     14.781  37.032406    13.4817     5.5278     14.657    30.8776    23.1078 0.0000e+00
 286.606829     14.938  37.030553    13.4789     5.5341     14.813    30.8781    23.1087 0.0000e+00
 286.606834     15.076  37.029815    13.4762     5.5513     14.950    30.8795    23.1104 -9.990e-29
 286.606840     15.188  37.030310    13.4754     5.5478     15.061    30.8806    23.1113 -9.990e-29
 286.606846     15.267  37.030999    13.4758     5.5455     15.139    30.8809    23.1115 -9.990e-29
 286.606852     15.320  37.030544    13.4769     5.5396     15.192    30.8795    23.1102 -9.990e-29
 286.606858     15.357  37.028319    13.4780     5.5257     15.228    30.8766    23.1077 -9.990e-29
 286.606863     15.386  37.025822    13.4787     5.5285     15.257    30.8737    23.1054 -9.990e-29
 286.606869     15.409  37.025308    13.4787     5.5258     15.280    30.8732    23.1050 -9.990e-29
 286.606875     15.426  37.026634    13.4788     5.5300     15.297    30.8743    23.1059 -9.990e-29
 286.606881     15.443  37.027632    13.4795     5.5411     15.314    30.8747    23.1060 -9.990e-29
 286.606887     15.466  37.027375    13.4803     5.5498     15.336    30.8738    23.1051 -9.990e-29
 286.606892     15.491  37.026625    13.4806     5.5599     15.361    30.8728    23.1043 -9.990e-29
 286.606898     15.512  37.025483    13.4806     5.5724     15.382    30.8718    23.1035 -9.990e-29
 286.606904     15.522  37.023528    13.4812     5.5650     15.392    30.8695    23.1016 -9.990e-29
 286.606910     15.512  37.021498    13.4829     5.5476     15.382    30.8662    23.0988 -9.990e-29
 286.606916     15.473  37.020587    13.4842     5.5276     15.343    30.8643    23.0971 -9.990e-29
 286.606921     15.404  37.021805    13.4833     5.5211     15.275    30.8662    23.0987 -9.990e-29
 286.606927     15.316  37.024517    13.4807     5.5198     15.188    30.8709    23.1028 -9.990e-29
 286.606933     15.225  37.026723    13.4785     5.5259     15.097    30.8747    23.1062 -9.990e-29
 286.606939     15.139  37.027988    13.4770     5.5244     15.012    30.8771    23.1084 -9.990e-29
 286.606944     15.061  37.028862    13.4757     5.5120     14.935    30.8790    23.1101 -9.990e-29
 286.606950     14.989  37.029373    13.4745     5.5061     14.863    30.8805    23.1115 -9.990e-29
 286.606956     14.920  37.029627    13.4736     5.5063     14.795    30.8815    23.1124 -9.990e-29
 286.606962     14.849  37.029942    13.4731     5.5107     14.725    30.8822    23.1131 -9.990e-29
 286.606968     14.772  37.030721    13.4731     5.5288     14.648    30.8830    23.1136 -9.990e-29
 286.606973     14.687  37.031868    13.4735     5.5273     14.564    30.8837    23.1142 -9.990e-29
 286.606979     14.602  37.032654    13.4741     5.5199     14.480    30.8840    23.1142 -9.990e-29
 286.606985     14.526  37.032992    13.4745     5.5220     14.404    30.8840    23.1142 -9.990e-29
 286.606991     14.456  37.033314    13.4748     5.5320     14.335    30.8841    23.1142 -9.990e-29
 286.606997     14.393  37.033474    13.4747     5.5506     14.272    30.8844    23.1144 -9.990e-29
 286.607002     14.342  37.033109    13.4745     5.5730     14.222    30.8842    23.1143 -9.990e-29
 286.607008     14.299  37.032835    13.4750     5.5841     14.179    30.8836    23.1137 -9.990e-29
 286.607014     14.249  37.033391    13.4766     5.5975     14.130    30.8828    23.1128 -9.990e-29
 286.607020     14.180  37.034377    13.4788     5.5993     14.061    30.8820    23.1117 -9.990e-29
 286.607025     14.101  37.034851    13.4810     5.6159     13.983    30.8807    23.1103 -9.990e-29
 286.607031     14.027  37.034310    13.4828     5.6311     13.909    30.8787    23.1084 -9.990e-29
 286.607037     13.968  37.032578    13.4842     5.6329     13.851    30.8760    23.1061 -9.990e-29
 286.607043     13.927  37.030690    13.4851     5.6140     13.810    30.8736    23.1040 -9.990e-29
 286.607049     13.906  37.030032    13.4858     5.5978     13.789    30.8724    23.1029 -9.990e-29
 286.607054     13.905  37.029709    13.4868     5.5764     13.788    30.8713    23.1019 -9.990e-29
 286.607060     13.923  37.028713    13.4880     5.5614     13.806    30.8694    23.1002 -9.990e-29
 286.607066     13.961  37.027379    13.4881     5.5577     13.844    30.8681    23.0991 -9.990e-29
 286.607072     14.017  37.027273    13.4861     5.5526     13.900    30.8695    23.1007 -9.990e-29
 286.607078     14.082  37.029358    13.4833     5.5463     13.964    30.8737    23.1045 -9.990e-29
 286.607083     14.143  37.031915    13.4808     5.5502     14.024    30.8781    23.1083 -9.990e-29
 286.607089     14.192  37.033292    13.4790     5.5537     14.073    30.8808    23.1108 -9.990e-29
 286.607095     14.222  37.033625    13.4782     5.5711     14.103    30.8817    23.1117 -9.990e-29
 286.607101     14.231  37.033903    13.4785     5.5909     14.112    30.8818    23.1116 -9.990e-29
 286.607106     14.225  37.034477    13.4793     5.5935     14.106    30.8816    23.1114 -9.990e-29
 286.607112     14.210  37.034976    13.4803     5.5910     14.091    30.8813    23.1109 -9.990e-29
 286.607118     14.196  37.034928    13.4811     5.5896     14.077    30.8806    23.1102 -9.990e-29
 286.607124     14.185  37.034253    13.4818     5.5922     14.066    30.8794    23.1092 -9.990e-29
 286.607130     14.177  37.033716    13.4821     5.5996     14.058    30.8787    23.1085 -9.990e-29
 286.607135     14.171  37.033704    13.4821     5.5996     14.052    30.8787    23.1085 -9.990e-29
 286.607141     14.166  37.033623    13.4822     5.6084     14.047    30.8785    23.1084 -9.990e-29
 286.607147     14.163  37.033347    13.4825     5.6072     14.044    30.8780    23.1080 -9.990e-29
 286.607153     14.161  37.033613    13.4829     5.5986     14.042    30.8780    23.1078 -9.990e-29
 286.607159     14.160  37.034197    13.4832     5.5946     14.041    30.8783    23.1080 -9.990e-29
 286.607164     14.160  37.034179    13.4836     5.5895     14.041    30.8779    23.1076 -9.990e-29
 286.607170     14.161  37.033519    13.4839     5.5968     14.042    30.8771    23.1069 -9.990e-29
 286.607176     14.163  37.033000    13.4841     5.6004     14.044    30.8764    23.1064 -9.990e-29
 286.607182     14.166  37.033034    13.4844     5.6130     14.047    30.8762    23.1062 -9.990e-29
 286.607188     14.171  37.033089    13.4845     5.6148     14.052    30.8762    23.1061 -9.990e-29
 286.607193     14.178  37.032661    13.4844     5.6129     14.059    30.8759    23.1059 -9.990e-29
 286.607199     14.186  37.032282    13.4845     5.6102     14.067    30.8754    23.1055 -9.990e-29
 286.607205     14.193  37.032548    13.4848     5.6113     14.074    30.8754    23.1055 -9.990e-29
 286.607211     14.191  37.032678    13.4853     5.6000     14.072    30.8751    23.1052 -9.990e-29
 286.607216     14.178  37.032267    13.4860     5.5914     14.059    30.8742    23.1043 -9.990e-29
