data/oxygen options/OCNMS/OCNMS1/raw_data/2010/CAST_CA065_100210faed.cnv
* Sea-Bird SBE19 Data File:
* FileName = C:\Documents and Settings\OCNMS\Desktop\2010 mooring data\third service\CAST_CA065_100210.hex
* Software Version 1.24
* Temperature SN = 2997
* Conductivity SN = 2997
* System UpLoad Time = Oct 02 2010 16:55:06
** CAST_CA065_100210
* SEACAT PROFILER V3.1c SN 2997   10/02/10  16:53:15.110
# nquan = 9                                 
# nvalues = 709                         
# units = specified
# name 0 = timeJ: Julian Days
# name 1 = prSM: Pressure, Strain Gauge [db]
# name 2 = c0mS/cm: Conductivity [mS/cm]
# name 3 = t090C: Temperature [ITS-90, deg C]
# name 4 = sbeox0ML/L: Oxygen, SBE 43 [ml/l]
# name 5 = depSM: Depth [salt water, m], lat = 47.5
# name 6 = sal00: Salinity, Practical [PSU]
# name 7 = sigma-é00: Density [sigma-theta, kg/m^3]
# name 8 = flag: flag
# span 0 = 275.428426, 275.432523       
# span 1 =     -3.219,     66.832       
# span 2 =  19.801783,  37.982510       
# span 3 =     7.3995,    13.1445       
# span 4 =    -1.6550,    11.4767       
# span 5 =     -3.192,     66.263       
# span 6 =    23.5510,    33.5130       
# span 7 =    17.5378,    26.1931       
# span 8 = 0.0000e+00, 0.0000e+00       
# interval = seconds: 0.5
# start_time = Oct 02 2010 10:16:56 [Instrument's time stamp, header]
# bad_flag = -9.990e-29
*END*
[from data line 161]
 275.429358      0.208  37.863975    13.0605     6.1871      0.206    32.0078    24.0640 -9.990e-29
 275.429363      0.208  37.866357    13.0618     6.1883      0.206    32.0090    24.0647 -9.990e-29
 275.429369      0.209  37.867833    13.0628     6.1857      0.207    32.0095    24.0649 -9.990e-29
 275.429375      0.215  37.868679    13.0634     6.1855      0.213    32.0098    24.0650 -9.990e-29
 275.429381      0.226  37.868892    13.0639     6.1793      0.224    32.0096    24.0647 -9.990e-29
 275.429387      0.239  37.869305    13.0645     6.1721      0.237    32.0094    24.0645 -9.990e-29
 275.429392      0.250  37.870457    13.0650     6.1771      0.248    32.0101    24.0649 -9.990e-29
 275.429398      0.264  37.872192    13.0656     6.1858      0.262    32.0112    24.0657 -9.990e-29
 275.429404      0.287  37.873451    13.0659     6.1907      0.285    32.0121    24.0663 -9.990e-29
 275.429410      0.316  37.873098    13.0660     6.1924      0.313    32.0117    24.0660 -9.990e-29
 275.429416      0.343  37.871772    13.0661     6.1945      0.340    32.0104    24.0649 -9.990e-29
 275.429421      0.367  37.871057    13.0664     6.1931      0.364    32.0094    24.0641 -9.990e-29
 275.429427      0.389  37.871106    13.0664     6.1935      0.386    32.0095    24.0642 -9.990e-29
 275.429433      0.415  37.870853    13.0659     6.1939      0.412    32.0096    24.0644 -9.990e-29
 275.429439      0.454  37.870513    13.0654     6.2010      0.450    32.0097    24.0646 -9.990e-29
 275.429444      0.509  37.870742    13.0653     6.1980      0.505    32.0100    24.0648 -9.990e-29
 275.429450      0.575  37.871271    13.0655     6.1976      0.570    32.0103    24.0650 -9.990e-29
 275.429456      0.653  37.871674    13.0654     6.1904      0.648    32.0107    24.0654 -9.990e-29
 275.429462      0.747  37.871916    13.0651     6.1818      0.741    32.0112    24.0658 -9.990e-29
 275.429468      0.858  37.872307    13.0651     6.1709      0.851    32.0115    24.0660 -9.990e-29
 275.429473      0.990  37.872798    13.0653     6.1763      0.982    32.0117    24.0662 0.0000e+00
 275.429479      1.151  37.872909    13.0634     6.1880      1.141    32.0134    24.0678 0.0000e+00
 275.429485      1.342  37.869978    13.0552     6.1884      1.331    32.0175    24.0726 0.0000e+00
 275.429491      1.559  37.859524    13.0406     6.1972      1.546    32.0199    24.0773 0.0000e+00
 275.429497      1.799  37.844406    13.0269     6.1950      1.784    32.0171    24.0779 0.0000e+00
 275.429502      2.054  37.833036    13.0186     6.2005      2.037    32.0133    24.0766 0.0000e+00
 275.429508      2.316  37.827052    13.0146     6.2037      2.297    32.0110    24.0755 0.0000e+00
 275.429514      2.580  37.824063    13.0127     6.1953      2.558    32.0097    24.0749 0.0000e+00
 275.429520      2.846  37.822871    13.0111     6.1934      2.822    32.0098    24.0753 0.0000e+00
 275.429525      3.113  37.822433    13.0096     6.2038      3.087    32.0105    24.0762 0.0000e+00
 275.429531      3.381  37.822152    13.0084     6.2018      3.353    32.0112    24.0769 0.0000e+00
 275.429537      3.650  37.821641    13.0076     6.1909      3.620    32.0113    24.0771 0.0000e+00
 275.429543      3.920  37.820768    13.0068     6.2046      3.887    32.0110    24.0771 0.0000e+00
 275.429549      4.195  37.820037    13.0056     6.2045      4.160    32.0112    24.0775 0.0000e+00
 275.429554      4.485  37.819581    13.0040     6.2103      4.448    32.0120    24.0785 0.0000e+00
 275.429560      4.795  37.818781    13.0025     6.2117      4.755    32.0124    24.0791 0.0000e+00
 275.429566      5.122  37.817678    13.0011     6.1921      5.079    32.0124    24.0794 0.0000e+00
 275.429572      5.459  37.816469    12.9993     6.1901      5.413    32.0127    24.0799 0.0000e+00
 275.429578      5.796  37.815210    12.9977     6.1966      5.748    32.0127    24.0803 0.0000e+00
 275.429583      6.133  37.814451    12.9968     6.1943      6.082    32.0126    24.0804 0.0000e+00
 275.429589      6.471  37.814287    12.9965     6.1984      6.417    32.0126    24.0804 0.0000e+00
 275.429595      6.801  37.814484    12.9967     6.1973      6.744    32.0125    24.0803 0.0000e+00
 275.429601      7.118  37.814733    12.9966     6.1972      7.058    32.0127    24.0805 0.0000e+00
 275.429606      7.433  37.814790    12.9961     6.2063      7.371    32.0130    24.0808 0.0000e+00
 275.429612      7.759  37.814720    12.9956     6.2077      7.694    32.0133    24.0811 0.0000e+00
 275.429618      8.095  37.814419    12.9948     6.1952      8.027    32.0135    24.0815 0.0000e+00
 275.429624      8.436  37.814033    12.9941     6.1852      8.365    32.0136    24.0817 0.0000e+00
 275.429630      8.773  37.813594    12.9937     6.1751      8.700    32.0134    24.0816 0.0000e+00
 275.429635      9.099  37.813064    12.9934     6.1700      9.023    32.0130    24.0814 0.0000e+00
 275.429641      9.412  37.812841    12.9928     6.1888      9.333    32.0132    24.0817 0.0000e+00
 275.429647      9.716  37.812616    12.9914     6.1974      9.635    32.0140    24.0826 0.0000e+00
 275.429653     10.017  37.811518    12.9896     6.1964      9.933    32.0144    24.0832 0.0000e+00
 275.429659     10.317  37.809749    12.9885     6.2028     10.231    32.0136    24.0828 0.0000e+00
 275.429664     10.605  37.808300    12.9881     6.1934     10.516    32.0124    24.0820 0.0000e+00
 275.429670     10.874  37.807467    12.9877     6.1942     10.783    32.0119    24.0817 0.0000e+00
 275.429676     11.127  37.807247    12.9874     6.1976     11.034    32.0118    24.0817 0.0000e+00
 275.429682     11.373  37.807896    12.9873     6.1906     11.278    32.0124    24.0822 0.0000e+00
 275.429688     11.619  37.808586    12.9871     6.1993     11.522    32.0131    24.0828 0.0000e+00
 275.429693     11.870  37.807423    12.9844     6.1944     11.771    32.0142    24.0842 0.0000e+00
 275.429699     12.132  37.800041    12.9768     6.1880     12.030    32.0136    24.0852 0.0000e+00
 275.429705     12.403  37.784432    12.9659     6.1941     12.299    32.0080    24.0829 0.0000e+00
 275.429711     12.682  37.770033    12.9562     6.1881     12.576    32.0025    24.0806 0.0000e+00
 275.429716     12.972  37.763972    12.9493     6.1917     12.863    32.0025    24.0819 0.0000e+00
 275.429722     13.269  37.761517    12.9432     6.1930     13.158    32.0052    24.0852 0.0000e+00
 275.429728     13.566  37.757698    12.9371     6.1789     13.452    32.0066    24.0876 0.0000e+00
 275.429734     13.856  37.750770    12.9320     6.1858     13.740    32.0043    24.0867 0.0000e+00
 275.429740     14.132  37.741570    12.9271     6.1744     14.014    31.9996    24.0841 0.0000e+00
 275.429745     14.391  37.733508    12.9234     6.1753     14.270    31.9951    24.0813 0.0000e+00
 275.429751     14.635  37.730954    12.9225     6.1865     14.512    31.9933    24.0801 0.0000e+00
 275.429757     14.871  37.733851    12.9233     6.1823     14.746    31.9953    24.0815 0.0000e+00
 275.429763     15.107  37.736523    12.9234     6.1983     14.980    31.9976    24.0833 0.0000e+00
 275.429769     15.349  37.735235    12.9215     6.1935     15.220    31.9979    24.0839 0.0000e+00
 275.429774     15.598  37.731059    12.9202     6.1901     15.467    31.9950    24.0819 0.0000e+00
 275.429780     15.855  37.730184    12.9216     6.1908     15.722    31.9929    24.0800 0.0000e+00
 275.429786     16.113  37.733110    12.9226     6.1819     15.978    31.9947    24.0812 0.0000e+00
 275.429792     16.363  37.732519    12.9213     6.1845     16.226    31.9951    24.0818 0.0000e+00
 275.429797     16.604  37.728729    12.9180     6.1874     16.465    31.9942    24.0818 0.0000e+00
 275.429803     16.844  37.725082    12.9136     6.1901     16.703    31.9944    24.0828 0.0000e+00
 275.429809     17.079  37.721747    12.9101     6.1987     16.936    31.9941    24.0832 0.0000e+00
 275.429815     17.305  37.718748    12.9086     6.1806     17.160    31.9925    24.0822 0.0000e+00
 275.429821     17.525  37.717677    12.9089     6.1770     17.378    31.9911    24.0811 0.0000e+00
 275.429826     17.750  37.719897    12.9095     6.1760     17.601    31.9926    24.0822 0.0000e+00
 275.429832     17.987  37.722749    12.9085     6.1652     17.836    31.9961    24.0851 0.0000e+00
 275.429838     18.245  37.722179    12.9052     6.1640     18.092    31.9982    24.0874 0.0000e+00
 275.429844     18.532  37.715177    12.8982     6.1648     18.377    31.9974    24.0881 0.0000e+00
 275.429850     18.837  37.703607    12.8873     6.1797     18.679    31.9956    24.0888 0.0000e+00
 275.429855     19.136  37.692194    12.8782     6.1874     18.975    31.9924    24.0881 0.0000e+00
 275.429861     19.414  37.684735    12.8747     6.1806     19.251    31.9882    24.0856 0.0000e+00
 275.429867     19.672  37.683019    12.8751     6.1698     19.507    31.9861    24.0839 0.0000e+00
 275.429873     19.918  37.684725    12.8758     6.1465     19.751    31.9871    24.0845 0.0000e+00
 275.429878     20.158  37.684814    12.8749     6.1531     19.989    31.9878    24.0852 0.0000e+00
 275.429884     20.399  37.681697    12.8726     6.1607     20.228    31.9867    24.0848 0.0000e+00
 275.429890     20.644  37.677918    12.8680     6.1467     20.471    31.9869    24.0859 0.0000e+00
 275.429896     20.890  37.672332    12.8572     6.1539     20.715    31.9907    24.0909 0.0000e+00
 275.429902     21.138  37.656902    12.8359     6.1278     20.961    31.9940    24.0976 0.0000e+00
 275.429907     21.384  37.622234    12.8106     6.1281     21.204    31.9826    24.0937 0.0000e+00
 275.429913     21.625  37.580919    12.7971     6.1162     21.443    31.9548    24.0748 0.0000e+00
 275.429919     21.852  37.565822    12.7976     6.0988     21.668    31.9400    24.0632 0.0000e+00
 275.429925     22.073  37.575274    12.7950     6.0822     21.888    31.9511    24.0723 0.0000e+00
 275.429931     22.300  37.574215    12.7689     6.0677     22.113    31.9721    24.0936 0.0000e+00
 275.429936     22.545  37.541591    12.7197     6.0618     22.356    31.9828    24.1113 0.0000e+00
 275.429942     22.806  37.487119    12.6687     6.0513     22.614    31.9742    24.1145 0.0000e+00
 275.429948     23.074  37.438450    12.6268     6.0525     22.880    31.9635    24.1142 0.0000e+00
 275.429954     23.344  37.401825    12.5904     6.0467     23.148    31.9594    24.1181 0.0000e+00
 275.429959     23.613  37.368161    12.5553     6.0401     23.415    31.9571    24.1230 0.0000e+00
 275.429965     23.870  37.334008    12.5239     6.0122     23.669    31.9512    24.1244 0.0000e+00
 275.429971     24.117  37.305354    12.5040     5.9905     23.914    31.9407    24.1200 0.0000e+00
 275.429977     24.359  37.295515    12.4957     5.9881     24.154    31.9383    24.1197 0.0000e+00
 275.429983     24.604  37.300865    12.4881     5.9672     24.397    31.9497    24.1301 0.0000e+00
 275.429988     24.859  37.296002    12.4683     5.9679     24.650    31.9618    24.1432 0.0000e+00
 275.429994     25.127  37.268252    12.4352     5.9385     24.916    31.9634    24.1507 0.0000e+00
 275.430000     25.408  37.234385    12.3990     5.9179     25.194    31.9618    24.1563 0.0000e+00
 275.430006     25.699  37.205816    12.3663     5.9125     25.483    31.9622    24.1628 0.0000e+00
 275.430012     25.991  37.180284    12.3398     5.8975     25.772    31.9603    24.1663 0.0000e+00
 275.430017     26.279  37.158454    12.3189     5.9065     26.058    31.9571    24.1678 0.0000e+00
 275.430023     26.554  37.139762    12.2975     5.8973     26.331    31.9573    24.1720 0.0000e+00
 275.430029     26.817  37.118868    12.2719     5.9030     26.591    31.9590    24.1782 0.0000e+00
 275.430035     27.073  37.095341    12.2475     5.8853     26.845    31.9572    24.1814 0.0000e+00
 275.430041     27.315  37.074769    12.2319     5.8855     27.085    31.9507    24.1792 0.0000e+00
 275.430046     27.542  37.064430    12.2265     5.8661     27.310    31.9453    24.1761 0.0000e+00
 275.430052     27.764  37.068999    12.2266     5.8388     27.530    31.9495    24.1793 0.0000e+00
 275.430058     27.991  37.075487    12.2235     5.8206     27.756    31.9583    24.1867 0.0000e+00
 275.430064     28.230  37.066741    12.2068     5.7975     27.992    31.9641    24.1943 0.0000e+00
 275.430069     28.485  37.045081    12.1748     5.7911     28.245    31.9705    24.2053 0.0000e+00
 275.430075     28.762  37.021950    12.1373     5.7887     28.520    31.9803    24.2199 0.0000e+00
 275.430081     29.055  37.001218    12.1033     5.7935     28.810    31.9893    24.2332 0.0000e+00
 275.430087     29.359  36.983787    12.0757     5.8061     29.112    31.9961    24.2436 0.0000e+00
 275.430093     29.666  36.969917    12.0523     5.8064     29.416    32.0026    24.2531 0.0000e+00
 275.430098     29.970  36.957331    12.0320     5.7936     29.718    32.0078    24.2608 0.0000e+00
 275.430104     30.266  36.947147    12.0168     5.7526     30.011    32.0109    24.2661 0.0000e+00
 275.430110     30.546  36.938643    12.0086     5.6692     30.289    32.0096    24.2666 0.0000e+00
 275.430116     30.806  36.933897    12.0073     5.5657     30.547    32.0060    24.2641 0.0000e+00
 275.430122     31.056  36.936079    12.0048     5.4767     30.794    32.0102    24.2678 0.0000e+00
 275.430127     31.309  36.932377    11.9794     5.3930     31.045    32.0283    24.2866 0.0000e+00
 275.430133     31.578  36.897657    11.9018     5.3492     31.312    32.0614    24.3266 0.0000e+00
 275.430139     31.868  36.809136    11.7605     5.3274     31.600    32.0974    24.3805 0.0000e+00
 275.430145     32.176  36.674281    11.5808     5.3437     31.905    32.1217    24.4321 0.0000e+00
 275.430150     32.495  36.530663    11.3959     5.3529     32.221    32.1419    24.4811 0.0000e+00
 275.430156     32.820  36.398548    11.2303     5.3586     32.543    32.1565    24.5220 0.0000e+00
 275.430162     33.146  36.288311    11.1135     5.3591     32.867    32.1499    24.5376 0.0000e+00
 275.430168     33.463  36.221565    11.0569     5.3490     33.181    32.1335    24.5348 0.0000e+00
 275.430174     33.762  36.200027    11.0491     5.3528     33.477    32.1189    24.5249 0.0000e+00
 275.430179     34.041  36.208939    11.0744     5.3277     33.754    32.1055    24.5100 0.0000e+00
 275.430185     34.304  36.231576    11.1091     5.3139     34.015    32.0974    24.4976 0.0000e+00
 275.430191     34.564  36.254948    11.1154     5.2872     34.273    32.1148    24.5100 0.0000e+00
 275.430197     34.833  36.251926    11.0720     5.2586     34.539    32.1497    24.5448 0.0000e+00
 275.430203     35.111  36.204456    11.0079     5.2401     34.815    32.1588    24.5631 0.0000e+00
 275.430208     35.390  36.151758    10.9613     5.2122     35.092    32.1474    24.5625 0.0000e+00
 275.430214     35.666  36.120465    10.9338     5.1906     35.365    32.1404    24.5619 0.0000e+00
 275.430220     35.940  36.095704    10.9032     5.1789     35.637    32.1426    24.5689 0.0000e+00
 275.430226     36.211  36.061796    10.8466     5.1684     35.906    32.1586    24.5912 0.0000e+00
 275.430231     36.481  36.006001    10.7620     5.1620     36.173    32.1775    24.6205 0.0000e+00
 275.430237     36.749  35.932896    10.6800     5.1667     36.439    32.1768    24.6342 0.0000e+00
 275.430243     37.016  35.869916    10.6207     5.1492     36.704    32.1662    24.6361 0.0000e+00
 275.430249     37.284  35.829414    10.5639     5.1610     36.969    32.1758    24.6533 0.0000e+00
 275.430255     37.562  35.795445    10.4944     5.1362     37.245    32.2031    24.6865 0.0000e+00
 275.430260     37.856  35.761340    10.4307     5.1121     37.537    32.2252    24.7145 0.0000e+00
 275.430266     38.163  35.738741    10.3917     5.1158     37.841    32.2370    24.7303 0.0000e+00
 275.430272     38.477  35.730533    10.3751     5.0790     38.152    32.2434    24.7381 0.0000e+00
