data/oxygen options/OCNMS/OCNMS1/raw_data/2010/CAST_MB015_052710faed.cnv
* Sea-Bird SBE19 Data File:
* FileName = C:\Program Files\Sea-Bird\SeaTermAF\CAST_MB015_052710.hex
* Software Version 1.24
* Temperature SN = 2997
* Conductivity SN = 2997
* System UpLoad Time = May 27 2010 17:06:44
** CAST_MB015_052710
* SEACAT PROFILER V3.1c SN 2997   05/27/10  17:06:24.418
# nquan = 9                                 
# nvalues = 588                         
# units = specified
# name 0 = timeJ: Julian Days
# name 1 = prSM: Pressure, Strain Gauge [db]
# name 2 = c0mS/cm: Conductivity [mS/cm]
# name 3 = t090C: Temperature [ITS-90, deg C]
# name 4 = sbeox0ML/L: Oxygen, SBE 43 [ml/l]
# name 5 = depSM: Depth [salt water, m], lat = 47.5
# name 6 = sal00: Salinity, Practical [PSU]
# name 7 = sigma-é00: Density [sigma-theta, kg/m^3]
# name 8 = flag: flag
# span 0 = 147.468576, 147.471973       
# span 1 =     -4.953,     15.872       
# span 2 =  -0.002028,  34.563451       
# span 3 =    12.0196,    13.5525       
# span 4 =   -12.3988,    13.3716       
# span 5 =     -4.912,     15.739       
# span 6 =     0.0000,    29.4439       
# span 7 =    -0.6929,    22.2092       
# span 8 = 0.0000e+00, 0.0000e+00       
# interval = seconds: 0.5
# start_time = May 27 2010 11:14:45 [Instrument's time stamp, header]
# bad_flag = -9.990e-29
*END*
[from data line 481]
 147.471360     12.740  34.438024    12.3762     6.1680     12.633    29.3298    22.1215 -9.990e-29
 147.471366     12.720  34.439435    12.3790     6.1747     12.613    29.3290    22.1203 -9.990e-29
 147.471372     12.683  34.441557    12.3837     6.1905     12.577    29.3273    22.1182 -9.990e-29
 147.471377     12.634  34.443209    12.3882     6.2105     12.528    29.3254    22.1159 -9.990e-29
 147.471383     12.571  34.444098    12.3878     6.2116     12.466    29.3265    22.1169 -9.990e-29
 147.471389     12.481  34.444804    12.3824     6.2207     12.376    29.3315    22.1216 -9.990e-29
 147.471395     12.358  34.445493    12.3781     6.2245     12.254    29.3355    22.1256 -9.990e-29
 147.471400     12.207  34.444822    12.3764     6.2270     12.105    29.3363    22.1265 0.0000e+00
 147.471406     12.032  34.440580    12.3751     6.2253     11.931    29.3333    22.1244 0.0000e+00
 147.471412     11.833  34.433839    12.3737     6.2325     11.734    29.3281    22.1207 0.0000e+00
 147.471418     11.621  34.429071    12.3725     6.2325     11.524    29.3247    22.1182 0.0000e+00
 147.471424     11.402  34.427209    12.3717     6.2440     11.307    29.3236    22.1175 0.0000e+00
 147.471429     11.181  34.425210    12.3711     6.2576     11.087    29.3223    22.1166 0.0000e+00
 147.471435     10.959  34.422653    12.3706     6.2638     10.867    29.3203    22.1152 0.0000e+00
 147.471441     10.737  34.420616    12.3701     6.2760     10.647    29.3189    22.1141 0.0000e+00
 147.471447     10.507  34.419187    12.3695     6.2706     10.419    29.3181    22.1136 0.0000e+00
 147.471453     10.269  34.417584    12.3689     6.2729     10.183    29.3171    22.1130 0.0000e+00
 147.471458     10.021  34.415350    12.3677     6.2710      9.937    29.3160    22.1124 0.0000e+00
 147.471464      9.759  34.411753    12.3646     6.2851      9.677    29.3152    22.1122 0.0000e+00
 147.471470      9.488  34.403117    12.3590     6.3020      9.409    29.3115    22.1104 0.0000e+00
 147.471476      9.212  34.388024    12.3524     6.3145      9.135    29.3025    22.1046 0.0000e+00
 147.471481      8.931  34.371024    12.3461     6.3392      8.856    29.2914    22.0972 0.0000e+00
 147.471487      8.648  34.354682    12.3396     6.3471      8.576    29.2812    22.0905 0.0000e+00
 147.471493      8.367  34.335712    12.3332     6.3684      8.297    29.2683    22.0817 0.0000e+00
 147.471499      8.083  34.316298    12.3275     6.3428      8.015    29.2545    22.0721 0.0000e+00
 147.471505      7.791  34.301956    12.3219     6.3444      7.726    29.2455    22.0660 0.0000e+00
 147.471510      7.493  34.283096    12.3162     6.3443      7.430    29.2322    22.0568 0.0000e+00
 147.471516      7.196  34.252515    12.3116     6.3519      7.136    29.2070    22.0381 0.0000e+00
 147.471522      6.908  34.224950    12.3086     6.3584      6.850    29.1834    22.0204 0.0000e+00
 147.471528      6.630  34.209627    12.3068     6.3618      6.575    29.1704    22.0106 0.0000e+00
 147.471534      6.354  34.202940    12.3061     6.3650      6.301    29.1647    22.0064 0.0000e+00
 147.471539      6.072  34.201580    12.3059     6.3673      6.021    29.1637    22.0056 0.0000e+00
 147.471545      5.786  34.198686    12.3059     6.3778      5.738    29.1611    22.0036 0.0000e+00
 147.471551      5.500  34.190964    12.3059     6.3880      5.454    29.1539    21.9980 0.0000e+00
 147.471557      5.217  34.183819    12.3062     6.3988      5.173    29.1470    21.9926 0.0000e+00
 147.471563      4.940  34.182305    12.3070     6.4168      4.899    29.1450    21.9909 0.0000e+00
 147.471568      4.665  34.183283    12.3085     6.4350      4.626    29.1449    21.9906 0.0000e+00
 147.471574      4.387  34.181327    12.3110     6.4606      4.350    29.1412    21.9872 0.0000e+00
 147.471580      4.106  34.176636    12.3143     6.4794      4.072    29.1343    21.9813 0.0000e+00
 147.471586      3.821  34.170804    12.3191     6.4987      3.789    29.1252    21.9733 0.0000e+00
 147.471591      3.530  34.164470    12.3273     6.5091      3.501    29.1129    21.9624 0.0000e+00
 147.471597      3.236  34.155357    12.3407     6.5227      3.209    29.0941    21.9453 0.0000e+00
 147.471603      2.948  34.136925    12.3558     6.5213      2.923    29.0651    21.9201 0.0000e+00
 147.471609      2.672  34.100298    12.3676     6.5145      2.650    29.0215    21.8842 0.0000e+00
 147.471615      2.416  34.051033    12.3767     6.5024      2.396    28.9681    21.8412 0.0000e+00
 147.471620      2.180  34.003631    12.3901     6.4899      2.162    28.9132    21.7962 0.0000e+00
 147.471626      1.960  33.945915    12.4129     6.4921      1.944    28.8414    21.7365 0.0000e+00
 147.471632      1.753  33.850834    12.4397     6.4977      1.738    28.7315    21.6465 0.0000e+00
 147.471638      1.568  33.715527    12.4622     6.5001      1.555    28.5873    21.5308 0.0000e+00
 147.471644      1.419  33.578254    12.4792     6.4919      1.407    28.4456    21.4180 -9.990e-29
 147.471649      1.313  33.484739    12.4900     6.4990      1.302    28.3498    21.3419 -9.990e-29
 147.471655      1.243  33.442614    12.4941     6.5058      1.233    28.3072    21.3082 -9.990e-29
 147.471661      1.193  33.432718    12.4957     6.5152      1.183    28.2968    21.2999 -9.990e-29
 147.471667      1.150  33.434011    12.4978     6.5295      1.140    28.2964    21.2992 -9.990e-29
 147.471672      1.112  33.434200    12.4997     6.5251      1.103    28.2952    21.2979 -9.990e-29
 147.471678      1.077  33.432413    12.5001     6.5143      1.068    28.2932    21.2963 -9.990e-29
 147.471684      1.046  33.431315    12.4991     6.5141      1.037    28.2929    21.2963 -9.990e-29
 147.471690      1.022  33.431124    12.4986     6.5043      1.013    28.2931    21.2965 -9.990e-29
 147.471696      0.999  33.428785    12.4992     6.5032      0.991    28.2905    21.2944 -9.990e-29
 147.471701      0.971  33.423980    12.4999     6.4773      0.963    28.2855    21.2904 -9.990e-29
 147.471707      0.937  33.422075    12.5001     6.4268      0.929    28.2836    21.2889 -9.990e-29
 147.471713      0.894  33.423333    12.5006     6.3780      0.887    28.2844    21.2894 -9.990e-29
 147.471719      0.844  33.422144    12.5013     6.3468      0.837    28.2828    21.2880 -9.990e-29
 147.471725      0.788  33.418604    12.5014     7.2646      0.781    28.2794    21.2854 -9.990e-29
 147.471730      0.727  33.416403    12.4993     7.3436      0.721    28.2789    21.2854 -9.990e-29
 147.471736      0.665  33.415973    12.4918     7.3305      0.659    28.2842    21.2908 -9.990e-29
 147.471742      0.607  33.414496    12.4714     7.3684      0.602    28.2981    21.3054 -9.990e-29
 147.471748      0.558  33.406642    12.4337     7.4754      0.553    28.3192    21.3285 -9.990e-29
 147.471753      0.519  33.381937    12.3884     7.5619      0.515    28.3301    21.3452 -9.990e-29
 147.471759      0.487  33.309123    12.3492     7.6004      0.483    28.2912    21.3222 -9.990e-29
 147.471765      0.461  33.091105    12.3188     7.5763      0.457    28.1090    21.1867 -9.990e-29
 147.471771      0.439  32.436065    12.2929     7.6396      0.435    27.5130    20.7301 -9.990e-29
 147.471777      0.419  30.470049    12.2639     7.6541      0.416    25.6963    19.3299 -9.990e-29
 147.471782      0.401  24.571697    12.2296     7.6716      0.398    20.3003    15.1659 -9.990e-29
 147.471788      0.382  15.470898    12.1988     7.6669      0.379    12.2674     8.9710 -9.990e-29
 147.471794      0.367   9.066883    12.1768     7.6605      0.364     6.8906     4.8231 -9.990e-29
 147.471800      0.358   6.799684    12.1574     7.6672      0.355     5.0617     3.4117 -9.990e-29
 147.471806      0.355   5.863663    12.1336     7.6691      0.352     4.3225     2.8426 -9.990e-29
 147.471811      0.358   5.044712    12.1047     7.6719      0.355     3.6837     2.3515 -9.990e-29
 147.471817      0.362   4.318972    12.0759     7.6799      0.359     3.1241     1.9214 -9.990e-29
 147.471823      0.364   3.937322    12.0540     7.6818      0.361     2.8329     1.6982 -9.990e-29
 147.471829      0.364   3.703377    12.0413     7.6854      0.361     2.6553     1.5619 -9.990e-29
 147.471834      0.361   3.251200    12.0350    -8.9439      0.358     2.3129     1.2969 -9.990e-29
 147.471840      0.361   2.747709    12.0320   -12.3988      0.358     1.9355     1.0041 -9.990e-29
 147.471846      0.366   2.411352    12.0304   -12.3275      0.363     1.6860     0.8104 -9.990e-29
 147.471852      0.373   2.214188    12.0288    -8.8436      0.370     1.5409     0.6978 -9.990e-29
 147.471858      0.378   2.098853    12.0272    -2.0411      0.375     1.4564     0.6323 -9.990e-29
 147.471863      0.383   2.004873    12.0255    -2.0342      0.380     1.3879     0.5791 -9.990e-29
 147.471869      0.386   1.918567    12.0241    -2.0381      0.383     1.3251     0.5304 -9.990e-29
 147.471875      0.388   1.844813    12.0235    -2.0444      0.385     1.2715     0.4888 -9.990e-29
 147.471881      0.390   1.776345    12.0224    -2.0469      0.387     1.2219     0.4503 -9.990e-29
 147.471887      0.390   1.705166    12.0205    -2.0476      0.387     1.1706     0.4106 -9.990e-29
 147.471892      0.391   1.656859    12.0196    -2.0480      0.388     1.1357     0.3836 -9.990e-29
 147.471898      0.390   1.698049    12.0212    -2.0483      0.387     1.1654     0.4065 -9.990e-29
 147.471904      0.389   1.999138    12.0267    -2.0492      0.386     1.3836     0.5757 -9.990e-29
 147.471910      0.388   2.630552    12.0360    -2.0494      0.385     1.8481     0.9357 -9.990e-29
 147.471916      0.389   3.190381    12.0466    -2.0496      0.386     2.2664     1.2594 -9.990e-29
 147.471921      0.399   3.398895    12.0572 -9.990e-29      0.396     2.4231     1.3798 -9.990e-29
 147.471927      0.409   3.411338    12.0687 -9.990e-29      0.406     2.4318     1.3851 -9.990e-29
 147.471933      0.410   3.209860    12.0804 -9.990e-29      0.407     2.2790     1.2651 -9.990e-29
 147.471939      0.408   2.830933    12.0909 -9.990e-29      0.405     1.9945     1.0429 -9.990e-29
 147.471944      0.406   2.505626    12.1001 -9.990e-29      0.403     1.7525     0.8538 -9.990e-29
 147.471950      0.405   2.303011    12.1085 -9.990e-29      0.402     1.6028     0.7364 -9.990e-29
 147.471956      0.404   2.175686    12.1159 -9.990e-29      0.401     1.5092     0.6627 -9.990e-29
 147.471962      0.404   2.076076    12.1226 -9.990e-29      0.401     1.4362     0.6052 -9.990e-29
 147.471968      0.403   1.987445    12.1257 -9.990e-29      0.400     1.3715     0.5545 -9.990e-29
 147.471973      0.403   1.919348 -9.990e-29 -9.990e-29      0.400 -9.990e-29 -9.990e-29 -9.990e-29
