data/oxygen options/OCNMS/OCNMS1/raw_data/2010/CAST_MB015_052710faed.cnv
* Sea-Bird SBE19 Data File:
* FileName = C:\Program Files\Sea-Bird\SeaTermAF\CAST_MB015_052710.hex
* Software Version 1.24
* Temperature SN = 2997
* Conductivity SN = 2997
* System UpLoad Time = May 27 2010 17:06:44
** CAST_MB015_052710
* SEACAT PROFILER V3.1c SN 2997   05/27/10  17:06:24.418
# nquan = 9                                 
# nvalues = 588                         
# units = specified
# name 0 = timeJ: Julian Days
# name 1 = prSM: Pressure, Strain Gauge [db]
# name 2 = c0mS/cm: Conductivity [mS/cm]
# name 3 = t090C: Temperature [ITS-90, deg C]
# name 4 = sbeox0ML/L: Oxygen, SBE 43 [ml/l]
# name 5 = depSM: Depth [salt water, m], lat = 47.5
# name 6 = sal00: Salinity, Practical [PSU]
# name 7 = sigma-é00: Density [sigma-theta, kg/m^3]
# name 8 = flag: flag
# span 0 = 147.468576, 147.471973       
# span 1 =     -4.953,     15.872       
# span 2 =  -0.002028,  34.563451       
# span 3 =    12.0196,    13.5525       
# span 4 =   -12.3988,    13.3716       
# span 5 =     -4.912,     15.739       
# span 6 =     0.0000,    29.4439       
# span 7 =    -0.6929,    22.2092       
# span 8 = 0.0000e+00, 0.0000e+00       
# interval = seconds: 0.5
# start_time = May 27 2010 11:14:45 [Instrument's time stamp, header]
# bad_flag = -9.990e-29
*END*
[from data line 161]
 147.469508     -0.748  33.234679    12.5364     6.5119     -0.742    28.0816    21.1259 -9.990e-29
 147.469514     -0.697  33.227851    12.5331     6.5075     -0.691    28.0776    21.1235 -9.990e-29
 147.469520     -0.648  33.224887    12.5319     6.5059     -0.643    28.0757    21.1222 -9.990e-29
 147.469525     -0.609  33.226528    12.5322     6.4991     -0.604    28.0770    21.1232 -9.990e-29
 147.469531     -0.584  33.229581    12.5331     6.5051     -0.579    28.0792    21.1247 -9.990e-29
 147.469537     -0.570  33.232174    12.5346     6.5076     -0.565    28.0805    21.1254 -9.990e-29
 147.469543     -0.561  33.234063    12.5360     6.5059     -0.556    28.0812    21.1257 -9.990e-29
 147.469549     -0.550  33.234066    12.5364     6.5024     -0.545    28.0809    21.1254 -9.990e-29
 147.469554     -0.530  33.229605    12.5363     6.5027     -0.526    28.0768    21.1223 -9.990e-29
 147.469560     -0.506  33.225028    12.5365     6.5021     -0.502    28.0724    21.1188 -9.990e-29
 147.469566     -0.483  33.226205    12.5367     6.4950     -0.479    28.0733    21.1195 -9.990e-29
 147.469572     -0.465  33.229884    12.5363     6.4986     -0.461    28.0770    21.1225 -9.990e-29
 147.469578     -0.451  33.232230    12.5344     6.5105     -0.447    28.0807    21.1256 -9.990e-29
 147.469583     -0.439  33.234347    12.5318     6.5147     -0.435    28.0846    21.1291 -9.990e-29
 147.469589     -0.429  33.236478    12.5307     6.5227     -0.425    28.0874    21.1315 -9.990e-29
 147.469595     -0.421  33.237759    12.5314     6.5189     -0.417    28.0880    21.1319 -9.990e-29
 147.469601     -0.414  33.238998    12.5314     6.5137     -0.411    28.0892    21.1328 -9.990e-29
 147.469606     -0.407  33.242622    12.5302     6.5186     -0.404    28.0935    21.1363 -9.990e-29
 147.469612     -0.399  33.248081    12.5295     6.5169     -0.396    28.0991    21.1408 -9.990e-29
 147.469618     -0.391  33.249997    12.5302     6.5169     -0.388    28.1004    21.1416 -9.990e-29
 147.469624     -0.383  33.248342    12.5309     6.5201     -0.380    28.0983    21.1399 -9.990e-29
 147.469630     -0.372  33.247842    12.5303     6.5078     -0.369    28.0983    21.1400 -9.990e-29
 147.469635     -0.359  33.248608    12.5290     6.5077     -0.356    28.1000    21.1415 -9.990e-29
 147.469641     -0.343  33.249638    12.5280     6.5046     -0.340    28.1017    21.1430 -9.990e-29
 147.469647     -0.323  33.250845    12.5278     6.5037     -0.320    28.1029    21.1440 -9.990e-29
 147.469653     -0.302  33.251254    12.5282     6.5153     -0.299    28.1030    21.1440 -9.990e-29
 147.469659     -0.287  33.250507    12.5289     6.5114     -0.285    28.1018    21.1430 -9.990e-29
 147.469664     -0.281  33.250067    12.5296     6.5234     -0.279    28.1009    21.1421 -9.990e-29
 147.469670     -0.280  33.251241    12.5293     6.5179     -0.278    28.1022    21.1432 -9.990e-29
 147.469676     -0.276  33.254133    12.5249     6.5147     -0.274    28.1082    21.1486 -9.990e-29
 147.469682     -0.262  33.263376    12.5167     6.5214     -0.260    28.1229    21.1615 -9.990e-29
 147.469687     -0.244  33.279195    12.5123     6.5121     -0.242    28.1410    21.1763 -9.990e-29
 147.469693     -0.233  33.287062    12.5152     6.5132     -0.231    28.1462    21.1798 -9.990e-29
 147.469699     -0.236  33.282005    12.5194     6.4921     -0.234    28.1383    21.1730 -9.990e-29
 147.469705     -0.246  33.275413    12.5201     6.4800     -0.244    28.1317    21.1677 -9.990e-29
 147.469711     -0.249  33.272712    12.5183     6.4809     -0.247    28.1305    21.1671 -9.990e-29
 147.469716     -0.242  33.271079    12.5175     6.4917     -0.240    28.1295    21.1665 -9.990e-29
 147.469722     -0.229  33.268556    12.5190     6.5040     -0.227    28.1261    21.1635 -9.990e-29
 147.469728     -0.218  33.266472    12.5214     6.5187     -0.216    28.1223    21.1602 -9.990e-29
 147.469734     -0.207  33.264505    12.5230     6.5202     -0.205    28.1193    21.1575 -9.990e-29
 147.469740     -0.192  33.261929    12.5238     6.5246     -0.190    28.1163    21.1551 -9.990e-29
 147.469745     -0.176  33.261127    12.5245     6.5230     -0.175    28.1150    21.1540 -9.990e-29
 147.469751     -0.162  33.262926    12.5251     6.5240     -0.161    28.1162    21.1548 -9.990e-29
 147.469757     -0.150  33.265461    12.5248     6.5174     -0.149    28.1188    21.1569 -9.990e-29
 147.469763     -0.138  33.268412    12.5226     6.5199     -0.137    28.1232    21.1607 -9.990e-29
 147.469769     -0.127  33.273691    12.5190     6.5200     -0.126    28.1308    21.1672 -9.990e-29
 147.469774     -0.114  33.281272    12.5170     6.5253     -0.113    28.1394    21.1742 -9.990e-29
 147.469780     -0.105  33.285242    12.5177     6.5213     -0.104    28.1426    21.1766 -9.990e-29
 147.469786     -0.102  33.282709    12.5188     6.5172     -0.101    28.1394    21.1739 -9.990e-29
 147.469792     -0.100  33.278352    12.5189     6.5156     -0.099    28.1352    21.1707 -9.990e-29
 147.469797     -0.097  33.273859    12.5189     6.5072     -0.096    28.1310    21.1674 -9.990e-29
 147.469803     -0.090  33.270736    12.5191     6.5158     -0.089    28.1280    21.1650 -9.990e-29
 147.469809     -0.080  33.271194    12.5196     6.5179     -0.079    28.1280    21.1649 -9.990e-29
 147.469815     -0.067  33.272702    12.5201     6.5254     -0.066    28.1291    21.1656 -9.990e-29
 147.469821     -0.050  33.273008    12.5203     6.5274     -0.050    28.1292    21.1657 -9.990e-29
 147.469826     -0.026  33.272735    12.5207     6.5247     -0.026    28.1286    21.1652 -9.990e-29
 147.469832      0.000  33.272858    12.5210     6.5162      0.000    28.1285    21.1651 -9.990e-29
 147.469838      0.023  33.273757    12.5209     6.5116      0.023    28.1294    21.1658 -9.990e-29
 147.469844      0.038  33.275726    12.5206     6.5200      0.038    28.1315    21.1674 -9.990e-29
 147.469850      0.052  33.278808    12.5196     6.5157      0.052    28.1351    21.1704 -9.990e-29
 147.469855      0.070  33.283411    12.5175     6.5231      0.069    28.1410    21.1753 -9.990e-29
 147.469861      0.088  33.288046    12.5158     6.5228      0.087    28.1466    21.1800 -9.990e-29
 147.469867      0.099  33.289591    12.5159     6.5220      0.098    28.1479    21.1810 -9.990e-29
 147.469873      0.099  33.289201    12.5170     6.5239      0.098    28.1468    21.1799 -9.990e-29
 147.469878      0.097  33.289930    12.5172     6.5081      0.096    28.1473    21.1803 -9.990e-29
 147.469884      0.102  33.292970    12.5154     6.5117      0.101    28.1515    21.1839 -9.990e-29
 147.469890      0.109  33.300350    12.5122     6.5062      0.108    28.1608    21.1916 -9.990e-29
 147.469896      0.115  33.312607    12.5098     6.5075      0.114    28.1740    21.2023 -9.990e-29
 147.469902      0.119  33.321097    12.5101     6.5181      0.118    28.1818    21.2083 -9.990e-29
 147.469907      0.123  33.319993    12.5115     6.5116      0.122    28.1797    21.2064 -9.990e-29
 147.469913      0.127  33.316998    12.5114     6.5128      0.126    28.1770    21.2043 -9.990e-29
 147.469919      0.130  33.317298    12.5100     6.5180      0.129    28.1783    21.2056 -9.990e-29
 147.469925      0.133  33.318148    12.5088     6.5186      0.132    28.1800    21.2071 -9.990e-29
 147.469931      0.136  33.316419    12.5088     6.5278      0.135    28.1784    21.2059 -9.990e-29
 147.469936      0.139  33.313381    12.5100     6.5340      0.138    28.1746    21.2027 -9.990e-29
 147.469942      0.143  33.311921    12.5111     6.5322      0.142    28.1724    21.2008 -9.990e-29
 147.469948      0.147  33.311991    12.5113     6.5379      0.146    28.1723    21.2007 -9.990e-29
 147.469954      0.153  33.313340    12.5111     6.5289      0.152    28.1737    21.2019 -9.990e-29
 147.469959      0.160  33.315181    12.5111     6.5118      0.159    28.1755    21.2032 -9.990e-29
 147.469965      0.169  33.316265    12.5112     6.5076      0.168    28.1764    21.2039 -9.990e-29
 147.469971      0.181  33.316573    12.5109     6.5063      0.179    28.1769    21.2044 -9.990e-29
 147.469977      0.195  33.316173    12.5105     6.5182      0.193    28.1768    21.2044 -9.990e-29
 147.469983      0.213  33.314749    12.5106     6.5249      0.211    28.1754    21.2033 -9.990e-29
 147.469988      0.233  33.313419    12.5112     6.5301      0.231    28.1737    21.2018 -9.990e-29
 147.469994      0.246  33.314043    12.5113     6.5300      0.244    28.1742    21.2022 -9.990e-29
 147.470000      0.254  33.316122    12.5109     6.5208      0.252    28.1765    21.2040 -9.990e-29
 147.470006      0.261  33.317674    12.5106     6.5258      0.259    28.1781    21.2054 -9.990e-29
 147.470012      0.263  33.317062    12.5106     6.5179      0.261    28.1776    21.2049 -9.990e-29
 147.470017      0.261  33.314305    12.5106     6.5241      0.259    28.1750    21.2029 -9.990e-29
 147.470023      0.263  33.312207    12.5107     6.5329      0.261    28.1729    21.2013 -9.990e-29
 147.470029      0.269  33.312776    12.5108     6.5331      0.267    28.1734    21.2017 -9.990e-29
 147.470035      0.275  33.314290    12.5108     6.5350      0.273    28.1748    21.2028 -9.990e-29
 147.470041      0.286  33.316287    12.5102     6.5253      0.284    28.1771    21.2047 -9.990e-29
 147.470046      0.303  33.324554    12.5086     6.5217      0.300    28.1861    21.2119 -9.990e-29
 147.470052      0.318  33.339231    12.5056     6.5219      0.315    28.2020    21.2248 -9.990e-29
 147.470058      0.327  33.351081    12.5027     6.5226      0.324    28.2153    21.2356 -9.990e-29
 147.470064      0.337  33.355496    12.5018     6.5320      0.334    28.2201    21.2395 -9.990e-29
 147.470069      0.350  33.354761    12.5025     6.5411      0.347    28.2189    21.2384 -9.990e-29
 147.470075      0.365  33.354380    12.5028     6.5363      0.362    28.2183    21.2379 -9.990e-29
 147.470081      0.378  33.355847    12.5007     6.5343      0.375    28.2213    21.2405 -9.990e-29
 147.470087      0.389  33.357519    12.4962     6.5429      0.386    28.2262    21.2452 -9.990e-29
 147.470093      0.400  33.359704    12.4916     6.5373      0.397    28.2317    21.2503 -9.990e-29
 147.470098      0.410  33.361155    12.4890     6.5382      0.407    28.2350    21.2533 -9.990e-29
 147.470104      0.421  33.360207    12.4890     6.5478      0.417    28.2341    21.2526 -9.990e-29
 147.470110      0.434  33.357036    12.4904     6.5333      0.430    28.2301    21.2492 -9.990e-29
 147.470116      0.449  33.353337    12.4903     6.5339      0.445    28.2267    21.2466 -9.990e-29
 147.470122      0.466  33.348980    12.4874     6.5245      0.462    28.2248    21.2457 -9.990e-29
 147.470127      0.488  33.342959    12.4836     6.5266      0.484    28.2220    21.2442 -9.990e-29
 147.470133      0.512  33.338772    12.4821     6.5336      0.508    28.2192    21.2423 -9.990e-29
 147.470139      0.529  33.337878    12.4837     6.5286      0.525    28.2171    21.2404 -9.990e-29
 147.470145      0.538  33.336605    12.4873     6.5282      0.534    28.2132    21.2368 -9.990e-29
 147.470150      0.538  33.334138    12.4919     6.5258      0.534    28.2075    21.2315 -9.990e-29
 147.470156      0.534  33.331429    12.4960     6.5335      0.530    28.2019    21.2264 -9.990e-29
 147.470162      0.534  33.328550    12.4975     6.5373      0.530    28.1980    21.2231 -9.990e-29
 147.470168      0.539  33.327030    12.4971     6.5372      0.535    28.1969    21.2224 -9.990e-29
 147.470174      0.539  33.327405    12.4966     6.5358      0.535    28.1976    21.2230 -9.990e-29
 147.470179      0.532  33.327695    12.4961     6.5333      0.528    28.1983    21.2236 -9.990e-29
 147.470185      0.523  33.328045    12.4956     6.5332      0.519    28.1990    21.2242 -9.990e-29
 147.470191      0.527  33.329245    12.4955     6.5332      0.523    28.2002    21.2252 -9.990e-29
 147.470197      0.540  33.330417    12.4955     6.5331      0.535    28.2013    21.2260 -9.990e-29
 147.470203      0.548  33.332324    12.4958     6.5332      0.543    28.2028    21.2272 -9.990e-29
 147.470208      0.548  33.334468    12.4963     6.5394      0.543    28.2045    21.2283 -9.990e-29
 147.470214      0.541  33.334986    12.4966     6.5409      0.536    28.2047    21.2285 -9.990e-29
 147.470220      0.529  33.334889    12.4965     6.5338      0.525    28.2047    21.2285 -9.990e-29
 147.470226      0.522  33.335490    12.4966     6.5311      0.518    28.2052    21.2289 -9.990e-29
 147.470231      0.522  33.336794    12.4973     6.5348      0.518    28.2059    21.2293 -9.990e-29
 147.470237      0.530  33.336936    12.4980     6.5313      0.526    28.2055    21.2288 -9.990e-29
 147.470243      0.547  33.335309    12.4983     6.5260      0.542    28.2038    21.2274 -9.990e-29
 147.470249      0.568  33.335105    12.4980     6.5234      0.563    28.2038    21.2275 -9.990e-29
 147.470255      0.587  33.337494    12.4980     6.5283      0.582    28.2060    21.2292 -9.990e-29
 147.470260      0.601  33.340381    12.4988     6.5336      0.596    28.2081    21.2307 -9.990e-29
 147.470266      0.611  33.342333    12.5001     6.5426      0.606    28.2090    21.2311 -9.990e-29
 147.470272      0.617  33.343473    12.5016     6.5357      0.612    28.2089    21.2308 -9.990e-29
 147.470278      0.619  33.343959    12.5025     6.5324      0.614    28.2087    21.2305 -9.990e-29
 147.470284      0.618  33.344203    12.5025     6.5312      0.613    28.2089    21.2307 -9.990e-29
 147.470289      0.619  33.344291    12.5023     6.5362      0.614    28.2092    21.2309 -9.990e-29
 147.470295      0.624  33.344100    12.5022     6.5401      0.619    28.2090    21.2308 -9.990e-29
 147.470301      0.631  33.344261    12.5025     6.5402      0.626    28.2090    21.2307 -9.990e-29
 147.470307      0.636  33.344748    12.5035     6.5321      0.631    28.2087    21.2303 -9.990e-29
 147.470313      0.638  33.345412    12.5048     6.5280      0.633    28.2083    21.2298 -9.990e-29
 147.470318      0.638  33.345778    12.5058     6.5288      0.633    28.2079    21.2293 -9.990e-29
 147.470324      0.636  33.345534    12.5062     6.5299      0.631    28.2074    21.2288 -9.990e-29
 147.470330      0.636  33.345235    12.5061     6.5195      0.631    28.2072    21.2287 -9.990e-29
 147.470336      0.643  33.343685    12.5059     6.5166      0.638    28.2059    21.2277 -9.990e-29
 147.470341      0.653  33.340822    12.5060     6.5168      0.648    28.2031    21.2255 -9.990e-29
 147.470347      0.661  33.339312    12.5060     6.5259      0.655    28.2017    21.2244 -9.990e-29
 147.470353      0.668  33.339704    12.5061     6.5389      0.662    28.2020    21.2246 -9.990e-29
 147.470359      0.676  33.340599    12.5063     6.5338      0.670    28.2027    21.2251 -9.990e-29
 147.470365      0.683  33.341272    12.5059     6.5174      0.677    28.2036    21.2259 -9.990e-29
 147.470370      0.692  33.341820    12.5049     6.5177      0.686    28.2049    21.2271 -9.990e-29
 147.470376      0.698  33.341616    12.5044     6.5242      0.692    28.2050    21.2273 -9.990e-29
 147.470382      0.697  33.340149    12.5046     6.5311      0.691    28.2035    21.2261 -9.990e-29
 147.470388      0.693  33.338583    12.5049     6.5346      0.687    28.2018    21.2247 -9.990e-29
 147.470394      0.691  33.337954    12.5048     6.5307      0.685    28.2013    21.2244 -9.990e-29
 147.470399      0.691  33.338305    12.5047     6.5282      0.685    28.2017    21.2247 -9.990e-29
 147.470405      0.691  33.339307    12.5045     6.5273      0.685    28.2028    21.2256 -9.990e-29
 147.470411      0.693  33.341495    12.5043     6.5354      0.687    28.2050    21.2273 -9.990e-29
 147.470417      0.696  33.344747    12.5041     6.5359      0.690    28.2082    21.2298 -9.990e-29
 147.470422      0.701  33.348676    12.5037     6.5433      0.695    28.2122    21.2330 -9.990e-29
