data/oxygen options/OCNMS/OCNMS1/raw_data/2010/CAST_CE042_060510faed.cnv
* Sea-Bird SBE19 Data File:
* FileName = C:\Program Files\Sea-Bird\SeaTermAF\CAST_CE042_060510.hex
* Software Version 1.24
* Temperature SN = 2997
* Conductivity SN = 2997
* System UpLoad Time = Jun 05 2010 18:50:52
** CAST_CE042_060510
* SEACAT PROFILER V3.1c SN 2997   06/05/10  18:47:43.357
# nquan = 9                                 
# nvalues = 16847                       
# units = specified
# name 0 = timeJ: Julian Days
# name 1 = prSM: Pressure, Strain Gauge [db]
# name 2 = c0mS/cm: Conductivity [mS/cm]
# name 3 = t090C: Temperature [ITS-90, deg C]
# name 4 = sbeox0ML/L: Oxygen, SBE 43 [ml/l]
# name 5 = depSM: Depth [salt water, m], lat = 47.5
# name 6 = sal00: Salinity, Practical [PSU]
# name 7 = sigma-é00: Density [sigma-theta, kg/m^3]
# name 8 = flag: flag
# span 0 = 156.519005, 156.616493       
# span 1 =     -4.288,     41.794       
# span 2 =  -0.002058,  35.669504       
# span 3 =     9.9000,    17.4204       
# span 4 =   -11.7081,    13.5655       
# span 5 =     -4.252,     41.441       
# span 6 =     0.0000,    32.0264       
# span 7 =    -1.2979,    24.6475       
# span 8 = 0.0000e+00, 0.0000e+00       
# interval = seconds: 0.5
# start_time = Jun 05 2010 12:27:22 [Instrument's time stamp, header]
# bad_flag = -9.990e-29
*END*
[from data line 16321]
 156.613455      1.191  -0.001969    17.3169    -1.8522      1.181     0.0000    -1.2794 -9.990e-29
 156.613461      1.194  -0.001972    17.3238    -1.8520      1.184     0.0000    -1.2807 -9.990e-29
 156.613466      1.197  -0.001973    17.3315    -1.8517      1.187     0.0000    -1.2820 -9.990e-29
 156.613472      1.198  -0.001973    17.3399    -1.8514      1.188     0.0000    -1.2835 -9.990e-29
 156.613478      1.199  -0.001972    17.3478    -1.8511      1.189     0.0000    -1.2849 -9.990e-29
 156.613484      1.200  -0.001969    17.3534    -1.8502      1.190     0.0000    -1.2859 -9.990e-29
 156.613490      1.200  -0.001961    17.3527    -1.8499      1.190     0.0000    -1.2858 -9.990e-29
 156.613495      1.200  -0.001935    17.3437    -1.8502      1.190     0.0000    -1.2842 -9.990e-29
 156.613501      1.199  -0.001853    17.3315    -1.8508      1.189     0.0000    -1.2820 -9.990e-29
 156.613507      1.197  -0.001607    17.3245    -1.8506      1.187     0.0000    -1.2808 -9.990e-29
 156.613513      1.195  -0.001422    17.3252    -1.8499      1.185     0.0000    -1.2809 -9.990e-29
 156.613519      1.192  -0.001604    17.3308    -1.8491      1.182     0.0000    -1.2819 -9.990e-29
 156.613524      1.188  -0.001842    17.3391    -1.8494      1.178     0.0000    -1.2834 -9.990e-29
 156.613530      1.182  -0.001898    17.3500    -1.8504      1.172     0.0000    -1.2853 -9.990e-29
 156.613536      1.175  -0.001844    17.3615    -1.8513      1.165     0.0000    -1.2874 -9.990e-29
 156.613542      1.170  -0.001607    17.3682    -1.8513      1.160     0.0000    -1.2886 -9.990e-29
 156.613547      1.171  -0.001426    17.3674    -1.8506      1.161     0.0000    -1.2884 -9.990e-29
 156.613553      1.175  -0.001613    17.3645    -1.8497      1.165     0.0000    -1.2879 -9.990e-29
 156.613559      1.176  -0.001860    17.3673    -1.8494      1.166     0.0000    -1.2884 -9.990e-29
 156.613565      1.175  -0.001943    17.3763    -1.8495      1.165     0.0000    -1.2900 -9.990e-29
 156.613571      1.172  -0.001971    17.3832    -1.8498      1.162     0.0000    -1.2912 -9.990e-29
 156.613576      1.170  -0.001981    17.3795    -1.8497      1.160     0.0000    -1.2906 -9.990e-29
 156.613582      1.175  -0.001985    17.3663    -1.8495      1.165     0.0000    -1.2882 -9.990e-29
 156.613588      1.183  -0.001987    17.3544    -1.8495      1.173     0.0000    -1.2861 -9.990e-29
 156.613594      1.188  -0.001988    17.3533    -1.8506      1.178     0.0000    -1.2859 -9.990e-29
 156.613600      1.193  -0.001988    17.3630    -1.8521      1.183     0.0000    -1.2876 -9.990e-29
 156.613605      1.196  -0.001989    17.3758    -1.8531      1.186     0.0000    -1.2899 -9.990e-29
 156.613611      1.199  -0.001990    17.3840    -1.8533      1.189     0.0000    -1.2914 -9.990e-29
 156.613617      1.201  -0.001991    17.3856    -1.8530      1.191     0.0000    -1.2917 -9.990e-29
 156.613623      1.202  -0.001991    17.3846    -1.8532      1.192     0.0000    -1.2915 -9.990e-29
 156.613628      1.204  -0.001992    17.3844    -1.8536      1.194     0.0000    -1.2914 -9.990e-29
 156.613634      1.205  -0.001993    17.3827    -1.8542      1.195     0.0000    -1.2911 -9.990e-29
 156.613640      1.205  -0.001993    17.3732    -1.8542      1.195     0.0000    -1.2894 -9.990e-29
 156.613646      1.206  -0.001994    17.3522    -1.8549      1.196     0.0000    -1.2857 -9.990e-29
 156.613652      1.206  -0.001995    17.3256    -1.8561      1.196     0.0000    -1.2810 -9.990e-29
 156.613657      1.207  -0.001995    17.3045    -1.8577      1.197     0.0000    -1.2772 -9.990e-29
 156.613663      1.207  -0.001996    17.2939    -1.8584      1.197     0.0000    -1.2754 -9.990e-29
 156.613669      1.207  -0.001997    17.2894    -1.8589      1.197     0.0000    -1.2746 -9.990e-29
 156.613675      1.207  -0.001998    17.2840    -1.8594      1.197     0.0000    -1.2736 -9.990e-29
 156.613681      1.207  -0.001998    17.2752    -1.8598      1.197     0.0000    -1.2721 -9.990e-29
 156.613686      1.207  -0.001999    17.2646    -1.8599      1.197     0.0000    -1.2702 -9.990e-29
 156.613692      1.207  -0.002000    17.2520    -1.8597      1.197     0.0000    -1.2680 -9.990e-29
 156.613698      1.207  -0.002000    17.2330    -1.8593      1.197     0.0000    -1.2646 -9.990e-29
 156.613704      1.207  -0.002001    17.2060    -1.8589      1.197     0.0000    -1.2598 -9.990e-29
 156.613709      1.207  -0.002002    17.1773    -1.8585      1.197     0.0000    -1.2548 -9.990e-29
 156.613715      1.207  -0.002003    17.1544    -1.8586      1.197     0.0000    -1.2508 -9.990e-29
 156.613721      1.206  -0.002003    17.1376    -1.8586      1.196     0.0000    -1.2478 -9.990e-29
 156.613727      1.206  -0.002003    17.1246    -1.8584      1.196     0.0000    -1.2455 -9.990e-29
 156.613733      1.205  -0.002003    17.1161    -1.8575      1.195     0.0000    -1.2441 -9.990e-29
 156.613738      1.204  -0.001999    17.1138    -1.8569      1.194     0.0000    -1.2437 -9.990e-29
 156.613744      1.203  -0.001988    17.1174    -1.8569      1.193     0.0000    -1.2443 -9.990e-29
 156.613750      1.202  -0.001952    17.1246    -1.8571      1.192     0.0000    -1.2455 -9.990e-29
 156.613756      1.200  -0.001843    17.1327    -1.8572      1.190     0.0000    -1.2470 -9.990e-29
 156.613762      1.198  -0.001515    17.1391    -1.8568      1.188     0.0000    -1.2481 -9.990e-29
 156.613767      1.196  -0.001085    17.1430    -1.8563      1.186     0.0000    -1.2488 -9.990e-29
 156.613773      1.192  -0.001086    17.1471    -1.8560      1.182     0.0000    -1.2495 -9.990e-29
 156.613779      1.187  -0.001518    17.1556    -1.8561      1.177     0.0000    -1.2510 -9.990e-29
 156.613785      1.182  -0.001846    17.1682    -1.8562      1.172     0.0000    -1.2532 -9.990e-29
 156.613791      1.178  -0.001955    17.1789    -1.8556      1.168     0.0000    -1.2551 -9.990e-29
 156.613796      1.182  -0.001989    17.1835    -1.8551      1.172     0.0000    -1.2559 -9.990e-29
 156.613802      1.187  -0.001993    17.1840    -1.8548      1.177     0.0000    -1.2560 -9.990e-29
 156.613808      1.192  -0.001971    17.1861    -1.8545      1.182     0.0000    -1.2563 -9.990e-29
 156.613814      1.196  -0.001891    17.1926    -1.8543      1.186     0.0000    -1.2575 -9.990e-29
 156.613819      1.198  -0.001646    17.2009    -1.8540      1.188     0.0000    -1.2589 -9.990e-29
 156.613825      1.200  -0.001462    17.2072    -1.8536      1.190     0.0000    -1.2601 -9.990e-29
 156.613831      1.202  -0.001647    17.2106    -1.8532      1.192     0.0000    -1.2607 -9.990e-29
 156.613837      1.203  -0.001894    17.2151    -1.8530      1.193     0.0000    -1.2614 -9.990e-29
 156.613843      1.204  -0.001977    17.2240    -1.8527      1.194     0.0000    -1.2630 -9.990e-29
 156.613848      1.205  -0.002005    17.2348    -1.8520      1.195     0.0000    -1.2649 -9.990e-29
 156.613854      1.206  -0.002015    17.2446    -1.8515      1.196     0.0000    -1.2666 -9.990e-29
 156.613860      1.206  -0.002019    17.2530    -1.8514      1.196     0.0000    -1.2681 -9.990e-29
 156.613866      1.207  -0.002021    17.2606    -1.8515      1.197     0.0000    -1.2695 -9.990e-29
 156.613872      1.207  -0.002022    17.2688    -1.8513      1.197     0.0000    -1.2709 -9.990e-29
 156.613877      1.207  -0.002022    17.2780    -1.8511      1.197     0.0000    -1.2726 -9.990e-29
 156.613883      1.207  -0.002023    17.2872    -1.8508      1.197     0.0000    -1.2742 -9.990e-29
 156.613889      1.207  -0.002024    17.2959    -1.8502      1.197     0.0000    -1.2757 -9.990e-29
 156.613895      1.208  -0.002024    17.3061    -1.8500      1.198     0.0000    -1.2775 -9.990e-29
 156.613900      1.208  -0.002025    17.3184    -1.8498      1.198     0.0000    -1.2797 -9.990e-29
 156.613906      1.208  -0.002026    17.3291    -1.8494      1.198     0.0000    -1.2816 -9.990e-29
 156.613912      1.208  -0.002027    17.3351    -1.8491      1.198     0.0000    -1.2827 -9.990e-29
 156.613918      1.208  -0.002027    17.3382    -1.8492      1.198     0.0000    -1.2832 -9.990e-29
 156.613924      1.208  -0.002028    17.3423    -1.8495      1.198     0.0000    -1.2840 -9.990e-29
 156.613929      1.208  -0.002029    17.3488    -1.8493      1.198     0.0000    -1.2851 -9.990e-29
 156.613935      1.207  -0.002029    17.3577    -1.8488      1.197     0.0000    -1.2867 -9.990e-29
 156.613941      1.207  -0.002030    17.3675    -1.8485      1.197     0.0000    -1.2884 -9.990e-29
 156.613947      1.207  -0.002031    17.3756    -1.8485      1.197     0.0000    -1.2899 -9.990e-29
 156.613953      1.207  -0.002031    17.3827    -1.8485      1.197     0.0000    -1.2911 -9.990e-29
 156.613958      1.206  -0.002032    17.3899    -1.8484      1.196     0.0000    -1.2924 -9.990e-29
 156.613964      1.206  -0.002033    17.3950    -1.8485      1.196     0.0000    -1.2933 -9.990e-29
 156.613970      1.205  -0.002034    17.3960    -1.8483      1.195     0.0000    -1.2935 -9.990e-29
 156.613976      1.205  -0.002034    17.3959    -1.8478      1.195     0.0000    -1.2935 -9.990e-29
 156.613981      1.204  -0.002034    17.3998    -1.8487      1.194     0.0000    -1.2942 -9.990e-29
 156.613987      1.202  -0.002034    17.4071    -1.8497      1.192     0.0000    -1.2955 -9.990e-29
 156.613993      1.201  -0.002032    17.4133    -1.8508      1.191     0.0000    -1.2966 -9.990e-29
 156.613999      1.199  -0.002023    17.4164    -1.8514      1.189     0.0000    -1.2971 -9.990e-29
 156.614005      1.196  -0.001996    17.4177    -1.8525      1.186     0.0000    -1.2974 -9.990e-29
 156.614010      1.193  -0.001914    17.4184    -1.8532      1.183     0.0000    -1.2975 -9.990e-29
 156.614016      1.188  -0.001665    17.4191    -1.8542      1.178     0.0000    -1.2976 -9.990e-29
 156.614022      1.183  -0.001472    17.4204    -1.8548      1.173     0.0000    -1.2979 -9.990e-29
 156.614028      1.176  -0.001630    17.4177    -1.8550      1.166     0.0000    -1.2974 -9.990e-29
 156.614034      1.171  -0.001795    17.4042    -1.8552      1.161     0.0000    -1.2950 -9.990e-29
 156.614039      1.172  -0.001631    17.3819    -1.8554      1.162     0.0000    -1.2910 -9.990e-29
 156.614045      1.175  -0.001474    17.3579    -1.8556      1.165     0.0000    -1.2867 -9.990e-29
 156.614051      1.176  -0.001665    17.3347    -1.8569      1.166     0.0000    -1.2826 -9.990e-29
 156.614057      1.175  -0.001906    17.3109    -1.8584      1.165     0.0000    -1.2784 -9.990e-29
 156.614062      1.172  -0.001962    17.2877    -1.8597      1.162     0.0000    -1.2743 -9.990e-29
 156.614068      1.171  -0.001908    17.2673    -1.8607      1.161     0.0000    -1.2707 -9.990e-29
 156.614074      1.176  -0.001672    17.2517    -1.8618      1.166     0.0000    -1.2679 -9.990e-29
 156.614080      1.183  -0.001491    17.2413    -1.8628      1.173     0.0000    -1.2661 -9.990e-29
 156.614086      1.188  -0.001678    17.2334    -1.8637      1.178     0.0000    -1.2647 -9.990e-29
 156.614091      1.193  -0.001925    17.2241    -1.8644      1.183     0.0000    -1.2630 -9.990e-29
 156.614097      1.196  -0.002008    17.2082    -1.8647      1.186     0.0000    -1.2602 -9.990e-29
 156.614103      1.199  -0.002036    17.1822    -1.8647      1.189     0.0000    -1.2557 -9.990e-29
 156.614109      1.201  -0.002046    17.1497    -1.8647      1.191     0.0000    -1.2499 -9.990e-29
 156.614115      1.202  -0.002050    17.1172    -1.8647      1.192     0.0000    -1.2442 -9.990e-29
 156.614120      1.203  -0.002052    17.0869    -1.8647      1.193     0.0000    -1.2389 -9.990e-29
 156.614126      1.204  -0.002053    17.0585    -1.8651      1.194     0.0000    -1.2340 -9.990e-29
 156.614132      1.205  -0.002053    17.0326    -1.8654      1.195     0.0000    -1.2295 -9.990e-29
 156.614138      1.205  -0.002054    17.0103    -1.8655      1.195     0.0000    -1.2256 -9.990e-29
 156.614144      1.205  -0.002055    16.9934    -1.8665      1.195     0.0000    -1.2227 -9.990e-29
 156.614149      1.205  -0.002055    16.9834    -1.8678      1.195     0.0000    -1.2209 -9.990e-29
 156.614155      1.205  -0.002056    16.9793    -1.8686      1.195     0.0000    -1.2202 -9.990e-29
 156.614161      1.205  -0.002057    16.9780    -1.8687      1.195     0.0000    -1.2200 -9.990e-29
 156.614167      1.204  -0.002058    16.9770    -1.8686      1.194     0.0000    -1.2198 -9.990e-29
 156.614172      1.203  -0.002058    16.9738    -1.8691      1.193     0.0000    -1.2192 -9.990e-29
 156.614178      1.202  -0.002058    16.9671    -1.8687      1.192     0.0000    -1.2181 -9.990e-29
 156.614184      1.201  -0.002057    16.9581    -1.8687      1.191     0.0000    -1.2165 -9.990e-29
 156.614190      1.199  -0.002056    16.9454    -1.8691      1.189     0.0000    -1.2143 -9.990e-29
 156.614196      1.201  -0.002053    16.9257    -1.8691      1.191     0.0000    -1.2109 -9.990e-29
 156.614201      1.206  -0.002044    16.9027    -1.8693      1.196     0.0000    -1.2069 -9.990e-29
 156.614207      1.208  -0.002016    16.8849    -1.8699      1.198     0.0000    -1.2039 -9.990e-29
 156.614213      1.204  -0.001933    16.8757    -1.8709      1.194     0.0000    -1.2023 -9.990e-29
 156.614219      1.201  -0.001684    16.8707    -1.8711      1.191     0.0000    -1.2014 -9.990e-29
 156.614225      1.197  -0.001490    16.8675    -1.8709      1.187     0.0000    -1.2009 -9.990e-29
 156.614230      1.193  -0.001647    16.8668    -1.8709      1.183     0.0000    -1.2007 -9.990e-29
 156.614236      1.188  -0.001811    16.8654    -1.8709      1.178     0.0000    -1.2005 -9.990e-29
 156.614242      1.181  -0.001646    16.8615    -1.8706      1.171     0.0000    -1.1998 -9.990e-29
 156.614248      1.177  -0.001488    16.8566    -1.8709      1.167     0.0000    -1.1990 -9.990e-29
 156.614253      1.179  -0.001678    16.8485    -1.8710      1.169     0.0000    -1.1976 -9.990e-29
 156.614259      1.184  -0.001917    16.8356    -1.8708      1.174     0.0000    -1.1954 -9.990e-29
 156.614265      1.188  -0.001970    16.8221    -1.8713      1.178     0.0000    -1.1931 -9.990e-29
 156.614271      1.190  -0.001906    16.8142    -1.8713      1.180     0.0000    -1.1917 -9.990e-29
 156.614277      1.191  -0.001641    16.8120    -1.8709      1.181     0.0000    -1.1913 -9.990e-29
 156.614282      1.191  -0.001378    16.8123    -1.8703      1.181     0.0000    -1.1914 -9.990e-29
 156.614288      1.189  -0.001317    16.8136    -1.8703      1.179     0.0000    -1.1916 -9.990e-29
 156.614294      1.187  -0.001379    16.8142    -1.8702      1.177     0.0000    -1.1917 -9.990e-29
 156.614300      1.183  -0.001646    16.8126    -1.8698      1.173     0.0000    -1.1914 -9.990e-29
 156.614306      1.178  -0.001920    16.8106    -1.8699      1.168     0.0000    -1.1911 -9.990e-29
 156.614311      1.170  -0.002011    16.8087    -1.8703      1.160     0.0000    -1.1908 -9.990e-29
 156.614317      1.165  -0.002041    16.8067    -1.8706      1.155     0.0000    -1.1904 -9.990e-29
 156.614323      1.165  -0.002051    16.8077    -1.8714      1.155     0.0000    -1.1906 -9.990e-29
 156.614329      1.167  -0.002054    16.8138    -1.8721      1.157     0.0000    -1.1916 -9.990e-29
 156.614334      1.171  -0.002055    16.8219    -1.8728      1.161     0.0000    -1.1930 -9.990e-29
 156.614340      1.181  -0.002055    16.8280    -1.8732      1.171     0.0000    -1.1941 -9.990e-29
 156.614346      1.193  -0.002055    16.8324    -1.8732      1.183     0.0000    -1.1948 -9.990e-29
 156.614352      1.205  -0.002055    16.8354    -1.8734      1.195     0.0000    -1.1953 -9.990e-29
 156.614358      1.216  -0.002055    16.8338    -1.8741      1.206     0.0000    -1.1951 -9.990e-29
 156.614363      1.223  -0.002055    16.8263    -1.8748      1.213     0.0000    -1.1938 -9.990e-29
 156.614369      1.223  -0.002055    16.8142    -1.8751      1.213     0.0000    -1.1917 -9.990e-29
