data/oxygen options/OCNMS/OCNMS1/raw_data/2010/CAST_KL015_082210faed.cnv
* Sea-Bird SBE19 Data File:
* FileName = C:\Documents and Settings\OCNMS\Desktop\2010 mooring data\second service\CAST_KL015_082210.hex
* Software Version 1.24
* Temperature SN = 2997
* Conductivity SN = 2997
* System UpLoad Time = Aug 22 2010 17:46:35
** CAST_KL015_082210
* SEACAT PROFILER V3.1c SN 2997   08/22/10  17:45:01.169
# nquan = 9                                 
# nvalues = 472                         
# units = specified
# name 0 = timeJ: Julian Days
# name 1 = prSM: Pressure, Strain Gauge [db]
# name 2 = c0mS/cm: Conductivity [mS/cm]
# name 3 = t090C: Temperature [ITS-90, deg C]
# name 4 = sbeox0ML/L: Oxygen, SBE 43 [ml/l]
# name 5 = depSM: Depth [salt water, m], lat = 47.5
# name 6 = sal00: Salinity, Practical [PSU]
# name 7 = sigma-é00: Density [sigma-theta, kg/m^3]
# name 8 = flag: flag
# span 0 = 234.614028, 234.616753       
# span 1 =     -5.629,     14.860       
# span 2 =   0.000006,  39.326292       
# span 3 =     7.9629,    18.4235       
# span 4 =    -1.8332,    13.5907       
# span 5 =     -5.582,     14.735       
# span 6 =     0.0091,    33.4881       
# span 7 =    -1.4753,    26.0866       
# span 8 = 0.0000e+00, 0.0000e+00       
# interval = seconds: 0.5
# start_time = Aug 22 2010 14:44:12 [Instrument's time stamp, header]
# bad_flag = -9.990e-29
*END*
[from data line 161]
 234.614959     -0.818  38.893788    14.0717     6.9329     -0.811    32.1178    23.9460 -9.990e-29
 234.614965     -0.798  38.934213    14.0786     6.9466     -0.791    32.1492    23.9688 -9.990e-29
 234.614971     -0.786  38.995517    14.0857     6.9618     -0.779    32.1997    24.0063 -9.990e-29
 234.614977     -0.781  39.035496    14.0822     6.9769     -0.774    32.2394    24.0377 -9.990e-29
 234.614983     -0.778  39.037871    14.0583     6.9680     -0.772    32.2616    24.0597 -9.990e-29
 234.614988     -0.769  39.009635    14.0193     6.9363     -0.763    32.2683    24.0729 -9.990e-29
 234.614994     -0.752  38.969076    13.9872     6.9064     -0.746    32.2578    24.0714 -9.990e-29
 234.615000     -0.736  38.952232    13.9730     6.8945     -0.730    32.2541    24.0715 -9.990e-29
 234.615006     -0.723  38.959512    13.9799     6.9097     -0.717    32.2551    24.0708 -9.990e-29
 234.615012     -0.714  38.974736    14.0042     6.9320     -0.708    32.2487    24.0609 -9.990e-29
 234.615017     -0.706  38.990084    14.0249     6.9374     -0.700    32.2455    24.0542 -9.990e-29
 234.615023     -0.701  38.997339    14.0256     6.9317     -0.695    32.2516    24.0588 -9.990e-29
 234.615029     -0.697  38.992634    14.0085     6.9195     -0.691    32.2616    24.0700 -9.990e-29
 234.615035     -0.694  38.969602    13.9839     6.9137     -0.688    32.2610    24.0746 -9.990e-29
 234.615041     -0.692  38.945625    13.9635     6.9063     -0.686    32.2560    24.0749 -9.990e-29
 234.615046     -0.691  38.949151    13.9574     6.9088     -0.685    32.2644    24.0826 -9.990e-29
 234.615052     -0.691  38.969646    13.9648     6.8784     -0.685    32.2771    24.0909 -9.990e-29
 234.615058     -0.692  38.986700    13.9762     6.8621     -0.686    32.2832    24.0933 -9.990e-29
 234.615064     -0.694  38.998293    13.9879     6.8628     -0.688    32.2841    24.0916 -9.990e-29
 234.615069     -0.696  39.007456    14.0037     6.8820     -0.690    32.2793    24.0846 -9.990e-29
 234.615075     -0.700  39.017904    14.0297     6.8882     -0.694    32.2671    24.0699 -9.990e-29
 234.615081     -0.706  39.034502    14.0648     6.8655     -0.700    32.2530    24.0518 -9.990e-29
 234.615087     -0.713  39.054065    14.0940     6.8461     -0.707    32.2466    24.0408 -9.990e-29
 234.615093     -0.722  39.067276    14.1069     6.8194     -0.716    32.2479    24.0391 -9.990e-29
 234.615098     -0.734  39.073164    14.1161     6.8272     -0.728    32.2456    24.0355 -9.990e-29
 234.615104     -0.745  39.080045    14.1402     6.8339     -0.739    32.2318    24.0198 -9.990e-29
 234.615110     -0.752  39.096435    14.1739     6.8117     -0.746    32.2187    24.0028 -9.990e-29
 234.615116     -0.756  39.122790    14.1934     6.8140     -0.750    32.2266    24.0048 -9.990e-29
 234.615122     -0.751  39.140918    14.1920     6.8425     -0.745    32.2444    24.0189 -9.990e-29
 234.615127     -0.734  39.134546    14.1879     6.8887     -0.728    32.2420    24.0178 -9.990e-29
 234.615133     -0.707  39.125345    14.1926     6.8881     -0.701    32.2296    24.0073 -9.990e-29
 234.615139     -0.678  39.131766    14.1941     6.8904     -0.672    32.2342    24.0106 -9.990e-29
 234.615145     -0.650  39.137050    14.1773     6.8928     -0.645    32.2531    24.0286 -9.990e-29
 234.615150     -0.619  39.121803    14.1389     6.9137     -0.614    32.2712    24.0505 -9.990e-29
 234.615156     -0.584  39.076807    14.1048     6.9414     -0.579    32.2584    24.0477 -9.990e-29
 234.615162     -0.548  39.040036    14.1020     6.9755     -0.543    32.2269    24.0239 -9.990e-29
 234.615168     -0.512  39.046975    14.1047     6.9827     -0.508    32.2310    24.0266 -9.990e-29
 234.615174     -0.470  39.052406    14.0678     6.9751     -0.466    32.2669    24.0619 -9.990e-29
 234.615179     -0.415  39.020321    13.9995     6.9823     -0.412    32.2946    24.0973 -9.990e-29
 234.615185     -0.347  38.977340    13.9511     7.0242     -0.344    32.2955    24.1080 -9.990e-29
 234.615191     -0.276  38.955713    13.9384     7.0114     -0.274    32.2862    24.1034 -9.990e-29
 234.615197     -0.209  38.953945    13.9435     7.0457     -0.207    32.2803    24.0977 -9.990e-29
 234.615203     -0.146  38.960602    13.9542     7.0277     -0.145    32.2774    24.0933 -9.990e-29
 234.615208     -0.080  38.965964    13.9522     7.0685     -0.079    32.2840    24.0988 -9.990e-29
 234.615214      0.003  38.965317    13.9253     7.1295      0.003    32.3060    24.1213 -9.990e-29
 234.615220      0.112  38.950977    13.8779     7.0697      0.111    32.3326    24.1516 -9.990e-29
 234.615226      0.250  38.916613    13.7915     6.8124      0.248    32.3736    24.2008 -9.990e-29
 234.615231      0.416  38.865059    13.6133     6.3549      0.413    32.4765    24.3165 0.0000e+00
 234.615237      0.618  38.743161    13.3327     5.8596      0.613    32.6019    24.4698 0.0000e+00
 234.615243      0.864  38.524457    12.9650     5.3705      0.857    32.7122    24.6279 0.0000e+00
 234.615249      1.152  38.231597    12.5226     4.9190      1.142    32.8179    24.7957 0.0000e+00
 234.615255      1.470  37.888064    12.1034     4.5347      1.458    32.8551    24.9043 0.0000e+00
 234.615260      1.806  37.573020    11.8021     4.2184      1.791    32.8153    24.9296 0.0000e+00
 234.615266      2.149  37.350897    11.5930     4.0281      2.131    32.7836    24.9433 0.0000e+00
 234.615272      2.500  37.212223    11.3854     3.8913      2.479    32.8318    25.0186 0.0000e+00
 234.615278      2.866  37.077289    11.1391     3.7872      2.842    32.9184    25.1302 0.0000e+00
 234.615284      3.246  36.905008    10.8953     3.6714      3.219    32.9664    25.2107 0.0000e+00
 234.615289      3.637  36.738950    10.6950     3.4982      3.607    32.9813    25.2575 0.0000e+00
 234.615295      4.031  36.607431    10.5488     3.2770      3.997    32.9817    25.2832 0.0000e+00
 234.615301      4.430  36.520386    10.4419     3.0176      4.393    32.9911    25.3088 0.0000e+00
 234.615307      4.832  36.460786    10.3341     2.7868      4.792    33.0289    25.3567 0.0000e+00
 234.615312      5.237  36.382102    10.1784     2.6057      5.193    33.0912    25.4318 0.0000e+00
 234.615318      5.646  36.249339     9.9471     2.4632      5.599    33.1683    25.5308 0.0000e+00
 234.615324      6.059  36.046712     9.6792     2.3837      6.008    33.2081    25.6062 0.0000e+00
 234.615330      6.471  35.809233     9.4551     2.3105      6.417    33.1714    25.6140 0.0000e+00
 234.615336      6.880  35.621208     9.2704     2.2447      6.822    33.1484    25.6258 0.0000e+00
 234.615341      7.290  35.499545     9.0784     2.2050      7.229    33.2008    25.6972 0.0000e+00
 234.615347      7.705  35.404008     8.9085     2.1521      7.641    33.2600    25.7702 0.0000e+00
 234.615353      8.126  35.333127     8.7969     2.1270      8.058    33.2904    25.8114 0.0000e+00
 234.615359      8.554  35.286929     8.7273     2.1126      8.482    33.3072    25.8353 0.0000e+00
 234.615365      8.987  35.247382     8.6676     2.1189      8.912    33.3218    25.8559 0.0000e+00
 234.615370      9.417  35.201977     8.5857     2.1295      9.338    33.3511    25.8914 0.0000e+00
 234.615376      9.842  35.136005     8.4598     2.1342      9.760    33.4005    25.9493 0.0000e+00
 234.615382     10.269  35.038139     8.3118     2.1605     10.183    33.4373    26.0005 0.0000e+00
 234.615388     10.701  34.934054     8.1948     2.1839     10.611    33.4379    26.0185 0.0000e+00
 234.615394     11.137  34.864647     8.1257     2.2095     11.044    33.4298    26.0224 0.0000e+00
 234.615399     11.571  34.829112     8.0840     2.2204     11.474    33.4315    26.0299 0.0000e+00
 234.615405     11.995  34.806278     8.0532     2.2356     11.895    33.4363    26.0382 0.0000e+00
 234.615411     12.403  34.786884     8.0281     2.2428     12.299    33.4394    26.0444 0.0000e+00
 234.615417     12.790  34.769057     8.0071     2.2454     12.683    33.4403    26.0481 0.0000e+00
 234.615422     13.155  34.753016     7.9898     2.2423     13.045    33.4395    26.0501 0.0000e+00
 234.615428     13.496  34.739121     7.9785     2.2155     13.383    33.4353    26.0484 0.0000e+00
 234.615434     13.808  34.728913     7.9740     2.2031     13.692    33.4285    26.0438 0.0000e+00
 234.615440     14.086  34.727172     7.9739     2.1786     13.968    33.4266    26.0423 0.0000e+00
 234.615446     14.323  34.737287     7.9768     2.1699     14.203    33.4346    26.0481 0.0000e+00
 234.615451     14.510  34.755339     7.9821     2.1537     14.388    33.4487    26.0584 0.0000e+00
 234.615457     14.653  34.776984     7.9885     2.1530     14.530    33.4657    26.0708 -9.990e-29
 234.615463     14.755  34.797446     7.9951     2.1544     14.631    33.4812    26.0820 -9.990e-29
 234.615469     14.819  34.809452     8.0012     2.1496     14.695    33.4881    26.0866 -9.990e-29
 234.615475     14.853  34.808844     8.0055     2.1553     14.729    33.4833    26.0822 -9.990e-29
 234.615480     14.860  34.799287     8.0073     2.1379     14.735    33.4714    26.0726 -9.990e-29
 234.615486     14.830  34.789877     8.0104     2.1349     14.706    33.4584    26.0619 -9.990e-29
 234.615492     14.763  34.791024     8.0191     2.1113     14.639    33.4513    26.0551 -9.990e-29
 234.615498     14.667  34.802570     8.0273     2.1131     14.544    33.4559    26.0574 -9.990e-29
 234.615503     14.552  34.807981     8.0284     2.1026     14.430    33.4607    26.0610 -9.990e-29
 234.615509     14.430  34.802148     8.0257     2.1076     14.309    33.4571    26.0586 -9.990e-29
 234.615515     14.313  34.794652     8.0229     2.1060     14.193    33.4518    26.0549 -9.990e-29
 234.615521     14.215  34.783337     8.0175     2.1074     14.096    33.4449    26.0503 -9.990e-29
 234.615527     14.143  34.764872     8.0087     2.0956     14.024    33.4336    26.0427 -9.990e-29
 234.615532     14.096  34.749918     8.0027     2.0865     13.978    33.4234    26.0355 -9.990e-29
 234.615538     14.068  34.743172     8.0025     2.0923     13.950    33.4164    26.0301 -9.990e-29
 234.615544     14.048  34.744033     8.0047     2.0825     13.930    33.4152    26.0288 -9.990e-29
 234.615550     14.031  34.748601     8.0058     2.0835     13.913    33.4191    26.0317 -9.990e-29
 234.615556     14.014  34.748397     8.0052     2.0624     13.897    33.4194    26.0321 -9.990e-29
 234.615561     13.994  34.747625     8.0056     2.0532     13.877    33.4182    26.0311 -9.990e-29
 234.615567     13.965  34.753653     8.0090     2.0378     13.848    33.4215    26.0331 -9.990e-29
 234.615573     13.924  34.763310     8.0120     2.0417     13.807    33.4289    26.0385 -9.990e-29
 234.615579     13.877  34.767622     8.0101     2.0383     13.761    33.4354    26.0438 -9.990e-29
 234.615584     13.840  34.761692     8.0038     2.0357     13.724    33.4351    26.0445 -9.990e-29
 234.615590     13.821  34.749932     7.9967     2.0364     13.705    33.4293    26.0410 -9.990e-29
 234.615596     13.825  34.740180     7.9915     2.0376     13.709    33.4238    26.0375 -9.990e-29
 234.615602     13.847  34.735108     7.9889     2.0540     13.731    33.4209    26.0356 -9.990e-29
 234.615608     13.880  34.733546     7.9868     2.0537     13.764    33.4212    26.0362 -9.990e-29
 234.615613     13.918  34.732286     7.9825     2.0636     13.801    33.4240    26.0389 -9.990e-29
 234.615619     13.954  34.727401     7.9759     2.0560     13.837    33.4250    26.0407 -9.990e-29
 234.615625     13.982  34.720773     7.9709     2.0446     13.865    33.4227    26.0397 -9.990e-29
 234.615631     14.001  34.716998     7.9711     2.0372     13.884    33.4185    26.0363 -9.990e-29
 234.615637     14.010  34.719436     7.9760     2.0338     13.893    33.4164    26.0339 -9.990e-29
 234.615642     14.010  34.726851     7.9838     2.0235     13.893    33.4169    26.0332 -9.990e-29
 234.615648     14.002  34.734562     7.9925     2.0328     13.885    33.4168    26.0318 -9.990e-29
 234.615654     13.989  34.740523     7.9980     2.0306     13.872    33.4179    26.0319 -9.990e-29
 234.615660     13.980  34.741478     7.9973     2.0251     13.863    33.4196    26.0334 -9.990e-29
 234.615666     13.976  34.735896     7.9931     2.0292     13.859    33.4177    26.0324 -9.990e-29
 234.615671     13.980  34.729209     7.9902     2.0275     13.863    33.4133    26.0294 -9.990e-29
 234.615677     13.990  34.725377     7.9886     2.0253     13.873    33.4107    26.0276 -9.990e-29
 234.615683     14.008  34.723767     7.9863     2.0191     13.891    33.4112    26.0283 -9.990e-29
 234.615689     14.029  34.723346     7.9842     2.0244     13.911    33.4127    26.0299 -9.990e-29
 234.615694     14.048  34.723544     7.9839     2.0203     13.930    33.4132    26.0303 -9.990e-29
 234.615700     14.061  34.725739     7.9847     2.0317     13.943    33.4148    26.0314 -9.990e-29
 234.615706     14.073  34.728371     7.9839     2.0273     13.955    33.4184    26.0343 -9.990e-29
 234.615712     14.093  34.725983     7.9792     2.0313     13.975    33.4203    26.0365 -9.990e-29
 234.615718     14.123  34.718745     7.9718     2.0267     14.005    33.4196    26.0371 -9.990e-29
 234.615723     14.156  34.711564     7.9652     2.0229     14.037    33.4182    26.0370 -9.990e-29
 234.615729     14.185  34.709421     7.9633     2.0093     14.066    33.4178    26.0369 -9.990e-29
 234.615735     14.204  34.713370     7.9671     2.0043     14.085    33.4183    26.0368 -9.990e-29
 234.615741     14.210  34.718028     7.9729     2.0082     14.091    33.4178    26.0355 -9.990e-29
 234.615747     14.207  34.721196     7.9771     2.0119     14.088    33.4171    26.0344 -9.990e-29
 234.615752     14.203  34.723175     7.9792     2.0038     14.084    33.4172    26.0341 -9.990e-29
 234.615758     14.199  34.722680     7.9808     2.0002     14.080    33.4152    26.0323 -9.990e-29
 234.615764     14.186  34.723525     7.9838     2.0003     14.067    33.4132    26.0303 -9.990e-29
 234.615770     14.159  34.728512     7.9885     1.9964     14.040    33.4141    26.0303 -9.990e-29
 234.615775     14.124  34.733641     7.9929     2.0015     14.006    33.4154    26.0307 -9.990e-29
 234.615781     14.096  34.735663     7.9942     1.9936     13.978    33.4163    26.0312 -9.990e-29
 234.615787     14.087  34.733910     7.9917     1.9937     13.969    33.4168    26.0320 -9.990e-29
 234.615793     14.100  34.729403     7.9874     1.9971     13.982    33.4161    26.0321 -9.990e-29
 234.615799     14.131  34.724529     7.9833     2.0142     14.013    33.4148    26.0316 -9.990e-29
 234.615804     14.175  34.721185     7.9806     2.0134     14.056    33.4138    26.0312 -9.990e-29
 234.615810     14.220  34.719944     7.9791     2.0115     14.101    33.4139    26.0315 -9.990e-29
 234.615816     14.257  34.719704     7.9775     2.0005     14.138    33.4151    26.0327 -9.990e-29
 234.615822     14.284  34.719577     7.9759     1.9935     14.164    33.4165    26.0341 -9.990e-29
 234.615828     14.304  34.719387     7.9761     1.9896     14.184    33.4161    26.0337 -9.990e-29
 234.615833     14.316  34.720556     7.9781     1.9895     14.196    33.4154    26.0329 -9.990e-29
 234.615839     14.322  34.723518     7.9798     1.9930     14.202    33.4170    26.0339 -9.990e-29
 234.615845     14.318  34.725494     7.9810     1.9948     14.198    33.4180    26.0344 -9.990e-29
 234.615851     14.299  34.726313     7.9827     1.9907     14.179    33.4172    26.0336 -9.990e-29
 234.615856     14.269  34.727619     7.9845     1.9813     14.149    33.4169    26.0331 -9.990e-29
 234.615862     14.234  34.728909     7.9853     1.9718     14.115    33.4175    26.0335 -9.990e-29
 234.615868     14.204  34.729098     7.9846     1.9719     14.085    33.4184    26.0343 -9.990e-29
 234.615874     14.192  34.726751     7.9824     1.9847     14.073    33.4180    26.0343 -9.990e-29
