data/oxygen options/OCNMS/OCNMS1/raw_data/2010/CAST_CA042_101910faed.cnv
* Sea-Bird SBE19 Data File:
* FileName = C:\Documents and Settings\OCNMS\Desktop\2010 mooring data\fourth service\CAST_CA042_101910.hex
* Software Version 1.24
* Temperature SN = 2997
* Conductivity SN = 2997
* System UpLoad Time = Oct 20 2010 11:32:35
** CAST_CA042_101910
* SEACAT PROFILER V3.1c SN 2997   10/20/10  11:29:23.060
# nquan = 9                                 
# nvalues = 795                         
# units = specified
# name 0 = timeJ: Julian Days
# name 1 = prSM: Pressure, Strain Gauge [db]
# name 2 = c0mS/cm: Conductivity [mS/cm]
# name 3 = t090C: Temperature [ITS-90, deg C]
# name 4 = sbeox0ML/L: Oxygen, SBE 43 [ml/l]
# name 5 = depSM: Depth [salt water, m], lat = 47.5
# name 6 = sal00: Salinity, Practical [PSU]
# name 7 = sigma-é00: Density [sigma-theta, kg/m^3]
# name 8 = flag: flag
# span 0 = 292.448113, 292.452708       
# span 1 =     -4.661,     44.866       
# span 2 =  -0.001208,  37.584772       
# span 3 =     7.3676,    14.9081       
# span 4 =    -1.9571,    13.4994       
# span 5 =     -4.622,     44.487       
# span 6 =     0.0000,    33.4801       
# span 7 =    -0.8834,    26.1662       
# span 8 = 0.0000e+00, 0.0000e+00       
# interval = seconds: 0.5
# start_time = Oct 19 2010 10:45:17 [Instrument's time stamp, header]
# bad_flag = -9.990e-29
*END*
[from data line 641]
 292.451823     32.765  34.992361     8.9579     4.2615     32.489    32.7736    25.3821 0.0000e+00
 292.451829     32.427  34.999247     9.0073     4.3146     32.154    32.7354    25.3445 0.0000e+00
 292.451834     32.082  35.016370     9.1133     4.3268     31.812    32.6559    25.2658 0.0000e+00
 292.451840     31.734  35.058764     9.2540     4.3237     31.467    32.5712    25.1774 0.0000e+00
 292.451846     31.390  35.121945     9.3650     4.3115     31.126    32.5354    25.1318 0.0000e+00
 292.451852     31.064  35.180991     9.4173     4.3094     30.802    32.5487    25.1338 0.0000e+00
 292.451858     30.764  35.225077     9.4292     4.3163     30.505    32.5833    25.1590 0.0000e+00
 292.451863     30.488  35.248630     9.4193     4.3315     30.231    32.6167    25.1866 0.0000e+00
 292.451869     30.227  35.245013     9.4050     4.3620     29.973    32.6261    25.1963 0.0000e+00
 292.451875     29.974  35.227932     9.3979     4.3857     29.722    32.6151    25.1888 0.0000e+00
 292.451881     29.717  35.216666     9.3996     4.4040     29.467    32.6021    25.1784 0.0000e+00
 292.451887     29.447  35.214722     9.4169     4.4210     29.199    32.5844    25.1618 0.0000e+00
 292.451892     29.170  35.221788     9.4541     4.4370     28.925    32.5580    25.1352 0.0000e+00
 292.451898     28.889  35.240050     9.4975     4.4507     28.646    32.5374    25.1121 0.0000e+00
 292.451904     28.611  35.263095     9.5288     4.4565     28.370    32.5328    25.1035 0.0000e+00
 292.451910     28.353  35.282491     9.5468     4.4564     28.114    32.5365    25.1034 0.0000e+00
 292.451916     28.125  35.301185     9.5589     4.4517     27.888    32.5447    25.1079 0.0000e+00
 292.451921     27.925  35.319505     9.5650     4.4507     27.690    32.5580    25.1174 0.0000e+00
 292.451927     27.741  35.328314     9.5622     4.4450     27.508    32.5697    25.1269 0.0000e+00
 292.451933     27.551  35.327080     9.5549     4.4448     27.319    32.5751    25.1323 0.0000e+00
 292.451939     27.340  35.322043     9.5510     4.4663     27.110    32.5736    25.1318 0.0000e+00
 292.451944     27.099  35.316614     9.5535     4.5034     26.871    32.5659    25.1253 0.0000e+00
 292.451950     26.833  35.314799     9.5613     4.5572     26.607    32.5571    25.1172 0.0000e+00
 292.451956     26.556  35.318143     9.5740     4.6054     26.333    32.5491    25.1089 0.0000e+00
 292.451962     26.271  35.325548     9.5913     4.6504     26.050    32.5411    25.0999 0.0000e+00
 292.451968     25.982  35.337971     9.6136     4.6968     25.764    32.5337    25.0905 0.0000e+00
 292.451973     25.691  35.355219     9.6519     4.7378     25.475    32.5168    25.0711 0.0000e+00
 292.451979     25.399  35.376811     9.7207     4.7730     25.185    32.4768    25.0286 0.0000e+00
 292.451985     25.110  35.411416     9.8103     4.8174     24.899    32.4314    24.9785 0.0000e+00
 292.451991     24.838  35.464332     9.8903     4.8444     24.629    32.4134    24.9513 0.0000e+00
 292.451997     24.582  35.521584     9.9355     4.8448     24.375    32.4310    24.9576 0.0000e+00
 292.452002     24.334  35.560418     9.9520     4.8305     24.129    32.4557    24.9741 0.0000e+00
 292.452008     24.083  35.572170     9.9752     4.8238     23.881    32.4468    24.9634 0.0000e+00
 292.452014     23.821  35.575924    10.0248     4.8113     23.621    32.4062    24.9235 0.0000e+00
 292.452020     23.558  35.595773    10.0920     4.7917     23.360    32.3663    24.8812 0.0000e+00
 292.452025     23.307  35.634141    10.1612     4.7773     23.111    32.3433    24.8517 0.0000e+00
 292.452031     23.073  35.685101    10.2131     4.7761     22.879    32.3484    24.8470 0.0000e+00
 292.452037     22.854  35.720864    10.2209     4.8042     22.662    32.3776    24.8684 0.0000e+00
 292.452043     22.640  35.701780    10.1954     4.8506     22.450    32.3812    24.8755 0.0000e+00
 292.452049     22.419  35.669123    10.1928     4.9179     22.231    32.3507    24.8522 0.0000e+00
 292.452054     22.184  35.680791    10.2301     5.0157     21.998    32.3293    24.8292 0.0000e+00
 292.452060     21.937  35.713721    10.2857     5.1163     21.753    32.3130    24.8072 0.0000e+00
 292.452066     21.676  35.755283    10.3656     5.2099     21.494    32.2838    24.7709 0.0000e+00
 292.452072     21.393  35.821172    10.4900     5.2953     21.213    32.2396    24.7154 0.0000e+00
 292.452078     21.087  35.907420    10.6574     5.3555     20.910    32.1780    24.6387 0.0000e+00
 292.452083     20.769  36.011995    10.8472     5.3938     20.595    32.1152    24.5570 0.0000e+00
 292.452089     20.451  36.127620    11.0260     5.4181     20.279    32.0733    24.4931 0.0000e+00
 292.452095     20.150  36.231508    11.1630     5.4350     19.981    32.0563    24.4558 0.0000e+00
 292.452101     19.870  36.321636    11.2531     5.4575     19.703    32.0665    24.4478 0.0000e+00
 292.452106     19.612  36.420211    11.3189     5.4541     19.447    32.1061    24.4668 0.0000e+00
 292.452112     19.372  36.518673    11.3822     5.4507     19.209    32.1475    24.4877 0.0000e+00
 292.452118     19.138  36.587566    11.4368     5.4495     18.977    32.1675    24.4934 0.0000e+00
 292.452124     18.896  36.616272    11.4719     5.4758     18.737    32.1651    24.4852 0.0000e+00
 292.452130     18.636  36.615107    11.4962     5.5182     18.480    32.1430    24.4636 0.0000e+00
 292.452135     18.356  36.616190    11.5246     5.5376     18.202    32.1195    24.4402 0.0000e+00
 292.452141     18.071  36.634462    11.5621     5.5390     17.919    32.1049    24.4221 0.0000e+00
 292.452147     17.791  36.666323    11.5962     5.5147     17.642    32.1065    24.4172 0.0000e+00
 292.452153     17.521  36.690993    11.6178     5.5208     17.374    32.1120    24.4175 0.0000e+00
 292.452159     17.263  36.698278    11.6407     5.5351     17.118    32.0993    24.4035 0.0000e+00
 292.452164     17.029  36.718115    11.6841     5.5341     16.886    32.0812    24.3815 0.0000e+00
 292.452170     16.819  36.761877    11.7444     5.4887     16.678    32.0717    24.3631 0.0000e+00
 292.452176     16.625  36.811762    11.7908     5.4024     16.486    32.0801    24.3611 0.0000e+00
 292.452182     16.430  36.839646    11.8151     5.3023     16.292    32.0862    24.3614 0.0000e+00
 292.452187     16.214  36.842988    11.8468     5.2233     16.078    32.0622    24.3370 0.0000e+00
 292.452193     15.966  36.846469    11.9086     5.1927     15.832    32.0125    24.2870 0.0000e+00
 292.452199     15.698  36.868221    11.9899     5.1993     15.566    31.9638    24.2342 0.0000e+00
 292.452205     15.425  36.910403    12.0596     5.2212     15.296    31.9449    24.2066 0.0000e+00
 292.452211     15.161  36.957042    12.1075     5.2482     15.034    31.9489    24.2008 0.0000e+00
 292.452216     14.915  36.995306    12.1475     5.2720     14.790    31.9516    24.1954 0.0000e+00
 292.452222     14.692  37.028090    12.1904     5.2950     14.569    31.9465    24.1834 0.0000e+00
 292.452228     14.491  37.066662    12.2445     5.3264     14.370    31.9374    24.1662 0.0000e+00
 292.452234     14.307  37.121040    12.3187     5.3553     14.187    31.9263    24.1437 0.0000e+00
 292.452240     14.134  37.179173    12.3931     5.3869     14.016    31.9186    24.1237 0.0000e+00
 292.452245     13.960  37.204883    12.4390     5.4000     13.843    31.9042    24.1038 0.0000e+00
 292.452251     13.779  37.198892    12.4648     5.4054     13.664    31.8767    24.0776 0.0000e+00
 292.452257     13.592  37.198659    12.4921     5.4157     13.478    31.8534    24.0544 0.0000e+00
 292.452263     13.405  37.222977    12.5251     5.4368     13.293    31.8486    24.0444 0.0000e+00
 292.452269     13.217  37.258374    12.5533     5.4582     13.106    31.8585    24.0467 0.0000e+00
 292.452274     13.017  37.272530    12.5663     5.4710     12.908    31.8611    24.0462 0.0000e+00
 292.452280     12.789  37.264763    12.5685     5.4708     12.682    31.8519    24.0387 0.0000e+00
 292.452286     12.531  37.257828    12.5696     5.4602     12.426    31.8445    24.0327 0.0000e+00
 292.452292     12.255  37.257093    12.5752     5.4558     12.152    31.8391    24.0275 0.0000e+00
 292.452297     11.979  37.259943    12.5859     5.4526     11.879    31.8329    24.0207 0.0000e+00
 292.452303     11.716  37.265745    12.5983     5.4569     11.618    31.8281    24.0145 0.0000e+00
 292.452309     11.465  37.276300    12.6070     5.4600     11.369    31.8308    24.0150 0.0000e+00
 292.452315     11.220  37.288903    12.6075     5.4555     11.126    31.8425    24.0239 0.0000e+00
 292.452321     10.977  37.294228    12.5999     5.4494     10.885    31.8541    24.0343 0.0000e+00
 292.452326     10.739  37.289302    12.5907     5.4558     10.649    31.8573    24.0386 0.0000e+00
 292.452332     10.511  37.283437    12.5868     5.4542     10.423    31.8551    24.0376 0.0000e+00
 292.452338     10.300  37.281139    12.5845     5.4636     10.214    31.8549    24.0379 0.0000e+00
 292.452344     10.103  37.279902    12.5803     5.4667     10.018    31.8574    24.0406 0.0000e+00
 292.452350      9.909  37.280879    12.5829     5.4752      9.826    31.8562    24.0392 0.0000e+00
 292.452355      9.721  37.285372    12.5956     5.4952      9.640    31.8498    24.0318 0.0000e+00
 292.452361      9.538  37.295452    12.6119     5.5162      9.458    31.8456    24.0255 0.0000e+00
 292.452367      9.354  37.311670    12.6281     5.5521      9.276    31.8474    24.0238 0.0000e+00
 292.452373      9.157  37.325958    12.6409     5.5748      9.080    31.8502    24.0235 0.0000e+00
 292.452378      8.938  37.329912    12.6506     5.6015      8.863    31.8459    24.0183 0.0000e+00
 292.452384      8.696  37.327688    12.6645     5.6483      8.623    31.8321    24.0049 0.0000e+00
 292.452390      8.443  37.327531    12.6859     5.7028      8.372    31.8140    23.9868 0.0000e+00
 292.452396      8.195  37.332596    12.7077     5.8108      8.126    31.8005    23.9722 0.0000e+00
 292.452402      7.958  37.340116    12.7212     5.9333      7.891    31.7964    23.9664 0.0000e+00
 292.452407      7.727  37.342751    12.7304     6.0305      7.662    31.7912    23.9606 0.0000e+00
 292.452413      7.495  37.338977    12.7445     6.1039      7.432    31.7758    23.9460 0.0000e+00
 292.452419      7.256  37.333290    12.7640     6.1600      7.195    31.7541    23.9254 0.0000e+00
 292.452425      7.011  37.328196    12.7866     6.2167      6.952    31.7304    23.9027 0.0000e+00
 292.452431      6.771  37.321949    12.8069     6.2955      6.714    31.7076    23.8811 0.0000e+00
 292.452436      6.538  37.314629    12.8187     6.4081      6.483    31.6908    23.8659 0.0000e+00
 292.452442      6.305  37.309368    12.8254     6.5057      6.252    31.6803    23.8564 0.0000e+00
 292.452448      6.067  37.304202    12.8317     6.5965      6.016    31.6703    23.8474 0.0000e+00
 292.452454      5.820  37.295605    12.8378     6.6391      5.771    31.6571    23.8361 0.0000e+00
 292.452459      5.575  37.283882    12.8447     6.6525      5.528    31.6404    23.8218 0.0000e+00
 292.452465      5.347  37.270214    12.8514     6.6514      5.302    31.6220    23.8062 0.0000e+00
 292.452471      5.138  37.255993    12.8547     6.6610      5.095    31.6059    23.7931 0.0000e+00
 292.452477      4.938  37.244673    12.8541     6.6708      4.897    31.5958    23.7854 0.0000e+00
 292.452483      4.740  37.237410    12.8526     6.6786      4.700    31.5903    23.7814 0.0000e+00
 292.452488      4.544  37.231805    12.8532     6.6915      4.506    31.5846    23.7769 0.0000e+00
 292.452494      4.359  37.228228    12.8561     6.6882      4.323    31.5788    23.7719 0.0000e+00
 292.452500      4.194  37.228075    12.8593     6.6832      4.159    31.5761    23.7691 0.0000e+00
 292.452506      4.052  37.230025    12.8613     6.6848      4.018    31.5763    23.7689 -9.990e-29
 292.452512      3.928  37.231076    12.8620     6.6780      3.895    31.5768    23.7691 -9.990e-29
 292.452517      3.810  37.229267    12.8618     6.6705      3.778    31.5753    23.7680 -9.990e-29
 292.452523      3.690  37.226670    12.8614     6.6696      3.659    31.5732    23.7665 -9.990e-29
 292.452529      3.570  37.225425    12.8618     6.6484      3.540    31.5717    23.7653 -9.990e-29
 292.452535      3.445  37.224434    12.8632     6.6596      3.416    31.5697    23.7634 0.0000e+00
 292.452541      3.313  37.222936    12.8635     6.6615      3.285    31.5681    23.7621 0.0000e+00
 292.452546      3.177  37.221733    12.8614     6.6952      3.150    31.5687    23.7630 0.0000e+00
 292.452552      3.043  37.221466    12.8604     6.7317      3.018    31.5694    23.7637 0.0000e+00
 292.452558      2.909  37.222339    12.8646     6.7496      2.885    31.5667    23.7609 0.0000e+00
 292.452564      2.777  37.224957    12.8753     6.7876      2.754    31.5603    23.7538 0.0000e+00
 292.452569      2.641  37.230009    12.8925     6.8257      2.619    31.5508    23.7431 0.0000e+00
 292.452575      2.498  37.236386    12.9173     6.8316      2.477    31.5362    23.7270 0.0000e+00
 292.452581      2.351  37.241948    12.9506     6.7849      2.331    31.5138    23.7032 0.0000e+00
 292.452587      2.204  37.248510    12.9866     6.7338      2.186    31.4900    23.6779 0.0000e+00
 292.452593      2.061  37.259785    13.0158     6.6767      2.044    31.4764    23.6617 0.0000e+00
 292.452598      1.929  37.276246    13.0345     7.2662      1.913    31.4764    23.6580 -9.990e-29
 292.452604      1.808  37.290711    13.0456     7.6434      1.793    31.4808    23.6593 -9.990e-29
 292.452610      1.691  37.296699    13.0551     7.3065      1.677    31.4786    23.6557 -9.990e-29
 292.452616      1.579  37.297156    13.0629     6.9341      1.566    31.4726    23.6496 -9.990e-29
 292.452622      1.483  37.289328    13.0655     6.7025      1.471    31.4631    23.6417 -9.990e-29
 292.452627      1.404  37.261661    13.0626     6.6050      1.392    31.4396    23.6241 -9.990e-29
 292.452633      1.337  37.190155    13.0555     6.5719      1.326    31.3784    23.5781 -9.990e-29
 292.452639      1.282  36.997960    13.0458     6.5959      1.271    31.2062    23.4468 -9.990e-29
 292.452645      1.241  36.446185    13.0350     6.6073      1.231    30.6981    23.0559 -9.990e-29
 292.452650      1.211  34.813696    13.0232     6.6367      1.201    29.1847    21.8882 -9.990e-29
 292.452656      1.189  29.935048    13.0091 -9.990e-29      1.179    24.7065    18.4328 -9.990e-29
 292.452662      1.170  20.896396    12.9926 -9.990e-29      1.160    16.6630    12.2363 -9.990e-29
 292.452668      1.153  12.009645    12.9752 -9.990e-29      1.143     9.1354     6.4429 -9.990e-29
 292.452674      1.146   7.443618    12.9590 -9.990e-29      1.136     5.4606     3.6126 -9.990e-29
 292.452679      1.147   6.059487    12.9458 -9.990e-29      1.137     4.3821     2.7820 -9.990e-29
 292.452685      1.149   5.428330    12.9368 -9.990e-29      1.139     3.8970     2.4085 -9.990e-29
 292.452691      1.147   4.834719    12.9312 -9.990e-29      1.137     3.4446     2.0596 -9.990e-29
 292.452697      1.141   4.328873    12.9271 -9.990e-29      1.131     3.0623     1.7645 -9.990e-29
 292.452703      1.135   3.925110    12.9252 -9.990e-29      1.126     2.7595     1.5306 -9.990e-29
 292.452708      1.133   3.635374 -9.990e-29 -9.990e-29      1.124 -9.990e-29 -9.990e-29 -9.990e-29
