data/oxygen options/OCNMS/OCNMS1/raw_data/2010/CAST_TH015_060610faed.cnv
* Sea-Bird SBE19 Data File:
* FileName = C:\Documents and Settings\OCNMS\Desktop\2010 mooring data\CAST_TH015_060610.hex
* Software Version 1.24
* Temperature SN = 2997
* Conductivity SN = 2997
* System UpLoad Time = Jun 06 2010 11:52:48
** CAST_TH015_060610
* SEACAT PROFILER V3.1c SN 2997   06/06/10  11:52:28.190
# nquan = 9                                 
# nvalues = 643                         
# units = specified
# name 0 = timeJ: Julian Days
# name 1 = prSM: Pressure, Strain Gauge [db]
# name 2 = c0mS/cm: Conductivity [mS/cm]
# name 3 = t090C: Temperature [ITS-90, deg C]
# name 4 = sbeox0ML/L: Oxygen, SBE 43 [ml/l]
# name 5 = depSM: Depth [salt water, m], lat = 47.5
# name 6 = sal00: Salinity, Practical [PSU]
# name 7 = sigma-é00: Density [sigma-theta, kg/m^3]
# name 8 = flag: flag
# span 0 = 157.364155, 157.367870       
# span 1 =     -5.119,     14.806       
# span 2 =   0.151217,  35.071792       
# span 3 =    10.8098,    12.9448       
# span 4 =   -11.5887,    12.4327       
# span 5 =     -5.076,     14.682       
# span 6 =     0.0951,    31.2146       
# span 7 =    -0.4975,    23.8617       
# span 8 = 0.0000e+00, 0.0000e+00       
# interval = seconds: 0.5
# start_time = Jun 06 2010 08:44:23 [Instrument's time stamp, header]
# bad_flag = -9.990e-29
*END*
[from data line 481]
 157.366939     10.797  34.834356    11.0533     5.3698     10.707    30.7817    23.4837 0.0000e+00
 157.366944     10.605  34.790938    11.0843     5.3877     10.516    30.7133    23.4252 0.0000e+00
 157.366950     10.411  34.727099    11.1209     5.4276     10.324    30.6203    23.3466 0.0000e+00
 157.366956     10.215  34.645110    11.1595     5.4374     10.129    30.5082    23.2528 0.0000e+00
 157.366962     10.013  34.554459    11.2022     5.4749      9.929    30.3845    23.1492 0.0000e+00
 157.366968      9.806  34.465443    11.2560     5.5227      9.724    30.2536    23.0382 0.0000e+00
 157.366973      9.598  34.389331    11.3208     5.5680      9.518    30.1267    22.9283 0.0000e+00
 157.366979      9.387  34.351706    11.3778     5.6336      9.308    30.0438    22.8540 0.0000e+00
 157.366985      9.169  34.352764    11.4179     5.6847      9.092    30.0124    22.8225 0.0000e+00
 157.366991      8.944  34.336775    11.4621     5.7342      8.869    29.9611    22.7750 0.0000e+00
 157.366997      8.714  34.268970    11.5231     5.7885      8.641    29.8464    22.6753 0.0000e+00
 157.367002      8.481  34.168722    11.5906     5.8443      8.410    29.6956    22.5463 0.0000e+00
 157.367008      8.247  34.042396    11.6556     5.9024      8.178    29.5223    22.4004 0.0000e+00
 157.367014      8.012  33.910317    11.7087     5.9556      7.945    29.3535    22.2600 0.0000e+00
 157.367020      7.767  33.824907    11.7552     5.9873      7.702    29.2351    22.1600 0.0000e+00
 157.367025      7.512  33.765822    11.8145     6.0106      7.449    29.1321    22.0696 0.0000e+00
 157.367031      7.250  33.686201    11.8843     6.0112      7.189    29.0017    21.9562 0.0000e+00
 157.367037      6.987  33.588533    11.9563     6.0050      6.929    28.8529    21.8280 0.0000e+00
 157.367043      6.723  33.486532    12.0240     6.0276      6.667    28.7039    21.7005 0.0000e+00
 157.367049      6.463  33.403258    12.0715     6.0408      6.409    28.5886    21.6026 0.0000e+00
 157.367054      6.211  33.355932    12.0953     6.0736      6.159    28.5257    21.5496 0.0000e+00
 157.367060      5.965  33.332416    12.1048     6.0812      5.915    28.4963    21.5251 0.0000e+00
 157.367066      5.717  33.313669    12.1095     6.1024      5.669    28.4751    21.5079 0.0000e+00
 157.367072      5.464  33.296523    12.1184     6.1236      5.418    28.4522    21.4885 0.0000e+00
 157.367078      5.208  33.276583    12.1435     6.1426      5.164    28.4143    21.4547 0.0000e+00
 157.367083      4.948  33.237330    12.1970     6.1602      4.907    28.3368    21.3851 0.0000e+00
 157.367089      4.687  33.180175    12.2663     6.1709      4.648    28.2307    21.2905 0.0000e+00
 157.367095      4.424  33.125791    12.3231     6.1738      4.387    28.1370    21.2077 0.0000e+00
 157.367101      4.160  33.073904    12.3625     6.1630      4.125    28.0589    21.1401 0.0000e+00
 157.367106      3.896  33.020856    12.3981     6.1622      3.863    27.9826    21.0746 0.0000e+00
 157.367112      3.630  32.976554    12.4366     6.1583      3.600    27.9126    21.0135 0.0000e+00
 157.367118      3.369  32.939603    12.4703     6.1620      3.341    27.8531    20.9613 0.0000e+00
 157.367124      3.126  32.902727    12.4912     6.1772      3.100    27.8032    20.9190 0.0000e+00
 157.367130      2.909  32.865471    12.5009     6.1794      2.885    27.7613    20.8848 0.0000e+00
 157.367135      2.716  32.838636    12.5048     6.1850      2.693    27.7334    20.8625 0.0000e+00
 157.367141      2.537  32.830671    12.5073     6.1840      2.516    27.7242    20.8549 0.0000e+00
 157.367147      2.369  32.837660    12.5099     6.1684      2.349    27.7289    20.8580 0.0000e+00
 157.367153      2.211  32.846506    12.5162     6.1611      2.193    27.7326    20.8597 0.0000e+00
 157.367159      2.056  32.843227    12.5316     6.1701      2.039    27.7182    20.8459 0.0000e+00
 157.367164      1.900  32.830718    12.5537     6.1745      1.884    27.6904    20.8203 0.0000e+00
 157.367170      1.750  32.818605    12.5722     6.1958      1.735    27.6655    20.7977 0.0000e+00
 157.367176      1.617  32.811445    12.5838     6.2237      1.603    27.6504    20.7839 -9.990e-29
 157.367182      1.505  32.813682    12.5880     6.2355      1.492    27.6494    20.7824 -9.990e-29
 157.367188      1.417  32.824367    12.5840     6.2324      1.405    27.6624    20.7931 -9.990e-29
 157.367193      1.350  32.833652    12.5813     6.2348      1.339    27.6730    20.8018 -9.990e-29
 157.367199      1.296  32.831500    12.5873     6.2288      1.285    27.6666    20.7958 -9.990e-29
 157.367205      1.248  32.817823    12.6068     6.2404      1.238    27.6396    20.7713 -9.990e-29
 157.367211      1.207  32.793409    12.6501     6.2474      1.197    27.5852    20.7214 -9.990e-29
 157.367216      1.179  32.754254    12.7152     6.2418      1.169    27.5013    20.6446 -9.990e-29
 157.367222      1.162  32.710857    12.7735     6.2337      1.152    27.4187    20.5701 -9.990e-29
 157.367228      1.146  32.684866    12.8015     6.2247      1.136    27.3744    20.5306 -9.990e-29
 157.367234      1.127  32.679703    12.8071     6.2232      1.118    27.3655    20.5228 -9.990e-29
 157.367240      1.106  32.682881    12.8059     6.2240      1.097    27.3694    20.5259 -9.990e-29
 157.367245      1.092  32.688544    12.8060     6.2119      1.083    27.3745    20.5299 -9.990e-29
 157.367251      1.087  32.690226    12.8122     6.2110      1.078    27.3716    20.5265 -9.990e-29
 157.367257      1.087  32.682872    12.8183     6.2118      1.078    27.3604    20.5167 -9.990e-29
 157.367263      1.084  32.677941    12.8177     6.2203      1.075    27.3563    20.5136 -9.990e-29
 157.367269      1.073  32.681165    12.8161     6.2266      1.064    27.3604    20.5171 -9.990e-29
 157.367274      1.058  32.687305    12.8160     6.2326      1.049    27.3662    20.5216 -9.990e-29
 157.367280      1.046  32.695574    12.8136     6.2395      1.037    27.3756    20.5293 -9.990e-29
 157.367286      1.041  32.704100    12.8074     6.2381      1.032    27.3880    20.5400 -9.990e-29
 157.367292      1.043  32.708556    12.7988     6.2359      1.034    27.3983    20.5496 -9.990e-29
 157.367297      1.051  32.709826    12.7895     6.2180      1.042    27.4062    20.5574 -9.990e-29
 157.367303      1.062  32.711827    12.7822     6.2125      1.053    27.4134    20.5643 -9.990e-29
 157.367309      1.068  32.712172    12.7790     6.2112      1.059    27.4160    20.5669 -9.990e-29
 157.367315      1.065  32.706261    12.7788     6.2138      1.056    27.4107    20.5628 -9.990e-29
 157.367321      1.053  32.699075    12.7797     6.2266      1.044    27.4033    20.5570 -9.990e-29
 157.367326      1.035  32.697817    12.7813     6.3754      1.026    27.4010    20.5549 -9.990e-29
 157.367332      1.020  32.700233    12.7834     6.2411      1.011    27.4017    20.5551 -9.990e-29
 157.367338      1.005  32.701130    12.7866     6.2143      0.997    27.4003    20.5534 -9.990e-29
 157.367344      0.981  32.699450    12.7921     6.1594      0.973    27.3947    20.5481 -9.990e-29
 157.367350      0.947  32.696854    12.7986     6.0875      0.939    27.3876    20.5414 -9.990e-29
 157.367355      0.905  32.693227    12.8048     6.0443      0.897    27.3798    20.5342 -9.990e-29
 157.367361      0.853  32.684839    12.8097     6.0316      0.846    27.3685    20.5246 -9.990e-29
 157.367367      0.791  32.661048    12.8093     6.5235      0.784    27.3468    20.5079 -9.990e-29
 157.367373      0.719  32.592920    12.8026     7.0386      0.713    27.2885    20.4641 -9.990e-29
 157.367378      0.638  32.394084    12.7925     7.0581      0.633    27.1117    20.3293 -9.990e-29
 157.367384      0.555  31.799408    12.7807     7.1155      0.550    26.5704    19.9132 -9.990e-29
 157.367390      0.477  31.304099    12.7669     7.1325      0.473    26.1230    19.5702 -9.990e-29
 157.367396      0.408  31.628248    12.7513     7.1314      0.405    26.4330    19.8124 -9.990e-29
 157.367402      0.353  32.104635    12.7365     7.1639      0.350    26.8839    20.1635 -9.990e-29
 157.367407      0.312  32.168782    12.7237     7.1639      0.309    26.9524    20.2188 -9.990e-29
 157.367413      0.282  31.838442    12.7117     7.0953      0.280    26.6551    19.9912 -9.990e-29
 157.367419      0.262  30.566185    12.7006     7.1562      0.260    25.4887    19.0921 -9.990e-29
 157.367425      0.250  26.601329    12.6910     7.1463      0.248    21.8786    16.3069 -9.990e-29
 157.367431      0.242  19.101177    12.6827     7.0925      0.240    15.2316    11.1834 -9.990e-29
 157.367436      0.232  11.523686    12.6747     7.1043      0.230     8.8062     6.2328 -9.990e-29
 157.367442      0.224   7.277583    12.6668     7.1520      0.222     5.3712     3.5837 -9.990e-29
 157.367448      0.222   5.489200    12.6597     7.1899      0.220     3.9726     2.5039 -9.990e-29
 157.367454      0.226   4.582013    12.6529     7.2072      0.224     3.2769     1.9666 -9.990e-29
 157.367459      0.236   4.047109    12.6456     7.2145      0.234     2.8718     1.6540 -9.990e-29
 157.367465      0.253   3.677253    12.6395     7.1942      0.251     2.5941     1.4398 -9.990e-29
 157.367471      0.273   3.716751    12.6360    -8.3926      0.271     2.6240     1.4633 -9.990e-29
 157.367477      0.289   3.992628    12.6347   -11.5786      0.287     2.8315     1.6243 -9.990e-29
 157.367483      0.298   3.974094    12.6347   -11.5887      0.296     2.8176     1.6134 -9.990e-29
 157.367488      0.301   3.901540    12.6350    -8.4075      0.298     2.7629     1.5710 -9.990e-29
 157.367494      0.302   3.924886    12.6351    -2.0369      0.299     2.7805     1.5846 -9.990e-29
 157.367500      0.305   3.608699    12.6348    -2.0369      0.302     2.5431     1.4008 -9.990e-29
 157.367506      0.306   2.945662    12.6342    -2.0371      0.303     2.0506     1.0192 -9.990e-29
 157.367512      0.305   2.309881    12.6332    -2.0378      0.302     1.5859     0.6588 -9.990e-29
 157.367517      0.307   1.871610    12.6310    -2.0386      0.304     1.2705     0.4142 -9.990e-29
 157.367523      0.308   1.611853    12.6273    -2.0389      0.305     1.0859     0.2713 -9.990e-29
 157.367529      0.302   1.461620    12.6230    -2.0389      0.299     0.9800     0.1895 -9.990e-29
 157.367535      0.295   1.328754    12.6192    -2.0391      0.293     0.8869     0.1176 -9.990e-29
 157.367541      0.294   1.175299    12.6153    -2.0393      0.292     0.7801     0.0349 -9.990e-29
 157.367546      0.303   1.017906    12.6106    -2.0397      0.300     0.6713    -0.0491 -9.990e-29
 157.367552      0.318   0.903995    12.6058    -2.0399      0.315     0.5932    -0.1093 -9.990e-29
 157.367558      0.333   0.862983    12.6020    -2.0405      0.330     0.5652    -0.1307 -9.990e-29
 157.367564      0.344   0.856820    12.5988    -2.0415      0.341     0.5611    -0.1335 -9.990e-29
 157.367569      0.351   0.837926    12.5952    -2.0426      0.348     0.5483    -0.1431 -9.990e-29
 157.367575      0.355   0.797741    12.5919    -2.0434      0.352     0.5210    -0.1639 -9.990e-29
 157.367581      0.356   0.756971    12.5897    -2.0439      0.353     0.4933    -0.1852 -9.990e-29
 157.367587      0.354   0.731659    12.5881    -2.0354      0.351     0.4762    -0.1983 -9.990e-29
 157.367593      0.354   0.715772    12.5866    -2.0364      0.351     0.4655    -0.2065 -9.990e-29
 157.367598      0.359   0.699213    12.5853    -2.0375      0.356     0.4543    -0.2150 -9.990e-29
 157.367604      0.366   0.677641    12.5840    -2.0385      0.363     0.4398    -0.2262 -9.990e-29
 157.367610      0.371   0.647238    12.5819    -2.0394      0.368     0.4194    -0.2419 -9.990e-29
 157.367616      0.373   0.605714    12.5790    -2.0404      0.370     0.3915    -0.2632 -9.990e-29
 157.367622      0.375   0.548699    12.5760    -2.0385      0.372     0.3535    -0.2925 -9.990e-29
 157.367627      0.374   0.476110    12.5736    -2.0343      0.371     0.3053    -0.3298 -9.990e-29
 157.367633      0.372   0.411434    12.5721    -2.0377      0.369     0.2626    -0.3629 -9.990e-29
 157.367639      0.368   0.408100    12.5710    -2.0397      0.365     0.2605    -0.3644 -9.990e-29
 157.367645      0.362   0.569729    12.5693    -2.0406      0.359     0.3675    -0.2807 -9.990e-29
 157.367650      0.359   0.841290    12.5669    -2.0411      0.356     0.5510    -0.1375 -9.990e-29
 157.367656      0.361   0.983936    12.5643    -2.0408      0.358     0.6487    -0.0610 -9.990e-29
 157.367662      0.364   0.967397    12.5612    -2.0343      0.361     0.6374    -0.0695 -9.990e-29
 157.367668      0.366   0.907871    12.5575    -2.0326      0.363     0.5966    -0.1008 -9.990e-29
 157.367674      0.365   0.858917    12.5543    -2.0368      0.362     0.5632    -0.1264 -9.990e-29
 157.367679      0.362   0.878734    12.5522    -2.0386      0.359     0.5767    -0.1156 -9.990e-29
 157.367685      0.361   1.000392    12.5501    -2.0396      0.358     0.6603    -0.0503 -9.990e-29
 157.367691      0.366   1.098890    12.5475    -2.0406      0.363     0.7284     0.0031 -9.990e-29
 157.367697      0.373   1.041629    12.5455    -2.0411      0.370     0.6888    -0.0275 -9.990e-29
 157.367703      0.379   0.914734    12.5450    -2.0311      0.376     0.6015    -0.0954 -9.990e-29
 157.367708      0.383   0.834563    12.5457    -2.0368      0.380     0.5467    -0.1382 -9.990e-29
 157.367714      0.386   0.835597    12.5467    -2.0388      0.383     0.5474    -0.1378 -9.990e-29
 157.367720      0.388   0.979638    12.5478    -2.0396      0.385     0.6460    -0.0611 -9.990e-29
 157.367726      0.390   1.219204    12.5489    -2.0400      0.387     0.8120     0.0680 -9.990e-29
 157.367731      0.390   1.317548    12.5502    -2.0401      0.387     0.8807     0.1212 -9.990e-29
 157.367737      0.390   1.197858    12.5518    -2.0401      0.387     0.7970     0.0560 -9.990e-29
 157.367743      0.390   1.022750    12.5537    -2.0402      0.387     0.6756    -0.0388 -9.990e-29
 157.367749      0.389   0.898117    12.5559    -2.0406      0.386     0.5900    -0.1058 -9.990e-29
 157.367755      0.387   0.854604    12.5587    -2.0407      0.384     0.5602    -0.1293 -9.990e-29
 157.367760      0.384   0.980547    12.5622    -2.0408      0.381     0.6464    -0.0625 -9.990e-29
 157.367766      0.380   1.153824    12.5658    -2.0407      0.377     0.7661     0.0302 -9.990e-29
 157.367772      0.375   1.104758    12.5702    -2.0407      0.372     0.7320     0.0031 -9.990e-29
 157.367778      0.369   0.923252    12.5757    -2.0409      0.366     0.6069    -0.0950 -9.990e-29
 157.367784      0.365   0.785968    12.5806    -2.0409      0.362     0.5131    -0.1686 -9.990e-29
 157.367789      0.367   0.695028    12.5840    -2.0410      0.364     0.4515    -0.2171 -9.990e-29
 157.367795      0.371   0.640047    12.5862    -2.0409      0.368     0.4145    -0.2462 -9.990e-29
 157.367801      0.374   0.605369    12.5877    -2.0411      0.371     0.3912    -0.2645 -9.990e-29
 157.367807      0.374   0.575244    12.5889    -2.0411      0.371     0.3710    -0.2804 -9.990e-29
 157.367813      0.374   0.544977    12.5901    -2.0409      0.371     0.3509    -0.2963 -9.990e-29
 157.367818      0.371   0.519664    12.5912 -9.990e-29      0.368     0.3340    -0.3095 -9.990e-29
 157.367824      0.367   0.504355    12.5927 -9.990e-29      0.364     0.3238    -0.3177 -9.990e-29
 157.367830      0.364   0.495266    12.5949 -9.990e-29      0.361     0.3178    -0.3226 -9.990e-29
 157.367836      0.368   0.483048    12.5977 -9.990e-29      0.365     0.3097    -0.3293 -9.990e-29
 157.367841      0.375   0.464712    12.6005 -9.990e-29      0.372     0.2975    -0.3391 -9.990e-29
 157.367847      0.380   0.444077    12.6030 -9.990e-29      0.377     0.2839    -0.3501 -9.990e-29
 157.367853      0.383   0.424113    12.6053 -9.990e-29      0.380     0.2707    -0.3606 -9.990e-29
