data/oxygen options/OCNMS/OCNMS1/raw_data/2010/CAST_CE065_101310faedb.cnv
* Sea-Bird SBE19 Data File:
* FileName = C:\Documents and Settings\OCNMS\Desktop\2010 mooring data\fourth service\CAST_CE065_101310.hex
* Software Version 1.24
* Temperature SN = 2997
* Conductivity SN = 2997
* System UpLoad Time = Oct 13 2010 10:39:02
** CAST_CE065_101310
* SEACAT PROFILER V3.1c SN 2997   10/13/10  10:37:11.329
# nquan = 9
# nvalues = 66                          
# units = specified
# name 0 = timeJ: Julian Days
# name 1 = prSM: Pressure, Strain Gauge [db]
# name 2 = c0mS/cm: Conductivity [mS/cm]
# name 3 = t090C: Temperature [ITS-90, deg C]
# name 4 = sbeox0ML/L: Oxygen, SBE 43 [ml/l]
# name 5 = depSM: Depth [salt water, m], lat = 47.5
# name 6 = sal00: Salinity, Practical [PSU]
# name 7 = sigma-é00: Density [sigma-theta, kg/m^3]
# name 8 = flag: flag
# span 0 = 286.435736, 286.437583       
# span 1 =      1.000,     66.000       
# span 2 =  34.459929,  38.117713       
# span 3 =     7.4362,    13.8170       
# span 4 =     2.4139,     6.2824       
# span 5 =      0.992,     65.439       
# span 6 =    29.8578,    33.6340       
# span 7 =    22.2537,    26.2825       
# span 8 = 0.0000e+00, 0.0000e+00       
# interval = decibars: 1                
# start_time = Oct 13 2010 10:25:49 [Instrument's time stamp, header]
# bad_flag = -9.990e-29
*END*
 286.435736      1.000  36.208592    13.8170     6.2824      0.992    29.8578    22.2537 0.0000e+00
 286.435767      2.000  36.774578    13.8020     6.2021      1.983    30.3883    22.6659 0.0000e+00
 286.435794      3.000  36.849527    13.7902     6.0930      2.975    30.4661    22.7285 0.0000e+00
 286.435821      4.000  37.100385    13.7483     5.9529      3.967    30.7299    22.9405 0.0000e+00
 286.435848      5.000  37.342354    13.6845     5.7482      4.958    31.0041    23.1650 0.0000e+00
 286.435883      6.000  37.518021    13.6180     5.7171      5.950    31.2200    23.3450 0.0000e+00
 286.435924      7.000  37.561546    13.5973     5.6094      6.942    31.2769    23.3930 0.0000e+00
 286.435950      8.000  37.672140    13.5500     5.6274      7.933    31.4178    23.5113 0.0000e+00
 286.435971      9.000  37.740277    13.5272     5.6562      8.925    31.4994    23.5790 0.0000e+00
 286.435994     10.000  37.745184    13.5131     5.6708      9.916    31.5152    23.5941 0.0000e+00
 286.436015     11.000  37.753485    13.5040     5.6808     10.908    31.5301    23.6074 0.0000e+00
 286.436036     12.000  37.758701    13.5028     5.6645     11.900    31.5355    23.6118 0.0000e+00
 286.436064     13.000  37.759281    13.5078     5.6599     12.891    31.5315    23.6078 0.0000e+00
 286.436087     14.000  37.802387    13.5128     5.6469     13.883    31.5671    23.6343 0.0000e+00
 286.436107     15.000  37.901290    13.5250     5.6525     14.874    31.6485    23.6948 0.0000e+00
 286.436127     16.000  37.960858    13.5138     5.6040     15.866    31.7128    23.7467 0.0000e+00
 286.436150     17.000  37.970207    13.4917     5.5957     16.857    31.7394    23.7718 0.0000e+00
 286.436173     18.000  37.977666    13.4667     5.5831     17.849    31.7667    23.7979 0.0000e+00
 286.436197     19.000  37.986486    13.4523     5.5963     18.840    31.7866    23.8161 0.0000e+00
 286.436224     20.000  37.989974    13.4481     5.5665     19.832    31.7929    23.8218 0.0000e+00
 286.436250     21.000  37.991355    13.4313     5.5804     20.824    31.8078    23.8368 0.0000e+00
 286.436270     22.000  37.994491    13.4038     5.6154     21.815    31.8333    23.8620 0.0000e+00
 286.436293     23.000  38.006212    13.4084     5.6284     22.807    31.8400    23.8663 0.0000e+00
 286.436317     24.000  38.029093    13.4166     5.6215     23.798    31.8541    23.8755 0.0000e+00
 286.436350     25.000  38.032575    13.4184     5.6593     24.790    31.8554    23.8762 0.0000e+00
 286.436381     26.000  38.064188    13.4210     5.6977     25.781    31.8824    23.8966 0.0000e+00
 286.436403     27.000  38.111093    13.4023     5.6990     26.773    31.9414    23.9459 0.0000e+00
 286.436430     28.000  38.110503    13.3928     5.6798     27.764    31.9484    23.9533 0.0000e+00
 286.436457     29.000  38.106800    13.3724     5.6845     28.756    31.9617    23.9676 0.0000e+00
 286.436494     30.000  38.108383    13.3818     5.6842     29.747    31.9548    23.9605 0.0000e+00
 286.436522     31.000  38.117713    13.3684     5.6670     30.739    31.9744    23.9783 0.0000e+00
 286.436544     32.000  38.100581    13.3424     5.6722     31.730    31.9798    23.9877 0.0000e+00
 286.436575     33.000  38.094864    13.3413     5.6654     32.722    31.9750    23.9842 0.0000e+00
 286.436610     34.000  38.101737    13.3425     5.6297     33.714    31.9800    23.9878 0.0000e+00
 286.436631     35.000  38.062855    13.2937     5.6826     34.705    31.9843    24.0009 0.0000e+00
 286.436672     36.000  38.074662    13.3000     5.5244     35.696    31.9896    24.0037 0.0000e+00
 286.436698     37.000  37.986864    13.1689     5.4781     36.688    32.0173    24.0511 0.0000e+00
 286.436723     38.000  37.926877    13.0684     5.3774     37.680    32.0453    24.0925 0.0000e+00
 286.436748     39.000  37.838932    12.9307     5.2876     38.671    32.0786    24.1451 0.0000e+00
 286.436772     40.000  37.724607    12.7825     5.3515     39.662    32.0959    24.1873 0.0000e+00
 286.436817     41.000  37.732590    12.7955     5.1156     40.654    32.0920    24.1817 0.0000e+00
 286.436847     42.000  37.531189    12.4066     4.1219     41.645    32.2322    24.3647 0.0000e+00
 286.436868     43.000  36.715644    11.0171     3.8181     42.637    32.6530    24.9451 0.0000e+00
 286.436891     44.000  35.856103     9.9463     3.9364     43.628    32.7523    25.2065 0.0000e+00
 286.436935     45.000  35.711662     9.7267     3.6939     44.619    32.8045    25.2839 0.0000e+00
 286.436972     46.000  35.568226     9.4878     3.4407     45.611    32.8756    25.3783 0.0000e+00
 286.436993     47.000  35.508859     9.3988     3.2945     46.602    32.8958    25.4084 0.0000e+00
 286.437015     48.000  35.458261     9.3450     3.1191     47.594    32.8927    25.4146 0.0000e+00
 286.437044     49.000  35.312326     8.9934     2.7796     48.585    33.0668    25.6060 0.0000e+00
 286.437072     50.000  34.871989     8.2919     2.7339     49.577    33.2614    25.8662 0.0000e+00
 286.437100     51.000  34.784770     8.1455     2.6750     50.568    33.3072    25.9238 0.0000e+00
 286.437125     52.000  34.702194     7.9688     2.6233     51.559    33.3870    26.0124 0.0000e+00
 286.437144     53.000  34.578206     7.7950     2.6028     52.551    33.4198    26.0635 0.0000e+00
 286.437171     54.000  34.576731     7.7875     2.5855     53.542    33.4250    26.0686 0.0000e+00
 286.437202     55.000  34.542308     7.7117     2.5551     54.534    33.4603    26.1073 0.0000e+00
 286.437228     56.000  34.502124     7.6284     2.5291     55.525    33.4967    26.1478 0.0000e+00
 286.437250     57.000  34.483960     7.5737     2.4933     56.517    33.5294    26.1813 0.0000e+00
 286.437274     58.000  34.478277     7.5207     2.4917     57.508    33.5739    26.2239 0.0000e+00
 286.437305     59.000  34.483003     7.5194     2.4489     58.499    33.5798    26.2287 0.0000e+00
 286.437328     60.000  34.465112     7.4527     2.4417     59.490    33.6246    26.2734 0.0000e+00
 286.437353     61.000  34.474070     7.4555     2.4441     60.482    33.6311    26.2781 0.0000e+00
 286.437375     62.000  34.462266     7.4400     2.4380     61.473    33.6329    26.2817 0.0000e+00
 286.437400     63.000  34.461461     7.4411     2.4313     62.465    33.6303    26.2795 0.0000e+00
 286.437431     64.000  34.467639     7.4438     2.4334     63.456    33.6340    26.2821 0.0000e+00
 286.437462     65.000  34.460513     7.4362     2.4175     64.447    33.6332    26.2825 0.0000e+00
 286.437583     66.000  34.459929     7.4368     2.4139     65.439    33.6315    26.2811 0.0000e+00
