data/oxygen options/OCNMS/OCNMS1/raw_data/2010/CAST_KL015_101310faed.cnv
* Sea-Bird SBE19 Data File:
* FileName = C:\Documents and Settings\OCNMS\Desktop\2010 mooring data\fourth service\CAST_KL015_101310.hex
* Software Version 1.24
* Temperature SN = 2997
* Conductivity SN = 2997
* System UpLoad Time = Oct 13 2010 18:11:04
** CAST_KL015_101310
* SEACAT PROFILER V3.1c SN 2997   10/13/10  18:09:33.566
# nquan = 9                                 
# nvalues = 566                         
# units = specified
# name 0 = timeJ: Julian Days
# name 1 = prSM: Pressure, Strain Gauge [db]
# name 2 = c0mS/cm: Conductivity [mS/cm]
# name 3 = t090C: Temperature [ITS-90, deg C]
# name 4 = sbeox0ML/L: Oxygen, SBE 43 [ml/l]
# name 5 = depSM: Depth [salt water, m], lat = 47.5
# name 6 = sal00: Salinity, Practical [PSU]
# name 7 = sigma-é00: Density [sigma-theta, kg/m^3]
# name 8 = flag: flag
# span 0 = 286.605370, 286.608640       
# span 1 =     -5.442,     15.522       
# span 2 =   0.063576,  37.039197       
# span 3 =    13.3876,    16.2659       
# span 4 =   -10.1869,    15.9388       
# span 5 =     -5.397,     15.392       
# span 6 =     0.0392,    30.8881       
# span 7 =    -1.0690,    23.1170       
# span 8 = 0.0000e+00, 0.0000e+00       
# interval = seconds: 0.5
# start_time = Oct 13 2010 14:31:44 [Instrument's time stamp, header]
# bad_flag = -9.990e-29
*END*
 286.605370     -5.442 -9.990e-29    16.2502    -1.8933     -5.397 -9.990e-29 -9.990e-29 -9.990e-29
 286.605376     -5.417   0.063577    16.2578    -1.8948     -5.372     0.0392    -1.0677 -9.990e-29
 286.605382     -5.389   0.063577    16.2645    -1.8955     -5.344     0.0392    -1.0688 -9.990e-29
 286.605388     -5.361   0.063577    16.2659    -1.8963     -5.316     0.0392    -1.0690 -9.990e-29
 286.605394     -5.331   0.063577    16.2626    -1.8983     -5.287     0.0392    -1.0685 -9.990e-29
 286.605399     -5.301   0.063577    16.2560    -1.8996     -5.257     0.0392    -1.0674 -9.990e-29
 286.605405     -5.274   0.063577    16.2434    -1.8995     -5.230     0.0392    -1.0653 -9.990e-29
 286.605411     -5.248   0.063576    16.2230    -1.8988     -5.204     0.0392    -1.0619 -9.990e-29
 286.605417     -5.222   0.063576    16.1976    -1.8981     -5.178     0.0393    -1.0577 -9.990e-29
 286.605422     -5.192   0.063576    16.1691    -1.8977     -5.149     0.0393    -1.0530 -9.990e-29
 286.605428     -5.159   0.063576    16.1402    -1.8971     -5.116     0.0393    -1.0482 -9.990e-29
 286.605434     -5.123   0.063576    16.1134    -1.8970     -5.080     0.0393    -1.0438 -9.990e-29
 286.605440     -5.088   0.063577    16.0849    -1.8964     -5.046     0.0393    -1.0391 -9.990e-29
 286.605446     -5.050   0.063580    16.0541    -1.8967     -5.008     0.0393    -1.0341 -9.990e-29
 286.605451     -5.012   0.063589    16.0323    -1.8970     -4.970     0.0393    -1.0305 -9.990e-29
 286.605457     -4.975   0.063617    16.0273    -1.8973     -4.934     0.0394    -1.0297 -9.990e-29
 286.605463     -4.941   0.063702    16.0348    -1.8974     -4.900     0.0394    -1.0309 -9.990e-29
 286.605469     -4.913   0.063958    16.0472    -1.8976     -4.872     0.0395    -1.0328 -9.990e-29
 286.605475     -4.884   0.064173    16.0599    -1.8983     -4.843     0.0397    -1.0348 -9.990e-29
 286.605480     -4.852   0.064079    16.0704    -1.7533     -4.812     0.0396    -1.0365 -9.990e-29
 286.605486     -4.821   0.064105    16.0785    -1.6110     -4.781     0.0396    -1.0379 -9.990e-29
 286.605492     -4.783   0.064839    16.0833    -1.6271     -4.743     0.0400    -1.0383 -9.990e-29
 286.605498     -4.736   0.067261    16.0822    -1.6322     -4.697     0.0413    -1.0371 -9.990e-29
 286.605503     -4.686   0.074602    16.0764    -1.6384     -4.647     0.0453    -1.0331 -9.990e-29
 286.605509     -4.630   0.096648    16.0688    -1.6361     -4.591     0.0575    -1.0224 -9.990e-29
 286.605515     -4.563   0.162796    16.0569    -1.6420     -4.525     0.0949    -0.9915 -9.990e-29
 286.605521     -4.495   0.361243    16.0298    -1.6423     -4.458     0.2114    -0.8971 -9.990e-29
 286.605527     -4.430   0.956585    15.9616    -1.6412     -4.393     0.5783    -0.6027 -9.990e-29
 286.605532     -4.359   2.742611    15.7819    -1.6420     -4.323     1.7547     0.3321 -9.990e-29
 286.605538     -4.274   8.100689    15.4405    -1.6427     -4.238     5.6108     3.3469 -9.990e-29
 286.605544     -4.173  18.161410    15.0419    -1.6422     -4.138    13.5635     9.5044 -9.990e-29
 286.605550     -4.059  28.235009    14.7218    -1.6432     -4.025    22.1599    16.1528 -9.990e-29
 286.605556     -3.942  33.613421    14.5170    -1.6430     -3.909    27.0028    19.9143 -9.990e-29
 286.605561     -3.839  35.436335    14.4103    -1.6411     -3.807    28.7089    21.2489 -9.990e-29
 286.605567     -3.762  36.078487    14.3465    -1.6391     -3.731    29.3350    21.7440 -9.990e-29
 286.605573     -3.705  36.256827    14.3032    -1.6374     -3.674    29.5290    21.9023 -9.990e-29
 286.605579     -3.656  36.249717    14.2851    -1.6379     -3.626    29.5364    21.9116 -9.990e-29
 286.605584     -3.608  36.242296    14.2811    -1.6393     -3.578    29.5327    21.9096 -9.990e-29
 286.605590     -3.558  36.255729    14.2854    -1.6390     -3.528    29.5415    21.9156 -9.990e-29
 286.605596     -3.508  36.234805    14.2878    -1.6414     -3.479    29.5208    21.8991 -9.990e-29
 286.605602     -3.461  36.193327    14.2904    -1.6448     -3.432    29.4813    21.8681 -9.990e-29
 286.605608     -3.420  36.170348    14.3134    -1.6466     -3.391    29.4430    21.8339 -9.990e-29
 286.605613     -3.382  36.159011    14.3595    -1.6448     -3.354    29.3977    21.7897 -9.990e-29
 286.605619     -3.344  36.146694    14.4103    -1.6425     -3.316    29.3480    21.7411 -9.990e-29
 286.605625     -3.304  36.146918    14.4431    -1.6422     -3.276    29.3234    21.7154 -9.990e-29
 286.605631     -3.261  36.160246    14.4471    -1.6411     -3.234    29.3324    21.7215 -9.990e-29
 286.605637     -3.210  36.172229    14.4299    -1.6399     -3.183    29.3562    21.7434 -9.990e-29
 286.605642     -3.153  36.166620    14.3874    -1.6411     -3.127    29.3833    21.7729 -9.990e-29
 286.605648     -3.094  36.151878    14.3081    -1.6429     -3.068    29.4302    21.8252 -9.990e-29
 286.605654     -3.036  36.160689    14.2229    -1.6424     -3.011    29.5030    21.8986 -9.990e-29
 286.605660     -2.977  36.196648    14.1909    -1.6414     -2.952    29.5601    21.9490 -9.990e-29
 286.605666     -2.927  36.223368    14.2254    -1.6409     -2.903    29.5579    21.9403 -9.990e-29
 286.605671     -2.892  36.206139    14.2798    -1.6415     -2.868    29.5007    21.8852 -9.990e-29
 286.605677     -2.865  36.161441    14.3172    -1.6418     -2.841    29.4318    21.8246 -9.990e-29
 286.605683     -2.840  36.134119    14.3386    -1.6408     -2.816    29.3909    21.7887 -9.990e-29
 286.605689     -2.815  36.138420    14.3391    -1.6397     -2.792    29.3944    21.7913 -9.990e-29
 286.605694     -2.790  36.164658    14.3165    -1.6417     -2.767    29.4352    21.8274 -9.990e-29
 286.605700     -2.761  36.201030    14.3023    -1.6414     -2.738    29.4789    21.8639 -9.990e-29
 286.605706     -2.728  36.221799    14.3164    -1.6408     -2.705    29.4869    21.8672 -9.990e-29
 286.605712     -2.692  36.201698    14.3377    -1.6399     -2.670    29.4525    21.8364 -9.990e-29
 286.605718     -2.660  36.161784    14.3478    -1.6389     -2.638    29.4088    21.8006 -9.990e-29
 286.605723     -2.634  36.144306    14.3493    -1.6386     -2.612    29.3919    21.7873 -9.990e-29
 286.605729     -2.612  36.144140    14.3514    -1.6386     -2.590    29.3901    21.7855 -9.990e-29
 286.605735     -2.594  36.140040    14.3561    -1.6384     -2.572    29.3829    21.7790 -9.990e-29
 286.605741     -2.577  36.144717    14.3491    -1.6383     -2.556    29.3924    21.7877 -9.990e-29
 286.605747     -2.561  36.172502    14.3352    -1.6381     -2.540    29.4280    21.8180 -9.990e-29
 286.605752     -2.545  36.209737    14.3433    -1.6396     -2.524    29.4555    21.8375 -9.990e-29
 286.605758     -2.528  36.223436    14.3734    -1.6402     -2.507    29.4450    21.8233 -9.990e-29
 286.605764     -2.513  36.200191    14.4015    -1.6399     -2.492    29.4027    21.7850 -9.990e-29
 286.605770     -2.503  36.167511    14.4176    -1.6389     -2.482    29.3610    21.7496 -9.990e-29
 286.605775     -2.494  36.164409    14.4272    -1.6383     -2.473    29.3509    21.7399 -9.990e-29
 286.605781     -2.480  36.191490    14.4371    -1.6390     -2.459    29.3678    21.7509 -9.990e-29
 286.605787     -2.465  36.211197    14.4463    -1.6406     -2.444    29.3786    21.7573 -9.990e-29
 286.605793     -2.452  36.205822    14.4463    -1.6427     -2.432    29.3738    21.7536 -9.990e-29
 286.605799     -2.437  36.192534    14.4290    -1.6429     -2.417    29.3749    21.7580 -9.990e-29
 286.605804     -2.413  36.195316    14.4018    -1.6429     -2.393    29.3980    21.7813 -9.990e-29
 286.605810     -2.384  36.216453    14.3864    -1.6425     -2.364    29.4287    21.8081 -9.990e-29
 286.605816     -2.357  36.235099    14.3946    -1.6427     -2.337    29.4393    21.8146 -9.990e-29
 286.605822     -2.334  36.238283    14.4171    -1.6426     -2.315    29.4251    21.7991 -9.990e-29
 286.605828     -2.313  36.226581    14.4300    -1.6424     -2.294    29.4048    21.7808 -9.990e-29
 286.605833     -2.293  36.203690    14.4128    -1.6422     -2.274    29.3972    21.7784 -9.990e-29
 286.605839     -2.269  36.177991    14.3650    -1.6421     -2.250    29.4102    21.7983 -9.990e-29
 286.605845     -2.234  36.164758    14.3136    12.5387     -2.215    29.4373    21.8296 -9.990e-29
 286.605851     -2.196  36.175721    14.2899    15.7714     -2.178    29.4653    21.8559 -9.990e-29
 286.605856     -2.165  36.194941    14.2949    15.9388     -2.147    29.4788    21.8653 -9.990e-29
 286.605862     -2.142  36.190607    14.3080    13.5219     -2.124    29.4649    21.8520 -9.990e-29
 286.605868     -2.126  36.158873    14.3137     8.3982     -2.108    29.4319    21.8254 -9.990e-29
 286.605874     -2.113  36.124325    14.3096     8.6234     -2.095    29.4038    21.8045 -9.990e-29
 286.605880     -2.097  36.111714    14.3035     8.8935     -2.080    29.3970    21.8006 -9.990e-29
 286.605885     -2.081  36.130239    14.3032     8.9929     -2.064    29.4140    21.8137 -9.990e-29
 286.605891     -2.068  36.159495    14.3100     9.0144     -2.051    29.4352    21.8287 -9.990e-29
 286.605897     -2.059  36.167068    14.3220     9.0289     -2.042    29.4330    21.8245 -9.990e-29
 286.605903     -2.051  36.134194    14.3367     9.0163     -2.034    29.3921    21.7900 -9.990e-29
 286.605909     -2.045  36.077773    14.3501     9.0009     -2.028    29.3310    21.7403 -9.990e-29
 286.605914     -2.036  36.037624    14.3546     8.9475     -2.019    29.2914    21.7088 -9.990e-29
 286.605920     -2.019  36.013666    14.3456     8.8894     -2.002    29.2766    21.6992 -9.990e-29
 286.605926     -1.997  35.985411    14.3328     8.8663     -1.980    29.2607    21.6896 -9.990e-29
 286.605932     -1.974  35.960797    14.3304     8.8356     -1.958    29.2403    21.6744 -9.990e-29
 286.605937     -1.947  35.954290    14.3420     8.8328     -1.931    29.2257    21.6608 -9.990e-29
 286.605943     -1.920  35.966421    14.3601     8.8248     -1.904    29.2229    21.6550 -9.990e-29
 286.605949     -1.899  35.985063    14.3692     8.8195     -1.883    29.2329    21.6608 -9.990e-29
 286.605955     -1.882  35.996693    14.3594     8.8290     -1.866    29.2508    21.6766 -9.990e-29
 286.605961     -1.861  35.994122    14.3416     8.8285     -1.845    29.2619    21.6887 -9.990e-29
 286.605966     -1.834  35.982018    14.3378     8.8353     -1.819    29.2538    21.6833 -9.990e-29
 286.605972     -1.808  35.983126    14.3482     8.8487     -1.793    29.2470    21.6759 -9.990e-29
 286.605978     -1.784  35.998050    14.3551     8.8645     -1.769    29.2552    21.6809 -9.990e-29
 286.605984     -1.763  36.007190    14.3555     8.8756     -1.748    29.2631    21.6869 -9.990e-29
 286.605990     -1.742  36.010113    14.3565     8.8570     -1.727    29.2650    21.6881 -9.990e-29
 286.605995     -1.720  36.009852    14.3586     8.8434     -1.706    29.2632    21.6863 -9.990e-29
 286.606001     -1.696  36.004633    14.3596     8.8384     -1.682    29.2577    21.6819 -9.990e-29
 286.606007     -1.672  35.997270    14.3642     8.8420     -1.658    29.2476    21.6731 -9.990e-29
 286.606013     -1.655  35.994437    14.3779     8.8464     -1.641    29.2347    21.6604 -9.990e-29
 286.606019     -1.650  35.999328    14.3882     8.8561     -1.636    29.2313    21.6557 -9.990e-29
 286.606024     -1.651  36.004161    14.3791     8.8464     -1.637    29.2425    21.6662 -9.990e-29
 286.606030     -1.649  35.996042    14.3502     8.8233     -1.635    29.2570    21.6833 -9.990e-29
 286.606036     -1.644  35.972244    14.3166     8.7783     -1.630    29.2609    21.6931 -9.990e-29
 286.606042     -1.641  35.947197    14.2997     8.7553     -1.627    29.2511    21.6889 -9.990e-29
 286.606047     -1.636  35.942620    14.3047     8.7459     -1.622    29.2432    21.6818 -9.990e-29
 286.606053     -1.622  35.957696    14.3144     8.7627     -1.608    29.2495    21.6847 -9.990e-29
 286.606059     -1.600  35.969669    14.3103     8.7648     -1.587    29.2634    21.6962 -9.990e-29
 286.606065     -1.573  35.964527    14.2812     8.7375     -1.560    29.2807    21.7155 -9.990e-29
 286.606071     -1.546  35.936789    14.2240     8.6954     -1.533    29.2990    21.7411 -9.990e-29
 286.606076     -1.523  35.897312    14.1643     8.6495     -1.510    29.3085    21.7605 -9.990e-29
 286.606082     -1.503  35.870409    14.1336     8.6532     -1.490    29.3074    21.7658 -9.990e-29
 286.606088     -1.484  35.860201    14.1239     8.6579     -1.472    29.3055    21.7663 -9.990e-29
 286.606094     -1.464  35.855886    14.1089     8.6816     -1.452    29.3129    21.7751 -9.990e-29
 286.606100     -1.444  35.853496    14.0752     8.7113     -1.432    29.3364    21.7999 -9.990e-29
 286.606105     -1.420  35.855833    14.0385     8.7495     -1.408    29.3664    21.8304 -9.990e-29
 286.606111     -1.397  35.863164    14.0319     8.7954     -1.385    29.3781    21.8407 -9.990e-29
 286.606117     -1.381  35.870984    14.0575     8.8198     -1.369    29.3657    21.8261 -9.990e-29
 286.606123     -1.375  35.877289    14.0859     8.8425     -1.364    29.3498    21.8081 -9.990e-29
 286.606128     -1.375  35.883101    14.1023     8.8570     -1.364    29.3426    21.7993 -9.990e-29
 286.606134     -1.372  35.888235    14.1127     8.8636     -1.361    29.3394    21.7947 -9.990e-29
 286.606140     -1.367  35.892161    14.1271     8.8690     -1.356    29.3320    21.7861 -9.990e-29
 286.606146     -1.366  35.897214    14.1511     8.8692     -1.355    29.3183    21.7708 -9.990e-29
 286.606152     -1.371  35.905548    14.1803     8.8697     -1.360    29.3037    21.7536 -9.990e-29
 286.606157     -1.373  35.916416    14.2046     8.8693     -1.362    29.2952    21.7421 -9.990e-29
 286.606163     -1.367  35.926853    14.2196     8.8620     -1.356    29.2932    21.7376 -9.990e-29
 286.606169     -1.354  35.933882    14.2276     8.8500     -1.343    29.2935    21.7362 -9.990e-29
 286.606175     -1.332  35.936140    14.2299     8.8276     -1.321    29.2938    21.7360 -9.990e-29
 286.606181     -1.306  35.931495    14.2280     8.8330     -1.295    29.2910    21.7342 -9.990e-29
 286.606186     -1.280  35.925967    14.2253     8.8246     -1.269    29.2881    21.7325 -9.990e-29
 286.606192     -1.258  35.925519    14.2211     8.8079     -1.248    29.2908    21.7355 -9.990e-29
 286.606198     -1.240  35.924969    14.2126     8.7983     -1.230    29.2968    21.7418 -9.990e-29
 286.606204     -1.222  35.924040    14.2018     8.7829     -1.212    29.3041    21.7496 -9.990e-29
 286.606209     -1.205  35.924748    14.1921     8.7872     -1.195    29.3121    21.7577 -9.990e-29
 286.606215     -1.187  35.924572    14.1840     8.8070     -1.177    29.3181    21.7639 -9.990e-29
 286.606221     -1.168  35.920931    14.1744     8.8131     -1.158    29.3221    21.7689 -9.990e-29
 286.606227     -1.145  35.912784    14.1588     8.8113     -1.135    29.3265    21.7755 -9.990e-29
 286.606233     -1.122  35.902042    14.1396     8.8189     -1.113    29.3314    21.7831 -9.990e-29
 286.606238     -1.105  35.893870    14.1289     8.8360     -1.096    29.3321    21.7858 -9.990e-29
 286.606244     -1.095  35.894622    14.1358     8.8557     -1.086    29.3275    21.7809 -9.990e-29
 286.606250     -1.085  35.903512    14.1549     8.8643     -1.076    29.3211    21.7721 -9.990e-29
 286.606256     -1.076  35.912691    14.1727     8.8478     -1.067    29.3159    21.7645 -9.990e-29
 286.606262     -1.066  35.916942    14.1835     8.8361     -1.057    29.3115    21.7590 -9.990e-29
 286.606267     -1.055  35.919593    14.1906     8.8549     -1.046    29.3085    21.7552 -9.990e-29
 286.606273     -1.042  35.925197    14.1960     8.8775     -1.033    29.3095    21.7549 -9.990e-29
 286.606279     -1.031  35.930487    14.2006     8.8774     -1.022    29.3108    21.7550 -9.990e-29
 286.606285     -1.021  35.932894    14.2034     8.8618     -1.012    29.3109    21.7545 -9.990e-29
 286.606291     -1.007  35.932165    14.2008     8.8335     -0.999    29.3122    21.7560 -9.990e-29
