data/oxygen options/OCNMS/OCNMS1/raw_data/2010/CAST_CE042_091410faedb.cnv
* Sea-Bird SBE19 Data File:
* FileName = C:\Documents and Settings\OCNMS\Desktop\2010 mooring data\third service\CAST_CE042_091410.hex
* Software Version 1.24
* Temperature SN = 2997
* Conductivity SN = 2997
* System UpLoad Time = Sep 14 2010 15:17:50
** CAST_CE042_091410
* SEACAT PROFILER V3.1c SN 2997   09/14/10  15:16:23.283
# nquan = 9
# nvalues = 43                          
# units = specified
# name 0 = timeJ: Julian Days
# name 1 = prSM: Pressure, Strain Gauge [db]
# name 2 = c0mS/cm: Conductivity [mS/cm]
# name 3 = t090C: Temperature [ITS-90, deg C]
# name 4 = sbeox0ML/L: Oxygen, SBE 43 [ml/l]
# name 5 = depSM: Depth [salt water, m], lat = 47.5
# name 6 = sal00: Salinity, Practical [PSU]
# name 7 = sigma-é00: Density [sigma-theta, kg/m^3]
# name 8 = flag: flag
# span 0 = 257.488550, 257.489442       
# span 1 =      1.000,     43.000       
# span 2 =  34.310588,  39.264324       
# span 3 =     7.2174,    13.7663       
# span 4 =     1.9220,     8.7111       
# span 5 =      0.991,     42.637       
# span 6 =    32.7173,    33.6936       
# span 7 =    24.4716,    26.3603       
# span 8 = 0.0000e+00, 0.0000e+00       
# interval = decibars: 1                
# start_time = Sep 14 2010 11:41:02 [Instrument's time stamp, header]
# bad_flag = -9.990e-29
*END*
 257.488550      1.000  39.264324    13.7663     8.7111      0.991    32.7173    24.4716 0.0000e+00
 257.488584      2.000  39.173259    13.6606     8.6377      1.983    32.7225    24.4971 0.0000e+00
 257.488611      3.000  39.135386    13.6153     8.4810      2.975    32.7256    24.5087 0.0000e+00
 257.488636      4.000  39.071494    13.5249     8.1362      3.966    32.7430    24.5404 0.0000e+00
 257.488659      5.000  38.856063    13.2802     7.6473      4.958    32.7511    24.5958 0.0000e+00
 257.488681      6.000  38.646060    13.0408     7.0680      5.950    32.7596    24.6498 0.0000e+00
 257.488701      7.000  38.363882    12.6890     6.9430      6.941    32.7967    24.7472 0.0000e+00
 257.488723      8.000  38.137909    12.4765     6.5704      7.933    32.7657    24.7642 0.0000e+00
 257.488746      9.000  37.986653    12.2768     6.1892      8.925    32.7948    24.8248 0.0000e+00
 257.488769     10.000  37.734218    12.0027     5.7917      9.916    32.7914    24.8738 0.0000e+00
 257.488793     11.000  37.436896    11.6449     5.3926     10.908    32.8178    24.9606 0.0000e+00
 257.488818     12.000  37.136032    11.3045     4.9564     11.899    32.8248    25.0280 0.0000e+00
 257.488844     13.000  36.916280    11.0266     4.7468     12.891    32.8556    25.1015 0.0000e+00
 257.488869     14.000  36.634520    10.6680     4.6997     13.883    32.8968    25.1965 0.0000e+00
 257.488892     15.000  36.396448    10.3955     4.5841     14.874    32.9039    25.2490 0.0000e+00
 257.488915     16.000  36.329209    10.2612     4.4275     15.866    32.9576    25.3138 0.0000e+00
 257.488934     17.000  36.065063     9.9929     4.2416     16.858    32.9339    25.3404 0.0000e+00
 257.488953     18.000  35.861323     9.7162     4.1450     17.849    32.9790    25.4213 0.0000e+00
 257.488971     19.000  35.467412     9.2355     4.0996     18.841    33.0161    25.5281 0.0000e+00
 257.488991     20.000  35.275144     9.0296     3.9833     19.832    33.0071    25.5535 0.0000e+00
 257.489011     21.000  35.154860     8.8451     3.8556     20.824    33.0529    25.6182 0.0000e+00
 257.489030     22.000  35.043991     8.6769     3.7533     21.815    33.0935    25.6758 0.0000e+00
 257.489049     23.000  35.000495     8.6144     3.4896     22.807    33.1058    25.6951 0.0000e+00
 257.489069     24.000  34.977413     8.5248     3.2371     23.798    33.1652    25.7552 0.0000e+00
 257.489087     25.000  34.934888     8.4324     3.1165     24.790    33.2069    25.8019 0.0000e+00
 257.489106     26.000  34.876920     8.3072     2.8335     25.781    33.2634    25.8650 0.0000e+00
 257.489123     27.000  34.733354     8.0786     2.6508     26.773    33.3273    25.9491 0.0000e+00
 257.489140     28.000  34.659806     7.9408     2.5446     27.764    33.3797    26.0105 0.0000e+00
 257.489160     29.000  34.661268     7.9106     2.4309     28.756    33.4096    26.0384 0.0000e+00
 257.489179     30.000  34.680132     7.9003     2.3262     29.747    33.4392    26.0631 0.0000e+00
 257.489198     31.000  34.665732     7.8632     2.1719     30.739    33.4588    26.0840 0.0000e+00
 257.489218     32.000  34.633095     7.7932     2.0486     31.730    33.4905    26.1190 0.0000e+00
 257.489236     33.000  34.570680     7.6905     2.0047     32.722    33.5218    26.1583 0.0000e+00
 257.489254     34.000  34.527337     7.6287     1.9933     33.713    33.5341    26.1769 0.0000e+00
 257.489274     35.000  34.517006     7.6134     1.9936     34.705    33.5372    26.1815 0.0000e+00
 257.489293     36.000  34.511836     7.6054     1.9918     35.696    33.5389    26.1840 0.0000e+00
 257.489312     37.000  34.508427     7.6032     1.9919     36.688    33.5368    26.1827 0.0000e+00
 257.489333     38.000  34.488276     7.5589     2.0002     37.680    33.5574    26.2052 0.0000e+00
 257.489354     39.000  34.415698     7.4400     1.9893     38.671    33.5935    26.2504 0.0000e+00
 257.489375     40.000  34.372520     7.3563     1.9554     39.662    33.6273    26.2888 0.0000e+00
 257.489396     41.000  34.338680     7.2820     1.9443     40.654    33.6623    26.3267 0.0000e+00
 257.489417     42.000  34.320027     7.2424     1.9304     41.645    33.6801    26.3462 0.0000e+00
 257.489442     43.000  34.310588     7.2174     1.9220     42.637    33.6936    26.3603 0.0000e+00
