data/oxygen options/OCNMS/OCNMS1/raw_data/2010/CAST_MB042_101910faedb.cnv
* Sea-Bird SBE19 Data File:
* FileName = C:\Documents and Settings\OCNMS\Desktop\2010 mooring data\fourth service\CAST_MB042_101910.hex
* Software Version 1.24
* Temperature SN = 2997
* Conductivity SN = 2997
* System UpLoad Time = Oct 20 2010 11:36:09
** CAST_MB042_101910
* SEACAT PROFILER V3.1c SN 2997   10/20/10  11:34:33.985
# nquan = 9
# nvalues = 42                          
# units = specified
# name 0 = timeJ: Julian Days
# name 1 = prSM: Pressure, Strain Gauge [db]
# name 2 = c0mS/cm: Conductivity [mS/cm]
# name 3 = t090C: Temperature [ITS-90, deg C]
# name 4 = sbeox0ML/L: Oxygen, SBE 43 [ml/l]
# name 5 = depSM: Depth [salt water, m], lat = 47.5
# name 6 = sal00: Salinity, Practical [PSU]
# name 7 = sigma-é00: Density [sigma-theta, kg/m^3]
# name 8 = flag: flag
# span 0 = 292.592223, 292.593147       
# span 1 =      1.000,     42.000       
# span 2 =  34.332662,  37.520053       
# span 3 =     7.6080,    13.0736       
# span 4 =     3.2907,     6.4087       
# span 5 =      0.992,     41.645       
# span 6 =    31.6729,    33.3565       
# span 7 =    23.8026,    26.0331       
# span 8 = 0.0000e+00, 0.0000e+00       
# interval = decibars: 1                
# start_time = Oct 19 2010 14:09:54 [Instrument's time stamp, header]
# bad_flag = -9.990e-29
*END*
 292.592223      1.000  37.520053    13.0736     6.3669      0.992    31.6729    23.8026 0.0000e+00
 292.592254      2.000  37.373762    12.7106     6.4087      1.983    31.8396    24.0017 0.0000e+00
 292.592290      3.000  37.341052    12.6668     6.3481      2.975    31.8451    24.0144 0.0000e+00
 292.592320      4.000  37.300395    12.5786     6.3083      3.967    31.8807    24.0589 0.0000e+00
 292.592343      5.000  37.280878    12.5447     6.2519      4.958    31.8905    24.0729 0.0000e+00
 292.592366      6.000  37.249513    12.4916     5.9445      5.950    31.9053    24.0945 0.0000e+00
 292.592389      7.000  37.177791    12.3202     5.8126      6.941    31.9823    24.1866 0.0000e+00
 292.592412      8.000  37.054081    12.1533     5.7869      7.933    32.0059    24.2362 0.0000e+00
 292.592435      9.000  37.012947    12.0508     5.7701      8.925    32.0538    24.2926 0.0000e+00
 292.592458     10.000  36.971578    12.0018     5.7947      9.917    32.0556    24.3031 0.0000e+00
 292.592482     11.000  36.961311    11.9938     5.7279     10.908    32.0522    24.3019 0.0000e+00
 292.592507     12.000  36.930059    11.9320     5.6393     11.900    32.0747    24.3309 0.0000e+00
 292.592530     13.000  36.813348    11.7789     5.5336     12.891    32.0934    24.3735 0.0000e+00
 292.592553     14.000  36.690064    11.6081     5.4466     13.883    32.1209    24.4261 0.0000e+00
 292.592573     15.000  36.571392    11.4578     5.2201     14.874    32.1352    24.4644 0.0000e+00
 292.592594     16.000  36.532006    11.3964     4.8311     15.866    32.1497    24.4867 0.0000e+00
 292.592614     17.000  36.495214    11.2507     4.5667     16.858    32.2402    24.5831 0.0000e+00
 292.592636     18.000  36.445401    11.0860     4.3415     17.849    32.3353    24.6863 0.0000e+00
 292.592656     19.000  36.330746    10.8431     4.2822     18.841    32.4358    24.8072 0.0000e+00
 292.592674     20.000  36.297823    10.7822     4.1719     19.832    32.4567    24.8341 0.0000e+00
 292.592692     21.000  36.207378    10.6066     4.0099     20.824    32.5222    24.9155 0.0000e+00
 292.592710     22.000  36.071319    10.3420     3.9475     21.815    32.6223    25.0387 0.0000e+00
 292.592726     23.000  35.919186    10.0515     3.9598     22.807    32.7301    25.1717 0.0000e+00
 292.592747     24.000  35.849847    10.0256     3.8278     23.799    32.6829    25.1393 0.0000e+00
 292.592770     25.000  35.669547     9.6184     3.7614     24.790    32.8692    25.3516 0.0000e+00
 292.592793     26.000  35.471093     9.3470     3.6867     25.781    32.9140    25.4305 0.0000e+00
 292.592813     27.000  35.338794     9.1056     3.6394     26.773    32.9996    25.5358 0.0000e+00
 292.592831     28.000  35.170729     8.8642     3.5975     27.764    33.0485    25.6118 0.0000e+00
 292.592851     29.000  35.125656     8.8136     3.5652     28.756    33.0481    25.6194 0.0000e+00
 292.592875     30.000  35.079408     8.7477     3.5007     29.747    33.0607    25.6394 0.0000e+00
 292.592901     31.000  35.038310     8.6263     3.3907     30.739    33.1309    25.7130 0.0000e+00
 292.592919     32.000  34.944911     8.4176     3.3641     31.731    33.2282    25.8210 0.0000e+00
 292.592934     33.000  34.803220     8.2265     3.3613     32.722    33.2583    25.8732 0.0000e+00
 292.592950     34.000  34.681935     8.0854     3.3614     33.713    33.2627    25.8975 0.0000e+00
 292.592971     35.000  34.672029     8.1148     3.3300     34.705    33.2238    25.8627 0.0000e+00
 292.592997     36.000  34.614241     7.9849     3.3212     35.696    33.2851    25.9299 0.0000e+00
 292.593026     37.000  34.534132     7.8581     3.3010     36.688    33.3198    25.9756 0.0000e+00
 292.593048     38.000  34.441896     7.7213     3.3037     37.679    33.3512    26.0199 0.0000e+00
 292.593068     39.000  34.395557     7.6631     3.3113     38.671    33.3565    26.0325 0.0000e+00
 292.593089     40.000  34.365926     7.6346     3.3120     39.662    33.3515    26.0327 0.0000e+00
 292.593115     41.000  34.347291     7.6160     3.3066     40.654    33.3487    26.0331 0.0000e+00
 292.593147     42.000  34.332662     7.6080     3.2907     41.645    33.3402    26.0276 0.0000e+00
