data/oxygen options/OCNMS/OCNMS1/raw_data/2010/CAST_CA065_060610faed.cnv
* Sea-Bird SBE19 Data File:
* FileName = C:\Documents and Settings\OCNMS\Desktop\2010 mooring data\CAST_CA065_060610.hex
* Software Version 1.24
* Temperature SN = 2997
* Conductivity SN = 2997
* System UpLoad Time = Jun 06 2010 20:08:00
** CAST_CA065_060610
* SEACAT PROFILER V3.1c SN 2997   06/06/10  20:07:28.808
# nquan = 9                                 
# nvalues = 882                         
# units = specified
# name 0 = timeJ: Julian Days
# name 1 = prSM: Pressure, Strain Gauge [db]
# name 2 = c0mS/cm: Conductivity [mS/cm]
# name 3 = t090C: Temperature [ITS-90, deg C]
# name 4 = sbeox0ML/L: Oxygen, SBE 43 [ml/l]
# name 5 = depSM: Depth [salt water, m], lat = 47.5
# name 6 = sal00: Salinity, Practical [PSU]
# name 7 = sigma-é00: Density [sigma-theta, kg/m^3]
# name 8 = flag: flag
# span 0 = 157.544167, 157.549265       
# span 1 =     -4.031,     66.270       
# span 2 =   2.398861,  35.700626       
# span 3 =     8.1129,    13.3552       
# span 4 =    -1.7041,    13.5998       
# span 5 =     -3.997,     65.706       
# span 6 =     1.7566,    33.0431       
# span 7 =     0.7634,    25.7196       
# span 8 = 0.0000e+00, 0.0000e+00       
# interval = seconds: 0.5
# start_time = Jun 06 2010 13:03:36 [Instrument's time stamp, header]
# bad_flag = -9.990e-29
*END*
[from data line 801]
 157.548802     10.599  35.485905    11.3471     6.3599     10.510    31.1720    23.7357 0.0000e+00
 157.548808     10.143  35.479917    11.3655     6.4700     10.058    31.1508    23.7160 0.0000e+00
 157.548814      9.694  35.476423    11.3830     6.5593      9.613    31.1329    23.6989 0.0000e+00
 157.548819      9.254  35.476378    11.4028     6.5951      9.177    31.1163    23.6825 0.0000e+00
 157.548825      8.820  35.473574    11.4366     6.6132      8.746    31.0853    23.6525 0.0000e+00
 157.548831      8.382  35.458682    11.5007     6.6866      8.312    31.0172    23.5882 0.0000e+00
 157.548837      7.936  35.416900    11.5964     6.7402      7.870    30.8969    23.4777 0.0000e+00
 157.548843      7.486  35.341271    11.6869     6.8020      7.423    30.7488    23.3464 0.0000e+00
 157.548848      7.033  35.245260    11.7408     6.9056      6.974    30.6118    23.2304 0.0000e+00
 157.548854      6.586  35.168380    11.7705     6.9530      6.531    30.5135    23.1488 0.0000e+00
 157.548860      6.151  35.112350    11.8185     6.9752      6.100    30.4204    23.0680 0.0000e+00
 157.548866      5.721  34.978952    11.9301     6.9102      5.673    30.2018    22.8782 0.0000e+00
 157.548872      5.288  34.701806    12.1153     6.8828      5.244    29.7885    22.5243 0.0000e+00
 157.548877      4.856  34.360083    12.3148     6.8527      4.815    29.3070    22.1150 0.0000e+00
 157.548883      4.451  34.042630    12.4808     6.8404      4.414    28.8794    21.7535 0.0000e+00
 157.548889      4.085  33.704853    12.6473     6.8282      4.051    28.4363    21.3800 0.0000e+00
 157.548895      3.756  33.355111    12.8080     6.8068      3.725    27.9905    21.0057 0.0000e+00
 157.548900      3.456  33.120740    12.9096     6.7916      3.427    27.6986    20.7612 0.0000e+00
 157.548906      3.179  33.000649    12.9519     6.7810      3.152    27.5568    20.6438 0.0000e+00
 157.548912      2.929  32.913709    12.9755     6.7871      2.905    27.4595    20.5643 0.0000e+00
 157.548918      2.716  32.812901    13.0142     6.7936      2.693    27.3386    20.4637 0.0000e+00
 157.548924      2.547  32.717250    13.0686     6.7985      2.526    27.2116    20.3554 -9.990e-29
 157.548929      2.424  32.673934    13.1256     6.7848      2.404    27.1310    20.2826 -9.990e-29
 157.548935      2.341  32.630254    13.1623     6.7799      2.321    27.0648    20.2247 -9.990e-29
 157.548941      2.277  32.588461    13.1646     6.7880      2.258    27.0249    20.1934 -9.990e-29
 157.548947      2.222  32.599235    13.1533     6.7798      2.203    27.0428    20.2094 -9.990e-29
 157.548953      2.176  32.617605    13.1556     6.7875      2.158    27.0581    20.2207 -9.990e-29
 157.548958      2.143  32.598078    13.1759     6.7901      2.125    27.0257    20.1919 -9.990e-29
 157.548964      2.128  32.548777    13.1974     6.7844      2.110    26.9653    20.1413 -9.990e-29
 157.548970      2.120  32.497484    13.2059     6.7652      2.102    26.9123    20.0988 -9.990e-29
 157.548976      2.105  32.467087    13.2047     6.7523      2.087    26.8853    20.0782 -9.990e-29
 157.548981      2.078  32.456821    13.2061     6.7423      2.061    26.8749    20.0699 -9.990e-29
 157.548987      2.047  32.447969    13.2178     6.7456      2.030    26.8586    20.0551 -9.990e-29
 157.548993      2.027  32.427055    13.2382     6.7555      2.010    26.8251    20.0254 -9.990e-29
 157.548999      2.020  32.387478    13.2585     6.7539      2.003    26.7746    19.9827 -9.990e-29
 157.549005      2.018  32.348707    13.2673     6.7564      2.001    26.7330    19.9489 -9.990e-29
 157.549010      2.011  32.339685    13.2631     6.7611      1.994    26.7277    19.9456 -9.990e-29
 157.549016      1.996  32.348395    13.2560     6.7692      1.979    26.7407    19.9570 -9.990e-29
 157.549022      1.975  32.350622    13.2563     6.7786      1.959    26.7425    19.9583 -9.990e-29
 157.549028      1.955  32.347664    13.2686     6.7788      1.939    26.7312    19.9473 -9.990e-29
 157.549034      1.940  32.340062    13.2865     6.7624      1.924    26.7117    19.9289 -9.990e-29
 157.549039      1.924  32.325524    13.2977     6.7551      1.908    26.6906    19.9105 -9.990e-29
 157.549045      1.899  32.314913    13.2974     6.7503      1.883    26.6811    19.9032 -9.990e-29
 157.549051      1.857  32.312566    13.2916     6.7523      1.841    26.6831    19.9058 -9.990e-29
 157.549057      1.805  32.313871    13.2896     6.7511      1.790    26.6857    19.9082 -9.990e-29
 157.549062      1.752  32.316091    13.2960     6.7385      1.737    26.6832    19.9051 -9.990e-29
 157.549068      1.700  32.316215    13.3064     6.7298      1.686    26.6761    19.8977 -9.990e-29
 157.549074      1.645  32.310489    13.3134     6.7474      1.631    26.6660    19.8886 -9.990e-29
 157.549080      1.579  32.300986    13.3157     6.7045      1.566    26.6557    19.8802 -9.990e-29
 157.549086      1.494  32.295193    13.3184     6.6322      1.482    26.6486    19.8742 -9.990e-29
 157.549091      1.397  32.292668    13.3262     6.5807      1.385    26.6409    19.8668 -9.990e-29
 157.549097      1.303  32.288365    13.3360     6.5560      1.292    26.6301    19.8566 -9.990e-29
 157.549103      1.215  32.282705    13.3410     6.5457      1.205    26.6215    19.8491 -9.990e-29
 157.549109      1.128  32.277102    13.3377     6.9132      1.119    26.6187    19.8475 -9.990e-29
 157.549115      1.040  32.268566    13.3261     7.4153      1.031    26.6191    19.8500 -9.990e-29
 157.549120      0.954  32.247399    13.3083     7.3604      0.946    26.6122    19.8480 -9.990e-29
 157.549126      0.874  32.187057    13.2868     7.3282      0.867    26.5722    19.8211 -9.990e-29
 157.549132      0.806  32.045713    13.2611     7.3469      0.799    26.4611    19.7402 -9.990e-29
 157.549138      0.760  31.859419    13.2305     7.3741      0.754    26.3122    19.6311 -9.990e-29
 157.549144      0.733  31.722981    13.1953     7.4194      0.727    26.2119    19.5603 -9.990e-29
 157.549149      0.714  31.595006    13.1576     7.4448      0.708    26.1210    19.4971 -9.990e-29
 157.549155      0.698  31.259506    13.1220     7.4215      0.692    25.8389    19.2860 -9.990e-29
 157.549161      0.683  30.130299    13.0908     7.4361      0.677    24.8311    18.5141 -9.990e-29
 157.549167      0.669  26.491819    13.0637     7.4441      0.663    21.5668    16.0019 -9.990e-29
 157.549172      0.655  19.141199    13.0405     7.4528      0.650    15.1232    11.0430 -9.990e-29
 157.549178      0.641  11.108275    13.0207     7.4455      0.636     8.3872     5.8599 -9.990e-29
 157.549184      0.624   6.402197    13.0037     7.4591      0.619     4.6408     2.9738 -9.990e-29
 157.549190      0.609   4.642545    12.9877     7.4731      0.604     3.2940     1.9356 -9.990e-29
 157.549196      0.602   3.889115    12.9684     7.5072      0.597     2.7296     1.5017 -9.990e-29
 157.549201      0.605   3.501038    12.9455     7.4963      0.600     2.4427     1.2826 -9.990e-29
 157.549207      0.607   3.336758    12.9238     7.5067      0.602     2.3226     1.1925 -9.990e-29
 157.549213      0.606   3.471453    12.9068 -9.990e-29      0.601     2.4232     1.2727 -9.990e-29
 157.549219      0.604   3.782077    12.8958 -9.990e-29      0.599     2.6549     1.4534 -9.990e-29
 157.549225      0.608   3.907131    12.8892 -9.990e-29      0.603     2.7487     1.5269 -9.990e-29
 157.549230      0.611   3.826839    12.8827 -9.990e-29      0.606     2.6892     1.4817 -9.990e-29
 157.549236      0.611   3.717371    12.8737 -9.990e-29      0.606     2.6081     1.4202 -9.990e-29
 157.549242      0.607   3.567714    12.8636 -9.990e-29      0.602     2.4974     1.3358 -9.990e-29
 157.549248      0.599   3.296586    12.8559 -9.990e-29      0.594     2.2970     1.1816 -9.990e-29
 157.549253      0.590   2.911131    12.8522 -9.990e-29      0.585     2.0136     0.9626 -9.990e-29
 157.549259      0.586   2.558477    12.8513 -9.990e-29      0.581     1.7566     0.7634 -9.990e-29
 157.549265      0.584   2.398861 -9.990e-29 -9.990e-29      0.579 -9.990e-29 -9.990e-29 -9.990e-29
