data/oxygen options/OCNMS/OCNMS1/raw_data/2010/CAST_CA042_060610faed.cnv
* Sea-Bird SBE19 Data File:
* FileName = C:\Documents and Settings\OCNMS\Desktop\2010 mooring data\CAST_CA042_060610.hex
* Software Version 1.24
* Temperature SN = 2997
* Conductivity SN = 2997
* System UpLoad Time = Jun 06 2010 20:08:56
** CAST_CA042_060610
* SEACAT PROFILER V3.1c SN 2997   06/06/10  20:08:25.774
# nquan = 9                                 
# nvalues = 681                         
# units = specified
# name 0 = timeJ: Julian Days
# name 1 = prSM: Pressure, Strain Gauge [db]
# name 2 = c0mS/cm: Conductivity [mS/cm]
# name 3 = t090C: Temperature [ITS-90, deg C]
# name 4 = sbeox0ML/L: Oxygen, SBE 43 [ml/l]
# name 5 = depSM: Depth [salt water, m], lat = 47.5
# name 6 = sal00: Salinity, Practical [PSU]
# name 7 = sigma-é00: Density [sigma-theta, kg/m^3]
# name 8 = flag: flag
# span 0 = 157.624201, 157.628137       
# span 1 =     -5.160,     42.843       
# span 2 =   0.153848,  35.353013       
# span 3 =     8.7519,    14.5667       
# span 4 =   -11.7093,    13.1919       
# span 5 =     -5.117,     42.481       
# span 6 =     0.0927,    32.6542       
# span 7 =    -0.7622,    25.3170       
# span 8 = 0.0000e+00, 0.0000e+00       
# interval = seconds: 0.5
# start_time = Jun 06 2010 14:58:51 [Instrument's time stamp, header]
# bad_flag = -9.990e-29
*END*
[from data line 321]
 157.626059     18.177  34.489680    11.6663     5.9104     18.025    29.9402    22.7229 0.0000e+00
 157.626065     18.471  34.549265    11.6375     5.9112     18.316    30.0207    22.7905 0.0000e+00
 157.626071     18.767  34.596689    11.6214     5.9143     18.610    30.0794    22.8389 0.0000e+00
 157.626076     19.060  34.625130    11.6118     5.9243     18.900    30.1145    22.8678 0.0000e+00
 157.626082     19.345  34.637190    11.6043     5.9198     19.183    30.1321    22.8828 0.0000e+00
 157.626088     19.618  34.639964    11.5990     5.9230     19.453    30.1390    22.8891 0.0000e+00
 157.626094     19.880  34.639932    11.5975     5.9179     19.713    30.1400    22.8902 0.0000e+00
 157.626100     20.133  34.640393    11.5984     5.9244     19.964    30.1397    22.8898 0.0000e+00
 157.626105     20.386  34.640821    11.5977     5.9426     20.215    30.1405    22.8906 0.0000e+00
 157.626111     20.646  34.641206    11.5930     5.9664     20.473    30.1446    22.8946 0.0000e+00
 157.626117     20.922  34.645406    11.5862     5.9914     20.746    30.1541    22.9032 0.0000e+00
 157.626123     21.217  34.660681    11.5786     6.0019     21.039    30.1749    22.9207 0.0000e+00
 157.626128     21.529  34.696734    11.5707     6.0145     21.348    30.2161    22.9540 0.0000e+00
 157.626134     21.852  34.748395    11.5652     6.0379     21.668    30.2703    22.9971 0.0000e+00
 157.626140     22.181  34.793763    11.5630     6.0587     21.995    30.3159    23.0328 0.0000e+00
 157.626146     22.511  34.827760    11.5621     6.0866     22.322    30.3493    23.0590 0.0000e+00
 157.626152     22.843  34.862080    11.5606     6.1178     22.651    30.3836    23.0859 0.0000e+00
 157.626157     23.179  34.903804    11.5577     6.1332     22.984    30.4262    23.1195 0.0000e+00
 157.626163     23.519  34.956444    11.5548     6.1537     23.321    30.4794    23.1613 0.0000e+00
 157.626169     23.861  35.013968    11.5530     6.1648     23.660    30.5364    23.2059 0.0000e+00
 157.626175     24.199  35.063975    11.5522     6.1886     23.996    30.5853    23.2440 0.0000e+00
 157.626181     24.530  35.107006    11.5526     6.2198     24.324    30.6265    23.2759 0.0000e+00
 157.626186     24.853  35.147189    11.5547     6.2501     24.644    30.6636    23.3043 0.0000e+00
 157.626192     25.171  35.184857    11.5583     6.2662     24.959    30.6970    23.3296 0.0000e+00
 157.626198     25.488  35.223149    11.5621     6.2678     25.274    30.7308    23.3552 0.0000e+00
 157.626204     25.807  35.259874    11.5650     6.2603     25.590    30.7638    23.3803 0.0000e+00
 157.626209     26.130  35.289071    11.5665     6.2479     25.910    30.7907    23.4009 0.0000e+00
 157.626215     26.458  35.309871    11.5669     6.2434     26.236    30.8104    23.4162 0.0000e+00
 157.626221     26.784  35.325895    11.5661     6.2499     26.559    30.8265    23.4288 0.0000e+00
 157.626227     27.109  35.339436    11.5638     6.2651     26.881    30.8414    23.4408 0.0000e+00
 157.626233     27.436  35.348919    11.5599     6.2446     27.205    30.8537    23.4510 0.0000e+00
 157.626238     27.769  35.352962    11.5551     6.1922     27.535    30.8615    23.4579 0.0000e+00
 157.626244     28.107  35.353013    11.5502     6.1115     27.871    30.8655    23.4619 0.0000e+00
 157.626250     28.450  35.351359    11.5453     6.0340     28.211    30.8678    23.4646 0.0000e+00
 157.626256     28.799  35.348576    11.5387     5.9609     28.557    30.8705    23.4678 0.0000e+00
 157.626262     29.150  35.344295    11.5257     5.9210     28.905    30.8770    23.4753 0.0000e+00
 157.626267     29.505  35.336707    11.4941     5.8827     29.257    30.8958    23.4955 0.0000e+00
 157.626273     29.864  35.317356    11.4247     5.8524     29.613    30.9349    23.5382 0.0000e+00
 157.626279     30.224  35.278351    11.3324     5.8040     29.970    30.9740    23.5849 0.0000e+00
 157.626285     30.579  35.237699    11.2682     5.7662     30.322    30.9881    23.6071 0.0000e+00
 157.626291     30.924  35.222406    11.2434     5.7353     30.664    30.9939    23.6160 0.0000e+00
 157.626296     31.271  35.227730    11.2224     5.7028     31.008    31.0166    23.6373 0.0000e+00
 157.626302     31.626  35.233287    11.1817     5.6880     31.360    31.0562    23.6752 0.0000e+00
 157.626308     31.992  35.226856    11.1260     5.6599     31.723    31.0967    23.7165 0.0000e+00
 157.626314     32.363  35.206201    11.0658     5.5720     32.090    31.1272    23.7507 0.0000e+00
 157.626319     32.731  35.179630    11.0017     5.4717     32.455    31.1553    23.7836 0.0000e+00
 157.626325     33.098  35.159501    10.9264     5.3603     32.819    31.1992    23.8309 0.0000e+00
 157.626331     33.471  35.157593    10.8391     5.2484     33.189    31.2716    23.9022 0.0000e+00
 157.626337     33.852  35.176560    10.7442     5.1337     33.567    31.3714    23.9961 0.0000e+00
 157.626343     34.240  35.195162    10.6194     5.0346     33.951    31.4970    24.1152 0.0000e+00
 157.626348     34.638  35.187745    10.4092     4.9700     34.346    31.6716    24.2867 0.0000e+00
 157.626354     35.053  35.148316    10.0926     4.9151     34.757    31.9091    24.5247 0.0000e+00
 157.626360     35.488  35.083106     9.7507     4.8838     35.189    32.1462    24.7658 0.0000e+00
 157.626366     35.930  35.012139     9.4893     4.8509     35.627    32.3081    24.9344 0.0000e+00
 157.626372     36.373  34.955016     9.3241     4.8334     36.066    32.3985    25.0313 0.0000e+00
 157.626377     36.821  34.912813     9.2119     4.8240     36.510    32.4566    25.0945 0.0000e+00
 157.626383     37.267  34.877947     9.1247     4.8047     36.953    32.4998    25.1420 0.0000e+00
 157.626389     37.702  34.846474     9.0527     4.7837     37.384    32.5328    25.1790 0.0000e+00
 157.626395     38.126  34.818419     8.9863     4.7737     37.804    32.5642    25.2140 0.0000e+00
 157.626400     38.546  34.791085     8.9227     4.7735     38.221    32.5939    25.2471 0.0000e+00
 157.626406     38.958  34.764980     8.8713     4.7791     38.629    32.6138    25.2706 0.0000e+00
 157.626412     39.355  34.746170     8.8400     4.7787     39.023    32.6227    25.2824 0.0000e+00
 157.626418     39.735  34.735882     8.8243     4.7656     39.400    32.6263    25.2876 0.0000e+00
 157.626424     40.106  34.730461     8.8117     4.7627     39.767    32.6321    25.2941 0.0000e+00
 157.626429     40.470  34.726020     8.7963     4.7537     40.128    32.6414    25.3038 0.0000e+00
 157.626435     40.829  34.720545     8.7810     4.7486     40.484    32.6497    25.3126 0.0000e+00
 157.626441     41.180  34.715123     8.7707     4.7424     40.832    32.6533    25.3170 0.0000e+00
 157.626447     41.510  34.710910     8.7668     4.7460     41.159    32.6524    25.3169 0.0000e+00
 157.626453     41.812  34.708434     8.7673     4.7548     41.459    32.6492    25.3143 0.0000e+00
 157.626458     42.073  34.708301     8.7709     4.7386     41.718    32.6456    25.3110 0.0000e+00
 157.626464     42.286  34.711438     8.7771     4.7356     41.929    32.6431    25.3080 0.0000e+00
 157.626470     42.455  34.716970     8.7844     4.7388     42.096    32.6421    25.3061 0.0000e+00
 157.626476     42.587  34.722175     8.7900     4.7424     42.227    32.6423    25.3054 -9.990e-29
 157.626481     42.685  34.726698     8.7944     4.7391     42.324    32.6429    25.3052 -9.990e-29
 157.626487     42.756  34.730394     8.8006     4.7330     42.395    32.6410    25.3028 -9.990e-29
 157.626493     42.804  34.733697     8.8080     4.7331     42.442    32.6376    25.2990 -9.990e-29
 157.626499     42.832  34.738196     8.8148     4.7327     42.470    32.6360    25.2968 -9.990e-29
 157.626505     42.843  34.742594     8.8204     4.7389     42.481    32.6355    25.2954 -9.990e-29
 157.626510     42.841  34.745461     8.8252     4.7406     42.479    32.6341    25.2936 -9.990e-29
 157.626516     42.830  34.746125     8.8297     4.7416     42.468    32.6306    25.2902 -9.990e-29
 157.626522     42.810  34.743780     8.8309     4.7387     42.448    32.6271    25.2873 -9.990e-29
 157.626528     42.779  34.740888     8.8290     4.7318     42.418    32.6258    25.2866 -9.990e-29
 157.626534     42.731  34.741987     8.8267     4.7246     42.370    32.6291    25.2895 -9.990e-29
 157.626539     42.659  34.750209     8.8239     4.7262     42.299    32.6403    25.2987 -9.990e-29
 157.626545     42.563  34.759132     8.8208     4.7385     42.203    32.6525    25.3087 -9.990e-29
 157.626551     42.444  34.759912     8.8199     4.7368     42.085    32.6542    25.3102 -9.990e-29
 157.626557     42.309  34.757499     8.8244     4.7379     41.952    32.6476    25.3043 0.0000e+00
 157.626563     42.165  34.756507     8.8320     4.7216     41.809    32.6396    25.2969 0.0000e+00
 157.626568     42.021  34.754479     8.8352     4.7094     41.666    32.6346    25.2925 0.0000e+00
 157.626574     41.889  34.750383     8.8293     4.7053     41.535    32.6358    25.2944 -9.990e-29
 157.626580     41.782  34.741546     8.8149     4.7068     41.429    32.6399    25.2998 -9.990e-29
 157.626586     41.701  34.728503     8.7980     4.7073     41.349    32.6419    25.3039 -9.990e-29
 157.626591     41.642  34.717380     8.7853     4.7176     41.290    32.6420    25.3059 -9.990e-29
 157.626597     41.601  34.711258     8.7807     4.7076     41.250    32.6399    25.3050 -9.990e-29
 157.626603     41.575  34.710922     8.7825     4.6981     41.224    32.6379    25.3031 -9.990e-29
 157.626609     41.558  34.715909     8.7855     4.6993     41.207    32.6403    25.3046 -9.990e-29
 157.626615     41.545  34.721088     8.7861     4.6998     41.194    32.6452    25.3083 -9.990e-29
 157.626620     41.540  34.720466     8.7825     4.6930     41.189    32.6479    25.3109 -9.990e-29
 157.626626     41.546  34.714322     8.7766     4.7004     41.195    32.6469    25.3111 -9.990e-29
 157.626632     41.559  34.708458     8.7737     4.7017     41.208    32.6434    25.3088 -9.990e-29
 157.626638     41.572  34.707366     8.7749     4.6980     41.221    32.6412    25.3069 -9.990e-29
 157.626644     41.576  34.710698     8.7770     4.7016     41.225    32.6427    25.3078 -9.990e-29
 157.626649     41.569  34.715036     8.7784     4.6993     41.218    32.6460    25.3101 -9.990e-29
 157.626655     41.558  34.717190     8.7778     4.7002     41.207    32.6488    25.3124 -9.990e-29
 157.626661     41.560  34.715536     8.7747     4.6962     41.209    32.6499    25.3137 -9.990e-29
 157.626667     41.582  34.711220     8.7720     4.6796     41.231    32.6479    25.3126 -9.990e-29
 157.626672     41.618  34.707439     8.7716     4.6835     41.266    32.6443    25.3098 -9.990e-29
 157.626678     41.654  34.706978     8.7723     4.6717     41.302    32.6431    25.3088 -9.990e-29
 157.626684     41.678  34.709208     8.7726     4.6831     41.326    32.6452    25.3103 -9.990e-29
 157.626690     41.693  34.710927     8.7721     4.7123     41.341    32.6474    25.3122 -9.990e-29
 157.626696     41.707  34.709933     8.7700     4.6954     41.355    32.6483    25.3132 -9.990e-29
 157.626701     41.726  34.706007     8.7672     4.6877     41.374    32.6468    25.3124 -9.990e-29
 157.626707     41.746  34.702308     8.7660     4.6779     41.393    32.6440    25.3105 -9.990e-29
 157.626713     41.762  34.702852     8.7658     4.6650     41.409    32.6448    25.3111 -9.990e-29
 157.626719     41.768  34.706110     8.7655     4.6760     41.415    32.6484    25.3140 -9.990e-29
 157.626725     41.766  34.708008     8.7658     4.6716     41.413    32.6501    25.3153 -9.990e-29
 157.626730     41.760  34.707701     8.7660     4.6789     41.407    32.6496    25.3149 -9.990e-29
 157.626736     41.762  34.705889     8.7657     4.6759     41.409    32.6480    25.3136 -9.990e-29
 157.626742     41.780  34.703505     8.7646     4.6691     41.427    32.6465    25.3126 -9.990e-29
 157.626748     41.808  34.701841     8.7627     4.6691     41.455    32.6465    25.3129 -9.990e-29
 157.626753     41.835  34.702023     8.7615     4.6664     41.482    32.6478    25.3141 -9.990e-29
 157.626759     41.862  34.702602     8.7614     4.6721     41.508    32.6485    25.3147 -9.990e-29
 157.626765     41.895  34.701534     8.7607     4.6754     41.541    32.6480    25.3144 -9.990e-29
 157.626771     41.932  34.699623     8.7590     4.6683     41.578    32.6476    25.3143 -9.990e-29
 157.626777     41.967  34.698789     8.7586     4.6664     41.613    32.6471    25.3140 -9.990e-29
 157.626782     41.993  34.700149     8.7602     4.6660     41.638    32.6470    25.3137 -9.990e-29
 157.626788     42.007  34.702139     8.7614     4.6680     41.652    32.6480    25.3143 -9.990e-29
 157.626794     42.016  34.702917     8.7611     4.6713     41.661    32.6490    25.3151 -9.990e-29
 157.626800     42.023  34.702950     8.7617     4.6723     41.668    32.6485    25.3146 -9.990e-29
 157.626806     42.026  34.703388     8.7636     4.6728     41.671    32.6472    25.3133 -9.990e-29
 157.626811     42.024  34.704241     8.7642     4.6648     41.669    32.6476    25.3135 -9.990e-29
 157.626817     42.025  34.703832     8.7639     4.6636     41.670    32.6474    25.3134 -9.990e-29
 157.626823     42.034  34.701603     8.7634     4.6630     41.679    32.6455    25.3121 -9.990e-29
 157.626829     42.047  34.699614     8.7635     4.6649     41.692    32.6434    25.3103 -9.990e-29
 157.626834     42.057  34.699680     8.7637     4.6609     41.702    32.6432    25.3102 -9.990e-29
 157.626840     42.064  34.700756     8.7629     4.6596     41.709    32.6451    25.3118 -9.990e-29
 157.626846     42.077  34.700900     8.7608     4.6520     41.722    32.6472    25.3137 -9.990e-29
 157.626852     42.102  34.699733     8.7575     4.6514     41.746    32.6490    25.3157 -9.990e-29
 157.626858     42.139  34.697367     8.7553     4.6623     41.783    32.6485    25.3156 -9.990e-29
 157.626863     42.183  34.695116     8.7546     4.6647     41.827    32.6468    25.3144 -9.990e-29
 157.626869     42.219  34.695006     8.7545     4.6691     41.862    32.6468    25.3144 -9.990e-29
 157.626875     42.241  34.696315     8.7550     4.6673     41.884    32.6477    25.3150 -9.990e-29
 157.626881     42.250  34.696851     8.7549     4.6637     41.893    32.6483    25.3155 -9.990e-29
 157.626887     42.252  34.696197     8.7535     4.6641     41.895    32.6489    25.3162 -9.990e-29
 157.626892     42.251  34.695149     8.7519     4.6711     41.894    32.6493    25.3168 -9.990e-29
 157.626898     42.242  34.695099     8.7520     4.6659     41.885    32.6492    25.3166 -9.990e-29
 157.626904     42.220  34.696525     8.7538     4.6635     41.863    32.6490    25.3162 -9.990e-29
 157.626910     42.189  34.697956     8.7562     4.6546     41.833    32.6483    25.3153 -9.990e-29
 157.626916     42.158  34.698485     8.7580     4.6513     41.802    32.6472    25.3142 -9.990e-29
 157.626921     42.145  34.698245     8.7581     4.6543     41.789    32.6469    25.3139 -9.990e-29
 157.626927     42.155  34.697464     8.7580     4.6560     41.799    32.6461    25.3133 -9.990e-29
 157.626933     42.182  34.696768     8.7580     4.6598     41.826    32.6454    25.3128 -9.990e-29
 157.626939     42.213  34.696898     8.7579     4.6597     41.856    32.6456    25.3130 -9.990e-29
 157.626944     42.247  34.697453     8.7586     4.6525     41.890    32.6455    25.3128 -9.990e-29
 157.626950     42.286  34.697479     8.7599     4.6434     41.929    32.6443    25.3117 -9.990e-29
 157.626956     42.328  34.696997     8.7615     4.6341     41.970    32.6423    25.3098 -9.990e-29
 157.626962     42.368  34.696470     8.7621     4.6411     42.010    32.6412    25.3089 -9.990e-29
 157.626968     42.398  34.696306     8.7622     4.6482     42.040    32.6409    25.3086 -9.990e-29
 157.626973     42.418  34.696832     8.7628     4.6539     42.060    32.6409    25.3085 -9.990e-29
