data/oxygen options/OCNMS/OCNMS1/raw_data/2010/CAST_TH042_082110faed.cnv
* Sea-Bird SBE19 Data File:
* FileName = C:\Documents and Settings\OCNMS\Desktop\2010 mooring data\second service\CAST_TH042_082110.hex
* Software Version 1.24
* Temperature SN = 2997
* Conductivity SN = 2997
* System UpLoad Time = Aug 21 2010 17:05:35
** CAST_TH042_082110
* SEACAT PROFILER V3.1c SN 2997   08/21/10  17:03:56.725
# nquan = 9                                 
# nvalues = 812                         
# units = specified
# name 0 = timeJ: Julian Days
# name 1 = prSM: Pressure, Strain Gauge [db]
# name 2 = c0mS/cm: Conductivity [mS/cm]
# name 3 = t090C: Temperature [ITS-90, deg C]
# name 4 = sbeox0ML/L: Oxygen, SBE 43 [ml/l]
# name 5 = depSM: Depth [salt water, m], lat = 47.5
# name 6 = sal00: Salinity, Practical [PSU]
# name 7 = sigma-é00: Density [sigma-theta, kg/m^3]
# name 8 = flag: flag
# span 0 = 233.620150, 233.624844       
# span 1 =     -4.485,     42.951       
# span 2 =   1.075430,  38.685366       
# span 3 =     7.1580,    13.5206       
# span 4 =   -10.5711,    14.0049       
# span 5 =     -4.448,     42.588       
# span 6 =     0.7407,    33.7062       
# span 7 =    -0.0548,    26.3781       
# span 8 = 0.0000e+00, 0.0000e+00       
# interval = seconds: 0.5
# start_time = Aug 21 2010 14:53:01 [Instrument's time stamp, header]
# bad_flag = -9.990e-29
*END*
 233.620150     -4.485 -9.990e-29    13.5011    -1.6398     -4.448 -9.990e-29 -9.990e-29 -9.990e-29
 233.620156     -4.422  38.685366    13.4593    -1.6391     -4.385    32.4418    24.3205 -9.990e-29
 233.620162     -4.357  38.679590    13.4476    -1.6383     -4.321    32.4463    24.3264 -9.990e-29
 233.620168     -4.299  38.651221    13.4494    -1.6376     -4.263    32.4182    24.3043 -9.990e-29
 233.620174     -4.249  38.619591    13.4539    -1.6369     -4.214    32.3848    24.2776 -9.990e-29
 233.620179     -4.202  38.606420    13.4625    -1.6398     -4.167    32.3652    24.2607 -9.990e-29
 233.620185     -4.158  38.607046    13.4744    -1.6417     -4.123    32.3557    24.2510 -9.990e-29
 233.620191     -4.112  38.613363    13.4794    -1.6414     -4.078    32.3573    24.2512 -9.990e-29
 233.620197     -4.065  38.624304    13.4741    -1.6383     -4.031    32.3720    24.2636 -9.990e-29
 233.620203     -4.020  38.635446    13.4732    -1.6367     -3.986    32.3832    24.2724 -9.990e-29
 233.620208     -3.973  38.637583    13.4867    -1.6400     -3.940    32.3737    24.2624 -9.990e-29
 233.620214     -3.926  38.633599    13.5074    -1.6434     -3.893    32.3524    24.2418 -9.990e-29
 233.620220     -3.880  38.632227    13.5206    -1.6435     -3.848    32.3399    24.2295 -9.990e-29
 233.620226     -3.836  38.633920    13.5050    -1.6440     -3.804    32.3547    24.2441 -9.990e-29
 233.620231     -3.800  38.638736    13.4583    -1.6429     -3.768    32.3988    24.2875 -9.990e-29
 233.620237     -3.770  38.646972    13.4230    -1.6422     -3.739    32.4365    24.3237 -9.990e-29
 233.620243     -3.739  38.653388    13.4350    -1.6420     -3.708    32.4323    24.3181 -9.990e-29
 233.620249     -3.710  38.648629    13.4710    -1.6417     -3.679    32.3972    24.2838 -9.990e-29
 233.620255     -3.686  38.638705    13.4726    -1.6415     -3.655    32.3866    24.2752 -9.990e-29
 233.620260     -3.660  38.644055    13.4187    -1.6415     -3.629    32.4374    24.3253 -9.990e-29
 233.620266     -3.626  38.659531    13.3541    -1.6422     -3.596    32.5069    24.3920 -9.990e-29
 233.620272     -3.588  38.662092    13.3248    -1.6434     -3.558    32.5343    24.4190 -9.990e-29
 233.620278     -3.550  38.649571    13.3308    -1.6437     -3.520    32.5175    24.4048 -9.990e-29
 233.620284     -3.519  38.623230    13.3507    -1.6439     -3.490    32.4758    24.3686 -9.990e-29
 233.620289     -3.493  38.588328    13.3672    -1.6438     -3.464    32.4290    24.3291 -9.990e-29
 233.620295     -3.466  38.571228    13.3779    -1.6429     -3.437    32.4039    24.3076 -9.990e-29
 233.620301     -3.441  38.579437    13.3909    -1.6431     -3.412    32.4005    24.3023 -9.990e-29
 233.620307     -3.420  38.589754    13.4026    -1.6440     -3.391    32.4002    24.2998 -9.990e-29
 233.620313     -3.402  38.581224    13.3972    -1.6447     -3.374    32.3968    24.2982 -9.990e-29
 233.620318     -3.386  38.561007    13.3709    -1.6449     -3.358    32.4003    24.3061 -9.990e-29
 233.620324     -3.371  38.556553    13.3416    -1.6452     -3.343    32.4210    24.3280 -9.990e-29
 233.620330     -3.356  38.571487    13.3264    -1.6448     -3.328    32.4480    24.3519 -9.990e-29
 233.620336     -3.339  38.582037    13.3255    -1.6436     -3.311    32.4586    24.3603 -9.990e-29
 233.620341     -3.321  38.576517    13.3331    -1.6440     -3.293    32.4470    24.3498 -9.990e-29
 233.620347     -3.299  38.562734    13.3406    -1.6455     -3.271    32.4276    24.3334 -9.990e-29
 233.620353     -3.272  38.552611    13.3369    -1.6461     -3.245    32.4213    24.3292 -9.990e-29
 233.620359     -3.239  38.548943    13.3215    -1.6465     -3.212    32.4310    24.3397 -9.990e-29
 233.620365     -3.202  38.544638    13.3027    -1.6453     -3.175    32.4429    24.3527 -9.990e-29
 233.620370     -3.163  38.538475    13.2863    -1.6437     -3.137    32.4511    24.3623 -9.990e-29
 233.620376     -3.119  38.539082    13.2792    -1.6428     -3.093    32.4577    24.3689 -9.990e-29
 233.620382     -3.076  38.551786    13.2902    -1.6433     -3.050    32.4603    24.3686 -9.990e-29
 233.620388     -3.044  38.565535    13.3102    -1.6449     -3.019    32.4561    24.3614 -9.990e-29
 233.620394     -3.020  38.561145    13.3133    -1.6449     -2.995    32.4493    24.3556 -9.990e-29
 233.620399     -2.996  38.534485    13.2914    -1.6451     -2.971    32.4430    24.3550 -9.990e-29
 233.620405     -2.970  38.504975    13.2640    -1.6453     -2.945    32.4387    24.3571 -9.990e-29
 233.620411     -2.948  38.499999    13.2575    -1.6445     -2.923    32.4395    24.3591 -9.990e-29
 233.620417     -2.933  38.520235    13.2830    -1.6440     -2.909    32.4368    24.3519 -9.990e-29
 233.620422     -2.924  38.538331    13.3223    -1.6435     -2.900    32.4202    24.3313 -9.990e-29
 233.620428     -2.917  38.536419    13.3452    -1.6432     -2.893    32.3989    24.3102 -9.990e-29
 233.620434     -2.903  38.523760    13.3392    -1.6430     -2.879    32.3922    24.3062 -9.990e-29
 233.620440     -2.875  38.516030    13.3167    -1.6435     -2.851    32.4041    24.3199 -9.990e-29
 233.620446     -2.838  38.513612    13.2989    -1.6435     -2.814    32.4170    24.3334 -9.990e-29
 233.620451     -2.796  38.516117    13.2914    -1.6432     -2.773    32.4257    24.3416 -9.990e-29
 233.620457     -2.756  38.522432    13.2931    -1.6430     -2.733    32.4301    24.3448 -9.990e-29
 233.620463     -2.724  38.528122    13.3060    -1.6437     -2.701    32.4245    24.3378 -9.990e-29
 233.620469     -2.702  38.533522    13.3258    -1.6437     -2.679    32.4126    24.3247 -9.990e-29
 233.620475     -2.685  38.535780    13.3445    -1.6439     -2.663    32.3988    24.3103 -9.990e-29
 233.620480     -2.663  38.531220    13.3554    -1.6441     -2.641    32.3853    24.2977 -9.990e-29
 233.620486     -2.634  38.525574    13.3561    -1.6444     -2.612    32.3794    24.2930 -9.990e-29
 233.620492     -2.605  38.527607    13.3514    -1.6434     -2.583    32.3853    24.2985 -9.990e-29
 233.620498     -2.579  38.535585    13.3500    -1.6434     -2.557    32.3939    24.3054 -9.990e-29
 233.620503     -2.553  38.542807    13.3534    -1.6437     -2.532    32.3978    24.3077 -9.990e-29
 233.620509     -2.528  38.546047    13.3531    -1.6437     -2.507    32.4011    24.3103 -9.990e-29
 233.620515     -2.499  38.545177    13.3453    -1.6441     -2.478    32.4069    24.3164 -9.990e-29
 233.620521     -2.471  38.543000    13.3358    -1.6437     -2.450    32.4129    24.3229 -9.990e-29
 233.620527     -2.450  38.543937    13.3296    -1.6439     -2.430    32.4191    24.3289 -9.990e-29
 233.620532     -2.439  38.547029    13.3280    -1.6442     -2.419    32.4233    24.3325 -9.990e-29
 233.620538     -2.432  38.544662    13.3325    -1.6445     -2.412    32.4173    24.3270 -9.990e-29
 233.620544     -2.422  38.534836    13.3400    -1.6447     -2.402    32.4017    24.3134 -9.990e-29
 233.620550     -2.402  38.528587    13.3423    -1.6451     -2.382    32.3939    24.3069 -9.990e-29
 233.620556     -2.376  38.533312    13.3384    -1.6458     -2.356    32.4016    24.3137 -9.990e-29
 233.620561     -2.351  38.541340    13.3328    -1.6457     -2.331    32.4139    24.3243 -9.990e-29
 233.620567     -2.330  38.546598    13.3294    -1.6456     -2.311    32.4217    24.3310 -9.990e-29
 233.620573     -2.311  38.549409    13.3292    -1.6455     -2.292    32.4245    24.3332 -9.990e-29
 233.620579     -2.293  38.549630    13.3259    -1.6458     -2.274    32.4275    24.3362 -9.990e-29
 233.620584     -2.275  38.547593    13.3168    -1.6457     -2.256    32.4333    24.3425 -9.990e-29
 233.620590     -2.256  38.545666    13.3072    -1.6456     -2.237    32.4397    24.3494 -9.990e-29
 233.620596     -2.234  38.545238    13.2995    -1.6454     -2.215    32.4458    24.3556 -9.990e-29
 233.620602     -2.209  38.541848    13.2909    -1.6456     -2.191    32.4500    24.3606 -9.990e-29
 233.620608     -2.178  38.531011    13.2800    -1.6458     -2.160    32.4491    24.3621 -9.990e-29
 233.620613     -2.143  38.517928    13.2721    -1.6453     -2.125    32.4436    24.3593 -9.990e-29
 233.620619     -2.112  38.515453    13.2726    -1.6453     -2.094    32.4408    24.3571 -9.990e-29
 233.620625     -2.087  38.522563    13.2778    -1.6451     -2.070    32.4430    24.3578 -9.990e-29
 233.620631     -2.065  38.520751    13.2814    -1.6454     -2.048    32.4383    24.3534 -9.990e-29
 233.620637     -2.046  38.505394    13.2815    -1.6462     -2.029    32.4238    24.3421 -9.990e-29
 233.620642     -2.029  38.491923    13.2799    10.8810     -2.012    32.4125    24.3337 -9.990e-29
 233.620648     -2.011  38.493798    13.2801    13.7955     -1.994    32.4141    24.3349 -9.990e-29
 233.620654     -1.997  38.505710    13.2824    14.0049     -1.980    32.4233    24.3416 -9.990e-29
 233.620660     -1.990  38.509392    13.2864    11.7955     -1.973    32.4233    24.3408 -9.990e-29
 233.620666     -1.984  38.500262    13.2899     7.0841     -1.967    32.4118    24.3312 -9.990e-29
 233.620671     -1.976  38.491402    13.2901     7.2465     -1.960    32.4033    24.3246 -9.990e-29
 233.620677     -1.965  38.494015    13.2889     7.4359     -1.949    32.4067    24.3275 -9.990e-29
 233.620683     -1.950  38.502095    13.2860     7.4880     -1.934    32.4168    24.3359 -9.990e-29
 233.620689     -1.931  38.499553    13.2811     7.4752     -1.915    32.4186    24.3382 -9.990e-29
 233.620694     -1.905  38.479671    13.2747     7.4498     -1.889    32.4054    24.3293 -9.990e-29
 233.620700     -1.876  38.446800    13.2650     7.4051     -1.860    32.3828    24.3137 -9.990e-29
 233.620706     -1.851  38.415430    13.2566     7.3955     -1.836    32.3605    24.2982 -9.990e-29
 233.620712     -1.831  38.403172    13.2553     7.4230     -1.816    32.3501    24.2904 -9.990e-29
 233.620718     -1.817  38.408849    13.2582     7.4330     -1.802    32.3530    24.2920 -9.990e-29
 233.620723     -1.806  38.416527    13.2585     7.4091     -1.791    32.3599    24.2973 -9.990e-29
 233.620729     -1.794  38.414625    13.2516     7.3717     -1.779    32.3640    24.3019 -9.990e-29
 233.620735     -1.772  38.398403    13.2428     7.3430     -1.757    32.3562    24.2976 -9.990e-29
 233.620741     -1.742  38.384376    13.2488     7.3436     -1.727    32.3380    24.2823 -9.990e-29
 233.620747     -1.719  38.395907    13.2782     7.3616     -1.705    32.3238    24.2655 -9.990e-29
 233.620752     -1.708  38.427668    13.3199     7.3840     -1.694    32.3181    24.2528 -9.990e-29
 233.620758     -1.697  38.473288    13.3429     7.3801     -1.683    32.3413    24.2662 -9.990e-29
 233.620764     -1.683  38.497245    13.3233     7.3585     -1.669    32.3804    24.3003 -9.990e-29
 233.620770     -1.664  38.458677    13.2877     7.3407     -1.650    32.3745    24.3028 -9.990e-29
 233.620775     -1.644  38.413241    13.2816     7.3510     -1.630    32.3371    24.2751 -9.990e-29
 233.620781     -1.625  38.415829    13.3080     7.3741     -1.611    32.3171    24.2544 -9.990e-29
 233.620787     -1.606  38.445260    13.3407     7.3906     -1.593    32.3169    24.2477 -9.990e-29
 233.620793     -1.586  38.474683    13.3575     7.4035     -1.573    32.3302    24.2546 -9.990e-29
 233.620799     -1.560  38.485653    13.3504     7.3954     -1.547    32.3464    24.2687 -9.990e-29
 233.620804     -1.526  38.462018    13.3250     7.3817     -1.513    32.3459    24.2733 -9.990e-29
 233.620810     -1.494  38.414336    13.2995     7.3675     -1.482    32.3229    24.2606 -9.990e-29
 233.620816     -1.471  38.384979    13.2951     7.3678     -1.459    32.2991    24.2430 -9.990e-29
 233.620822     -1.456  38.403763    13.3084     7.3580     -1.444    32.3054    24.2453 -9.990e-29
 233.620828     -1.447  38.443087    13.3196     7.3471     -1.435    32.3327    24.2642 -9.990e-29
 233.620833     -1.441  38.466314    13.3259     7.3482     -1.429    32.3491    24.2756 -9.990e-29
 233.620839     -1.431  38.478678    13.3317     7.3590     -1.419    32.3557    24.2796 -9.990e-29
 233.620845     -1.418  38.486616    13.3323     7.3721     -1.406    32.3627    24.2848 -9.990e-29
 233.620851     -1.400  38.482815    13.3260     7.3761     -1.388    32.3645    24.2875 -9.990e-29
 233.620856     -1.382  38.474015    13.3175     7.3736     -1.370    32.3634    24.2884 -9.990e-29
 233.620862     -1.365  38.468693    13.3107     7.3685     -1.354    32.3642    24.2903 -9.990e-29
 233.620868     -1.349  38.464272    13.3059     7.3741     -1.338    32.3642    24.2912 -9.990e-29
 233.620874     -1.338  38.461049    13.3020     7.3772     -1.327    32.3644    24.2922 -9.990e-29
 233.620880     -1.329  38.459220    13.2975     7.3944     -1.318    32.3666    24.2947 -9.990e-29
 233.620885     -1.315  38.454078    13.2894     7.4058     -1.304    32.3686    24.2980 -9.990e-29
 233.620891     -1.290  38.439274    13.2753     7.4145     -1.279    32.3667    24.2993 -9.990e-29
 233.620897     -1.257  38.410706    13.2583     7.4160     -1.247    32.3544    24.2931 -9.990e-29
 233.620903     -1.223  38.380661    13.2481     7.3957     -1.213    32.3349    24.2800 -9.990e-29
 233.620909     -1.192  38.372905    13.2494     7.3851     -1.182    32.3265    24.2733 -9.990e-29
 233.620914     -1.174  38.387684    13.2574     7.3982     -1.164    32.3335    24.2772 -9.990e-29
 233.620920     -1.165  38.404296    13.2664     7.4043     -1.155    32.3414    24.2815 -9.990e-29
 233.620926     -1.157  38.414573    13.2724     7.4120     -1.147    32.3460    24.2838 -9.990e-29
 233.620932     -1.146  38.423199    13.2711     7.4020     -1.136    32.3552    24.2912 -9.990e-29
 233.620938     -1.130  38.421447    13.2599     7.4101     -1.121    32.3631    24.2995 -9.990e-29
 233.620943     -1.108  38.394598    13.2426     7.4046     -1.099    32.3526    24.2948 -9.990e-29
 233.620949     -1.084  38.362279    13.2332     7.4035     -1.075    32.3302    24.2794 -9.990e-29
 233.620955     -1.065  38.359234    13.2414     7.4084     -1.056    32.3204    24.2702 -9.990e-29
 233.620961     -1.053  38.381342    13.2586     7.4013     -1.044    32.3265    24.2715 -9.990e-29
 233.620966     -1.043  38.399738    13.2704     7.3904     -1.034    32.3337    24.2747 -9.990e-29
 233.620972     -1.026  38.404715    13.2688     7.4029     -1.017    32.3397    24.2797 -9.990e-29
 233.620978     -0.998  38.397253    13.2580     7.4123     -0.990    32.3419    24.2835 -9.990e-29
 233.620984     -0.959  38.387525    13.2510     7.4109     -0.951    32.3387    24.2825 -9.990e-29
 233.620990     -0.918  38.388842    13.2491     7.4286     -0.910    32.3416    24.2850 -9.990e-29
 233.620995     -0.865  38.388892    13.2385     7.4266     -0.858    32.3506    24.2941 -9.990e-29
 233.621001     -0.791  38.369191    13.2102     7.4347     -0.784    32.3562    24.3041 -9.990e-29
 233.621007     -0.698  38.332557    13.1726     7.4430     -0.692    32.3537    24.3096 -9.990e-29
 233.621013     -0.594  38.296776    13.1389     7.4393     -0.589    32.3488    24.3124 -9.990e-29
 233.621019     -0.480  38.269559    13.1082     7.4348     -0.476    32.3493    24.3189 -9.990e-29
 233.621024     -0.353  38.243690    13.0719     7.4629     -0.350    32.3558    24.3311 -9.990e-29
 233.621030     -0.210  38.210955    13.0314     7.4849     -0.208    32.3595    24.3419 -9.990e-29
 233.621036     -0.055  38.176404    12.9973     7.4873     -0.055    32.3560    24.3458 -9.990e-29
 233.621042      0.106  38.152745    12.9729     7.5017      0.105    32.3544    24.3494 -9.990e-29
 233.621047      0.270  38.136390    12.9491     7.5123      0.268    32.3593    24.3578 -9.990e-29
 233.621053      0.438  38.112752    12.9186     7.5319      0.434    32.3629    24.3666 0.0000e+00
 233.621059      0.609  38.077154    12.8866     7.5379      0.604    32.3566    24.3679 0.0000e+00
 233.621065      0.775  38.042595    12.8611     7.5114      0.769    32.3456    24.3644 0.0000e+00
 233.621071      0.940  38.018971    12.8308     7.4810      0.932    32.3491    24.3730 0.0000e+00
