data/oxygen options/OCNMS/OCNMS1/raw_data/2010/CAST_MB015_101910faed.cnv
* Sea-Bird SBE19 Data File:
* FileName = C:\Documents and Settings\OCNMS\Desktop\2010 mooring data\fourth service\CAST_MB015_101910.hex
* Software Version 1.24
* Temperature SN = 2997
* Conductivity SN = 2997
* System UpLoad Time = Oct 20 2010 11:41:32
** CAST_MB015_101910
* SEACAT PROFILER V3.1c SN 2997   10/20/10  11:39:54.369
# nquan = 9                                 
# nvalues = 584                         
# units = specified
# name 0 = timeJ: Julian Days
# name 1 = prSM: Pressure, Strain Gauge [db]
# name 2 = c0mS/cm: Conductivity [mS/cm]
# name 3 = t090C: Temperature [ITS-90, deg C]
# name 4 = sbeox0ML/L: Oxygen, SBE 43 [ml/l]
# name 5 = depSM: Depth [salt water, m], lat = 47.5
# name 6 = sal00: Salinity, Practical [PSU]
# name 7 = sigma-é00: Density [sigma-theta, kg/m^3]
# name 8 = flag: flag
# span 0 = 292.623403, 292.626777       
# span 1 =     -4.912,     18.457       
# span 2 =   0.063727,  37.217431       
# span 3 =    10.9372,    13.6481       
# span 4 =    -2.0031,    12.6863       
# span 5 =     -4.871,     18.302       
# span 6 =     0.0408,    32.3120       
# span 7 =    -0.6679,    24.6879       
# span 8 = 0.0000e+00, 0.0000e+00       
# interval = seconds: 0.5
# start_time = Oct 19 2010 14:57:42 [Instrument's time stamp, header]
# bad_flag = -9.990e-29
*END*
[from data line 321]
 292.625260     12.140  36.881391    12.3160     5.2902     12.038    31.7003    23.9690 0.0000e+00
 292.625266     12.395  36.862901    12.2807     5.2840     12.291    31.7124    23.9850 0.0000e+00
 292.625272     12.641  36.855301    12.2708     5.2401     12.535    31.7134    23.9876 0.0000e+00
 292.625278     12.878  36.856215    12.2755     5.1848     12.770    31.7102    23.9842 0.0000e+00
 292.625284     13.107  36.859507    12.2812     5.1452     12.997    31.7084    23.9818 0.0000e+00
 292.625289     13.338  36.859412    12.2799     5.1288     13.226    31.7093    23.9828 0.0000e+00
 292.625295     13.583  36.856297    12.2650     5.1113     13.469    31.7189    23.9930 0.0000e+00
 292.625301     13.843  36.847059    12.2313     5.0814     13.727    31.7385    24.0145 0.0000e+00
 292.625307     14.118  36.829953    12.1869     5.0097     14.000    31.7596    24.0392 0.0000e+00
 292.625313     14.405  36.809540    12.1430     4.8785     14.284    31.7772    24.0610 0.0000e+00
 292.625318     14.690  36.788208    12.1126     4.7182     14.567    31.7824    24.0707 0.0000e+00
 292.625324     14.964  36.777195    12.0995     4.5955     14.839    31.7829    24.0735 0.0000e+00
 292.625330     15.225  36.776858    12.0670     4.5263     15.097    31.8101    24.1007 0.0000e+00
 292.625336     15.487  36.756430    11.9537     4.4916     15.357    31.8871    24.1813 0.0000e+00
 292.625341     15.761  36.688045    11.7451     4.4572     15.629    31.9999    24.3072 0.0000e+00
 292.625347     16.048  36.584061    11.5137     4.4049     15.913    32.0986    24.4259 0.0000e+00
 292.625353     16.341  36.488870    11.3326     4.3792     16.204    32.1628    24.5083 0.0000e+00
 292.625359     16.628  36.421601    11.2264     4.3620     16.489    32.1893    24.5479 0.0000e+00
 292.625365     16.892  36.389326    11.2040     4.3510     16.750    32.1771    24.5424 0.0000e+00
 292.625370     17.130  36.394269    11.2130     4.3455     16.986    32.1740    24.5384 0.0000e+00
 292.625376     17.352  36.389734    11.1670     4.3565     17.206    32.2096    24.5743 0.0000e+00
 292.625382     17.569  36.342725    11.0607     4.3689     17.422    32.2564    24.6294 0.0000e+00
 292.625388     17.776  36.280108    10.9648     4.4110     17.627    32.2787    24.6636 0.0000e+00
 292.625394     17.961  36.243195    10.9372     4.4412     17.810    32.2664    24.6589 0.0000e+00
 292.625399     18.116  36.240354    10.9620     4.4374     17.964    32.2417    24.6353 -9.990e-29
 292.625405     18.235  36.257624    10.9846     4.4347     18.082    32.2389    24.6292 -9.990e-29
 292.625411     18.324  36.284361    10.9888     4.4363     18.170    32.2616    24.6461 -9.990e-29
 292.625417     18.387  36.302397    10.9894     4.4406     18.233    32.2788    24.6594 -9.990e-29
 292.625422     18.429  36.307157    10.9947     4.4417     18.274    32.2789    24.6585 -9.990e-29
 292.625428     18.451  36.308278    11.0035     4.4429     18.296    32.2722    24.6518 -9.990e-29
 292.625434     18.457  36.308863    11.0110     4.4556     18.302    32.2662    24.6458 -9.990e-29
 292.625440     18.445  36.311306    11.0156     4.4671     18.290    32.2646    24.6438 -9.990e-29
 292.625446     18.415  36.313758    11.0201     4.4788     18.260    32.2631    24.6418 -9.990e-29
 292.625451     18.366  36.314381    11.0283     4.4583     18.212    32.2565    24.6352 -9.990e-29
 292.625457     18.299  36.317296    11.0398     4.4289     18.145    32.2493    24.6276 -9.990e-29
 292.625463     18.217  36.323524    11.0510     4.4064     18.064    32.2457    24.6228 -9.990e-29
 292.625469     18.120  36.331782    11.0614     4.3882     17.968    32.2447    24.6202 -9.990e-29
 292.625475     18.002  36.342374    11.0652     4.3846     17.851    32.2519    24.6251 -9.990e-29
 292.625480     17.859  36.350313    11.0454     4.3838     17.709    32.2772    24.6483 0.0000e+00
 292.625486     17.700  36.344281    11.0056     4.3792     17.552    32.3063    24.6779 0.0000e+00
 292.625492     17.540  36.321769    10.9739     4.3949     17.393    32.3120    24.6879 0.0000e+00
 292.625498     17.390  36.294131    10.9587     4.4167     17.244    32.2981    24.6798 0.0000e+00
 292.625503     17.254  36.274842    10.9522     4.4298     17.109    32.2848    24.6706 0.0000e+00
 292.625509     17.127  36.270029    10.9522     4.4465     16.983    32.2801    24.6669 0.0000e+00
 292.625515     17.001  36.276952    10.9641     4.4533     16.858    32.2765    24.6620 0.0000e+00
 292.625521     16.869  36.290800    10.9984     4.4777     16.728    32.2601    24.6433 0.0000e+00
 292.625527     16.721  36.311323    11.0528     4.5300     16.581    32.2327    24.6123 0.0000e+00
 292.625532     16.553  36.336708    11.1110     4.5684     16.414    32.2068    24.5819 0.0000e+00
 292.625538     16.371  36.359134    11.1650     4.6268     16.234    32.1817    24.5529 0.0000e+00
 292.625544     16.190  36.378797    11.2163     4.6863     16.054    32.1563    24.5240 0.0000e+00
 292.625550     16.023  36.401168    11.2657     4.7434     15.889    32.1352    24.4988 0.0000e+00
 292.625556     15.885  36.426368    11.3119     4.7960     15.752    32.1198    24.4786 -9.990e-29
 292.625561     15.785  36.453250    11.3687     4.8109     15.653    32.0967    24.4505 -9.990e-29
 292.625567     15.721  36.491308    11.4527     4.8153     15.589    32.0611    24.4077 -9.990e-29
 292.625573     15.684  36.535252    11.5411     4.7987     15.553    32.0274    24.3656 -9.990e-29
 292.625579     15.660  36.557398    11.6074     4.7852     15.529    31.9917    24.3259 -9.990e-29
 292.625584     15.633  36.566531    11.6540     4.7676     15.502    31.9604    24.2932 -9.990e-29
 292.625590     15.602  36.581528    11.6790     4.7729     15.471    31.9535    24.2832 -9.990e-29
 292.625596     15.579  36.593238    11.6839     4.7930     15.448    31.9606    24.2879 -9.990e-29
 292.625602     15.574  36.597084    11.6759     4.8034     15.443    31.9713    24.2976 -9.990e-29
 292.625608     15.587  36.591441    11.6550     4.8042     15.456    31.9838    24.3111 -9.990e-29
 292.625613     15.606  36.576029    11.6410     4.7584     15.475    31.9809    24.3114 -9.990e-29
 292.625619     15.620  36.569463    11.6611     4.7103     15.489    31.9572    24.2893 -9.990e-29
 292.625625     15.625  36.582546    11.7013     4.6968     15.494    31.9353    24.2650 -9.990e-29
 292.625631     15.625  36.598518    11.7197     4.7080     15.494    31.9349    24.2614 -9.990e-29
 292.625637     15.629  36.603363    11.6938     4.7272     15.498    31.9619    24.2871 -9.990e-29
 292.625642     15.643  36.590634    11.6372     4.7272     15.512    31.9983    24.3257 -9.990e-29
 292.625648     15.661  36.562927    11.5897     4.7129     15.530    32.0124    24.3452 -9.990e-29
 292.625654     15.678  36.545423    11.5801     4.6928     15.547    32.0036    24.3401 -9.990e-29
 292.625660     15.685  36.550575    11.6049     4.6718     15.554    31.9872    24.3229 -9.990e-29
 292.625666     15.678  36.563922    11.6386     4.6584     15.547    31.9711    24.3043 -9.990e-29
 292.625671     15.671  36.575782    11.6488     4.6568     15.540    31.9739    24.3046 -9.990e-29
 292.625677     15.684  36.581217    11.6175     4.6605     15.553    32.0062    24.3353 -9.990e-29
 292.625683     15.717  36.568965    11.5646     4.6629     15.585    32.0399    24.3711 -9.990e-29
 292.625689     15.756  36.544500    11.5371     4.6697     15.624    32.0399    24.3760 -9.990e-29
 292.625694     15.791  36.533401    11.5478     4.6659     15.659    32.0198    24.3585 -9.990e-29
 292.625700     15.814  36.539860    11.5624     4.6703     15.681    32.0134    24.3509 -9.990e-29
 292.625706     15.829  36.545003    11.5585     4.6947     15.696    32.0218    24.3581 -9.990e-29
 292.625712     15.839  36.541655    11.5500     4.7215     15.706    32.0259    24.3629 -9.990e-29
 292.625718     15.841  36.541004    11.5542     4.7467     15.708    32.0216    24.3588 -9.990e-29
 292.625723     15.835  36.547181    11.5671     4.7403     15.702    32.0165    24.3525 -9.990e-29
 292.625729     15.830  36.552143    11.5785     4.7352     15.697    32.0115    24.3465 -9.990e-29
 292.625735     15.829  36.554629    11.5830     4.6985     15.696    32.0100    24.3446 -9.990e-29
 292.625741     15.832  36.556801    11.5836     4.6743     15.699    32.0116    24.3457 -9.990e-29
 292.625747     15.840  36.563200    11.5954     4.6670     15.707    32.0076    24.3405 -9.990e-29
 292.625752     15.853  36.577841    11.6172     4.6730     15.720    32.0031    24.3330 -9.990e-29
 292.625758     15.872  36.587724    11.6164     4.6948     15.739    32.0134    24.3411 -9.990e-29
 292.625764     15.894  36.572949    11.5745     4.6902     15.761    32.0352    24.3656 -9.990e-29
 292.625770     15.911  36.540111    11.5281     4.6578     15.778    32.0433    24.3803 -9.990e-29
 292.625775     15.917  36.524917    11.5249     4.6110     15.784    32.0312    24.3716 -9.990e-29
 292.625781     15.906  36.537861    11.5572     4.5686     15.773    32.0159    24.3538 -9.990e-29
 292.625787     15.888  36.553591    11.5849     4.5622     15.755    32.0073    24.3421 -9.990e-29
 292.625793     15.878  36.561680    11.5725     4.5753     15.745    32.0259    24.3588 -9.990e-29
 292.625799     15.884  36.552725    11.5104     4.5755     15.751    32.0709    24.4050 -9.990e-29
 292.625804     15.902  36.519801    11.4393     4.5886     15.769    32.1005    24.4407 -9.990e-29
 292.625810     15.925  36.488978    11.4010     4.5893     15.791    32.1036    24.4500 -9.990e-29
 292.625816     15.945  36.480711    11.3973     4.5918     15.811    32.0987    24.4469 -9.990e-29
 292.625822     15.960  36.488407    11.4165     4.6085     15.826    32.0895    24.4364 -9.990e-29
 292.625828     15.970  36.498760    11.4464     4.6175     15.836    32.0737    24.4187 -9.990e-29
 292.625833     15.977  36.507616    11.4691     4.6394     15.843    32.0627    24.4060 -9.990e-29
 292.625839     15.980  36.512190    11.4727     4.6625     15.846    32.0640    24.4064 -9.990e-29
 292.625845     15.976  36.507350    11.4642     4.6858     15.842    32.0667    24.4100 -9.990e-29
 292.625851     15.955  36.501732    11.4581     4.6927     15.821    32.0665    24.4110 -9.990e-29
 292.625856     15.917  36.504610    11.4669     4.6905     15.784    32.0617    24.4056 -9.990e-29
 292.625862     15.872  36.514182    11.4959     4.6805     15.739    32.0459    24.3882 -9.990e-29
 292.625868     15.834  36.534212    11.5282     4.6469     15.701    32.0375    24.3758 -9.990e-29
 292.625874     15.813  36.556648    11.5414     4.6195     15.680    32.0479    24.3815 -9.990e-29
 292.625880     15.808  36.559290    11.5382     4.5888     15.675    32.0533    24.3863 -9.990e-29
 292.625885     15.811  36.548992    11.5298     4.5536     15.678    32.0505    24.3856 -9.990e-29
 292.625891     15.821  36.542232    11.5149     4.5581     15.688    32.0568    24.3932 -9.990e-29
 292.625897     15.848  36.536117    11.4900     4.5708     15.715    32.0724    24.4098 -9.990e-29
 292.625903     15.893  36.525816    11.4526     4.5858     15.760    32.0948    24.4340 -9.990e-29
 292.625909     15.946  36.505959    11.4075     4.5919     15.812    32.1145    24.4574 -9.990e-29
 292.625914     15.990  36.478590    11.3899     4.5915     15.856    32.1030    24.4516 -9.990e-29
 292.625920     16.006  36.468779    11.4140     4.6109     15.872    32.0725    24.4236 -9.990e-29
 292.625926     15.994  36.485238    11.4412     4.6246     15.860    32.0650    24.4128 -9.990e-29
 292.625932     15.976  36.502827    11.4507     4.6270     15.842    32.0739    24.4181 -9.990e-29
 292.625938     15.963  36.508006    11.4478     4.6131     15.829    32.0815    24.4245 -9.990e-29
 292.625943     15.950  36.504292    11.4425     4.5898     15.816    32.0825    24.4262 -9.990e-29
 292.625949     15.932  36.501817    11.4487     4.5831     15.798    32.0747    24.4191 -9.990e-29
 292.625955     15.912  36.508445    11.4648     4.5779     15.779    32.0672    24.4103 -9.990e-29
 292.625961     15.902  36.517854    11.4749     4.5749     15.769    32.0677    24.4089 -9.990e-29
 292.625966     15.913  36.521831    11.4654     4.5857     15.780    32.0798    24.4200 -9.990e-29
 292.625972     15.947  36.515567    11.4379     4.6006     15.813    32.0975    24.4387 -9.990e-29
 292.625978     15.989  36.500757    11.4162     4.6255     15.855    32.1019    24.4460 -9.990e-29
 292.625984     16.019  36.491220    11.4207     4.6431     15.885    32.0886    24.4349 -9.990e-29
 292.625990     16.032  36.496036    11.4429     4.6560     15.898    32.0740    24.4196 -9.990e-29
 292.625995     16.031  36.507024    11.4634     4.6655     15.897    32.0670    24.4104 -9.990e-29
 292.626001     16.027  36.516957    11.4762     4.6869     15.893    32.0656    24.4070 -9.990e-29
 292.626007     16.022  36.525046    11.4839     4.6822     15.888    32.0668    24.4066 -9.990e-29
 292.626013     16.013  36.529723    11.4892     4.6631     15.879    32.0668    24.4056 -9.990e-29
 292.626019     15.994  36.531587    11.4951     4.6433     15.860    32.0635    24.4020 -9.990e-29
 292.626024     15.968  36.533648    11.5047     4.6233     15.834    32.0572    24.3954 -9.990e-29
 292.626030     15.947  36.538059    11.5176     4.6168     15.813    32.0504    24.3877 -9.990e-29
 292.626036     15.946  36.544504    11.5240     4.6172     15.812    32.0511    24.3872 -9.990e-29
 292.626042     15.974  36.546983    11.5153     4.6235     15.840    32.0611    24.3964 -9.990e-29
 292.626047     16.024  36.540926    11.4955     4.6259     15.890    32.0723    24.4087 -9.990e-29
 292.626053     16.078  36.528305    11.4798     4.6211     15.943    32.0735    24.4126 -9.990e-29
 292.626059     16.123  36.518574    11.4840     4.6092     15.988    32.0604    24.4016 -9.990e-29
 292.626065     16.156  36.521677    11.5014     4.5849     16.021    32.0483    24.3891 -9.990e-29
 292.626071     16.179  36.531630    11.5146     4.5734     16.043    32.0466    24.3853 -9.990e-29
 292.626076     16.196  36.539825    11.5192     4.5836     16.060    32.0506    24.3876 -9.990e-29
 292.626082     16.205  36.542035    11.5109     4.6059     16.069    32.0599    24.3964 -9.990e-29
 292.626088     16.213  36.531651    11.4761     4.6134     16.077    32.0800    24.4182 -9.990e-29
 292.626094     16.224  36.503755    11.4284     4.5993     16.088    32.0941    24.4378 -9.990e-29
 292.626100     16.230  36.475443    11.4160     4.5837     16.094    32.0772    24.4269 -9.990e-29
 292.626105     16.219  36.475008    11.4445     4.5815     16.083    32.0520    24.4022 -9.990e-29
 292.626111     16.185  36.496781    11.4686     4.5832     16.049    32.0524    24.3982 -9.990e-29
 292.626117     16.140  36.514304    11.4685     4.5809     16.005    32.0696    24.4116 -9.990e-29
 292.626123     16.107  36.517872    11.4559     4.5783     15.972    32.0841    24.4250 -9.990e-29
 292.626128     16.095  36.513896    11.4363     4.5768     15.960    32.0972    24.4388 -9.990e-29
 292.626134     16.101  36.507118    11.4152     4.5805     15.966    32.1089    24.4516 -9.990e-29
 292.626140     16.115  36.503023    11.4049     4.5825     15.980    32.1138    24.4573 -9.990e-29
 292.626146     16.134  36.506751    11.4089     4.5831     15.999    32.1140    24.4567 -9.990e-29
 292.626152     16.160  36.512590    11.4190     4.6106     16.025    32.1109    24.4525 -9.990e-29
 292.626157     16.194  36.512044    11.4202     4.6371     16.058    32.1093    24.4511 -9.990e-29
 292.626163     16.230  36.502669    11.4149     4.6616     16.094    32.1048    24.4485 -9.990e-29
 292.626169     16.253  36.496577    11.4235     4.6733     16.117    32.0913    24.4365 -9.990e-29
 292.626175     16.261  36.502407    11.4479     4.6602     16.125    32.0758    24.4201 -9.990e-29
