data/oxygen options/OCNMS/OCNMS1/raw_data/2010/CAST_CE015_091410faed.cnv
* Sea-Bird SBE19 Data File:
* FileName = C:\Documents and Settings\OCNMS\Desktop\2010 mooring data\third service\CAST_CE015_091410.hex
* Software Version 1.24
* Temperature SN = 2997
* Conductivity SN = 2997
* System UpLoad Time = Sep 14 2010 15:20:12
** CAST_CE015_091410
* SEACAT PROFILER V3.1c SN 2997   09/14/10  15:18:31.762
# nquan = 9                                 
# nvalues = 599                         
# units = specified
# name 0 = timeJ: Julian Days
# name 1 = prSM: Pressure, Strain Gauge [db]
# name 2 = c0mS/cm: Conductivity [mS/cm]
# name 3 = t090C: Temperature [ITS-90, deg C]
# name 4 = sbeox0ML/L: Oxygen, SBE 43 [ml/l]
# name 5 = depSM: Depth [salt water, m], lat = 47.5
# name 6 = sal00: Salinity, Practical [PSU]
# name 7 = sigma-é00: Density [sigma-theta, kg/m^3]
# name 8 = flag: flag
# span 0 = 257.588704, 257.592164       
# span 1 =     -5.396,     16.307       
# span 2 =   0.024400,  38.882062       
# span 3 =    10.9153,    15.5749       
# span 4 =    -1.6341,    15.4292       
# span 5 =     -5.351,     16.170       
# span 6 =     0.0186,    32.9668       
# span 7 =    -0.9711,    25.2025       
# span 8 = 0.0000e+00, 0.0000e+00       
# interval = seconds: 0.5
# start_time = Sep 14 2010 14:07:44 [Instrument's time stamp, header]
# bad_flag = -9.990e-29
*END*
 257.588704     -5.396 -9.990e-29    15.5749    -1.6303     -5.351 -9.990e-29 -9.990e-29 -9.990e-29
 257.588709     -5.357   0.024400    15.5610    -1.6322     -5.312     0.0186    -0.9711 -9.990e-29
 257.588715     -5.313   0.032262    15.5495    -1.6320     -5.269     0.0227    -0.9661 -9.990e-29
 257.588721     -5.267   0.055849    15.5372    -1.6312     -5.223     0.0354    -0.9544 -9.990e-29
 257.588727     -5.222   0.126609    15.5184    -1.6328     -5.178     0.0751    -0.9206 -9.990e-29
 257.588733     -5.174   0.338889    15.4799    -1.6341     -5.131     0.2006    -0.8174 -9.990e-29
 257.588738     -5.121   0.975730    15.3805    -1.6319     -5.078     0.5989    -0.4939 -9.990e-29
 257.588744     -5.060   2.886251    15.0959    -1.6312     -5.018     1.8841     0.5414 -9.990e-29
 257.588750     -4.986   8.617815    14.5934    -1.6317     -4.944     6.1267     3.8812 -9.990e-29
 257.588756     -4.894  19.380334    14.1145    -1.6324     -4.853    14.9079    10.6983 -9.990e-29
 257.588762     -4.784  30.153141    13.8498    -1.6333     -4.744    24.3656    18.0147 -9.990e-29
 257.588767     -4.664  35.896010    13.7394    -1.6338     -4.625    29.6337    22.0960 -9.990e-29
 257.588773     -4.550  37.825855    13.6838    -1.6333     -4.512    31.4551    23.5131 -9.990e-29
 257.588779     -4.442  38.514676    13.6539    -1.6332     -4.405    32.1184    24.0314 -9.990e-29
 257.588785     -4.338  38.780599    13.6551    -1.6328     -4.302    32.3644    24.2213 -9.990e-29
 257.588791     -4.239  38.854346    13.6767    -1.6327     -4.204    32.4146    24.2557 -9.990e-29
 257.588796     -4.149  38.846043    13.6889    -1.6314     -4.114    32.3965    24.2393 -9.990e-29
 257.588802     -4.069  38.844420    13.6828    -1.6301     -4.035    32.4002    24.2433 -9.990e-29
 257.588808     -3.999  38.860246    13.6725    -1.6313     -3.966    32.4236    24.2635 -9.990e-29
 257.588814     -3.939  38.865335    13.6666    -1.6328     -3.906    32.4333    24.2722 -9.990e-29
 257.588819     -3.889  38.842400    13.6666    -1.6331     -3.857    32.4119    24.2557 -9.990e-29
 257.588825     -3.846  38.802366    13.6715    -1.6332     -3.814    32.3706    24.2228 -9.990e-29
 257.588831     -3.807  38.773159    13.6777    -1.6326     -3.775    32.3382    24.1965 -9.990e-29
 257.588837     -3.771  38.765193    13.6884    -1.6324     -3.740    32.3217    24.1816 -9.990e-29
 257.588843     -3.738  38.772363    13.7076    -1.6327     -3.707    32.3122    24.1703 -9.990e-29
 257.588848     -3.712  38.777921    13.7234    -1.6330     -3.681    32.3040    24.1608 -9.990e-29
 257.588854     -3.690  38.779780    13.7188    -1.6330     -3.659    32.3096    24.1661 -9.990e-29
 257.588860     -3.671  38.807922    13.6973    -1.6332     -3.640    32.3538    24.2046 -9.990e-29
 257.588866     -3.654  38.857310    13.6801    -1.6326     -3.624    32.4143    24.2548 -9.990e-29
 257.588872     -3.637  38.874441    13.6770    -1.6329     -3.607    32.4328    24.2697 -9.990e-29
 257.588877     -3.620  38.844630    13.6830    -1.6328     -3.590    32.4000    24.2432 -9.990e-29
 257.588883     -3.602  38.804387    13.6895    -1.6323     -3.572    32.3571    24.2087 -9.990e-29
 257.588889     -3.581  38.780796    13.6892    -1.6328     -3.551    32.3355    24.1921 -9.990e-29
 257.588895     -3.557  38.778310    13.6834    -1.6319     -3.527    32.3380    24.1952 -9.990e-29
 257.588900     -3.527  38.788043    13.6799    -1.6323     -3.498    32.3500    24.2052 -9.990e-29
 257.588906     -3.494  38.794983    13.6813    -1.6328     -3.465    32.3553    24.2090 -9.990e-29
 257.588912     -3.464  38.790476    13.6827    -1.6328     -3.435    32.3499    24.2045 -9.990e-29
 257.588918     -3.440  38.778634    13.6825    -1.6330     -3.411    32.3391    24.1962 -9.990e-29
 257.588924     -3.416  38.776770    13.6857    -1.6326     -3.388    32.3346    24.1921 -9.990e-29
 257.588929     -3.386  38.786916    13.6945    -1.6323     -3.358    32.3366    24.1919 -9.990e-29
 257.588935     -3.353  38.787320    13.6986    -1.6321     -3.325    32.3335    24.1886 -9.990e-29
 257.588941     -3.318  38.776314    13.6890    -1.6328     -3.290    32.3314    24.1889 -9.990e-29
 257.588947     -3.285  38.779050    13.6750    -1.6332     -3.258    32.3457    24.2029 -9.990e-29
 257.588953     -3.254  38.815465    13.6701    -1.6330     -3.227    32.3837    24.2332 -9.990e-29
 257.588958     -3.224  38.862402    13.6757    -1.6333     -3.197    32.4226    24.2621 -9.990e-29
 257.588964     -3.198  38.869254    13.6840    -1.6330     -3.171    32.4219    24.2599 -9.990e-29
 257.588970     -3.177  38.834538    13.6856    -1.6326     -3.151    32.3883    24.2336 -9.990e-29
 257.588976     -3.162  38.798878    13.6790    -1.6323     -3.136    32.3607    24.2136 -9.990e-29
 257.588981     -3.146  38.794352    13.6726    -1.6321     -3.120    32.3619    24.2159 -9.990e-29
 257.588987     -3.124  38.825046    13.6722    -1.6323     -3.098    32.3908    24.2382 -9.990e-29
 257.588993     -3.098  38.858492    13.6764    -1.6333     -3.072    32.4183    24.2587 -9.990e-29
 257.588999     -3.073  38.859167    13.6840    -1.6331     -3.047    32.4125    24.2526 -9.990e-29
 257.589005     -3.050  38.824641    13.6897    -1.6325     -3.025    32.3756    24.2229 -9.990e-29
 257.589010     -3.032  38.780654    13.6869    -1.6324     -3.007    32.3371    24.1938 -9.990e-29
 257.589016     -3.014  38.754906    13.6794    -1.6332     -2.989    32.3195    24.1817 -9.990e-29
 257.589022     -2.991  38.761862    13.6751    -1.6332     -2.966    32.3295    24.1904 -9.990e-29
 257.589028     -2.964  38.797380    13.6763    -1.6324     -2.939    32.3615    24.2148 -9.990e-29
 257.589034     -2.942  38.837106    13.6817    -1.6322     -2.917    32.3939    24.2387 -9.990e-29
 257.589039     -2.926  38.858374    13.6865    -1.6320     -2.902    32.4096    24.2499 -9.990e-29
 257.589045     -2.908  38.850900    13.6860    -1.6323     -2.884    32.4030    24.2449 -9.990e-29
 257.589051     -2.878  38.818766    13.6822    -1.6334     -2.854    32.3764    24.2251 -9.990e-29
 257.589057     -2.841  38.792584    13.6794    12.1267     -2.817    32.3544    24.2087 -9.990e-29
 257.589063     -2.809  38.799689    13.6781    15.1918     -2.786    32.3621    24.2149 -9.990e-29
 257.589068     -2.785  38.821563    13.6770    15.4292     -2.762    32.3833    24.2315 -9.990e-29
 257.589074     -2.761  38.823508    13.6761    13.2249     -2.738    32.3859    24.2337 -9.990e-29
 257.589080     -2.733  38.811515    13.6761     8.4120     -2.710    32.3747    24.2251 -9.990e-29
 257.589086     -2.703  38.819508    13.6788     8.9172     -2.680    32.3799    24.2285 -9.990e-29
 257.589091     -2.677  38.848088    13.6850     9.3227     -2.655    32.4012    24.2437 -9.990e-29
 257.589097     -2.658  38.864213    13.6899     9.4764     -2.636    32.4120    24.2511 -9.990e-29
 257.589103     -2.646  38.847382    13.6885     9.4891     -2.624    32.3975    24.2402 -9.990e-29
 257.589109     -2.634  38.794243    13.6819     9.4350     -2.612    32.3537    24.2077 -9.990e-29
 257.589115     -2.618  38.714686    13.6755     9.3983     -2.596    32.2852    24.1561 -9.990e-29
 257.589120     -2.602  38.639983    13.6729     9.4134     -2.580    32.2180    24.1047 -9.990e-29
 257.589126     -2.588  38.597786    13.6741     9.4850     -2.566    32.1778    24.0734 -9.990e-29
 257.589132     -2.575  38.586788    13.6790     9.5226     -2.554    32.1635    24.0613 -9.990e-29
 257.589138     -2.563  38.589553    13.6844     9.5111     -2.542    32.1615    24.0587 -9.990e-29
 257.589144     -2.551  38.589066    13.6844     9.4811     -2.530    32.1611    24.0583 -9.990e-29
 257.589149     -2.538  38.577423    13.6791     9.4522     -2.517    32.1547    24.0545 -9.990e-29
 257.589155     -2.523  38.559311    13.6741     9.4282     -2.502    32.1421    24.0458 -9.990e-29
 257.589161     -2.502  38.545923    13.6713     9.3960     -2.481    32.1320    24.0385 -9.990e-29
 257.589167     -2.467  38.545221    13.6697     9.3649     -2.446    32.1327    24.0394 -9.990e-29
 257.589172     -2.427  38.552936    13.6695     9.3692     -2.407    32.1400    24.0451 -9.990e-29
 257.589178     -2.391  38.555851    13.6709     9.4316     -2.371    32.1415    24.0460 -9.990e-29
 257.589184     -2.361  38.552837    13.6741     9.5257     -2.341    32.1360    24.0411 -9.990e-29
 257.589190     -2.335  38.553920    13.6799     9.5954     -2.316    32.1322    24.0369 -9.990e-29
 257.589196     -2.312  38.559457    13.6863     9.5894     -2.293    32.1319    24.0354 -9.990e-29
 257.589201     -2.290  38.562852    13.6909     9.5578     -2.271    32.1312    24.0339 -9.990e-29
 257.589207     -2.267  38.560257    13.6940     9.5270     -2.248    32.1262    24.0294 -9.990e-29
 257.589213     -2.243  38.551611    13.6971     9.5225     -2.224    32.1155    24.0206 -9.990e-29
 257.589219     -2.216  38.543912    13.7003     9.5455     -2.198    32.1057    24.0124 -9.990e-29
 257.589225     -2.187  38.544302    13.7028     9.5607     -2.169    32.1040    24.0105 -9.990e-29
 257.589230     -2.165  38.550533    13.7051     9.5615     -2.147    32.1078    24.0130 -9.990e-29
 257.589236     -2.152  38.555813    13.7076     9.5624     -2.134    32.1106    24.0147 -9.990e-29
 257.589242     -2.142  38.556007    13.7090     9.5636     -2.124    32.1096    24.0136 -9.990e-29
 257.589248     -2.128  38.551965    13.7099     9.5705     -2.110    32.1051    24.0099 -9.990e-29
 257.589253     -2.106  38.547301    13.7112     9.5863     -2.088    32.0997    24.0055 -9.990e-29
 257.589259     -2.086  38.545914    13.7122     9.5947     -2.069    32.0975    24.0036 -9.990e-29
 257.589265     -2.069  38.547669    13.7130     9.5958     -2.052    32.0985    24.0042 -9.990e-29
 257.589271     -2.055  38.548775    13.7148     9.6072     -2.038    32.0980    24.0035 -9.990e-29
 257.589277     -2.044  38.548498    13.7177     9.6136     -2.027    32.0953    24.0008 -9.990e-29
 257.589282     -2.033  38.548180    13.7205     9.6281     -2.016    32.0927    23.9982 -9.990e-29
 257.589288     -2.023  38.547991    13.7225     9.6441     -2.006    32.0908    23.9964 -9.990e-29
 257.589294     -2.012  38.548274    13.7232     9.6436     -1.995    32.0905    23.9960 -9.990e-29
 257.589300     -2.001  38.548319    13.7228     9.6535     -1.984    32.0909    23.9963 -9.990e-29
 257.589306     -1.988  38.547100    13.7224     9.6629     -1.971    32.0901    23.9958 -9.990e-29
 257.589311     -1.973  38.545826    13.7224     9.6760     -1.957    32.0889    23.9949 -9.990e-29
 257.589317     -1.955  38.545631    13.7223     9.6867     -1.939    32.0888    23.9948 -9.990e-29
 257.589323     -1.932  38.546289    13.7218     9.6979     -1.916    32.0898    23.9957 -9.990e-29
 257.589329     -1.903  38.547029    13.7215     9.6907     -1.887    32.0907    23.9965 -9.990e-29
 257.589334     -1.871  38.547749    13.7220     9.6858     -1.855    32.0909    23.9966 -9.990e-29
 257.589340     -1.842  38.548880    13.7235     9.6835     -1.827    32.0907    23.9961 -9.990e-29
 257.589346     -1.818  38.549722    13.7265     9.6905     -1.803    32.0890    23.9941 -9.990e-29
 257.589352     -1.798  38.550307    13.7311     9.6863     -1.783    32.0857    23.9907 -9.990e-29
 257.589358     -1.781  38.552571    13.7365     9.6945     -1.766    32.0832    23.9877 -9.990e-29
 257.589363     -1.766  38.556201    13.7399     9.6910     -1.751    32.0837    23.9874 -9.990e-29
 257.589369     -1.751  38.557105    13.7391     9.6984     -1.736    32.0852    23.9887 -9.990e-29
 257.589375     -1.736  38.553719    13.7360     9.7057     -1.722    32.0847    23.9889 -9.990e-29
 257.589381     -1.719  38.549970    13.7356     9.7010     -1.705    32.0816    23.9866 -9.990e-29
 257.589387     -1.700  38.549856    13.7393     9.7098     -1.686    32.0783    23.9833 -9.990e-29
 257.589392     -1.682  38.552136    13.7430     9.7200     -1.668    32.0774    23.9818 -9.990e-29
 257.589398     -1.668  38.552596    13.7430     9.7396     -1.654    32.0778    23.9821 -9.990e-29
 257.589404     -1.653  38.550204    13.7407     9.7595     -1.639    32.0775    23.9824 -9.990e-29
 257.589410     -1.631  38.547969    13.7399     9.7658     -1.617    32.0761    23.9815 -9.990e-29
 257.589416     -1.605  38.548548    13.7426     9.7679     -1.592    32.0743    23.9796 -9.990e-29
 257.589421     -1.583  38.551061    13.7476     9.7628     -1.570    32.0725    23.9771 -9.990e-29
 257.589427     -1.567  38.554404    13.7536     9.7696     -1.554    32.0705    23.9744 -9.990e-29
 257.589433     -1.556  38.557995    13.7594     9.7746     -1.543    32.0690    23.9721 -9.990e-29
 257.589439     -1.549  38.559872    13.7623     9.7772     -1.536    32.0683    23.9709 -9.990e-29
 257.589444     -1.542  38.558563    13.7604     9.7797     -1.529    32.0687    23.9716 -9.990e-29
 257.589450     -1.530  38.555067    13.7564     9.7898     -1.517    32.0688    23.9725 -9.990e-29
 257.589456     -1.517  38.552512    13.7564     9.7995     -1.504    32.0664    23.9707 -9.990e-29
 257.589462     -1.505  38.554158    13.7648     9.8242     -1.492    32.0609    23.9647 -9.990e-29
 257.589468     -1.495  38.559901    13.7782     9.8454     -1.483    32.0550    23.9574 -9.990e-29
 257.589473     -1.485  38.565571    13.7863     9.8495     -1.473    32.0535    23.9546 -9.990e-29
 257.589479     -1.475  38.568025    13.7828     9.8411     -1.463    32.0587    23.9593 -9.990e-29
 257.589485     -1.465  38.564875    13.7715     9.8207     -1.453    32.0652    23.9667 -9.990e-29
 257.589491     -1.453  38.557472    13.7624     9.7783     -1.441    32.0660    23.9691 -9.990e-29
 257.589497     -1.438  38.554941    13.7628     9.7462     -1.426    32.0633    23.9670 -9.990e-29
 257.589502     -1.426  38.559452    13.7705     9.7254     -1.414    32.0610    23.9636 -9.990e-29
 257.589508     -1.417  38.563507    13.7764     9.7433     -1.405    32.0598    23.9615 -9.990e-29
 257.589514     -1.409  38.564611    13.7727     9.7686     -1.397    32.0639    23.9655 -9.990e-29
 257.589520     -1.396  38.561940    13.7593     9.7877     -1.384    32.0727    23.9749 -9.990e-29
 257.589525     -1.377  38.554680    13.7449     9.7924     -1.366    32.0780    23.9819 -9.990e-29
 257.589531     -1.356  38.549347    13.7386     9.7738     -1.345    32.0783    23.9835 -9.990e-29
 257.589537     -1.339  38.549978    13.7407     9.7626     -1.328    32.0771    23.9821 -9.990e-29
 257.589543     -1.330  38.552309    13.7446     9.7654     -1.319    32.0760    23.9805 -9.990e-29
 257.589549     -1.324  38.553224    13.7447     9.7693     -1.313    32.0768    23.9811 -9.990e-29
 257.589554     -1.311  38.553328    13.7414     9.7698     -1.300    32.0796    23.9839 -9.990e-29
 257.589560     -1.292  38.553823    13.7383     9.7513     -1.281    32.0827    23.9869 -9.990e-29
 257.589566     -1.274  38.555313    13.7385     9.7270     -1.263    32.0839    23.9878 -9.990e-29
 257.589572     -1.259  38.557486    13.7424     9.7015     -1.248    32.0826    23.9860 -9.990e-29
 257.589578     -1.246  38.559817    13.7469     9.6973     -1.236    32.0810    23.9839 -9.990e-29
 257.589583     -1.236  38.561994    13.7493     9.6966     -1.226    32.0810    23.9834 -9.990e-29
 257.589589     -1.222  38.562940    13.7490     9.6753     -1.212    32.0822    23.9843 -9.990e-29
 257.589595     -1.200  38.561619    13.7467     9.6428     -1.190    32.0829    23.9853 -9.990e-29
 257.589601     -1.177  38.560700    13.7439     9.5861     -1.167    32.0843    23.9870 -9.990e-29
 257.589606     -1.161  38.562261    13.7417     9.5567     -1.151    32.0876    23.9900 -9.990e-29
 257.589612     -1.149  38.563841    13.7404     9.5649     -1.139    32.0902    23.9923 -9.990e-29
 257.589618     -1.141  38.564126    13.7391     9.5821     -1.131    32.0915    23.9936 -9.990e-29
 257.589624     -1.133  38.562879    13.7362     9.6081     -1.124    32.0928    23.9951 -9.990e-29
