data/oxygen options/OCNMS/OCNMS1/raw_data/2010/CAST_TH015_081710faed.cnv
* Sea-Bird SBE19 Data File:
* FileName = C:\Documents and Settings\OCNMS\Desktop\2010 mooring data\second service\CAST_TH015_081710.hex
* Software Version 1.24
* Temperature SN = 2997
* Conductivity SN = 2997
* System UpLoad Time = Aug 18 2010 18:03:04
** CAST_TH015_081710
* SEACAT PROFILER V3.1c SN 2997   08/18/10  18:01:32.811
# nquan = 9                                 
# nvalues = 578                         
# units = specified
# name 0 = timeJ: Julian Days
# name 1 = prSM: Pressure, Strain Gauge [db]
# name 2 = c0mS/cm: Conductivity [mS/cm]
# name 3 = t090C: Temperature [ITS-90, deg C]
# name 4 = sbeox0ML/L: Oxygen, SBE 43 [ml/l]
# name 5 = depSM: Depth [salt water, m], lat = 47.5
# name 6 = sal00: Salinity, Practical [PSU]
# name 7 = sigma-é00: Density [sigma-theta, kg/m^3]
# name 8 = flag: flag
# span 0 = 229.689086, 229.692425       
# span 1 =     -5.261,     14.864       
# span 2 =   0.050784,  39.023123       
# span 3 =     9.0362,    14.3019       
# span 4 =    -1.9793,    14.7369       
# span 5 =     -5.217,     14.739       
# span 6 =     0.0331,    33.2260       
# span 7 =    -0.7540,    25.7190       
# span 8 = 0.0000e+00, 0.0000e+00       
# interval = seconds: 0.5
# start_time = Aug 17 2010 16:32:17 [Instrument's time stamp, header]
# bad_flag = -9.990e-29
*END*
[from data line 481]
 229.691869     12.692  35.566534     9.2716     3.4064     12.586    33.0882    25.5785 -9.990e-29
 229.691875     12.566  35.574137     9.2782     3.4327     12.461    33.0900    25.5789 0.0000e+00
 229.691881     12.425  35.575732     9.2832     3.4374     12.321    33.0870    25.5758 0.0000e+00
 229.691887     12.266  35.581866     9.2904     3.5288     12.163    33.0868    25.5744 0.0000e+00
 229.691892     12.094  35.596061     9.3017     3.6280     11.993    33.0911    25.5760 0.0000e+00
 229.691898     11.920  35.613162     9.3212     3.7460     11.820    33.0907    25.5726 0.0000e+00
 229.691904     11.746  35.628337     9.3563     3.8781     11.648    33.0740    25.5539 0.0000e+00
 229.691910     11.570  35.645575     9.4293     3.9831     11.473    33.0244    25.5034 0.0000e+00
 229.691916     11.393  35.685992     9.5371     4.0527     11.298    32.9667    25.4409 0.0000e+00
 229.691921     11.225  35.766504     9.6226     4.1363     11.131    32.9708    25.4302 0.0000e+00
 229.691927     11.073  35.852713     9.6955     4.2324     10.980    32.9922    25.4350 0.0000e+00
 229.691933     10.932  35.967701     9.8010     4.4174     10.840    33.0130    25.4339 0.0000e+00
 229.691939     10.792  36.130871     9.8872     4.6273     10.702    33.1004    25.4878 0.0000e+00
 229.691944     10.648  36.196131     9.9592     4.8134     10.559    33.1008    25.4762 0.0000e+00
 229.691950     10.496  36.176555    10.1192     4.9710     10.408    32.9348    25.3199 0.0000e+00
 229.691956     10.331  36.233211    10.3580     5.0748     10.245    32.7757    25.1554 0.0000e+00
 229.691962     10.159  36.351427    10.5760     5.1359     10.074    32.6982    25.0577 0.0000e+00
 229.691968      9.991  36.488804    10.7490     5.1654      9.907    32.6805    25.0140 0.0000e+00
 229.691973      9.833  36.641399    10.8967     5.1785      9.751    32.7004    25.0036 0.0000e+00
 229.691979      9.688  36.771746    11.0029     5.1787      9.607    32.7350    25.0118 0.0000e+00
 229.691985      9.547  36.858090    11.0573     5.2379      9.467    32.7720    25.0310 0.0000e+00
 229.691991      9.400  36.886126    11.0880     5.2891      9.321    32.7724    25.0258 0.0000e+00
 229.691997      9.252  36.881486    11.1289     5.3585      9.175    32.7314    24.9867 0.0000e+00
 229.692002      9.105  36.898517    11.1790     5.4162      9.029    32.7037    24.9562 0.0000e+00
 229.692008      8.964  36.936391    11.2219     5.4983      8.889    32.7030    24.9480 0.0000e+00
 229.692014      8.831  36.973319    11.2643     5.5854      8.757    32.7018    24.9395 0.0000e+00
 229.692020      8.704  37.008112    11.3285     5.7147      8.631    32.6792    24.9103 0.0000e+00
 229.692025      8.573  37.052421    11.4168     5.8393      8.501    32.6446    24.8675 0.0000e+00
 229.692031      8.435  37.114893    11.5050     5.9477      8.364    32.6280    24.8386 0.0000e+00
 229.692037      8.286  37.190846    11.5820     6.0278      8.217    32.6344    24.8296 0.0000e+00
 229.692043      8.119  37.258831    11.6734     6.0595      8.051    32.6203    24.8019 0.0000e+00
 229.692049      7.943  37.313675    11.8105     6.0652      7.877    32.5534    24.7248 0.0000e+00
 229.692054      7.766  37.385358    11.9645     6.0447      7.701    32.4884    24.6458 0.0000e+00
 229.692060      7.594  37.478116    12.0834     6.0337      7.530    32.4745    24.6128 0.0000e+00
 229.692066      7.435  37.565451    12.1441     6.0472      7.373    32.5060    24.6259 0.0000e+00
 229.692072      7.290  37.605792    12.1438     6.0841      7.229    32.5451    24.6563 0.0000e+00
 229.692078      7.155  37.590175    12.1214     6.1066      7.095    32.5497    24.6640 0.0000e+00
 229.692083      7.021  37.572333    12.1075     6.1421      6.962    32.5446    24.6627 0.0000e+00
 229.692089      6.884  37.579473    12.0995     6.1526      6.826    32.5585    24.6750 0.0000e+00
 229.692095      6.744  37.598130    12.1120     6.1669      6.688    32.5657    24.6782 0.0000e+00
 229.692101      6.600  37.620112    12.1645     6.1850      6.545    32.5412    24.6493 0.0000e+00
 229.692106      6.457  37.653426    12.2491     6.2087      6.403    32.4997    24.6012 0.0000e+00
 229.692112      6.317  37.702699    12.3321     6.2124      6.264    32.4751    24.5664 0.0000e+00
 229.692118      6.181  37.760213    12.3844     6.2104      6.129    32.4850    24.5642 0.0000e+00
 229.692124      6.048  37.802907    12.4072     6.2040      5.997    32.5062    24.5762 0.0000e+00
 229.692130      5.915  37.809814    12.4212     6.2189      5.866    32.5007    24.5693 0.0000e+00
 229.692135      5.776  37.809770    12.4441     6.2189      5.728    32.4809    24.5496 0.0000e+00
 229.692141      5.637  37.829063    12.4758     6.2254      5.590    32.4720    24.5367 0.0000e+00
 229.692147      5.501  37.856423    12.5037     6.2301      5.455    32.4741    24.5329 0.0000e+00
 229.692153      5.364  37.882935    12.5204     6.2317      5.319    32.4850    24.5382 0.0000e+00
 229.692159      5.221  37.903040    12.5289     6.2366      5.177    32.4969    24.5458 0.0000e+00
 229.692164      5.077  37.913285    12.5399     6.2585      5.035    32.4972    24.5440 0.0000e+00
 229.692170      4.934  37.927333    12.5592     6.2939      4.893    32.4940    24.5378 0.0000e+00
 229.692176      4.792  37.949902    12.5813     6.3340      4.752    32.4965    24.5355 0.0000e+00
 229.692182      4.651  37.961200    12.6022     6.3722      4.612    32.4893    24.5258 0.0000e+00
 229.692187      4.511  37.961724    12.6226     6.4045      4.473    32.4722    24.5087 0.0000e+00
 229.692193      4.370  37.970112    12.6376     6.4268      4.333    32.4674    24.5020 0.0000e+00
 229.692199      4.230  37.987463    12.6490     6.4455      4.195    32.4741    24.5051 0.0000e+00
 229.692205      4.093  38.016180    12.6718     6.4762      4.059    32.4818    24.5066 0.0000e+00
 229.692211      3.964  38.062604    12.7115     6.5584      3.931    32.4918    24.5067 0.0000e+00
 229.692216      3.839  38.109602    12.7475     6.7178      3.807    32.5055    24.5103 0.0000e+00
 229.692222      3.709  38.123994    12.7644     6.9811      3.678    32.5046    24.5064 0.0000e+00
 229.692228      3.572  38.107042    12.7845     7.2540      3.542    32.4713    24.4767 0.0000e+00
 229.692234      3.431  38.108458    12.8346     7.5509      3.402    32.4297    24.4347 0.0000e+00
 229.692240      3.289  38.163761    12.9133     7.8033      3.262    32.4146    24.4077 0.0000e+00
 229.692245      3.147  38.253083    13.0304     8.0330      3.121    32.3987    24.3725 0.0000e+00
 229.692251      3.004  38.359881    13.2299     8.2413      2.979    32.3292    24.2794 0.0000e+00
 229.692257      2.856  38.479703    13.5049     8.3578      2.832    32.2083    24.1311 0.0000e+00
 229.692263      2.701  38.582300    13.7715     8.3799      2.678    32.0797    23.9780 0.0000e+00
 229.692269      2.550  38.669413    13.9513     8.2715      2.529    32.0102    23.8877 0.0000e+00
 229.692274      2.408  38.759151    14.0365     8.1271      2.388    32.0220    23.8794 0.0000e+00
 229.692280      2.266  38.843969    14.0740     7.9955      2.247    32.0689    23.9078 0.0000e+00
 229.692286      2.122  38.896844    14.0937     7.9356      2.104    32.1011    23.9287 0.0000e+00
 229.692292      1.980  38.901393    14.1022     7.9705      1.963    32.0983    23.9247 0.0000e+00
 229.692297      1.840  38.878822    14.0853     8.0820      1.825    32.0917    23.9231 0.0000e+00
 229.692303      1.706  38.847812    14.0264     8.2298      1.692    32.1123    23.9511 -9.990e-29
 229.692309      1.582  38.814670    13.9579     8.3344      1.569    32.1390    23.9858 -9.990e-29
 229.692315      1.465  38.795189    13.9306     8.3852      1.453    32.1439    23.9951 -9.990e-29
 229.692321      1.347  38.799818    13.9612     8.3615      1.336    32.1226    23.9725 -9.990e-29
 229.692326      1.221  38.821257    14.0240     8.2423      1.211    32.0900    23.9344 0.0000e+00
 229.692332      1.087  38.846603    14.0831     8.0967      1.078    32.0642    23.9023 0.0000e+00
 229.692338      0.959  38.870980    14.1258     8.0196      0.951    32.0511    23.8834 -9.990e-29
 229.692344      0.844  38.896634    14.1504     9.4145      0.837    32.0542    23.8808 -9.990e-29
 229.692350      0.740  38.910133    14.1524     9.3317      0.734    32.0650    23.8887 -9.990e-29
 229.692355      0.641  38.896971    14.1310     8.8254      0.636    32.0708    23.8975 -9.990e-29
 229.692361      0.544  38.858101    14.0939     8.1512      0.539    32.0660    23.9014 -9.990e-29
 229.692367      0.456  38.807846    14.0541     7.5098      0.452    32.0529    23.8995 -9.990e-29
 229.692373      0.385  38.762722    14.0207 -9.990e-29      0.382    32.0392    23.8958 -9.990e-29
 229.692378      0.330  38.682180    13.9953 -9.990e-29      0.327    31.9862    23.8601 -9.990e-29
 229.692384      0.288  38.425188    13.9738 -9.990e-29      0.286    31.7674    23.6957 -9.990e-29
 229.692390      0.255  37.630585    13.9506 -9.990e-29      0.253    31.0560    23.1513 -9.990e-29
 229.692396      0.230  35.242819    13.9205 -9.990e-29      0.228    28.8977    21.4926 -9.990e-29
 229.692402      0.212  28.096140    13.8820 -9.990e-29      0.210    22.5209    16.5892 -9.990e-29
 229.692407      0.199  16.949837    13.8417 -9.990e-29      0.197    12.9748     9.2601 -9.990e-29
 229.692413      0.190   8.658116    13.8090 -9.990e-29      0.188     6.2825     4.1226 -9.990e-29
 229.692419      0.185   5.095141    13.7956 -9.990e-29      0.183     3.5619     2.0297 -9.990e-29
 229.692425      0.183   3.588057 -9.990e-29 -9.990e-29      0.181 -9.990e-29 -9.990e-29 -9.990e-29
