data/oxygen options/OCNMS/OCNMS1/raw_data/2010/CAST_MB042_091310faed.cnv
* Sea-Bird SBE19 Data File:
* FileName = C:\Documents and Settings\OCNMS\Desktop\2010 mooring data\third service\CAST_MB042_091310.hex
* Software Version 1.24
* Temperature SN = 2997
* Conductivity SN = 2997
* System UpLoad Time = Sep 13 2010 16:12:15
** CAST_MB042_091310
* SEACAT PROFILER V3.1c SN 2997   09/13/10  16:10:19.149
# nquan = 9                                 
# nvalues = 739                         
# units = specified
# name 0 = timeJ: Julian Days
# name 1 = prSM: Pressure, Strain Gauge [db]
# name 2 = c0mS/cm: Conductivity [mS/cm]
# name 3 = t090C: Temperature [ITS-90, deg C]
# name 4 = sbeox0ML/L: Oxygen, SBE 43 [ml/l]
# name 5 = depSM: Depth [salt water, m], lat = 47.5
# name 6 = sal00: Salinity, Practical [PSU]
# name 7 = sigma-é00: Density [sigma-theta, kg/m^3]
# name 8 = flag: flag
# span 0 = 256.520405, 256.524676       
# span 1 =     -0.998,     43.057       
# span 2 =   1.141461,  36.527491       
# span 3 =     9.0595,    13.6271       
# span 4 =    -1.9911,    11.9184       
# span 5 =     -0.990,     42.693       
# span 6 =     0.7373,    33.0542       
# span 7 =    -0.1285,    25.5853       
# span 8 = 0.0000e+00, 0.0000e+00       
# interval = seconds: 0.5
# start_time = Sep 13 2010 12:29:23 [Instrument's time stamp, header]
# bad_flag = -9.990e-29
*END*
 256.520405     -0.963 -9.990e-29    13.6094    -1.9900     -0.955 -9.990e-29 -9.990e-29 -9.990e-29
 256.520411     -0.967   1.521303    13.6139    -1.9909     -0.959     0.9962     0.0727 -9.990e-29
 256.520417     -0.973   1.492134    13.6177    -1.9896     -0.965     0.9761     0.0566 -9.990e-29
 256.520422     -0.980   1.453984    13.6204    -1.9911     -0.972     0.9499     0.0359 -9.990e-29
 256.520428     -0.990   1.421424    13.6224    -1.9829     -0.982     0.9275     0.0183 -9.990e-29
 256.520434     -0.998   1.376549    13.6243    -1.8074     -0.990     0.8968    -0.0058 -9.990e-29
 256.520440     -0.996   1.316456    13.6260    -1.6820     -0.988     0.8558    -0.0378 -9.990e-29
 256.520446     -0.985   1.264531    13.6271    -1.7058     -0.977     0.8205    -0.0654 -9.990e-29
 256.520451     -0.967   1.228247    13.6264    -1.7113     -0.959     0.7959    -0.0844 -9.990e-29
 256.520457     -0.942   1.182702    13.6234    -1.7126     -0.934     0.7651    -0.1078 -9.990e-29
 256.520463     -0.913   1.141461    13.6170    -1.7106     -0.905     0.7373    -0.1285 -9.990e-29
 256.520469     -0.881   1.176504    13.6020    -1.7113     -0.874     0.7613    -0.1079 -9.990e-29
 256.520475     -0.846   1.393327    13.5643    -1.7119     -0.839     0.9097     0.0123 -9.990e-29
 256.520480     -0.803   2.064392    13.4626    -1.7102     -0.796     1.3787     0.3896 -9.990e-29
 256.520486     -0.752   4.049520    13.1724    -1.7112     -0.746     2.8344     1.5553 -9.990e-29
 256.520492     -0.688   9.698834    12.6389    -1.7130     -0.682     7.3190     5.0909 -9.990e-29
 256.520498     -0.607  19.655082    12.0847    -1.7142     -0.602    15.9652    11.8418 -9.990e-29
 256.520503     -0.510  29.103174    11.7381    -1.7147     -0.506    24.7743    18.7064 -9.990e-29
 256.520509     -0.401  33.974498    11.5837    -1.7144     -0.398    29.5175    22.4091 -9.990e-29
 256.520515     -0.293  35.608710    11.5264    -1.7143     -0.291    31.1449    23.6825 -9.990e-29
 256.520521     -0.194  36.197546    11.5133    -1.7136     -0.192    31.7288    24.1384 -9.990e-29
 256.520527     -0.111  36.431922    11.5159    -1.7134     -0.110    31.9550    24.3136 -9.990e-29
 256.520532     -0.044  36.495969    11.5181    -1.7115     -0.044    32.0155    24.3602 -9.990e-29
 256.520538      0.012  36.498574    11.5123    -1.7117      0.012    32.0230    24.3671 -9.990e-29
 256.520544      0.061  36.498083    11.4958    -1.7117      0.060    32.0368    24.3808 -9.990e-29
 256.520550      0.105  36.465777    11.4732    -1.7125      0.104    32.0248    24.3755 -9.990e-29
 256.520556      0.148  36.413449    11.4556    -1.7131      0.147    31.9889    24.3508 -9.990e-29
 256.520561      0.187  36.385588    11.4539    -1.7126      0.185    31.9632    24.3311 -9.990e-29
 256.520567      0.217  36.386461    11.4678    -1.7105      0.215    31.9520    24.3199 -9.990e-29
 256.520573      0.235  36.386922    11.4832    -1.7107      0.233    31.9392    24.3072 -9.990e-29
 256.520579      0.247  36.373532    11.4907    -1.7126      0.245    31.9196    24.2907 -9.990e-29
 256.520584      0.263  36.372661    11.4938    -1.7126      0.261    31.9161    24.2874 -9.990e-29
 256.520590      0.286  36.411683    11.4993    -1.7126      0.284    31.9494    24.3122 -9.990e-29
 256.520596      0.315  36.468058    11.5061    -1.7111      0.312    31.9985    24.3492 -9.990e-29
 256.520602      0.343  36.487465    11.5096    -1.7106      0.340    32.0144    24.3609 -9.990e-29
 256.520608      0.368  36.463794    11.5110    -1.7118      0.365    31.9901    24.3417 -9.990e-29
 256.520613      0.391  36.429320    11.5102    -1.7125      0.388    31.9571    24.3163 -9.990e-29
 256.520619      0.408  36.414799    11.5060    -1.7129      0.405    31.9466    24.3089 -9.990e-29
 256.520625      0.418  36.452935    11.5044    -1.7130      0.415    31.9852    24.3391 -9.990e-29
 256.520631      0.424  36.517761    11.5107    -1.7131      0.420    32.0430    24.3829 -9.990e-29
 256.520637      0.432  36.523078    11.5192    -1.7113      0.428    32.0408    24.3797 -9.990e-29
 256.520642      0.442  36.462477    11.5201    -1.7112      0.438    31.9809    24.3330 -9.990e-29
 256.520648      0.450  36.415936    11.5128    -1.7125      0.446    31.9418    24.3039 -9.990e-29
 256.520654      0.457  36.432304    11.5051    -1.7132      0.453    31.9644    24.3229 -9.990e-29
 256.520660      0.472  36.492456    11.5033    -1.7126      0.468    32.0247    24.3700 -9.990e-29
 256.520666      0.492  36.527491    11.5071    -1.7116      0.488    32.0555    24.3933 -9.990e-29
 256.520671      0.504  36.498901    11.5116    -1.7119      0.500    32.0238    24.3678 -9.990e-29
 256.520677      0.511  36.439684    11.5133    -1.7134      0.507    31.9645    24.3215 -9.990e-29
 256.520683      0.520  36.394118    11.5111    -1.7135      0.516    31.9220    24.2888 -9.990e-29
 256.520689      0.537  36.381533    11.5078    -1.7121      0.533    31.9126    24.2821 -9.990e-29
 256.520694      0.558  36.414241    11.5074    -1.7117      0.553    31.9448    24.3072 -9.990e-29
 256.520700      0.576  36.469685    11.5096    -1.7117      0.571    31.9970    24.3473 -9.990e-29
 256.520706      0.588  36.481092    11.5110    -1.7122      0.583    32.0069    24.3548 -9.990e-29
 256.520712      0.595  36.439531    11.5080    -1.7128      0.590    31.9689    24.3258 -9.990e-29
 256.520718      0.597  36.408897    11.5010    -1.7135      0.592    31.9451    24.3086 -9.990e-29
 256.520723      0.595  36.428432    11.4945    -1.7127      0.590    31.9698    24.3289 -9.990e-29
 256.520729      0.592  36.465299    11.4921    -1.7117      0.587    32.0078    24.3589 -9.990e-29
 256.520735      0.597  36.464378    11.4938    -1.7115      0.592    32.0054    24.3568 -9.990e-29
 256.520741      0.610  36.432798    11.4962    -1.7114      0.605    31.9725    24.3308 -9.990e-29
 256.520747      0.623  36.427031    11.4973    -1.7115      0.618    31.9660    24.3255 -9.990e-29
 256.520752      0.634  36.460076    11.5002    -1.7130      0.629    31.9957    24.3480 -9.990e-29
 256.520758      0.642  36.490770    11.5075    -1.7132      0.637    32.0193    24.3651 -9.990e-29
 256.520764      0.649  36.486026    11.5137    -1.7120      0.644    32.0093    24.3562 -9.990e-29
 256.520770      0.654  36.442835    11.5140    -1.7116      0.649    31.9669    24.3232 -9.990e-29
 256.520775      0.658  36.392660    11.5130    -1.7116      0.653    31.9189    24.2861 -9.990e-29
 256.520781      0.661  36.378389    11.5132    -1.7121      0.655    31.9048    24.2751 -9.990e-29
 256.520787      0.664  36.408405    11.5137    -1.7132      0.658    31.9336    24.2974 -9.990e-29
 256.520793      0.667  36.453195    11.5158     9.2044      0.661    31.9755    24.3295 -9.990e-29
 256.520799      0.669  36.481095    11.5181    11.7982      0.663    32.0007    24.3487 -9.990e-29
 256.520804      0.671  36.479388    11.5164    11.9184      0.665    32.0005    24.3489 -9.990e-29
 256.520810      0.673  36.446872    11.5120     9.8072      0.667    31.9726    24.3280 -9.990e-29
 256.520816      0.676  36.409072    11.5095     5.4251      0.670    31.9379    24.3015 -9.990e-29
 256.520822      0.679  36.409681    11.5107     5.5742      0.673    31.9374    24.3009 -9.990e-29
 256.520828      0.683  36.444982    11.5147     5.7583      0.677    31.9684    24.3242 -9.990e-29
 256.520833      0.687  36.466734    11.5173     5.8350      0.681    31.9874    24.3385 -9.990e-29
 256.520839      0.692  36.448980    11.5156     5.8530      0.686    31.9715    24.3265 -9.990e-29
 256.520845      0.699  36.396019    11.5122     5.8253      0.693    31.9228    24.2893 -9.990e-29
 256.520851      0.708  36.319005    11.5103     5.8163      0.702    31.8494    24.2326 -9.990e-29
 256.520856      0.719  36.247451    11.5093     5.8009      0.713    31.7805    24.1792 -9.990e-29
 256.520862      0.728  36.212547    11.5087     5.7734      0.722    31.7470    24.1533 -9.990e-29
 256.520868      0.733  36.206932    11.5106     5.7672      0.727    31.7399    24.1475 -9.990e-29
 256.520874      0.738  36.207382    11.5128     5.7542      0.732    31.7384    24.1459 -9.990e-29
 256.520880      0.747  36.204925    11.5103     5.7606      0.741    31.7382    24.1462 -9.990e-29
 256.520885      0.761  36.201843    11.5048     5.7443      0.755    31.7399    24.1485 -9.990e-29
 256.520891      0.780  36.199588    11.5014     5.7479      0.773    31.7406    24.1497 -9.990e-29
 256.520897      0.803  36.196786    11.5013     5.7361      0.796    31.7379    24.1476 -9.990e-29
 256.520903      0.821  36.196937    11.5035     5.7362      0.814    31.7362    24.1459 -9.990e-29
 256.520909      0.831  36.201878    11.5064     5.7335      0.824    31.7385    24.1472 -9.990e-29
 256.520914      0.839  36.206384    11.5062     5.7358      0.832    31.7431    24.1507 -9.990e-29
 256.520920      0.850  36.204088    11.5013     5.7292      0.843    31.7450    24.1531 -9.990e-29
 256.520926      0.858  36.195808    11.4952     5.7366      0.851    31.7422    24.1520 -9.990e-29
 256.520932      0.862  36.190070    11.4931     5.7313      0.855    31.7384    24.1495 -9.990e-29
 256.520938      0.861  36.192064    11.4954     5.7392      0.854    31.7384    24.1490 -9.990e-29
 256.520943      0.855  36.197678    11.4982     5.7276      0.848    31.7414    24.1509 -9.990e-29
 256.520949      0.847  36.199780    11.4975     5.7409      0.840    31.7441    24.1531 -9.990e-29
 256.520955      0.847  36.195525    11.4938     5.7390      0.840    31.7431    24.1530 -9.990e-29
 256.520961      0.853  36.189844    11.4904     5.7354      0.846    31.7405    24.1516 -9.990e-29
 256.520966      0.863  36.188562    11.4893     5.7370      0.856    31.7402    24.1515 -9.990e-29
 256.520972      0.876  36.188804    11.4880     5.7226      0.869    31.7415    24.1528 -9.990e-29
 256.520978      0.890  36.184682    11.4825     5.7234      0.883    31.7422    24.1543 -9.990e-29
 256.520984      0.901  36.176818    11.4748     5.7175      0.893    31.7412    24.1549 -9.990e-29
 256.520990      0.909  36.171489    11.4707     5.7249      0.901    31.7395    24.1543 -9.990e-29
 256.520995      0.915  36.172191    11.4712     5.7224      0.907    31.7397    24.1544 -9.990e-29
 256.521001      0.920  36.175891    11.4717     5.7289      0.912    31.7429    24.1568 -9.990e-29
 256.521007      0.924  36.176829    11.4696     5.7378      0.916    31.7456    24.1593 -9.990e-29
 256.521013      0.926  36.172846    11.4657     5.7307      0.918    31.7451    24.1596 -9.990e-29
 256.521019      0.928  36.168672    11.4633     5.7302      0.920    31.7431    24.1584 -9.990e-29
 256.521024      0.930  36.169343    11.4647     5.7257      0.922    31.7425    24.1578 -9.990e-29
 256.521030      0.930  36.173467    11.4669     5.7239      0.922    31.7447    24.1590 -9.990e-29
 256.521036      0.930  36.175286    11.4657     5.7259      0.922    31.7475    24.1614 -9.990e-29
 256.521042      0.930  36.172698    11.4621     5.7121      0.922    31.7480    24.1625 -9.990e-29
 256.521047      0.928  36.169492    11.4599     5.7226      0.920    31.7468    24.1619 -9.990e-29
 256.521053      0.927  36.169753    11.4607     5.7188      0.919    31.7464    24.1615 -9.990e-29
 256.521059      0.924  36.172663    11.4634     5.7138      0.916    31.7469    24.1614 -9.990e-29
 256.521065      0.921  36.175332    11.4667     5.7148      0.913    31.7467    24.1606 -9.990e-29
 256.521071      0.916  36.178470    11.4706     5.7237      0.908    31.7464    24.1597 -9.990e-29
 256.521076      0.910  36.182292    11.4748     5.7304      0.902    31.7465    24.1590 -9.990e-29
 256.521082      0.902  36.184564    11.4790     5.7268      0.894    31.7451    24.1572 -9.990e-29
 256.521088      0.892  36.186031    11.4838     5.7227      0.885    31.7424    24.1543 -9.990e-29
 256.521094      0.879  36.188603    11.4879     5.7177      0.872    31.7414    24.1527 -9.990e-29
 256.521100      0.862  36.190621    11.4898     5.7261      0.855    31.7418    24.1527 -9.990e-29
 256.521105      0.839  36.190248    11.4893     5.7373      0.832    31.7418    24.1528 -9.990e-29
 256.521111      0.815  36.189181    11.4887     5.7382      0.808    31.7413    24.1525 -9.990e-29
 256.521117      0.792  36.189877    11.4896     5.7233      0.785    31.7412    24.1523 -9.990e-29
 256.521123      0.767  36.191535    11.4913     5.7163      0.761    31.7414    24.1521 -9.990e-29
 256.521128      0.745  36.192406    11.4924     5.7201      0.739    31.7413    24.1519 -9.990e-29
 256.521134      0.727  36.192507    11.4921     5.7310      0.721    31.7417    24.1522 -9.990e-29
 256.521140      0.713  36.191965    11.4907     5.7246      0.707    31.7424    24.1530 -9.990e-29
 256.521146      0.702  36.190612    11.4884     5.7200      0.696    31.7430    24.1539 -9.990e-29
 256.521152      0.693  36.187769    11.4857     5.7093      0.687    31.7426    24.1540 -9.990e-29
 256.521157      0.685  36.184135    11.4836     5.7014      0.679    31.7408    24.1531 -9.990e-29
 256.521163      0.679  36.182717    11.4835     5.6994      0.673    31.7395    24.1521 -9.990e-29
 256.521169      0.672  36.184991    11.4849     5.7058      0.666    31.7406    24.1526 -9.990e-29
 256.521175      0.666  36.187833    11.4863     5.7177      0.660    31.7421    24.1536 -9.990e-29
 256.521181      0.660  36.187753    11.4872     5.7157      0.654    31.7413    24.1528 -9.990e-29
 256.521186      0.653  36.186335    11.4877     5.7158      0.648    31.7395    24.1513 -9.990e-29
 256.521192      0.645  36.185615    11.4880     5.7052      0.640    31.7385    24.1505 -9.990e-29
 256.521198      0.636  36.185762    11.4887     5.6896      0.631    31.7381    24.1500 -9.990e-29
 256.521204      0.628  36.186419    11.4891     5.6828      0.623    31.7384    24.1502 -9.990e-29
 256.521209      0.627  36.186227    11.4882     5.6554      0.622    31.7390    24.1508 -9.990e-29
 256.521215      0.627  36.184935    11.4869     5.5955      0.622    31.7388    24.1509 -9.990e-29
 256.521221      0.624  36.184192    11.4874     5.5165      0.619    31.7377    24.1499 -9.990e-29
 256.521227      0.619  36.185253    11.4901     5.4431      0.614    31.7364    24.1484 -9.990e-29
 256.521233      0.610  36.187299    11.4934     5.4263      0.605    31.7355    24.1472 -9.990e-29
 256.521238      0.602  36.189141    11.4951     5.4614      0.597    31.7359    24.1471 -9.990e-29
 256.521244      0.598  36.189882    11.4945     5.5262      0.593    31.7371    24.1482 -9.990e-29
 256.521250      0.598  36.188835    11.4930     5.5774      0.593    31.7374    24.1487 -9.990e-29
 256.521256      0.602  36.187416    11.4931     5.6185      0.597    31.7359    24.1475 -9.990e-29
 256.521262      0.606  36.187659    11.4949     5.6539      0.601    31.7346    24.1462 -9.990e-29
 256.521267      0.610  36.188773    11.4964     5.6767      0.605    31.7344    24.1458 -9.990e-29
 256.521273      0.619  36.188888    11.4968     5.6980      0.614    31.7342    24.1455 -9.990e-29
 256.521279      0.633  36.187605    11.4965     5.6789      0.628    31.7332    24.1448 -9.990e-29
 256.521285      0.654  36.185462    11.4955     5.6647      0.649    31.7319    24.1440 -9.990e-29
 256.521291      0.678  36.184094    11.4944     5.6495      0.672    31.7315    24.1439 -9.990e-29
 256.521296      0.702  36.184483    11.4938     5.6471      0.696    31.7324    24.1447 -9.990e-29
 256.521302      0.729  36.185475    11.4927     5.6565      0.723    31.7343    24.1464 -9.990e-29
 256.521308      0.759  36.185595    11.4900     5.6551      0.753    31.7367    24.1487 -9.990e-29
 256.521314      0.794  36.184449    11.4864     5.6534      0.787    31.7387    24.1509 -9.990e-29
 256.521319      0.838  36.182760    11.4834     5.6360      0.831    31.7396    24.1521 -9.990e-29
 256.521325      0.888  36.181641    11.4812     5.6303      0.881    31.7404    24.1531 -9.990e-29
