data/oxygen options/OCNMS/OCNMS1/raw_data/2010/CAST_KL027_082210faedb.cnv
* Sea-Bird SBE19 Data File:
* FileName = C:\Documents and Settings\OCNMS\Desktop\2010 mooring data\second service\CAST_KL027_082210.hex
* Software Version 1.24
* Temperature SN = 2997
* Conductivity SN = 2997
* System UpLoad Time = Aug 22 2010 17:45:24
** CAST_KL027_082210
* SEACAT PROFILER V3.1c SN 2997   08/22/10  17:43:33.073
# nquan = 9
# nvalues = 27                          
# units = specified
# name 0 = timeJ: Julian Days
# name 1 = prSM: Pressure, Strain Gauge [db]
# name 2 = c0mS/cm: Conductivity [mS/cm]
# name 3 = t090C: Temperature [ITS-90, deg C]
# name 4 = sbeox0ML/L: Oxygen, SBE 43 [ml/l]
# name 5 = depSM: Depth [salt water, m], lat = 47.5
# name 6 = sal00: Salinity, Practical [PSU]
# name 7 = sigma-é00: Density [sigma-theta, kg/m^3]
# name 8 = flag: flag
# span 0 = 234.428913, 234.429642       
# span 1 =      2.000,     28.000       
# span 2 =  34.267563,  38.825596       
# span 3 =     7.1947,    13.7480       
# span 4 =     2.5453,     7.0211       
# span 5 =      1.983,     27.764       
# span 6 =    32.3252,    33.6761       
# span 7 =    24.1724,    26.3496       
# span 8 = 0.0000e+00, 0.0000e+00       
# interval = decibars: 1                
# start_time = Aug 22 2010 10:13:50 [Instrument's time stamp, header]
# bad_flag = -9.990e-29
*END*
 234.428913      2.000  38.825596    13.7480     7.0211      1.983    32.3252    24.1724 0.0000e+00
 234.428948      3.000  38.753652    13.5163     6.8357      2.975    32.4541    24.3188 0.0000e+00
 234.428979      4.000  38.482388    13.1308     6.6091      3.967    32.5285    24.4532 0.0000e+00
 234.429005      5.000  38.240748    12.8186     6.5042      4.958    32.5682    24.5451 0.0000e+00
 234.429028      6.000  38.073405    12.6242     6.5070      5.950    32.5766    24.5893 0.0000e+00
 234.429053      7.000  37.973159    12.5105     5.8072      6.941    32.5791    24.6131 0.0000e+00
 234.429079      8.000  37.702651    12.0716     4.8658      7.933    32.7012    24.7907 0.0000e+00
 234.429104      9.000  36.994863    11.2289     4.7670      8.925    32.7543    24.9867 0.0000e+00
 234.429132     10.000  36.846432    10.9776     4.4366      9.916    32.8315    25.0912 0.0000e+00
 234.429158     11.000  36.603599    10.6695     4.2868     10.908    32.8660    25.1722 0.0000e+00
 234.429183     12.000  36.546603    10.5601     4.1987     11.899    32.9071    25.2232 0.0000e+00
 234.429211     13.000  36.513324    10.5108     4.1116     12.891    32.9179    25.2401 0.0000e+00
 234.429238     14.000  36.460260    10.4283     3.3962     13.883    32.9389    25.2707 0.0000e+00
 234.429263     15.000  36.076698     9.7396     2.7765     14.875    33.1793    25.5734 0.0000e+00
 234.429288     16.000  35.336202     8.7733     2.7428     15.866    33.3127    25.8325 0.0000e+00
 234.429314     17.000  34.784600     8.1192     2.7614     16.857    33.3478    25.9591 0.0000e+00
 234.429345     18.000  34.785818     8.1685     2.7248     17.849    33.3019    25.9158 0.0000e+00
 234.429371     19.000  34.535806     7.7747     2.7072     18.840    33.4100    26.0582 0.0000e+00
 234.429398     20.000  34.359767     7.4920     2.7090     19.832    33.4917    26.1628 0.0000e+00
 234.429429     21.000  34.360359     7.4279     2.6749     20.824    33.5538    26.2207 0.0000e+00
 234.429458     22.000  34.274485     7.2727     2.6545     21.815    33.6107    26.2871 0.0000e+00
 234.429485     23.000  34.267701     7.2302     2.6219     22.807    33.6441    26.3194 0.0000e+00
 234.429512     24.000  34.273466     7.2276     2.6115     23.798    33.6524    26.3263 0.0000e+00
 234.429542     25.000  34.272319     7.2180     2.5965     24.790    33.6601    26.3337 0.0000e+00
 234.429573     26.000  34.273118     7.2120     2.5855     25.781    33.6663    26.3394 0.0000e+00
 234.429604     27.000  34.269300     7.2016     2.5699     26.773    33.6717    26.3451 0.0000e+00
 234.429642     28.000  34.267563     7.1947     2.5453     27.764    33.6761    26.3496 0.0000e+00
