data/oxygen options/OCNMS/OCNMS1/raw_data/2010/CAST_TH042_082110faed.cnv
* Sea-Bird SBE19 Data File:
* FileName = C:\Documents and Settings\OCNMS\Desktop\2010 mooring data\second service\CAST_TH042_082110.hex
* Software Version 1.24
* Temperature SN = 2997
* Conductivity SN = 2997
* System UpLoad Time = Aug 21 2010 17:05:35
** CAST_TH042_082110
* SEACAT PROFILER V3.1c SN 2997   08/21/10  17:03:56.725
# nquan = 9                                 
# nvalues = 812                         
# units = specified
# name 0 = timeJ: Julian Days
# name 1 = prSM: Pressure, Strain Gauge [db]
# name 2 = c0mS/cm: Conductivity [mS/cm]
# name 3 = t090C: Temperature [ITS-90, deg C]
# name 4 = sbeox0ML/L: Oxygen, SBE 43 [ml/l]
# name 5 = depSM: Depth [salt water, m], lat = 47.5
# name 6 = sal00: Salinity, Practical [PSU]
# name 7 = sigma-é00: Density [sigma-theta, kg/m^3]
# name 8 = flag: flag
# span 0 = 233.620150, 233.624844       
# span 1 =     -4.485,     42.951       
# span 2 =   1.075430,  38.685366       
# span 3 =     7.1580,    13.5206       
# span 4 =   -10.5711,    14.0049       
# span 5 =     -4.448,     42.588       
# span 6 =     0.7407,    33.7062       
# span 7 =    -0.0548,    26.3781       
# span 8 = 0.0000e+00, 0.0000e+00       
# interval = seconds: 0.5
# start_time = Aug 21 2010 14:53:01 [Instrument's time stamp, header]
# bad_flag = -9.990e-29
*END*
[from data line 161]
 233.621082      1.280  37.909820    12.7021     7.4221      1.269    32.3558    24.4031 0.0000e+00
 233.621088      1.452  37.823216    12.6360     7.4192      1.440    32.3301    24.3959 0.0000e+00
 233.621094      1.622  37.752354    12.5795     7.4358      1.608    32.3111    24.3920 0.0000e+00
 233.621100      1.788  37.688976    12.5025     7.4687      1.773    32.3167    24.4112 0.0000e+00
 233.621105      1.962  37.601187    12.3895     7.4737      1.946    32.3300    24.4430 0.0000e+00
 233.621111      2.149  37.501872    12.2680     7.4254      2.131    32.3396    24.4734 0.0000e+00
 233.621117      2.340  37.427209    12.1685     7.3754      2.320    32.3538    24.5031 0.0000e+00
 233.621123      2.530  37.378993    12.0952     7.3073      2.509    32.3708    24.5300 0.0000e+00
 233.621128      2.718  37.339363    12.0430     7.2270      2.695    32.3778    24.5452 0.0000e+00
 233.621134      2.900  37.300233    12.0050     7.0664      2.876    32.3729    24.5485 0.0000e+00
 233.621140      3.073  37.260913    11.9583     6.9101      3.047    32.3754    24.5591 0.0000e+00
 233.621146      3.245  37.205895    11.8715     6.7868      3.218    32.3976    24.5924 0.0000e+00
 233.621152      3.422  37.110511    11.7433     6.6917      3.393    32.4167    24.6309 0.0000e+00
 233.621157      3.603  36.975275    11.6043     6.6426      3.573    32.4064    24.6483 0.0000e+00
 233.621163      3.782  36.824315    11.4717     6.5963      3.750    32.3750    24.6479 0.0000e+00
 233.621169      3.958  36.693833    11.3240     6.5333      3.925    32.3765    24.6757 0.0000e+00
 233.621175      4.133  36.579539    11.1424     6.4446      4.098    32.4237    24.7449 0.0000e+00
 233.621181      4.305  36.442702    10.9720     6.3317      4.269    32.4389    24.7868 0.0000e+00
 233.621186      4.473  36.324896    10.8781     6.1974      4.436    32.4052    24.7770 0.0000e+00
 233.621192      4.639  36.299222    10.8579     6.0734      4.600    32.3975    24.7745 0.0000e+00
 233.621198      4.804  36.329118    10.8314     6.0087      4.764    32.4506    24.8205 0.0000e+00
 233.621204      4.975  36.295269    10.7162     5.9811      4.933    32.5191    24.8939 0.0000e+00
 233.621209      5.159  36.172103    10.5246     5.9900      5.116    32.5670    24.9642 0.0000e+00
 233.621215      5.354  36.030652    10.3380     5.9694      5.309    32.5921    25.0156 0.0000e+00
 233.621221      5.551  35.918655    10.2137     5.9414      5.505    32.5909    25.0356 0.0000e+00
 233.621227      5.737  35.868197    10.1614     5.8831      5.689    32.5869    25.0413 0.0000e+00
 233.621233      5.907  35.877455    10.1566     5.8067      5.858    32.6005    25.0528 0.0000e+00
 233.621238      6.068  35.900439    10.1691     5.7309      6.017    32.6124    25.0599 0.0000e+00
 233.621244      6.228  35.911715    10.1771     5.6774      6.176    32.6165    25.0618 0.0000e+00
 233.621250      6.396  35.903862    10.1582     5.6336      6.343    32.6255    25.0720 0.0000e+00
 233.621256      6.572  35.861318    10.0887     5.5930      6.517    32.6451    25.0989 0.0000e+00
 233.621262      6.755  35.779969     9.9809     5.5654      6.699    32.6600    25.1285 0.0000e+00
 233.621267      6.935  35.697508     9.8955     5.5084      6.877    32.6535    25.1375 0.0000e+00
 233.621273      7.106  35.673101     9.8701     5.4493      7.047    32.6516    25.1402 0.0000e+00
 233.621279      7.271  35.700455     9.8824     5.4148      7.210    32.6682    25.1512 0.0000e+00
 233.621285      7.436  35.715138     9.8846     5.3770      7.374    32.6810    25.1609 0.0000e+00
 233.621291      7.612  35.692980     9.8383     5.3506      7.548    32.7004    25.1836 0.0000e+00
 233.621296      7.800  35.646406     9.7579     5.3385      7.735    32.7259    25.2167 0.0000e+00
 233.621302      7.996  35.597861     9.6983     5.3141      7.929    32.7305    25.2301 0.0000e+00
 233.621308      8.191  35.578348     9.6779     5.3077      8.122    32.7290    25.2322 0.0000e+00
 233.621314      8.377  35.582504     9.6765     5.3059      8.307    32.7345    25.2367 0.0000e+00
 233.621319      8.555  35.582194     9.6805     5.2814      8.483    32.7304    25.2329 0.0000e+00
 233.621325      8.733  35.574153     9.6793     5.2580      8.660    32.7232    25.2275 0.0000e+00
 233.621331      8.915  35.564413     9.6618     5.2332      8.840    32.7291    25.2350 0.0000e+00
 233.621337      9.102  35.553381     9.6353     5.2076      9.026    32.7419    25.2493 0.0000e+00
 233.621343      9.294  35.545344     9.6151     5.2011      9.216    32.7520    25.2604 0.0000e+00
 233.621348      9.487  35.541294     9.6052     5.1712      9.408    32.7568    25.2658 0.0000e+00
 233.621354      9.674  35.537452     9.5986     5.1549      9.593    32.7588    25.2684 0.0000e+00
 233.621360      9.852  35.531440     9.5839     5.1353      9.770    32.7660    25.2764 0.0000e+00
 233.621366     10.018  35.518549     9.5581     5.1168      9.934    32.7763    25.2886 0.0000e+00
 233.621372     10.178  35.496103     9.5315     5.0912     10.093    32.7775    25.2939 0.0000e+00
 233.621377     10.340  35.479495     9.5182     5.0768     10.253    32.7725    25.2922 0.0000e+00
 233.621383     10.499  35.484058     9.5166     5.0449     10.411    32.7786    25.2972 0.0000e+00
 233.621389     10.658  35.493409     9.5076     5.0115     10.569    32.7964    25.3125 0.0000e+00
 233.621395     10.826  35.482989     9.4832     4.9826     10.735    32.8079    25.3255 0.0000e+00
 233.621400     11.011  35.457904     9.4541     4.9799     10.919    32.8087    25.3308 0.0000e+00
 233.621406     11.210  35.437870     9.4295     4.9781     11.116    32.8106    25.3362 0.0000e+00
 233.621412     11.416  35.428610     9.4124     4.9787     11.320    32.8166    25.3437 0.0000e+00
 233.621418     11.620  35.431723     9.4080     4.9673     11.523    32.8238    25.3500 0.0000e+00
 233.621424     11.818  35.451302     9.4152     4.9381     11.719    32.8372    25.3593 0.0000e+00
 233.621429     12.004  35.472503     9.4256     4.9124     11.903    32.8494    25.3672 0.0000e+00
 233.621435     12.179  35.480406     9.4401     4.8909     12.077    32.8442    25.3608 0.0000e+00
 233.621441     12.349  35.495024     9.4664     4.8827     12.246    32.8350    25.3494 0.0000e+00
 233.621447     12.521  35.539158     9.5012     4.8731     12.416    32.8484    25.3542 0.0000e+00
 233.621453     12.692  35.595976     9.5326     4.8703     12.586    32.8779    25.3722 0.0000e+00
 233.621458     12.861  35.633628     9.5540     4.8506     12.753    32.8968    25.3835 0.0000e+00
 233.621464     13.030  35.649053     9.5654     4.8368     12.921    32.9021    25.3858 0.0000e+00
 233.621470     13.197  35.653807     9.5682     4.7984     13.086    32.9043    25.3871 0.0000e+00
 233.621476     13.359  35.653619     9.5650     4.7605     13.247    32.9070    25.3897 0.0000e+00
 233.621481     13.522  35.654908     9.5607     4.7141     13.409    32.9122    25.3945 0.0000e+00
 233.621487     13.693  35.661023     9.5593     4.6859     13.578    32.9197    25.4006 0.0000e+00
 233.621493     13.874  35.671100     9.5601     4.6613     13.758    32.9292    25.4079 0.0000e+00
 233.621499     14.068  35.682275     9.5566     4.6546     13.950    32.9438    25.4199 0.0000e+00
 233.621505     14.274  35.687546     9.5427     4.6575     14.154    32.9619    25.4363 0.0000e+00
 233.621510     14.484  35.681007     9.5240     4.6684     14.363    32.9723    25.4474 0.0000e+00
 233.621516     14.686  35.670131     9.5134     4.6769     14.563    32.9708    25.4479 0.0000e+00
 233.621522     14.871  35.668372     9.5132     4.6554     14.746    32.9691    25.4466 0.0000e+00
 233.621528     15.038  35.675565     9.5173     4.6350     14.912    32.9726    25.4488 0.0000e+00
 233.621534     15.193  35.682760     9.5196     4.5911     15.066    32.9778    25.4525 0.0000e+00
 233.621539     15.342  35.684934     9.5158     4.5630     15.213    32.9835    25.4575 0.0000e+00
 233.621545     15.491  35.681574     9.5022     4.5296     15.361    32.9925    25.4667 0.0000e+00
 233.621551     15.647  35.673191     9.4764     4.5218     15.516    33.0075    25.4827 0.0000e+00
 233.621557     15.814  35.663681     9.4405     4.5120     15.681    33.0308    25.5067 0.0000e+00
 233.621563     15.984  35.653755     9.4018     4.5030     15.850    33.0562    25.5328 0.0000e+00
 233.621568     16.151  35.636296     9.3712     4.4535     16.016    33.0664    25.5457 0.0000e+00
 233.621574     16.313  35.612088     9.3541     4.3802     16.176    33.0572    25.5412 0.0000e+00
 233.621580     16.472  35.589158     9.3420     4.3125     16.334    33.0447    25.5333 0.0000e+00
 233.621586     16.628  35.569954     9.3248     4.2375     16.489    33.0407    25.5330 0.0000e+00
 233.621591     16.789  35.550699     9.3000     4.1682     16.648    33.0436    25.5393 0.0000e+00
 233.621597     16.959  35.527002     9.2590     4.1277     16.817    33.0570    25.5563 0.0000e+00
 233.621603     17.141  35.488544     9.1823     4.1051     16.997    33.0882    25.5929 0.0000e+00
 233.621609     17.333  35.417651     9.0611     4.1144     17.188    33.1272    25.6425 0.0000e+00
 233.621615     17.527  35.307738     8.9261     4.1517     17.380    33.1385    25.6725 0.0000e+00
 233.621620     17.714  35.189257     8.8324     4.1794     17.565    33.1022    25.6587 0.0000e+00
 233.621626     17.887  35.119872     8.7934     4.1788     17.737    33.0660    25.6363 0.0000e+00
 233.621632     18.042  35.103385     8.7702     4.1669     17.891    33.0703    25.6433 0.0000e+00
 233.621638     18.179  35.100424     8.7468     4.1257     18.026    33.0890    25.6615 0.0000e+00
 233.621644     18.307  35.118237     8.7562     4.0924     18.153    33.0988    25.6678 -9.990e-29
 233.621649     18.430  35.168804     8.8015     4.0730     18.275    33.1094    25.6690 -9.990e-29
 233.621655     18.560  35.213099     8.8342     4.0637     18.404    33.1251    25.6763 0.0000e+00
 233.621661     18.713  35.219428     8.7949     4.0719     18.556    33.1684    25.7163 0.0000e+00
 233.621667     18.888  35.148061     8.6580     4.0802     18.730    33.2219    25.7793 0.0000e+00
 233.621672     19.072  34.986188     8.4846     4.0802     18.912    33.2146    25.8000 0.0000e+00
 233.621678     19.266  34.829420     8.3583     4.0531     19.104    33.1680    25.7824 0.0000e+00
 233.621684     19.464  34.735894     8.3021     4.0427     19.301    33.1218    25.7547 0.0000e+00
 233.621690     19.654  34.705775     8.3010     4.0382     19.489    33.0909    25.7306 0.0000e+00
 233.621696     19.830  34.734722     8.3266     4.0472     19.664    33.0974    25.7318 0.0000e+00
 233.621701     19.994  34.776737     8.3421     4.0518     19.826    33.1271    25.7529 0.0000e+00
 233.621707     20.154  34.787573     8.3160     4.0430     19.985    33.1631    25.7850 0.0000e+00
 233.621713     20.315  34.739110     8.2257     4.0233     20.144    33.1970    25.8250 0.0000e+00
 233.621719     20.478  34.628904     8.0948     4.0102     20.306    33.2037    25.8496 0.0000e+00
 233.621725     20.641  34.509971     8.0014     3.9874     20.468    33.1653    25.8332 0.0000e+00
 233.621730     20.798  34.458397     7.9917     3.9313     20.623    33.1194    25.7986 0.0000e+00
 233.621736     20.950  34.482117     8.0344     3.8879     20.774    33.1042    25.7804 0.0000e+00
 233.621742     21.106  34.511913     8.0589     3.8226     20.929    33.1127    25.7835 0.0000e+00
 233.621748     21.272  34.499570     8.0079     3.8037     21.093    33.1478    25.8185 0.0000e+00
 233.621753     21.445  34.439283     7.8873     3.7902     21.265    33.1977    25.8753 0.0000e+00
 233.621759     21.620  34.350369     7.7605     3.7671     21.438    33.2231    25.9135 0.0000e+00
 233.621765     21.795  34.281172     7.6706     3.7810     21.612    33.2344    25.9352 0.0000e+00
 233.621771     21.973  34.246376     7.6168     3.7742     21.788    33.2483    25.9538 0.0000e+00
 233.621777     22.152  34.228679     7.5911     3.7608     21.966    33.2537    25.9617 0.0000e+00
 233.621782     22.325  34.224630     7.5883     3.7252     22.137    33.2519    25.9607 0.0000e+00
 233.621788     22.492  34.237774     7.6001     3.6801     22.303    33.2547    25.9612 0.0000e+00
 233.621794     22.655  34.263783     7.6125     3.6551     22.465    33.2708    25.9721 0.0000e+00
 233.621800     22.818  34.286923     7.6090     3.6132     22.626    33.2990    25.9948 0.0000e+00
 233.621806     22.990  34.283155     7.5825     3.6279     22.797    33.3203    26.0153 0.0000e+00
 233.621811     23.166  34.250812     7.5486     3.6263     22.971    33.3178    26.0181 0.0000e+00
 233.621817     23.343  34.227976     7.5304     3.6312     23.147    33.3105    26.0150 0.0000e+00
 233.621823     23.508  34.228991     7.5323     3.6279     23.310    33.3097    26.0141 0.0000e+00
 233.621829     23.657  34.238394     7.5433     3.5998     23.458    33.3093    26.0122 0.0000e+00
 233.621834     23.794  34.246307     7.5528     3.5885     23.594    33.3086    26.0103 0.0000e+00
 233.621840     23.927  34.249274     7.5549     3.5542     23.726    33.3098    26.0109 0.0000e+00
 233.621846     24.066  34.246207     7.5505     3.5105     23.864    33.3106    26.0122 0.0000e+00
 233.621852     24.219  34.239735     7.5462     3.4727     24.015    33.3077    26.0105 0.0000e+00
 233.621858     24.387  34.240263     7.5417     3.4368     24.182    33.3125    26.0149 0.0000e+00
 233.621863     24.564  34.245126     7.5288     3.4290     24.358    33.3300    26.0305 0.0000e+00
 233.621869     24.748  34.242317     7.5049     3.4026     24.540    33.3499    26.0495 0.0000e+00
 233.621875     24.938  34.235926     7.4816     3.3755     24.728    33.3653    26.0649 0.0000e+00
 233.621881     25.129  34.234224     7.4703     3.3460     24.918    33.3742    26.0735 0.0000e+00
 233.621887     25.316  34.237730     7.4683     3.3147     25.103    33.3798    26.0782 0.0000e+00
 233.621892     25.498  34.243826     7.4668     3.3082     25.284    33.3878    26.0847 0.0000e+00
 233.621898     25.678  34.246070     7.4576     3.3023     25.462    33.3990    26.0948 0.0000e+00
 233.621904     25.854  34.242965     7.4417     3.3203     25.637    33.4109    26.1064 0.0000e+00
 233.621910     26.021  34.241009     7.4300     3.3430     25.802    33.4200    26.1152 0.0000e+00
 233.621916     26.177  34.244304     7.4289     3.3514     25.957    33.4245    26.1189 0.0000e+00
 233.621921     26.323  34.251073     7.4342     3.3668     26.102    33.4267    26.1199 0.0000e+00
 233.621927     26.459  34.255767     7.4406     3.3570     26.236    33.4255    26.1181 0.0000e+00
 233.621933     26.589  34.256239     7.4476     3.3297     26.365    33.4192    26.1121 0.0000e+00
 233.621939     26.719  34.257031     7.4566     3.2669     26.494    33.4113    26.1047 0.0000e+00
 233.621944     26.852  34.260314     7.4658     3.2007     26.626    33.4060    26.0992 0.0000e+00
 233.621950     26.991  34.262058     7.4686     3.1394     26.764    33.4051    26.0981 0.0000e+00
 233.621956     27.138  34.258983     7.4555     3.0824     26.910    33.4143    26.1072 0.0000e+00
 233.621962     27.297  34.252584     7.4217     3.0605     27.067    33.4399    26.1320 0.0000e+00
 233.621968     27.469  34.247769     7.3782     3.0345     27.238    33.4766    26.1670 0.0000e+00
 233.621973     27.650  34.247070     7.3427     3.0282     27.417    33.5101    26.1983 0.0000e+00
 233.621979     27.832  34.248419     7.3205     3.0237     27.598    33.5330    26.2195 0.0000e+00
 233.621985     28.016  34.250239     7.3058     3.0100     27.780    33.5492    26.2342 0.0000e+00
 233.621991     28.203  34.252144     7.2941     3.0122     27.966    33.5625    26.2463 0.0000e+00
 233.621997     28.393  34.253864     7.2852     3.0037     28.154    33.5729    26.2558 0.0000e+00
