data/oxygen options/OCNMS/OCNMS1/raw_data/2010/CAST_KL050_082110faedb.cnv
* Sea-Bird SBE19 Data File:
* FileName = C:\Documents and Settings\OCNMS\Desktop\2010 mooring data\second service\CAST_KL050_082110.hex
* Software Version 1.24
* Temperature SN = 2997
* Conductivity SN = 2997
* System UpLoad Time = Aug 21 2010 17:04:33
** CAST_KL050_082110
* SEACAT PROFILER V3.1c SN 2997   08/21/10  17:02:35.549
# nquan = 9
# nvalues = 51                          
# units = specified
# name 0 = timeJ: Julian Days
# name 1 = prSM: Pressure, Strain Gauge [db]
# name 2 = c0mS/cm: Conductivity [mS/cm]
# name 3 = t090C: Temperature [ITS-90, deg C]
# name 4 = sbeox0ML/L: Oxygen, SBE 43 [ml/l]
# name 5 = depSM: Depth [salt water, m], lat = 47.5
# name 6 = sal00: Salinity, Practical [PSU]
# name 7 = sigma-é00: Density [sigma-theta, kg/m^3]
# name 8 = flag: flag
# span 0 = 233.481233, 233.482457       
# span 1 =      1.000,     51.000       
# span 2 =  33.986333,  38.894986       
# span 3 =     6.9798,    13.6304       
# span 4 =     1.8242,     7.3996       
# span 5 =      0.992,     50.568       
# span 6 =    32.4896,    33.7598       
# span 7 =    24.3232,    26.4447       
# span 8 = 0.0000e+00, 0.0000e+00       
# interval = decibars: 1                
# start_time = Aug 21 2010 11:31:30 [Instrument's time stamp, header]
# bad_flag = -9.990e-29
*END*
 233.481233      1.000  38.894986    13.6304     7.3996      0.992    32.4896    24.3232 0.0000e+00
 233.481250      2.000  38.672091    13.2528     6.6305      1.983    32.6032    24.4866 0.0000e+00
 233.481265      3.000  38.229934    12.6930     5.8942      2.975    32.6673    24.6462 0.0000e+00
 233.481279      4.000  37.546071    11.8235     5.5791      3.967    32.7691    24.8893 0.0000e+00
 233.481292      5.000  36.923612    11.0939     5.4678      4.958    32.8059    25.0504 0.0000e+00
 233.481304      6.000  36.582830    10.7177     5.4069      5.950    32.8040    25.1155 0.0000e+00
 233.481316      7.000  36.426626    10.5591     5.3361      6.941    32.7901    25.1321 0.0000e+00
 233.481328      8.000  36.381461    10.4987     5.2354      7.933    32.7987    25.1492 0.0000e+00
 233.481341      9.000  36.354967    10.4454     5.1722      8.924    32.8197    25.1748 0.0000e+00
 233.481353     10.000  36.314386    10.3488     4.9795      9.916    32.8658    25.2272 0.0000e+00
 233.481366     11.000  36.159521    10.1038     4.7250     10.908    32.9313    25.3197 0.0000e+00
 233.481380     12.000  35.891307     9.7991     4.6342     11.899    32.9363    25.3743 0.0000e+00
 233.481396     13.000  35.334927     9.0714     4.5679     12.891    33.0334    25.5674 0.0000e+00
 233.481416     14.000  34.963202     8.7765     4.5347     13.883    32.9198    25.5244 0.0000e+00
 233.481437     15.000  34.641868     8.2889     4.5310     14.874    33.0366    25.6896 0.0000e+00
 233.481458     16.000  34.377812     8.0434     4.5402     15.866    32.9869    25.6869 0.0000e+00
 233.481480     17.000  34.278052     7.9387     4.5173     16.857    32.9787    25.6958 0.0000e+00
 233.481503     18.000  34.214871     7.8514     4.4849     17.849    32.9932    25.7198 0.0000e+00
 233.481526     19.000  34.201407     7.8297     4.4956     18.840    32.9988    25.7273 0.0000e+00
 233.481547     20.000  34.131114     7.7357     4.5450     19.832    33.0120    25.7512 0.0000e+00
 233.481565     21.000  34.027603     7.6016     4.5395     20.824    33.0274    25.7823 0.0000e+00
 233.481584     22.000  34.013193     7.5606     4.4762     21.815    33.0504    25.8063 0.0000e+00
 233.481607     23.000  34.003935     7.5177     4.3578     22.807    33.0808    25.8361 0.0000e+00
 233.481628     24.000  33.986333     7.4737     4.2242     23.798    33.1033    25.8600 0.0000e+00
 233.481649     25.000  33.998236     7.4663     4.0251     24.790    33.1228    25.8764 0.0000e+00
 233.481669     26.000  34.018287     7.4399     3.9538     25.782    33.1693    25.9167 0.0000e+00
 233.481689     27.000  34.036362     7.4277     3.9342     26.773    33.2000    25.9425 0.0000e+00
 233.481714     28.000  34.031998     7.4211     3.9140     27.764    33.2011    25.9444 0.0000e+00
 233.481743     29.000  34.034732     7.4142     3.8165     28.756    33.2102    25.9525 0.0000e+00
 233.481770     30.000  34.041855     7.4020     3.4288     29.747    33.2292    25.9691 0.0000e+00
 233.481789     31.000  34.091430     7.3806     3.2491     30.739    33.3029    26.0301 0.0000e+00
 233.481809     32.000  34.153862     7.3703     3.2877     31.730    33.3802    26.0923 0.0000e+00
 233.481837     33.000  34.157347     7.3734     3.1792     32.722    33.3804    26.0922 0.0000e+00
 233.481865     34.000  34.182589     7.3366     3.0944     33.713    33.4429    26.1464 0.0000e+00
 233.481889     35.000  34.194745     7.3060     3.0527     34.705    33.4853    26.1840 0.0000e+00
 233.481913     36.000  34.199474     7.2770     2.9894     35.696    33.5180    26.2138 0.0000e+00
 233.481936     37.000  34.218668     7.2679     2.9918     36.688    33.5473    26.2381 0.0000e+00
 233.481966     38.000  34.239394     7.2697     2.9872     37.679    33.5676    26.2538 0.0000e+00
 233.481993     39.000  34.270720     7.2652     2.9285     38.671    33.6056    26.2844 0.0000e+00
 233.482015     40.000  34.284283     7.2475     2.6610     39.663    33.6371    26.3116 0.0000e+00
 233.482040     41.000  34.249001     7.1973     2.5378     40.654    33.6470    26.3264 0.0000e+00
 233.482069     42.000  34.231892     7.1635     2.2253     41.645    33.6609    26.3420 0.0000e+00
 233.482095     43.000  34.184123     7.0501     2.0250     42.637    33.7189    26.4033 0.0000e+00
 233.482120     44.000  34.168086     7.0103     2.0021     43.628    33.7399    26.4253 0.0000e+00
 233.482147     45.000  34.089444     7.0034     1.9320     44.620    33.6599    26.3633 0.0000e+00
 233.482171     46.000  34.159208     6.9887     1.9089     45.611    33.7503    26.4365 0.0000e+00
 233.482199     47.000  34.162360     6.9839     1.8928     46.602    33.7580    26.4432 0.0000e+00
 233.482231     48.000  34.164423     6.9839     1.8700     47.594    33.7598    26.4446 0.0000e+00
 233.482255     49.000  34.160442     6.9798     1.8642     48.586    33.7590    26.4446 0.0000e+00
 233.482283     50.000  34.162551     6.9812     1.8566     49.577    33.7594    26.4447 0.0000e+00
 233.482457     51.000  34.165603     6.9843     1.8242     50.568    33.7592    26.4442 0.0000e+00
