data/oxygen options/OCNMS/OCNMS1/raw_data/2010/CAST_KL015_060510faed.cnv
* Sea-Bird SBE19 Data File:
* FileName = C:\Program Files\Sea-Bird\SeaTermAF\CAST_KL015_060510.hex
* Software Version 1.24
* Temperature SN = 2997
* Conductivity SN = 2997
* System UpLoad Time = Jun 05 2010 19:19:20
** CAST_CE015_060510
* SEACAT PROFILER V3.1c SN 2997   06/05/10  19:18:01.763
# nquan = 9                                 
# nvalues = 896                         
# units = specified
# name 0 = timeJ: Julian Days
# name 1 = prSM: Pressure, Strain Gauge [db]
# name 2 = c0mS/cm: Conductivity [mS/cm]
# name 3 = t090C: Temperature [ITS-90, deg C]
# name 4 = sbeox0ML/L: Oxygen, SBE 43 [ml/l]
# name 5 = depSM: Depth [salt water, m], lat = 47.5
# name 6 = sal00: Salinity, Practical [PSU]
# name 7 = sigma-é00: Density [sigma-theta, kg/m^3]
# name 8 = flag: flag
# span 0 = 156.718912, 156.724091       
# span 1 =     -3.742,     16.191       
# span 2 =   3.538999,  34.622281       
# span 3 =    11.6948,    14.2418       
# span 4 =    -1.6938,    13.9322       
# span 5 =     -3.711,     16.055       
# span 6 =     2.6882,    30.0457       
# span 7 =     1.3974,    22.7997       
# span 8 = 0.0000e+00, 0.0000e+00       
# interval = seconds: 0.5
# start_time = Jun 05 2010 17:15:14 [Instrument's time stamp, header]
# bad_flag = -9.990e-29
*END*
[from data line 481]
 156.721696      1.993  30.945766    14.2044     7.0422      1.976    24.8419    18.3137 -9.990e-29
 156.721701      2.012  30.945346    14.2034     7.0459      1.995    24.8422    18.3141 -9.990e-29
 156.721707      2.030  30.944668    14.2025     7.0460      2.013    24.8422    18.3143 -9.990e-29
 156.721713      2.044  30.943948    14.2016     7.0568      2.027    24.8421    18.3144 -9.990e-29
 156.721719      2.052  30.943159    14.2003     7.0599      2.035    24.8422    18.3147 -9.990e-29
 156.721725      2.058  30.942369    14.1988     7.0638      2.041    24.8425    18.3152 -9.990e-29
 156.721730      2.066  30.942021    14.1977     7.0455      2.049    24.8429    18.3158 -9.990e-29
 156.721736      2.073  30.942213    14.1974     7.0333      2.056    24.8432    18.3161 -9.990e-29
 156.721742      2.071  30.942457    14.1976     7.0313      2.054    24.8433    18.3161 -9.990e-29
 156.721748      2.056  30.942522    14.1977     7.0330      2.039    24.8433    18.3161 -9.990e-29
 156.721753      2.030  30.942497    14.1970     7.0541      2.013    24.8438    18.3166 -9.990e-29
 156.721759      2.005  30.942350    14.1951     7.0533      1.988    24.8449    18.3178 -9.990e-29
 156.721765      1.992  30.941890    14.1917     7.0581      1.975    24.8466    18.3198 -9.990e-29
 156.721771      1.990  30.941067    14.1878     7.0570      1.973    24.8484    18.3219 -9.990e-29
 156.721777      1.991  30.940465    14.1846     7.0601      1.974    24.8499    18.3237 -9.990e-29
 156.721782      1.990  30.940401    14.1816     7.0629      1.973    24.8518    18.3257 -9.990e-29
 156.721788      1.988  30.940233    14.1786     7.0609      1.971    24.8536    18.3277 -9.990e-29
 156.721794      1.987  30.939741    14.1758     7.0668      1.970    24.8549    18.3293 -9.990e-29
 156.721800      1.994  30.939390    14.1733     7.0848      1.977    24.8562    18.3307 -9.990e-29
 156.721806      2.003  30.939275    14.1713     7.0874      1.986    24.8574    18.3320 -9.990e-29
 156.721811      2.012  30.939243    14.1697     7.0799      1.995    24.8584    18.3331 -9.990e-29
 156.721817      2.016  30.939256    14.1681     7.0792      1.999    24.8594    18.3342 -9.990e-29
 156.721823      2.011  30.939333    14.1660     7.0859      1.994    24.8609    18.3357 -9.990e-29
 156.721829      2.002  30.939578    14.1628     7.0900      1.985    24.8631    18.3381 -9.990e-29
 156.721834      1.992  30.939762    14.1592     7.1028      1.975    24.8656    18.3407 -9.990e-29
 156.721840      1.985  30.939573    14.1555     7.1064      1.968    24.8678    18.3431 -9.990e-29
 156.721846      1.984  30.939322    14.1522     7.0956      1.967    24.8697    18.3452 -9.990e-29
 156.721852      1.985  30.939237    14.1511     7.0726      1.968    24.8704    18.3459 -9.990e-29
 156.721858      1.980  30.939206    14.1517     7.0561      1.963    24.8699    18.3454 -9.990e-29
 156.721863      1.965  30.939187    14.1515     7.0531      1.949    24.8701    18.3456 -9.990e-29
 156.721869      1.945  30.939158    14.1500     7.0651      1.929    24.8710    18.3466 -9.990e-29
 156.721875      1.935  30.939086    14.1490     7.0678      1.919    24.8716    18.3472 -9.990e-29
 156.721881      1.936  30.938878    14.1504     7.0623      1.920    24.8705    18.3461 -9.990e-29
 156.721887      1.944  30.938259    14.1540     7.0535      1.928    24.8676    18.3432 -9.990e-29
 156.721892      1.953  30.937525    14.1581     7.0576      1.937    24.8644    18.3399 -9.990e-29
 156.721898      1.953  30.937377    14.1620     7.0684      1.937    24.8617    18.3371 -9.990e-29
 156.721904      1.945  30.937624    14.1661     7.0733      1.929    24.8593    18.3345 -9.990e-29
 156.721910      1.940  30.938037    14.1707     7.0746      1.924    24.8567    18.3316 -9.990e-29
 156.721916      1.948  30.938611    14.1756     7.0710      1.932    24.8541    18.3286 -9.990e-29
 156.721921      1.965  30.938995    14.1806     7.0623      1.949    24.8512    18.3255 -9.990e-29
 156.721927      1.983  30.939146    14.1854     7.0609      1.966    24.8482    18.3223 -9.990e-29
 156.721933      1.998  30.939269    14.1890     7.0614      1.981    24.8460    18.3199 -9.990e-29
 156.721939      2.012  30.939529    14.1909     7.0565      1.995    24.8450    18.3187 -9.990e-29
 156.721944      2.026  30.939717    14.1917     7.0579      2.009    24.8447    18.3183 -9.990e-29
 156.721950      2.036  30.939528    14.1921     7.0521      2.019    24.8443    18.3179 -9.990e-29
 156.721956      2.038  30.939273    14.1921     7.0582      2.021    24.8440    18.3177 -9.990e-29
 156.721962      2.038  30.939173    14.1919     7.0687      2.021    24.8441    18.3178 -9.990e-29
 156.721968      2.040  30.939099    14.1918     7.0898      2.023    24.8441    18.3178 -9.990e-29
 156.721973      2.042  30.938953    14.1918     7.0943      2.025    24.8439    18.3177 -9.990e-29
 156.721979      2.046  30.938545    14.1914     7.0783      2.029    24.8438    18.3177 -9.990e-29
 156.721985      2.052  30.937894    14.1901     7.0638      2.035    24.8441    18.3182 -9.990e-29
 156.721991      2.061  30.937254    14.1885     7.0616      2.044    24.8446    18.3188 -9.990e-29
 156.721997      2.072  30.936893    14.1870     7.0714      2.055    24.8452    18.3196 -9.990e-29
 156.722002      2.082  30.936893    14.1854     7.0655      2.065    24.8462    18.3207 -9.990e-29
 156.722008      2.084  30.936694    14.1838     7.0521      2.067    24.8471    18.3217 -9.990e-29
 156.722014      2.077  30.936036    14.1826     7.0460      2.060    24.8473    18.3220 -9.990e-29
 156.722020      2.065  30.935723    14.1820     7.0521      2.048    24.8474    18.3222 -9.990e-29
 156.722025      2.044  30.935899    14.1814     7.0607      2.027    24.8479    18.3228 -9.990e-29
 156.722031      2.016  30.935681    14.1804     7.0649      1.999    24.8484    18.3233 -9.990e-29
 156.722037      1.996  30.935342    14.1797     7.0637      1.979    24.8485    18.3236 -9.990e-29
 156.722043      1.988  30.935554    14.1796     7.0611      1.971    24.8488    18.3238 -9.990e-29
 156.722049      1.982  30.936043    14.1805     7.0611      1.965    24.8486    18.3235 -9.990e-29
 156.722054      1.974  30.936341    14.1814     7.0611      1.958    24.8483    18.3231 -9.990e-29
 156.722060      1.968  30.936289    14.1817     7.0677      1.952    24.8481    18.3229 -9.990e-29
 156.722066      1.971  30.936383    14.1824     7.0751      1.955    24.8477    18.3224 -9.990e-29
 156.722072      1.984  30.936750    14.1839     7.0760      1.967    24.8471    18.3217 -9.990e-29
 156.722078      2.000  30.936763    14.1858     7.0750      1.983    24.8459    18.3204 -9.990e-29
 156.722083      2.010  30.936442    14.1876     7.0714      1.993    24.8444    18.3189 -9.990e-29
 156.722089      2.011  30.936478    14.1888     7.0693      1.994    24.8437    18.3181 -9.990e-29
 156.722095      2.007  30.936923    14.1894     7.0690      1.990    24.8437    18.3180 -9.990e-29
 156.722101      2.003  30.937257    14.1895     7.0689      1.986    24.8439    18.3182 -9.990e-29
 156.722106      1.998  30.937366    14.1891     7.0626      1.981    24.8443    18.3185 -9.990e-29
 156.722112      1.991  30.937398    14.1885     7.0552      1.974    24.8447    18.3189 -9.990e-29
 156.722118      1.983  30.937399    14.1884     7.0482      1.966    24.8448    18.3190 -9.990e-29
 156.722124      1.973  30.937374    14.1887     7.0483      1.957    24.8446    18.3188 -9.990e-29
 156.722130      1.964  30.937290    14.1887     7.0455      1.948    24.8445    18.3187 -9.990e-29
 156.722135      1.961  30.937039    14.1880     7.0413      1.945    24.8447    18.3190 -9.990e-29
 156.722141      1.958  30.936850    14.1874     7.0362      1.942    24.8449    18.3193 -9.990e-29
 156.722147      1.952  30.937035    14.1876     7.0361      1.936    24.8450    18.3193 -9.990e-29
 156.722153      1.941  30.937282    14.1877     7.0518      1.925    24.8451    18.3194 -9.990e-29
 156.722159      1.926  30.937362    14.1870     7.0512      1.910    24.8457    18.3200 -9.990e-29
 156.722164      1.909  30.937384    14.1856     7.0584      1.893    24.8466    18.3209 -9.990e-29
 156.722170      1.898  30.937383    14.1844     7.0635      1.882    24.8474    18.3218 -9.990e-29
 156.722176      1.897  30.937358    14.1845     7.0671      1.881    24.8473    18.3217 -9.990e-29
 156.722182      1.900  30.937279    14.1856     7.0699      1.884    24.8465    18.3209 -9.990e-29
 156.722187      1.901  30.937044    14.1870     7.0658      1.885    24.8454    18.3197 -9.990e-29
 156.722193      1.899  30.936902    14.1886     7.0497      1.883    24.8442    18.3185 -9.990e-29
 156.722199      1.897  30.937224    14.1905     7.0385      1.881    24.8433    18.3175 -9.990e-29
 156.722205      1.893  30.937885    14.1926     7.0374      1.877    24.8425    18.3165 -9.990e-29
 156.722211      1.880  30.938650    14.1946     7.0402      1.864    24.8419    18.3156 -9.990e-29
 156.722216      1.863  30.939422    14.1962     7.0523      1.847    24.8416    18.3151 -9.990e-29
 156.722222      1.849  30.940113    14.1973     7.0624      1.834    24.8415    18.3148 -9.990e-29
 156.722228      1.842  30.940528    14.1980     7.0509      1.827    24.8414    18.3146 -9.990e-29
 156.722234      1.841  30.940663    14.1984     7.0472      1.826    24.8413    18.3144 -9.990e-29
 156.722240      1.841  30.940703    14.1987     7.0374      1.826    24.8411    18.3142 -9.990e-29
 156.722245      1.839  30.940704    14.1988     7.0429      1.824    24.8411    18.3141 -9.990e-29
 156.722251      1.838  30.940669    14.1988     7.0550      1.823    24.8410    18.3141 -9.990e-29
 156.722257      1.844  30.940557    14.1986     7.0577      1.829    24.8411    18.3142 -9.990e-29
 156.722263      1.855  30.940219    14.1983     7.0527      1.840    24.8410    18.3142 -9.990e-29
 156.722269      1.869  30.939769    14.1983     7.0418      1.853    24.8406    18.3138 -9.990e-29
 156.722274      1.878  30.939726    14.1982     7.0378      1.862    24.8406    18.3139 -9.990e-29
 156.722280      1.877  30.940035    14.1980     7.0393      1.861    24.8410    18.3142 -9.990e-29
 156.722286      1.873  30.939991    14.1976     7.0495      1.857    24.8412    18.3145 -9.990e-29
 156.722292      1.872  30.939539    14.1969     7.0530      1.856    24.8412    18.3147 -9.990e-29
 156.722297      1.879  30.939199    14.1960     7.0472      1.863    24.8415    18.3150 -9.990e-29
 156.722303      1.890  30.939082    14.1952     7.0511      1.874    24.8419    18.3155 -9.990e-29
 156.722309      1.902  30.939033    14.1947     7.0563      1.886    24.8422    18.3158 -9.990e-29
 156.722315      1.919  30.938989    14.1945     7.0586      1.903    24.8423    18.3159 -9.990e-29
 156.722321      1.942  30.938895    14.1941     7.0415      1.926    24.8425    18.3161 -9.990e-29
 156.722326      1.966  30.938630    14.1936     7.0347      1.950    24.8425    18.3163 -9.990e-29
 156.722332      1.990  30.938399    14.1931     7.0451      1.973    24.8426    18.3165 -9.990e-29
 156.722338      2.021  30.938458    14.1925     7.0578      2.004    24.8431    18.3169 -9.990e-29
 156.722344      2.057  30.938329    14.1919     7.0601      2.040    24.8433    18.3172 -9.990e-29
 156.722350      2.095  30.937842    14.1911     7.0568      2.078    24.8434    18.3174 -9.990e-29
 156.722355      2.134  30.937471    14.1900     7.0508      2.116    24.8438    18.3179 -9.990e-29
 156.722361      2.168  30.937283    14.1889     7.0498      2.150    24.8443    18.3185 -9.990e-29
 156.722367      2.194  30.937030    14.1875     7.0592      2.176    24.8450    18.3193 -9.990e-29
 156.722373      2.218  30.936377    14.1855     7.0665      2.199    24.8457    18.3203 -9.990e-29
 156.722378      2.251  30.935017    14.1832     7.0740      2.232    24.8459    18.3209 -9.990e-29
 156.722384      2.295  30.933379    14.1809     7.0863      2.276    24.8459    18.3213 -9.990e-29
 156.722390      2.343  30.932639    14.1792     7.0844      2.323    24.8463    18.3220 -9.990e-29
 156.722396      2.391  30.932931    14.1779     7.0738      2.371    24.8474    18.3231 -9.990e-29
 156.722402      2.437  30.932969    14.1767     7.0609      2.417    24.8482    18.3239 -9.990e-29
 156.722407      2.483  30.932244    14.1756     7.0671      2.462    24.8483    18.3242 -9.990e-29
 156.722413      2.530  30.931285    14.1741     7.0773      2.509    24.8484    18.3245 -9.990e-29
 156.722419      2.575  30.930490    14.1727     7.0818      2.553    24.8485    18.3250 -9.990e-29
 156.722425      2.617  30.930280    14.1726     7.0685      2.595    24.8484    18.3249 -9.990e-29
 156.722431      2.650  30.930915    14.1738     7.0471      2.628    24.8482    18.3245 -9.990e-29
 156.722436      2.667  30.931917    14.1758     7.0421      2.645    24.8478    18.3238 -9.990e-29
 156.722442      2.662  30.932922    14.1787     7.0572      2.640    24.8468    18.3225 -9.990e-29
 156.722448      2.633  30.934133    14.1821     7.0794      2.611    24.8457    18.3210 -9.990e-29
 156.722454      2.588  30.935466    14.1853     7.0803      2.566    24.8449    18.3197 -9.990e-29
 156.722459      2.532  30.936443    14.1874     7.0700      2.511    24.8444    18.3189 -9.990e-29
 156.722465      2.466  30.936669    14.1883     7.0550      2.445    24.8440    18.3185 -9.990e-29
 156.722471      2.381  30.936429    14.1892     7.0565      2.361    24.8433    18.3177 -9.990e-29
 156.722477      2.273  30.936503    14.1905     7.0679      2.254    24.8425    18.3169 -9.990e-29
 156.722483      2.150  30.936971    14.1916     7.0858      2.132    24.8423    18.3165 -9.990e-29
 156.722488      2.032  30.937323    14.1922     7.0891      2.015    24.8423    18.3163 -9.990e-29
 156.722494      1.928  30.937452    14.1923     7.0789      1.912    24.8423    18.3164 -9.990e-29
 156.722500      1.835  30.937512    14.1924     7.0788      1.820    24.8424    18.3164 -9.990e-29
 156.722506      1.748  30.937566    14.1926     7.0816      1.733    24.8423    18.3163 -9.990e-29
 156.722512      1.661  30.937667    14.1923     7.0966      1.647    24.8426    18.3166 -9.990e-29
 156.722517      1.577  30.937932    14.1918     7.0874      1.564    24.8432    18.3171 -9.990e-29
 156.722523      1.513  30.938137    14.1913     7.0753      1.500    24.8437    18.3176 -9.990e-29
 156.722529      1.480  30.937978    14.1909     7.0757      1.468    24.8438    18.3178 -9.990e-29
 156.722535      1.478  30.937785    14.1909     7.0751      1.466    24.8437    18.3177 -9.990e-29
 156.722541      1.492  30.937843    14.1915     7.0880      1.480    24.8433    18.3173 -9.990e-29
 156.722546      1.512  30.938211    14.1923     7.0910      1.499    24.8431    18.3170 -9.990e-29
 156.722552      1.538  30.938798    14.1931     7.0826      1.525    24.8431    18.3168 -9.990e-29
 156.722558      1.581  30.939251    14.1936     7.0683      1.568    24.8432    18.3168 -9.990e-29
 156.722564      1.643  30.939595    14.1940     7.0635      1.629    24.8432    18.3167 -9.990e-29
 156.722569      1.720  30.939710    14.1940     7.0582      1.706    24.8433    18.3168 -9.990e-29
 156.722575      1.816  30.939173    14.1934     7.0684      1.801    24.8432    18.3168 -9.990e-29
 156.722581      1.947  30.938369    14.1926     7.0686      1.931    24.8429    18.3168 0.0000e+00
 156.722587      2.121  30.937887    14.1917     7.0821      2.103    24.8430    18.3170 0.0000e+00
 156.722593      2.331  30.937625    14.1906     7.0930      2.312    24.8435    18.3176 0.0000e+00
 156.722598      2.565  30.937216    14.1897     7.0993      2.544    24.8436    18.3179 0.0000e+00
 156.722604      2.812  30.936654    14.1889     7.0871      2.789    24.8435    18.3180 0.0000e+00
 156.722610      3.063  30.936289    14.1881     7.0720      3.037    24.8436    18.3182 0.0000e+00
