data/oxygen options/OCNMS/OCNMS1/raw_data/2010/CAST_CA065_100210faedb.cnv
* Sea-Bird SBE19 Data File:
* FileName = C:\Documents and Settings\OCNMS\Desktop\2010 mooring data\third service\CAST_CA065_100210.hex
* Software Version 1.24
* Temperature SN = 2997
* Conductivity SN = 2997
* System UpLoad Time = Oct 02 2010 16:55:06
** CAST_CA065_100210
* SEACAT PROFILER V3.1c SN 2997   10/02/10  16:53:15.110
# nquan = 9
# nvalues = 66                          
# units = specified
# name 0 = timeJ: Julian Days
# name 1 = prSM: Pressure, Strain Gauge [db]
# name 2 = c0mS/cm: Conductivity [mS/cm]
# name 3 = t090C: Temperature [ITS-90, deg C]
# name 4 = sbeox0ML/L: Oxygen, SBE 43 [ml/l]
# name 5 = depSM: Depth [salt water, m], lat = 47.5
# name 6 = sal00: Salinity, Practical [PSU]
# name 7 = sigma-é00: Density [sigma-theta, kg/m^3]
# name 8 = flag: flag
# span 0 = 275.429475, 275.430879       
# span 1 =      1.000,     66.000       
# span 2 =  34.150776,  37.878346       
# span 3 =     7.4070,    13.0688       
# span 4 =     2.9292,     6.2023       
# span 5 =      0.992,     65.439       
# span 6 =    31.9466,    33.5100       
# span 7 =    24.0672,    26.1896       
# span 8 = 0.0000e+00, 0.0000e+00       
# interval = decibars: 1                
# start_time = Oct 02 2010 10:16:56 [Instrument's time stamp, header]
# bad_flag = -9.990e-29
*END*
 275.429475      1.000  37.878346    13.0688     6.1811      0.992    32.0140    24.0672 0.0000e+00
 275.429501      2.000  37.838280    13.0220     6.2004      1.983    32.0154    24.0775 0.0000e+00
 275.429523      3.000  37.822534    13.0102     6.1986      2.975    32.0102    24.0758 0.0000e+00
 275.429544      4.000  37.820644    13.0063     6.2023      3.967    32.0113    24.0775 0.0000e+00
 275.429564      5.000  37.817980    13.0016     6.1985      4.958    32.0124    24.0792 0.0000e+00
 275.429581      6.000  37.815045    12.9975     6.1966      5.950    32.0126    24.0802 0.0000e+00
 275.429599      7.000  37.814667    12.9965     6.1998      6.941    32.0127    24.0805 0.0000e+00
 275.429616      8.000  37.814418    12.9950     6.1965      7.933    32.0134    24.0813 0.0000e+00
 275.429634      9.000  37.813282    12.9934     6.1797      8.925    32.0132    24.0816 0.0000e+00
 275.429653     10.000  37.811328    12.9899     6.1985      9.916    32.0140    24.0828 0.0000e+00
 275.429673     11.000  37.807708    12.9876     6.1939     10.908    32.0121    24.0819 0.0000e+00
 275.429696     12.000  37.800166    12.9786     6.1939     11.900    32.0122    24.0838 0.0000e+00
 275.429717     13.000  37.764248    12.9488     6.1909     12.891    32.0032    24.0825 0.0000e+00
 275.429737     14.000  37.745624    12.9296     6.1784     13.883    32.0014    24.0850 0.0000e+00
 275.429760     15.000  37.734030    12.9226     6.1903     14.874    31.9960    24.0822 0.0000e+00
 275.429783     16.000  37.731675    12.9214     6.1868     15.866    31.9944    24.0812 0.0000e+00
 275.429807     17.000  37.723226    12.9122     6.1893     16.858    31.9938    24.0826 0.0000e+00
 275.429832     18.000  37.720230    12.9074     6.1680     17.849    31.9946    24.0841 0.0000e+00
 275.429853     19.000  37.698530    12.8842     6.1783     18.841    31.9934    24.0877 0.0000e+00
 275.429875     20.000  37.684098    12.8749     6.1582     19.832    31.9872    24.0847 0.0000e+00
 275.429898     21.000  37.657722    12.8434     6.1394     20.824    31.9885    24.0919 0.0000e+00
 275.429923     22.000  37.570765    12.7875     6.0893     21.815    31.9532    24.0753 0.0000e+00
 275.429946     23.000  37.460950    12.6433     6.0508     22.807    31.9709    24.1168 0.0000e+00
 275.429968     24.000  37.324375    12.5184     6.0073     23.798    31.9466    24.1218 0.0000e+00
 275.429991     25.000  37.274851    12.4476     5.9478     24.790    31.9592    24.1451 0.0000e+00
 275.430012     26.000  37.180544    12.3406     5.9051     25.781    31.9599    24.1658 0.0000e+00
 275.430033     27.000  37.102471    12.2572     5.8920     26.773    31.9558    24.1785 0.0000e+00
 275.430058     28.000  37.064245    12.2118     5.8230     27.764    31.9575    24.1883 0.0000e+00
 275.430080     29.000  37.005752    12.1113     5.7976     28.756    31.9868    24.2298 0.0000e+00
 275.430099     30.000  36.956543    12.0311     5.7838     29.747    32.0078    24.2610 0.0000e+00
 275.430120     31.000  36.933566    11.9975     5.5072     30.739    32.0140    24.2721 0.0000e+00
 275.430141     32.000  36.733447    11.6688     5.3482     31.730    32.1032    24.4015 0.0000e+00
 275.430159     33.000  36.357392    11.2011     5.3540     32.722    32.1414    24.5152 0.0000e+00
 275.430179     34.000  36.217082    11.0798     5.3324     33.713    32.1088    24.5117 0.0000e+00
 275.430200     35.000  36.215833    11.0381     5.2473     34.705    32.1436    24.5460 0.0000e+00
 275.430221     36.000  36.080797    10.8734     5.1800     35.696    32.1540    24.5829 0.0000e+00
 275.430243     37.000  35.880766    10.6257     5.1592     36.688    32.1726    24.6402 0.0000e+00
 275.430263     38.000  35.758271    10.4259     5.1115     37.679    32.2264    24.7162 0.0000e+00
 275.430282     39.000  35.730963    10.3672     5.0052     38.671    32.2506    24.7451 0.0000e+00
 275.430301     40.000  35.614343    10.1473     4.9307     39.663    32.3285    24.8427 0.0000e+00
 275.430319     41.000  35.282154     9.6575     4.9699     40.654    32.4304    25.0029 0.0000e+00
 275.430339     42.000  34.960212     9.3105     4.9423     41.645    32.4136    25.0454 0.0000e+00
 275.430360     43.000  34.919254     9.1554     4.8756     42.636    32.5120    25.1468 0.0000e+00
 275.430380     44.000  34.765849     8.9288     4.9157     43.628    32.5597    25.2194 0.0000e+00
 275.430405     45.000  34.705489     8.9101     4.8854     44.620    32.5135    25.1862 0.0000e+00
 275.430430     46.000  34.535185     8.5899     4.8339     45.611    32.6295    25.3259 0.0000e+00
 275.430451     47.000  34.382423     8.3764     4.7596     46.603    32.6661    25.3866 0.0000e+00
 275.430472     48.000  34.398339     8.3748     4.5221     47.594    32.6839    25.4009 0.0000e+00
 275.430494     49.000  34.420239     8.3246     4.4550     48.585    32.7532    25.4627 0.0000e+00
 275.430516     50.000  34.360602     8.2298     4.4118     49.577    32.7780    25.4962 0.0000e+00
 275.430539     51.000  34.256892     8.0361     4.4668     50.568    32.8487    25.5801 0.0000e+00
 275.430560     52.000  34.174726     7.8660     4.4686     51.560    32.9205    25.6611 0.0000e+00
 275.430582     53.000  34.150776     7.8236     4.2178     52.551    32.9344    25.6781 0.0000e+00
 275.430603     54.000  34.181232     7.7756     3.9291     53.542    33.0120    25.7459 0.0000e+00
 275.430621     55.000  34.244056     7.7510     3.7240     54.534    33.1022    25.8203 0.0000e+00
 275.430639     56.000  34.245022     7.6643     3.5540     55.525    33.1853    25.8979 0.0000e+00
 275.430656     57.000  34.229176     7.5571     3.3203     56.517    33.2702    25.9800 0.0000e+00
 275.430671     58.000  34.244135     7.4796     3.1477     57.508    33.3603    26.0618 0.0000e+00
 275.430687     59.000  34.267034     7.4207     3.0713     58.499    33.4413    26.1337 0.0000e+00
 275.430702     60.000  34.290102     7.4147     3.0331     59.491    33.4716    26.1584 0.0000e+00
 275.430719     61.000  34.306050     7.4191     3.0410     60.482    33.4841    26.1676 0.0000e+00
 275.430740     62.000  34.321531     7.4396     3.0177     61.473    33.4806    26.1620 0.0000e+00
 275.430768     63.000  34.317799     7.4277     2.9711     62.465    33.4876    26.1692 0.0000e+00
 275.430791     64.000  34.318047     7.4127     2.9617     63.456    33.5020    26.1826 0.0000e+00
 275.430810     65.000  34.319196     7.4070     2.9454     64.447    33.5082    26.1883 0.0000e+00
 275.430879     66.000  34.322277     7.4081     2.9292     65.439    33.5100    26.1896 0.0000e+00
