data/oxygen options/OCNMS/OCNMS1/raw_data/2010/CAST_CA065_060610faed.cnv
* Sea-Bird SBE19 Data File:
* FileName = C:\Documents and Settings\OCNMS\Desktop\2010 mooring data\CAST_CA065_060610.hex
* Software Version 1.24
* Temperature SN = 2997
* Conductivity SN = 2997
* System UpLoad Time = Jun 06 2010 20:08:00
** CAST_CA065_060610
* SEACAT PROFILER V3.1c SN 2997   06/06/10  20:07:28.808
# nquan = 9                                 
# nvalues = 882                         
# units = specified
# name 0 = timeJ: Julian Days
# name 1 = prSM: Pressure, Strain Gauge [db]
# name 2 = c0mS/cm: Conductivity [mS/cm]
# name 3 = t090C: Temperature [ITS-90, deg C]
# name 4 = sbeox0ML/L: Oxygen, SBE 43 [ml/l]
# name 5 = depSM: Depth [salt water, m], lat = 47.5
# name 6 = sal00: Salinity, Practical [PSU]
# name 7 = sigma-é00: Density [sigma-theta, kg/m^3]
# name 8 = flag: flag
# span 0 = 157.544167, 157.549265       
# span 1 =     -4.031,     66.270       
# span 2 =   2.398861,  35.700626       
# span 3 =     8.1129,    13.3552       
# span 4 =    -1.7041,    13.5998       
# span 5 =     -3.997,     65.706       
# span 6 =     1.7566,    33.0431       
# span 7 =     0.7634,    25.7196       
# span 8 = 0.0000e+00, 0.0000e+00       
# interval = seconds: 0.5
# start_time = Jun 06 2010 13:03:36 [Instrument's time stamp, header]
# bad_flag = -9.990e-29
*END*
[from data line 641]
 157.547876     64.854  34.485968     8.1476     4.2694     64.303    32.9811    25.6679 -9.990e-29
 157.547882     64.721  34.486011     8.1473     4.2904     64.171    32.9815    25.6682 0.0000e+00
 157.547888     64.548  34.486046     8.1491     4.3026     63.999    32.9799    25.6667 0.0000e+00
 157.547894     64.329  34.487282     8.1562     4.3203     63.782    32.9747    25.6615 0.0000e+00
 157.547899     64.072  34.489172     8.1670     4.3317     63.527    32.9666    25.6536 0.0000e+00
 157.547905     63.789  34.490917     8.1782     4.3342     63.247    32.9581    25.6453 0.0000e+00
 157.547911     63.484  34.493210     8.1881     4.3530     62.944    32.9514    25.6385 0.0000e+00
 157.547917     63.160  34.495796     8.1988     4.3837     62.623    32.9442    25.6314 0.0000e+00
 157.547922     62.816  34.497688     8.2135     4.4131     62.282    32.9326    25.6201 0.0000e+00
 157.547928     62.457  34.499774     8.2310     4.4358     61.926    32.9186    25.6065 0.0000e+00
 157.547934     62.099  34.502640     8.2483     4.4553     61.571    32.9056    25.5937 0.0000e+00
 157.547940     61.757  34.505674     8.2618     4.4919     61.232    32.8963    25.5844 0.0000e+00
 157.547946     61.440  34.508489     8.2713     4.5361     60.918    32.8906    25.5785 0.0000e+00
 157.547951     61.149  34.510405     8.2837     4.5698     60.630    32.8811    25.5692 0.0000e+00
 157.547957     60.882  34.511783     8.3043     4.6084     60.365    32.8634    25.5523 0.0000e+00
 157.547963     60.635  34.513385     8.3265     4.6286     60.120    32.8445    25.5342 0.0000e+00
 157.547969     60.397  34.514031     8.3400     4.6487     59.884    32.8327    25.5229 0.0000e+00
 157.547975     60.158  34.513510     8.3476     4.6764     59.647    32.8252    25.5159 0.0000e+00
 157.547980     59.913  34.513417     8.3603     4.7117     59.404    32.8133    25.5047 0.0000e+00
 157.547986     59.667  34.514232     8.3792     4.7460     59.160    32.7967    25.4888 0.0000e+00
 157.547992     59.414  34.515407     8.3969     4.7753     58.910    32.7816    25.4743 0.0000e+00
 157.547998     59.149  34.515753     8.4126     4.7929     58.647    32.7675    25.4609 0.0000e+00
 157.548003     58.867  34.514659     8.4320     4.8073     58.367    32.7484    25.4431 0.0000e+00
 157.548009     58.566  34.513515     8.4557     4.8114     58.069    32.7253    25.4214 0.0000e+00
 157.548015     58.251  34.514201     8.4780     4.8436     57.757    32.7055    25.4025 0.0000e+00
 157.548021     57.930  34.517121     8.4945     4.8639     57.438    32.6934    25.3906 0.0000e+00
 157.548027     57.612  34.520616     8.5054     4.8901     57.123    32.6871    25.3840 0.0000e+00
 157.548032     57.300  34.522673     8.5141     4.9028     56.814    32.6814    25.3782 0.0000e+00
 157.548038     56.991  34.522721     8.5272     4.8947     56.508    32.6695    25.3669 0.0000e+00
 157.548044     56.685  34.523110     8.5463     4.8935     56.204    32.6523    25.3506 0.0000e+00
 157.548050     56.391  34.526645     8.5654     4.8933     55.913    32.6385    25.3369 0.0000e+00
 157.548056     56.109  34.531364     8.5798     4.9166     55.633    32.6303    25.3282 0.0000e+00
 157.548061     55.840  34.534083     8.5890     4.9244     55.366    32.6248    25.3225 0.0000e+00
 157.548067     55.579  34.535116     8.5951     4.9341     55.108    32.6203    25.3181 0.0000e+00
 157.548073     55.318  34.535886     8.5995     4.9400     54.849    32.6172    25.3150 0.0000e+00
 157.548079     55.054  34.536344     8.6034     4.9455     54.587    32.6142    25.3121 0.0000e+00
 157.548084     54.787  34.536027     8.6090     4.9598     54.323    32.6088    25.3070 0.0000e+00
 157.548090     54.516  34.535676     8.6175     4.9640     54.054    32.6007    25.2994 0.0000e+00
 157.548096     54.242  34.536550     8.6266     4.9662     53.782    32.5934    25.2922 0.0000e+00
 157.548102     53.965  34.539299     8.6342     4.9783     53.508    32.5894    25.2879 0.0000e+00
 157.548108     53.684  34.542591     8.6410     4.9682     53.229    32.5867    25.2848 0.0000e+00
 157.548113     53.398  34.544139     8.6487     4.9671     52.945    32.5814    25.2794 0.0000e+00
 157.548119     53.106  34.544374     8.6605     4.9767     52.656    32.5709    25.2694 0.0000e+00
 157.548125     52.807  34.545895     8.6766     4.9939     52.360    32.5578    25.2567 0.0000e+00
 157.548131     52.503  34.550214     8.6923     5.0309     52.058    32.5480    25.2467 0.0000e+00
 157.548137     52.201  34.556416     8.7056     5.0708     51.759    32.5424    25.2403 0.0000e+00
 157.548142     51.902  34.563855     8.7204     5.0892     51.462    32.5367    25.2335 0.0000e+00
 157.548148     51.602  34.572413     8.7464     5.1134     51.165    32.5219    25.2180 0.0000e+00
 157.548154     51.288  34.581785     8.7966     5.1334     50.854    32.4858    25.1820 0.0000e+00
 157.548160     50.959  34.598349     8.8650     5.1573     50.527    32.4406    25.1362 0.0000e+00
 157.548166     50.623  34.622952     8.9248     5.1758     50.194    32.4117    25.1044 0.0000e+00
 157.548171     50.289  34.649798     8.9641     5.1964     49.863    32.4039    25.0922 0.0000e+00
 157.548177     49.958  34.676649     8.9874     5.2240     49.535    32.4107    25.0939 0.0000e+00
 157.548183     49.624  34.696230     9.0021     5.2346     49.204    32.4178    25.0971 0.0000e+00
 157.548189     49.290  34.708929     9.0215     5.2543     48.873    32.4134    25.0907 0.0000e+00
 157.548194     48.958  34.721644     9.0530     5.2685     48.544    32.3981    25.0738 0.0000e+00
 157.548200     48.633  34.733447     9.0848     5.2999     48.221    32.3815    25.0559 0.0000e+00
 157.548206     48.322  34.741638     9.1067     5.3210     47.913    32.3702    25.0436 0.0000e+00
 157.548212     48.028  34.750468     9.1302     5.3341     47.622    32.3582    25.0305 0.0000e+00
 157.548218     47.760  34.765598     9.1636     5.3537     47.356    32.3436    25.0139 0.0000e+00
 157.548223     47.518  34.781482     9.1949     5.3514     47.116    32.3317    24.9997 0.0000e+00
 157.548229     47.290  34.789653     9.2147     5.3676     46.890    32.3223    24.9892 0.0000e+00
 157.548235     47.067  34.790415     9.2309     5.3849     46.669    32.3086    24.9759 0.0000e+00
 157.548241     46.842  34.793796     9.2542     5.4151     46.446    32.2911    24.9586 0.0000e+00
 157.548247     46.605  34.808832     9.2826     5.4446     46.211    32.2810    24.9462 0.0000e+00
 157.548252     46.347  34.826487     9.3113     5.4650     45.955    32.2734    24.9357 0.0000e+00
 157.548258     46.058  34.835058     9.3418     5.4627     45.669    32.2548    24.9164 0.0000e+00
 157.548264     45.734  34.841541     9.3744     5.4504     45.347    32.2322    24.8936 0.0000e+00
 157.548270     45.380  34.852386     9.4050     5.4689     44.996    32.2160    24.8760 0.0000e+00
 157.548275     45.012  34.864177     9.4276     5.4906     44.631    32.2079    24.8661 0.0000e+00
 157.548281     44.648  34.875322     9.4410     5.5061     44.271    32.2074    24.8636 0.0000e+00
 157.548287     44.305  34.886728     9.4532     5.5186     43.931    32.2083    24.8623 0.0000e+00
 157.548293     43.987  34.903010     9.4710     5.5250     43.615    32.2091    24.8601 0.0000e+00
 157.548299     43.689  34.925198     9.4894     5.5372     43.320    32.2155    24.8621 0.0000e+00
 157.548304     43.411  34.939227     9.5085     5.5453     43.044    32.2128    24.8570 0.0000e+00
 157.548310     43.148  34.941444     9.5410     5.5518     42.783    32.1860    24.8309 0.0000e+00
 157.548316     42.891  34.952776     9.5911     5.5497     42.529    32.1528    24.7969 0.0000e+00
 157.548322     42.633  34.979418     9.6434     5.5477     42.273    32.1333    24.7732 0.0000e+00
 157.548328     42.366  35.000922     9.6887     5.5488     42.008    32.1149    24.7515 0.0000e+00
 157.548333     42.086  35.012401     9.7303     5.5455     41.730    32.0896    24.7250 0.0000e+00
 157.548339     41.796  35.026975     9.7630     5.5511     41.443    32.0754    24.7086 0.0000e+00
 157.548345     41.500  35.042838     9.7823     5.5593     41.150    32.0745    24.7048 0.0000e+00
 157.548351     41.195  35.054865     9.7939     5.5678     40.847    32.0765    24.7045 0.0000e+00
 157.548356     40.880  35.063456     9.8028     5.5702     40.535    32.0774    24.7037 0.0000e+00
 157.548362     40.551  35.067596     9.8125     5.5755     40.209    32.0732    24.6988 0.0000e+00
 157.548368     40.205  35.069469     9.8248     5.5750     39.866    32.0643    24.6899 0.0000e+00
 157.548374     39.841  35.073090     9.8383     5.5806     39.505    32.0561    24.6813 0.0000e+00
 157.548380     39.466  35.079386     9.8497     5.5752     39.133    32.0525    24.6766 0.0000e+00
 157.548385     39.091  35.087059     9.8580     5.5884     38.761    32.0531    24.6757 0.0000e+00
 157.548391     38.721  35.095148     9.8639     5.5998     38.394    32.0562    24.6772 0.0000e+00
 157.548397     38.354  35.100445     9.8682     5.6049     38.030    32.0579    24.6778 0.0000e+00
 157.548403     37.989  35.101063     9.8732     5.6114     37.668    32.0543    24.6741 0.0000e+00
 157.548409     37.628  35.101756     9.8804     5.6112     37.311    32.0487    24.6686 0.0000e+00
 157.548414     37.274  35.107379     9.8894     5.6101     36.960    32.0466    24.6655 0.0000e+00
 157.548420     36.930  35.115916     9.9004     5.6145     36.619    32.0456    24.6629 0.0000e+00
 157.548426     36.596  35.124756     9.9148     5.6296     36.287    32.0419    24.6577 0.0000e+00
 157.548432     36.266  35.135614     9.9314     5.6330     35.960    32.0383    24.6521 0.0000e+00
 157.548438     35.935  35.146172     9.9469     5.6494     35.632    32.0354    24.6473 0.0000e+00
 157.548443     35.588  35.150351     9.9668     5.6688     35.288    32.0222    24.6337 0.0000e+00
 157.548449     35.220  35.154855     9.9995     5.6794     34.923    31.9979    24.6094 0.0000e+00
 157.548455     34.840  35.170741    10.0394     5.7078     34.546    31.9788    24.5879 0.0000e+00
 157.548461     34.451  35.195115    10.0761     5.7156     34.161    31.9712    24.5758 0.0000e+00
 157.548466     34.061  35.220155    10.1070     5.7176     33.774    31.9693    24.5692 0.0000e+00
 157.548472     33.668  35.239493    10.1396     5.7319     33.384    31.9602    24.5567 0.0000e+00
 157.548478     33.267  35.253157    10.1828     5.7505     32.987    31.9360    24.5307 0.0000e+00
 157.548484     32.860  35.270975    10.2283     5.7663     32.583    31.9140    24.5060 0.0000e+00
 157.548490     32.466  35.297114    10.2605     5.7871     32.193    31.9122    24.4991 0.0000e+00
 157.548495     32.092  35.320504    10.2796     5.8065     31.822    31.9190    24.5013 0.0000e+00
 157.548501     31.729  35.332578    10.2936     5.8312     31.462    31.9190    24.4989 0.0000e+00
 157.548507     31.358  35.339924    10.3108     5.8633     31.094    31.9114    24.4901 0.0000e+00
 157.548513     30.967  35.350664    10.3384     5.8994     30.706    31.8981    24.4751 0.0000e+00
 157.548519     30.558  35.369046    10.3693     5.9240     30.301    31.8896    24.4632 0.0000e+00
 157.548524     30.143  35.394380    10.3918     5.9366     29.889    31.8954    24.4639 0.0000e+00
 157.548530     29.734  35.419005    10.4077     5.9418     29.484    31.9062    24.4697 0.0000e+00
 157.548536     29.336  35.439356    10.4254     5.9377     29.089    31.9113    24.4706 0.0000e+00
 157.548542     28.944  35.452889    10.4576     5.9368     28.700    31.8967    24.4539 0.0000e+00
 157.548547     28.555  35.464213    10.5077     5.9292     28.315    31.8644    24.4201 0.0000e+00
 157.548553     28.175  35.483397    10.5546     5.9058     27.938    31.8427    24.3953 0.0000e+00
 157.548559     27.813  35.501300    10.5818     5.8628     27.579    31.8369    24.3862 0.0000e+00
 157.548565     27.475  35.507079    10.5914     5.8386     27.244    31.8344    24.3826 0.0000e+00
 157.548571     27.155  35.497813    10.5914     5.8265     26.927    31.8253    24.3755 0.0000e+00
 157.548576     26.831  35.480769    10.5898     5.8353     26.605    31.8099    24.3637 0.0000e+00
 157.548582     26.491  35.464044    10.5918     5.8577     26.268    31.7916    24.3492 0.0000e+00
 157.548588     26.139  35.443833    10.6003     5.8793     25.919    31.7643    24.3264 0.0000e+00
 157.548594     25.784  35.427932    10.6144     5.8971     25.567    31.7363    24.3022 0.0000e+00
 157.548600     25.419  35.422598    10.6316     5.9281     25.205    31.7162    24.2836 0.0000e+00
 157.548605     25.034  35.421851    10.6592     5.9465     24.824    31.6917    24.2598 0.0000e+00
 157.548611     24.626  35.426389    10.7094     5.9659     24.419    31.6528    24.2210 0.0000e+00
 157.548617     24.199  35.440592    10.7788     5.9944     23.996    31.6071    24.1734 0.0000e+00
 157.548623     23.765  35.459883    10.8479     6.0227     23.565    31.5668    24.1301 0.0000e+00
 157.548628     23.339  35.479749    10.8980     6.0514     23.143    31.5434    24.1033 0.0000e+00
 157.548634     22.927  35.500931    10.9290     6.0705     22.734    31.5379    24.0936 0.0000e+00
 157.548640     22.530  35.520880    10.9588     6.0794     22.341    31.5321    24.0839 0.0000e+00
 157.548646     22.143  35.537642    10.9944     6.0910     21.957    31.5182    24.0669 0.0000e+00
 157.548652     21.756  35.547248    11.0303     6.0917     21.573    31.4970    24.0442 0.0000e+00
 157.548657     21.355  35.551316    11.0705     6.1131     21.176    31.4668    24.0137 0.0000e+00
 157.548663     20.937  35.561445    11.1125     6.1188     20.761    31.4410    23.9862 0.0000e+00
 157.548669     20.511  35.577151    11.1431     6.1299     20.339    31.4304    23.9727 0.0000e+00
 157.548675     20.090  35.590820    11.1607     6.1435     19.921    31.4290    23.9685 0.0000e+00
 157.548681     19.684  35.601649    11.1718     6.1621     19.519    31.4303    23.9675 0.0000e+00
 157.548686     19.287  35.610086    11.1795     6.1886     19.125    31.4322    23.9676 0.0000e+00
 157.548692     18.896  35.614505    11.1875     6.2194     18.737    31.4298    23.9644 0.0000e+00
 157.548698     18.508  35.613526    11.2006     6.2431     18.353    31.4179    23.9528 0.0000e+00
 157.548704     18.110  35.612016    11.2204     6.2485     17.958    31.3997    23.9351 0.0000e+00
 157.548709     17.694  35.614134    11.2457     6.2440     17.546    31.3804    23.9157 0.0000e+00
 157.548715     17.264  35.617115    11.2709     6.2288     17.119    31.3620    23.8969 0.0000e+00
 157.548721     16.827  35.619905    11.2894     6.2061     16.686    31.3492    23.8837 0.0000e+00
 157.548727     16.385  35.623438    11.3013     6.1857     16.248    31.3427    23.8766 0.0000e+00
 157.548733     15.935  35.625714    11.3090     6.1701     15.801    31.3386    23.8720 0.0000e+00
 157.548738     15.480  35.620259    11.3139     6.1604     15.350    31.3293    23.8639 0.0000e+00
 157.548744     15.023  35.603731    11.3165     6.1562     14.897    31.3111    23.8493 0.0000e+00
 157.548750     14.572  35.583238    11.3182     6.1446     14.450    31.2898    23.8325 0.0000e+00
 157.548756     14.130  35.566763    11.3208     6.1418     14.012    31.2717    23.8179 0.0000e+00
 157.548762     13.700  35.554759    11.3232     6.1375     13.585    31.2582    23.8069 0.0000e+00
 157.548767     13.277  35.542434    11.3236     6.1350     13.166    31.2460    23.7974 0.0000e+00
 157.548773     12.849  35.529612    11.3232     6.1434     12.741    31.2339    23.7881 0.0000e+00
 157.548779     12.412  35.518815    11.3246     6.1743     12.308    31.2224    23.7789 0.0000e+00
 157.548785     11.968  35.507981    11.3267     6.1911     11.868    31.2102    23.7690 0.0000e+00
 157.548791     11.518  35.498364    11.3288     6.2304     11.422    31.1993    23.7601 0.0000e+00
