data/oxygen options/OCNMS/OCNMS1/raw_data/2010/CAST_KL050_091610faed.cnv
* Sea-Bird SBE19 Data File:
* FileName = C:\Documents and Settings\OCNMS\Desktop\2010 mooring data\third service\CAST_KL050_091610.hex
* Software Version 1.24
* Temperature SN = 2997
* Conductivity SN = 2997
* System UpLoad Time = Sep 16 2010 13:57:26
** CAST_KL050_091610
* SEACAT PROFILER V3.1c SN 2997   09/16/10  13:54:33.636
# nquan = 9                                 
# nvalues = 850                         
# units = specified
# name 0 = timeJ: Julian Days
# name 1 = prSM: Pressure, Strain Gauge [db]
# name 2 = c0mS/cm: Conductivity [mS/cm]
# name 3 = t090C: Temperature [ITS-90, deg C]
# name 4 = sbeox0ML/L: Oxygen, SBE 43 [ml/l]
# name 5 = depSM: Depth [salt water, m], lat = 47.5
# name 6 = sal00: Salinity, Practical [PSU]
# name 7 = sigma-é00: Density [sigma-theta, kg/m^3]
# name 8 = flag: flag
# span 0 = 259.359780, 259.364693       
# span 1 =     -1.148,     52.067       
# span 2 =   0.617433,  37.492489       
# span 3 =     7.2491,    12.4556       
# span 4 =   -11.1415,    13.7056       
# span 5 =     -1.138,     51.626       
# span 6 =     0.4007,    33.6502       
# span 7 =    -0.2410,    26.3210       
# span 8 = 0.0000e+00, 0.0000e+00       
# interval = seconds: 0.5
# start_time = Sep 16 2010 08:38:05 [Instrument's time stamp, header]
# bad_flag = -9.990e-29
*END*
[from data line 641]
 259.363490     31.342  34.211686     7.4135     2.3241     31.078    33.4015    26.1031 0.0000e+00
 259.363495     31.097  34.207617     7.4158     2.3267     30.835    33.3950    26.0976 0.0000e+00
 259.363501     30.866  34.204948     7.4168     2.3390     30.606    33.3913    26.0945 0.0000e+00
 259.363507     30.646  34.204697     7.4169     2.3897     30.388    33.3910    26.0943 0.0000e+00
 259.363513     30.425  34.204951     7.4175     2.4102     30.169    33.3908    26.0941 0.0000e+00
 259.363519     30.198  34.205588     7.4193     2.4275     29.944    33.3899    26.0931 0.0000e+00
 259.363524     29.959  34.206439     7.4222     2.4453     29.707    33.3881    26.0913 0.0000e+00
 259.363530     29.716  34.205383     7.4248     2.4632     29.466    33.3846    26.0881 0.0000e+00
 259.363536     29.481  34.201671     7.4260     2.5212     29.233    33.3795    26.0840 0.0000e+00
 259.363542     29.258  34.198290     7.4261     2.5556     29.012    33.3759    26.0811 0.0000e+00
 259.363547     29.037  34.198110     7.4260     2.5728     28.793    33.3759    26.0811 0.0000e+00
 259.363553     28.811  34.197634     7.4264     2.5981     28.569    33.3751    26.0804 0.0000e+00
 259.363559     28.584  34.194087     7.4274     2.6143     28.343    33.3704    26.0766 0.0000e+00
 259.363565     28.358  34.189556     7.4280     2.6570     28.119    33.3650    26.0723 0.0000e+00
 259.363571     28.137  34.185935     7.4280     2.6949     27.900    33.3612    26.0693 0.0000e+00
 259.363576     27.914  34.184092     7.4276     2.7150     27.679    33.3597    26.0681 0.0000e+00
 259.363582     27.681  34.183351     7.4276     2.7402     27.448    33.3590    26.0676 0.0000e+00
 259.363588     27.434  34.181705     7.4282     2.7424     27.203    33.3567    26.0657 0.0000e+00
 259.363594     27.180  34.178737     7.4296     2.7488     26.951    33.3523    26.0620 0.0000e+00
 259.363600     26.927  34.176189     7.4320     2.7585     26.701    33.3474    26.0578 0.0000e+00
 259.363605     26.674  34.175240     7.4343     2.7240     26.450    33.3442    26.0550 0.0000e+00
 259.363611     26.408  34.175286     7.4363     2.6727     26.186    33.3425    26.0534 0.0000e+00
 259.363617     26.129  34.175929     7.4419     2.5766     25.909    33.3379    26.0490 0.0000e+00
 259.363623     25.842  34.179245     7.4593     2.4362     25.625    33.3249    26.0363 0.0000e+00
 259.363628     25.548  34.190875     7.4967     2.3184     25.333    33.3017    26.0128 0.0000e+00
 259.363634     25.256  34.216913     7.5526     2.2342     25.044    33.2764    25.9850 0.0000e+00
 259.363640     24.976  34.258604     7.6187     2.2052     24.766    33.2582    25.9613 0.0000e+00
 259.363646     24.726  34.325755     7.6868     2.2092     24.518    33.2655    25.9574 0.0000e+00
 259.363652     24.514  34.413994     7.7486     2.1979     24.308    33.3014    25.9768 0.0000e+00
 259.363657     24.336  34.480473     7.7961     2.1995     24.131    33.3275    25.9904 0.0000e+00
 259.363663     24.173  34.499219     7.8245     2.1699     23.970    33.3205    25.9808 0.0000e+00
 259.363669     23.995  34.480227     7.8408     2.1552     23.793    33.2847    25.9503 0.0000e+00
 259.363675     23.785  34.463756     7.8581     2.1731     23.585    33.2506    25.9211 0.0000e+00
 259.363681     23.536  34.477756     7.8778     2.1782     23.338    33.2470    25.9154 0.0000e+00
 259.363686     23.255  34.497342     7.8988     2.1944     23.060    33.2481    25.9132 0.0000e+00
 259.363692     22.954  34.509562     7.9244     2.2022     22.761    33.2369    25.9007 0.0000e+00
 259.363698     22.647  34.521861     7.9567     2.1810     22.457    33.2195    25.8823 0.0000e+00
 259.363704     22.345  34.532274     7.9834     2.1920     22.157    33.2054    25.8673 0.0000e+00
 259.363709     22.055  34.542480     7.9854     2.1890     21.870    33.2146    25.8742 0.0000e+00
 259.363715     21.784  34.557242     7.9777     2.1981     21.601    33.2378    25.8936 0.0000e+00
 259.363721     21.532  34.586836     7.9890     2.2238     21.351    33.2588    25.9084 0.0000e+00
 259.363727     21.292  34.632209     8.0169     2.2452     21.113    33.2808    25.9216 0.0000e+00
 259.363733     21.060  34.680081     8.0453     2.2998     20.883    33.3049    25.9364 0.0000e+00
 259.363738     20.840  34.728349     8.0714     2.3600     20.665    33.3317    25.9535 0.0000e+00
 259.363744     20.630  34.770403     8.1147     2.4171     20.457    33.3354    25.9501 0.0000e+00
 259.363750     20.425  34.803099     8.1854     2.4714     20.254    33.3031    25.9142 0.0000e+00
 259.363756     20.226  34.842713     8.2733     2.5378     20.056    33.2619    25.8689 0.0000e+00
 259.363762     20.032  34.918668     8.3838     2.6355     19.864    33.2379    25.8335 0.0000e+00
 259.363767     19.836  35.023776     8.4953     2.8005     19.670    33.2438    25.8213 0.0000e+00
 259.363773     19.625  35.083389     8.5772     2.9558     19.460    33.2296    25.7976 0.0000e+00
 259.363779     19.390  35.087004     8.6764     3.1237     19.227    33.1403    25.7125 0.0000e+00
 259.363785     19.132  35.116239     8.8440     3.2800     18.971    33.0145    25.5882 0.0000e+00
 259.363791     18.862  35.205707     9.0530     3.3427     18.704    32.9138    25.4768 0.0000e+00
 259.363796     18.588  35.324262     9.2592     3.3907     18.432    32.8465    25.3916 0.0000e+00
 259.363802     18.319  35.446535     9.4422     3.3927     18.165    32.8047    25.3297 0.0000e+00
 259.363808     18.057  35.556036     9.5823     3.4135     17.906    32.7890    25.2948 0.0000e+00
 259.363814     17.805  35.641633     9.6541     3.4822     17.656    32.8112    25.3005 0.0000e+00
 259.363819     17.562  35.695573     9.6578     3.5588     17.415    32.8631    25.3404 0.0000e+00
 259.363825     17.327  35.711546     9.6346     3.6680     17.182    32.9008    25.3737 0.0000e+00
 259.363831     17.093  35.709287     9.6288     3.7592     16.950    32.9039    25.3770 0.0000e+00
 259.363837     16.858  35.707713     9.6620     3.8025     16.717    32.8720    25.3467 0.0000e+00
 259.363843     16.625  35.721053     9.7340     3.8564     16.486    32.8200    25.2943 0.0000e+00
 259.363848     16.395  35.769434     9.8237     3.9273     16.258    32.7877    25.2543 0.0000e+00
 259.363854     16.170  35.843031     9.8974     4.0215     16.034    32.7957    25.2484 0.0000e+00
 259.363860     15.951  35.909681     9.9454     4.1366     15.817    32.8199    25.2593 0.0000e+00
 259.363866     15.726  35.949225     9.9975     4.2132     15.594    32.8128    25.2451 0.0000e+00
 259.363872     15.487  35.968050    10.0615     4.2734     15.357    32.7739    25.2041 0.0000e+00
 259.363877     15.230  35.993604    10.1290     4.2854     15.102    32.7387    25.1654 0.0000e+00
 259.363883     14.957  36.041600    10.2121     4.2983     14.832    32.7123    25.1307 0.0000e+00
 259.363889     14.675  36.101148    10.3007     4.3291     14.552    32.6925    25.1004 0.0000e+00
 259.363895     14.397  36.151566    10.3658     4.3875     14.276    32.6848    25.0833 0.0000e+00
 259.363900     14.123  36.194713    10.4020     4.4707     14.005    32.6957    25.0856 0.0000e+00
 259.363906     13.847  36.230587    10.4246     4.5944     13.731    32.7115    25.0941 0.0000e+00
 259.363912     13.569  36.242767    10.4472     4.7438     13.455    32.7036    25.0840 0.0000e+00
 259.363918     13.294  36.245924    10.4836     4.8845     13.183    32.6741    25.0549 0.0000e+00
 259.363924     13.024  36.268445    10.5464     5.0280     12.915    32.6405    25.0179 0.0000e+00
 259.363929     12.760  36.320317    10.6242     5.1648     12.653    32.6229    24.9907 0.0000e+00
 259.363935     12.503  36.419318    10.7018     5.3062     12.398    32.6524    25.0003 0.0000e+00
 259.363941     12.252  36.541953    10.7797     5.4185     12.149    32.7050    25.0277 0.0000e+00
 259.363947     12.010  36.608923    10.8669     5.4933     11.909    32.6938    25.0038 0.0000e+00
 259.363953     11.773  36.625116    10.9780     5.5394     11.674    32.6110    24.9198 0.0000e+00
 259.363958     11.540  36.660383    11.0905     5.5298     11.443    32.5462    24.8495 0.0000e+00
 259.363964     11.317  36.738917    11.1675     5.5573     11.222    32.5556    24.8431 0.0000e+00
 259.363970     11.111  36.823932    11.2152     5.5921     11.018    32.5973    24.8670 0.0000e+00
 259.363976     10.918  36.862270    11.2493     5.6778     10.827    32.6049    24.8669 0.0000e+00
 259.363981     10.726  36.859164    11.2744     5.8503     10.636    32.5798    24.8428 0.0000e+00
 259.363987     10.526  36.849103    11.2954     6.0196     10.438    32.5514    24.8170 0.0000e+00
 259.363993     10.314  36.846885    11.3202     6.1758     10.228    32.5274    24.7939 0.0000e+00
 259.363999     10.086  36.856662    11.3626     6.2521     10.002    32.4998    24.7648 0.0000e+00
 259.364005      9.845  36.877701    11.4387     6.2356      9.763    32.4536    24.7151 0.0000e+00
 259.364010      9.604  36.914212    11.5404     6.2156      9.524    32.4002    24.6553 0.0000e+00
 259.364016      9.383  36.968645    11.6365     6.2320      9.304    32.3694    24.6138 0.0000e+00
 259.364022      9.194  37.037682    11.7067     6.3078      9.117    32.3754    24.6057 0.0000e+00
 259.364028      9.032  37.102211    11.7249     6.4278      8.956    32.4224    24.6388 0.0000e+00
 259.364034      8.884  37.108550    11.6924     6.5256      8.810    32.4570    24.6716 0.0000e+00
 259.364039      8.727  37.070427    11.6811     6.6135      8.654    32.4298    24.6526 0.0000e+00
 259.364045      8.542  37.069361    11.7276     6.6745      8.471    32.3883    24.6118 0.0000e+00
 259.364051      8.335  37.109178    11.7923     6.6925      8.265    32.3706    24.5862 0.0000e+00
 259.364057      8.132  37.151928    11.8472     6.7202      8.064    32.3644    24.5713 0.0000e+00
 259.364062      7.953  37.193823    11.8945     6.7235      7.886    32.3639    24.5622 0.0000e+00
 259.364068      7.810  37.238335    11.9323     6.7295      7.745    32.3742    24.5631 -9.990e-29
 259.364074      7.700  37.273379    11.9556     6.7478      7.636    32.3879    24.5694 -9.990e-29
 259.364080      7.608  37.292721    11.9685     6.7586      7.544    32.3954    24.5729 -9.990e-29
 259.364086      7.517  37.305023    11.9762     6.7738      7.454    32.4006    24.5755 -9.990e-29
 259.364091      7.412  37.307313    11.9799     6.7697      7.350    32.3997    24.5741 -9.990e-29
 259.364097      7.281  37.298386    11.9835     6.7646      7.220    32.3880    24.5643 0.0000e+00
 259.364103      7.125  37.292317    11.9930     6.7700      7.065    32.3739    24.5517 0.0000e+00
 259.364109      6.951  37.295233    12.0062     6.7630      6.893    32.3654    24.5425 0.0000e+00
 259.364115      6.770  37.305085    12.0152     6.7889      6.713    32.3671    24.5422 0.0000e+00
 259.364120      6.590  37.317876    12.0163     6.8037      6.535    32.3786    24.5509 0.0000e+00
 259.364126      6.411  37.323450    12.0111     6.8110      6.357    32.3886    24.5596 0.0000e+00
 259.364132      6.224  37.318263    12.0081     6.8333      6.172    32.3863    24.5584 0.0000e+00
 259.364138      6.030  37.312978    12.0139     6.8391      5.980    32.3762    24.5495 0.0000e+00
 259.364144      5.834  37.315328    12.0246     6.8672      5.785    32.3693    24.5421 0.0000e+00
 259.364149      5.645  37.323627    12.0347     6.8801      5.598    32.3686    24.5397 0.0000e+00
 259.364155      5.473  37.335166    12.0448     6.8933      5.427    32.3710    24.5397 0.0000e+00
 259.364161      5.319  37.348755    12.0559     6.9035      5.275    32.3746    24.5404 0.0000e+00
 259.364167      5.183  37.360898    12.0651     6.8951      5.140    32.3784    24.5416 -9.990e-29
 259.364172      5.059  37.366172    12.0726     6.9026      5.017    32.3770    24.5391 -9.990e-29
 259.364178      4.940  37.369030    12.0804     6.8986      4.899    32.3730    24.5346 -9.990e-29
 259.364184      4.818  37.375744    12.0867     6.8911      4.778    32.3741    24.5343 -9.990e-29
 259.364190      4.686  37.379249    12.0897     6.8841      4.647    32.3749    24.5343 0.0000e+00
 259.364196      4.536  37.373239    12.0902     6.8684      4.498    32.3688    24.5295 0.0000e+00
 259.364201      4.362  37.361683    12.0883     6.8655      4.326    32.3593    24.5225 0.0000e+00
 259.364207      4.169  37.350113    12.0845     6.8461      4.134    32.3516    24.5172 0.0000e+00
 259.364213      3.972  37.339562    12.0799     6.8517      3.939    32.3455    24.5133 0.0000e+00
 259.364219      3.780  37.326825    12.0760     6.8433      3.748    32.3366    24.5072 0.0000e+00
 259.364225      3.596  37.310820    12.0740     6.8368      3.566    32.3230    24.4970 0.0000e+00
 259.364230      3.423  37.296185    12.0739     6.8423      3.394    32.3091    24.4862 0.0000e+00
 259.364236      3.258  37.284908    12.0743     6.8292      3.231    32.2979    24.4774 0.0000e+00
 259.364242      3.100  37.273375    12.0737     6.8392      3.074    32.2874    24.4694 0.0000e+00
 259.364248      2.945  37.262109    12.0712     6.8362      2.920    32.2788    24.4631 0.0000e+00
 259.364253      2.799  37.254793    12.0679     6.8522      2.776    32.2746    24.4605 0.0000e+00
 259.364259      2.664  37.249172    12.0649     6.8650      2.642    32.2718    24.4589 0.0000e+00
 259.364265      2.535  37.241332    12.0610     6.8498      2.514    32.2677    24.4565 0.0000e+00
 259.364271      2.410  37.230003    12.0568     6.8535      2.390    32.2605    24.4516 -9.990e-29
 259.364277      2.288  37.219902    12.0548     6.8350      2.269    32.2525    24.4458 -9.990e-29
 259.364282      2.166  37.220744    12.0544     6.8340      2.148    32.2537    24.4468 -9.990e-29
 259.364288      2.041  37.227710    12.0532     6.8235      2.024    32.2615    24.4531 -9.990e-29
 259.364294      1.917  37.230710    12.0510     6.7901      1.901    32.2664    24.4573 -9.990e-29
 259.364300      1.800  37.233966    12.0491     6.7226      1.785    32.2712    24.4614 -9.990e-29
 259.364306      1.690  37.238680    12.0475     6.6531      1.676    32.2772    24.4663 -9.990e-29
 259.364311      1.589  37.231758    12.0449     6.5873      1.576    32.2728    24.4634 -9.990e-29
 259.364317      1.496  37.202515    12.0413     7.6716      1.484    32.2477    24.4446 -9.990e-29
 259.364323      1.408  37.181625    12.0380     7.0375      1.396    32.2305    24.4318 -9.990e-29
 259.364329      1.324  37.185700    12.0355     7.4448      1.313    32.2366    24.4370 -9.990e-29
 259.364334      1.239  37.177829    12.0334     7.1586      1.229    32.2309    24.4330 -9.990e-29
 259.364340      1.156  37.156143    12.0325     6.8979      1.146    32.2108    24.4175 -9.990e-29
 259.364346      1.083  37.130033    12.0346     6.6783      1.074    32.1838    24.3962 -9.990e-29
 259.364352      1.019  37.065468    12.0397     6.6033      1.010    32.1172    24.3436 -9.990e-29
 259.364358      0.964  36.864261    12.0463     6.5908      0.956    31.9177    24.1876 -9.990e-29
 259.364363      0.919  36.241556    12.0524     6.6100      0.911    31.3138    23.7181 -9.990e-29
 259.364369      0.881  34.362823    12.0566     6.6234      0.874    29.5139    22.3221 -9.990e-29
 259.364375      0.853  28.730590    12.0596     6.6304      0.846    24.2153    18.2197 -9.990e-29
 259.364381      0.832  21.164972    12.0626     6.6502      0.825    17.3182    12.8898 -9.990e-29
 259.364387      0.813  15.706306    12.0662     6.6638      0.806    12.5142     9.1807 -9.990e-29
 259.364392      0.798  10.944529    12.0701     6.6421      0.791     8.4638     6.0528 -9.990e-29
 259.364398      0.792   7.286910    12.0738     6.6257      0.785     5.4636     3.7333 -9.990e-29
 259.364404      0.793   5.909859    12.0780     6.6078      0.786     4.3653     2.8828 -9.990e-29
