data/oxygen options/OCNMS/OCNMS1/raw_data/2010/CAST_KL015_082210faed.cnv
* Sea-Bird SBE19 Data File:
* FileName = C:\Documents and Settings\OCNMS\Desktop\2010 mooring data\second service\CAST_KL015_082210.hex
* Software Version 1.24
* Temperature SN = 2997
* Conductivity SN = 2997
* System UpLoad Time = Aug 22 2010 17:46:35
** CAST_KL015_082210
* SEACAT PROFILER V3.1c SN 2997   08/22/10  17:45:01.169
# nquan = 9                                 
# nvalues = 472                         
# units = specified
# name 0 = timeJ: Julian Days
# name 1 = prSM: Pressure, Strain Gauge [db]
# name 2 = c0mS/cm: Conductivity [mS/cm]
# name 3 = t090C: Temperature [ITS-90, deg C]
# name 4 = sbeox0ML/L: Oxygen, SBE 43 [ml/l]
# name 5 = depSM: Depth [salt water, m], lat = 47.5
# name 6 = sal00: Salinity, Practical [PSU]
# name 7 = sigma-é00: Density [sigma-theta, kg/m^3]
# name 8 = flag: flag
# span 0 = 234.614028, 234.616753       
# span 1 =     -5.629,     14.860       
# span 2 =   0.000006,  39.326292       
# span 3 =     7.9629,    18.4235       
# span 4 =    -1.8332,    13.5907       
# span 5 =     -5.582,     14.735       
# span 6 =     0.0091,    33.4881       
# span 7 =    -1.4753,    26.0866       
# span 8 = 0.0000e+00, 0.0000e+00       
# interval = seconds: 0.5
# start_time = Aug 22 2010 14:44:12 [Instrument's time stamp, header]
# bad_flag = -9.990e-29
*END*
[from data line 321]
 234.615885     14.223  34.720312     7.9797     1.9858     14.104    33.4137    26.0313 -9.990e-29
 234.615891     14.252  34.720505     7.9797     1.9840     14.133    33.4139    26.0314 -9.990e-29
 234.615897     14.280  34.721804     7.9799     1.9822     14.160    33.4151    26.0323 -9.990e-29
 234.615903     14.307  34.723134     7.9802     1.9858     14.187    33.4162    26.0332 -9.990e-29
 234.615909     14.332  34.723463     7.9805     1.9938     14.212    33.4163    26.0332 -9.990e-29
 234.615914     14.352  34.722661     7.9809     1.9803     14.232    33.4150    26.0321 -9.990e-29
 234.615920     14.368  34.721334     7.9818     1.9845     14.248    33.4127    26.0302 -9.990e-29
 234.615926     14.381  34.719949     7.9828     1.9767     14.260    33.4103    26.0281 -9.990e-29
 234.615932     14.387  34.720015     7.9831     1.9826     14.266    33.4101    26.0279 -9.990e-29
 234.615938     14.379  34.722172     7.9827     1.9896     14.258    33.4127    26.0301 -9.990e-29
 234.615943     14.357  34.724250     7.9820     1.9878     14.237    33.4156    26.0325 -9.990e-29
 234.615949     14.330  34.725094     7.9816     1.9819     14.210    33.4169    26.0336 -9.990e-29
 234.615955     14.316  34.724703     7.9807     1.9768     14.196    33.4174    26.0340 -9.990e-29
 234.615961     14.321  34.722552     7.9786     1.9767     14.201    33.4171    26.0341 -9.990e-29
 234.615966     14.341  34.719126     7.9767     1.9861     14.221    33.4152    26.0329 -9.990e-29
 234.615972     14.370  34.717133     7.9766     1.9838     14.250    33.4132    26.0313 -9.990e-29
 234.615978     14.396  34.717268     7.9774     1.9822     14.275    33.4126    26.0307 -9.990e-29
 234.615984     14.408  34.718026     7.9780     1.9804     14.287    33.4128    26.0308 -9.990e-29
 234.615990     14.403  34.719290     7.9782     1.9708     14.282    33.4140    26.0317 -9.990e-29
 234.615995     14.384  34.719938     7.9781     1.9802     14.263    33.4148    26.0324 -9.990e-29
 234.616001     14.363  34.719148     7.9773     1.9818     14.243    33.4147    26.0324 -9.990e-29
 234.616007     14.352  34.717543     7.9762     1.9835     14.232    33.4140    26.0321 -9.990e-29
 234.616013     14.350  34.716341     7.9757     1.9779     14.230    33.4132    26.0315 -9.990e-29
 234.616019     14.348  34.716732     7.9756     1.9806     14.228    33.4137    26.0319 -9.990e-29
 234.616024     14.346  34.717549     7.9752     1.9747     14.226    33.4150    26.0330 -9.990e-29
 234.616030     14.348  34.717075     7.9743     1.9824     14.228    33.4153    26.0334 -9.990e-29
 234.616036     14.351  34.715795     7.9739     1.9782     14.231    33.4144    26.0327 -9.990e-29
 234.616042     14.350  34.715354     7.9747     1.9822     14.230    33.4131    26.0316 -9.990e-29
 234.616047     14.345  34.716280     7.9764     1.9780     14.225    33.4125    26.0308 -9.990e-29
 234.616053     14.335  34.717559     7.9780     1.9821     14.215    33.4123    26.0305 -9.990e-29
 234.616059     14.325  34.718091     7.9781     1.9781     14.205    33.4128    26.0308 -9.990e-29
 234.616065     14.326  34.716901     7.9760     1.9822     14.206    33.4135    26.0317 -9.990e-29
 234.616071     14.347  34.714077     7.9731     1.9780     14.227    33.4133    26.0319 -9.990e-29
 234.616076     14.381  34.710889     7.9710     1.9821     14.260    33.4119    26.0311 -9.990e-29
 234.616082     14.413  34.709240     7.9704     1.9779     14.292    33.4107    26.0303 -9.990e-29
 234.616088     14.432  34.710284     7.9708     1.9820     14.311    33.4114    26.0308 -9.990e-29
 234.616094     14.435  34.712048     7.9715     1.9704     14.314    33.4126    26.0316 -9.990e-29
 234.616100     14.427  34.712956     7.9722     1.9726     14.306    33.4129    26.0318 -9.990e-29
 234.616105     14.416  34.713654     7.9729     1.9762     14.295    33.4130    26.0317 -9.990e-29
 234.616111     14.409  34.713946     7.9735     1.9687     14.288    33.4127    26.0314 -9.990e-29
 234.616117     14.410  34.713096     7.9743     1.9721     14.289    33.4111    26.0300 -9.990e-29
 234.616123     14.415  34.711648     7.9755     1.9686     14.294    33.4084    26.0277 -9.990e-29
 234.616128     14.421  34.711024     7.9767     1.9779     14.300    33.4065    26.0261 -9.990e-29
 234.616134     14.427  34.711505     7.9775     1.9755     14.306    33.4063    26.0258 -9.990e-29
 234.616140     14.433  34.712048     7.9771     1.9814     14.312    33.4073    26.0266 -9.990e-29
 234.616146     14.441  34.712255     7.9758     1.9737     14.320    33.4087    26.0279 -9.990e-29
 234.616152     14.451  34.712400     7.9752     1.9701     14.330    33.4094    26.0286 -9.990e-29
 234.616157     14.464  34.712673     7.9750     1.9717     14.343    33.4099    26.0290 -9.990e-29
 234.616163     14.479  34.712879     7.9745     1.9699     14.358    33.4106    26.0296 -9.990e-29
 234.616169     14.494  34.712733     7.9744     1.9659     14.373    33.4105    26.0296 -9.990e-29
 234.616175     14.502  34.713158     7.9750     1.9721     14.380    33.4104    26.0294 -9.990e-29
 234.616181     14.498  34.714723     7.9762     1.9664     14.376    33.4109    26.0296 -9.990e-29
 234.616186     14.487  34.716153     7.9773     1.9664     14.366    33.4114    26.0299 -9.990e-29
 234.616192     14.477  34.716553     7.9781     1.9604     14.356    33.4111    26.0295 -9.990e-29
 234.616198     14.470  34.715898     7.9789     1.9643     14.349    33.4096    26.0282 -9.990e-29
 234.616204     14.463  34.714997     7.9797     1.9619     14.342    33.4079    26.0267 -9.990e-29
 234.616209     14.450  34.715448     7.9806     1.9695     14.329    33.4075    26.0263 -9.990e-29
 234.616215     14.440  34.716732     7.9807     1.9577     14.319    33.4088    26.0273 -9.990e-29
 234.616221     14.444  34.716640     7.9792     1.9601     14.323    33.4101    26.0286 -9.990e-29
 234.616227     14.463  34.715050     7.9764     1.9560     14.342    33.4111    26.0297 -9.990e-29
 234.616233     14.485  34.713202     7.9736     1.9621     14.364    33.4118    26.0307 -9.990e-29
 234.616238     14.498  34.711432     7.9723     1.9619     14.376    33.4111    26.0304 -9.990e-29
 234.616244     14.500  34.710739     7.9729     1.9587     14.378    33.4098    26.0293 -9.990e-29
 234.616250     14.491  34.711878     7.9747     1.9527     14.370    33.4093    26.0286 -9.990e-29
 234.616256     14.473  34.713568     7.9766     1.9567     14.352    33.4093    26.0283 -9.990e-29
 234.616262     14.455  34.714703     7.9781     1.9696     14.334    33.4091    26.0279 -9.990e-29
 234.616267     14.440  34.715117     7.9786     1.9651     14.319    33.4091    26.0278 -9.990e-29
 234.616273     14.426  34.714803     7.9780     1.9725     14.305    33.4093    26.0281 -9.990e-29
 234.616279     14.413  34.713901     7.9764     1.9688     14.292    33.4099    26.0288 -9.990e-29
 234.616285     14.400  34.712330     7.9730     1.9669     14.279    33.4115    26.0305 -9.990e-29
 234.616291     14.387  34.709116     7.9679     1.9683     14.266    33.4129    26.0324 -9.990e-29
 234.616296     14.367  34.705012     7.9640     1.9646     14.247    33.4123    26.0325 -9.990e-29
 234.616302     14.328  34.702388     7.9629     1.9566     14.208    33.4105    26.0313 -9.990e-29
 234.616308     14.253  34.701661     7.9633     1.9545     14.134    33.4094    26.0303 -9.990e-29
 234.616314     14.138  34.702423     7.9650     1.9465     14.020    33.4087    26.0295 -9.990e-29
 234.616319     13.988  34.704570     7.9689     1.9452     13.871    33.4073    26.0278 0.0000e+00
 234.616325     13.811  34.707603     7.9736     1.9396     13.695    33.4061    26.0262 0.0000e+00
 234.616331     13.613  34.710527     7.9773     1.9307     13.499    33.4058    26.0254 0.0000e+00
 234.616337     13.395  34.713322     7.9804     1.9245     13.283    33.4059    26.0251 0.0000e+00
 234.616343     13.150  34.716356     7.9842     1.9086     13.040    33.4057    26.0243 0.0000e+00
 234.616348     12.880  34.719195     7.9889     1.8780     12.772    33.4043    26.0226 0.0000e+00
 234.616354     12.595  34.721707     7.9945     1.8491     12.490    33.4018    26.0198 0.0000e+00
 234.616360     12.296  34.724442     8.0017     1.8079     12.193    33.3980    26.0157 0.0000e+00
 234.616366     11.983  34.728810     8.0130     1.7850     11.883    33.3920    26.0094 0.0000e+00
 234.616372     11.653  34.736714     8.0322     1.7586     11.555    33.3823    25.9989 0.0000e+00
 234.616377     11.310  34.750294     8.0572     1.7603     11.215    33.3731    25.9880 0.0000e+00
 234.616383     10.967  34.767498     8.0802     1.7660     10.875    33.3697    25.9819 0.0000e+00
 234.616389     10.632  34.784943     8.1007     1.7958     10.543    33.3689    25.9783 0.0000e+00
 234.616395     10.304  34.802934     8.1281     1.8136     10.218    33.3621    25.9689 0.0000e+00
 234.616400      9.973  34.823620     8.1798     1.8326      9.890    33.3351    25.9401 0.0000e+00
 234.616406      9.620  34.857225     8.2688     1.8558      9.539    33.2865    25.8887 0.0000e+00
 234.616412      9.245  34.911029     8.3867     1.8813      9.168    33.2321    25.8284 0.0000e+00
 234.616418      8.864  34.976686     8.5032     1.9173      8.790    33.1918    25.7791 0.0000e+00
 234.616424      8.489  35.040937     8.5834     1.9852      8.418    33.1842    25.7610 0.0000e+00
 234.616429      8.127  35.094816     8.6213     2.0958      8.059    33.2054    25.7718 0.0000e+00
 234.616435      7.777  35.142411     8.6450     2.2463      7.712    33.2333    25.7900 0.0000e+00
 234.616441      7.433  35.187824     8.6965     2.4430      7.371    33.2327    25.7817 0.0000e+00
 234.616447      7.090  35.229998     8.8191     2.6583      7.031    33.1621    25.7075 0.0000e+00
 234.616453      6.745  35.288196     9.0278     2.8605      6.689    33.0284    25.5702 0.0000e+00
 234.616458      6.396  35.385685     9.2713     3.0588      6.343    32.9043    25.4347 0.0000e+00
 234.616464      6.048  35.524758     9.4726     3.2301      5.997    32.8627    25.3699 0.0000e+00
 234.616470      5.702  35.700435     9.6157     3.3707      5.654    32.9119    25.3852 0.0000e+00
 234.616476      5.360  35.869718     9.7431     3.4577      5.315    32.9685    25.4086 0.0000e+00
 234.616481      5.012  35.978261     9.9066     3.5109      4.970    32.9298    25.3513 0.0000e+00
 234.616487      4.653  36.057648    10.1125     3.6282      4.614    32.8231    25.2338 0.0000e+00
 234.616493      4.290  36.154364    10.2996     3.8776      4.254    32.7516    25.1465 0.0000e+00
 234.616499      3.934  36.265739    10.4245     4.4065      3.901    32.7512    25.1249 0.0000e+00
 234.616505      3.598  36.389057    10.5004     5.0733      3.568    32.8067    25.1551 0.0000e+00
 234.616510      3.285  36.491579    10.5604     5.7377      3.258    32.8555    25.1828 0.0000e+00
 234.616516      2.988  36.543629    10.6796     6.2829      2.963    32.8004    25.1192 0.0000e+00
 234.616522      2.702  36.616296    10.9466     6.6967      2.679    32.6341    24.9431 0.0000e+00
 234.616528      2.425  36.785182    11.3795     6.8893      2.405    32.4180    24.6980 0.0000e+00
 234.616534      2.161  37.040727    11.8664     6.9362      2.143    32.2425    24.4729 0.0000e+00
 234.616539      1.923  37.335424    12.2691     6.9096      1.907    32.1791    24.3487 0.0000e+00
 234.616545      1.727  37.642062    12.5402     6.8950      1.713    32.2397    24.3442 0.0000e+00
 234.616551      1.572  37.912910    12.6782     6.8934      1.559    32.3791    24.4258 0.0000e+00
 234.616557      1.444  38.049675    12.7606     6.9281      1.432    32.4383    24.4557 -9.990e-29
 234.616562      1.332  38.076171    12.8666     6.9458      1.321    32.3725    24.3842 -9.990e-29
 234.616568      1.227  38.100030    12.9553     6.9230      1.217    32.3192    24.3256 -9.990e-29
 234.616574      1.127  38.176042    12.9978     6.8769      1.118    32.3547    24.3448 -9.990e-29
 234.616580      1.031  38.291820    13.0416     6.8485      1.022    32.4265    24.3918 -9.990e-29
 234.616586      0.928  38.366947    13.1082     6.8398      0.920    32.4404    24.3894 -9.990e-29
 234.616591      0.812  38.387830    13.1778     6.8437      0.805    32.4007    24.3449 -9.990e-29
 234.616597      0.696  38.407537    13.2333     6.8359      0.690    32.3719    24.3117 -9.990e-29
 234.616603      0.599  38.447316    13.2719     6.8264      0.594    32.3764    24.3075 -9.990e-29
 234.616609      0.523  38.494652    13.2943     6.7803      0.519    32.4018    24.3227 -9.990e-29
 234.616615      0.464  38.517960    13.3045     6.7015      0.460    32.4149    24.3308 -9.990e-29
 234.616620      0.412  38.515258    13.3158     6.6254      0.409    32.4028    24.3192 -9.990e-29
 234.616626      0.362  38.514890    13.3312     6.6057      0.359    32.3894    24.3057 -9.990e-29
 234.616632      0.309  38.526454    13.3435     7.6924      0.306    32.3898    24.3036 -9.990e-29
 234.616638      0.250  38.538471    13.3442     7.7342      0.248    32.4004    24.3117 -9.990e-29
 234.616644      0.186  38.541187    13.3237     7.4580      0.184    32.4205    24.3313 -9.990e-29
 234.616649      0.122  38.530381    13.2829     7.1005      0.121    32.4451    24.3585 -9.990e-29
 234.616655      0.061  38.501173    13.2395     6.7755      0.060    32.4548    24.3745 -9.990e-29
 234.616661      0.008  38.442638    13.2110     6.5706      0.008    32.4242    24.3565 -9.990e-29
 234.616667     -0.035  38.323234    13.1958     6.4620     -0.035    32.3250    24.2828 -9.990e-29
 234.616672     -0.067  38.038110    13.1852     6.3967     -0.066    32.0663    24.0848 -9.990e-29
 234.616678     -0.087  37.255852    13.1760     6.3547     -0.086    31.3410    23.5257 -9.990e-29
 234.616684     -0.098  34.976599    13.1669     6.3216     -0.097    29.2259    21.8926 -9.990e-29
 234.616690     -0.107  28.198892    13.1590     6.2980     -0.106    23.0421    17.1222 -9.990e-29
 234.616696     -0.114  17.479986    13.1516     6.2756     -0.113    13.6601     9.8990 -9.990e-29
 234.616701     -0.120   9.366475    13.1416 -9.990e-29     -0.119     6.9568     4.7403 -9.990e-29
 234.616707     -0.124   6.127926    13.1282 -9.990e-29     -0.123     4.4141     2.7815 -9.990e-29
 234.616713     -0.127   5.231109    13.1144 -9.990e-29     -0.126     3.7288     2.2544 -9.990e-29
 234.616719     -0.130   5.034217    13.1031 -9.990e-29     -0.129     3.5803     2.1412 -9.990e-29
 234.616725     -0.131   4.737004    13.0951 -9.990e-29     -0.130     3.3561     1.9690 -9.990e-29
 234.616730     -0.133   4.197041    13.0897 -9.990e-29     -0.132     2.9507     1.6564 -9.990e-29
 234.616736     -0.134   3.602486    13.0854 -9.990e-29     -0.133     2.5087     1.3152 -9.990e-29
 234.616742     -0.134   3.085684    13.0812 -9.990e-29     -0.133     2.1290     1.0218 -9.990e-29
 234.616748     -0.135   2.685838    13.0790 -9.990e-29     -0.134     1.8383     0.7970 -9.990e-29
 234.616753     -0.135   2.422539 -9.990e-29 -9.990e-29     -0.134 -9.990e-29 -9.990e-29 -9.990e-29
