data/oxygen options/OCNMS/OCNMS1/raw_data/2010/CAST_KL050_082110faed.cnv
* Sea-Bird SBE19 Data File:
* FileName = C:\Documents and Settings\OCNMS\Desktop\2010 mooring data\second service\CAST_KL050_082110.hex
* Software Version 1.24
* Temperature SN = 2997
* Conductivity SN = 2997
* System UpLoad Time = Aug 21 2010 17:04:33
** CAST_KL050_082110
* SEACAT PROFILER V3.1c SN 2997   08/21/10  17:02:35.549
# nquan = 9                                 
# nvalues = 734                         
# units = specified
# name 0 = timeJ: Julian Days
# name 1 = prSM: Pressure, Strain Gauge [db]
# name 2 = c0mS/cm: Conductivity [mS/cm]
# name 3 = t090C: Temperature [ITS-90, deg C]
# name 4 = sbeox0ML/L: Oxygen, SBE 43 [ml/l]
# name 5 = depSM: Depth [salt water, m], lat = 47.5
# name 6 = sal00: Salinity, Practical [PSU]
# name 7 = sigma-é00: Density [sigma-theta, kg/m^3]
# name 8 = flag: flag
# span 0 = 233.480208, 233.484450       
# span 1 =     -5.189,     51.209       
# span 2 =  -0.000420,  38.976905       
# span 3 =     6.9797,    15.3978       
# span 4 =    -1.6730,    14.1254       
# span 5 =     -5.146,     50.775       
# span 6 =     0.0000,    33.7611       
# span 7 =    -0.9594,    26.4461       
# span 8 = 0.0000e+00, 0.0000e+00       
# interval = seconds: 0.5
# start_time = Aug 21 2010 11:31:30 [Instrument's time stamp, header]
# bad_flag = -9.990e-29
*END*
[from data line 161]
 233.481140     -0.617  38.965497    13.7554     7.4215     -0.612    32.4498    24.2670 -9.990e-29
 233.481146     -0.606  38.967323    13.7567     7.4302     -0.601    32.4504    24.2672 -9.990e-29
 233.481152     -0.595  38.969302    13.7577     7.4339     -0.590    32.4513    24.2678 -9.990e-29
 233.481157     -0.578  38.970644    13.7587     7.4341     -0.573    32.4517    24.2679 -9.990e-29
 233.481163     -0.555  38.971392    13.7597     7.4320     -0.550    32.4516    24.2675 -9.990e-29
 233.481169     -0.525  38.972476    13.7612     7.4169     -0.521    32.4513    24.2670 -9.990e-29
 233.481175     -0.484  38.974151    13.7631     7.4132     -0.480    32.4512    24.2666 -9.990e-29
 233.481181     -0.432  38.975784    13.7643     7.4308     -0.428    32.4517    24.2667 -9.990e-29
 233.481186     -0.368  38.976682    13.7645     7.4263     -0.365    32.4523    24.2672 -9.990e-29
 233.481192     -0.292  38.976855    13.7642     7.4475     -0.290    32.4527    24.2675 -9.990e-29
 233.481198     -0.197  38.976466    13.7627     7.4757     -0.195    32.4536    24.2685 -9.990e-29
 233.481204     -0.071  38.973248    13.7572     7.4908     -0.070    32.4552    24.2709 -9.990e-29
 233.481209      0.089  38.963405    13.7459     7.4933      0.088    32.4556    24.2735 -9.990e-29
 233.481215      0.277  38.947196    13.7321     7.4799      0.275    32.4522    24.2736 -9.990e-29
 233.481221      0.482  38.932642    13.7169     7.4945      0.478    32.4514    24.2762 0.0000e+00
 233.481227      0.710  38.924364    13.6914     7.5121      0.704    32.4653    24.2920 0.0000e+00
 233.481233      0.970  38.906770    13.6463     7.4472      0.962    32.4871    24.3180 0.0000e+00
 233.481238      1.266  38.865861    13.5739     7.2809      1.255    32.5104    24.3507 0.0000e+00
 233.481244      1.600  38.800819    13.4540     6.9865      1.587    32.5518    24.4068 0.0000e+00
 233.481250      1.968  38.694901    13.2741     6.6496      1.952    32.6063    24.4849 0.0000e+00
 233.481256      2.354  38.537939    13.0598     6.3155      2.334    32.6426    24.5554 0.0000e+00
 233.481262      2.749  38.352564    12.8434     6.0362      2.726    32.6537    24.6065 0.0000e+00
 233.481267      3.151  38.150965    12.5981     5.8260      3.125    32.6744    24.6700 0.0000e+00
 233.481273      3.562  37.890062    12.2526     5.6677      3.532    32.7253    24.7755 0.0000e+00
 233.481279      3.985  37.551367    11.8221     5.5700      3.952    32.7757    24.8952 0.0000e+00
 233.481285      4.426  37.214929    11.4190     5.5086      4.389    32.8037    24.9907 0.0000e+00
 233.481291      4.883  36.948070    11.1147     5.4712      4.842    32.8117    25.0516 0.0000e+00
 233.481296      5.351  36.753394    10.9020     5.4380      5.306    32.8088    25.0870 0.0000e+00
 233.481302      5.825  36.614902    10.7501     5.4194      5.776    32.8070    25.1122 0.0000e+00
 233.481308      6.301  36.512529    10.6438     5.3877      6.248    32.8001    25.1253 0.0000e+00
 233.481314      6.776  36.443014    10.5773     5.3599      6.719    32.7902    25.1290 0.0000e+00
 233.481319      7.249  36.406580    10.5372     5.3106      7.188    32.7896    25.1355 0.0000e+00
 233.481325      7.724  36.388737    10.5113     5.2604      7.659    32.7948    25.1440 0.0000e+00
 233.481331      8.203  36.377388    10.4905     5.2177      8.134    32.8020    25.1532 0.0000e+00
 233.481337      8.682  36.365172    10.4654     5.1949      8.609    32.8121    25.1654 0.0000e+00
 233.481343      9.155  36.349180    10.4342     5.1600      9.078    32.8240    25.1800 0.0000e+00
 233.481348      9.620  36.332671    10.3946     5.0696      9.539    32.8430    25.2016 0.0000e+00
 233.481354     10.076  36.308129    10.3314     4.9451      9.992    32.8752    25.2375 0.0000e+00
 233.481360     10.526  36.257888    10.2319     4.7981     10.438    32.9146    25.2851 0.0000e+00
 233.481366     10.968  36.172030    10.1098     4.7170     10.876    32.9386    25.3244 0.0000e+00
 233.481372     11.398  36.063728     9.9941     4.6864     11.303    32.9340    25.3402 0.0000e+00
 233.481377     11.806  35.953195     9.8846     4.6522     11.707    32.9213    25.3485 0.0000e+00
 233.481383     12.191  35.830210     9.7145     4.6165     12.089    32.9513    25.4000 0.0000e+00
 233.481389     12.554  35.646106     9.4335     4.5958     12.449    33.0206    25.4998 0.0000e+00
 233.481395     12.902  35.391160     9.1168     4.5699     12.794    33.0499    25.5732 0.0000e+00
 233.481400     13.235  35.139300     8.8886     4.5586     13.124    32.9997    25.5696 0.0000e+00
 233.481406     13.545  34.970763     8.8067     4.5378     13.432    32.8997    25.5040 0.0000e+00
 233.481412     13.825  34.942432     8.8324     4.5381     13.709    32.8461    25.4581 0.0000e+00
 233.481418     14.085  35.013628     8.8326     4.5343     13.967    32.9202    25.5160 0.0000e+00
 233.481424     14.341  35.005326     8.7028     4.5361     14.221    33.0322    25.6238 0.0000e+00
 233.481429     14.606  34.850965     8.4954     4.5300     14.484    33.0639    25.6802 0.0000e+00
 233.481435     14.883  34.674572     8.3140     4.5320     14.758    33.0478    25.6948 0.0000e+00
 233.481441     15.168  34.547232     8.1875     4.5195     15.041    33.0317    25.7009 0.0000e+00
 233.481447     15.454  34.458671     8.1054     4.5419     15.324    33.0148    25.6998 0.0000e+00
 233.481453     15.734  34.404406     8.0623     4.5397     15.602    32.9975    25.6925 0.0000e+00
 233.481458     16.003  34.374728     8.0451     4.5414     15.869    32.9820    25.6829 0.0000e+00
 233.481464     16.266  34.353515     8.0221     4.5394     16.130    32.9809    25.6854 0.0000e+00
 233.481470     16.527  34.324737     7.9837     4.5270     16.388    32.9863    25.6952 0.0000e+00
 233.481476     16.785  34.291409     7.9540     4.5210     16.644    32.9787    25.6935 0.0000e+00
 233.481481     17.040  34.271193     7.9386     4.5156     16.897    32.9715    25.6901 0.0000e+00
 233.481487     17.295  34.260027     7.9155     4.5137     17.150    32.9812    25.7011 0.0000e+00
 233.481493     17.558  34.241278     7.8809     4.4951     17.411    32.9938    25.7160 0.0000e+00
 233.481499     17.823  34.220128     7.8533     4.4915     17.673    32.9971    25.7226 0.0000e+00
 233.481505     18.078  34.207517     7.8435     4.4811     17.926    32.9927    25.7206 0.0000e+00
 233.481510     18.322  34.205044     7.8474     4.4790     18.168    32.9863    25.7149 0.0000e+00
 233.481516     18.562  34.211024     7.8520     4.4726     18.406    32.9882    25.7158 0.0000e+00
 233.481522     18.804  34.213768     7.8454     4.4814     18.646    32.9973    25.7239 0.0000e+00
 233.481528     19.056  34.202318     7.8262     4.5028     18.896    33.0031    25.7312 0.0000e+00
 233.481534     19.324  34.182632     7.8016     4.5234     19.162    33.0051    25.7363 0.0000e+00
 233.481539     19.613  34.162563     7.7762     4.5363     19.448    33.0075    25.7419 0.0000e+00
 233.481545     19.920  34.139369     7.7462     4.5439     19.753    33.0109    25.7488 0.0000e+00
 233.481551     20.239  34.106701     7.7051     4.5441     20.069    33.0147    25.7576 0.0000e+00
 233.481557     20.564  34.067420     7.6565     4.5519     20.391    33.0184    25.7675 0.0000e+00
 233.481563     20.891  34.034608     7.6124     4.5369     20.716    33.0248    25.7787 0.0000e+00
 233.481568     21.213  34.014293     7.5795     4.5304     21.035    33.0340    25.7906 0.0000e+00
 233.481574     21.523  34.005077     7.5608     4.5213     21.342    33.0417    25.7993 0.0000e+00
 233.481580     21.809  34.008045     7.5593     4.4953     21.626    33.0462    25.8031 0.0000e+00
 233.481586     22.073  34.019250     7.5670     4.4735     21.888    33.0508    25.8057 0.0000e+00
 233.481591     22.322  34.026686     7.5689     4.4305     22.135    33.0569    25.8102 0.0000e+00
 233.481597     22.565  34.023409     7.5564     4.4068     22.375    33.0652    25.8184 0.0000e+00
 233.481603     22.812  34.011155     7.5310     4.3775     22.620    33.0760    25.8305 0.0000e+00
 233.481609     23.075  33.996487     7.5047     4.3501     22.881    33.0851    25.8414 0.0000e+00
 233.481615     23.353  33.986667     7.4872     4.3193     23.157    33.0911    25.8485 0.0000e+00
 233.481620     23.638  33.983097     7.4769     4.2902     23.439    33.0969    25.8546 0.0000e+00
 233.481626     23.923  33.983389     7.4711     4.2453     23.722    33.1026    25.8599 0.0000e+00
 233.481632     24.200  33.985662     7.4689     4.1965     23.997    33.1071    25.8637 0.0000e+00
 233.481638     24.470  33.989196     7.4679     4.1340     24.264    33.1117    25.8675 0.0000e+00
 233.481644     24.741  33.993660     7.4671     4.0698     24.533    33.1172    25.8719 0.0000e+00
 233.481649     25.018  33.998480     7.4671     4.0172     24.808    33.1223    25.8759 0.0000e+00
 233.481655     25.300  34.003376     7.4645     3.9762     25.087    33.1299    25.8822 0.0000e+00
 233.481661     25.593  34.008726     7.4551     3.9679     25.378    33.1445    25.8951 0.0000e+00
 233.481667     25.900  34.016074     7.4416     3.9567     25.682    33.1653    25.9133 0.0000e+00
 233.481672     26.208  34.024028     7.4310     3.9573     25.988    33.1839    25.9294 0.0000e+00
 233.481678     26.508  34.029200     7.4268     3.9452     26.285    33.1933    25.9374 0.0000e+00
 233.481684     26.793  34.033454     7.4280     3.9382     26.568    33.1967    25.9399 0.0000e+00
 233.481690     27.060  34.037988     7.4304     3.9352     26.832    33.1991    25.9415 0.0000e+00
 233.481696     27.309  34.038779     7.4300     3.9260     27.079    33.2003    25.9424 0.0000e+00
 233.481701     27.542  34.035212     7.4261     3.9323     27.310    33.2000    25.9428 0.0000e+00
 233.481707     27.766  34.031504     7.4215     3.9186     27.532    33.2003    25.9437 0.0000e+00
 233.481713     27.983  34.030003     7.4187     3.9179     27.748    33.2013    25.9448 0.0000e+00
 233.481719     28.188  34.030400     7.4188     3.9093     27.951    33.2015    25.9450 0.0000e+00
 233.481725     28.383  34.033233     7.4213     3.8949     28.144    33.2021    25.9451 0.0000e+00
 233.481730     28.575  34.037249     7.4225     3.8762     28.335    33.2052    25.9474 0.0000e+00
 233.481736     28.772  34.037736     7.4192     3.8652     28.530    33.2088    25.9507 0.0000e+00
 233.481742     28.974  34.034234     7.4133     3.8465     28.730    33.2106    25.9529 0.0000e+00
 233.481748     29.176  34.031605     7.4088     3.7949     28.930    33.2119    25.9546 0.0000e+00
 233.481753     29.379  34.032515     7.4080     3.7116     29.132    33.2136    25.9560 0.0000e+00
 233.481759     29.587  34.036509     7.4093     3.5950     29.338    33.2166    25.9582 0.0000e+00
 233.481765     29.804  34.041082     7.4083     3.4960     29.553    33.2224    25.9629 0.0000e+00
 233.481771     30.041  34.042821     7.4018     3.3952     29.788    33.2304    25.9701 0.0000e+00
 233.481777     30.307  34.045178     7.3917     3.3285     30.052    33.2425    25.9810 0.0000e+00
 233.481782     30.607  34.059150     7.3844     3.2773     30.349    33.2645    25.9994 0.0000e+00
 233.481788     30.935  34.087694     7.3820     3.2594     30.675    33.2976    26.0257 0.0000e+00
 233.481794     31.267  34.118476     7.3795     3.2474     31.004    33.3332    26.0541 0.0000e+00
 233.481800     31.583  34.139901     7.3751     3.2547     31.317    33.3606    26.0762 0.0000e+00
 233.481806     31.878  34.151985     7.3710     3.2853     31.610    33.3775    26.0901 0.0000e+00
 233.481811     32.147  34.159090     7.3680     3.3006     31.876    33.3880    26.0988 0.0000e+00
 233.481817     32.384  34.163979     7.3672     3.3100     32.111    33.3939    26.1036 0.0000e+00
 233.481823     32.585  34.165900     7.3713     3.2761     32.310    33.3920    26.1015 0.0000e+00
 233.481829     32.759  34.162385     7.3787     3.2350     32.483    33.3809    26.0918 0.0000e+00
 233.481834     32.922  34.154918     7.3829     3.1826     32.645    33.3687    26.0816 0.0000e+00
 233.481840     33.092  34.148677     7.3798     3.1393     32.813    33.3648    26.0790 0.0000e+00
 233.481846     33.280  34.150477     7.3700     3.1236     33.000    33.3761    26.0892 0.0000e+00
 233.481852     33.486  34.162169     7.3581     3.1050     33.204    33.4002    26.1098 0.0000e+00
 233.481858     33.705  34.175272     7.3481     3.0981     33.421    33.4240    26.1299 0.0000e+00
 233.481863     33.934  34.183185     7.3401     3.0851     33.648    33.4402    26.1438 0.0000e+00
 233.481869     34.171  34.187509     7.3311     3.0898     33.883    33.4535    26.1555 0.0000e+00
 233.481875     34.412  34.190097     7.3189     3.0858     34.122    33.4680    26.1686 0.0000e+00
 233.481881     34.654  34.191610     7.3078     3.0829     34.362    33.4803    26.1798 0.0000e+00
 233.481887     34.888  34.193514     7.3044     3.0680     34.594    33.4855    26.1844 0.0000e+00
 233.481892     35.118  34.196116     7.3065     3.0432     34.822    33.4862    26.1847 0.0000e+00
 233.481898     35.350  34.197854     7.3049     3.0164     35.052    33.4895    26.1875 0.0000e+00
 233.481904     35.593  34.197697     7.2947     2.9849     35.293    33.4991    26.1965 0.0000e+00
 233.481910     35.855  34.197130     7.2806     2.9824     35.553    33.5120    26.2086 0.0000e+00
 233.481916     36.131  34.198767     7.2694     2.9872     35.826    33.5245    26.2200 0.0000e+00
 233.481921     36.408  34.204240     7.2638     3.0039     36.101    33.5358    26.2296 0.0000e+00
 233.481927     36.670  34.213572     7.2629     3.0242     36.361    33.5467    26.2384 0.0000e+00
 233.481933     36.909  34.222974     7.2642     3.0034     36.598    33.5556    26.2451 0.0000e+00
 233.481939     37.121  34.225950     7.2663     2.9894     36.808    33.5567    26.2457 0.0000e+00
 233.481944     37.307  34.222000     7.2693     2.9736     36.992    33.5494    26.2396 0.0000e+00
 233.481950     37.481  34.218190     7.2722     2.9696     37.165    33.5423    26.2336 0.0000e+00
 233.481956     37.655  34.218972     7.2731     2.9714     37.337    33.5422    26.2334 0.0000e+00
 233.481962     37.838  34.227083     7.2713     2.9791     37.519    33.5527    26.2419 0.0000e+00
 233.481968     38.033  34.241589     7.2688     2.9886     37.712    33.5708    26.2565 0.0000e+00
 233.481973     38.239  34.253840     7.2678     2.9971     37.916    33.5850    26.2679 0.0000e+00
 233.481979     38.452  34.260020     7.2682     2.9987     38.128    33.5913    26.2727 0.0000e+00
 233.481985     38.673  34.263340     7.2682     2.9828     38.347    33.5948    26.2755 0.0000e+00
 233.481991     38.911  34.267676     7.2667     2.9635     38.583    33.6008    26.2805 0.0000e+00
 233.481997     39.169  34.274903     7.2643     2.9125     38.838    33.6109    26.2887 0.0000e+00
 233.482002     39.434  34.282908     7.2605     2.8439     39.101    33.6232    26.2989 0.0000e+00
 233.482008     39.695  34.287252     7.2551     2.7520     39.360    33.6331    26.3074 0.0000e+00
 233.482014     39.954  34.287017     7.2504     2.6474     39.617    33.6373    26.3114 0.0000e+00
 233.482020     40.204  34.285260     7.2451     2.5987     39.865    33.6404    26.3146 0.0000e+00
 233.482025     40.441  34.281328     7.2341     2.5643     40.100    33.6467    26.3211 0.0000e+00
 233.482031     40.671  34.270549     7.2160     2.5738     40.328    33.6525    26.3281 0.0000e+00
 233.482037     40.899  34.253685     7.1972     2.5650     40.554    33.6523    26.3306 0.0000e+00
 233.482043     41.119  34.238501     7.1870     2.5347     40.772    33.6456    26.3267 0.0000e+00
 233.482049     41.324  34.232761     7.1884     2.4763     40.975    33.6378    26.3204 0.0000e+00
 233.482054     41.514  34.238338     7.1947     2.4016     41.163    33.6377    26.3195 0.0000e+00
