data/oxygen options/OCNMS/OCNMS1/raw_data/2010/CAST_CA065_081810faed.cnv
* Sea-Bird SBE19 Data File:
* FileName = C:\Documents and Settings\OCNMS\Desktop\2010 mooring data\second service\CAST_CA065_081810.hex
* Software Version 1.24
* Temperature SN = 2997
* Conductivity SN = 2997
* System UpLoad Time = Aug 18 2010 18:04:07
** CAST_CA065_081810
* SEACAT PROFILER V3.1c SN 2997   08/18/10  18:02:28.207
# nquan = 9                                 
# nvalues = 793                         
# units = specified
# name 0 = timeJ: Julian Days
# name 1 = prSM: Pressure, Strain Gauge [db]
# name 2 = c0mS/cm: Conductivity [mS/cm]
# name 3 = t090C: Temperature [ITS-90, deg C]
# name 4 = sbeox0ML/L: Oxygen, SBE 43 [ml/l]
# name 5 = depSM: Depth [salt water, m], lat = 47.5
# name 6 = sal00: Salinity, Practical [PSU]
# name 7 = sigma-é00: Density [sigma-theta, kg/m^3]
# name 8 = flag: flag
# span 0 = 230.483970, 230.488553       
# span 1 =     -3.623,     66.698       
# span 2 =   0.302388,  37.680416       
# span 3 =     7.0480,    13.1269       
# span 4 =   -10.4958,    14.7098       
# span 5 =     -3.593,     66.131       
# span 6 =     0.1890,    33.7977       
# span 7 =    -0.4886,    26.4659       
# span 8 = 0.0000e+00, 0.0000e+00       
# interval = seconds: 0.5
# start_time = Aug 18 2010 11:36:55 [Instrument's time stamp, header]
# bad_flag = -9.990e-29
*END*
[from data line 641]
 230.487679     13.321  34.534805     8.5176     4.4199     13.209    32.7110    25.4002 0.0000e+00
 230.487685     12.733  34.556217     8.5720     4.3944     12.626    32.6833    25.3703 0.0000e+00
 230.487691     12.124  34.567240     8.6685     4.4372     12.022    32.6060    25.2951 0.0000e+00
 230.487697     11.494  34.596995     8.7884     4.5012     11.398    32.5271    25.2150 0.0000e+00
 230.487703     10.854  34.639112     8.8902     4.5784     10.763    32.4780    25.1609 0.0000e+00
 230.487708     10.223  34.683000     8.9482     4.5971     10.137    32.4709    25.1464 0.0000e+00
 230.487714      9.613  34.733312     8.9876     4.6446      9.533    32.4874    25.1532 0.0000e+00
 230.487720      9.023  34.788141     9.0593     4.7902      8.947    32.4791    25.1355 0.0000e+00
 230.487726      8.446  34.838713     9.2043     5.0423      8.375    32.3997    25.0507 0.0000e+00
 230.487731      7.870  34.901925     9.4225     5.3647      7.804    32.2676    24.9129 0.0000e+00
 230.487737      7.294  35.010412     9.6383     5.7803      7.233    32.1850    24.8137 0.0000e+00
 230.487743      6.729  35.154721     9.7986     6.1613      6.673    32.1888    24.7907 0.0000e+00
 230.487749      6.180  35.293107     9.9657     6.4723      6.128    32.1804    24.7567 0.0000e+00
 230.487755      5.642  35.428553    10.3099     6.6904      5.595    32.0121    24.5682 0.0000e+00
 230.487760      5.109  35.650253    10.9026     6.7934      5.066    31.7155    24.2360 0.0000e+00
 230.487766      4.579  36.010629    11.5209     6.8297      4.541    31.5383    23.9892 0.0000e+00
 230.487772      4.070  36.413804    11.9269     6.8315      4.036    31.5841    23.9509 0.0000e+00
 230.487778      3.607  36.748765    12.1404     6.8220      3.577    31.7254    24.0211 0.0000e+00
 230.487784      3.206  37.006183    12.2897     6.8256      3.179    31.8455    24.0863 0.0000e+00
 230.487789      2.876  37.183596    12.4304     6.8326      2.852    31.8956    24.0986 0.0000e+00
 230.487795      2.614  37.293363    12.5588     6.8064      2.592    31.8914    24.0709 0.0000e+00
 230.487801      2.406  37.374715    12.6469     6.7809      2.386    31.8942    24.0562 0.0000e+00
 230.487807      2.241  37.412755    12.6788     6.7680      2.222    31.9033    24.0572 0.0000e+00
 230.487812      2.106  37.406537    12.6758     6.7618      2.088    31.9000    24.0552 -9.990e-29
 230.487818      1.995  37.392451    12.6670     6.7834      1.978    31.8941    24.0523 -9.990e-29
 230.487824      1.903  37.394141    12.6725     6.7984      1.887    31.8911    24.0489 -9.990e-29
 230.487830      1.835  37.418747    12.6901     6.8020      1.820    31.8996    24.0521 -9.990e-29
 230.487836      1.784  37.450187    12.7012     6.8021      1.769    31.9200    24.0658 -9.990e-29
 230.487841      1.741  37.456844    12.7008     6.7950      1.726    31.9267    24.0711 -9.990e-29
 230.487847      1.697  37.439044    12.6975     6.7897      1.683    31.9126    24.0608 -9.990e-29
 230.487853      1.654  37.429486    12.7007     6.7948      1.640    31.9009    24.0511 -9.990e-29
 230.487859      1.618  37.441603    12.7161     6.8163      1.604    31.8994    24.0469 -9.990e-29
 230.487865      1.587  37.466750    12.7356     6.8140      1.574    31.9067    24.0489 -9.990e-29
 230.487870      1.549  37.482844    12.7448     8.1818      1.536    31.9142    24.0529 -9.990e-29
 230.487876      1.499  37.480383    12.7427     7.9290      1.486    31.9137    24.0529 -9.990e-29
 230.487882      1.434  37.474425    12.7394     7.6883      1.422    31.9108    24.0513 -9.990e-29
 230.487888      1.348  37.468082    12.7411     6.8761      1.337    31.9034    24.0453 -9.990e-29
 230.487894      1.242  37.457784    12.7466     7.9638      1.232    31.8891    24.0331 -9.990e-29
 230.487899      1.124  37.441412    12.7544     7.7936      1.115    31.8670    24.0145 -9.990e-29
 230.487905      1.010  37.376821    12.7618     7.6023      1.002    31.7997    23.9609 -9.990e-29
 230.487911      0.905  37.135162    12.7631     7.3001      0.897    31.5700    23.7829 -9.990e-29
 230.487917      0.810  36.381188    12.7563     6.9109      0.803    30.8639    23.2376 -9.990e-29
 230.487922      0.725  34.127380    12.7442     6.6414      0.719    28.7588    21.6114 -9.990e-29
 230.487928      0.647  27.386997    12.7314     6.4620      0.642    22.5657    16.8301 -9.990e-29
 230.487934      0.580  18.308350    12.7219     6.3179      0.575    14.5291    10.6360 -9.990e-29
 230.487940      0.525  14.923673    12.7153     6.1827      0.521    11.6370     8.4087 -9.990e-29
 230.487946      0.478  17.858122    12.7093     6.1462      0.474    14.1453    10.3422 -9.990e-29
 230.487951      0.440  18.824586    12.7045     6.0540      0.436    14.9828    10.9882 -9.990e-29
 230.487957      0.413  13.756199    12.7017     6.0368      0.410    10.6575     7.6559 -9.990e-29
 230.487963      0.395   8.419194    12.7004     6.0377      0.392     6.2752     4.2770 -9.990e-29
 230.487969      0.386   5.932187    12.6999     6.0376      0.383     4.3115     2.7606 -9.990e-29
 230.487975      0.380   4.776941    12.6997     6.0532      0.377     3.4214     2.0724 -9.990e-29
 230.487980      0.373   4.517991    12.6992     6.0594      0.370     3.2242     1.9198 -9.990e-29
 230.487986      0.363   4.414739    12.6991     6.0665      0.360     3.1458     1.8592 -9.990e-29
 230.487992      0.352   4.285121    12.7001     6.0525      0.349     3.0475     1.7829 -9.990e-29
 230.487998      0.342   4.455494    12.7014     6.0428      0.339     3.1765     1.8827 -9.990e-29
 230.488003      0.336   4.705901    12.7023     6.0362      0.333     3.3670     2.0299 -9.990e-29
 230.488009      0.331   4.773722    12.7031     6.0355      0.328     3.4187     2.0698 -9.990e-29
 230.488015      0.326   4.823810    12.7035    -7.7127      0.323     3.4569     2.0993 -9.990e-29
 230.488021      0.325   4.684145    12.7028   -10.4958      0.322     3.3504     2.0170 -9.990e-29
 230.488027      0.323   4.231837    12.7013   -10.4791      0.320     3.0071     1.7515 -9.990e-29
 230.488032      0.320   3.659641    12.6989    -7.6588      0.317     2.5769     1.4188 -9.990e-29
 230.488038      0.321   3.067403    12.6952    -2.0361      0.318     2.1371     1.0784 -9.990e-29
 230.488044      0.322   2.549043    12.6903    -2.0370      0.319     1.7571     0.7845 -9.990e-29
 230.488050      0.317   2.171901    12.6852    -2.0378      0.314     1.4841     0.5732 -9.990e-29
 230.488056      0.307   1.922924    12.6807    -2.0377      0.304     1.3055     0.4352 -9.990e-29
 230.488061      0.295   1.736347    12.6763    -2.0354      0.293     1.1727     0.3326 -9.990e-29
 230.488067      0.290   1.563578    12.6717    -2.0319      0.288     1.0506     0.2382 -9.990e-29
 230.488073      0.295   1.406021    12.6673    -2.0316      0.293     0.9399     0.1527 -9.990e-29
 230.488079      0.306   1.262059    12.6633    -2.0312      0.303     0.8394     0.0751 -9.990e-29
 230.488084      0.315   1.116579    12.6591    -2.0320      0.312     0.7385    -0.0028 -9.990e-29
 230.488090      0.318   0.973495    12.6546    -2.0327      0.315     0.6400    -0.0789 -9.990e-29
 230.488096      0.317   0.848210    12.6500    -2.0333      0.314     0.5545    -0.1450 -9.990e-29
 230.488102      0.314   0.746588    12.6457    -2.0337      0.311     0.4856    -0.1981 -9.990e-29
 230.488108      0.315   0.676661    12.6429    -2.0340      0.312     0.4385    -0.2345 -9.990e-29
 230.488113      0.315   0.660449    12.6419    -2.0344      0.312     0.4276    -0.2428 -9.990e-29
 230.488119      0.313   0.733963    12.6420    -2.0346      0.310     0.4771    -0.2042 -9.990e-29
 230.488125      0.319   0.909877    12.6427    -2.0358      0.316     0.5967    -0.1112 -9.990e-29
 230.488131      0.332   1.107947    12.6438    -2.0358      0.329     0.7328    -0.0054 -9.990e-29
 230.488137      0.345   1.227007    12.6449    -2.0360      0.342     0.8154     0.0587 -9.990e-29
 230.488142      0.355   1.253964    12.6458    -2.0337      0.352     0.8341     0.0732 -9.990e-29
 230.488148      0.362   1.218658    12.6463    -2.0328      0.359     0.8095     0.0540 -9.990e-29
 230.488154      0.367   1.156608    12.6467    -2.0330      0.364     0.7665     0.0204 -9.990e-29
 230.488160      0.369   1.095390    12.6470    -2.0324      0.366     0.7241    -0.0126 -9.990e-29
 230.488166      0.369   1.041757    12.6478    -2.0323      0.366     0.6871    -0.0415 -9.990e-29
 230.488171      0.368   0.993055    12.6491    -2.0325      0.365     0.6536    -0.0677 -9.990e-29
 230.488177      0.368   0.942730    12.6504    -2.0337      0.365     0.6190    -0.0948 -9.990e-29
 230.488183      0.376   0.883417    12.6524    -2.0339      0.373     0.5784    -0.1266 -9.990e-29
 230.488189      0.386   0.827603    12.6569    -2.0339      0.383     0.5404    -0.1568 -9.990e-29
 230.488194      0.395   0.802844    12.6641    -2.0346      0.392     0.5235    -0.1709 -9.990e-29
 230.488200      0.399   0.827672    12.6706    -2.0345      0.396     0.5402    -0.1586 -9.990e-29
 230.488206      0.395   0.893068    12.6745    -2.0348      0.392     0.5847    -0.1245 -9.990e-29
 230.488212      0.386   0.948781    12.6772    -2.0340      0.383     0.6227    -0.0952 -9.990e-29
 230.488218      0.376   0.975983    12.6791    -2.0333      0.373     0.6413    -0.0810 -9.990e-29
 230.488223      0.369   0.990437    12.6792    -2.0332      0.366     0.6513    -0.0732 -9.990e-29
 230.488229      0.369   0.986472    12.6788    -2.0327      0.366     0.6485    -0.0753 -9.990e-29
 230.488235      0.370   0.954920    12.6794    -2.0327      0.367     0.6269    -0.0922 -9.990e-29
 230.488241      0.370   0.903596    12.6805    -2.0321      0.367     0.5918    -0.1197 -9.990e-29
 230.488247      0.369   0.857182    12.6822    -2.0305      0.366     0.5601    -0.1446 -9.990e-29
 230.488252      0.365   0.818638    12.6864    -2.0293      0.362     0.5339    -0.1655 -9.990e-29
 230.488258      0.363   0.777585    12.6933    -2.0288      0.360     0.5060    -0.1881 -9.990e-29
 230.488264      0.367   0.740245    12.7025    -2.0276      0.364     0.4806    -0.2090 -9.990e-29
 230.488270      0.374   0.717236    12.7145    -2.0258      0.371     0.4649    -0.2227 -9.990e-29
 230.488275      0.379   0.712792    12.7302    -2.0247      0.376     0.4618    -0.2271 -9.990e-29
 230.488281      0.382   0.702703    12.7489    -2.0248      0.379     0.4548    -0.2349 -9.990e-29
 230.488287      0.385   0.665756    12.7701    -2.0251      0.382     0.4297    -0.2571 -9.990e-29
 230.488293      0.386   0.610323    12.7944    -2.0246      0.383     0.3924    -0.2891 -9.990e-29
 230.488299      0.387   0.550599    12.8213    -2.0246      0.384     0.3525    -0.3236 -9.990e-29
 230.488304      0.387   0.506138    12.8464    -2.0238      0.384     0.3229    -0.3498 -9.990e-29
 230.488310      0.386   0.485260    12.8692    -2.0230      0.383     0.3090    -0.3635 -9.990e-29
 230.488316      0.384   0.478965    12.8952    -2.0231      0.381     0.3047    -0.3702 -9.990e-29
 230.488322      0.381   0.477198    12.9237    -2.0237      0.378     0.3033    -0.3749 -9.990e-29
 230.488328      0.377   0.472062    12.9456    -2.0234      0.374     0.2998    -0.3804 -9.990e-29
 230.488333      0.372   0.460586    12.9570    -2.0236      0.369     0.2922    -0.3878 -9.990e-29
 230.488339      0.369   0.444093    12.9633    -2.0238      0.366     0.2813    -0.3970 -9.990e-29
 230.488345      0.372   0.426632    12.9694    -2.0237      0.369     0.2699    -0.4067 -9.990e-29
 230.488351      0.379   0.413732    12.9770    -2.0237      0.376     0.2615    -0.4142 -9.990e-29
 230.488356      0.383   0.408694    12.9878    -2.0241      0.380     0.2581    -0.4182 -9.990e-29
 230.488362      0.387   0.408678    12.9985    -2.0244      0.384     0.2581    -0.4196 -9.990e-29
 230.488368      0.390   0.405907    13.0030    -2.0243      0.387     0.2562    -0.4216 -9.990e-29
 230.488374      0.392   0.395579    13.0029    -2.0238      0.389     0.2495    -0.4268 -9.990e-29
 230.488380      0.394   0.381098    13.0023    -2.0229      0.391     0.2402    -0.4341 -9.990e-29
 230.488385      0.395   0.369194    13.0009    -2.0228      0.392     0.2325    -0.4399 -9.990e-29
 230.488391      0.396   0.362832    12.9992    -2.0230      0.393     0.2284    -0.4428 -9.990e-29
 230.488397      0.397   0.360734    12.9983    -2.0234      0.394     0.2270    -0.4438 -9.990e-29
 230.488403      0.397   0.360101    12.9969    -2.0236      0.394     0.2266    -0.4439 -9.990e-29
 230.488409      0.398   0.357875    12.9940    -2.0238      0.395     0.2252    -0.4447 -9.990e-29
 230.488414      0.398   0.352747    12.9924    -2.0240      0.395     0.2219    -0.4470 -9.990e-29
 230.488420      0.398   0.346745    12.9952    -2.0220      0.395     0.2180    -0.4504 -9.990e-29
 230.488426      0.398   0.342948    13.0028    -2.0214      0.395     0.2155    -0.4533 -9.990e-29
 230.488432      0.398   0.342386    13.0119    -2.0215      0.395     0.2151    -0.4548 -9.990e-29
 230.488438      0.398   0.343202    13.0164    -2.0216      0.395     0.2156    -0.4550 -9.990e-29
 230.488443      0.397   0.343160    13.0147    -2.0215      0.394     0.2156    -0.4548 -9.990e-29
 230.488449      0.397   0.342759    13.0099    -2.0217      0.394     0.2154    -0.4543 -9.990e-29
 230.488455      0.396   0.344233    13.0060    -2.0214      0.393     0.2163    -0.4531 -9.990e-29
 230.488461      0.395   0.347332    13.0063    -2.0200      0.392     0.2183    -0.4516 -9.990e-29
 230.488466      0.393   0.347877    13.0158    -2.0189      0.390     0.2186    -0.4525 -9.990e-29
 230.488472      0.392   0.342717    13.0334    -2.0186      0.389     0.2152    -0.4575 -9.990e-29
 230.488478      0.389   0.333836    13.0475    -2.0187      0.386     0.2094    -0.4638 -9.990e-29
 230.488484      0.386   0.325458    13.0532    -2.0187      0.383     0.2040    -0.4687 -9.990e-29
 230.488490      0.386   0.319156    13.0559    -2.0186      0.383     0.2000    -0.4722 -9.990e-29
 230.488495      0.394   0.313728    13.0585    -2.0181      0.391     0.1965    -0.4753 -9.990e-29
 230.488501      0.406   0.308587    13.0627 -9.990e-29      0.403     0.1932    -0.4784 -9.990e-29
 230.488507      0.414   0.304634    13.0731 -9.990e-29      0.411     0.1906    -0.4817 -9.990e-29
 230.488513      0.414   0.302692    13.0908 -9.990e-29      0.411     0.1893    -0.4850 -9.990e-29
 230.488519      0.411   0.302388    13.1081 -9.990e-29      0.408     0.1890    -0.4874 -9.990e-29
 230.488524      0.409   0.302761    13.1180 -9.990e-29      0.406     0.1892    -0.4886 -9.990e-29
 230.488530      0.407   0.303755    13.1216 -9.990e-29      0.404     0.1898    -0.4886 -9.990e-29
 230.488536      0.406   0.305589    13.1231 -9.990e-29      0.403     0.1910    -0.4878 -9.990e-29
 230.488542      0.406   0.307381    13.1254 -9.990e-29      0.403     0.1921    -0.4873 -9.990e-29
 230.488547      0.405   0.308198    13.1269 -9.990e-29      0.402     0.1926    -0.4870 -9.990e-29
 230.488553      0.405   0.308022 -9.990e-29 -9.990e-29      0.402 -9.990e-29 -9.990e-29 -9.990e-29
