data/oxygen options/OCNMS/OCNMS1/raw_data/2010/CAST_CA042_101910faed.cnv
* Sea-Bird SBE19 Data File:
* FileName = C:\Documents and Settings\OCNMS\Desktop\2010 mooring data\fourth service\CAST_CA042_101910.hex
* Software Version 1.24
* Temperature SN = 2997
* Conductivity SN = 2997
* System UpLoad Time = Oct 20 2010 11:32:35
** CAST_CA042_101910
* SEACAT PROFILER V3.1c SN 2997   10/20/10  11:29:23.060
# nquan = 9                                 
# nvalues = 795                         
# units = specified
# name 0 = timeJ: Julian Days
# name 1 = prSM: Pressure, Strain Gauge [db]
# name 2 = c0mS/cm: Conductivity [mS/cm]
# name 3 = t090C: Temperature [ITS-90, deg C]
# name 4 = sbeox0ML/L: Oxygen, SBE 43 [ml/l]
# name 5 = depSM: Depth [salt water, m], lat = 47.5
# name 6 = sal00: Salinity, Practical [PSU]
# name 7 = sigma-é00: Density [sigma-theta, kg/m^3]
# name 8 = flag: flag
# span 0 = 292.448113, 292.452708       
# span 1 =     -4.661,     44.866       
# span 2 =  -0.001208,  37.584772       
# span 3 =     7.3676,    14.9081       
# span 4 =    -1.9571,    13.4994       
# span 5 =     -4.622,     44.487       
# span 6 =     0.0000,    33.4801       
# span 7 =    -0.8834,    26.1662       
# span 8 = 0.0000e+00, 0.0000e+00       
# interval = seconds: 0.5
# start_time = Oct 19 2010 10:45:17 [Instrument's time stamp, header]
# bad_flag = -9.990e-29
*END*
[from data line 161]
 292.449045     -0.098  37.302423    13.0633     6.8690     -0.097    31.4779    23.6535 -9.990e-29
 292.449051     -0.093  37.300190    13.0614     6.8542     -0.092    31.4774    23.6535 -9.990e-29
 292.449057     -0.084  37.297369    13.0595     6.8505     -0.083    31.4763    23.6530 -9.990e-29
 292.449063     -0.072  37.296378    13.0572     6.8579     -0.071    31.4773    23.6542 -9.990e-29
 292.449068     -0.056  37.294235    13.0529     6.8725     -0.056    31.4788    23.6563 -9.990e-29
 292.449074     -0.034  37.289783    13.0482     6.8798     -0.034    31.4785    23.6570 -9.990e-29
 292.449080     -0.009  37.288307    13.0461     6.8808     -0.009    31.4789    23.6576 -9.990e-29
 292.449086      0.010  37.290660    13.0469     6.8769      0.010    31.4804    23.6587 -9.990e-29
 292.449091      0.022  37.292713    13.0488     6.8807      0.022    31.4808    23.6586 -9.990e-29
 292.449097      0.027  37.293299    13.0498     6.8820      0.027    31.4805    23.6582 -9.990e-29
 292.449103      0.030  37.293221    13.0499     6.8813      0.030    31.4803    23.6580 -9.990e-29
 292.449109      0.039  37.292395    13.0502     6.8860      0.039    31.4793    23.6572 -9.990e-29
 292.449115      0.055  37.291979    13.0515     6.8851      0.055    31.4778    23.6558 -9.990e-29
 292.449120      0.070  37.293118    13.0535     6.8973      0.069    31.4772    23.6549 -9.990e-29
 292.449126      0.082  37.295110    13.0554     6.9048      0.081    31.4775    23.6548 -9.990e-29
 292.449132      0.091  37.297268    13.0568     6.9038      0.090    31.4784    23.6552 -9.990e-29
 292.449138      0.101  37.299127    13.0581     6.9080      0.100    31.4790    23.6554 -9.990e-29
 292.449144      0.118  37.300383    13.0592     6.9042      0.117    31.4793    23.6554 -9.990e-29
 292.449149      0.138  37.301050    13.0606     6.9019      0.137    31.4787    23.6547 -9.990e-29
 292.449155      0.155  37.302037    13.0628     6.8937      0.154    31.4778    23.6536 -9.990e-29
 292.449161      0.165  37.303559    13.0649     6.8893      0.164    31.4775    23.6529 -9.990e-29
 292.449167      0.172  37.304303    13.0662     6.8838      0.171    31.4771    23.6524 -9.990e-29
 292.449172      0.182  37.303040    13.0666     6.8795      0.180    31.4756    23.6511 -9.990e-29
 292.449178      0.196  37.301466    13.0664     6.8819      0.194    31.4743    23.6501 -9.990e-29
 292.449184      0.213  37.301986    13.0658     6.8828      0.211    31.4753    23.6510 -9.990e-29
 292.449190      0.232  37.301950    13.0638     6.8794      0.230    31.4769    23.6527 -9.990e-29
 292.449196      0.248  37.297966    13.0598     6.8678      0.246    31.4765    23.6531 -9.990e-29
 292.449201      0.263  37.292025    13.0566     6.8649      0.261    31.4735    23.6515 -9.990e-29
 292.449207      0.274  37.290230    13.0566     6.8663      0.272    31.4719    23.6502 -9.990e-29
 292.449213      0.277  37.293006    13.0570     6.8775      0.275    31.4741    23.6518 -9.990e-29
 292.449219      0.276  37.293988    13.0532     6.8713      0.274    31.4782    23.6557 -9.990e-29
 292.449225      0.280  37.290585    13.0455     6.8624      0.278    31.4814    23.6597 -9.990e-29
 292.449230      0.289  37.285561    13.0389     6.8477      0.287    31.4822    23.6616 -9.990e-29
 292.449236      0.296  37.282882    13.0372     6.8450      0.294    31.4810    23.6611 -9.990e-29
 292.449242      0.295  37.283473    13.0387     6.8512      0.293    31.4804    23.6602 -9.990e-29
 292.449248      0.293  37.285900    13.0411     6.8624      0.291    31.4806    23.6600 -9.990e-29
 292.449253      0.297  37.288936    13.0436     6.8690      0.295    31.4814    23.6601 -9.990e-29
 292.449259      0.311  37.290486    13.0450     6.8748      0.308    31.4817    23.6600 -9.990e-29
 292.449265      0.332  37.290395    13.0456     6.8753      0.329    31.4811    23.6595 -9.990e-29
 292.449271      0.353  37.290803    13.0459     6.8726      0.350    31.4812    23.6595 -9.990e-29
 292.449277      0.371  37.291713    13.0460     6.8713      0.368    31.4820    23.6601 -9.990e-29
 292.449282      0.387  37.292116    13.0460     6.8620      0.384    31.4824    23.6604 -9.990e-29
 292.449288      0.402  37.291449    13.0458     6.8607      0.399    31.4819    23.6601 -9.990e-29
 292.449294      0.418  37.290520    13.0458     6.8549      0.415    31.4810    23.6594 -9.990e-29
 292.449300      0.435  37.291472    13.0462     6.8619      0.431    31.4816    23.6597 -9.990e-29
 292.449306      0.454  37.293353    13.0466     6.8719      0.450    31.4830    23.6608 -9.990e-29
 292.449311      0.472  37.294208    13.0467     6.8802      0.468    31.4837    23.6613 -9.990e-29
 292.449317      0.486  37.294636    13.0467     6.8757      0.482    31.4841    23.6616 -9.990e-29
 292.449323      0.497  37.295225    13.0470     6.8636      0.493    31.4844    23.6618 -9.990e-29
 292.449329      0.501  37.295658    13.0478     6.8520      0.497    31.4842    23.6614 -9.990e-29
 292.449334      0.494  37.295974    13.0487     6.8562      0.490    31.4837    23.6609 -9.990e-29
 292.449340      0.481  37.296051    13.0489     6.8616      0.477    31.4836    23.6608 -9.990e-29
 292.449346      0.468  37.295450    13.0477     6.8719      0.464    31.4841    23.6614 -9.990e-29
 292.449352      0.460  37.293390    13.0456     6.8744      0.456    31.4839    23.6616 -9.990e-29
 292.449358      0.452  37.291067    13.0450     6.8716      0.448    31.4822    23.6604 -9.990e-29
 292.449363      0.433  37.291562    13.0472     6.8762      0.429    31.4808    23.6590 -9.990e-29
 292.449369      0.400  37.293873    13.0505     6.8753      0.397    31.4803    23.6579 -9.990e-29
 292.449375      0.354  37.295500    13.0532     6.8816      0.351    31.4796    23.6568 -9.990e-29
 292.449381      0.305  37.296949    13.0544     6.8878      0.302    31.4800    23.6569 -9.990e-29
 292.449387      0.262  37.298494    13.0536     6.8863      0.260    31.4821    23.6587 -9.990e-29
 292.449392      0.228  37.298853    13.0517     6.8781      0.226    31.4840    23.6605 -9.990e-29
 292.449398      0.201  37.297965    13.0501     6.8723      0.199    31.4845    23.6612 -9.990e-29
 292.449404      0.177  37.297467    13.0497     6.8820      0.176    31.4844    23.6612 -9.990e-29
 292.449410      0.157  37.297834    13.0504     6.8857      0.156    31.4842    23.6609 -9.990e-29
 292.449416      0.138  37.298453    13.0512     6.8946      0.137    31.4841    23.6607 -9.990e-29
 292.449421      0.124  37.299047    13.0516     6.9060      0.123    31.4843    23.6608 -9.990e-29
 292.449427      0.118  37.299308    13.0521     6.9093      0.117    31.4842    23.6606 -9.990e-29
 292.449433      0.115  37.299044    13.0528     6.9279      0.114    31.4833    23.6598 -9.990e-29
 292.449439      0.112  37.299041    13.0541     6.9389      0.111    31.4823    23.6587 -9.990e-29
 292.449444      0.107  37.300434    13.0570     6.9409      0.106    31.4812    23.6573 -9.990e-29
 292.449450      0.105  37.303421    13.0613     6.9474      0.104    31.4804    23.6559 -9.990e-29
 292.449456      0.110  37.306960    13.0647     6.9327      0.109    31.4809    23.6556 -9.990e-29
 292.449462      0.118  37.309068    13.0659     6.9135      0.117    31.4819    23.6561 -9.990e-29
 292.449468      0.126  37.309776    13.0660     6.9060      0.125    31.4825    23.6565 -9.990e-29
 292.449473      0.133  37.310607    13.0665     6.8963      0.132    31.4828    23.6567 -9.990e-29
 292.449479      0.140  37.311566    13.0680     6.9064      0.139    31.4825    23.6562 -9.990e-29
 292.449485      0.147  37.312833    13.0699     6.9059      0.146    31.4821    23.6555 -9.990e-29
 292.449491      0.156  37.314434    13.0722     6.9001      0.155    31.4817    23.6547 -9.990e-29
 292.449497      0.166  37.316283    13.0760     6.8951      0.165    31.4802    23.6529 -9.990e-29
 292.449502      0.178  37.319183    13.0812     6.8860      0.177    31.4786    23.6506 -9.990e-29
 292.449508      0.193  37.321978    13.0845     6.8887      0.191    31.4785    23.6499 -9.990e-29
 292.449514      0.217  37.322814    13.0844     6.8936      0.215    31.4794    23.6506 -9.990e-29
 292.449520      0.254  37.322265    13.0831     6.8979      0.252    31.4799    23.6513 -9.990e-29
 292.449525      0.304  37.321858    13.0822     6.9004      0.301    31.4803    23.6517 -9.990e-29
 292.449531      0.360  37.322000    13.0821     6.8995      0.357    31.4805    23.6519 -9.990e-29
 292.449537      0.419  37.322316    13.0823     6.8985      0.416    31.4806    23.6519 -9.990e-29
 292.449543      0.478  37.322430    13.0814     6.8990      0.474    31.4814    23.6527 -9.990e-29
 292.449549      0.542  37.321283    13.0796     6.8932      0.537    31.4818    23.6534 -9.990e-29
 292.449554      0.611  37.317626    13.0778     6.8980      0.606    31.4798    23.6522 -9.990e-29
 292.449560      0.677  37.314341    13.0754     6.9052      0.671    31.4787    23.6518 -9.990e-29
 292.449566      0.730  37.314241    13.0718     6.9020      0.724    31.4816    23.6548 -9.990e-29
 292.449572      0.769  37.313183    13.0682     6.8892      0.763    31.4836    23.6570 -9.990e-29
 292.449578      0.798  37.310230    13.0670     6.8706      0.791    31.4818    23.6558 -9.990e-29
 292.449583      0.818  37.310883    13.0692     6.8604      0.811    31.4806    23.6545 -9.990e-29
 292.449589      0.830  37.315365    13.0718     6.8704      0.823    31.4826    23.6555 -9.990e-29
 292.449595      0.840  37.319482    13.0724     6.8796      0.833    31.4860    23.6580 -9.990e-29
 292.449601      0.852  37.321355    13.0718     6.8861      0.845    31.4882    23.6599 -9.990e-29
 292.449606      0.862  37.320595    13.0713     6.9005      0.855    31.4879    23.6597 -9.990e-29
 292.449612      0.872  37.318903    13.0712     6.9008      0.865    31.4864    23.6586 -9.990e-29
 292.449618      0.891  37.318978    13.0714     6.9069      0.884    31.4863    23.6585 -9.990e-29
 292.449624      0.919  37.319713    13.0714     6.8947      0.911    31.4870    23.6590 -9.990e-29
 292.449630      0.951  37.319200    13.0710     6.8826      0.943    31.4868    23.6590 -9.990e-29
 292.449635      0.983  37.318910    13.0707     6.8786      0.975    31.4868    23.6590 -9.990e-29
 292.449641      1.017  37.319490    13.0705     6.8894      1.009    31.4875    23.6596 -9.990e-29
 292.449647      1.057  37.319386    13.0695     6.8890      1.048    31.4882    23.6603 -9.990e-29
 292.449653      1.104  37.317813    13.0673     6.8612      1.095    31.4885    23.6610 -9.990e-29
 292.449659      1.162  37.315387    13.0642     6.8260      1.152    31.4888    23.6618 -9.990e-29
 292.449664      1.234  37.313270    13.0609     6.7757      1.224    31.4895    23.6630 -9.990e-29
 292.449670      1.325  37.311913    13.0572     6.7334      1.314    31.4913    23.6651 -9.990e-29
 292.449676      1.440  37.309979    13.0495     6.7256      1.428    31.4958    23.6701 -9.990e-29
 292.449682      1.583  37.303123    13.0331     6.7321      1.570    31.5030    23.6788 0.0000e+00
 292.449687      1.753  37.289399    13.0056     6.7449      1.738    31.5129    23.6918 0.0000e+00
 292.449693      1.950  37.272272    12.9711     6.7516      1.934    31.5254    23.7082 0.0000e+00
 292.449699      2.164  37.255147    12.9386     6.7526      2.146    31.5362    23.7229 0.0000e+00
 292.449705      2.387  37.241987    12.9148     6.7583      2.367    31.5436    23.7332 0.0000e+00
 292.449711      2.617  37.235880    12.9010     6.7719      2.595    31.5493    23.7403 0.0000e+00
 292.449716      2.846  37.235312    12.8951     6.7799      2.822    31.5536    23.7448 0.0000e+00
 292.449722      3.064  37.237192    12.8923     6.7838      3.038    31.5576    23.7484 0.0000e+00
 292.449728      3.267  37.238895    12.8879     6.7889      3.240    31.5628    23.7533 0.0000e+00
 292.449734      3.464  37.238685    12.8820     6.7870      3.435    31.5674    23.7580 0.0000e+00
 292.449740      3.663  37.236753    12.8770     6.7868      3.632    31.5697    23.7608 0.0000e+00
 292.449745      3.860  37.234918    12.8746     6.7686      3.828    31.5699    23.7614 0.0000e+00
 292.449751      4.045  37.235128    12.8754     6.7682      4.011    31.5693    23.7608 0.0000e+00
 292.449757      4.222  37.237572    12.8784     6.7757      4.187    31.5691    23.7600 0.0000e+00
 292.449763      4.402  37.240379    12.8810     6.7672      4.365    31.5695    23.7599 0.0000e+00
 292.449769      4.592  37.242166    12.8806     6.6660      4.554    31.5714    23.7614 0.0000e+00
 292.449774      4.792  37.242426    12.8779     6.4761      4.752    31.5738    23.7638 0.0000e+00
 292.449780      4.997  37.241980    12.8769     6.2592      4.955    31.5742    23.7643 0.0000e+00
 292.449786      5.207  37.242948    12.8786     6.0875      5.163    31.5736    23.7635 0.0000e+00
 292.449792      5.432  37.246534    12.8807     5.9981      5.387    31.5751    23.7643 0.0000e+00
 292.449797      5.681  37.256312    12.8817     5.9571      5.634    31.5834    23.7705 0.0000e+00
 292.449803      5.953  37.283552    12.8753     5.8791      5.903    31.6143    23.7957 0.0000e+00
 292.449809      6.235  37.323587    12.8597     5.7756      6.183    31.6651    23.8380 0.0000e+00
 292.449815      6.515  37.349594    12.8492     5.6687      6.461    31.6983    23.8658 0.0000e+00
 292.449821      6.791  37.355262    12.8480     5.5939      6.734    31.7045    23.8708 0.0000e+00
 292.449826      7.066  37.351976    12.8381     5.5553      7.007    31.7096    23.8767 0.0000e+00
 292.449832      7.349  37.351512    12.8082     5.5416      7.288    31.7342    23.9015 0.0000e+00
 292.449838      7.645  37.362133    12.7692     5.5485      7.581    31.7769    23.9421 0.0000e+00
 292.449844      7.952  37.372700    12.7382     5.5546      7.885    31.8129    23.9759 0.0000e+00
 292.449850      8.264  37.374235    12.7197     5.5719      8.195    31.8298    23.9926 0.0000e+00
 292.449855      8.579  37.372611    12.7085     5.5916      8.507    31.8376    24.0008 0.0000e+00
 292.449861      8.905  37.371172    12.7005     5.5946      8.830    31.8429    24.0064 0.0000e+00
 292.449867      9.248  37.369588    12.6950     5.5956      9.171    31.8459    24.0098 0.0000e+00
 292.449873      9.610  37.367900    12.6908     5.5798      9.530    31.8477    24.0120 0.0000e+00
 292.449878      9.988  37.366011    12.6871     5.5634      9.904    31.8489    24.0136 0.0000e+00
 292.449884     10.371  37.364114    12.6833     5.5283     10.284    31.8501    24.0153 0.0000e+00
 292.449890     10.750  37.361830    12.6781     5.4610     10.660    31.8522    24.0179 0.0000e+00
 292.449896     11.132  37.357708    12.6696     5.3675     11.039    31.8553    24.0220 0.0000e+00
 292.449902     11.520  37.350643    12.6545     5.2614     11.424    31.8612    24.0295 0.0000e+00
 292.449907     11.903  37.336730    12.6326     5.1689     11.803    31.8664    24.0377 0.0000e+00
 292.449913     12.277  37.315818    12.6083     5.1408     12.174    31.8669    24.0427 0.0000e+00
 292.449919     12.639  37.293550    12.5776     5.2347     12.533    31.8716    24.0522 0.0000e+00
 292.449925     12.992  37.265913    12.5202     5.3972     12.883    31.8938    24.0804 0.0000e+00
 292.449931     13.339  37.218939    12.4271     5.5663     13.227    31.9280    24.1245 0.0000e+00
 292.449936     13.683  37.159940    12.3289     5.6756     13.568    31.9551    24.1641 0.0000e+00
 292.449942     14.019  37.119965    12.2597     5.7098     13.902    31.9757    24.1931 0.0000e+00
 292.449948     14.342  37.106677    12.2169     5.6985     14.222    31.9994    24.2195 0.0000e+00
 292.449954     14.648  37.102250    12.1854     5.6592     14.525    32.0219    24.2429 0.0000e+00
 292.449959     14.931  37.093399    12.1622     5.5939     14.806    32.0332    24.2560 0.0000e+00
