data/oxygen options/OCNMS/OCNMS1/raw_data/2010/CAST_MB015_101910faed.cnv
* Sea-Bird SBE19 Data File:
* FileName = C:\Documents and Settings\OCNMS\Desktop\2010 mooring data\fourth service\CAST_MB015_101910.hex
* Software Version 1.24
* Temperature SN = 2997
* Conductivity SN = 2997
* System UpLoad Time = Oct 20 2010 11:41:32
** CAST_MB015_101910
* SEACAT PROFILER V3.1c SN 2997   10/20/10  11:39:54.369
# nquan = 9                                 
# nvalues = 584                         
# units = specified
# name 0 = timeJ: Julian Days
# name 1 = prSM: Pressure, Strain Gauge [db]
# name 2 = c0mS/cm: Conductivity [mS/cm]
# name 3 = t090C: Temperature [ITS-90, deg C]
# name 4 = sbeox0ML/L: Oxygen, SBE 43 [ml/l]
# name 5 = depSM: Depth [salt water, m], lat = 47.5
# name 6 = sal00: Salinity, Practical [PSU]
# name 7 = sigma-é00: Density [sigma-theta, kg/m^3]
# name 8 = flag: flag
# span 0 = 292.623403, 292.626777       
# span 1 =     -4.912,     18.457       
# span 2 =   0.063727,  37.217431       
# span 3 =    10.9372,    13.6481       
# span 4 =    -2.0031,    12.6863       
# span 5 =     -4.871,     18.302       
# span 6 =     0.0408,    32.3120       
# span 7 =    -0.6679,    24.6879       
# span 8 = 0.0000e+00, 0.0000e+00       
# interval = seconds: 0.5
# start_time = Oct 19 2010 14:57:42 [Instrument's time stamp, header]
# bad_flag = -9.990e-29
*END*
[from data line 161]
 292.624334     -0.276  36.978734    12.7761     5.7673     -0.274    31.4118    23.6579 -9.990e-29
 292.624340     -0.253  36.979462    12.7766     5.7737     -0.251    31.4121    23.6580 -9.990e-29
 292.624346     -0.238  36.980188    12.7771     5.7740     -0.236    31.4123    23.6581 -9.990e-29
 292.624352     -0.229  36.980684    12.7775     5.7676     -0.227    31.4125    23.6581 -9.990e-29
 292.624358     -0.225  36.980976    12.7778     5.7776     -0.223    31.4125    23.6581 -9.990e-29
 292.624363     -0.227  36.981377    12.7779     5.7776     -0.225    31.4128    23.6583 -9.990e-29
 292.624369     -0.231  36.981786    12.7773     5.7725     -0.229    31.4137    23.6591 -9.990e-29
 292.624375     -0.227  36.981552    12.7752     5.7710     -0.225    31.4152    23.6607 -9.990e-29
 292.624381     -0.212  36.980290    12.7715     5.7659     -0.210    31.4171    23.6629 -9.990e-29
 292.624387     -0.189  36.978482    12.7683     5.7672     -0.187    31.4180    23.6642 -9.990e-29
 292.624392     -0.165  36.977560    12.7682     5.7702     -0.164    31.4172    23.6636 -9.990e-29
 292.624398     -0.146  36.978456    12.7707     5.7707     -0.145    31.4160    23.6622 -9.990e-29
 292.624404     -0.137  36.980050    12.7729     5.7707     -0.136    31.4157    23.6615 -9.990e-29
 292.624410     -0.132  36.981031    12.7740     5.7640     -0.131    31.4157    23.6613 -9.990e-29
 292.624416     -0.126  36.981511    12.7746     5.7689     -0.125    31.4156    23.6611 -9.990e-29
 292.624421     -0.120  36.982058    12.7751     5.7764     -0.119    31.4157    23.6611 -9.990e-29
 292.624427     -0.112  36.982763    12.7757     5.7663     -0.111    31.4159    23.6611 -9.990e-29
 292.624433     -0.103  36.983373    12.7759     5.7777     -0.102    31.4163    23.6614 -9.990e-29
 292.624439     -0.091  36.983503    12.7753     5.7765     -0.090    31.4169    23.6620 -9.990e-29
 292.624444     -0.077  36.982694    12.7738     5.7701     -0.076    31.4174    23.6627 -9.990e-29
 292.624450     -0.058  36.980911    12.7722     5.7648     -0.058    31.4170    23.6627 -9.990e-29
 292.624456     -0.039  36.979059    12.7717     5.7458     -0.039    31.4157    23.6617 -9.990e-29
 292.624462     -0.026  36.978512    12.7720     5.7505     -0.026    31.4149    23.6611 -9.990e-29
 292.624468     -0.024  36.979584    12.7723     5.7556     -0.024    31.4157    23.6616 -9.990e-29
 292.624473     -0.026  36.981389    12.7726     5.7608     -0.026    31.4171    23.6627 -9.990e-29
 292.624479     -0.026  36.982899    12.7727     5.7647     -0.026    31.4185    23.6637 -9.990e-29
 292.624485     -0.019  36.983813    12.7729     5.7683     -0.019    31.4192    23.6642 -9.990e-29
 292.624491     -0.004  36.984714    12.7735     5.7699     -0.004    31.4195    23.6644 -9.990e-29
 292.624497      0.016  36.985606    12.7741     5.7766      0.016    31.4199    23.6645 -9.990e-29
 292.624502      0.032  36.985924    12.7748     5.7766      0.032    31.4196    23.6642 -9.990e-29
 292.624508      0.047  36.986016    12.7758     5.7734      0.047    31.4188    23.6634 -9.990e-29
 292.624514      0.064  36.986490    12.7771     5.7720      0.063    31.4182    23.6626 -9.990e-29
 292.624520      0.082  36.987340    12.7781     5.7629      0.081    31.4181    23.6624 -9.990e-29
 292.624525      0.096  36.987946    12.7782     5.7554      0.095    31.4186    23.6628 -9.990e-29
 292.624531      0.108  36.987918    12.7778     5.7604      0.107    31.4189    23.6631 -9.990e-29
 292.624537      0.119  36.987704    12.7775     5.7690      0.118    31.4190    23.6632 -9.990e-29
 292.624543      0.133  36.987503    12.7769     5.7743      0.132    31.4193    23.6635 -9.990e-29
 292.624549      0.156  36.986973    12.7763     5.7756      0.155    31.4193    23.6636 -9.990e-29
 292.624554      0.181  36.986451    12.7766     5.7653      0.179    31.4185    23.6630 -9.990e-29
 292.624560      0.195  36.986844    12.7781     5.7617      0.193    31.4176    23.6620 -9.990e-29
 292.624566      0.202  36.988041    12.7797     5.7742      0.200    31.4174    23.6616 -9.990e-29
 292.624572      0.208  36.989321    12.7808     5.7781      0.206    31.4177    23.6616 -9.990e-29
 292.624578      0.220  36.990635    12.7815     5.7870      0.218    31.4184    23.6619 -9.990e-29
 292.624583      0.232  36.991983    12.7821     5.7921      0.230    31.4191    23.6624 -9.990e-29
 292.624589      0.239  36.992844    12.7824     5.7755      0.237    31.4197    23.6628 -9.990e-29
 292.624595      0.239  36.993171    12.7823     5.7653      0.237    31.4201    23.6631 -9.990e-29
 292.624601      0.242  36.993323    12.7821     5.7599      0.240    31.4204    23.6634 -9.990e-29
 292.624606      0.252  36.993428    12.7822     5.7598      0.250    31.4204    23.6634 -9.990e-29
 292.624612      0.270  36.993551    12.7826     5.7665      0.268    31.4202    23.6631 -9.990e-29
 292.624618      0.292  36.993782    12.7830     5.7628      0.290    31.4201    23.6630 -9.990e-29
 292.624624      0.312  36.994351    12.7834     5.7488      0.309    31.4203    23.6630 -9.990e-29
 292.624630      0.326  36.994821    12.7836     5.7522      0.323    31.4205    23.6632 -9.990e-29
 292.624635      0.335  36.994622    12.7836     5.7548      0.332    31.4203    23.6631 -9.990e-29
 292.624641      0.340  36.994536    12.7836     5.7731      0.337    31.4203    23.6630 -9.990e-29
 292.624647      0.342  36.994932    12.7839     5.7927      0.339    31.4204    23.6630 -9.990e-29
 292.624653      0.339  36.995141    12.7844     5.7992      0.336    31.4202    23.6628 -9.990e-29
 292.624659      0.337  36.995365    12.7849     5.7974      0.334    31.4200    23.6625 -9.990e-29
 292.624664      0.340  36.995828    12.7846     5.7893      0.337    31.4206    23.6631 -9.990e-29
 292.624670      0.343  36.995952    12.7841     5.7829      0.340    31.4212    23.6636 -9.990e-29
 292.624676      0.343  36.995828    12.7841     5.7805      0.340    31.4211    23.6635 -9.990e-29
 292.624682      0.338  36.995772    12.7840     5.7808      0.335    31.4211    23.6636 -9.990e-29
 292.624687      0.335  36.996196    12.7836     5.7808      0.332    31.4218    23.6642 -9.990e-29
 292.624693      0.340  36.997028    12.7822     5.7741      0.337    31.4238    23.6660 -9.990e-29
 292.624699      0.353  36.996503    12.7802     5.7663      0.350    31.4249    23.6673 -9.990e-29
 292.624705      0.369  36.994967    12.7794     5.7651      0.366    31.4241    23.6668 -9.990e-29
 292.624711      0.378  36.994774    12.7803     5.7662      0.375    31.4232    23.6659 -9.990e-29
 292.624716      0.376  36.995591    12.7813     5.7702      0.373    31.4232    23.6657 -9.990e-29
 292.624722      0.374  36.996191    12.7816     5.7729      0.371    31.4235    23.6659 -9.990e-29
 292.624728      0.382  36.996737    12.7816     5.7663      0.379    31.4240    23.6663 -9.990e-29
 292.624734      0.402  36.997324    12.7815     5.7650      0.399    31.4246    23.6668 -9.990e-29
 292.624740      0.423  36.997538    12.7815     5.7589      0.419    31.4248    23.6669 -9.990e-29
 292.624745      0.431  36.997589    12.7818     5.7657      0.427    31.4246    23.6667 -9.990e-29
 292.624751      0.429  36.998028    12.7821     5.7832      0.425    31.4248    23.6668 -9.990e-29
 292.624757      0.429  36.998805    12.7826     5.7936      0.425    31.4251    23.6669 -9.990e-29
 292.624763      0.440  36.999761    12.7836     5.7963      0.436    31.4252    23.6668 -9.990e-29
 292.624769      0.457  37.000415    12.7842     5.7912      0.453    31.4253    23.6668 -9.990e-29
 292.624774      0.474  37.000444    12.7841     5.7894      0.470    31.4254    23.6669 -9.990e-29
 292.624780      0.482  37.000371    12.7839     5.7884      0.478    31.4255    23.6670 -9.990e-29
 292.624786      0.483  37.000582    12.7832     5.7821      0.479    31.4262    23.6677 -9.990e-29
 292.624792      0.484  37.000722    12.7813     5.7729      0.480    31.4280    23.6694 -9.990e-29
 292.624797      0.491  36.999784    12.7776     5.7627      0.487    31.4301    23.6718 -9.990e-29
 292.624803      0.504  36.997560    12.7732     5.7562      0.500    31.4317    23.6739 -9.990e-29
 292.624809      0.519  36.995489    12.7701     5.7529      0.515    31.4323    23.6749 -9.990e-29
 292.624815      0.529  36.994654    12.7689     5.7621      0.525    31.4325    23.6753 -9.990e-29
 292.624821      0.530  36.994809    12.7709     5.7747      0.526    31.4310    23.6738 -9.990e-29
 292.624826      0.526  36.995553    12.7752     5.7802      0.522    31.4281    23.6707 -9.990e-29
 292.624832      0.526  36.997057    12.7780     5.7814      0.522    31.4272    23.6695 -9.990e-29
 292.624838      0.534  36.998995    12.7792     5.7709      0.530    31.4281    23.6699 -9.990e-29
 292.624844      0.546  37.000881    12.7804     5.7668      0.541    31.4288    23.6703 -9.990e-29
 292.624850      0.555  37.002362    12.7809     5.7667      0.550    31.4298    23.6709 -9.990e-29
 292.624855      0.556  37.002541    12.7803     5.7554      0.551    31.4305    23.6716 -9.990e-29
 292.624861      0.555  37.001587    12.7782     5.7555      0.550    31.4313    23.6726 -9.990e-29
 292.624867      0.559  36.999278    12.7741     5.7554      0.554    31.4326    23.6744 -9.990e-29
 292.624873      0.573  36.995826    12.7688     5.7643      0.568    31.4337    23.6763 -9.990e-29
 292.624878      0.593  36.993840    12.7651     5.7769      0.588    31.4349    23.6779 -9.990e-29
 292.624884      0.613  36.993959    12.7643     5.7786      0.608    31.4357    23.6786 -9.990e-29
 292.624890      0.630  36.994592    12.7654     5.7776      0.625    31.4353    23.6782 -9.990e-29
 292.624896      0.644  36.995391    12.7670     5.7670      0.639    31.4348    23.6774 -9.990e-29
 292.624902      0.656  36.996231    12.7680     5.7694      0.651    31.4347    23.6772 -9.990e-29
 292.624907      0.668  36.996485    12.7680     5.7641      0.662    31.4350    23.6774 -9.990e-29
 292.624913      0.679  36.996421    12.7677     5.7576      0.673    31.4351    23.6776 -9.990e-29
 292.624919      0.691  36.996442    12.7677     5.7642      0.685    31.4352    23.6776 -9.990e-29
 292.624925      0.704  36.996507    12.7680     5.7580      0.698    31.4350    23.6774 -9.990e-29
 292.624931      0.720  36.996633    12.7681     5.7612      0.714    31.4350    23.6774 -9.990e-29
 292.624936      0.738  36.996919    12.7675     5.7749      0.732    31.4358    23.6781 -9.990e-29
 292.624942      0.757  36.997117    12.7667     5.7758      0.751    31.4366    23.6789 -9.990e-29
 292.624948      0.768  36.996860    12.7667     5.7721      0.762    31.4363    23.6787 -9.990e-29
 292.624954      0.773  36.996855    12.7677     5.7622      0.767    31.4355    23.6779 -9.990e-29
 292.624959      0.780  36.997582    12.7688     5.7560      0.773    31.4353    23.6775 -9.990e-29
 292.624965      0.795  36.998262    12.7692     5.7571      0.788    31.4356    23.6776 -9.990e-29
 292.624971      0.817  36.998613    12.7686     5.7676      0.810    31.4364    23.6784 -9.990e-29
 292.624977      0.848  36.998474    12.7672     5.7659      0.841    31.4374    23.6795 -9.990e-29
 292.624983      0.891  36.997592    12.7658     5.7713      0.884    31.4377    23.6800 -9.990e-29
 292.624988      0.944  36.996958    12.7658     5.7714      0.936    31.4371    23.6795 -9.990e-29
 292.624994      1.001  36.997337    12.7664     5.7764      0.993    31.4370    23.6793 -9.990e-29
 292.625000      1.066  36.998044    12.7663     5.7793      1.057    31.4377    23.6798 -9.990e-29
 292.625006      1.152  36.998271    12.7656     5.7778      1.142    31.4384    23.6806 -9.990e-29
 292.625012      1.265  36.998252    12.7653     5.7707      1.254    31.4386    23.6808 -9.990e-29
 292.625017      1.398  36.998453    12.7653     5.7670      1.386    31.4388    23.6809 0.0000e+00
 292.625023      1.548  36.998509    12.7642     5.7729      1.535    31.4397    23.6818 0.0000e+00
 292.625029      1.715  36.997865    12.7618     5.7755      1.701    31.4410    23.6833 0.0000e+00
 292.625035      1.896  36.996710    12.7594     5.7767      1.880    31.4418    23.6844 0.0000e+00
 292.625041      2.088  36.996235    12.7579     5.7808      2.071    31.4426    23.6853 0.0000e+00
 292.625046      2.288  36.996854    12.7569     5.7914      2.269    31.4439    23.6865 0.0000e+00
 292.625052      2.505  36.997641    12.7549     5.8072      2.484    31.4462    23.6887 0.0000e+00
 292.625058      2.745  36.997896    12.7513     5.8213      2.722    31.4494    23.6918 0.0000e+00
 292.625064      3.001  36.997328    12.7480     5.8318      2.976    31.4515    23.6941 0.0000e+00
 292.625069      3.268  36.996787    12.7468     5.8393      3.241    31.4519    23.6946 0.0000e+00
 292.625075      3.546  36.998280    12.7479     5.8408      3.516    31.4523    23.6947 0.0000e+00
 292.625081      3.836  37.003727    12.7514     5.8529      3.804    31.4544    23.6957 0.0000e+00
 292.625087      4.138  37.012480    12.7579     5.8610      4.103    31.4571    23.6966 0.0000e+00
 292.625093      4.451  37.024376    12.7664     5.8636      4.414    31.4612    23.6981 0.0000e+00
 292.625098      4.765  37.038967    12.7737     5.8592      4.725    31.4687    23.7025 0.0000e+00
 292.625104      5.065  37.049874    12.7768     5.8426      5.023    31.4763    23.7078 0.0000e+00
 292.625110      5.340  37.053088    12.7766     5.8398      5.295    31.4794    23.7103 0.0000e+00
 292.625116      5.595  37.051706    12.7760     5.8442      5.548    31.4785    23.7097 0.0000e+00
 292.625122      5.847  37.050532    12.7761     5.8529      5.798    31.4772    23.7087 0.0000e+00
 292.625127      6.106  37.050732    12.7772     5.8624      6.055    31.4764    23.7078 0.0000e+00
 292.625133      6.377  37.052502    12.7801     5.8661      6.324    31.4755    23.7066 0.0000e+00
 292.625139      6.655  37.057572    12.7846     5.8774      6.599    31.4765    23.7065 0.0000e+00
 292.625145      6.933  37.064789    12.7877     5.8929      6.875    31.4806    23.7091 0.0000e+00
 292.625150      7.202  37.068585    12.7878     5.8967      7.142    31.4840    23.7117 0.0000e+00
 292.625156      7.462  37.067229    12.7885     5.9005      7.400    31.4820    23.7101 0.0000e+00
 292.625162      7.721  37.068363    12.7923     5.8997      7.656    31.4798    23.7076 0.0000e+00
 292.625168      7.983  37.076787    12.7974     5.9063      7.916    31.4834    23.7095 0.0000e+00
 292.625174      8.248  37.087984    12.8007     5.9141      8.179    31.4912    23.7148 0.0000e+00
 292.625179      8.515  37.094971    12.8009     5.9138      8.444    31.4975    23.7197 0.0000e+00
 292.625185      8.784  37.095792    12.7970     5.9209      8.711    31.5014    23.7235 0.0000e+00
 292.625191      9.054  37.093152    12.7845     5.9274      8.978    31.5092    23.7319 0.0000e+00
 292.625197      9.327  37.087379    12.7602     5.9320      9.249    31.5239    23.7480 0.0000e+00
 292.625203      9.601  37.076306    12.7315     5.8981      9.521    31.5373    23.7639 0.0000e+00
 292.625208      9.874  37.062456    12.7114     5.8367      9.791    31.5409    23.7705 0.0000e+00
 292.625214     10.133  37.053607    12.7058     5.7378     10.048    31.5371    23.7686 0.0000e+00
 292.625220     10.367  37.053562    12.7080     5.6126     10.280    31.5352    23.7667 0.0000e+00
 292.625226     10.589  37.056587    12.7043     5.4986     10.500    31.5410    23.7720 0.0000e+00
 292.625231     10.820  37.053202    12.6829     5.3800     10.729    31.5556    23.7874 0.0000e+00
 292.625237     11.072  37.037147    12.6338     5.2972     10.979    31.5814    23.8167 0.0000e+00
 292.625243     11.338  37.005988    12.5540     5.2487     11.243    31.6187    23.8608 0.0000e+00
 292.625249     11.609  36.961227    12.4607     5.2510     11.512    31.6545    23.9062 0.0000e+00
