data/oxygen options/OCNMS/OCNMS1/raw_data/2010/CAST_CE042_060510faedb.cnv
* Sea-Bird SBE19 Data File:
* FileName = C:\Program Files\Sea-Bird\SeaTermAF\CAST_CE042_060510.hex
* Software Version 1.24
* Temperature SN = 2997
* Conductivity SN = 2997
* System UpLoad Time = Jun 05 2010 18:50:52
** CAST_CE042_060510
* SEACAT PROFILER V3.1c SN 2997   06/05/10  18:47:43.357
# nquan = 9
# nvalues = 40                          
# units = specified
# name 0 = timeJ: Julian Days
# name 1 = prSM: Pressure, Strain Gauge [db]
# name 2 = c0mS/cm: Conductivity [mS/cm]
# name 3 = t090C: Temperature [ITS-90, deg C]
# name 4 = sbeox0ML/L: Oxygen, SBE 43 [ml/l]
# name 5 = depSM: Depth [salt water, m], lat = 47.5
# name 6 = sal00: Salinity, Practical [PSU]
# name 7 = sigma-é00: Density [sigma-theta, kg/m^3]
# name 8 = flag: flag
# span 0 = 156.524236, 156.524773       
# span 1 =      2.000,     41.000       
# span 2 =  27.430748,  35.660452       
# span 3 =     9.9058,    14.2813       
# span 4 =     4.5630,     7.3790       
# span 5 =      1.983,     40.654       
# span 6 =    22.0666,    32.0268       
# span 7 =    16.1657,    24.6473       
# span 8 = 0.0000e+00, 0.0000e+00       
# interval = decibars: 1                
# start_time = Jun 05 2010 12:27:22 [Instrument's time stamp, header]
# bad_flag = -9.990e-29
*END*
 156.524236      2.000  27.841056    14.2813     7.3790      1.983    22.0666    16.1657 0.0000e+00
 156.524261      3.000  27.546607    13.7375     7.2174      2.975    22.1189    16.3064 0.0000e+00
 156.524280      4.000  27.430748    13.4938     7.1689      3.966    22.1565    16.3798 0.0000e+00
 156.524296      5.000  27.717713    13.4304     7.3713      4.958    22.4485    16.6162 0.0000e+00
 156.524311      6.000  29.827812    12.9027     7.3394      5.950    24.6876    18.4380 0.0000e+00
 156.524325      7.000  32.860323    12.3787     7.0976      6.941    27.8487    20.9747 0.0000e+00
 156.524338      8.000  33.922874    12.1771     6.8429      7.933    28.9984    21.9011 0.0000e+00
 156.524352      9.000  34.263377    11.9977     6.6709      8.925    29.4629    22.2933 0.0000e+00
 156.524365     10.000  34.418067    11.7430     6.5895      9.916    29.8131    22.6106 0.0000e+00
 156.524378     11.000  34.638070    11.5871     6.5835     10.908    30.1502    22.8998 0.0000e+00
 156.524392     12.000  34.982406    11.4960     6.5534     11.900    30.5577    23.2323 0.0000e+00
 156.524406     13.000  35.304640    11.4233     6.4445     12.891    30.9306    23.5348 0.0000e+00
 156.524418     14.000  35.512130    11.3770     6.1845     13.883    31.1710    23.7297 0.0000e+00
 156.524431     15.000  35.660452    11.3256     5.8415     14.874    31.3588    23.8847 0.0000e+00
 156.524443     16.000  35.643925    11.1841     5.6370     15.866    31.4627    23.9905 0.0000e+00
 156.524455     17.000  35.440071    10.9063     5.6054     16.858    31.4996    24.0678 0.0000e+00
 156.524467     18.000  35.293532    10.7477     5.5071     17.849    31.4908    24.0881 0.0000e+00
 156.524478     19.000  35.249188    10.6557     5.3011     18.841    31.5257    24.1311 0.0000e+00
 156.524491     20.000  35.235057    10.5842     5.2115     19.832    31.5730    24.1801 0.0000e+00
 156.524503     21.000  35.241526    10.4818     5.2105     20.824    31.6679    24.2714 0.0000e+00
 156.524517     22.000  35.228130    10.4039     5.1697     21.815    31.7219    24.3266 0.0000e+00
 156.524530     23.000  35.228993    10.3861     5.2149     22.807    31.7379    24.3420 0.0000e+00
 156.524544     24.000  35.210362    10.3137     5.2740     23.798    31.7820    24.3886 0.0000e+00
 156.524556     25.000  35.195002    10.2666     5.2248     24.790    31.8075    24.4164 0.0000e+00
 156.524568     26.000  35.243089    10.2556     5.1534     25.781    31.8650    24.4630 0.0000e+00
 156.524579     27.000  35.256799    10.2284     5.0793     26.773    31.9022    24.4966 0.0000e+00
 156.524591     28.000  35.235715    10.1890     4.9940     27.765    31.9152    24.5134 0.0000e+00
 156.524603     29.000  35.206950    10.1474     4.9389     28.756    31.9225    24.5260 0.0000e+00
 156.524617     30.000  35.170696    10.1002     4.9303     29.747    31.9271    24.5374 0.0000e+00
 156.524632     31.000  35.120792    10.0565     4.8561     30.739    31.9150    24.5352 0.0000e+00
 156.524647     32.000  35.103695    10.0255     4.6780     31.730    31.9246    24.5479 0.0000e+00
 156.524661     33.000  35.093745     9.9816     4.6053     32.722    31.9529    24.5772 0.0000e+00
 156.524673     34.000  35.090801     9.9431     4.5863     33.713    31.9836    24.6075 0.0000e+00
 156.524685     35.000  35.092804     9.9273     4.5790     34.705    31.9991    24.6222 0.0000e+00
 156.524696     36.000  35.096010     9.9206     4.5807     35.696    32.0079    24.6301 0.0000e+00
 156.524709     37.000  35.099709     9.9166     4.5936     36.688    32.0148    24.6362 0.0000e+00
 156.524722     38.000  35.100806     9.9151     4.6040     37.679    32.0167    24.6380 0.0000e+00
 156.524737     39.000  35.100984     9.9096     4.5907     38.671    32.0214    24.6425 0.0000e+00
 156.524752     40.000  35.101536     9.9058     4.5767     39.662    32.0249    24.6459 0.0000e+00
 156.524773     41.000  35.104075     9.9061     4.5630     40.654    32.0268    24.6473 0.0000e+00
