data/oxygen options/OCNMS/OCNMS1/raw_data/2010/CAST_TH042_091610faedb.cnv
* Sea-Bird SBE19 Data File:
* FileName = C:\Documents and Settings\OCNMS\Desktop\2010 mooring data\third service\CAST_TH042_091610.hex
* Software Version 1.24
* Temperature SN = 2997
* Conductivity SN = 2997
* System UpLoad Time = Sep 16 2010 16:51:28
** CAST_TH042_091610
* SEACAT PROFILER V3.1c SN 2997   09/16/10  16:49:49.474
# nquan = 9
# nvalues = 43                          
# units = specified
# name 0 = timeJ: Julian Days
# name 1 = prSM: Pressure, Strain Gauge [db]
# name 2 = c0mS/cm: Conductivity [mS/cm]
# name 3 = t090C: Temperature [ITS-90, deg C]
# name 4 = sbeox0ML/L: Oxygen, SBE 43 [ml/l]
# name 5 = depSM: Depth [salt water, m], lat = 47.5
# name 6 = sal00: Salinity, Practical [PSU]
# name 7 = sigma-é00: Density [sigma-theta, kg/m^3]
# name 8 = flag: flag
# span 0 = 259.632147, 259.633042       
# span 1 =      1.000,     43.000       
# span 2 =  34.739492,  37.660308       
# span 3 =     7.9374,    12.4238       
# span 4 =     2.0520,     7.2798       
# span 5 =      0.992,     42.637       
# span 6 =    32.3115,    33.4623       
# span 7 =    24.4578,    26.0755       
# span 8 = 0.0000e+00, 0.0000e+00       
# interval = decibars: 1                
# start_time = Sep 16 2010 15:08:16 [Instrument's time stamp, header]
# bad_flag = -9.990e-29
*END*
 259.632147      1.000  37.660308    12.4238     7.2798      0.992    32.3576    24.4578 0.0000e+00
 259.632173      2.000  37.207482    11.9729     7.1699      1.983    32.3115    24.5068 0.0000e+00
 259.632195      3.000  37.104245    11.8357     7.1126      2.975    32.3303    24.5468 0.0000e+00
 259.632215      4.000  37.081497    11.7699     7.0075      3.966    32.3651    24.5860 0.0000e+00
 259.632234      5.000  37.062901    11.7131     6.9625      4.958    32.3961    24.6204 0.0000e+00
 259.632254      6.000  37.034402    11.6612     6.8082      5.950    32.4133    24.6433 0.0000e+00
 259.632277      7.000  37.089894    11.6718     6.6571      6.941    32.4576    24.6758 0.0000e+00
 259.632297      8.000  37.032777    11.5070     6.5234      7.933    32.5461    24.7746 0.0000e+00
 259.632316      9.000  36.758118    11.1864     6.4556      8.925    32.5588    24.8422 0.0000e+00
 259.632336     10.000  36.669931    11.0868     6.1548      9.916    32.5596    24.8605 0.0000e+00
 259.632358     11.000  36.533686    10.8114     5.8155     10.908    32.6690    24.9941 0.0000e+00
 259.632378     12.000  36.374099    10.5595     5.5310     11.900    32.7350    25.0892 0.0000e+00
 259.632398     13.000  36.160485    10.1964     5.3336     12.891    32.8474    25.2387 0.0000e+00
 259.632421     14.000  36.103111    10.0882     5.0200     13.882    32.8872    25.2880 0.0000e+00
 259.632444     15.000  36.012270     9.9440     4.7065     14.874    32.9258    25.3422 0.0000e+00
 259.632469     16.000  35.953376     9.8535     4.2344     15.866    32.9481    25.3746 0.0000e+00
 259.632496     17.000  35.829355     9.5863     2.7617     16.857    33.0662    25.5106 0.0000e+00
 259.632518     18.000  35.594133     9.1506     2.2907     17.849    33.2268    25.7063 0.0000e+00
 259.632540     19.000  35.534524     9.0526     2.4375     18.840    33.2560    25.7446 0.0000e+00
 259.632565     20.000  35.547384     9.0507     2.1816     19.832    33.2707    25.7564 0.0000e+00
 259.632586     21.000  35.440822     8.8630     2.1224     20.824    33.3351    25.8363 0.0000e+00
 259.632604     22.000  35.245317     8.6239     2.1045     21.815    33.3548    25.8887 0.0000e+00
 259.632628     23.000  35.227812     8.6133     2.0866     22.807    33.3460    25.8834 0.0000e+00
 259.632651     24.000  35.063967     8.3643     2.1228     23.798    33.4083    25.9701 0.0000e+00
 259.632670     25.000  34.917192     8.1677     2.1361     24.790    33.4391    26.0237 0.0000e+00
 259.632690     26.000  34.859771     8.1138     2.1081     25.781    33.4289    26.0237 0.0000e+00
 259.632714     27.000  34.875475     8.1147     2.1001     26.773    33.4443    26.0356 0.0000e+00
 259.632734     28.000  34.838317     8.0706     2.0862     27.764    33.4463    26.0437 0.0000e+00
 259.632751     29.000  34.834312     8.0649     2.0811     28.756    33.4470    26.0451 0.0000e+00
 259.632768     30.000  34.831537     8.0605     2.0760     29.747    33.4478    26.0464 0.0000e+00
 259.632786     31.000  34.830729     8.0628     2.0749     30.739    33.4443    26.0434 0.0000e+00
 259.632806     32.000  34.832864     8.0654     2.0642     31.730    33.4436    26.0424 0.0000e+00
 259.632828     33.000  34.836264     8.0630     2.0620     32.722    33.4490    26.0471 0.0000e+00
 259.632845     34.000  34.825650     8.0521     2.0672     33.713    33.4477    26.0477 0.0000e+00
 259.632861     35.000  34.819159     8.0367     2.0705     34.705    33.4550    26.0556 0.0000e+00
 259.632879     36.000  34.801917     8.0254     2.0660     35.696    33.4470    26.0510 0.0000e+00
 259.632904     37.000  34.805372     8.0252     2.0645     36.688    33.4503    26.0537 0.0000e+00
 259.632927     38.000  34.777963     7.9874     2.0557     37.679    33.4568    26.0643 0.0000e+00
 259.632945     39.000  34.779783     7.9900     2.0608     38.671    33.4557    26.0631 0.0000e+00
 259.632965     40.000  34.782346     7.9941     2.0601     39.662    33.4540    26.0612 0.0000e+00
 259.632990     41.000  34.770487     7.9740     2.0568     40.654    33.4602    26.0690 0.0000e+00
 259.633016     42.000  34.739492     7.9374     2.0520     41.645    33.4615    26.0755 0.0000e+00
 259.633042     43.000  34.748429     7.9461     2.0547     42.637    33.4623    26.0748 0.0000e+00
