data/oxygen options/OCNMS/OCNMS1/raw_data/2010/CAST_KL015_060510faed.cnv
* Sea-Bird SBE19 Data File:
* FileName = C:\Program Files\Sea-Bird\SeaTermAF\CAST_KL015_060510.hex
* Software Version 1.24
* Temperature SN = 2997
* Conductivity SN = 2997
* System UpLoad Time = Jun 05 2010 19:19:20
** CAST_CE015_060510
* SEACAT PROFILER V3.1c SN 2997   06/05/10  19:18:01.763
# nquan = 9                                 
# nvalues = 896                         
# units = specified
# name 0 = timeJ: Julian Days
# name 1 = prSM: Pressure, Strain Gauge [db]
# name 2 = c0mS/cm: Conductivity [mS/cm]
# name 3 = t090C: Temperature [ITS-90, deg C]
# name 4 = sbeox0ML/L: Oxygen, SBE 43 [ml/l]
# name 5 = depSM: Depth [salt water, m], lat = 47.5
# name 6 = sal00: Salinity, Practical [PSU]
# name 7 = sigma-é00: Density [sigma-theta, kg/m^3]
# name 8 = flag: flag
# span 0 = 156.718912, 156.724091       
# span 1 =     -3.742,     16.191       
# span 2 =   3.538999,  34.622281       
# span 3 =    11.6948,    14.2418       
# span 4 =    -1.6938,    13.9322       
# span 5 =     -3.711,     16.055       
# span 6 =     2.6882,    30.0457       
# span 7 =     1.3974,    22.7997       
# span 8 = 0.0000e+00, 0.0000e+00       
# interval = seconds: 0.5
# start_time = Jun 05 2010 17:15:14 [Instrument's time stamp, header]
# bad_flag = -9.990e-29
*END*
 156.718912     -3.742 -9.990e-29    14.2418    -1.6911     -3.711 -9.990e-29 -9.990e-29 -9.990e-29
 156.718918     -3.698  31.069557    14.2330    -1.6911     -3.667    24.9350    18.3796 -9.990e-29
 156.718924     -3.653  31.122289    14.2322    -1.6908     -3.623    24.9822    18.4161 -9.990e-29
 156.718929     -3.613  31.158253    14.2316    -1.6901     -3.583    25.0144    18.4410 -9.990e-29
 156.718935     -3.580  31.149823    14.2292    -1.6906     -3.550    25.0085    18.4369 -9.990e-29
 156.718941     -3.547  31.127748    14.2261    -1.6910     -3.517    24.9909    18.4240 -9.990e-29
 156.718947     -3.509  31.116902    14.2255    -1.6914     -3.480    24.9817    18.4170 -9.990e-29
 156.718953     -3.466  31.125226    14.2292    -1.6919     -3.437    24.9867    18.4201 -9.990e-29
 156.718958     -3.424  31.141436    14.2334    -1.6915     -3.395    24.9983    18.4283 -9.990e-29
 156.718964     -3.386  31.125578    14.2350    -1.6909     -3.358    24.9832    18.4164 -9.990e-29
 156.718970     -3.348  31.083393    14.2326    -1.6907     -3.320    24.9474    18.3892 -9.990e-29
 156.718976     -3.309  31.059975    14.2284    -1.6915     -3.281    24.9293    18.3762 -9.990e-29
 156.718981     -3.271  31.072261    14.2279    -1.6918     -3.244    24.9405    18.3849 -9.990e-29
 156.718987     -3.238  31.106973    14.2314    -1.6920     -3.211    24.9690    18.4061 -9.990e-29
 156.718993     -3.215  31.125312    14.2344    -1.6915     -3.188    24.9833    18.4165 -9.990e-29
 156.718999     -3.194  31.100797    14.2317    -1.6909     -3.167    24.9633    18.4017 -9.990e-29
 156.719005     -3.166  31.057299    14.2232    -1.6909     -3.140    24.9302    18.3779 -9.990e-29
 156.719010     -3.124  31.031445    14.2147    -1.6918     -3.098    24.9128    18.3661 -9.990e-29
 156.719016     -3.072  31.040839    14.2111    -1.6924     -3.046    24.9234    18.3750 -9.990e-29
 156.719022     -3.021  31.081224    14.2133    -1.6925     -2.996    24.9578    18.4010 -9.990e-29
 156.719028     -2.987  31.119126    14.2175    -1.6926     -2.962    24.9887    18.4239 -9.990e-29
 156.719034     -2.967  31.114962    14.2184    -1.6921     -2.942    24.9844    18.4205 -9.990e-29
 156.719039     -2.951  31.076069    14.2149    -1.6915     -2.926    24.9522    18.3964 -9.990e-29
 156.719045     -2.929  31.045773    14.2090    -1.6923     -2.905    24.9291    18.3798 -9.990e-29
 156.719051     -2.901  31.051433    14.2047    -1.6924     -2.877    24.9369    18.3866 -9.990e-29
 156.719057     -2.872  31.090531    14.2039    -1.6922     -2.848    24.9720    18.4138 -9.990e-29
 156.719063     -2.847  31.126757    14.2046    -1.6920     -2.823    25.0037    18.4380 -9.990e-29
 156.719068     -2.821  31.120535    14.2051    -1.6922     -2.797    24.9979    18.4334 -9.990e-29
 156.719074     -2.796  31.077015    14.2047    -1.6926     -2.773    24.9595    18.4040 -9.990e-29
 156.719080     -2.767  31.033354    14.2028    -1.6920     -2.744    24.9220    18.3755 -9.990e-29
 156.719086     -2.735  31.014203    14.2019    -1.6920     -2.712    24.9056    18.3631 -9.990e-29
 156.719091     -2.700  31.023713    14.2036    -1.6920     -2.677    24.9129    18.3684 -9.990e-29
 156.719097     -2.670  31.049385    14.2060    -1.6926     -2.648    24.9342    18.3842 -9.990e-29
 156.719103     -2.647  31.057722    14.2062    -1.6930     -2.625    24.9414    18.3898 -9.990e-29
 156.719109     -2.628  31.038581    14.2037    -1.6932     -2.606    24.9260    18.3785 -9.990e-29
 156.719115     -2.610  31.025232    14.2007    -1.6930     -2.588    24.9161    18.3714 -9.990e-29
 156.719120     -2.586  31.034599    14.1993    -1.6923     -2.564    24.9253    18.3788 -9.990e-29
 156.719126     -2.559  31.047277    14.1982    -1.6925     -2.538    24.9373    18.3882 -9.990e-29
 156.719132     -2.532  31.046592    14.1964    -1.6928     -2.511    24.9378    18.3889 -9.990e-29
 156.719138     -2.502  31.047880    14.1956    -1.6932     -2.481    24.9395    18.3903 -9.990e-29
 156.719144     -2.473  31.064068    14.1964    -1.6934     -2.452    24.9533    18.4008 -9.990e-29
 156.719149     -2.447  31.071968    14.1974    -1.6934     -2.427    24.9596    18.4055 -9.990e-29
 156.719155     -2.417  31.053575    14.1972    -1.6930     -2.397    24.9435    18.3931 -9.990e-29
 156.719161     -2.379  31.019088    14.1956    -1.6927     -2.359    24.9139    18.3707 -9.990e-29
 156.719167     -2.332  30.991392    14.1944    -1.6930     -2.313    24.8901    18.3526 -9.990e-29
 156.719172     -2.288  30.987874    14.1951    -1.6936     -2.269    24.8865    18.3497 -9.990e-29
 156.719178     -2.257  31.007214    14.1968    -1.6933     -2.238    24.9026    18.3617 -9.990e-29
 156.719184     -2.236  31.024828    14.1977    -1.6928     -2.217    24.9176    18.3731 -9.990e-29
 156.719190     -2.216  31.016632    14.1972    -1.6926     -2.198    24.9106    18.3679 -9.990e-29
 156.719196     -2.190  30.990744    14.1959    -1.6926     -2.172    24.8885    18.3511 -9.990e-29
 156.719201     -2.158  30.967524    14.1943    -1.6937     -2.140    24.8690    18.3364 -9.990e-29
 156.719207     -2.121  30.958009    14.1927    -1.6936     -2.103    24.8615    18.3310 -9.990e-29
 156.719213     -2.086  30.967438    14.1913    -1.6935     -2.069    24.8708    18.3384 -9.990e-29
 156.719219     -2.055  30.988805    14.1905    -1.6934     -2.038    24.8902    18.3535 -9.990e-29
 156.719225     -2.026  31.001349    14.1910    -1.6930     -2.009    24.9010    18.3617 -9.990e-29
 156.719230     -1.997  30.991577    14.1926    -1.6928     -1.980    24.8913    18.3539 -9.990e-29
 156.719236     -1.966  30.976144    14.1941    -1.6935     -1.950    24.8767    18.3423 -9.990e-29
 156.719242     -1.936  30.980390    14.1949    -1.6935     -1.920    24.8799    18.3447 -9.990e-29
 156.719248     -1.913  30.999910    14.1954    -1.6936     -1.897    24.8969    18.3576 -9.990e-29
 156.719253     -1.901  31.010922    14.1955    -1.6935     -1.885    24.9066    18.3651 -9.990e-29
 156.719259     -1.893  30.993416    14.1951    -1.6934     -1.877    24.8913    18.3534 -9.990e-29
 156.719265     -1.881  30.958210    14.1942    -1.6931     -1.865    24.8607    18.3300 -9.990e-29
 156.719271     -1.859  30.940108    14.1933    -1.6935     -1.843    24.8452    18.3183 -9.990e-29
 156.719277     -1.832  30.945217    14.1931    -1.6936     -1.817    24.8499    18.3219 -9.990e-29
 156.719282     -1.804  30.961329    14.1938    -1.6935     -1.789    24.8637    18.3324 -9.990e-29
 156.719288     -1.780  30.978590    14.1945    -1.6933     -1.765    24.8785    18.3437 -9.990e-29
 156.719294     -1.758  30.978602    14.1943    -1.6933     -1.743    24.8787    18.3438 -9.990e-29
 156.719300     -1.731  30.959716    14.1930    -1.6935     -1.717    24.8627    18.3318 -9.990e-29
 156.719306     -1.695  30.944906    14.1919    -1.6935     -1.681    24.8503    18.3225 -9.990e-29
 156.719311     -1.654  30.945229    14.1916    -1.6935     -1.640    24.8508    18.3229 -9.990e-29
 156.719317     -1.620  30.954969    14.1918    -1.6934     -1.606    24.8593    18.3294 -9.990e-29
 156.719323     -1.594  30.967533    14.1920    -1.6935     -1.581    24.8703    18.3378 -9.990e-29
 156.719329     -1.575  30.971696    14.1918    -1.6936     -1.562    24.8741    18.3408 -9.990e-29
 156.719334     -1.562  30.962945    14.1914    -1.6935     -1.549    24.8666    18.3351 -9.990e-29
 156.719340     -1.554  30.956495    14.1914    -1.6934     -1.541    24.8609    18.3307 -9.990e-29
 156.719346     -1.549  30.961113    14.1917    -1.6932     -1.536    24.8648    18.3337 -9.990e-29
 156.719352     -1.549  30.967295    14.1919    -1.6937     -1.536    24.8701    18.3377 -9.990e-29
 156.719358     -1.549  30.965942    14.1911    -1.6938     -1.536    24.8694    18.3374 -9.990e-29
 156.719363     -1.540  30.959184    14.1898    -1.6938     -1.527    24.8643    18.3336 -9.990e-29
 156.719369     -1.521  30.957616    14.1892    -1.6937     -1.508    24.8633    18.3330 -9.990e-29
 156.719375     -1.501  30.963079    14.1886    -1.6934     -1.488    24.8685    18.3371 -9.990e-29
 156.719381     -1.481  30.966636    14.1873    -1.6935     -1.469    24.8725    18.3404 -9.990e-29
 156.719387     -1.461  30.965765    14.1862    -1.6936     -1.449    24.8724    18.3406 -9.990e-29
 156.719392     -1.439  30.967715    14.1863    -1.6937     -1.427    24.8740    18.3418 -9.990e-29
 156.719398     -1.419  30.975098    14.1870    -1.6936     -1.407    24.8801    18.3464 -9.990e-29
 156.719404     -1.403  30.980418    14.1873    11.0165     -1.391    24.8847    18.3498 -9.990e-29
 156.719410     -1.385  30.974547    14.1875    13.8133     -1.373    24.8793    18.3457 -9.990e-29
 156.719416     -1.362  30.959186    14.1876    13.9322     -1.351    24.8656    18.3351 -9.990e-29
 156.719421     -1.334  30.948015    14.1878    11.6339     -1.323    24.8556    18.3274 -9.990e-29
 156.719427     -1.310  30.947985    14.1892     6.8749     -1.299    24.8547    18.3264 -9.990e-29
 156.719433     -1.292  30.955712    14.1915     6.9899     -1.281    24.8600    18.3301 -9.990e-29
 156.719439     -1.279  30.961918    14.1934     7.1382     -1.268    24.8643    18.3330 -9.990e-29
 156.719444     -1.265  30.957535    14.1943     7.1856     -1.254    24.8598    18.3294 -9.990e-29
 156.719450     -1.246  30.947372    14.1949     7.1821     -1.236    24.8504    18.3220 -9.990e-29
 156.719456     -1.224  30.940843    14.1955     7.1581     -1.214    24.8443    18.3172 -9.990e-29
 156.719462     -1.203  30.937651    14.1962     7.1460     -1.193    24.8410    18.3145 -9.990e-29
 156.719468     -1.185  30.934114    14.1966     7.1333     -1.175    24.8376    18.3118 -9.990e-29
 156.719473     -1.174  30.929447    14.1966     7.1270     -1.164    24.8334    18.3086 -9.990e-29
 156.719479     -1.165  30.925838    14.1963     7.1202     -1.155    24.8304    18.3064 -9.990e-29
 156.719485     -1.152  30.925764    14.1956     7.1109     -1.142    24.8308    18.3068 -9.990e-29
 156.719491     -1.134  30.927462    14.1946     7.1028     -1.125    24.8329    18.3086 -9.990e-29
 156.719497     -1.112  30.928729    14.1937     7.0918     -1.103    24.8346    18.3101 -9.990e-29
 156.719502     -1.087  30.930150    14.1935     7.0854     -1.078    24.8360    18.3112 -9.990e-29
 156.719508     -1.067  30.931952    14.1942     7.0772     -1.058    24.8372    18.3120 -9.990e-29
 156.719514     -1.055  30.932632    14.1951     7.0777     -1.046    24.8372    18.3118 -9.990e-29
 156.719520     -1.050  30.932551    14.1959     7.0759     -1.041    24.8366    18.3112 -9.990e-29
 156.719525     -1.046  30.933292    14.1966     7.0800     -1.037    24.8368    18.3112 -9.990e-29
 156.719531     -1.036  30.934177    14.1971     7.0797     -1.027    24.8373    18.3115 -9.990e-29
 156.719537     -1.019  30.935279    14.1975     7.0828     -1.010    24.8380    18.3119 -9.990e-29
 156.719543     -1.003  30.936964    14.1978     7.0700     -0.995    24.8393    18.3129 -9.990e-29
 156.719549     -0.989  30.937571    14.1981     7.0718     -0.981    24.8396    18.3131 -9.990e-29
 156.719554     -0.979  30.937365    14.1984     7.0779     -0.971    24.8392    18.3127 -9.990e-29
 156.719560     -0.966  30.937763    14.1979     7.0851     -0.958    24.8399    18.3134 -9.990e-29
 156.719566     -0.946  30.938190    14.1961     7.0841     -0.938    24.8414    18.3149 -9.990e-29
 156.719572     -0.922  30.938108    14.1940     7.0664     -0.914    24.8427    18.3163 -9.990e-29
 156.719578     -0.900  30.937980    14.1931     7.0479     -0.892    24.8432    18.3168 -9.990e-29
 156.719583     -0.888  30.938209    14.1940     7.0376     -0.881    24.8428    18.3163 -9.990e-29
 156.719589     -0.889  30.938551    14.1956     7.0413     -0.882    24.8421    18.3155 -9.990e-29
 156.719595     -0.899  30.938916    14.1964     7.0297     -0.891    24.8419    18.3152 -9.990e-29
 156.719601     -0.907  30.939245    14.1965     7.0386     -0.899    24.8421    18.3153 -9.990e-29
 156.719606     -0.903  30.939431    14.1970     7.0432     -0.895    24.8419    18.3151 -9.990e-29
 156.719612     -0.892  30.939735    14.1978     7.0469     -0.885    24.8417    18.3148 -9.990e-29
 156.719618     -0.877  30.940016    14.1983     7.0523     -0.870    24.8416    18.3146 -9.990e-29
 156.719624     -0.863  30.940101    14.1988     7.0558     -0.856    24.8414    18.3143 -9.990e-29
 156.719630     -0.852  30.940115    14.1996     7.0689     -0.845    24.8409    18.3138 -9.990e-29
 156.719635     -0.843  30.940089    14.2003     7.0715     -0.836    24.8404    18.3133 -9.990e-29
 156.719641     -0.836  30.939993    14.2008     7.0769     -0.829    24.8400    18.3129 -9.990e-29
 156.719647     -0.826  30.939698    14.2007     7.0735     -0.819    24.8398    18.3127 -9.990e-29
 156.719653     -0.809  30.939362    14.1997     7.0627     -0.802    24.8401    18.3132 -9.990e-29
 156.719659     -0.783  30.939090    14.1981     7.0474     -0.776    24.8409    18.3141 -9.990e-29
 156.719664     -0.755  30.939069    14.1978     7.0296     -0.749    24.8411    18.3143 -9.990e-29
 156.719670     -0.741  30.939821    14.1993     7.0348     -0.735    24.8408    18.3137 -9.990e-29
 156.719676     -0.743  30.940660    14.2014     7.0541     -0.737    24.8402    18.3129 -9.990e-29
 156.719682     -0.754  30.941015    14.2029     7.0703     -0.748    24.8395    18.3121 -9.990e-29
 156.719687     -0.765  30.941351    14.2030     7.0755     -0.759    24.8397    18.3123 -9.990e-29
 156.719693     -0.769  30.941546    14.2022     7.0637     -0.763    24.8404    18.3129 -9.990e-29
 156.719699     -0.762  30.941292    14.2014     7.0374     -0.756    24.8407    18.3133 -9.990e-29
 156.719705     -0.748  30.940802    14.2010     7.0315     -0.742    24.8405    18.3133 -9.990e-29
 156.719711     -0.738  30.940531    14.2009     7.0456     -0.732    24.8404    18.3131 -9.990e-29
 156.719716     -0.740  30.940668    14.2008     7.0676     -0.734    24.8405    18.3133 -9.990e-29
 156.719722     -0.746  30.940826    14.1995     7.0713     -0.740    24.8415    18.3143 -9.990e-29
 156.719728     -0.744  30.940647    14.1975     7.0482     -0.738    24.8426    18.3155 -9.990e-29
 156.719734     -0.728  30.940445    14.1963     7.0243     -0.722    24.8432    18.3162 -9.990e-29
 156.719740     -0.704  30.940502    14.1963     7.0054     -0.698    24.8433    18.3163 -9.990e-29
 156.719745     -0.680  30.940882    14.1972     7.0176     -0.674    24.8430    18.3159 -9.990e-29
 156.719751     -0.666  30.941524    14.1979     7.0434     -0.660    24.8431    18.3159 -9.990e-29
 156.719757     -0.650  30.941594    14.1973     7.0488     -0.645    24.8436    18.3163 -9.990e-29
 156.719763     -0.625  30.940617    14.1951     7.0462     -0.620    24.8441    18.3171 -9.990e-29
 156.719769     -0.591  30.939521    14.1923     7.0400     -0.586    24.8449    18.3183 -9.990e-29
 156.719774     -0.557  30.939073    14.1913     7.0352     -0.552    24.8452    18.3187 -9.990e-29
 156.719780     -0.527  30.939226    14.1927     7.0365     -0.523    24.8444    18.3178 -9.990e-29
 156.719786     -0.506  30.939612    14.1947     7.0453     -0.502    24.8435    18.3167 -9.990e-29
 156.719792     -0.490  30.939056    14.1957     7.0530     -0.486    24.8423    18.3156 -9.990e-29
 156.719797     -0.475  30.935131    14.1957     7.0607     -0.471    24.8388    18.3130 -9.990e-29
 156.719803     -0.456  30.922594    14.1959     7.0731     -0.452    24.8276    18.3043 -9.990e-29
 156.719809     -0.436  30.901513    14.1965     7.0857     -0.432    24.8085    18.2895 -9.990e-29
 156.719815     -0.418  30.895271    14.1969     7.0891     -0.415    24.8027    18.2850 -9.990e-29
 156.719821     -0.400  30.914567    14.1971     7.0729     -0.397    24.8197    18.2980 -9.990e-29
 156.719826     -0.382  30.933061    14.1971     7.0634     -0.379    24.8361    18.3106 -9.990e-29
 156.719832     -0.362  30.939015    14.1967     7.0697     -0.359    24.8416    18.3149 -9.990e-29
