data/oxygen options/OCNMS/OCNMS1/raw_data/2010/CAST_CE042_101310faed.cnv
* Sea-Bird SBE19 Data File:
* FileName = C:\Documents and Settings\OCNMS\Desktop\2010 mooring data\fourth service\CAST_CE042_101310.hex
* Software Version 1.24
* Temperature SN = 2997
* Conductivity SN = 2997
* System UpLoad Time = Oct 13 2010 13:55:12
** CAST_CE042_101310
* SEACAT PROFILER V3.1c SN 2997   10/13/10  13:53:44.135
# nquan = 9                                 
# nvalues = 856                         
# units = specified
# name 0 = timeJ: Julian Days
# name 1 = prSM: Pressure, Strain Gauge [db]
# name 2 = c0mS/cm: Conductivity [mS/cm]
# name 3 = t090C: Temperature [ITS-90, deg C]
# name 4 = sbeox0ML/L: Oxygen, SBE 43 [ml/l]
# name 5 = depSM: Depth [salt water, m], lat = 47.5
# name 6 = sal00: Salinity, Practical [PSU]
# name 7 = sigma-é00: Density [sigma-theta, kg/m^3]
# name 8 = flag: flag
# span 0 = 286.476701, 286.481649       
# span 1 =     -4.649,     45.640       
# span 2 =   0.137567,  38.267746       
# span 3 =     8.4407,    13.8603       
# span 4 =    -2.0179,    12.7545       
# span 5 =     -4.610,     45.254       
# span 6 =     0.0854,    33.2914       
# span 7 =    -0.5846,    25.8599       
# span 8 = 0.0000e+00, 0.0000e+00       
# interval = seconds: 0.5
# start_time = Oct 13 2010 11:26:27 [Instrument's time stamp, header]
# bad_flag = -9.990e-29
*END*
 286.476701     -4.649 -9.990e-29    13.2337    -2.0136     -4.610 -9.990e-29 -9.990e-29 -9.990e-29
 286.476707     -4.629   0.137567    13.2345    -2.0137     -4.590     0.0854    -0.5846 -9.990e-29
 286.476713     -4.608   0.138019    13.2343    -2.0137     -4.570     0.0857    -0.5844 -9.990e-29
 286.476719     -4.592   0.138083    13.2332    -2.0137     -4.554     0.0857    -0.5842 -9.990e-29
 286.476725     -4.580   0.137844    13.2319    -2.0135     -4.542     0.0856    -0.5842 -9.990e-29
 286.476730     -4.564   0.137905    13.2312    -2.0137     -4.526     0.0856    -0.5840 -9.990e-29
 286.476736     -4.542   0.138350    13.2322    -2.0139     -4.504     0.0859    -0.5840 -9.990e-29
 286.476742     -4.522   0.139032    13.2348    -2.0141     -4.484     0.0863    -0.5840 -9.990e-29
 286.476748     -4.502   0.139755    13.2364    -2.0144     -4.464     0.0867    -0.5838 -9.990e-29
 286.476753     -4.477   0.140192    13.2360    -2.0149     -4.440     0.0870    -0.5836 -9.990e-29
 286.476759     -4.449   0.140373    13.2349    -2.0156     -4.412     0.0871    -0.5834 -9.990e-29
 286.476765     -4.421   0.140540    13.2342    -2.0162     -4.384     0.0872    -0.5832 -9.990e-29
 286.476771     -4.391   0.140917    13.2341    -2.0166     -4.354     0.0874    -0.5830 -9.990e-29
 286.476777     -4.357   0.141456    13.2342    -2.0168     -4.321     0.0878    -0.5827 -9.990e-29
 286.476782     -4.317   0.141769    13.2329    -2.0167     -4.281     0.0880    -0.5824 -9.990e-29
 286.476788     -4.274   0.141720    13.2295    -2.0166     -4.238     0.0879    -0.5820 -9.990e-29
 286.476794     -4.231   0.141245    13.2238    -2.0166     -4.196     0.0877    -0.5815 -9.990e-29
 286.476800     -4.192   0.140266    13.2157    -2.0168     -4.157     0.0871    -0.5809 -9.990e-29
 286.476806     -4.149   0.139141    13.2055    -2.0178     -4.114     0.0864    -0.5801 -9.990e-29
 286.476811     -4.096   0.138588    13.1942    -2.0178     -4.062     0.0861    -0.5789 -9.990e-29
 286.476817     -4.037   0.138979    13.1833    -2.0178     -4.003     0.0863    -0.5773 -9.990e-29
 286.476823     -3.982   0.139732    13.1749    -2.0179     -3.949     0.0868    -0.5758 -9.990e-29
 286.476829     -3.932   0.140188    13.1702    -2.0179     -3.899     0.0871    -0.5750 -9.990e-29
 286.476834     -3.883   0.140403    13.1692    -1.8507     -3.851     0.0872    -0.5747 -9.990e-29
 286.476840     -3.832   0.140663    13.1695    -1.6656     -3.800     0.0874    -0.5746 -9.990e-29
 286.476846     -3.780   0.141317    13.1679    -1.6597     -3.748     0.0878    -0.5741 -9.990e-29
 286.476852     -3.732   0.143240    13.1619    -1.6986     -3.701     0.0890    -0.5724 -9.990e-29
 286.476858     -3.690   0.150103    13.1536    -1.6598     -3.659     0.0932    -0.5680 -9.990e-29
 286.476863     -3.652   0.172168    13.1491    -1.6580     -3.622     0.1069    -0.5568 -9.990e-29
 286.476869     -3.613   0.237751    13.1507    -1.6579     -3.583     0.1479    -0.5251 -9.990e-29
 286.476875     -3.574   0.432633    13.1612    -1.6578     -3.544     0.2725    -0.4293 -9.990e-29
 286.476881     -3.529   1.014995    13.1955    -1.6579     -3.500     0.6593    -0.1329 -9.990e-29
 286.476887     -3.478   2.760770    13.3008    -1.6578     -3.449     1.8818     0.8010 -9.990e-29
 286.476892     -3.416   7.999321    13.4886    -1.6577     -3.388     5.8187     3.8132 -9.990e-29
 286.476898     -3.339  17.804180    13.6699    -1.6579     -3.311    13.7494     9.8836 -9.990e-29
 286.476904     -3.248  27.475207    13.7759    -1.6580     -3.221    22.0356    16.2353 -9.990e-29
 286.476910     -3.149  32.104218    13.8226    -1.6582     -3.123    26.1299    19.3785 -9.990e-29
 286.476916     -3.048  33.352714    13.8407    -1.6580     -3.023    27.2432    20.2328 -9.990e-29
 286.476921     -2.944  34.387372    13.8468    -1.6585     -2.919    28.1761    20.9507 -9.990e-29
 286.476927     -2.834  35.238203    13.8473    -1.6587     -2.810    28.9496    21.5470 -9.990e-29
 286.476933     -2.724  35.550624    13.8464    -1.6586     -2.701    29.2352    21.7674 -9.990e-29
 286.476939     -2.625  35.663932    13.8468    -1.6581     -2.603    29.3382    21.8468 -9.990e-29
 286.476944     -2.542  35.707960    13.8479    -1.6580     -2.521    29.3776    21.8770 -9.990e-29
 286.476950     -2.474  35.722971    13.8478    -1.6585     -2.453    29.3913    21.8876 -9.990e-29
 286.476956     -2.418  35.723983    13.8455    -1.6588     -2.398    29.3940    21.8901 -9.990e-29
 286.476962     -2.370  35.718557    13.8410    -1.6590     -2.350    29.3925    21.8898 -9.990e-29
 286.476968     -2.327  35.713507    13.8334    -1.6589     -2.308    29.3936    21.8922 -9.990e-29
 286.476973     -2.285  35.715031    13.8237    -1.6588     -2.266    29.4024    21.9009 -9.990e-29
 286.476979     -2.244  35.723524    13.8173    -1.6595     -2.225    29.4151    21.9120 -9.990e-29
 286.476985     -2.203  35.732990    13.8179    -1.6589     -2.185    29.4233    21.9182 -9.990e-29
 286.476991     -2.169  35.740407    13.8222    -1.6597     -2.151    29.4267    21.9200 -9.990e-29
 286.476997     -2.144  35.745627    13.8227    -1.6655     -2.126    29.4311    21.9233 -9.990e-29
 286.477002     -2.123  35.747252    13.8170    -1.6620     -2.105    29.4370    21.9289 -9.990e-29
 286.477008     -2.099  35.745816    13.8096    -1.6631     -2.081    29.4413    21.9337 -9.990e-29
 286.477014     -2.072  35.742810    13.8055    -1.6615     -2.055    29.4417    21.9348 -9.990e-29
 286.477020     -2.038  35.739874    13.8068    -1.6610     -2.021    29.4380    21.9317 -9.990e-29
 286.477025     -2.002  35.736500    13.8124    -1.6602     -1.985    29.4306    21.9249 -9.990e-29
 286.477031     -1.964  35.724871    13.8186    -1.6604     -1.948    29.4152    21.9118 -9.990e-29
 286.477037     -1.926  35.694010    13.8230    -1.6619     -1.910    29.3836    21.8866 -9.990e-29
 286.477043     -1.891  35.650434    13.8257    -1.6613     -1.875    29.3418    21.8538 -9.990e-29
 286.477049     -1.856  35.589866    13.8272    -1.6605     -1.841    29.2853    21.8099 -9.990e-29
 286.477054     -1.822  35.455125    13.8279    -1.6590     -1.807    29.1618    21.7145 -9.990e-29
 286.477060     -1.793  35.310273    13.8283    -1.6589     -1.778    29.0293    21.6122 -9.990e-29
 286.477066     -1.767  35.279274    13.8271    -1.6603     -1.752    29.0019    21.5914 -9.990e-29
 286.477072     -1.741  35.318607    13.8227    -1.6594     -1.726    29.0411    21.6225 -9.990e-29
 286.477078     -1.714  35.381616    13.8173    -1.6592     -1.700    29.1027    21.6710 -9.990e-29
 286.477083     -1.688  35.459370    13.8138    -1.6589     -1.674    29.1763    21.7285 -9.990e-29
 286.477089     -1.671  35.512184    13.8124    -1.6591     -1.657    29.2256    21.7668 -9.990e-29
 286.477095     -1.662  35.513608    13.8132    -1.6593     -1.648    29.2263    21.7671 -9.990e-29
 286.477101     -1.651  35.491354    13.8162    -1.6589     -1.637    29.2037    21.7491 -9.990e-29
 286.477106     -1.633  35.504864    13.8197    -1.6590     -1.619    29.2133    21.7559 -9.990e-29
 286.477112     -1.611  35.560995    13.8221    -1.6590     -1.598    29.2627    21.7935 -9.990e-29
 286.477118     -1.594  35.619797    13.8240    -1.6588     -1.581    29.3150    21.8334 -9.990e-29
 286.477124     -1.583  35.634798    13.8276    -1.6586     -1.570    29.3259    21.8412 -9.990e-29
 286.477130     -1.574  35.618764    13.8329    -1.6584     -1.561    29.3072    21.8257 -9.990e-29
 286.477135     -1.558  35.618144    13.8386    -1.6587     -1.545    29.3023    21.8208 -9.990e-29
 286.477141     -1.534  35.628796    13.8426    -1.6591     -1.521    29.3090    21.8251 -9.990e-29
 286.477147     -1.508  35.630799    13.8444    -1.6589     -1.495    29.3094    21.8251 -9.990e-29
 286.477153     -1.483  35.623509    13.8453    -1.6588     -1.471    29.3021    21.8193 -9.990e-29
 286.477159     -1.459  35.619661    13.8461    -1.6583     -1.447    29.2979    21.8159 -9.990e-29
 286.477164     -1.433  35.625373    13.8467    -1.6589     -1.421    29.3027    21.8195 -9.990e-29
 286.477170     -1.403  35.629820    13.8471    -1.6589     -1.391    29.3064    21.8223 -9.990e-29
 286.477176     -1.372  35.634498    13.8477    -1.6587     -1.361    29.3102    21.8251 -9.990e-29
 286.477182     -1.347  35.646248    13.8480    -1.6587     -1.336    29.3207    21.8331 -9.990e-29
 286.477188     -1.330  35.659496    13.8479    -1.6584     -1.319    29.3329    21.8425 -9.990e-29
 286.477193     -1.321  35.663944    13.8479    -1.6587     -1.310    29.3369    21.8457 -9.990e-29
 286.477199     -1.313  35.652681    13.8479    10.0541     -1.302    29.3267    21.8377 -9.990e-29
 286.477205     -1.299  35.638186    13.8480    12.6490     -1.288    29.3133    21.8274 -9.990e-29
 286.477211     -1.278  35.638150    13.8485    12.7545     -1.267    29.3129    21.8270 -9.990e-29
 286.477216     -1.256  35.650892    13.8493    10.6861     -1.246    29.3239    21.8353 -9.990e-29
 286.477222     -1.236  35.657595    13.8500     6.3663     -1.226    29.3295    21.8395 -9.990e-29
 286.477228     -1.218  35.648756    13.8509     6.5799     -1.208    29.3208    21.8326 -9.990e-29
 286.477234     -1.199  35.642323    13.8518     6.7976     -1.189    29.3142    21.8273 -9.990e-29
 286.477240     -1.180  35.646012    13.8524     6.8721     -1.170    29.3171    21.8295 -9.990e-29
 286.477245     -1.158  35.653582    13.8528     6.8691     -1.148    29.3237    21.8345 -9.990e-29
 286.477251     -1.132  35.663411    13.8530     6.8467     -1.123    29.3325    21.8412 -9.990e-29
 286.477257     -1.106  35.681368    13.8534     6.8232     -1.097    29.3486    21.8535 -9.990e-29
 286.477263     -1.085  35.710154    13.8542     6.7979     -1.076    29.3742    21.8732 -9.990e-29
 286.477269     -1.072  35.731617    13.8553     6.7717     -1.063    29.3930    21.8874 -9.990e-29
 286.477274     -1.064  35.739689    13.8565     6.7470     -1.055    29.3994    21.8921 -9.990e-29
 286.477280     -1.050  35.742378    13.8574     6.7328     -1.041    29.4012    21.8933 -9.990e-29
 286.477286     -1.030  35.741634    13.8580     6.7271     -1.021    29.4000    21.8923 -9.990e-29
 286.477292     -1.010  35.740994    13.8586     6.7301     -1.002    29.3990    21.8914 -9.990e-29
 286.477297     -0.995  35.742451    13.8589     6.7376     -0.987    29.4001    21.8922 -9.990e-29
 286.477303     -0.983  35.743512    13.8587     6.7341     -0.975    29.4012    21.8931 -9.990e-29
 286.477309     -0.968  35.742276    13.8580     6.7306     -0.960    29.4006    21.8928 -9.990e-29
 286.477315     -0.947  35.738264    13.8571     6.7272     -0.939    29.3976    21.8906 -9.990e-29
 286.477321     -0.925  35.733452    13.8568     6.7387     -0.917    29.3935    21.8875 -9.990e-29
 286.477326     -0.911  35.730434    13.8571     6.7398     -0.903    29.3905    21.8851 -9.990e-29
 286.477332     -0.903  35.728591    13.8576     6.7430     -0.895    29.3884    21.8834 -9.990e-29
 286.477338     -0.901  35.729995    13.8578     6.7501     -0.893    29.3895    21.8843 -9.990e-29
 286.477344     -0.899  35.734882    13.8578     6.7512     -0.891    29.3940    21.8877 -9.990e-29
 286.477350     -0.895  35.737490    13.8577     6.7572     -0.888    29.3964    21.8896 -9.990e-29
 286.477355     -0.888  35.736864    13.8576     6.7662     -0.881    29.3959    21.8892 -9.990e-29
 286.477361     -0.877  35.736135    13.8573     6.7628     -0.870    29.3955    21.8890 -9.990e-29
 286.477367     -0.861  35.735498    13.8562     6.7650     -0.854    29.3958    21.8894 -9.990e-29
 286.477373     -0.840  35.734150    13.8536     6.7675     -0.833    29.3965    21.8905 -9.990e-29
 286.477378     -0.813  35.732019    13.8492     6.7573     -0.806    29.3979    21.8924 -9.990e-29
 286.477384     -0.781  35.729671    13.8453     6.7615     -0.774    29.3987    21.8939 -9.990e-29
 286.477390     -0.751  35.729063    13.8444     6.7654     -0.745    29.3989    21.8941 -9.990e-29
 286.477396     -0.726  35.730547    13.8452     6.7597     -0.720    29.3996    21.8945 -9.990e-29
 286.477402     -0.704  35.731666    13.8457     6.7721     -0.698    29.4002    21.8949 -9.990e-29
 286.477407     -0.683  35.731718    13.8456     6.7839     -0.677    29.4004    21.8950 -9.990e-29
 286.477413     -0.663  35.731377    13.8453     6.7850     -0.657    29.4003    21.8950 -9.990e-29
 286.477419     -0.646  35.730797    13.8451     6.7842     -0.641    29.3999    21.8948 -9.990e-29
 286.477425     -0.636  35.730922    13.8453     6.7706     -0.631    29.3998    21.8947 -9.990e-29
 286.477431     -0.627  35.731937    13.8451     6.7583     -0.622    29.4009    21.8956 -9.990e-29
 286.477436     -0.615  35.732961    13.8436     6.7693     -0.610    29.4030    21.8975 -9.990e-29
 286.477442     -0.599  35.733671    13.8414     6.7725     -0.594    29.4053    21.8997 -9.990e-29
 286.477448     -0.578  35.734442    13.8395     6.7766     -0.573    29.4075    21.9017 -9.990e-29
 286.477454     -0.555  35.735164    13.8375     6.7783     -0.550    29.4097    21.9038 -9.990e-29
 286.477459     -0.537  35.735101    13.8352     6.7750     -0.533    29.4113    21.9056 -9.990e-29
 286.477465     -0.527  35.734711    13.8348     6.7806     -0.523    29.4113    21.9056 -9.990e-29
 286.477471     -0.521  35.735139    13.8371     6.7746     -0.517    29.4099    21.9041 -9.990e-29
 286.477477     -0.509  35.736377    13.8400     6.7793     -0.505    29.4088    21.9027 -9.990e-29
 286.477483     -0.490  35.737259    13.8416     6.7796     -0.486    29.4084    21.9020 -9.990e-29
 286.477488     -0.472  35.737265    13.8419     6.7847     -0.468    29.4082    21.9018 -9.990e-29
 286.477494     -0.458  35.737505    13.8402     6.7874     -0.454    29.4097    21.9033 -9.990e-29
 286.477500     -0.444  35.738844    13.8346     6.7846     -0.440    29.4152    21.9087 -9.990e-29
 286.477506     -0.423  35.741371    13.8260     6.7829     -0.419    29.4241    21.9172 -9.990e-29
 286.477512     -0.398  35.744518    13.8200     6.7741     -0.395    29.4315    21.9242 -9.990e-29
 286.477517     -0.377  35.745738    13.8198     6.7864     -0.374    29.4328    21.9252 -9.990e-29
 286.477523     -0.363  35.744399    13.8229     6.7835     -0.360    29.4292    21.9218 -9.990e-29
 286.477529     -0.350  35.743179    13.8248     6.7958     -0.347    29.4266    21.9194 -9.990e-29
 286.477535     -0.334  35.743238    13.8247     6.7968     -0.331    29.4267    21.9195 -9.990e-29
 286.477541     -0.313  35.744078    13.8243     6.7924     -0.310    29.4278    21.9204 -9.990e-29
 286.477546     -0.290  35.745121    13.8246     6.7800     -0.288    29.4285    21.9209 -9.990e-29
 286.477552     -0.272  35.745502    13.8259     6.7731     -0.270    29.4279    21.9202 -9.990e-29
 286.477558     -0.263  35.745151    13.8269     6.7610     -0.261    29.4268    21.9191 -9.990e-29
 286.477564     -0.257  35.744703    13.8260     6.7669     -0.255    29.4271    21.9195 -9.990e-29
 286.477569     -0.247  35.744663    13.8231     6.7542     -0.245    29.4292    21.9218 -9.990e-29
 286.477575     -0.230  35.744403    13.8204     6.7590     -0.228    29.4311    21.9237 -9.990e-29
 286.477581     -0.218  35.743561    13.8212     6.7580     -0.216    29.4297    21.9225 -9.990e-29
 286.477587     -0.221  35.742675    13.8255     6.7643     -0.219    29.4256    21.9185 -9.990e-29
 286.477593     -0.229  35.741668    13.8299     6.7776     -0.227    29.4213    21.9143 -9.990e-29
 286.477598     -0.229  35.741420    13.8324     6.7903     -0.227    29.4192    21.9122 -9.990e-29
 286.477604     -0.218  35.741587    13.8332     6.7939     -0.216    29.4187    21.9116 -9.990e-29
 286.477610     -0.200  35.740695    13.8334     6.7965     -0.198    29.4177    21.9109 -9.990e-29
 286.477616     -0.181  35.739219    13.8339     6.7867     -0.179    29.4160    21.9094 -9.990e-29
 286.477622     -0.165  35.739093    13.8347     6.7752     -0.164    29.4152    21.9087 -9.990e-29
