data/oxygen options/OCNMS/OCNMS1/raw_data/2010/CAST_TH042_091610faed.cnv
* Sea-Bird SBE19 Data File:
* FileName = C:\Documents and Settings\OCNMS\Desktop\2010 mooring data\third service\CAST_TH042_091610.hex
* Software Version 1.24
* Temperature SN = 2997
* Conductivity SN = 2997
* System UpLoad Time = Sep 16 2010 16:51:28
** CAST_TH042_091610
* SEACAT PROFILER V3.1c SN 2997   09/16/10  16:49:49.474
# nquan = 9                                 
# nvalues = 802                         
# units = specified
# name 0 = timeJ: Julian Days
# name 1 = prSM: Pressure, Strain Gauge [db]
# name 2 = c0mS/cm: Conductivity [mS/cm]
# name 3 = t090C: Temperature [ITS-90, deg C]
# name 4 = sbeox0ML/L: Oxygen, SBE 43 [ml/l]
# name 5 = depSM: Depth [salt water, m], lat = 47.5
# name 6 = sal00: Salinity, Practical [PSU]
# name 7 = sigma-é00: Density [sigma-theta, kg/m^3]
# name 8 = flag: flag
# span 0 = 259.630741, 259.635376       
# span 1 =     -5.389,     43.287       
# span 2 =   0.000951,  37.869308       
# span 3 =     7.8310,    13.3386       
# span 4 =    -2.0118,    16.2582       
# span 5 =     -5.344,     42.921       
# span 6 =     0.0070,    33.4756       
# span 7 =    -0.6592,    26.1016       
# span 8 = 0.0000e+00, 0.0000e+00       
# interval = seconds: 0.5
# start_time = Sep 16 2010 15:08:16 [Instrument's time stamp, header]
# bad_flag = -9.990e-29
*END*
[from data line 161]
 259.631672     -0.488  37.756573    12.5927     8.1812     -0.484    32.3046    24.3845 -9.990e-29
 259.631678     -0.481  37.753605    12.5914     8.1862     -0.477    32.3029    24.3834 -9.990e-29
 259.631684     -0.479  37.753085    12.5892     8.1883     -0.475    32.3043    24.3849 -9.990e-29
 259.631690     -0.481  37.750395    12.5828     8.1893     -0.477    32.3072    24.3884 -9.990e-29
 259.631696     -0.484  37.742507    12.5724     8.1906     -0.480    32.3086    24.3915 -9.990e-29
 259.631701     -0.478  37.731234    12.5630     8.1983     -0.474    32.3060    24.3912 -9.990e-29
 259.631707     -0.465  37.724518    12.5582     8.2026     -0.461    32.3037    24.3904 -9.990e-29
 259.631713     -0.450  37.725730    12.5561     8.1963     -0.446    32.3066    24.3930 -9.990e-29
 259.631719     -0.438  37.727516    12.5542     8.2119     -0.434    32.3100    24.3960 -9.990e-29
 259.631725     -0.428  37.727768    12.5532     8.2124     -0.424    32.3111    24.3970 -9.990e-29
 259.631730     -0.420  37.729064    12.5541     8.2062     -0.416    32.3115    24.3972 -9.990e-29
 259.631736     -0.412  37.730887    12.5567     8.2345     -0.409    32.3110    24.3963 -9.990e-29
 259.631742     -0.404  37.733987    12.5610     8.2334     -0.401    32.3103    24.3949 -9.990e-29
 259.631748     -0.396  37.740814    12.5667     8.2161     -0.393    32.3119    24.3951 -9.990e-29
 259.631753     -0.387  37.749259    12.5709     8.2085     -0.384    32.3163    24.3977 -9.990e-29
 259.631759     -0.377  37.751530    12.5717     8.2079     -0.374    32.3178    24.3987 -9.990e-29
 259.631765     -0.365  37.748410    12.5721     8.2144     -0.362    32.3145    24.3961 -9.990e-29
 259.631771     -0.350  37.748069    12.5746     8.2172     -0.347    32.3120    24.3937 -9.990e-29
 259.631777     -0.332  37.751730    12.5793     8.2275     -0.329    32.3114    24.3923 -9.990e-29
 259.631782     -0.309  37.756989    12.5853     8.2245     -0.306    32.3113    24.3911 -9.990e-29
 259.631788     -0.283  37.761887    12.5902     8.2190     -0.281    32.3117    24.3905 -9.990e-29
 259.631794     -0.263  37.764549    12.5921     8.2233     -0.261    32.3126    24.3908 -9.990e-29
 259.631800     -0.250  37.764040    12.5913     8.2079     -0.248    32.3128    24.3911 -9.990e-29
 259.631806     -0.245  37.761922    12.5901     8.2014     -0.243    32.3118    24.3906 -9.990e-29
 259.631811     -0.246  37.760975    12.5895     8.2079     -0.244    32.3115    24.3904 -9.990e-29
 259.631817     -0.250  37.760492    12.5878     8.2082     -0.248    32.3125    24.3915 -9.990e-29
 259.631823     -0.248  37.758709    12.5841     8.2138     -0.246    32.3139    24.3933 -9.990e-29
 259.631829     -0.236  37.754927    12.5802     8.2273     -0.234    32.3137    24.3939 -9.990e-29
 259.631834     -0.217  37.750267    12.5788     8.2206     -0.215    32.3104    24.3916 -9.990e-29
 259.631840     -0.199  37.748599    12.5800     8.2257     -0.197    32.3078    24.3894 -9.990e-29
 259.631846     -0.184  37.749939    12.5813     8.2307     -0.182    32.3080    24.3892 -9.990e-29
 259.631852     -0.173  37.750466    12.5799     8.2215     -0.172    32.3097    24.3908 -9.990e-29
 259.631858     -0.163  37.746960    12.5759     8.2338     -0.162    32.3098    24.3917 -9.990e-29
 259.631863     -0.156  37.741470    12.5736     8.2445     -0.155    32.3065    24.3896 -9.990e-29
 259.631869     -0.149  37.741245    12.5753     8.2272     -0.148    32.3048    24.3880 -9.990e-29
 259.631875     -0.143  37.745980    12.5784     8.2228     -0.142    32.3067    24.3888 -9.990e-29
 259.631881     -0.137  37.750780    12.5812     8.2150     -0.136    32.3088    24.3899 -9.990e-29
 259.631887     -0.131  37.755317    12.5839     8.2201     -0.130    32.3108    24.3910 -9.990e-29
 259.631892     -0.125  37.758354    12.5855     8.2292     -0.124    32.3123    24.3918 -9.990e-29
 259.631898     -0.122  37.758896    12.5860     8.2349     -0.121    32.3124    24.3918 -9.990e-29
 259.631904     -0.126  37.759343    12.5869     8.2407     -0.125    32.3121    24.3914 -9.990e-29
 259.631910     -0.134  37.760852    12.5888     8.2519     -0.133    32.3119    24.3909 -9.990e-29
 259.631916     -0.142  37.762630    12.5905     8.2533     -0.141    32.3121    24.3907 -9.990e-29
 259.631921     -0.145  37.763684    12.5913     8.2495     -0.144    32.3125    24.3908 -9.990e-29
 259.631927     -0.141  37.764298    12.5920     8.2312     -0.140    32.3124    24.3907 -9.990e-29
 259.631933     -0.132  37.765849    12.5929     8.2226     -0.131    32.3131    24.3910 -9.990e-29
 259.631939     -0.123  37.767602    12.5936     8.2348     -0.122    32.3142    24.3917 -9.990e-29
 259.631944     -0.113  37.767969    12.5946     8.2399     -0.112    32.3137    24.3911 -9.990e-29
 259.631950     -0.102  37.767998    12.5967     8.2644     -0.101    32.3119    24.3894 -9.990e-29
 259.631956     -0.088  37.769405    12.5994     8.2532     -0.087    32.3109    24.3881 -9.990e-29
 259.631962     -0.071  37.771825    12.6015     8.2390     -0.070    32.3114    24.3881 -9.990e-29
 259.631968     -0.054  37.774000    12.6027     8.2347     -0.054    32.3125    24.3886 -9.990e-29
 259.631973     -0.044  37.774905    12.6033     8.2300     -0.044    32.3128    24.3888 -9.990e-29
 259.631979     -0.045  37.774625    12.6043     8.2502     -0.045    32.3117    24.3877 -9.990e-29
 259.631985     -0.053  37.775025    12.6067     8.2491     -0.053    32.3100    24.3860 -9.990e-29
 259.631991     -0.056  37.777200    12.6100     8.2473     -0.056    32.3092    24.3847 -9.990e-29
 259.631997     -0.045  37.779564    12.6121     8.2508     -0.045    32.3097    24.3847 -9.990e-29
 259.632002     -0.028  37.780225    12.6119     8.2479     -0.028    32.3105    24.3853 -9.990e-29
 259.632008     -0.017  37.779503    12.6105     8.2504     -0.017    32.3110    24.3860 -9.990e-29
 259.632014     -0.011  37.778672    12.6092     8.2490     -0.011    32.3113    24.3865 -9.990e-29
 259.632020     -0.001  37.777744    12.6075     8.2399     -0.001    32.3119    24.3873 -9.990e-29
 259.632025      0.018  37.774359    12.6042     8.2257      0.018    32.3115    24.3876 -9.990e-29
 259.632031      0.043  37.769607    12.6005     8.2298      0.043    32.3101    24.3872 -9.990e-29
 259.632037      0.066  37.768358    12.5989     8.2392      0.065    32.3103    24.3877 -9.990e-29
 259.632043      0.085  37.769504    12.5995     8.2513      0.084    32.3109    24.3880 -9.990e-29
 259.632049      0.101  37.770646    12.6014     8.2566      0.100    32.3103    24.3872 -9.990e-29
 259.632054      0.115  37.772186    12.6039     8.2465      0.114    32.3096    24.3862 -9.990e-29
 259.632060      0.128  37.772252    12.6055     8.2472      0.127    32.3083    24.3849 -9.990e-29
 259.632066      0.141  37.770369    12.6060     8.2330      0.140    32.3061    24.3831 -9.990e-29
 259.632072      0.154  37.769629    12.6064     8.2382      0.153    32.3050    24.3822 -9.990e-29
 259.632078      0.170  37.770726    12.6068     8.2472      0.169    32.3057    24.3826 -9.990e-29
 259.632083      0.187  37.771761    12.6070     8.2547      0.185    32.3065    24.3832 -9.990e-29
 259.632089      0.208  37.771308    12.6070     8.2642      0.206    32.3061    24.3829 -9.990e-29
 259.632095      0.234  37.768762    12.6071     8.2841      0.232    32.3036    24.3809 -9.990e-29
 259.632101      0.267  37.767449    12.6073     8.2926      0.265    32.3021    24.3798 -9.990e-29
 259.632106      0.308  37.769541    12.6076     8.2881      0.305    32.3039    24.3810 -9.990e-29
 259.632112      0.356  37.771661    12.6078     8.2302      0.353    32.3057    24.3824 -9.990e-29
 259.632118      0.410  37.772712    12.6076     8.0926      0.407    32.3068    24.3833 -9.990e-29
 259.632124      0.477  37.773531    12.6060     7.9180      0.473    32.3090    24.3853 -9.990e-29
 259.632130      0.566  37.772409    12.6010     7.7070      0.561    32.3121    24.3887 -9.990e-29
 259.632135      0.683  37.766165    12.5859     7.5173      0.677    32.3191    24.3970 -9.990e-29
 259.632141      0.831  37.746472    12.5394     7.3619      0.824    32.3403    24.4223 0.0000e+00
 259.632147      1.006  37.685389    12.4453     7.2774      0.998    32.3629    24.4578 0.0000e+00
 259.632153      1.202  37.569842    12.3199     7.2272      1.192    32.3604    24.4797 0.0000e+00
 259.632159      1.415  37.433946    12.1858     7.2029      1.403    32.3457    24.4936 0.0000e+00
 259.632164      1.641  37.308467    12.0661     7.1842      1.627    32.3284    24.5026 0.0000e+00
 259.632170      1.877  37.213566    11.9851     7.1806      1.861    32.3069    24.5010 0.0000e+00
 259.632176      2.122  37.163660    11.9360     7.1574      2.104    32.3011    24.5056 0.0000e+00
 259.632182      2.373  37.138349    11.8987     7.1560      2.353    32.3089    24.5185 0.0000e+00
 259.632187      2.634  37.116125    11.8670     7.1388      2.612    32.3148    24.5290 0.0000e+00
 259.632193      2.909  37.099776    11.8390     7.1219      2.885    32.3231    24.5406 0.0000e+00
 259.632199      3.194  37.091521    11.8137     7.1051      3.167    32.3370    24.5561 0.0000e+00
 259.632205      3.484  37.086995    11.7928     7.0718      3.455    32.3507    24.5705 0.0000e+00
 259.632211      3.782  37.083447    11.7772     7.0344      3.750    32.3607    24.5812 0.0000e+00
 259.632216      4.086  37.079990    11.7648     6.9959      4.052    32.3680    24.5892 0.0000e+00
 259.632222      4.388  37.076418    11.7519     6.9647      4.351    32.3757    24.5975 0.0000e+00
 259.632228      4.687  37.071812    11.7355     6.9645      4.648    32.3854    24.6080 0.0000e+00
 259.632234      4.984  37.064437    11.7152     6.9679      4.942    32.3958    24.6198 0.0000e+00
 259.632240      5.281  37.053349    11.6914     6.9569      5.237    32.4056    24.6319 0.0000e+00
 259.632245      5.576  37.039935    11.6688     6.9063      5.529    32.4122    24.6411 0.0000e+00
 259.632251      5.861  37.029769    11.6566     6.8374      5.812    32.4129    24.6438 0.0000e+00
 259.632257      6.134  37.029948    11.6578     6.7581      6.083    32.4119    24.6429 0.0000e+00
 259.632263      6.394  37.038950    11.6635     6.7362      6.341    32.4155    24.6447 0.0000e+00
 259.632269      6.646  37.051329    11.6684     6.7088      6.590    32.4232    24.6497 0.0000e+00
 259.632274      6.897  37.075109    11.6761     6.6909      6.839    32.4395    24.6610 0.0000e+00
 259.632280      7.153  37.110546    11.6805     6.6367      7.093    32.4701    24.6839 0.0000e+00
 259.632286      7.424  37.129162    11.6635     6.5737      7.362    32.5030    24.7126 0.0000e+00
 259.632292      7.712  37.109195    11.6072     6.5387      7.647    32.5328    24.7460 0.0000e+00
 259.632297      8.016  37.043562    11.5098     6.5166      7.949    32.5541    24.7804 0.0000e+00
 259.632303      8.328  36.942183    11.3945     6.5073      8.258    32.5563    24.8029 0.0000e+00
 259.632309      8.644  36.842396    11.2855     6.5173      8.572    32.5544    24.8210 0.0000e+00
 259.632315      8.956  36.764597    11.1934     6.4702      8.881    32.5590    24.8411 0.0000e+00
 259.632321      9.260  36.706383    11.1257     6.3885      9.183    32.5614    24.8550 0.0000e+00
 259.632326      9.550  36.669051    11.0952     6.2979      9.470    32.5515    24.8527 0.0000e+00
 259.632332      9.821  36.663253    11.1033     6.2040      9.739    32.5385    24.8411 0.0000e+00
 259.632338     10.079  36.683974    11.1093     6.1259      9.995    32.5535    24.8518 0.0000e+00
 259.632344     10.335  36.684234    11.0629     6.0540     10.248    32.5948    24.8921 0.0000e+00
 259.632350     10.602  36.637417    10.9646     5.9780     10.513    32.6356    24.9413 0.0000e+00
 259.632355     10.884  36.568447    10.8431     5.8596     10.793    32.6753    24.9935 0.0000e+00
 259.632361     11.177  36.491749    10.7323     5.7463     11.083    32.6979    25.0304 0.0000e+00
 259.632367     11.470  36.419277    10.6702     5.6332     11.374    32.6811    25.0281 0.0000e+00
 259.632373     11.752  36.386540    10.6405     5.5608     11.654    32.6749    25.0284 0.0000e+00
 259.632378     12.027  36.381173    10.5745     5.5098     11.926    32.7285    25.0816 0.0000e+00
 259.632384     12.309  36.340465    10.4414     5.4976     12.206    32.8074    25.1659 0.0000e+00
 259.632390     12.598  36.250411    10.2837     5.4554     12.492    32.8592    25.2332 0.0000e+00
 259.632396     12.887  36.156717    10.1717     5.3855     12.779    32.8660    25.2574 0.0000e+00
 259.632402     13.166  36.107493    10.1410     5.2823     13.056    32.8440    25.2454 0.0000e+00
 259.632407     13.425  36.110961    10.1613     5.1962     13.313    32.8289    25.2303 0.0000e+00
 259.632413     13.672  36.131307    10.1693     5.1349     13.557    32.8421    25.2392 0.0000e+00
 259.632419     13.920  36.130030    10.1262     5.0577     13.803    32.8799    25.2759 0.0000e+00
 259.632425     14.170  36.094158    10.0497     4.9775     14.051    32.9130    25.3146 0.0000e+00
 259.632431     14.422  36.046955     9.9885     4.8519     14.301    32.9207    25.3308 0.0000e+00
 259.632436     14.675  36.018973     9.9592     4.7506     14.552    32.9189    25.3343 0.0000e+00
 259.632442     14.927  36.009233     9.9457     4.6808     14.802    32.9212    25.3383 0.0000e+00
 259.632448     15.177  36.004663     9.9328     4.6678     15.050    32.9282    25.3460 0.0000e+00
 259.632454     15.424  35.997414     9.9088     4.6630     15.295    32.9427    25.3612 0.0000e+00
 259.632459     15.664  35.977746     9.8709     4.6168     15.533    32.9572    25.3788 0.0000e+00
 259.632465     15.888  35.945697     9.8404     4.4840     15.755    32.9523    25.3801 0.0000e+00
 259.632471     16.099  35.928497     9.8378     4.2680     15.964    32.9370    25.3686 0.0000e+00
 259.632477     16.297  35.940110     9.8481     3.9873     16.160    32.9394    25.3687 0.0000e+00
 259.632483     16.487  35.949995     9.8321     3.6068     16.349    32.9640    25.3906 0.0000e+00
 259.632488     16.684  35.929239     9.7599     3.1983     16.544    33.0089    25.4375 0.0000e+00
 259.632494     16.901  35.869712     9.6425     2.8030     16.759    33.0558    25.4934 0.0000e+00
 259.632500     17.140  35.787785     9.5169     2.5187     16.996    33.0874    25.5385 0.0000e+00
 259.632506     17.397  35.714774     9.3913     2.3357     17.251    33.1282    25.5908 0.0000e+00
 259.632512     17.673  35.652966     9.2622     2.2737     17.525    33.1840    25.6551 0.0000e+00
 259.632517     17.964  35.597178     9.1531     2.2854     17.813    33.2277    25.7066 0.0000e+00
 259.632523     18.257  35.557537     9.0832     2.3594     18.104    33.2516    25.7364 0.0000e+00
 259.632529     18.542  35.534318     9.0444     2.4689     18.386    33.2636    25.7519 0.0000e+00
 259.632535     18.811  35.521123     9.0247     2.5059     18.653    33.2682    25.7586 0.0000e+00
 259.632541     19.056  35.517644     9.0269     2.4938     18.896    33.2624    25.7537 0.0000e+00
 259.632546     19.274  35.531493     9.0556     2.4196     19.112    33.2499    25.7394 0.0000e+00
 259.632552     19.477  35.557527     9.0939     2.3198     19.314    33.2411    25.7265 0.0000e+00
 259.632558     19.680  35.572677     9.1098     2.2282     19.515    33.2419    25.7246 0.0000e+00
 259.632564     19.901  35.566823     9.0844     2.1701     19.734    33.2594    25.7423 0.0000e+00
 259.632569     20.149  35.542745     9.0314     2.1514     19.980    33.2838    25.7698 0.0000e+00
 259.632575     20.428  35.509734     8.9775     2.1342     20.257    33.2998    25.7908 0.0000e+00
 259.632581     20.734  35.475804     8.9244     2.1302     20.560    33.3140    25.8102 0.0000e+00
 259.632587     21.061  35.437653     8.8581     2.1122     20.884    33.3363    25.8380 0.0000e+00
