data/oxygen options/OCNMS/OCNMS1/raw_data/2010/CAST_KL015_091610faed.cnv
* Sea-Bird SBE19 Data File:
* FileName = C:\Documents and Settings\OCNMS\Desktop\2010 mooring data\third service\CAST_KL015_091610.hex
* Software Version 1.24
* Temperature SN = 2997
* Conductivity SN = 2997
* System UpLoad Time = Sep 16 2010 14:00:02
** CAST_KL015_091610
* SEACAT PROFILER V3.1c SN 2997   09/16/10  13:58:06.949
# nquan = 9                                 
# nvalues = 524                         
# units = specified
# name 0 = timeJ: Julian Days
# name 1 = prSM: Pressure, Strain Gauge [db]
# name 2 = c0mS/cm: Conductivity [mS/cm]
# name 3 = t090C: Temperature [ITS-90, deg C]
# name 4 = sbeox0ML/L: Oxygen, SBE 43 [ml/l]
# name 5 = depSM: Depth [salt water, m], lat = 47.5
# name 6 = sal00: Salinity, Practical [PSU]
# name 7 = sigma-é00: Density [sigma-theta, kg/m^3]
# name 8 = flag: flag
# span 0 = 259.504363, 259.507390       
# span 1 =     -5.113,     15.070       
# span 2 =   0.032287,  38.986475       
# span 3 =    12.9935,    14.6775       
# span 4 =   -11.1403,    17.1410       
# span 5 =     -5.070,     14.944       
# span 6 =     0.0228,    32.6231       
# span 7 =    -0.8321,    24.5499       
# span 8 = 0.0000e+00, 0.0000e+00       
# interval = seconds: 0.5
# start_time = Sep 16 2010 12:06:17 [Instrument's time stamp, header]
# bad_flag = -9.990e-29
*END*
[from data line 161]
 259.505295     -0.620  38.948239    13.7177     9.1169     -0.615    32.4657    24.2870 -9.990e-29
 259.505301     -0.595  38.947873    13.7174     9.1368     -0.590    32.4656    24.2870 -9.990e-29
 259.505307     -0.564  38.947066    13.7177     9.1490     -0.559    32.4646    24.2861 -9.990e-29
 259.505313     -0.526  38.948044    13.7194     9.1714     -0.522    32.4640    24.2854 -9.990e-29
 259.505318     -0.479  38.949811    13.7211     9.1611     -0.475    32.4642    24.2851 -9.990e-29
 259.505324     -0.419  38.950182    13.7210     9.1319     -0.416    32.4646    24.2855 -9.990e-29
 259.505330     -0.342  38.948472    13.7180     9.0741     -0.339    32.4655    24.2868 -9.990e-29
 259.505336     -0.249  38.944025    13.7104     9.0149     -0.247    32.4678    24.2901 -9.990e-29
 259.505341     -0.136  38.932535    13.6935     8.9535     -0.135    32.4714    24.2963 -9.990e-29
 259.505347      0.002  38.908711    13.6665     8.8551      0.002    32.4721    24.3024 -9.990e-29
 259.505353      0.166  38.877157    13.6381     8.7154      0.165    32.4668    24.3040 -9.990e-29
 259.505359      0.349  38.850100    13.6148     8.5466      0.346    32.4614    24.3045 0.0000e+00
 259.505365      0.547  38.832312    13.5962     8.3892      0.542    32.4605    24.3076 0.0000e+00
 259.505370      0.754  38.819626    13.5794     8.2934      0.748    32.4629    24.3128 0.0000e+00
 259.505376      0.970  38.806270    13.5613     8.2808      0.962    32.4657    24.3187 0.0000e+00
 259.505382      1.201  38.790068    13.5381     8.2760      1.191    32.4702    24.3269 0.0000e+00
 259.505388      1.444  38.768971    13.5086     8.2665      1.432    32.4756    24.3369 0.0000e+00
 259.505394      1.690  38.743369    13.4817     8.2188      1.676    32.4745    24.3415 0.0000e+00
 259.505399      1.932  38.724457    13.4675     8.1616      1.916    32.4688    24.3399 0.0000e+00
 259.505405      2.168  38.720018    13.4644     8.1232      2.150    32.4672    24.3393 0.0000e+00
 259.505411      2.402  38.724069    13.4632     8.1035      2.382    32.4719    24.3432 0.0000e+00
 259.505417      2.643  38.726260    13.4560     8.0933      2.621    32.4800    24.3509 0.0000e+00
 259.505422      2.898  38.725529    13.4441     8.0952      2.874    32.4893    24.3605 0.0000e+00
 259.505428      3.161  38.727569    13.4343     8.0772      3.135    32.4995    24.3704 0.0000e+00
 259.505434      3.429  38.732236    13.4290     8.0443      3.400    32.5083    24.3782 0.0000e+00
 259.505440      3.701  38.738405    13.4281     7.9751      3.670    32.5147    24.3834 0.0000e+00
 259.505446      3.978  38.749757    13.4322     7.8877      3.945    32.5217    24.3880 0.0000e+00
 259.505451      4.259  38.767916    13.4390     7.8045      4.223    32.5328    24.3952 0.0000e+00
 259.505457      4.545  38.786211    13.4420     7.7491      4.507    32.5472    24.4057 0.0000e+00
 259.505463      4.838  38.795350    13.4318     7.7169      4.798    32.5643    24.4210 0.0000e+00
 259.505469      5.139  38.787284    13.4029     7.7061      5.096    32.5813    24.4400 0.0000e+00
 259.505475      5.446  38.761288    13.3646     7.6962      5.400    32.5896    24.4541 0.0000e+00
 259.505480      5.753  38.731400    13.3316     7.6936      5.705    32.5898    24.4608 0.0000e+00
 259.505486      6.057  38.709824    13.3073     7.6958      6.006    32.5902    24.4660 0.0000e+00
 259.505492      6.361  38.696307    13.2893     7.6839      6.308    32.5928    24.4716 0.0000e+00
 259.505498      6.667  38.687891    13.2769     7.6606      6.611    32.5954    24.4761 0.0000e+00
 259.505503      6.973  38.682820    13.2682     7.6106      6.915    32.5980    24.4798 0.0000e+00
 259.505509      7.273  38.678752    13.2603     7.5228      7.212    32.6008    24.4836 0.0000e+00
 259.505515      7.565  38.674126    13.2532     7.4262      7.502    32.6025    24.4863 0.0000e+00
 259.505521      7.849  38.669437    13.2469     7.3345      7.783    32.6033    24.4882 0.0000e+00
 259.505527      8.132  38.663978    13.2365     7.2503      8.064    32.6070    24.4931 0.0000e+00
 259.505532      8.422  38.652651    13.2145     7.2034      8.352    32.6151    24.5038 0.0000e+00
 259.505538      8.725  38.630382    13.1818     7.1509      8.652    32.6222    24.5157 0.0000e+00
 259.505544      9.040  38.601046    13.1484     7.1097      8.964    32.6231    24.5231 0.0000e+00
 259.505550      9.359  38.574223    13.1205     7.0668      9.281    32.6217    24.5275 0.0000e+00
 259.505556      9.683  38.552753    13.0984     7.0228      9.602    32.6204    24.5308 0.0000e+00
 259.505561     10.010  38.535404    13.0822     6.9890      9.926    32.6178    24.5320 0.0000e+00
 259.505567     10.335  38.523077    13.0702     6.9656     10.248    32.6164    24.5333 0.0000e+00
 259.505573     10.654  38.512724    13.0590     6.9565     10.565    32.6161    24.5353 0.0000e+00
 259.505579     10.961  38.501126    13.0476     6.9646     10.869    32.6148    24.5366 0.0000e+00
 259.505584     11.255  38.490692    13.0374     6.9900     11.161    32.6137    24.5377 0.0000e+00
 259.505590     11.536  38.483703    13.0300     6.9862     11.439    32.6133    24.5389 0.0000e+00
 259.505596     11.805  38.480306    13.0258     6.9811     11.706    32.6136    24.5400 0.0000e+00
 259.505602     12.063  38.479273    13.0251     6.9604     11.962    32.6131    24.5397 0.0000e+00
 259.505608     12.313  38.481406    13.0272     6.9347     12.210    32.6132    24.5394 0.0000e+00
 259.505613     12.562  38.486688    13.0289     6.9056     12.457    32.6167    24.5417 0.0000e+00
 259.505619     12.818  38.489213    13.0265     6.8874     12.711    32.6210    24.5456 0.0000e+00
 259.505625     13.083  38.485006    13.0197     6.8699     12.973    32.6228    24.5483 0.0000e+00
 259.505631     13.354  38.476245    13.0115     6.8734     13.242    32.6215    24.5489 0.0000e+00
 259.505637     13.626  38.468003    13.0047     6.8749     13.512    32.6194    24.5487 0.0000e+00
 259.505642     13.895  38.462678    12.9996     6.8745     13.779    32.6187    24.5491 0.0000e+00
 259.505648     14.148  38.459274    12.9957     6.8804     14.029    32.6187    24.5499 0.0000e+00
 259.505654     14.372  38.456554    12.9935     6.8811     14.252    32.6180    24.5497 0.0000e+00
 259.505660     14.559  38.454754    12.9938     6.8765     14.437    32.6159    24.5481 0.0000e+00
 259.505666     14.708  38.454774    12.9956     6.8800     14.585    32.6143    24.5465 -9.990e-29
 259.505671     14.825  38.452660    12.9974     6.8839     14.701    32.6107    24.5434 -9.990e-29
 259.505677     14.916  38.447777    12.9985     6.8894     14.791    32.6051    24.5388 -9.990e-29
 259.505683     14.988  38.445325    12.9987     6.9008     14.862    32.6026    24.5369 -9.990e-29
 259.505689     15.040  38.443100    12.9986     6.9080     14.914    32.6006    24.5353 -9.990e-29
 259.505694     15.068  38.439758    12.9989     6.9023     14.942    32.5972    24.5326 -9.990e-29
 259.505700     15.070  38.440875    12.9999     6.8935     14.944    32.5974    24.5325 -9.990e-29
 259.505706     15.044  38.447320    13.0016     6.8822     14.918    32.6020    24.5358 -9.990e-29
 259.505712     14.991  38.455859    13.0036     6.8795     14.865    32.6084    24.5403 -9.990e-29
 259.505718     14.910  38.463808    13.0047     6.8832     14.785    32.6150    24.5452 -9.990e-29
 259.505723     14.809  38.468259    13.0044     6.8745     14.685    32.6195    24.5488 -9.990e-29
 259.505729     14.698  38.468363    13.0034     6.8872     14.575    32.6205    24.5497 -9.990e-29
 259.505735     14.585  38.465886    13.0028     6.8771     14.463    32.6187    24.5485 -9.990e-29
 259.505741     14.469  38.463073    13.0031     6.8833     14.348    32.6158    24.5462 -9.990e-29
 259.505747     14.353  38.462280    13.0039     6.8867     14.233    32.6144    24.5449 -9.990e-29
 259.505752     14.238  38.464074    13.0043     6.8713     14.119    32.6158    24.5459 -9.990e-29
 259.505758     14.124  38.466304    13.0044     6.8781     14.006    32.6179    24.5475 -9.990e-29
 259.505764     14.013  38.466845    13.0047     6.8644     13.896    32.6182    24.5477 -9.990e-29
 259.505770     13.906  38.465799    13.0046     6.8582     13.789    32.6173    24.5470 -9.990e-29
 259.505775     13.806  38.464519    13.0041     6.8673     13.690    32.6166    24.5466 -9.990e-29
 259.505781     13.715  38.463677    13.0035     6.8692     13.600    32.6163    24.5465 -9.990e-29
 259.505787     13.630  38.463244    13.0031     6.8882     13.516    32.6163    24.5466 -9.990e-29
 259.505793     13.547  38.463378    13.0032     6.8862     13.433    32.6164    24.5466 -9.990e-29
 259.505799     13.465  38.464250    13.0041     6.8888     13.352    32.6165    24.5465 -9.990e-29
 259.505804     13.386  38.465534    13.0058     6.8936     13.274    32.6163    24.5460 -9.990e-29
 259.505810     13.315  38.466707    13.0076     6.8908     13.203    32.6158    24.5453 -9.990e-29
 259.505816     13.260  38.467662    13.0087     6.8918     13.149    32.6158    24.5451 -9.990e-29
 259.505822     13.231  38.467998    13.0089     6.8691     13.120    32.6160    24.5451 -9.990e-29
 259.505828     13.228  38.467053    13.0081     6.8689     13.117    32.6158    24.5451 -9.990e-29
 259.505833     13.249  38.465254    13.0066     6.8640     13.138    32.6154    24.5451 -9.990e-29
 259.505839     13.282  38.463573    13.0050     6.8603     13.171    32.6151    24.5453 -9.990e-29
 259.505845     13.315  38.462578    13.0036     6.8720     13.203    32.6154    24.5457 -9.990e-29
 259.505851     13.343  38.462071    13.0027     6.8719     13.231    32.6157    24.5461 -9.990e-29
 259.505856     13.359  38.461942    13.0026     6.8753     13.247    32.6156    24.5461 -9.990e-29
 259.505862     13.359  38.462585    13.0031     6.8763     13.247    32.6158    24.5461 -9.990e-29
 259.505868     13.348  38.463744    13.0041     6.8552     13.236    32.6160    24.5461 -9.990e-29
 259.505874     13.333  38.464733    13.0050     6.8643     13.221    32.6162    24.5461 -9.990e-29
 259.505880     13.318  38.465195    13.0056     6.8615     13.206    32.6161    24.5459 -9.990e-29
 259.505885     13.306  38.465194    13.0060     6.8642     13.195    32.6158    24.5456 -9.990e-29
 259.505891     13.302  38.464739    13.0058     6.8878     13.191    32.6155    24.5454 -9.990e-29
 259.505897     13.299  38.463790    13.0051     6.8686     13.188    32.6152    24.5453 -9.990e-29
 259.505903     13.294  38.462770    13.0049     6.8732     13.183    32.6145    24.5447 -9.990e-29
 259.505909     13.286  38.462568    13.0053     6.8644     13.175    32.6139    24.5443 -9.990e-29
 259.505914     13.280  38.463482    13.0058     6.8470     13.169    32.6144    24.5445 -9.990e-29
 259.505920     13.283  38.464500    13.0054     6.8568     13.172    32.6157    24.5456 -9.990e-29
 259.505926     13.300  38.464183    13.0037     6.8505     13.189    32.6168    24.5468 -9.990e-29
 259.505932     13.331  38.462119    13.0015     6.8540     13.219    32.6168    24.5472 -9.990e-29
 259.505938     13.371  38.460047    13.0003     6.8644     13.259    32.6158    24.5467 -9.990e-29
 259.505943     13.400  38.459694    13.0003     6.8644     13.288    32.6155    24.5464 -9.990e-29
 259.505949     13.407  38.460593    13.0012     6.8797     13.295    32.6155    24.5463 -9.990e-29
 259.505955     13.403  38.461707    13.0025     6.8873     13.291    32.6155    24.5460 -9.990e-29
 259.505961     13.398  38.462851    13.0035     6.8921     13.286    32.6157    24.5460 -9.990e-29
 259.505966     13.397  38.463876    13.0040     6.8909     13.285    32.6162    24.5463 -9.990e-29
 259.505972     13.396  38.464476    13.0044     6.8780     13.284    32.6165    24.5464 -9.990e-29
 259.505978     13.390  38.464898    13.0047     6.8733     13.278    32.6166    24.5464 -9.990e-29
 259.505984     13.383  38.465153    13.0049     6.8705     13.271    32.6167    24.5465 -9.990e-29
 259.505990     13.383  38.465029    13.0049     6.8655     13.271    32.6166    24.5464 -9.990e-29
 259.505995     13.395  38.464368    13.0049     6.8667     13.283    32.6159    24.5459 -9.990e-29
 259.506001     13.416  38.463417    13.0046     6.8604     13.304    32.6153    24.5454 -9.990e-29
 259.506007     13.437  38.463158    13.0043     6.8541     13.324    32.6153    24.5455 -9.990e-29
 259.506013     13.452  38.463812    13.0042     6.8676     13.339    32.6160    24.5461 -9.990e-29
 259.506019     13.456  38.464576    13.0042     6.8711     13.343    32.6167    24.5466 -9.990e-29
 259.506024     13.456  38.464796    13.0044     6.8874     13.343    32.6167    24.5466 -9.990e-29
 259.506030     13.459  38.464774    13.0047     6.8965     13.346    32.6165    24.5463 -9.990e-29
 259.506036     13.466  38.465049    13.0052     6.8869     13.353    32.6163    24.5461 -9.990e-29
 259.506042     13.472  38.465434    13.0059     6.8960     13.359    32.6160    24.5458 -9.990e-29
 259.506047     13.479  38.465891    13.0067     6.8918     13.366    32.6158    24.5454 -9.990e-29
 259.506053     13.482  38.466475    13.0073     6.8841     13.369    32.6158    24.5453 -9.990e-29
 259.506059     13.477  38.466851    13.0076     6.8891     13.364    32.6159    24.5453 -9.990e-29
 259.506065     13.464  38.466968    13.0079     6.8730     13.351    32.6158    24.5452 -9.990e-29
 259.506071     13.446  38.466991    13.0082     6.8779     13.333    32.6155    24.5449 -9.990e-29
 259.506076     13.435  38.466958    13.0083     6.8804     13.322    32.6154    24.5448 -9.990e-29
 259.506082     13.444  38.466834    13.0079     6.8804     13.331    32.6156    24.5451 -9.990e-29
 259.506088     13.472  38.466460    13.0072     6.8841     13.359    32.6159    24.5454 -9.990e-29
 259.506094     13.509  38.465908    13.0068     6.8692     13.396    32.6157    24.5453 -9.990e-29
 259.506100     13.540  38.465568    13.0069     6.8664     13.427    32.6153    24.5450 -9.990e-29
 259.506105     13.558  38.465553    13.0073     6.8791     13.444    32.6149    24.5446 -9.990e-29
 259.506111     13.569  38.465851    13.0073     6.8844     13.455    32.6152    24.5449 -9.990e-29
 259.506117     13.577  38.466305    13.0071     6.8833     13.463    32.6158    24.5454 -9.990e-29
 259.506123     13.584  38.466410    13.0070     6.8858     13.470    32.6160    24.5455 -9.990e-29
 259.506128     13.590  38.466312    13.0072     6.8693     13.476    32.6157    24.5453 -9.990e-29
 259.506134     13.594  38.466448    13.0076     6.8679     13.480    32.6155    24.5450 -9.990e-29
 259.506140     13.598  38.466447    13.0078     6.8690     13.484    32.6153    24.5448 -9.990e-29
 259.506146     13.601  38.466316    13.0080     6.8629     13.487    32.6150    24.5446 -9.990e-29
 259.506152     13.604  38.466448    13.0082     6.8665     13.490    32.6150    24.5445 -9.990e-29
 259.506157     13.607  38.466467    13.0079     6.8670     13.493    32.6152    24.5448 -9.990e-29
 259.506163     13.610  38.465846    13.0069     6.8744     13.496    32.6155    24.5452 -9.990e-29
 259.506169     13.614  38.464885    13.0060     6.8844     13.500    32.6154    24.5453 -9.990e-29
 259.506175     13.618  38.464553    13.0058     6.8857     13.504    32.6152    24.5452 -9.990e-29
 259.506181     13.623  38.464974    13.0063     6.8779     13.509    32.6152    24.5451 -9.990e-29
 259.506186     13.629  38.465597    13.0072     6.8787     13.515    32.6150    24.5447 -9.990e-29
 259.506192     13.636  38.466138    13.0079     6.8649     13.522    32.6149    24.5445 -9.990e-29
 259.506198     13.646  38.466206    13.0081     6.8639     13.532    32.6148    24.5444 -9.990e-29
 259.506204     13.658  38.465899    13.0079     6.8714     13.544    32.6147    24.5443 -9.990e-29
 259.506209     13.673  38.465939    13.0077     6.8603     13.558    32.6149    24.5445 -9.990e-29
