data/oxygen options/OCNMS/OCNMS1/raw_data/2010/CAST_CE042_060510faed.cnv
* Sea-Bird SBE19 Data File:
* FileName = C:\Program Files\Sea-Bird\SeaTermAF\CAST_CE042_060510.hex
* Software Version 1.24
* Temperature SN = 2997
* Conductivity SN = 2997
* System UpLoad Time = Jun 05 2010 18:50:52
** CAST_CE042_060510
* SEACAT PROFILER V3.1c SN 2997   06/05/10  18:47:43.357
# nquan = 9                                 
# nvalues = 16847                       
# units = specified
# name 0 = timeJ: Julian Days
# name 1 = prSM: Pressure, Strain Gauge [db]
# name 2 = c0mS/cm: Conductivity [mS/cm]
# name 3 = t090C: Temperature [ITS-90, deg C]
# name 4 = sbeox0ML/L: Oxygen, SBE 43 [ml/l]
# name 5 = depSM: Depth [salt water, m], lat = 47.5
# name 6 = sal00: Salinity, Practical [PSU]
# name 7 = sigma-é00: Density [sigma-theta, kg/m^3]
# name 8 = flag: flag
# span 0 = 156.519005, 156.616493       
# span 1 =     -4.288,     41.794       
# span 2 =  -0.002058,  35.669504       
# span 3 =     9.9000,    17.4204       
# span 4 =   -11.7081,    13.5655       
# span 5 =     -4.252,     41.441       
# span 6 =     0.0000,    32.0264       
# span 7 =    -1.2979,    24.6475       
# span 8 = 0.0000e+00, 0.0000e+00       
# interval = seconds: 0.5
# start_time = Jun 05 2010 12:27:22 [Instrument's time stamp, header]
# bad_flag = -9.990e-29
*END*
[from data line 10721]
 156.581047      1.418  -0.001866    15.7091    -1.9137      1.406     0.0000    -1.0089 -9.990e-29
 156.581053      1.416  -0.001866    15.6997    -1.9142      1.404     0.0000    -1.0074 -9.990e-29
 156.581059      1.418  -0.001865    15.6954    -1.9147      1.406     0.0000    -1.0067 -9.990e-29
 156.581065      1.420  -0.001865    15.6977    -1.9151      1.408     0.0000    -1.0070 -9.990e-29
 156.581071      1.419  -0.001865    15.7044    -1.9153      1.407     0.0000    -1.0081 -9.990e-29
 156.581076      1.413  -0.001864    15.7096    -1.9152      1.401     0.0000    -1.0089 -9.990e-29
 156.581082      1.404  -0.001864    15.7085    -1.9151      1.392     0.0000    -1.0088 -9.990e-29
 156.581088      1.394  -0.001864    15.7036    -1.9150      1.382     0.0000    -1.0080 -9.990e-29
 156.581094      1.392  -0.001864    15.6993    -1.9147      1.380     0.0000    -1.0073 -9.990e-29
 156.581100      1.397  -0.001863    15.6942    -1.9144      1.385     0.0000    -1.0065 -9.990e-29
 156.581105      1.402  -0.001863    15.6858    -1.9140      1.390     0.0000    -1.0051 -9.990e-29
 156.581111      1.401  -0.001863    15.6759    -1.9138      1.389     0.0000    -1.0036 -9.990e-29
 156.581117      1.400  -0.001862    15.6679    -1.9138      1.388     0.0000    -1.0023 -9.990e-29
 156.581123      1.403  -0.001862    15.6635    -1.9140      1.391     0.0000    -1.0016 -9.990e-29
 156.581128      1.405  -0.001862    15.6632    -1.9137      1.393     0.0000    -1.0016 -9.990e-29
 156.581134      1.407  -0.001861    15.6659    -1.9132      1.395     0.0000    -1.0020 -9.990e-29
 156.581140      1.413  -0.001861    15.6704    -1.9130      1.401     0.0000    -1.0027 -9.990e-29
 156.581146      1.419  -0.001861    15.6761    -1.9125      1.407     0.0000    -1.0036 -9.990e-29
 156.581152      1.421  -0.001860    15.6827    -1.9123      1.409     0.0000    -1.0047 -9.990e-29
 156.581157      1.420  -0.001860    15.6894    -1.9122      1.408     0.0000    -1.0057 -9.990e-29
 156.581163      1.419  -0.001860    15.6942    -1.9123      1.407     0.0000    -1.0065 -9.990e-29
 156.581169      1.424  -0.001860    15.6962    -1.9123      1.412     0.0000    -1.0068 -9.990e-29
 156.581175      1.429  -0.001859    15.6981    -1.9118      1.417     0.0000    -1.0071 -9.990e-29
 156.581181      1.431  -0.001859    15.7033    -1.9116      1.419     0.0000    -1.0079 -9.990e-29
 156.581186      1.430  -0.001859    15.7113    -1.9116      1.418     0.0000    -1.0092 -9.990e-29
 156.581192      1.430  -0.001858    15.7199    -1.9121      1.418     0.0000    -1.0106 -9.990e-29
 156.581198      1.436  -0.001858    15.7279    -1.9126      1.424     0.0000    -1.0118 -9.990e-29
 156.581204      1.443  -0.001858    15.7337    -1.9129      1.431     0.0000    -1.0128 -9.990e-29
 156.581209      1.448  -0.001857    15.7364    -1.9130      1.436     0.0000    -1.0132 -9.990e-29
 156.581215      1.451  -0.001857    15.7375    -1.9131      1.439     0.0000    -1.0134 -9.990e-29
 156.581221      1.452  -0.001857    15.7401    -1.9130      1.440     0.0000    -1.0138 -9.990e-29
 156.581227      1.452  -0.001857    15.7449    -1.9124      1.440     0.0000    -1.0146 -9.990e-29
 156.581233      1.450  -0.001856    15.7482    -1.9114      1.438     0.0000    -1.0151 -9.990e-29
 156.581238      1.446  -0.001856    15.7463    -1.9114      1.434     0.0000    -1.0148 -9.990e-29
 156.581244      1.440  -0.001856    15.7395    -1.9113      1.428     0.0000    -1.0137 -9.990e-29
 156.581250      1.436  -0.001855    15.7312    -1.9114      1.424     0.0000    -1.0124 -9.990e-29
 156.581256      1.438  -0.001855    15.7249    -1.9112      1.426     0.0000    -1.0114 -9.990e-29
 156.581262      1.441  -0.001855    15.7213    -1.9111      1.429     0.0000    -1.0108 -9.990e-29
 156.581267      1.443  -0.001854    15.7210    -1.9111      1.431     0.0000    -1.0107 -9.990e-29
 156.581273      1.442  -0.001854    15.7258    -1.9111      1.430     0.0000    -1.0115 -9.990e-29
 156.581279      1.438  -0.001854    15.7363    -1.9111      1.426     0.0000    -1.0132 -9.990e-29
 156.581285      1.432  -0.001854    15.7479    -1.9111      1.420     0.0000    -1.0150 -9.990e-29
 156.581291      1.428  -0.001853    15.7553    -1.9112      1.416     0.0000    -1.0162 -9.990e-29
 156.581296      1.429  -0.001853    15.7586    -1.9113      1.417     0.0000    -1.0167 -9.990e-29
 156.581302      1.431  -0.001853    15.7606    -1.9111      1.419     0.0000    -1.0171 -9.990e-29
 156.581308      1.430  -0.001852    15.7626    -1.9111      1.418     0.0000    -1.0174 -9.990e-29
 156.581314      1.431  -0.001852    15.7643    -1.9112      1.419     0.0000    -1.0177 -9.990e-29
 156.581319      1.437  -0.001852    15.7652    -1.9117      1.425     0.0000    -1.0178 -9.990e-29
 156.581325      1.445  -0.001851    15.7656    -1.9120      1.433     0.0000    -1.0179 -9.990e-29
 156.581331      1.450  -0.001851    15.7657    -1.9118      1.438     0.0000    -1.0179 -9.990e-29
 156.581337      1.454  -0.001851    15.7651    -1.9117      1.442     0.0000    -1.0178 -9.990e-29
 156.581343      1.456  -0.001850    15.7638    -1.9114      1.444     0.0000    -1.0176 -9.990e-29
 156.581348      1.457  -0.001850    15.7632    -1.9113      1.445     0.0000    -1.0175 -9.990e-29
 156.581354      1.457  -0.001850    15.7637    -1.9115      1.445     0.0000    -1.0176 -9.990e-29
 156.581360      1.455  -0.001850    15.7632    -1.9116      1.443     0.0000    -1.0175 -9.990e-29
 156.581366      1.451  -0.001849    15.7597    -1.9117      1.439     0.0000    -1.0169 -9.990e-29
 156.581372      1.446  -0.001849    15.7541    -1.9116      1.434     0.0000    -1.0160 -9.990e-29
 156.581377      1.439  -0.001849    15.7499    -1.9115      1.427     0.0000    -1.0154 -9.990e-29
 156.581383      1.430  -0.001848    15.7497    -1.9115      1.418     0.0000    -1.0153 -9.990e-29
 156.581389      1.421  -0.001848    15.7525    -1.9111      1.409     0.0000    -1.0158 -9.990e-29
 156.581395      1.418  -0.001848    15.7557    -1.9109      1.406     0.0000    -1.0163 -9.990e-29
 156.581400      1.415  -0.001847    15.7570    -1.9110      1.403     0.0000    -1.0165 -9.990e-29
 156.581406      1.409  -0.001847    15.7559    -1.9113      1.397     0.0000    -1.0163 -9.990e-29
 156.581412      1.397  -0.001847    15.7536    -1.9118      1.385     0.0000    -1.0159 -9.990e-29
 156.581418      1.381  -0.001847    15.7522    -1.9121      1.369     0.0000    -1.0157 -9.990e-29
 156.581424      1.363  -0.001846    15.7527    -1.9121      1.352     0.0000    -1.0158 -9.990e-29
 156.581429      1.350  -0.001846    15.7547    -1.9120      1.339     0.0000    -1.0161 -9.990e-29
 156.581435      1.347  -0.001846    15.7581    -1.9123      1.336     0.0000    -1.0167 -9.990e-29
 156.581441      1.352  -0.001845    15.7630    -1.9124      1.341     0.0000    -1.0174 -9.990e-29
 156.581447      1.363  -0.001845    15.7659    -1.9123      1.352     0.0000    -1.0179 -9.990e-29
 156.581453      1.370  -0.001845    15.7640    -1.9121      1.359     0.0000    -1.0176 -9.990e-29
 156.581458      1.374  -0.001844    15.7582    -1.9123      1.363     0.0000    -1.0167 -9.990e-29
 156.581464      1.381  -0.001844    15.7506    -1.9128      1.369     0.0000    -1.0155 -9.990e-29
 156.581470      1.386  -0.001844    15.7443    -1.9128      1.374     0.0000    -1.0145 -9.990e-29
 156.581476      1.389  -0.001844    15.7415    -1.9129      1.377     0.0000    -1.0140 -9.990e-29
 156.581481      1.395  -0.001843    15.7399    -1.9129      1.383     0.0000    -1.0138 -9.990e-29
 156.581487      1.400  -0.001843    15.7373    -1.9130      1.388     0.0000    -1.0133 -9.990e-29
 156.581493      1.404  -0.001843    15.7357    -1.9132      1.392     0.0000    -1.0131 -9.990e-29
 156.581499      1.412  -0.001842    15.7360    -1.9130      1.400     0.0000    -1.0131 -9.990e-29
 156.581505      1.421  -0.001842    15.7359    -1.9132      1.409     0.0000    -1.0131 -9.990e-29
 156.581510      1.425  -0.001842    15.7327    -1.9135      1.413     0.0000    -1.0126 -9.990e-29
 156.581516      1.427  -0.001841    15.7275    -1.9142      1.415     0.0000    -1.0118 -9.990e-29
 156.581522      1.425  -0.001841    15.7235    -1.9142      1.413     0.0000    -1.0111 -9.990e-29
 156.581528      1.420  -0.001841    15.7212    -1.9143      1.408     0.0000    -1.0108 -9.990e-29
 156.581534      1.411  -0.001841    15.7189    -1.9148      1.399     0.0000    -1.0104 -9.990e-29
 156.581539      1.398  -0.001841    15.7163    -1.9153      1.386     0.0000    -1.0100 -9.990e-29
 156.581545      1.383  -0.001842    15.7145    -1.9148      1.371     0.0000    -1.0097 -9.990e-29
 156.581551      1.376  -0.001843    15.7129    -1.9142      1.365     0.0000    -1.0095 -9.990e-29
 156.581557      1.375  -0.001843    15.7087    -1.9138      1.364     0.0000    -1.0088 -9.990e-29
 156.581562      1.372  -0.001844    15.7010    -1.9137      1.361     0.0000    -1.0076 -9.990e-29
 156.581568      1.366  -0.001845    15.6926    -1.9139      1.355     0.0000    -1.0062 -9.990e-29
 156.581574      1.362  -0.001845    15.6861    -1.9143      1.351     0.0000    -1.0052 -9.990e-29
 156.581580      1.360  -0.001846    15.6801    -1.9145      1.349     0.0000    -1.0042 -9.990e-29
 156.581586      1.362  -0.001847    15.6735    -1.9149      1.351     0.0000    -1.0032 -9.990e-29
 156.581591      1.374  -0.001847    15.6708    -1.9150      1.363     0.0000    -1.0028 -9.990e-29
 156.581597      1.393  -0.001848    15.6758    -1.9155      1.381     0.0000    -1.0036 -9.990e-29
 156.581603      1.410  -0.001849    15.6848    -1.9155      1.398     0.0000    -1.0050 -9.990e-29
 156.581609      1.423  -0.001850    15.6918    -1.9153      1.411     0.0000    -1.0061 -9.990e-29
 156.581615      1.433  -0.001850    15.6941    -1.9151      1.421     0.0000    -1.0065 -9.990e-29
 156.581620      1.439  -0.001851    15.6915    -1.9148      1.427     0.0000    -1.0061 -9.990e-29
 156.581626      1.443  -0.001852    15.6856    -1.9144      1.431     0.0000    -1.0051 -9.990e-29
 156.581632      1.445  -0.001852    15.6788    -1.9145      1.433     0.0000    -1.0040 -9.990e-29
 156.581638      1.449  -0.001853    15.6724    -1.9146      1.437     0.0000    -1.0030 -9.990e-29
 156.581644      1.460  -0.001854    15.6664    -1.9145      1.448     0.0000    -1.0021 -9.990e-29
 156.581649      1.474  -0.001854    15.6615    -1.9143      1.462     0.0000    -1.0013 -9.990e-29
 156.581655      1.484  -0.001855    15.6598    -1.9138      1.472     0.0000    -1.0010 -9.990e-29
 156.581661      1.485  -0.001856    15.6621    -1.9137      1.473     0.0000    -1.0014 -9.990e-29
 156.581667      1.483  -0.001857    15.6670    -1.9140      1.471     0.0000    -1.0022 -9.990e-29
 156.581672      1.480  -0.001857    15.6729    -1.9149      1.468     0.0000    -1.0031 -9.990e-29
 156.581678      1.478  -0.001858    15.6777    -1.9156      1.466     0.0000    -1.0039 -9.990e-29
 156.581684      1.477  -0.001859    15.6795    -1.9156      1.465     0.0000    -1.0041 -9.990e-29
 156.581690      1.475  -0.001859    15.6803    -1.9157      1.463     0.0000    -1.0043 -9.990e-29
 156.581696      1.472  -0.001860    15.6827    -1.9157      1.460     0.0000    -1.0047 -9.990e-29
 156.581701      1.470  -0.001861    15.6874    -1.9156      1.458     0.0000    -1.0054 -9.990e-29
 156.581707      1.467  -0.001861    15.6922    -1.9158      1.455     0.0000    -1.0062 -9.990e-29
 156.581713      1.463  -0.001862    15.6926    -1.9158      1.451     0.0000    -1.0062 -9.990e-29
 156.581719      1.458  -0.001863    15.6853    -1.9156      1.446     0.0000    -1.0051 -9.990e-29
 156.581725      1.452  -0.001864    15.6724    -1.9152      1.440     0.0000    -1.0030 -9.990e-29
 156.581730      1.444  -0.001864    15.6603    -1.9151      1.432     0.0000    -1.0011 -9.990e-29
 156.581736      1.434  -0.001865    15.6536    -1.9150      1.422     0.0000    -1.0000 -9.990e-29
 156.581742      1.426  -0.001866    15.6512    -1.9150      1.414     0.0000    -0.9997 -9.990e-29
 156.581748      1.422  -0.001866    15.6505    -1.9151      1.410     0.0000    -0.9995 -9.990e-29
 156.581753      1.420  -0.001867    15.6499    -1.9148      1.408     0.0000    -0.9995 -9.990e-29
 156.581759      1.414  -0.001868    15.6490    -1.9146      1.402     0.0000    -0.9993 -9.990e-29
 156.581765      1.408  -0.001868    15.6500    -1.9143      1.396     0.0000    -0.9995 -9.990e-29
 156.581771      1.410  -0.001869    15.6543    -1.9148      1.398     0.0000    -1.0001 -9.990e-29
 156.581777      1.421  -0.001870    15.6597    -1.9151      1.409     0.0000    -1.0010 -9.990e-29
 156.581782      1.433  -0.001871    15.6637    -1.9142      1.421     0.0000    -1.0016 -9.990e-29
 156.581788      1.442  -0.001871    15.6661    -1.9125      1.430     0.0000    -1.0020 -9.990e-29
 156.581794      1.448  -0.001872    15.6673    -1.9122      1.436     0.0000    -1.0022 -9.990e-29
 156.581800      1.453  -0.001873    15.6690    -1.9125      1.441     0.0000    -1.0025 -9.990e-29
 156.581806      1.456  -0.001873    15.6726    -1.9129      1.444     0.0000    -1.0031 -9.990e-29
 156.581811      1.458  -0.001874    15.6766    -1.9131      1.446     0.0000    -1.0037 -9.990e-29
 156.581817      1.458  -0.001875    15.6781    -1.9130      1.446     0.0000    -1.0039 -9.990e-29
 156.581823      1.457  -0.001875    15.6772    -1.9130      1.445     0.0000    -1.0038 -9.990e-29
 156.581829      1.455  -0.001876    15.6810    -1.9125      1.443     0.0000    -1.0044 -9.990e-29
 156.581834      1.451  -0.001877    15.6960    -1.9123      1.439     0.0000    -1.0068 -9.990e-29
 156.581840      1.446  -0.001878    15.7154    -1.9128      1.434     0.0000    -1.0099 -9.990e-29
 156.581846      1.438  -0.001878    15.7262    -1.9130      1.426     0.0000    -1.0116 -9.990e-29
 156.581852      1.428  -0.001879    15.7266    -1.9127      1.416     0.0000    -1.0116 -9.990e-29
 156.581858      1.419  -0.001880    15.7228    -1.9125      1.407     0.0000    -1.0110 -9.990e-29
 156.581863      1.415  -0.001880    15.7195    -1.9124      1.403     0.0000    -1.0105 -9.990e-29
 156.581869      1.411  -0.001881    15.7191    -1.9125      1.399     0.0000    -1.0104 -9.990e-29
 156.581875      1.407  -0.001882    15.7220    -1.9126      1.395     0.0000    -1.0109 -9.990e-29
 156.581881      1.407  -0.001882    15.7264    -1.9128      1.395     0.0000    -1.0116 -9.990e-29
 156.581887      1.411  -0.001883    15.7280    -1.9136      1.399     0.0000    -1.0119 -9.990e-29
 156.581892      1.420  -0.001884    15.7255    -1.9143      1.408     0.0000    -1.0115 -9.990e-29
 156.581898      1.429  -0.001885    15.7236    -1.9144      1.417     0.0000    -1.0112 -9.990e-29
 156.581904      1.435  -0.001885    15.7252    -1.9144      1.423     0.0000    -1.0114 -9.990e-29
 156.581910      1.438  -0.001886    15.7283    -1.9142      1.426     0.0000    -1.0119 -9.990e-29
 156.581916      1.439  -0.001887    15.7299    -1.9137      1.427     0.0000    -1.0122 -9.990e-29
 156.581921      1.438  -0.001887    15.7287    -1.9134      1.426     0.0000    -1.0120 -9.990e-29
 156.581927      1.433  -0.001888    15.7244    -1.9132      1.421     0.0000    -1.0113 -9.990e-29
 156.581933      1.426  -0.001889    15.7159    -1.9128      1.414     0.0000    -1.0099 -9.990e-29
 156.581939      1.420  -0.001889    15.7036    -1.9132      1.408     0.0000    -1.0080 -9.990e-29
 156.581944      1.419  -0.001890    15.6924    -1.9138      1.407     0.0000    -1.0062 -9.990e-29
 156.581950      1.418  -0.001891    15.6865    -1.9144      1.406     0.0000    -1.0053 -9.990e-29
 156.581956      1.414  -0.001891    15.6862    -1.9147      1.402     0.0000    -1.0052 -9.990e-29
 156.581962      1.410  -0.001892    15.6907    -1.9150      1.398     0.0000    -1.0059 -9.990e-29
