data/oxygen options/OCNMS/OCNMS1/raw_data/2010/CAST_CE015_091410faed.cnv
* Sea-Bird SBE19 Data File:
* FileName = C:\Documents and Settings\OCNMS\Desktop\2010 mooring data\third service\CAST_CE015_091410.hex
* Software Version 1.24
* Temperature SN = 2997
* Conductivity SN = 2997
* System UpLoad Time = Sep 14 2010 15:20:12
** CAST_CE015_091410
* SEACAT PROFILER V3.1c SN 2997   09/14/10  15:18:31.762
# nquan = 9                                 
# nvalues = 599                         
# units = specified
# name 0 = timeJ: Julian Days
# name 1 = prSM: Pressure, Strain Gauge [db]
# name 2 = c0mS/cm: Conductivity [mS/cm]
# name 3 = t090C: Temperature [ITS-90, deg C]
# name 4 = sbeox0ML/L: Oxygen, SBE 43 [ml/l]
# name 5 = depSM: Depth [salt water, m], lat = 47.5
# name 6 = sal00: Salinity, Practical [PSU]
# name 7 = sigma-é00: Density [sigma-theta, kg/m^3]
# name 8 = flag: flag
# span 0 = 257.588704, 257.592164       
# span 1 =     -5.396,     16.307       
# span 2 =   0.024400,  38.882062       
# span 3 =    10.9153,    15.5749       
# span 4 =    -1.6341,    15.4292       
# span 5 =     -5.351,     16.170       
# span 6 =     0.0186,    32.9668       
# span 7 =    -0.9711,    25.2025       
# span 8 = 0.0000e+00, 0.0000e+00       
# interval = seconds: 0.5
# start_time = Sep 14 2010 14:07:44 [Instrument's time stamp, header]
# bad_flag = -9.990e-29
*END*
[from data line 481]
 257.591487     16.233  36.946679    10.9821     4.1201     16.097    32.9241    25.1628 -9.990e-29
 257.591493     16.219  36.947885    10.9823     4.1277     16.083    32.9252    25.1636 -9.990e-29
 257.591499     16.212  36.948629    10.9817     4.1017     16.076    32.9264    25.1647 -9.990e-29
 257.591505     16.213  36.947679    10.9804     4.1155     16.077    32.9267    25.1651 -9.990e-29
 257.591510     16.212  36.944528    10.9785     4.0965     16.076    32.9252    25.1643 -9.990e-29
 257.591516     16.211  36.940585    10.9758     4.1092     16.075    32.9238    25.1637 -9.990e-29
 257.591522     16.212  36.938069    10.9726     4.1206     16.076    32.9241    25.1645 -9.990e-29
 257.591528     16.211  36.936991    10.9694     4.1263     16.075    32.9259    25.1665 -9.990e-29
 257.591534     16.206  36.935539    10.9675     4.1403     16.070    32.9262    25.1670 -9.990e-29
 257.591539     16.194  36.935139    10.9683     4.1160     16.058    32.9251    25.1660 -9.990e-29
 257.591545     16.179  36.937498    10.9716     4.1180     16.043    32.9245    25.1650 -9.990e-29
 257.591551     16.170  36.940718    10.9749     4.1082     16.034    32.9247    25.1646 -9.990e-29
 257.591557     16.170  36.942369    10.9763     4.1081     16.034    32.9251    25.1646 -9.990e-29
 257.591563     16.174  36.941853    10.9758     4.1020     16.038    32.9250    25.1646 -9.990e-29
 257.591568     16.179  36.940163    10.9739     4.0910     16.043    32.9251    25.1650 -9.990e-29
 257.591574     16.185  36.937845    10.9717     4.0856     16.049    32.9247    25.1651 -9.990e-29
 257.591580     16.192  36.936292    10.9700     4.0666     16.056    32.9247    25.1654 -9.990e-29
 257.591586     16.201  36.936237    10.9679     4.0622     16.065    32.9265    25.1672 -9.990e-29
 257.591591     16.208  36.934804    10.9637     4.0376     16.072    32.9289    25.1698 -9.990e-29
 257.591597     16.213  36.930641    10.9584     4.0313     16.077    32.9295    25.1712 -9.990e-29
 257.591603     16.221  36.926043    10.9553     4.0326     16.085    32.9277    25.1704 -9.990e-29
 257.591609     16.229  36.924404    10.9544     4.0398     16.093    32.9269    25.1699 -9.990e-29
 257.591615     16.232  36.925216    10.9534     4.0531     16.096    32.9286    25.1714 -9.990e-29
 257.591620     16.231  36.925080    10.9524     4.0650     16.095    32.9294    25.1722 -9.990e-29
 257.591626     16.225  36.924375    10.9526     4.0898     16.089    32.9285    25.1714 -9.990e-29
 257.591632     16.214  36.924403    10.9545     4.1074     16.078    32.9268    25.1698 -9.990e-29
 257.591638     16.199  36.925200    10.9578     4.1289     16.063    32.9247    25.1675 -9.990e-29
 257.591644     16.176  36.927270    10.9624     4.1191     16.040    32.9226    25.1651 -9.990e-29
 257.591649     16.150  36.931129    10.9688     4.1066     16.015    32.9207    25.1625 -9.990e-29
 257.591655     16.128  36.936882    10.9751     4.0968     15.993    32.9208    25.1614 -9.990e-29
 257.591661     16.111  36.942115    10.9784     4.0965     15.976    32.9230    25.1626 -9.990e-29
 257.591667     16.100  36.943159    10.9781     4.1074     15.965    32.9243    25.1637 -9.990e-29
 257.591672     16.093  36.939728    10.9751     4.1020     15.958    32.9236    25.1636 -9.990e-29
 257.591678     16.086  36.934531    10.9721     4.1060     15.951    32.9211    25.1623 -9.990e-29
 257.591684     16.074  36.931847    10.9718     4.1029     15.939    32.9187    25.1605 -9.990e-29
 257.591690     16.060  36.933699    10.9732     4.1014     15.925    32.9193    25.1607 -9.990e-29
 257.591696     16.049  36.936391    10.9732     4.1093     15.914    32.9220    25.1627 -9.990e-29
 257.591701     16.042  36.936790    10.9712     4.1010     15.907    32.9242    25.1648 -9.990e-29
 257.591707     16.045  36.935428    10.9686     4.1065     15.910    32.9252    25.1660 -9.990e-29
 257.591713     16.054  36.933293    10.9668     4.1063     15.919    32.9247    25.1660 -9.990e-29
 257.591719     16.063  36.932017    10.9665     4.0981     15.928    32.9237    25.1652 -9.990e-29
 257.591725     16.075  36.932701    10.9671     4.1115     15.940    32.9238    25.1652 -9.990e-29
 257.591730     16.090  36.934014    10.9680     4.1451     15.955    32.9243    25.1654 -9.990e-29
 257.591736     16.104  36.934907    10.9691     4.1332     15.969    32.9242    25.1652 -9.990e-29
 257.591742     16.111  36.936009    10.9704     4.1222     15.976    32.9241    25.1649 -9.990e-29
 257.591748     16.105  36.937668    10.9715     4.1076     15.970    32.9248    25.1652 -9.990e-29
 257.591753     16.091  36.939294    10.9721     4.0975     15.956    32.9259    25.1659 -9.990e-29
 257.591759     16.077  36.940255    10.9724     4.1212     15.942    32.9265    25.1664 -9.990e-29
 257.591765     16.065  36.940712    10.9730     4.1206     15.930    32.9265    25.1662 -9.990e-29
 257.591771     16.056  36.941274    10.9741     4.1260     15.921    32.9260    25.1657 -9.990e-29
 257.591777     16.048  36.942130    10.9761     4.1232     15.913    32.9251    25.1646 -9.990e-29
 257.591782     16.038  36.943860    10.9788     4.1198     15.904    32.9244    25.1636 -9.990e-29
 257.591788     16.014  36.946532    10.9807     4.1205     15.880    32.9253    25.1640 -9.990e-29
 257.591794     15.973  36.948105    10.9812     4.1091     15.839    32.9265    25.1648 -9.990e-29
 257.591800     15.916  36.947874    10.9813     4.1119     15.783    32.9262    25.1646 -9.990e-29
 257.591806     15.846  36.947214    10.9813     4.1267     15.713    32.9256    25.1641 -9.990e-29
 257.591811     15.766  36.946365    10.9811     4.1308     15.634    32.9249    25.1636 -9.990e-29
 257.591817     15.672  36.944755    10.9808     4.1584     15.541    32.9236    25.1627 -9.990e-29
 257.591823     15.560  36.943038    10.9826     4.1689     15.430    32.9204    25.1598 -9.990e-29
 257.591829     15.414  36.942289    10.9853     4.1843     15.285    32.9173    25.1569 0.0000e+00
 257.591834     15.229  36.942068    10.9865     4.2060     15.101    32.9161    25.1557 0.0000e+00
 257.591840     15.011  36.943202    10.9916     4.2171     14.885    32.9127    25.1522 0.0000e+00
 257.591846     14.761  36.947765    11.0037     4.2630     14.637    32.9065    25.1452 0.0000e+00
 257.591852     14.487  36.956239    11.0182     4.3215     14.366    32.9020    25.1392 0.0000e+00
 257.591858     14.201  36.968158    11.0301     4.4174     14.082    32.9033    25.1380 0.0000e+00
 257.591863     13.913  36.978125    11.0411     4.5174     13.796    32.9034    25.1362 0.0000e+00
 257.591869     13.624  36.982625    11.0596     4.6007     13.510    32.8914    25.1236 0.0000e+00
 257.591875     13.323  36.989903    11.0965     4.6535     13.211    32.8657    25.0970 0.0000e+00
 257.591881     13.009  37.009663    11.1490     4.6771     12.900    32.8385    25.0665 0.0000e+00
 257.591887     12.686  37.045280    11.1937     4.6910     12.580    32.8339    25.0549 0.0000e+00
 257.591892     12.361  37.089339    11.2200     4.6925     12.257    32.8540    25.0658 0.0000e+00
 257.591898     12.038  37.126072    11.2404     4.7465     11.937    32.8721    25.0763 0.0000e+00
 257.591904     11.719  37.146750    11.2650     4.7957     11.621    32.8707    25.0707 0.0000e+00
 257.591910     11.399  37.158778    11.2936     4.9003     11.304    32.8572    25.0551 0.0000e+00
 257.591916     11.077  37.172030    11.3221     5.0283     10.984    32.8450    25.0404 0.0000e+00
 257.591921     10.748  37.182888    11.3561     5.1498     10.658    32.8255    25.0192 0.0000e+00
 257.591927     10.412  37.194628    11.4113     5.2849     10.325    32.7881    24.9801 0.0000e+00
 257.591933     10.076  37.224029    11.4965     5.3844      9.992    32.7416    24.9285 0.0000e+00
 257.591939      9.737  37.283402    11.6102     5.4959      9.656    32.6993    24.8749 0.0000e+00
 257.591944      9.393  37.365064    11.7278     5.6277      9.314    32.6754    24.8347 0.0000e+00
 257.591950      9.042  37.431093    11.8332     5.7524      8.966    32.6470    24.7933 0.0000e+00
 257.591956      8.688  37.480454    11.9492     5.8758      8.615    32.5934    24.7301 0.0000e+00
 257.591962      8.334  37.549843    12.0718     5.9642      8.264    32.5535    24.6763 0.0000e+00
 257.591968      7.983  37.632047    12.1741     6.0353      7.916    32.5437    24.6495 0.0000e+00
 257.591973      7.635  37.715089    12.2510     6.0531      7.571    32.5569    24.6452 0.0000e+00
 257.591979      7.284  37.790910    12.3179     6.0635      7.223    32.5716    24.6440 0.0000e+00
 257.591985      6.929  37.847983    12.3894     6.0592      6.871    32.5644    24.6248 0.0000e+00
 257.591991      6.579  37.899650    12.4427     6.0642      6.524    32.5677    24.6172 0.0000e+00
 257.591997      6.240  37.952606    12.4553     6.1153      6.188    32.6076    24.6457 0.0000e+00
 257.592002      5.912  37.988367    12.4416     6.2151      5.863    32.6539    24.6842 0.0000e+00
 257.592008      5.593  37.998586    12.4264     6.4136      5.546    32.6770    24.7050 0.0000e+00
 257.592014      5.278  38.009220    12.4275     6.6650      5.234    32.6864    24.7121 0.0000e+00
 257.592020      4.964  38.024915    12.4475     6.9076      4.923    32.6841    24.7065 0.0000e+00
 257.592025      4.650  38.033529    12.4861     7.0863      4.611    32.6589    24.6795 0.0000e+00
 257.592031      4.335  38.052155    12.5428     7.2034      4.299    32.6276    24.6444 0.0000e+00
 257.592037      4.027  38.105631    12.6236     7.3305      3.993    32.6087    24.6142 0.0000e+00
 257.592043      3.727  38.216508    12.7291     7.4720      3.696    32.6230    24.6049 0.0000e+00
 257.592049      3.432  38.344323    12.8223     7.6360      3.403    32.6639    24.6185 0.0000e+00
 257.592054      3.142  38.401141    12.8947     7.7639      3.116    32.6553    24.5977 0.0000e+00
 257.592060      2.855  38.403334    12.9815     7.9087      2.831    32.5827    24.5245 0.0000e+00
 257.592066      2.570  38.415497    13.0704     8.0608      2.549    32.5179    24.4568 0.0000e+00
 257.592072      2.290  38.444889    13.1220     8.2348      2.271    32.5015    24.4340 0.0000e+00
 257.592078      2.023  38.482517    13.1404     8.4159      2.006    32.5212    24.4456 0.0000e+00
 257.592083      1.774  38.527009    13.1538     8.5142      1.759    32.5517    24.4665 0.0000e+00
 257.592089      1.543  38.572122    13.1831     8.5404      1.530    32.5691    24.4742 0.0000e+00
 257.592095      1.334  38.600102    13.2402     8.4260      1.323    32.5466    24.4454 0.0000e+00
 257.592101      1.150  38.598374    13.3113     8.2627      1.140    32.4842    24.3831 0.0000e+00
 257.592106      0.992  38.571925    13.3634     8.1796      0.984    32.4151    24.3192 0.0000e+00
 257.592112      0.854  38.546593    13.3858 -9.990e-29      0.847    32.3724    24.2818 -9.990e-29
 257.592118      0.733  38.535140    13.3971 -9.990e-29      0.727    32.3522    24.2638 -9.990e-29
 257.592124      0.628  38.526787    13.4097 -9.990e-29      0.623    32.3337    24.2470 -9.990e-29
 257.592130      0.538  38.514886    13.4161 -9.990e-29      0.534    32.3172    24.2330 -9.990e-29
 257.592135      0.460  38.499821    13.4115 -9.990e-29      0.456    32.3071    24.2261 -9.990e-29
 257.592141      0.400  38.486171    13.4018 -9.990e-29      0.397    32.3025    24.2245 -9.990e-29
 257.592147      0.356  38.474793    13.3921 -9.990e-29      0.353    32.3001    24.2246 -9.990e-29
 257.592153      0.327  38.463968    13.3847 -9.990e-29      0.324    32.2963    24.2231 -9.990e-29
 257.592159      0.310  38.453833    13.3817 -9.990e-29      0.307    32.2894    24.2183 -9.990e-29
 257.592164      0.304  38.444884 -9.990e-29 -9.990e-29      0.301 -9.990e-29 -9.990e-29 -9.990e-29
