data/oxygen options/OCNMS/OCNMS1/raw_data/2010/CAST_KL027_091610faedb.cnv
* Sea-Bird SBE19 Data File:
* FileName = C:\Documents and Settings\OCNMS\Desktop\2010 mooring data\third service\CAST_KL027_091610.hex
* Software Version 1.24
* Temperature SN = 2997
* Conductivity SN = 2997
* System UpLoad Time = Sep 16 2010 13:58:40
** CAST_KL027_091610
* SEACAT PROFILER V3.1c SN 2997   09/16/10  13:56:57.647
# nquan = 9
# nvalues = 28                          
# units = specified
# name 0 = timeJ: Julian Days
# name 1 = prSM: Pressure, Strain Gauge [db]
# name 2 = c0mS/cm: Conductivity [mS/cm]
# name 3 = t090C: Temperature [ITS-90, deg C]
# name 4 = sbeox0ML/L: Oxygen, SBE 43 [ml/l]
# name 5 = depSM: Depth [salt water, m], lat = 47.5
# name 6 = sal00: Salinity, Practical [PSU]
# name 7 = sigma-é00: Density [sigma-theta, kg/m^3]
# name 8 = flag: flag
# span 0 = 259.418600, 259.419187       
# span 1 =      1.000,     28.000       
# span 2 =  36.545708,  38.639408       
# span 3 =    10.4871,    13.2295       
# span 4 =     3.6448,     7.7971       
# span 5 =      0.992,     27.763       
# span 6 =    32.5928,    32.9670       
# span 7 =    24.4834,    25.2820       
# span 8 = 0.0000e+00, 0.0000e+00       
# interval = decibars: 1                
# start_time = Sep 16 2010 10:01:19 [Instrument's time stamp, header]
# bad_flag = -9.990e-29
*END*
 259.418600      1.000  38.639408    13.2295     7.7971      0.992    32.5928    24.4834 0.0000e+00
 259.418627      2.000  38.606056    13.1898     7.6767      1.983    32.5951    24.4930 0.0000e+00
 259.418652      3.000  38.575837    13.1514     7.6070      2.975    32.5993    24.5039 0.0000e+00
 259.418676      4.000  38.557956    13.1246     7.5755      3.966    32.6050    24.5137 0.0000e+00
 259.418699      5.000  38.541641    13.1074     7.5095      4.958    32.6040    24.5163 0.0000e+00
 259.418720      6.000  38.515497    13.0735     7.3349      5.950    32.6082    24.5262 0.0000e+00
 259.418741      7.000  38.461139    12.9962     7.1635      6.942    32.6230    24.5529 0.0000e+00
 259.418763      8.000  38.287866    12.7981     6.2967      7.933    32.6294    24.5966 0.0000e+00
 259.418784      9.000  38.083557    12.4308     5.3755      8.925    32.7533    24.7632 0.0000e+00
 259.418801     10.000  37.476068    11.7004     5.2363      9.916    32.8071    24.9419 0.0000e+00
 259.418820     11.000  37.134322    11.4120     5.0939     10.908    32.7281    24.9334 0.0000e+00
 259.418841     12.000  37.044815    11.2354     5.0140     11.899    32.7965    25.0183 0.0000e+00
 259.418864     13.000  36.952675    11.1126     4.7407     12.891    32.8147    25.0544 0.0000e+00
 259.418883     14.000  36.793659    10.9149     4.4396     13.883    32.8335    25.1041 0.0000e+00
 259.418902     15.000  36.669530    10.7621     4.5354     14.874    32.8467    25.1412 0.0000e+00
 259.418926     16.000  36.670824    10.7959     4.2598     15.866    32.8172    25.1123 0.0000e+00
 259.418950     17.000  36.718446    10.7196     3.8421     16.857    32.9329    25.2157 0.0000e+00
 259.418968     18.000  36.580118    10.5426     3.8546     17.849    32.9539    25.2628 0.0000e+00
 259.418987     19.000  36.566363    10.5347     3.8786     18.840    32.9468    25.2586 0.0000e+00
 259.419011     20.000  36.573927    10.5420     3.8043     19.832    32.9474    25.2578 0.0000e+00
 259.419033     21.000  36.556442    10.5131     3.7497     20.824    32.9555    25.2692 0.0000e+00
 259.419052     22.000  36.550895    10.4995     3.7277     21.815    32.9618    25.2765 0.0000e+00
 259.419070     23.000  36.552094    10.4980     3.7361     22.807    32.9640    25.2785 0.0000e+00
 259.419093     24.000  36.560944    10.5058     3.7077     23.798    32.9653    25.2782 0.0000e+00
 259.419116     25.000  36.553966    10.4964     3.6824     24.790    32.9665    25.2807 0.0000e+00
 259.419135     26.000  36.545708    10.4872     3.6733     25.781    32.9661    25.2820 0.0000e+00
 259.419156     27.000  36.545720    10.4871     3.6819     26.773    32.9657    25.2817 0.0000e+00
 259.419187     28.000  36.551740    10.4920     3.6448     27.763    32.9670    25.2819 0.0000e+00
