data/oxygen options/OCNMS/OCNMS1/raw_data/2010/CAST_TH015_081710faed.cnv
* Sea-Bird SBE19 Data File:
* FileName = C:\Documents and Settings\OCNMS\Desktop\2010 mooring data\second service\CAST_TH015_081710.hex
* Software Version 1.24
* Temperature SN = 2997
* Conductivity SN = 2997
* System UpLoad Time = Aug 18 2010 18:03:04
** CAST_TH015_081710
* SEACAT PROFILER V3.1c SN 2997   08/18/10  18:01:32.811
# nquan = 9                                 
# nvalues = 578                         
# units = specified
# name 0 = timeJ: Julian Days
# name 1 = prSM: Pressure, Strain Gauge [db]
# name 2 = c0mS/cm: Conductivity [mS/cm]
# name 3 = t090C: Temperature [ITS-90, deg C]
# name 4 = sbeox0ML/L: Oxygen, SBE 43 [ml/l]
# name 5 = depSM: Depth [salt water, m], lat = 47.5
# name 6 = sal00: Salinity, Practical [PSU]
# name 7 = sigma-é00: Density [sigma-theta, kg/m^3]
# name 8 = flag: flag
# span 0 = 229.689086, 229.692425       
# span 1 =     -5.261,     14.864       
# span 2 =   0.050784,  39.023123       
# span 3 =     9.0362,    14.3019       
# span 4 =    -1.9793,    14.7369       
# span 5 =     -5.217,     14.739       
# span 6 =     0.0331,    33.2260       
# span 7 =    -0.7540,    25.7190       
# span 8 = 0.0000e+00, 0.0000e+00       
# interval = seconds: 0.5
# start_time = Aug 17 2010 16:32:17 [Instrument's time stamp, header]
# bad_flag = -9.990e-29
*END*
[from data line 161]
 229.690017     -1.585  13.634546    14.0430    -1.6236     -1.572    10.1928     7.0909 -9.990e-29
 229.690023     -1.493  26.215015    14.0635    -1.6242     -1.481    20.7717    15.2107 -9.990e-29
 229.690029     -1.400  34.457694    14.1031    -1.6248     -1.388    28.0522    20.8048 -9.990e-29
 229.690035     -1.315  37.232427    14.1354    -1.6250     -1.304    30.5445    22.7192 -9.990e-29
 229.690041     -1.241  38.166552    14.1448    -1.6249     -1.231    31.3904    23.3697 -9.990e-29
 229.690046     -1.181  38.488195    14.1383    -1.6245     -1.171    31.6904    23.6024 -9.990e-29
 229.690052     -1.136  38.605471    14.1279    -1.6252     -1.127    31.8064    23.6941 -9.990e-29
 229.690058     -1.098  38.638310    14.1209    -1.6262     -1.089    31.8423    23.7233 -9.990e-29
 229.690064     -1.062  38.641134    14.1206    -1.6267     -1.053    31.8452    23.7255 -9.990e-29
 229.690069     -1.028  38.644041    14.1215    -1.6261     -1.019    31.8471    23.7268 -9.990e-29
 229.690075     -1.000  38.654258    14.1154    -1.6261     -0.992    31.8615    23.7392 -9.990e-29
 229.690081     -0.975  38.660178    14.1056    -1.6272     -0.967    31.8750    23.7516 -9.990e-29
 229.690087     -0.952  38.653993    14.1003    -1.6275     -0.944    31.8737    23.7517 -9.990e-29
 229.690093     -0.929  38.644262    14.0990    -1.6270     -0.921    31.8658    23.7459 -9.990e-29
 229.690098     -0.910  38.636493    14.0924    -1.6272     -0.902    31.8642    23.7460 -9.990e-29
 229.690104     -0.896  38.634892    14.0769    -1.6272     -0.889    31.8755    23.7579 -9.990e-29
 229.690110     -0.884  38.638435    14.0595    -1.6275     -0.877    31.8932    23.7751 -9.990e-29
 229.690116     -0.867  38.633902    14.0473    -1.6274     -0.860    31.8991    23.7822 -9.990e-29
 229.690122     -0.846  38.620842    14.0424    -1.6271     -0.839    31.8911    23.7771 -9.990e-29
 229.690127     -0.822  38.618820    14.0393    -1.6270     -0.815    31.8918    23.7782 -9.990e-29
 229.690133     -0.803  38.624007    14.0336    -1.6271     -0.796    31.9013    23.7867 -9.990e-29
 229.690139     -0.792  38.611364    14.0304    -1.6267     -0.785    31.8923    23.7804 -9.990e-29
 229.690145     -0.788  38.584202    14.0324    -1.6265     -0.781    31.8657    23.7595 -9.990e-29
 229.690150     -0.787  38.565704    14.0354    -1.6269     -0.780    31.8462    23.7438 -9.990e-29
 229.690156     -0.781  38.556979    14.0365    -1.6259     -0.774    31.8373    23.7367 -9.990e-29
 229.690162     -0.763  38.546948    14.0363    -1.6264     -0.757    31.8282    23.7297 -9.990e-29
 229.690168     -0.738  38.537922    14.0369    -1.6261     -0.732    31.8194    23.7228 -9.990e-29
 229.690174     -0.713  38.534671    14.0399    -1.6262     -0.707    31.8139    23.7180 -9.990e-29
 229.690179     -0.690  38.538455    14.0450    -1.6264     -0.684    31.8132    23.7164 -9.990e-29
 229.690185     -0.673  38.544223    14.0526    -1.6262     -0.667    31.8122    23.7141 -9.990e-29
 229.690191     -0.663  38.542840    14.0640    -1.6259     -0.657    31.8015    23.7035 -9.990e-29
 229.690197     -0.657  38.534138    14.0754    -1.6254     -0.652    31.7841    23.6877 -9.990e-29
 229.690203     -0.649  38.521078    14.0807    -1.6256     -0.644    31.7677    23.6740 -9.990e-29
 229.690208     -0.639  38.505296    14.0782    -1.6258     -0.634    31.7553    23.6649 -9.990e-29
 229.690214     -0.627  38.506096    14.0718    -1.6257     -0.622    31.7613    23.6708 -9.990e-29
 229.690220     -0.612  38.531826    14.0674    -1.6257     -0.607    31.7886    23.6928 -9.990e-29
 229.690226     -0.597  38.559613    14.0667    -1.6259     -0.592    31.8147    23.7131 -9.990e-29
 229.690231     -0.585  38.576052    14.0693    -1.6260     -0.580    31.8276    23.7225 -9.990e-29
 229.690237     -0.576  38.578391    14.0746    -1.6260     -0.571    31.8254    23.7197 -9.990e-29
 229.690243     -0.569  38.571980    14.0818    -1.6256     -0.564    31.8135    23.7091 -9.990e-29
 229.690249     -0.559  38.569003    14.0875    -1.6256     -0.554    31.8061    23.7022 -9.990e-29
 229.690255     -0.542  38.572206    14.0876    -1.6256     -0.537    31.8089    23.7044 -9.990e-29
 229.690260     -0.520  38.578568    14.0863    -1.6257     -0.516    31.8159    23.7100 -9.990e-29
 229.690266     -0.501  38.584232    14.0884    -1.6260     -0.497    31.8193    23.7122 -9.990e-29
 229.690272     -0.488  38.583850    14.0905    -1.6259     -0.484    31.8172    23.7102 -9.990e-29
 229.690278     -0.480  38.576343    14.0907    -1.6260     -0.476    31.8102    23.7047 -9.990e-29
 229.690284     -0.473  38.565703    14.0908    -1.6259     -0.469    31.8003    23.6970 -9.990e-29
 229.690289     -0.461  38.556234    14.0918    -1.6259     -0.457    31.7908    23.6895 -9.990e-29
 229.690295     -0.448  38.552676    14.0925    -1.6260     -0.444    31.7869    23.6864 -9.990e-29
 229.690301     -0.438  38.557001    14.0921    -1.6259     -0.434    31.7912    23.6898 -9.990e-29
 229.690307     -0.429  38.566559    14.0917    -1.6261     -0.425    31.8003    23.6969 -9.990e-29
 229.690313     -0.422  38.573347    14.0909    -1.6262     -0.418    31.8072    23.7024 -9.990e-29
 229.690318     -0.416  38.571835    14.0885    -1.6264     -0.413    31.8078    23.7033 -9.990e-29
 229.690324     -0.410  38.565043    14.0855    -1.6262     -0.407    31.8041    23.7010 -9.990e-29
 229.690330     -0.405  38.561281    14.0837    -1.6265     -0.402    31.8021    23.6999 -9.990e-29
 229.690336     -0.399  38.563931    14.0840    -1.6268     -0.396    31.8043    23.7015 -9.990e-29
 229.690341     -0.393  38.567550    14.0850    -1.6267     -0.390    31.8068    23.7032 -9.990e-29
 229.690347     -0.385  38.568546    14.0852    -1.6266     -0.382    31.8075    23.7038 -9.990e-29
 229.690353     -0.381  38.566557    14.0843    -1.6264     -0.378    31.8064    23.7031 -9.990e-29
 229.690359     -0.383  38.563968    14.0820    -1.6262     -0.380    31.8059    23.7032 -9.990e-29
 229.690365     -0.389  38.561241    14.0787    -1.6263     -0.386    31.8062    23.7041 -9.990e-29
 229.690370     -0.393  38.556413    14.0751    -1.6264     -0.390    31.8047    23.7037 -9.990e-29
 229.690376     -0.395  38.551445    14.0717    -1.6263     -0.392    31.8030    23.7030 -9.990e-29
 229.690382     -0.397  38.550350    14.0678    -1.6266     -0.394    31.8052    23.7055 -9.990e-29
 229.690388     -0.399  38.551659    14.0635    -1.6267     -0.396    31.8099    23.7101 -9.990e-29
 229.690394     -0.400  38.549261    14.0608    -1.6265     -0.397    31.8099    23.7106 -9.990e-29
 229.690399     -0.400  38.548357    14.0611    -1.6267     -0.397    31.8089    23.7097 -9.990e-29
 229.690405     -0.400  38.555017    14.0635    -1.6267     -0.397    31.8130    23.7124 -9.990e-29
 229.690411     -0.399  38.563539    14.0660    -1.6266     -0.396    31.8188    23.7164 -9.990e-29
 229.690417     -0.398  38.570146    14.0672    -1.6259     -0.395    31.8238    23.7201 -9.990e-29
 229.690422     -0.396  38.572987    14.0671    -1.6260     -0.393    31.8265    23.7222 -9.990e-29
 229.690428     -0.393  38.569678    14.0661    -1.6261     -0.390    31.8243    23.7207 -9.990e-29
 229.690434     -0.389  38.564767    14.0643    -1.6264     -0.386    31.8213    23.7187 -9.990e-29
 229.690440     -0.384  38.560102    14.0622    -1.6262     -0.381    31.8187    23.7171 -9.990e-29
 229.690446     -0.378  38.554499    14.0609    -1.6260     -0.375    31.8147    23.7143 -9.990e-29
 229.690451     -0.370  38.553931    14.0609    -1.6259     -0.367    31.8141    23.7139 -9.990e-29
 229.690457     -0.359  38.556511    14.0629    -1.6258     -0.356    31.8149    23.7140 -9.990e-29
 229.690463     -0.345  38.555579    14.0690    -1.6259     -0.342    31.8090    23.7082 -9.990e-29
 229.690469     -0.327  38.554928    14.0779    -1.6259     -0.324    31.8010    23.7002 -9.990e-29
 229.690475     -0.309  38.557604    14.0828    -1.6260     -0.306    31.7994    23.6980 -9.990e-29
 229.690480     -0.297  38.559323    14.0811    -1.6256     -0.295    31.8024    23.7006 -9.990e-29
 229.690486     -0.290  38.557884    14.0777    -1.6257     -0.288    31.8039    23.7025 -9.990e-29
 229.690492     -0.281  38.556966    14.0779    -1.6258     -0.279    31.8029    23.7017 -9.990e-29
 229.690498     -0.267  38.559260    14.0814    -1.6264     -0.265    31.8021    23.7003 -9.990e-29
 229.690503     -0.253  38.563333    14.0850    11.4007     -0.251    31.8028    23.7002 -9.990e-29
 229.690509     -0.238  38.567311    14.0864    14.4568     -0.236    31.8053    23.7018 -9.990e-29
 229.690515     -0.225  38.569721    14.0852    14.7369     -0.223    31.8085    23.7045 -9.990e-29
 229.690521     -0.217  38.570894    14.0839    12.6086     -0.215    31.8107    23.7065 -9.990e-29
 229.690527     -0.210  38.572314    14.0850     7.9095     -0.208    31.8111    23.7065 -9.990e-29
 229.690532     -0.199  38.573561    14.0877     8.1557     -0.197    31.8100    23.7052 -9.990e-29
 229.690538     -0.188  38.575663    14.0886     8.4160     -0.186    31.8112    23.7059 -9.990e-29
 229.690544     -0.180  38.578545    14.0876     8.5188     -0.178    31.8146    23.7088 -9.990e-29
 229.690550     -0.174  38.578692    14.0870     8.5451     -0.173    31.8153    23.7094 -9.990e-29
 229.690556     -0.171  38.575106    14.0873     8.5239     -0.170    31.8117    23.7066 -9.990e-29
 229.690561     -0.169  38.587594    14.0873     8.4952     -0.168    31.8232    23.7154 -9.990e-29
 229.690567     -0.165  38.623766    14.0861     8.4679     -0.164    31.8574    23.7421 -9.990e-29
 229.690573     -0.155  38.647705    14.0841     8.4453     -0.154    31.8810    23.7607 -9.990e-29
 229.690579     -0.141  38.648659    14.0819     8.4422     -0.140    31.8837    23.7633 -9.990e-29
 229.690584     -0.127  38.646324    14.0791     8.4259     -0.126    31.8839    23.7640 -9.990e-29
 229.690590     -0.116  38.643676    14.0748     8.4047     -0.115    31.8850    23.7657 -9.990e-29
 229.690596     -0.113  38.638234    14.0711     8.3977     -0.112    31.8831    23.7650 -9.990e-29
 229.690602     -0.113  38.633316    14.0709     8.4008     -0.112    31.8787    23.7616 -9.990e-29
 229.690608     -0.111  38.631820    14.0724     8.4117     -0.110    31.8761    23.7593 -9.990e-29
 229.690613     -0.107  38.631678    14.0723     8.4124     -0.106    31.8761    23.7593 -9.990e-29
 229.690619     -0.101  38.629265    14.0691     8.4030     -0.100    31.8765    23.7603 -9.990e-29
 229.690625     -0.092  38.621852    14.0628     8.3940     -0.091    31.8749    23.7604 -9.990e-29
 229.690631     -0.081  38.611253    14.0559     8.3833     -0.080    31.8708    23.7587 -9.990e-29
 229.690637     -0.066  38.604001    14.0517     8.3839     -0.065    31.8676    23.7570 -9.990e-29
 229.690642     -0.051  38.602683    14.0508     8.3871     -0.051    31.8672    23.7569 -9.990e-29
 229.690648     -0.038  38.604344    14.0514     8.3798     -0.038    31.8682    23.7575 -9.990e-29
 229.690654     -0.024  38.606641    14.0524     8.3838     -0.024    31.8695    23.7583 -9.990e-29
 229.690660     -0.006  38.609763    14.0543     8.3754     -0.006    31.8708    23.7589 -9.990e-29
 229.690666      0.007  38.612755    14.0565     8.3670      0.007    31.8717    23.7592 -9.990e-29
 229.690671      0.016  38.613929    14.0577     8.3672      0.016    31.8718    23.7590 -9.990e-29
 229.690677      0.027  38.614216    14.0579     8.3592      0.027    31.8719    23.7590 -9.990e-29
 229.690683      0.035  38.614486    14.0577     8.3622      0.035    31.8723    23.7594 -9.990e-29
 229.690689      0.037  38.614467    14.0575     8.3647      0.037    31.8724    23.7595 -9.990e-29
 229.690694      0.034  38.613499    14.0571     8.3660      0.034    31.8719    23.7592 -9.990e-29
 229.690700      0.028  38.611902    14.0564     8.3794      0.028    31.8710    23.7587 -9.990e-29
 229.690706      0.029  38.611957    14.0560     8.3887      0.029    31.8714    23.7590 -9.990e-29
 229.690712      0.041  38.613105    14.0562     8.4020      0.041    31.8723    23.7597 -9.990e-29
 229.690718      0.059  38.613439    14.0559     8.4144      0.059    31.8728    23.7602 -9.990e-29
 229.690723      0.078  38.613333    14.0548     8.4122      0.077    31.8736    23.7610 -9.990e-29
 229.690729      0.097  38.613691    14.0539     8.4078      0.096    31.8747    23.7620 -9.990e-29
 229.690735      0.127  38.616600    14.0541     8.4178      0.126    31.8772    23.7639 -9.990e-29
 229.690741      0.174  38.619700    14.0546     8.4272      0.173    31.8796    23.7657 -9.990e-29
 229.690747      0.236  38.618643    14.0550     8.4244      0.234    31.8783    23.7646 -9.990e-29
 229.690752      0.310  38.616993    14.0556     8.4264      0.307    31.8762    23.7629 -9.990e-29
 229.690758      0.395  38.618641    14.0560     8.4316      0.392    31.8774    23.7637 -9.990e-29
 229.690764      0.492  38.620106    14.0559     8.4362      0.488    31.8788    23.7648 -9.990e-29
 229.690770      0.599  38.617663    14.0551     8.4471      0.594    31.8771    23.7637 -9.990e-29
 229.690775      0.714  38.613027    14.0524     8.4536      0.708    31.8751    23.7627 -9.990e-29
 229.690781      0.837  38.605546    14.0465     8.4454      0.830    31.8730    23.7623 -9.990e-29
 229.690787      0.970  38.595261    14.0364     8.4636      0.962    31.8719    23.7635 0.0000e+00
 229.690793      1.118  38.584082    14.0293     8.4477      1.109    31.8674    23.7615 0.0000e+00
 229.690799      1.278  38.586177    14.0377     8.4675      1.267    31.8623    23.7559 0.0000e+00
 229.690804      1.442  38.614351    14.0552     8.5079      1.430    31.8737    23.7610 0.0000e+00
 229.690810      1.604  38.636586    14.0657     8.5412      1.591    31.8854    23.7679 0.0000e+00
 229.690816      1.761  38.634810    14.0694     8.5672      1.746    31.8806    23.7635 0.0000e+00
 229.690822      1.918  38.636297    14.0776     8.5549      1.902    31.8751    23.7576 0.0000e+00
 229.690828      2.087  38.658090    14.1027     8.5644      2.070    31.8743    23.7518 0.0000e+00
 229.690833      2.273  38.711237    14.1460     8.5821      2.254    31.8872    23.7528 0.0000e+00
 229.690839      2.475  38.787490    14.1907     8.5980      2.454    31.9201    23.7690 0.0000e+00
 229.690845      2.684  38.848313    14.2203     8.6015      2.662    31.9512    23.7869 0.0000e+00
 229.690851      2.889  38.873279    14.2324     8.6191      2.865    31.9640    23.7943 0.0000e+00
 229.690856      3.086  38.873747    14.2349     8.6709      3.060    31.9623    23.7924 0.0000e+00
 229.690862      3.282  38.872694    14.2384     8.6469      3.255    31.9584    23.7887 0.0000e+00
 229.690868      3.485  38.887701    14.2533     8.5930      3.456    31.9597    23.7866 0.0000e+00
 229.690874      3.696  38.922449    14.2779     8.5125      3.665    31.9711    23.7903 0.0000e+00
 229.690880      3.911  38.962090    14.2963     8.3172      3.878    31.9920    23.8026 0.0000e+00
 229.690885      4.127  38.983168    14.3019     8.0844      4.093    32.0066    23.8127 0.0000e+00
 229.690891      4.343  38.985130    14.3001     7.8745      4.307    32.0098    23.8156 0.0000e+00
 229.690897      4.567  38.994626    14.2884     7.6794      4.529    32.0281    23.8321 0.0000e+00
 229.690903      4.798  39.023123    14.2382     7.5245      4.758    32.0957    23.8947 0.0000e+00
 229.690909      5.035  39.018287    14.1330     7.3412      4.993    32.1788    23.9806 0.0000e+00
 229.690914      5.271  38.920342    14.0102     7.1259      5.227    32.1912    24.0155 0.0000e+00
 229.690920      5.495  38.812750    13.8941     6.8548      5.449    32.1891    24.0376 0.0000e+00
 229.690926      5.705  38.772263    13.7722     6.6076      5.657    32.2539    24.1125 0.0000e+00
 229.690932      5.909  38.712288    13.6519     6.4488      5.860    32.2996    24.1721 0.0000e+00
