data/oxygen options/OCNMS/OCNMS1/raw_data/2010/CAST_KL050_082110faed.cnv
* Sea-Bird SBE19 Data File:
* FileName = C:\Documents and Settings\OCNMS\Desktop\2010 mooring data\second service\CAST_KL050_082110.hex
* Software Version 1.24
* Temperature SN = 2997
* Conductivity SN = 2997
* System UpLoad Time = Aug 21 2010 17:04:33
** CAST_KL050_082110
* SEACAT PROFILER V3.1c SN 2997   08/21/10  17:02:35.549
# nquan = 9                                 
# nvalues = 734                         
# units = specified
# name 0 = timeJ: Julian Days
# name 1 = prSM: Pressure, Strain Gauge [db]
# name 2 = c0mS/cm: Conductivity [mS/cm]
# name 3 = t090C: Temperature [ITS-90, deg C]
# name 4 = sbeox0ML/L: Oxygen, SBE 43 [ml/l]
# name 5 = depSM: Depth [salt water, m], lat = 47.5
# name 6 = sal00: Salinity, Practical [PSU]
# name 7 = sigma-é00: Density [sigma-theta, kg/m^3]
# name 8 = flag: flag
# span 0 = 233.480208, 233.484450       
# span 1 =     -5.189,     51.209       
# span 2 =  -0.000420,  38.976905       
# span 3 =     6.9797,    15.3978       
# span 4 =    -1.6730,    14.1254       
# span 5 =     -5.146,     50.775       
# span 6 =     0.0000,    33.7611       
# span 7 =    -0.9594,    26.4461       
# span 8 = 0.0000e+00, 0.0000e+00       
# interval = seconds: 0.5
# start_time = Aug 21 2010 11:31:30 [Instrument's time stamp, header]
# bad_flag = -9.990e-29
*END*
[from data line 321]
 233.482066     41.884  34.243605     7.1793     2.2551     41.530    33.6583    26.3378 0.0000e+00
 233.482072     42.082  34.229623     7.1490     2.1939     41.727    33.6725    26.3531 0.0000e+00
 233.482078     42.292  34.211062     7.1175     2.1045     41.935    33.6828    26.3657 0.0000e+00
 233.482083     42.510  34.197347     7.0952     2.0675     42.151    33.6895    26.3740 0.0000e+00
 233.482089     42.737  34.190356     7.0759     2.0234     42.376    33.7006    26.3854 0.0000e+00
 233.482095     42.978  34.185254     7.0513     2.0050     42.615    33.7190    26.4032 0.0000e+00
 233.482101     43.232  34.178608     7.0260     2.0200     42.867    33.7364    26.4204 0.0000e+00
 233.482106     43.485  34.171648     7.0084     2.0214     43.118    33.7459    26.4302 0.0000e+00
 233.482112     43.723  34.167419     7.0012     2.0325     43.353    33.7482    26.4331 0.0000e+00
 233.482118     43.940  34.167006     7.0036     2.0123     43.569    33.7453    26.4304 0.0000e+00
 233.482124     44.136  34.168749     7.0119     1.9929     43.763    33.7389    26.4243 0.0000e+00
 233.482130     44.325  34.167139     7.0193     1.9676     43.950    33.7298    26.4161 0.0000e+00
 233.482135     44.527  34.152203     7.0191     1.9486     44.151    33.7136    26.4034 0.0000e+00
 233.482141     44.754  34.099001     7.0099     1.9433     44.376    33.6641    26.3657 0.0000e+00
 233.482147     45.004  34.054774     6.9977     1.9340     44.624    33.6274    26.3385 0.0000e+00
 233.482153     45.263  34.088244     6.9895     1.9345     44.880    33.6720    26.3747 0.0000e+00
 233.482159     45.518  34.137644     6.9870     1.9232     45.133    33.7286    26.4196 0.0000e+00
 233.482164     45.758  34.155167     6.9881     1.9223     45.371    33.7466    26.4336 0.0000e+00
 233.482170     45.978  34.162508     6.9903     1.9073     45.589    33.7524    26.4379 0.0000e+00
 233.482176     46.183  34.165543     6.9912     1.9027     45.792    33.7547    26.4396 0.0000e+00
 233.482182     46.386  34.165532     6.9895     1.8940     45.994    33.7563    26.4411 0.0000e+00
 233.482188     46.596  34.163593     6.9861     1.8957     46.202    33.7574    26.4424 0.0000e+00
 233.482193     46.809  34.161632     6.9832     1.9049     46.413    33.7580    26.4433 0.0000e+00
 233.482199     47.013  34.160965     6.9822     1.8922     46.615    33.7581    26.4435 0.0000e+00
 233.482205     47.200  34.161834     6.9832     1.8920     46.801    33.7580    26.4433 0.0000e+00
 233.482211     47.372  34.163726     6.9850     1.8796     46.971    33.7582    26.4432 0.0000e+00
 233.482216     47.540  34.165256     6.9860     1.8772     47.138    33.7588    26.4436 0.0000e+00
 233.482222     47.712  34.165677     6.9857     1.8806     47.308    33.7595    26.4441 0.0000e+00
 233.482228     47.893  34.165002     6.9844     1.8703     47.488    33.7600    26.4447 0.0000e+00
 233.482234     48.096  34.163462     6.9825     1.8681     47.689    33.7600    26.4450 0.0000e+00
 233.482240     48.324  34.161816     6.9807     1.8639     47.915    33.7599    26.4451 0.0000e+00
 233.482245     48.570  34.160682     6.9799     1.8696     48.159    33.7593    26.4448 0.0000e+00
 233.482251     48.825  34.160238     6.9797     1.8711     48.412    33.7589    26.4445 0.0000e+00
 233.482257     49.079  34.160460     6.9798     1.8588     48.664    33.7589    26.4445 0.0000e+00
 233.482263     49.323  34.161096     6.9804     1.8589     48.906    33.7589    26.4444 0.0000e+00
 233.482269     49.546  34.161885     6.9815     1.8608     49.127    33.7586    26.4440 0.0000e+00
 233.482274     49.745  34.162767     6.9821     1.8604     49.324    33.7589    26.4441 0.0000e+00
 233.482280     49.930  34.163251     6.9819     1.8581     49.507    33.7595    26.4447 0.0000e+00
 233.482286     50.106  34.162874     6.9811     1.8480     49.682    33.7598    26.4450 0.0000e+00
 233.482292     50.273  34.162266     6.9803     1.8562     49.847    33.7598    26.4452 0.0000e+00
 233.482297     50.424  34.162308     6.9801     1.8559     49.997    33.7600    26.4453 0.0000e+00
 233.482303     50.556  34.163067     6.9805     1.8595     50.128    33.7604    26.4456 -9.990e-29
 233.482309     50.673  34.163884     6.9808     1.8534     50.244    33.7609    26.4459 -9.990e-29
 233.482315     50.782  34.164181     6.9809     1.8496     50.352    33.7611    26.4461 -9.990e-29
 233.482321     50.887  34.163992     6.9809     1.8373     50.456    33.7608    26.4459 -9.990e-29
 233.482326     50.980  34.163629     6.9809     1.8434     50.548    33.7604    26.4455 -9.990e-29
 233.482332     51.055  34.163365     6.9811     1.8491     50.623    33.7599    26.4451 -9.990e-29
 233.482338     51.112  34.163419     6.9815     1.8447     50.679    33.7595    26.4447 -9.990e-29
 233.482344     51.156  34.163497     6.9814     1.8485     50.723    33.7597    26.4449 -9.990e-29
 233.482350     51.188  34.163150     6.9813     1.8365     50.754    33.7594    26.4447 -9.990e-29
 233.482355     51.207  34.163045     6.9821     1.8446     50.773    33.7584    26.4438 -9.990e-29
 233.482361     51.209  34.163610     6.9827     1.8421     50.775    33.7585    26.4438 -9.990e-29
 233.482367     51.195  34.163924     6.9826     1.8421     50.761    33.7589    26.4441 -9.990e-29
 233.482373     51.159  34.163854     6.9825     1.8440     50.726    33.7590    26.4442 -9.990e-29
 233.482378     51.096  34.163874     6.9826     1.8340     50.663    33.7589    26.4441 -9.990e-29
 233.482384     51.004  34.164021     6.9830     1.8360     50.572    33.7587    26.4439 -9.990e-29
 233.482390     50.887  34.164498     6.9835     1.8280     50.456    33.7588    26.4439 -9.990e-29
 233.482396     50.747  34.164828     6.9835     1.8362     50.317    33.7593    26.4443 0.0000e+00
 233.482402     50.586  34.164339     6.9830     1.8339     50.158    33.7593    26.4444 0.0000e+00
 233.482407     50.416  34.163508     6.9828     1.8419     49.989    33.7587    26.4439 0.0000e+00
 233.482413     50.252  34.162917     6.9832     1.8377     49.827    33.7577    26.4431 0.0000e+00
 233.482419     50.106  34.162347     6.9831     1.8339     49.682    33.7572    26.4427 -9.990e-29
 233.482425     49.984  34.161607     6.9824     1.8358     49.561    33.7572    26.4428 -9.990e-29
 233.482431     49.896  34.160838     6.9815     1.8176     49.474    33.7573    26.4430 -9.990e-29
 233.482436     49.850  34.160146     6.9807     1.8336     49.428    33.7573    26.4431 -9.990e-29
 233.482442     49.842  34.159735     6.9802     1.8294     49.420    33.7573    26.4432 -9.990e-29
 233.482448     49.860  34.159625     6.9800     1.8314     49.438    33.7574    26.4433 -9.990e-29
 233.482454     49.886  34.159676     6.9800     1.8353     49.464    33.7575    26.4433 -9.990e-29
 233.482459     49.911  34.159964     6.9804     1.8215     49.488    33.7574    26.4432 -9.990e-29
 233.482465     49.931  34.160320     6.9806     1.8314     49.508    33.7576    26.4433 -9.990e-29
 233.482471     49.948  34.160105     6.9807     1.8253     49.525    33.7572    26.4430 -9.990e-29
 233.482477     49.958  34.159600     6.9812     1.8333     49.535    33.7562    26.4421 -9.990e-29
 233.482483     49.953  34.159818     6.9820     1.8291     49.530    33.7556    26.4416 -9.990e-29
 233.482488     49.934  34.160498     6.9825     1.8333     49.511    33.7559    26.4417 -9.990e-29
 233.482494     49.911  34.160874     6.9823     1.8292     49.488    33.7565    26.4423 -9.990e-29
 233.482500     49.897  34.160896     6.9818     1.8253     49.475    33.7570    26.4427 -9.990e-29
 233.482506     49.894  34.160603     6.9813     1.8273     49.472    33.7572    26.4429 -9.990e-29
 233.482512     49.898  34.160173     6.9811     1.8256     49.476    33.7569    26.4428 -9.990e-29
 233.482517     49.901  34.160159     6.9812     1.8292     49.479    33.7568    26.4426 -9.990e-29
 233.482523     49.899  34.160549     6.9814     1.8211     49.477    33.7570    26.4428 -9.990e-29
 233.482529     49.895  34.160749     6.9817     1.8273     49.473    33.7570    26.4427 -9.990e-29
 233.482535     49.898  34.160475     6.9817     1.8211     49.476    33.7567    26.4425 -9.990e-29
 233.482541     49.914  34.159930     6.9814     1.8212     49.491    33.7564    26.4423 -9.990e-29
 233.482546     49.941  34.159515     6.9808     1.8233     49.518    33.7565    26.4424 -9.990e-29
 233.482552     49.979  34.159246     6.9801     1.8213     49.556    33.7568    26.4428 -9.990e-29
 233.482558     50.025  34.158771     6.9797     1.8251     49.601    33.7567    26.4428 -9.990e-29
 233.482564     50.082  34.158023     6.9798     1.8168     49.658    33.7557    26.4420 -9.990e-29
 233.482569     50.141  34.157693     6.9805     1.8229     49.716    33.7547    26.4411 -9.990e-29
 233.482575     50.189  34.158468     6.9811     1.8168     49.764    33.7549    26.4412 -9.990e-29
 233.482581     50.228  34.159708     6.9814     1.8168     49.803    33.7560    26.4420 -9.990e-29
 233.482587     50.265  34.160274     6.9817     1.8189     49.839    33.7563    26.4422 -9.990e-29
 233.482593     50.304  34.159809     6.9813     1.8170     49.878    33.7561    26.4421 -9.990e-29
 233.482598     50.341  34.158819     6.9804     1.8209     49.915    33.7559    26.4421 -9.990e-29
 233.482604     50.366  34.158233     6.9801     1.8208     49.940    33.7555    26.4418 -9.990e-29
 233.482610     50.369  34.158397     6.9807     1.8208     49.943    33.7551    26.4414 -9.990e-29
 233.482616     50.349  34.158975     6.9816     1.8126     49.923    33.7549    26.4411 -9.990e-29
 233.482622     50.318  34.159624     6.9820     1.8187     49.892    33.7552    26.4413 -9.990e-29
 233.482627     50.291  34.160101     6.9818     1.8125     49.865    33.7560    26.4419 -9.990e-29
 233.482633     50.280  34.159931     6.9814     1.8126     49.854    33.7562    26.4421 -9.990e-29
 233.482639     50.287  34.158894     6.9810     1.8146     49.861    33.7554    26.4416 -9.990e-29
 233.482645     50.309  34.157855     6.9808     1.8127     49.883    33.7545    26.4409 -9.990e-29
 233.482650     50.334  34.157677     6.9806     1.8167     49.908    33.7545    26.4409 -9.990e-29
 233.482656     50.347  34.158131     6.9805     1.8167     49.921    33.7550    26.4414 -9.990e-29
 233.482662     50.341  34.158706     6.9809     1.8248     49.915    33.7553    26.4415 -9.990e-29
 233.482668     50.319  34.159056     6.9815     1.8186     49.893    33.7551    26.4413 -9.990e-29
 233.482674     50.287  34.159096     6.9818     1.8165     49.861    33.7549    26.4410 -9.990e-29
 233.482679     50.258  34.158888     6.9815     1.8064     49.832    33.7549    26.4411 -9.990e-29
 233.482685     50.247  34.158163     6.9807     1.8025     49.822    33.7549    26.4412 -9.990e-29
 233.482691     50.264  34.157083     6.9800     1.8066     49.838    33.7544    26.4409 -9.990e-29
 233.482697     50.313  34.156458     6.9798     1.8085     49.887    33.7539    26.4406 -9.990e-29
 233.482703     50.382  34.156583     6.9798     1.8043     49.955    33.7540    26.4407 -9.990e-29
 233.482708     50.455  34.157069     6.9799     1.8024     50.028    33.7544    26.4410 -9.990e-29
 233.482714     50.511  34.157449     6.9802     1.8104     50.083    33.7545    26.4410 -9.990e-29
 233.482720     50.536  34.157677     6.9806     1.8062     50.108    33.7544    26.4408 -9.990e-29
 233.482726     50.528  34.158065     6.9812     1.8162     50.100    33.7542    26.4406 -9.990e-29
 233.482731     50.495  34.158577     6.9815     1.8081     50.067    33.7545    26.4408 -9.990e-29
 233.482737     50.459  34.158783     6.9812     1.8122     50.032    33.7550    26.4413 -9.990e-29
 233.482743     50.445  34.158409     6.9805     1.7999     50.018    33.7553    26.4416 -9.990e-29
 233.482749     50.456  34.157525     6.9803     1.8022     50.029    33.7545    26.4410 -9.990e-29
 233.482755     50.480  34.156641     6.9807     1.8060     50.053    33.7532    26.4398 -9.990e-29
 233.482760     50.501  34.156266     6.9810     1.8061     50.073    33.7524    26.4392 -9.990e-29
 233.482766     50.507  34.156466     6.9810     1.8199     50.079    33.7527    26.4394 -9.990e-29
 233.482772     50.500  34.156955     6.9808     1.8019     50.072    33.7534    26.4400 -9.990e-29
 233.482778     50.483  34.157272     6.9808     1.8062     50.056    33.7537    26.4403 -9.990e-29
 233.482784     50.450  34.157288     6.9809     1.7981     50.023    33.7537    26.4402 -9.990e-29
 233.482789     50.400  34.157031     6.9809     1.8044     49.973    33.7534    26.4400 -9.990e-29
 233.482795     50.346  34.156727     6.9809     1.8039     49.920    33.7531    26.4398 -9.990e-29
 233.482801     50.306  34.156538     6.9809     1.8082     49.880    33.7529    26.4396 -9.990e-29
 233.482807     50.291  34.156222     6.9809     1.8120     49.865    33.7526    26.4394 -9.990e-29
 233.482812     50.304  34.155926     6.9809     1.8021     49.878    33.7523    26.4391 -9.990e-29
 233.482818     50.338  34.155824     6.9808     1.8102     49.912    33.7522    26.4391 -9.990e-29
 233.482824     50.381  34.155787     6.9806     1.8002     49.954    33.7524    26.4392 -9.990e-29
 233.482830     50.432  34.155771     6.9802     1.8082     50.005    33.7527    26.4396 -9.990e-29
 233.482836     50.490  34.155765     6.9798     1.8038     50.062    33.7531    26.4399 -9.990e-29
 233.482841     50.550  34.155767     6.9798     1.8000     50.122    33.7530    26.4399 -9.990e-29
 233.482847     50.607  34.155786     6.9800     1.8019     50.178    33.7528    26.4397 -9.990e-29
 233.482853     50.657  34.155854     6.9804     1.8081     50.228    33.7525    26.4394 -9.990e-29
 233.482859     50.699  34.156070     6.9808     1.7978     50.270    33.7523    26.4392 -9.990e-29
 233.482865     50.734  34.156169     6.9806     1.8019     50.304    33.7526    26.4394 -9.990e-29
 233.482870     50.761  34.155731     6.9801     1.8020     50.331    33.7526    26.4395 -9.990e-29
 233.482876     50.774  34.155299     6.9801     1.8020     50.344    33.7521    26.4391 -9.990e-29
 233.482882     50.768  34.155425     6.9805     1.8077     50.338    33.7519    26.4389 -9.990e-29
 233.482888     50.747  34.155723     6.9809     1.8039     50.317    33.7518    26.4388 -9.990e-29
 233.482894     50.724  34.156040     6.9811     1.7957     50.294    33.7520    26.4389 -9.990e-29
 233.482899     50.709  34.156245     6.9813     1.7939     50.280    33.7520    26.4389 -9.990e-29
 233.482905     50.706  34.156061     6.9812     1.7939     50.277    33.7519    26.4388 -9.990e-29
 233.482911     50.710  34.155810     6.9808     1.7877     50.281    33.7520    26.4390 -9.990e-29
 233.482917     50.713  34.155726     6.9807     1.7978     50.284    33.7520    26.4390 -9.990e-29
 233.482922     50.716  34.155703     6.9808     1.7917     50.287    33.7519    26.4389 -9.990e-29
 233.482928     50.722  34.155719     6.9807     1.7998     50.292    33.7520    26.4390 -9.990e-29
 233.482934     50.728  34.155802     6.9805     1.7955     50.298    33.7523    26.4392 -9.990e-29
 233.482940     50.729  34.156072     6.9804     1.7916     50.299    33.7527    26.4395 -9.990e-29
 233.482946     50.731  34.156335     6.9803     1.7935     50.301    33.7531    26.4399 -9.990e-29
 233.482951     50.742  34.156391     6.9802     1.7997     50.312    33.7532    26.4400 -9.990e-29
 233.482957     50.767  34.156320     6.9803     1.8055     50.337    33.7531    26.4398 -9.990e-29
 233.482963     50.807  34.156037     6.9805     1.8055     50.377    33.7525    26.4394 -9.990e-29
 233.482969     50.860  34.155731     6.9806     1.8036     50.429    33.7521    26.4390 -9.990e-29
 233.482975     50.918  34.155562     6.9806     1.7836     50.487    33.7519    26.4388 -9.990e-29
 233.482980     50.967  34.155313     6.9807     1.7959     50.535    33.7515    26.4385 -9.990e-29
