data/oxygen options/OCNMS/OCNMS1/raw_data/2010/CAST_KL050_101810faedb.cnv
* Sea-Bird SBE19 Data File:
* FileName = C:\Documents and Settings\OCNMS\Desktop\2010 mooring data\fourth service\CAST_KL050_101810.hex
* Software Version 1.24
* Temperature SN = 2997
* Conductivity SN = 2997
* System UpLoad Time = Oct 18 2010 10:56:44
** CAST_KL050_101810
* SEACAT PROFILER V3.1c SN 2997   10/18/10  10:55:06.147
# nquan = 9
# nvalues = 51                          
# units = specified
# name 0 = timeJ: Julian Days
# name 1 = prSM: Pressure, Strain Gauge [db]
# name 2 = c0mS/cm: Conductivity [mS/cm]
# name 3 = t090C: Temperature [ITS-90, deg C]
# name 4 = sbeox0ML/L: Oxygen, SBE 43 [ml/l]
# name 5 = depSM: Depth [salt water, m], lat = 47.5
# name 6 = sal00: Salinity, Practical [PSU]
# name 7 = sigma-é00: Density [sigma-theta, kg/m^3]
# name 8 = flag: flag
# span 0 = 291.450278, 291.451187       
# span 1 =      2.000,     52.000       
# span 2 =  34.311700,  37.765174       
# span 3 =     7.5034,    13.3479       
# span 4 =     2.7371,     6.1366       
# span 5 =      1.983,     51.559       
# span 6 =    31.4081,    33.4173       
# span 7 =    23.5438,    26.1019       
# span 8 = 0.0000e+00, 0.0000e+00       
# interval = decibars: 1                
# start_time = Oct 18 2010 10:44:57 [Instrument's time stamp, header]
# bad_flag = -9.990e-29
*END*
 291.450278      2.000  37.480407    13.3479     6.1366      1.983    31.4081    23.5438 0.0000e+00
 291.450313      3.000  37.481295    13.3428     6.1185      2.975    31.4128    23.5485 0.0000e+00
 291.450339      4.000  37.482131    13.3363     6.0499      3.967    31.4185    23.5542 0.0000e+00
 291.450360      5.000  37.493369    13.3325     5.9548      4.958    31.4318    23.5652 0.0000e+00
 291.450376      6.000  37.545136    13.3308     5.9544      5.950    31.4811    23.6037 0.0000e+00
 291.450392      7.000  37.594063    13.3282     5.9367      6.942    31.5285    23.6409 0.0000e+00
 291.450408      8.000  37.608608    13.3176     5.9246      7.933    31.5504    23.6600 0.0000e+00
 291.450423      9.000  37.612825    13.3069     5.9167      8.925    31.5629    23.6717 0.0000e+00
 291.450438     10.000  37.618625    13.3010     5.9110      9.916    31.5728    23.6806 0.0000e+00
 291.450453     11.000  37.621497    13.2970     5.8947     10.908    31.5784    23.6858 0.0000e+00
 291.450470     12.000  37.627548    13.2910     5.8491     11.899    31.5886    23.6948 0.0000e+00
 291.450488     13.000  37.642517    13.2733     5.8391     12.891    31.6169    23.7202 0.0000e+00
 291.450507     14.000  37.655952    13.2490     5.8289     13.883    31.6493    23.7501 0.0000e+00
 291.450525     15.000  37.650034    13.2152     5.7842     14.874    31.6715    23.7739 0.0000e+00
 291.450542     16.000  37.666698    13.1927     5.7531     15.866    31.7055    23.8046 0.0000e+00
 291.450559     17.000  37.695497    13.1752     5.6976     16.857    31.7467    23.8399 0.0000e+00
 291.450576     18.000  37.720837    13.1630     5.6725     17.849    31.7803    23.8684 0.0000e+00
 291.450594     19.000  37.754595    13.1351     5.6574     18.840    31.8349    23.9161 0.0000e+00
 291.450613     20.000  37.763745    13.1276     5.5552     19.832    31.8493    23.9288 0.0000e+00
 291.450631     21.000  37.765174    13.0519     5.4193     20.824    31.9139    23.9936 0.0000e+00
 291.450645     22.000  37.758087    12.9271     5.3573     21.815    32.0122    24.0940 0.0000e+00
 291.450659     23.000  37.676464    12.7618     5.3683     22.807    32.0747    24.1744 0.0000e+00
 291.450673     24.000  37.616287    12.6776     5.3988     23.798    32.0888    24.2016 0.0000e+00
 291.450690     25.000  37.596182    12.6399     5.4122     24.789    32.1014    24.2187 0.0000e+00
 291.450707     26.000  37.561030    12.5849     5.3310     25.782    32.1144    24.2393 0.0000e+00
 291.450725     27.000  37.469620    12.4362     5.1015     26.773    32.1540    24.2983 0.0000e+00
 291.450742     28.000  37.277582    12.1664     4.5985     27.764    32.2012    24.3858 0.0000e+00
 291.450757     29.000  37.119505    11.8528     4.2685     28.756    32.3197    24.5359 0.0000e+00
 291.450772     30.000  36.819979    11.3592     4.2618     29.747    32.4584    24.7336 0.0000e+00
 291.450786     31.000  36.602734    11.1048     4.2918     30.739    32.4685    24.7869 0.0000e+00
 291.450803     32.000  36.471227    11.0333     4.1458     31.730    32.4013    24.7473 0.0000e+00
 291.450822     33.000  36.460937    10.9826     3.8077     32.722    32.4356    24.7829 0.0000e+00
 291.450840     34.000  36.137036    10.3922     3.6574     33.714    32.6380    25.0426 0.0000e+00
 291.450855     35.000  35.909343    10.0288     3.5922     34.705    32.7355    25.1798 0.0000e+00
 291.450872     36.000  35.778395     9.8646     3.4604     35.696    32.7509    25.2192 0.0000e+00
 291.450889     37.000  35.710496     9.6535     3.3285     36.688    32.8738    25.3497 0.0000e+00
 291.450906     38.000  35.415524     9.2261     3.2410     37.680    32.9626    25.4880 0.0000e+00
 291.450920     39.000  35.206336     8.9279     3.1797     38.671    33.0213    25.5808 0.0000e+00
 291.450936     40.000  35.066988     8.7276     3.0482     39.662    33.0619    25.6435 0.0000e+00
 291.450952     41.000  34.904297     8.4674     2.9265     40.654    33.1343    25.7400 0.0000e+00
 291.450968     42.000  34.664394     8.0299     2.8589     41.645    33.2929    25.9295 0.0000e+00
 291.450985     43.000  34.456811     7.7266     2.8337     42.636    33.3598    26.0261 0.0000e+00
 291.451001     44.000  34.403396     7.6318     2.8276     43.628    33.3926    26.0654 0.0000e+00
 291.451017     45.000  34.372589     7.5747     2.7961     44.620    33.4139    26.0902 0.0000e+00
 291.451032     46.000  34.355356     7.5550     2.7972     45.611    33.4138    26.0929 0.0000e+00
 291.451049     47.000  34.344330     7.5465     2.7723     46.602    33.4095    26.0908 0.0000e+00
 291.451066     48.000  34.332922     7.5251     2.7760     47.593    33.4173    26.1000 0.0000e+00
 291.451083     49.000  34.326324     7.5200     2.7504     48.585    33.4145    26.0986 0.0000e+00
 291.451102     50.000  34.318341     7.5083     2.7555     49.577    33.4167    26.1019 0.0000e+00
 291.451120     51.000  34.311700     7.5034     2.7371     50.568    33.4138    26.1003 0.0000e+00
 291.451187     52.000  34.314104     7.5180     2.7390     51.559    33.4019    26.0889 0.0000e+00
