data/oxygen options/OCNMS/OCNMS1/raw_data/2010/CAST_KL050_091610faed.cnv
* Sea-Bird SBE19 Data File:
* FileName = C:\Documents and Settings\OCNMS\Desktop\2010 mooring data\third service\CAST_KL050_091610.hex
* Software Version 1.24
* Temperature SN = 2997
* Conductivity SN = 2997
* System UpLoad Time = Sep 16 2010 13:57:26
** CAST_KL050_091610
* SEACAT PROFILER V3.1c SN 2997   09/16/10  13:54:33.636
# nquan = 9                                 
# nvalues = 850                         
# units = specified
# name 0 = timeJ: Julian Days
# name 1 = prSM: Pressure, Strain Gauge [db]
# name 2 = c0mS/cm: Conductivity [mS/cm]
# name 3 = t090C: Temperature [ITS-90, deg C]
# name 4 = sbeox0ML/L: Oxygen, SBE 43 [ml/l]
# name 5 = depSM: Depth [salt water, m], lat = 47.5
# name 6 = sal00: Salinity, Practical [PSU]
# name 7 = sigma-é00: Density [sigma-theta, kg/m^3]
# name 8 = flag: flag
# span 0 = 259.359780, 259.364693       
# span 1 =     -1.148,     52.067       
# span 2 =   0.617433,  37.492489       
# span 3 =     7.2491,    12.4556       
# span 4 =   -11.1415,    13.7056       
# span 5 =     -1.138,     51.626       
# span 6 =     0.4007,    33.6502       
# span 7 =    -0.2410,    26.3210       
# span 8 = 0.0000e+00, 0.0000e+00       
# interval = seconds: 0.5
# start_time = Sep 16 2010 08:38:05 [Instrument's time stamp, header]
# bad_flag = -9.990e-29
*END*
 259.359780     -1.148 -9.990e-29    12.4520    -2.0454     -1.138 -9.990e-29 -9.990e-29 -9.990e-29
 259.359786     -1.132   0.752948    12.4506    -2.0387     -1.123     0.4924    -0.1690 -9.990e-29
 259.359792     -1.120   0.734947    12.4498    -2.0405     -1.111     0.4802    -0.1784 -9.990e-29
 259.359797     -1.105   0.709026    12.4498    -2.0303     -1.096     0.4626    -0.1921 -9.990e-29
 259.359803     -1.088   0.680529    12.4502    -1.6845     -1.079     0.4433    -0.2072 -9.990e-29
 259.359809     -1.071   0.654156    12.4512    -1.6897     -1.062     0.4254    -0.2212 -9.990e-29
 259.359815     -1.049   0.631922    12.4529    -1.6913     -1.040     0.4104    -0.2331 -9.990e-29
 259.359821     -1.021   0.617433    12.4547    -1.6910     -1.012     0.4007    -0.2410 -9.990e-29
 259.359826     -0.993   0.619593    12.4556    -1.6912     -0.985     0.4021    -0.2399 -9.990e-29
 259.359832     -0.968   0.660659    12.4545    -1.6915     -0.960     0.4298    -0.2182 -9.990e-29
 259.359838     -0.945   0.815890    12.4495    -1.6916     -0.937     0.5353    -0.1354 -9.990e-29
 259.359844     -0.921   1.295033    12.4350    -1.6916     -0.913     0.8675     0.1251 -9.990e-29
 259.359850     -0.896   2.456467    12.3940    -1.6916     -0.889     1.7030     0.7796 -9.990e-29
 259.359855     -0.867   5.385926    12.3043    -1.6920     -0.860     3.9295     2.5167 -9.990e-29
 259.359861     -0.834  13.479217    12.1876    -1.6918     -0.827    10.5683     7.6614 -9.990e-29
 259.359867     -0.793  25.296584    12.1015    -1.6919     -0.786    21.0301    15.7504 -9.990e-29
 259.359873     -0.746  33.114270    12.0617    -1.6918     -0.740    28.3249    21.4000 -9.990e-29
 259.359878     -0.696  35.746648    12.0455    -1.6917     -0.690    30.8455    23.3562 -9.990e-29
 259.359884     -0.638  36.635874    12.0371    -1.6919     -0.633    31.7064    24.0254 -9.990e-29
 259.359890     -0.573  36.932975    12.0324    -1.6921     -0.568    31.9964    24.2512 -9.990e-29
 259.359896     -0.506  37.030858    12.0302    -1.6922     -0.502    32.0926    24.3263 -9.990e-29
 259.359902     -0.441  37.064088    12.0285    -1.6921     -0.437    32.1261    24.3526 -9.990e-29
 259.359907     -0.378  37.074302    12.0261    -1.6918     -0.375    32.1380    24.3622 -9.990e-29
 259.359913     -0.313  37.074133    12.0243    -1.6918     -0.310    32.1393    24.3636 -9.990e-29
 259.359919     -0.246  37.072453    12.0241    -1.6918     -0.244    32.1379    24.3625 -9.990e-29
 259.359925     -0.182  37.075001    12.0245    -1.6917     -0.180    32.1399    24.3641 -9.990e-29
 259.359931     -0.121  37.077464    12.0239    -1.6917     -0.120    32.1428    24.3664 -9.990e-29
 259.359936     -0.058  37.078777    12.0219    -1.6918     -0.058    32.1458    24.3691 -9.990e-29
 259.359942      0.005  37.079703    12.0196    -1.6919      0.005    32.1486    24.3717 -9.990e-29
 259.359948      0.065  37.078251    12.0184    -1.6919      0.064    32.1482    24.3716 -9.990e-29
 259.359954      0.116  37.077098    12.0189    -1.6920      0.115    32.1467    24.3703 -9.990e-29
 259.359959      0.154  37.079324    12.0204    -1.6919      0.153    32.1475    24.3707 -9.990e-29
 259.359965      0.176  37.084667    12.0219    -1.6918      0.175    32.1514    24.3734 -9.990e-29
 259.359971      0.188  37.089739    12.0232    -1.6919      0.186    32.1551    24.3761 -9.990e-29
 259.359977      0.199  37.091355    12.0235    -1.6919      0.197    32.1564    24.3771 -9.990e-29
 259.359983      0.215  37.091802    12.0225    -1.6919      0.213    32.1577    24.3782 -9.990e-29
 259.359988      0.236  37.094054    12.0215    -1.6919      0.234    32.1607    24.3808 -9.990e-29
 259.359994      0.259  37.096764    12.0213    -1.6920      0.257    32.1635    24.3830 -9.990e-29
 259.360000      0.277  37.096395    12.0218    -1.6920      0.275    32.1627    24.3823 -9.990e-29
 259.360006      0.288  37.092030    12.0225    -1.6921      0.286    32.1579    24.3784 -9.990e-29
 259.360012      0.296  37.085824    12.0227    -1.6920      0.294    32.1517    24.3736 -9.990e-29
 259.360017      0.306  37.081964    12.0217    -1.6920      0.303    32.1489    24.3715 -9.990e-29
 259.360023      0.318  37.084404    12.0205    -1.6919      0.315    32.1523    24.3744 -9.990e-29
 259.360029      0.334  37.090367    12.0207    -1.6918      0.331    32.1578    24.3787 -9.990e-29
 259.360035      0.350  37.093373    12.0217    -1.6918      0.347    32.1599    24.3801 -9.990e-29
 259.360041      0.362  37.090840    12.0214    -1.6918      0.359    32.1577    24.3784 -9.990e-29
 259.360046      0.372  37.085687    12.0196    -1.6918      0.369    32.1543    24.3761 -9.990e-29
 259.360052      0.385  37.082383    12.0174    -1.6920      0.382    32.1530    24.3755 -9.990e-29
 259.360058      0.405  37.082820    12.0163    -1.6919      0.402    32.1543    24.3768 -9.990e-29
 259.360064      0.426  37.086594    12.0172    -1.6919      0.422    32.1572    24.3788 -9.990e-29
 259.360069      0.435  37.090465    12.0198    -1.6918      0.431    32.1587    24.3795 -9.990e-29
 259.360075      0.434  37.090205    12.0229    -1.6918      0.430    32.1557    24.3766 -9.990e-29
 259.360081      0.431  37.086160    12.0252    -1.6919      0.427    32.1499    24.3716 -9.990e-29
 259.360087      0.433  37.082598    12.0260    -1.6919      0.429    32.1457    24.3683 -9.990e-29
 259.360093      0.447  37.082748    12.0258    -1.6919      0.443    32.1460    24.3686 -9.990e-29
 259.360098      0.463  37.085825    12.0255    -1.6918      0.459    32.1493    24.3711 -9.990e-29
 259.360104      0.475  37.087662    12.0257    -1.6917      0.471    32.1509    24.3723 -9.990e-29
 259.360110      0.483  37.085797    12.0260    -1.6918      0.479    32.1488    24.3707 -9.990e-29
 259.360116      0.488  37.082361    12.0258    -1.6918      0.484    32.1457    24.3683 -9.990e-29
 259.360122      0.494  37.080750    12.0253    -1.6918      0.490    32.1445    24.3675 -9.990e-29
 259.360127      0.506  37.082313    12.0248    -1.6918      0.502    32.1465    24.3691 -9.990e-29
 259.360133      0.521  37.085906    12.0245    -1.6918      0.517    32.1502    24.3720 -9.990e-29
 259.360139      0.530  37.088610    12.0247    -1.6919      0.526    32.1526    24.3739 -9.990e-29
 259.360145      0.531  37.088561    12.0253    -1.6919      0.527    32.1520    24.3733 -9.990e-29
 259.360150      0.527  37.086949    12.0259    -1.6920      0.523    32.1500    24.3716 -9.990e-29
 259.360156      0.527  37.086240    12.0265    -1.6921      0.523    32.1488    24.3706 -9.990e-29
 259.360162      0.534  37.087303    12.0267    10.2068      0.530    32.1496    24.3712 -9.990e-29
 259.360168      0.546  37.088891    12.0263    13.3612      0.541    32.1515    24.3727 -9.990e-29
 259.360174      0.555  37.089894    12.0255    13.7056      0.550    32.1531    24.3741 -9.990e-29
 259.360179      0.556  37.090662    12.0249    11.5178      0.551    32.1544    24.3752 -9.990e-29
 259.360185      0.549  37.091232    12.0243     6.7356      0.544    32.1555    24.3762 -9.990e-29
 259.360191      0.540  37.090258    12.0237     6.6661      0.535    32.1551    24.3760 -9.990e-29
 259.360197      0.535  37.087136    12.0228     6.7656      0.531    32.1528    24.3744 -9.990e-29
 259.360203      0.538  37.083440    12.0212     6.8012      0.534    32.1506    24.3730 -9.990e-29
 259.360208      0.551  37.081660    12.0200     6.7980      0.546    32.1499    24.3727 -9.990e-29
 259.360214      0.568  37.081798    12.0201     6.7884      0.563    32.1500    24.3727 -9.990e-29
 259.360220      0.584  37.080808    12.0209     6.7778      0.579    32.1483    24.3713 -9.990e-29
 259.360226      0.594  37.078063    12.0217     6.7508      0.589    32.1450    24.3685 -9.990e-29
 259.360231      0.599  37.075081    12.0222     6.7259      0.594    32.1417    24.3659 -9.990e-29
 259.360237      0.599  37.071942    12.0224     6.7109      0.594    32.1385    24.3633 -9.990e-29
 259.360243      0.595  37.069634    12.0225     6.7162      0.590    32.1362    24.3615 -9.990e-29
 259.360249      0.586  37.069136    12.0227     6.7209      0.581    32.1355    24.3610 -9.990e-29
 259.360255      0.577  37.069360    12.0230     6.7179      0.572    32.1355    24.3609 -9.990e-29
 259.360260      0.574  37.068498    12.0226     6.7188      0.569    32.1350    24.3606 -9.990e-29
 259.360266      0.582  37.066656    12.0206     6.7220      0.577    32.1349    24.3609 -9.990e-29
 259.360272      0.597  37.063193    12.0184     6.7284      0.592    32.1335    24.3602 -9.990e-29
 259.360278      0.612  37.058666    12.0182     6.7280      0.607    32.1293    24.3570 -9.990e-29
 259.360284      0.620  37.057817    12.0198     6.7172      0.615    32.1271    24.3550 -9.990e-29
 259.360289      0.615  37.059646    12.0215     6.7065      0.610    32.1274    24.3549 -9.990e-29
 259.360295      0.607  37.060564    12.0224     6.7063      0.602    32.1275    24.3548 -9.990e-29
 259.360301      0.607  37.060811    12.0224     6.7049      0.602    32.1278    24.3550 -9.990e-29
 259.360307      0.617  37.061411    12.0219     6.7046      0.612    32.1288    24.3559 -9.990e-29
 259.360313      0.628  37.062738    12.0215     6.6972      0.623    32.1304    24.3572 -9.990e-29
 259.360318      0.636  37.063333    12.0212     6.6998      0.631    32.1312    24.3579 -9.990e-29
 259.360324      0.641  37.063004    12.0211     6.7077      0.636    32.1310    24.3578 -9.990e-29
 259.360330      0.645  37.063125    12.0213     6.7102      0.640    32.1309    24.3577 -9.990e-29
 259.360336      0.648  37.063433    12.0216     6.7179      0.643    32.1310    24.3577 -9.990e-29
 259.360341      0.648  37.063353    12.0216     6.7155      0.643    32.1309    24.3576 -9.990e-29
 259.360347      0.648  37.062910    12.0216     6.7193      0.643    32.1304    24.3573 -9.990e-29
 259.360353      0.646  37.062208    12.0217     6.7127      0.641    32.1297    24.3566 -9.990e-29
 259.360359      0.643  37.061566    12.0214     6.7089      0.638    32.1293    24.3564 -9.990e-29
 259.360365      0.642  37.061381    12.0208     6.7137      0.637    32.1297    24.3568 -9.990e-29
 259.360370      0.648  37.061541    12.0203     6.7138      0.643    32.1302    24.3573 -9.990e-29
 259.360376      0.656  37.061274    12.0201     6.7231      0.651    32.1302    24.3573 -9.990e-29
 259.360382      0.664  37.060918    12.0199     6.7295      0.658    32.1300    24.3572 -9.990e-29
 259.360388      0.672  37.061252    12.0193     6.7280      0.666    32.1308    24.3580 -9.990e-29
 259.360394      0.679  37.062855    12.0187     6.7206      0.673    32.1329    24.3597 -9.990e-29
 259.360399      0.687  37.065199    12.0187     6.7215      0.681    32.1351    24.3614 -9.990e-29
 259.360405      0.697  37.065939    12.0191     6.7201      0.691    32.1355    24.3616 -9.990e-29
 259.360411      0.708  37.065078    12.0195     6.7213      0.702    32.1343    24.3607 -9.990e-29
 259.360417      0.717  37.064403    12.0198     6.7227      0.711    32.1334    24.3599 -9.990e-29
 259.360422      0.720  37.064267    12.0198     6.7266      0.714    32.1333    24.3598 -9.990e-29
 259.360428      0.723  37.064062    12.0197     6.7280      0.717    32.1332    24.3597 -9.990e-29
 259.360434      0.728  37.063649    12.0198     6.7279      0.722    32.1327    24.3593 -9.990e-29
 259.360440      0.738  37.063735    12.0201     6.7336      0.732    32.1325    24.3591 -9.990e-29
 259.360446      0.752  37.064007    12.0202     6.7329      0.746    32.1327    24.3592 -9.990e-29
 259.360451      0.767  37.063839    12.0203     6.7333      0.761    32.1324    24.3590 -9.990e-29
 259.360457      0.775  37.063703    12.0202     6.7242      0.769    32.1324    24.3590 -9.990e-29
 259.360463      0.773  37.064111    12.0195     6.7199      0.767    32.1334    24.3599 -9.990e-29
 259.360469      0.764  37.065181    12.0188     6.7195      0.758    32.1350    24.3613 -9.990e-29
 259.360475      0.758  37.066234    12.0181     6.7214      0.752    32.1366    24.3627 -9.990e-29
 259.360480      0.756  37.066568    12.0174     6.7305      0.750    32.1375    24.3636 -9.990e-29
 259.360486      0.761  37.066761    12.0161     6.7322      0.755    32.1389    24.3648 -9.990e-29
 259.360492      0.771  37.067204    12.0138     6.7259      0.765    32.1413    24.3671 -9.990e-29
 259.360498      0.787  37.067502    12.0114     6.7355      0.780    32.1436    24.3694 -9.990e-29
 259.360503      0.806  37.067605    12.0113     6.7420      0.799    32.1438    24.3695 -9.990e-29
 259.360509      0.822  37.067700    12.0140     6.7446      0.815    32.1415    24.3673 -9.990e-29
 259.360515      0.830  37.067895    12.0164     6.7453      0.823    32.1397    24.3654 -9.990e-29
 259.360521      0.835  37.068382    12.0170     6.7449      0.828    32.1396    24.3652 -9.990e-29
 259.360527      0.847  37.069721    12.0163     6.7436      0.840    32.1415    24.3668 -9.990e-29
 259.360532      0.865  37.071925    12.0152     6.7435      0.858    32.1446    24.3694 -9.990e-29
 259.360538      0.883  37.074479    12.0145     6.7543      0.876    32.1476    24.3719 -9.990e-29
 259.360544      0.897  37.076213    12.0148     6.7484      0.890    32.1490    24.3729 -9.990e-29
 259.360550      0.905  37.075984    12.0156     6.7466      0.897    32.1481    24.3721 -9.990e-29
 259.360556      0.906  37.075072    12.0162     6.7446      0.898    32.1467    24.3709 -9.990e-29
 259.360561      0.914  37.074410    12.0162     6.7341      0.906    32.1461    24.3704 -9.990e-29
 259.360567      0.937  37.073583    12.0157     6.7336      0.929    32.1457    24.3702 -9.990e-29
 259.360573      0.973  37.072515    12.0152     6.7273      0.965    32.1451    24.3698 -9.990e-29
 259.360579      1.015  37.071931    12.0152     6.7090      1.007    32.1445    24.3694 -9.990e-29
 259.360584      1.062  37.072636    12.0158     6.7247      1.053    32.1447    24.3694 -9.990e-29
 259.360590      1.117  37.073798    12.0163     6.7230      1.108    32.1453    24.3698 -9.990e-29
 259.360596      1.191  37.075192    12.0163     6.7778      1.181    32.1466    24.3708 -9.990e-29
 259.360602      1.299  37.077465    12.0158     6.8355      1.288    32.1492    24.3729 -9.990e-29
 259.360608      1.438  37.081314    12.0152     6.8849      1.426    32.1534    24.3763 0.0000e+00
 259.360613      1.605  37.087293    12.0158     6.9174      1.592    32.1586    24.3802 0.0000e+00
 259.360619      1.796  37.097679    12.0196     6.9306      1.781    32.1652    24.3846 0.0000e+00
 259.360625      2.008  37.123987    12.0313     6.9344      1.991    32.1804    24.3943 0.0000e+00
 259.360631      2.237  37.182150    12.0535     6.9451      2.218    32.2173    24.4187 0.0000e+00
 259.360637      2.479  37.261676    12.0766     6.9394      2.458    32.2739    24.4583 0.0000e+00
 259.360642      2.734  37.321738    12.0882     6.9377      2.711    32.3216    24.4932 0.0000e+00
 259.360648      2.991  37.343735    12.0898     6.9562      2.966    32.3413    24.5082 0.0000e+00
 259.360654      3.233  37.345139    12.0892     6.9806      3.206    32.3431    24.5097 0.0000e+00
 259.360660      3.454  37.341173    12.0882     7.0107      3.425    32.3400    24.5075 0.0000e+00
 259.360666      3.668  37.334856    12.0875     7.0294      3.637    32.3345    24.5033 0.0000e+00
 259.360671      3.893  37.336718    12.0905     7.0473      3.860    32.3336    24.5021 0.0000e+00
 259.360677      4.130  37.358672    12.0990     7.0667      4.095    32.3473    24.5111 0.0000e+00
 259.360683      4.373  37.389558    12.1110     7.0833      4.336    32.3665    24.5238 0.0000e+00
 259.360689      4.624  37.415000    12.1246     7.0944      4.585    32.3791    24.5311 0.0000e+00
 259.360694      4.887  37.440817    12.1375     7.0867      4.846    32.3927    24.5392 0.0000e+00
 259.360700      5.156  37.469407    12.1451     7.0707      5.113    32.4135    24.5539 0.0000e+00
