data/oxygen options/OCNMS/OCNMS1/raw_data/2010/CAST_MB042_091310faed.cnv
* Sea-Bird SBE19 Data File:
* FileName = C:\Documents and Settings\OCNMS\Desktop\2010 mooring data\third service\CAST_MB042_091310.hex
* Software Version 1.24
* Temperature SN = 2997
* Conductivity SN = 2997
* System UpLoad Time = Sep 13 2010 16:12:15
** CAST_MB042_091310
* SEACAT PROFILER V3.1c SN 2997   09/13/10  16:10:19.149
# nquan = 9                                 
# nvalues = 739                         
# units = specified
# name 0 = timeJ: Julian Days
# name 1 = prSM: Pressure, Strain Gauge [db]
# name 2 = c0mS/cm: Conductivity [mS/cm]
# name 3 = t090C: Temperature [ITS-90, deg C]
# name 4 = sbeox0ML/L: Oxygen, SBE 43 [ml/l]
# name 5 = depSM: Depth [salt water, m], lat = 47.5
# name 6 = sal00: Salinity, Practical [PSU]
# name 7 = sigma-é00: Density [sigma-theta, kg/m^3]
# name 8 = flag: flag
# span 0 = 256.520405, 256.524676       
# span 1 =     -0.998,     43.057       
# span 2 =   1.141461,  36.527491       
# span 3 =     9.0595,    13.6271       
# span 4 =    -1.9911,    11.9184       
# span 5 =     -0.990,     42.693       
# span 6 =     0.7373,    33.0542       
# span 7 =    -0.1285,    25.5853       
# span 8 = 0.0000e+00, 0.0000e+00       
# interval = seconds: 0.5
# start_time = Sep 13 2010 12:29:23 [Instrument's time stamp, header]
# bad_flag = -9.990e-29
*END*
[from data line 641]
 256.524115     18.699  36.131384    10.2837     5.5073     18.542    32.7366    25.1377 0.0000e+00
 256.524120     18.489  36.142676    10.2925     5.5242     18.334    32.7401    25.1389 0.0000e+00
 256.524126     18.277  36.140754    10.2946     5.5518     18.124    32.7364    25.1356 0.0000e+00
 256.524132     18.058  36.138756    10.2973     5.5753     17.907    32.7320    25.1318 0.0000e+00
 256.524138     17.831  36.137951    10.3054     5.5819     17.681    32.7240    25.1242 0.0000e+00
 256.524144     17.598  36.136713    10.3200     5.6145     17.450    32.7097    25.1105 0.0000e+00
 256.524149     17.362  36.139004    10.3461     5.6407     17.216    32.6886    25.0897 0.0000e+00
 256.524155     17.126  36.146208    10.3861     5.6677     16.982    32.6600    25.0605 0.0000e+00
 256.524161     16.890  36.157854    10.4293     5.6869     16.748    32.6330    25.0321 0.0000e+00
 256.524167     16.658  36.175474    10.4697     5.6959     16.518    32.6145    25.0109 0.0000e+00
 256.524172     16.431  36.199045    10.5093     5.7022     16.293    32.6028    24.9949 0.0000e+00
 256.524178     16.213  36.221347    10.5468     5.6972     16.077    32.5917    24.9798 0.0000e+00
 256.524184     16.002  36.234031    10.5812     5.7064     15.868    32.5737    24.9599 0.0000e+00
 256.524190     15.794  36.244496    10.6115     5.7103     15.662    32.5572    24.9418 0.0000e+00
 256.524196     15.588  36.259987    10.6338     5.7152     15.457    32.5528    24.9346 0.0000e+00
 256.524201     15.383  36.265872    10.6445     5.7107     15.254    32.5493    24.9299 0.0000e+00
 256.524207     15.176  36.257686    10.6468     5.7107     15.049    32.5391    24.9216 0.0000e+00
 256.524213     14.966  36.249741    10.6475     5.7122     14.841    32.5307    24.9149 0.0000e+00
 256.524219     14.757  36.248264    10.6516     5.7172     14.633    32.5256    24.9103 0.0000e+00
 256.524225     14.548  36.251295    10.6600     5.7059     14.426    32.5213    24.9054 0.0000e+00
 256.524230     14.335  36.252796    10.6686     5.6966     14.215    32.5152    24.8992 0.0000e+00
 256.524236     14.117  36.243571    10.6774     5.6966     13.999    32.4982    24.8845 0.0000e+00
 256.524242     13.897  36.222537    10.6880     5.6840     13.781    32.4679    24.8591 0.0000e+00
 256.524248     13.679  36.198082    10.6962     5.6771     13.564    32.4364    24.8331 0.0000e+00
 256.524253     13.465  36.174031    10.7016     5.6745     13.352    32.4077    24.8098 0.0000e+00
 256.524259     13.259  36.159235    10.7072     5.6817     13.148    32.3881    24.7936 0.0000e+00
 256.524265     13.062  36.157508    10.7106     5.6980     12.953    32.3835    24.7894 0.0000e+00
 256.524271     12.864  36.160395    10.7099     5.6887     12.756    32.3870    24.7923 0.0000e+00
 256.524277     12.658  36.162229    10.7067     5.6775     12.552    32.3918    24.7965 0.0000e+00
 256.524282     12.443  36.153697    10.7027     5.6717     12.339    32.3869    24.7934 0.0000e+00
 256.524288     12.223  36.139122    10.6987     5.6730     12.121    32.3761    24.7856 0.0000e+00
 256.524294     12.000  36.125414    10.6943     5.6729     11.900    32.3664    24.7789 0.0000e+00
 256.524300     11.778  36.110555    10.6901     5.6674     11.679    32.3554    24.7710 0.0000e+00
 256.524306     11.561  36.098834    10.6869     5.6594     11.464    32.3467    24.7648 0.0000e+00
 256.524311     11.350  36.092562    10.6857     5.6508     11.255    32.3416    24.7610 0.0000e+00
 256.524317     11.146  36.087307    10.6859     5.6440     11.053    32.3362    24.7568 0.0000e+00
 256.524323     10.944  36.077190    10.6860     5.6451     10.852    32.3262    24.7489 0.0000e+00
 256.524329     10.744  36.063861    10.6857     5.6491     10.654    32.3132    24.7389 0.0000e+00
 256.524334     10.546  36.053651    10.6848     5.6540     10.458    32.3039    24.7319 0.0000e+00
 256.524340     10.346  36.045843    10.6837     5.6564     10.259    32.2972    24.7268 0.0000e+00
 256.524346     10.141  36.035636    10.6839     5.6621     10.056    32.2870    24.7188 0.0000e+00
 256.524352      9.930  36.025121    10.6873     5.6703      9.847    32.2736    24.7078 0.0000e+00
 256.524358      9.717  36.018774    10.6974     5.6724      9.636    32.2584    24.6942 0.0000e+00
 256.524363      9.500  36.011505    10.7157     5.6711      9.420    32.2351    24.6729 0.0000e+00
 256.524369      9.280  35.997552    10.7369     5.6655      9.202    32.2027    24.6440 0.0000e+00
 256.524375      9.058  35.982415    10.7530     5.6686      8.982    32.1735    24.6185 0.0000e+00
 256.524381      8.839  35.972820    10.7608     5.6694      8.765    32.1572    24.6045 0.0000e+00
 256.524387      8.626  35.967754    10.7639     5.6626      8.554    32.1496    24.5980 0.0000e+00
 256.524392      8.421  35.964396    10.7673     5.6671      8.351    32.1433    24.5925 0.0000e+00
 256.524398      8.225  35.962762    10.7713     5.6753      8.156    32.1383    24.5879 0.0000e+00
 256.524404      8.034  35.963482    10.7731     5.6792      7.967    32.1375    24.5869 0.0000e+00
 256.524410      7.845  35.964725    10.7728     5.6774      7.779    32.1391    24.5882 0.0000e+00
 256.524416      7.653  35.963115    10.7745     5.6706      7.589    32.1361    24.5856 0.0000e+00
 256.524421      7.460  35.959317    10.7805     5.6803      7.398    32.1271    24.5776 0.0000e+00
 256.524427      7.270  35.955559    10.7885     5.6634      7.209    32.1164    24.5679 0.0000e+00
 256.524433      7.084  35.951881    10.7968     5.6583      7.025    32.1056    24.5580 0.0000e+00
 256.524439      6.899  35.947312    10.8061     5.6587      6.841    32.0930    24.5465 0.0000e+00
 256.524444      6.712  35.938572    10.8205     5.6699      6.656    32.0717    24.5275 0.0000e+00
 256.524450      6.523  35.922981    10.8407     5.6745      6.468    32.0387    24.4983 0.0000e+00
 256.524456      6.339  35.906658    10.8596     5.6778      6.286    32.0061    24.4696 0.0000e+00
 256.524462      6.159  35.895864    10.8728     5.6866      6.108    31.9839    24.4501 0.0000e+00
 256.524468      5.986  35.893588    10.8799     5.6920      5.936    31.9755    24.4423 0.0000e+00
 256.524473      5.816  35.900732    10.8830     5.6938      5.767    31.9800    24.4452 0.0000e+00
 256.524479      5.640  35.902178    10.8886     5.6928      5.593    31.9766    24.4416 0.0000e+00
 256.524485      5.454  35.888095    10.9028     5.6946      5.408    31.9504    24.4187 0.0000e+00
 256.524491      5.263  35.869411    10.9245     5.6950      5.219    31.9131    24.3859 0.0000e+00
 256.524497      5.074  35.855964    10.9450     5.6874      5.032    31.8820    24.3582 0.0000e+00
 256.524502      4.890  35.847203    10.9581     5.6878      4.849    31.8621    24.3404 0.0000e+00
 256.524508      4.714  35.839306    10.9660     5.6787      4.675    31.8475    24.3277 0.0000e+00
 256.524514      4.541  35.832403    10.9712     5.6800      4.503    31.8362    24.3180 0.0000e+00
 256.524520      4.375  35.827384    10.9750     5.6740      4.338    31.8280    24.3110 0.0000e+00
 256.524525      4.218  35.824850    10.9794     5.6749      4.183    31.8218    24.3053 0.0000e+00
 256.524531      4.068  35.827035    10.9819     5.6779      4.034    31.8218    24.3049 0.0000e+00
 256.524537      3.924  35.834059    10.9776     5.6775      3.891    31.8326    24.3140 0.0000e+00
 256.524543      3.786  35.841852    10.9693     5.6839      3.754    31.8475    24.3271 0.0000e+00
 256.524549      3.653  35.845684    10.9634     5.6876      3.622    31.8565    24.3351 0.0000e+00
 256.524554      3.521  35.845630    10.9619     5.6799      3.492    31.8578    24.3364 0.0000e+00
 256.524560      3.386  35.846108    10.9618     5.6805      3.358    31.8584    24.3369 0.0000e+00
 256.524566      3.248  35.848882    10.9626     5.6866      3.221    31.8605    24.3384 0.0000e+00
 256.524572      3.108  35.850935    10.9709     5.6979      3.082    31.8554    24.3329 0.0000e+00
 256.524578      2.968  35.850532    10.9875     5.7067      2.943    31.8406    24.3185 0.0000e+00
 256.524583      2.833  35.849384    11.0053     5.6950      2.809    31.8241    24.3026 0.0000e+00
 256.524589      2.698  35.849894    11.0229     5.7037      2.675    31.8094    24.2881 0.0000e+00
 256.524595      2.559  35.853311    11.0444     5.6914      2.538    31.7942    24.2725 0.0000e+00
 256.524601      2.421  35.859533    11.0786     5.6561      2.401    31.7709    24.2483 0.0000e+00
 256.524606      2.288  35.867339    11.1233     5.6049      2.269    31.7400    24.2165 0.0000e+00
 256.524612      2.158  35.875190    11.1563     5.5404      2.140    31.7193    24.1946 -9.990e-29
 256.524618      2.038  35.885157    11.1700     6.5263      2.021    31.7173    24.1906 -9.990e-29
 256.524624      1.931  35.892425    11.1757 -9.990e-29      1.915    31.7196    24.1914 -9.990e-29
 256.524630      1.837  35.890441    11.1832 -9.990e-29      1.822    31.7112    24.1835 -9.990e-29
 256.524635      1.748  35.887769    11.2036 -9.990e-29      1.733    31.6911    24.1643 -9.990e-29
 256.524641      1.663  35.887008    11.2393 -9.990e-29      1.649    31.6597    24.1336 -9.990e-29
 256.524647      1.586  35.870894    11.2825 -9.990e-29      1.573    31.6069    24.0849 -9.990e-29
 256.524653      1.520  35.809542    11.3273 -9.990e-29      1.507    31.5086    24.0005 -9.990e-29
 256.524659      1.469  35.639645    11.3659 -9.990e-29      1.457    31.3098    23.8392 -9.990e-29
 256.524664      1.435  35.157096    11.3909 -9.990e-29      1.423    30.8186    23.4532 -9.990e-29
 256.524670      1.415  33.726346    11.3995 -9.990e-29      1.403    29.4239    22.3688 -9.990e-29
 256.524676      1.409  29.444220 -9.990e-29 -9.990e-29      1.397 -9.990e-29 -9.990e-29 -9.990e-29
