data/oxygen options/ONMS/Olympic_Coast_National_Marine_Sanctuary_CTD_Data_2005_2023/raw_data/2005/CTD_MB042_053105faedb.cnv
* Sea-Bird SBE19 Data File:
* FileName = C:\Mooring data\CTD_MB2_053105.hex
* Software Version 1.1.5
* Temperature SN = 2997
* Conductivity SN = 2997
* System UpLoad Time = May 31 2005 18:01:05
* SEACAT PROFILER V3.1c SN 2997   05/31/05  17:59:52.785
* strain gauge pressure sensor: S/N = 184829,  range = 3000 psia,  tc = 40
# nquan = 9
# nvalues = 42                          
# units = specified
# name 0 = timeJ: Julian Days
# name 1 = prSM: Pressure, Strain Gauge [db]
# name 2 = c0mS/cm: Conductivity [mS/cm]
# name 3 = t090C: Temperature [ITS-90, deg C]
# name 4 = oxML/L: Oxygen, Beckman/YSI [ml/l]
# name 5 = depSM: Depth [salt water, m], lat = 47.5
# name 6 = sal00: Salinity, Practical [PSU]
# name 7 = sigma-é00: Density [sigma-theta, kg/m^3]
# name 8 = flag: flag
# span 0 =   6.196078, 151.464369       
# span 1 =      0.165,     44.000       
# span 2 =   1.476858,  36.192832       
# span 3 =     0.5968,    14.5772       
# span 4 =    0.25770,    6.44982       
# span 5 =      0.164,     43.628       
# span 6 =     1.1933,    33.2395       
# span 7 =     0.8823,    25.8536       
# span 8 = 0.0000e+00, 0.0000e+00       
# interval = decibars: 1                
# start_time = May 31 2005 11:03:11 [Instrument's time stamp, header]
# bad_flag = -9.990e-29
*END*
   6.196078      1.000   1.476858     0.5968    0.25770      0.164     1.1933     0.8823 0.0000e+00
 149.889832      4.000  35.726783    14.4362    6.23405      3.966    28.8683    21.3449 0.0000e+00
 151.463694      5.000  36.104366    14.5772    6.32858      4.958    29.1812    21.5787 0.0000e+00
 151.463708      6.000  36.111426    14.5640    6.33486      5.950    29.1971    21.5938 0.0000e+00
 151.463722      7.000  36.122202    14.5487    6.35553      6.941    29.2179    21.6129 0.0000e+00
 151.463735      8.000  36.138222    14.5394    6.34597      7.933    29.2389    21.6310 0.0000e+00
 151.463749      9.000  36.142399    14.5368    6.34154      8.925    29.2444    21.6358 0.0000e+00
 151.463762     10.000  36.149149    14.5296    6.36771      9.916    29.2555    21.6458 0.0000e+00
 151.463776     11.000  36.160784    14.5229    6.37665     10.908    29.2706    21.6589 0.0000e+00
 151.463789     12.000  36.168976    14.5195    6.34892     11.900    29.2802    21.6670 0.0000e+00
 151.463802     13.000  36.172952    14.5153    6.36721     12.891    29.2866    21.6728 0.0000e+00
 151.463815     14.000  36.180310    14.5125    6.44982     13.882    29.2950    21.6799 0.0000e+00
 151.463827     15.000  36.181687    14.5107    6.39932     14.875    29.2973    21.6820 0.0000e+00
 151.463840     16.000  36.180541    14.4858    6.09235     15.866    29.3147    21.7005 0.0000e+00
 151.463852     17.000  36.192832    14.3159    5.83860     16.857    29.4542    21.8426 0.0000e+00
 151.463865     18.000  36.187330    13.8190    5.77974     17.849    29.8315    22.2332 0.0000e+00
 151.463880     19.000  36.118488    13.2960    5.54835     18.841    30.1770    22.6031 0.0000e+00
 151.463897     20.000  36.068898    12.9827    5.52871     19.832    30.3802    22.8206 0.0000e+00
 151.463916     21.000  35.980590    12.5125    5.62319     20.824    30.6765    23.1391 0.0000e+00
 151.463938     22.000  35.946949    12.4578    5.48337     21.815    30.6890    23.1591 0.0000e+00
 151.463960     23.000  35.897401    12.1821    5.31362     22.807    30.8679    23.3489 0.0000e+00
 151.463981     24.000  35.831707    11.9346    5.24683     23.798    31.0093    23.5041 0.0000e+00
 151.463999     25.000  35.806327    11.8293    5.18205     24.790    31.0722    23.5721 0.0000e+00
 151.464013     26.000  35.775929    11.6690    5.11911     25.781    31.1767    23.6821 0.0000e+00
 151.464027     27.000  35.739226    11.4841    5.10791     26.773    31.2963    23.8083 0.0000e+00
 151.464040     28.000  35.713402    11.3846    5.09019     27.765    31.3551    23.8716 0.0000e+00
 151.464053     29.000  35.706491    11.3191    5.09835     28.756    31.4036    23.9210 0.0000e+00
 151.464065     30.000  35.709979    11.2266    5.08232     29.748    31.4855    24.0010 0.0000e+00
 151.464078     31.000  35.711137    11.0999    4.93181     30.739    31.5947    24.1082 0.0000e+00
 151.464091     32.000  35.687924    10.9156    4.65274     31.730    31.7303    24.2458 0.0000e+00
 151.464103     33.000  35.633367    10.6171    4.58561     32.722    31.9357    24.4571 0.0000e+00
 151.464115     34.000  35.553580    10.3023    4.59307     33.714    32.1325    24.6638 0.0000e+00
 151.464128     35.000  35.496254    10.1487    4.45834     34.705    32.2103    24.7503 0.0000e+00
 151.464143     36.000  35.501312    10.1938    4.23129     35.696    32.1750    24.7152 0.0000e+00
 151.464158     37.000  35.417556     9.7222    4.04720     36.688    32.5121    25.0560 0.0000e+00
 151.464172     38.000  35.267609     9.3865    3.85593     37.679    32.6627    25.2280 0.0000e+00
 151.464189     39.000  35.236840     9.2874    3.62923     38.671    32.7213    25.2896 0.0000e+00
 151.464206     40.000  35.093590     8.8453    3.31199     39.663    32.9803    25.5614 0.0000e+00
 151.464224     41.000  34.961063     8.5628    3.10759     40.654    33.1046    25.7022 0.0000e+00
 151.464241     42.000  34.856510     8.3079    3.00693     41.645    33.2337    25.8419 0.0000e+00
 151.464261     43.000  34.819308     8.2596    3.05382     42.636    33.2395    25.8536 0.0000e+00
 151.464369     44.000  34.809197     8.3006    3.14706     43.628    33.1895    25.8083 0.0000e+00
