data/oxygen options/ONMS/Olympic_Coast_National_Marine_Sanctuary_CTD_Data_2005_2023/raw_data/2005/CTD_CA042_053105faed.cnv
* Sea-Bird SBE19 Data File:
* FileName = C:\Mooring data\CTD_CA2_053105.hex
* Software Version 1.1.5
* Temperature SN = 2997
* Conductivity SN = 2997
* System UpLoad Time = May 31 2005 18:02:29
* SEACAT PROFILER V3.1c SN 2997   05/31/05  18:01:59.485
* strain gauge pressure sensor: S/N = 184829,  range = 3000 psia,  tc = 40
# nquan = 9                                 
# nvalues = 637                         
# units = specified
# name 0 = timeJ: Julian Days
# name 1 = prSM: Pressure, Strain Gauge [db]
# name 2 = c0mS/cm: Conductivity [mS/cm]
# name 3 = t090C: Temperature [ITS-90, deg C]
# name 4 = oxML/L: Oxygen, Beckman/YSI [ml/l]
# name 5 = depSM: Depth [salt water, m], lat = 47.5
# name 6 = sal00: Salinity, Practical [PSU]
# name 7 = sigma-é00: Density [sigma-theta, kg/m^3]
# name 8 = flag: flag
# span 0 = 151.580602, 151.584282       
# span 1 =     -4.368,     40.925       
# span 2 =   0.048415,  37.288193       
# span 3 =     9.8079,    14.9434       
# span 4 =   -0.11676,   24.51624       
# span 5 =     -4.332,     40.579       
# span 6 =     0.0316,    32.5963       
# span 7 =    -0.8408,    25.1074       
# span 8 = 0.0000e+00, 0.0000e+00       
# interval = seconds: 0.5
# start_time = May 31 2005 13:56:04 [Instrument's time stamp, header]
# bad_flag = -9.990e-29
*END*
 151.580602     -4.368 -9.990e-29    14.7742   -0.11676     -4.332 -9.990e-29 -9.990e-29 -9.990e-29
 151.580608     -4.357   0.048415    14.7749   -0.11676     -4.321     0.0316    -0.8408 -9.990e-29
 151.580613     -4.350   0.049064    14.7754   -0.11672     -4.314     0.0319    -0.8406 -9.990e-29
 151.580619     -4.344   0.050455    14.7754   -0.11669     -4.308     0.0327    -0.8400 -9.990e-29
 151.580625     -4.332   0.052782    14.7752   -0.11660     -4.296     0.0340    -0.8390 -9.990e-29
 151.580631     -4.315   0.056373    14.7754   -0.11665     -4.279     0.0360    -0.8375 -9.990e-29
 151.580637     -4.295   0.062138    14.7763   -0.11646     -4.259     0.0392    -0.8351 -9.990e-29
 151.580642     -4.280   0.073329    14.7781   -0.11642     -4.244     0.0455    -0.8305 -9.990e-29
 151.580648     -4.269   0.098214    14.7800   -0.11644     -4.233     0.0597    -0.8197 -9.990e-29
 151.580654     -4.252   0.153897    14.7814   -0.09762     -4.217     0.0923    -0.7947 -9.990e-29
 151.580660     -4.225   0.232015    14.7823   -0.09823     -4.190     0.1389    -0.7586 -9.990e-29
 151.580666     -4.185   0.295906    14.7836   -0.09785     -4.150     0.1776    -0.7287 -9.990e-29
 151.580671     -4.130   0.348149    14.7852   -0.09752     -4.096     0.2096    -0.7042 -9.990e-29
 151.580677     -4.061   0.419033    14.7864   -0.09751     -4.027     0.2534    -0.6704 -9.990e-29
 151.580683     -3.982   0.534870    14.7871   -0.09750     -3.949     0.3258    -0.6144 -9.990e-29
 151.580689     -3.896   0.725896    14.7869   -0.09750     -3.864     0.4468    -0.5207 -9.990e-29
 151.580694     -3.807   1.130915    14.7868   -0.09750     -3.775     0.7090    -0.3178 -9.990e-29
 151.580700     -3.712   2.151298    14.7914   -0.09749     -3.681     1.3920     0.2090 -9.990e-29
 151.580706     -3.603   4.870782    14.8128   -0.09749     -3.573     3.3079     1.6812 -9.990e-29
 151.580712     -3.471  12.712896    14.8537   -0.09749     -3.442     9.2552     6.2376 -9.990e-29
 151.580718     -3.322  24.281338    14.8933   -0.09750     -3.294    18.6951    13.4627 -9.990e-29
 151.580723     -3.163  31.841307    14.9161   -0.09751     -3.137    25.1741    18.4287 -9.990e-29
 151.580729     -3.009  34.452161    14.9263   -0.09751     -2.984    27.4599    20.1828 -9.990e-29
 151.580735     -2.876  35.536827    14.9309   -0.09750     -2.852    28.4164    20.9172 -9.990e-29
 151.580741     -2.764  35.966347    14.9337   -0.09750     -2.741    28.7956    21.2082 -9.990e-29
 151.580747     -2.671  36.112194    14.9357   -0.09750     -2.649    28.9237    21.3064 -9.990e-29
 151.580752     -2.599  36.162173    14.9370   -0.09749     -2.577    28.9672    21.3395 -9.990e-29
 151.580758     -2.543  36.180185    14.9379   -0.09749     -2.522    28.9825    21.3511 -9.990e-29
 151.580764     -2.492  36.189196    14.9380   -0.09750     -2.471    28.9904    21.3572 -9.990e-29
 151.580770     -2.437  36.192876    14.9371   -0.09751     -2.417    28.9943    21.3604 -9.990e-29
 151.580775     -2.380  36.191715    14.9364   -0.09751     -2.360    28.9938    21.3601 -9.990e-29
 151.580781     -2.330  36.188719    14.9368   -0.09750     -2.311    28.9908    21.3578 -9.990e-29
 151.580787     -2.297  36.185568    14.9376   -0.09750     -2.278    28.9874    21.3550 -9.990e-29
 151.580793     -2.282  36.182613    14.9381   -0.09751     -2.263    28.9844    21.3526 -9.990e-29
 151.580799     -2.280  36.181590    14.9382   -0.09750     -2.261    28.9834    21.3518 -9.990e-29
 151.580804     -2.279  36.181762    14.9381   -0.09750     -2.260    28.9837    21.3520 -9.990e-29
 151.580810     -2.266  36.182309    14.9380   -0.09751     -2.247    28.9842    21.3524 -9.990e-29
 151.580816     -2.235  36.183468    14.9377   -0.09751     -2.216    28.9855    21.3534 -9.990e-29
 151.580822     -2.188  36.182367    14.9372   -0.09751     -2.170    28.9848    21.3531 -9.990e-29
 151.580828     -2.137  36.178726    14.9373   -0.09750     -2.119    28.9815    21.3505 -9.990e-29
 151.580833     -2.094  36.176728    14.9374   -0.09750     -2.077    28.9796    21.3490 -9.990e-29
 151.580839     -2.065  36.178822    14.9364   -0.09750     -2.048    28.9822    21.3512 -9.990e-29
 151.580845     -2.044  36.182823    14.9352   -0.09751     -2.027    28.9867    21.3549 -9.990e-29
 151.580851     -2.026  36.185163    14.9348   -0.09751     -2.009    28.9890    21.3568 -9.990e-29
 151.580856     -2.005  36.186228    14.9351   -0.09750     -1.988    28.9898    21.3573 -9.990e-29
 151.580862     -1.971  36.187505    14.9357   -0.09750     -1.955    28.9904    21.3577 -9.990e-29
 151.580868     -1.922  36.187400    14.9367   -0.09751     -1.906    28.9896    21.3568 -9.990e-29
 151.580874     -1.868  36.185282    14.9382   -0.09751     -1.852    28.9866    21.3542 -9.990e-29
 151.580880     -1.823  36.183439    14.9399   -0.09751     -1.808    28.9837    21.3516 -9.990e-29
 151.580885     -1.792  36.183407    14.9407   -0.09749     -1.777    28.9830    21.3510 -9.990e-29
 151.580891     -1.768  36.184652    14.9403   -0.09750     -1.753    28.9844    21.3521 -9.990e-29
 151.580897     -1.747  36.186098    14.9398   -0.09750     -1.732    28.9861    21.3535 -9.990e-29
 151.580903     -1.730  36.186377    14.9396   -0.09749     -1.716    28.9865    21.3538 -9.990e-29
 151.580909     -1.722  36.185371    14.9394   -0.09750     -1.708    28.9857    21.3533 -9.990e-29
 151.580914     -1.717  36.185168    14.9389   -0.09749     -1.703    28.9859    21.3535 -9.990e-29
 151.580920     -1.711  36.186686    14.9383   -0.09750     -1.697    28.9877    21.3550 -9.990e-29
 151.580926     -1.703  36.187534    14.9383   -0.09750     -1.689    28.9884    21.3556 -9.990e-29
 151.580932     -1.694  36.186669    14.9393   -0.09749     -1.680    28.9869    21.3543 -9.990e-29
 151.580938     -1.682  36.185807    14.9411   -0.09750     -1.668    28.9848    21.3523 -9.990e-29
 151.580943     -1.666  36.186108    14.9425   -0.09749     -1.652    28.9840    21.3514 -9.990e-29
 151.580949     -1.650  36.187482    14.9433   -0.09749     -1.636    28.9847    21.3517 -9.990e-29
 151.580955     -1.642  36.188468    14.9434   -0.09750     -1.628    28.9855    21.3523 -9.990e-29
 151.580961     -1.641  36.188205    14.9428   -0.09750     -1.627    28.9857    21.3526 -9.990e-29
 151.580966     -1.638  36.188092    14.9418   -0.09750     -1.624    28.9863    21.3533 -9.990e-29
 151.580972     -1.628  36.190849    14.9409   -0.09750     -1.614    28.9894    21.3558 -9.990e-29
 151.580978     -1.612  36.195177    14.9406   -0.09750     -1.599    28.9935    21.3590 -9.990e-29
 151.580984     -1.593  36.196821    14.9406   -0.09750     -1.580    28.9950    21.3602 -9.990e-29
 151.580990     -1.577  36.198039    14.9405   -0.09750     -1.564    28.9961    21.3611 -9.990e-29
 151.580995     -1.568  36.201084    14.9405   -0.09750     -1.555    28.9988    21.3631 -9.990e-29
 151.581001     -1.562  36.202797    14.9404   -0.09750     -1.549    29.0004    21.3644 -9.990e-29
 151.581007     -1.544  36.202166    14.9403   -0.09751     -1.531    28.9999    21.3640 -9.990e-29
 151.581013     -1.510  36.199539    14.9402   -0.09751     -1.497    28.9976    21.3623 -9.990e-29
 151.581019     -1.474  36.196529    14.9402   -0.09751     -1.462    28.9950    21.3602 -9.990e-29
 151.581024     -1.448  36.194794    14.9402   -0.09750     -1.436    28.9934    21.3590 -9.990e-29
 151.581030     -1.424  36.194333    14.9402   -0.09749     -1.412    28.9930    21.3587 -9.990e-29
 151.581036     -1.398  36.195160    14.9403   -0.09750     -1.386    28.9936    21.3592 -9.990e-29
 151.581042     -1.367  36.195081    14.9401   -0.09751     -1.356    28.9937    21.3593 -9.990e-29
 151.581047     -1.326  36.194622    14.9399   -0.09750     -1.315    28.9934    21.3591 -9.990e-29
 151.581053     -1.275  36.196600    14.9398   -0.09750     -1.264    28.9952    21.3606 -9.990e-29
 151.581059     -1.230  36.199236    14.9402   -0.09750     -1.220    28.9973    21.3620 -9.990e-29
 151.581065     -1.195  36.199945    14.9412   -0.09752     -1.185    28.9972    21.3617 -9.990e-29
 151.581071     -1.173  36.198619    14.9425   -0.09752     -1.163    28.9950    21.3598 -9.990e-29
 151.581076     -1.166  36.194679    14.9427   -0.09751     -1.156    28.9913    21.3570 -9.990e-29
 151.581082     -1.166  36.190228    14.9416   -0.09751     -1.156    28.9882    21.3548 -9.990e-29
 151.581088     -1.155  36.191176    14.9401   -0.09751     -1.145    28.9902    21.3566 -9.990e-29
 151.581094     -1.133  36.196615    14.9390   -0.09753     -1.124    28.9958    21.3612 -9.990e-29
 151.581100     -1.112  36.200406    14.9390   -0.09754     -1.103    28.9992    21.3637 -9.990e-29
 151.581105     -1.088  36.201504    14.9394   -0.09753     -1.079    28.9998    21.3642 -9.990e-29
 151.581111     -1.058  36.201441    14.9387   -0.09751     -1.049    29.0003    21.3647 -9.990e-29
 151.581117     -1.020  36.200762    14.9371   -0.09753     -1.011    29.0009    21.3654 -9.990e-29
 151.581123     -0.974  36.199751    14.9361   -0.09754     -0.966    29.0007    21.3655 -9.990e-29
 151.581128     -0.930  36.199372    14.9363   -0.09754     -0.922    29.0002    21.3651 -9.990e-29
 151.581134     -0.896  36.200308    14.9366   12.19548     -0.889    29.0008    21.3655 -9.990e-29
 151.581140     -0.863  36.201069    14.9350   22.83452     -0.856    29.0026    21.3673 -9.990e-29
 151.581146     -0.826  36.201058    14.9321   24.51624     -0.819    29.0048    21.3695 -9.990e-29
 151.581152     -0.791  36.200891    14.9307   21.88443     -0.784    29.0056    21.3705 -9.990e-29
 151.581157     -0.773  36.200410    14.9315   14.71478     -0.767    29.0046    21.3695 -9.990e-29
 151.581163     -0.775  36.199042    14.9316   11.19677     -0.769    29.0033    21.3685 -9.990e-29
 151.581169     -0.779  36.196712    14.9297   11.22929     -0.773    29.0027    21.3684 -9.990e-29
 151.581175     -0.766  36.192626    14.9272   11.20336     -0.760    29.0009    21.3675 -9.990e-29
 151.581181     -0.734  36.188134    14.9252   11.21579     -0.728    28.9984    21.3660 -9.990e-29
 151.581186     -0.698  36.187966    14.9233   11.22819     -0.692    28.9996    21.3674 -9.990e-29
 151.581192     -0.668  36.190843    14.9213   11.24070     -0.662    29.0036    21.3709 -9.990e-29
 151.581198     -0.648  36.192819    14.9198   11.25287     -0.643    29.0065    21.3734 -9.990e-29
 151.581204     -0.631  36.193233    14.9190   11.26545     -0.626    29.0075    21.3743 -9.990e-29
 151.581209     -0.612  36.192145    14.9189   11.27581     -0.607    29.0066    21.3736 -9.990e-29
 151.581215     -0.594  36.190975    14.9200   11.28685     -0.589    29.0047    21.3720 -9.990e-29
 151.581221     -0.580  36.190471    14.9224   11.13941     -0.575    29.0025    21.3697 -9.990e-29
 151.581227     -0.565  36.190031    14.9249    8.13303     -0.560    29.0002    21.3675 -9.990e-29
 151.581233     -0.545  36.190256    14.9263    5.30634     -0.540    28.9994    21.3666 -9.990e-29
 151.581238     -0.521  36.192078    14.9269    3.80747     -0.517    29.0005    21.3673 -9.990e-29
 151.581244     -0.501  36.194632    14.9272    3.62340     -0.497    29.0026    21.3688 -9.990e-29
 151.581250     -0.488  36.196344    14.9274    4.86657     -0.484    29.0039    21.3699 -9.990e-29
 151.581256     -0.477  36.196760    14.9275    5.67423     -0.473    29.0042    21.3701 -9.990e-29
 151.581262     -0.463  36.196506    14.9270    6.05719     -0.459    29.0044    21.3703 -9.990e-29
 151.581267     -0.448  36.196433    14.9262    6.27837     -0.444    29.0049    21.3708 -9.990e-29
 151.581273     -0.442  36.196511    14.9262    6.37620     -0.438    29.0050    21.3709 -9.990e-29
 151.581279     -0.448  36.196351    14.9276    6.43091     -0.444    29.0038    21.3697 -9.990e-29
 151.581285     -0.457  36.196366    14.9296    6.45392     -0.453    29.0023    21.3681 -9.990e-29
 151.581291     -0.457  36.196645    14.9303    6.47734     -0.453    29.0020    21.3678 -9.990e-29
 151.581296     -0.444  36.197069    14.9288    6.50305     -0.440    29.0035    21.3692 -9.990e-29
 151.581302     -0.422  36.197152    14.9256    6.51424     -0.418    29.0060    21.3718 -9.990e-29
 151.581308     -0.398  36.195390    14.9226    6.51585     -0.395    29.0066    21.3729 -9.990e-29
 151.581314     -0.378  36.192864    14.9217    6.51969     -0.375    29.0050    21.3719 -9.990e-29
 151.581319     -0.366  36.190759    14.9227    6.51872     -0.363    29.0024    21.3697 -9.990e-29
 151.581325     -0.357  36.187072    14.9243    6.50631     -0.354    28.9979    21.3659 -9.990e-29
 151.581331     -0.345  36.181968    14.9260    6.49547     -0.342    28.9921    21.3611 -9.990e-29
 151.581337     -0.330  36.178376    14.9278    6.48908     -0.327    28.9876    21.3572 -9.990e-29
 151.581343     -0.312  36.181047    14.9296    6.48857     -0.309    28.9886    21.3576 -9.990e-29
 151.581348     -0.292  36.189240    14.9307    6.49923     -0.290    28.9951    21.3624 -9.990e-29
 151.581354     -0.279  36.194810    14.9310    6.49904     -0.277    28.9998    21.3659 -9.990e-29
 151.581360     -0.276  36.195644    14.9314    6.48768     -0.274    29.0003    21.3662 -9.990e-29
 151.581366     -0.278  36.193967    14.9322    6.48333     -0.276    28.9982    21.3644 -9.990e-29
 151.581372     -0.277  36.188097    14.9330    6.46957     -0.275    28.9924    21.3598 -9.990e-29
 151.581377     -0.268  36.175804    14.9331    6.46779     -0.266    28.9814    21.3513 -9.990e-29
 151.581383     -0.252  36.170405    14.9321    6.48398     -0.250    28.9773    21.3484 -9.990e-29
 151.581389     -0.232  36.180952    14.9312    6.47204     -0.230    28.9873    21.3563 -9.990e-29
 151.581395     -0.218  36.190102    14.9319    6.45759     -0.216    28.9950    21.3620 -9.990e-29
 151.581400     -0.219  36.188184    14.9332    6.43071     -0.217    28.9923    21.3597 -9.990e-29
 151.581406     -0.226  36.181039    14.9335    6.42731     -0.224    28.9857    21.3546 -9.990e-29
 151.581412     -0.226  36.177636    14.9321    6.43537     -0.224    28.9837    21.3533 -9.990e-29
 151.581418     -0.216  36.181280    14.9289    6.45372     -0.214    28.9893    21.3583 -9.990e-29
 151.581424     -0.199  36.181123    14.9255    6.46270     -0.197    28.9917    21.3608 -9.990e-29
 151.581429     -0.187  36.164053    14.9247    6.44656     -0.185    28.9771    21.3498 -9.990e-29
 151.581435     -0.188  36.107860    14.9262    6.44194     -0.186    28.9260    21.3102 -9.990e-29
 151.581441     -0.192  36.039645    14.9280    6.43639     -0.190    28.8641    21.2622 -9.990e-29
 151.581447     -0.188  36.024860    14.9293    6.43752     -0.186    28.8500    21.2510 -9.990e-29
 151.581453     -0.172  36.065652    14.9292    6.42276     -0.171    28.8863    21.2790 -9.990e-29
 151.581458     -0.145  36.127824    14.9278    6.42745     -0.144    28.9426    21.3226 -9.990e-29
 151.581464     -0.115  36.170928    14.9269    6.43072     -0.114    28.9816    21.3528 -9.990e-29
 151.581470     -0.090  36.181226    14.9280    6.43721     -0.089    28.9899    21.3589 -9.990e-29
 151.581476     -0.070  36.175244    14.9298    6.42939     -0.069    28.9833    21.3534 -9.990e-29
 151.581481     -0.056  36.166300    14.9299    6.40519     -0.056    28.9752    21.3473 -9.990e-29
 151.581487     -0.045  36.168250    14.9282    6.40586     -0.045    28.9782    21.3499 -9.990e-29
 151.581493     -0.035  36.179201    14.9263    6.41557     -0.035    28.9894    21.3589 -9.990e-29
 151.581499     -0.018  36.187957    14.9251    6.42784     -0.018    28.9980    21.3658 -9.990e-29
 151.581505      0.001  36.192170    14.9246    6.42530      0.001    29.0021    21.3691 -9.990e-29
 151.581510      0.015  36.193523    14.9249    6.40494      0.015    29.0031    21.3697 -9.990e-29
 151.581516      0.021  36.191009    14.9257    6.40578      0.021    29.0003    21.3674 -9.990e-29
 151.581522      0.023  36.188557    14.9270    6.41363      0.023    28.9971    21.3647 -9.990e-29
