data/oxygen options/ONMS/Olympic_Coast_National_Marine_Sanctuary_CTD_Data_2005_2023/raw_data/2005/CTD_CE042_062105faed.cnv
* Sea-Bird SBE19 Data File:
* FileName = C:\Mooring data\CTD_CE2_062105.hex
* Software Version 1.1.5
* Temperature SN = 2997
* Conductivity SN = 2997
* System UpLoad Time = Jun 21 2005 16:25:11
* SEACAT PROFILER V3.1c SN 2997   06/21/05  16:24:09.418
* strain gauge pressure sensor: S/N = 184829,  range = 3000 psia,  tc = 40
# nquan = 9                                 
# nvalues = 633                         
# units = specified
# name 0 = timeJ: Julian Days
# name 1 = prSM: Pressure, Strain Gauge [db]
# name 2 = c0mS/cm: Conductivity [mS/cm]
# name 3 = t090C: Temperature [ITS-90, deg C]
# name 4 = oxML/L: Oxygen, Beckman/YSI [ml/l]
# name 5 = depSM: Depth [salt water, m], lat = 47.5
# name 6 = sal00: Salinity, Practical [PSU]
# name 7 = sigma-é00: Density [sigma-theta, kg/m^3]
# name 8 = flag: flag
# span 0 = 172.532859, 172.536516       
# span 1 =     -3.610,     41.544       
# span 2 =   0.896961,  38.224931       
# span 3 =     8.9814,    16.6538       
# span 4 =  -14.39490,   23.75827       
# span 5 =     -3.580,     41.193       
# span 6 =     0.5428,    33.0664       
# span 7 =    -0.6049,    25.6078       
# span 8 = 0.0000e+00, 0.0000e+00       
# interval = seconds: 0.5
# start_time = Jun 21 2005 12:47:19 [Instrument's time stamp, header]
# bad_flag = -9.990e-29
*END*
[from data line 321]
 172.534716      2.073  36.074797    16.6409    6.53939      2.056    27.6719    19.9793 -9.990e-29
 172.534722      2.064  36.073737    16.6405    6.54646      2.047    27.6712    19.9790 -9.990e-29
 172.534728      2.053  36.075126    16.6400    6.55412      2.036    27.6728    19.9802 -9.990e-29
 172.534734      2.048  36.076894    16.6388    6.55053      2.031    27.6751    19.9823 -9.990e-29
 172.534740      2.054  36.077479    16.6379    6.53867      2.037    27.6762    19.9833 -9.990e-29
 172.534745      2.065  36.077664    16.6382    6.53189      2.048    27.6762    19.9832 -9.990e-29
 172.534751      2.079  36.077698    16.6390    6.53512      2.062    27.6756    19.9827 -9.990e-29
 172.534757      2.096  36.077630    16.6394    6.54386      2.078    27.6753    19.9823 -9.990e-29
 172.534763      2.118  36.077373    16.6401    6.55125      2.100    27.6746    19.9816 -9.990e-29
 172.534769      2.142  36.077146    16.6414    6.54657      2.124    27.6735    19.9805 -9.990e-29
 172.534774      2.156  36.077212    16.6426    6.54321      2.138    27.6727    19.9796 -9.990e-29
 172.534780      2.152  36.077099    16.6438    6.54202      2.134    27.6718    19.9787 -9.990e-29
 172.534786      2.144  36.076660    16.6450    6.54587      2.126    27.6706    19.9775 -9.990e-29
 172.534792      2.148  36.076436    16.6459    6.54606      2.130    27.6698    19.9766 -9.990e-29
 172.534797      2.163  36.076692    16.6460    6.54982      2.145    27.6699    19.9767 -9.990e-29
 172.534803      2.184  36.077212    16.6458    6.55144      2.166    27.6705    19.9772 -9.990e-29
 172.534809      2.201  36.077570    16.6458    6.54815      2.183    27.6708    19.9774 -9.990e-29
 172.534815      2.213  36.077687    16.6459    6.54330      2.195    27.6708    19.9774 -9.990e-29
 172.534821      2.219  36.077722    16.6462    6.53934      2.200    27.6707    19.9772 -9.990e-29
 172.534826      2.221  36.077724    16.6466    6.54260      2.202    27.6704    19.9769 -9.990e-29
 172.534832      2.219  36.077698    16.6467    6.54191      2.200    27.6703    19.9769 -9.990e-29
 172.534838      2.215  36.077613    16.6463    6.53792      2.197    27.6705    19.9771 -9.990e-29
 172.534844      2.215  36.077358    16.6453    6.53104      2.197    27.6710    19.9777 -9.990e-29
 172.534850      2.215  36.077158    16.6444    6.53823      2.197    27.6714    19.9782 -9.990e-29
 172.534855      2.209  36.077311    16.6440    6.54536      2.191    27.6718    19.9786 -9.990e-29
 172.534861      2.203  36.077461    16.6443    6.54998      2.185    27.6717    19.9785 -9.990e-29
 172.534867      2.203  36.077251    16.6451    6.55096      2.185    27.6710    19.9778 -9.990e-29
 172.534873      2.215  36.076964    16.6463    6.54224      2.197    27.6699    19.9767 -9.990e-29
 172.534878      2.234  36.076782    16.6482    6.54674      2.215    27.6685    19.9751 -9.990e-29
 172.534884      2.258  36.076467    16.6508    6.54585      2.239    27.6664    19.9730 -9.990e-29
 172.534890      2.285  36.076162    16.6530    6.54063      2.266    27.6646    19.9711 -9.990e-29
 172.534896      2.302  36.076023    16.6538    6.53759      2.283    27.6639    19.9704 -9.990e-29
 172.534902      2.303  36.075868    16.6532    6.53257      2.284    27.6642    19.9708 -9.990e-29
 172.534907      2.291  36.075493    16.6520    6.53048      2.272    27.6647    19.9714 -9.990e-29
 172.534913      2.275  36.074963    16.6512    6.53562      2.256    27.6648    19.9717 -9.990e-29
 172.534919      2.262  36.074697    16.6507    6.53910      2.243    27.6650    19.9719 -9.990e-29
 172.534925      2.260  36.074904    16.6502    6.53066      2.241    27.6655    19.9724 -9.990e-29
 172.534931      2.273  36.075302    16.6499    6.53154      2.254    27.6660    19.9729 -9.990e-29
 172.534936      2.297  36.075304    16.6500    6.52901      2.278    27.6660    19.9728 -9.990e-29
 172.534942      2.322  36.074914    16.6500    6.53465      2.303    27.6656    19.9725 -9.990e-29
 172.534948      2.335  36.074738    16.6498    6.54435      2.315    27.6656    19.9726 -9.990e-29
 172.534954      2.334  36.075102    16.6496    6.54539      2.315    27.6660    19.9730 -9.990e-29
 172.534959      2.323  36.075933    16.6493    6.54278      2.304    27.6670    19.9737 -9.990e-29
 172.534965      2.310  36.076662    16.6488    6.53030      2.291    27.6679    19.9746 -9.990e-29
 172.534971      2.302  36.076768    16.6484    6.52771      2.283    27.6683    19.9750 -9.990e-29
 172.534977      2.303  36.076390    16.6478    6.52759      2.284    27.6684    19.9752 -9.990e-29
 172.534983      2.309  36.075756    16.6469    6.53414      2.290    27.6685    19.9754 -9.990e-29
 172.534988      2.315  36.074549    16.6464    6.53895      2.296    27.6678    19.9750 -9.990e-29
 172.534994      2.319  36.071319    16.6467    6.53498      2.300    27.6648    19.9727 -9.990e-29
 172.535000      2.316  36.069018    16.6472    6.52866      2.297    27.6625    19.9708 -9.990e-29
 172.535006      2.310  36.071835    16.6476    6.52382      2.291    27.6646    19.9723 -9.990e-29
 172.535012      2.305  36.075652    16.6479    6.53283      2.286    27.6677    19.9746 -9.990e-29
 172.535017      2.301  36.077121    16.6480    6.53541      2.282    27.6689    19.9755 -9.990e-29
 172.535023      2.298  36.077613    16.6480    6.53270      2.279    27.6693    19.9758 -9.990e-29
 172.535029      2.294  36.077757    16.6481    6.53023      2.275    27.6693    19.9758 -9.990e-29
 172.535035      2.290  36.077716    16.6483    6.53245      2.271    27.6692    19.9757 -9.990e-29
 172.535041      2.291  36.077409    16.6482    6.54392      2.272    27.6690    19.9755 -9.990e-29
 172.535046      2.308  36.076958    16.6476    6.54351      2.289    27.6690    19.9757 -9.990e-29
 172.535052      2.348  36.076856    16.6470    6.52917      2.328    27.6693    19.9761 -9.990e-29
 172.535058      2.396  36.076940    16.6466    6.53498      2.376    27.6697    19.9764 -9.990e-29
 172.535064      2.441  36.076733    16.6465    6.53536      2.421    27.6695    19.9763 -9.990e-29
 172.535069      2.487  36.076491    16.6469    6.54920      2.466    27.6690    19.9759 -9.990e-29
 172.535075      2.533  36.076425    16.6476    6.55040      2.512    27.6685    19.9753 -9.990e-29
 172.535081      2.576  36.076419    16.6484    6.53542      2.554    27.6679    19.9747 -9.990e-29
 172.535087      2.625  36.076435    16.6493    6.53317      2.603    27.6673    19.9740 -9.990e-29
 172.535093      2.695  36.076468    16.6498    6.54378      2.672    27.6670    19.9736 -9.990e-29
 172.535098      2.799  36.076534    16.6495    6.54806      2.776    27.6672    19.9739 -9.990e-29
 172.535104      2.939  36.076695    16.6485    6.54049      2.914    27.6680    19.9747 0.0000e+00
 172.535110      3.116  36.077137    16.6468    6.50930      3.090    27.6695    19.9762 0.0000e+00
 172.535116      3.329  36.077861    16.6437    6.47632      3.301    27.6721    19.9790 0.0000e+00
 172.535122      3.572  36.078682    16.6375    6.45540      3.542    27.6770    19.9841 0.0000e+00
 172.535127      3.846  36.080106    16.6236    6.42850      3.814    27.6877    19.9954 0.0000e+00
 172.535133      4.151  36.084000    16.5920    6.41198      4.116    27.7128    20.0216 0.0000e+00
 172.535139      4.483  36.094968    16.5387    6.43611      4.446    27.7589    20.0687 0.0000e+00
 172.535145      4.836  36.118073    16.4803    6.46597      4.796    27.8190    20.1276 0.0000e+00
 172.535150      5.200  36.149889    16.4352    6.48044      5.157    27.8775    20.1824 0.0000e+00
 172.535156      5.574  36.183465    16.4046    6.41420      5.527    27.9274    20.2274 0.0000e+00
 172.535162      5.956  36.217554    16.3825    6.26360      5.906    27.9719    20.2664 0.0000e+00
 172.535168      6.349  36.247678    16.3611    6.12880      6.296    28.0126    20.3023 0.0000e+00
 172.535174      6.757  36.270800    16.3297    6.03895      6.700    28.0543    20.3411 0.0000e+00
 172.535179      7.175  36.300898    16.2692    6.03162      7.115    28.1226    20.4067 0.0000e+00
 172.535185      7.596  36.370221    16.1320    6.06470      7.532    28.2792    20.5568 0.0000e+00
 172.535191      8.016  36.549863    15.9002    6.09734      7.949    28.6004    20.8536 0.0000e+00
 172.535197      8.443  36.883644    15.6586    6.11996      8.372    29.0672    21.2640 0.0000e+00
 172.535203      8.880  37.257558    15.4936    6.14733      8.806    29.5177    21.6454 0.0000e+00
 172.535208      9.325  37.530876    15.4040    6.17281      9.247    29.8260    21.9016 0.0000e+00
 172.535214      9.779  37.710198    15.3559    6.18892      9.697    30.0210    22.0617 0.0000e+00
 172.535220     10.243  37.851191    15.3233    6.20440     10.157    30.1707    22.1838 0.0000e+00
 172.535226     10.716  37.966839    15.2917    6.21421     10.626    30.2974    22.2880 0.0000e+00
 172.535231     11.196  38.057089    15.2588    6.24257     11.102    30.4028    22.3761 0.0000e+00
 172.535237     11.679  38.127834    15.2226    6.28516     11.581    30.4936    22.4537 0.0000e+00
 172.535243     12.160  38.179709    15.1770    6.34719     12.058    30.5751    22.5261 0.0000e+00
 172.535249     12.637  38.211184    15.1222    6.40084     12.531    30.6458    22.5922 0.0000e+00
 172.535255     13.114  38.224931    15.0636    6.42562     13.004    30.7038    22.6493 0.0000e+00
 172.535260     13.605  38.222977    15.0030    6.43157     13.491    30.7495    22.6973 0.0000e+00
 172.535266     14.110  38.208283    14.9358    6.40699     13.992    30.7890    22.7420 0.0000e+00
 172.535272     14.623  38.185893    14.8523    6.36297     14.500    30.8346    22.7948 0.0000e+00
 172.535278     15.144  38.157317    14.7308    6.33144     15.017    30.9050    22.8745 0.0000e+00
 172.535284     15.666  38.107965    14.5468    6.36706     15.535    31.0067    22.9913 0.0000e+00
 172.535289     16.185  38.014613    14.2880    6.41458     16.049    31.1292    23.1393 0.0000e+00
 172.535295     16.698  37.865464    13.9429    6.42694     16.558    31.2717    23.3198 0.0000e+00
 172.535301     17.206  37.648898    13.5313    6.38166     17.062    31.4080    23.5078 0.0000e+00
 172.535307     17.705  37.380030    13.1232    6.24618     17.556    31.4940    23.6548 0.0000e+00
 172.535313     18.193  37.120289    12.7744    6.08844     18.040    31.5397    23.7577 0.0000e+00
 172.535318     18.668  36.910155    12.5000    5.93354     18.511    31.5701    23.8335 0.0000e+00
 172.535324     19.129  36.753069    12.3028    5.78626     18.968    31.5860    23.8830 0.0000e+00
 172.535330     19.580  36.650316    12.1628    5.66207     19.416    31.6056    23.9244 0.0000e+00
 172.535336     20.025  36.583681    12.0299    5.53133     19.857    31.6539    23.9865 0.0000e+00
 172.535341     20.470  36.515282    11.8876    5.36834     20.298    31.7087    24.0552 0.0000e+00
 172.535347     20.922  36.441338    11.7589    5.17138     20.746    31.7468    24.1083 0.0000e+00
 172.535353     21.376  36.380949    11.6417    4.92235     21.196    31.7883    24.1619 0.0000e+00
 172.535359     21.822  36.327549    11.5098    4.64554     21.639    31.8494    24.2332 0.0000e+00
 172.535365     22.258  36.260347    11.3458    4.37297     22.071    31.9251    24.3213 0.0000e+00
 172.535370     22.692  36.172113    11.1482    4.12404     22.501    32.0097    24.4222 0.0000e+00
 172.535376     23.133  36.067372    10.9161    3.93740     22.939    32.1087    24.5400 0.0000e+00
 172.535382     23.585  35.944891    10.6459    3.80595     23.387    32.2244    24.6769 0.0000e+00
 172.535388     24.045  35.798840    10.3704    3.73193     23.843    32.3222    24.8001 0.0000e+00
 172.535394     24.517  35.654178    10.1477    3.72010     24.311    32.3750    24.8787 0.0000e+00
 172.535399     24.998  35.557327     9.9936    3.75233     24.788    32.4149    24.9355 0.0000e+00
 172.535405     25.480  35.508568     9.8948    3.80377     25.266    32.4540    24.9823 0.0000e+00
 172.535411     25.962  35.480383     9.8427    3.85197     25.744    32.4720    25.0049 0.0000e+00
 172.535417     26.447  35.464850     9.8217    3.90239     26.225    32.4749    25.0107 0.0000e+00
 172.535422     26.930  35.458033     9.8159    3.93890     26.704    32.4730    25.0101 0.0000e+00
 172.535428     27.409  35.456975     9.8180    3.96843     27.178    32.4698    25.0073 0.0000e+00
 172.535434     27.879  35.461353     9.8235    3.99038     27.644    32.4691    25.0059 0.0000e+00
 172.535440     28.336  35.466886     9.8308    4.01341     28.098    32.4680    25.0038 0.0000e+00
 172.535446     28.780  35.472513     9.8371    4.03798     28.538    32.4678    25.0026 0.0000e+00
 172.535451     29.217  35.477861     9.8360    4.04998     28.971    32.4741    25.0077 0.0000e+00
 172.535457     29.658  35.479381     9.8245    4.07601     29.408    32.4858    25.0187 0.0000e+00
 172.535463     30.110  35.478513     9.8047    4.09295     29.857    32.5026    25.0351 0.0000e+00
 172.535469     30.571  35.483038     9.7839    4.08912     30.314    32.5257    25.0566 0.0000e+00
 172.535475     31.037  35.498397     9.7687    4.06247     30.776    32.5549    25.0819 0.0000e+00
 172.535480     31.503  35.520370     9.7588    4.00166     31.238    32.5861    25.1078 0.0000e+00
 172.535486     31.965  35.538982     9.7507    3.90953     31.696    32.6122    25.1296 0.0000e+00
 172.535492     32.422  35.548184     9.7315    3.82066     32.149    32.6388    25.1535 0.0000e+00
 172.535498     32.878  35.548442     9.6847    3.75016     32.601    32.6813    25.1943 0.0000e+00
 172.535503     33.335  35.539510     9.6111    3.69974     33.054    32.7390    25.2514 0.0000e+00
 172.535509     33.803  35.516735     9.5162    3.65862     33.518    32.8021    25.3160 0.0000e+00
 172.535515     34.284  35.471017     9.3990    3.60858     33.995    32.8623    25.3820 0.0000e+00
 172.535521     34.771  35.397415     9.2788    3.55592     34.478    32.8968    25.4281 0.0000e+00
 172.535527     35.256  35.321639     9.1870    3.50542     34.959    32.9028    25.4474 0.0000e+00
 172.535532     35.737  35.281628     9.1338    3.47898     35.436    32.9103    25.4616 0.0000e+00
 172.535538     36.209  35.278918     9.1101    3.46344     35.904    32.9291    25.4801 0.0000e+00
 172.535544     36.668  35.291353     9.1044    3.44079     36.359    32.9471    25.4951 0.0000e+00
 172.535550     37.110  35.305764     9.1056    3.42309     36.797    32.9608    25.5056 0.0000e+00
 172.535556     37.537  35.314987     9.1030    3.40388     37.220    32.9725    25.5152 0.0000e+00
 172.535561     37.959  35.316718     9.0910    3.37833     37.639    32.9853    25.5271 0.0000e+00
 172.535567     38.377  35.315479     9.0709    3.34661     38.053    33.0024    25.5437 0.0000e+00
 172.535573     38.789  35.312392     9.0505    3.31915     38.462    33.0179    25.5590 0.0000e+00
 172.535579     39.189  35.308353     9.0352    3.28001     38.858    33.0278    25.5691 0.0000e+00
 172.535584     39.570  35.306355     9.0238    3.25979     39.236    33.0361    25.5774 0.0000e+00
 172.535590     39.926  35.305380     9.0150    3.25085     39.589    33.0431    25.5843 0.0000e+00
 172.535596     40.254  35.304097     9.0104    3.25848     39.914    33.0459    25.5872 0.0000e+00
 172.535602     40.549  35.304130     9.0114    3.25249     40.207    33.0449    25.5862 0.0000e+00
 172.535608     40.804  35.306050     9.0155    3.23815     40.459    33.0429    25.5841 0.0000e+00
 172.535613     41.018  35.307904     9.0157    3.22395     40.672    33.0446    25.5854 0.0000e+00
 172.535619     41.201  35.307092     9.0069    3.20847     40.853    33.0518    25.5924 0.0000e+00
 172.535625     41.361  35.303065     8.9935    3.20617     41.012    33.0600    25.6009 -9.990e-29
 172.535631     41.485  35.299396     8.9839    3.21377     41.135    33.0651    25.6064 -9.990e-29
