data/oxygen options/ONMS/Olympic_Coast_National_Marine_Sanctuary_CTD_Data_2005_2023/raw_data/2005/CTD_MB042_053105faed.cnv
* Sea-Bird SBE19 Data File:
* FileName = C:\Mooring data\CTD_MB2_053105.hex
* Software Version 1.1.5
* Temperature SN = 2997
* Conductivity SN = 2997
* System UpLoad Time = May 31 2005 18:01:05
* SEACAT PROFILER V3.1c SN 2997   05/31/05  17:59:52.785
* strain gauge pressure sensor: S/N = 184829,  range = 3000 psia,  tc = 40
# nquan = 9                                 
# nvalues = 831                         
# units = specified
# name 0 = timeJ: Julian Days
# name 1 = prSM: Pressure, Strain Gauge [db]
# name 2 = c0mS/cm: Conductivity [mS/cm]
# name 3 = t090C: Temperature [ITS-90, deg C]
# name 4 = oxML/L: Oxygen, Beckman/YSI [ml/l]
# name 5 = depSM: Depth [salt water, m], lat = 47.5
# name 6 = sal00: Salinity, Practical [PSU]
# name 7 = sigma-é00: Density [sigma-theta, kg/m^3]
# name 8 = flag: flag
# span 0 = 151.460544, 151.465347       
# span 1 =     -1.695,     44.377       
# span 2 =   0.492207,  36.203232       
# span 3 =     8.2374,    14.5904       
# span 4 =   -0.11953,   25.83021       
# span 5 =     -1.681,     44.002       
# span 6 =     0.3052,    33.2602       
# span 7 =    -0.5092,    25.8718       
# span 8 = 0.0000e+00, 0.0000e+00       
# interval = seconds: 0.5
# start_time = May 31 2005 11:03:11 [Instrument's time stamp, header]
# bad_flag = -9.990e-29
*END*
[from data line 801]
 151.465179      3.586  36.114725    14.5674    6.31352      3.556    29.1984    21.5939 -9.990e-29
 151.465185      3.549  36.115780    14.5675    6.35304      3.519    29.1993    21.5946 -9.990e-29
 151.465191      3.485  36.117553    14.5678    6.29372      3.456    29.2007    21.5956 -9.990e-29
 151.465197      3.394  36.117925    14.5678    6.30206      3.366    29.2010    21.5959 -9.990e-29
 151.465203      3.271  36.116833    14.5674    6.23217      3.244    29.2004    21.5955 -9.990e-29
 151.465208      3.116  36.115062    14.5668    6.15369      3.090    29.1993    21.5948 0.0000e+00
 151.465214      2.945  36.113054    14.5658    5.96979      2.920    29.1983    21.5942 0.0000e+00
 151.465220      2.777  36.110376    14.5652    5.83880      2.754    29.1964    21.5929 0.0000e+00
 151.465226      2.619  36.102899    14.5654    5.72280      2.597    29.1896    21.5876 0.0000e+00
 151.465231      2.469  36.079535    14.5655    5.76483      2.448    29.1686    21.5714 0.0000e+00
 151.465237      2.329  36.008572    14.5648    6.59997      2.310    29.1055    21.5230 -9.990e-29
 151.465243      2.209  35.795392    14.5630    7.21870      2.191    28.9157    21.3772 -9.990e-29
 151.465249      2.109  35.633934    14.5604    7.51895      2.091    28.7730    21.2679 -9.990e-29
 151.465255      2.023  35.788218    14.5579    7.63063      2.006    28.9132    21.3763 -9.990e-29
 151.465260      1.954  35.991387    14.5558    7.65801      1.938    29.0970    21.5182 -9.990e-29
 151.465266      1.906  36.039519    14.5534    7.63854      1.890    29.1420    21.5533 -9.990e-29
 151.465272      1.872  35.996230    14.5496    7.55430      1.856    29.1060    21.5264 -9.990e-29
 151.465278      1.845  35.806042    14.5440    7.55764      1.830    28.9396    21.3994 -9.990e-29
 151.465284      1.823  35.223222    14.5380    7.52048      1.808    28.4219    21.0022 -9.990e-29
 151.465289      1.806  33.484130    14.5336    7.48854      1.791    26.8745    19.8125 -9.990e-29
 151.465295      1.792  28.283431    14.5314 -9.990e-29      1.777    22.3087    16.3038 -9.990e-29
 151.465301      1.781  19.120927    14.5311 -9.990e-29      1.766    14.5328    10.3381 -9.990e-29
 151.465307      1.771  10.567062    14.5320 -9.990e-29      1.756     7.6421     5.0541 -9.990e-29
 151.465313      1.762   5.931274    14.5331 -9.990e-29      1.747     4.1109     2.3421 -9.990e-29
 151.465318      1.753   3.970817    14.5338 -9.990e-29      1.738     2.6802     1.2410 -9.990e-29
 151.465324      1.744   3.029574    14.5342 -9.990e-29      1.729     2.0114     0.7256 -9.990e-29
 151.465330      1.735   2.603924    14.5337 -9.990e-29      1.721     1.7138     0.4961 -9.990e-29
 151.465336      1.724   2.440053    14.5324 -9.990e-29      1.710     1.6001     0.4086 -9.990e-29
 151.465341      1.715   2.298353    14.5318 -9.990e-29      1.701     1.5022     0.3331 -9.990e-29
 151.465347      1.712   2.235273 -9.990e-29 -9.990e-29      1.698 -9.990e-29 -9.990e-29 -9.990e-29
