data/oxygen options/ONMS/Olympic_Coast_National_Marine_Sanctuary_CTD_Data_2005_2023/raw_data/2005/CTD_CE042_052505faed.cnv
* Sea-Bird SBE19 Data File:
* FileName = C:\Documents and Settings\kirner.PTANGELES\Desktop\hypoxia CTD data\MCE2__052505.hex
* Software Version 1.1.5
* Temperature SN = 2997
* Conductivity SN = 2997
* System UpLoad Time = May 25 2005 18:15:03
* SEACAT PROFILER V3.1c SN 2997   05/25/05  18:14:09.558
* strain gauge pressure sensor: S/N = 184829,  range = 3000 psia,  tc = 40
# nquan = 9                                 
# nvalues = 803                         
# units = specified
# name 0 = timeJ: Julian Days
# name 1 = prSM: Pressure, Strain Gauge [db]
# name 2 = c0mS/cm: Conductivity [mS/cm]
# name 3 = t090C: Temperature [ITS-90, deg C]
# name 4 = oxML/L: Oxygen, Beckman/YSI [ml/l]
# name 5 = depSM: Depth [salt water, m], lat = 47.5
# name 6 = sal00: Salinity, Practical [PSU]
# name 7 = sigma-é00: Density [sigma-theta, kg/m^3]
# name 8 = flag: flag
# span 0 = 145.658715, 145.663356       
# span 1 =     -4.219,     46.456       
# span 2 =  -0.001185,  36.252219       
# span 3 =     9.5485,    19.8354       
# span 4 =  -14.02554,   23.36142       
# span 5 =     -4.184,     46.063       
# span 6 =     0.0000,    32.5855       
# span 7 =    -1.6519,    25.1415       
# span 8 = 0.0000e+00, 0.0000e+00       
# interval = seconds: 0.5
# start_time = May 25 2005 15:48:33 [Instrument's time stamp, header]
# bad_flag = -9.990e-29
*END*
[from data line 641]
 145.662425     17.135  35.152616    13.0571    5.88613     16.991    29.4678    22.1009 0.0000e+00
 145.662431     17.744  35.229341    13.0016    5.90431     17.595    29.5821    22.1999 0.0000e+00
 145.662436     18.366  35.343983    12.9513    5.91583     18.212    29.7282    22.3224 0.0000e+00
 145.662442     18.999  35.458802    12.9163    5.92576     18.840    29.8627    22.4331 0.0000e+00
 145.662448     19.639  35.529567    12.8841    5.91908     19.474    29.9541    22.5099 0.0000e+00
 145.662454     20.284  35.600154    12.8429    5.92729     20.114    30.0526    22.5939 0.0000e+00
 145.662459     20.934  35.691223    12.7960    5.94056     20.758    30.1751    22.6976 0.0000e+00
 145.662465     21.586  35.766108    12.7421    5.94035     21.405    30.2883    22.7954 0.0000e+00
 145.662471     22.234  35.834942    12.6716    5.93613     22.047    30.4096    22.9026 0.0000e+00
 145.662477     22.875  35.926689    12.5918    5.94633     22.683    30.5604    23.0344 0.0000e+00
 145.662483     23.508  36.017347    12.5216    5.95497     23.310    30.7030    23.1580 0.0000e+00
 145.662488     24.137  36.076973    12.4577    5.94793     23.934    30.8115    23.2541 0.0000e+00
 145.662494     24.759  36.114959    12.3851    5.93410     24.551    30.9070    23.3416 0.0000e+00
 145.662500     25.375  36.159494    12.3122    5.90859     25.162    31.0093    23.4345 0.0000e+00
 145.662506     25.986  36.205461    12.2558    5.88450     25.767    31.0996    23.5150 0.0000e+00
 145.662512     26.587  36.232269    12.2089    5.86703     26.363    31.1639    23.5736 0.0000e+00
 145.662517     27.174  36.245913    12.1551    5.85632     26.945    31.2216    23.6283 0.0000e+00
 145.662523     27.738  36.252219    12.0916    5.83811     27.505    31.2805    23.6857 0.0000e+00
 145.662529     28.277  36.250033    12.0283    5.82288     28.039    31.3312    23.7367 0.0000e+00
 145.662535     28.798  36.241455    11.9754    5.80400     28.556    31.3672    23.7744 0.0000e+00
 145.662541     29.309  36.229586    11.9355    5.76626     29.062    31.3892    23.7987 0.0000e+00
 145.662546     29.821  36.217623    11.9009    5.73324     29.570    31.4066    23.8186 0.0000e+00
 145.662552     30.341  36.204160    11.8615    5.66701     30.086    31.4266    23.8413 0.0000e+00
 145.662558     30.869  36.186350    11.8120    5.56500     30.609    31.4510    23.8693 0.0000e+00
 145.662564     31.403  36.163960    11.7463    5.42394     31.139    31.4848    23.9075 0.0000e+00
 145.662569     31.944  36.134574    11.6621    5.24921     31.675    31.5275    23.9559 0.0000e+00
 145.662575     32.487  36.098220    11.5569    5.08378     32.213    31.5815    24.0168 0.0000e+00
 145.662581     33.024  36.055720    11.4273    4.90963     32.746    31.6506    24.0937 0.0000e+00
 145.662587     33.551  36.005303    11.2705    4.73054     33.268    31.7356    24.1877 0.0000e+00
 145.662593     34.072  35.944730    11.0682    4.57785     33.785    31.8506    24.3128 0.0000e+00
 145.662598     34.594  35.866062    10.8313    4.44963     34.302    31.9787    24.4538 0.0000e+00
 145.662604     35.120  35.775912    10.6181    4.38120     34.824    32.0756    24.5660 0.0000e+00
 145.662610     35.649  35.698639    10.4578    4.35154     35.348    32.1394    24.6431 0.0000e+00
 145.662616     36.182  35.642689    10.3293    4.32686     35.877    32.1968    24.7095 0.0000e+00
 145.662622     36.713  35.595619    10.2155    4.31773     36.403    32.2503    24.7703 0.0000e+00
 145.662627     37.238  35.548992    10.1240    4.29558     36.924    32.2845    24.8123 0.0000e+00
 145.662633     37.760  35.508980    10.0591    4.27849     37.441    32.3018    24.8366 0.0000e+00
 145.662639     38.283  35.480486    10.0095    4.25496     37.960    32.3171    24.8568 0.0000e+00
 145.662645     38.805  35.459669     9.9599    4.22968     38.478    32.3401    24.8830 0.0000e+00
 145.662650     39.327  35.441161     9.8954    4.19640     38.995    32.3790    24.9239 0.0000e+00
 145.662656     39.842  35.421553     9.8103    4.16400     39.506    32.4353    24.9818 0.0000e+00
 145.662662     40.345  35.400452     9.7236    4.13264     40.004    32.4917    25.0401 0.0000e+00
 145.662668     40.834  35.381640     9.6612    4.12558     40.489    32.5287    25.0791 0.0000e+00
 145.662674     41.305  35.369140     9.6269    4.12849     40.956    32.5468    25.0988 0.0000e+00
 145.662679     41.763  35.362499     9.6064    4.11929     41.410    32.5584    25.1112 0.0000e+00
 145.662685     42.221  35.356751     9.5890    4.12586     41.864    32.5681    25.1216 0.0000e+00
 145.662691     42.685  35.349810     9.5755    4.12979     42.324    32.5730    25.1276 0.0000e+00
 145.662697     43.155  35.345287     9.5670    4.13306     42.790    32.5759    25.1313 0.0000e+00
 145.662703     43.623  35.343853     9.5616    4.14467     43.254    32.5791    25.1347 0.0000e+00
 145.662708     44.076  35.343567     9.5583    4.15359     43.703    32.5816    25.1372 0.0000e+00
 145.662714     44.501  35.344022     9.5563    4.15381     44.125    32.5837    25.1391 0.0000e+00
 145.662720     44.889  35.344119     9.5543    4.15052     44.510    32.5855    25.1408 0.0000e+00
 145.662726     45.244  35.342279     9.5520    4.14484     44.861    32.5855    25.1412 0.0000e+00
 145.662731     45.568  35.339950     9.5499    4.13996     45.183    32.5849    25.1411 0.0000e+00
 145.662737     45.855  35.339046     9.5485    4.14387     45.467    32.5851    25.1415 0.0000e+00
 145.662743     46.098  35.338898     9.5488    4.15308     45.708    32.5846    25.1410 0.0000e+00
 145.662749     46.287  35.339285     9.5518    4.15445     45.896    32.5822    25.1387 -9.990e-29
 145.662755     46.408  35.341260     9.5568    4.15822     46.016    32.5796    25.1358 -9.990e-29
 145.662760     46.456  35.344629     9.5610    4.15940     46.063    32.5792    25.1349 -9.990e-29
 145.662766     46.435  35.347136     9.5630    4.15129     46.042    32.5800    25.1351 -9.990e-29
 145.662772     46.338  35.347619     9.5633    4.15070     45.946    32.5803    25.1353 -9.990e-29
 145.662778     46.160  35.346702     9.5626    4.15492     45.770    32.5800    25.1352 0.0000e+00
 145.662784     45.902  35.344819     9.5608    4.16065     45.514    32.5798    25.1354 0.0000e+00
 145.662789     45.561  35.342242     9.5576    4.16567     45.176    32.5803    25.1362 0.0000e+00
 145.662795     45.131  35.338878     9.5543    4.16975     44.749    32.5800    25.1365 0.0000e+00
 145.662801     44.628  35.335263     9.5535    4.16957     44.251    32.5772    25.1345 0.0000e+00
 145.662807     44.076  35.332165     9.5563    4.16454     43.703    32.5718    25.1298 0.0000e+00
 145.662813     43.491  35.329918     9.5614    4.16915     43.123    32.5651    25.1237 0.0000e+00
 145.662818     42.882  35.329431     9.5665    4.17905     42.520    32.5602    25.1191 0.0000e+00
 145.662824     42.249  35.329476     9.5707    4.19999     41.892    32.5568    25.1157 0.0000e+00
 145.662830     41.596  35.327851     9.5776    4.24408     41.245    32.5491    25.1086 0.0000e+00
 145.662836     40.930  35.325737     9.5917    4.28977     40.584    32.5345    25.0949 0.0000e+00
 145.662841     40.266  35.325341     9.6121    4.34423     39.926    32.5159    25.0770 0.0000e+00
 145.662847     39.617  35.327237     9.6386    4.39157     39.283    32.4941    25.0557 0.0000e+00
 145.662853     38.980  35.331697     9.6881    4.44302     38.651    32.4542    25.0165 0.0000e+00
 145.662859     38.340  35.341289     9.7790    4.50178     38.016    32.3824    24.9456 0.0000e+00
 145.662865     37.690  35.360936     9.8935    4.58436     37.372    32.2999    24.8625 0.0000e+00
 145.662870     37.036  35.389353     9.9982    4.70732     36.724    32.2355    24.7949 0.0000e+00
 145.662876     36.384  35.419588    10.0958    4.85758     36.077    32.1794    24.7350 0.0000e+00
 145.662882     35.735  35.452720    10.2009    5.04269     35.434    32.1198    24.6710 0.0000e+00
 145.662888     35.095  35.490884    10.3148    5.18929     34.799    32.0577    24.6035 0.0000e+00
 145.662894     34.469  35.530030    10.4676    5.33611     34.178    31.9627    24.5037 0.0000e+00
 145.662899     33.852  35.578628    10.6884    5.48687     33.567    31.8184    24.3536 0.0000e+00
 145.662905     33.235  35.652705    10.9464    5.65550     32.955    31.6684    24.1923 0.0000e+00
 145.662911     32.618  35.748518    11.1852    5.80863     32.343    31.5576    24.0644 0.0000e+00
 145.662917     31.998  35.845421    11.3426    5.90043     31.728    31.5181    24.0058 0.0000e+00
 145.662922     31.376  35.913466    11.3960    5.96622     31.112    31.5392    24.0127 0.0000e+00
 145.662928     30.758  35.937356    11.4261    6.02321     30.499    31.5371    24.0057 0.0000e+00
 145.662934     30.149  35.949476    11.5288    6.06543     29.895    31.4617    23.9288 0.0000e+00
 145.662940     29.542  35.994016    11.6895    6.10827     29.293    31.3691    23.8279 0.0000e+00
 145.662946     28.940  36.064773    11.8225    6.12799     28.696    31.3256    23.7700 0.0000e+00
 145.662951     28.340  36.121574    11.8922    6.12701     28.102    31.3220    23.7545 0.0000e+00
 145.662957     27.745  36.150501    11.9149    6.12224     27.512    31.3310    23.7573 0.0000e+00
 145.662963     27.158  36.158756    11.9225    6.11122     26.930    31.3328    23.7573 0.0000e+00
 145.662969     26.580  36.160162    11.9491    6.09944     26.356    31.3120    23.7363 0.0000e+00
 145.662975     26.010  36.171734    11.9899    6.11697     25.791    31.2891    23.7111 0.0000e+00
 145.662980     25.445  36.189279    12.0199    6.12185     25.231    31.2811    23.6993 0.0000e+00
 145.662986     24.883  36.200880    12.0380    6.11468     24.674    31.2773    23.6930 0.0000e+00
 145.662992     24.319  36.206882    12.0619    6.10829     24.115    31.2632    23.6777 0.0000e+00
 145.662998     23.742  36.212491    12.1013    6.12502     23.542    31.2359    23.6492 0.0000e+00
 145.663003     23.150  36.219024    12.1465    6.15875     22.956    31.2046    23.6166 0.0000e+00
 145.663009     22.551  36.221183    12.1820    6.20792     22.362    31.1773    23.5889 0.0000e+00
 145.663015     21.956  36.217372    12.2027    6.21645     21.772    31.1567    23.5690 0.0000e+00
 145.663021     21.364  36.212050    12.2250    6.20625     21.185    31.1333    23.5467 0.0000e+00
 145.663027     20.772  36.201495    12.2780    6.17355     20.598    31.0795    23.4951 0.0000e+00
 145.663032     20.180  36.173319    12.3681    6.14998     20.011    30.9783    23.3999 0.0000e+00
 145.663038     19.595  36.121349    12.4598    6.17279     19.431    30.8537    23.2862 0.0000e+00
 145.663044     19.021  36.063751    12.5083    6.20840     18.861    30.7596    23.2042 0.0000e+00
 145.663050     18.464  36.038668    12.5147    6.24550     18.309    30.7308    23.1807 0.0000e+00
 145.663056     17.923  36.046310    12.5208    6.25796     17.773    30.7333    23.1815 0.0000e+00
 145.663061     17.386  36.038020    12.5601    6.23494     17.240    30.6936    23.1433 0.0000e+00
 145.663067     16.840  35.972470    12.6394    6.17532     16.699    30.5674    23.0307 0.0000e+00
 145.663073     16.279  35.841858    12.7477    6.13517     16.142    30.3571    22.8474 0.0000e+00
 145.663079     15.706  35.659268    12.8724    6.10862     15.574    30.0863    22.6142 0.0000e+00
 145.663084     15.128  35.436870    12.9941    6.12974     15.001    29.7824    22.3561 0.0000e+00
 145.663090     14.546  35.221749    13.0866    6.19030     14.424    29.5101    22.1279 0.0000e+00
 145.663096     13.962  35.080213    13.1385    6.23190     13.845    29.3387    21.9856 0.0000e+00
 145.663102     13.381  35.016941    13.1603    6.26919     13.269    29.2634    21.9232 0.0000e+00
 145.663108     12.805  34.990744    13.1842    6.28292     12.698    29.2210    21.8858 0.0000e+00
 145.663113     12.231  34.947085    13.2389    6.29181     12.129    29.1389    21.8119 0.0000e+00
 145.663119     11.653  34.833918    13.3160    6.30920     11.555    28.9758    21.6711 0.0000e+00
 145.663125     11.064  34.667372    13.3824    6.32072     10.971    28.7723    21.5012 0.0000e+00
 145.663131     10.469  34.524671    13.4209    6.31103     10.381    28.6124    21.3703 0.0000e+00
 145.663137      9.877  34.448144    13.4444    6.30447      9.794    28.5247    21.2982 0.0000e+00
 145.663142      9.289  34.408622    13.4798    6.33830      9.211    28.4623    21.2431 0.0000e+00
 145.663148      8.697  34.342771    13.5337    6.39480      8.624    28.3622    21.1554 0.0000e+00
 145.663154      8.098  34.238445    13.5834    6.45938      8.030    28.2302    21.0440 0.0000e+00
 145.663160      7.502  34.148764    13.6147    7.45292      7.439    28.1255    20.9572 0.0000e+00
 145.663166      6.912  34.103791    13.6420    7.61715      6.854    28.0647    20.9050 0.0000e+00
 145.663171      6.325  34.082241    13.7004    6.89449      6.272    28.0026    20.8457 0.0000e+00
 145.663177      5.743  34.046420    13.8153    6.51168      5.695    27.8866    20.7340 0.0000e+00
 145.663183      5.171  33.989475    13.9556    7.04984      5.128    27.7339    20.5888 0.0000e+00
 145.663189      4.620  33.933554    14.0446    7.34136      4.581    27.6197    20.4833 0.0000e+00
 145.663194      4.106  33.856793    14.0600    7.52401      4.072    27.5397    20.4186 0.0000e+00
 145.663200      3.638  33.647350    14.0758    7.61791      3.608    27.3401    20.2617 0.0000e+00
 145.663206      3.218  33.013658    14.1470    7.62039      3.191    26.7217    19.7715 0.0000e+00
 145.663212      2.847  31.103505    14.2337    7.61895      2.823    24.9626    18.4009 0.0000e+00
 145.663218      2.542  25.349288    14.2734    7.58318      2.521    19.9109    14.5109 0.0000e+00
 145.663223      2.307  17.156338    14.2563    7.50509      2.288    13.0064     9.2150 0.0000e+00
 145.663229      2.125  14.453562    14.1991    7.39785      2.107    10.8137     7.5420 0.0000e+00
 145.663235      1.974  17.835229    14.1241    7.29358      1.958    13.6136     9.7033 -9.990e-29
 145.663241      1.851  18.823779    14.0642   -5.94034      1.836    14.4595    10.3628 -9.990e-29
 145.663247      1.750  14.552727    14.0305  -13.08472      1.735    10.9416     7.6679 -9.990e-29
 145.663252      1.666   9.412622    14.0147  -14.02554      1.652     6.8368     4.5175 -9.990e-29
 145.663258      1.593   6.353974    14.0083  -10.24602      1.580     4.4849     2.7095 -9.990e-29
 145.663264      1.531   4.781409    14.0054   -1.79424      1.518     3.3106     1.8054 -9.990e-29
 145.663270      1.484   3.673093    14.0049   -0.34875      1.472     2.5008     1.1810 -9.990e-29
 145.663275      1.455   2.854561    14.0059   -0.21283      1.443     1.9142     0.7281 -9.990e-29
 145.663281      1.436   2.320252    14.0070   -0.16383      1.424     1.5377     0.4370 -9.990e-29
 145.663287      1.422   1.963928    14.0073   -0.14144      1.410     1.2899     0.2453 -9.990e-29
 145.663293      1.413   1.751149    14.0050   -0.12762      1.401     1.1434     0.1322 -9.990e-29
 145.663299      1.408   1.661227    13.9997   -0.11859      1.396     1.0819     0.0854 -9.990e-29
 145.663304      1.406   1.682459    13.9954 -9.990e-29      1.394     1.0965     0.0974 -9.990e-29
 145.663310      1.403   1.754380    13.9945 -9.990e-29      1.391     1.1459     0.1357 -9.990e-29
 145.663316      1.394   1.767587    13.9947 -9.990e-29      1.382     1.1550     0.1427 -9.990e-29
 145.663322      1.384   1.678656    13.9925 -9.990e-29      1.372     1.0940     0.0958 -9.990e-29
 145.663328      1.381   1.537687    13.9874 -9.990e-29      1.369     0.9979     0.0221 -9.990e-29
 145.663333      1.387   1.386422    13.9817 -9.990e-29      1.375     0.8953    -0.0565 -9.990e-29
 145.663339      1.400   1.244524    13.9763 -9.990e-29      1.388     0.7997    -0.1298 -9.990e-29
