data/oxygen options/ONMS/Olympic_Coast_National_Marine_Sanctuary_CTD_Data_2005_2023/raw_data/2005/CTD_KL027_062805faed.cnv
* Sea-Bird SBE19 Data File:
* FileName = F:\mooring data\CTD_KL2_062805.hex
* Software Version 1.1.6
* Temperature SN = 2997
* Conductivity SN = 2997
* System UpLoad Time = Jun 28 2005 13:38:47
* SEACAT PROFILER V3.1c SN 2997   06/28/05  13:35:04.025
* strain gauge pressure sensor: S/N = 184829,  range = 3000 psia,  tc = 40
# nquan = 9                                 
# nvalues = 584                         
# units = specified
# name 0 = timeJ: Julian Days
# name 1 = prSM: Pressure, Strain Gauge [db]
# name 2 = c0mS/cm: Conductivity [mS/cm]
# name 3 = t090C: Temperature [ITS-90, deg C]
# name 4 = oxML/L: Oxygen, Beckman/YSI [ml/l]
# name 5 = depSM: Depth [salt water, m], lat = 47.5
# name 6 = sal00: Salinity, Practical [PSU]
# name 7 = sigma-é00: Density [sigma-theta, kg/m^3]
# name 8 = flag: flag
# span 0 = 179.414560, 179.417934       
# span 1 =     -1.939,     27.985       
# span 2 =   1.384381,  38.786727       
# span 3 =     9.1797,    14.9707       
# span 4 =   -0.12050,   25.43415       
# span 5 =     -1.923,     27.750       
# span 6 =     0.9053,    32.8552       
# span 7 =     0.0194,    25.4112       
# span 8 = 0.0000e+00, 0.0000e+00       
# interval = seconds: 0.5
# start_time = Jun 28 2005 09:56:58 [Instrument's time stamp, header]
# bad_flag = -9.990e-29
*END*
[from data line 481]
 179.417344     14.604  35.729677    10.2843    3.83266     14.482    32.3335    24.8232 0.0000e+00
 179.417350     15.129  35.657156    10.1204    3.77556     15.002    32.4065    24.9077 0.0000e+00
 179.417355     15.666  35.577219     9.9806    3.73517     15.535    32.4508    24.9654 0.0000e+00
 179.417361     16.213  35.514414     9.8693    3.70362     16.077    32.4869    25.0120 0.0000e+00
 179.417367     16.757  35.475018     9.7824    3.68729     16.616    32.5250    25.0560 0.0000e+00
 179.417373     17.286  35.450755     9.7246    3.67430     17.141    32.5523    25.0868 0.0000e+00
 179.417378     17.798  35.433165     9.6812    3.65462     17.649    32.5734    25.1103 0.0000e+00
 179.417384     18.302  35.417268     9.6296    3.62140     18.148    32.6037    25.1424 0.0000e+00
 179.417390     18.798  35.399046     9.5708    3.57584     18.640    32.6383    25.1790 0.0000e+00
 179.417396     19.286  35.382226     9.5227    3.54007     19.124    32.6646    25.2073 0.0000e+00
 179.417402     19.764  35.372403     9.4921    3.49395     19.598    32.6822    25.2260 0.0000e+00
 179.417407     20.244  35.367677     9.4689    3.44971     20.074    32.6983    25.2423 0.0000e+00
 179.417413     20.733  35.363419     9.4429    3.42456     20.559    32.7175    25.2615 0.0000e+00
 179.417419     21.234  35.358993     9.4108    3.40589     21.056    32.7420    25.2858 0.0000e+00
 179.417425     21.739  35.352418     9.3746    3.39845     21.556    32.7682    25.3121 0.0000e+00
 179.417431     22.242  35.341085     9.3390    3.39561     22.055    32.7889    25.3340 0.0000e+00
 179.417436     22.746  35.327255     9.3050    3.39553     22.555    32.8056    25.3525 0.0000e+00
 179.417442     23.248  35.311541     9.2713    3.39369     23.053    32.8202    25.3692 0.0000e+00
 179.417448     23.737  35.294284     9.2412    3.39859     23.538    32.8298    25.3815 0.0000e+00
 179.417454     24.211  35.280498     9.2186    3.39454     24.008    32.8361    25.3900 0.0000e+00
 179.417459     24.674  35.272535     9.2039    3.39207     24.467    32.8412    25.3963 0.0000e+00
 179.417465     25.125  35.268739     9.1955    3.37552     24.914    32.8448    25.4005 0.0000e+00
 179.417471     25.563  35.267406     9.1900    3.36229     25.348    32.8483    25.4041 0.0000e+00
 179.417477     25.991  35.266755     9.1851    3.35842     25.772    32.8519    25.4077 0.0000e+00
 179.417483     26.401  35.265917     9.1813    3.35485     26.179    32.8544    25.4103 0.0000e+00
 179.417488     26.777  35.265452     9.1797    3.36798     26.552    32.8552    25.4112 0.0000e+00
 179.417494     27.105  35.265858     9.1806    3.36905     26.877    32.8547    25.4106 0.0000e+00
 179.417500     27.371  35.266552     9.1835    3.37795     27.141    32.8526    25.4085 0.0000e+00
 179.417506     27.570  35.267337     9.1872    3.37526     27.338    32.8499    25.4058 0.0000e+00
 179.417512     27.716  35.268136     9.1896    3.36975     27.483    32.8484    25.4043 -9.990e-29
 179.417517     27.826  35.267772     9.1892    3.37991     27.592    32.8484    25.4043 -9.990e-29
 179.417523     27.911  35.266320     9.1877    3.38246     27.676    32.8482    25.4045 -9.990e-29
 179.417529     27.969  35.265212     9.1878    3.38810     27.734    32.8470    25.4035 -9.990e-29
 179.417535     27.985  35.265211     9.1895    3.39359     27.750    32.8454    25.4020 -9.990e-29
 179.417541     27.949  35.264632     9.1919    3.38414     27.714    32.8426    25.3994 -9.990e-29
 179.417546     27.858  35.262140     9.1943    3.39240     27.624    32.8378    25.3953 -9.990e-29
 179.417552     27.714  35.260021     9.1949    3.39129     27.481    32.8352    25.3931 0.0000e+00
 179.417558     27.512  35.259373     9.1937    3.38696     27.281    32.8357    25.3937 0.0000e+00
 179.417564     27.241  35.259332     9.1911    3.38925     27.012    32.8382    25.3960 0.0000e+00
 179.417569     26.890  35.258723     9.1872    3.38060     26.664    32.8413    25.3991 0.0000e+00
 179.417575     26.473  35.256175     9.1848    3.38358     26.250    32.8410    25.3993 0.0000e+00
 179.417581     26.022  35.252776     9.1848    3.39534     25.803    32.8377    25.3967 0.0000e+00
 179.417587     25.568  35.250164     9.1855    3.39882     25.353    32.8346    25.3941 0.0000e+00
 179.417593     25.125  35.248784     9.1870    3.41947     24.914    32.8320    25.3918 0.0000e+00
 179.417598     24.691  35.248481     9.1903    3.42759     24.483    32.8288    25.3888 0.0000e+00
 179.417604     24.255  35.247732     9.1953    3.44450     24.051    32.8236    25.3840 0.0000e+00
 179.417610     23.814  35.245540     9.2027    3.46005     23.614    32.8148    25.3758 0.0000e+00
 179.417616     23.376  35.242908     9.2125    3.46273     23.180    32.8032    25.3653 0.0000e+00
 179.417622     22.947  35.241936     9.2220    3.47467     22.754    32.7937    25.3563 0.0000e+00
 179.417627     22.528  35.243573     9.2278    3.48398     22.339    32.7902    25.3527 0.0000e+00
 179.417633     22.119  35.245524     9.2308    3.48960     21.933    32.7897    25.3517 0.0000e+00
 179.417639     21.719  35.246467     9.2386    3.50893     21.537    32.7837    25.3458 0.0000e+00
 179.417645     21.321  35.249905     9.2569    3.52719     21.142    32.7706    25.3327 0.0000e+00
 179.417650     20.912  35.258742     9.2834    3.57284     20.736    32.7556    25.3167 0.0000e+00
 179.417656     20.482  35.269624     9.3199    3.61750     20.310    32.7335    25.2937 0.0000e+00
 179.417662     20.022  35.280810     9.3726    3.67211     19.854    32.6970    25.2567 0.0000e+00
 179.417668     19.532  35.293765     9.4331    3.74198     19.368    32.6553    25.2145 0.0000e+00
 179.417674     19.028  35.304467     9.4843    3.79224     18.868    32.6199    25.1785 0.0000e+00
 179.417679     18.529  35.310941     9.5168    3.84136     18.374    32.5972    25.1556 0.0000e+00
 179.417685     18.050  35.315666     9.5322    3.87101     17.899    32.5883    25.1461 0.0000e+00
 179.417691     17.596  35.319350     9.5439    3.90352     17.448    32.5816    25.1390 0.0000e+00
 179.417697     17.158  35.323547     9.5744    3.96069     17.014    32.5584    25.1159 0.0000e+00
 179.417703     16.726  35.333297     9.6377    4.02178     16.586    32.5112    25.0688 0.0000e+00
 179.417708     16.293  35.351508     9.7181    4.10200     16.156    32.4573    25.0137 0.0000e+00
 179.417714     15.859  35.373314     9.7900    4.18378     15.726    32.4150    24.9688 0.0000e+00
 179.417720     15.420  35.393608     9.8488    4.26827     15.291    32.3829    24.9342 0.0000e+00
 179.417726     14.974  35.412556     9.9085    4.37266     14.848    32.3488    24.8977 0.0000e+00
 179.417731     14.520  35.433013     9.9865    4.48548     14.398    32.2999    24.8467 0.0000e+00
 179.417737     14.053  35.459839    10.0902    4.61939     13.935    32.2347    24.7786 0.0000e+00
 179.417743     13.570  35.497978    10.2158    4.74816     13.456    32.1617    24.7008 0.0000e+00
 179.417749     13.073  35.548962    10.3478    4.82685     12.963    32.0963    24.6276 0.0000e+00
 179.417755     12.574  35.605105    10.4639    4.90461     12.469    32.0503    24.5722 0.0000e+00
 179.417760     12.081  35.656077    10.5615    4.96398     11.980    32.0156    24.5285 0.0000e+00
 179.417766     11.598  35.702030    10.6578    5.05625     11.501    31.9772    24.4821 0.0000e+00
 179.417772     11.136  35.749315    10.7547    5.13978     11.043    31.9396    24.4362 0.0000e+00
 179.417778     10.693  35.800444    10.8296    5.22259     10.603    31.9252    24.4120 0.0000e+00
 179.417784     10.268  35.846801    10.8693    5.35205     10.182    31.9367    24.4140 0.0000e+00
 179.417789      9.854  35.876210    10.9094    5.49797      9.772    31.9310    24.4026 0.0000e+00
 179.417795      9.439  35.902110    11.0359    5.75773      9.360    31.8468    24.3150 0.0000e+00
 179.417801      9.013  35.979779    11.2785    6.00047      8.938    31.7139    24.1689 0.0000e+00
 179.417807      8.579  36.134843    11.5616    6.33663      8.507    31.6229    24.0476 0.0000e+00
 179.417813      8.138  36.315610    11.8193    6.77419      8.070    31.5789    23.9667 0.0000e+00
 179.417818      7.694  36.472721    12.0808    7.24779      7.630    31.5092    23.8645 0.0000e+00
 179.417824      7.251  36.637414    12.3900    7.79795      7.190    31.4071    23.7278 0.0000e+00
 179.417830      6.816  36.849332    12.6888    8.15205      6.759    31.3593    23.6341 0.0000e+00
 179.417836      6.391  37.058001    12.9382    8.28463      6.338    31.3494    23.5785 0.0000e+00
 179.417841      5.971  37.236665    13.1749    9.60231      5.921    31.3216    23.5110 0.0000e+00
 179.417847      5.545  37.418918    13.4743    7.92071      5.499    31.2457    23.3934 0.0000e+00
 179.417853      5.112  37.648167    13.8892    7.70508      5.069    31.1200    23.2132 0.0000e+00
 179.417859      4.688  37.948588    14.2758    7.45211      4.649    31.0832    23.1060 0.0000e+00
 179.417865      4.292  38.208758    14.4814    7.20155      4.256    31.1546    23.1186 0.0000e+00
 179.417870      3.934  38.324744    14.5415    6.99028      3.901    31.2117    23.1500 0.0000e+00
 179.417876      3.612  38.305460    14.5525    6.66582      3.582    31.1855    23.1275 0.0000e+00
 179.417882      3.318  38.129711    14.5912 -9.990e-29      3.290    30.9955    22.9731 0.0000e+00
 179.417888      3.042  37.632713    14.6697 -9.990e-29      3.017    30.4849    22.5634 0.0000e+00
 179.417894      2.787  36.131042    14.7347 -9.990e-29      2.764    29.0880    21.4745 0.0000e+00
 179.417899      2.573  31.482260    14.7328 -9.990e-29      2.552    24.9758    18.3132 0.0000e+00
 179.417905      2.411  27.905610    14.6629 -9.990e-29      2.391    21.9069    15.9701 -9.990e-29
 179.417911      2.299  31.303914    14.5711 -9.990e-29      2.280    24.9229    18.3045 -9.990e-29
 179.417917      2.221  35.947128    14.4913 -9.990e-29      2.202    29.1055    21.5379 -9.990e-29
 179.417922      2.165  37.495856    14.4281 -9.990e-29      2.147    30.5515    22.6647 -9.990e-29
 179.417928      2.129  37.958403    14.4003 -9.990e-29      2.111    30.9932    23.0109 -9.990e-29
 179.417934      2.118  38.054680 -9.990e-29 -9.990e-29      2.100 -9.990e-29 -9.990e-29 -9.990e-29
