data/oxygen options/ONMS/Olympic_Coast_National_Marine_Sanctuary_CTD_Data_2005_2023/raw_data/2005/CTD_MB042_053105faed.cnv
* Sea-Bird SBE19 Data File:
* FileName = C:\Mooring data\CTD_MB2_053105.hex
* Software Version 1.1.5
* Temperature SN = 2997
* Conductivity SN = 2997
* System UpLoad Time = May 31 2005 18:01:05
* SEACAT PROFILER V3.1c SN 2997   05/31/05  17:59:52.785
* strain gauge pressure sensor: S/N = 184829,  range = 3000 psia,  tc = 40
# nquan = 9                                 
# nvalues = 831                         
# units = specified
# name 0 = timeJ: Julian Days
# name 1 = prSM: Pressure, Strain Gauge [db]
# name 2 = c0mS/cm: Conductivity [mS/cm]
# name 3 = t090C: Temperature [ITS-90, deg C]
# name 4 = oxML/L: Oxygen, Beckman/YSI [ml/l]
# name 5 = depSM: Depth [salt water, m], lat = 47.5
# name 6 = sal00: Salinity, Practical [PSU]
# name 7 = sigma-é00: Density [sigma-theta, kg/m^3]
# name 8 = flag: flag
# span 0 = 151.460544, 151.465347       
# span 1 =     -1.695,     44.377       
# span 2 =   0.492207,  36.203232       
# span 3 =     8.2374,    14.5904       
# span 4 =   -0.11953,   25.83021       
# span 5 =     -1.681,     44.002       
# span 6 =     0.3052,    33.2602       
# span 7 =    -0.5092,    25.8718       
# span 8 = 0.0000e+00, 0.0000e+00       
# interval = seconds: 0.5
# start_time = May 31 2005 11:03:11 [Instrument's time stamp, header]
# bad_flag = -9.990e-29
*END*
[from data line 321]
 151.462402      2.770  36.096393    14.5781    6.38749      2.747    29.1742    21.5731 -9.990e-29
 151.462407      2.788  36.096392    14.5780    6.39965      2.765    29.1743    21.5732 -9.990e-29
 151.462413      2.791  36.096643    14.5781    6.40595      2.768    29.1744    21.5733 -9.990e-29
 151.462419      2.779  36.096909    14.5784    6.39607      2.756    29.1744    21.5732 -9.990e-29
 151.462425      2.763  36.096975    14.5788    6.37455      2.740    29.1742    21.5730 -9.990e-29
 151.462431      2.756  36.096918    14.5790    6.38279      2.733    29.1740    21.5728 -9.990e-29
 151.462436      2.761  36.096655    14.5791    6.40509      2.738    29.1737    21.5725 -9.990e-29
 151.462442      2.775  36.096388    14.5790    6.40452      2.752    29.1735    21.5724 -9.990e-29
 151.462448      2.785  36.096312    14.5791    6.39062      2.762    29.1734    21.5723 -9.990e-29
 151.462454      2.779  36.096314    14.5795    6.37290      2.756    29.1731    21.5719 -9.990e-29
 151.462459      2.761  36.096384    14.5797    6.36063      2.738    29.1730    21.5718 -9.990e-29
 151.462465      2.748  36.096609    14.5798    6.38670      2.725    29.1731    21.5719 -9.990e-29
 151.462471      2.741  36.096719    14.5800    6.39178      2.718    29.1731    21.5718 -9.990e-29
 151.462477      2.734  36.096291    14.5800    6.38764      2.711    29.1727    21.5715 -9.990e-29
 151.462483      2.716  36.094742    14.5801    6.37403      2.693    29.1712    21.5704 -9.990e-29
 151.462488      2.687  36.089436    14.5803    6.35981      2.665    29.1663    21.5666 -9.990e-29
 151.462494      2.661  36.078895    14.5803    6.36827      2.639    29.1569    21.5593 -9.990e-29
 151.462500      2.654  36.073726    14.5802    6.36885      2.632    29.1523    21.5558 -9.990e-29
 151.462506      2.662  36.081605    14.5802    6.37817      2.640    29.1594    21.5613 -9.990e-29
 151.462512      2.667  36.091162    14.5802    6.39592      2.645    29.1680    21.5679 -9.990e-29
 151.462517      2.662  36.094947    14.5800    6.39407      2.640    29.1715    21.5706 -9.990e-29
 151.462523      2.651  36.095752    14.5799    6.37876      2.629    29.1723    21.5713 -9.990e-29
 151.462529      2.641  36.095763    14.5798    6.36977      2.619    29.1724    21.5714 -9.990e-29
 151.462535      2.636  36.096107    14.5796    6.38006      2.614    29.1728    21.5718 -9.990e-29
 151.462541      2.635  36.096673    14.5795    6.37333      2.613    29.1734    21.5722 -9.990e-29
 151.462546      2.635  36.097084    14.5797    6.40036      2.613    29.1737    21.5724 -9.990e-29
 151.462552      2.627  36.096756    14.5800    6.40888      2.605    29.1731    21.5719 -9.990e-29
 151.462558      2.606  36.095803    14.5806    6.36210      2.584    29.1718    21.5708 -9.990e-29
 151.462564      2.574  36.095187    14.5810    6.35411      2.553    29.1710    21.5700 -9.990e-29
 151.462569      2.540  36.094638    14.5808    6.35431      2.519    29.1707    21.5698 -9.990e-29
 151.462575      2.512  36.093976    14.5806    6.33981      2.491    29.1702    21.5695 -9.990e-29
 151.462581      2.503  36.093991    14.5805    6.35558      2.482    29.1703    21.5696 -9.990e-29
 151.462587      2.506  36.093573    14.5803    6.37833      2.485    29.1701    21.5695 -9.990e-29
 151.462593      2.502  36.089353    14.5802    6.35057      2.481    29.1664    21.5667 -9.990e-29
 151.462598      2.478  36.074011    14.5803    6.35182      2.457    29.1526    21.5560 -9.990e-29
 151.462604      2.447  36.026518    14.5803    6.35018      2.427    29.1100    21.5232 -9.990e-29
 151.462610      2.436  35.979409    14.5802    6.31436      2.416    29.0678    21.4908 -9.990e-29
 151.462616      2.450  35.995441    14.5802    6.35541      2.430    29.0822    21.5018 -9.990e-29
 151.462622      2.486  36.042724    14.5802    6.35267      2.465    29.1246    21.5345 -9.990e-29
 151.462627      2.535  36.072728    14.5800    6.34016      2.514    29.1516    21.5553 -9.990e-29
 151.462633      2.583  36.084524    14.5798    6.33473      2.561    29.1623    21.5636 -9.990e-29
 151.462639      2.623  36.081494    14.5796    6.31374      2.601    29.1597    21.5617 -9.990e-29
 151.462645      2.663  36.059590    14.5788    6.34120      2.641    29.1407    21.5472 -9.990e-29
 151.462650      2.709  36.031644    14.5777    6.35943      2.686    29.1164    21.5287 -9.990e-29
 151.462656      2.760  36.030658    14.5766    6.35305      2.737    29.1163    21.5289 -9.990e-29
 151.462662      2.802  36.054766    14.5760    6.34438      2.779    29.1384    21.5460 -9.990e-29
 151.462668      2.816  36.078545    14.5758    6.33428      2.792    29.1599    21.5626 -9.990e-29
 151.462674      2.809  36.090509    14.5757    6.33672      2.786    29.1707    21.5709 -9.990e-29
 151.462679      2.804  36.092205    14.5757    6.35254      2.781    29.1722    21.5721 -9.990e-29
 151.462685      2.811  36.091497    14.5757    6.36001      2.788    29.1716    21.5716 -9.990e-29
 151.462691      2.816  36.093044    14.5762    6.34714      2.792    29.1726    21.5723 -9.990e-29
 151.462697      2.812  36.092738    14.5776    6.33634      2.789    29.1713    21.5710 -9.990e-29
 151.462703      2.802  36.087359    14.5792    6.33856      2.779    29.1652    21.5660 -9.990e-29
 151.462708      2.795  36.080383    14.5805    6.33769      2.772    29.1580    21.5602 -9.990e-29
 151.462714      2.798  36.070915    14.5812    6.34523      2.775    29.1490    21.5531 -9.990e-29
 151.462720      2.812  36.067629    14.5814    6.34920      2.789    29.1459    21.5506 -9.990e-29
 151.462726      2.830  36.080716    14.5816    6.34199      2.806    29.1575    21.5595 -9.990e-29
 151.462731      2.847  36.093981    14.5817    6.33223      2.823    29.1693    21.5686 -9.990e-29
 151.462737      2.865  36.098195    14.5817    6.31850      2.841    29.1731    21.5715 -9.990e-29
 151.462743      2.885  36.100093    14.5818    6.32557      2.861    29.1747    21.5727 -9.990e-29
 151.462749      2.904  36.101081    14.5816    6.33897      2.880    29.1757    21.5736 -9.990e-29
 151.462755      2.915  36.100787    14.5817    6.34774      2.891    29.1754    21.5733 -9.990e-29
 151.462760      2.915  36.097694    14.5821    6.33738      2.891    29.1723    21.5708 -9.990e-29
 151.462766      2.907  36.087671    14.5823    6.33415      2.883    29.1632    21.5638 -9.990e-29
 151.462772      2.900  36.072488    14.5825    6.33884      2.876    29.1494    21.5531 -9.990e-29
 151.462778      2.901  36.064413    14.5825    6.34317      2.877    29.1422    21.5475 -9.990e-29
 151.462784      2.915  36.067809    14.5823    6.34495      2.891    29.1453    21.5500 -9.990e-29
 151.462789      2.935  36.076548    14.5822    6.33676      2.910    29.1532    21.5561 -9.990e-29
 151.462795      2.949  36.085457    14.5823    6.33823      2.924    29.1612    21.5622 -9.990e-29
 151.462801      2.953  36.089028    14.5823    6.33926      2.928    29.1644    21.5647 -9.990e-29
 151.462807      2.952  36.086974    14.5825    6.34572      2.927    29.1624    21.5631 -9.990e-29
 151.462813      2.950  36.083279    14.5829    6.34294      2.925    29.1588    21.5602 -9.990e-29
 151.462818      2.947  36.081421    14.5830    6.33991      2.922    29.1570    21.5589 -9.990e-29
 151.462824      2.948  36.084521    14.5831    6.34346      2.923    29.1597    21.5609 -9.990e-29
 151.462830      2.951  36.088860    14.5831    6.35221      2.926    29.1636    21.5639 -9.990e-29
 151.462836      2.950  36.091249    14.5829    6.34320      2.925    29.1659    21.5657 -9.990e-29
 151.462841      2.943  36.094305    14.5826    6.32802      2.918    29.1689    21.5681 -9.990e-29
 151.462847      2.935  36.097055    14.5825    6.33084      2.910    29.1714    21.5701 -9.990e-29
 151.462853      2.925  36.097552    14.5824    6.34221      2.901    29.1719    21.5705 -9.990e-29
 151.462859      2.916  36.097575    14.5816    6.34348      2.892    29.1726    21.5711 -9.990e-29
 151.462865      2.909  36.098831    14.5804    6.32810      2.885    29.1746    21.5729 -9.990e-29
 151.462870      2.898  36.100748    14.5798    6.32830      2.874    29.1768    21.5747 -9.990e-29
 151.462876      2.887  36.101391    14.5802    6.31484      2.863    29.1771    21.5749 -9.990e-29
 151.462882      2.879  36.101051    14.5807    6.36261      2.855    29.1764    21.5743 -9.990e-29
 151.462888      2.875  36.101514    14.5811    6.36611      2.851    29.1765    21.5743 -9.990e-29
 151.462894      2.869  36.102271    14.5819    6.33194      2.845    29.1766    21.5742 -9.990e-29
 151.462899      2.853  36.102081    14.5827    6.32274      2.829    29.1758    21.5734 -9.990e-29
 151.462905      2.829  36.101248    14.5829    6.31530      2.805    29.1749    21.5727 -9.990e-29
 151.462911      2.815  36.100900    14.5830    6.31723      2.791    29.1745    21.5724 -9.990e-29
 151.462917      2.816  36.100566    14.5828    6.34163      2.792    29.1744    21.5723 -9.990e-29
 151.462922      2.829  36.097556    14.5815    6.34140      2.805    29.1727    21.5712 -9.990e-29
 151.462928      2.842  36.087849    14.5800    6.33076      2.818    29.1651    21.5657 -9.990e-29
 151.462934      2.843  36.059058    14.5801    6.32187      2.819    29.1392    21.5457 -9.990e-29
 151.462940      2.836  35.981198    14.5810    6.30999      2.812    29.0687    21.4913 -9.990e-29
 151.462946      2.838  35.895090    14.5811    6.31707      2.814    28.9914    21.4318 -9.990e-29
 151.462951      2.858  35.909604    14.5804    6.33570      2.834    29.0049    21.4423 -9.990e-29
 151.462957      2.887  36.000921    14.5794    6.34779      2.863    29.0875    21.5061 -9.990e-29
 151.462963      2.912  36.064864    14.5780    6.33816      2.888    29.1459    21.5514 -9.990e-29
 151.462969      2.925  36.088014    14.5766    6.33158      2.901    29.1677    21.5684 -9.990e-29
 151.462975      2.931  36.096188    14.5754    6.32585      2.907    29.1760    21.5750 -9.990e-29
 151.462980      2.939  36.098595    14.5744    6.32577      2.914    29.1789    21.5775 -9.990e-29
 151.462986      2.955  36.097319    14.5736    6.35630      2.930    29.1783    21.5772 -9.990e-29
 151.462992      2.974  36.096820    14.5733    6.35135      2.949    29.1781    21.5771 -9.990e-29
 151.462998      2.984  36.100353    14.5729    6.33890      2.959    29.1816    21.5799 -9.990e-29
 151.463003      2.979  36.103090    14.5725    6.33076      2.954    29.1843    21.5821 -9.990e-29
 151.463009      2.967  36.103630    14.5727    6.31128      2.942    29.1847    21.5823 -9.990e-29
 151.463015      2.958  36.104370    14.5733    6.33131      2.933    29.1849    21.5823 -9.990e-29
 151.463021      2.958  36.105170    14.5739    6.33951      2.933    29.1851    21.5824 -9.990e-29
 151.463027      2.962  36.105411    14.5744    6.32729      2.937    29.1850    21.5822 -9.990e-29
 151.463032      2.957  36.104848    14.5745    6.32019      2.932    29.1844    21.5817 -9.990e-29
 151.463038      2.934  36.103285    14.5745    6.31840      2.909    29.1830    21.5806 -9.990e-29
 151.463044      2.905  36.099754    14.5746    6.32741      2.881    29.1798    21.5781 -9.990e-29
 151.463050      2.890  36.096272    14.5747    6.32603      2.866    29.1766    21.5756 -9.990e-29
 151.463056      2.891  36.096599    14.5749    6.34161      2.867    29.1767    21.5757 -9.990e-29
 151.463061      2.896  36.099486    14.5746    6.33622      2.872    29.1795    21.5779 -9.990e-29
 151.463067      2.892  36.102048    14.5738    6.32829      2.868    29.1824    21.5803 -9.990e-29
 151.463073      2.879  36.103210    14.5730    6.31773      2.855    29.1841    21.5818 -9.990e-29
 151.463079      2.870  36.102835    14.5719    6.31965      2.846    29.1846    21.5824 -9.990e-29
 151.463084      2.875  36.102662    14.5696    6.32724      2.851    29.1862    21.5841 -9.990e-29
 151.463090      2.896  36.104698    14.5660    6.33523      2.872    29.1907    21.5883 -9.990e-29
 151.463096      2.922  36.107726    14.5633    6.34391      2.898    29.1954    21.5925 -9.990e-29
 151.463102      2.940  36.109611    14.5626    6.32637      2.915    29.1976    21.5943 -9.990e-29
 151.463108      2.948  36.110058    14.5634    6.32140      2.923    29.1974    21.5940 -9.990e-29
 151.463113      2.951  36.109654    14.5648    6.32829      2.926    29.1960    21.5926 -9.990e-29
 151.463119      2.953  36.108979    14.5664    6.33512      2.928    29.1942    21.5909 -9.990e-29
 151.463125      2.954  36.108248    14.5679    6.32976      2.929    29.1924    21.5892 -9.990e-29
 151.463131      2.955  36.107603    14.5688    6.31951      2.930    29.1912    21.5881 -9.990e-29
 151.463137      2.955  36.107302    14.5689    6.32203      2.930    29.1908    21.5878 -9.990e-29
 151.463142      2.954  36.107497    14.5692    6.32988      2.929    29.1908    21.5877 -9.990e-29
 151.463148      2.953  36.107884    14.5698    6.33393      2.928    29.1907    21.5875 -9.990e-29
 151.463154      2.955  36.107851    14.5708    6.32249      2.930    29.1899    21.5867 -9.990e-29
 151.463160      2.961  36.107352    14.5719    6.30945      2.936    29.1886    21.5855 -9.990e-29
 151.463166      2.966  36.106835    14.5730    6.31700      2.941    29.1873    21.5843 -9.990e-29
 151.463171      2.976  36.106168    14.5734    6.33295      2.951    29.1864    21.5835 -9.990e-29
 151.463177      2.990  36.105577    14.5722    6.34064      2.965    29.1868    21.5840 -9.990e-29
 151.463183      3.003  36.105950    14.5716    6.33688      2.978    29.1876    21.5847 -9.990e-29
 151.463189      3.004  36.106659    14.5733    6.31843      2.979    29.1869    21.5839 -9.990e-29
 151.463194      2.996  36.106401    14.5762    6.31050      2.971    29.1845    21.5814 -9.990e-29
 151.463200      2.989  36.105386    14.5782    6.32328      2.964    29.1821    21.5792 -9.990e-29
 151.463206      2.988  36.104501    14.5788    6.32489      2.963    29.1809    21.5781 -9.990e-29
 151.463212      2.984  36.104243    14.5790    6.31799      2.959    29.1805    21.5778 -9.990e-29
 151.463218      2.973  36.104262    14.5794    6.30299      2.948    29.1802    21.5775 -9.990e-29
 151.463223      2.959  36.104018    14.5801    6.30125      2.934    29.1795    21.5768 -9.990e-29
 151.463229      2.948  36.103740    14.5809    6.31720      2.923    29.1786    21.5759 -9.990e-29
 151.463235      2.944  36.103613    14.5816    6.31593      2.919    29.1780    21.5753 -9.990e-29
 151.463241      2.948  36.103462    14.5820    6.32225      2.923    29.1775    21.5749 -9.990e-29
 151.463247      2.959  36.103084    14.5822    6.31904      2.934    29.1770    21.5745 -9.990e-29
 151.463252      2.974  36.102529    14.5826    6.31176      2.949    29.1762    21.5738 -9.990e-29
 151.463258      2.986  36.102172    14.5830    6.31363      2.961    29.1756    21.5732 -9.990e-29
 151.463264      2.990  36.102092    14.5831    6.31802      2.965    29.1755    21.5731 -9.990e-29
 151.463270      2.988  36.102179    14.5828    6.32865      2.963    29.1758    21.5734 -9.990e-29
 151.463275      2.978  36.102542    14.5821    6.32690      2.953    29.1766    21.5742 -9.990e-29
 151.463281      2.960  36.103101    14.5815    6.32092      2.935    29.1776    21.5750 -9.990e-29
 151.463287      2.939  36.103474    14.5814    6.31034      2.914    29.1780    21.5754 -9.990e-29
 151.463293      2.919  36.103593    14.5812    6.30205      2.895    29.1783    21.5756 -9.990e-29
 151.463299      2.906  36.103610    14.5809    6.32862      2.882    29.1785    21.5759 -9.990e-29
 151.463304      2.897  36.103544    14.5810    6.32730      2.873    29.1784    21.5757 -9.990e-29
 151.463310      2.888  36.103302    14.5813    6.30784      2.864    29.1779    21.5753 -9.990e-29
 151.463316      2.874  36.103116    14.5817    6.30971      2.850    29.1775    21.5749 -9.990e-29
