data/oxygen options/ONMS/Olympic_Coast_National_Marine_Sanctuary_CTD_Data_2005_2023/raw_data/2005/CTD_KL027_062805faed.cnv
* Sea-Bird SBE19 Data File:
* FileName = F:\mooring data\CTD_KL2_062805.hex
* Software Version 1.1.6
* Temperature SN = 2997
* Conductivity SN = 2997
* System UpLoad Time = Jun 28 2005 13:38:47
* SEACAT PROFILER V3.1c SN 2997   06/28/05  13:35:04.025
* strain gauge pressure sensor: S/N = 184829,  range = 3000 psia,  tc = 40
# nquan = 9                                 
# nvalues = 584                         
# units = specified
# name 0 = timeJ: Julian Days
# name 1 = prSM: Pressure, Strain Gauge [db]
# name 2 = c0mS/cm: Conductivity [mS/cm]
# name 3 = t090C: Temperature [ITS-90, deg C]
# name 4 = oxML/L: Oxygen, Beckman/YSI [ml/l]
# name 5 = depSM: Depth [salt water, m], lat = 47.5
# name 6 = sal00: Salinity, Practical [PSU]
# name 7 = sigma-é00: Density [sigma-theta, kg/m^3]
# name 8 = flag: flag
# span 0 = 179.414560, 179.417934       
# span 1 =     -1.939,     27.985       
# span 2 =   1.384381,  38.786727       
# span 3 =     9.1797,    14.9707       
# span 4 =   -0.12050,   25.43415       
# span 5 =     -1.923,     27.750       
# span 6 =     0.9053,    32.8552       
# span 7 =     0.0194,    25.4112       
# span 8 = 0.0000e+00, 0.0000e+00       
# interval = seconds: 0.5
# start_time = Jun 28 2005 09:56:58 [Instrument's time stamp, header]
# bad_flag = -9.990e-29
*END*
[from data line 321]
 179.416418      2.599  38.757536    14.9534    7.13681      2.577    31.2722    23.1098 -9.990e-29
 179.416424      2.600  38.757553    14.9538    7.12178      2.578    31.2719    23.1095 -9.990e-29
 179.416429      2.603  38.757520    14.9536    7.11923      2.581    31.2720    23.1097 -9.990e-29
 179.416435      2.609  38.757387    14.9527    7.11871      2.587    31.2726    23.1103 -9.990e-29
 179.416441      2.617  38.756406    14.9511    7.13553      2.595    31.2730    23.1110 -9.990e-29
 179.416447      2.626  38.754379    14.9494    7.14553      2.604    31.2725    23.1110 -9.990e-29
 179.416453      2.625  38.752522    14.9487    7.13358      2.603    31.2714    23.1103 -9.990e-29
 179.416458      2.611  38.751713    14.9489    7.12784      2.589    31.2705    23.1095 -9.990e-29
 179.416464      2.588  38.751988    14.9492    7.11742      2.566    31.2705    23.1095 -9.990e-29
 179.416470      2.566  38.752582    14.9496    7.12086      2.545    31.2708    23.1096 -9.990e-29
 179.416476      2.557  38.753159    14.9504    7.12576      2.536    31.2707    23.1093 -9.990e-29
 179.416481      2.561  38.754479    14.9513    7.11995      2.540    31.2711    23.1095 -9.990e-29
 179.416487      2.568  38.756049    14.9517    7.11657      2.547    31.2722    23.1102 -9.990e-29
 179.416493      2.577  38.756589    14.9518    7.11746      2.555    31.2726    23.1105 -9.990e-29
 179.416499      2.586  38.756248    14.9518    7.12296      2.564    31.2723    23.1103 -9.990e-29
 179.416505      2.596  38.755685    14.9514    7.12933      2.574    31.2721    23.1102 -9.990e-29
 179.416510      2.605  38.755262    14.9507    7.12787      2.583    31.2723    23.1105 -9.990e-29
 179.416516      2.607  38.754968    14.9500    7.12796      2.585    31.2726    23.1109 -9.990e-29
 179.416522      2.608  38.754399    14.9491    7.12507      2.586    31.2728    23.1112 -9.990e-29
 179.416528      2.612  38.753352    14.9476    7.13149      2.590    31.2730    23.1118 -9.990e-29
 179.416534      2.620  38.751543    14.9460    7.13182      2.598    31.2727    23.1118 -9.990e-29
 179.416539      2.626  38.749355    14.9453    7.12952      2.604    31.2713    23.1109 -9.990e-29
 179.416545      2.624  38.748348    14.9458    7.13393      2.602    31.2700    23.1098 -9.990e-29
 179.416551      2.609  38.748850    14.9468    7.12703      2.587    31.2696    23.1093 -9.990e-29
 179.416557      2.584  38.749841    14.9476    7.12144      2.562    31.2699    23.1093 -9.990e-29
 179.416563      2.560  38.750949    14.9484    7.10928      2.539    31.2703    23.1094 -9.990e-29
 179.416568      2.549  38.751963    14.9487    7.11744      2.528    31.2709    23.1099 -9.990e-29
 179.416574      2.554  38.751982    14.9482    7.13269      2.533    31.2714    23.1103 -9.990e-29
 179.416580      2.572  38.751025    14.9475    7.13750      2.551    31.2711    23.1102 -9.990e-29
 179.416586      2.594  38.750048    14.9470    7.13150      2.572    31.2706    23.1100 -9.990e-29
 179.416591      2.614  38.749424    14.9471    7.12085      2.592    31.2699    23.1095 -9.990e-29
 179.416597      2.624  38.749430    14.9475    7.11839      2.602    31.2696    23.1091 -9.990e-29
 179.416603      2.626  38.750066    14.9477    7.11891      2.604    31.2700    23.1094 -9.990e-29
 179.416609      2.623  38.750487    14.9474    7.11844      2.601    31.2706    23.1099 -9.990e-29
 179.416615      2.616  38.750126    14.9471    7.11741      2.594    31.2705    23.1099 -9.990e-29
 179.416620      2.608  38.749612    14.9475    7.11908      2.586    31.2698    23.1093 -9.990e-29
 179.416626      2.603  38.749935    14.9483    7.12347      2.581    31.2694    23.1088 -9.990e-29
 179.416632      2.600  38.750956    14.9489    7.11816      2.578    31.2699    23.1090 -9.990e-29
 179.416638      2.604  38.751784    14.9492    7.10925      2.582    31.2704    23.1093 -9.990e-29
 179.416644      2.619  38.752393    14.9494    7.10872      2.597    31.2707    23.1096 -9.990e-29
 179.416649      2.642  38.753025    14.9495    7.11904      2.620    31.2712    23.1099 -9.990e-29
 179.416655      2.666  38.753392    14.9496    7.12514      2.644    31.2715    23.1101 -9.990e-29
 179.416661      2.683  38.753414    14.9495    7.11706      2.661    31.2716    23.1102 -9.990e-29
 179.416667      2.692  38.753111    14.9493    7.11295      2.670    31.2714    23.1102 -9.990e-29
 179.416672      2.691  38.752445    14.9490    7.11515      2.669    31.2711    23.1099 -9.990e-29
 179.416678      2.681  38.751640    14.9488    7.12165      2.659    31.2705    23.1096 -9.990e-29
 179.416684      2.666  38.751097    14.9489    7.11925      2.644    31.2700    23.1091 -9.990e-29
 179.416690      2.654  38.751179    14.9489    7.11097      2.632    31.2700    23.1092 -9.990e-29
 179.416696      2.647  38.751774    14.9489    7.10450      2.625    31.2706    23.1096 -9.990e-29
 179.416701      2.646  38.751965    14.9490    7.10414      2.624    31.2707    23.1096 -9.990e-29
 179.416707      2.650  38.750295    14.9489    7.11488      2.628    31.2692    23.1086 -9.990e-29
 179.416713      2.659  38.748431    14.9489    7.11321      2.637    31.2676    23.1073 -9.990e-29
 179.416719      2.675  38.749469    14.9490    7.10442      2.653    31.2684    23.1079 -9.990e-29
 179.416725      2.694  38.751396    14.9489    7.11096      2.671    31.2702    23.1093 -9.990e-29
 179.416730      2.708  38.751707    14.9486    7.11040      2.685    31.2707    23.1098 -9.990e-29
 179.416736      2.719  38.751345    14.9483    7.10646      2.696    31.2706    23.1098 -9.990e-29
 179.416742      2.731  38.751480    14.9485    7.11451      2.708    31.2706    23.1097 -9.990e-29
 179.416748      2.737  38.752264    14.9490    7.11453      2.714    31.2709    23.1098 -9.990e-29
 179.416753      2.728  38.753029    14.9493    7.11628      2.705    31.2714    23.1101 -9.990e-29
 179.416759      2.713  38.753082    14.9492    7.11900      2.690    31.2715    23.1102 -9.990e-29
 179.416765      2.703  38.752463    14.9486    7.10302      2.680    31.2714    23.1103 -9.990e-29
 179.416771      2.702  38.751440    14.9475    7.11084      2.679    31.2714    23.1105 -9.990e-29
 179.416777      2.705  38.750304    14.9468    7.12270      2.682    31.2709    23.1103 -9.990e-29
 179.416782      2.709  38.749752    14.9470    7.12697      2.686    31.2703    23.1097 -9.990e-29
 179.416788      2.714  38.750139    14.9473    7.12074      2.691    31.2704    23.1098 -9.990e-29
 179.416794      2.716  38.750832    14.9471    7.11003      2.693    31.2711    23.1104 -9.990e-29
 179.416800      2.714  38.751040    14.9466    7.11074      2.691    31.2717    23.1110 -9.990e-29
 179.416806      2.714  38.751012    14.9461    7.11555      2.691    31.2721    23.1114 -9.990e-29
 179.416811      2.715  38.751240    14.9457    7.12378      2.692    31.2726    23.1118 -9.990e-29
 179.416817      2.717  38.751439    14.9453    7.11869      2.694    31.2731    23.1123 -9.990e-29
 179.416823      2.717  38.751283    14.9453    7.12496      2.694    31.2730    23.1122 -9.990e-29
 179.416829      2.708  38.751095    14.9457    7.11749      2.685    31.2725    23.1117 -9.990e-29
 179.416834      2.697  38.751153    14.9463    7.11261      2.674    31.2721    23.1113 -9.990e-29
 179.416840      2.690  38.751506    14.9470    7.10920      2.668    31.2718    23.1110 -9.990e-29
 179.416846      2.691  38.752035    14.9477    7.10585      2.669    31.2718    23.1107 -9.990e-29
 179.416852      2.700  38.752294    14.9482    7.11369      2.677    31.2716    23.1105 -9.990e-29
 179.416858      2.713  38.752600    14.9483    7.11249      2.690    31.2718    23.1106 -9.990e-29
 179.416863      2.723  38.753330    14.9480    7.10744      2.700    31.2727    23.1114 -9.990e-29
 179.416869      2.727  38.753745    14.9479    7.10553      2.704    31.2731    23.1117 -9.990e-29
 179.416875      2.724  38.753806    14.9483    7.11427      2.701    31.2729    23.1115 -9.990e-29
 179.416881      2.718  38.754128    14.9487    7.11953      2.695    31.2728    23.1114 -9.990e-29
 179.416887      2.718  38.754548    14.9490    7.10620      2.695    31.2730    23.1114 -9.990e-29
 179.416892      2.727  38.755038    14.9495    7.10564      2.704    31.2730    23.1113 -9.990e-29
 179.416898      2.743  38.755661    14.9499    7.10410      2.720    31.2732    23.1114 -9.990e-29
 179.416904      2.758  38.756096    14.9500    7.12100      2.735    31.2735    23.1116 -9.990e-29
 179.416910      2.768  38.756330    14.9496    7.12034      2.745    31.2741    23.1121 -9.990e-29
 179.416916      2.775  38.756087    14.9486    7.11291      2.752    31.2746    23.1128 -9.990e-29
 179.416921      2.777  38.755011    14.9477    7.11568      2.754    31.2744    23.1128 -9.990e-29
 179.416927      2.776  38.753883    14.9477    7.12013      2.753    31.2734    23.1120 -9.990e-29
 179.416933      2.772  38.753971    14.9484    7.13026      2.749    31.2729    23.1115 -9.990e-29
 179.416939      2.764  38.755364    14.9493    7.11679      2.741    31.2734    23.1117 -9.990e-29
 179.416944      2.756  38.756524    14.9498    7.10328      2.733    31.2741    23.1121 -9.990e-29
 179.416950      2.756  38.756725    14.9498    7.10397      2.733    31.2743    23.1122 -9.990e-29
 179.416956      2.764  38.756766    14.9494    7.11151      2.741    31.2746    23.1126 -9.990e-29
 179.416962      2.773  38.756672    14.9486    7.11857      2.750    31.2752    23.1132 -9.990e-29
 179.416968      2.777  38.755726    14.9483    7.10620      2.754    31.2746    23.1128 -9.990e-29
 179.416973      2.774  38.754883    14.9490    7.10436      2.751    31.2732    23.1116 -9.990e-29
 179.416979      2.763  38.755232    14.9496    7.09844      2.740    31.2731    23.1114 -9.990e-29
 179.416985      2.756  38.755526    14.9495    7.11037      2.733    31.2734    23.1116 -9.990e-29
 179.416991      2.761  38.755006    14.9488    7.11822      2.738    31.2735    23.1119 -9.990e-29
 179.416997      2.775  38.754070    14.9476    7.11723      2.752    31.2736    23.1122 -9.990e-29
 179.417002      2.789  38.752561    14.9466    7.11729      2.766    31.2731    23.1120 -9.990e-29
 179.417008      2.801  38.751241    14.9460    7.10793      2.778    31.2724    23.1116 -9.990e-29
 179.417014      2.807  38.751125    14.9458    7.10668      2.784    31.2724    23.1117 -9.990e-29
 179.417020      2.803  38.751467    14.9456    7.09643      2.780    31.2729    23.1121 -9.990e-29
 179.417025      2.792  38.751570    14.9456    7.10041      2.769    31.2730    23.1121 -9.990e-29
 179.417031      2.784  38.751544    14.9458    7.11387      2.761    31.2728    23.1120 -9.990e-29
 179.417037      2.781  38.751324    14.9462    7.10928      2.758    31.2723    23.1115 -9.990e-29
 179.417043      2.783  38.751150    14.9466    7.10295      2.760    31.2718    23.1110 -9.990e-29
 179.417049      2.791  38.751321    14.9467    7.09818      2.768    31.2719    23.1111 -9.990e-29
 179.417054      2.801  38.751473    14.9465    7.10290      2.778    31.2722    23.1113 -9.990e-29
 179.417060      2.808  38.751218    14.9465    7.11301      2.785    31.2719    23.1111 -9.990e-29
 179.417066      2.814  38.750747    14.9468    7.11143      2.790    31.2713    23.1106 -9.990e-29
 179.417072      2.819  38.750523    14.9473    7.10900      2.795    31.2707    23.1100 -9.990e-29
 179.417078      2.824  38.750779    14.9476    7.10552      2.800    31.2707    23.1099 -9.990e-29
 179.417083      2.828  38.751266    14.9481    7.10956      2.804    31.2707    23.1098 -9.990e-29
 179.417089      2.831  38.752044    14.9495    7.11236      2.807    31.2703    23.1092 -9.990e-29
 179.417095      2.835  38.754121    14.9510    7.11249      2.811    31.2709    23.1094 -9.990e-29
 179.417101      2.839  38.756869    14.9509    7.11172      2.815    31.2735    23.1114 -9.990e-29
 179.417106      2.840  38.757194    14.9494    7.10472      2.816    31.2750    23.1129 -9.990e-29
 179.417112      2.832  38.754938    14.9482    7.09384      2.808    31.2739    23.1123 -9.990e-29
 179.417118      2.824  38.753233    14.9480    7.09959      2.800    31.2725    23.1113 -9.990e-29
 179.417124      2.825  38.753139    14.9484    7.10446      2.801    31.2721    23.1109 -9.990e-29
 179.417130      2.829  38.753941    14.9486    7.10728      2.805    31.2727    23.1113 -9.990e-29
 179.417135      2.834  38.754996    14.9488    7.09637      2.810    31.2735    23.1118 -9.990e-29
 179.417141      2.838  38.756000    14.9491    7.08846      2.814    31.2741    23.1123 -9.990e-29
 179.417147      2.847  38.756576    14.9490    7.09857      2.823    31.2747    23.1128 -9.990e-29
 179.417153      2.870  38.756342    14.9485    7.11949      2.846    31.2749    23.1130 -9.990e-29
 179.417159      2.909  38.756081    14.9479    7.12415      2.885    31.2751    23.1133 -9.990e-29
 179.417164      2.957  38.755975    14.9478    7.10766      2.932    31.2751    23.1133 -9.990e-29
 179.417170      3.008  38.755850    14.9481    7.09760      2.983    31.2747    23.1130 -9.990e-29
 179.417176      3.062  38.756072    14.9485    7.10607      3.036    31.2746    23.1128 -9.990e-29
 179.417182      3.127  38.756347    14.9487    7.14069      3.101    31.2747    23.1128 -9.990e-29
 179.417188      3.210  38.756451    14.9484    7.18209      3.183    31.2750    23.1131 -9.990e-29
 179.417193      3.313  38.756492    14.9479    7.19437      3.285    31.2754    23.1135 -9.990e-29
 179.417199      3.438  38.756497    14.9475    7.15544      3.409    31.2756    23.1138 0.0000e+00
 179.417205      3.598  38.756440    14.9476    7.14454      3.568    31.2755    23.1136 0.0000e+00
 179.417211      3.806  38.757339    14.9487    7.13353      3.774    31.2753    23.1133 0.0000e+00
 179.417216      4.071  38.762046    14.9500    7.26765      4.037    31.2784    23.1154 0.0000e+00
 179.417222      4.395  38.774000    14.9372    7.51180      4.358    31.2993    23.1342 0.0000e+00
 179.417228      4.770  38.777700    14.8826    7.55604      4.730    31.3463    23.1820 0.0000e+00
 179.417234      5.192  38.737104    14.7797    7.45045      5.149    31.3923    23.2393 0.0000e+00
 179.417240      5.649  38.645169    14.6623    7.07534      5.602    31.4038    23.2728 0.0000e+00
 179.417245      6.131  38.545296    14.5650    6.63091      6.080    31.3918    23.2840 0.0000e+00
 179.417251      6.635  38.480944    14.4433    6.18460      6.580    31.4318    23.3402 0.0000e+00
 179.417257      7.155  38.413368    14.1908    5.71427      7.095    31.5756    23.5033 0.0000e+00
 179.417263      7.677  38.233354    13.7618    5.33561      7.613    31.7630    23.7355 0.0000e+00
 179.417269      8.195  37.915648    13.1786    5.03389      8.126    31.9537    23.9992 0.0000e+00
 179.417274      8.717  37.491979    12.5422    4.87196      8.644    32.0921    24.2297 0.0000e+00
 179.417280      9.242  37.021517    12.0144    4.79088      9.165    32.0932    24.3299 0.0000e+00
 179.417286      9.760  36.647885    11.6612    4.77554      9.678    32.0357    24.3502 0.0000e+00
 179.417292     10.262  36.423397    11.4644    4.76898     10.176    31.9869    24.3479 0.0000e+00
 179.417297     10.741  36.305971    11.3947    4.74831     10.651    31.9322    24.3179 0.0000e+00
 179.417303     11.202  36.262865    11.3616    4.67833     11.108    31.9185    24.3131 0.0000e+00
 179.417309     11.662  36.237108    11.2499    4.55761     11.564    31.9898    24.3885 0.0000e+00
 179.417315     12.133  36.169098    11.0537    4.40401     12.031    32.0935    24.5038 0.0000e+00
 179.417321     12.614  36.053355    10.8497    4.23072     12.508    32.1575    24.5893 0.0000e+00
 179.417326     13.103  35.935104    10.6816    4.09194     12.993    32.1876    24.6419 0.0000e+00
 179.417332     13.596  35.844987    10.5517    3.99326     13.482    32.2122    24.6833 0.0000e+00
