data/oxygen options/ONMS/Olympic_Coast_National_Marine_Sanctuary_CTD_Data_2005_2023/raw_data/2005/CTD_CA042_062705faed.cnv
* Sea-Bird SBE19 Data File:
* FileName = C:\Mooring data\CTD_CA2_062705.hex
* Software Version 1.1.5
* Temperature SN = 2997
* Conductivity SN = 2997
* System UpLoad Time = Jun 27 2005 17:59:49
* SEACAT PROFILER V3.1c SN 2997   06/27/05  17:59:19.279
* strain gauge pressure sensor: S/N = 184829,  range = 3000 psia,  tc = 40
# nquan = 9                                 
# nvalues = 584                         
# units = specified
# name 0 = timeJ: Julian Days
# name 1 = prSM: Pressure, Strain Gauge [db]
# name 2 = c0mS/cm: Conductivity [mS/cm]
# name 3 = t090C: Temperature [ITS-90, deg C]
# name 4 = oxML/L: Oxygen, Beckman/YSI [ml/l]
# name 5 = depSM: Depth [salt water, m], lat = 47.5
# name 6 = sal00: Salinity, Practical [PSU]
# name 7 = sigma-é00: Density [sigma-theta, kg/m^3]
# name 8 = flag: flag
# span 0 = 178.582812, 178.586186       
# span 1 =     -4.169,     40.367       
# span 2 =   0.790961,  38.205035       
# span 3 =     8.0800,    16.6761       
# span 4 =   -0.11092,   25.31425       
# span 5 =     -4.134,     40.026       
# span 6 =     0.4665,    33.4066       
# span 7 =    -0.8082,    26.0108       
# span 8 = 0.0000e+00, 0.0000e+00       
# interval = seconds: 0.5
# start_time = Jun 27 2005 13:59:15 [Instrument's time stamp, header]
# bad_flag = -9.990e-29
*END*
[from data line 321]
 178.584670      1.987  37.285981    12.9403    6.63494      1.970    31.5639    23.7440 -9.990e-29
 178.584676      1.984  37.288115    12.9413    6.63780      1.967    31.5651    23.7447 -9.990e-29
 178.584682      1.988  37.288667    12.9386    6.65065      1.971    31.5679    23.7474 -9.990e-29
 178.584688      1.993  37.286683    12.9323    6.65072      1.976    31.5713    23.7513 -9.990e-29
 178.584693      1.997  37.282311    12.9273    6.64275      1.980    31.5713    23.7523 -9.990e-29
 178.584699      2.002  37.279244    12.9289    6.64084      1.985    31.5671    23.7487 -9.990e-29
 178.584705      2.015  37.281235    12.9332    6.63752      1.998    31.5654    23.7465 -9.990e-29
 178.584711      2.032  37.284198    12.9345    6.63716      2.015    31.5671    23.7476 -9.990e-29
 178.584716      2.048  37.284226    12.9333    6.64299      2.031    31.5681    23.7486 -9.990e-29
 178.584722      2.063  37.283032    12.9326    6.64036      2.046    31.5675    23.7483 -9.990e-29
 178.584728      2.066  37.282938    12.9337    6.64124      2.049    31.5665    23.7473 -9.990e-29
 178.584734      2.060  37.284372    12.9347    6.64726      2.043    31.5671    23.7475 -9.990e-29
 178.584740      2.051  37.285312    12.9344    6.64912      2.034    31.5682    23.7485 -9.990e-29
 178.584745      2.044  37.284761    12.9341    6.65049      2.027    31.5679    23.7483 -9.990e-29
 178.584751      2.038  37.284219    12.9344    6.65270      2.021    31.5672    23.7477 -9.990e-29
 178.584757      2.029  37.284636    12.9352    6.64700      2.012    31.5669    23.7473 -9.990e-29
 178.584763      2.016  37.285437    12.9366    6.65113      1.999    31.5665    23.7467 -9.990e-29
 178.584769      2.007  37.286561    12.9383    6.64052      1.990    31.5661    23.7461 -9.990e-29
 178.584774      2.005  37.287815    12.9383    6.63337      1.988    31.5673    23.7470 -9.990e-29
 178.584780      2.010  37.287499    12.9358    6.64450      1.993    31.5691    23.7489 -9.990e-29
 178.584786      2.019  37.285745    12.9326    6.65073      2.002    31.5701    23.7503 -9.990e-29
 178.584792      2.027  37.284131    12.9301    6.65219      2.010    31.5707    23.7512 -9.990e-29
 178.584797      2.036  37.282737    12.9292    6.65063      2.019    31.5701    23.7510 -9.990e-29
 178.584803      2.045  37.281936    12.9301    6.64485      2.028    31.5686    23.7496 -9.990e-29
 178.584809      2.055  37.282335    12.9315    6.63921      2.038    31.5678    23.7487 -9.990e-29
 178.584815      2.067  37.283336    12.9319    6.64439      2.050    31.5684    23.7491 -9.990e-29
 178.584821      2.082  37.284021    12.9310    6.65241      2.065    31.5698    23.7504 -9.990e-29
 178.584826      2.100  37.283615    12.9296    6.66018      2.082    31.5706    23.7513 -9.990e-29
 178.584832      2.119  37.282688    12.9291    6.65575      2.101    31.5701    23.7510 -9.990e-29
 178.584838      2.131  37.282799    12.9296    6.64148      2.113    31.5698    23.7506 -9.990e-29
 178.584844      2.133  37.284086    12.9305    6.63582      2.115    31.5703    23.7508 -9.990e-29
 178.584850      2.129  37.285452    12.9314    6.65068      2.111    31.5708    23.7511 -9.990e-29
 178.584855      2.127  37.286467    12.9320    6.65565      2.109    31.5713    23.7513 -9.990e-29
 178.584861      2.127  37.287356    12.9325    6.65930      2.109    31.5717    23.7515 -9.990e-29
 178.584867      2.121  37.288175    12.9330    6.64996      2.103    31.5720    23.7517 -9.990e-29
 178.584873      2.108  37.288885    12.9336    6.64396      2.090    31.5722    23.7517 -9.990e-29
 178.584878      2.096  37.289301    12.9340    6.65250      2.078    31.5723    23.7517 -9.990e-29
 178.584884      2.093  37.289411    12.9339    6.64977      2.076    31.5725    23.7519 -9.990e-29
 178.584890      2.103  37.289353    12.9333    6.65121      2.085    31.5729    23.7523 -9.990e-29
 178.584896      2.121  37.289040    12.9327    6.65702      2.103    31.5731    23.7526 -9.990e-29
 178.584902      2.142  37.288608    12.9326    6.64711      2.124    31.5728    23.7524 -9.990e-29
 178.584907      2.162  37.288594    12.9327    6.65202      2.144    31.5727    23.7523 -9.990e-29
 178.584913      2.182  37.288969    12.9329    6.65177      2.164    31.5728    23.7524 -9.990e-29
 178.584919      2.198  37.289102    12.9330    6.65727      2.180    31.5729    23.7524 -9.990e-29
 178.584925      2.209  37.288791    12.9324    6.65718      2.191    31.5731    23.7526 -9.990e-29
 178.584931      2.215  37.288171    12.9307    6.64823      2.197    31.5739    23.7536 -9.990e-29
 178.584936      2.215  37.287145    12.9287    6.64561      2.197    31.5746    23.7545 -9.990e-29
 178.584942      2.215  37.286000    12.9277    6.65569      2.197    31.5744    23.7546 -9.990e-29
 178.584948      2.218  37.285612    12.9279    6.65616      2.199    31.5738    23.7541 -9.990e-29
 178.584954      2.221  37.286000    12.9290    6.65786      2.202    31.5733    23.7535 -9.990e-29
 178.584959      2.219  37.286537    12.9304    6.65186      2.200    31.5726    23.7527 -9.990e-29
 178.584965      2.217  37.287357    12.9316    6.63871      2.198    31.5724    23.7523 -9.990e-29
 178.584971      2.223  37.288408    12.9320    6.64396      2.204    31.5730    23.7527 -9.990e-29
 178.584977      2.241  37.288825    12.9315    6.64890      2.222    31.5738    23.7534 -9.990e-29
 178.584983      2.269  37.288578    12.9308    6.65568      2.250    31.5742    23.7538 -9.990e-29
 178.584988      2.295  37.288437    12.9299    6.65929      2.276    31.5748    23.7545 -9.990e-29
 178.584994      2.312  37.288192    12.9286    6.65622      2.293    31.5756    23.7554 -9.990e-29
 178.585000      2.326  37.287490    12.9268    6.64601      2.307    31.5765    23.7564 -9.990e-29
 178.585006      2.347  37.286493    12.9233    6.64770      2.327    31.5784    23.7586 -9.990e-29
 178.585012      2.384  37.283847    12.9176    6.64428      2.364    31.5807    23.7614 -9.990e-29
 178.585017      2.440  37.279366    12.9128    6.65575      2.420    31.5805    23.7622 -9.990e-29
 178.585023      2.504  37.276023    12.9120    6.65944      2.483    31.5780    23.7604 -9.990e-29
 178.585029      2.570  37.276064    12.9148    6.65510      2.549    31.5756    23.7580 -9.990e-29
 178.585035      2.644  37.278957    12.9185    6.64965      2.622    31.5752    23.7570 -9.990e-29
 178.585041      2.749  37.281807    12.9202    6.65334      2.726    31.5765    23.7576 -9.990e-29
 178.585046      2.896  37.282226    12.9188    6.68034      2.872    31.5780    23.7591 0.0000e+00
 178.585052      3.086  37.280190    12.9159    6.70806      3.060    31.5784    23.7600 0.0000e+00
 178.585058      3.317  37.277445    12.9149    6.71769      3.289    31.5766    23.7587 0.0000e+00
 178.585064      3.583  37.277035    12.9168    6.69415      3.553    31.5745    23.7568 0.0000e+00
 178.585069      3.880  37.280067    12.9192    6.63954      3.848    31.5752    23.7569 0.0000e+00
 178.585075      4.205  37.283272    12.9166    6.57894      4.170    31.5803    23.7613 0.0000e+00
 178.585081      4.562  37.280805    12.9078    6.54491      4.524    31.5852    23.7668 0.0000e+00
 178.585087      4.957  37.273838    12.8906    6.52738      4.916    31.5928    23.7761 0.0000e+00
 178.585093      5.376  37.267074    12.8475    6.53888      5.331    31.6223    23.8072 0.0000e+00
 178.585098      5.802  37.248664    12.7657    6.57487      5.753    31.6732    23.8624 0.0000e+00
 178.585104      6.235  37.206370    12.6660    6.60142      6.183    31.7168    23.9153 0.0000e+00
 178.585110      6.674  37.154416    12.5825    6.62306      6.618    31.7376    23.9474 0.0000e+00
 178.585116      7.119  37.114324    12.5283    6.63215      7.059    31.7451    23.9634 0.0000e+00
 178.585122      7.558  37.091464    12.4979    6.63295      7.495    31.7488    23.9721 0.0000e+00
 178.585127      7.983  37.081109    12.4815    6.63580      7.916    31.7526    23.9782 0.0000e+00
 178.585133      8.398  37.077265    12.4666    6.61356      8.328    31.7614    23.9878 0.0000e+00
 178.585139      8.821  37.074218    12.4443    6.57471      8.747    31.7772    24.0043 0.0000e+00
 178.585145      9.262  37.070124    12.4140    6.52531      9.184    31.7987    24.0267 0.0000e+00
 178.585150      9.723  37.063981    12.3745    6.46765      9.642    31.8262    24.0555 0.0000e+00
 178.585156     10.204  37.050937    12.3254    6.43545     10.119    31.8552    24.0872 0.0000e+00
 178.585162     10.701  37.030389    12.2689    6.41608     10.611    31.8834    24.1197 0.0000e+00
 178.585168     11.208  37.004624    12.2029    6.41030     11.114    31.9147    24.1564 0.0000e+00
 178.585174     11.709  36.970093    12.1310    6.40072     11.611    31.9427    24.1915 0.0000e+00
 178.585179     12.195  36.927816    12.0651    6.36706     12.093    31.9582    24.2158 0.0000e+00
 178.585185     12.665  36.886988    12.0131    6.28034     12.559    31.9632    24.2294 0.0000e+00
 178.585191     13.124  36.853684    11.9735    6.13716     13.014    31.9649    24.2380 0.0000e+00
 178.585197     13.576  36.827757    11.9353    5.94303     13.462    31.9724    24.2509 0.0000e+00
 178.585203     14.029  36.802077    11.8768    5.69821     13.911    31.9977    24.2813 0.0000e+00
 178.585208     14.489  36.761998    11.7546    5.44949     14.368    32.0639    24.3552 0.0000e+00
 178.585214     14.955  36.671433    11.5515    5.22555     14.830    32.1515    24.4601 0.0000e+00
 178.585220     15.424  36.521731    11.3174    5.04016     15.295    32.2087    24.5467 0.0000e+00
 178.585226     15.895  36.365540    11.0802    4.91014     15.762    32.2625    24.6307 0.0000e+00
 178.585231     16.373  36.218241    10.8332    4.81595     16.236    32.3340    24.7296 0.0000e+00
 178.585237     16.854  36.057723    10.6157    4.77121     16.713    32.3665    24.7926 0.0000e+00
 178.585243     17.330  35.909843    10.4693    4.76262     17.185    32.3485    24.8036 0.0000e+00
 178.585249     17.806  35.812248    10.3830    4.77054     17.657    32.3272    24.8017 0.0000e+00
 178.585255     18.290  35.758078    10.3309    4.79117     18.137    32.3189    24.8041 0.0000e+00
 178.585260     18.783  35.725514    10.2973    4.82985     18.625    32.3159    24.8074 0.0000e+00
 178.585266     19.279  35.704176    10.2730    4.87065     19.117    32.3159    24.8115 0.0000e+00
 178.585272     19.762  35.688566    10.2545    4.91755     19.596    32.3164    24.8150 0.0000e+00
 178.585278     20.216  35.677459    10.2437    4.94861     20.046    32.3147    24.8155 0.0000e+00
 178.585284     20.635  35.672833    10.2450    4.97786     20.462    32.3087    24.8106 0.0000e+00
 178.585289     21.025  35.675780    10.2586    4.99374     20.848    32.2994    24.8011 0.0000e+00
 178.585295     21.398  35.685720    10.2754    4.99523     21.218    32.2942    24.7943 0.0000e+00
 178.585301     21.777  35.696820    10.2842    4.97575     21.594    32.2974    24.7953 0.0000e+00
 178.585307     22.187  35.699196    10.2718    4.93047     22.001    32.3107    24.8077 0.0000e+00
 178.585312     22.632  35.685348    10.2345    4.85489     22.442    32.3298    24.8289 0.0000e+00
 178.585318     23.106  35.658092    10.1900    4.74283     22.912    32.3418    24.8457 0.0000e+00
 178.585324     23.601  35.632073    10.1426    4.63336     23.403    32.3577    24.8660 0.0000e+00
 178.585330     24.106  35.607882    10.0738    4.53433     23.903    32.3945    24.9063 0.0000e+00
 178.585336     24.615  35.570048     9.9776    4.44062     24.408    32.4423    24.9595 0.0000e+00
 178.585341     25.125  35.518546     9.8560    4.35427     24.914    32.4992    25.0240 0.0000e+00
 178.585347     25.627  35.461469     9.7144    4.28163     25.412    32.5688    25.1015 0.0000e+00
 178.585353     26.101  35.400031     9.5875    4.20499     25.882    32.6209    25.1628 0.0000e+00
 178.585359     26.539  35.349244     9.5106    4.16169     26.316    32.6386    25.1890 0.0000e+00
 178.585365     26.952  35.323180     9.4742    4.11926     26.725    32.6448    25.1997 0.0000e+00
 178.585370     27.357  35.313948     9.4429    4.06281     27.127    32.6637    25.2195 0.0000e+00
 178.585376     27.768  35.308645     9.3912    4.00286     27.534    32.7052    25.2603 0.0000e+00
 178.585382     28.188  35.293446     9.3155    3.93410     27.951    32.7587    25.3142 0.0000e+00
 178.585388     28.620  35.263758     9.2296    3.86362     28.379    32.8067    25.3654 0.0000e+00
 178.585394     29.065  35.232095     9.1435    3.81847     28.820    32.8530    25.4152 0.0000e+00
 178.585399     29.517  35.204409     9.0612    3.76818     29.269    32.9001    25.4649 0.0000e+00
 178.585405     29.966  35.178499     8.9906    3.72623     29.714    32.9383    25.5059 0.0000e+00
 178.585411     30.412  35.156214     8.9362    3.69637     30.156    32.9653    25.5356 0.0000e+00
 178.585417     30.856  35.138632     8.8946    3.68290     30.596    32.9854    25.5578 0.0000e+00
 178.585422     31.302  35.124136     8.8606    3.68758     31.038    33.0017    25.5758 0.0000e+00
 178.585428     31.748  35.111302     8.8339    3.68217     31.481    33.0129    25.5887 0.0000e+00
 178.585434     32.188  35.100364     8.8142    3.68331     31.917    33.0197    25.5971 0.0000e+00
 178.585440     32.616  35.091281     8.8003    3.66645     32.341    33.0229    25.6018 0.0000e+00
 178.585446     33.029  35.084248     8.7864    3.65577     32.751    33.0283    25.6081 0.0000e+00
 178.585451     33.433  35.074905     8.7646    3.64051     33.151    33.0387    25.6196 0.0000e+00
 178.585457     33.835  35.059176     8.7369    3.60596     33.550    33.0479    25.6311 0.0000e+00
 178.585463     34.240  35.042971     8.7051    3.57647     33.951    33.0604    25.6458 0.0000e+00
 178.585469     34.649  35.028195     8.6592    3.51213     34.357    33.0877    25.6742 0.0000e+00
 178.585475     35.061  35.007452     8.5981    3.47238     34.765    33.1229    25.7111 0.0000e+00
 178.585480     35.477  34.980521     8.5386    3.43311     35.178    33.1502    25.7416 0.0000e+00
 178.585486     35.898  34.956865     8.4894    3.38872     35.595    33.1714    25.7656 0.0000e+00
 178.585492     36.321  34.939660     8.4457    3.36420     36.015    33.1942    25.7901 0.0000e+00
 178.585498     36.738  34.925549     8.4069    3.32530     36.428    33.2156    25.8128 0.0000e+00
 178.585503     37.143  34.914185     8.3766    3.28884     36.830    33.2320    25.8302 0.0000e+00
 178.585509     37.530  34.906637     8.3512    3.25844     37.213    33.2479    25.8465 0.0000e+00
 178.585515     37.904  34.899537     8.3176    3.20360     37.584    33.2719    25.8704 0.0000e+00
 178.585521     38.274  34.887876     8.2658    3.16019     37.951    33.3085    25.9068 0.0000e+00
 178.585527     38.647  34.870654     8.2042    3.12307     38.321    33.3485    25.9473 0.0000e+00
 178.585532     39.014  34.851224     8.1519    3.09995     38.685    33.3774    25.9778 0.0000e+00
 178.585538     39.359  34.835597     8.1166    3.09478     39.027    33.3942    25.9962 0.0000e+00
 178.585544     39.669  34.825318     8.0955    3.08703     39.334    33.4032    26.0064 0.0000e+00
 178.585550     39.936  34.818422     8.0841    3.09307     39.599    33.4066    26.0108 0.0000e+00
 178.585556     40.149  34.814091     8.0800    3.09883     39.810    33.4058    26.0107 0.0000e+00
 178.585561     40.297  34.812688     8.0821    3.11244     39.957    33.4023    26.0076 -9.990e-29
 178.585567     40.367  34.814561     8.0891    3.13945     40.026    33.3975    26.0029 -9.990e-29
 178.585573     40.353  34.818819     8.1026    3.15125     40.012    33.3892    25.9944 -9.990e-29
 178.585579     40.252  34.824392     8.1200    3.17238     39.912    33.3786    25.9835 -9.990e-29
 178.585584     40.076  34.828040     8.1346    3.19733     39.738    33.3687    25.9735 0.0000e+00
