data/oxygen options/ONMS/Olympic_Coast_National_Marine_Sanctuary_CTD_Data_2005_2023/raw_data/2005/CTD_CE042_052505faed.cnv
* Sea-Bird SBE19 Data File:
* FileName = C:\Documents and Settings\kirner.PTANGELES\Desktop\hypoxia CTD data\MCE2__052505.hex
* Software Version 1.1.5
* Temperature SN = 2997
* Conductivity SN = 2997
* System UpLoad Time = May 25 2005 18:15:03
* SEACAT PROFILER V3.1c SN 2997   05/25/05  18:14:09.558
* strain gauge pressure sensor: S/N = 184829,  range = 3000 psia,  tc = 40
# nquan = 9                                 
# nvalues = 803                         
# units = specified
# name 0 = timeJ: Julian Days
# name 1 = prSM: Pressure, Strain Gauge [db]
# name 2 = c0mS/cm: Conductivity [mS/cm]
# name 3 = t090C: Temperature [ITS-90, deg C]
# name 4 = oxML/L: Oxygen, Beckman/YSI [ml/l]
# name 5 = depSM: Depth [salt water, m], lat = 47.5
# name 6 = sal00: Salinity, Practical [PSU]
# name 7 = sigma-é00: Density [sigma-theta, kg/m^3]
# name 8 = flag: flag
# span 0 = 145.658715, 145.663356       
# span 1 =     -4.219,     46.456       
# span 2 =  -0.001185,  36.252219       
# span 3 =     9.5485,    19.8354       
# span 4 =  -14.02554,   23.36142       
# span 5 =     -4.184,     46.063       
# span 6 =     0.0000,    32.5855       
# span 7 =    -1.6519,    25.1415       
# span 8 = 0.0000e+00, 0.0000e+00       
# interval = seconds: 0.5
# start_time = May 25 2005 15:48:33 [Instrument's time stamp, header]
# bad_flag = -9.990e-29
*END*
[from data line 321]
 145.660573      2.776  34.038267    14.3628    6.49006      2.753    27.4877    20.3185 -9.990e-29
 145.660579      2.797  34.033571    14.3522    6.50440      2.774    27.4910    20.3231 -9.990e-29
 145.660584      2.830  34.029757    14.3406    6.50906      2.806    27.4958    20.3291 -9.990e-29
 145.660590      2.862  34.026781    14.3340    6.51385      2.838    27.4978    20.3320 -9.990e-29
 145.660596      2.883  34.025155    14.3358    6.49347      2.859    27.4951    20.3295 -9.990e-29
 145.660602      2.895  34.025511    14.3420    6.47762      2.871    27.4910    20.3252 -9.990e-29
 145.660608      2.907  34.026639    14.3465    6.47779      2.883    27.4888    20.3226 -9.990e-29
 145.660613      2.923  34.027244    14.3454    6.47683      2.899    27.4901    20.3238 -9.990e-29
 145.660619      2.946  34.026454    14.3396    6.48971      2.921    27.4935    20.3276 -9.990e-29
 145.660625      2.975  34.024338    14.3326    6.48697      2.950    27.4966    20.3313 -9.990e-29
 145.660631      3.010  34.022000    14.3272    6.47778      2.985    27.4983    20.3337 -9.990e-29
 145.660637      3.043  34.020243    14.3247    6.47556      3.018    27.4985    20.3344 -9.990e-29
 145.660642      3.072  34.019524    14.3246    6.47320      3.046    27.4979    20.3340 -9.990e-29
 145.660648      3.100  34.019442    14.3258    6.48642      3.074    27.4970    20.3330 -9.990e-29
 145.660654      3.124  34.018769    14.3288    6.48554      3.098    27.4942    20.3303 -9.990e-29
 145.660660      3.137  34.016046    14.3338    6.46650      3.111    27.4883    20.3247 -9.990e-29
 145.660666      3.139  34.014927    14.3390    6.45042      3.113    27.4836    20.3200 -9.990e-29
 145.660671      3.140  34.018966    14.3415    6.44182      3.114    27.4854    20.3210 -9.990e-29
 145.660677      3.147  34.022341    14.3405    6.44296      3.121    27.4891    20.3240 -9.990e-29
 145.660683      3.166  34.022271    14.3366    6.47184      3.140    27.4918    20.3269 -9.990e-29
 145.660689      3.185  34.021467    14.3321    6.47513      3.158    27.4943    20.3297 -9.990e-29
 145.660694      3.184  34.021096    14.3324    6.46289      3.157    27.4937    20.3292 -9.990e-29
 145.660700      3.162  34.022343    14.3376    6.44228      3.136    27.4912    20.3262 -9.990e-29
 145.660706      3.136  34.024628    14.3415    6.42606      3.110    27.4905    20.3249 -9.990e-29
 145.660712      3.117  34.025956    14.3410    6.44953      3.091    27.4920    20.3262 -9.990e-29
 145.660718      3.112  34.025862    14.3367    6.47615      3.086    27.4950    20.3293 -9.990e-29
 145.660723      3.120  34.024782    14.3312    6.46641      3.094    27.4979    20.3327 -9.990e-29
 145.660729      3.129  34.023517    14.3296    6.44302      3.103    27.4979    20.3330 -9.990e-29
 145.660735      3.128  34.023181    14.3335    6.41533      3.102    27.4949    20.3298 -9.990e-29
 145.660741      3.116  34.023885    14.3377    6.44526      3.090    27.4925    20.3272 -9.990e-29
 145.660747      3.104  34.024326    14.3369    6.47409      3.078    27.4935    20.3281 -9.990e-29
 145.660752      3.102  34.023412    14.3329    6.46879      3.076    27.4955    20.3304 -9.990e-29
 145.660758      3.104  34.022171    14.3325    6.44804      3.078    27.4947    20.3299 -9.990e-29
 145.660764      3.107  34.022307    14.3381    6.42444      3.081    27.4908    20.3258 -9.990e-29
 145.660770      3.110  34.024003    14.3461    6.44358      3.084    27.4867    20.3210 -9.990e-29
 145.660775      3.118  34.026156    14.3516    6.46559      3.092    27.4847    20.3184 -9.990e-29
 145.660781      3.135  34.027719    14.3536    6.46307      3.109    27.4847    20.3180 -9.990e-29
 145.660787      3.159  34.028537    14.3543    6.44278      3.133    27.4849    20.3180 -9.990e-29
 145.660793      3.183  34.029141    14.3552    6.42851      3.156    27.4848    20.3177 -9.990e-29
 145.660799      3.203  34.029773    14.3564    6.43393      3.176    27.4845    20.3173 -9.990e-29
 145.660804      3.226  34.030157    14.3560    6.44728      3.199    27.4851    20.3178 -9.990e-29
 145.660810      3.252  34.029686    14.3541    6.44501      3.225    27.4860    20.3189 -9.990e-29
 145.660816      3.275  34.027733    14.3534    6.43356      3.248    27.4848    20.3181 -9.990e-29
 145.660822      3.293  34.025614    14.3542    6.42891      3.265    27.4823    20.3160 -9.990e-29
 145.660828      3.306  34.025360    14.3550    6.43177      3.278    27.4815    20.3153 -9.990e-29
 145.660833      3.314  34.026632    14.3550    6.43561      3.286    27.4826    20.3161 -9.990e-29
 145.660839      3.320  34.028136    14.3541    6.42770      3.292    27.4846    20.3178 -9.990e-29
 145.660845      3.326  34.029069    14.3530    6.41822      3.298    27.4862    20.3193 -9.990e-29
 145.660851      3.338  34.029360    14.3519    6.41165      3.310    27.4873    20.3203 -9.990e-29
 145.660856      3.357  34.029395    14.3465    6.41660      3.329    27.4911    20.3244 -9.990e-29
 145.660862      3.384  34.028092    14.3350    6.43338      3.356    27.4981    20.3320 -9.990e-29
 145.660868      3.412  34.024831    14.3245    6.43934      3.383    27.5026    20.3376 -9.990e-29
 145.660874      3.430  34.021982    14.3223    6.42253      3.401    27.5016    20.3373 -9.990e-29
 145.660880      3.435  34.021339    14.3271    6.40695      3.406    27.4976    20.3333 -9.990e-29
 145.660885      3.427  34.022037    14.3325    6.39716      3.398    27.4944    20.3297 -9.990e-29
 145.660891      3.410  34.022760    14.3332    6.39814      3.382    27.4946    20.3297 -9.990e-29
 145.660897      3.400  34.022788    14.3268    6.41842      3.372    27.4992    20.3345 -9.990e-29
 145.660903      3.409  34.021595    14.3163    6.42608      3.381    27.5055    20.3415 -9.990e-29
 145.660909      3.425  34.019828    14.3094    6.43500      3.396    27.5089    20.3454 -9.990e-29
 145.660914      3.432  34.019044    14.3096    6.42097      3.403    27.5080    20.3447 -9.990e-29
 145.660920      3.426  34.019311    14.3151    6.40039      3.397    27.5043    20.3408 -9.990e-29
 145.660926      3.415  34.020417    14.3215    6.40014      3.386    27.5008    20.3368 -9.990e-29
 145.660932      3.415  34.022150    14.3244    6.41566      3.386    27.5003    20.3358 -9.990e-29
 145.660937      3.432  34.022897    14.3229    6.42565      3.403    27.5020    20.3375 -9.990e-29
 145.660943      3.452  34.021968    14.3207    6.42164      3.423    27.5027    20.3385 -9.990e-29
 145.660949      3.465  34.020922    14.3222    6.41137      3.436    27.5007    20.3366 -9.990e-29
 145.660955      3.472  34.021158    14.3278    6.40592      3.443    27.4970    20.3326 -9.990e-29
 145.660961      3.481  34.022424    14.3329    6.42165      3.452    27.4945    20.3297 -9.990e-29
 145.660966      3.493  34.023602    14.3336    6.42744      3.464    27.4950    20.3300 -9.990e-29
 145.660972      3.500  34.024018    14.3324    6.42376      3.471    27.4963    20.3311 -9.990e-29
 145.660978      3.494  34.024222    14.3348    6.40977      3.465    27.4947    20.3295 -9.990e-29
 145.660984      3.474  34.025040    14.3413    6.39556      3.445    27.4909    20.3252 -9.990e-29
 145.660990      3.457  34.026996    14.3470    6.38740      3.428    27.4886    20.3223 -9.990e-29
 145.660995      3.455  34.029333    14.3460    6.40220      3.426    27.4914    20.3247 -9.990e-29
 145.661001      3.458  34.029561    14.3386    6.42061      3.429    27.4968    20.3303 -9.990e-29
 145.661007      3.453  34.027419    14.3325    6.42028      3.424    27.4992    20.3334 -9.990e-29
 145.661013      3.438  34.025648    14.3330    6.39827      3.409    27.4973    20.3318 -9.990e-29
 145.661019      3.413  34.025800    14.3383    6.38066      3.384    27.4937    20.3280 -9.990e-29
 145.661024      3.392  34.026951    14.3429    6.36788      3.364    27.4915    20.3254 -9.990e-29
 145.661030      3.385  34.027830    14.3433    6.40600      3.357    27.4920    20.3257 -9.990e-29
 145.661036      3.392  34.028486    14.3393    6.41811      3.364    27.4954    20.3291 -9.990e-29
 145.661042      3.400  34.028666    14.3359    6.40228      3.372    27.4980    20.3318 -9.990e-29
 145.661047      3.398  34.028605    14.3388    6.39239      3.370    27.4959    20.3296 -9.990e-29
 145.661053      3.385  34.029895    14.3458    6.38288      3.357    27.4920    20.3252 -9.990e-29
 145.661059      3.373  34.032008    14.3516    6.39548      3.345    27.4898    20.3224 -9.990e-29
 145.661065      3.374  34.033275    14.3548    6.40724      3.346    27.4887    20.3209 -9.990e-29
 145.661071      3.388  34.033701    14.3566    6.40412      3.360    27.4878    20.3198 -9.990e-29
 145.661076      3.407  34.033852    14.3576    6.39443      3.379    27.4872    20.3192 -9.990e-29
 145.661082      3.429  34.033923    14.3575    6.39090      3.400    27.4873    20.3193 -9.990e-29
 145.661088      3.455  34.034003    14.3558    6.38828      3.426    27.4886    20.3206 -9.990e-29
 145.661094      3.487  34.033634    14.3524    6.38964      3.458    27.4907    20.3229 -9.990e-29
 145.661100      3.522  34.032317    14.3499    6.38761      3.493    27.4913    20.3238 -9.990e-29
 145.661105      3.554  34.031094    14.3503    6.38793      3.524    27.4899    20.3227 -9.990e-29
 145.661111      3.580  34.031127    14.3506    6.38610      3.550    27.4897    20.3225 -9.990e-29
 145.661117      3.604  34.031334    14.3466    6.38549      3.574    27.4927    20.3256 -9.990e-29
 145.661123      3.629  34.029745    14.3385    6.38910      3.599    27.4970    20.3305 -9.990e-29
 145.661128      3.658  34.026476    14.3319    6.38790      3.627    27.4988    20.3332 -9.990e-29
 145.661134      3.680  34.023887    14.3308    6.38918      3.649    27.4972    20.3322 -9.990e-29
 145.661140      3.687  34.023561    14.3348    6.39060      3.656    27.4941    20.3290 -9.990e-29
 145.661146      3.681  34.025057    14.3405    6.39176      3.650    27.4914    20.3258 -9.990e-29
 145.661152      3.665  34.027003    14.3445    6.38727      3.634    27.4903    20.3241 -9.990e-29
 145.661157      3.650  34.028066    14.3465    6.38843      3.620    27.4898    20.3234 -9.990e-29
 145.661163      3.645  34.028541    14.3485    6.38980      3.615    27.4888    20.3222 -9.990e-29
 145.661169      3.645  34.029615    14.3507    6.38675      3.615    27.4882    20.3213 -9.990e-29
 145.661175      3.645  34.031035    14.3521    6.38987      3.615    27.4885    20.3213 -9.990e-29
 145.661181      3.646  34.031888    14.3525    6.38195      3.616    27.4890    20.3215 -9.990e-29
 145.661186      3.648  34.032186    14.3525    6.37244      3.618    27.4893    20.3218 -9.990e-29
 145.661192      3.650  34.032320    14.3526    6.39032      3.620    27.4893    20.3218 -9.990e-29
 145.661198      3.654  34.032464    14.3532    6.38671      3.623    27.4890    20.3214 -9.990e-29
 145.661204      3.658  34.032804    14.3553    6.38400      3.627    27.4878    20.3201 -9.990e-29
 145.661209      3.664  34.033787    14.3580    6.37961      3.633    27.4868    20.3188 -9.990e-29
 145.661215      3.672  34.035037    14.3584    6.37224      3.641    27.4876    20.3193 -9.990e-29
 145.661221      3.686  34.034854    14.3568    6.38421      3.655    27.4886    20.3204 -9.990e-29
 145.661227      3.712  34.033551    14.3548    6.39296      3.681    27.4888    20.3210 -9.990e-29
 145.661233      3.738  34.032746    14.3533    6.38813      3.707    27.4892    20.3215 -9.990e-29
 145.661238      3.749  34.032480    14.3543    6.38039      3.718    27.4882    20.3206 -9.990e-29
 145.661244      3.742  34.032954    14.3573    6.37972      3.711    27.4865    20.3187 -9.990e-29
 145.661250      3.725  34.034232    14.3596    6.37533      3.694    27.4860    20.3179 -9.990e-29
 145.661256      3.713  34.035212    14.3596    6.36674      3.682    27.4869    20.3185 -9.990e-29
 145.661262      3.711  34.034956    14.3573    6.35983      3.680    27.4883    20.3201 -9.990e-29
 145.661267      3.713  34.033678    14.3536    6.36631      3.682    27.4898    20.3219 -9.990e-29
 145.661273      3.720  34.031909    14.3496    6.37975      3.689    27.4910    20.3237 -9.990e-29
 145.661279      3.729  34.030086    14.3464    6.38793      3.698    27.4917    20.3248 -9.990e-29
 145.661285      3.734  34.028576    14.3451    6.37923      3.703    27.4912    20.3248 -9.990e-29
 145.661291      3.738  34.027600    14.3462    6.36817      3.707    27.4896    20.3233 -9.990e-29
 145.661296      3.734  34.027531    14.3487    6.35667      3.703    27.4878    20.3214 -9.990e-29
 145.661302      3.729  34.028272    14.3500    6.35779      3.698    27.4875    20.3209 -9.990e-29
 145.661308      3.734  34.029125    14.3489    6.35911      3.703    27.4890    20.3223 -9.990e-29
 145.661314      3.745  34.028982    14.3467    6.35406      3.714    27.4905    20.3238 -9.990e-29
 145.661319      3.750  34.027646    14.3449    6.35685      3.719    27.4906    20.3243 -9.990e-29
 145.661325      3.749  34.026692    14.3427    6.36375      3.718    27.4913    20.3253 -9.990e-29
 145.661331      3.747  34.026523    14.3384    6.37389      3.716    27.4942    20.3283 -9.990e-29
 145.661337      3.744  34.025787    14.3315    6.38201      3.713    27.4984    20.3330 -9.990e-29
 145.661343      3.739  34.024057    14.3259    6.37136      3.708    27.5008    20.3360 -9.990e-29
 145.661348      3.727  34.022381    14.3262    6.36054      3.696    27.4991    20.3346 -9.990e-29
 145.661354      3.709  34.022442    14.3301    6.35963      3.678    27.4964    20.3317 -9.990e-29
 145.661360      3.691  34.023754    14.3312    6.36915      3.660    27.4968    20.3318 -9.990e-29
 145.661366      3.677  34.024137    14.3275    6.36948      3.646    27.4998    20.3348 -9.990e-29
 145.661372      3.665  34.022978    14.3237    6.36531      3.634    27.5014    20.3369 -9.990e-29
 145.661377      3.659  34.021530    14.3238    6.35995      3.628    27.5001    20.3358 -9.990e-29
 145.661383      3.663  34.021219    14.3249    6.35836      3.632    27.4990    20.3348 -9.990e-29
 145.661389      3.673  34.021622    14.3236    6.37234      3.642    27.5003    20.3360 -9.990e-29
 145.661395      3.685  34.021591    14.3217    6.38122      3.654    27.5016    20.3374 -9.990e-29
 145.661400      3.696  34.021080    14.3222    6.37414      3.665    27.5008    20.3367 -9.990e-29
 145.661406      3.699  34.021083    14.3268    6.36127      3.668    27.4975    20.3333 -9.990e-29
 145.661412      3.692  34.022717    14.3339    6.35687      3.661    27.4940    20.3291 -9.990e-29
 145.661418      3.685  34.025355    14.3384    6.36240      3.654    27.4931    20.3275 -9.990e-29
 145.661424      3.685  34.026907    14.3376    6.37544      3.654    27.4951    20.3292 -9.990e-29
 145.661429      3.697  34.026635    14.3339    6.37435      3.666    27.4975    20.3318 -9.990e-29
 145.661435      3.712  34.025294    14.3322    6.35996      3.681    27.4975    20.3321 -9.990e-29
 145.661441      3.720  34.024452    14.3353    6.36331      3.689    27.4945    20.3292 -9.990e-29
 145.661447      3.720  34.025781    14.3402    6.36108      3.689    27.4922    20.3265 -9.990e-29
 145.661453      3.721  34.028245    14.3406    6.36633      3.690    27.4941    20.3279 -9.990e-29
 145.661458      3.728  34.028963    14.3348    6.37151      3.697    27.4989    20.3327 -9.990e-29
 145.661464      3.736  34.026647    14.3277    6.37463      3.705    27.5019    20.3364 -9.990e-29
 145.661470      3.738  34.023244    14.3260    6.37664      3.707    27.5000    20.3353 -9.990e-29
 145.661476      3.729  34.022054    14.3320    6.36227      3.698    27.4947    20.3300 -9.990e-29
 145.661481      3.713  34.024287    14.3421    6.33709      3.682    27.4895    20.3240 -9.990e-29
 145.661487      3.698  34.028432    14.3488    6.33941      3.667    27.4885    20.3219 -9.990e-29
