data/oxygen options/ONMS/Olympic_Coast_National_Marine_Sanctuary_CTD_Data_2005_2023/raw_data/2005/CTD_CA042_053105faed.cnv
* Sea-Bird SBE19 Data File:
* FileName = C:\Mooring data\CTD_CA2_053105.hex
* Software Version 1.1.5
* Temperature SN = 2997
* Conductivity SN = 2997
* System UpLoad Time = May 31 2005 18:02:29
* SEACAT PROFILER V3.1c SN 2997   05/31/05  18:01:59.485
* strain gauge pressure sensor: S/N = 184829,  range = 3000 psia,  tc = 40
# nquan = 9                                 
# nvalues = 637                         
# units = specified
# name 0 = timeJ: Julian Days
# name 1 = prSM: Pressure, Strain Gauge [db]
# name 2 = c0mS/cm: Conductivity [mS/cm]
# name 3 = t090C: Temperature [ITS-90, deg C]
# name 4 = oxML/L: Oxygen, Beckman/YSI [ml/l]
# name 5 = depSM: Depth [salt water, m], lat = 47.5
# name 6 = sal00: Salinity, Practical [PSU]
# name 7 = sigma-é00: Density [sigma-theta, kg/m^3]
# name 8 = flag: flag
# span 0 = 151.580602, 151.584282       
# span 1 =     -4.368,     40.925       
# span 2 =   0.048415,  37.288193       
# span 3 =     9.8079,    14.9434       
# span 4 =   -0.11676,   24.51624       
# span 5 =     -4.332,     40.579       
# span 6 =     0.0316,    32.5963       
# span 7 =    -0.8408,    25.1074       
# span 8 = 0.0000e+00, 0.0000e+00       
# interval = seconds: 0.5
# start_time = May 31 2005 13:56:04 [Instrument's time stamp, header]
# bad_flag = -9.990e-29
*END*
[from data line 161]
 151.581534      0.048  36.196903    14.9294    6.40974      0.048    29.0028    21.3685 -9.990e-29
 151.581539      0.072  36.199754    14.9297    6.38528      0.071    29.0051    21.3703 -9.990e-29
 151.581545      0.095  36.200840    14.9298    6.38115      0.094    29.0060    21.3709 -9.990e-29
 151.581551      0.115  36.199921    14.9300    6.40442      0.114    29.0050    21.3701 -9.990e-29
 151.581557      0.134  36.198566    14.9301    6.39886      0.133    29.0037    21.3691 -9.990e-29
 151.581562      0.151  36.198885    14.9301    6.38963      0.150    29.0040    21.3693 -9.990e-29
 151.581568      0.165  36.200172    14.9301    6.38199      0.164    29.0051    21.3702 -9.990e-29
 151.581574      0.172  36.200211    14.9302    6.37015      0.171    29.0051    21.3702 -9.990e-29
 151.581580      0.180  36.199607    14.9304    6.37608      0.178    29.0044    21.3696 -9.990e-29
 151.581586      0.199  36.200349    14.9307    6.38597      0.197    29.0048    21.3699 -9.990e-29
 151.581591      0.222  36.202299    14.9311    6.38774      0.220    29.0062    21.3709 -9.990e-29
 151.581597      0.237  36.204124    14.9316    6.38349      0.235    29.0075    21.3717 -9.990e-29
 151.581603      0.240  36.204323    14.9325    6.38756      0.238    29.0070    21.3712 -9.990e-29
 151.581609      0.237  36.201472    14.9337    6.39381      0.235    29.0036    21.3683 -9.990e-29
 151.581615      0.235  36.196247    14.9352    6.38086      0.233    28.9978    21.3635 -9.990e-29
 151.581620      0.244  36.192325    14.9367    6.38591      0.242    28.9932    21.3597 -9.990e-29
 151.581626      0.267  36.194003    14.9379    6.38564      0.265    28.9938    21.3599 -9.990e-29
 151.581632      0.298  36.200146    14.9387    6.38730      0.296    28.9987    21.3635 -9.990e-29
 151.581638      0.325  36.204920    14.9391    6.39172      0.322    29.0026    21.3664 -9.990e-29
 151.581644      0.348  36.206832    14.9393    6.38092      0.345    29.0042    21.3676 -9.990e-29
 151.581649      0.366  36.207301    14.9393    6.38366      0.363    29.0046    21.3679 -9.990e-29
 151.581655      0.381  36.206385    14.9394    6.38954      0.378    29.0037    21.3672 -9.990e-29
 151.581661      0.398  36.202294    14.9395    6.37761      0.395    28.9999    21.3643 -9.990e-29
 151.581667      0.423  36.195173    14.9393    6.37209      0.419    28.9938    21.3596 -9.990e-29
 151.581672      0.453  36.192898    14.9386    6.36760      0.449    28.9922    21.3585 -9.990e-29
 151.581678      0.485  36.198595    14.9373    6.36048      0.481    28.9983    21.3635 -9.990e-29
 151.581684      0.518  36.203592    14.9355    6.35501      0.514    29.0040    21.3683 -9.990e-29
 151.581690      0.545  36.203891    14.9339    6.36127      0.540    29.0055    21.3697 -9.990e-29
 151.581696      0.563  36.202685    14.9331    6.37468      0.558    29.0050    21.3695 -9.990e-29
 151.581701      0.573  36.202285    14.9333    6.37800      0.568    29.0045    21.3691 -9.990e-29
 151.581707      0.577  36.202710    14.9342    6.37531      0.572    29.0042    21.3687 -9.990e-29
 151.581713      0.573  36.202836    14.9352    6.36583      0.568    29.0036    21.3680 -9.990e-29
 151.581719      0.568  36.202260    14.9360    6.36122      0.563    29.0025    21.3669 -9.990e-29
 151.581725      0.567  36.201891    14.9359    6.35997      0.562    29.0022    21.3668 -9.990e-29
 151.581730      0.577  36.202909    14.9351    6.36219      0.572    29.0037    21.3681 -9.990e-29
 151.581736      0.592  36.204422    14.9342    6.36611      0.587    29.0057    21.3698 -9.990e-29
 151.581742      0.602  36.205637    14.9339    6.37241      0.597    29.0070    21.3709 -9.990e-29
 151.581748      0.599  36.206483    14.9342    6.36605      0.594    29.0075    21.3712 -9.990e-29
 151.581753      0.585  36.206957    14.9350    6.36330      0.580    29.0074    21.3709 -9.990e-29
 151.581759      0.570  36.207683    14.9359    6.36715      0.565    29.0074    21.3707 -9.990e-29
 151.581765      0.561  36.207941    14.9364    6.36348      0.556    29.0072    21.3705 -9.990e-29
 151.581771      0.561  36.207507    14.9364    6.35342      0.556    29.0068    21.3702 -9.990e-29
 151.581777      0.570  36.208037    14.9358    6.35390      0.565    29.0077    21.3711 -9.990e-29
 151.581782      0.586  36.209108    14.9350    6.35742      0.581    29.0093    21.3724 -9.990e-29
 151.581788      0.603  36.209337    14.9345    6.36439      0.598    29.0099    21.3730 -9.990e-29
 151.581794      0.624  36.209021    14.9342    6.35693      0.619    29.0098    21.3730 -9.990e-29
 151.581800      0.646  36.208291    14.9340    6.35369      0.641    29.0093    21.3726 -9.990e-29
 151.581806      0.661  36.207288    14.9341    6.35239      0.655    29.0083    21.3718 -9.990e-29
 151.581811      0.666  36.206908    14.9342    6.35573      0.660    29.0079    21.3715 -9.990e-29
 151.581817      0.671  36.206636    14.9341    6.35785      0.665    29.0077    21.3714 -9.990e-29
 151.581823      0.683  36.205539    14.9337    6.34871      0.677    29.0070    21.3710 -9.990e-29
 151.581829      0.695  36.204392    14.9331    6.33991      0.689    29.0065    21.3706 -9.990e-29
 151.581834      0.700  36.203898    14.9324    6.33373      0.694    29.0065    21.3708 -9.990e-29
 151.581840      0.701  36.203950    14.9313    6.35622      0.695    29.0074    21.3717 -9.990e-29
 151.581846      0.704  36.204051    14.9298    6.35777      0.698    29.0086    21.3730 -9.990e-29
 151.581852      0.704  36.203766    14.9289    6.35732      0.698    29.0090    21.3735 -9.990e-29
 151.581858      0.697  36.203267    14.9284    6.33024      0.691    29.0089    21.3735 -9.990e-29
 151.581863      0.686  36.203002    14.9278    6.33569      0.680    29.0092    21.3738 -9.990e-29
 151.581869      0.680  36.202610    14.9265    6.30980      0.674    29.0098    21.3746 -9.990e-29
 151.581875      0.682  36.201562    14.9242    6.33973      0.676    29.0106    21.3756 -9.990e-29
 151.581881      0.689  36.199012    14.9220    6.35552      0.683    29.0099    21.3756 -9.990e-29
 151.581887      0.692  36.192675    14.9213    6.32008      0.686    29.0048    21.3718 -9.990e-29
 151.581892      0.683  36.178016    14.9222    6.31673      0.677    28.9911    21.3611 -9.990e-29
 151.581898      0.665  36.139964    14.9238    6.30380      0.659    28.9561    21.3338 -9.990e-29
 151.581904      0.659  36.085522    14.9252    6.32306      0.653    28.9066    21.2955 -9.990e-29
 151.581910      0.677  36.048054    14.9267    6.34347      0.671    28.8722    21.2687 -9.990e-29
 151.581916      0.712  36.057207    14.9289    6.33340      0.706    28.8787    21.2733 -9.990e-29
 151.581921      0.748  36.103872    14.9309    6.33533      0.742    28.9187    21.3036 -9.990e-29
 151.581927      0.772  36.110662    14.9322    6.33717      0.766    28.9238    21.3072 -9.990e-29
 151.581933      0.780  36.010937    14.9332    6.34432      0.773    28.8344    21.2383 -9.990e-29
 151.581939      0.790  35.898210    14.9344    6.33882      0.783    28.7334    21.1603 -9.990e-29
 151.581944      0.816  35.938360    14.9356    6.33024      0.809    28.7681    21.1868 -9.990e-29
 151.581950      0.849  36.075035    14.9363    6.33123      0.842    28.8890    21.2797 -9.990e-29
 151.581956      0.881  36.160815    14.9363    6.32927      0.874    28.9653    21.3383 -9.990e-29
 151.581962      0.908  36.191213    14.9358    6.33794      0.900    28.9927    21.3595 -9.990e-29
 151.581968      0.933  36.202265    14.9351    6.33286      0.925    29.0030    21.3676 -9.990e-29
 151.581973      0.953  36.205335    14.9347    6.32538      0.945    29.0060    21.3700 -9.990e-29
 151.581979      0.963  36.205630    14.9345    6.32635      0.955    29.0064    21.3703 -9.990e-29
 151.581985      0.971  36.205779    14.9339    6.33373      0.963    29.0070    21.3709 -9.990e-29
 151.581991      0.979  36.205972    14.9328    6.33611      0.971    29.0080    21.3719 -9.990e-29
 151.581997      0.990  36.205899    14.9315    6.32790      0.982    29.0089    21.3728 -9.990e-29
 151.582002      1.003  36.205454    14.9305    6.31993      0.995    29.0092    21.3733 -9.990e-29
 151.582008      1.015  36.204597    14.9301    6.31926      1.007    29.0088    21.3730 -9.990e-29
 151.582014      1.022  36.203856    14.9301    6.32933      1.013    29.0081    21.3725 -9.990e-29
 151.582020      1.026  36.203734    14.9304    6.33662      1.017    29.0078    21.3722 -9.990e-29
 151.582025      1.022  36.204061    14.9310    6.33424      1.013    29.0076    21.3720 -9.990e-29
 151.582031      1.005  36.204523    14.9315    6.31462      0.997    29.0077    21.3719 -9.990e-29
 151.582037      0.978  36.204612    14.9313    6.30405      0.970    29.0079    21.3721 -9.990e-29
 151.582043      0.954  36.203699    14.9299    6.32580      0.946    29.0081    21.3726 -9.990e-29
 151.582049      0.943  36.201689    14.9280    6.33789      0.935    29.0078    21.3727 -9.990e-29
 151.582054      0.943  36.199267    14.9265    6.33670      0.935    29.0067    21.3722 -9.990e-29
 151.582060      0.948  36.197689    14.9259    6.32583      0.940    29.0058    21.3716 -9.990e-29
 151.582066      0.952  36.197090    14.9261    6.30911      0.944    29.0051    21.3710 -9.990e-29
 151.582072      0.961  36.196670    14.9263    6.28837      0.953    29.0045    21.3706 -9.990e-29
 151.582078      0.979  36.195309    14.9261    6.30730      0.971    29.0035    21.3698 -9.990e-29
 151.582083      0.999  36.193435    14.9260    6.31369      0.991    29.0019    21.3686 -9.990e-29
 151.582089      1.009  36.191912    14.9265    6.30479      1.001    29.0002    21.3672 -9.990e-29
 151.582095      1.005  36.186467    14.9279    6.31961      0.997    28.9943    21.3624 -9.990e-29
 151.582101      0.997  36.168716    14.9294    6.30105      0.989    28.9774    21.3490 -9.990e-29
 151.582106      1.000  36.138538    14.9291    6.30295      0.992    28.9508    21.3286 -9.990e-29
 151.582112      1.024  36.125216    14.9274    6.31142      1.015    28.9402    21.3208 -9.990e-29
 151.582118      1.060  36.144628    14.9267    6.31077      1.051    28.9579    21.3347 -9.990e-29
 151.582124      1.095  36.167712    14.9273    6.30709      1.086    28.9780    21.3500 -9.990e-29
 151.582130      1.118  36.179272    14.9282    6.32343      1.109    28.9876    21.3572 -9.990e-29
 151.582135      1.126  36.180705    14.9291    6.31775      1.117    28.9882    21.3574 -9.990e-29
 151.582141      1.123  36.166630    14.9307    6.31778      1.114    28.9745    21.3466 -9.990e-29
 151.582147      1.119  36.136223    14.9325    6.30444      1.110    28.9461    21.3244 -9.990e-29
 151.582153      1.122  36.088186    14.9331    6.30526      1.113    28.9030    21.2911 -9.990e-29
 151.582159      1.135  36.069474    14.9325    6.31458      1.126    28.8868    21.2787 -9.990e-29
 151.582164      1.160  36.117930    14.9312    6.31532      1.150    28.9308    21.3129 -9.990e-29
 151.582170      1.194  36.169215    14.9299    6.31416      1.184    28.9774    21.3489 -9.990e-29
 151.582176      1.230  36.184626    14.9295    6.30741      1.220    28.9914    21.3598 -9.990e-29
 151.582182      1.263  36.180788    14.9302    6.30587      1.252    28.9874    21.3566 -9.990e-29
 151.582188      1.290  36.152019    14.9308    6.30522      1.279    28.9614    21.3365 -9.990e-29
 151.582193      1.317  36.124994    14.9303    6.30095      1.306    28.9377    21.3184 -9.990e-29
 151.582199      1.351  36.142170    14.9287    6.30417      1.340    28.9542    21.3313 -9.990e-29
 151.582205      1.389  36.175430    14.9264    6.30671      1.377    28.9854    21.3559 -9.990e-29
 151.582211      1.428  36.191191    14.9231    6.30167      1.416    29.0019    21.3692 -9.990e-29
 151.582216      1.473  36.196451    14.9191    6.30890      1.461    29.0095    21.3759 -9.990e-29
 151.582222      1.517  36.197662    14.9160    6.31507      1.504    29.0129    21.3792 -9.990e-29
 151.582228      1.550  36.197558    14.9152    6.31364      1.537    29.0134    21.3797 -9.990e-29
 151.582234      1.570  36.197679    14.9162    6.31811      1.557    29.0127    21.3790 -9.990e-29
 151.582240      1.577  36.198187    14.9183    6.30978      1.564    29.0116    21.3777 -9.990e-29
 151.582245      1.578  36.198637    14.9208    6.30764      1.565    29.0102    21.3761 -9.990e-29
 151.582251      1.576  36.198507    14.9226    6.30980      1.563    29.0087    21.3746 -9.990e-29
 151.582257      1.571  36.198184    14.9230    6.30744      1.558    29.0081    21.3740 -9.990e-29
 151.582263      1.567  36.198359    14.9230    6.29959      1.554    29.0083    21.3742 -9.990e-29
 151.582269      1.564  36.198705    14.9236    6.29393      1.551    29.0082    21.3739 -9.990e-29
 151.582274      1.557  36.199123    14.9245    6.29154      1.544    29.0079    21.3735 -9.990e-29
 151.582280      1.551  36.199609    14.9253    6.29499      1.538    29.0077    21.3732 -9.990e-29
 151.582286      1.544  36.199689    14.9258    6.31392      1.531    29.0074    21.3729 -9.990e-29
 151.582292      1.532  36.199470    14.9261    6.31882      1.519    29.0070    21.3725 -9.990e-29
 151.582297      1.519  36.199779    14.9262    6.30852      1.506    29.0072    21.3727 -9.990e-29
 151.582303      1.507  36.200468    14.9263    6.29343      1.494    29.0077    21.3731 -9.990e-29
 151.582309      1.501  36.200776    14.9266    6.27648      1.488    29.0078    21.3730 -9.990e-29
 151.582315      1.509  36.200550    14.9271    6.29479      1.496    29.0072    21.3725 -9.990e-29
 151.582321      1.531  36.200051    14.9277    6.31239      1.518    29.0063    21.3717 -9.990e-29
 151.582326      1.556  36.199734    14.9281    6.31374      1.543    29.0057    21.3711 -9.990e-29
 151.582332      1.568  36.199737    14.9287    6.30412      1.555    29.0053    21.3707 -9.990e-29
 151.582338      1.559  36.200061    14.9300    6.29141      1.546    29.0046    21.3699 -9.990e-29
 151.582344      1.538  36.200577    14.9316    6.29564      1.525    29.0039    21.3690 -9.990e-29
 151.582350      1.521  36.200854    14.9321    6.29597      1.508    29.0038    21.3688 -9.990e-29
 151.582355      1.518  36.200699    14.9310    6.30092      1.505    29.0045    21.3696 -9.990e-29
 151.582361      1.529  36.200469    14.9297    6.30396      1.516    29.0052    21.3704 -9.990e-29
 151.582367      1.544  36.200417    14.9295    6.30209      1.531    29.0053    21.3705 -9.990e-29
 151.582373      1.553  36.200471    14.9297    6.29003      1.540    29.0052    21.3704 -9.990e-29
 151.582378      1.562  36.200701    14.9294    6.28340      1.549    29.0056    21.3708 -9.990e-29
 151.582384      1.576  36.200854    14.9280    6.29192      1.563    29.0068    21.3720 -9.990e-29
 151.582390      1.596  36.200012    14.9255    6.30781      1.583    29.0079    21.3733 -9.990e-29
 151.582396      1.618  36.198174    14.9239    6.30579      1.604    29.0074    21.3733 -9.990e-29
 151.582402      1.636  36.196812    14.9242    6.29970      1.622    29.0060    21.3722 -9.990e-29
 151.582407      1.646  36.195792    14.9255    6.29679      1.632    29.0041    21.3704 -9.990e-29
 151.582413      1.649  36.192631    14.9267    6.29331      1.635    29.0004    21.3674 -9.990e-29
 151.582419      1.649  36.187597    14.9271    6.30409      1.635    28.9956    21.3636 -9.990e-29
 151.582425      1.656  36.180147    14.9262    6.28682      1.642    28.9897    21.3592 -9.990e-29
 151.582431      1.669  36.176046    14.9241    6.27483      1.655    28.9876    21.3580 -9.990e-29
 151.582436      1.680  36.183281    14.9213    6.28912      1.666    28.9961    21.3652 -9.990e-29
 151.582442      1.687  36.191315    14.9191    6.29944      1.673    29.0049    21.3724 -9.990e-29
 151.582448      1.690  36.192917    14.9182    6.29719      1.676    29.0070    21.3742 -9.990e-29
