data/oxygen options/ONMS/Olympic_Coast_National_Marine_Sanctuary_Hypoxia_Survey_CTD_Data_2004_2015/raw_data/2015/CAST_MC042_150724faed.cnv
* Sea-Bird SBE 19 Data File:
* FileName = C:\2015 Mooring Data\Casts\CAST_MC042_150724.hex
* Software Version SeatermAF 2.1.2
* Temperature SN = 2997
* Conductivity SN = 2997
* System UpLoad Time = Jul 24 2015 00:13:37 (localtime) = Jul 24 2015 00:13:37 (UTC)
** CAST_MC042_150724
* ds
# nquan = 9                                 
# nvalues = 1526                        
# units = specified
# name 0 = timeJ: Julian Days
# name 1 = prSM: Pressure, Strain Gauge [db]
# name 2 = c0mS/cm: Conductivity [mS/cm]
# name 3 = t090C: Temperature [ITS-90, deg C]
# name 4 = sbeox0ML/L: Oxygen, SBE 43 [ml/l]
# name 5 = depSM: Depth [salt water, m], lat = 47.5
# name 6 = sal00: Salinity, Practical [PSU]
# name 7 = sigma-é00: Density [sigma-theta, kg/m^3]
# name 8 = flag: flag
# span 0 = 204.997824, 205.006649       
# span 1 =     -5.514,     42.119       
# span 2 =   0.051839,  41.283251       
# span 3 =     7.7957,    18.1460       
# span 4 =    -1.6826,    11.5986       
# span 5 =     -5.468,     41.763       
# span 6 =     0.0324,    33.5493       
# span 7 =    -1.3832,    26.1649       
# span 8 = 0.0000e+00, 0.0000e+00       
# interval = seconds: 0.5
# start_time = Jul 23 2015 23:56:52 [Instrument's time stamp, header]
# bad_flag = -9.990e-29
*END*
[from data line 1281]
 205.005237     28.413  34.779570     8.1557     2.6259     28.174    33.3025    25.9183 -9.990e-29
 205.005243     28.314  34.782537     8.1651     2.6338     28.076    33.2968    25.9124 -9.990e-29
 205.005249     28.211  34.791326     8.1798     2.6330     27.974    33.2922    25.9067 -9.990e-29
 205.005255     28.097  34.801435     8.2022     2.6385     27.861    33.2818    25.8952 -9.990e-29
 205.005260     27.965  34.812365     8.2311     2.6529     27.730    33.2661    25.8785 0.0000e+00
 205.005266     27.819  34.824709     8.2590     2.6679     27.585    33.2528    25.8640 0.0000e+00
 205.005272     27.676  34.837591     8.2797     2.6802     27.443    33.2469    25.8563 0.0000e+00
 205.005278     27.539  34.850853     8.2886     2.7028     27.307    33.2526    25.8594 0.0000e+00
 205.005284     27.408  34.859799     8.2875     2.7222     27.177    33.2632    25.8679 -9.990e-29
 205.005289     27.293  34.864063     8.2909     2.7536     27.063    33.2646    25.8684 -9.990e-29
 205.005295     27.189  34.870480     8.3091     2.7716     26.960    33.2542    25.8576 -9.990e-29
 205.005301     27.083  34.877547     8.3389     2.7960     26.855    33.2336    25.8369 -9.990e-29
 205.005307     26.967  34.889110     8.3736     2.8161     26.740    33.2131    25.8157 -9.990e-29
 205.005313     26.842  34.911655     8.4061     2.8336     26.616    33.2063    25.8055 0.0000e+00
 205.005318     26.709  34.934933     8.4365     2.8472     26.484    33.2023    25.7977 0.0000e+00
 205.005324     26.568  34.951913     8.4699     2.8475     26.345    33.1888    25.7821 0.0000e+00
 205.005330     26.418  34.966220     8.5043     2.8423     26.196    33.1716    25.7634 0.0000e+00
 205.005336     26.264  34.982392     8.5358     2.8301     26.043    33.1591    25.7488 0.0000e+00
 205.005341     26.108  35.003538     8.5649     2.8149     25.888    33.1541    25.7405 0.0000e+00
 205.005347     25.952  35.027070     8.5925     2.8028     25.734    33.1530    25.7354 0.0000e+00
 205.005353     25.804  35.047415     8.6168     2.8016     25.587    33.1516    25.7307 0.0000e+00
 205.005359     25.668  35.062038     8.6346     2.7930     25.452    33.1504    25.7269 0.0000e+00
 205.005365     25.543  35.074779     8.6448     2.7910     25.328    33.1542    25.7284 -9.990e-29
 205.005370     25.431  35.086969     8.6514     2.7822     25.217    33.1609    25.7326 -9.990e-29
 205.005376     25.327  35.094161     8.6594     2.7782     25.114    33.1610    25.7315 -9.990e-29
 205.005382     25.226  35.099813     8.6703     2.7736     25.014    33.1568    25.7265 -9.990e-29
 205.005388     25.126  35.107007     8.6805     2.7730     24.915    33.1548    25.7234 -9.990e-29
 205.005394     25.024  35.113037     8.6867     2.7763     24.814    33.1554    25.7229 -9.990e-29
 205.005399     24.918  35.118689     8.6911     2.7772     24.709    33.1572    25.7236 -9.990e-29
 205.005405     24.810  35.124244     8.6964     2.7859     24.601    33.1581    25.7235 -9.990e-29
 205.005411     24.697  35.129295     8.7022     2.7865     24.489    33.1580    25.7226 -9.990e-29
 205.005417     24.576  35.134442     8.7083     2.7923     24.369    33.1578    25.7214 -9.990e-29
 205.005422     24.449  35.140413     8.7162     2.7986     24.244    33.1567    25.7194 0.0000e+00
 205.005428     24.316  35.148474     8.7274     2.8037     24.112    33.1547    25.7161 0.0000e+00
 205.005434     24.181  35.158198     8.7392     2.8103     23.978    33.1539    25.7136 0.0000e+00
 205.005440     24.049  35.165769     8.7468     2.8139     23.847    33.1548    25.7131 0.0000e+00
 205.005446     23.919  35.170668     8.7515     2.8172     23.718    33.1556    25.7130 0.0000e+00
 205.005451     23.793  35.175534     8.7592     2.8342     23.593    33.1535    25.7102 0.0000e+00
 205.005457     23.665  35.181282     8.7720     2.8467     23.466    33.1476    25.7036 0.0000e+00
 205.005463     23.533  35.188322     8.7862     2.8566     23.335    33.1418    25.6969 0.0000e+00
 205.005469     23.400  35.194863     8.7981     2.8671     23.203    33.1375    25.6917 0.0000e+00
 205.005475     23.272  35.201253     8.8061     2.8761     23.076    33.1368    25.6899 0.0000e+00
 205.005480     23.144  35.208197     8.8106     2.9041     22.950    33.1399    25.6916 0.0000e+00
 205.005486     23.012  35.213778     8.8138     2.9356     22.819    33.1428    25.6934 0.0000e+00
 205.005492     22.877  35.217805     8.8177     3.0104     22.685    33.1434    25.6933 0.0000e+00
 205.005498     22.735  35.221203     8.8239     3.1118     22.544    33.1413    25.6906 0.0000e+00
 205.005503     22.580  35.224865     8.8351     3.2158     22.390    33.1347    25.6837 0.0000e+00
 205.005509     22.415  35.229340     8.8561     3.3084     22.227    33.1198    25.6688 0.0000e+00
 205.005515     22.248  35.236447     8.8921     3.3501     22.061    33.0937    25.6428 0.0000e+00
 205.005521     22.084  35.251316     8.9401     3.3643     21.899    33.0646    25.6125 0.0000e+00
 205.005527     21.931  35.281019     8.9845     3.3868     21.747    33.0543    25.5975 0.0000e+00
 205.005532     21.795  35.319913     9.0080     3.4313     21.612    33.0730    25.6085 -9.990e-29
 205.005538     21.681  35.347155     9.0136     3.5055     21.499    33.0961    25.6257 -9.990e-29
 205.005544     21.581  35.361107     9.0206     3.5831     21.400    33.1042    25.6309 -9.990e-29
 205.005550     21.482  35.368181     9.0382     3.6436     21.302    33.0952    25.6211 -9.990e-29
 205.005556     21.376  35.366173     9.0712     3.6976     21.196    33.0625    25.5904 -9.990e-29
 205.005561     21.265  35.373831     9.1205     3.7594     21.086    33.0247    25.5530 -9.990e-29
 205.005567     21.151  35.402062     9.1734     3.8597     20.973    33.0051    25.5293 -9.990e-29
 205.005573     21.036  35.433732     9.2181     4.0126     20.859    32.9965    25.5155 -9.990e-29
 205.005579     20.915  35.459098     9.2539     4.1821     20.739    32.9897    25.5045 -9.990e-29
 205.005584     20.786  35.480185     9.2853     4.3546     20.611    32.9826    25.4939 0.0000e+00
 205.005590     20.653  35.502275     9.3229     4.5062     20.480    32.9707    25.4787 0.0000e+00
 205.005596     20.521  35.537029     9.3797     4.6194     20.349    32.9543    25.4567 0.0000e+00
 205.005602     20.390  35.584976     9.4546     4.7029     20.219    32.9347    25.4294 0.0000e+00
 205.005608     20.260  35.631736     9.5294     4.7677     20.090    32.9141    25.4012 0.0000e+00
 205.005613     20.131  35.681521     9.5950     4.8200     19.962    32.9051    25.3835 -9.990e-29
 205.005619     20.008  35.742580     9.6461     4.8955     19.840    32.9209    25.3875 -9.990e-29
 205.005625     19.897  35.790565     9.6749     5.0078     19.730    32.9436    25.4006 -9.990e-29
 205.005631     19.793  35.812273     9.7035     5.1483     19.627    32.9397    25.3928 -9.990e-29
 205.005637     19.691  35.835669     9.7593     5.2784     19.526    32.9125    25.3625 -9.990e-29
 205.005642     19.584  35.875274     9.8345     5.3872     19.420    32.8843    25.3280 -9.990e-29
 205.005648     19.470  35.915105     9.9065     5.4435     19.307    32.8592    25.2965 -9.990e-29
 205.005654     19.349  35.959099     9.9867     5.4207     19.187    32.8310    25.2612 -9.990e-29
 205.005660     19.224  36.034124    10.0971     5.3687     19.063    32.8069    25.2239 0.0000e+00
 205.005666     19.098  36.128841    10.2142     5.3912     18.938    32.7966    25.1962 -9.990e-29
 205.005671     18.976  36.214455    10.3018     5.4447     18.817    32.8038    25.1870 -9.990e-29
 205.005677     18.860  36.293754    10.3494     5.5162     18.702    32.8407    25.2077 -9.990e-29
 205.005683     18.750  36.343174    10.3683     5.6106     18.593    32.8733    25.2299 -9.990e-29
 205.005689     18.644  36.330686    10.3886     5.6960     18.488    32.8425    25.2024 -9.990e-29
 205.005694     18.535  36.308153    10.4419     5.7745     18.379    32.7718    25.1382 -9.990e-29
 205.005700     18.421  36.332531    10.5376     5.8698     18.266    32.7102    25.0738 -9.990e-29
 205.005706     18.306  36.393871    10.6614     5.9693     18.152    32.6606    25.0138 -9.990e-29
 205.005712     18.197  36.483314    10.7737     6.0947     18.044    32.6495    24.9857 -9.990e-29
 205.005718     18.091  36.589694    10.8418     6.1890     17.939    32.6945    25.0088 -9.990e-29
 205.005723     17.981  36.667265    10.9232     6.2263     17.830    32.6990    24.9980 -9.990e-29
 205.005729     17.864  36.731622    11.1057     6.2314     17.714    32.6004    24.8891 -9.990e-29
 205.005735     17.742  36.842934    11.3664     6.2192     17.593    32.4798    24.7487 -9.990e-29
 205.005741     17.614  36.979378    11.6122     6.2337     17.466    32.3977    24.6404 0.0000e+00
 205.005747     17.487  37.117919    11.7902     6.2523     17.340    32.3772    24.5919 -9.990e-29
 205.005752     17.369  37.268034    11.8947     6.2660     17.223    32.4317    24.6150 -9.990e-29
 205.005758     17.266  37.411463    11.9356     6.2813     17.121    32.5349    24.6875 -9.990e-29
 205.005764     17.174  37.515965    11.9292     6.2852     17.030    32.6418    24.7716 -9.990e-29
 205.005770     17.088  37.560155    11.9171     6.3337     16.945    32.6952    24.8153 -9.990e-29
 205.005775     17.004  37.576756    11.9559     6.3775     16.861    32.6773    24.7942 -9.990e-29
 205.005781     16.915  37.613821    12.0538     6.3657     16.773    32.6274    24.7372 -9.990e-29
 205.005787     16.815  37.655316    12.1646     6.3695     16.674    32.5708    24.6725 -9.990e-29
 205.005793     16.699  37.686647    12.2564     6.3850     16.559    32.5211    24.6167 -9.990e-29
 205.005799     16.568  37.742466    12.3493     6.3941     16.429    32.4941    24.5782 0.0000e+00
 205.005804     16.430  37.839624    12.4706     6.3963     16.292    32.4822    24.5458 0.0000e+00
 205.005810     16.289  37.945815    12.6072     6.3814     16.152    32.4656    24.5068 0.0000e+00
 205.005816     16.150  38.040773    12.7269     6.3573     16.015    32.4529    24.4739 0.0000e+00
 205.005822     16.016  38.135790    12.8036     6.3679     15.882    32.4771    24.4778 0.0000e+00
 205.005828     15.888  38.188984    12.8521     6.4046     15.755    32.4859    24.4752 -9.990e-29
 205.005833     15.769  38.200250    12.9076     6.4431     15.637    32.4489    24.4357 -9.990e-29
 205.005839     15.662  38.250356    12.9665     6.4695     15.531    32.4458    24.4218 -9.990e-29
 205.005845     15.555  38.331697    13.0191     6.4667     15.425    32.4776    24.4361 -9.990e-29
 205.005851     15.440  38.383013    13.0833     6.4332     15.311    32.4710    24.4184 -9.990e-29
 205.005856     15.320  38.408969    13.1774     6.3913     15.192    32.4151    24.3565 -9.990e-29
 205.005862     15.196  38.434794    13.2920     6.3728     15.069    32.3418    24.2771 -9.990e-29
 205.005868     15.068  38.477697    13.4004     6.4016     14.942    32.2900    24.2155 0.0000e+00
 205.005874     14.936  38.565329    13.4804     6.4387     14.811    32.3041    24.2104 0.0000e+00
 205.005880     14.805  38.676779    13.5276     6.4602     14.681    32.3682    24.2504 0.0000e+00
 205.005885     14.679  38.759542    13.5471     6.4766     14.556    32.4288    24.2934 -9.990e-29
 205.005891     14.555  38.804709    13.5492     6.5032     14.433    32.4692    24.3242 -9.990e-29
 205.005897     14.429  38.824998    13.5660     6.5170     14.308    32.4739    24.3244 0.0000e+00
 205.005903     14.301  38.834716    13.6375     6.5319     14.181    32.4223    24.2701 0.0000e+00
 205.005909     14.169  38.866585    13.7836     6.5139     14.050    32.3284    24.1680 0.0000e+00
 205.005914     14.026  38.953708    13.9784     6.4918     13.908    32.2452    24.0639 0.0000e+00
 205.005920     13.879  39.073358    14.1567     6.4746     13.763    32.2062    23.9971 0.0000e+00
 205.005926     13.733  39.164891    14.2747     6.4703     13.618    32.1918    23.9615 0.0000e+00
 205.005932     13.593  39.234476    14.3384     6.4874     13.479    32.2025    23.9565 0.0000e+00
 205.005937     13.459  39.317324    14.3606     6.4859     13.346    32.2598    23.9961 0.0000e+00
 205.005943     13.330  39.385008    14.3531     6.4974     13.218    32.3280    24.0502 0.0000e+00
 205.005949     13.202  39.406817    14.3468     6.4955     13.091    32.3533    24.0711 0.0000e+00
 205.005955     13.072  39.400202    14.3591     6.4879     12.962    32.3370    24.0559 0.0000e+00
 205.005961     12.940  39.390691    14.3863     6.5169     12.832    32.3056    24.0260 0.0000e+00
 205.005966     12.806  39.394908    14.4296     6.5164     12.699    32.2734    23.9921 0.0000e+00
 205.005972     12.670  39.431522    14.4923     6.5360     12.564    32.2546    23.9645 0.0000e+00
 205.005978     12.532  39.493992    14.5591     6.5474     12.427    32.2561    23.9516 0.0000e+00
 205.005984     12.396  39.550258    14.6062     6.5306     12.292    32.2682    23.9509 0.0000e+00
 205.005990     12.267  39.598125    14.6327     6.5342     12.164    32.2897    23.9620 0.0000e+00
 205.005995     12.139  39.646064    14.6516     6.5449     12.037    32.3176    23.9795 0.0000e+00
 205.006001     12.011  39.674600    14.6746     6.5470     11.910    32.3244    23.9799 0.0000e+00
 205.006007     11.881  39.679317    14.7088     6.5506     11.782    32.3004    23.9540 0.0000e+00
 205.006013     11.746  39.686844    14.7510     6.5365     11.648    32.2722    23.9234 0.0000e+00
 205.006019     11.601  39.714657    14.7959     6.5230     11.504    32.2603    23.9046 0.0000e+00
 205.006024     11.447  39.754017    14.8391     6.5280     11.351    32.2602    23.8953 0.0000e+00
 205.006030     11.286  39.789708    14.8763     6.5553     11.192    32.2617    23.8886 0.0000e+00
 205.006036     11.129  39.822937    14.9059     6.5664     11.036    32.2673    23.8866 0.0000e+00
 205.006042     10.983  39.862840    14.9248     6.5448     10.891    32.2878    23.8983 0.0000e+00
 205.006047     10.843  39.891002    14.9310     6.5197     10.752    32.3081    23.9126 0.0000e+00
 205.006053     10.701  39.890732    14.9345     6.5058     10.611    32.3050    23.9095 0.0000e+00
 205.006059     10.547  39.885376    14.9501     6.5096     10.459    32.2873    23.8925 0.0000e+00
 205.006065     10.380  39.892056    14.9834     6.5187     10.293    32.2659    23.8689 0.0000e+00
 205.006071     10.211  39.915903    15.0264     6.5201     10.126    32.2520    23.8489 0.0000e+00
 205.006076     10.051  39.963631    15.0615     6.5249      9.967    32.2660    23.8522 0.0000e+00
 205.006082      9.902  40.008754    15.0769     6.5156      9.819    32.2940    23.8704 0.0000e+00
 205.006088      9.759  40.021873    15.0835     6.5031      9.677    32.3004    23.8739 0.0000e+00
 205.006094      9.617  40.018396    15.0992     6.4961      9.537    32.2844    23.8581 0.0000e+00
 205.006100      9.480  40.020196    15.1283     6.5055      9.401    32.2620    23.8347 0.0000e+00
 205.006105      9.352  40.029824    15.1644     6.5251      9.274    32.2410    23.8107 -9.990e-29
 205.006111      9.234  40.047374    15.1978     6.5361      9.157    32.2293    23.7944 -9.990e-29
 205.006117      9.122  40.074531    15.2270     6.5385      9.046    32.2297    23.7884 -9.990e-29
 205.006123      9.010  40.113458    15.2642     6.5486      8.935    32.2341    23.7837 -9.990e-29
 205.006128      8.893  40.161260    15.3208     6.5582      8.819    32.2304    23.7686 -9.990e-29
 205.006134      8.770  40.206122    15.3888     6.5793      8.697    32.2148    23.7417 -9.990e-29
 205.006140      8.637  40.239040    15.4468     6.5950      8.565    32.1967    23.7151 0.0000e+00
 205.006146      8.497  40.255840    15.4857     6.5924      8.426    32.1799    23.6937 0.0000e+00
 205.006152      8.360  40.267874    15.5136     6.5928      8.290    32.1679    23.6783 0.0000e+00
