data/oxygen options/ONMS/Olympic_Coast_National_Marine_Sanctuary_Hypoxia_Survey_CTD_Data_2004_2015/raw_data/2015/CAST_MC042_150724faed.cnv
* Sea-Bird SBE 19 Data File:
* FileName = C:\2015 Mooring Data\Casts\CAST_MC042_150724.hex
* Software Version SeatermAF 2.1.2
* Temperature SN = 2997
* Conductivity SN = 2997
* System UpLoad Time = Jul 24 2015 00:13:37 (localtime) = Jul 24 2015 00:13:37 (UTC)
** CAST_MC042_150724
* ds
# nquan = 9                                 
# nvalues = 1526                        
# units = specified
# name 0 = timeJ: Julian Days
# name 1 = prSM: Pressure, Strain Gauge [db]
# name 2 = c0mS/cm: Conductivity [mS/cm]
# name 3 = t090C: Temperature [ITS-90, deg C]
# name 4 = sbeox0ML/L: Oxygen, SBE 43 [ml/l]
# name 5 = depSM: Depth [salt water, m], lat = 47.5
# name 6 = sal00: Salinity, Practical [PSU]
# name 7 = sigma-é00: Density [sigma-theta, kg/m^3]
# name 8 = flag: flag
# span 0 = 204.997824, 205.006649       
# span 1 =     -5.514,     42.119       
# span 2 =   0.051839,  41.283251       
# span 3 =     7.7957,    18.1460       
# span 4 =    -1.6826,    11.5986       
# span 5 =     -5.468,     41.763       
# span 6 =     0.0324,    33.5493       
# span 7 =    -1.3832,    26.1649       
# span 8 = 0.0000e+00, 0.0000e+00       
# interval = seconds: 0.5
# start_time = Jul 23 2015 23:56:52 [Instrument's time stamp, header]
# bad_flag = -9.990e-29
*END*
[from data line 641]
 205.001534     -0.027   0.061796    17.4837    -1.6784     -0.027     0.0377    -1.2801 -9.990e-29
 205.001539     -0.020   0.061673    17.4894    -1.6783     -0.020     0.0376    -1.2812 -9.990e-29
 205.001545     -0.018   0.061303    17.4958    -1.6782     -0.018     0.0374    -1.2825 -9.990e-29
 205.001551     -0.016   0.060747    17.5016    -1.6781     -0.016     0.0371    -1.2838 -9.990e-29
 205.001557     -0.018   0.060376    17.5056    -1.6781     -0.018     0.0369    -1.2846 -9.990e-29
 205.001563     -0.028   0.060249    17.5083    -1.6780     -0.028     0.0369    -1.2852 -9.990e-29
 205.001568     -0.043   0.060198    17.5107    -1.6779     -0.043     0.0369    -1.2856 -9.990e-29
 205.001574     -0.056   0.060152    17.5120    -1.6778     -0.056     0.0368    -1.2859 -9.990e-29
 205.001580     -0.062   0.060052    17.5120    -1.6778     -0.061     0.0368    -1.2859 -9.990e-29
 205.001586     -0.063   0.059763    17.5126    -1.6780     -0.062     0.0366    -1.2861 -9.990e-29
 205.001591     -0.058   0.059454    17.5148    -1.6781     -0.058     0.0365    -1.2867 -9.990e-29
 205.001597     -0.051   0.059270    17.5174    -1.6783     -0.051     0.0364    -1.2872 -9.990e-29
 205.001603     -0.046   0.058962    17.5196    -1.6786     -0.046     0.0362    -1.2877 -9.990e-29
 205.001609     -0.039   0.058674    17.5218    -1.6788     -0.039     0.0361    -1.2882 -9.990e-29
 205.001615     -0.029   0.058578    17.5241    -1.6790     -0.029     0.0360    -1.2887 -9.990e-29
 205.001620     -0.023   0.058546    17.5262    -1.6789     -0.023     0.0360    -1.2891 -9.990e-29
 205.001626     -0.022   0.058536    17.5276    -1.6788     -0.022     0.0360    -1.2893 -9.990e-29
 205.001632     -0.018   0.058532    17.5271    -1.6788     -0.018     0.0360    -1.2892 -9.990e-29
 205.001638     -0.008   0.058531    17.5243    -1.6787     -0.008     0.0360    -1.2887 -9.990e-29
 205.001644      0.002   0.058531    17.5199    -1.6788      0.002     0.0360    -1.2879 -9.990e-29
 205.001649      0.013   0.058531    17.5141    -1.6789      0.013     0.0360    -1.2869 -9.990e-29
 205.001655      0.022   0.058532    17.5077    -1.6792      0.022     0.0360    -1.2857 -9.990e-29
 205.001661      0.024   0.058532    17.5020    -1.6795      0.024     0.0360    -1.2847 -9.990e-29
 205.001667      0.021   0.058532    17.4985    -1.6798      0.021     0.0360    -1.2841 -9.990e-29
 205.001672      0.012   0.058532    17.4976    -1.6796      0.012     0.0360    -1.2839 -9.990e-29
 205.001678      0.001   0.058532    17.4986    -1.6795      0.001     0.0360    -1.2841 -9.990e-29
 205.001684     -0.005   0.058531    17.4998    -1.6794     -0.005     0.0360    -1.2843 -9.990e-29
 205.001690     -0.006   0.058526    17.4996    -1.6791     -0.006     0.0360    -1.2843 -9.990e-29
 205.001696     -0.006   0.058513    17.4971    -1.6790     -0.006     0.0360    -1.2839 -9.990e-29
 205.001701     -0.005   0.058472    17.4924    -1.6790     -0.005     0.0360    -1.2830 -9.990e-29
 205.001707     -0.003   0.058349    17.4862    -1.6790     -0.003     0.0359    -1.2820 -9.990e-29
 205.001713      0.004   0.057979    17.4801    -1.6790      0.004     0.0357    -1.2810 -9.990e-29
 205.001719      0.016   0.057424    17.4765    -1.6790      0.016     0.0354    -1.2806 -9.990e-29
 205.001725      0.027   0.057054    17.4768    -1.6791      0.027     0.0352    -1.2808 -9.990e-29
 205.001730      0.036   0.056930    17.4800    -1.6794      0.036     0.0352    -1.2814 -9.990e-29
 205.001736      0.048   0.056889    17.4843    -1.6796      0.048     0.0351    -1.2822 -9.990e-29
 205.001742      0.061   0.056874    17.4889    -1.6800      0.060     0.0351    -1.2830 -9.990e-29
 205.001748      0.070   0.056865    17.4924    -1.6802      0.069     0.0351    -1.2837 -9.990e-29
 205.001753      0.076   0.056850    17.4940    -1.6805      0.075     0.0351    -1.2840 -9.990e-29
 205.001759      0.080   0.056809    17.4943    -1.6806      0.079     0.0351    -1.2840 -9.990e-29
 205.001765      0.081   0.056688    17.4938    -1.6806      0.080     0.0350    -1.2840 -9.990e-29
 205.001771      0.081   0.056324    17.4916    -1.6805      0.080     0.0348    -1.2837 -9.990e-29
 205.001777      0.078   0.055786    17.4874    -1.6805      0.077     0.0346    -1.2832 -9.990e-29
 205.001782      0.076   0.055465    17.4815    -1.6803      0.075     0.0344    -1.2823 -9.990e-29
 205.001788      0.081   0.055491    17.4740    -1.4066      0.080     0.0344    -1.2809 -9.990e-29
 205.001794      0.088   0.055897    17.4658    -1.4028      0.087     0.0346    -1.2793 -9.990e-29
 205.001800      0.097   0.057223    17.4583    -1.4062      0.096     0.0353    -1.2774 -9.990e-29
 205.001806      0.114   0.061237    17.4519    -1.4068      0.113     0.0374    -1.2746 -9.990e-29
 205.001811      0.135   0.073292    17.4475    -1.4074      0.134     0.0437    -1.2690 -9.990e-29
 205.001817      0.157   0.109459    17.4448    -1.4085      0.156     0.0631    -1.2536 -9.990e-29
 205.001823      0.182   0.217962    17.4411    -1.4067      0.180     0.1230    -1.2067 -9.990e-29
 205.001829      0.211   0.543471    17.4298    -1.4054      0.209     0.3108    -1.0602 -9.990e-29
 205.001834      0.246   1.519996    17.3921    -1.4060      0.244     0.9062    -0.5961 -9.990e-29
 205.001840      0.289   4.449571    17.2717    -1.4061      0.287     2.8259     0.8953 -9.990e-29
 205.001846      0.344  13.238852    17.0520    -1.4055      0.341     9.1522     5.7618 -9.990e-29
 205.001852      0.412  26.623090    16.8370    -1.4055      0.409    19.6952    13.8409 -9.990e-29
 205.001858      0.496  35.914490    16.7106    -1.4054      0.492    27.4883    19.8233 -9.990e-29
 205.001863      0.586  39.291783    16.6560    -1.4054      0.581    30.4161    22.0781 -9.990e-29
 205.001869      0.672  40.466045    16.6394    -1.4056      0.666    31.4434    22.8695 -9.990e-29
 205.001875      0.746  40.849232    16.6441    -1.4062      0.740    31.7718    23.1203 -9.990e-29
 205.001881      0.809  40.983104    16.6515    -1.4060      0.802    31.8820    23.2031 -9.990e-29
 205.001887      0.865  41.078125    16.6478    -1.4064      0.858    31.9674    23.2695 -9.990e-29
 205.001892      0.917  41.153280    16.6431    -1.4057      0.909    32.0364    23.3235 -9.990e-29
 205.001898      0.964  41.197141    16.6460    -1.4064      0.956    32.0721    23.3503 -9.990e-29
 205.001904      1.002  41.226668    16.6480    -1.4061      0.994    32.0962    23.3682 -9.990e-29
 205.001910      1.027  41.247002    16.6445    -1.4059      1.018    32.1166    23.3847 -9.990e-29
 205.001916      1.041  41.261129    16.6379    -1.4061      1.032    32.1342    23.3997 -9.990e-29
 205.001921      1.046  41.274415    16.6291    -1.4059      1.037    32.1528    23.4160 -9.990e-29
 205.001927      1.046  41.283251    16.6187    -1.4060      1.037    32.1688    23.4307 -9.990e-29
 205.001933      1.050  41.280899    16.6109    -1.4061      1.041    32.1731    23.4357 -9.990e-29
 205.001939      1.061  41.277682    16.6117    -1.4063      1.052    32.1696    23.4329 -9.990e-29
 205.001944      1.077  41.279402    16.6180    -1.4062      1.068    32.1660    23.4287 -9.990e-29
 205.001950      1.090  41.274879    16.6200    -1.4059      1.081    32.1605    23.4240 -9.990e-29
 205.001956      1.096  41.262003    16.6166    -1.4060      1.087    32.1520    23.4183 -9.990e-29
 205.001962      1.096  41.253338    16.6131    -1.4061      1.087    32.1473    23.4155 -9.990e-29
 205.001968      1.095  41.263129    16.6136    -1.4063      1.086    32.1554    23.4216 -9.990e-29
 205.001973      1.100  41.277499    16.6174    -1.4075      1.091    32.1649    23.4280 -9.990e-29
 205.001979      1.112  41.279135    16.6184    -1.4068      1.103    32.1655    23.4282 -9.990e-29
 205.001985      1.123  41.273019    16.6144    -1.4064      1.114    32.1634    23.4275 -9.990e-29
 205.001991      1.129  41.267821    16.6113    -1.4064      1.120    32.1613    23.4267 -9.990e-29
 205.001997      1.132  41.268387    16.6138    -1.4064      1.123    32.1598    23.4249 -9.990e-29
 205.002002      1.130  41.268733    16.6177    -1.4068      1.121    32.1570    23.4218 -9.990e-29
 205.002008      1.125  41.265947    16.6169    -1.4066      1.116    32.1552    23.4207 -9.990e-29
 205.002014      1.119  41.263603    16.6124    -1.4064      1.110    32.1568    23.4229 -9.990e-29
 205.002020      1.122  41.260255    16.6087    -1.4066      1.113    32.1568    23.4238 -9.990e-29
 205.002025      1.133  41.250922    16.6086    -1.4069      1.124    32.1488    23.4177 -9.990e-29
 205.002031      1.140  41.223333    16.6105    -1.4072      1.130    32.1233    23.3977 -9.990e-29
 205.002037      1.136  41.191475    16.6104    -1.4067      1.127    32.0957    23.3765 -9.990e-29
 205.002043      1.123  41.192816    16.6068    -1.4066      1.114    32.0997    23.3804 -9.990e-29
 205.002049      1.110  41.217069    16.6015    -1.4065      1.101    32.1251    23.4011 -9.990e-29
 205.002054      1.105  41.234009    16.5982    -1.4066      1.096    32.1425    23.4152 -9.990e-29
 205.002060      1.111  41.238999    16.5987    -1.4070      1.102    32.1464    23.4181 -9.990e-29
 205.002066      1.125  41.237274    16.5999    -1.4071      1.116    32.1439    23.4159 -9.990e-29
 205.002072      1.139  41.237457    16.5993    -1.4070      1.129    32.1446    23.4165 -9.990e-29
 205.002078      1.150  41.238374    16.5987    -1.4066      1.140    32.1458    23.4177 -9.990e-29
 205.002083      1.158  41.229732    16.5997    -1.4067      1.148    32.1375    23.4110 -9.990e-29
 205.002089      1.163  41.212053    16.6014    -1.4067      1.153    32.1208    23.3978 -9.990e-29
 205.002095      1.167  41.203543    16.6025    -1.4072      1.157    32.1125    23.3912 -9.990e-29
 205.002101      1.169  41.212754    16.6023    -1.4072      1.159    32.1207    23.3975 -9.990e-29
 205.002106      1.169  41.224746    16.6006    -1.4070      1.159    32.1325    23.4070 -9.990e-29
 205.002112      1.168  41.228849    16.5989    -1.4071      1.158    32.1374    23.4111 -9.990e-29
 205.002118      1.166  41.221261    16.5988    -1.4075      1.156    32.1309    23.4062 -9.990e-29
 205.002124      1.162  41.203908    16.6002    -1.4081      1.152    32.1147    23.3934 -9.990e-29
 205.002130      1.155  41.193186    16.6007    -1.4079      1.145    32.1049    23.3858 -9.990e-29
 205.002135      1.147  41.199182    16.5988    -1.4073      1.137    32.1117    23.3914 -9.990e-29
 205.002141      1.135  41.212208    16.5957    -1.4071      1.126    32.1255    23.4027 -9.990e-29
 205.002147      1.128  41.218484    16.5936    -1.4071      1.119    32.1326    23.4087 -9.990e-29
 205.002153      1.135  41.212620    16.5926    -1.4078      1.126    32.1283    23.4056 -9.990e-29
 205.002159      1.146  41.198844    16.5904    -1.4080      1.136    32.1181    23.3983 -9.990e-29
 205.002164      1.154  41.191585    16.5873    -1.4083      1.144    32.1143    23.3961 -9.990e-29
 205.002170      1.159  41.193208    16.5861    -1.4075      1.149    32.1167    23.3982 -9.990e-29
 205.002176      1.163  41.184266    16.5866    -1.4073      1.153    32.1085    23.3918 -9.990e-29
 205.002182      1.164  41.153661    16.5866    -1.4070      1.154    32.0819    23.3714 -9.990e-29
 205.002187      1.164  41.124792    16.5861    -1.4070      1.154    32.0572    23.3525 -9.990e-29
 205.002193      1.161  41.130108    16.5858    -1.4071      1.151    32.0620    23.3563 -9.990e-29
 205.002199      1.161  41.159012    16.5858    -1.4069      1.151    32.0872    23.3756 -9.990e-29
 205.002205      1.168  41.176831    16.5866    -1.4080      1.158    32.1020    23.3868 -9.990e-29
 205.002211      1.177  41.164959    16.5883    -1.4080      1.167    32.0903    23.3775 -9.990e-29
 205.002216      1.181  41.130268    16.5901    -1.4083      1.171    32.0587    23.3528 -9.990e-29
 205.002222      1.176  41.098002    16.5916    -1.4072      1.166    32.0295    23.3300 -9.990e-29
 205.002228      1.165  41.093270    16.5928    -1.4070      1.155    32.0244    23.3258 -9.990e-29
 205.002234      1.153  41.120684    16.5933    -1.4074      1.143    32.0478    23.3437 -9.990e-29
 205.002240      1.142  41.154805    16.5932    -1.4079      1.132    32.0776    23.3665 -9.990e-29
 205.002245      1.141  41.177452    16.5938    -1.4083      1.131    32.0968    23.3812 -9.990e-29
 205.002251      1.149  41.187116    16.5951    -1.4076      1.139    32.1041    23.3865 -9.990e-29
 205.002257      1.159  41.182925    16.5960    -1.4070      1.149    32.0998    23.3829 -9.990e-29
 205.002263      1.167  41.156192    16.5969    -1.4069      1.157    32.0758    23.3643 -9.990e-29
 205.002269      1.173  41.111359    16.5984    -1.4069      1.163    32.0356    23.3332 -9.990e-29
 205.002274      1.177  41.080332    16.5995    -1.4071      1.167    32.0078    23.3116 -9.990e-29
 205.002280      1.181  41.085945    16.5989     8.7152      1.171    32.0131    23.3158 -9.990e-29
 205.002286      1.184  41.120245    16.5979    11.2085      1.174    32.0438    23.3395 -9.990e-29
 205.002292      1.186  41.140613    16.5978    11.5986      1.176    32.0615    23.3532 -9.990e-29
 205.002297      1.188  41.123434    16.5984    10.2181      1.178    32.0461    23.3412 -9.990e-29
 205.002303      1.190  41.091496    16.5994     6.8963      1.180    32.0176    23.3191 -9.990e-29
 205.002309      1.192  41.082117    16.6003     6.8885      1.182    32.0087    23.3121 -9.990e-29
 205.002315      1.193  41.112781    16.6001     6.9592      1.183    32.0355    23.3327 -9.990e-29
 205.002321      1.195  41.155655    16.5993     6.9277      1.185    32.0734    23.3620 -9.990e-29
 205.002326      1.196  41.180679    16.5988     6.8838      1.186    32.0956    23.3791 -9.990e-29
 205.002332      1.198  41.188393    16.5986     6.8433      1.188    32.1024    23.3844 -9.990e-29
 205.002338      1.195  41.192153    16.5983     6.7987      1.185    32.1059    23.3871 -9.990e-29
 205.002344      1.185  41.198919    16.5983     6.7737      1.175    32.1118    23.3917 -9.990e-29
 205.002350      1.169  41.203955    16.5989     6.7524      1.159    32.1157    23.3945 -9.990e-29
 205.002355      1.156  41.204709    16.6000     6.7486      1.146    32.1155    23.3941 -9.990e-29
 205.002361      1.154  41.203573    16.6012     6.7524      1.144    32.1136    23.3923 -9.990e-29
 205.002367      1.162  41.202100    16.6025     6.7435      1.152    32.1112    23.3902 -9.990e-29
 205.002373      1.173  41.200838    16.6042     6.7296      1.163    32.1088    23.3880 -9.990e-29
 205.002378      1.182  41.200049    16.6060     6.7037      1.172    32.1066    23.3859 -9.990e-29
 205.002384      1.191  41.200070    16.6071     6.6959      1.181    32.1058    23.3850 -9.990e-29
 205.002390      1.200  41.200070    16.6075     6.7167      1.190    32.1055    23.3847 -9.990e-29
 205.002396      1.209  41.199194    16.6079     6.7297      1.199    32.1044    23.3837 -9.990e-29
 205.002402      1.214  41.197659    16.6082     6.7358      1.204    32.1028    23.3825 -9.990e-29
 205.002407      1.213  41.195927    16.6083     6.7319      1.203    32.1012    23.3812 -9.990e-29
 205.002413      1.208  41.194199    16.6082     6.7341      1.198    32.0998    23.3801 -9.990e-29
 205.002419      1.205  41.192679    16.6083     6.7392      1.195    32.0984    23.3790 -9.990e-29
 205.002425      1.202  41.191849    16.6091     6.7348      1.192    32.0970    23.3778 -9.990e-29
 205.002431      1.200  41.191989    16.6102     6.7375      1.190    32.0963    23.3770 -9.990e-29
 205.002436      1.198  41.192427    16.6110     6.7290      1.188    32.0960    23.3766 -9.990e-29
 205.002442      1.197  41.192330    16.6115     6.7217      1.187    32.0955    23.3761 -9.990e-29
 205.002448      1.195  41.191834    16.6119     6.7269      1.185    32.0948    23.3754 -9.990e-29
