data/oxygen options/ONMS/Olympic_Coast_National_Marine_Sanctuary_Hypoxia_Survey_CTD_Data_2004_2015/raw_data/2015/CAST_HH042_150529faed.cnv
* Sea-Bird SBE19 Data File:
* FileName = C:\2015 Mooring Data\Casts\CAST_HH042_150529.hex
* Software Version 1.59
* Temperature SN = 2997
* Conductivity SN = 2997
* System UpLoad Time = May 29 2015 01:33:29
** CAST_HH042_150529
* ds
# nquan = 9                                 
# nvalues = 1664                        
# units = specified
# name 0 = timeJ: Julian Days
# name 1 = prSM: Pressure, Strain Gauge [db]
# name 2 = c0mS/cm: Conductivity [mS/cm]
# name 3 = t090C: Temperature [ITS-90, deg C]
# name 4 = sbeox0ML/L: Oxygen, SBE 43 [ml/l]
# name 5 = depSM: Depth [salt water, m], lat = 47.5
# name 6 = sal00: Salinity, Practical [PSU]
# name 7 = sigma-é00: Density [sigma-theta, kg/m^3]
# name 8 = flag: flag
# span 0 = 149.054120, 149.063744       
# span 1 =     -4.932,     41.168       
# span 2 =   0.200522,  37.349690       
# span 3 =     7.8380,    12.6702       
# span 4 =   -10.5014,    13.8155       
# span 5 =     -4.891,     40.820       
# span 6 =     0.1289,    33.3579       
# span 7 =    -0.3823,    26.0073       
# span 8 = 0.0000e+00, 0.0000e+00       
# interval = seconds: 0.5
# start_time = May 29 2015 01:17:56 [Instrument's time stamp, header]
# bad_flag = -9.990e-29
*END*
 149.054120     -4.932 -9.990e-29    11.5464    -1.8978     -4.891 -9.990e-29 -9.990e-29 -9.990e-29
 149.054126     -4.913   0.235470    11.5460    -1.8978     -4.872     0.1522    -0.3308 -9.990e-29
 149.054132     -4.888   0.235450    11.5455    -1.8979     -4.847     0.1522    -0.3307 -9.990e-29
 149.054138     -4.857   0.235391    11.5458    -1.8979     -4.817     0.1522    -0.3308 -9.990e-29
 149.054144     -4.820   0.235213    11.5465    -1.8979     -4.780     0.1521    -0.3310 -9.990e-29
 149.054149     -4.785   0.234863    11.5467    -1.8982     -4.745     0.1518    -0.3312 -9.990e-29
 149.054155     -4.754   0.234430    11.5457    -1.8983     -4.714     0.1515    -0.3313 -9.990e-29
 149.054161     -4.723   0.234080    11.5438    -1.8983     -4.684     0.1513    -0.3312 -9.990e-29
 149.054167     -4.693   0.233901    11.5418    -1.8983     -4.654     0.1512    -0.3311 -9.990e-29
 149.054172     -4.660   0.233840    11.5403    -1.8982     -4.621     0.1512    -0.3310 -9.990e-29
 149.054178     -4.627   0.233815    11.5389    -1.8982     -4.588     0.1512    -0.3308 -9.990e-29
 149.054184     -4.596   0.233794    11.5378    -1.8982     -4.558     0.1512    -0.3307 -9.990e-29
 149.054190     -4.561   0.233750    11.5371    -1.8983     -4.523     0.1511    -0.3307 -9.990e-29
 149.054196     -4.519   0.233624    11.5358    -1.8983     -4.481     0.1510    -0.3306 -9.990e-29
 149.054201     -4.476   0.233248    11.5336    -1.8981     -4.439     0.1508    -0.3305 -9.990e-29
 149.054207     -4.439   0.232679    11.5313    -1.8980     -4.402     0.1504    -0.3306 -9.990e-29
 149.054213     -4.410   0.232267    11.5301    -1.8978     -4.373     0.1502    -0.3306 -9.990e-29
 149.054219     -4.381   0.232020    11.5303    -1.8978     -4.344     0.1500    -0.3308 -9.990e-29
 149.054225     -4.347   0.231608    11.5313    -1.8978     -4.311     0.1497    -0.3311 -9.990e-29
 149.054230     -4.310   0.231038    11.5319    -1.8978     -4.274     0.1494    -0.3315 -9.990e-29
 149.054236     -4.276   0.230661    11.5317    -1.8977     -4.240     0.1491    -0.3317 -9.990e-29
 149.054242     -4.248   0.230531    11.5314    -1.8977     -4.213     0.1490    -0.3317 -9.990e-29
 149.054248     -4.223   0.230475    11.5324    -1.8976     -4.188     0.1490    -0.3318 -9.990e-29
 149.054253     -4.201   0.230420    11.5351    -1.8974     -4.166     0.1489    -0.3322 -9.990e-29
 149.054259     -4.179   0.230291    11.5384    -1.8972     -4.144     0.1488    -0.3326 -9.990e-29
 149.054265     -4.156   0.229919    11.5410    -1.8971     -4.121     0.1486    -0.3331 -9.990e-29
 149.054271     -4.131   0.229361    11.5423    -1.8970     -4.097     0.1482    -0.3335 -9.990e-29
 149.054277     -4.102   0.228985    11.5430    -1.8968     -4.068     0.1480    -0.3338 -9.990e-29
 149.054282     -4.068   0.228847    11.5441    -1.8967     -4.034     0.1479    -0.3340 -9.990e-29
 149.054288     -4.030   0.228765    11.5457    -1.8967     -3.996     0.1478    -0.3342 -9.990e-29
 149.054294     -3.994   0.228627    11.5478    -1.8967     -3.961     0.1477    -0.3345 -9.990e-29
 149.054300     -3.963   0.228252    11.5506    -1.8967     -3.930     0.1475    -0.3350 -9.990e-29
 149.054306     -3.935   0.227696    11.5540    -1.8964     -3.902     0.1471    -0.3357 -9.990e-29
 149.054311     -3.907   0.227328    11.5574    -1.8963     -3.874     0.1468    -0.3362 -9.990e-29
 149.054317     -3.879   0.227213    11.5608    -1.8961     -3.847     0.1467    -0.3367 -9.990e-29
 149.054323     -3.848   0.227199    11.5644    -1.8960     -3.816     0.1467    -0.3371 -9.990e-29
 149.054329     -3.812   0.227267    11.5678    -1.8959     -3.780     0.1468    -0.3374 -9.990e-29
 149.054334     -3.773   0.227509    11.5703    -1.8957     -3.742     0.1469    -0.3376 -9.990e-29
 149.054340     -3.738   0.227692    11.5716    -1.8956     -3.707     0.1470    -0.3376 -9.990e-29
 149.054346     -3.708   0.227506    11.5725    -1.8954     -3.677     0.1469    -0.3378 -9.990e-29
 149.054352     -3.682   0.227259    11.5745    -1.8955     -3.651     0.1467    -0.3382 -9.990e-29
 149.054358     -3.658   0.227177    11.5778    -1.8954     -3.628     0.1467    -0.3386 -9.990e-29
 149.054363     -3.634   0.227149    11.5815    -1.8952     -3.604     0.1466    -0.3390 -9.990e-29
 149.054369     -3.608   0.227139    11.5852    -1.8950     -3.578     0.1466    -0.3394 -9.990e-29
 149.054375     -3.580   0.227137    11.5888    -1.8949     -3.550     0.1466    -0.3398 -9.990e-29
 149.054381     -3.547   0.227139    11.5925    -1.8947     -3.517     0.1466    -0.3403 -9.990e-29
 149.054387     -3.512   0.227147    11.5960    -1.8944     -3.483     0.1466    -0.3406 -9.990e-29
 149.054392     -3.480   0.227174    11.5989    -1.8943     -3.451     0.1466    -0.3410 -9.990e-29
 149.054398     -3.455   0.227256    11.6012    -1.8941     -3.426     0.1466    -0.3412 -9.990e-29
 149.054404     -3.434   0.227502    11.6032    -1.8941     -3.405     0.1468    -0.3413 -9.990e-29
 149.054410     -3.416   0.227687    11.6057    -1.8940     -3.388     0.1469    -0.3415 -9.990e-29
 149.054416     -3.400   0.227501    11.6091    -1.8941     -3.372     0.1468    -0.3419 -9.990e-29
 149.054421     -3.385   0.227254    11.6128    -1.8941     -3.357     0.1466    -0.3425 -9.990e-29
 149.054427     -3.371   0.227172    11.6164    -1.8945     -3.343     0.1465    -0.3429 -9.990e-29
 149.054433     -3.355   0.227144    11.6205    -1.8946     -3.327     0.1465    -0.3434 -9.990e-29
 149.054439     -3.338   0.227134    11.6252    -1.8946     -3.310     0.1465    -0.3439 -9.990e-29
 149.054444     -3.318   0.227129    11.6294    -1.8948     -3.290     0.1464    -0.3444 -9.990e-29
 149.054450     -3.293   0.227123    11.6327    -1.8949     -3.266     0.1464    -0.3448 -9.990e-29
 149.054456     -3.263   0.227109    11.6351    -1.8954     -3.236     0.1464    -0.3451 -9.990e-29
 149.054462     -3.229   0.227068    11.6361    -1.8959     -3.202     0.1464    -0.3452 -9.990e-29
 149.054468     -3.199   0.226947    11.6355    -1.8961     -3.172     0.1463    -0.3452 -9.990e-29
 149.054473     -3.173   0.226586    11.6330    -1.8964     -3.147     0.1461    -0.3451 -9.990e-29
 149.054479     -3.152   0.226057    11.6287    -1.8965     -3.126     0.1457    -0.3449 -9.990e-29
 149.054485     -3.132   0.225769    11.6250    -1.8965     -3.106     0.1456    -0.3446 -9.990e-29
 149.054491     -3.114   0.225892    11.6223    -1.8967     -3.088     0.1457    -0.3442 -9.990e-29
 149.054497     -3.096   0.226036    11.6187    -1.8967     -3.070     0.1458    -0.3438 -9.990e-29
 149.054502     -3.076   0.225836    11.6131    -1.8967     -3.050     0.1457    -0.3432 -9.990e-29
 149.054508     -3.054   0.225583    11.6054    -1.8967     -3.029     0.1455    -0.3425 -9.990e-29
 149.054514     -3.033   0.225494    11.5972    -1.8967     -3.008     0.1455    -0.3416 -9.990e-29
 149.054520     -3.015   0.225452    11.5905    -1.8967     -2.990     0.1455    -0.3409 -9.990e-29
 149.054525     -2.994   0.225401    11.5855    -1.8967     -2.969     0.1455    -0.3404 -9.990e-29
 149.054531     -2.971   0.225273    11.5822    -1.8970     -2.946     0.1454    -0.3401 -9.990e-29
 149.054537     -2.951   0.224900    11.5802    -1.8972     -2.926     0.1452    -0.3400 -9.990e-29
 149.054543     -2.933   0.224339    11.5789    -1.8973     -2.909     0.1448    -0.3402 -9.990e-29
 149.054549     -2.913   0.223954    11.5782    -1.8973     -2.889     0.1445    -0.3403 -9.990e-29
 149.054554     -2.892   0.223788    11.5778    -1.8972     -2.868     0.1444    -0.3403 -9.990e-29
 149.054560     -2.875   0.223618    11.5774    -1.8972     -2.851     0.1443    -0.3404 -9.990e-29
 149.054566     -2.859   0.223220    11.5772    -1.8972     -2.835     0.1441    -0.3406 -9.990e-29
 149.054572     -2.844   0.222618    11.5768    -1.8971     -2.820     0.1437    -0.3408 -9.990e-29
 149.054578     -2.830   0.222123    11.5751    -1.8971     -2.806     0.1434    -0.3409 -9.990e-29
 149.054583     -2.814   0.221628    11.5716    -1.8970     -2.791     0.1430    -0.3407 -9.990e-29
 149.054589     -2.796   0.221031    11.5678    -1.8970     -2.773     0.1427    -0.3406 -9.990e-29
 149.054595     -2.775   0.220647    11.5657    -1.8966     -2.752     0.1424    -0.3406 -9.990e-29
 149.054601     -2.750   0.220518    11.5656    -1.8966     -2.727     0.1423    -0.3406 -9.990e-29
 149.054606     -2.723   0.220473    11.5665    -1.8964     -2.700     0.1423    -0.3408 -9.990e-29
 149.054612     -2.696   0.220454    11.5672    -1.8963     -2.674     0.1423    -0.3409 -9.990e-29
 149.054618     -2.669   0.220435    11.5678    -1.8965     -2.647     0.1423    -0.3409 -9.990e-29
 149.054624     -2.643   0.220392    11.5688    -1.8965     -2.621     0.1422    -0.3411 -9.990e-29
 149.054630     -2.622   0.220268    11.5702    -1.8965     -2.600     0.1422    -0.3413 -9.990e-29
 149.054635     -2.604   0.219897    11.5722    -1.8966     -2.582     0.1419    -0.3417 -9.990e-29
 149.054641     -2.587   0.219342    11.5753    -1.8965     -2.565     0.1415    -0.3423 -9.990e-29
 149.054647     -2.571   0.218972    11.5793    -1.8964     -2.550     0.1413    -0.3430 -9.990e-29
 149.054653     -2.555   0.218851    11.5829    -1.8964     -2.534     0.1412    -0.3434 -9.990e-29
 149.054659     -2.542   0.218819    11.5853    -1.8966     -2.521     0.1412    -0.3437 -9.990e-29
 149.054664     -2.536   0.218832    11.5860    -1.8966     -2.515     0.1412    -0.3438 -9.990e-29
 149.054670     -2.531   0.218910    11.5853    -1.8967     -2.510     0.1412    -0.3437 -9.990e-29
 149.054676     -2.523   0.219155    11.5846    -1.8967     -2.502     0.1414    -0.3435 -9.990e-29
 149.054682     -2.511   0.219339    11.5842    -1.8969     -2.490     0.1415    -0.3433 -9.990e-29
 149.054688     -2.500   0.219153    11.5840    -1.8968     -2.479     0.1414    -0.3434 -9.990e-29
 149.054693     -2.493   0.218906    11.5844    -1.8965     -2.472     0.1412    -0.3436 -9.990e-29
 149.054699     -2.484   0.218824    11.5851    -1.8965     -2.463     0.1412    -0.3437 -9.990e-29
 149.054705     -2.470   0.218796    11.5851    -1.8964     -2.449     0.1411    -0.3437 -9.990e-29
 149.054711     -2.449   0.218786    11.5841    -1.8965     -2.429     0.1411    -0.3436 -9.990e-29
 149.054716     -2.424   0.218782    11.5825    -1.8967     -2.404     0.1411    -0.3434 -9.990e-29
 149.054722     -2.402   0.218781    11.5809    -1.8967     -2.382     0.1411    -0.3432 -9.990e-29
 149.054728     -2.382   0.218780    11.5797    -1.8967     -2.362     0.1411    -0.3431 -9.990e-29
 149.054734     -2.358   0.218780    11.5794    -1.8967     -2.338     0.1412    -0.3431 -9.990e-29
 149.054740     -2.333   0.218780    11.5808    -1.8969     -2.314     0.1411    -0.3432 -9.990e-29
 149.054745     -2.310   0.218779    11.5836    -1.8970     -2.291     0.1411    -0.3435 -9.990e-29
 149.054751     -2.287   0.218779    11.5860    -1.8970     -2.268     0.1411    -0.3438 -9.990e-29
 149.054757     -2.266   0.218778    11.5865    -1.8970     -2.247     0.1411    -0.3439 -9.990e-29
 149.054763     -2.252   0.218777    11.5850    -1.8969     -2.233     0.1411    -0.3437 -9.990e-29
 149.054769     -2.239   0.218775    11.5828    -1.8968     -2.220     0.1411    -0.3435 -9.990e-29
 149.054774     -2.221   0.218770    11.5816    -1.8969     -2.202     0.1411    -0.3433 -9.990e-29
 149.054780     -2.198   0.218756    11.5812    -1.8972     -2.180     0.1411    -0.3433 -9.990e-29
 149.054786     -2.172   0.218715    11.5800    -1.8974     -2.154     0.1411    -0.3432 -9.990e-29
 149.054792     -2.150   0.218591    11.5781    -1.8976     -2.132     0.1410    -0.3430 -9.990e-29
 149.054797     -2.132   0.218220    11.5766    -1.8974     -2.114     0.1408    -0.3430 -9.990e-29
 149.054803     -2.110   0.217664    11.5759    -1.8974     -2.092     0.1404    -0.3433 -9.990e-29
 149.054809     -2.089   0.217293    11.5762    -1.8972     -2.072     0.1402    -0.3435 -9.990e-29
 149.054815     -2.071   0.217167    11.5770    -1.8971     -2.054     0.1401    -0.3436 -9.990e-29
 149.054821     -2.056   0.217119    11.5771    -1.8971     -2.039     0.1401    -0.3437 -9.990e-29
 149.054826     -2.041   0.217085    11.5753    -1.8971     -2.024     0.1401    -0.3435 -9.990e-29
 149.054832     -2.027   0.217021    11.5720    -1.8972     -2.010     0.1400    -0.3431 -9.990e-29
 149.054838     -2.012   0.216841    11.5685    -1.8970     -1.995     0.1399    -0.3428 -9.990e-29
 149.054844     -1.995   0.216490    11.5664    -1.8970     -1.978     0.1397    -0.3428 -9.990e-29
 149.054850     -1.980   0.216057    11.5666    -1.8969     -1.963     0.1394    -0.3430 -9.990e-29
 149.054855     -1.969   0.215707    11.5684    -1.8966     -1.953     0.1392    -0.3434 -9.990e-29
 149.054861     -1.959   0.215529    11.5706    -1.8964     -1.943     0.1391    -0.3438 -9.990e-29
 149.054867     -1.943   0.215469    11.5726    -1.8963     -1.927     0.1390    -0.3440 -9.990e-29
 149.054873     -1.922   0.215449    11.5739    -1.8962     -1.906     0.1390    -0.3442 -9.990e-29
 149.054878     -1.897   0.215441    11.5744    -1.8961     -1.881     0.1390    -0.3442 -9.990e-29
 149.054884     -1.876   0.215434    11.5747    -1.8961     -1.860     0.1390    -0.3443 -9.990e-29
 149.054890     -1.862   0.215420    11.5759    -1.8960     -1.846     0.1390    -0.3444 -9.990e-29
 149.054896     -1.850   0.215378    11.5782    -1.8960     -1.835     0.1389    -0.3447 -9.990e-29
 149.054902     -1.834   0.215254    11.5817    -1.8960     -1.819     0.1388    -0.3451 -9.990e-29
 149.054907     -1.818   0.214884    11.5859    -1.8961     -1.803     0.1386    -0.3458 -9.990e-29
 149.054913     -1.806   0.214328    11.5901    -1.8961     -1.791     0.1382    -0.3466 -9.990e-29
 149.054919     -1.795   0.213958    11.5935    -1.8963     -1.780     0.1379    -0.3471 -9.990e-29
 149.054925     -1.786   0.213834    11.5961    -1.8961     -1.771     0.1379    -0.3475 -9.990e-29
 149.054931     -1.779   0.213791    11.5980    -1.8961     -1.764     0.1378    -0.3477 -9.990e-29
 149.054936     -1.771   0.213772    11.5991    -1.8960     -1.756     0.1378    -0.3478 -9.990e-29
 149.054942     -1.764   0.213754    11.5997    -1.8958     -1.749     0.1378    -0.3479 -9.990e-29
 149.054948     -1.757   0.213711    11.6002    -1.8957     -1.742     0.1378    -0.3480 -9.990e-29
 149.054954     -1.749   0.213587    11.6002    -1.8956     -1.734     0.1377    -0.3481 -9.990e-29
 149.054959     -1.740   0.213217    11.5994    -1.8955     -1.725     0.1374    -0.3482 -9.990e-29
 149.054965     -1.729   0.212661    11.5983    -1.8954     -1.715     0.1371    -0.3483 -9.990e-29
 149.054971     -1.716   0.212290    11.5979    -1.8954     -1.702     0.1368    -0.3485 -9.990e-29
 149.054977     -1.699   0.212165    11.5988    -1.8954     -1.685     0.1368    -0.3486 -9.990e-29
 149.054983     -1.677   0.212119    11.6009    -1.8952     -1.663     0.1367    -0.3489 -9.990e-29
 149.054988     -1.650   0.212092    11.6040    -1.8952     -1.636     0.1367    -0.3493 -9.990e-29
 149.054994     -1.619   0.212046    11.6073    -1.8951     -1.605     0.1367    -0.3496 -9.990e-29
 149.055000     -1.592   0.211921    11.6100    -1.8950     -1.579     0.1366    -0.3500 -9.990e-29
 149.055006     -1.571   0.211550    11.6122    -1.8950     -1.558     0.1363    -0.3504 -9.990e-29
 149.055012     -1.554   0.210994    11.6142    -1.8948     -1.541     0.1359    -0.3510 -9.990e-29
 149.055017     -1.541   0.210623    11.6159    -1.8946     -1.528     0.1357    -0.3513 -9.990e-29
 149.055023     -1.530   0.210498    11.6173    -1.8945     -1.517     0.1356    -0.3516 -9.990e-29
 149.055029     -1.521   0.210452    11.6190    -1.8944     -1.508     0.1356    -0.3518 -9.990e-29
 149.055035     -1.514   0.210425    11.6211    -1.8942     -1.501     0.1355    -0.3520 -9.990e-29
 149.055041     -1.508   0.210379    11.6229    -1.8940     -1.495     0.1355    -0.3522 -9.990e-29
