data/oxygen options/ONMS/Olympic_Coast_National_Marine_Sanctuary_Hypoxia_Survey_CTD_Data_2004_2015/raw_data/2015/CAST_RR020_150528faed.cnv
* Sea-Bird SBE19 Data File:
* FileName = C:\2015 Mooring Data\Casts\CAST_RR020_150528.hex
* Software Version 1.59
* Temperature SN = 2997
* Conductivity SN = 2997
* System UpLoad Time = May 28 2015 23:16:22
** CAST_RR020_150528
* ds
# nquan = 9                                 
# nvalues = 894                         
# units = specified
# name 0 = timeJ: Julian Days
# name 1 = prSM: Pressure, Strain Gauge [db]
# name 2 = c0mS/cm: Conductivity [mS/cm]
# name 3 = t090C: Temperature [ITS-90, deg C]
# name 4 = sbeox0ML/L: Oxygen, SBE 43 [ml/l]
# name 5 = depSM: Depth [salt water, m], lat = 47.5
# name 6 = sal00: Salinity, Practical [PSU]
# name 7 = sigma-é00: Density [sigma-theta, kg/m^3]
# name 8 = flag: flag
# span 0 = 148.963275, 148.968443       
# span 1 =     -5.129,     22.958       
# span 2 =   0.222285,  38.751656       
# span 3 =     8.5908,    13.8009       
# span 4 =    -1.8549,    15.6990       
# span 5 =     -5.086,     22.765       
# span 6 =     0.1398,    33.1890       
# span 7 =    -0.4980,    25.7634       
# span 8 = 0.0000e+00, 0.0000e+00       
# interval = seconds: 0.5
# start_time = May 28 2015 23:07:07 [Instrument's time stamp, header]
# bad_flag = -9.990e-29
*END*
[from data line 801]
 148.967911     11.959  35.162227     9.0369     3.3110     11.859    32.8866    25.4580 0.0000e+00
 148.967917     11.817  35.178830     9.0691     3.4044     11.718    32.8742    25.4432 0.0000e+00
 148.967922     11.679  35.192391     9.0798     3.5227     11.581    32.8785    25.4448 0.0000e+00
 148.967928     11.545  35.190820     9.0773     3.6638     11.448    32.8792    25.4458 0.0000e+00
 148.967934     11.418  35.184461     9.0870     3.8049     11.322    32.8637    25.4321 -9.990e-29
 148.967940     11.299  35.188481     9.1155     3.9332     11.204    32.8416    25.4104 -9.990e-29
 148.967946     11.181  35.200485     9.1527     4.0192     11.087    32.8198    25.3875 -9.990e-29
 148.967951     11.061  35.215274     9.1886     4.0428     10.968    32.8022    25.3680 -9.990e-29
 148.967957     10.934  35.236412     9.2230     4.0539     10.842    32.7924    25.3550 0.0000e+00
 148.967963     10.803  35.266958     9.2574     4.0924     10.713    32.7925    25.3495 0.0000e+00
 148.967969     10.675  35.297289     9.2842     4.1618     10.586    32.7992    25.3505 0.0000e+00
 148.967975     10.550  35.315812     9.2998     4.2485     10.462    32.8041    25.3519 -9.990e-29
 148.967980     10.426  35.318176     9.3118     4.3117     10.339    32.7956    25.3433 -9.990e-29
 148.967986     10.303  35.312119     9.3256     4.3302     10.217    32.7767    25.3263 -9.990e-29
 148.967992     10.177  35.312651     9.3429     4.3435     10.092    32.7614    25.3116 0.0000e+00
 148.967998     10.044  35.325625     9.3676     4.3767      9.960    32.7522    25.3005 0.0000e+00
 148.968003      9.909  35.343773     9.3939     4.4213      9.826    32.7469    25.2921 0.0000e+00
 148.968009      9.777  35.356072     9.4106     4.4869      9.695    32.7443    25.2874 0.0000e+00
 148.968015      9.647  35.359964     9.4186     4.5332      9.566    32.7411    25.2836 0.0000e+00
 148.968021      9.520  35.357936     9.4277     4.5856      9.440    32.7307    25.2741 0.0000e+00
 148.968027      9.391  35.356917     9.4493     4.7117      9.312    32.7100    25.2544 0.0000e+00
 148.968032      9.258  35.365174     9.4888     4.9689      9.181    32.6825    25.2265 0.0000e+00
 148.968038      9.119  35.383724     9.5345     5.4640      9.043    32.6599    25.2015 0.0000e+00
 148.968044      8.975  35.407690     9.5716     6.0405      8.900    32.6508    25.1884 0.0000e+00
 148.968050      8.830  35.425965     9.6164     6.4289      8.756    32.6288    25.1640 0.0000e+00
 148.968056      8.687  35.441156     9.6967     6.4789      8.614    32.5715    25.1062 0.0000e+00
 148.968061      8.545  35.476424     9.8191     6.2764      8.474    32.4969    25.0279 0.0000e+00
 148.968067      8.409  35.548621     9.9740     6.0755      8.339    32.4309    24.9509 0.0000e+00
 148.968073      8.282  35.682362    10.1373     6.0461      8.213    32.4198    24.9151 -9.990e-29
 148.968079      8.161  35.854812    10.2639     6.1597      8.093    32.4804    24.9411 -9.990e-29
 148.968084      8.042  35.934402    10.2994     6.3523      7.975    32.5287    24.9728 -9.990e-29
 148.968090      7.927  35.873196    10.2509     6.6331      7.861    32.5106    24.9668 -9.990e-29
 148.968096      7.811  35.789313    10.2086     7.0007      7.746    32.4641    24.9376 -9.990e-29
 148.968102      7.693  35.775100    10.2346     7.4510      7.629    32.4265    24.9040 -9.990e-29
 148.968108      7.574  35.819533    10.3093     7.9295      7.511    32.4046    24.8743 -9.990e-29
 148.968113      7.449  35.877661    10.3960     8.3388      7.387    32.3857    24.8449 0.0000e+00
 148.968119      7.315  35.944677    10.4949     8.5667      7.254    32.3649    24.8119 0.0000e+00
 148.968125      7.177  36.042771    10.6487     8.6512      7.117    32.3265    24.7556 0.0000e+00
 148.968131      7.038  36.181742    10.8815     8.6608      6.979    32.2591    24.6628 0.0000e+00
 148.968137      6.899  36.355800    11.1212     8.6264      6.841    32.2207    24.5908 0.0000e+00
 148.968142      6.760  36.571740    11.2990     8.5801      6.703    32.2774    24.6033 0.0000e+00
 148.968148      6.618  36.804174    11.4211     8.5446      6.563    32.3984    24.6754 0.0000e+00
 148.968154      6.480  36.932496    11.4934     8.6108      6.426    32.4606    24.7106 0.0000e+00
 148.968160      6.348  36.931099    11.5337     8.7420      6.295    32.4240    24.6748 0.0000e+00
 148.968166      6.219  36.915062    11.5796     8.8914      6.167    32.3682    24.6232 0.0000e+00
 148.968171      6.088  36.930927    11.6438     8.9959      6.037    32.3277    24.5800 0.0000e+00
 148.968177      5.961  36.962498    11.7139     9.0584      5.911    32.2974    24.5437 0.0000e+00
 148.968183      5.828  37.009274    11.7882     9.0993      5.779    32.2783    24.5152 0.0000e+00
 148.968189      5.678  37.064291    11.8957     9.1402      5.631    32.2384    24.4645 0.0000e+00
 148.968194      5.522  37.138667    12.0617     9.1779      5.476    32.1669    24.3782 0.0000e+00
 148.968200      5.368  37.264842    12.2506     9.1706      5.323    32.1259    24.3110 0.0000e+00
 148.968206      5.209  37.442259    12.4058     9.1050      5.165    32.1627    24.3103 0.0000e+00
 148.968212      5.045  37.614746    12.5191     9.0458      5.003    32.2304    24.3411 0.0000e+00
 148.968218      4.873  37.710018    12.6156     8.9853      4.832    32.2385    24.3290 0.0000e+00
 148.968223      4.695  37.750253    12.7195     8.9457      4.656    32.1880    24.2699 0.0000e+00
 148.968229      4.514  37.803696    12.8258     8.9183      4.476    32.1481    24.2185 0.0000e+00
 148.968235      4.325  37.891698    12.9201     8.8879      4.289    32.1512    24.2025 0.0000e+00
 148.968241      4.131  38.004288    12.9963     8.8558      4.096    32.1928    24.2198 0.0000e+00
 148.968247      3.930  38.090800    13.0572     8.8288      3.897    32.2226    24.2310 0.0000e+00
 148.968252      3.724  38.123006    13.1248     8.7982      3.693    32.1956    24.1968 0.0000e+00
 148.968258      3.520  38.134883    13.1971     8.7696      3.491    32.1456    24.1439 0.0000e+00
 148.968264      3.327  38.153497    13.2548     8.7476      3.299    32.1144    24.1083 0.0000e+00
 148.968270      3.146  38.179558    13.2997     8.7542      3.120    32.1010    24.0890 0.0000e+00
 148.968275      2.974  38.215296    13.3384     8.7549      2.949    32.1018    24.0820 0.0000e+00
 148.968281      2.808  38.253960    13.3772     8.7357      2.785    32.1054    24.0770 0.0000e+00
 148.968287      2.642  38.291574    13.4153     8.7134      2.620    32.1085    24.0718 0.0000e+00
 148.968293      2.469  38.328935    13.4453     8.6714      2.448    32.1181    24.0733 0.0000e+00
 148.968299      2.293  38.362012    13.4706     8.5621      2.274    32.1278    24.0757 0.0000e+00
 148.968304      2.117  38.389478    13.4948     8.3894      2.099    32.1331    24.0749 0.0000e+00
 148.968310      1.949  38.415985    13.5150     8.2235      1.933    32.1408    24.0769 0.0000e+00
 148.968316      1.795  38.453320    13.5288     8.1859      1.780    32.1640    24.0921 0.0000e+00
 148.968322      1.658  38.499099    13.5348     9.5981      1.644    32.2017    24.1200 0.0000e+00
 148.968328      1.533  38.527412    13.5417     9.3623      1.520    32.2223    24.1345 -9.990e-29
 148.968333      1.413  38.522159    13.5580     8.8245      1.401    32.2037    24.1168 -9.990e-29
 148.968339      1.294  38.503825    13.5692     7.9134      1.283    32.1772    24.0941 -9.990e-29
 148.968345      1.177  38.478818    13.5604     7.0658      1.167    32.1614    24.0837 -9.990e-29
 148.968351      1.067  38.423898    13.5364     6.3737      1.058    32.1305    24.0646 -9.990e-29
 148.968356      0.976  38.308479    13.5098     6.0445      0.968    32.0454    24.0042 -9.990e-29
 148.968362      0.904  38.021302    13.4852     5.9191      0.896    31.7986    23.8184 -9.990e-29
 148.968368      0.849  37.195728    13.4613     5.9030      0.842    31.0509    23.2454 -9.990e-29
 148.968374      0.805  34.748936    13.4373     5.9157      0.798    28.8096    21.5191 -9.990e-29
 148.968380      0.772  27.759566    13.4113     5.9241      0.766    22.4981    16.6577 -9.990e-29
 148.968385      0.746  17.521651    13.3807     5.9195      0.740    13.6136     9.8265 -9.990e-29
 148.968391      0.726  10.456370    13.3468 -9.990e-29      0.720     7.7908     5.3525 -9.990e-29
 148.968397      0.710   7.474876    13.3123 -9.990e-29      0.704     5.4349     3.5429 -9.990e-29
 148.968403      0.698   5.899220    13.2779 -9.990e-29      0.692     4.2216     2.6121 -9.990e-29
 148.968409      0.689   5.054645    13.2431 -9.990e-29      0.683     3.5826     2.1238 -9.990e-29
 148.968414      0.682   4.761265    13.2077 -9.990e-29      0.676     3.3644     1.9601 -9.990e-29
 148.968420      0.677   4.649696    13.1733 -9.990e-29      0.671     3.2834     1.9023 -9.990e-29
 148.968426      0.673   4.396012    13.1417 -9.990e-29      0.667     3.0955     1.7614 -9.990e-29
 148.968432      0.671   3.935602    13.1152 -9.990e-29      0.665     2.7537     1.5007 -9.990e-29
 148.968437      0.669   3.377520    13.1038 -9.990e-29      0.663     2.3417     1.1834 -9.990e-29
 148.968443      0.669   2.947378 -9.990e-29 -9.990e-29      0.663 -9.990e-29 -9.990e-29 -9.990e-29
