data/oxygen options/ONMS/Olympic_Coast_National_Marine_Sanctuary_Hypoxia_Survey_CTD_Data_2004_2015/raw_data/2015/CAST_HH042_150529faed.cnv
* Sea-Bird SBE19 Data File:
* FileName = C:\2015 Mooring Data\Casts\CAST_HH042_150529.hex
* Software Version 1.59
* Temperature SN = 2997
* Conductivity SN = 2997
* System UpLoad Time = May 29 2015 01:33:29
** CAST_HH042_150529
* ds
# nquan = 9                                 
# nvalues = 1664                        
# units = specified
# name 0 = timeJ: Julian Days
# name 1 = prSM: Pressure, Strain Gauge [db]
# name 2 = c0mS/cm: Conductivity [mS/cm]
# name 3 = t090C: Temperature [ITS-90, deg C]
# name 4 = sbeox0ML/L: Oxygen, SBE 43 [ml/l]
# name 5 = depSM: Depth [salt water, m], lat = 47.5
# name 6 = sal00: Salinity, Practical [PSU]
# name 7 = sigma-é00: Density [sigma-theta, kg/m^3]
# name 8 = flag: flag
# span 0 = 149.054120, 149.063744       
# span 1 =     -4.932,     41.168       
# span 2 =   0.200522,  37.349690       
# span 3 =     7.8380,    12.6702       
# span 4 =   -10.5014,    13.8155       
# span 5 =     -4.891,     40.820       
# span 6 =     0.1289,    33.3579       
# span 7 =    -0.3823,    26.0073       
# span 8 = 0.0000e+00, 0.0000e+00       
# interval = seconds: 0.5
# start_time = May 29 2015 01:17:56 [Instrument's time stamp, header]
# bad_flag = -9.990e-29
*END*
[from data line 641]
 149.057830      0.442   0.245123    11.7566    -1.8901      0.438     0.1577    -0.3496 -9.990e-29
 149.057836      0.440   0.244444    11.7563    -1.8900      0.436     0.1573    -0.3499 -9.990e-29
 149.057841      0.436   0.244033    11.7555    -1.8898      0.432     0.1570    -0.3500 -9.990e-29
 149.057847      0.436   0.243896    11.7534    -1.8898      0.432     0.1570    -0.3499 -9.990e-29
 149.057853      0.434   0.243849    11.7506    -1.8897      0.430     0.1569    -0.3496 -9.990e-29
 149.057859      0.428   0.243830    11.7481    -1.8897      0.424     0.1569    -0.3493 -9.990e-29
 149.057865      0.419   0.243811    11.7467    -1.8896      0.416     0.1569    -0.3491 -9.990e-29
 149.057870      0.413   0.243768    11.7466    -1.8895      0.410     0.1569    -0.3492 -9.990e-29
 149.057876      0.408   0.243643    11.7472    -1.8895      0.405     0.1568    -0.3493 -9.990e-29
 149.057882      0.405   0.243268    11.7485    -1.8893      0.402     0.1566    -0.3496 -9.990e-29
 149.057888      0.404   0.242700    11.7505    -1.8893      0.401     0.1562    -0.3502 -9.990e-29
 149.057894      0.403   0.242289    11.7525    -1.8893      0.400     0.1559    -0.3506 -9.990e-29
 149.057899      0.404   0.242042    11.7542    -1.8891      0.401     0.1557    -0.3509 -9.990e-29
 149.057905      0.405   0.241631    11.7559    -1.8892      0.402     0.1555    -0.3513 -9.990e-29
 149.057911      0.408   0.241062    11.7576    -1.8892      0.405     0.1551    -0.3518 -9.990e-29
 149.057917      0.413   0.240688    11.7595    -1.8891      0.410     0.1548    -0.3522 -9.990e-29
 149.057922      0.419   0.240562    11.7615    -1.8890      0.416     0.1547    -0.3525 -9.990e-29
 149.057928      0.423   0.240516    11.7633    -1.8890      0.419     0.1547    -0.3527 -9.990e-29
 149.057934      0.421   0.240488    11.7651    -1.8888      0.417     0.1547    -0.3530 -9.990e-29
 149.057940      0.417   0.240441    11.7664    -1.8888      0.414     0.1546    -0.3531 -9.990e-29
 149.057946      0.416   0.240311    11.7674    -1.8887      0.413     0.1546    -0.3533 -9.990e-29
 149.057951      0.416   0.239927    11.7685    -1.8888      0.413     0.1543    -0.3536 -9.990e-29
 149.057957      0.418   0.239331    11.7694    -1.8887      0.415     0.1539    -0.3540 -9.990e-29
 149.057963      0.422   0.238838    11.7704    -1.8886      0.418     0.1536    -0.3544 -9.990e-29
 149.057969      0.428   0.238344    11.7718    -1.8885      0.424     0.1533    -0.3548 -9.990e-29
 149.057975      0.433   0.237746    11.7733    -1.8883      0.429     0.1529    -0.3553 -9.990e-29
 149.057980      0.433   0.237358    11.7750    -1.8881      0.429     0.1526    -0.3557 -9.990e-29
 149.057986      0.431   0.237217    11.7768    -1.8881      0.427     0.1525    -0.3560 -9.990e-29
 149.057992      0.432   0.237133    11.7786    -1.8874      0.428     0.1524    -0.3562 -9.990e-29
 149.057998      0.436   0.236995    11.7799    -1.8867      0.432     0.1523    -0.3564 -9.990e-29
 149.058003      0.444   0.236619    11.7808    -1.8864      0.440     0.1521    -0.3567 -9.990e-29
 149.058009      0.455   0.236058    11.7820    -1.8861      0.451     0.1517    -0.3572 -9.990e-29
 149.058015      0.467   0.235674    11.7841    -1.8862      0.463     0.1515    -0.3576 -9.990e-29
 149.058021      0.475   0.235510    11.7871    -1.8863      0.471     0.1513    -0.3580 -9.990e-29
 149.058027      0.484   0.235346    11.7913    -1.8863      0.480     0.1512    -0.3586 -9.990e-29
 149.058032      0.496   0.234962    11.7962    -1.8863      0.492     0.1510    -0.3594 -9.990e-29
 149.058038      0.506   0.234402    11.8034    -1.8863      0.502     0.1506    -0.3605 -9.990e-29
 149.058044      0.515   0.234030    11.8142    -1.8863      0.511     0.1503    -0.3619 -9.990e-29
 149.058050      0.520   0.233905    11.8255    -1.8864      0.516     0.1502    -0.3633 -9.990e-29
 149.058056      0.520   0.233860    11.8339    -1.8865      0.516     0.1501    -0.3643 -9.990e-29
 149.058061      0.520   0.233833    11.8386    -1.8866      0.516     0.1501    -0.3648 -9.990e-29
 149.058067      0.521   0.233787    11.8403    -1.8863      0.517     0.1500    -0.3650 -9.990e-29
 149.058073      0.525   0.233663    11.8404    -1.8863      0.521     0.1499    -0.3651 -9.990e-29
 149.058079      0.535   0.233292    11.8400    -1.8861      0.531     0.1497    -0.3652 -9.990e-29
 149.058084      0.541   0.232735    11.8395    -1.8860      0.536     0.1493    -0.3655 -9.990e-29
 149.058090      0.544   0.232361    11.8391    -1.8860      0.539     0.1491    -0.3656 -9.990e-29
 149.058096      0.549   0.232224    11.8385    -1.8860      0.544     0.1490    -0.3656 -9.990e-29
 149.058102      0.552   0.232142    11.8372    -1.8861      0.547     0.1490    -0.3655 -9.990e-29
 149.058108      0.548   0.232005    11.8358    -1.8861      0.543     0.1489    -0.3654 -9.990e-29
 149.058113      0.541   0.231631    11.8357    -1.8860      0.536     0.1486    -0.3656 -9.990e-29
 149.058119      0.536   0.231074    11.8372    -1.8859      0.532     0.1483    -0.3661 -9.990e-29
 149.058125      0.532   0.230702    11.8394    -1.8858      0.528     0.1480    -0.3665 -9.990e-29
 149.058131      0.533   0.230574    11.8423    -1.8857      0.529     0.1479    -0.3669 -9.990e-29
 149.058137      0.543   0.230519    11.8451    -1.8857      0.538     0.1479    -0.3673 -9.990e-29
 149.058142      0.559   0.230465    11.8467    -1.8856      0.554     0.1478    -0.3675 -9.990e-29
 149.058148      0.574   0.230337    11.8470    -1.8858      0.569     0.1478    -0.3676 -9.990e-29
 149.058154      0.583   0.229964    11.8466    -1.8857      0.578     0.1475    -0.3677 -9.990e-29
 149.058160      0.588   0.229404    11.8467    -1.8855      0.583     0.1471    -0.3680 -9.990e-29
 149.058166      0.589   0.229020    11.8480    -1.8854      0.584     0.1469    -0.3683 -9.990e-29
 149.058171      0.585   0.228856    11.8499    -1.8852      0.580     0.1468    -0.3687 -9.990e-29
 149.058177      0.577   0.228692    11.8516    -1.8849      0.572     0.1467    -0.3689 -9.990e-29
 149.058183      0.565   0.228308    11.8530    -1.8846      0.560     0.1464    -0.3693 -9.990e-29
 149.058189      0.551   0.227749    11.8539    -1.8841      0.546     0.1460    -0.3697 -9.990e-29
 149.058194      0.539   0.227378    11.8542    -1.8839      0.535     0.1458    -0.3699 -9.990e-29
 149.058200      0.528   0.227254    11.8541    -1.8834      0.524     0.1457    -0.3700 -9.990e-29
 149.058206      0.517   0.227212    11.8551    -1.8828      0.513     0.1457    -0.3701 -9.990e-29
 149.058212      0.507   0.227197    11.8580    -1.8826      0.503     0.1457    -0.3704 -9.990e-29
 149.058218      0.500   0.227189    11.8623    -1.8828      0.496     0.1456    -0.3709 -9.990e-29
 149.058223      0.496   0.227174    11.8676    -1.8831      0.492     0.1456    -0.3716 -9.990e-29
 149.058229      0.490   0.227132    11.8741    -1.8833      0.486     0.1456    -0.3723 -9.990e-29
 149.058235      0.487   0.227009    11.8817    -1.8834      0.483     0.1455    -0.3733 -9.990e-29
 149.058241      0.486   0.226639    11.8901    -1.8834      0.482     0.1452    -0.3744 -9.990e-29
 149.058247      0.482   0.226084    11.8990    -1.8833      0.478     0.1448    -0.3757 -9.990e-29
 149.058252      0.481   0.225714    11.9087    -1.8831      0.477     0.1445    -0.3771 -9.990e-29
 149.058258      0.486   0.225589    11.9173    -1.8830      0.482     0.1444    -0.3781 -9.990e-29
 149.058264      0.493   0.225544    11.9213    -1.8829      0.489     0.1444    -0.3786 -9.990e-29
 149.058270      0.498   0.225517    11.9203    -1.8827      0.494     0.1444    -0.3785 -9.990e-29
 149.058275      0.506   0.225471    11.9171    -1.8828      0.502     0.1443    -0.3782 -9.990e-29
 149.058281      0.518   0.225347    11.9138    -1.8827      0.514     0.1443    -0.3778 -9.990e-29
 149.058287      0.525   0.224977    11.9117    -1.8825      0.521     0.1440    -0.3778 -9.990e-29
 149.058293      0.528   0.224422    11.9116    -1.8823      0.524     0.1437    -0.3781 -9.990e-29
 149.058299      0.532   0.224051    11.9134    -1.8822      0.528     0.1434    -0.3785 -9.990e-29
 149.058304      0.532   0.223926    11.9161    -1.8821      0.528     0.1433    -0.3788 -9.990e-29
 149.058310      0.529   0.223881    11.9189    -1.8821      0.525     0.1433    -0.3792 -9.990e-29
 149.058316      0.527   0.223854    11.9214    -1.8823      0.523     0.1433    -0.3795 -9.990e-29
 149.058322      0.520   0.223808    11.9233    -1.8824      0.516     0.1432    -0.3797 -9.990e-29
 149.058328      0.514   0.223683    11.9253    -1.8824      0.510     0.1431    -0.3800 -9.990e-29
 149.058333      0.516   0.223313    11.9279    -1.8823      0.512     0.1429    -0.3805 -9.990e-29
 149.058339      0.517   0.222757    11.9310    -1.8825      0.513     0.1425    -0.3812 -9.990e-29
 149.058345      0.515   0.222387    11.9344    -1.8828      0.511     0.1423    -0.3817 -9.990e-29
 149.058351      0.516   0.222263    11.9373    -1.8826      0.512     0.1422    -0.3821 -9.990e-29
 149.058356      0.521   0.222222    11.9385    -1.8825      0.517     0.1422    -0.3823 -9.990e-29
 149.058362      0.527   0.222206    11.9381    -1.8826      0.523     0.1421    -0.3823 -9.990e-29
 149.058368      0.537   0.222197    11.9367    -1.8830      0.533     0.1421    -0.3821 -9.990e-29
 149.058374      0.552   0.222182    11.9353    -1.8834      0.547     0.1421    -0.3819 -9.990e-29
 149.058380      0.565   0.222140    11.9345    -1.8841      0.560     0.1421    -0.3819 -9.990e-29
 149.058385      0.573   0.222016    11.9333    -1.8846      0.568     0.1420    -0.3818 -9.990e-29
 149.058391      0.579   0.221646    11.9309    -1.8847      0.574     0.1418    -0.3817 -9.990e-29
 149.058397      0.590   0.221090    11.9288    -1.8848      0.585     0.1415    -0.3817 -9.990e-29
 149.058403      0.601   0.220720    11.9285    -1.8851      0.596     0.1412    -0.3819 -9.990e-29
 149.058409      0.608   0.220596    11.9281    -1.8856      0.603     0.1411    -0.3819 -9.990e-29
 149.058414      0.612   0.220553    11.9249    -1.8862      0.607     0.1411    -0.3816 -9.990e-29
 149.058420      0.614   0.220535    11.9182    -1.8865      0.609     0.1411    -0.3808 -9.990e-29
 149.058426      0.613   0.220517    11.9084    -1.8867      0.608     0.1412    -0.3797 -9.990e-29
 149.058432      0.610   0.220474    11.8970    -1.8869      0.605     0.1412    -0.3784 -9.990e-29
 149.058438      0.604   0.220350    11.8873    -1.8871      0.599     0.1411    -0.3773 -9.990e-29
 149.058443      0.594   0.219979    11.8803    -1.8874      0.589     0.1409    -0.3767 -9.990e-29
 149.058449      0.581   0.219423    11.8744    -1.8879      0.576     0.1406    -0.3763 -9.990e-29
 149.058455      0.567   0.219051    11.8671    -1.8883      0.562     0.1403    -0.3756 -9.990e-29
 149.058461      0.561   0.218923    11.8577    -1.8885      0.556     0.1403    -0.3746 -9.990e-29
 149.058466      0.566   0.218867    11.8479    -1.8887      0.561     0.1403    -0.3735 -9.990e-29
 149.058472      0.578   0.218808    11.8399    -1.8890      0.573     0.1403    -0.3726 -9.990e-29
 149.058478      0.590   0.218666    11.8338    -1.8894      0.585     0.1402    -0.3720 -9.990e-29
 149.058484      0.597   0.218253    11.8284    -1.8902      0.592     0.1400    -0.3716 -9.990e-29
 149.058490      0.601   0.217573    11.8222    -1.8907      0.596     0.1395    -0.3712 -9.990e-29
 149.058495      0.602   0.216831    11.8146    -1.8910      0.597     0.1391    -0.3707 -9.990e-29
 149.058501      0.599   0.216148    11.8057    -1.8913      0.594     0.1387    -0.3700 -9.990e-29
 149.058507      0.593   0.215726    11.7973    -1.8918      0.588     0.1384    -0.3693 -9.990e-29
 149.058513      0.587   0.215555    11.7901    -1.8927      0.582     0.1383    -0.3686 -9.990e-29
 149.058519      0.586   0.215408    11.7833    -1.8931      0.581     0.1383    -0.3679 -9.990e-29
 149.058524      0.589   0.215089    11.7756    -1.7364      0.584     0.1381    -0.3671 -9.990e-29
 149.058530      0.596   0.214727    11.7655    -1.5336      0.591     0.1379    -0.3662 -9.990e-29
 149.058536      0.608   0.214951    11.7535    -1.5222      0.603     0.1381    -0.3647 -9.990e-29
 149.058542      0.626   0.217170    11.7423    -1.5202      0.621     0.1395    -0.3623 -9.990e-29
 149.058547      0.646   0.224898    11.7327    -1.5214      0.641     0.1446    -0.3572 -9.990e-29
 149.058553      0.665   0.247329    11.7238    -1.5223      0.659     0.1593    -0.3447 -9.990e-29
 149.058559      0.689   0.312706    11.7162    -1.5215      0.683     0.2025    -0.3101 -9.990e-29
 149.058565      0.725   0.507642    11.7170    -1.5216      0.719     0.3334    -0.2077 -9.990e-29
 149.058571      0.769   1.091496    11.7476    -1.5215      0.763     0.7386     0.1053 -9.990e-29
 149.058576      0.820   2.841630    11.8607    -1.5229      0.813     2.0147     1.0860 -9.990e-29
 149.058582      0.882   8.090999    12.0934    -1.5229      0.875     6.1101     4.2308 -9.990e-29
 149.058588      0.958  18.215589    12.3574    -1.5229      0.950    14.5889    10.7383 -9.990e-29
 149.058594      1.054  28.713839    12.5191    -1.5228      1.045    23.9056    17.9013 -9.990e-29
 149.058600      1.166  34.453177    12.5693    -1.5234      1.156    29.1982    21.9838 -9.990e-29
 149.058605      1.277  36.351062    12.5799    -1.5238      1.266    30.9799    23.3609 -9.990e-29
 149.058611      1.367  36.972248    12.5882    -1.5246      1.356    31.5619    23.8101 -9.990e-29
 149.058617      1.439  37.170222    12.5908    -1.5248      1.427    31.7477    23.9535 -9.990e-29
 149.058623      1.500  37.230824    12.5820    -1.5245      1.487    31.8127    24.0055 -9.990e-29
 149.058628      1.552  37.251128    12.5673    -1.5251      1.539    31.8444    24.0329 -9.990e-29
 149.058634      1.591  37.254285    12.5576    -1.5256      1.578    31.8556    24.0434 -9.990e-29
 149.058640      1.622  37.246751    12.5544    -1.5257      1.608    31.8512    24.0405 -9.990e-29
 149.058646      1.647  37.237549    12.5491    -1.5249      1.633    31.8469    24.0382 -9.990e-29
 149.058652      1.665  37.230117    12.5371    -1.5246      1.651    31.8500    24.0429 -9.990e-29
 149.058657      1.680  37.224085    12.5193    -1.5250      1.666    31.8593    24.0535 -9.990e-29
 149.058663      1.691  37.217584    12.5013    -1.5259      1.677    31.8684    24.0640 -9.990e-29
 149.058669      1.700  37.211484    12.4913    -1.5263      1.686    31.8710    24.0679 -9.990e-29
 149.058675      1.707  37.206064    12.4856    -1.5262      1.693    31.8707    24.0688 -9.990e-29
 149.058681      1.712  37.199709    12.4755    -1.5255      1.698    31.8732    24.0726 -9.990e-29
 149.058686      1.716  37.194042    12.4652    -1.5256      1.702    31.8765    24.0771 -9.990e-29
 149.058692      1.719  37.190486    12.4647    -1.5263      1.705    31.8736    24.0749 -9.990e-29
 149.058698      1.722  37.189351    12.4728    -1.5263      1.708    31.8656    24.0672 -9.990e-29
 149.058704      1.724  37.190248    12.4772    -1.5245      1.710    31.8627    24.0642 -9.990e-29
 149.058709      1.725  37.191573    12.4686    -1.5235      1.711    31.8713    24.0724 -9.990e-29
 149.058715      1.726  37.190615    12.4516    -1.5240      1.712    31.8848    24.0861 -9.990e-29
 149.058721      1.727  37.187226    12.4394    -1.5249      1.713    31.8919    24.0940 -9.990e-29
 149.058727      1.727  37.184743    12.4395    -1.5250      1.713    31.8895    24.0920 -9.990e-29
 149.058733      1.727  37.184343    12.4451    -1.5244      1.713    31.8843    24.0870 -9.990e-29
 149.058738      1.727  37.185493    12.4451    -1.5238      1.713    31.8854    24.0879 -9.990e-29
 149.058744      1.726  37.186931    12.4425    -1.5243      1.712    31.8890    24.0911 -9.990e-29
