data/oxygen options/ONMS/Olympic_Coast_National_Marine_Sanctuary_Hypoxia_Survey_CTD_Data_2004_2015/raw_data/2015/CAST_RR020_150528faed.cnv
* Sea-Bird SBE19 Data File:
* FileName = C:\2015 Mooring Data\Casts\CAST_RR020_150528.hex
* Software Version 1.59
* Temperature SN = 2997
* Conductivity SN = 2997
* System UpLoad Time = May 28 2015 23:16:22
** CAST_RR020_150528
* ds
# nquan = 9                                 
# nvalues = 894                         
# units = specified
# name 0 = timeJ: Julian Days
# name 1 = prSM: Pressure, Strain Gauge [db]
# name 2 = c0mS/cm: Conductivity [mS/cm]
# name 3 = t090C: Temperature [ITS-90, deg C]
# name 4 = sbeox0ML/L: Oxygen, SBE 43 [ml/l]
# name 5 = depSM: Depth [salt water, m], lat = 47.5
# name 6 = sal00: Salinity, Practical [PSU]
# name 7 = sigma-é00: Density [sigma-theta, kg/m^3]
# name 8 = flag: flag
# span 0 = 148.963275, 148.968443       
# span 1 =     -5.129,     22.958       
# span 2 =   0.222285,  38.751656       
# span 3 =     8.5908,    13.8009       
# span 4 =    -1.8549,    15.6990       
# span 5 =     -5.086,     22.765       
# span 6 =     0.1398,    33.1890       
# span 7 =    -0.4980,    25.7634       
# span 8 = 0.0000e+00, 0.0000e+00       
# interval = seconds: 0.5
# start_time = May 28 2015 23:07:07 [Instrument's time stamp, header]
# bad_flag = -9.990e-29
*END*
[from data line 161]
 148.964207     -1.576   0.233606    12.7265    -1.8501     -1.563     0.1467    -0.4723 -9.990e-29
 148.964213     -1.566   0.233690    12.7226    -1.8499     -1.553     0.1468    -0.4718 -9.990e-29
 148.964219     -1.551   0.233941    12.7141    -1.8498     -1.538     0.1470    -0.4706 -9.990e-29
 148.964225     -1.536   0.234136    12.7063    -1.8498     -1.523     0.1471    -0.4695 -9.990e-29
 148.964230     -1.522   0.233979    12.7022    -1.8498     -1.509     0.1471    -0.4691 -9.990e-29
 148.964236     -1.510   0.233815    12.7010    -1.8505     -1.497     0.1470    -0.4690 -9.990e-29
 148.964242     -1.499   0.233980    12.7012    -1.8513     -1.486     0.1471    -0.4689 -9.990e-29
 148.964248     -1.488   0.234138    12.7019    -1.8518     -1.476     0.1472    -0.4690 -9.990e-29
 148.964253     -1.476   0.233945    12.7033    -1.8519     -1.464     0.1470    -0.4692 -9.990e-29
 148.964259     -1.463   0.233696    12.7056    -1.8520     -1.451     0.1469    -0.4696 -9.990e-29
 148.964265     -1.452   0.233613    12.7082    -1.8516     -1.440     0.1468    -0.4700 -9.990e-29
 148.964271     -1.446   0.233586    12.7098    -1.8515     -1.434     0.1468    -0.4702 -9.990e-29
 148.964277     -1.442   0.233577    12.7088    -1.8515     -1.430     0.1468    -0.4701 -9.990e-29
 148.964282     -1.434   0.233573    12.7035    -1.8515     -1.422     0.1468    -0.4694 -9.990e-29
 148.964288     -1.421   0.233568    12.6930    -1.8516     -1.409     0.1468    -0.4681 -9.990e-29
 148.964294     -1.404   0.233555    12.6804    -1.8514     -1.392     0.1469    -0.4665 -9.990e-29
 148.964300     -1.384   0.233514    12.6705    -1.8516     -1.372     0.1469    -0.4653 -9.990e-29
 148.964306     -1.371   0.233392    12.6652    -1.8516     -1.360     0.1468    -0.4647 -9.990e-29
 148.964311     -1.362   0.233022    12.6643    -1.8513     -1.351     0.1466    -0.4648 -9.990e-29
 148.964317     -1.352   0.232467    12.6663    -1.8513     -1.341     0.1462    -0.4653 -9.990e-29
 148.964323     -1.343   0.232098    12.6686    -1.8510     -1.332     0.1460    -0.4658 -9.990e-29
 148.964329     -1.331   0.231975    12.6697    -1.8507     -1.320     0.1459    -0.4660 -9.990e-29
 148.964334     -1.322   0.231934    12.6700    -1.8504     -1.311     0.1459    -0.4660 -9.990e-29
 148.964340     -1.314   0.231920    12.6704    -1.8506     -1.303     0.1459    -0.4661 -9.990e-29
 148.964346     -1.303   0.231913    12.6709    -1.8510     -1.292     0.1459    -0.4662 -9.990e-29
 148.964352     -1.293   0.231902    12.6711    -1.8515     -1.282     0.1458    -0.4662 -9.990e-29
 148.964358     -1.287   0.231870    12.6721    -1.8518     -1.276     0.1458    -0.4663 -9.990e-29
 148.964363     -1.284   0.231775    12.6747    -1.8517     -1.273     0.1458    -0.4667 -9.990e-29
 148.964369     -1.280   0.231488    12.6785    -1.8514     -1.269     0.1456    -0.4673 -9.990e-29
 148.964375     -1.271   0.231182    12.6835    -1.8515     -1.260     0.1453    -0.4681 -9.990e-29
 148.964381     -1.261   0.231002    12.6888    -1.8516     -1.250     0.1452    -0.4689 -9.990e-29
 148.964387     -1.252   0.230706    12.6915    -1.8514     -1.242     0.1450    -0.4693 -9.990e-29
 148.964392     -1.245   0.230455    12.6890    -1.8514     -1.235     0.1449    -0.4692 -9.990e-29
 148.964398     -1.238   0.230471    12.6820    -1.8512     -1.228     0.1449    -0.4683 -9.990e-29
 148.964404     -1.232   0.230772    12.6743    -1.8509     -1.222     0.1451    -0.4671 -9.990e-29
 148.964410     -1.226   0.231204    12.6694    -1.8508     -1.216     0.1454    -0.4663 -9.990e-29
 148.964416     -1.220   0.231230    12.6688    -1.8504     -1.210     0.1454    -0.4662 -9.990e-29
 148.964421     -1.214   0.230885    12.6704    -1.8503     -1.204     0.1452    -0.4666 -9.990e-29
 148.964427     -1.206   0.230816    12.6714    -1.8500     -1.196     0.1452    -0.4668 -9.990e-29
 148.964433     -1.197   0.230933    12.6721    -1.8498     -1.187     0.1452    -0.4668 -9.990e-29
 148.964439     -1.186   0.230835    12.6737    -1.8496     -1.176     0.1452    -0.4670 -9.990e-29
 148.964444     -1.172   0.230946    12.6766    -1.8495     -1.162     0.1452    -0.4674 -9.990e-29
 148.964450     -1.154   0.231411    12.6809    -1.8496     -1.144     0.1455    -0.4677 -9.990e-29
 148.964456     -1.136   0.231739    12.6859    -1.8496     -1.127     0.1457    -0.4681 -9.990e-29
 148.964462     -1.121   0.231812    12.6913    -1.8493     -1.112     0.1457    -0.4688 -9.990e-29
 148.964468     -1.107   0.231728    12.6972    -1.8493     -1.098     0.1456    -0.4696 -9.990e-29
 148.964473     -1.093   0.231371    12.7032    -1.8491     -1.084     0.1454    -0.4705 -9.990e-29
 148.964479     -1.080   0.230820    12.7093    -1.8489     -1.071     0.1450    -0.4715 -9.990e-29
 148.964485     -1.066   0.230452    12.7148    -1.8487     -1.057     0.1448    -0.4724 -9.990e-29
 148.964491     -1.049   0.230330    12.7190    -1.8486     -1.040     0.1447    -0.4730 -9.990e-29
 148.964497     -1.034   0.230290    12.7211    -1.8485     -1.025     0.1446    -0.4733 -9.990e-29
 148.964502     -1.024   0.230277    12.7219    -1.8482     -1.015     0.1446    -0.4734 -9.990e-29
 148.964508     -1.018   0.230274    12.7235    -1.8481     -1.010     0.1446    -0.4736 -9.990e-29
 148.964514     -1.015   0.230273    12.7264    -1.8480     -1.007     0.1446    -0.4740 -9.990e-29
 148.964520     -1.016   0.230273    12.7293    -1.8481     -1.008     0.1446    -0.4743 -9.990e-29
 148.964525     -1.020   0.230273    12.7326    -1.8480     -1.011     0.1446    -0.4747 -9.990e-29
 148.964531     -1.028   0.230274    12.7365    -1.8478     -1.019     0.1446    -0.4752 -9.990e-29
 148.964537     -1.037   0.230275    12.7406    -1.8474     -1.028     0.1446    -0.4758 -9.990e-29
 148.964543     -1.037   0.230276    12.7447    -1.8473     -1.028     0.1446    -0.4763 -9.990e-29
 148.964549     -1.029   0.230276    12.7487    -1.8472     -1.020     0.1445    -0.4768 -9.990e-29
 148.964554     -1.021   0.230277    12.7526    -1.8470     -1.012     0.1445    -0.4773 -9.990e-29
 148.964560     -1.012   0.230277    12.7560    -1.8469     -1.004     0.1445    -0.4777 -9.990e-29
 148.964566     -0.999   0.230276    12.7583    -1.8468     -0.991     0.1445    -0.4780 -9.990e-29
 148.964572     -0.983   0.230272    12.7599    -1.8466     -0.975     0.1445    -0.4782 -9.990e-29
 148.964578     -0.969   0.230259    12.7626    -1.8462     -0.961     0.1445    -0.4786 -9.990e-29
 148.964583     -0.955   0.230219    12.7673    -1.8458     -0.947     0.1444    -0.4792 -9.990e-29
 148.964589     -0.941   0.230097    12.7726    -1.8456     -0.933     0.1443    -0.4799 -9.990e-29
 148.964595     -0.925   0.229727    12.7769    -1.8457     -0.917     0.1441    -0.4806 -9.990e-29
 148.964601     -0.907   0.229172    12.7810    -1.8457     -0.899     0.1437    -0.4814 -9.990e-29
 148.964606     -0.886   0.228803    12.7856    -1.8456     -0.879     0.1435    -0.4822 -9.990e-29
 148.964612     -0.860   0.228680    12.7900    -1.8454     -0.853     0.1434    -0.4828 -9.990e-29
 148.964618     -0.832   0.228640    12.7943    -1.8450     -0.825     0.1433    -0.4834 -9.990e-29
 148.964624     -0.809   0.228627    12.7997    -1.8449     -0.802     0.1433    -0.4841 -9.990e-29
 148.964630     -0.793   0.228624    12.8066    -1.8445     -0.786     0.1433    -0.4850 -9.990e-29
 148.964635     -0.783   0.228623    12.8133    -1.8443     -0.776     0.1433    -0.4858 -9.990e-29
 148.964641     -0.780   0.228623    12.8175    -1.8440     -0.773     0.1433    -0.4863 -9.990e-29
 148.964647     -0.781   0.228623    12.8191    -1.8437     -0.774     0.1432    -0.4865 -9.990e-29
 148.964653     -0.785   0.228624    12.8206    -1.8435     -0.778     0.1432    -0.4867 -9.990e-29
 148.964659     -0.781   0.228625    12.8239    -1.8435     -0.774     0.1432    -0.4872 -9.990e-29
 148.964664     -0.770   0.228626    12.8288    -1.8442     -0.764     0.1432    -0.4878 -9.990e-29
 148.964670     -0.760   0.228626    12.8346    -1.8448     -0.754     0.1432    -0.4885 -9.990e-29
 148.964676     -0.754   0.228627    12.8405    -1.8454     -0.748     0.1432    -0.4893 -9.990e-29
 148.964682     -0.752   0.228628    12.8469    -1.8459     -0.746     0.1432    -0.4901 -9.990e-29
 148.964688     -0.750   0.228629    12.8538    -1.8458     -0.744     0.1431    -0.4910 -9.990e-29
 148.964693     -0.743   0.228629    12.8605    -1.8458     -0.737     0.1431    -0.4918 -9.990e-29
 148.964699     -0.734   0.228629    12.8660    -1.8458     -0.728     0.1431    -0.4925 -9.990e-29
 148.964705     -0.729   0.228630    12.8683    -1.8458     -0.723     0.1431    -0.4928 -9.990e-29
 148.964711     -0.725   0.228630    12.8648    -1.8457     -0.719     0.1431    -0.4924 -9.990e-29
 148.964716     -0.724   0.228630    12.8551    -1.8456     -0.718     0.1431    -0.4911 -9.990e-29
 148.964722     -0.725   0.228631    12.8421    -1.8458     -0.719     0.1432    -0.4895 -9.990e-29
 148.964728     -0.728   0.228631    12.8298    -1.8461     -0.722     0.1432    -0.4879 -9.990e-29
 148.964734     -0.729   0.228631    12.8218    -1.8463     -0.723     0.1432    -0.4869 -9.990e-29
 148.964740     -0.724   0.228632    12.8186    -1.8462     -0.718     0.1433    -0.4865 -9.990e-29
 148.964745     -0.717   0.228632    12.8176    -1.8462     -0.711     0.1433    -0.4864 -9.990e-29
 148.964751     -0.711   0.228631    12.8173    -1.8462     -0.705     0.1433    -0.4863 -9.990e-29
 148.964757     -0.707   0.228630    12.8176    -1.8466     -0.701     0.1433    -0.4864 -9.990e-29
 148.964763     -0.703   0.228626    12.8184    -1.8473     -0.697     0.1433    -0.4865 -9.990e-29
 148.964769     -0.700   0.228613    12.8182    -1.8477     -0.694     0.1432    -0.4864 -9.990e-29
 148.964774     -0.697   0.228572    12.8154    -1.8479     -0.691     0.1432    -0.4861 -9.990e-29
 148.964780     -0.695   0.228449    12.8111    -1.8481     -0.689     0.1432    -0.4856 -9.990e-29
 148.964786     -0.693   0.228079    12.8076    -1.8480     -0.687     0.1429    -0.4853 -9.990e-29
 148.964792     -0.691   0.227524    12.8063    -1.8477     -0.685     0.1426    -0.4855 -9.990e-29
 148.964797     -0.689   0.227154    12.8053    -1.8474     -0.683     0.1424    -0.4855 -9.990e-29
 148.964803     -0.687   0.227031    12.8014    -1.8472     -0.681     0.1423    -0.4851 -9.990e-29
 148.964809     -0.685   0.226990    12.7933    -1.8469     -0.679     0.1423    -0.4841 -9.990e-29
 148.964815     -0.683   0.226976    12.7829    -1.8468     -0.677     0.1423    -0.4828 -9.990e-29
 148.964821     -0.679   0.226972    12.7736    -1.8465     -0.673     0.1424    -0.4816 -9.990e-29
 148.964826     -0.675   0.226970    12.7673    -1.8461     -0.669     0.1424    -0.4808 -9.990e-29
 148.964832     -0.670   0.226968    12.7646    -1.8458     -0.664     0.1424    -0.4804 -9.990e-29
 148.964838     -0.663   0.226963    12.7663    -1.8456     -0.657     0.1424    -0.4807 -9.990e-29
 148.964844     -0.655   0.226950    12.7714    -1.8451     -0.650     0.1423    -0.4813 -9.990e-29
 148.964850     -0.644   0.226909    12.7778    -1.8451     -0.639     0.1423    -0.4821 -9.990e-29
 148.964855     -0.630   0.226786    12.7841    -1.8450     -0.625     0.1422    -0.4830 -9.990e-29
 148.964861     -0.616   0.226416    12.7897    -1.8448     -0.611     0.1419    -0.4839 -9.990e-29
 148.964867     -0.607   0.225861    12.7953    -1.8446     -0.602     0.1416    -0.4849 -9.990e-29
 148.964873     -0.600   0.225491    12.8018    -1.8444     -0.595     0.1413    -0.4859 -9.990e-29
 148.964878     -0.596   0.225368    12.8093    -1.8441     -0.591     0.1412    -0.4869 -9.990e-29
 148.964884     -0.590   0.225329    12.8169    -1.8442     -0.585     0.1412    -0.4879 -9.990e-29
 148.964890     -0.577   0.225320    12.8242    -1.8437     -0.572     0.1411    -0.4888 -9.990e-29
 148.964896     -0.562   0.225329    12.8308    -1.8431     -0.557     0.1411    -0.4897 -9.990e-29
 148.964902     -0.547   0.225367    12.8355    -1.8426     -0.542     0.1411    -0.4902 -9.990e-29
 148.964907     -0.531   0.225486    12.8388    -1.8424     -0.527     0.1412    -0.4906 -9.990e-29
 148.964913     -0.517   0.225843    12.8428    -1.8426     -0.513     0.1414    -0.4909 -9.990e-29
 148.964919     -0.506   0.226357    12.8481    -1.8432     -0.502     0.1417    -0.4914 -9.990e-29
 148.964925     -0.491   0.226604    12.8539    -1.8438     -0.487     0.1419    -0.4920 -9.990e-29
 148.964931     -0.476   0.226357    12.8591    -1.8442     -0.472     0.1417    -0.4928 -9.990e-29
 148.964936     -0.465   0.225843    12.8650    -1.8442     -0.461     0.1413    -0.4938 -9.990e-29
 148.964942     -0.456   0.225487    12.8739    -1.8440     -0.452     0.1411    -0.4951 -9.990e-29
 148.964948     -0.449   0.225369    12.8845    -1.8444     -0.445     0.1410    -0.4965 -9.990e-29
 148.964954     -0.444   0.225330    12.8928    -1.8445     -0.440     0.1409    -0.4976 -9.990e-29
 148.964959     -0.440   0.225317    12.8957    -1.8443     -0.436     0.1409    -0.4980 -9.990e-29
 148.964965     -0.438   0.225313    12.8919    -1.8443     -0.434     0.1409    -0.4975 -9.990e-29
 148.964971     -0.436   0.225311    12.8828    -1.8448     -0.432     0.1409    -0.4963 -9.990e-29
 148.964977     -0.435   0.225311    12.8723    -1.8456     -0.431     0.1410    -0.4950 -9.990e-29
 148.964983     -0.435   0.225311    12.8644    -1.8466     -0.431     0.1410    -0.4940 -9.990e-29
 148.964988     -0.436   0.225312    12.8608    -1.8472     -0.432     0.1410    -0.4935 -9.990e-29
 148.964994     -0.438   0.225312    12.8586    -1.8475     -0.434     0.1410    -0.4932 -9.990e-29
 148.965000     -0.440   0.225312    12.8554    -1.8478     -0.436     0.1410    -0.4928 -9.990e-29
 148.965006     -0.444   0.225313    12.8530    -1.8477     -0.440     0.1410    -0.4925 -9.990e-29
 148.965012     -0.449   0.225313    12.8519    -1.8480     -0.445     0.1410    -0.4924 -9.990e-29
 148.965017     -0.451   0.225313    12.8481    -1.8482     -0.447     0.1411    -0.4919 -9.990e-29
 148.965023     -0.447   0.225313    12.8379    -1.8485     -0.443     0.1411    -0.4906 -9.990e-29
 148.965029     -0.440   0.225314    12.8218    -1.8485     -0.436     0.1411    -0.4885 -9.990e-29
 148.965035     -0.434   0.225314    12.8040    -1.8483     -0.430     0.1412    -0.4863 -9.990e-29
 148.965041     -0.428   0.225314    12.7892    -1.8482     -0.424     0.1413    -0.4844 -9.990e-29
 148.965046     -0.423   0.225315    12.7790    -1.8483     -0.419     0.1413    -0.4831 -9.990e-29
 148.965052     -0.418   0.225315    12.7726    -1.8482     -0.415     0.1413    -0.4823 -9.990e-29
 148.965058     -0.412   0.225315    12.7682    -1.8480     -0.409     0.1413    -0.4817 -9.990e-29
 148.965064     -0.406   0.225316    12.7638    -1.8479     -0.403     0.1413    -0.4812 -9.990e-29
 148.965069     -0.399   0.225318    12.7593    -1.8477     -0.396     0.1414    -0.4806 -9.990e-29
 148.965075     -0.391   0.225322    12.7562    -1.8477     -0.388     0.1414    -0.4802 -9.990e-29
 148.965081     -0.380   0.225335    12.7556    -1.8476     -0.377     0.1414    -0.4801 -9.990e-29
 148.965087     -0.371   0.225372    12.7569    -1.8475     -0.368     0.1414    -0.4802 -9.990e-29
 148.965093     -0.367   0.225482    12.7583    -1.8471     -0.364     0.1415    -0.4804 -9.990e-29
 148.965098     -0.364   0.225811    12.7594    -1.8473     -0.361     0.1417    -0.4803 -9.990e-29
 148.965104     -0.362   0.226243    12.7612    -1.8476     -0.359     0.1419    -0.4804 -9.990e-29
 148.965110     -0.364   0.226243    12.7640    -1.8476     -0.361     0.1419    -0.4807 -9.990e-29
 148.965116     -0.367   0.225812    12.7673    -1.8479     -0.364     0.1416    -0.4813 -9.990e-29
 148.965122     -0.366   0.225483    12.7705    -1.8484     -0.363     0.1414    -0.4819 -9.990e-29
