data/oxygen options/ONMS/Olympic_Coast_National_Marine_Sanctuary_CTD_Data_2005_2023/raw_data/2023/CAST_CA042_230831faedb.cnv
* Sea-Bird SBE 19 Data File:
* FileName = C:\Users\OCNMS.Inst\Documents\2023 Mooring Data\Casts\CAST_CA042_230831.hex
* Software Version SeatermAF 2.1.4.55
* Temperature SN = 2997
* Conductivity SN = 2997
* System UpLoad Time = Aug 31 2023 23:13:01 (localtime) = Aug 31 2023 23:13:01 (UTC)
** CAST_CA042_230831
* ds
# nquan = 9
# nvalues = 42                          
# units = specified
# name 0 = timeJ: Julian Days
# name 1 = prSM: Pressure, Strain Gauge [db]
# name 2 = c0mS/cm: Conductivity [mS/cm]
# name 3 = t090C: Temperature [ITS-90, deg C]
# name 4 = sbeox0ML/L: Oxygen, SBE 43 [ml/l]
# name 5 = depSM: Depth [salt water, m], lat = 47.5
# name 6 = sal00: Salinity, Practical [PSU]
# name 7 = sigma-é00: Density [sigma-theta, kg/m^3]
# name 8 = flag: flag
# span 0 = 243.785910, 243.786837       
# span 1 =      1.000,     42.000       
# span 2 =  35.524756,  38.435275       
# span 3 =     8.8122,    13.2584       
# span 4 =     2.2713,     6.9202       
# span 5 =      0.992,     41.645       
# span 6 =    32.3652,    33.4795       
# span 7 =    24.3103,    25.9437       
# span 8 = 0.0000e+00, 0.0000e+00       
# interval = decibars: 1                
# start_time = Aug 31 2023 18:46:07 [Instrument's time stamp, header]
# bad_flag = -9.990e-29
*END*
 243.785910      1.000  38.435275    13.2584     6.9202      0.992    32.3765    24.3103 0.0000e+00
 243.785941      2.000  38.212560    13.0255     6.7536      1.983    32.3652    24.3475 0.0000e+00
 243.785967      3.000  38.090363    12.7542     6.7082      2.975    32.4820    24.4907 0.0000e+00
 243.785991      4.000  37.710131    12.1408     6.7419      3.967    32.6498    24.7378 0.0000e+00
 243.786017      5.000  37.526956    11.6868     6.7140      4.958    32.8712    24.9943 0.0000e+00
 243.786038      6.000  37.483216    11.5439     6.7085      5.950    32.9550    25.0856 0.0000e+00
 243.786060      7.000  37.467765    11.5085     6.6886      6.942    32.9708    25.1044 0.0000e+00
 243.786081      8.000  37.454043    11.4762     6.6764      7.933    32.9858    25.1219 0.0000e+00
 243.786105      9.000  37.462755    11.4786     6.6570      8.925    32.9918    25.1262 0.0000e+00
 243.786126     10.000  37.440409    11.4419     6.6496      9.916    33.0022    25.1410 0.0000e+00
 243.786146     11.000  37.426054    11.4332     6.6334     10.908    32.9955    25.1374 0.0000e+00
 243.786170     12.000  37.412287    11.4050     6.5498     11.900    33.0067    25.1512 0.0000e+00
 243.786191     13.000  37.342294    11.3389     6.5242     12.891    32.9966    25.1554 0.0000e+00
 243.786211     14.000  37.288598    11.2720     6.5474     13.883    33.0032    25.1725 0.0000e+00
 243.786232     15.000  37.273986    11.2224     6.5416     14.874    33.0328    25.2045 0.0000e+00
 243.786254     16.000  37.271721    11.2171     6.5448     15.866    33.0348    25.2071 0.0000e+00
 243.786276     17.000  37.266869    11.2070     6.5533     16.858    33.0387    25.2120 0.0000e+00
 243.786296     18.000  37.258229    11.1942     6.5363     17.849    33.0412    25.2162 0.0000e+00
 243.786316     19.000  37.253510    11.1860     6.5355     18.841    33.0435    25.2195 0.0000e+00
 243.786338     20.000  37.249873    11.1787     6.5431     19.832    33.0461    25.2228 0.0000e+00
 243.786358     21.000  37.228176    11.1511     6.5310     20.824    33.0491    25.2301 0.0000e+00
 243.786380     22.000  37.207917    11.1241     6.4749     21.815    33.0528    25.2378 0.0000e+00
 243.786402     23.000  37.198041    11.1006     6.3280     22.807    33.0638    25.2506 0.0000e+00
 243.786422     24.000  37.156130    11.0242     6.2846     23.798    33.0906    25.2851 0.0000e+00
 243.786441     25.000  37.129517    10.9829     6.2748     24.790    33.1011    25.3005 0.0000e+00
 243.786462     26.000  37.115962    10.9722     6.2365     25.782    33.0968    25.2992 0.0000e+00
 243.786485     27.000  37.089789    10.9166     6.1981     26.773    33.1206    25.3275 0.0000e+00
 243.786506     28.000  37.064279    10.8775     6.1802     27.764    33.1301    25.3419 0.0000e+00
 243.786526     29.000  37.052808    10.8549     6.1654     28.756    33.1387    25.3525 0.0000e+00
 243.786545     30.000  37.031201    10.8283     6.1640     29.747    33.1408    25.3589 0.0000e+00
 243.786566     31.000  37.024021    10.8223     6.1754     30.739    33.1387    25.3583 0.0000e+00
 243.786588     32.000  37.024903    10.8160     6.1872     31.730    33.1448    25.3642 0.0000e+00
 243.786609     33.000  37.025104    10.8162     6.1702     32.722    33.1445    25.3639 0.0000e+00
 243.786630     34.000  37.011455    10.7840     6.1053     33.714    33.1595    25.3814 0.0000e+00
 243.786649     35.000  36.967842    10.7406     6.0981     34.705    33.1550    25.3854 0.0000e+00
 243.786670     36.000  36.934579    10.7021     5.9583     35.697    33.1562    25.3931 0.0000e+00
 243.786692     37.000  36.902513    10.6207     5.5410     36.688    33.1977    25.4396 0.0000e+00
 243.786713     38.000  36.788738    10.4643     5.0397     37.679    33.2257    25.4886 0.0000e+00
 243.786733     39.000  36.638973    10.2363     4.2844     38.671    33.2830    25.5722 0.0000e+00
 243.786754     40.000  36.370618     9.8823     3.0900     39.662    33.3362    25.6732 0.0000e+00
 243.786778     41.000  35.938571     9.2512     2.2713     40.654    33.4795    25.8880 0.0000e+00
 243.786837     42.000  35.524756     8.8122     3.0777     41.645    33.4613    25.9437 0.0000e+00
