data/oxygen options/ONMS/Olympic_Coast_National_Marine_Sanctuary_CTD_Data_2005_2023/raw_data/2023/CAST_KL027_230717faedb.cnv
* Sea-Bird SBE 19 Data File:
* FileName = C:\Users\OCNMS.Inst\Documents\2023 Mooring Data\Casts\CAST_KL027_230717.hex
* Software Version SeatermAF 2.1.4.55
* Temperature SN = 2997
* Conductivity SN = 2997
* System UpLoad Time = Jul 18 2023 00:01:13 (localtime) = Jul 18 2023 00:01:13 (UTC)
** CAST_KL027_230717
* ds
# nquan = 9
# nvalues = 26                          
# units = specified
# name 0 = timeJ: Julian Days
# name 1 = prSM: Pressure, Strain Gauge [db]
# name 2 = c0mS/cm: Conductivity [mS/cm]
# name 3 = t090C: Temperature [ITS-90, deg C]
# name 4 = sbeox0ML/L: Oxygen, SBE 43 [ml/l]
# name 5 = depSM: Depth [salt water, m], lat = 47.5
# name 6 = sal00: Salinity, Practical [PSU]
# name 7 = sigma-é00: Density [sigma-theta, kg/m^3]
# name 8 = flag: flag
# span 0 = 198.996016, 198.996647       
# span 1 =      1.000,     26.000       
# span 2 =  35.026161,  39.197765       
# span 3 =     8.0055,    13.0498       
# span 4 =     2.0814,     4.2714       
# span 5 =      0.992,     25.781       
# span 6 =    33.2152,    33.7205       
# span 7 =    25.0480,    26.2685       
# span 8 = 0.0000e+00, 0.0000e+00       
# interval = decibars: 1                
# start_time = Jul 17 2023 23:46:21 [Instrument's time stamp, header]
# bad_flag = -9.990e-29
*END*
 198.996016      1.000  39.197765    13.0498     4.2631      0.992    33.2758    25.0480 0.0000e+00
 198.996048      2.000  38.727776    12.6098     4.2714      1.983    33.2152    25.0867 0.0000e+00
 198.996074      3.000  38.372464    12.2180     4.2386      2.975    33.2207    25.1662 0.0000e+00
 198.996097      4.000  38.240269    12.0270     4.2160      3.967    33.2625    25.2348 0.0000e+00
 198.996119      5.000  38.098015    11.8459     3.9915      4.958    33.2857    25.2868 0.0000e+00
 198.996142      6.000  37.905660    11.5105     3.8138      5.950    33.3990    25.4366 0.0000e+00
 198.996165      7.000  37.654699    11.1884     3.5943      6.941    33.4430    25.5295 0.0000e+00
 198.996186      8.000  37.429807    10.8804     3.4250      7.933    33.5001    25.6290 0.0000e+00
 198.996209      9.000  37.035624    10.5530     3.3763      8.925    33.4053    25.6125 0.0000e+00
 198.996233     10.000  36.707201    10.0719     3.3489      9.916    33.5167    25.7818 0.0000e+00
 198.996254     11.000  36.328625     9.7831     3.0958     10.908    33.3983    25.7377 0.0000e+00
 198.996277     12.000  35.815725     9.0507     2.7531     11.900    33.5536    25.9777 0.0000e+00
 198.996300     13.000  35.330513     8.5358     2.7114     12.891    33.5321    26.0410 0.0000e+00
 198.996322     14.000  35.219734     8.4051     2.6436     13.883    33.5390    26.0663 0.0000e+00
 198.996345     15.000  35.157143     8.3006     2.4158     14.874    33.5719    26.1079 0.0000e+00
 198.996366     16.000  35.061871     8.1471     2.3008     15.866    33.6171    26.1663 0.0000e+00
 198.996388     17.000  35.027214     8.0664     2.2585     16.857    33.6572    26.2097 0.0000e+00
 198.996411     18.000  35.026161     8.0406     2.1911     17.849    33.6804    26.2318 0.0000e+00
 198.996433     19.000  35.029975     8.0191     2.1575     18.841    33.7048    26.2541 0.0000e+00
 198.996457     20.000  35.045096     8.0256     2.1352     19.832    33.7142    26.2605 0.0000e+00
 198.996482     21.000  35.034975     8.0134     2.1335     20.824    33.7146    26.2627 0.0000e+00
 198.996506     22.000  35.032665     8.0097     2.1080     21.815    33.7152    26.2637 0.0000e+00
 198.996531     23.000  35.036593     8.0092     2.1078     22.807    33.7194    26.2671 0.0000e+00
 198.996553     24.000  35.033143     8.0101     2.0997     23.798    33.7144    26.2631 0.0000e+00
 198.996580     25.000  35.038871     8.0116     2.0899     24.790    33.7186    26.2661 0.0000e+00
 198.996647     26.000  35.035590     8.0055     2.0814     25.781    33.7205    26.2685 0.0000e+00
