data/oxygen options/ONMS/Olympic_Coast_National_Marine_Sanctuary_CTD_Data_2005_2023/raw_data/2023/CAST_CA015_230526faed.cnv
* Sea-Bird SBE 19 Data File:
* FileName = C:\Users\OCNMS.Inst\Documents\2023 Mooring Data\Casts\CAST_CA015_230526.hex
* Software Version SeatermAF 2.1.4.55
* Temperature SN = 2997
* Conductivity SN = 2997
* System UpLoad Time = May 26 2023 20:44:44 (localtime) = May 26 2023 20:44:44 (UTC)
** CAST_CA015_230526
* ds
# nquan = 9                                 
# nvalues = 853                         
# units = specified
# name 0 = timeJ: Julian Days
# name 1 = prSM: Pressure, Strain Gauge [db]
# name 2 = c0mS/cm: Conductivity [mS/cm]
# name 3 = t090C: Temperature [ITS-90, deg C]
# name 4 = sbeox0ML/L: Oxygen, SBE 43 [ml/l]
# name 5 = depSM: Depth [salt water, m], lat = 47.5
# name 6 = sal00: Salinity, Practical [PSU]
# name 7 = sigma-é00: Density [sigma-theta, kg/m^3]
# name 8 = flag: flag
# span 0 = 146.854549, 146.859479       
# span 1 =     -6.240,      9.412       
# span 2 =   0.211039,  36.911797       
# span 3 =     8.4265,    15.4102       
# span 4 =    -1.8467,    19.0872       
# span 5 =     -6.188,      9.333       
# span 6 =     0.1250,    33.0759       
# span 7 =    -0.8646,    25.6987       
# span 8 = 0.0000e+00, 0.0000e+00       
# interval = seconds: 0.5
# start_time = May 26 2023 20:30:33 [Instrument's time stamp, header]
# bad_flag = -9.990e-29
*END*
[from data line 161]
 146.855480     -2.974   0.227300    14.9389    -1.8302     -2.949     0.1356    -0.7846 -9.990e-29
 146.855486     -2.959   0.227424    14.9198    -1.8307     -2.934     0.1357    -0.7816 -9.990e-29
 146.855492     -2.943   0.227466    14.9047    -1.8318     -2.918     0.1358    -0.7793 -9.990e-29
 146.855498     -2.934   0.227481    14.8976    -1.8332     -2.910     0.1358    -0.7782 -9.990e-29
 146.855503     -2.930   0.227488    14.8988    -1.8340     -2.906     0.1358    -0.7784 -9.990e-29
 146.855509     -2.922   0.227494    14.9036    -1.8346     -2.898     0.1358    -0.7791 -9.990e-29
 146.855515     -2.908   0.227509    14.9064    -1.8342     -2.884     0.1358    -0.7795 -9.990e-29
 146.855521     -2.888   0.227551    14.9048    -1.8335     -2.864     0.1358    -0.7793 -9.990e-29
 146.855527     -2.872   0.227675    14.8989    -1.8330     -2.848     0.1359    -0.7783 -9.990e-29
 146.855532     -2.857   0.228045    14.8886    -1.8331     -2.833     0.1362    -0.7766 -9.990e-29
 146.855538     -2.839   0.228600    14.8722    -1.8328     -2.815     0.1366    -0.7738 -9.990e-29
 146.855544     -2.821   0.228970    14.8489    -1.8324     -2.797     0.1368    -0.7701 -9.990e-29
 146.855550     -2.806   0.229094    14.8238    -1.8322     -2.783     0.1370    -0.7662 -9.990e-29
 146.855556     -2.792   0.229136    14.8042    -1.8320     -2.769     0.1371    -0.7632 -9.990e-29
 146.855561     -2.780   0.229151    14.7951    -1.8317     -2.757     0.1371    -0.7619 -9.990e-29
 146.855567     -2.768   0.229156    14.7976    -1.8321     -2.745     0.1371    -0.7622 -9.990e-29
 146.855573     -2.755   0.229158    14.8070    -1.8325     -2.732     0.1371    -0.7636 -9.990e-29
 146.855579     -2.741   0.229159    14.8157    -1.8328     -2.718     0.1371    -0.7650 -9.990e-29
 146.855584     -2.725   0.229159    14.8221    -1.8327     -2.702     0.1370    -0.7659 -9.990e-29
 146.855590     -2.706   0.229156    14.8289    -1.8329     -2.683     0.1370    -0.7670 -9.990e-29
 146.855596     -2.682   0.229148    14.8363    -1.8327     -2.660     0.1370    -0.7681 -9.990e-29
 146.855602     -2.656   0.229121    14.8424    -1.8320     -2.634     0.1370    -0.7690 -9.990e-29
 146.855608     -2.636   0.229039    14.8466    -1.8313     -2.614     0.1369    -0.7697 -9.990e-29
 146.855613     -2.624   0.228793    14.8472    -1.8303     -2.602     0.1367    -0.7699 -9.990e-29
 146.855619     -2.615   0.228608    14.8430    -1.8296     -2.593     0.1366    -0.7694 -9.990e-29
 146.855625     -2.604   0.228789    14.8367    -1.8295     -2.582     0.1368    -0.7683 -9.990e-29
 146.855631     -2.592   0.229022    14.8323    -1.8292     -2.570     0.1369    -0.7675 -9.990e-29
 146.855637     -2.576   0.229064    14.8308    -1.8292     -2.555     0.1370    -0.7673 -9.990e-29
 146.855642     -2.560   0.228969    14.8321    -1.8297     -2.539     0.1369    -0.7675 -9.990e-29
 146.855648     -2.548   0.228609    14.8388    -1.8303     -2.527     0.1367    -0.7687 -9.990e-29
 146.855654     -2.538   0.228058    14.8520    -1.8307     -2.517     0.1363    -0.7710 -9.990e-29
 146.855660     -2.530   0.227690    14.8698    -1.8312     -2.509     0.1360    -0.7739 -9.990e-29
 146.855666     -2.524   0.227568    14.8884    -1.8313     -2.503     0.1359    -0.7767 -9.990e-29
 146.855671     -2.519   0.227528    14.9028    -1.8316     -2.498     0.1358    -0.7790 -9.990e-29
 146.855677     -2.515   0.227515    14.9113    -1.8318     -2.494     0.1358    -0.7803 -9.990e-29
 146.855683     -2.512   0.227511    14.9151    -1.8318     -2.491     0.1358    -0.7808 -9.990e-29
 146.855689     -2.508   0.227510    14.9132    -1.8317     -2.487     0.1358    -0.7805 -9.990e-29
 146.855694     -2.505   0.227510    14.9052    -1.8320     -2.484     0.1358    -0.7793 -9.990e-29
 146.855700     -2.502   0.227510    14.8943    -1.8321     -2.481     0.1358    -0.7777 -9.990e-29
 146.855706     -2.499   0.227511    14.8834    -1.8323     -2.478     0.1359    -0.7760 -9.990e-29
 146.855712     -2.495   0.227512    14.8738    -1.8326     -2.474     0.1359    -0.7745 -9.990e-29
 146.855718     -2.490   0.227512    14.8665    -1.8326     -2.469     0.1359    -0.7734 -9.990e-29
 146.855723     -2.485   0.227513    14.8609    -1.8324     -2.464     0.1359    -0.7726 -9.990e-29
 146.855729     -2.478   0.227514    14.8569    -1.8325     -2.457     0.1359    -0.7720 -9.990e-29
 146.855735     -2.469   0.227514    14.8547    -1.8330     -2.448     0.1360    -0.7716 -9.990e-29
 146.855741     -2.458   0.227515    14.8528    -1.8333     -2.438     0.1360    -0.7714 -9.990e-29
 146.855747     -2.444   0.227516    14.8498    -1.8332     -2.424     0.1360    -0.7709 -9.990e-29
 146.855752     -2.426   0.227516    14.8460    -1.8326     -2.406     0.1360    -0.7703 -9.990e-29
 146.855758     -2.403   0.227517    14.8421    -1.8321     -2.383     0.1360    -0.7697 -9.990e-29
 146.855764     -2.378   0.227517    14.8387    -1.8315     -2.358     0.1360    -0.7692 -9.990e-29
 146.855770     -2.357   0.227518    14.8373    -1.8310     -2.337     0.1360    -0.7690 -9.990e-29
 146.855775     -2.344   0.227519    14.8365    -1.8305     -2.324     0.1360    -0.7689 -9.990e-29
 146.855781     -2.338   0.227519    14.8330    -1.8316     -2.319     0.1360    -0.7683 -9.990e-29
 146.855787     -2.333   0.227520    14.8270    -1.8323     -2.314     0.1360    -0.7674 -9.990e-29
 146.855793     -2.327   0.227520    14.8234    -1.8329     -2.308     0.1361    -0.7669 -9.990e-29
 146.855799     -2.321   0.227520    14.8263    -1.8331     -2.302     0.1360    -0.7673 -9.990e-29
 146.855804     -2.317   0.227517    14.8357    -1.8329     -2.298     0.1360    -0.7688 -9.990e-29
 146.855810     -2.310   0.227507    14.8479    -1.8325     -2.291     0.1360    -0.7706 -9.990e-29
 146.855816     -2.303   0.227475    14.8601    -1.8325     -2.284     0.1359    -0.7725 -9.990e-29
 146.855822     -2.300   0.227380    14.8695    -1.8327     -2.281     0.1358    -0.7739 -9.990e-29
 146.855828     -2.296   0.227093    14.8705    -1.8327     -2.277     0.1357    -0.7742 -9.990e-29
 146.855833     -2.288   0.226786    14.8607    -1.8322     -2.269     0.1355    -0.7729 -9.990e-29
 146.855839     -2.279   0.226602    14.8467    -1.8318     -2.260     0.1354    -0.7708 -9.990e-29
 146.855845     -2.273   0.226295    14.8354    -1.8319     -2.254     0.1353    -0.7693 -9.990e-29
 146.855851     -2.269   0.226008    14.8299    -1.8321     -2.250     0.1351    -0.7686 -9.990e-29
 146.855856     -2.267   0.225913    14.8306    -1.8319     -2.248     0.1351    -0.7687 -9.990e-29
 146.855862     -2.267   0.225882    14.8338    -1.8317     -2.248     0.1350    -0.7692 -9.990e-29
 146.855868     -2.268   0.225872    14.8353    -1.8321     -2.249     0.1350    -0.7695 -9.990e-29
 146.855874     -2.272   0.225869    14.8356    -1.8327     -2.253     0.1350    -0.7695 -9.990e-29
 146.855880     -2.274   0.225868    14.8385    -1.8335     -2.255     0.1350    -0.7699 -9.990e-29
 146.855885     -2.269   0.225868    14.8447    -1.8342     -2.250     0.1350    -0.7709 -9.990e-29
 146.855891     -2.262   0.225869    14.8501    -1.8344     -2.243     0.1350    -0.7717 -9.990e-29
 146.855897     -2.257   0.225869    14.8516    -1.8342     -2.238     0.1350    -0.7719 -9.990e-29
 146.855903     -2.253   0.225870    14.8514    -1.8334     -2.234     0.1350    -0.7719 -9.990e-29
 146.855909     -2.251   0.225870    14.8517    -1.8326     -2.232     0.1350    -0.7719 -9.990e-29
 146.855914     -2.249   0.225870    14.8499    -1.8318     -2.230     0.1350    -0.7717 -9.990e-29
 146.855920     -2.247   0.225867    14.8423    -1.8315     -2.228     0.1350    -0.7705 -9.990e-29
 146.855926     -2.247   0.225857    14.8293    -1.8311     -2.228     0.1350    -0.7686 -9.990e-29
 146.855932     -2.247   0.225825    14.8144    -1.8306     -2.228     0.1351    -0.7663 -9.990e-29
 146.855938     -2.243   0.225730    14.8027    -1.8299     -2.224     0.1350    -0.7646 -9.990e-29
 146.855943     -2.232   0.225443    14.7987    -1.8295     -2.213     0.1349    -0.7641 -9.990e-29
 146.855949     -2.215   0.225136    14.8043    -1.8293     -2.197     0.1347    -0.7651 -9.990e-29
 146.855955     -2.198   0.224952    14.8181    -1.8293     -2.180     0.1345    -0.7673 -9.990e-29
 146.855961     -2.178   0.224644    14.8354    -1.8291     -2.160     0.1343    -0.7700 -9.990e-29
 146.855966     -2.154   0.224357    14.8517    -1.8291     -2.136     0.1341    -0.7727 -9.990e-29
 146.855972     -2.129   0.224262    14.8650    -1.8291     -2.111     0.1340    -0.7747 -9.990e-29
 146.855978     -2.110   0.224230    14.8771    -1.8291     -2.092     0.1339    -0.7766 -9.990e-29
 146.855984     -2.096   0.224220    14.8898    -1.8285     -2.079     0.1339    -0.7785 -9.990e-29
 146.855990     -2.081   0.224216    14.9024    -1.8278     -2.064     0.1338    -0.7804 -9.990e-29
 146.855995     -2.065   0.224214    14.9126    -1.8274     -2.048     0.1338    -0.7820 -9.990e-29
 146.856001     -2.047   0.224214    14.9192    -1.8271     -2.030     0.1338    -0.7830 -9.990e-29
 146.856007     -2.029   0.224214    14.9231    -1.8266     -2.012     0.1338    -0.7836 -9.990e-29
 146.856013     -2.016   0.224214    14.9258    -1.8266     -1.999     0.1338    -0.7840 -9.990e-29
 146.856019     -2.005   0.224213    14.9278    -1.8270     -1.988     0.1337    -0.7843 -9.990e-29
 146.856024     -1.996   0.224212    14.9303    -1.8273     -1.979     0.1337    -0.7847 -9.990e-29
 146.856030     -1.990   0.224207    14.9359    -1.8272     -1.973     0.1337    -0.7855 -9.990e-29
 146.856036     -1.985   0.224193    14.9463    -1.8263     -1.968     0.1337    -0.7871 -9.990e-29
 146.856042     -1.981   0.224152    14.9590    -1.8256     -1.964     0.1336    -0.7891 -9.990e-29
 146.856047     -1.977   0.224029    14.9705    -1.8253     -1.961     0.1335    -0.7909 -9.990e-29
 146.856053     -1.975   0.223659    14.9798    -1.8249     -1.959     0.1333    -0.7925 -9.990e-29
 146.856059     -1.973   0.223105    14.9860    -1.8246     -1.957     0.1329    -0.7937 -9.990e-29
 146.856065     -1.971   0.222735    14.9869    -1.8244     -1.955     0.1327    -0.7940 -9.990e-29
 146.856071     -1.969   0.222612    14.9839    -1.8244     -1.953     0.1326    -0.7936 -9.990e-29
 146.856076     -1.967   0.222571    14.9826    -1.8249     -1.951     0.1326    -0.7934 -9.990e-29
 146.856082     -1.965   0.222557    14.9880    -1.8252     -1.949     0.1326    -0.7943 -9.990e-29
 146.856088     -1.963   0.222553    15.0003    -1.8252     -1.947     0.1325    -0.7962 -9.990e-29
 146.856094     -1.961   0.222551    15.0140    -1.8251     -1.945     0.1325    -0.7983 -9.990e-29
 146.856100     -1.958   0.222550    15.0251    -1.8252     -1.942     0.1325    -0.8000 -9.990e-29
 146.856105     -1.955   0.222550    15.0344    -1.8248     -1.939     0.1324    -0.8014 -9.990e-29
 146.856111     -1.951   0.222550    15.0417    -1.8243     -1.935     0.1324    -0.8025 -9.990e-29
 146.856117     -1.946   0.222550    15.0455    -1.8242     -1.930     0.1324    -0.8031 -9.990e-29
 146.856123     -1.939   0.222549    15.0447    -1.8238     -1.923     0.1324    -0.8030 -9.990e-29
 146.856128     -1.931   0.222548    15.0396    -1.8236     -1.915     0.1324    -0.8022 -9.990e-29
 146.856134     -1.925   0.222545    15.0341    -1.8237     -1.909     0.1324    -0.8014 -9.990e-29
 146.856140     -1.924   0.222534    15.0320    -1.8245     -1.908     0.1324    -0.8010 -9.990e-29
 146.856146     -1.925   0.222502    15.0327    -1.8247     -1.909     0.1324    -0.8012 -9.990e-29
 146.856152     -1.923   0.222406    15.0355    -1.8245     -1.907     0.1323    -0.8016 -9.990e-29
 146.856157     -1.918   0.222118    15.0415    -1.8242     -1.902     0.1322    -0.8027 -9.990e-29
 146.856163     -1.910   0.221810    15.0494    -1.8240     -1.894     0.1319    -0.8041 -9.990e-29
 146.856169     -1.899   0.221626    15.0567    -1.8238     -1.883     0.1318    -0.8053 -9.990e-29
 146.856175     -1.887   0.221318    15.0623    -1.8236     -1.871     0.1316    -0.8063 -9.990e-29
 146.856181     -1.879   0.221030    15.0649    -1.8233     -1.863     0.1314    -0.8068 -9.990e-29
 146.856186     -1.869   0.220934    15.0621    -1.8227     -1.853     0.1314    -0.8064 -9.990e-29
 146.856192     -1.854   0.220902    15.0555    -1.8227     -1.839     0.1314    -0.8054 -9.990e-29
 146.856198     -1.839   0.220892    15.0510    -1.8226     -1.824     0.1314    -0.8047 -9.990e-29
 146.856204     -1.834   0.220888    15.0522    -1.8223     -1.819     0.1314    -0.8049 -9.990e-29
 146.856209     -1.828   0.220886    15.0571    -1.8221     -1.813     0.1314    -0.8057 -9.990e-29
 146.856215     -1.818   0.220886    15.0626    -1.8218     -1.803     0.1314    -0.8065 -9.990e-29
 146.856221     -1.811   0.220886    15.0680    -1.8216     -1.796     0.1313    -0.8074 -9.990e-29
 146.856227     -1.807   0.220885    15.0743    -1.8218     -1.792     0.1313    -0.8083 -9.990e-29
 146.856233     -1.801   0.220884    15.0820    -1.8223     -1.786     0.1313    -0.8095 -9.990e-29
 146.856238     -1.798   0.220880    15.0894    -1.8223     -1.783     0.1313    -0.8107 -9.990e-29
 146.856244     -1.801   0.220867    15.0944    -1.8222     -1.786     0.1312    -0.8114 -9.990e-29
 146.856250     -1.806   0.220829    15.0990    -1.8220     -1.791     0.1312    -0.8122 -9.990e-29
 146.856256     -1.805   0.220715    15.1051    -1.8219     -1.790     0.1311    -0.8132 -9.990e-29
 146.856262     -1.794   0.220373    15.1117    -1.8215     -1.779     0.1309    -0.8143 -9.990e-29
 146.856267     -1.776   0.219901    15.1173    -1.8212     -1.761     0.1306    -0.8154 -9.990e-29
 146.856273     -1.758   0.219778    15.1197    -1.8208     -1.743     0.1305    -0.8159 -9.990e-29
 146.856279     -1.745   0.219839    15.1171    -1.8207     -1.730     0.1306    -0.8154 -9.990e-29
 146.856285     -1.735   0.219613    15.1124    -1.8204     -1.721     0.1304    -0.8148 -9.990e-29
 146.856291     -1.726   0.219353    15.1105    -1.8200     -1.712     0.1303    -0.8146 -9.990e-29
 146.856296     -1.720   0.219267    15.1121    -1.8195     -1.706     0.1302    -0.8149 -9.990e-29
 146.856302     -1.715   0.219238    15.1156    -1.8193     -1.701     0.1302    -0.8155 -9.990e-29
 146.856308     -1.712   0.219228    15.1210    -1.8191     -1.698     0.1302    -0.8163 -9.990e-29
 146.856314     -1.709   0.219224    15.1281    -1.8186     -1.695     0.1302    -0.8174 -9.990e-29
 146.856319     -1.706   0.219222    15.1359    -1.8183     -1.692     0.1301    -0.8186 -9.990e-29
 146.856325     -1.704   0.219220    15.1436    -1.8186     -1.690     0.1301    -0.8198 -9.990e-29
 146.856331     -1.703   0.219217    15.1508    -1.8189     -1.689     0.1301    -0.8209 -9.990e-29
 146.856337     -1.702   0.219208    15.1586    -1.8191     -1.688     0.1301    -0.8222 -9.990e-29
 146.856343     -1.701   0.219180    15.1678    -1.8190     -1.687     0.1300    -0.8236 -9.990e-29
 146.856348     -1.700   0.219097    15.1769    -1.8190     -1.686     0.1300    -0.8250 -9.990e-29
 146.856354     -1.700   0.218846    15.1846    -1.8189     -1.686     0.1298    -0.8264 -9.990e-29
 146.856360     -1.699   0.218647    15.1922    -1.8187     -1.685     0.1296    -0.8276 -9.990e-29
 146.856366     -1.699   0.218791    15.1998    -1.8186     -1.685     0.1297    -0.8287 -9.990e-29
 146.856372     -1.698   0.218914    15.2038    -1.8183     -1.684     0.1298    -0.8293 -9.990e-29
 146.856377     -1.698   0.218626    15.2023    -1.8181     -1.684     0.1296    -0.8292 -9.990e-29
 146.856383     -1.698   0.218099    15.1980    -1.8178     -1.684     0.1293    -0.8288 -9.990e-29
 146.856389     -1.697   0.217739    15.1949    -1.8175     -1.683     0.1291    -0.8285 -9.990e-29
 146.856395     -1.697   0.217619    15.1945    -1.8173     -1.683     0.1290    -0.8285 -9.990e-29
