data/oxygen options/ONMS/Olympic_Coast_National_Marine_Sanctuary_CTD_Data_2005_2023/raw_data/2023/CAST_MB042_230718faedb.cnv
* Sea-Bird SBE 19 Data File:
* FileName = C:\Users\OCNMS.Inst\Documents\2023 Mooring Data\Casts\CAST_MB042_230718.hex
* Software Version SeatermAF 2.1.4.55
* Temperature SN = 2997
* Conductivity SN = 2997
* System UpLoad Time = Jul 18 2023 20:18:23 (localtime) = Jul 18 2023 20:18:23 (UTC)
** CAST_MB042_230718
* ds
# nquan = 9
# nvalues = 40                          
# units = specified
# name 0 = timeJ: Julian Days
# name 1 = prSM: Pressure, Strain Gauge [db]
# name 2 = c0mS/cm: Conductivity [mS/cm]
# name 3 = t090C: Temperature [ITS-90, deg C]
# name 4 = sbeox0ML/L: Oxygen, SBE 43 [ml/l]
# name 5 = depSM: Depth [salt water, m], lat = 47.5
# name 6 = sal00: Salinity, Practical [PSU]
# name 7 = sigma-é00: Density [sigma-theta, kg/m^3]
# name 8 = flag: flag
# span 0 = 199.788674, 199.789635       
# span 1 =      1.000,     40.000       
# span 2 =  34.744834,  36.735467       
# span 3 =     7.5232,    10.6687       
# span 4 =     2.1151,     4.5166       
# span 5 =      0.991,     39.662       
# span 6 =    32.9947,    33.8692       
# span 7 =    25.2787,    26.4555       
# span 8 = 0.0000e+00, 0.0000e+00       
# interval = decibars: 1                
# start_time = Jul 18 2023 18:48:18 [Instrument's time stamp, header]
# bad_flag = -9.990e-29
*END*
 199.788674      1.000  36.735467    10.6687     4.5166      0.991    33.0028    25.2787 0.0000e+00
 199.788704      2.000  36.603088    10.5307     4.1942      1.983    32.9947    25.2963 0.0000e+00
 199.788730      3.000  36.323166    10.1897     4.0715      2.975    33.0222    25.3760 0.0000e+00
 199.788753      4.000  36.191500    10.0154     4.0058      3.967    33.0476    25.4252 0.0000e+00
 199.788775      5.000  36.121801     9.9182     3.8404      4.958    33.0653    25.4552 0.0000e+00
 199.788797      6.000  36.026953     9.7333     3.6515      5.950    33.1380    25.5426 0.0000e+00
 199.788819      7.000  35.817644     9.4857     3.5965      6.941    33.1515    25.5935 0.0000e+00
 199.788841      8.000  35.747311     9.3517     3.5674      7.933    33.2028    25.6553 0.0000e+00
 199.788863      9.000  35.696996     9.2760     3.4378      8.925    33.2207    25.6814 0.0000e+00
 199.788884     10.000  35.622931     9.1916     3.1899      9.916    33.2221    25.6960 0.0000e+00
 199.788907     11.000  35.426951     8.8381     2.9190     10.908    33.3486    25.8505 0.0000e+00
 199.788930     12.000  35.195864     8.5028     2.8343     11.900    33.4219    25.9596 0.0000e+00
 199.788954     13.000  35.099953     8.2957     2.7759     12.891    33.5169    26.0654 0.0000e+00
 199.788978     14.000  35.046638     8.1934     2.5817     13.883    33.5575    26.1126 0.0000e+00
 199.789000     15.000  34.966274     8.0304     2.4200     14.874    33.6276    26.1918 0.0000e+00
 199.789023     16.000  34.892169     7.9063     2.3786     15.866    33.6674    26.2413 0.0000e+00
 199.789046     17.000  34.863361     7.7736     2.3654     16.857    33.7642    26.3366 0.0000e+00
 199.789069     18.000  34.855384     7.7413     2.3836     17.849    33.7864    26.3588 0.0000e+00
 199.789094     19.000  34.846829     7.7261     2.3801     18.840    33.7915    26.3650 0.0000e+00
 199.789117     20.000  34.842330     7.7177     2.3644     19.832    33.7943    26.3685 0.0000e+00
 199.789140     21.000  34.839464     7.7117     2.3697     20.824    33.7966    26.3711 0.0000e+00
 199.789162     22.000  34.841156     7.7126     2.3617     21.816    33.7970    26.3713 0.0000e+00
 199.789187     23.000  34.835999     7.6995     2.3306     22.807    33.8037    26.3785 0.0000e+00
 199.789210     24.000  34.826702     7.6806     2.3236     23.798    33.8116    26.3874 0.0000e+00
 199.789233     25.000  34.824713     7.6776     2.3114     24.790    33.8118    26.3881 0.0000e+00
 199.789257     26.000  34.824997     7.6780     2.3008     25.782    33.8113    26.3876 0.0000e+00
 199.789281     27.000  34.820742     7.6712     2.2973     26.773    33.8128    26.3898 0.0000e+00
 199.789301     28.000  34.814712     7.6616     2.2644     27.765    33.8152    26.3930 0.0000e+00
 199.789325     29.000  34.807535     7.6431     2.2256     28.756    33.8250    26.4034 0.0000e+00
 199.789349     30.000  34.790142     7.6114     2.2020     29.747    33.8366    26.4171 0.0000e+00
 199.789372     31.000  34.778206     7.5864     2.1739     30.739    33.8475    26.4293 0.0000e+00
 199.789396     32.000  34.770976     7.5718     2.1577     31.731    33.8535    26.4360 0.0000e+00
 199.789419     33.000  34.761229     7.5526     2.1354     32.722    33.8612    26.4449 0.0000e+00
 199.789440     34.000  34.752747     7.5388     2.1158     33.714    33.8649    26.4498 0.0000e+00
 199.789464     35.000  34.749411     7.5343     2.1281     34.705    33.8651    26.4507 0.0000e+00
 199.789489     36.000  34.748107     7.5299     2.1354     35.697    33.8676    26.4532 0.0000e+00
 199.789513     37.000  34.746417     7.5269     2.1214     36.688    33.8682    26.4542 0.0000e+00
 199.789537     38.000  34.744834     7.5241     2.1189     37.679    33.8688    26.4550 0.0000e+00
 199.789563     39.000  34.744898     7.5232     2.1151     38.671    33.8692    26.4555 0.0000e+00
 199.789635     40.000  34.747956     7.5269     2.1167     39.662    33.8684    26.4544 0.0000e+00
