data/oxygen options/ONMS/Olympic_Coast_National_Marine_Sanctuary_CTD_Data_2005_2023/raw_data/2023/CAST_TH015_230831faed.cnv
* Sea-Bird SBE 19 Data File:
* FileName = C:\Users\OCNMS.Inst\Documents\2023 Mooring Data\Casts\CAST_TH015_230831.hex
* Software Version SeatermAF 2.1.4.55
* Temperature SN = 2997
* Conductivity SN = 2997
* System UpLoad Time = Aug 31 2023 23:15:58 (localtime) = Aug 31 2023 23:15:58 (UTC)
** CAST_TH015_230831
* ds
# nquan = 9                                 
# nvalues = 948                         
# units = specified
# name 0 = timeJ: Julian Days
# name 1 = prSM: Pressure, Strain Gauge [db]
# name 2 = c0mS/cm: Conductivity [mS/cm]
# name 3 = t090C: Temperature [ITS-90, deg C]
# name 4 = sbeox0ML/L: Oxygen, SBE 43 [ml/l]
# name 5 = depSM: Depth [salt water, m], lat = 47.5
# name 6 = sal00: Salinity, Practical [PSU]
# name 7 = sigma-é00: Density [sigma-theta, kg/m^3]
# name 8 = flag: flag
# span 0 = 243.915648, 243.921128       
# span 1 =     -6.195,     16.159       
# span 2 =   0.491327,  41.084643       
# span 3 =    10.0245,    17.9636       
# span 4 =    -1.7347,    12.8333       
# span 5 =     -6.143,     16.024       
# span 6 =     0.2768,    33.6868       
# span 7 =    -1.1834,    25.7658       
# span 8 = 0.0000e+00, 0.0000e+00       
# interval = seconds: 0.5
# start_time = Aug 31 2023 21:58:32 [Instrument's time stamp, header]
# bad_flag = -9.990e-29
*END*
[from data line 801]
 243.920284      8.059  38.749459    12.6354     4.8567      7.992    33.2109    25.0787 0.0000e+00
 243.920289      8.329  38.655315    12.4881     4.8668      8.259    33.2509    25.1382 0.0000e+00
 243.920295      8.611  38.523785    12.3338     4.8463      8.539    33.2613    25.1758 0.0000e+00
 243.920301      8.898  38.391772    12.2067     4.7527      8.824    33.2469    25.1889 0.0000e+00
 243.920307      9.178  38.303927    12.1226     4.5464      9.101    33.2367    25.1969 0.0000e+00
 243.920312      9.447  38.256755    12.0761     4.2224      9.368    33.2324    25.2023 0.0000e+00
 243.920318      9.705  38.228712    12.0496     3.8630      9.624    33.2287    25.2045 0.0000e+00
 243.920324      9.951  38.209196    12.0100     3.5330      9.868    33.2450    25.2246 0.0000e+00
 243.920330     10.194  38.165924    11.9086     3.2910     10.109    33.2935    25.2812 0.0000e+00
 243.920336     10.447  38.055114    11.7152     3.1364     10.360    33.3588    25.3680 0.0000e+00
 243.920341     10.718  37.865094    11.4672     3.0791     10.628    33.3961    25.4426 0.0000e+00
 243.920347     11.004  37.633773    11.2343     3.0563     10.912    33.3789    25.4715 0.0000e+00
 243.920353     11.292  37.425211    11.0400     3.0431     11.197    33.3486    25.4828 0.0000e+00
 243.920359     11.571  37.276072    10.8863     3.0306     11.474    33.3400    25.5034 0.0000e+00
 243.920365     11.838  37.194112    10.7823     3.0099     11.739    33.3530    25.5319 0.0000e+00
 243.920370     12.095  37.157891    10.7155     3.0036     11.994    33.3777    25.5628 0.0000e+00
 243.920376     12.352  37.133004    10.6601     3.0017     12.249    33.4033    25.5925 0.0000e+00
 243.920382     12.611  37.101852    10.6091     2.9774     12.505    33.4187    25.6134 0.0000e+00
 243.920388     12.873  37.068179    10.5727     2.9481     12.765    33.4182    25.6193 0.0000e+00
 243.920394     13.136  37.045256    10.5489     2.9043     13.026    33.4169    25.6224 0.0000e+00
 243.920399     13.400  37.023708    10.5228     2.8182     13.288    33.4191    25.6287 0.0000e+00
 243.920405     13.660  36.994877    10.4888     2.7007     13.546    33.4212    25.6362 0.0000e+00
 243.920411     13.912  36.967290    10.4529     2.5623     13.795    33.4263    25.6464 0.0000e+00
 243.920417     14.158  36.942168    10.4183     2.4395     14.039    33.4327    25.6574 0.0000e+00
 243.920422     14.402  36.913929    10.3782     2.3549     14.281    33.4410    25.6708 0.0000e+00
 243.920428     14.642  36.873398    10.3196     2.3002     14.519    33.4540    25.6909 0.0000e+00
 243.920434     14.876  36.804534    10.2409     2.2797     14.751    33.4569    25.7066 0.0000e+00
 243.920440     15.102  36.720189    10.1619     2.2654     14.975    33.4443    25.7103 0.0000e+00
 243.920446     15.316  36.661311    10.1001     2.3008     15.188    33.4416    25.7186 0.0000e+00
 243.920451     15.517  36.634445    10.0587     2.3291     15.387    33.4525    25.7341 0.0000e+00
 243.920457     15.698  36.622150    10.0373     2.3403     15.566    33.4598    25.7434 0.0000e+00
 243.920463     15.855  36.620259    10.0324     2.3487     15.722    33.4623    25.7462 0.0000e+00
 243.920469     15.981  36.630636    10.0338     2.2986     15.847    33.4715    25.7531 -9.990e-29
 243.920475     16.070  36.641814    10.0323     2.3381     15.935    33.4842    25.7633 -9.990e-29
 243.920480     16.128  36.639474    10.0274     2.3600     15.993    33.4864    25.7658 -9.990e-29
 243.920486     16.159  36.631053    10.0245     2.3967     16.024    33.4805    25.7617 -9.990e-29
 243.920492     16.148  36.627644    10.0289     2.4409     16.013    33.4729    25.7551 -9.990e-29
 243.920498     16.082  36.632454    10.0401     2.4510     15.947    33.4675    25.7489 -9.990e-29
 243.920503     15.964  36.643962    10.0530     2.5002     15.830    33.4673    25.7466 -9.990e-29
 243.920509     15.804  36.653894    10.0654     2.5246     15.672    33.4660    25.7435 0.0000e+00
 243.920515     15.613  36.661962    10.0800     2.5527     15.482    33.4607    25.7369 0.0000e+00
 243.920521     15.401  36.676036    10.0968     2.5774     15.272    33.4596    25.7332 0.0000e+00
 243.920527     15.167  36.696309    10.1137     2.6024     15.040    33.4646    25.7343 0.0000e+00
 243.920532     14.914  36.715552    10.1302     2.6498     14.789    33.4690    25.7349 0.0000e+00
 243.920538     14.650  36.727229    10.1451     2.6740     14.527    33.4672    25.7309 0.0000e+00
 243.920544     14.381  36.733425    10.1589     2.7090     14.260    33.4608    25.7236 0.0000e+00
 243.920550     14.107  36.741630    10.1768     2.7629     13.989    33.4527    25.7143 0.0000e+00
 243.920556     13.823  36.757722    10.2012     2.8244     13.707    33.4466    25.7054 0.0000e+00
 243.920561     13.523  36.782235    10.2311     2.8899     13.410    33.4440    25.6982 0.0000e+00
 243.920567     13.215  36.805838    10.2672     2.9797     13.104    33.4347    25.6848 0.0000e+00
 243.920573     12.909  36.824712    10.3049     3.0919     12.801    33.4192    25.6662 0.0000e+00
 243.920579     12.607  36.851141    10.3425     3.2141     12.501    33.4114    25.6537 0.0000e+00
 243.920584     12.306  36.886197    10.3920     3.3222     12.203    33.4013    25.6374 0.0000e+00
 243.920590     12.005  36.922284    10.4629     3.4318     11.904    33.3727    25.6028 0.0000e+00
 243.920596     11.701  36.973908    10.5458     3.5758     11.603    33.3487    25.5698 0.0000e+00
 243.920602     11.397  37.043795    10.6355     3.7326     11.302    33.3369    25.5450 0.0000e+00
 243.920608     11.095  37.111965    10.7455     3.9241     11.002    33.3048    25.5008 0.0000e+00
 243.920613     10.793  37.169598    10.8645     4.1228     10.703    33.2542    25.4404 0.0000e+00
 243.920619     10.493  37.225195    10.9478     4.3518     10.405    33.2340    25.4100 0.0000e+00
 243.920625     10.197  37.296876    10.9941     4.5605     10.112    33.2634    25.4246 0.0000e+00
 243.920631      9.904  37.397878    11.0701     4.7601      9.821    33.2948    25.4355 0.0000e+00
 243.920637      9.611  37.527849    11.2015     4.9356      9.531    33.3046    25.4196 0.0000e+00
 243.920642      9.319  37.659488    11.3460     5.1071      9.241    33.3040    25.3930 0.0000e+00
 243.920648      9.024  37.786212    11.5093     5.2867      8.948    33.2815    25.3457 0.0000e+00
 243.920654      8.727  37.908347    11.7298     5.4123      8.654    33.2032    25.2444 0.0000e+00
 243.920660      8.424  38.002725    11.9677     5.5941      8.354    33.0831    25.1068 0.0000e+00
 243.920666      8.113  38.088735    12.1454     5.7435      8.045    33.0091    25.0160 0.0000e+00
 243.920671      7.797  38.206007    12.2545     5.8523      7.732    33.0259    25.0084 0.0000e+00
 243.920677      7.481  38.351801    12.3470     5.9594      7.418    33.0847    25.0363 0.0000e+00
 243.920683      7.166  38.480686    12.4675     6.0192      7.106    33.1022    25.0268 0.0000e+00
 243.920689      6.849  38.576781    12.6186     6.1397      6.792    33.0613    24.9660 0.0000e+00
 243.920694      6.532  38.666225    12.7596     6.2413      6.477    33.0231    24.9090 0.0000e+00
 243.920700      6.220  38.766296    12.8620     6.3190      6.168    33.0287    24.8933 0.0000e+00
 243.920706      5.915  38.883232    12.9450     6.3751      5.866    33.0672    24.9069 0.0000e+00
 243.920712      5.614  39.007079    13.0339     6.3803      5.567    33.1069    24.9201 0.0000e+00
 243.920718      5.316  39.106255    13.1412     6.4208      5.272    33.1071    24.8989 0.0000e+00
 243.920723      5.018  39.174565    13.2652     6.4495      4.976    33.0635    24.8405 0.0000e+00
 243.920729      4.719  39.247057    13.3758     6.5054      4.680    33.0357    24.7968 0.0000e+00
 243.920735      4.417  39.334648    13.4579     6.5603      4.380    33.0468    24.7888 0.0000e+00
 243.920741      4.110  39.428599    13.5276     6.5922      4.076    33.0744    24.7961 0.0000e+00
 243.920747      3.800  39.523036    13.6015     6.5906      3.768    33.0988    24.8000 0.0000e+00
 243.920752      3.492  39.605999    13.6996     6.5966      3.463    33.0914    24.7743 0.0000e+00
 243.920758      3.189  39.674889    13.8440     6.6112      3.162    33.0310    24.6980 0.0000e+00
 243.920764      2.888  39.739169    14.0156     6.6106      2.864    32.9433    24.5949 0.0000e+00
 243.920770      2.588  39.821220    14.1808     6.5983      2.566    32.8779    24.5102 0.0000e+00
 243.920775      2.286  39.941905    14.3434     6.5541      2.267    32.8506    24.4551 0.0000e+00
 243.920781      1.984  40.075501    14.5093     6.4480      1.967    32.8322    24.4060 0.0000e+00
 243.920787      1.694  40.172006    14.6703     6.3655      1.680    32.7843    24.3349 0.0000e+00
 243.920793      1.428  40.239597    14.8108     6.2842      1.416    32.7275    24.2611 0.0000e+00
 243.920799      1.188  40.314612    14.9218     6.2205      1.178    32.7023    24.2180 0.0000e+00
 243.920804      0.974  40.383298    14.9984     6.0526      0.966    32.7003    24.2000 0.0000e+00
 243.920810      0.775  40.409442    15.0485     5.7602      0.769    32.6821    24.1751 0.0000e+00
 243.920816      0.588  40.403256    15.0860     5.4364      0.583    32.6453    24.1386 0.0000e+00
 243.920822      0.422  40.386777    15.1102     6.0948      0.418    32.6103    24.1064 0.0000e+00
 243.920828      0.287  40.353179    15.1311     5.9802      0.285    32.5627    24.0652 -9.990e-29
 243.920833      0.185  40.304206    15.1546     4.9899      0.183    32.4991    24.0112 -9.990e-29
 243.920839      0.108  40.250805    15.1689     4.9895      0.107    32.4393    23.9621 -9.990e-29
 243.920845      0.052  40.196342    15.1727     5.0137      0.052    32.3872    23.9211 -9.990e-29
 243.920851      0.013  40.133795    15.1781     5.0400      0.013    32.3266    23.8733 -9.990e-29
 243.920856     -0.011  40.039754    15.1838     5.0633     -0.011    32.2375    23.8035 -9.990e-29
 243.920862     -0.026  39.798360    15.1761     5.1025     -0.026    32.0272    23.6433 -9.990e-29
 243.920868     -0.039  39.058603    15.1587     5.1170     -0.039    31.3786    23.1479 -9.990e-29
 243.920874     -0.048  36.864415    15.1401     5.1216     -0.048    29.4384    21.6594 -9.990e-29
 243.920880     -0.055  30.350757    15.1244     5.1237     -0.055    23.7493    17.2934 -9.990e-29
 243.920885     -0.057  21.703572    15.1322     5.1150     -0.057    16.4339    11.6857 -9.990e-29
 243.920891     -0.048  21.603862    15.1650     5.1316     -0.048    16.3378    11.6060 -9.990e-29
 243.920897     -0.032  30.325943    15.1941     5.1051     -0.032    23.6858    17.2308 -9.990e-29
 243.920903     -0.018  37.059384    15.2069     5.1596     -0.018    29.5610    21.7396 -9.990e-29
 243.920909     -0.008  39.289868    15.2089     5.1722     -0.008    31.5452    23.2652 -9.990e-29
 243.920914     -0.002  40.003713    15.2067     5.1746     -0.002    32.1863    23.7591 -9.990e-29
 243.920920      0.000  40.210458    15.2085     5.2584      0.000    32.3703    23.9004 -9.990e-29
 243.920926      0.004  40.271537    15.2164     6.0966      0.004    32.4186    23.9358 -9.990e-29
 243.920932      0.013  40.329494    15.2223     6.1714      0.013    32.4658    23.9709 -9.990e-29
 243.920938      0.023  40.396573    15.2214     6.1956      0.023    32.5268    24.0180 -9.990e-29
 243.920943      0.028  40.424865    15.2162     6.2133      0.028    32.5565    24.0420 -9.990e-29
 243.920949      0.022  40.407244    15.2123     6.2288      0.022    32.5439    24.0332 -9.990e-29
 243.920955      0.010  40.352731    15.2123     6.2053      0.010    32.4949    23.9955 -9.990e-29
 243.920961     -0.004  40.222277    15.2114     6.2210     -0.004    32.3786    23.9061 -9.990e-29
 243.920966     -0.027  39.876701    15.2051     6.2282     -0.027    32.0737    23.6728 -9.990e-29
 243.920972     -0.063  38.894481    15.1919     6.2303     -0.062    31.2054    23.0074 -9.990e-29
 243.920978     -0.111  35.985051    15.1692     6.2298     -0.110    28.6386    21.0385 -9.990e-29
 243.920984     -0.161  28.108777    15.1387     6.1908     -0.160    21.8166    15.8083 -9.990e-29
 243.920990     -0.203  16.761836    15.1072     6.2225     -0.201    12.4093     8.6092 -9.990e-29
 243.920995     -0.235   8.839536    15.0786     6.2450     -0.233     6.2188     3.8731 -9.990e-29
 243.921001     -0.260   5.517244    15.0528     6.2484     -0.258     3.7553     1.9872 -9.990e-29
 243.921007     -0.280   3.902383    15.0295     6.2509     -0.278     2.5983     1.1016 -9.990e-29
 243.921013     -0.295   3.017772    15.0100     6.1998     -0.293     1.9792     0.6281 -9.990e-29
 243.921019     -0.306   2.521353    14.9955     6.2300     -0.303     1.6372     0.3669 -9.990e-29
 243.921024     -0.315   2.271991    14.9861     6.2404     -0.312     1.4672     0.2373 -9.990e-29
 243.921030     -0.321   2.214757    14.9789     6.2418     -0.318     1.4285     0.2086 -9.990e-29
 243.921036     -0.325   2.324404    14.9701     6.2660     -0.322     1.5035     0.2678 -9.990e-29
 243.921042     -0.328   2.499000    14.9590     6.2006     -0.325     1.6234     0.3619 -9.990e-29
 243.921047     -0.329   2.577198    14.9471     6.2442     -0.326     1.6776     0.4055 -9.990e-29
 243.921053     -0.328   2.522257    14.9356     6.2463     -0.325     1.6403     0.3785 -9.990e-29
 243.921059     -0.327   2.470216    14.9257     6.2422     -0.324     1.6050     0.3528 -9.990e-29
 243.921065     -0.323   2.532666    14.9186     6.2633     -0.320     1.6482     0.3872 -9.990e-29
 243.921071     -0.318   2.613004    14.9142     6.2029     -0.315     1.7037     0.4306 -9.990e-29
 243.921076     -0.311   2.584625    14.9114 -9.990e-29     -0.308     1.6842     0.4161 -9.990e-29
 243.921082     -0.306   2.494632    14.9090 -9.990e-29     -0.303     1.6224     0.3688 -9.990e-29
 243.921088     -0.306   2.457315    14.9058 -9.990e-29     -0.303     1.5970     0.3497 -9.990e-29
 243.921094     -0.308   2.464554    14.9020 -9.990e-29     -0.305     1.6021     0.3542 -9.990e-29
 243.921100     -0.307   2.451610    14.8995 -9.990e-29     -0.304     1.5933     0.3478 -9.990e-29
 243.921105     -0.303   2.435645    14.8986 -9.990e-29     -0.300     1.5824     0.3396 -9.990e-29
 243.921111     -0.301   2.448111    14.8984 -9.990e-29     -0.298     1.5909     0.3462 -9.990e-29
 243.921117     -0.304   2.556701    14.8978 -9.990e-29     -0.301     1.6656     0.4038 -9.990e-29
 243.921123     -0.308   2.740751    14.8973 -9.990e-29     -0.305     1.7926     0.5018 -9.990e-29
 243.921128     -0.309   2.850368 -9.990e-29 -9.990e-29     -0.306 -9.990e-29 -9.990e-29 -9.990e-29
