data/oxygen options/ONMS/Olympic_Coast_National_Marine_Sanctuary_CTD_Data_2005_2023/raw_data/2023/CAST_CE042_230601faed.cnv
* Sea-Bird SBE 19 Data File:
* FileName = C:\Users\OCNMS.Inst\Documents\2023 Mooring Data\Casts\CAST_CE042_230601.hex
* Software Version SeatermAF 2.1.4.55
* Temperature SN = 2997
* Conductivity SN = 2997
* System UpLoad Time = Jun 01 2023 17:38:07 (localtime) = Jun 01 2023 17:38:07 (UTC)
** CAST_CE042_230601
* ds
# nquan = 9                                 
# nvalues = 1417                        
# units = specified
# name 0 = timeJ: Julian Days
# name 1 = prSM: Pressure, Strain Gauge [db]
# name 2 = c0mS/cm: Conductivity [mS/cm]
# name 3 = t090C: Temperature [ITS-90, deg C]
# name 4 = sbeox0ML/L: Oxygen, SBE 43 [ml/l]
# name 5 = depSM: Depth [salt water, m], lat = 47.5
# name 6 = sal00: Salinity, Practical [PSU]
# name 7 = sigma-é00: Density [sigma-theta, kg/m^3]
# name 8 = flag: flag
# span 0 = 152.722025, 152.730220       
# span 1 =     -6.002,     44.496       
# span 2 =   0.004457,  36.545351       
# span 3 =     8.0680,    15.4159       
# span 4 =    -1.9849,    18.0006       
# span 5 =     -5.952,     44.120       
# span 6 =     0.0085,    33.5945       
# span 7 =    -0.9557,    26.1605       
# span 8 = 0.0000e+00, 0.0000e+00       
# interval = seconds: 0.5
# start_time = Jun 01 2023 17:19:43 [Instrument's time stamp, header]
# bad_flag = -9.990e-29
*END*
[from data line 641]
 152.725735      0.250  36.298453    10.5915    -1.6391      0.248    32.6357    25.0061 -9.990e-29
 152.725741      0.263  36.297640    10.5901    -1.6392      0.261    32.6361    25.0067 -9.990e-29
 152.725747      0.267  36.316727    10.5899    -1.6397      0.265    32.6554    25.0217 -9.990e-29
 152.725752      0.265  36.331363    10.5892    -1.6407      0.263    32.6706    25.0337 -9.990e-29
 152.725758      0.262  36.330856    10.5877    -1.6414      0.260    32.6715    25.0346 -9.990e-29
 152.725764      0.265  36.312312    10.5857    -1.6415      0.263    32.6547    25.0219 -9.990e-29
 152.725770      0.272  36.282937    10.5835    -1.6410      0.270    32.6273    25.0009 -9.990e-29
 152.725775      0.280  36.270202    10.5820    13.7770      0.278    32.6159    24.9923 -9.990e-29
 152.725781      0.282  36.290736    10.5813    17.9205      0.280    32.6371    25.0089 -9.990e-29
 152.725787      0.272  36.327714    10.5810    18.0006      0.270    32.6743    25.0380 -9.990e-29
 152.725793      0.255  36.359929    10.5810    14.6800      0.253    32.7065    25.0631 -9.990e-29
 152.725799      0.238  36.374374    10.5809     7.9025      0.236    32.7211    25.0745 -9.990e-29
 152.725804      0.229  36.360662    10.5795     8.1041      0.227    32.7086    25.0650 -9.990e-29
 152.725810      0.230  36.319005    10.5759     8.4902      0.228    32.6702    25.0357 -9.990e-29
 152.725816      0.239  36.265537    10.5715     8.6606      0.237    32.6206    24.9978 -9.990e-29
 152.725822      0.250  36.226955    10.5692     8.6779      0.248    32.5841    24.9698 -9.990e-29
 152.725828      0.262  36.215094    10.5696     8.6645      0.260    32.5719    24.9602 -9.990e-29
 152.725833      0.265  36.201843    10.5714     8.6318      0.263    32.5570    24.9483 -9.990e-29
 152.725839      0.261  36.168435    10.5735     8.6022      0.259    32.5218    24.9204 -9.990e-29
 152.725845      0.257  36.140321    10.5746     8.5748      0.255    32.4927    24.8976 -9.990e-29
 152.725851      0.261  36.127622    10.5740     8.5342      0.259    32.4805    24.8882 -9.990e-29
 152.725856      0.279  36.120145    10.5729     8.5114      0.277    32.4740    24.8834 -9.990e-29
 152.725862      0.302  36.115221    10.5729     8.4998      0.299    32.4691    24.8795 -9.990e-29
 152.725868      0.320  36.113024    10.5739     8.4947      0.317    32.4660    24.8769 -9.990e-29
 152.725874      0.329  36.112323    10.5742     8.4846      0.326    32.4650    24.8761 -9.990e-29
 152.725880      0.331  36.110525    10.5733     8.4655      0.328    32.4640    24.8755 -9.990e-29
 152.725885      0.324  36.108056    10.5724     8.4441      0.321    32.4624    24.8744 -9.990e-29
 152.725891      0.309  36.106683    10.5720     8.4033      0.306    32.4613    24.8736 -9.990e-29
 152.725897      0.288  36.106275    10.5712     8.4206      0.286    32.4617    24.8740 -9.990e-29
 152.725903      0.270  36.105192    10.5698     8.4213      0.268    32.4618    24.8744 -9.990e-29
 152.725909      0.261  36.103132    10.5685     8.4157      0.259    32.4609    24.8739 -9.990e-29
 152.725914      0.265  36.100728    10.5674     8.4289      0.263    32.4595    24.8730 -9.990e-29
 152.725920      0.274  36.098716    10.5667     8.3806      0.272    32.4581    24.8720 -9.990e-29
 152.725926      0.276  36.097792    10.5672     8.4093      0.274    32.4567    24.8709 -9.990e-29
 152.725932      0.271  36.098423    10.5695     8.4104      0.269    32.4553    24.8694 -9.990e-29
 152.725937      0.266  36.099793    10.5722     8.4175      0.264    32.4543    24.8681 -9.990e-29
 152.725943      0.267  36.100392    10.5742     8.4351      0.265    32.4531    24.8669 -9.990e-29
 152.725949      0.273  36.099922    10.5756     8.4304      0.271    32.4514    24.8653 -9.990e-29
 152.725955      0.284  36.098338    10.5768     8.4329      0.282    32.4487    24.8630 -9.990e-29
 152.725961      0.297  36.095791    10.5784     8.4422      0.295    32.4448    24.8596 -9.990e-29
 152.725966      0.308  36.092263    10.5796     8.4404      0.305    32.4402    24.8558 -9.990e-29
 152.725972      0.318  36.090908    10.5798     8.4374      0.315    32.4386    24.8546 -9.990e-29
 152.725978      0.324  36.093861    10.5791     8.4347      0.321    32.4422    24.8575 -9.990e-29
 152.725984      0.321  36.097243    10.5779     8.4290      0.318    32.4466    24.8612 -9.990e-29
 152.725990      0.314  36.099429    10.5767     8.4365      0.311    32.4499    24.8639 -9.990e-29
 152.725995      0.310  36.100555    10.5752     8.4375      0.307    32.4524    24.8661 -9.990e-29
 152.726001      0.314  36.099347    10.5736     8.4519      0.311    32.4526    24.8666 -9.990e-29
 152.726007      0.322  36.095896    10.5727     8.4529      0.319    32.4499    24.8646 -9.990e-29
 152.726013      0.326  36.094016    10.5725     8.4424      0.323    32.4482    24.8633 -9.990e-29
 152.726019      0.322  36.095703    10.5722     8.4447      0.319    32.4502    24.8649 -9.990e-29
 152.726024      0.313  36.096510    10.5713     8.4402      0.310    32.4518    24.8663 -9.990e-29
 152.726030      0.308  36.094735    10.5697     8.4426      0.305    32.4514    24.8663 -9.990e-29
 152.726036      0.310  36.091952    10.5677     8.4374      0.307    32.4504    24.8659 -9.990e-29
 152.726042      0.316  36.088949    10.5661     8.4321      0.313    32.4489    24.8649 -9.990e-29
 152.726047      0.317  36.087341    10.5657     8.4316      0.314    32.4476    24.8640 -9.990e-29
 152.726053      0.309  36.088365    10.5664     8.4476      0.306    32.4480    24.8642 -9.990e-29
 152.726059      0.297  36.090049    10.5675     8.4618      0.295    32.4487    24.8646 -9.990e-29
 152.726065      0.286  36.090183    10.5681     8.4642      0.284    32.4483    24.8642 -9.990e-29
 152.726071      0.283  36.090086    10.5676     8.4670      0.281    32.4487    24.8645 -9.990e-29
 152.726076      0.285  36.090210    10.5663     8.4605      0.283    32.4500    24.8658 -9.990e-29
 152.726082      0.293  36.089624    10.5646     8.4566      0.291    32.4509    24.8668 -9.990e-29
 152.726088      0.304  36.088128    10.5629     8.4618      0.301    32.4509    24.8671 -9.990e-29
 152.726094      0.309  36.087105    10.5625     8.4595      0.306    32.4502    24.8666 -9.990e-29
 152.726100      0.309  36.088014    10.5633     8.4599      0.306    32.4504    24.8666 -9.990e-29
 152.726105      0.313  36.089287    10.5636     8.4088      0.310    32.4514    24.8674 -9.990e-29
 152.726111      0.325  36.089286    10.5629     8.4431      0.322    32.4520    24.8680 -9.990e-29
 152.726117      0.341  36.088590    10.5621     8.4322      0.338    32.4521    24.8681 -9.990e-29
 152.726123      0.349  36.088534    10.5623     8.4308      0.346    32.4518    24.8679 -9.990e-29
 152.726128      0.342  36.090181    10.5633     8.4325      0.339    32.4526    24.8683 -9.990e-29
 152.726134      0.324  36.092391    10.5647     8.3697      0.321    32.4535    24.8688 -9.990e-29
 152.726140      0.301  36.093655    10.5665     8.4207      0.298    32.4532    24.8683 -9.990e-29
 152.726146      0.281  36.094561    10.5682     8.4227      0.279    32.4526    24.8675 -9.990e-29
 152.726152      0.268  36.095222    10.5687     8.4243      0.266    32.4528    24.8676 -9.990e-29
 152.726157      0.259  36.095419    10.5691     8.4102      0.257    32.4527    24.8674 -9.990e-29
 152.726163      0.251  36.095998    10.5708     8.3796      0.249    32.4518    24.8664 -9.990e-29
 152.726169      0.238  36.097751    10.5740     8.3798      0.236    32.4507    24.8650 -9.990e-29
 152.726175      0.228  36.100800    10.5786     8.3769      0.226    32.4496    24.8634 -9.990e-29
 152.726181      0.233  36.104753    10.5843     8.3727      0.231    32.4485    24.8615 -9.990e-29
 152.726186      0.255  36.108190    10.5892     8.3739      0.253    32.4476    24.8600 -9.990e-29
 152.726192      0.280  36.110116    10.5923     8.3719      0.278    32.4467    24.8588 -9.990e-29
 152.726198      0.299  36.111443    10.5943     8.3691      0.297    32.4463    24.8581 -9.990e-29
 152.726204      0.307  36.112841    10.5950     8.3669      0.304    32.4470    24.8585 -9.990e-29
 152.726209      0.310  36.113958    10.5935     8.3670      0.307    32.4495    24.8607 -9.990e-29
 152.726215      0.317  36.114626    10.5911     8.3718      0.314    32.4523    24.8633 -9.990e-29
 152.726221      0.328  36.114821    10.5914     8.3689      0.325    32.4522    24.8632 -9.990e-29
 152.726227      0.335  36.114788    10.5949     8.3566      0.332    32.4490    24.8601 -9.990e-29
 152.726233      0.334  36.115121    10.5978     8.3457      0.331    32.4468    24.8579 -9.990e-29
 152.726238      0.325  36.115529    10.5990     8.3385      0.322    32.4461    24.8572 -9.990e-29
 152.726244      0.312  36.115446    10.5999     8.3434      0.309    32.4453    24.8563 -9.990e-29
 152.726250      0.303  36.115154    10.6010     8.3519      0.300    32.4440    24.8552 -9.990e-29
 152.726256      0.301  36.115217    10.6021     8.3570      0.298    32.4431    24.8543 -9.990e-29
 152.726262      0.307  36.115553    10.6029     8.3530      0.304    32.4427    24.8538 -9.990e-29
 152.726267      0.315  36.115884    10.6038     8.3371      0.312    32.4422    24.8533 -9.990e-29
 152.726273      0.319  36.116483    10.6047     8.3343      0.316    32.4420    24.8530 -9.990e-29
 152.726279      0.318  36.117421    10.6054     8.3432      0.315    32.4423    24.8531 -9.990e-29
 152.726285      0.318  36.118665    10.6058     8.3512      0.315    32.4432    24.8537 -9.990e-29
 152.726291      0.316  36.120026    10.6060     8.3438      0.313    32.4444    24.8546 -9.990e-29
 152.726296      0.319  36.121472    10.6063     8.3465      0.316    32.4456    24.8555 -9.990e-29
 152.726302      0.330  36.122526    10.6067     8.3456      0.327    32.4463    24.8559 -9.990e-29
 152.726308      0.346  36.122188    10.6070     8.3497      0.343    32.4457    24.8554 -9.990e-29
 152.726314      0.358  36.120399    10.6071     8.3692      0.355    32.4438    24.8539 -9.990e-29
 152.726319      0.365  36.118526    10.6065     8.3265      0.362    32.4424    24.8530 -9.990e-29
 152.726325      0.366  36.117825    10.6050     8.3661      0.363    32.4431    24.8538 -9.990e-29
 152.726331      0.361  36.117751    10.6034     8.3745      0.358    32.4444    24.8551 -9.990e-29
 152.726337      0.350  36.118041    10.6019     8.3709      0.347    32.4461    24.8566 -9.990e-29
 152.726343      0.336  36.118352    10.6002     8.3774      0.333    32.4479    24.8583 -9.990e-29
 152.726348      0.328  36.117813    10.5980     8.3187      0.325    32.4493    24.8598 -9.990e-29
 152.726354      0.328  36.116099    10.5951     8.3616      0.325    32.4502    24.8610 -9.990e-29
 152.726360      0.338  36.112997    10.5918     8.3695      0.335    32.4500    24.8614 -9.990e-29
 152.726366      0.352  36.110362    10.5897     8.3756      0.349    32.4492    24.8612 -9.990e-29
 152.726372      0.365  36.109550    10.5889     8.3734      0.362    32.4491    24.8612 -9.990e-29
 152.726377      0.371  36.109310    10.5888     8.3573      0.368    32.4490    24.8611 -9.990e-29
 152.726383      0.376  36.109156    10.5885     8.3691      0.373    32.4491    24.8613 -9.990e-29
 152.726389      0.385  36.109275    10.5878     8.3790      0.382    32.4498    24.8620 -9.990e-29
 152.726395      0.393  36.109660    10.5874     8.3750      0.390    32.4506    24.8626 -9.990e-29
 152.726400      0.397  36.110657    10.5876     8.3684      0.394    32.4514    24.8632 -9.990e-29
 152.726406      0.398  36.112308    10.5881     8.3560      0.395    32.4526    24.8641 -9.990e-29
 152.726412      0.399  36.113849    10.5887     8.3668      0.396    32.4536    24.8647 -9.990e-29
 152.726418      0.405  36.114927    10.5894     8.3730      0.402    32.4540    24.8650 -9.990e-29
 152.726424      0.412  36.116253    10.5903     8.3741      0.409    32.4546    24.8652 -9.990e-29
 152.726429      0.416  36.117751    10.5912     8.3810      0.413    32.4553    24.8656 -9.990e-29
 152.726435      0.417  36.119011    10.5923     8.3761      0.414    32.4555    24.8656 -9.990e-29
 152.726441      0.416  36.120986    10.5938     8.3691      0.413    32.4562    24.8659 -9.990e-29
 152.726447      0.412  36.123341    10.5952     8.3658      0.409    32.4573    24.8665 -9.990e-29
 152.726453      0.405  36.124573    10.5962     8.3619      0.402    32.4576    24.8666 -9.990e-29
 152.726458      0.395  36.125037    10.5971     8.3568      0.392    32.4573    24.8662 -9.990e-29
 152.726464      0.386  36.125745    10.5983     8.3581      0.383    32.4569    24.8657 -9.990e-29
 152.726470      0.384  36.126914    10.6002     8.3584      0.381    32.4564    24.8650 -9.990e-29
 152.726476      0.391  36.128817    10.6023     8.3530      0.388    32.4564    24.8646 -9.990e-29
 152.726481      0.398  36.131026    10.6034     8.3474      0.395    32.4577    24.8654 -9.990e-29
 152.726487      0.401  36.132401    10.6038     8.3457      0.398    32.4587    24.8661 -9.990e-29
 152.726493      0.405  36.132926    10.6042     8.3470      0.402    32.4589    24.8662 -9.990e-29
 152.726499      0.414  36.133138    10.6047     8.3523      0.411    32.4586    24.8659 -9.990e-29
 152.726505      0.425  36.133712    10.6053     8.3412      0.421    32.4587    24.8658 -9.990e-29
 152.726510      0.434  36.135245    10.6056     8.3522      0.430    32.4599    24.8668 -9.990e-29
 152.726516      0.441  36.136817    10.6058     8.3626      0.437    32.4613    24.8678 -9.990e-29
 152.726522      0.447  36.137555    10.6057     8.3599      0.443    32.4621    24.8685 -9.990e-29
 152.726528      0.453  36.137717    10.6053     8.3544      0.449    32.4626    24.8689 -9.990e-29
 152.726534      0.454  36.137913    10.6048     8.3021      0.450    32.4633    24.8695 -9.990e-29
 152.726539      0.447  36.138796    10.6046     8.3338      0.443    32.4643    24.8704 -9.990e-29
 152.726545      0.434  36.139695    10.6045     8.3412      0.430    32.4653    24.8712 -9.990e-29
 152.726551      0.424  36.139963    10.6042     8.3457      0.420    32.4659    24.8716 -9.990e-29
 152.726557      0.421  36.140350    10.6041     8.3535      0.417    32.4664    24.8720 -9.990e-29
 152.726563      0.419  36.141207    10.6043     8.3072      0.416    32.4670    24.8725 -9.990e-29
 152.726568      0.416  36.141828    10.6046     8.3198      0.413    32.4674    24.8728 -9.990e-29
 152.726574      0.409  36.141756    10.6049     8.3334      0.406    32.4670    24.8724 -9.990e-29
 152.726580      0.404  36.141845    10.6050     8.3420      0.401    32.4670    24.8724 -9.990e-29
 152.726586      0.408  36.142610    10.6048     8.3585      0.405    32.4680    24.8732 -9.990e-29
 152.726591      0.422  36.143225    10.6043     8.3449      0.418    32.4690    24.8741 -9.990e-29
 152.726597      0.438  36.143222    10.6041     8.3403      0.434    32.4692    24.8743 -9.990e-29
 152.726603      0.453  36.142988    10.6042     8.3466      0.449    32.4689    24.8740 -9.990e-29
 152.726609      0.464  36.143166    10.6044     8.3482      0.460    32.4689    24.8740 -9.990e-29
 152.726615      0.466  36.143825    10.6047     8.3514      0.462    32.4693    24.8742 -9.990e-29
 152.726620      0.464  36.143994    10.6049     8.3498      0.460    32.4693    24.8742 -9.990e-29
 152.726626      0.463  36.143174    10.6049     8.3468      0.459    32.4684    24.8735 -9.990e-29
 152.726632      0.463  36.142346    10.6048     8.3539      0.459    32.4677    24.8730 -9.990e-29
 152.726638      0.458  36.141918    10.6048     8.3558      0.454    32.4673    24.8726 -9.990e-29
 152.726644      0.445  36.141149    10.6048     8.3626      0.441    32.4665    24.8720 -9.990e-29
 152.726649      0.427  36.139409    10.6037     8.3484      0.423    32.4658    24.8716 -9.990e-29
