data/oxygen options/ONMS/Olympic_Coast_National_Marine_Sanctuary_CTD_Data_2005_2023/raw_data/2023/CAST_TH015_230719faed.cnv
* Sea-Bird SBE 19 Data File:
* FileName = C:\Users\OCNMS.Inst\Documents\2023 Mooring Data\Casts\CAST_TH015_230719.hex
* Software Version SeatermAF 2.1.4.55
* Temperature SN = 2997
* Conductivity SN = 2997
* System UpLoad Time = Jul 19 2023 17:00:05 (localtime) = Jul 19 2023 17:00:05 (UTC)
** CAST_TH015_230719
* ds
# nquan = 9                                 
# nvalues = 927                         
# units = specified
# name 0 = timeJ: Julian Days
# name 1 = prSM: Pressure, Strain Gauge [db]
# name 2 = c0mS/cm: Conductivity [mS/cm]
# name 3 = t090C: Temperature [ITS-90, deg C]
# name 4 = sbeox0ML/L: Oxygen, SBE 43 [ml/l]
# name 5 = depSM: Depth [salt water, m], lat = 47.5
# name 6 = sal00: Salinity, Practical [PSU]
# name 7 = sigma-é00: Density [sigma-theta, kg/m^3]
# name 8 = flag: flag
# span 0 = 200.677917, 200.683275       
# span 1 =     -6.173,     11.614       
# span 2 =   0.021364,  36.325394       
# span 3 =     8.1413,    15.4053       
# span 4 =    -2.0518,    11.9244       
# span 5 =     -6.122,     11.517       
# span 6 =     0.0171,    33.5602       
# span 7 =    -0.9476,    26.1215       
# span 8 = 0.0000e+00, 0.0000e+00       
# interval = seconds: 0.5
# start_time = Jul 19 2023 16:16:12 [Instrument's time stamp, header]
# bad_flag = -9.990e-29
*END*
[from data line 161]
 200.678848     -2.807   0.022924    15.0437    -1.8282     -2.784     0.0178    -0.8918 -9.990e-29
 200.678854     -2.789   0.022925    15.0357    -1.8278     -2.766     0.0178    -0.8906 -9.990e-29
 200.678860     -2.771   0.022925    15.0268    -1.8276     -2.748     0.0178    -0.8892 -9.990e-29
 200.678866     -2.753   0.022926    15.0196    -1.8277     -2.730     0.0178    -0.8881 -9.990e-29
 200.678872     -2.738   0.022926    15.0117    -1.8277     -2.715     0.0178    -0.8869 -9.990e-29
 200.678877     -2.729   0.022926    15.0011    -1.8279     -2.706     0.0178    -0.8853 -9.990e-29
 200.678883     -2.722   0.022927    14.9887    -1.8283     -2.699     0.0178    -0.8835 -9.990e-29
 200.678889     -2.711   0.022927    14.9798    -1.8285     -2.688     0.0178    -0.8821 -9.990e-29
 200.678895     -2.700   0.022928    14.9785    -1.8288     -2.677     0.0178    -0.8819 -9.990e-29
 200.678900     -2.693   0.022928    14.9825    -1.8294     -2.671     0.0178    -0.8825 -9.990e-29
 200.678906     -2.690   0.022928    14.9877    -1.8293     -2.668     0.0178    -0.8833 -9.990e-29
 200.678912     -2.689   0.022929    14.9912    -1.8291     -2.667     0.0178    -0.8838 -9.990e-29
 200.678918     -2.688   0.022929    14.9917    -1.8291     -2.666     0.0178    -0.8839 -9.990e-29
 200.678924     -2.680   0.022930    14.9898    -1.8293     -2.658     0.0178    -0.8836 -9.990e-29
 200.678929     -2.667   0.022930    14.9856    -1.8297     -2.645     0.0178    -0.8830 -9.990e-29
 200.678935     -2.651   0.022930    14.9791    -1.8306     -2.629     0.0178    -0.8820 -9.990e-29
 200.678941     -2.640   0.022931    14.9715    -1.8310     -2.618     0.0178    -0.8809 -9.990e-29
 200.678947     -2.633   0.022931    14.9639    -1.8315     -2.611     0.0178    -0.8797 -9.990e-29
 200.678953     -2.621   0.022932    14.9579    -1.8321     -2.599     0.0178    -0.8788 -9.990e-29
 200.678958     -2.603   0.022932    14.9557    -1.8323     -2.581     0.0178    -0.8785 -9.990e-29
 200.678964     -2.588   0.022932    14.9555    -1.8325     -2.566     0.0178    -0.8785 -9.990e-29
 200.678970     -2.577   0.022933    14.9533    -1.8328     -2.556     0.0178    -0.8781 -9.990e-29
 200.678976     -2.571   0.022933    14.9472    -1.8334     -2.550     0.0178    -0.8772 -9.990e-29
 200.678981     -2.565   0.022934    14.9365    -1.8338     -2.544     0.0178    -0.8756 -9.990e-29
 200.678987     -2.555   0.022934    14.9227    -1.8341     -2.534     0.0178    -0.8735 -9.990e-29
 200.678993     -2.543   0.022934    14.9089    -1.8342     -2.522     0.0178    -0.8715 -9.990e-29
 200.678999     -2.533   0.022935    14.8962    -1.8343     -2.512     0.0178    -0.8696 -9.990e-29
 200.679005     -2.525   0.022935    14.8853    -1.8344     -2.504     0.0178    -0.8679 -9.990e-29
 200.679010     -2.519   0.022936    14.8769    -1.8346     -2.498     0.0178    -0.8667 -9.990e-29
 200.679016     -2.513   0.022936    14.8693    -1.8348     -2.492     0.0178    -0.8655 -9.990e-29
 200.679022     -2.507   0.022936    14.8601    -1.8349     -2.486     0.0178    -0.8642 -9.990e-29
 200.679028     -2.502   0.022937    14.8493    -1.8349     -2.481     0.0178    -0.8626 -9.990e-29
 200.679034     -2.496   0.022937    14.8397    -1.8353     -2.475     0.0178    -0.8611 -9.990e-29
 200.679039     -2.489   0.022938    14.8329    -1.8357     -2.468     0.0178    -0.8601 -9.990e-29
 200.679045     -2.482   0.022938    14.8284    -1.8362     -2.461     0.0178    -0.8594 -9.990e-29
 200.679051     -2.473   0.022938    14.8249    -1.8366     -2.452     0.0178    -0.8589 -9.990e-29
 200.679057     -2.462   0.022939    14.8213    -1.8372     -2.441     0.0178    -0.8584 -9.990e-29
 200.679062     -2.448   0.022939    14.8172    -1.8375     -2.428     0.0178    -0.8578 -9.990e-29
 200.679068     -2.434   0.022940    14.8131    -1.8376     -2.414     0.0178    -0.8572 -9.990e-29
 200.679074     -2.429   0.022940    14.8093    -1.8379     -2.409     0.0178    -0.8566 -9.990e-29
 200.679080     -2.432   0.022940    14.8044    -1.8384     -2.412     0.0178    -0.8559 -9.990e-29
 200.679086     -2.435   0.022941    14.7970    -1.8390     -2.415     0.0178    -0.8548 -9.990e-29
 200.679091     -2.433   0.022941    14.7870    -1.8395     -2.413     0.0178    -0.8533 -9.990e-29
 200.679097     -2.427   0.022942    14.7755    -1.8400     -2.407     0.0178    -0.8516 -9.990e-29
 200.679103     -2.415   0.022942    14.7638    -1.8404     -2.395     0.0178    -0.8499 -9.990e-29
 200.679109     -2.398   0.022942    14.7533    -1.8404     -2.378     0.0178    -0.8483 -9.990e-29
 200.679115     -2.373   0.022943    14.7452    -1.8402     -2.353     0.0178    -0.8471 -9.990e-29
 200.679120     -2.345   0.022943    14.7383    -1.8393     -2.325     0.0178    -0.8461 -9.990e-29
 200.679126     -2.319   0.022944    14.7299    -1.8382     -2.300     0.0178    -0.8448 -9.990e-29
 200.679132     -2.298   0.022944    14.7190    -1.8376     -2.279     0.0178    -0.8432 -9.990e-29
 200.679138     -2.282   0.022944    14.7064    -1.8372     -2.263     0.0178    -0.8414 -9.990e-29
 200.679144     -2.268   0.022945    14.6940    -1.8371     -2.249     0.0178    -0.8395 -9.990e-29
 200.679149     -2.255   0.022945    14.6834    -1.8370     -2.236     0.0178    -0.8380 -9.990e-29
 200.679155     -2.244   0.022946    14.6768    -1.8367     -2.225     0.0178    -0.8370 -9.990e-29
 200.679161     -2.234   0.022946    14.6767    -1.8363     -2.215     0.0178    -0.8370 -9.990e-29
 200.679167     -2.224   0.022946    14.6851    -1.8357     -2.205     0.0178    -0.8382 -9.990e-29
 200.679172     -2.212   0.022947    14.7013    -1.8358     -2.194     0.0178    -0.8406 -9.990e-29
 200.679178     -2.204   0.022947    14.7199    -1.8357     -2.186     0.0178    -0.8434 -9.990e-29
 200.679184     -2.201   0.022948    14.7353    -1.8360     -2.183     0.0178    -0.8456 -9.990e-29
 200.679190     -2.201   0.022948    14.7458    -1.8361     -2.183     0.0178    -0.8472 -9.990e-29
 200.679196     -2.199   0.022948    14.7526    -1.8355     -2.181     0.0178    -0.8482 -9.990e-29
 200.679201     -2.194   0.022949    14.7586    -1.8350     -2.176     0.0178    -0.8491 -9.990e-29
 200.679207     -2.186   0.022949    14.7661    -1.8347     -2.168     0.0178    -0.8502 -9.990e-29
 200.679213     -2.179   0.022950    14.7748    -1.8343     -2.161     0.0178    -0.8515 -9.990e-29
 200.679219     -2.177   0.022950    14.7820    -1.8342     -2.159     0.0178    -0.8525 -9.990e-29
 200.679225     -2.176   0.022950    14.7857    -1.8341     -2.158     0.0178    -0.8531 -9.990e-29
 200.679230     -2.171   0.022951    14.7864    -1.8334     -2.153     0.0178    -0.8532 -9.990e-29
 200.679236     -2.161   0.022951    14.7862    -1.8328     -2.143     0.0178    -0.8532 -9.990e-29
 200.679242     -2.151   0.022952    14.7889    -1.8321     -2.133     0.0178    -0.8536 -9.990e-29
 200.679248     -2.144   0.022952    14.7968    -1.8321     -2.126     0.0178    -0.8547 -9.990e-29
 200.679253     -2.136   0.022952    14.8070    -1.8323     -2.118     0.0178    -0.8562 -9.990e-29
 200.679259     -2.125   0.022953    14.8161    -1.8322     -2.107     0.0178    -0.8576 -9.990e-29
 200.679265     -2.120   0.022953    14.8232    -1.8325     -2.102     0.0178    -0.8587 -9.990e-29
 200.679271     -2.120   0.022954    14.8295    -1.8323     -2.102     0.0178    -0.8596 -9.990e-29
 200.679277     -2.118   0.022954    14.8378    -1.8321     -2.100     0.0178    -0.8608 -9.990e-29
 200.679282     -2.107   0.022954    14.8499    -1.8320     -2.089     0.0178    -0.8626 -9.990e-29
 200.679288     -2.089   0.022955    14.8639    -1.8314     -2.072     0.0178    -0.8647 -9.990e-29
 200.679294     -2.065   0.022955    14.8750    -1.8310     -2.048     0.0178    -0.8664 -9.990e-29
 200.679300     -2.044   0.022956    14.8796    -1.8306     -2.027     0.0178    -0.8671 -9.990e-29
 200.679306     -2.027   0.022956    14.8797    -1.8302     -2.010     0.0178    -0.8671 -9.990e-29
 200.679311     -2.014   0.022956    14.8788    -1.8298     -1.997     0.0178    -0.8669 -9.990e-29
 200.679317     -2.003   0.022957    14.8784    -1.8296     -1.986     0.0178    -0.8669 -9.990e-29
 200.679323     -1.995   0.022957    14.8803    -1.8303     -1.978     0.0178    -0.8672 -9.990e-29
 200.679329     -1.989   0.022958    14.8847    -1.8309     -1.972     0.0178    -0.8678 -9.990e-29
 200.679334     -1.984   0.022958    14.8917    -1.8311     -1.967     0.0178    -0.8689 -9.990e-29
 200.679340     -1.980   0.022958    14.9014    -1.8313     -1.963     0.0178    -0.8703 -9.990e-29
 200.679346     -1.977   0.022959    14.9121    -1.8309     -1.961     0.0178    -0.8719 -9.990e-29
 200.679352     -1.974   0.022960    14.9222    -1.8303     -1.958     0.0178    -0.8734 -9.990e-29
 200.679358     -1.972   0.022960    14.9313    -1.8300     -1.956     0.0178    -0.8748 -9.990e-29
 200.679363     -1.970   0.022961    14.9377    -1.8295     -1.954     0.0178    -0.8758 -9.990e-29
 200.679369     -1.968   0.022961    14.9375    -1.8295     -1.952     0.0178    -0.8757 -9.990e-29
 200.679375     -1.966   0.022962    14.9296    -1.8299     -1.950     0.0178    -0.8745 -9.990e-29
 200.679381     -1.964   0.022962    14.9198    -1.8302     -1.948     0.0178    -0.8731 -9.990e-29
 200.679387     -1.962   0.022963    14.9137    -1.8298     -1.946     0.0178    -0.8722 -9.990e-29
 200.679392     -1.960   0.022963    14.9132    -1.8298     -1.944     0.0178    -0.8721 -9.990e-29
 200.679398     -1.957   0.022964    14.9187    -1.8296     -1.941     0.0178    -0.8729 -9.990e-29
 200.679404     -1.953   0.022964    14.9280    -1.8291     -1.937     0.0178    -0.8743 -9.990e-29
 200.679410     -1.948   0.022965    14.9373    -1.8290     -1.932     0.0178    -0.8757 -9.990e-29
 200.679416     -1.942   0.022965    14.9440    -1.8286     -1.926     0.0178    -0.8767 -9.990e-29
 200.679421     -1.934   0.022966    14.9454    -1.8283     -1.918     0.0178    -0.8769 -9.990e-29
 200.679427     -1.929   0.022966    14.9422    -1.8280     -1.913     0.0178    -0.8764 -9.990e-29
 200.679433     -1.929   0.022967    14.9401    -1.8283     -1.913     0.0178    -0.8761 -9.990e-29
 200.679439     -1.932   0.022967    14.9420    -1.8286     -1.916     0.0178    -0.8764 -9.990e-29
 200.679444     -1.932   0.022968    14.9462    -1.8285     -1.916     0.0178    -0.8770 -9.990e-29
 200.679450     -1.929   0.022968    14.9522    -1.8294     -1.913     0.0178    -0.8779 -9.990e-29
 200.679456     -1.925   0.022969    14.9594    -1.8305     -1.909     0.0178    -0.8790 -9.990e-29
 200.679462     -1.917   0.022969    14.9661    -1.8312     -1.901     0.0178    -0.8800 -9.990e-29
 200.679468     -1.910   0.022970    14.9727    -1.8309     -1.894     0.0178    -0.8810 -9.990e-29
 200.679473     -1.909   0.022970    14.9789    -1.8308     -1.893     0.0178    -0.8819 -9.990e-29
 200.679479     -1.908   0.022971    14.9820    -1.8309     -1.892     0.0178    -0.8824 -9.990e-29
 200.679485     -1.903   0.022971    14.9802    -1.8308     -1.887     0.0178    -0.8821 -9.990e-29
 200.679491     -1.894   0.022972    14.9750    -1.8306     -1.878     0.0178    -0.8814 -9.990e-29
 200.679497     -1.885   0.022972    14.9663    -1.8306     -1.869     0.0178    -0.8801 -9.990e-29
 200.679502     -1.879   0.022973    14.9512    -1.8306     -1.863     0.0178    -0.8778 -9.990e-29
 200.679508     -1.876   0.022973    14.9330    -1.8309     -1.860     0.0178    -0.8750 -9.990e-29
 200.679514     -1.875   0.022974    14.9206    -1.8317     -1.859     0.0178    -0.8732 -9.990e-29
 200.679520     -1.873   0.022974    14.9169    -1.8323     -1.857     0.0178    -0.8726 -9.990e-29
 200.679525     -1.865   0.022975    14.9169    -1.8326     -1.849     0.0178    -0.8726 -9.990e-29
 200.679531     -1.850   0.022975    14.9175    -1.8324     -1.835     0.0178    -0.8727 -9.990e-29
 200.679537     -1.832   0.022976    14.9190    -1.8319     -1.817     0.0178    -0.8729 -9.990e-29
 200.679543     -1.818   0.022976    14.9205    -1.8313     -1.803     0.0178    -0.8732 -9.990e-29
 200.679549     -1.812   0.022977    14.9203    -1.8313     -1.797     0.0178    -0.8731 -9.990e-29
 200.679554     -1.809   0.022977    14.9171    -1.8314     -1.794     0.0178    -0.8727 -9.990e-29
 200.679560     -1.800   0.022978    14.9092    -1.8311     -1.785     0.0178    -0.8715 -9.990e-29
 200.679566     -1.784   0.022978    14.8971    -1.8308     -1.769     0.0178    -0.8697 -9.990e-29
 200.679572     -1.770   0.022979    14.8860    -1.8302     -1.755     0.0178    -0.8680 -9.990e-29
 200.679578     -1.760   0.022979    14.8808    -1.8297     -1.745     0.0178    -0.8672 -9.990e-29
 200.679583     -1.754   0.022980    14.8826    -1.8291     -1.739     0.0178    -0.8675 -9.990e-29
 200.679589     -1.752   0.022980    14.8900    -1.8287     -1.737     0.0178    -0.8686 -9.990e-29
 200.679595     -1.749   0.022981    14.8983    -1.8284     -1.734     0.0178    -0.8698 -9.990e-29
 200.679601     -1.741   0.022981    14.9034    -1.8279     -1.726     0.0178    -0.8706 -9.990e-29
 200.679606     -1.731   0.022982    14.9071    -1.8272     -1.717     0.0178    -0.8712 -9.990e-29
 200.679612     -1.723   0.022982    14.9133    -1.8262     -1.709     0.0178    -0.8721 -9.990e-29
 200.679618     -1.716   0.022983    14.9227    -1.8257     -1.702     0.0178    -0.8735 -9.990e-29
 200.679624     -1.711   0.022983    14.9344    -1.8252     -1.697     0.0178    -0.8753 -9.990e-29
 200.679630     -1.707   0.022984    14.9473    -1.8242     -1.693     0.0178    -0.8772 -9.990e-29
 200.679635     -1.703   0.022984    14.9600    -1.8234     -1.689     0.0178    -0.8791 -9.990e-29
 200.679641     -1.699   0.022985    14.9719    -1.8227     -1.685     0.0179    -0.8809 -9.990e-29
 200.679647     -1.696   0.022985    14.9837    -1.8221     -1.682     0.0179    -0.8827 -9.990e-29
 200.679653     -1.692   0.022986    14.9975    -1.8219     -1.678     0.0179    -0.8847 -9.990e-29
 200.679659     -1.688   0.022986    15.0146    -1.8215     -1.674     0.0179    -0.8873 -9.990e-29
 200.679664     -1.684   0.022987    15.0333    -1.8211     -1.670     0.0179    -0.8901 -9.990e-29
 200.679670     -1.679   0.022987    15.0512    -1.8209     -1.665     0.0179    -0.8929 -9.990e-29
 200.679676     -1.672   0.022988    15.0694    -1.8208     -1.658     0.0179    -0.8956 -9.990e-29
 200.679682     -1.668   0.022988    15.0893    -1.8208     -1.654     0.0179    -0.8986 -9.990e-29
 200.679688     -1.670   0.022989    15.1089    -1.8211     -1.656     0.0179    -0.9016 -9.990e-29
 200.679693     -1.676   0.022989    15.1263    -1.8212     -1.662     0.0179    -0.9043 -9.990e-29
 200.679699     -1.679   0.022990    15.1400    -1.8208     -1.665     0.0179    -0.9063 -9.990e-29
 200.679705     -1.682   0.022990    15.1502    -1.8204     -1.668     0.0179    -0.9079 -9.990e-29
 200.679711     -1.683   0.022991    15.1591    -1.8203     -1.669     0.0179    -0.9093 -9.990e-29
 200.679716     -1.684   0.022991    15.1673    -1.8202     -1.670     0.0179    -0.9105 -9.990e-29
 200.679722     -1.684   0.022992    15.1733    -1.8207     -1.670     0.0179    -0.9114 -9.990e-29
 200.679728     -1.683   0.022992    15.1760    -1.8208     -1.669     0.0179    -0.9118 -9.990e-29
 200.679734     -1.681   0.022993    15.1757    -1.8206     -1.667     0.0179    -0.9118 -9.990e-29
 200.679740     -1.677   0.022993    15.1740    -1.8203     -1.663     0.0179    -0.9115 -9.990e-29
 200.679745     -1.673   0.022994    15.1749    -1.8198     -1.659     0.0179    -0.9117 -9.990e-29
 200.679751     -1.667   0.022994    15.1800    -1.8193     -1.653     0.0179    -0.9125 -9.990e-29
 200.679757     -1.659   0.022995    15.1861    -1.8190     -1.645     0.0179    -0.9134 -9.990e-29
 200.679763     -1.648   0.022995    15.1895    -1.8187     -1.634     0.0179    -0.9139 -9.990e-29
