data/oxygen options/ONMS/Olympic_Coast_National_Marine_Sanctuary_CTD_Data_2005_2023/raw_data/2023/CAST_MB015_230526faed.cnv
* Sea-Bird SBE 19 Data File:
* FileName = C:\Users\OCNMS.Inst\Documents\2023 Mooring Data\Casts\CAST_MB015_230526.hex
* Software Version SeatermAF 2.1.4.55
* Temperature SN = 2997
* Conductivity SN = 2997
* System UpLoad Time = May 26 2023 18:16:33 (localtime) = May 26 2023 18:16:33 (UTC)
** CAST_MB015_230526
* ds
# nquan = 9                                 
# nvalues = 1088                        
# units = specified
# name 0 = timeJ: Julian Days
# name 1 = prSM: Pressure, Strain Gauge [db]
# name 2 = c0mS/cm: Conductivity [mS/cm]
# name 3 = t090C: Temperature [ITS-90, deg C]
# name 4 = sbeox0ML/L: Oxygen, SBE 43 [ml/l]
# name 5 = depSM: Depth [salt water, m], lat = 47.5
# name 6 = sal00: Salinity, Practical [PSU]
# name 7 = sigma-é00: Density [sigma-theta, kg/m^3]
# name 8 = flag: flag
# span 0 = 146.751273, 146.757564       
# span 1 =     -6.016,     11.186       
# span 2 =   0.019181,  37.748950       
# span 3 =     8.8363,    17.8742       
# span 4 =    -1.8790,    16.6782       
# span 5 =     -5.966,     11.092       
# span 6 =     0.0158,    32.8704       
# span 7 =    -1.3674,    25.4758       
# span 8 = 0.0000e+00, 0.0000e+00       
# interval = seconds: 0.5
# start_time = May 26 2023 18:01:50 [Instrument's time stamp, header]
# bad_flag = -9.990e-29
*END*
[from data line 321]
 146.753131     -1.449   0.019283    17.7148    -1.7281     -1.437     0.0164    -1.3383 -9.990e-29
 146.753137     -1.453   0.019283    17.7128    -1.7286     -1.441     0.0164    -1.3380 -9.990e-29
 146.753142     -1.458   0.019284    17.7143    -1.7285     -1.446     0.0164    -1.3382 -9.990e-29
 146.753148     -1.460   0.019285    17.7209    -1.7284     -1.448     0.0164    -1.3394 -9.990e-29
 146.753154     -1.457   0.019286    17.7310    -1.7284     -1.445     0.0164    -1.3413 -9.990e-29
 146.753160     -1.450   0.019286    17.7408    -1.7286     -1.438     0.0164    -1.3431 -9.990e-29
 146.753166     -1.445   0.019287    17.7479    -1.7289     -1.433     0.0164    -1.3444 -9.990e-29
 146.753171     -1.441   0.019288    17.7525    -1.7288     -1.429     0.0164    -1.3452 -9.990e-29
 146.753177     -1.438   0.019288    17.7533    -1.7292     -1.426     0.0164    -1.3453 -9.990e-29
 146.753183     -1.435   0.019289    17.7485    -1.7296     -1.423     0.0164    -1.3445 -9.990e-29
 146.753189     -1.432   0.019290    17.7424    -1.7299     -1.420     0.0164    -1.3433 -9.990e-29
 146.753194     -1.430   0.019291    17.7399    -1.7300     -1.418     0.0164    -1.3429 -9.990e-29
 146.753200     -1.428   0.019291    17.7397    -1.7297     -1.416     0.0164    -1.3429 -9.990e-29
 146.753206     -1.426   0.019292    17.7380    -1.7292     -1.414     0.0164    -1.3425 -9.990e-29
 146.753212     -1.423   0.019293    17.7339    -1.7290     -1.411     0.0164    -1.3418 -9.990e-29
 146.753218     -1.420   0.019293    17.7292    -1.7289     -1.408     0.0164    -1.3409 -9.990e-29
 146.753223     -1.417   0.019294    17.7240    -1.7292     -1.405     0.0164    -1.3400 -9.990e-29
 146.753229     -1.413   0.019295    17.7168    -1.7295     -1.401     0.0164    -1.3387 -9.990e-29
 146.753235     -1.408   0.019295    17.7088    -1.7300     -1.396     0.0164    -1.3372 -9.990e-29
 146.753241     -1.401   0.019296    17.7029    -1.7306     -1.389     0.0164    -1.3362 -9.990e-29
 146.753247     -1.397   0.019297    17.7016    -1.7317     -1.385     0.0164    -1.3359 -9.990e-29
 146.753252     -1.399   0.019298    17.7061    -1.7328     -1.387     0.0164    -1.3367 -9.990e-29
 146.753258     -1.404   0.019298    17.7137    -1.7342     -1.392     0.0164    -1.3381 -9.990e-29
 146.753264     -1.408   0.019299    17.7196    -1.7359     -1.396     0.0164    -1.3392 -9.990e-29
 146.753270     -1.410   0.019300    17.7203    -1.7377     -1.398     0.0164    -1.3393 -9.990e-29
 146.753275     -1.411   0.019300    17.7150    -1.7381     -1.399     0.0164    -1.3384 -9.990e-29
 146.753281     -1.411   0.019301    17.7046    -1.7383     -1.399     0.0164    -1.3365 -9.990e-29
 146.753287     -1.409   0.019302    17.6893    -1.7384     -1.397     0.0164    -1.3337 -9.990e-29
 146.753293     -1.406   0.019303    17.6682    -1.7385     -1.394     0.0164    -1.3299 -9.990e-29
 146.753299     -1.402   0.019303    17.6404    -1.7391     -1.390     0.0164    -1.3248 -9.990e-29
 146.753304     -1.396   0.019304    17.6065    -1.7394     -1.384     0.0164    -1.3187 -9.990e-29
 146.753310     -1.388   0.019305    17.5675    -1.7397     -1.376     0.0164    -1.3117 -9.990e-29
 146.753316     -1.378   0.019305    17.5262    -1.7401     -1.367     0.0164    -1.3042 -9.990e-29
 146.753322     -1.364   0.019306    17.4911    -1.7403     -1.353     0.0163    -1.2980 -9.990e-29
 146.753328     -1.350   0.019307    17.4691    -1.7407     -1.339     0.0163    -1.2940 -9.990e-29
 146.753333     -1.340   0.019308    17.4573    -1.7409     -1.329     0.0163    -1.2919 -9.990e-29
 146.753339     -1.333   0.019308    17.4495    -1.7406     -1.322     0.0163    -1.2905 -9.990e-29
 146.753345     -1.328   0.019309    17.4415    -1.7405     -1.317     0.0163    -1.2891 -9.990e-29
 146.753351     -1.321   0.019310    17.4319    -1.7408     -1.310     0.0163    -1.2874 -9.990e-29
 146.753356     -1.312   0.019310    17.4220    -1.7419     -1.301     0.0163    -1.2856 -9.990e-29
 146.753362     -1.304   0.019311    17.4127    -1.7422     -1.293     0.0163    -1.2839 -9.990e-29
 146.753368     -1.296   0.019312    17.4037    -1.7425     -1.285     0.0163    -1.2823 -9.990e-29
 146.753374     -1.293   0.019312    17.3954    -1.7426     -1.282     0.0163    -1.2808 -9.990e-29
 146.753380     -1.293   0.019313    17.3883    -1.7424     -1.282     0.0163    -1.2796 -9.990e-29
 146.753385     -1.294   0.019313    17.3844    -1.7424     -1.283     0.0163    -1.2789 -9.990e-29
 146.753391     -1.295   0.019314    17.3840    -1.7424     -1.284     0.0163    -1.2788 -9.990e-29
 146.753397     -1.292   0.019314    17.3816    -1.7425     -1.281     0.0163    -1.2784 -9.990e-29
 146.753403     -1.284   0.019314    17.3715    -1.7423     -1.273     0.0163    -1.2766 -9.990e-29
 146.753409     -1.276   0.019315    17.3564    -1.7422     -1.265     0.0163    -1.2739 -9.990e-29
 146.753414     -1.266   0.019315    17.3441    -1.7425     -1.255     0.0163    -1.2717 -9.990e-29
 146.753420     -1.255   0.019315    17.3372    -1.7426     -1.245     0.0163    -1.2705 -9.990e-29
 146.753426     -1.241   0.019315    17.3345    -1.7424     -1.231     0.0163    -1.2700 -9.990e-29
 146.753432     -1.228   0.019315    17.3344    -1.7423     -1.218     0.0163    -1.2700 -9.990e-29
 146.753437     -1.219   0.019316    17.3346    -1.7421     -1.209     0.0163    -1.2700 -9.990e-29
 146.753443     -1.215   0.019316    17.3344    -1.7423     -1.205     0.0163    -1.2700 -9.990e-29
 146.753449     -1.214   0.019316    17.3347    -1.7425     -1.204     0.0163    -1.2700 -9.990e-29
 146.753455     -1.216   0.019316    17.3359    -1.7423     -1.206     0.0163    -1.2703 -9.990e-29
 146.753461     -1.218   0.019316    17.3363    -1.7421     -1.208     0.0163    -1.2703 -9.990e-29
 146.753466     -1.214   0.019317    17.3345    -1.7429     -1.204     0.0163    -1.2700 -9.990e-29
 146.753472     -1.210   0.019317    17.3335    -1.7436     -1.200     0.0163    -1.2698 -9.990e-29
 146.753478     -1.209   0.019317    17.3351    -1.7438     -1.199     0.0163    -1.2701 -9.990e-29
 146.753484     -1.208   0.019317    17.3377    -1.7440     -1.198     0.0163    -1.2706 -9.990e-29
 146.753490     -1.200   0.019317    17.3392    -1.7440     -1.190     0.0163    -1.2708 -9.990e-29
 146.753495     -1.191   0.019318    17.3384    -1.7436     -1.181     0.0163    -1.2707 -9.990e-29
 146.753501     -1.184   0.019318    17.3370    -1.7435     -1.174     0.0163    -1.2705 -9.990e-29
 146.753507     -1.178   0.019318    17.3362    -1.7436     -1.168     0.0163    -1.2703 -9.990e-29
 146.753513     -1.174   0.019318    17.3316    -1.7432     -1.164     0.0163    -1.2695 -9.990e-29
 146.753519     -1.171   0.019318    17.3200    -1.7429     -1.161     0.0163    -1.2674 -9.990e-29
 146.753524     -1.168   0.019319    17.3072    -1.7429     -1.158     0.0163    -1.2652 -9.990e-29
 146.753530     -1.166   0.019319    17.2988    -1.7434     -1.156     0.0163    -1.2637 -9.990e-29
 146.753536     -1.165   0.019319    17.2947    -1.7439     -1.155     0.0163    -1.2630 -9.990e-29
 146.753542     -1.163   0.019319    17.2949    -1.7442     -1.153     0.0163    -1.2630 -9.990e-29
 146.753547     -1.162   0.019319    17.2989    -1.7444     -1.152     0.0163    -1.2637 -9.990e-29
 146.753553     -1.161   0.019320    17.3029    -1.7443     -1.151     0.0163    -1.2644 -9.990e-29
 146.753559     -1.161   0.019320    17.3064    -1.7440     -1.151     0.0163    -1.2650 -9.990e-29
 146.753565     -1.160   0.019320    17.3114    -1.7435     -1.150     0.0163    -1.2659 -9.990e-29
 146.753571     -1.160   0.019320    17.3155    -1.7428     -1.150     0.0163    -1.2666 -9.990e-29
 146.753576     -1.160   0.019320    17.3137    -1.7426     -1.150     0.0163    -1.2663 -9.990e-29
 146.753582     -1.160   0.019321    17.3054    -1.7422     -1.150     0.0163    -1.2649 -9.990e-29
 146.753588     -1.160   0.019321    17.2951    -1.7419     -1.150     0.0163    -1.2630 -9.990e-29
 146.753594     -1.159   0.019321    17.2874    -1.7413     -1.149     0.0163    -1.2617 -9.990e-29
 146.753600     -1.159   0.019321    17.2841    -1.7412     -1.149     0.0163    -1.2611 -9.990e-29
 146.753605     -1.159   0.019321    17.2861    -1.7413     -1.149     0.0163    -1.2614 -9.990e-29
 146.753611     -1.159   0.019322    17.2936    -1.7412     -1.149     0.0163    -1.2628 -9.990e-29
 146.753617     -1.159   0.019322    17.3058    -1.7408     -1.149     0.0163    -1.2649 -9.990e-29
 146.753623     -1.159   0.019322    17.3191    -1.7405     -1.149     0.0163    -1.2673 -9.990e-29
 146.753628     -1.159   0.019322    17.3303    -1.7399     -1.149     0.0163    -1.2693 -9.990e-29
 146.753634     -1.159   0.019322    17.3406    -1.7398     -1.149     0.0163    -1.2711 -9.990e-29
 146.753640     -1.159   0.019323    17.3513    -1.7402     -1.149     0.0163    -1.2730 -9.990e-29
 146.753646     -1.159   0.019323    17.3609    -1.7403     -1.149     0.0163    -1.2747 -9.990e-29
 146.753652     -1.159   0.019323    17.3668    -1.7401     -1.149     0.0163    -1.2757 -9.990e-29
 146.753657     -1.159   0.019323    17.3702    -1.7398     -1.149     0.0163    -1.2764 -9.990e-29
 146.753663     -1.159   0.019323    17.3749    -1.7396     -1.149     0.0163    -1.2772 -9.990e-29
 146.753669     -1.159   0.019324    17.3826    -1.7392     -1.149     0.0163    -1.2786 -9.990e-29
 146.753675     -1.159   0.019324    17.3921    -1.7386     -1.149     0.0163    -1.2803 -9.990e-29
 146.753681     -1.158   0.019324    17.4001    -1.7383     -1.148     0.0163    -1.2817 -9.990e-29
 146.753686     -1.158   0.019324    17.4030    -1.7378     -1.148     0.0163    -1.2822 -9.990e-29
 146.753692     -1.158   0.019324    17.4014    -1.7373     -1.148     0.0163    -1.2819 -9.990e-29
 146.753698     -1.158   0.019325    17.4008    -1.7367     -1.148     0.0163    -1.2818 -9.990e-29
 146.753704     -1.157   0.019325    17.4044    -1.7361     -1.147     0.0163    -1.2824 -9.990e-29
 146.753709     -1.157   0.019325    17.4110    -1.7353     -1.147     0.0163    -1.2836 -9.990e-29
 146.753715     -1.156   0.019325    17.4194    -1.7348     -1.146     0.0163    -1.2851 -9.990e-29
 146.753721     -1.156   0.019325    17.4301    -1.7344     -1.146     0.0163    -1.2870 -9.990e-29
 146.753727     -1.155   0.019326    17.4429    -1.7337     -1.145     0.0163    -1.2893 -9.990e-29
 146.753733     -1.154   0.019326    17.4562    -1.7332     -1.144     0.0163    -1.2917 -9.990e-29
 146.753738     -1.152   0.019326    17.4701    -1.7332     -1.142     0.0164    -1.2942 -9.990e-29
 146.753744     -1.150   0.019326    17.4852    -1.7331     -1.140     0.0164    -1.2969 -9.990e-29
 146.753750     -1.147   0.019326    17.5017    -1.7328     -1.137     0.0164    -1.2998 -9.990e-29
 146.753756     -1.144   0.019327    17.5196    -1.7328     -1.134     0.0164    -1.3031 -9.990e-29
 146.753762     -1.140   0.019327    17.5375    -1.7331     -1.130     0.0164    -1.3063 -9.990e-29
 146.753767     -1.134   0.019327    17.5540    -1.7331     -1.125     0.0164    -1.3092 -9.990e-29
 146.753773     -1.127   0.019327    17.5693    -1.7339     -1.118     0.0164    -1.3120 -9.990e-29
 146.753779     -1.123   0.019327    17.5836    -1.7344     -1.114     0.0164    -1.3146 -9.990e-29
 146.753785     -1.124   0.019328    17.5947    -1.7349     -1.115     0.0164    -1.3166 -9.990e-29
 146.753791     -1.127   0.019328    17.6012    -1.7363     -1.118     0.0164    -1.3177 -9.990e-29
 146.753796     -1.129   0.019328    17.6055    -1.7361     -1.120     0.0164    -1.3185 -9.990e-29
 146.753802     -1.128   0.019328    17.6088    -1.7363     -1.119     0.0164    -1.3191 -9.990e-29
 146.753808     -1.126   0.019328    17.6086    -1.7365     -1.117     0.0164    -1.3191 -9.990e-29
 146.753814     -1.121   0.019329    17.6043    -1.7360     -1.112     0.0164    -1.3183 -9.990e-29
 146.753819     -1.114   0.019329    17.5957    -1.7355     -1.105     0.0164    -1.3167 -9.990e-29
 146.753825     -1.104   0.019329    17.5824    -1.7349     -1.095     0.0164    -1.3143 -9.990e-29
 146.753831     -1.095   0.019329    17.5662    -1.7344     -1.086     0.0164    -1.3114 -9.990e-29
 146.753837     -1.091   0.019329    17.5476    -1.7342     -1.082     0.0164    -1.3081 -9.990e-29
 146.753843     -1.086   0.019330    17.5300    -1.7338     -1.077     0.0164    -1.3049 -9.990e-29
 146.753848     -1.081   0.019330    17.5196    -1.7331     -1.072     0.0164    -1.3030 -9.990e-29
 146.753854     -1.080   0.019330    17.5156    -1.7328     -1.071     0.0164    -1.3023 -9.990e-29
 146.753860     -1.078   0.019330    17.5170    -1.7326     -1.069     0.0164    -1.3026 -9.990e-29
 146.753866     -1.075   0.019330    17.5250    -1.7323     -1.066     0.0164    -1.3040 -9.990e-29
 146.753872     -1.075   0.019331    17.5375    -1.7320     -1.066     0.0164    -1.3063 -9.990e-29
 146.753877     -1.078   0.019331    17.5514    -1.7320     -1.069     0.0164    -1.3088 -9.990e-29
 146.753883     -1.081   0.019331    17.5644    -1.7317     -1.072     0.0164    -1.3111 -9.990e-29
 146.753889     -1.074   0.019331    17.5761    -1.7313     -1.065     0.0164    -1.3132 -9.990e-29
 146.753895     -1.058   0.019331    17.5883    -1.7309     -1.049     0.0164    -1.3154 -9.990e-29
 146.753900     -1.040   0.019332    17.6012    -1.7307     -1.031     0.0164    -1.3177 -9.990e-29
 146.753906     -1.022   0.019332    17.6124    -1.7303     -1.013     0.0164    -1.3198 -9.990e-29
 146.753912     -1.005   0.019332    17.6214    -1.7300     -0.997     0.0164    -1.3214 -9.990e-29
 146.753918     -0.990   0.019332    17.6289    -1.7298     -0.982     0.0164    -1.3227 -9.990e-29
 146.753924     -0.982   0.019332    17.6357    -1.7296     -0.974     0.0164    -1.3240 -9.990e-29
 146.753929     -0.975   0.019333    17.6425    -1.7292     -0.967     0.0164    -1.3252 -9.990e-29
 146.753935     -0.965   0.019333    17.6504    -1.7290     -0.957     0.0164    -1.3266 -9.990e-29
 146.753941     -0.956   0.019333    17.6596    -1.7287     -0.948     0.0164    -1.3283 -9.990e-29
 146.753947     -0.951   0.019333    17.6692    -1.7285     -0.943     0.0164    -1.3300 -9.990e-29
 146.753953     -0.950   0.019333    17.6784    -1.7283     -0.942     0.0164    -1.3317 -9.990e-29
 146.753958     -0.953   0.019334    17.6877    -1.7280     -0.945     0.0164    -1.3334 -9.990e-29
 146.753964     -0.960   0.019334    17.6961    -1.7276     -0.952     0.0164    -1.3349 -9.990e-29
 146.753970     -0.971   0.019334    17.7029    -1.7276     -0.963     0.0164    -1.3361 -9.990e-29
 146.753976     -0.983   0.019334    17.7097    -1.7278     -0.975     0.0164    -1.3374 -9.990e-29
 146.753981     -0.988   0.019334    17.7176    -1.7286     -0.980     0.0164    -1.3388 -9.990e-29
 146.753987     -0.982   0.019335    17.7258    -1.7292     -0.974     0.0164    -1.3403 -9.990e-29
 146.753993     -0.969   0.019335    17.7337    -1.7292     -0.961     0.0164    -1.3417 -9.990e-29
 146.753999     -0.957   0.019335    17.7412    -1.7290     -0.949     0.0164    -1.3431 -9.990e-29
 146.754005     -0.949   0.019335    17.7485    -1.7283     -0.941     0.0164    -1.3444 -9.990e-29
 146.754010     -0.945   0.019335    17.7555    -1.7278     -0.937     0.0164    -1.3457 -9.990e-29
 146.754016     -0.945   0.019336    17.7607    -1.7272     -0.937     0.0164    -1.3467 -9.990e-29
 146.754022     -0.947   0.019336    17.7607    -1.7266     -0.939     0.0164    -1.3467 -9.990e-29
 146.754028     -0.954   0.019336    17.7533    -1.7260     -0.946     0.0164    -1.3453 -9.990e-29
 146.754034     -0.965   0.019336    17.7409    -1.7257     -0.957     0.0164    -1.3430 -9.990e-29
 146.754039     -0.976   0.019336    17.7305    -1.7254     -0.968     0.0164    -1.3412 -9.990e-29
 146.754045     -0.980   0.019337    17.7282    -1.7254     -0.972     0.0164    -1.3407 -9.990e-29
