data/oxygen options/ONMS/Olympic_Coast_National_Marine_Sanctuary_CTD_Data_2005_2023/raw_data/2023/CAST_CA015_230929faed.cnv
* Sea-Bird SBE 19 Data File:
* FileName = C:\Users\OCNMS.Inst\Documents\2023 Mooring Data\Casts\CAST_CA015_230929.hex
* Software Version SeatermAF 2.1.4.55
* Temperature SN = 2997
* Conductivity SN = 2997
* System UpLoad Time = Sep 29 2023 18:23:14 (localtime) = Sep 29 2023 18:23:14 (UTC)
** CAST_CA015_230929
* ds
# nquan = 9                                 
# nvalues = 804                         
# units = specified
# name 0 = timeJ: Julian Days
# name 1 = prSM: Pressure, Strain Gauge [db]
# name 2 = c0mS/cm: Conductivity [mS/cm]
# name 3 = t090C: Temperature [ITS-90, deg C]
# name 4 = sbeox0ML/L: Oxygen, SBE 43 [ml/l]
# name 5 = depSM: Depth [salt water, m], lat = 47.5
# name 6 = sal00: Salinity, Practical [PSU]
# name 7 = sigma-é00: Density [sigma-theta, kg/m^3]
# name 8 = flag: flag
# span 0 = 272.734375, 272.739022       
# span 1 =     -4.863,     13.947       
# span 2 =   0.659353,  38.382177       
# span 3 =    12.9166,    14.0123       
# span 4 =    -1.9051,    11.6266       
# span 5 =     -4.822,     13.830       
# span 6 =     0.4199,    31.7399       
# span 7 =    -0.3314,    23.6790       
# span 8 = 0.0000e+00, 0.0000e+00       
# interval = seconds: 0.5
# start_time = Sep 29 2023 17:37:30 [Instrument's time stamp, header]
# bad_flag = -9.990e-29
*END*
[from data line 481]
 272.737159      0.997  38.351539    13.9922     5.8108      0.989    31.6842    23.6277 -9.990e-29
 272.737164      0.999  38.351487    13.9924     5.8020      0.991    31.6840    23.6275 -9.990e-29
 272.737170      1.001  38.351041    13.9925     5.7995      0.993    31.6835    23.6271 -9.990e-29
 272.737176      1.003  38.350189    13.9926     5.7942      0.995    31.6827    23.6264 -9.990e-29
 272.737182      1.005  38.349871    13.9922     5.7903      0.997    31.6827    23.6265 -9.990e-29
 272.737188      1.008  38.350231    13.9916     5.7928      1.000    31.6835    23.6273 -9.990e-29
 272.737193      1.008  38.351002    13.9910     5.7868      1.000    31.6847    23.6283 -9.990e-29
 272.737199      1.000  38.351526    13.9902     5.7605      0.992    31.6859    23.6294 -9.990e-29
 272.737205      0.988  38.351183    13.9894     5.7740      0.980    31.6862    23.6298 -9.990e-29
 272.737211      0.975  38.350625    13.9888     5.7793      0.967    31.6862    23.6299 -9.990e-29
 272.737216      0.965  38.350220    13.9885     5.7870      0.957    31.6861    23.6299 -9.990e-29
 272.737222      0.962  38.349977    13.9884     5.7873      0.954    31.6859    23.6298 -9.990e-29
 272.737228      0.961  38.350120    13.9885     5.7467      0.953    31.6860    23.6298 -9.990e-29
 272.737234      0.958  38.350270    13.9885     5.7778      0.950    31.6861    23.6299 -9.990e-29
 272.737240      0.953  38.350055    13.9884     5.7871      0.945    31.6860    23.6298 -9.990e-29
 272.737245      0.948  38.349737    13.9884     5.8023      0.940    31.6857    23.6296 -9.990e-29
 272.737251      0.950  38.349443    13.9884     5.8027      0.942    31.6855    23.6294 -9.990e-29
 272.737257      0.953  38.349329    13.9882     5.7918      0.945    31.6855    23.6295 -9.990e-29
 272.737263      0.953  38.349793    13.9882     5.7856      0.945    31.6859    23.6298 -9.990e-29
 272.737269      0.950  38.350323    13.9885     5.7894      0.942    31.6862    23.6300 -9.990e-29
 272.737274      0.944  38.350494    13.9889     5.7855      0.936    31.6860    23.6297 -9.990e-29
 272.737280      0.936  38.350524    13.9893     5.7832      0.928    31.6857    23.6294 -9.990e-29
 272.737286      0.931  38.350442    13.9894     5.7969      0.923    31.6856    23.6293 -9.990e-29
 272.737292      0.940  38.350127    13.9890     5.7860      0.932    31.6856    23.6294 -9.990e-29
 272.737297      0.954  38.349710    13.9886     5.7860      0.946    31.6855    23.6294 -9.990e-29
 272.737303      0.965  38.349743    13.9884     5.7895      0.957    31.6857    23.6296 -9.990e-29
 272.737309      0.974  38.350260    13.9886     5.7881      0.966    31.6860    23.6298 -9.990e-29
 272.737315      0.982  38.350818    13.9888     5.7935      0.974    31.6864    23.6300 -9.990e-29
 272.737321      0.989  38.351030    13.9888     5.7982      0.981    31.6866    23.6302 -9.990e-29
 272.737326      0.995  38.350607    13.9887     5.7907      0.987    31.6863    23.6300 -9.990e-29
 272.737332      1.002  38.350095    13.9883     5.7959      0.994    31.6861    23.6299 -9.990e-29
 272.737338      1.009  38.349920    13.9877     5.7896      1.001    31.6864    23.6303 -9.990e-29
 272.737344      1.016  38.349839    13.9872     5.7869      1.008    31.6868    23.6307 -9.990e-29
 272.737350      1.021  38.349732    13.9867     5.7881      1.012    31.6871    23.6310 -9.990e-29
 272.737355      1.019  38.349448    13.9865     5.7868      1.010    31.6870    23.6310 -9.990e-29
 272.737361      1.013  38.349156    13.9866     5.7896      1.005    31.6866    23.6307 -9.990e-29
 272.737367      1.013  38.349017    13.9869     5.7894      1.005    31.6863    23.6304 -9.990e-29
 272.737373      1.023  38.348833    13.9873     5.7832      1.014    31.6858    23.6299 -9.990e-29
 272.737378      1.039  38.348910    13.9873     5.7756      1.030    31.6858    23.6299 -9.990e-29
 272.737384      1.058  38.349339    13.9872     5.7559      1.049    31.6863    23.6303 -9.990e-29
 272.737390      1.076  38.349560    13.9872     5.7657      1.067    31.6865    23.6305 -9.990e-29
 272.737396      1.087  38.349859    13.9874     5.7784      1.078    31.6866    23.6305 -9.990e-29
 272.737402      1.086  38.350621    13.9875     5.7863      1.077    31.6872    23.6310 -9.990e-29
 272.737407      1.078  38.351170    13.9875     5.7976      1.069    31.6877    23.6314 -9.990e-29
 272.737413      1.071  38.351107    13.9874     5.7489      1.062    31.6878    23.6314 -9.990e-29
 272.737419      1.065  38.350898    13.9875     5.7930      1.056    31.6875    23.6312 -9.990e-29
 272.737425      1.054  38.350813    13.9875     5.8034      1.045    31.6874    23.6311 -9.990e-29
 272.737431      1.043  38.350729    13.9873     5.7978      1.034    31.6875    23.6312 -9.990e-29
 272.737436      1.035  38.350523    13.9869     5.8077      1.026    31.6876    23.6314 -9.990e-29
 272.737442      1.029  38.349911    13.9866     5.7732      1.020    31.6873    23.6312 -9.990e-29
 272.737448      1.026  38.349185    13.9865     5.7855      1.017    31.6868    23.6308 -9.990e-29
 272.737454      1.024  38.349047    13.9865     5.7920      1.015    31.6866    23.6307 -9.990e-29
 272.737459      1.025  38.349303    13.9867     5.7983      1.016    31.6867    23.6307 -9.990e-29
 272.737465      1.027  38.349722    13.9871     5.8023      1.018    31.6867    23.6307 -9.990e-29
 272.737471      1.031  38.350292    13.9874     5.7906      1.022    31.6870    23.6308 -9.990e-29
 272.737477      1.037  38.350641    13.9876     5.7757      1.028    31.6872    23.6309 -9.990e-29
 272.737483      1.046  38.350665    13.9877     5.7705      1.037    31.6871    23.6308 -9.990e-29
 272.737488      1.053  38.350383    13.9877     5.7721      1.044    31.6869    23.6306 -9.990e-29
 272.737494      1.056  38.349970    13.9877     5.7896      1.047    31.6865    23.6303 -9.990e-29
 272.737500      1.054  38.349983    13.9876     5.7974      1.045    31.6866    23.6304 -9.990e-29
 272.737506      1.048  38.350430    13.9874     5.8036      1.039    31.6871    23.6309 -9.990e-29
 272.737512      1.040  38.350776    13.9870     5.7960      1.031    31.6878    23.6315 -9.990e-29
 272.737517      1.035  38.350912    13.9869     5.7771      1.026    31.6880    23.6317 -9.990e-29
 272.737523      1.032  38.351009    13.9871     5.7732      1.023    31.6879    23.6316 -9.990e-29
 272.737529      1.032  38.351183    13.9871     5.7720      1.023    31.6881    23.6317 -9.990e-29
 272.737535      1.034  38.351096    13.9867     5.7834      1.025    31.6883    23.6320 -9.990e-29
 272.737541      1.038  38.350620    13.9862     5.7903      1.029    31.6883    23.6321 -9.990e-29
 272.737546      1.040  38.350232    13.9858     5.7902      1.031    31.6883    23.6321 -9.990e-29
 272.737552      1.037  38.349963    13.9856     5.7887      1.028    31.6882    23.6321 -9.990e-29
 272.737558      1.033  38.350004    13.9857     5.7861      1.024    31.6882    23.6321 -9.990e-29
 272.737564      1.030  38.350397    13.9861     5.7924      1.021    31.6882    23.6320 -9.990e-29
 272.737569      1.030  38.350535    13.9863     5.7877      1.021    31.6882    23.6319 -9.990e-29
 272.737575      1.032  38.350032    13.9860     5.7801      1.023    31.6879    23.6318 -9.990e-29
 272.737581      1.037  38.349327    13.9855     5.7713      1.028    31.6877    23.6317 -9.990e-29
 272.737587      1.044  38.349151    13.9852     5.7749      1.035    31.6878    23.6319 -9.990e-29
 272.737593      1.054  38.349259    13.9850     5.7801      1.045    31.6880    23.6321 -9.990e-29
 272.737598      1.063  38.349222    13.9848     5.7468      1.054    31.6882    23.6322 -9.990e-29
 272.737604      1.064  38.348980    13.9844     5.7838      1.055    31.6883    23.6324 -9.990e-29
 272.737610      1.056  38.348760    13.9839     5.7777      1.047    31.6885    23.6327 -9.990e-29
 272.737616      1.047  38.348817    13.9834     5.7704      1.038    31.6890    23.6331 -9.990e-29
 272.737622      1.042  38.348658    13.9828     5.7869      1.033    31.6893    23.6335 -9.990e-29
 272.737627      1.040  38.348061    13.9825     5.7429      1.031    31.6890    23.6334 -9.990e-29
 272.737633      1.041  38.347898    13.9827     5.7750      1.032    31.6887    23.6331 -9.990e-29
 272.737639      1.045  38.348501    13.9830     5.7840      1.036    31.6890    23.6333 -9.990e-29
 272.737645      1.047  38.348983    13.9829     5.7730      1.038    31.6895    23.6337 -9.990e-29
 272.737650      1.044  38.348854    13.9825     5.7706      1.035    31.6897    23.6339 -9.990e-29
 272.737656      1.040  38.348492    13.9824     5.7628      1.031    31.6895    23.6338 -9.990e-29
 272.737662      1.039  38.348523    13.9828     5.7728      1.030    31.6892    23.6334 -9.990e-29
 272.737668      1.040  38.348980    13.9832     5.7744      1.031    31.6893    23.6334 -9.990e-29
 272.737674      1.044  38.349339    13.9833     5.7804      1.035    31.6895    23.6336 -9.990e-29
 272.737679      1.052  38.349509    13.9836     5.7840      1.043    31.6894    23.6335 -9.990e-29
 272.737685      1.058  38.349706    13.9839     5.7897      1.049    31.6894    23.6333 -9.990e-29
 272.737691      1.060  38.350180    13.9840     5.7916      1.051    31.6897    23.6336 -9.990e-29
 272.737697      1.062  38.350990    13.9842     5.7876      1.053    31.6903    23.6340 -9.990e-29
 272.737703      1.068  38.351527    13.9844     5.7898      1.059    31.6906    23.6342 -9.990e-29
 272.737708      1.079  38.351375    13.9845     5.7947      1.070    31.6904    23.6340 -9.990e-29
 272.737714      1.090  38.350883    13.9846     5.7960      1.081    31.6899    23.6336 -9.990e-29
 272.737720      1.095  38.350503    13.9846     5.7947      1.086    31.6895    23.6333 -9.990e-29
 272.737726      1.088  38.350839    13.9846     5.7973      1.079    31.6898    23.6336 -9.990e-29
 272.737731      1.075  38.352325    13.9856     5.8019      1.066    31.6904    23.6338 -9.990e-29
 272.737737      1.063  38.354692    13.9887     5.8034      1.054    31.6900    23.6329 -9.990e-29
 272.737743      1.055  38.357163    13.9927     5.7957      1.046    31.6890    23.6313 -9.990e-29
 272.737749      1.051  38.359098    13.9957     5.7905      1.042    31.6883    23.6301 -9.990e-29
 272.737755      1.050  38.360267    13.9973     5.7942      1.041    31.6880    23.6296 -9.990e-29
 272.737760      1.053  38.360536    13.9979     5.8027      1.044    31.6878    23.6293 -9.990e-29
 272.737766      1.059  38.360253    13.9977     5.7943      1.050    31.6877    23.6292 -9.990e-29
 272.737772      1.069  38.360151    13.9973     5.7965      1.060    31.6879    23.6295 -9.990e-29
 272.737778      1.084  38.360643    13.9972     5.8003      1.075    31.6885    23.6299 -9.990e-29
 272.737784      1.100  38.361253    13.9976     5.7580      1.091    31.6887    23.6300 -9.990e-29
 272.737789      1.114  38.361102    13.9983     5.7899      1.105    31.6880    23.6293 -9.990e-29
 272.737795      1.127  38.360538    13.9988     5.7938      1.118    31.6870    23.6285 -9.990e-29
 272.737801      1.136  38.360480    13.9991     5.8064      1.127    31.6867    23.6282 -9.990e-29
 272.737807      1.136  38.360841    13.9990     5.8181      1.127    31.6871    23.6286 -9.990e-29
 272.737813      1.128  38.360969    13.9987     5.7527      1.119    31.6875    23.6289 -9.990e-29
 272.737818      1.116  38.361024    13.9984     5.7784      1.107    31.6878    23.6292 -9.990e-29
 272.737824      1.107  38.361629    13.9986     5.7835      1.098    31.6882    23.6295 -9.990e-29
 272.737830      1.105  38.362460    13.9992     5.8003      1.096    31.6885    23.6295 -9.990e-29
 272.737836      1.106  38.362932    13.9997     5.8148      1.097    31.6885    23.6295 -9.990e-29
 272.737841      1.101  38.363104    14.0001     5.7990      1.092    31.6883    23.6292 -9.990e-29
 272.737847      1.090  38.363193    14.0005     5.8040      1.081    31.6881    23.6290 -9.990e-29
 272.737853      1.080  38.363307    14.0011     5.8026      1.071    31.6877    23.6286 -9.990e-29
 272.737859      1.076  38.363588    14.0017     5.7840      1.067    31.6875    23.6282 -9.990e-29
 272.737865      1.078  38.363839    14.0023     5.7790      1.069    31.6872    23.6279 -9.990e-29
 272.737870      1.084  38.363825    14.0026     5.7886      1.075    31.6869    23.6277 -9.990e-29
 272.737876      1.091  38.363893    14.0023     5.7890      1.082    31.6872    23.6280 -9.990e-29
 272.737882      1.092  38.364126    14.0014     5.7893      1.083    31.6882    23.6289 -9.990e-29
 272.737888      1.086  38.364081    14.0007     5.7916      1.077    31.6887    23.6294 -9.990e-29
 272.737894      1.078  38.363688    14.0002     5.7888      1.069    31.6888    23.6296 -9.990e-29
 272.737899      1.066  38.363348    14.0000     5.7804      1.057    31.6886    23.6295 -9.990e-29
 272.737905      1.054  38.363164    14.0000     5.7915      1.045    31.6885    23.6294 -9.990e-29
 272.737911      1.046  38.362884    13.9999     5.7977      1.037    31.6883    23.6293 -9.990e-29
 272.737917      1.040  38.362690    13.9998     5.7956      1.031    31.6882    23.6292 -9.990e-29
 272.737922      1.034  38.362878    13.9995     5.7968      1.025    31.6886    23.6296 -9.990e-29
 272.737928      1.021  38.363131    13.9991     5.7904      1.012    31.6892    23.6301 -9.990e-29
 272.737934      1.006  38.363220    13.9989     5.7955      0.998    31.6895    23.6304 -9.990e-29
 272.737940      0.991  38.363259    13.9991     5.7933      0.983    31.6893    23.6302 -9.990e-29
 272.737946      0.976  38.363295    13.9993     5.7921      0.968    31.6892    23.6301 -9.990e-29
 272.737951      0.964  38.363370    13.9995     5.7914      0.956    31.6891    23.6300 -9.990e-29
 272.737957      0.958  38.363579    13.9996     5.7901      0.950    31.6892    23.6300 -9.990e-29
 272.737963      0.954  38.363633    13.9993     5.7929      0.946    31.6895    23.6303 -9.990e-29
 272.737969      0.948  38.363040    13.9985     5.7747      0.940    31.6896    23.6306 -9.990e-29
 272.737975      0.938  38.362123    13.9975     5.7896      0.930    31.6896    23.6308 -9.990e-29
 272.737980      0.929  38.361334    13.9968     5.7814      0.921    31.6895    23.6308 -9.990e-29
 272.737986      0.929  38.360736    13.9963     5.7765      0.921    31.6893    23.6308 -9.990e-29
 272.737992      0.937  38.360087    13.9952     5.7791      0.929    31.6896    23.6313 -9.990e-29
 272.737998      0.946  38.359074    13.9931     5.7305      0.938    31.6904    23.6323 -9.990e-29
 272.738003      0.955  38.358022    13.9910     5.7712      0.947    31.6912    23.6333 -9.990e-29
 272.738009      0.971  38.356645    13.9891     5.7889      0.963    31.6915    23.6339 -9.990e-29
 272.738015      0.990  38.354781    13.9871     5.7928      0.982    31.6914    23.6343 -9.990e-29
 272.738021      1.008  38.353301    13.9848     5.7948      1.000    31.6919    23.6352 -9.990e-29
 272.738027      1.026  38.351905    13.9824     5.7801      1.017    31.6926    23.6362 -9.990e-29
 272.738032      1.047  38.350408    13.9804     5.7802      1.038    31.6929    23.6368 -9.990e-29
 272.738038      1.071  38.349608    13.9795     5.7844      1.062    31.6929    23.6370 -9.990e-29
 272.738044      1.100  38.349555    13.9794     5.7797      1.091    31.6929    23.6370 -9.990e-29
 272.738050      1.130  38.350172    13.9797     5.7817      1.121    31.6932    23.6372 -9.990e-29
 272.738056      1.157  38.351154    13.9805     5.7584      1.147    31.6935    23.6372 -9.990e-29
 272.738061      1.177  38.352124    13.9817     5.7604      1.167    31.6933    23.6369 -9.990e-29
 272.738067      1.191  38.353248    13.9827     5.7693      1.181    31.6936    23.6368 -9.990e-29
 272.738073      1.205  38.353777    13.9828     5.7727      1.195    31.6940    23.6371 -9.990e-29
