data/oxygen options/ONMS/Olympic_Coast_National_Marine_Sanctuary_CTD_Data_2005_2023/raw_data/2023/CAST_CE042_230616faed.cnv
* Sea-Bird SBE 19 Data File:
* FileName = C:\Users\OCNMS.Inst\Documents\2023 Mooring Data\Casts\CAST_CE042_230616.hex
* Software Version SeatermAF 2.1.4.55
* Temperature SN = 2997
* Conductivity SN = 2997
* System UpLoad Time = Jun 16 2023 18:27:50 (localtime) = Jun 16 2023 18:27:50 (UTC)
** CAST_CE042_230616
* ds
# nquan = 9                                 
# nvalues = 1099                        
# units = specified
# name 0 = timeJ: Julian Days
# name 1 = prSM: Pressure, Strain Gauge [db]
# name 2 = c0mS/cm: Conductivity [mS/cm]
# name 3 = t090C: Temperature [ITS-90, deg C]
# name 4 = sbeox0ML/L: Oxygen, SBE 43 [ml/l]
# name 5 = depSM: Depth [salt water, m], lat = 47.5
# name 6 = sal00: Salinity, Practical [PSU]
# name 7 = sigma-é00: Density [sigma-theta, kg/m^3]
# name 8 = flag: flag
# span 0 = 167.719769, 167.726123       
# span 1 =     -5.980,     41.505       
# span 2 =   0.009897,  38.103612       
# span 3 =     7.6844,    14.7462       
# span 4 =    -1.8672,    18.2733       
# span 5 =     -5.930,     41.154       
# span 6 =     0.0111,    33.7912       
# span 7 =    -0.8519,    26.3710       
# span 8 = 0.0000e+00, 0.0000e+00       
# interval = seconds: 0.5
# start_time = Jun 16 2023 17:16:28 [Instrument's time stamp, header]
# bad_flag = -9.990e-29
*END*
[from data line 481]
 167.722552      0.103  38.068904    12.0990    -1.5832      0.102    33.0343    25.0441 -9.990e-29
 167.722558      0.102  38.020639    12.0981    -1.5829      0.101    32.9884    25.0087 -9.990e-29
 167.722564      0.108  37.980091    12.0946    -1.5827      0.107    32.9524    24.9813 -9.990e-29
 167.722569      0.122  37.973017    12.0911    -1.5829      0.121    32.9486    24.9791 -9.990e-29
 167.722575      0.135  37.992855    12.0925    -1.5834      0.134    32.9665    24.9927 -9.990e-29
 167.722581      0.142  38.022524    12.0986    -1.5840      0.141    32.9898    25.0096 -9.990e-29
 167.722587      0.136  38.040391    12.1031    -1.5834      0.135    33.0031    25.0191 -9.990e-29
 167.722593      0.124  38.031586    12.1036    -1.5829      0.123    32.9942    25.0121 -9.990e-29
 167.722598      0.111  38.007053    12.1019    -1.5837      0.110    32.9720    24.9952 -9.990e-29
 167.722604      0.107  37.996138    12.1007    -1.5838      0.106    32.9625    24.9880 -9.990e-29
 167.722610      0.114  38.016664    12.1018    -1.5838      0.113    32.9813    25.0025 -9.990e-29
 167.722616      0.130  38.056698    12.1040    -1.5852      0.129    33.0181    25.0305 -9.990e-29
 167.722622      0.146  38.086639    12.1039    -1.5861      0.145    33.0471    25.0531 -9.990e-29
 167.722627      0.159  38.093666    12.0996    -1.5866      0.158    33.0577    25.0621 -9.990e-29
 167.722633      0.171  38.083688    12.0936    -1.5869      0.170    33.0533    25.0599 -9.990e-29
 167.722639      0.181  38.068498    12.0889    -1.5872      0.179    33.0428    25.0526 -9.990e-29
 167.722645      0.192  38.066379    12.0837    -1.5886      0.190    33.0454    25.0555 -9.990e-29
 167.722650      0.202  38.085043    12.0760    -1.5887      0.200    33.0702    25.0763 -9.990e-29
 167.722656      0.209  38.103351    12.0667    -1.5875      0.207    33.0962    25.0982 -9.990e-29
 167.722662      0.209  38.103612    12.0516    -1.5863      0.207    33.1098    25.1116 -9.990e-29
 167.722668      0.206  38.095591    12.0282    -1.5871      0.204    33.1228    25.1261 -9.990e-29
 167.722674      0.203  38.085291    12.0061    -1.5887      0.201    33.1325    25.1378 -9.990e-29
 167.722679      0.202  38.068393    11.9932    -1.5886      0.200    33.1276    25.1364 -9.990e-29
 167.722685      0.202  38.045221    11.9879    -1.5892      0.200    33.1098    25.1236 -9.990e-29
 167.722691      0.203  38.016693    11.9869    -1.5883      0.201    33.0831    25.1030 -9.990e-29
 167.722697      0.205  37.981069    11.9905    -1.5886      0.203    33.0454    25.0730 -9.990e-29
 167.722703      0.207  37.928827    11.9988    -1.5875      0.205    32.9874    25.0265 -9.990e-29
 167.722708      0.211  37.868049    12.0087    -1.5872      0.209    32.9198    24.9722 -9.990e-29
 167.722714      0.217  37.840794    12.0148    -1.5877      0.215    32.8880    24.9464 -9.990e-29
 167.722720      0.224  37.859902    12.0134    -1.5893      0.222    32.9078    24.9620 -9.990e-29
 167.722726      0.233  37.879071    12.0091    -1.5901      0.231    32.9301    24.9801 -9.990e-29
 167.722731      0.246  37.856003    12.0081    -1.5903      0.244    32.9086    24.9636 -9.990e-29
 167.722737      0.257  37.807437    12.0106    -1.5897      0.255    32.8594    24.9250 -9.990e-29
 167.722743      0.261  37.768753    12.0157    -1.5877      0.259    32.8175    24.8915 -9.990e-29
 167.722749      0.256  37.751550    12.0222    -1.5876      0.254    32.7952    24.8729 -9.990e-29
 167.722755      0.251  37.751270    12.0270    -1.5893      0.249    32.7907    24.8685 -9.990e-29
 167.722760      0.250  37.762399    12.0268    -1.5901      0.248    32.8016    24.8771 -9.990e-29
 167.722766      0.253  37.785116    12.0215    -1.5897      0.251    32.8282    24.8987 -9.990e-29
 167.722772      0.256  37.795293    12.0144    -1.5878      0.254    32.8443    24.9125 -9.990e-29
 167.722778      0.255  37.763839    12.0102    -1.5872      0.253    32.8176    24.8926 -9.990e-29
 167.722784      0.254  37.703029    12.0120    -1.5878      0.252    32.7572    24.8454 -9.990e-29
 167.722789      0.252  37.652640    12.0177    -1.5882      0.250    32.7035    24.8026 -9.990e-29
 167.722795      0.247  37.638903    12.0203    -1.5884      0.245    32.6879    24.7900 -9.990e-29
 167.722801      0.240  37.670839    12.0145    -1.5885      0.238    32.7239    24.8190 -9.990e-29
 167.722807      0.237  37.727653    12.0043    -1.5882      0.235    32.7878    24.8705 -9.990e-29
 167.722813      0.233  37.752279    11.9998    -1.5876      0.231    32.8156    24.8930 -9.990e-29
 167.722818      0.218  37.730410    12.0067    -1.5871      0.216    32.7884    24.8705 -9.990e-29
 167.722824      0.193  37.707823    12.0210    -1.5868      0.191    32.7539    24.8412 -9.990e-29
 167.722830      0.164  37.720380    12.0325    -1.5867      0.163    32.7560    24.8406 -9.990e-29
 167.722836      0.134  37.756164    12.0384    -1.5867      0.133    32.7854    24.8623 -9.990e-29
 167.722841      0.100  37.774311    12.0445    -1.5866      0.099    32.7976    24.8707 -9.990e-29
 167.722847      0.060  37.756357    12.0531    -1.5860      0.059    32.7727    24.8497 -9.990e-29
 167.722853      0.013  37.717463    12.0650    -1.5837      0.013    32.7247    24.8102 -9.990e-29
 167.722859     -0.042  37.677910    12.0819    -1.5823     -0.042    32.6717    24.7660 -9.990e-29
 167.722865     -0.098  37.646461    12.1011    -1.5816     -0.097    32.6246    24.7258 -9.990e-29
 167.722870     -0.155  37.625884    12.1191    13.3992     -0.154    32.5891    24.6949 -9.990e-29
 167.722876     -0.213  37.614968    12.1333    17.7487     -0.211    32.5662    24.6744 -9.990e-29
 167.722882     -0.270  37.606901    12.1416    18.2733     -0.268    32.5512    24.6613 -9.990e-29
 167.722888     -0.331  37.600349    12.1465    17.2782     -0.328    32.5407    24.6522 -9.990e-29
 167.722894     -0.395  37.598238    12.1533     8.9018     -0.392    32.5328    24.6447 -9.990e-29
 167.722899     -0.457  37.602135    12.1653     7.7265     -0.453    32.5261    24.6373 -9.990e-29
 167.722905     -0.514  37.619934    12.1821     7.0057     -0.510    32.5286    24.6361 -9.990e-29
 167.722911     -0.563  37.667429    12.2000     6.5596     -0.558    32.5588    24.6561 -9.990e-29
 167.722917     -0.604  37.727206    12.2177     6.3601     -0.599    32.6009    24.6854 -9.990e-29
 167.722922     -0.636  37.717587    12.2362     6.2504     -0.631    32.5755    24.6623 -9.990e-29
 167.722928     -0.661  37.493483    12.2566     6.2218     -0.655    32.3426    24.4778 -9.990e-29
 167.722934     -0.679  36.712867    12.2781     6.2152     -0.673    31.5763    23.8797 -9.990e-29
 167.722940     -0.697  34.351060    12.2993     6.2309     -0.691    29.3127    22.1220 -9.990e-29
 167.722946     -0.719  27.700709    12.3202     6.2170     -0.713    23.1010    17.3140 -9.990e-29
 167.722951     -0.744  17.772184    12.3416     6.2586     -0.738    14.2090    10.4477 -9.990e-29
 167.722957     -0.763  10.511659    12.3621     6.2841     -0.757     8.0408     5.6863 -9.990e-29
 167.722963     -0.775   7.299867    12.3788     6.2727     -0.769     5.4301     3.6676 -9.990e-29
 167.722969     -0.779   5.898263    12.3915     6.2492     -0.773     4.3202     2.8078 -9.990e-29
 167.722975     -0.777   5.275982    12.4033     6.2902     -0.771     3.8339     2.4300 -9.990e-29
 167.722980     -0.771   4.959338    12.4180     6.3114     -0.765     3.5875     2.2374 -9.990e-29
 167.722986     -0.770   4.847709    12.4351     6.2748     -0.764     3.4998     2.1673 -9.990e-29
 167.722992     -0.775   4.808358    12.4494     6.3224     -0.769     3.4682     2.1410 -9.990e-29
 167.722998     -0.777   4.726048    12.4579     6.3399     -0.771     3.4042     2.0904 -9.990e-29
 167.723003     -0.771   4.704263    12.4624     6.3067     -0.765     3.3871     2.0766 -9.990e-29
 167.723009     -0.763   4.710562    12.4662     6.3173     -0.757     3.3916     2.0796 -9.990e-29
 167.723015     -0.759   4.490063    12.4711     6.2609     -0.753     3.2223     1.9478 -9.990e-29
 167.723021     -0.759   4.243571    12.4772     6.3079     -0.753     3.0338     1.8011 -9.990e-29
 167.723027     -0.760   4.286047    12.4829     6.3368     -0.754     3.0657     1.8251 -9.990e-29
 167.723032     -0.761   4.328149    12.4874     6.3313     -0.755     3.0974     1.8490 -9.990e-29
 167.723038     -0.758   4.030064    12.4917     5.6317     -0.752     2.8706     1.6728 -9.990e-29
 167.723044     -0.751   3.582361    12.4953     5.2394     -0.745     2.5327     1.4106 -9.990e-29
 167.723050     -0.744   3.238674    12.4979     5.2405     -0.738     2.2755     1.2108 -9.990e-29
 167.723056     -0.731   3.058615    12.5017     5.2412     -0.725     2.1414     1.1064 -9.990e-29
 167.723061     -0.713   3.177816    12.5079     5.2413     -0.707     2.2296     1.1740 -9.990e-29
 167.723067     -0.697   3.533137    12.5148     5.2432     -0.691     2.4945     1.3785 -9.990e-29
 167.723073     -0.681   3.730769    12.5200     5.2481     -0.675     2.6426     1.4926 -9.990e-29
 167.723079     -0.656   3.731733    12.5186     5.2558     -0.651     2.6434     1.4934 -9.990e-29
 167.723084     -0.620   4.069109    12.4969     5.2812     -0.615     2.8998     1.6948 -9.990e-29
 167.723090     -0.576   5.828806    12.4415     5.3298     -0.571     4.2602     2.7549 -9.990e-29
 167.723096     -0.520  11.785507    12.3685     5.3580     -0.516     9.0959     6.4997 -9.990e-29
 167.723102     -0.458  22.212408    12.3105     5.4350     -0.454    18.1373    13.4830 -9.990e-29
 167.723108     -0.394  31.402109    12.2756     5.6371     -0.391    26.5576    19.9940 -9.990e-29
 167.723113     -0.321  35.803786    12.2530     6.0302     -0.318    30.7291    23.2278 -9.990e-29
 167.723119     -0.232  37.273489    12.2332     6.6024     -0.230    32.1514    24.3339 -9.990e-29
 167.723125     -0.140  37.762876    12.2137     7.2273     -0.139    32.6385    24.7154 -9.990e-29
 167.723131     -0.060  37.924917    12.2011     7.7009     -0.059    32.8055    24.8473 -9.990e-29
 167.723137     -0.000  37.969399    12.1989     7.9274     -0.000    32.8502    24.8824 -9.990e-29
 167.723142      0.039  37.970647    12.2013     7.9266      0.039    32.8493    24.8813 -9.990e-29
 167.723148      0.064  37.969986    12.2054     7.7725      0.063    32.8451    24.8772 -9.990e-29
 167.723154      0.082  37.973715    12.2099     7.5562      0.081    32.8447    24.8761 -9.990e-29
 167.723160      0.097  37.976064    12.2127     7.3127      0.096    32.8445    24.8754 -9.990e-29
 167.723166      0.115  37.981184    12.2136     7.1218      0.114    32.8486    24.8784 -9.990e-29
 167.723171      0.132  37.990200    12.2114     7.0228      0.131    32.8592    24.8871 -9.990e-29
 167.723177      0.146  37.998790    12.2087     7.0113      0.145    32.8699    24.8958 -9.990e-29
 167.723183      0.158  38.003744    12.2101     7.0286      0.157    32.8734    24.8983 -9.990e-29
 167.723189      0.167  38.003722    12.2138     7.0322      0.166    32.8701    24.8951 -9.990e-29
 167.723194      0.175  37.999151    12.2152     7.0530      0.174    32.8645    24.8904 -9.990e-29
 167.723200      0.182  37.994478    12.2106     7.0508      0.180    32.8640    24.8909 -9.990e-29
 167.723206      0.189  37.992334    12.1988     7.1537      0.187    32.8723    24.8996 -9.990e-29
 167.723212      0.196  37.990880    12.1804     7.2572      0.194    32.8871    24.9145 -9.990e-29
 167.723218      0.203  37.989754    12.1571     7.3462      0.201    32.9065    24.9340 -9.990e-29
 167.723223      0.211  37.992394    12.1389     7.4064      0.209    32.9251    24.9519 -9.990e-29
 167.723229      0.217  37.998293    12.1390     7.3793      0.215    32.9307    24.9562 -9.990e-29
 167.723235      0.216  38.002887    12.1517     7.3379      0.214    32.9240    24.9485 -9.990e-29
 167.723241      0.212  38.005474    12.1603     7.2637      0.210    32.9189    24.9430 -9.990e-29
 167.723247      0.210  38.007720    12.1618     7.2146      0.208    32.9197    24.9433 -9.990e-29
 167.723252      0.209  38.010842    12.1618     7.2053      0.207    32.9227    24.9457 -9.990e-29
 167.723258      0.209  38.013862    12.1610     7.1985      0.207    32.9264    24.9486 -9.990e-29
 167.723264      0.211  38.015105    12.1599     7.2178      0.209    32.9285    24.9505 -9.990e-29
 167.723270      0.215  38.014090    12.1611     7.2383      0.213    32.9265    24.9487 -9.990e-29
 167.723275      0.220  38.011641    12.1649     7.2490      0.218    32.9208    24.9436 -9.990e-29
 167.723281      0.227  38.009640    12.1676     7.2738      0.225    32.9165    24.9397 -9.990e-29
 167.723287      0.236  38.008118    12.1655     7.2733      0.234    32.9168    24.9404 -9.990e-29
 167.723293      0.249  38.005710    12.1549     7.2377      0.247    32.9239    24.9479 -9.990e-29
 167.723299      0.261  38.003617    12.1363     7.1816      0.259    32.9382    24.9625 -9.990e-29
 167.723304      0.265  38.006261    12.1253     7.1282      0.263    32.9505    24.9741 -9.990e-29
 167.723310      0.257  38.013737    12.1371     7.1084      0.255    32.9473    24.9694 -9.990e-29
 167.723316      0.240  38.019694    12.1617     7.1494      0.238    32.9314    24.9524 -9.990e-29
 167.723322      0.222  38.022481    12.1787     7.2254      0.220    32.9191    24.9396 -9.990e-29
 167.723328      0.211  38.023509    12.1772     7.2925      0.209    32.9214    24.9417 -9.990e-29
 167.723333      0.210  38.019605    12.1526     7.3442      0.208    32.9393    24.9603 -9.990e-29
 167.723339      0.215  38.013339    12.1196     7.3601      0.213    32.9624    24.9844 -9.990e-29
 167.723345      0.217  38.010850    12.1061     7.3300      0.215    32.9719    24.9943 -9.990e-29
 167.723351      0.208  38.012105    12.1172     7.2859      0.206    32.9633    24.9856 -9.990e-29
 167.723356      0.187  38.013657    12.1385     7.2281      0.185    32.9460    24.9681 -9.990e-29
 167.723362      0.167  38.011903    12.1588     7.1901      0.166    32.9264    24.9491 -9.990e-29
 167.723368      0.158  38.005561    12.1713     7.2120      0.157    32.9093    24.9335 -9.990e-29
 167.723374      0.160  37.996192    12.1696     7.2905      0.159    32.9018    24.9279 -9.990e-29
 167.723380      0.164  37.991404    12.1581     7.3868      0.163    32.9073    24.9344 -9.990e-29
 167.723385      0.167  37.995389    12.1559     7.4514      0.166    32.9131    24.9393 -9.990e-29
 167.723391      0.169  38.000506    12.1700     7.5657      0.168    32.9056    24.9308 -9.990e-29
 167.723397      0.169  37.998943    12.1859     7.6250      0.168    32.8901    24.9158 -9.990e-29
 167.723403      0.173  37.991905    12.1952     7.6621      0.172    32.8751    24.9024 -9.990e-29
 167.723409      0.184  37.987866    12.2009     7.6118      0.182    32.8662    24.8944 -9.990e-29
 167.723414      0.194  37.990338    12.2037     7.4335      0.192    32.8661    24.8938 -9.990e-29
 167.723420      0.197  37.994146    12.2048     7.3472      0.195    32.8688    24.8957 -9.990e-29
 167.723426      0.196  37.996459    12.2048     7.3071      0.194    32.8710    24.8975 -9.990e-29
 167.723432      0.196  37.998610    12.2040     7.3571      0.194    32.8738    24.8998 -9.990e-29
 167.723437      0.195  38.000039    12.2036     7.4434      0.193    32.8756    24.9012 -9.990e-29
 167.723443      0.196  37.999782    12.2007     7.4833      0.194    32.8779    24.9035 -9.990e-29
 167.723449      0.197  37.999107    12.1895     7.5010      0.195    32.8871    24.9128 -9.990e-29
 167.723455      0.198  37.999844    12.1743     7.5250      0.196    32.9011    24.9266 -9.990e-29
 167.723461      0.200  38.001788    12.1717     7.5733      0.198    32.9053    24.9303 -9.990e-29
 167.723466      0.203  38.002417    12.1828     7.6284      0.201    32.8961    24.9211 -9.990e-29
