data/oxygen options/ONMS/Olympic_Coast_National_Marine_Sanctuary_CTD_Data_2005_2023/raw_data/2023/CAST_TH042_230719faed.cnv
* Sea-Bird SBE 19 Data File:
* FileName = C:\Users\OCNMS.Inst\Documents\2023 Mooring Data\Casts\CAST_TH042_230719.hex
* Software Version SeatermAF 2.1.4.55
* Temperature SN = 2997
* Conductivity SN = 2997
* System UpLoad Time = Jul 19 2023 18:43:37 (localtime) = Jul 19 2023 18:43:37 (UTC)
** CAST_TH042_230719
* ds
# nquan = 9                                 
# nvalues = 1056                        
# units = specified
# name 0 = timeJ: Julian Days
# name 1 = prSM: Pressure, Strain Gauge [db]
# name 2 = c0mS/cm: Conductivity [mS/cm]
# name 3 = t090C: Temperature [ITS-90, deg C]
# name 4 = sbeox0ML/L: Oxygen, SBE 43 [ml/l]
# name 5 = depSM: Depth [salt water, m], lat = 47.5
# name 6 = sal00: Salinity, Practical [PSU]
# name 7 = sigma-é00: Density [sigma-theta, kg/m^3]
# name 8 = flag: flag
# span 0 = 200.729201, 200.735307       
# span 1 =     -6.135,     39.823       
# span 2 =   0.395773,  39.053198       
# span 3 =     7.9169,    14.8176       
# span 4 =    -1.8619,    16.0669       
# span 5 =     -6.084,     39.487       
# span 6 =     0.2422,    33.7989       
# span 7 =    -0.6270,    26.2704       
# span 8 = 0.0000e+00, 0.0000e+00       
# interval = seconds: 0.5
# start_time = Jul 19 2023 17:30:03 [Instrument's time stamp, header]
# bad_flag = -9.990e-29
*END*
[from data line 961]
 200.734763      6.812  36.642813    10.5548     6.0091      6.755    33.0106    25.3046 0.0000e+00
 200.734769      6.555  36.718894    10.6971     6.0850      6.500    32.9581    25.2391 0.0000e+00
 200.734774      6.297  36.806687    10.8500     6.1285      6.244    32.9080    25.1734 0.0000e+00
 200.734780      6.032  36.910158    11.0103     6.1743      5.982    32.8670    25.1132 0.0000e+00
 200.734786      5.762  37.003203    11.1565     6.2076      5.714    32.8285    25.0572 0.0000e+00
 200.734792      5.487  37.079991    11.2678     6.2258      5.441    32.8051    25.0191 0.0000e+00
 200.734797      5.211  37.155553    11.3455     6.2229      5.167    32.8104    25.0092 0.0000e+00
 200.734803      4.941  37.230918    11.4060     6.2238      4.900    32.8308    25.0141 0.0000e+00
 200.734809      4.682  37.291166    11.4465     6.2221      4.643    32.8540    25.0248 0.0000e+00
 200.734815      4.435  37.325873    11.4688     6.2464      4.398    32.8683    25.0319 0.0000e+00
 200.734821      4.197  37.342668    11.4922     6.2703      4.162    32.8640    25.0243 0.0000e+00
 200.734826      3.961  37.356108    11.5207     6.3481      3.928    32.8520    25.0097 0.0000e+00
 200.734832      3.725  37.372349    11.5468     6.4473      3.694    32.8448    24.9994 0.0000e+00
 200.734838      3.488  37.384475    11.5741     6.5384      3.459    32.8325    24.9849 0.0000e+00
 200.734844      3.246  37.396895    11.6068     6.6090      3.219    32.8158    24.9659 0.0000e+00
 200.734850      3.005  37.426172    11.6451     6.6443      2.980    32.8106    24.9548 0.0000e+00
 200.734855      2.773  37.479411    11.6944     6.6558      2.750    32.8190    24.9523 0.0000e+00
 200.734861      2.550  37.544682    11.7458     6.6611      2.529    32.8372    24.9570 0.0000e+00
 200.734867      2.341  37.593036    11.7880     6.6606      2.321    32.8470    24.9568 0.0000e+00
 200.734873      2.145  37.618356    11.8284     6.6786      2.127    32.8360    24.9408 0.0000e+00
 200.734878      1.957  37.635925    11.8705     6.7282      1.941    32.8160    24.9174 0.0000e+00
 200.734884      1.775  37.649002    11.9100     6.7750      1.760    32.7940    24.8930 0.0000e+00
 200.734890      1.599  37.655418    11.9448     6.7863      1.586    32.7696    24.8676 0.0000e+00
 200.734896      1.440  37.664857    11.9754     6.7989      1.428    32.7519    24.8481 0.0000e+00
 200.734902      1.306  37.691035    12.0102     6.7585      1.295    32.7467    24.8376 -9.990e-29
 200.734907      1.195  37.738603    12.0573     6.7568      1.185    32.7514    24.8324 -9.990e-29
 200.734913      1.110  37.794227    12.1040     6.7286      1.101    32.7642    24.8336 -9.990e-29
 200.734919      1.049  37.828979    12.1329     6.7066      1.040    32.7724    24.8345 -9.990e-29
 200.734925      1.004  37.837094    12.1447     6.7240      0.996    32.7699    24.8303 -9.990e-29
 200.734931      0.964  37.828278    12.1486     6.6990      0.956    32.7580    24.8204 -9.990e-29
 200.734936      0.926  37.814876    12.1542     6.7405      0.918    32.7402    24.8055 -9.990e-29
 200.734942      0.897  37.812078    12.1624     6.7346      0.890    32.7303    24.7963 -9.990e-29
 200.734948      0.878  37.805508    12.1613     6.7347      0.871    32.7249    24.7923 -9.990e-29
 200.734954      0.865  37.783045    12.1450     6.7315      0.858    32.7176    24.7897 -9.990e-29
 200.734959      0.852  37.766853    12.1271     6.7182      0.845    32.7176    24.7931 -9.990e-29
 200.734965      0.843  37.771202    12.1249     6.7171      0.836    32.7237    24.7983 -9.990e-29
 200.734971      0.841  37.785078    12.1302     6.7101      0.834    32.7325    24.8040 -9.990e-29
 200.734977      0.846  37.792797    12.1219     6.7029      0.839    32.7472    24.8170 -9.990e-29
 200.734983      0.858  37.785602    12.1011     6.6966      0.851    32.7585    24.8297 -9.990e-29
 200.734988      0.875  37.774072    12.0859     6.6927      0.868    32.7607    24.8343 -9.990e-29
 200.734994      0.889  37.765806    12.0829     6.7021      0.882    32.7553    24.8307 -9.990e-29
 200.735000      0.896  37.752578    12.0891     6.7136      0.889    32.7371    24.8154 -9.990e-29
 200.735006      0.896  37.743082    12.0960     6.7121      0.889    32.7219    24.8023 -9.990e-29
 200.735012      0.894  37.741469    12.0889     6.7119      0.887    32.7266    24.8072 -9.990e-29
 200.735017      0.899  37.735505    12.0672     6.7011      0.891    32.7399    24.8216 -9.990e-29
 200.735023      0.910  37.725646    12.0443     6.7054      0.902    32.7504    24.8341 -9.990e-29
 200.735029      0.920  37.718357    12.0294     6.7240      0.912    32.7565    24.8416 -9.990e-29
 200.735035      0.925  37.714558    12.0231     6.7225      0.917    32.7583    24.8442 -9.990e-29
 200.735041      0.925  37.713101    12.0216     6.7229      0.917    32.7582    24.8444 -9.990e-29
 200.735046      0.921  37.712602    12.0219     6.7235      0.913    32.7575    24.8437 -9.990e-29
 200.735052      0.917  37.713516    12.0239     6.7196      0.909    32.7566    24.8427 -9.990e-29
 200.735058      0.920  37.719303    12.0276     6.7213      0.912    32.7589    24.8438 -9.990e-29
 200.735064      0.932  37.728153    12.0306     6.7132      0.924    32.7649    24.8479 -9.990e-29
 200.735069      0.943  37.732256    12.0309     6.7205      0.935    32.7686    24.8507 -9.990e-29
 200.735075      0.952  37.729799    12.0284     6.7301      0.944    32.7684    24.8510 -9.990e-29
 200.735081      0.957  37.724791    12.0241     6.7294      0.949    32.7673    24.8510 -9.990e-29
 200.735087      0.960  37.720078    12.0198     6.7157      0.952    32.7665    24.8512 -9.990e-29
 200.735093      0.961  37.717221    12.0174     6.7144      0.953    32.7659    24.8511 -9.990e-29
 200.735098      0.955  37.716894    12.0182     6.7285      0.947    32.7649    24.8502 -9.990e-29
 200.735104      0.938  37.718097    12.0219     6.7531      0.930    32.7628    24.8479 -9.990e-29
 200.735110      0.913  37.720192    12.0266     6.7880      0.905    32.7607    24.8454 -9.990e-29
 200.735116      0.882  37.725413    12.0320     6.7581      0.875    32.7610    24.8446 -9.990e-29
 200.735122      0.840  37.732879    12.0384     6.8042      0.833    32.7626    24.8447 -9.990e-29
 200.735127      0.785  37.739658    12.0478     6.8219      0.778    32.7609    24.8416 -9.990e-29
 200.735133      0.719  37.749745    12.0652     6.8263      0.713    32.7554    24.8341 -9.990e-29
 200.735139      0.645  37.771549    12.0919     6.7743      0.640    32.7531    24.8272 -9.990e-29
 200.735145      0.562  37.811729    12.1266     6.6241      0.557    32.7615    24.8272 -9.990e-29
 200.735150      0.472  37.865029    12.1691     6.5756      0.468    32.7756    24.8302 -9.990e-29
 200.735156      0.379  37.910625    12.2084     7.2952      0.376    32.7851    24.8301 -9.990e-29
 200.735162      0.285  37.933112    12.2341     7.5009      0.283    32.7843    24.8246 -9.990e-29
 200.735168      0.194  37.935025    12.2526     7.3299      0.192    32.7700    24.8100 -9.990e-29
 200.735174      0.106  37.932371    12.2675     6.9876      0.105    32.7544    24.7951 -9.990e-29
 200.735179      0.027  37.930580    12.2770     6.7017      0.027    32.7444    24.7856 -9.990e-29
 200.735185     -0.041  37.905974    12.2860     6.5145     -0.041    32.7129    24.7594 -9.990e-29
 200.735191     -0.094  37.827429    12.2993     6.4041     -0.093    32.6259    24.6894 -9.990e-29
 200.735197     -0.131  37.624403    12.3174     6.4023     -0.130    32.4154    24.5228 -9.990e-29
 200.735203     -0.158  37.052530    12.3408     6.4276     -0.157    31.8478    24.0783 -9.990e-29
 200.735208     -0.181  35.366125    12.3694     6.4425     -0.179    30.2184    22.8105 -9.990e-29
 200.735214     -0.202  30.330659    12.3990     6.4748     -0.200    25.4751    19.1351 -9.990e-29
 200.735220     -0.223  21.710922    12.4260     6.4959     -0.221    17.6359    13.0778 -9.990e-29
 200.735226     -0.239  13.842872    12.4488     6.5190     -0.237    10.8022     7.8045 -9.990e-29
 200.735231     -0.248   9.364531    12.4667     6.5271     -0.246     7.0798     4.9301 -9.990e-29
 200.735237     -0.251   7.188752    12.4809     6.5246     -0.249     5.3270     3.5745 -9.990e-29
 200.735243     -0.251   6.095967    12.4942     6.5549     -0.249     4.4631     2.9049 -9.990e-29
 200.735249     -0.258   5.653728    12.5087     6.5341     -0.256     4.1163     2.6348 -9.990e-29
 200.735255     -0.272   5.535322    12.5244 -9.990e-29     -0.270     4.0225     2.5603 -9.990e-29
 200.735260     -0.285   5.293840    12.5397 -9.990e-29     -0.283     3.8339     2.4123 -9.990e-29
 200.735266     -0.294   4.938007    12.5542 -9.990e-29     -0.292     3.5582     2.1971 -9.990e-29
 200.735272     -0.299   4.670860    12.5678 -9.990e-29     -0.297     3.3521     2.0359 -9.990e-29
 200.735278     -0.301   4.441284    12.5801 -9.990e-29     -0.298     3.1759     1.8979 -9.990e-29
 200.735284     -0.300   4.196523    12.5923 -9.990e-29     -0.297     2.9889     1.7516 -9.990e-29
 200.735289     -0.296   4.054117    12.6060 -9.990e-29     -0.294     2.8801     1.6656 -9.990e-29
 200.735295     -0.292   4.065291    12.6194 -9.990e-29     -0.290     2.8876     1.6696 -9.990e-29
 200.735301     -0.293   4.091627    12.6256 -9.990e-29     -0.291     2.9070     1.6838 -9.990e-29
 200.735307     -0.295   4.124905 -9.990e-29 -9.990e-29     -0.293 -9.990e-29 -9.990e-29 -9.990e-29
