data/oxygen options/ONMS/Olympic_Coast_National_Marine_Sanctuary_CTD_Data_2005_2023/raw_data/2023/CAST_KL015_230601faed.cnv
* Sea-Bird SBE 19 Data File:
* FileName = C:\Users\OCNMS.Inst\Documents\2023 Mooring Data\Casts\CAST_KL015_230601.hex
* Software Version SeatermAF 2.1.4.55
* Temperature SN = 2997
* Conductivity SN = 2997
* System UpLoad Time = Jun 01 2023 20:27:52 (localtime) = Jun 01 2023 20:27:52 (UTC)
** CAST_KL015_230601
* ds
# nquan = 9                                 
# nvalues = 883                         
# units = specified
# name 0 = timeJ: Julian Days
# name 1 = prSM: Pressure, Strain Gauge [db]
# name 2 = c0mS/cm: Conductivity [mS/cm]
# name 3 = t090C: Temperature [ITS-90, deg C]
# name 4 = sbeox0ML/L: Oxygen, SBE 43 [ml/l]
# name 5 = depSM: Depth [salt water, m], lat = 47.5
# name 6 = sal00: Salinity, Practical [PSU]
# name 7 = sigma-é00: Density [sigma-theta, kg/m^3]
# name 8 = flag: flag
# span 0 = 152.838380, 152.843484       
# span 1 =     -6.192,     14.080       
# span 2 =   0.252659,  36.911925       
# span 3 =     8.2426,    13.8588       
# span 4 =    -1.9707,    19.8074       
# span 5 =     -6.140,     13.962       
# span 6 =     0.1557,    33.2799       
# span 7 =    -0.6133,    25.8866       
# span 8 = 0.0000e+00, 0.0000e+00       
# interval = seconds: 0.5
# start_time = Jun 01 2023 20:07:16 [Instrument's time stamp, header]
# bad_flag = -9.990e-29
*END*
[from data line 801]
 152.843015      5.058  35.660517     9.8938     9.1552      5.016    32.6182    25.1103 0.0000e+00
 152.843021      4.708  35.721294     9.9596     9.1655      4.669    32.6206    25.1013 0.0000e+00
 152.843027      4.385  35.800936    10.0381     9.1389      4.348    32.6306    25.0960 0.0000e+00
 152.843032      4.085  35.888602    10.1106     9.1409      4.051    32.6540    25.1022 0.0000e+00
 152.843038      3.797  35.943822    10.1527     9.1072      3.765    32.6720    25.1091 0.0000e+00
 152.843044      3.516  35.951199    10.1662     9.1785      3.487    32.6674    25.1033 0.0000e+00
 152.843050      3.236  35.943013    10.1667     9.2603      3.209    32.6588    25.0965 0.0000e+00
 152.843056      2.954  35.945909    10.1711     9.3717      2.929    32.6579    25.0950 0.0000e+00
 152.843061      2.671  35.959292    10.1963     9.4705      2.649    32.6488    25.0837 0.0000e+00
 152.843067      2.397  35.981422    10.2430     9.4966      2.377    32.6292    25.0605 0.0000e+00
 152.843073      2.139  36.014946    10.2957     9.5890      2.121    32.6157    25.0411 0.0000e+00
 152.843079      1.902  36.057540    10.3399     9.6751      1.886    32.6190    25.0361 0.0000e+00
 152.843084      1.685  36.104975    10.3731     9.7481      1.671    32.6369    25.0445 0.0000e+00
 152.843090      1.476  36.137068    10.4105     9.7923      1.464    32.6357    25.0371 0.0000e+00
 152.843096      1.273  36.152949    10.4606     9.7745      1.262    32.6068    25.0060 0.0000e+00
 152.843102      1.083  36.179423    10.5053     9.7591      1.074    32.5933    24.9879 0.0000e+00
 152.843108      0.920  36.215969    10.5329     9.7395      0.912    32.6053    24.9925 0.0000e+00
 152.843113      0.794  36.248612    10.5495     9.7309      0.787    32.6232    25.0036 -9.990e-29
 152.843119      0.707  36.268255    10.5595     9.7183      0.701    32.6339    25.0102 -9.990e-29
 152.843125      0.649  36.274788    10.5653     9.7095      0.644    32.6353    25.0103 -9.990e-29
 152.843131      0.608  36.277508    10.5691     9.7115      0.603    32.6346    25.0091 -9.990e-29
 152.843137      0.571  36.280066    10.5694     9.7198      0.566    32.6369    25.0109 -9.990e-29
 152.843142      0.529  36.276931    10.5652     9.7164      0.525    32.6376    25.0121 -9.990e-29
 152.843148      0.479  36.268990    10.5607     9.7149      0.475    32.6337    25.0098 -9.990e-29
 152.843154      0.434  36.266964    10.5605     9.7088      0.430    32.6318    25.0084 -9.990e-29
 152.843160      0.414  36.272097    10.5642     9.7190      0.411    32.6337    25.0092 -9.990e-29
 152.843166      0.421  36.279491    10.5676     9.7287      0.417    32.6380    25.0120 -9.990e-29
 152.843171      0.438  36.284467    10.5675     9.7276      0.434    32.6431    25.0160 -9.990e-29
 152.843177      0.446  36.283599    10.5650     9.7170      0.442    32.6444    25.0175 -9.990e-29
 152.843183      0.435  36.279113    10.5629     9.7003      0.431    32.6418    25.0158 -9.990e-29
 152.843189      0.415  36.274015    10.5628     9.6911      0.412    32.6368    25.0119 -9.990e-29
 152.843194      0.401  36.273292    10.5655     9.6816      0.398    32.6337    25.0090 -9.990e-29
 152.843200      0.396  36.281048    10.5701     9.6882      0.393    32.6373    25.0111 -9.990e-29
 152.843206      0.395  36.291401    10.5758     9.7040      0.392    32.6426    25.0142 -9.990e-29
 152.843212      0.395  36.299132    10.5814     9.7159      0.392    32.6453    25.0154 -9.990e-29
 152.843218      0.387  36.302812    10.5834     9.7333      0.384    32.6472    25.0165 -9.990e-29
 152.843223      0.370  36.300088    10.5807     9.7304      0.367    32.6469    25.0167 -9.990e-29
 152.843229      0.348  36.294075    10.5769     9.7289      0.345    32.6443    25.0153 -9.990e-29
 152.843235      0.322  36.290784    10.5758     9.7086      0.319    32.6420    25.0137 -9.990e-29
 152.843241      0.297  36.292010    10.5766     9.6838      0.295    32.6425    25.0140 -9.990e-29
 152.843247      0.270  36.293810    10.5757     9.6718      0.268    32.6451    25.0162 -9.990e-29
 152.843252      0.244  36.291884    10.5733     9.6208      0.242    32.6454    25.0168 -9.990e-29
 152.843258      0.222  36.288170    10.5718     9.6550      0.220    32.6430    25.0152 -9.990e-29
 152.843264      0.201  36.286144    10.5715     9.6575      0.199    32.6413    25.0139 -9.990e-29
 152.843270      0.182  36.285734    10.5714     9.6692      0.180    32.6410    25.0137 -9.990e-29
 152.843275      0.162  36.285846    10.5715     9.6912      0.161    32.6410    25.0137 -9.990e-29
 152.843281      0.141  36.285891    10.5724     9.6307      0.140    32.6402    25.0129 -9.990e-29
 152.843287      0.121  36.286497    10.5749     9.6546      0.120    32.6386    25.0112 -9.990e-29
 152.843293      0.105  36.289965    10.5779     9.5988      0.104    32.6394    25.0113 -9.990e-29
 152.843299      0.089  36.294758    10.5795     9.4882      0.088    32.6428    25.0137 -9.990e-29
 152.843304      0.066  36.296066    10.5793     9.3616      0.065    32.6443    25.0149 -9.990e-29
 152.843310      0.035  36.294510    10.5783     9.2033      0.035    32.6436    25.0146 -9.990e-29
 152.843316     -0.006  36.292499    10.5773    10.1154     -0.006    32.6425    25.0139 -9.990e-29
 152.843322     -0.058  36.289592    10.5759    10.8405     -0.058    32.6409    25.0128 -9.990e-29
 152.843328     -0.123  36.284712    10.5731    10.1434     -0.122    32.6385    25.0115 -9.990e-29
 152.843333     -0.189  36.277516    10.5674     9.2169     -0.187    32.6365    25.0109 -9.990e-29
 152.843339     -0.250  36.267932    10.5573     8.1382     -0.248    32.6360    25.0122 -9.990e-29
 152.843345     -0.300  36.249344    10.5422     7.3759     -0.297    32.6309    25.0109 -9.990e-29
 152.843351     -0.338  36.195848    10.5237     6.9573     -0.335    32.5939    24.9852 -9.990e-29
 152.843356     -0.372  36.031632    10.5032     6.7525     -0.369    32.4478    24.8749 -9.990e-29
 152.843362     -0.402  35.534379    10.4820     6.7021     -0.399    31.9692    24.5056 -9.990e-29
 152.843368     -0.423  34.038281    10.4624     6.6551     -0.419    30.4952    23.3610 -9.990e-29
 152.843374     -0.435  29.545178    10.4439     6.7385     -0.431    26.0897    19.9366 -9.990e-29
 152.843380     -0.444  21.088428    10.4240     6.7970     -0.440    18.0312    13.6817 -9.990e-29
 152.843385     -0.451  12.664964    10.4013     6.8588     -0.447    10.3670     7.7390 -9.990e-29
 152.843391     -0.459   8.189277    10.3772     6.8684     -0.455     6.4833     4.7261 -9.990e-29
 152.843397     -0.470   6.515545    10.3552     6.8068     -0.466     5.0762     3.6344 -9.990e-29
 152.843403     -0.480   5.696757    10.3365     6.8506     -0.476     4.3991     3.1093 -9.990e-29
 152.843409     -0.494   5.165942    10.3200     6.8484     -0.490     3.9644     2.7725 -9.990e-29
 152.843414     -0.513   4.735498    10.3031     6.9171     -0.509     3.6147     2.5018 -9.990e-29
 152.843420     -0.529   4.430522    10.2839     6.9418     -0.525     3.3689     2.3122 -9.990e-29
 152.843426     -0.539   4.077211    10.2645     6.8963     -0.535     3.0853     2.0930 -9.990e-29
 152.843432     -0.545   3.583312    10.2487 -9.990e-29     -0.540     2.6907     1.7867 -9.990e-29
 152.843437     -0.545   3.148433    10.2360 -9.990e-29     -0.540     2.3464     1.5191 -9.990e-29
 152.843443     -0.545   2.922452    10.2245 -9.990e-29     -0.540     2.1690     1.3816 -9.990e-29
 152.843449     -0.548   3.017140    10.2141 -9.990e-29     -0.543     2.2441     1.4414 -9.990e-29
 152.843455     -0.551   3.379924    10.2060 -9.990e-29     -0.546     2.5318     1.6668 -9.990e-29
 152.843461     -0.554   3.757127    10.2001 -9.990e-29     -0.549     2.8334     1.9028 -9.990e-29
 152.843466     -0.561   4.106375    10.1948 -9.990e-29     -0.556     3.1147     2.1228 -9.990e-29
 152.843472     -0.569   4.322250    10.1902 -9.990e-29     -0.564     3.2897     2.2598 -9.990e-29
 152.843478     -0.574   4.261472    10.1882 -9.990e-29     -0.569     3.2407     2.2217 -9.990e-29
 152.843484     -0.575   4.098030 -9.990e-29 -9.990e-29     -0.570 -9.990e-29 -9.990e-29 -9.990e-29
