data/oxygen options/ONMS/Olympic_Coast_National_Marine_Sanctuary_CTD_Data_2005_2023/raw_data/2023/CAST_CA042_230531faed.cnv
* Sea-Bird SBE 19 Data File:
* FileName = C:\Users\OCNMS.Inst\Documents\2023 Mooring Data\Casts\CAST_CA042_230531.hex
* Software Version SeatermAF 2.1.4.55
* Temperature SN = 2997
* Conductivity SN = 2997
* System UpLoad Time = May 31 2023 19:24:16 (localtime) = May 31 2023 19:24:16 (UTC)
** CAST_CA042_230531
* ds
# nquan = 9                                 
# nvalues = 1592                        
# units = specified
# name 0 = timeJ: Julian Days
# name 1 = prSM: Pressure, Strain Gauge [db]
# name 2 = c0mS/cm: Conductivity [mS/cm]
# name 3 = t090C: Temperature [ITS-90, deg C]
# name 4 = sbeox0ML/L: Oxygen, SBE 43 [ml/l]
# name 5 = depSM: Depth [salt water, m], lat = 47.5
# name 6 = sal00: Salinity, Practical [PSU]
# name 7 = sigma-é00: Density [sigma-theta, kg/m^3]
# name 8 = flag: flag
# span 0 = 151.794826, 151.804034       
# span 1 =     -6.416,     41.407       
# span 2 =   0.016158,  36.170315       
# span 3 =     8.1066,    17.6467       
# span 4 =    -1.9788,    15.1194       
# span 5 =     -6.363,     41.057       
# span 6 =     0.0138,    33.2313       
# span 7 =    -1.3261,    25.8696       
# span 8 = 0.0000e+00, 0.0000e+00       
# interval = seconds: 0.5
# start_time = May 31 2023 19:04:33 [Instrument's time stamp, header]
# bad_flag = -9.990e-29
*END*
[from data line 321]
 151.796684     -1.817   0.021077    14.0998    -1.8701     -1.802     0.0168    -0.7549 -9.990e-29
 151.796690     -1.803   0.021077    14.0930    -1.8700     -1.788     0.0168    -0.7540 -9.990e-29
 151.796696     -1.792   0.021078    14.0832    -1.8716     -1.777     0.0168    -0.7526 -9.990e-29
 151.796701     -1.778   0.021078    14.0727    -1.8740     -1.763     0.0168    -0.7511 -9.990e-29
 151.796707     -1.765   0.021079    14.0650    -1.8749     -1.750     0.0168    -0.7501 -9.990e-29
 151.796713     -1.757   0.021079    14.0535    -1.8767     -1.742     0.0168    -0.7485 -9.990e-29
 151.796719     -1.752   0.021080    14.0305    -1.8790     -1.737     0.0168    -0.7453 -9.990e-29
 151.796725     -1.750   0.021080    13.9972    -1.8817     -1.735     0.0167    -0.7406 -9.990e-29
 151.796730     -1.752   0.021081    13.9631    -1.8832     -1.737     0.0167    -0.7359 -9.990e-29
 151.796736     -1.753   0.021081    13.9368    -1.8848     -1.738     0.0167    -0.7323 -9.990e-29
 151.796742     -1.749   0.021082    13.9135    -1.8859     -1.734     0.0167    -0.7290 -9.990e-29
 151.796748     -1.744   0.021082    13.8811    -1.8871     -1.729     0.0167    -0.7246 -9.990e-29
 151.796753     -1.741   0.021082    13.8416    -1.8887     -1.726     0.0167    -0.7192 -9.990e-29
 151.796759     -1.742   0.021082    13.8017    -1.8899     -1.727     0.0167    -0.7137 -9.990e-29
 151.796765     -1.745   0.021081    13.7577    -1.8891     -1.730     0.0167    -0.7077 -9.990e-29
 151.796771     -1.751   0.021077    13.7070    -1.8877     -1.736     0.0167    -0.7008 -9.990e-29
 151.796777     -1.757   0.021064    13.6563    -1.8870     -1.742     0.0167    -0.6940 -9.990e-29
 151.796782     -1.757   0.021024    13.6124    -1.8865     -1.742     0.0167    -0.6881 -9.990e-29
 151.796788     -1.753   0.020901    13.5759    -1.8852     -1.738     0.0166    -0.6833 -9.990e-29
 151.796794     -1.744   0.020532    13.5440    -1.8847     -1.729     0.0164    -0.6792 -9.990e-29
 151.796800     -1.733   0.019978    13.5140    -1.8841     -1.719     0.0161    -0.6754 -9.990e-29
 151.796806     -1.724   0.019609    13.4874    -1.8837     -1.710     0.0159    -0.6720 -9.990e-29
 151.796811     -1.717   0.019486    13.4734    -1.8831     -1.703     0.0158    -0.6702 -9.990e-29
 151.796817     -1.711   0.019446    13.4788    -1.8827     -1.697     0.0158    -0.6710 -9.990e-29
 151.796823     -1.707   0.019432    13.4962    -1.8827     -1.693     0.0158    -0.6733 -9.990e-29
 151.796829     -1.702   0.019428    13.5148    -1.8827     -1.688     0.0158    -0.6757 -9.990e-29
 151.796834     -1.698   0.019427    13.5336    -1.8828     -1.684     0.0158    -0.6782 -9.990e-29
 151.796840     -1.694   0.019427    13.5531    -1.8831     -1.680     0.0158    -0.6808 -9.990e-29
 151.796846     -1.690   0.019428    13.5701    -1.8838     -1.676     0.0158    -0.6831 -9.990e-29
 151.796852     -1.685   0.019428    13.5842    -1.8845     -1.671     0.0158    -0.6850 -9.990e-29
 151.796858     -1.679   0.019429    13.5970    -1.8860     -1.665     0.0158    -0.6867 -9.990e-29
 151.796863     -1.672   0.019429    13.6083    -1.8862     -1.658     0.0158    -0.6882 -9.990e-29
 151.796869     -1.663   0.019430    13.6157    -1.8857     -1.649     0.0158    -0.6892 -9.990e-29
 151.796875     -1.656   0.019430    13.6182    -1.8858     -1.642     0.0158    -0.6896 -9.990e-29
 151.796881     -1.655   0.019431    13.6172    -1.8859     -1.641     0.0158    -0.6894 -9.990e-29
 151.796887     -1.656   0.019432    13.6131    -1.8860     -1.642     0.0158    -0.6889 -9.990e-29
 151.796892     -1.654   0.019433    13.6045    -1.8854     -1.640     0.0158    -0.6877 -9.990e-29
 151.796898     -1.650   0.019435    13.5910    -1.8851     -1.636     0.0158    -0.6859 -9.990e-29
 151.796904     -1.642   0.019442    13.5730    -1.8851     -1.628     0.0158    -0.6835 -9.990e-29
 151.796910     -1.635   0.019460    13.5553    -1.8854     -1.621     0.0158    -0.6811 -9.990e-29
 151.796916     -1.632   0.019515    13.5462    -1.8861     -1.618     0.0159    -0.6799 -9.990e-29
 151.796921     -1.630   0.019679    13.5449    -1.8866     -1.616     0.0159    -0.6796 -9.990e-29
 151.796927     -1.623   0.020169    13.5448    -1.8868     -1.609     0.0162    -0.6794 -9.990e-29
 151.796933     -1.612   0.021637    13.5444    -1.8876     -1.599     0.0170    -0.6788 -9.990e-29
 151.796939     -1.599   0.024748    13.5455    -1.8874     -1.586     0.0187    -0.6776 -9.990e-29
 151.796944     -1.593   0.029770    13.5490    -1.8862     -1.580     0.0214    -0.6759 -9.990e-29
 151.796950     -1.593   0.038227    13.5520    -1.8847     -1.580     0.0262    -0.6726 -9.990e-29
 151.796956     -1.595   0.048644    13.5506    -1.8836     -1.582     0.0321    -0.6678 -9.990e-29
 151.796962     -1.598   0.055877    13.5439    -1.8835     -1.585     0.0362    -0.6637 -9.990e-29
 151.796968     -1.604   0.059591    13.5337    -1.8855     -1.591     0.0384    -0.6606 -9.990e-29
 151.796973     -1.613   0.061415    13.5235    -1.8870     -1.600     0.0395    -0.6584 -9.990e-29
 151.796979     -1.620   0.061009    13.5151    -1.8875     -1.606     0.0392    -0.6575 -9.990e-29
 151.796985     -1.623   0.058941    13.5107    -1.8881     -1.609     0.0380    -0.6579 -9.990e-29
 151.796991     -1.621   0.056334    13.5171    -1.8897     -1.607     0.0365    -0.6599 -9.990e-29
 151.796997     -1.614   0.054146    13.5362    -1.8908     -1.601     0.0352    -0.6634 -9.990e-29
 151.797002     -1.601   0.052787    13.5595    -1.8923     -1.588     0.0345    -0.6672 -9.990e-29
 151.797008     -1.587   0.051555    13.5744    -1.8929     -1.574     0.0337    -0.6697 -9.990e-29
 151.797014     -1.579   0.049915    13.5706    -1.8936     -1.566     0.0328    -0.6699 -9.990e-29
 151.797020     -1.575   0.048452    13.5490    -1.8941     -1.562     0.0320    -0.6677 -9.990e-29
 151.797025     -1.569   0.047434    13.5229    -1.8943     -1.556     0.0314    -0.6647 -9.990e-29
 151.797031     -1.558   0.046613    13.5005    -1.8942     -1.545     0.0309    -0.6620 -9.990e-29
 151.797037     -1.551   0.046004    13.4773    -1.8945     -1.538     0.0306    -0.6592 -9.990e-29
 151.797043     -1.547   0.045349    13.4502    -1.8941     -1.534     0.0302    -0.6559 -9.990e-29
 151.797049     -1.538   0.044330    13.4221    -1.8938     -1.525     0.0296    -0.6526 -9.990e-29
 151.797054     -1.524   0.043252    13.3967    -1.8941     -1.511     0.0290    -0.6498 -9.990e-29
 151.797060     -1.511   0.042342    13.3764    -1.8932     -1.498     0.0285    -0.6475 -9.990e-29
 151.797066     -1.504   0.041497    13.3605    -1.8921     -1.491     0.0280    -0.6458 -9.990e-29
 151.797072     -1.501   0.040698    13.3492    -1.8913     -1.488     0.0276    -0.6447 -9.990e-29
 151.797078     -1.498   0.039988    13.3435    -1.8910     -1.486     0.0272    -0.6442 -9.990e-29
 151.797083     -1.492   0.039529    13.3415    -1.8904     -1.480     0.0269    -0.6442 -9.990e-29
 151.797089     -1.485   0.039266    13.3415    -1.8890     -1.473     0.0268    -0.6443 -9.990e-29
 151.797095     -1.481   0.038849    13.3446    -1.8881     -1.469     0.0265    -0.6449 -9.990e-29
 151.797101     -1.481   0.038278    13.3490    -1.8876     -1.469     0.0262    -0.6457 -9.990e-29
 151.797106     -1.485   0.037898    13.3560    -1.8865     -1.473     0.0260    -0.6468 -9.990e-29
 151.797112     -1.487   0.037759    13.3706    -1.8847     -1.475     0.0259    -0.6488 -9.990e-29
 151.797118     -1.485   0.037676    13.3899    -1.8828     -1.473     0.0259    -0.6513 -9.990e-29
 151.797124     -1.482   0.037538    13.4072    -1.8811     -1.470     0.0258    -0.6537 -9.990e-29
 151.797130     -1.482   0.037163    13.4226    -1.8796     -1.470     0.0256    -0.6559 -9.990e-29
 151.797135     -1.481   0.036606    13.4412    -1.8788     -1.469     0.0253    -0.6586 -9.990e-29
 151.797141     -1.475   0.036231    13.4639    -1.8783     -1.463     0.0250    -0.6618 -9.990e-29
 151.797147     -1.468   0.036093    13.4865    -1.8779     -1.456     0.0250    -0.6648 -9.990e-29
 151.797153     -1.463   0.036009    13.5093    -1.8775     -1.451     0.0249    -0.6679 -9.990e-29
 151.797159     -1.460   0.035868    13.5380    -1.8769     -1.448     0.0248    -0.6718 -9.990e-29
 151.797164     -1.460   0.035484    13.5747    -1.8768     -1.448     0.0246    -0.6769 -9.990e-29
 151.797170     -1.461   0.034901    13.6147    -1.8778     -1.449     0.0243    -0.6825 -9.990e-29
 151.797176     -1.464   0.034448    13.6524    -1.8788     -1.452     0.0240    -0.6878 -9.990e-29
 151.797182     -1.470   0.034076    13.6839    -1.8802     -1.458     0.0238    -0.6922 -9.990e-29
 151.797188     -1.474   0.033845    13.7070    -1.8806     -1.462     0.0237    -0.6954 -9.990e-29
 151.797193     -1.472   0.034002    13.7230    -1.8803     -1.460     0.0238    -0.6975 -9.990e-29
 151.797199     -1.468   0.034202    13.7350    -1.8806     -1.456     0.0239    -0.6990 -9.990e-29
 151.797205     -1.467   0.034159    13.7446    -1.8813     -1.455     0.0239    -0.7004 -9.990e-29
 151.797211     -1.469   0.033816    13.7506    -1.8811     -1.457     0.0237    -0.7013 -9.990e-29
 151.797216     -1.468   0.033268    13.7480    -1.8810     -1.456     0.0234    -0.7012 -9.990e-29
 151.797222     -1.462   0.032896    13.7344    -1.8807     -1.450     0.0232    -0.6995 -9.990e-29
 151.797228     -1.454   0.032760    13.7136    -1.8800     -1.442     0.0231    -0.6968 -9.990e-29
 151.797234     -1.447   0.032678    13.6934    -1.8791     -1.435     0.0230    -0.6941 -9.990e-29
 151.797240     -1.441   0.032541    13.6810    -1.8792     -1.429     0.0230    -0.6924 -9.990e-29
 151.797245     -1.436   0.032167    13.6751    -1.8790     -1.424     0.0228    -0.6918 -9.990e-29
 151.797251     -1.431   0.031610    13.6691    -1.8795     -1.419     0.0224    -0.6912 -9.990e-29
 151.797257     -1.427   0.031240    13.6635    -1.8803     -1.415     0.0222    -0.6906 -9.990e-29
 151.797263     -1.422   0.031116    13.6628    -1.8819     -1.410     0.0222    -0.6906 -9.990e-29
 151.797269     -1.417   0.031074    13.6668    -1.8826     -1.405     0.0222    -0.6912 -9.990e-29
 151.797274     -1.411   0.031060    13.6751    -1.8833     -1.399     0.0221    -0.6923 -9.990e-29
 151.797280     -1.404   0.031053    13.6873    -1.8850     -1.392     0.0221    -0.6939 -9.990e-29
 151.797286     -1.400   0.031047    13.6982    -1.8874     -1.388     0.0221    -0.6954 -9.990e-29
 151.797292     -1.403   0.031032    13.7028    -1.8900     -1.391     0.0221    -0.6960 -9.990e-29
 151.797297     -1.408   0.030990    13.7006    -1.8916     -1.396     0.0221    -0.6958 -9.990e-29
 151.797303     -1.412   0.030867    13.6899    -1.8925     -1.400     0.0220    -0.6944 -9.990e-29
 151.797309     -1.414   0.030497    13.6700    -1.8932     -1.402     0.0218    -0.6918 -9.990e-29
 151.797315     -1.416   0.029942    13.6450    -1.8950     -1.404     0.0215    -0.6887 -9.990e-29
 151.797321     -1.417   0.029572    13.6202    -1.8972     -1.405     0.0213    -0.6855 -9.990e-29
 151.797326     -1.417   0.029448    13.5922    -1.8990     -1.405     0.0213    -0.6818 -9.990e-29
 151.797332     -1.416   0.029407    13.5539    -1.9002     -1.404     0.0212    -0.6767 -9.990e-29
 151.797338     -1.415   0.029393    13.5059    -1.9000     -1.403     0.0212    -0.6703 -9.990e-29
 151.797344     -1.413   0.029388    13.4571    -1.9000     -1.401     0.0212    -0.6638 -9.990e-29
 151.797350     -1.409   0.029386    13.4169    -1.9003     -1.397     0.0212    -0.6585 -9.990e-29
 151.797355     -1.404   0.029385    13.3857    -1.9008     -1.392     0.0212    -0.6544 -9.990e-29
 151.797361     -1.398   0.029384    13.3554    -1.9020     -1.386     0.0212    -0.6504 -9.990e-29
 151.797367     -1.390   0.029382    13.3187    -1.9036     -1.378     0.0212    -0.6456 -9.990e-29
 151.797373     -1.379   0.029377    13.2782    -1.9041     -1.367     0.0212    -0.6404 -9.990e-29
 151.797378     -1.365   0.029363    13.2425    -1.9038     -1.354     0.0212    -0.6357 -9.990e-29
 151.797384     -1.356   0.029321    13.2186    -1.9043     -1.345     0.0212    -0.6326 -9.990e-29
 151.797390     -1.359   0.029198    13.2075    -1.9054     -1.348     0.0211    -0.6313 -9.990e-29
 151.797396     -1.366   0.028828    13.2017    -1.9070     -1.355     0.0209    -0.6307 -9.990e-29
 151.797402     -1.369   0.028273    13.1932    -1.9077     -1.358     0.0206    -0.6298 -9.990e-29
 151.797407     -1.369   0.027903    13.1781    -1.9084     -1.358     0.0204    -0.6280 -9.990e-29
 151.797413     -1.369   0.027779    13.1557    -1.9096     -1.358     0.0203    -0.6252 -9.990e-29
 151.797419     -1.373   0.027738    13.1327    -1.9108     -1.362     0.0203    -0.6223 -9.990e-29
 151.797425     -1.379   0.027724    13.1174    -1.9116     -1.367     0.0203    -0.6203 -9.990e-29
 151.797431     -1.381   0.027719    13.1076    -1.9126     -1.369     0.0203    -0.6190 -9.990e-29
 151.797436     -1.380   0.027717    13.0939    -1.9145     -1.368     0.0203    -0.6173 -9.990e-29
 151.797442     -1.376   0.027716    13.0721    -1.9161     -1.365     0.0203    -0.6145 -9.990e-29
 151.797448     -1.369   0.027716    13.0469    -1.9176     -1.358     0.0203    -0.6113 -9.990e-29
 151.797454     -1.362   0.027715    13.0239    -1.9194     -1.351     0.0203    -0.6084 -9.990e-29
 151.797459     -1.360   0.027714    13.0018    -1.9210     -1.349     0.0203    -0.6056 -9.990e-29
 151.797465     -1.357   0.027712    12.9780    -1.9209     -1.346     0.0203    -0.6025 -9.990e-29
 151.797471     -1.350   0.027707    12.9537    -1.9202     -1.339     0.0203    -0.5995 -9.990e-29
 151.797477     -1.343   0.027694    12.9288    -1.9199     -1.332     0.0203    -0.5963 -9.990e-29
 151.797483     -1.342   0.027656    12.8998    -1.9198     -1.331     0.0203    -0.5927 -9.990e-29
 151.797488     -1.349   0.027542    12.8651    -1.9191     -1.338     0.0202    -0.5884 -9.990e-29
 151.797494     -1.356   0.027199    12.8282    -1.9181     -1.345     0.0200    -0.5840 -9.990e-29
 151.797500     -1.357   0.026726    12.7918    -1.9171     -1.346     0.0197    -0.5796 -9.990e-29
 151.797506     -1.354   0.026603    12.7583    -1.9161     -1.343     0.0197    -0.5755 -9.990e-29
 151.797512     -1.346   0.026664    12.7351    -1.9152     -1.335     0.0197    -0.5726 -9.990e-29
 151.797517     -1.338   0.026438    12.7279    -1.9156     -1.327     0.0196    -0.5719 -9.990e-29
 151.797523     -1.332   0.026177    12.7324    -1.9170     -1.321     0.0194    -0.5725 -9.990e-29
 151.797529     -1.328   0.026090    12.7398    -1.9181     -1.317     0.0194    -0.5735 -9.990e-29
 151.797535     -1.331   0.026061    12.7486    -1.9195     -1.320     0.0194    -0.5746 -9.990e-29
 151.797541     -1.341   0.026051    12.7623    -1.9206     -1.330     0.0194    -0.5763 -9.990e-29
 151.797546     -1.349   0.026047    12.7810    -1.9214     -1.338     0.0194    -0.5786 -9.990e-29
 151.797552     -1.353   0.026046    12.8014    -1.9221     -1.342     0.0194    -0.5811 -9.990e-29
 151.797558     -1.351   0.026045    12.8195    -1.9231     -1.340     0.0194    -0.5834 -9.990e-29
 151.797564     -1.345   0.026044    12.8290    -1.9243     -1.334     0.0194    -0.5846 -9.990e-29
 151.797569     -1.333   0.026044    12.8231    -1.9252     -1.322     0.0194    -0.5838 -9.990e-29
 151.797575     -1.320   0.026044    12.8033    -1.9260     -1.309     0.0194    -0.5814 -9.990e-29
 151.797581     -1.308   0.026043    12.7776    -1.9269     -1.297     0.0194    -0.5782 -9.990e-29
 151.797587     -1.292   0.026043    12.7515    -1.9259     -1.281     0.0194    -0.5749 -9.990e-29
 151.797593     -1.273   0.026042    12.7276    -1.9250     -1.262     0.0194    -0.5720 -9.990e-29
 151.797598     -1.256   0.026042    12.7063    -1.9243     -1.246     0.0194    -0.5694 -9.990e-29
