data/oxygen options/ONMS/Olympic_Coast_National_Marine_Sanctuary_CTD_Data_2005_2023/raw_data/2023/CAST_CA042_230531faed.cnv
* Sea-Bird SBE 19 Data File:
* FileName = C:\Users\OCNMS.Inst\Documents\2023 Mooring Data\Casts\CAST_CA042_230531.hex
* Software Version SeatermAF 2.1.4.55
* Temperature SN = 2997
* Conductivity SN = 2997
* System UpLoad Time = May 31 2023 19:24:16 (localtime) = May 31 2023 19:24:16 (UTC)
** CAST_CA042_230531
* ds
# nquan = 9                                 
# nvalues = 1592                        
# units = specified
# name 0 = timeJ: Julian Days
# name 1 = prSM: Pressure, Strain Gauge [db]
# name 2 = c0mS/cm: Conductivity [mS/cm]
# name 3 = t090C: Temperature [ITS-90, deg C]
# name 4 = sbeox0ML/L: Oxygen, SBE 43 [ml/l]
# name 5 = depSM: Depth [salt water, m], lat = 47.5
# name 6 = sal00: Salinity, Practical [PSU]
# name 7 = sigma-é00: Density [sigma-theta, kg/m^3]
# name 8 = flag: flag
# span 0 = 151.794826, 151.804034       
# span 1 =     -6.416,     41.407       
# span 2 =   0.016158,  36.170315       
# span 3 =     8.1066,    17.6467       
# span 4 =    -1.9788,    15.1194       
# span 5 =     -6.363,     41.057       
# span 6 =     0.0138,    33.2313       
# span 7 =    -1.3261,    25.8696       
# span 8 = 0.0000e+00, 0.0000e+00       
# interval = seconds: 0.5
# start_time = May 31 2023 19:04:33 [Instrument's time stamp, header]
# bad_flag = -9.990e-29
*END*
 151.794826     -6.416 -9.990e-29    17.5340    -1.7302     -6.363 -9.990e-29 -9.990e-29 -9.990e-29
 151.794832     -6.383   0.020426    17.5448    -1.7323     -6.330     0.0169    -1.3073 -9.990e-29
 151.794838     -6.352   0.019872    17.5576    -1.7342     -6.299     0.0166    -1.3098 -9.990e-29
 151.794844     -6.325   0.019502    17.5717    -1.7344     -6.272     0.0165    -1.3125 -9.990e-29
 151.794850     -6.302   0.019379    17.5875    -1.7350     -6.249     0.0164    -1.3154 -9.990e-29
 151.794855     -6.280   0.019338    17.6058    -1.7366     -6.228     0.0164    -1.3187 -9.990e-29
 151.794861     -6.259   0.019324    17.6263    -1.7372     -6.207     0.0164    -1.3224 -9.990e-29
 151.794867     -6.236   0.019320    17.6427    -1.7375     -6.184     0.0164    -1.3254 -9.990e-29
 151.794873     -6.210   0.019319    17.6467    -1.7377     -6.158     0.0164    -1.3261 -9.990e-29
 151.794878     -6.180   0.019319    17.6314    -1.7377     -6.129     0.0164    -1.3233 -9.990e-29
 151.794884     -6.144   0.019319    17.5982    -1.7379     -6.093     0.0164    -1.3173 -9.990e-29
 151.794890     -6.104   0.019320    17.5627    -1.7384     -6.053     0.0164    -1.3109 -9.990e-29
 151.794896     -6.066   0.019320    17.5361    -1.7386     -6.015     0.0164    -1.3061 -9.990e-29
 151.794902     -6.031   0.019321    17.5117    -1.7381     -5.981     0.0164    -1.3017 -9.990e-29
 151.794907     -5.997   0.019321    17.4858    -1.7380     -5.947     0.0164    -1.2971 -9.990e-29
 151.794913     -5.963   0.019321    17.4654    -1.7384     -5.913     0.0163    -1.2934 -9.990e-29
 151.794919     -5.930   0.019322    17.4528    -1.7390     -5.881     0.0163    -1.2912 -9.990e-29
 151.794925     -5.901   0.019322    17.4456    -1.7392     -5.852     0.0163    -1.2899 -9.990e-29
 151.794931     -5.873   0.019322    17.4406    -1.7384     -5.824     0.0163    -1.2890 -9.990e-29
 151.794936     -5.845   0.019323    17.4345    -1.7384     -5.796     0.0163    -1.2879 -9.990e-29
 151.794942     -5.816   0.019323    17.4276    -1.7384     -5.768     0.0163    -1.2867 -9.990e-29
 151.794948     -5.787   0.019324    17.4247    -1.7392     -5.739     0.0163    -1.2862 -9.990e-29
 151.794954     -5.761   0.019324    17.4263    -1.7394     -5.713     0.0163    -1.2865 -9.990e-29
 151.794959     -5.736   0.019324    17.4259    -1.7399     -5.688     0.0163    -1.2864 -9.990e-29
 151.794965     -5.711   0.019325    17.4201    -1.7404     -5.663     0.0163    -1.2853 -9.990e-29
 151.794971     -5.685   0.019325    17.4131    -1.7413     -5.638     0.0163    -1.2841 -9.990e-29
 151.794977     -5.655   0.019326    17.4119    -1.7423     -5.608     0.0163    -1.2839 -9.990e-29
 151.794983     -5.620   0.019326    17.4163    -1.7418     -5.573     0.0163    -1.2847 -9.990e-29
 151.794988     -5.581   0.019326    17.4186    -1.7412     -5.534     0.0163    -1.2851 -9.990e-29
 151.794994     -5.546   0.019327    17.4139    -1.7413     -5.500     0.0163    -1.2842 -9.990e-29
 151.795000     -5.515   0.019327    17.4037    -1.7414     -5.469     0.0163    -1.2824 -9.990e-29
 151.795006     -5.486   0.019327    17.3916    -1.7411     -5.440     0.0163    -1.2803 -9.990e-29
 151.795012     -5.459   0.019328    17.3781    -1.7407     -5.414     0.0163    -1.2779 -9.990e-29
 151.795017     -5.432   0.019328    17.3617    -1.7399     -5.387     0.0163    -1.2749 -9.990e-29
 151.795023     -5.401   0.019329    17.3442    -1.7395     -5.356     0.0163    -1.2718 -9.990e-29
 151.795029     -5.367   0.019329    17.3327    -1.7396     -5.322     0.0163    -1.2698 -9.990e-29
 151.795035     -5.330   0.019329    17.3327    -1.7396     -5.286     0.0163    -1.2698 -9.990e-29
 151.795041     -5.297   0.019330    17.3384    -1.7395     -5.253     0.0163    -1.2708 -9.990e-29
 151.795046     -5.270   0.019330    17.3422    -1.7391     -5.226     0.0163    -1.2715 -9.990e-29
 151.795052     -5.248   0.019331    17.3456    -1.7387     -5.204     0.0163    -1.2721 -9.990e-29
 151.795058     -5.228   0.019331    17.3526    -1.7380     -5.184     0.0163    -1.2733 -9.990e-29
 151.795064     -5.210   0.019331    17.3639    -1.7374     -5.167     0.0163    -1.2753 -9.990e-29
 151.795069     -5.193   0.019332    17.3768    -1.7366     -5.150     0.0163    -1.2776 -9.990e-29
 151.795075     -5.176   0.019332    17.3861    -1.7361     -5.133     0.0163    -1.2793 -9.990e-29
 151.795081     -5.156   0.019332    17.3905    -1.7362     -5.113     0.0163    -1.2801 -9.990e-29
 151.795087     -5.134   0.019333    17.3938    -1.7362     -5.091     0.0163    -1.2806 -9.990e-29
 151.795093     -5.108   0.019333    17.3998    -1.7367     -5.065     0.0163    -1.2817 -9.990e-29
 151.795098     -5.080   0.019334    17.4094    -1.7374     -5.038     0.0163    -1.2834 -9.990e-29
 151.795104     -5.053   0.019334    17.4227    -1.7389     -5.011     0.0163    -1.2858 -9.990e-29
 151.795110     -5.025   0.019334    17.4391    -1.7402     -4.983     0.0164    -1.2887 -9.990e-29
 151.795116     -4.998   0.019335    17.4567    -1.7403     -4.956     0.0164    -1.2919 -9.990e-29
 151.795122     -4.976   0.019335    17.4729    -1.7401     -4.935     0.0164    -1.2948 -9.990e-29
 151.795127     -4.957   0.019336    17.4837    -1.7405     -4.916     0.0164    -1.2967 -9.990e-29
 151.795133     -4.940   0.019338    17.4867    -1.7407     -4.899     0.0164    -1.2972 -9.990e-29
 151.795139     -4.923   0.019341    17.4819    -1.7404     -4.882     0.0164    -1.2964 -9.990e-29
 151.795145     -4.905   0.019352    17.4688    -1.7399     -4.864     0.0164    -1.2940 -9.990e-29
 151.795150     -4.886   0.019384    17.4470    -1.7393     -4.845     0.0164    -1.2901 -9.990e-29
 151.795156     -4.865   0.019479    17.4188    -1.7389     -4.824     0.0164    -1.2850 -9.990e-29
 151.795162     -4.843   0.019764    17.3935    -1.7386     -4.803     0.0165    -1.2804 -9.990e-29
 151.795168     -4.824   0.020616    17.3797    -1.7387     -4.784     0.0169    -1.2777 -9.990e-29
 151.795174     -4.802   0.022618    17.3737    -1.7383     -4.762     0.0179    -1.2758 -9.990e-29
 151.795179     -4.777   0.026220    17.3690    -1.7385     -4.737     0.0197    -1.2737 -9.990e-29
 151.795185     -4.755   0.031791    17.3678    -1.7389     -4.715     0.0224    -1.2713 -9.990e-29
 151.795191     -4.734   0.037888    17.3737    -1.7398     -4.695     0.0254    -1.2700 -9.990e-29
 151.795197     -4.709   0.041550    17.3849    -1.7402     -4.670     0.0273    -1.2706 -9.990e-29
 151.795203     -4.683   0.042671    17.3973    -1.7397     -4.644     0.0279    -1.2724 -9.990e-29
 151.795208     -4.659   0.043300    17.4079    -1.7395     -4.620     0.0282    -1.2740 -9.990e-29
 151.795214     -4.634   0.044275    17.4152    -1.7408     -4.595     0.0287    -1.2749 -9.990e-29
 151.795220     -4.607   0.045232    17.4197    -1.7428     -4.569     0.0292    -1.2754 -9.990e-29
 151.795226     -4.582   0.045783    17.4210    -1.7445     -4.544     0.0294    -1.2754 -9.990e-29
 151.795231     -4.559   0.046108    17.4165    -1.7459     -4.521     0.0296    -1.2744 -9.990e-29
 151.795237     -4.539   0.046638    17.4052    -1.7471     -4.501     0.0299    -1.2722 -9.990e-29
 151.795243     -4.520   0.047525    17.3921    -1.7479     -4.482     0.0303    -1.2695 -9.990e-29
 151.795249     -4.496   0.048290    17.3845    -1.7477     -4.459     0.0307    -1.2679 -9.990e-29
 151.795255     -4.465   0.048287    17.3818    -1.7476     -4.428     0.0307    -1.2674 -9.990e-29
 151.795260     -4.435   0.047514    17.3711    -1.7476     -4.398     0.0303    -1.2658 -9.990e-29
 151.795266     -4.408   0.046603    17.3424    -1.7472     -4.371     0.0299    -1.2610 -9.990e-29
 151.795272     -4.382   0.046001    17.3007    -1.7465     -4.345     0.0296    -1.2539 -9.990e-29
 151.795278     -4.355   0.045460    17.2576    -1.7458     -4.319     0.0293    -1.2464 -9.990e-29
 151.795284     -4.326   0.044812    17.2197    -1.7459     -4.290     0.0290    -1.2400 -9.990e-29
 151.795289     -4.293   0.044302    17.1900    -1.7463     -4.257     0.0287    -1.2350 -9.990e-29
 151.795295     -4.258   0.043802    17.1718    -1.7459     -4.223     0.0285    -1.2319 -9.990e-29
 151.795301     -4.227   0.043200    17.1657    -1.7455     -4.192     0.0282    -1.2311 -9.990e-29
 151.795307     -4.203   0.042801    17.1666    -1.7457     -4.168     0.0280    -1.2314 -9.990e-29
 151.795312     -4.183   0.042628    17.1713    -1.7464     -4.148     0.0279    -1.2323 -9.990e-29
 151.795318     -4.168   0.042448    17.1810    -1.7475     -4.133     0.0278    -1.2341 -9.990e-29
 151.795324     -4.155   0.042023    17.1942    -1.7482     -4.120     0.0276    -1.2366 -9.990e-29
 151.795330     -4.145   0.041339    17.2050    -1.7488     -4.110     0.0272    -1.2388 -9.990e-29
 151.795336     -4.136   0.040594    17.2090    -1.7503     -4.102     0.0268    -1.2398 -9.990e-29
 151.795341     -4.127   0.039903    17.2102    -1.7519     -4.093     0.0265    -1.2402 -9.990e-29
 151.795347     -4.119   0.039452    17.2136    -1.7527     -4.085     0.0263    -1.2410 -9.990e-29
 151.795353     -4.110   0.039192    17.2155    -1.7537     -4.076     0.0261    -1.2415 -9.990e-29
 151.795359     -4.101   0.038777    17.2090    -1.7550     -4.067     0.0259    -1.2405 -9.990e-29
 151.795365     -4.091   0.038208    17.1924    -1.7555     -4.057     0.0256    -1.2378 -9.990e-29
 151.795370     -4.078   0.037833    17.1700    -1.7561     -4.044     0.0254    -1.2340 -9.990e-29
 151.795376     -4.063   0.037707    17.1466    -1.7565     -4.029     0.0254    -1.2299 -9.990e-29
 151.795382     -4.044   0.037661    17.1203    -1.7569     -4.010     0.0254    -1.2253 -9.990e-29
 151.795388     -4.019   0.037634    17.0874    -1.7569     -3.985     0.0254    -1.2196 -9.990e-29
 151.795394     -3.993   0.037588    17.0521    -1.7579     -3.960     0.0253    -1.2134 -9.990e-29
 151.795399     -3.971   0.037464    17.0204    -1.7592     -3.938     0.0253    -1.2079 -9.990e-29
 151.795405     -3.952   0.037094    16.9916    -1.7610     -3.919     0.0251    -1.2031 -9.990e-29
 151.795411     -3.931   0.036539    16.9655    -1.7631     -3.898     0.0248    -1.1987 -9.990e-29
 151.795417     -3.910   0.036168    16.9448    -1.7642     -3.877     0.0246    -1.1953 -9.990e-29
 151.795422     -3.893   0.036041    16.9287    -1.7652     -3.861     0.0246    -1.1926 -9.990e-29
 151.795428     -3.879   0.035986    16.9151    -1.7658     -3.847     0.0245    -1.1902 -9.990e-29
 151.795434     -3.866   0.035932    16.9031    -1.7663     -3.834     0.0245    -1.1882 -9.990e-29
 151.795440     -3.853   0.035805    16.8882    -1.7669     -3.821     0.0244    -1.1856 -9.990e-29
 151.795446     -3.841   0.035434    16.8637    -1.7675     -3.809     0.0243    -1.1816 -9.990e-29
 151.795451     -3.828   0.034879    16.8279    -1.7681     -3.796     0.0240    -1.1756 -9.990e-29
 151.795457     -3.813   0.034508    16.7840    -1.7686     -3.781     0.0238    -1.1682 -9.990e-29
 151.795463     -3.796   0.034381    16.7402    -1.7692     -3.764     0.0237    -1.1608 -9.990e-29
 151.795469     -3.775   0.034326    16.7045    -1.7690     -3.744     0.0237    -1.1547 -9.990e-29
 151.795475     -3.754   0.034272    16.6771    -1.7690     -3.723     0.0237    -1.1500 -9.990e-29
 151.795480     -3.738   0.034144    16.6558    -1.7692     -3.707     0.0236    -1.1465 -9.990e-29
 151.795486     -3.728   0.033773    16.6384    -1.7690     -3.697     0.0234    -1.1437 -9.990e-29
 151.795492     -3.715   0.033219    16.6220    -1.7689     -3.684     0.0231    -1.1411 -9.990e-29
 151.795498     -3.697   0.032849    16.6059    -1.7688     -3.666     0.0230    -1.1385 -9.990e-29
 151.795503     -3.678   0.032726    16.5910    -1.7680     -3.647     0.0229    -1.1360 -9.990e-29
 151.795509     -3.656   0.032685    16.5780    -1.7681     -3.626     0.0229    -1.1338 -9.990e-29
 151.795515     -3.634   0.032671    16.5690    -1.7687     -3.604     0.0229    -1.1323 -9.990e-29
 151.795521     -3.615   0.032665    16.5655    -1.7687     -3.585     0.0229    -1.1317 -9.990e-29
 151.795527     -3.599   0.032657    16.5642    -1.7696     -3.569     0.0229    -1.1315 -9.990e-29
 151.795532     -3.583   0.032637    16.5637    -1.7703     -3.553     0.0229    -1.1314 -9.990e-29
 151.795538     -3.567   0.032578    16.5658    -1.7715     -3.537     0.0228    -1.1318 -9.990e-29
 151.795544     -3.551   0.032400    16.5701    -1.7726     -3.521     0.0227    -1.1326 -9.990e-29
 151.795550     -3.532   0.032051    16.5764    -1.7730     -3.503     0.0226    -1.1338 -9.990e-29
 151.795556     -3.514   0.031619    16.5821    -1.7734     -3.485     0.0223    -1.1350 -9.990e-29
 151.795561     -3.500   0.031265    16.5815    -1.7739     -3.471     0.0222    -1.1350 -9.990e-29
 151.795567     -3.485   0.031074    16.5747    -1.7741     -3.456     0.0221    -1.1339 -9.990e-29
 151.795573     -3.464   0.030974    16.5638    -1.7744     -3.435     0.0220    -1.1321 -9.990e-29
 151.795579     -3.439   0.030831    16.5472    -1.7755     -3.410     0.0219    -1.1294 -9.990e-29
 151.795584     -3.418   0.030455    16.5250    -1.7760     -3.390     0.0217    -1.1258 -9.990e-29
 151.795590     -3.404   0.029898    16.4993    -1.7765     -3.376     0.0215    -1.1217 -9.990e-29
 151.795596     -3.396   0.029528    16.4753    -1.7778     -3.368     0.0213    -1.1178 -9.990e-29
 151.795602     -3.392   0.029405    16.4573    -1.7791     -3.364     0.0212    -1.1148 -9.990e-29
 151.795608     -3.389   0.029364    16.4438    -1.7793     -3.361     0.0212    -1.1126 -9.990e-29
 151.795613     -3.382   0.029350    16.4325    -1.7794     -3.354     0.0212    -1.1107 -9.990e-29
 151.795619     -3.372   0.029346    16.4220    -1.7800     -3.344     0.0212    -1.1089 -9.990e-29
 151.795625     -3.356   0.029344    16.4081    -1.7805     -3.328     0.0212    -1.1066 -9.990e-29
 151.795631     -3.338   0.029343    16.3896    -1.7808     -3.310     0.0212    -1.1035 -9.990e-29
 151.795637     -3.322   0.029343    16.3703    -1.7815     -3.294     0.0212    -1.1003 -9.990e-29
 151.795642     -3.306   0.029343    16.3492    -1.7826     -3.278     0.0212    -1.0968 -9.990e-29
 151.795648     -3.290   0.029342    16.3243    -1.7835     -3.263     0.0212    -1.0926 -9.990e-29
 151.795654     -3.272   0.029337    16.3014    -1.7839     -3.245     0.0212    -1.0888 -9.990e-29
 151.795660     -3.256   0.029323    16.2860    -1.7836     -3.229     0.0212    -1.0863 -9.990e-29
 151.795666     -3.245   0.029282    16.2746    -1.7837     -3.218     0.0211    -1.0844 -9.990e-29
 151.795671     -3.233   0.029159    16.2624    -1.7838     -3.206     0.0211    -1.0824 -9.990e-29
 151.795677     -3.217   0.028790    16.2495    -1.7842     -3.190     0.0209    -1.0804 -9.990e-29
 151.795683     -3.198   0.028236    16.2355    -1.7845     -3.171     0.0206    -1.0783 -9.990e-29
 151.795689     -3.181   0.027866    16.2174    -1.7845     -3.154     0.0204    -1.0755 -9.990e-29
 151.795694     -3.163   0.027743    16.1957    -1.7850     -3.137     0.0204    -1.0720 -9.990e-29
 151.795700     -3.149   0.027702    16.1770    -1.7851     -3.123     0.0203    -1.0689 -9.990e-29
 151.795706     -3.137   0.027688    16.1669    -1.7849     -3.111     0.0203    -1.0672 -9.990e-29
 151.795712     -3.123   0.027684    16.1633    -1.7851     -3.097     0.0203    -1.0666 -9.990e-29
 151.795718     -3.109   0.027682    16.1605    -1.7852     -3.083     0.0203    -1.0662 -9.990e-29
 151.795723     -3.099   0.027682    16.1556    -1.7848     -3.073     0.0203    -1.0654 -9.990e-29
 151.795729     -3.093   0.027682    16.1488    -1.7846     -3.067     0.0203    -1.0643 -9.990e-29
 151.795735     -3.090   0.027682    16.1423    -1.7845     -3.064     0.0203    -1.0632 -9.990e-29
 151.795741     -3.089   0.027682    16.1367    -1.7843     -3.063     0.0203    -1.0623 -9.990e-29
 151.795747     -3.088   0.027682    16.1315    -1.7843     -3.062     0.0203    -1.0614 -9.990e-29
