data/oxygen options/ONMS/Olympic_Coast_National_Marine_Sanctuary_CTD_Data_2005_2023/raw_data/2023/CAST_CE042_230601faed.cnv
* Sea-Bird SBE 19 Data File:
* FileName = C:\Users\OCNMS.Inst\Documents\2023 Mooring Data\Casts\CAST_CE042_230601.hex
* Software Version SeatermAF 2.1.4.55
* Temperature SN = 2997
* Conductivity SN = 2997
* System UpLoad Time = Jun 01 2023 17:38:07 (localtime) = Jun 01 2023 17:38:07 (UTC)
** CAST_CE042_230601
* ds
# nquan = 9                                 
# nvalues = 1417                        
# units = specified
# name 0 = timeJ: Julian Days
# name 1 = prSM: Pressure, Strain Gauge [db]
# name 2 = c0mS/cm: Conductivity [mS/cm]
# name 3 = t090C: Temperature [ITS-90, deg C]
# name 4 = sbeox0ML/L: Oxygen, SBE 43 [ml/l]
# name 5 = depSM: Depth [salt water, m], lat = 47.5
# name 6 = sal00: Salinity, Practical [PSU]
# name 7 = sigma-é00: Density [sigma-theta, kg/m^3]
# name 8 = flag: flag
# span 0 = 152.722025, 152.730220       
# span 1 =     -6.002,     44.496       
# span 2 =   0.004457,  36.545351       
# span 3 =     8.0680,    15.4159       
# span 4 =    -1.9849,    18.0006       
# span 5 =     -5.952,     44.120       
# span 6 =     0.0085,    33.5945       
# span 7 =    -0.9557,    26.1605       
# span 8 = 0.0000e+00, 0.0000e+00       
# interval = seconds: 0.5
# start_time = Jun 01 2023 17:19:43 [Instrument's time stamp, header]
# bad_flag = -9.990e-29
*END*
[from data line 961]
 152.727587     28.401  34.956293     8.3484     2.5859     28.162    33.3073    25.8934 0.0000e+00
 152.727593     28.722  34.957854     8.3454     2.5931     28.480    33.3117    25.8972 0.0000e+00
 152.727598     29.020  34.958603     8.3449     2.6085     28.776    33.3128    25.8982 0.0000e+00
 152.727604     29.288  34.958825     8.3454     2.6047     29.042    33.3124    25.8978 0.0000e+00
 152.727610     29.527  34.959064     8.3450     2.6105     29.278    33.3130    25.8983 0.0000e+00
 152.727616     29.743  34.959562     8.3437     2.6023     29.493    33.3146    25.8998 0.0000e+00
 152.727622     29.941  34.960190     8.3435     2.5806     29.689    33.3154    25.9004 0.0000e+00
 152.727627     30.129  34.960628     8.3443     2.5493     29.875    33.3150    25.9000 0.0000e+00
 152.727633     30.320  34.960701     8.3453     2.5026     30.065    33.3140    25.8991 0.0000e+00
 152.727639     30.521  34.961068     8.3453     2.4735     30.264    33.3143    25.8994 0.0000e+00
 152.727645     30.736  34.962222     8.3429     2.4461     30.477    33.3177    25.9024 0.0000e+00
 152.727650     30.971  34.965700     8.3386     2.4166     30.710    33.3254    25.9090 0.0000e+00
 152.727656     31.224  34.972782     8.3343     2.3885     30.961    33.3368    25.9187 0.0000e+00
 152.727662     31.483  34.980588     8.3318     2.3624     31.218    33.3473    25.9273 0.0000e+00
 152.727668     31.746  34.986083     8.3308     2.3600     31.479    33.3540    25.9327 0.0000e+00
 152.727674     32.011  34.989311     8.3290     2.3574     31.741    33.3590    25.9369 0.0000e+00
 152.727679     32.278  34.991216     8.3242     2.3509     32.006    33.3654    25.9426 0.0000e+00
 152.727685     32.551  34.992097     8.3167     2.3444     32.277    33.3734    25.9500 0.0000e+00
 152.727691     32.840  34.992008     8.3082     2.3263     32.563    33.3812    25.9574 0.0000e+00
 152.727697     33.144  34.991393     8.3002     2.3339     32.865    33.3880    25.9639 0.0000e+00
 152.727703     33.454  34.990550     8.2940     2.3296     33.172    33.3929    25.9687 0.0000e+00
 152.727708     33.751  34.990032     8.2906     2.3436     33.467    33.3954    25.9712 0.0000e+00
 152.727714     34.020  34.990267     8.2890     2.3456     33.733    33.3970    25.9727 0.0000e+00
 152.727720     34.260  34.991006     8.2878     2.3440     33.971    33.3989    25.9743 0.0000e+00
 152.727726     34.478  34.991556     8.2869     2.3382     34.187    33.4002    25.9755 0.0000e+00
 152.727731     34.683  34.991530     8.2870     2.2912     34.391    33.4000    25.9753 0.0000e+00
 152.727737     34.885  34.991452     8.2878     2.3213     34.591    33.3990    25.9745 0.0000e+00
 152.727743     35.088  34.991220     8.2879     2.3368     34.792    33.3986    25.9741 0.0000e+00
 152.727749     35.299  34.990528     8.2867     2.3559     35.001    33.3989    25.9746 0.0000e+00
 152.727755     35.530  34.989572     8.2836     2.3717     35.230    33.4007    25.9764 0.0000e+00
 152.727760     35.785  34.987641     8.2784     2.3009     35.483    33.4035    25.9794 0.0000e+00
 152.727766     36.067  34.984401     8.2724     2.3349     35.763    33.4056    25.9820 0.0000e+00
 152.727772     36.370  34.980571     8.2667     2.3546     36.063    33.4069    25.9838 0.0000e+00
 152.727778     36.678  34.976086     8.2617     2.3702     36.369    33.4067    25.9844 0.0000e+00
 152.727784     36.980  34.970563     8.2570     2.3784     36.668    33.4052    25.9839 0.0000e+00
 152.727789     37.271  34.964477     8.2531     2.3437     36.957    33.4023    25.9823 0.0000e+00
 152.727795     37.543  34.959235     8.2513     2.3380     37.226    33.3983    25.9794 0.0000e+00
 152.727801     37.792  34.957369     8.2504     2.3407     37.473    33.3971    25.9786 0.0000e+00
 152.727807     38.021  34.958630     8.2476     2.3396     37.700    33.4010    25.9820 0.0000e+00
 152.727813     38.236  34.960219     8.2438     2.3265     37.913    33.4062    25.9867 0.0000e+00
 152.727818     38.446  34.962577     8.2416     2.2910     38.122    33.4107    25.9906 0.0000e+00
 152.727824     38.665  34.965487     8.2400     2.2456     38.339    33.4152    25.9943 0.0000e+00
 152.727830     38.897  34.966108     8.2358     2.1894     38.569    33.4197    25.9985 0.0000e+00
 152.727836     39.142  34.964150     8.2282     2.1364     38.812    33.4248    26.0036 0.0000e+00
 152.727841     39.396  34.962602     8.2190     2.0925     39.063    33.4318    26.0105 0.0000e+00
 152.727847     39.660  34.964442     8.2079     2.0561     39.325    33.4442    26.0219 0.0000e+00
 152.727853     39.932  34.969880     8.1934     2.0278     39.595    33.4636    26.0393 0.0000e+00
 152.727859     40.214  34.976084     8.1769     1.9993     39.874    33.4858    26.0592 0.0000e+00
 152.727865     40.501  34.979563     8.1624     1.9708     40.159    33.5033    26.0750 0.0000e+00
 152.727870     40.785  34.979914     8.1508     1.9505     40.441    33.5146    26.0856 0.0000e+00
 152.727876     41.065  34.979281     8.1362     1.9561     40.718    33.5277    26.0981 0.0000e+00
 152.727882     41.339  34.979057     8.1156     1.9596     40.990    33.5471    26.1164 0.0000e+00
 152.727888     41.606  34.979504     8.0969     1.9670     41.255    33.5653    26.1335 0.0000e+00
 152.727894     41.854  34.980654     8.0864     1.9746     41.500    33.5765    26.1438 0.0000e+00
 152.727899     42.080  34.982358     8.0817     1.9583     41.725    33.5827    26.1494 0.0000e+00
 152.727905     42.284  34.984084     8.0795     1.9562     41.927    33.5866    26.1527 0.0000e+00
 152.727911     42.476  34.984771     8.0792     1.9600     42.117    33.5875    26.1535 0.0000e+00
 152.727917     42.667  34.983657     8.0791     1.9579     42.307    33.5863    26.1526 0.0000e+00
 152.727922     42.865  34.981496     8.0770     1.9736     42.503    33.5859    26.1526 0.0000e+00
 152.727928     43.070  34.979891     8.0739     1.9673     42.706    33.5871    26.1540 0.0000e+00
 152.727934     43.279  34.979502     8.0714     1.9552     42.913    33.5890    26.1558 0.0000e+00
 152.727940     43.486  34.979809     8.0702     1.9509     43.119    33.5904    26.1571 0.0000e+00
 152.727946     43.688  34.980102     8.0700     1.8969     43.319    33.5908    26.1575 0.0000e+00
 152.727951     43.881  34.980211     8.0699     1.9427     43.510    33.5909    26.1576 0.0000e+00
 152.727957     44.060  34.980282     8.0693     1.9401     43.688    33.5915    26.1581 0.0000e+00
 152.727963     44.220  34.980409     8.0685     1.9518     43.846    33.5923    26.1589 0.0000e+00
 152.727969     44.352  34.980762     8.0680     1.9674     43.977    33.5931    26.1596 -9.990e-29
 152.727975     44.449  34.981812     8.0683     1.9020     44.073    33.5939    26.1602 -9.990e-29
 152.727980     44.496  34.983280     8.0693     1.9417     44.120    33.5945    26.1605 -9.990e-29
 152.727986     44.478  34.984320     8.0705     1.9515     44.102    33.5944    26.1603 -9.990e-29
 152.727992     44.393  34.985200     8.0719     1.9712     44.018    33.5941    26.1598 -9.990e-29
 152.727998     44.251  34.985975     8.0734     1.9866     43.877    33.5935    26.1591 0.0000e+00
 152.728003     44.062  34.986001     8.0750     1.9669     43.690    33.5921    26.1578 0.0000e+00
 152.728009     43.841  34.985315     8.0764     1.9649     43.470    33.5901    26.1560 0.0000e+00
 152.728015     43.598  34.984128     8.0769     1.9609     43.230    33.5885    26.1546 0.0000e+00
 152.728021     43.346  34.982538     8.0765     1.9686     42.980    33.5873    26.1538 0.0000e+00
 152.728027     43.088  34.981230     8.0756     1.9701     42.724    33.5869    26.1536 0.0000e+00
 152.728032     42.821  34.980705     8.0752     1.9699     42.459    33.5868    26.1536 0.0000e+00
 152.728038     42.545  34.980826     8.0753     1.9676     42.186    33.5870    26.1537 0.0000e+00
 152.728044     42.265  34.981196     8.0756     1.9870     41.908    33.5873    26.1538 0.0000e+00
 152.728050     41.975  34.981191     8.0762     1.9993     41.620    33.5868    26.1534 0.0000e+00
 152.728056     41.674  34.980807     8.0772     2.0240     41.322    33.5856    26.1523 0.0000e+00
 152.728061     41.373  34.980095     8.0789     2.0478     41.024    33.5833    26.1503 0.0000e+00
 152.728067     41.083  34.978667     8.0823     2.0712     40.736    33.5787    26.1461 0.0000e+00
 152.728073     40.806  34.976866     8.0889     2.0851     40.461    33.5706    26.1388 0.0000e+00
 152.728079     40.538  34.975653     8.0975     2.1110     40.196    33.5612    26.1301 0.0000e+00
 152.728084     40.266  34.975653     8.1062     2.1486     39.926    33.5530    26.1224 0.0000e+00
 152.728090     39.973  34.976309     8.1170     2.1960     39.636    33.5435    26.1133 0.0000e+00
 152.728096     39.653  34.976258     8.1348     2.2552     39.318    33.5265    26.0974 0.0000e+00
 152.728102     39.320  34.974315     8.1592     2.3109     38.988    33.5013    26.0739 0.0000e+00
 152.728108     38.991  34.970135     8.1813     2.3387     38.662    33.4759    26.0507 0.0000e+00
 152.728113     38.679  34.964313     8.1960     2.3468     38.353    33.4558    26.0328 0.0000e+00
 152.728119     38.391  34.957497     8.2054     2.3396     38.067    33.4398    26.0188 0.0000e+00
 152.728125     38.117  34.951807     8.2113     2.3244     37.795    33.4282    26.0088 0.0000e+00
 152.728131     37.839  34.949183     8.2155     2.3124     37.520    33.4216    26.0030 0.0000e+00
 152.728137     37.549  34.948367     8.2199     2.3364     37.232    33.4166    25.9985 0.0000e+00
 152.728142     37.248  34.948276     8.2241     2.3342     36.934    33.4127    25.9947 0.0000e+00
 152.728148     36.941  34.948792     8.2273     2.3280     36.629    33.4103    25.9924 0.0000e+00
 152.728154     36.627  34.950046     8.2304     2.3262     36.318    33.4089    25.9908 0.0000e+00
 152.728160     36.313  34.952594     8.2348     2.2653     36.007    33.4075    25.9891 0.0000e+00
 152.728166     36.001  34.955915     8.2404     2.3050     35.697    33.4059    25.9869 0.0000e+00
 152.728171     35.688  34.959401     8.2462     2.3183     35.387    33.4042    25.9848 0.0000e+00
 152.728177     35.371  34.962660     8.2528     2.3294     35.073    33.4015    25.9817 0.0000e+00
 152.728183     35.047  34.965001     8.2602     2.3528     34.752    33.3971    25.9771 0.0000e+00
 152.728189     34.717  34.967310     8.2675     2.3277     34.424    33.3928    25.9726 0.0000e+00
 152.728194     34.386  34.970427     8.2749     2.3532     34.096    33.3892    25.9687 0.0000e+00
 152.728200     34.057  34.972914     8.2821     2.3768     33.770    33.3852    25.9645 0.0000e+00
 152.728206     33.737  34.974171     8.2881     2.4063     33.453    33.3810    25.9602 0.0000e+00
 152.728212     33.425  34.975316     8.2933     2.4375     33.143    33.3774    25.9566 0.0000e+00
 152.728218     33.120  34.976200     8.2990     2.4788     32.841    33.3731    25.9524 0.0000e+00
 152.728223     32.815  34.975765     8.3059     2.5123     32.539    33.3662    25.9460 0.0000e+00
 152.728229     32.503  34.973996     8.3130     2.5301     32.229    33.3577    25.9383 0.0000e+00
 152.728235     32.190  34.970778     8.3186     2.5407     31.919    33.3491    25.9307 0.0000e+00
 152.728241     31.886  34.965744     8.3229     2.5512     31.617    33.3399    25.9228 0.0000e+00
 152.728247     31.594  34.960029     8.3265     2.5733     31.328    33.3305    25.9149 0.0000e+00
 152.728252     31.311  34.955538     8.3295     2.5913     31.047    33.3231    25.9086 0.0000e+00
 152.728258     31.038  34.953008     8.3327     2.6056     30.777    33.3175    25.9037 0.0000e+00
 152.728264     30.769  34.951869     8.3371     2.6238     30.510    33.3122    25.8989 0.0000e+00
 152.728270     30.496  34.951163     8.3416     2.6298     30.239    33.3074    25.8944 0.0000e+00
 152.728275     30.214  34.949953     8.3453     2.6435     29.960    33.3027    25.8902 0.0000e+00
 152.728281     29.922  34.947749     8.3484     2.6576     29.670    33.2976    25.8857 0.0000e+00
 152.728287     29.625  34.943855     8.3505     2.6710     29.376    33.2916    25.8807 0.0000e+00
 152.728293     29.327  34.937003     8.3523     2.6817     29.080    33.2828    25.8735 0.0000e+00
 152.728299     29.032  34.928703     8.3541     2.6951     28.788    33.2724    25.8652 0.0000e+00
 152.728304     28.734  34.922079     8.3554     2.7190     28.492    33.2643    25.8586 0.0000e+00
 152.728310     28.423  34.917281     8.3560     2.7777     28.184    33.2588    25.8542 0.0000e+00
 152.728316     28.091  34.913214     8.3577     2.8536     27.855    33.2531    25.8494 0.0000e+00
 152.728322     27.738  34.909615     8.3623     2.9259     27.505    33.2451    25.8425 0.0000e+00
 152.728328     27.378  34.905354     8.3702     2.9867     27.148    33.2333    25.8320 0.0000e+00
 152.728333     27.029  34.898782     8.3817     3.0225     26.802    33.2156    25.8164 0.0000e+00
 152.728339     26.703  34.889648     8.3979     3.0452     26.478    33.1908    25.7946 0.0000e+00
 152.728345     26.402  34.879890     8.4162     3.0186     26.180    33.1634    25.7703 0.0000e+00
 152.728351     26.119  34.872851     8.4306     3.0607     25.899    33.1426    25.7518 0.0000e+00
 152.728356     25.840  34.869343     8.4390     3.0959     25.623    33.1311    25.7415 0.0000e+00
 152.728362     25.552  34.867602     8.4450     3.1209     25.337    33.1238    25.7349 0.0000e+00
 152.728368     25.254  34.866537     8.4511     3.1445     25.042    33.1170    25.7287 0.0000e+00
 152.728374     24.956  34.865960     8.4574     3.0936     24.746    33.1106    25.7227 0.0000e+00
 152.728380     24.666  34.865775     8.4636     3.1361     24.459    33.1048    25.7171 0.0000e+00
 152.728385     24.378  34.865287     8.4694     3.1747     24.173    33.0989    25.7117 0.0000e+00
 152.728391     24.086  34.863955     8.4745     3.2347     23.884    33.0929    25.7062 0.0000e+00
 152.728397     23.785  34.862357     8.4805     3.3158     23.585    33.0857    25.6996 0.0000e+00
 152.728403     23.468  34.861834     8.4901     3.3829     23.271    33.0763    25.6908 0.0000e+00
 152.728409     23.141  34.864039     8.5093     3.4803     22.947    33.0607    25.6757 0.0000e+00
 152.728414     22.813  34.870344     8.5421     3.5613     22.621    33.0368    25.6520 0.0000e+00
 152.728420     22.489  34.879749     8.5794     3.6228     22.300    33.0120    25.6268 0.0000e+00
 152.728426     22.175  34.892024     8.6102     3.6468     21.989    32.9962    25.6098 0.0000e+00
 152.728432     21.875  34.910773     8.6370     3.6566     21.691    32.9910    25.6017 0.0000e+00
 152.728438     21.592  34.933670     8.6616     3.6363     21.411    32.9922    25.5988 0.0000e+00
 152.728443     21.317  34.951599     8.6785     3.6280     21.138    32.9954    25.5987 0.0000e+00
 152.728449     21.036  34.958895     8.6865     3.6321     20.859    32.9957    25.5977 0.0000e+00
 152.728455     20.744  34.957561     8.6898     3.6595     20.570    32.9914    25.5938 0.0000e+00
 152.728461     20.441  34.956011     8.6935     3.7289     20.269    32.9864    25.5894 0.0000e+00
 152.728466     20.124  34.958451     8.6995     3.8340     19.955    32.9835    25.5862 0.0000e+00
 152.728472     19.793  34.963208     8.7095     3.9891     19.627    32.9793    25.5814 0.0000e+00
 152.728478     19.455  34.970574     8.7333     4.1938     19.292    32.9650    25.5665 0.0000e+00
 152.728484     19.112  34.981522     8.7813     4.3971     18.952    32.9320    25.5333 0.0000e+00
 152.728490     18.774  34.998440     8.8475     4.5515     18.616    32.8884    25.4889 0.0000e+00
 152.728495     18.448  35.030558     8.9184     4.6524     18.293    32.8563    25.4528 0.0000e+00
 152.728501     18.136  35.087219     8.9920     4.7029     17.984    32.8474    25.4344 0.0000e+00
