data/oxygen options/ONMS/Olympic_Coast_National_Marine_Sanctuary_CTD_Data_2005_2023/raw_data/2023/CAST_KL027_230616faed.cnv
* Sea-Bird SBE 19 Data File:
* FileName = C:\Users\OCNMS.Inst\Documents\2023 Mooring Data\Casts\CAST_KL027_230616.hex
* Software Version SeatermAF 2.1.4.55
* Temperature SN = 2997
* Conductivity SN = 2997
* System UpLoad Time = Jun 16 2023 20:48:33 (localtime) = Jun 16 2023 20:48:33 (UTC)
** CAST_KL027_230616
* ds
# nquan = 9                                 
# nvalues = 2724                        
# units = specified
# name 0 = timeJ: Julian Days
# name 1 = prSM: Pressure, Strain Gauge [db]
# name 2 = c0mS/cm: Conductivity [mS/cm]
# name 3 = t090C: Temperature [ITS-90, deg C]
# name 4 = sbeox0ML/L: Oxygen, SBE 43 [ml/l]
# name 5 = depSM: Depth [salt water, m], lat = 47.5
# name 6 = sal00: Salinity, Practical [PSU]
# name 7 = sigma-é00: Density [sigma-theta, kg/m^3]
# name 8 = flag: flag
# span 0 = 167.846400, 167.862159       
# span 1 =     -5.373,     27.448       
# span 2 =   0.285928,  38.399576       
# span 3 =     8.0870,    15.1406       
# span 4 =    -1.8532,    18.9212       
# span 5 =     -5.328,     27.217       
# span 6 =     0.1725,    33.6430       
# span 7 =    -0.7470,    26.1526       
# span 8 = 0.0000e+00, 0.0000e+00       
# interval = seconds: 0.5
# start_time = Jun 16 2023 20:18:49 [Instrument's time stamp, header]
# bad_flag = -9.990e-29
*END*
[from data line 161]
 167.847332     -2.342   0.372765    14.7558    -1.8318     -2.322     0.2249    -0.6879 -9.990e-29
 167.847338     -2.318   0.372627    14.7712    -1.8320     -2.299     0.2248    -0.6903 -9.990e-29
 167.847344     -2.294   0.372545    14.7905    -1.8324     -2.275     0.2246    -0.6933 -9.990e-29
 167.847350     -2.278   0.372409    14.8085    -1.8329     -2.259     0.2244    -0.6961 -9.990e-29
 167.847355     -2.273   0.372035    14.8213    -1.8333     -2.254     0.2241    -0.6983 -9.990e-29
 167.847361     -2.274   0.371482    14.8287    -1.8336     -2.255     0.2237    -0.6997 -9.990e-29
 167.847367     -2.274   0.371121    14.8327    -1.8334     -2.255     0.2235    -0.7005 -9.990e-29
 167.847373     -2.268   0.371025    14.8338    -1.8330     -2.249     0.2234    -0.7007 -9.990e-29
 167.847378     -2.259   0.371066    14.8321    -1.8323     -2.240     0.2235    -0.7004 -9.990e-29
 167.847384     -2.252   0.371299    14.8283    -1.8322     -2.233     0.2236    -0.6997 -9.990e-29
 167.847390     -2.246   0.371479    14.8223    -1.8322     -2.227     0.2238    -0.6987 -9.990e-29
 167.847396     -2.240   0.371292    14.8138    -1.8322     -2.221     0.2237    -0.6975 -9.990e-29
 167.847402     -2.234   0.371043    14.8041    -1.8321     -2.215     0.2236    -0.6961 -9.990e-29
 167.847407     -2.229   0.370956    14.7959    -1.8321     -2.210     0.2236    -0.6949 -9.990e-29
 167.847413     -2.222   0.370915    14.7919    -1.8322     -2.203     0.2236    -0.6943 -9.990e-29
 167.847419     -2.215   0.370866    14.7943    -1.8322     -2.197     0.2236    -0.6947 -9.990e-29
 167.847425     -2.207   0.370744    14.8022    -1.8322     -2.189     0.2234    -0.6960 -9.990e-29
 167.847431     -2.196   0.370386    14.8113    -1.8321     -2.178     0.2232    -0.6975 -9.990e-29
 167.847436     -2.183   0.369868    14.8174    -1.8321     -2.165     0.2228    -0.6987 -9.990e-29
 167.847442     -2.167   0.369611    14.8202    -1.8321     -2.149     0.2226    -0.6993 -9.990e-29
 167.847448     -2.146   0.369825    14.8217    -1.8316     -2.128     0.2228    -0.6994 -9.990e-29
 167.847454     -2.124   0.370242    14.8226    -1.8308     -2.106     0.2230    -0.6993 -9.990e-29
 167.847459     -2.103   0.370311    14.8228    -1.8302     -2.085     0.2231    -0.6993 -9.990e-29
 167.847465     -2.082   0.370121    14.8225    -1.8299     -2.065     0.2229    -0.6994 -9.990e-29
 167.847471     -2.064   0.369976    14.8226    -1.8297     -2.047     0.2229    -0.6995 -9.990e-29
 167.847477     -2.052   0.369681    14.8235    -1.8297     -2.035     0.2227    -0.6997 -9.990e-29
 167.847483     -2.045   0.369397    14.8248    -1.8297     -2.028     0.2225    -0.7001 -9.990e-29
 167.847488     -2.043   0.369303    14.8267    -1.8300     -2.026     0.2224    -0.7004 -9.990e-29
 167.847494     -2.042   0.369271    14.8316    -1.8303     -2.025     0.2224    -0.7012 -9.990e-29
 167.847500     -2.037   0.369260    14.8420    -1.8305     -2.020     0.2223    -0.7028 -9.990e-29
 167.847506     -2.032   0.369255    14.8558    -1.8308     -2.015     0.2222    -0.7049 -9.990e-29
 167.847512     -2.026   0.369249    14.8687    -1.8309     -2.009     0.2222    -0.7069 -9.990e-29
 167.847517     -2.016   0.369235    14.8778    -1.8311     -1.999     0.2221    -0.7083 -9.990e-29
 167.847523     -2.005   0.369193    14.8829    -1.8314     -1.988     0.2220    -0.7091 -9.990e-29
 167.847529     -1.995   0.369070    14.8846    -1.8315     -1.978     0.2220    -0.7094 -9.990e-29
 167.847535     -1.988   0.368700    14.8829    -1.8315     -1.971     0.2217    -0.7093 -9.990e-29
 167.847541     -1.982   0.368144    14.8781    -1.8310     -1.965     0.2214    -0.7089 -9.990e-29
 167.847546     -1.977   0.367771    14.8719    -1.8307     -1.961     0.2212    -0.7081 -9.990e-29
 167.847552     -1.972   0.367639    14.8659    -1.8308     -1.956     0.2212    -0.7072 -9.990e-29
 167.847558     -1.968   0.367571    14.8606    -1.8309     -1.952     0.2212    -0.7064 -9.990e-29
 167.847564     -1.963   0.367475    14.8557    -1.8313     -1.947     0.2211    -0.7057 -9.990e-29
 167.847569     -1.959   0.367223    14.8507    -1.8314     -1.943     0.2210    -0.7051 -9.990e-29
 167.847575     -1.953   0.367035    14.8466    -1.8314     -1.937     0.2209    -0.7045 -9.990e-29
 167.847581     -1.947   0.367214    14.8446    -1.8317     -1.931     0.2210    -0.7041 -9.990e-29
 167.847587     -1.940   0.367447    14.8463    -1.8318     -1.924     0.2212    -0.7043 -9.990e-29
 167.847593     -1.930   0.367488    14.8515    -1.8319     -1.914     0.2212    -0.7051 -9.990e-29
 167.847598     -1.919   0.367392    14.8561    -1.8322     -1.903     0.2211    -0.7058 -9.990e-29
 167.847604     -1.904   0.367031    14.8568    -1.8325     -1.888     0.2209    -0.7061 -9.990e-29
 167.847610     -1.889   0.366479    14.8538    -1.8329     -1.873     0.2205    -0.7059 -9.990e-29
 167.847616     -1.878   0.366110    14.8492    -1.8332     -1.862     0.2203    -0.7054 -9.990e-29
 167.847622     -1.870   0.365987    14.8450    -1.8334     -1.854     0.2203    -0.7048 -9.990e-29
 167.847627     -1.864   0.365946    14.8415    -1.8337     -1.848     0.2203    -0.7043 -9.990e-29
 167.847633     -1.855   0.365931    14.8377    -1.8341     -1.840     0.2203    -0.7037 -9.990e-29
 167.847639     -1.844   0.365922    14.8334    -1.8344     -1.829     0.2203    -0.7030 -9.990e-29
 167.847645     -1.838   0.365906    14.8285    -1.8351     -1.823     0.2203    -0.7023 -9.990e-29
 167.847650     -1.836   0.365864    14.8224    -1.8364     -1.821     0.2203    -0.7014 -9.990e-29
 167.847656     -1.831   0.365740    14.8148    -1.8378     -1.816     0.2203    -0.7003 -9.990e-29
 167.847662     -1.820   0.365370    14.8066    -1.8388     -1.805     0.2201    -0.6992 -9.990e-29
 167.847668     -1.810   0.364816    14.7988    -1.8397     -1.795     0.2198    -0.6983 -9.990e-29
 167.847674     -1.797   0.364446    14.7914    -1.8406     -1.782     0.2196    -0.6973 -9.990e-29
 167.847679     -1.783   0.364322    14.7835    -1.8414     -1.768     0.2196    -0.6962 -9.990e-29
 167.847685     -1.765   0.364281    14.7738    -1.8423     -1.750     0.2196    -0.6947 -9.990e-29
 167.847691     -1.747   0.364267    14.7605    -1.8426     -1.732     0.2197    -0.6927 -9.990e-29
 167.847697     -1.732   0.364261    14.7409    -1.8428     -1.718     0.2198    -0.6897 -9.990e-29
 167.847703     -1.720   0.364255    14.7143    -1.8430     -1.706     0.2199    -0.6856 -9.990e-29
 167.847708     -1.708   0.364241    14.6852    -1.8436     -1.694     0.2200    -0.6812 -9.990e-29
 167.847714     -1.698   0.364199    14.6584    -1.8442     -1.684     0.2202    -0.6772 -9.990e-29
 167.847720     -1.687   0.364076    14.6345    -1.8443     -1.673     0.2202    -0.6736 -9.990e-29
 167.847726     -1.676   0.363707    14.6122    -1.8437     -1.662     0.2201    -0.6704 -9.990e-29
 167.847731     -1.668   0.363154    14.5913    -1.8437     -1.654     0.2199    -0.6676 -9.990e-29
 167.847737     -1.666   0.362789    14.5739    -1.8439     -1.652     0.2197    -0.6651 -9.990e-29
 167.847743     -1.667   0.362679    14.5616    -1.8427     -1.653     0.2197    -0.6633 -9.990e-29
 167.847749     -1.665   0.362678    14.5527    -1.8418     -1.651     0.2198    -0.6620 -9.990e-29
 167.847755     -1.662   0.362786    14.5439    -1.8413     -1.648     0.2199    -0.6606 -9.990e-29
 167.847760     -1.656   0.363146    14.5336    -1.8410     -1.642     0.2202    -0.6589 -9.990e-29
 167.847766     -1.648   0.363686    14.5256    -1.8407     -1.634     0.2205    -0.6574 -9.990e-29
 167.847772     -1.636   0.364014    14.5243    -1.8406     -1.622     0.2208    -0.6571 -9.990e-29
 167.847778     -1.625   0.364013    14.5280    -1.8413     -1.611     0.2207    -0.6576 -9.990e-29
 167.847784     -1.618   0.363684    14.5327    -1.8417     -1.605     0.2205    -0.6585 -9.990e-29
 167.847789     -1.614   0.363143    14.5409    -1.8417     -1.601     0.2201    -0.6600 -9.990e-29
 167.847795     -1.613   0.362778    14.5566    -1.8419     -1.600     0.2198    -0.6625 -9.990e-29
 167.847801     -1.611   0.362657    14.5741    -1.8417     -1.598     0.2197    -0.6652 -9.990e-29
 167.847807     -1.608   0.362617    14.5874    -1.8415     -1.595     0.2196    -0.6672 -9.990e-29
 167.847813     -1.608   0.362607    14.5968    -1.8413     -1.595     0.2195    -0.6686 -9.990e-29
 167.847818     -1.606   0.362611    14.6020    -1.8414     -1.593     0.2195    -0.6694 -9.990e-29
 167.847824     -1.603   0.362637    14.6004    -1.8422     -1.590     0.2195    -0.6692 -9.990e-29
 167.847830     -1.602   0.362718    14.5930    -1.8428     -1.589     0.2196    -0.6680 -9.990e-29
 167.847836     -1.599   0.362964    14.5860    -1.8436     -1.586     0.2198    -0.6668 -9.990e-29
 167.847841     -1.590   0.363149    14.5825    -1.8437     -1.577     0.2199    -0.6662 -9.990e-29
 167.847847     -1.579   0.362964    14.5817    -1.8439     -1.566     0.2198    -0.6662 -9.990e-29
 167.847853     -1.568   0.362717    14.5835    -1.8449     -1.555     0.2196    -0.6666 -9.990e-29
 167.847859     -1.553   0.362635    14.5863    -1.8451     -1.540     0.2196    -0.6670 -9.990e-29
 167.847865     -1.534   0.362607    14.5869    -1.8445     -1.521     0.2196    -0.6671 -9.990e-29
 167.847870     -1.517   0.362598    14.5814    -1.8429     -1.504     0.2196    -0.6663 -9.990e-29
 167.847876     -1.506   0.362595    14.5691    -1.8420     -1.493     0.2196    -0.6645 -9.990e-29
 167.847882     -1.499   0.362594    14.5541    -1.8415     -1.486     0.2197    -0.6622 -9.990e-29
 167.847888     -1.493   0.362593    14.5412    -1.8409     -1.481     0.2198    -0.6603 -9.990e-29
 167.847894     -1.482   0.362593    14.5318    -1.8409     -1.470     0.2198    -0.6589 -9.990e-29
 167.847899     -1.470   0.362593    14.5224    -1.8410     -1.458     0.2199    -0.6575 -9.990e-29
 167.847905     -1.461   0.362593    14.5132    -1.8412     -1.449     0.2199    -0.6561 -9.990e-29
 167.847911     -1.454   0.362593    14.5123    -1.8418     -1.442     0.2199    -0.6560 -9.990e-29
 167.847917     -1.448   0.362593    14.5254    -1.8425     -1.436     0.2199    -0.6579 -9.990e-29
 167.847922     -1.444   0.362593    14.5477    -1.8432     -1.432     0.2197    -0.6613 -9.990e-29
 167.847928     -1.441   0.362592    14.5690    -1.8440     -1.429     0.2196    -0.6645 -9.990e-29
 167.847934     -1.438   0.362592    14.5849    -1.8452     -1.426     0.2196    -0.6669 -9.990e-29
 167.847940     -1.436   0.362591    14.5951    -1.8460     -1.424     0.2195    -0.6684 -9.990e-29
 167.847946     -1.434   0.362590    14.5984    -1.8464     -1.422     0.2195    -0.6689 -9.990e-29
 167.847951     -1.433   0.362585    14.5959    -1.8467     -1.421     0.2195    -0.6685 -9.990e-29
 167.847957     -1.432   0.362571    14.5887    -1.8473     -1.420     0.2195    -0.6674 -9.990e-29
 167.847963     -1.431   0.362530    14.5766    -1.8481     -1.419     0.2196    -0.6656 -9.990e-29
 167.847969     -1.431   0.362406    14.5607    -1.8483     -1.419     0.2196    -0.6633 -9.990e-29
 167.847975     -1.430   0.362036    14.5424    -1.8479     -1.418     0.2194    -0.6607 -9.990e-29
 167.847980     -1.430   0.361482    14.5217    -1.8473     -1.418     0.2192    -0.6579 -9.990e-29
 167.847986     -1.429   0.361112    14.4997    -1.8482     -1.417     0.2191    -0.6548 -9.990e-29
 167.847992     -1.429   0.360989    14.4805    -1.8490     -1.417     0.2191    -0.6520 -9.990e-29
 167.847998     -1.429   0.360948    14.4658    -1.8490     -1.417     0.2192    -0.6498 -9.990e-29
 167.848003     -1.428   0.360934    14.4531    -1.8489     -1.416     0.2192    -0.6479 -9.990e-29
 167.848009     -1.428   0.360929    14.4401    -1.8486     -1.416     0.2193    -0.6460 -9.990e-29
 167.848015     -1.427   0.360927    14.4289    -1.8484     -1.415     0.2193    -0.6443 -9.990e-29
 167.848021     -1.426   0.360924    14.4240    -1.8483     -1.414     0.2194    -0.6436 -9.990e-29
 167.848027     -1.425   0.360919    14.4254    -1.8484     -1.413     0.2194    -0.6438 -9.990e-29
 167.848032     -1.424   0.360906    14.4253    -1.8484     -1.412     0.2193    -0.6438 -9.990e-29
 167.848038     -1.423   0.360865    14.4177    -1.8483     -1.411     0.2194    -0.6427 -9.990e-29
 167.848044     -1.421   0.360742    14.4078    -1.8479     -1.409     0.2193    -0.6413 -9.990e-29
 167.848050     -1.419   0.360373    14.4031    -1.8474     -1.407     0.2191    -0.6407 -9.990e-29
 167.848056     -1.416   0.359821    14.4041    -1.8481     -1.404     0.2188    -0.6412 -9.990e-29
 167.848061     -1.412   0.359460    14.4081    -1.8487     -1.400     0.2185    -0.6419 -9.990e-29
 167.848067     -1.407   0.359364    14.4118    -1.8489     -1.395     0.2185    -0.6425 -9.990e-29
 167.848073     -1.401   0.359405    14.4136    -1.8492     -1.389     0.2185    -0.6428 -9.990e-29
 167.848079     -1.393   0.359638    14.4143    -1.8495     -1.381     0.2186    -0.6428 -9.990e-29
 167.848084     -1.383   0.359818    14.4158    -1.8495     -1.371     0.2187    -0.6429 -9.990e-29
 167.848090     -1.370   0.359631    14.4198    -1.8495     -1.359     0.2186    -0.6436 -9.990e-29
 167.848096     -1.357   0.359384    14.4248    -1.8493     -1.346     0.2184    -0.6444 -9.990e-29
 167.848102     -1.352   0.359300    14.4258    -1.8492     -1.341     0.2183    -0.6446 -9.990e-29
 167.848108     -1.356   0.359268    14.4192    -1.8492     -1.345     0.2184    -0.6437 -9.990e-29
 167.848113     -1.359   0.359245    14.4094    -1.8488     -1.348     0.2184    -0.6422 -9.990e-29
 167.848119     -1.358   0.359200    14.4013    -1.8484     -1.347     0.2184    -0.6410 -9.990e-29
 167.848125     -1.352   0.359075    14.3949    -1.8476     -1.341     0.2184    -0.6402 -9.990e-29
 167.848131     -1.342   0.358704    14.3904    -1.8469     -1.331     0.2182    -0.6397 -9.990e-29
 167.848137     -1.326   0.358148    14.3890    -1.8470     -1.315     0.2178    -0.6397 -9.990e-29
 167.848142     -1.307   0.357774    14.3901    -1.8471     -1.296     0.2176    -0.6401 -9.990e-29
 167.848148     -1.294   0.357637    14.3922    -1.8472     -1.283     0.2175    -0.6405 -9.990e-29
 167.848154     -1.290   0.357555    14.3949    -1.8471     -1.279     0.2174    -0.6409 -9.990e-29
 167.848160     -1.289   0.357418    14.3996    -1.8474     -1.278     0.2173    -0.6417 -9.990e-29
 167.848166     -1.288   0.357044    14.4075    -1.8474     -1.277     0.2170    -0.6430 -9.990e-29
 167.848171     -1.287   0.356487    14.4188    -1.8473     -1.276     0.2166    -0.6450 -9.990e-29
 167.848177     -1.286   0.356115    14.4322    -1.8472     -1.275     0.2163    -0.6471 -9.990e-29
 167.848183     -1.284   0.355988    14.4428    -1.8471     -1.273     0.2162    -0.6488 -9.990e-29
 167.848189     -1.277   0.355937    14.4472    -1.8469     -1.266     0.2161    -0.6494 -9.990e-29
 167.848194     -1.264   0.355893    14.4474    -1.8468     -1.253     0.2161    -0.6495 -9.990e-29
 167.848200     -1.254   0.355797    14.4464    -1.8467     -1.244     0.2161    -0.6494 -9.990e-29
 167.848206     -1.250   0.355521    14.4450    -1.8466     -1.240     0.2159    -0.6493 -9.990e-29
 167.848212     -1.247   0.355254    14.4436    -1.8467     -1.237     0.2157    -0.6492 -9.990e-29
 167.848218     -1.242   0.355192    14.4432    -1.8466     -1.232     0.2157    -0.6492 -9.990e-29
 167.848223     -1.233   0.355253    14.4446    -1.8464     -1.223     0.2157    -0.6494 -9.990e-29
 167.848229     -1.220   0.355520    14.4471    -1.8462     -1.210     0.2159    -0.6496 -9.990e-29
 167.848235     -1.207   0.355794    14.4500    -1.8461     -1.197     0.2160    -0.6499 -9.990e-29
 167.848241     -1.197   0.355888    14.4530    -1.8460     -1.187     0.2161    -0.6503 -9.990e-29
 167.848247     -1.190   0.355924    14.4555    -1.8458     -1.180     0.2161    -0.6507 -9.990e-29
