data/oxygen options/ONMS/Olympic_Coast_National_Marine_Sanctuary_CTD_Data_2005_2023/raw_data/2023/CAST_MB042_230526faed.cnv
* Sea-Bird SBE 19 Data File:
* FileName = C:\Users\OCNMS.Inst\Documents\2023 Mooring Data\Casts\CAST_MB042_230526.hex
* Software Version SeatermAF 2.1.4.55
* Temperature SN = 2997
* Conductivity SN = 2997
* System UpLoad Time = May 26 2023 19:19:44 (localtime) = May 26 2023 19:19:44 (UTC)
** CAST_MB042_230526
* ds
# nquan = 9                                 
# nvalues = 1015                        
# units = specified
# name 0 = timeJ: Julian Days
# name 1 = prSM: Pressure, Strain Gauge [db]
# name 2 = c0mS/cm: Conductivity [mS/cm]
# name 3 = t090C: Temperature [ITS-90, deg C]
# name 4 = sbeox0ML/L: Oxygen, SBE 43 [ml/l]
# name 5 = depSM: Depth [salt water, m], lat = 47.5
# name 6 = sal00: Salinity, Practical [PSU]
# name 7 = sigma-é00: Density [sigma-theta, kg/m^3]
# name 8 = flag: flag
# span 0 = 146.796400, 146.802269       
# span 1 =     -6.259,     38.472       
# span 2 =   0.268980,  36.785004       
# span 3 =     7.4727,    15.2261       
# span 4 =    -1.8755,    20.3718       
# span 5 =     -6.207,     38.147       
# span 6 =     0.1596,    33.8652       
# span 7 =    -0.8096,    26.4584       
# span 8 = 0.0000e+00, 0.0000e+00       
# interval = seconds: 0.5
# start_time = May 26 2023 19:06:49 [Instrument's time stamp, header]
# bad_flag = -9.990e-29
*END*
[from data line 961]
 146.801962      0.353  36.088303    10.8140    10.0268      0.350    32.2287    24.6507 -9.990e-29
 146.801968      0.329  36.116485    10.8303    10.0587      0.326    32.2423    24.6585 -9.990e-29
 146.801973      0.314  36.129754    10.8385    10.0352      0.311    32.2483    24.6617 -9.990e-29
 146.801979      0.303  36.123541    10.8389    10.0797      0.300    32.2418    24.6565 -9.990e-29
 146.801985      0.286  36.111708    10.8368    10.0683      0.284    32.2319    24.6492 -9.990e-29
 146.801991      0.258  36.102072    10.8339    10.0865      0.256    32.2249    24.6443 -9.990e-29
 146.801997      0.222  36.096017    10.8314    10.0895      0.220    32.2211    24.6418 -9.990e-29
 146.802002      0.184  36.094462    10.8284    10.0086      0.182    32.2222    24.6431 -9.990e-29
 146.802008      0.146  36.093852    10.8226     9.9348      0.145    32.2267    24.6477 -9.990e-29
 146.802014      0.105  36.092253    10.8155     9.7815      0.104    32.2314    24.6525 -9.990e-29
 146.802020      0.059  36.090333    10.8113     9.6521      0.059    32.2332    24.6547 -9.990e-29
 146.802025      0.004  36.087211    10.8104     9.5997      0.004    32.2310    24.6531 -9.990e-29
 146.802031     -0.058  36.084885    10.8116    10.6048     -0.058    32.2276    24.6503 -9.990e-29
 146.802037     -0.122  36.084731    10.8139    11.0747     -0.121    32.2255    24.6482 -9.990e-29
 146.802043     -0.185  36.086545    10.8150    10.6675     -0.183    32.2263    24.6487 -9.990e-29
 146.802049     -0.242  36.088267    10.8133    10.0268     -0.240    32.2295    24.6515 -9.990e-29
 146.802054     -0.292  36.080994    10.8116     9.0338     -0.290    32.2238    24.6473 -9.990e-29
 146.802060     -0.338  36.054471    10.8138     8.1646     -0.335    32.1956    24.6249 -9.990e-29
 146.802066     -0.379  35.988452    10.8193     7.4744     -0.376    32.1253    24.5693 -9.990e-29
 146.802072     -0.408  35.811714    10.8267     7.0206     -0.405    31.9435    24.4265 -9.990e-29
 146.802078     -0.429  35.300367    10.8358     6.7554     -0.425    31.4295    24.0249 -9.990e-29
 146.802083     -0.446  33.779897    10.8458     6.6321     -0.442    29.9231    22.8515 -9.990e-29
 146.802089     -0.460  29.228052    10.8565     6.5959     -0.456    25.4920    19.4071 -9.990e-29
 146.802095     -0.477  21.235032    10.8679     6.5952     -0.473    17.9494    13.5560 -9.990e-29
 146.802101     -0.498  13.775467    10.8794     6.6144     -0.494    11.2073     8.3315 -9.990e-29
 146.802106     -0.515   9.416864    10.8894     6.6355     -0.511     7.4299     5.4025 -9.990e-29
 146.802112     -0.526   7.088133    10.8971     6.6291     -0.522     5.4743     3.8842 -9.990e-29
 146.802118     -0.530   5.736195    10.9034     6.6351     -0.526     4.3638     3.0208 -9.990e-29
 146.802124     -0.529   4.726482    10.9100     6.6406     -0.525     3.5483     2.3861 -9.990e-29
 146.802130     -0.526   3.803285    10.9184     6.6775     -0.522     2.8149     1.8144 -9.990e-29
 146.802135     -0.525   3.093178    10.9307     6.7003     -0.521     2.2597     1.3807 -9.990e-29
 146.802141     -0.527   2.620466    10.9467     6.7211     -0.523     1.8950     1.0947 -9.990e-29
 146.802147     -0.532   2.338277    10.9625     6.7116     -0.528     1.6793     0.9248 -9.990e-29
 146.802153     -0.540   2.175606    10.9756     6.6719     -0.535     1.5557     0.8270 -9.990e-29
 146.802159     -0.551   2.083706    10.9866     6.6725     -0.546     1.4860     0.7715 -9.990e-29
 146.802164     -0.561   2.064896    10.9962     6.7010     -0.556     1.4715     0.7591 -9.990e-29
 146.802170     -0.569   2.222827    11.0056     6.7113     -0.564     1.5901     0.8506 -9.990e-29
 146.802176     -0.572   2.579379    11.0153     6.7036     -0.567     1.8601     1.0603 -9.990e-29
 146.802182     -0.573   2.921762    11.0255     6.6989     -0.568     2.1218     1.2631 -9.990e-29
 146.802188     -0.571   2.996552    11.0369     6.6378     -0.566     2.1787     1.3062 -9.990e-29
 146.802193     -0.570   2.778547    11.0508     6.6693     -0.565     2.0105     1.1737 -9.990e-29
 146.802199     -0.574   2.522198    11.0687     6.6446     -0.569     1.8140     1.0186 -9.990e-29
 146.802205     -0.579   2.493507    11.0931     6.6816     -0.574     1.7910     0.9980 -9.990e-29
 146.802211     -0.582   2.783530    11.1243     6.7100     -0.577     2.0103     1.1656 -9.990e-29
 146.802216     -0.582   3.061741    11.1599 -9.990e-29     -0.577     2.2216     1.3263 -9.990e-29
 146.802222     -0.579   2.947998    11.1965 -9.990e-29     -0.574     2.1322     1.2527 -9.990e-29
 146.802228     -0.574   2.674307    11.2264 -9.990e-29     -0.569     1.9217     1.0855 -9.990e-29
 146.802234     -0.566   2.598543    11.2448 -9.990e-29     -0.561     1.8632     1.0379 -9.990e-29
 146.802240     -0.559   2.768990    11.2572 -9.990e-29     -0.554     1.9921     1.1369 -9.990e-29
 146.802245     -0.557   3.036029    11.2698 -9.990e-29     -0.552     2.1953     1.2938 -9.990e-29
 146.802251     -0.554   3.272230    11.2835 -9.990e-29     -0.549     2.3759     1.4329 -9.990e-29
 146.802257     -0.552   3.529384    11.2964 -9.990e-29     -0.547     2.5737     1.5853 -9.990e-29
 146.802263     -0.554   3.698900    11.3023 -9.990e-29     -0.549     2.7047     1.6865 -9.990e-29
 146.802269     -0.556   3.588090 -9.990e-29 -9.990e-29     -0.551 -9.990e-29 -9.990e-29 -9.990e-29
