data/oxygen options/ONMS/Olympic_Coast_National_Marine_Sanctuary_CTD_Data_2005_2023/raw_data/2023/CAST_KL015_230616faed.cnv
* Sea-Bird SBE 19 Data File:
* FileName = C:\Users\OCNMS.Inst\Documents\2023 Mooring Data\Casts\CAST_KL015_230616.hex
* Software Version SeatermAF 2.1.4.55
* Temperature SN = 2997
* Conductivity SN = 2997
* System UpLoad Time = Jun 16 2023 20:07:06 (localtime) = Jun 16 2023 20:07:06 (UTC)
** CAST_KL015_230616
* ds
# nquan = 9                                 
# nvalues = 772                         
# units = specified
# name 0 = timeJ: Julian Days
# name 1 = prSM: Pressure, Strain Gauge [db]
# name 2 = c0mS/cm: Conductivity [mS/cm]
# name 3 = t090C: Temperature [ITS-90, deg C]
# name 4 = sbeox0ML/L: Oxygen, SBE 43 [ml/l]
# name 5 = depSM: Depth [salt water, m], lat = 47.5
# name 6 = sal00: Salinity, Practical [PSU]
# name 7 = sigma-é00: Density [sigma-theta, kg/m^3]
# name 8 = flag: flag
# span 0 = 167.830069, 167.834531       
# span 1 =     -6.139,     14.173       
# span 2 =   0.325970,  38.312025       
# span 3 =     8.3315,    15.6073       
# span 4 =    -1.8301,    17.4209       
# span 5 =     -6.088,     14.054       
# span 6 =     0.1925,    33.6294       
# span 7 =    -0.8432,    26.0124       
# span 8 = 0.0000e+00, 0.0000e+00       
# interval = seconds: 0.5
# start_time = Jun 16 2023 19:55:18 [Instrument's time stamp, header]
# bad_flag = -9.990e-29
*END*
[from data line 641]
 167.833779      6.868  36.973253    10.8448     6.9378      6.811    33.0782    25.3068 0.0000e+00
 167.833785      7.130  36.876407    10.7436     6.7896      7.070    33.0731    25.3205 0.0000e+00
 167.833791      7.388  36.779415    10.6397     6.6309      7.326    33.0702    25.3364 0.0000e+00
 167.833796      7.650  36.700832    10.5394     6.4519      7.586    33.0823    25.3632 0.0000e+00
 167.833802      7.911  36.636697    10.4353     6.2876      7.845    33.1125    25.4047 0.0000e+00
 167.833808      8.167  36.564219    10.3194     6.1563      8.099    33.1451    25.4499 0.0000e+00
 167.833814      8.420  36.471331    10.2015     5.9921      8.350    33.1589    25.4808 0.0000e+00
 167.833819      8.674  36.373647    10.1025     5.9044      8.601    33.1506    25.4910 0.0000e+00
 167.833825      8.924  36.288223    10.0418     5.6886      8.849    33.1194    25.4769 0.0000e+00
 167.833831      9.164  36.214851    10.0116     5.3405      9.087    33.0725    25.4453 0.0000e+00
 167.833837      9.397  36.151464     9.9641     4.8681      9.318    33.0514    25.4368 0.0000e+00
 167.833843      9.633  36.108199     9.8765     4.2921      9.552    33.0876    25.4796 0.0000e+00
 167.833848      9.883  36.078902     9.7632     3.8514      9.800    33.1618    25.5563 0.0000e+00
 167.833854     10.149  36.018344     9.6165     3.4173     10.064    33.2352    25.6377 0.0000e+00
 167.833860     10.428  35.892253     9.4374     2.9856     10.341    33.2716    25.6953 0.0000e+00
 167.833866     10.711  35.744210     9.2675     2.5859     10.621    33.2767    25.7266 0.0000e+00
 167.833872     10.996  35.632768     9.1303     2.2547     10.904    33.2891    25.7581 0.0000e+00
 167.833877     11.278  35.544284     9.0060     2.0181     11.184    33.3133    25.7967 0.0000e+00
 167.833883     11.555  35.444760     8.8733     1.8465     11.458    33.3338    25.8336 0.0000e+00
 167.833889     11.826  35.339251     8.7368     1.7367     11.727    33.3517    25.8687 0.0000e+00
 167.833895     12.088  35.252837     8.6169     1.6912     11.987    33.3739    25.9046 0.0000e+00
 167.833900     12.335  35.194607     8.5268     1.6955     12.232    33.3977    25.9370 0.0000e+00
 167.833906     12.571  35.152419     8.4624     1.7412     12.466    33.4141    25.9596 0.0000e+00
 167.833912     12.799  35.119282     8.4193     1.7771     12.692    33.4198    25.9707 0.0000e+00
 167.833918     13.014  35.099724     8.4039     1.8120     12.905    33.4137    25.9682 0.0000e+00
 167.833924     13.218  35.099015     8.4080     1.8222     13.107    33.4089    25.9638 0.0000e+00
 167.833929     13.412  35.107800     8.4043     1.8314     13.300    33.4217    25.9744 0.0000e+00
 167.833935     13.594  35.104748     8.3820     1.8392     13.480    33.4395    25.9918 0.0000e+00
 167.833941     13.767  35.090270     8.3554     1.8493     13.652    33.4494    26.0035 0.0000e+00
 167.833947     13.927  35.079224     8.3377     1.8757     13.810    33.4545    26.0101 0.0000e+00
 167.833953     14.056  35.075355     8.3315     1.9157     13.938    33.4562    26.0124 -9.990e-29
 167.833958     14.142  35.077976     8.3363     1.9583     14.023    33.4544    26.0103 -9.990e-29
 167.833964     14.173  35.091137     8.3490     2.0180     14.054    33.4562    26.0098 -9.990e-29
 167.833970     14.143  35.111101     8.3649     2.0900     14.024    33.4623    26.0122 -9.990e-29
 167.833976     14.058  35.124724     8.3835     2.1266     13.940    33.4590    26.0068 -9.990e-29
 167.833981     13.931  35.131130     8.4038     2.1440     13.814    33.4466    25.9940 0.0000e+00
 167.833987     13.769  35.136062     8.4213     2.1452     13.654    33.4352    25.9825 0.0000e+00
 167.833993     13.579  35.139939     8.4350     2.1207     13.465    33.4264    25.9735 0.0000e+00
 167.833999     13.368  35.144576     8.4453     2.0713     13.256    33.4216    25.9682 0.0000e+00
 167.834005     13.138  35.148316     8.4494     2.0704     13.028    33.4218    25.9677 0.0000e+00
 167.834010     12.892  35.151669     8.4455     2.0903     12.784    33.4292    25.9740 0.0000e+00
 167.834016     12.632  35.159106     8.4345     2.2034     12.526    33.4476    25.9901 0.0000e+00
 167.834022     12.359  35.161502     8.4235     2.4084     12.255    33.4607    26.0021 0.0000e+00
 167.834028     12.071  35.155333     8.4286     2.7512     11.970    33.4495    25.9925 0.0000e+00
 167.834034     11.772  35.153090     8.4650     3.4142     11.673    33.4127    25.9581 0.0000e+00
 167.834039     11.468  35.164102     8.5286     4.1872     11.372    33.3642    25.9105 0.0000e+00
 167.834045     11.167  35.194649     8.5998     4.9244     11.074    33.3293    25.8722 0.0000e+00
 167.834051     10.874  35.249067     8.6783     5.4225     10.783    33.3126    25.8471 0.0000e+00
 167.834057     10.593  35.338320     8.7972     5.6355     10.504    33.2944    25.8145 0.0000e+00
 167.834062     10.323  35.485654     8.9748     5.7688     10.237    33.2818    25.7770 0.0000e+00
 167.834068     10.063  35.669659     9.1618     5.8757      9.979    33.2984    25.7604 0.0000e+00
 167.834074      9.810  35.815885     9.2817     6.0284      9.728    33.3380    25.7723 0.0000e+00
 167.834080      9.552  35.884094     9.3345     6.2852      9.472    33.3594    25.7805 0.0000e+00
 167.834086      9.277  35.894135     9.3964     6.6079      9.199    33.3122    25.7336 0.0000e+00
 167.834091      8.980  35.900303     9.5226     6.9291      8.905    33.2014    25.6266 0.0000e+00
 167.834097      8.664  35.944987     9.7025     7.2192      8.592    33.0813    25.5034 0.0000e+00
 167.834103      8.340  36.022797     9.8862     7.4355      8.270    32.9923    25.4036 0.0000e+00
 167.834109      8.019  36.123236    10.0306     7.5624      7.952    32.9626    25.3564 0.0000e+00
 167.834115      7.712  36.257593    10.1457     7.6220      7.647    32.9939    25.3615 0.0000e+00
 167.834120      7.422  36.428039    10.2747     7.6553      7.360    33.0488    25.3824 0.0000e+00
 167.834126      7.142  36.592980    10.4085     7.6859      7.082    33.0932    25.3943 0.0000e+00
 167.834132      6.863  36.691703    10.5078     7.7381      6.806    33.1022    25.3842 0.0000e+00
 167.834138      6.575  36.727018    10.5776     7.8087      6.520    33.0744    25.3504 0.0000e+00
 167.834144      6.275  36.748837    10.6367     7.8738      6.223    33.0428    25.3155 0.0000e+00
 167.834149      5.967  36.780664    10.6863     7.9159      5.917    33.0298    25.2968 0.0000e+00
 167.834155      5.659  36.830774    10.7274     7.9514      5.612    33.0428    25.2998 0.0000e+00
 167.834161      5.347  36.896525    10.7714     7.9912      5.302    33.0688    25.3123 0.0000e+00
 167.834167      5.033  36.955791    10.8344     8.0444      4.991    33.0710    25.3030 0.0000e+00
 167.834172      4.719  36.993483    10.9144     8.0962      4.680    33.0365    25.2620 0.0000e+00
 167.834178      4.407  37.015043    10.9891     8.1393      4.370    32.9907    25.2132 0.0000e+00
 167.834184      4.101  37.036345    11.0416     8.1792      4.067    32.9648    25.1837 0.0000e+00
 167.834190      3.805  37.068440    11.0745     8.2316      3.773    32.9672    25.1797 0.0000e+00
 167.834196      3.515  37.111559    11.1050     8.2952      3.486    32.9826    25.1862 0.0000e+00
 167.834201      3.232  37.148692    11.1438     8.3783      3.205    32.9846    25.1809 0.0000e+00
 167.834207      2.954  37.168844    11.1842     8.4318      2.929    32.9684    25.1610 0.0000e+00
 167.834213      2.680  37.187685    11.2189     8.4339      2.658    32.9561    25.1452 0.0000e+00
 167.834219      2.411  37.216898    11.2516     8.5277      2.391    32.9557    25.1391 0.0000e+00
 167.834225      2.142  37.250622    11.2913     8.5939      2.124    32.9536    25.1302 0.0000e+00
 167.834230      1.868  37.280044    11.3424     8.6426      1.852    32.9370    25.1081 0.0000e+00
 167.834236      1.599  37.309100    11.3987     8.6927      1.586    32.9154    25.0812 0.0000e+00
 167.834242      1.346  37.344043    11.4522     8.6639      1.335    32.9022    25.0612 0.0000e+00
 167.834248      1.116  37.382171    11.4989     8.6900      1.107    32.8981    25.0495 0.0000e+00
 167.834253      0.914  37.417747    11.5360     8.6994      0.906    32.9000    25.0442 0.0000e+00
 167.834259      0.750  37.451152    11.5664     8.7002      0.744    32.9057    25.0431 0.0000e+00
 167.834265      0.622  37.494083    11.5952     8.6959      0.617    32.9222    25.0506 -9.990e-29
 167.834271      0.522  37.544431    11.6214     8.6871      0.518    32.9481    25.0660 -9.990e-29
 167.834277      0.443  37.582673    11.6375     8.6801      0.439    32.9712    25.0809 -9.990e-29
 167.834282      0.379  37.598139    11.6403     8.6746      0.376    32.9838    25.0902 -9.990e-29
 167.834288      0.328  37.599860    11.6369     8.6666      0.325    32.9886    25.0945 -9.990e-29
 167.834294      0.286  37.600778    11.6346     8.6629      0.284    32.9915    25.0973 -9.990e-29
 167.834300      0.250  37.602677    11.6353     8.6671      0.248    32.9928    25.0981 -9.990e-29
 167.834306      0.218  37.604728    11.6385     8.6664      0.216    32.9919    25.0969 -9.990e-29
 167.834311      0.188  37.609665    11.6407     8.6620      0.186    32.9948    25.0987 -9.990e-29
 167.834317      0.158  37.615665    11.6382     8.6056      0.157    33.0029    25.1054 -9.990e-29
 167.834323      0.122  37.616163    11.6340     8.4845      0.121    33.0072    25.1095 -9.990e-29
 167.834329      0.073  37.609581    11.6344     8.3492      0.072    33.0004    25.1042 -9.990e-29
 167.834334      0.013  37.601150    11.6388     8.6458      0.013    32.9883    25.0939 -9.990e-29
 167.834340     -0.055  37.596436    11.6408     9.8263     -0.055    32.9819    25.0886 -9.990e-29
 167.834346     -0.124  37.593636    11.6392     9.6187     -0.123    32.9806    25.0879 -9.990e-29
 167.834352     -0.193  37.587898    11.6374     9.0433     -0.191    32.9767    25.0852 -9.990e-29
 167.834358     -0.255  37.576616    11.6366     8.3525     -0.253    32.9664    25.0773 -9.990e-29
 167.834363     -0.312  37.554831    11.6366     7.5597     -0.309    32.9451    25.0608 -9.990e-29
 167.834369     -0.366  37.507503    11.6395     7.0326     -0.363    32.8964    25.0224 -9.990e-29
 167.834375     -0.416  37.379373    11.6472     6.6345     -0.413    32.7645    24.9186 -9.990e-29
 167.834381     -0.458  37.000159    11.6584     6.5037     -0.454    32.3851    24.6218 -9.990e-29
 167.834387     -0.490  35.867608    11.6707     6.4014     -0.486    31.2746    23.7573 -9.990e-29
 167.834392     -0.513  32.480057    11.6818     6.4086     -0.509    28.0091    21.2221 -9.990e-29
 167.834398     -0.530  24.751818    11.6903     6.3504     -0.526    20.7609    15.6085 -9.990e-29
 167.834404     -0.540  15.166174    11.6969     6.3907     -0.535    12.1675     8.9653 -9.990e-29
 167.834410     -0.545   9.321784    11.7030     6.4443     -0.540     7.1897     5.1161 -9.990e-29
 167.834416     -0.550   7.262765    11.7091     6.4657     -0.545     5.4975     3.8056 -9.990e-29
 167.834421     -0.559   6.329303    11.7159     6.5003     -0.554     4.7432     3.2204 -9.990e-29
 167.834427     -0.569   5.858304    11.7241     6.4351     -0.564     4.3657     2.9268 -9.990e-29
 167.834433     -0.575   5.690411    11.7345     6.4959     -0.570     4.2309     2.8210 -9.990e-29
 167.834439     -0.578   5.618940    11.7470     6.4334     -0.573     4.1727     2.7744 -9.990e-29
 167.834444     -0.578   5.397384    11.7592     6.4800     -0.573     3.9959     2.6359 -9.990e-29
 167.834450     -0.576   5.055540    11.7699     6.4939     -0.571     3.7253     2.4247 -9.990e-29
 167.834456     -0.571   4.721183    11.7820     6.4213     -0.566     3.4620     2.2190 -9.990e-29
 167.834462     -0.566   4.464714    11.7988     6.4368     -0.561     3.2605     2.0607 -9.990e-29
 167.834468     -0.567   4.151467    11.8189     6.4604     -0.562     3.0159     1.8685 -9.990e-29
 167.834473     -0.569   3.673730    11.8371     6.4735     -0.564     2.6471     1.5800 -9.990e-29
 167.834479     -0.568   3.229356    11.8513 -9.990e-29     -0.563     2.3077     1.3147 -9.990e-29
 167.834485     -0.563   2.950588    11.8636 -9.990e-29     -0.558     2.0965     1.1492 -9.990e-29
 167.834491     -0.555   2.942670    11.8775 -9.990e-29     -0.550     2.0897     1.1423 -9.990e-29
 167.834497     -0.547   3.349382    11.8957 -9.990e-29     -0.542     2.3959     1.3780 -9.990e-29
 167.834502     -0.542   3.849955    11.9177 -9.990e-29     -0.537     2.7762     1.6707 -9.990e-29
 167.834508     -0.537   3.946655    11.9434 -9.990e-29     -0.533     2.8485     1.7236 -9.990e-29
 167.834514     -0.526   3.930167    11.9716 -9.990e-29     -0.522     2.8337     1.7088 -9.990e-29
 167.834520     -0.514   4.044564    11.9951 -9.990e-29     -0.510     2.9196     1.7726 -9.990e-29
 167.834525     -0.508   3.926343    12.0043 -9.990e-29     -0.504     2.8283     1.7006 -9.990e-29
 167.834531     -0.507   3.598998 -9.990e-29 -9.990e-29     -0.503 -9.990e-29 -9.990e-29 -9.990e-29
