data/oxygen options/ONMS/Olympic_Coast_National_Marine_Sanctuary_CTD_Data_2005_2023/raw_data/2023/CAST_KL027_230601faed.cnv
* Sea-Bird SBE 19 Data File:
* FileName = C:\Users\OCNMS.Inst\Documents\2023 Mooring Data\Casts\CAST_KL027_230601.hex
* Software Version SeatermAF 2.1.4.55
* Temperature SN = 2997
* Conductivity SN = 2997
* System UpLoad Time = Jun 01 2023 21:32:03 (localtime) = Jun 01 2023 21:32:03 (UTC)
** CAST_KL027_230601
* ds
# nquan = 9                                 
# nvalues = 1199                        
# units = specified
# name 0 = timeJ: Julian Days
# name 1 = prSM: Pressure, Strain Gauge [db]
# name 2 = c0mS/cm: Conductivity [mS/cm]
# name 3 = t090C: Temperature [ITS-90, deg C]
# name 4 = sbeox0ML/L: Oxygen, SBE 43 [ml/l]
# name 5 = depSM: Depth [salt water, m], lat = 47.5
# name 6 = sal00: Salinity, Practical [PSU]
# name 7 = sigma-é00: Density [sigma-theta, kg/m^3]
# name 8 = flag: flag
# span 0 = 152.871343, 152.878275       
# span 1 =     -6.006,     27.016       
# span 2 =   0.369889,  36.670169       
# span 3 =     8.2225,    14.9718       
# span 4 =   -13.7463,    19.6980       
# span 5 =     -5.956,     26.789       
# span 6 =     0.2224,    33.3522       
# span 7 =    -0.7211,    25.9470       
# span 8 = 0.0000e+00, 0.0000e+00       
# interval = seconds: 0.5
# start_time = Jun 01 2023 20:54:44 [Instrument's time stamp, header]
# bad_flag = -9.990e-29
*END*
 152.871343     -6.006 -9.990e-29    14.5898    -1.8433     -5.956 -9.990e-29 -9.990e-29 -9.990e-29
 152.871348     -6.005   0.391527    14.5756    -1.8442     -5.955     0.2376    -0.6516 -9.990e-29
 152.871354     -6.004   0.390521    14.5662    -1.8440     -5.954     0.2370    -0.6507 -9.990e-29
 152.871360     -5.998   0.390091    14.5687    -1.8429     -5.948     0.2367    -0.6512 -9.990e-29
 152.871366     -5.983   0.390221    14.5779    -1.8416     -5.933     0.2367    -0.6526 -9.990e-29
 152.871372     -5.962   0.390159    14.5837    -1.8417     -5.912     0.2367    -0.6535 -9.990e-29
 152.871377     -5.938   0.389821    14.5800    -1.8410     -5.889     0.2365    -0.6531 -9.990e-29
 152.871383     -5.910   0.389498    14.5656    -1.8399     -5.861     0.2364    -0.6511 -9.990e-29
 152.871389     -5.876   0.389312    14.5435    -1.8396     -5.827     0.2364    -0.6478 -9.990e-29
 152.871395     -5.837   0.389201    14.5215    -1.8400     -5.788     0.2364    -0.6446 -9.990e-29
 152.871400     -5.800   0.389020    14.5085    -1.8398     -5.752     0.2364    -0.6427 -9.990e-29
 152.871406     -5.767   0.388526    14.5106    -1.8396     -5.719     0.2361    -0.6432 -9.990e-29
 152.871412     -5.736   0.387617    14.5261    -1.8403     -5.688     0.2354    -0.6460 -9.990e-29
 152.871418     -5.705   0.386744    14.5444    -1.8400     -5.657     0.2348    -0.6492 -9.990e-29
 152.871424     -5.672   0.386409    14.5596    -1.8390     -5.625     0.2345    -0.6516 -9.990e-29
 152.871429     -5.634   0.386167    14.5759    -1.8388     -5.587     0.2342    -0.6542 -9.990e-29
 152.871435     -5.594   0.385140    14.5918    -1.8393     -5.547     0.2335    -0.6571 -9.990e-29
 152.871441     -5.558   0.383622    14.6000    -1.8387     -5.512     0.2325    -0.6591 -9.990e-29
 152.871447     -5.527   0.382918    14.6017    -1.8388     -5.481     0.2321    -0.6597 -9.990e-29
 152.871453     -5.500   0.383757    14.6025    -1.8380     -5.454     0.2326    -0.6594 -9.990e-29
 152.871458     -5.475   0.385592    14.6023    -1.8373     -5.429     0.2337    -0.6585 -9.990e-29
 152.871464     -5.450   0.386989    14.6017    -1.8385     -5.405     0.2346    -0.6577 -9.990e-29
 152.871470     -5.424   0.387038    14.6068    -1.8397     -5.379     0.2346    -0.6584 -9.990e-29
 152.871476     -5.395   0.386361    14.6167    -1.8413     -5.350     0.2341    -0.6603 -9.990e-29
 152.871481     -5.361   0.385718    14.6232    -1.8420     -5.316     0.2337    -0.6616 -9.990e-29
 152.871487     -5.325   0.384808    14.6263    -1.8407     -5.281     0.2331    -0.6625 -9.990e-29
 152.871493     -5.292   0.383526    14.6307    -1.8392     -5.248     0.2323    -0.6638 -9.990e-29
 152.871499     -5.265   0.382939    14.6370    -1.8377     -5.221     0.2319    -0.6650 -9.990e-29
 152.871505     -5.242   0.383927    14.6446    -1.8363     -5.198     0.2325    -0.6657 -9.990e-29
 152.871510     -5.222   0.385589    14.6454    -1.8350     -5.178     0.2335    -0.6650 -9.990e-29
 152.871516     -5.203   0.386260    14.6314    -1.8341     -5.160     0.2340    -0.6625 -9.990e-29
 152.871522     -5.185   0.385727    14.6074    -1.8338     -5.142     0.2338    -0.6592 -9.990e-29
 152.871528     -5.165   0.384943    14.5853    -1.8335     -5.122     0.2334    -0.6562 -9.990e-29
 152.871534     -5.143   0.384529    14.5789    -1.8346     -5.100     0.2332    -0.6554 -9.990e-29
 152.871539     -5.118   0.384487    14.5945    -1.8363     -5.075     0.2331    -0.6578 -9.990e-29
 152.871545     -5.087   0.384763    14.6245    -1.8378     -5.045     0.2331    -0.6622 -9.990e-29
 152.871551     -5.053   0.385171    14.6590    -1.8377     -5.011     0.2332    -0.6672 -9.990e-29
 152.871557     -5.022   0.385146    14.6922    -1.8371     -4.980     0.2329    -0.6723 -9.990e-29
 152.871563     -4.997   0.384653    14.7208    -1.8352     -4.955     0.2325    -0.6769 -9.990e-29
 152.871568     -4.973   0.384145    14.7415    -1.8345     -4.932     0.2321    -0.6803 -9.990e-29
 152.871574     -4.942   0.383500    14.7522    -1.8334     -4.901     0.2316    -0.6822 -9.990e-29
 152.871580     -4.908   0.382415    14.7497    -1.8322     -4.867     0.2309    -0.6824 -9.990e-29
 152.871586     -4.872   0.381108    14.7316    -1.8309     -4.831     0.2302    -0.6802 -9.990e-29
 152.871591     -4.837   0.380054    14.7043    -1.8302     -4.797     0.2297    -0.6766 -9.990e-29
 152.871597     -4.808   0.379514    14.6832    -1.8300     -4.768     0.2295    -0.6736 -9.990e-29
 152.871603     -4.785   0.379322    14.6798    -1.8299     -4.745     0.2294    -0.6732 -9.990e-29
 152.871609     -4.761   0.379224    14.6950    -1.8295     -4.721     0.2293    -0.6756 -9.990e-29
 152.871615     -4.739   0.379087    14.7208    -1.8290     -4.700     0.2290    -0.6796 -9.990e-29
 152.871620     -4.722   0.378732    14.7476    -1.8280     -4.683     0.2287    -0.6838 -9.990e-29
 152.871626     -4.709   0.378239    14.7742    -1.8273     -4.670     0.2282    -0.6881 -9.990e-29
 152.871632     -4.698   0.378063    14.8022    -1.8268     -4.659     0.2280    -0.6925 -9.990e-29
 152.871638     -4.686   0.377969    14.8284    -1.8268     -4.647     0.2278    -0.6966 -9.990e-29
 152.871644     -4.663   0.377279    14.8481    -1.8266     -4.624     0.2272    -0.6999 -9.990e-29
 152.871649     -4.630   0.376183    14.8600    -1.8260     -4.591     0.2265    -0.7023 -9.990e-29
 152.871655     -4.601   0.375436    14.8688    -1.8255     -4.563     0.2260    -0.7040 -9.990e-29
 152.871661     -4.571   0.375707    14.8795    -1.8254     -4.533     0.2261    -0.7055 -9.990e-29
 152.871667     -4.536   0.376805    14.8945    -1.8265     -4.498     0.2267    -0.7073 -9.990e-29
 152.871672     -4.497   0.377423    14.9125    -1.8280     -4.460     0.2270    -0.7098 -9.990e-29
 152.871678     -4.461   0.376720    14.9290    -1.8284     -4.424     0.2264    -0.7127 -9.990e-29
 152.871684     -4.429   0.375424    14.9407    -1.8292     -4.392     0.2256    -0.7151 -9.990e-29
 152.871690     -4.399   0.374581    14.9485    -1.8302     -4.362     0.2250    -0.7167 -9.990e-29
 152.871696     -4.370   0.374177    14.9565    -1.8299     -4.334     0.2247    -0.7181 -9.990e-29
 152.871701     -4.339   0.373673    14.9657    -1.8301     -4.303     0.2244    -0.7198 -9.990e-29
 152.871707     -4.305   0.372953    14.9718    -1.8309     -4.269     0.2239    -0.7211 -9.990e-29
 152.871713     -4.269   0.372166    14.9677    -1.8300     -4.233     0.2234    -0.7208 -9.990e-29
 152.871719     -4.239   0.371371    14.9502    -1.8300     -4.204     0.2230    -0.7185 -9.990e-29
 152.871725     -4.216   0.370620    14.9271    -1.8306     -4.181     0.2227    -0.7153 -9.990e-29
 152.871730     -4.198   0.370022    14.9066    -1.8305     -4.163     0.2224    -0.7124 -9.990e-29
 152.871736     -4.186   0.369889    14.8880    -1.8306     -4.151     0.2225    -0.7096 -9.990e-29
 152.871742     -4.177   0.370600    14.8728    -1.8311     -4.142     0.2230    -0.7069 -9.990e-29
 152.871748     -4.172   0.372548    14.8630    -1.8320     -4.137     0.2242    -0.7045 -9.990e-29
 152.871753     -4.166   0.376667    14.8523    -1.8321     -4.131     0.2268    -0.7008 -9.990e-29
 152.871759     -4.154   0.386786    14.8357    -1.8325     -4.119     0.2332    -0.6935 -9.990e-29
 152.871765     -4.140   0.415289    14.8166    -1.8336     -4.105     0.2509    -0.6769 -9.990e-29
 152.871771     -4.127   0.488534    14.7997    -1.8347     -4.093     0.2966    -0.6389 -9.990e-29
 152.871777     -4.114   0.601575    14.7872    -1.8358     -4.080     0.3678    -0.5819 -9.990e-29
 152.871782     -4.101   0.693816    14.7762    -1.8370     -4.067     0.4265    -0.5348 -9.990e-29
 152.871788     -4.086   0.740708    14.7615    -1.8383     -4.052     0.4566    -0.5093 -9.990e-29
 152.871794     -4.069   0.778149    14.7417    -1.8394     -4.035     0.4808    -0.4876 -9.990e-29
 152.871800     -4.049   0.824444    14.7197    -1.8394     -4.015     0.5108    -0.4611 -9.990e-29
 152.871806     -4.028   0.871982    14.6985    -1.8390     -3.994     0.5418    -0.4340 -9.990e-29
 152.871811     -4.009   0.919799    14.6779    -1.8384     -3.976     0.5731    -0.4067 -9.990e-29
 152.871817     -3.988   0.965081    14.6559    -1.8381     -3.955     0.6028    -0.3804 -9.990e-29
 152.871823     -3.962   0.992205    14.6323    -1.8380     -3.929     0.6209    -0.3630 -9.990e-29
 152.871829     -3.939   0.994066    14.6072    -1.8379     -3.906     0.6225    -0.3580 -9.990e-29
 152.871834     -3.922   0.981469    14.5815    -1.8385     -3.889     0.6146    -0.3603 -9.990e-29
 152.871840     -3.904   0.965356    14.5583    -1.8380     -3.871     0.6045    -0.3647 -9.990e-29
 152.871846     -3.881   0.947545    14.5427    -1.8377     -3.849     0.5931    -0.3713 -9.990e-29
 152.871852     -3.855   0.928145    14.5394    -1.8381     -3.823     0.5805    -0.3805 -9.990e-29
 152.871858     -3.830   0.910691    14.5467    -1.8388     -3.798     0.5690    -0.3905 -9.990e-29
 152.871863     -3.803   0.896878    14.5585    -1.8403     -3.771     0.5599    -0.3993 -9.990e-29
 152.871869     -3.772   0.883822    14.5690    -1.8422     -3.741     0.5512    -0.4075 -9.990e-29
 152.871875     -3.741   0.868538    14.5758    -1.8431     -3.710     0.5412    -0.4163 -9.990e-29
 152.871881     -3.715   0.851173    14.5787    -1.8434     -3.684     0.5299    -0.4254 -9.990e-29
 152.871887     -3.694   0.833539    14.5800    -1.8441     -3.663     0.5185    -0.4345 -9.990e-29
 152.871892     -3.671   0.817641    14.5826    -1.8442     -3.640     0.5082    -0.4429 -9.990e-29
 152.871898     -3.649   0.806691    14.5831    -1.8463     -3.619     0.5011    -0.4484 -9.990e-29
 152.871904     -3.631   0.801069    14.5757    -1.8489     -3.601     0.4976    -0.4501 -9.990e-29
 152.871910     -3.616   0.795496    14.5582    -1.8518     -3.586     0.4942    -0.4501 -9.990e-29
 152.871916     -3.603   0.784762    14.5313    -1.8532     -3.573     0.4876    -0.4513 -9.990e-29
 152.871921     -3.592   0.768426    14.5015    -1.8545     -3.562     0.4774    -0.4548 -9.990e-29
 152.871927     -3.581   0.750221    14.4773    -1.8549     -3.551     0.4659    -0.4602 -9.990e-29
 152.871933     -3.569   0.735274    14.4593    -1.8546     -3.539     0.4565    -0.4648 -9.990e-29
 152.871939     -3.557   0.726956    14.4426    -1.8547     -3.527     0.4513    -0.4664 -9.990e-29
 152.871944     -3.543   0.723051    14.4188    -1.8563     -3.513     0.4491    -0.4647 -9.990e-29
 152.871950     -3.527   0.717800    14.3789    -1.8591     -3.498     0.4461    -0.4612 -9.990e-29
 152.871956     -3.511   0.709193    14.3253    -1.8622     -3.482     0.4412    -0.4573 -9.990e-29
 152.871962     -3.498   0.700178    14.2718    -1.8656     -3.469     0.4360    -0.4537 -9.990e-29
 152.871968     -3.485   0.694820    14.2300    -1.8690     -3.456     0.4329    -0.4501 -9.990e-29
 152.871973     -3.466   0.693743    14.2023    -1.8718     -3.437     0.4325    -0.4464 -9.990e-29
 152.871979     -3.443   0.693293    14.1875    -1.8738     -3.414     0.4324    -0.4444 -9.990e-29
 152.871985     -3.424   0.690096    14.1791    -1.8755     -3.395     0.4304    -0.4448 -9.990e-29
 152.871991     -3.408   0.683774    14.1626    -1.8776     -3.380     0.4265    -0.4455 -9.990e-29
 152.871997     -3.389   0.675883    14.1257    -1.8789     -3.361     0.4218    -0.4439 -9.990e-29
 152.872002     -3.370   0.668104    14.0679    -1.8798     -3.342     0.4174    -0.4392 -9.990e-29
 152.872008     -3.355   0.661159    13.9971    -1.8808     -3.327     0.4136    -0.4321 -9.990e-29
 152.872014     -3.343   0.655219    13.9207    -1.8817     -3.315     0.4106    -0.4239 -9.990e-29
 152.872020     -3.333   0.650684    13.8464    -1.8825     -3.305     0.4084    -0.4153 -9.990e-29
 152.872025     -3.323   0.647611    13.7816    -1.8833     -3.295     0.4070    -0.4074 -9.990e-29
 152.872031     -3.314   0.644122    13.7280    -1.8848     -3.286     0.4053    -0.4014 -9.990e-29
 152.872037     -3.305   0.638336    13.6810    -1.8860     -3.277     0.4020    -0.3976 -9.990e-29
 152.872043     -3.295   0.632525    13.6382    -1.8866     -3.268     0.3986    -0.3944 -9.990e-29
 152.872049     -3.284   0.630590    13.6029    -1.8874     -3.257     0.3977    -0.3903 -9.990e-29
 152.872054     -3.272   0.632169    13.5756    -1.8881     -3.245     0.3990    -0.3856 -9.990e-29
 152.872060     -3.256   0.632713    13.5524    -1.8893     -3.229     0.3996    -0.3820 -9.990e-29
 152.872066     -3.236   0.629437    13.5308    -1.8905     -3.209     0.3977    -0.3806 -9.990e-29
 152.872072     -3.212   0.624079    13.5092    -1.8906     -3.185     0.3944    -0.3803 -9.990e-29
 152.872078     -3.185   0.619849    13.4853    -1.8901     -3.158     0.3919    -0.3790 -9.990e-29
 152.872083     -3.163   0.618312    13.4590    -1.8897     -3.137     0.3911    -0.3761 -9.990e-29
 152.872089     -3.144   0.617784    13.4351    -1.8891     -3.118     0.3910    -0.3730 -9.990e-29
 152.872095     -3.123   0.614787    13.4155    -1.8874     -3.097     0.3892    -0.3718 -9.990e-29
 152.872101     -3.103   0.608097    13.3966    -1.8876     -3.077     0.3850    -0.3725 -9.990e-29
 152.872106     -3.086   0.600994    13.3748    -1.8889     -3.060     0.3806    -0.3731 -9.990e-29
 152.872112     -3.072   0.598426    13.3496    -1.8902     -3.046     0.3792    -0.3709 -9.990e-29
 152.872118     -3.059   0.604178    13.3236    -1.8915     -3.033     0.3832    -0.3643 -9.990e-29
 152.872124     -3.047   0.623145    13.2996    -1.8925     -3.022     0.3959    -0.3513 -9.990e-29
 152.872130     -3.036   0.671741    13.2800    -1.8931     -3.011     0.4282    -0.3236 -9.990e-29
 152.872135     -3.024   0.768168    13.2671    -1.8937     -2.999     0.4923    -0.2721 -9.990e-29
 152.872141     -3.015   0.895669    13.2577    -1.8940     -2.990     0.5778    -0.2044 -9.990e-29
 152.872147     -3.012   1.019560    13.2462    -1.8943     -2.987     0.6615    -0.1378 -9.990e-29
 152.872153     -3.012   1.147486    13.2320    -1.8953     -2.987     0.7488    -0.0682 -9.990e-29
 152.872159     -3.009   1.274145    13.2164    -1.8962     -2.984     0.8358     0.0015 -9.990e-29
 152.872164     -3.005   1.338162    13.2005    -1.8967     -2.980     0.8802     0.0380 -9.990e-29
 152.872170     -2.997   1.325025    13.1863    -1.8968     -2.972     0.8715     0.0331 -9.990e-29
 152.872176     -2.987   1.274365    13.1756    -1.8977     -2.962     0.8368     0.0076 -9.990e-29
 152.872182     -2.973   1.212403    13.1679    -1.8977     -2.948     0.7944    -0.0243 -9.990e-29
 152.872188     -2.955   1.151952    13.1606    -1.8970     -2.930     0.7532    -0.0554 -9.990e-29
 152.872193     -2.935   1.102843    13.1528    -1.8970     -2.911     0.7198    -0.0803 -9.990e-29
 152.872199     -2.916   1.070610    13.1441    -1.8976     -2.892     0.6980    -0.0961 -9.990e-29
 152.872205     -2.898   1.049445    13.1331    -1.8983     -2.874     0.6838    -0.1057 -9.990e-29
 152.872211     -2.880   1.026103    13.1220    -1.8987     -2.856     0.6681    -0.1165 -9.990e-29
 152.872216     -2.859   0.997200    13.1139    -1.8991     -2.835     0.6486    -0.1306 -9.990e-29
 152.872222     -2.839   0.970241    13.1080    -1.8985     -2.815     0.6304    -0.1439 -9.990e-29
 152.872228     -2.824   0.948114    13.1034    -1.8978     -2.800     0.6155    -0.1549 -9.990e-29
 152.872234     -2.811   0.926831    13.1036    -1.8981     -2.788     0.6011    -0.1662 -9.990e-29
 152.872240     -2.801   0.906307    13.1073    -1.8983     -2.778     0.5872    -0.1775 -9.990e-29
 152.872245     -2.792   0.891903    13.1075    -1.8979     -2.769     0.5775    -0.1850 -9.990e-29
 152.872251     -2.784   0.883830    13.1019    -1.8982     -2.761     0.5721    -0.1885 -9.990e-29
 152.872257     -2.776   0.875759    13.0940    -1.8985     -2.753     0.5668    -0.1916 -9.990e-29
 152.872263     -2.769   0.863583    13.0882    -1.8992     -2.746     0.5586    -0.1972 -9.990e-29
