data/oxygen options/ONMS/Olympic_Coast_National_Marine_Sanctuary_CTD_Data_2005_2023/raw_data/2023/CAST_CA015_230526faed.cnv
* Sea-Bird SBE 19 Data File:
* FileName = C:\Users\OCNMS.Inst\Documents\2023 Mooring Data\Casts\CAST_CA015_230526.hex
* Software Version SeatermAF 2.1.4.55
* Temperature SN = 2997
* Conductivity SN = 2997
* System UpLoad Time = May 26 2023 20:44:44 (localtime) = May 26 2023 20:44:44 (UTC)
** CAST_CA015_230526
* ds
# nquan = 9                                 
# nvalues = 853                         
# units = specified
# name 0 = timeJ: Julian Days
# name 1 = prSM: Pressure, Strain Gauge [db]
# name 2 = c0mS/cm: Conductivity [mS/cm]
# name 3 = t090C: Temperature [ITS-90, deg C]
# name 4 = sbeox0ML/L: Oxygen, SBE 43 [ml/l]
# name 5 = depSM: Depth [salt water, m], lat = 47.5
# name 6 = sal00: Salinity, Practical [PSU]
# name 7 = sigma-é00: Density [sigma-theta, kg/m^3]
# name 8 = flag: flag
# span 0 = 146.854549, 146.859479       
# span 1 =     -6.240,      9.412       
# span 2 =   0.211039,  36.911797       
# span 3 =     8.4265,    15.4102       
# span 4 =    -1.8467,    19.0872       
# span 5 =     -6.188,      9.333       
# span 6 =     0.1250,    33.0759       
# span 7 =    -0.8646,    25.6987       
# span 8 = 0.0000e+00, 0.0000e+00       
# interval = seconds: 0.5
# start_time = May 26 2023 20:30:33 [Instrument's time stamp, header]
# bad_flag = -9.990e-29
*END*
[from data line 481]
 146.857332     -0.179  36.338033    11.0156     8.7737     -0.178    32.2988    24.6700 -9.990e-29
 146.857338     -0.189  36.322548    11.0324     8.7540     -0.187    32.2688    24.6437 -9.990e-29
 146.857344     -0.179  36.282246    11.0448     8.7382     -0.178    32.2181    24.6021 -9.990e-29
 146.857350     -0.159  36.237350    11.0517     8.7155     -0.158    32.1677    24.5617 -9.990e-29
 146.857355     -0.139  36.209235    11.0576     8.7029     -0.138    32.1348    24.5350 -9.990e-29
 146.857361     -0.127  36.196271    11.0659     8.6949     -0.126    32.1148    24.5180 -9.990e-29
 146.857367     -0.127  36.194615    11.0783     8.6600     -0.126    32.1023    24.5061 -9.990e-29
 146.857373     -0.133  36.202613    11.0918     8.5993     -0.132    32.0984    24.5007 -9.990e-29
 146.857378     -0.143  36.211875    11.1025     8.5572     -0.142    32.0982    24.4986 -9.990e-29
 146.857384     -0.153  36.217381    11.1095     8.5213     -0.152    32.0975    24.4969 -9.990e-29
 146.857390     -0.159  36.219184    11.1124     8.4747     -0.158    32.0968    24.4958 -9.990e-29
 146.857396     -0.161  36.217441    11.1102     8.4689     -0.160    32.0970    24.4963 -9.990e-29
 146.857402     -0.155  36.210379    11.0990     8.4196     -0.154    32.0998    24.5005 -9.990e-29
 146.857407     -0.137  36.188013    11.0675     8.4801     -0.136    32.1052    24.5103 -9.990e-29
 146.857413     -0.109  36.133396    11.0158     8.5543     -0.108    32.0965    24.5126 -9.990e-29
 146.857419     -0.083  36.059389    10.9754     8.5864     -0.082    32.0587    24.4902 -9.990e-29
 146.857425     -0.071  36.026367    10.9696     8.5898     -0.070    32.0311    24.4698 -9.990e-29
 146.857431     -0.074  36.044610    10.9826     8.5035     -0.073    32.0378    24.4727 -9.990e-29
 146.857436     -0.090  36.062251    10.9969     8.4840     -0.089    32.0427    24.4741 -9.990e-29
 146.857442     -0.106  36.075919    11.0101     8.4762     -0.105    32.0447    24.4733 -9.990e-29
 146.857448     -0.112  36.102712    11.0215     8.4621     -0.111    32.0612    24.4841 -9.990e-29
 146.857454     -0.106  36.131299    11.0258     8.4649     -0.105    32.0857    24.5024 -9.990e-29
 146.857459     -0.097  36.143779    11.0056     8.4800     -0.096    32.1157    24.5293 -9.990e-29
 146.857465     -0.086  36.118139    10.9481     8.4886     -0.085    32.1407    24.5588 -9.990e-29
 146.857471     -0.066  36.056589    10.8775     8.5105     -0.065    32.1416    24.5719 -9.990e-29
 146.857477     -0.044  35.997472    10.8351     8.5249     -0.044    32.1202    24.5626 -9.990e-29
 146.857483     -0.034  35.975643    10.8362     8.5172     -0.034    32.0976    24.5448 -9.990e-29
 146.857488     -0.037  35.991653    10.8674     8.5173     -0.037    32.0861    24.5304 -9.990e-29
 146.857494     -0.051  36.020907    10.9072     8.5128     -0.051    32.0803    24.5189 -9.990e-29
 146.857500     -0.066  36.050872    10.9421     8.4952     -0.065    32.0794    24.5122 -9.990e-29
 146.857506     -0.081  36.076695    10.9647     8.4780     -0.080    32.0852    24.5127 -9.990e-29
 146.857512     -0.096  36.089676    10.9712     8.4616     -0.095    32.0923    24.5171 -9.990e-29
 146.857517     -0.107  36.090316    10.9623     8.4623     -0.106    32.1007    24.5252 -9.990e-29
 146.857523     -0.108  36.078343    10.9402     8.4598     -0.107    32.1082    24.5349 -9.990e-29
 146.857529     -0.097  36.056830    10.9111     8.4636     -0.096    32.1124    24.5433 -9.990e-29
 146.857535     -0.082  36.031805    10.8792     8.4749     -0.081    32.1156    24.5513 -9.990e-29
 146.857541     -0.068  36.004054    10.8488     8.4891     -0.067    32.1147    24.5559 -9.990e-29
 146.857546     -0.057  35.983047    10.8303     8.5041     -0.057    32.1101    24.5556 -9.990e-29
 146.857552     -0.057  35.979408    10.8290     8.5092     -0.057    32.1077    24.5539 -9.990e-29
 146.857558     -0.069  35.988827    10.8392     8.5019     -0.068    32.1081    24.5524 -9.990e-29
 146.857564     -0.079  36.002006    10.8496     8.4927     -0.078    32.1120    24.5537 -9.990e-29
 146.857569     -0.082  36.011867    10.8519     8.4945     -0.081    32.1198    24.5593 -9.990e-29
 146.857575     -0.079  36.015307    10.8516     8.4997     -0.078    32.1234    24.5622 -9.990e-29
 146.857581     -0.077  36.018027    10.8561     8.5183     -0.076    32.1222    24.5605 -9.990e-29
 146.857587     -0.074  36.022523    10.8608     8.4985     -0.073    32.1225    24.5599 -9.990e-29
 146.857593     -0.071  36.026936    10.8621     8.5311     -0.070    32.1258    24.5622 -9.990e-29
 146.857598     -0.072  36.029862    10.8651     8.5357     -0.071    32.1260    24.5619 -9.990e-29
 146.857604     -0.080  36.029594    10.8741     8.5442     -0.079    32.1179    24.5540 -9.990e-29
 146.857610     -0.092  36.031365    10.8892     8.5257     -0.091    32.1064    24.5424 -9.990e-29
 146.857616     -0.106  36.040327    10.9067     8.4655     -0.105    32.0999    24.5343 -9.990e-29
 146.857622     -0.116  36.051057    10.9188     8.4837     -0.115    32.1000    24.5322 -9.990e-29
 146.857627     -0.116  36.051531    10.9205     8.5128     -0.115    32.0990    24.5312 -9.990e-29
 146.857633     -0.105  36.044617    10.9165     8.5082     -0.104    32.0956    24.5293 -9.990e-29
 146.857639     -0.095  36.041812    10.9133     8.5244     -0.094    32.0956    24.5298 -9.990e-29
 146.857645     -0.095  36.039926    10.9112     8.4878     -0.094    32.0956    24.5302 -9.990e-29
 146.857650     -0.100  36.035312    10.9064     8.4865     -0.099    32.0952    24.5307 -9.990e-29
 146.857656     -0.102  36.026849    10.8965     8.4970     -0.101    32.0955    24.5327 -9.990e-29
 146.857662     -0.096  36.015566    10.8863     8.5007     -0.095    32.0933    24.5327 -9.990e-29
 146.857668     -0.088  36.013853    10.8820     8.5030     -0.087    32.0954    24.5351 -9.990e-29
 146.857674     -0.079  36.024457    10.8820     8.5046     -0.078    32.1059    24.5432 -9.990e-29
 146.857679     -0.071  36.034058    10.8828     8.5052     -0.070    32.1147    24.5500 -9.990e-29
 146.857685     -0.061  36.036964    10.8841     8.5107     -0.060    32.1164    24.5511 -9.990e-29
 146.857691     -0.055  36.035361    10.8868     8.4991     -0.055    32.1124    24.5475 -9.990e-29
 146.857697     -0.056  36.032704    10.8907     8.4989     -0.056    32.1064    24.5421 -9.990e-29
 146.857703     -0.059  36.032719    10.8938     8.5125     -0.059    32.1037    24.5395 -9.990e-29
 146.857708     -0.056  36.033740    10.8970     8.5155     -0.056    32.1019    24.5376 -9.990e-29
 146.857714     -0.044  36.037680    10.9028     8.5071     -0.044    32.1007    24.5356 -9.990e-29
 146.857720     -0.024  36.045302    10.9083     8.5126     -0.024    32.1034    24.5368 -9.990e-29
 146.857726     -0.006  36.048836    10.9102     8.5100     -0.006    32.1053    24.5379 -9.990e-29
 146.857731      0.005  36.048503    10.9097     8.5268      0.005    32.1054    24.5380 -9.990e-29
 146.857737      0.008  36.049452    10.9098     8.5245      0.008    32.1062    24.5387 -9.990e-29
 146.857743      0.013  36.051258    10.9121     8.5318      0.013    32.1060    24.5381 -9.990e-29
 146.857749      0.020  36.054080    10.9157     8.5404      0.020    32.1056    24.5372 -9.990e-29
 146.857755      0.020  36.057188    10.9182     8.5442      0.020    32.1065    24.5374 -9.990e-29
 146.857760      0.010  36.057998    10.9185     8.5459      0.010    32.1071    24.5378 -9.990e-29
 146.857766     -0.008  36.057019    10.9168     8.5297     -0.008    32.1076    24.5385 -9.990e-29
 146.857772     -0.025  36.054057    10.9135     8.5238     -0.025    32.1075    24.5391 -9.990e-29
 146.857778     -0.039  36.049077    10.9108     8.5435     -0.039    32.1050    24.5375 -9.990e-29
 146.857784     -0.049  36.046629    10.9117     8.5384     -0.049    32.1018    24.5349 -9.990e-29
 146.857789     -0.058  36.047920    10.9144     8.5313     -0.058    32.1007    24.5336 -9.990e-29
 146.857795     -0.065  36.048500    10.9144     8.5166     -0.064    32.1013    24.5340 -9.990e-29
 146.857801     -0.071  36.045212    10.9119     8.4654     -0.070    32.1002    24.5336 -9.990e-29
 146.857807     -0.076  36.038143    10.9094     8.4983     -0.075    32.0954    24.5303 -9.990e-29
 146.857812     -0.081  36.032421    10.9086     8.5197     -0.080    32.0904    24.5266 -9.990e-29
 146.857818     -0.086  36.032170    10.9086     8.5316     -0.085    32.0902    24.5264 -9.990e-29
 146.857824     -0.091  36.034244    10.9058     8.5516     -0.090    32.0947    24.5304 -9.990e-29
 146.857830     -0.097  36.034118    10.8989     8.5071     -0.096    32.1006    24.5362 -9.990e-29
 146.857836     -0.095  36.030494    10.8920     8.4922     -0.094    32.1031    24.5393 -9.990e-29
 146.857841     -0.081  36.026370    10.8894     8.4780     -0.080    32.1013    24.5384 -9.990e-29
 146.857847     -0.072  36.025761    10.8910     8.4632     -0.071    32.0993    24.5365 -9.990e-29
 146.857853     -0.074  36.027842    10.8938     8.4734     -0.073    32.0989    24.5358 -9.990e-29
 146.857859     -0.076  36.029214    10.8947     8.4722     -0.075    32.0994    24.5360 -9.990e-29
 146.857865     -0.065  36.027780    10.8894     8.4874     -0.064    32.1027    24.5395 -9.990e-29
 146.857870     -0.040  36.021057    10.8768     8.5089     -0.040    32.1070    24.5451 -9.990e-29
 146.857876     -0.013  36.009036    10.8635     8.5200     -0.013    32.1068    24.5472 -9.990e-29
 146.857882      0.006  35.998081    10.8557     8.5158      0.006    32.1027    24.5454 -9.990e-29
 146.857888      0.014  35.994297    10.8520     8.5065      0.014    32.1022    24.5456 -9.990e-29
 146.857894      0.011  35.995986    10.8503     8.4969      0.011    32.1054    24.5484 -9.990e-29
 146.857899      0.000  35.999789    10.8513     8.5169      0.000    32.1083    24.5505 -9.990e-29
 146.857905     -0.009  36.005164    10.8546     8.5313     -0.009    32.1107    24.5518 -9.990e-29
 146.857911     -0.014  36.010308    10.8580     8.5329     -0.014    32.1128    24.5529 -9.990e-29
 146.857917     -0.015  36.013107    10.8606     8.5208     -0.015    32.1133    24.5528 -9.990e-29
 146.857922     -0.011  36.013926    10.8633     8.5217     -0.011    32.1118    24.5511 -9.990e-29
 146.857928     -0.003  36.014967    10.8667     8.5216     -0.003    32.1098    24.5490 -9.990e-29
 146.857934      0.010  36.017610    10.8707     8.5287      0.010    32.1089    24.5476 -9.990e-29
 146.857940      0.024  36.021449    10.8757     8.5222      0.024    32.1084    24.5463 -9.990e-29
 146.857946      0.033  36.026551    10.8810     8.5065      0.033    32.1088    24.5457 -9.990e-29
 146.857951      0.031  36.031308    10.8841     8.5090      0.031    32.1108    24.5467 -9.990e-29
 146.857957      0.020  36.032532    10.8856     8.5186      0.020    32.1107    24.5464 -9.990e-29
 146.857963      0.002  36.031845    10.8869     8.4943      0.002    32.1088    24.5447 -9.990e-29
 146.857969     -0.014  36.031685    10.8884     8.4789     -0.014    32.1074    24.5433 -9.990e-29
 146.857975     -0.027  36.031829    10.8900     8.4811     -0.027    32.1061    24.5421 -9.990e-29
 146.857980     -0.035  36.033022    10.8922     8.5200     -0.035    32.1054    24.5411 -9.990e-29
 146.857986     -0.041  36.035722    10.8965     8.5347     -0.041    32.1043    24.5395 -9.990e-29
 146.857992     -0.040  36.040720    10.9037     8.5988     -0.040    32.1029    24.5372 -9.990e-29
 146.857998     -0.032  36.047950    10.9136     8.6373     -0.032    32.1014    24.5343 -9.990e-29
 146.858003     -0.030  36.054159    10.9288     8.6652     -0.030    32.0943    24.5261 -9.990e-29
 146.858009     -0.041  36.060338    10.9556     8.6731     -0.041    32.0769    24.5079 -9.990e-29
 146.858015     -0.054  36.074714    11.0003     8.6147     -0.054    32.0521    24.4807 -9.990e-29
 146.858021     -0.052  36.110287    11.0522     8.6480     -0.052    32.0419    24.4637 -9.990e-29
 146.858027     -0.040  36.164075    11.0848     8.6459     -0.040    32.0665    24.4771 -9.990e-29
 146.858032     -0.025  36.199690    11.0944     8.6629     -0.025    32.0932    24.4962 -9.990e-29
 146.858038     -0.007  36.199089    11.0978     8.6587     -0.007    32.0896    24.4928 -9.990e-29
 146.858044      0.016  36.188351    11.1014     8.6418      0.016    32.0759    24.4815 -9.990e-29
 146.858050      0.041  36.186195    11.1024     8.6570      0.041    32.0729    24.4790 -9.990e-29
 146.858056      0.062  36.189728    11.1002     8.6498      0.061    32.0783    24.4836 -9.990e-29
 146.858061      0.074  36.194633    11.0982     8.6737      0.073    32.0849    24.4890 -9.990e-29
 146.858067      0.079  36.196704    11.0994     8.6845      0.078    32.0858    24.4896 -9.990e-29
 146.858073      0.076  36.197477    11.1055     8.6652      0.075    32.0813    24.4850 -9.990e-29
 146.858079      0.071  36.204613    11.1170     8.6407      0.070    32.0783    24.4806 -9.990e-29
 146.858084      0.072  36.220249    11.1333     8.6045      0.071    32.0795    24.4786 -9.990e-29
 146.858090      0.082  36.242738    11.1514     8.5851      0.081    32.0858    24.4804 -9.990e-29
 146.858096      0.099  36.262762    11.1648     8.5981      0.098    32.0938    24.4842 -9.990e-29
 146.858102      0.114  36.269961    11.1719     8.6031      0.113    32.0947    24.4837 -9.990e-29
 146.858108      0.124  36.269363    11.1734     8.6002      0.123    32.0928    24.4819 -9.990e-29
 146.858113      0.130  36.265679    11.1605     8.6022      0.129    32.1004    24.4901 -9.990e-29
 146.858119      0.137  36.244384    11.1337     8.5947      0.136    32.1029    24.4968 -9.990e-29
 146.858125      0.145  36.209477    11.1130     8.5953      0.144    32.0865    24.4877 -9.990e-29
 146.858131      0.142  36.192181    11.1072     8.6098      0.141    32.0746    24.4794 -9.990e-29
 146.858137      0.123  36.195660    11.1077     8.5998      0.122    32.0776    24.4817 -9.990e-29
 146.858142      0.099  36.203730    11.1085     8.6032      0.098    32.0848    24.4872 -9.990e-29
 146.858148      0.083  36.211934    11.1108     8.6166      0.082    32.0909    24.4915 -9.990e-29
 146.858154      0.078  36.219917    11.1150     8.5922      0.077    32.0951    24.4940 -9.990e-29
 146.858160      0.082  36.222543    11.1173     8.5560      0.081    32.0957    24.4941 -9.990e-29
 146.858166      0.093  36.217621    11.1161     8.5111      0.092    32.0919    24.4913 -9.990e-29
 146.858171      0.102  36.211378    11.1108     8.4343      0.101    32.0903    24.4911 -9.990e-29
 146.858177      0.105  36.202677    11.0961     8.4406      0.104    32.0946    24.4970 -9.990e-29
 146.858183      0.104  36.187105    11.0709     8.4423      0.103    32.1013    24.5066 -9.990e-29
 146.858189      0.096  36.172374    11.0338     8.4353      0.095    32.1192    24.5270 -9.990e-29
 146.858194      0.084  36.150511    10.9774     8.4448      0.083    32.1469    24.5585 -9.990e-29
 146.858200      0.068  36.109071    10.9152     8.3910      0.067    32.1605    24.5800 -9.990e-29
 146.858206      0.059  36.062719    10.8769     8.4257      0.059    32.1482    24.5771 -9.990e-29
 146.858212      0.058  36.026288    10.8681     8.4435      0.058    32.1198    24.5565 -9.990e-29
 146.858218      0.066  36.000950    10.8708     8.4605      0.065    32.0923    24.5347 -9.990e-29
 146.858223      0.079  35.987549    10.8702     8.4844      0.078    32.0796    24.5248 -9.990e-29
 146.858229      0.089  35.991091    10.8636     8.4729      0.088    32.0888    24.5332 -9.990e-29
 146.858235      0.093  36.001641    10.8538     8.4764      0.092    32.1079    24.5497 -9.990e-29
 146.858241      0.091  36.003487    10.8419     8.4812      0.090    32.1202    24.5614 -9.990e-29
 146.858247      0.087  35.998995    10.8317     8.4829      0.086    32.1247    24.5666 -9.990e-29
