data/oxygen options/ONMS/Olympic_Coast_National_Marine_Sanctuary_CTD_Data_2005_2023/raw_data/2023/CAST_CE015_230616faed.cnv
* Sea-Bird SBE 19 Data File:
* FileName = C:\Users\OCNMS.Inst\Documents\2023 Mooring Data\Casts\CAST_CE015_230616.hex
* Software Version SeatermAF 2.1.4.55
* Temperature SN = 2997
* Conductivity SN = 2997
* System UpLoad Time = Jun 16 2023 19:00:17 (localtime) = Jun 16 2023 19:00:17 (UTC)
** CAST_CE015_230616
* ds
# nquan = 9                                 
# nvalues = 891                         
# units = specified
# name 0 = timeJ: Julian Days
# name 1 = prSM: Pressure, Strain Gauge [db]
# name 2 = c0mS/cm: Conductivity [mS/cm]
# name 3 = t090C: Temperature [ITS-90, deg C]
# name 4 = sbeox0ML/L: Oxygen, SBE 43 [ml/l]
# name 5 = depSM: Depth [salt water, m], lat = 47.5
# name 6 = sal00: Salinity, Practical [PSU]
# name 7 = sigma-é00: Density [sigma-theta, kg/m^3]
# name 8 = flag: flag
# span 0 = 167.782639, 167.787789       
# span 1 =     -5.699,     14.178       
# span 2 =   0.313960,  37.808767       
# span 3 =     8.5675,    14.9471       
# span 4 =    -1.8551,    12.6349       
# span 5 =     -5.652,     14.059       
# span 6 =     0.1896,    33.3058       
# span 7 =    -0.6981,    25.8586       
# span 8 = 0.0000e+00, 0.0000e+00       
# interval = seconds: 0.5
# start_time = Jun 16 2023 18:47:00 [Instrument's time stamp, header]
# bad_flag = -9.990e-29
*END*
[from data line 481]
 167.785422      0.279  37.336300    11.5104    -1.6064      0.277    32.8433    25.0048 -9.990e-29
 167.785428      0.290  37.411098    11.5099    -1.6043      0.288    32.9170    25.0621 -9.990e-29
 167.785434      0.295  37.501798    11.5113    -1.6035      0.293    33.0046    25.1300 -9.990e-29
 167.785440      0.290  37.557897    11.5160    -1.6028      0.288    33.0553    25.1686 -9.990e-29
 167.785446      0.278  37.576504    11.5227    -1.6016      0.276    33.0676    25.1769 -9.990e-29
 167.785451      0.268  37.577388    11.5291    -1.6025      0.266    33.0627    25.1719 -9.990e-29
 167.785457      0.263  37.571443    11.5283    -1.6030      0.261    33.0576    25.1681 -9.990e-29
 167.785463      0.263  37.562510    11.5125    -1.6032      0.261    33.0630    25.1752 -9.990e-29
 167.785469      0.267  37.545031    11.4858    -1.6025      0.265    33.0697    25.1853 -9.990e-29
 167.785475      0.277  37.507469    11.4667    -1.6010      0.275    33.0500    25.1734 -9.990e-29
 167.785480      0.292  37.468651    11.4636    -1.6005      0.290    33.0147    25.1465 -9.990e-29
 167.785486      0.309  37.479343    11.4688    -1.5999      0.306    33.0205    25.1501 -9.990e-29
 167.785492      0.322  37.543152    11.4747    -1.5999      0.319    33.0778    25.1936 -9.990e-29
 167.785498      0.321  37.612936    11.4816    -1.6019      0.318    33.1401    25.2407 -9.990e-29
 167.785503      0.308  37.669129    11.4929    -1.6032      0.305    33.1851    25.2736 -9.990e-29
 167.785509      0.293  37.690850    11.5089    -1.6005      0.291    33.1920    25.2761 -9.990e-29
 167.785515      0.285  37.654959    11.5250    -1.5990      0.283    33.1424    25.2346 -9.990e-29
 167.785521      0.284  37.593162    11.5329    -1.5975      0.282    33.0748    25.1806 -9.990e-29
 167.785527      0.288  37.560336    11.5321    -1.5995      0.286    33.0434    25.1563 -9.990e-29
 167.785532      0.299  37.594515    11.5310    -1.6035      0.297    33.0778    25.1833 -9.990e-29
 167.785538      0.313  37.676283    11.5339    -1.6051      0.310    33.1553    25.2430 -9.990e-29
 167.785544      0.322  37.744341    11.5390    -1.6051      0.319    33.2174    25.2903 -9.990e-29
 167.785550      0.326  37.765612    11.5437    -1.6030      0.323    33.2341    25.3024 -9.990e-29
 167.785556      0.335  37.726998    11.5475    -1.6041      0.332    33.1928    25.2696 -9.990e-29
 167.785561      0.350  37.650413    11.5512    -1.6020      0.347    33.1145    25.2081 -9.990e-29
 167.785567      0.361  37.627044    11.5544    -1.6028      0.358    33.0887    25.1875 -9.990e-29
 167.785573      0.367  37.700248    11.5569    -1.6030      0.364    33.1582    25.2410 -9.990e-29
 167.785579      0.366  37.795066    11.5577    -1.6029      0.363    33.2503    25.3125 -9.990e-29
 167.785584      0.365  37.808767    11.5559    -1.6017      0.362    33.2654    25.3245 -9.990e-29
 167.785590      0.370  37.687904    11.5534    -1.6009      0.367    33.1492    25.2347 -9.990e-29
 167.785596      0.386  37.498802    11.5512    -1.6010      0.383    32.9660    25.0927 -9.990e-29
 167.785602      0.411  37.368630    11.5435    -1.6016      0.408    32.8455    25.0005 -9.990e-29
 167.785608      0.433  37.352410    11.5352    -1.6011      0.429    32.8370    24.9954 -9.990e-29
 167.785613      0.441  37.412271    11.5403    -1.6007      0.437    32.8910    25.0364 -9.990e-29
 167.785619      0.431  37.477878    11.5530    -1.6005      0.427    32.9439    25.0752 -9.990e-29
 167.785625      0.406  37.505046    11.5607    -1.6003      0.403    32.9637    25.0892 -9.990e-29
 167.785631      0.377  37.486303    11.5625    -1.5996      0.374    32.9437    25.0733 -9.990e-29
 167.785637      0.357  37.466136    11.5621    -1.6006      0.354    32.9244    25.0584 -9.990e-29
 167.785642      0.347  37.489933    11.5608    -1.6029      0.344    32.9488    25.0776 -9.990e-29
 167.785648      0.348  37.547967    11.5563    -1.6028      0.345    33.0096    25.1257 -9.990e-29
 167.785654      0.358  37.600522    11.5496    -1.5986      0.355    33.0670    25.1715 -9.990e-29
 167.785660      0.375  37.628029    11.5464    -1.5975      0.372    33.0968    25.1953 -9.990e-29
 167.785666      0.391  37.648116    11.5479    -1.6016      0.388    33.1152    25.2092 -9.990e-29
 167.785671      0.403  37.675239    11.5508     9.5860      0.400    33.1391    25.2273 -9.990e-29
 167.785677      0.411  37.700181    11.5531    12.5212      0.408    33.1615    25.2443 -9.990e-29
 167.785683      0.416  37.716979    11.5552    12.6349      0.413    33.1761    25.2552 -9.990e-29
 167.785689      0.415  37.730104    11.5588    10.3227      0.412    33.1857    25.2620 -9.990e-29
 167.785694      0.406  37.718958    11.5668     5.4876      0.403    33.1676    25.2465 -9.990e-29
 167.785700      0.399  37.651873    11.5795     5.6067      0.396    33.0906    25.1843 -9.990e-29
 167.785706      0.392  37.569388    11.5918     5.8536      0.389    32.9989    25.1109 -9.990e-29
 167.785712      0.381  37.571626    11.5979     5.9532      0.378    32.9957    25.1072 -9.990e-29
 167.785718      0.369  37.647006    11.5978     5.9700      0.366    33.0695    25.1646 -9.990e-29
 167.785723      0.364  37.634391    11.5924     5.9465      0.361    33.0620    25.1597 -9.990e-29
 167.785729      0.371  37.464859    11.5779     5.8940      0.368    32.9091    25.0436 -9.990e-29
 167.785735      0.385  37.262532    11.5552     5.8418      0.382    32.7314    24.9097 -9.990e-29
 167.785741      0.399  37.142535    11.5373     5.8002      0.396    32.6299    24.8341 -9.990e-29
 167.785747      0.409  37.099493    11.5335     5.7585      0.406    32.5911    24.8047 -9.990e-29
 167.785752      0.416  37.090020    11.5405     5.7358      0.413    32.5757    24.7914 -9.990e-29
 167.785758      0.420  37.091396    11.5513     5.7036      0.416    32.5676    24.7831 -9.990e-29
 167.785764      0.422  37.094255    11.5605     5.6830      0.418    32.5623    24.7773 -9.990e-29
 167.785770      0.422  37.093446    11.5656     5.6737      0.418    32.5570    24.7723 -9.990e-29
 167.785775      0.420  37.085654    11.5651     5.6890      0.416    32.5498    24.7668 -9.990e-29
 167.785781      0.415  37.071698    11.5568     5.7164      0.412    32.5435    24.7634 -9.990e-29
 167.785787      0.408  37.056499    11.5411     5.7062      0.405    32.5424    24.7654 -9.990e-29
 167.785793      0.402  37.044443    11.5218     5.7582      0.399    32.5476    24.7730 -9.990e-29
 167.785799      0.401  37.038504    11.5021     5.7795      0.398    32.5592    24.7855 -9.990e-29
 167.785804      0.400  37.040845    11.4861     5.7880      0.397    32.5755    24.8011 -9.990e-29
 167.785810      0.400  37.048984    11.4777     5.7958      0.397    32.5909    24.8146 -9.990e-29
 167.785816      0.405  37.055283    11.4754     5.7335      0.402    32.5991    24.8214 -9.990e-29
 167.785822      0.411  37.059176    11.4766     5.7541      0.408    32.6018    24.8233 -9.990e-29
 167.785828      0.415  37.064732    11.4807     5.7548      0.412    32.6037    24.8240 -9.990e-29
 167.785833      0.415  37.070399    11.4880     5.7848      0.412    32.6028    24.8220 -9.990e-29
 167.785839      0.413  37.075331    11.4988     5.8007      0.410    32.5981    24.8163 -9.990e-29
 167.785845      0.409  37.078822    11.5099     5.7986      0.406    32.5917    24.8094 -9.990e-29
 167.785851      0.405  37.079368    11.5187     5.8097      0.402    32.5845    24.8022 -9.990e-29
 167.785856      0.406  37.078821    11.5268     5.7929      0.403    32.5768    24.7948 -9.990e-29
 167.785862      0.409  37.087657    11.5350     5.7978      0.406    32.5783    24.7944 -9.990e-29
 167.785868      0.408  37.107016    11.5405     5.8040      0.405    32.5923    24.8043 -9.990e-29
 167.785874      0.405  37.115094    11.5423     5.8104      0.402    32.5986    24.8089 -9.990e-29
 167.785880      0.403  37.108659    11.5429     5.8057      0.400    32.5918    24.8035 -9.990e-29
 167.785885      0.405  37.102663    11.5437     5.7946      0.402    32.5853    24.7982 -9.990e-29
 167.785891      0.409  37.096398    11.5442     5.8007      0.406    32.5787    24.7930 -9.990e-29
 167.785897      0.409  37.097195    11.5443     5.8163      0.406    32.5794    24.7936 -9.990e-29
 167.785903      0.406  37.108920    11.5447     5.8294      0.403    32.5905    24.8021 -9.990e-29
 167.785909      0.405  37.110796    11.5452     5.8212      0.402    32.5919    24.8031 -9.990e-29
 167.785914      0.413  37.100841    11.5454     5.7970      0.410    32.5820    24.7954 -9.990e-29
 167.785920      0.431  37.097716    11.5452     5.7801      0.427    32.5791    24.7932 -9.990e-29
 167.785926      0.451  37.109020    11.5455     5.7637      0.447    32.5899    24.8015 -9.990e-29
 167.785932      0.467  37.121257    11.5470     5.7526      0.463    32.6005    24.8095 -9.990e-29
 167.785937      0.471  37.118811    11.5483     5.7644      0.467    32.5970    24.8065 -9.990e-29
 167.785943      0.463  37.107945    11.5485     5.7645      0.459    32.5862    24.7981 -9.990e-29
 167.785949      0.451  37.099940    11.5473     5.7656      0.447    32.5794    24.7930 -9.990e-29
 167.785955      0.443  37.094210    11.5440     5.7548      0.439    32.5767    24.7915 -9.990e-29
 167.785961      0.442  37.090399    11.5396     5.7454      0.438    32.5769    24.7925 -9.990e-29
 167.785966      0.445  37.093512    11.5369     5.7329      0.441    32.5823    24.7972 -9.990e-29
 167.785972      0.447  37.099857    11.5359     5.6977      0.443    32.5894    24.8028 -9.990e-29
 167.785978      0.449  37.099968    11.5356     5.7163      0.445    32.5897    24.8032 -9.990e-29
 167.785984      0.450  37.094555    11.5360     5.7070      0.446    32.5841    24.7987 -9.990e-29
 167.785990      0.450  37.090965    11.5374     5.6975      0.446    32.5794    24.7948 -9.990e-29
 167.785995      0.450  37.090015    11.5396     5.6938      0.446    32.5765    24.7922 -9.990e-29
 167.786001      0.450  37.088200    11.5409     5.6320      0.446    32.5736    24.7897 -9.990e-29
 167.786007      0.449  37.084783    11.5407     5.6692      0.445    32.5704    24.7872 -9.990e-29
 167.786013      0.452  37.079691    11.5390     5.6683      0.448    32.5669    24.7848 -9.990e-29
 167.786019      0.463  37.070618    11.5341     5.6750      0.459    32.5624    24.7822 -9.990e-29
 167.786024      0.478  37.065076    11.5280     5.6768      0.474    32.5623    24.7833 -9.990e-29
 167.786030      0.491  37.068560    11.5240     5.6436      0.487    32.5692    24.7894 -9.990e-29
 167.786036      0.493  37.068909    11.5216     5.6309      0.489    32.5717    24.7917 -9.990e-29
 167.786042      0.484  37.063788    11.5192     5.6065      0.480    32.5688    24.7899 -9.990e-29
 167.786047      0.473  37.057571    11.5165     5.5972      0.469    32.5651    24.7875 -9.990e-29
 167.786053      0.463  37.049255    11.5131     5.5922      0.459    32.5600    24.7841 -9.990e-29
 167.786059      0.453  37.038959    11.5088     5.5964      0.449    32.5537    24.7800 -9.990e-29
 167.786065      0.443  37.027521    11.5054     5.6026      0.439    32.5455    24.7743 -9.990e-29
 167.786071      0.432  37.020416    11.5033     5.6045      0.428    32.5404    24.7707 -9.990e-29
 167.786076      0.419  37.020498    11.5004     5.5962      0.416    32.5430    24.7733 -9.990e-29
 167.786082      0.408  37.021154    11.4936     5.5764      0.405    32.5497    24.7797 -9.990e-29
 167.786088      0.407  37.015976    11.4827     5.5551      0.404    32.5542    24.7852 -9.990e-29
 167.786094      0.416  37.009267    11.4736     5.5367      0.413    32.5556    24.7879 -9.990e-29
 167.786100      0.426  37.008328    11.4731     5.5026      0.422    32.5552    24.7876 -9.990e-29
 167.786105      0.435  37.012467    11.4814     5.4496      0.431    32.5519    24.7836 -9.990e-29
 167.786111      0.442  37.018795    11.4927     5.4168      0.438    32.5481    24.7786 -9.990e-29
 167.786117      0.448  37.023428    11.5011     5.3865      0.444    32.5453    24.7749 -9.990e-29
 167.786123      0.453  37.021903    11.5062     5.3728      0.449    32.5393    24.7693 -9.990e-29
 167.786128      0.458  37.015552    11.5117     5.3766      0.454    32.5283    24.7597 -9.990e-29
 167.786134      0.464  37.008793    11.5181     5.4036      0.460    32.5160    24.7491 -9.990e-29
 167.786140      0.469  37.005127    11.5229     5.4447      0.465    32.5082    24.7421 -9.990e-29
 167.786146      0.476  37.004149    11.5247     5.4867      0.472    32.5057    24.7398 -9.990e-29
 167.786152      0.483  37.003068    11.5272     5.5261      0.479    32.5024    24.7369 -9.990e-29
 167.786157      0.493  37.002128    11.5333     5.5537      0.489    32.4961    24.7309 -9.990e-29
 167.786163      0.504  37.007551    11.5391     5.5840      0.500    32.4963    24.7300 -9.990e-29
 167.786169      0.514  37.019289    11.5421     5.5958      0.510    32.5052    24.7363 -9.990e-29
 167.786175      0.519  37.027788    11.5433     5.6014      0.515    32.5124    24.7417 -9.990e-29
 167.786181      0.524  37.034863    11.5439     5.6266      0.520    32.5188    24.7466 -9.990e-29
 167.786186      0.529  37.045473    11.5446     5.6024      0.525    32.5285    24.7540 -9.990e-29
 167.786192      0.530  37.052481    11.5455     5.6403      0.526    32.5346    24.7585 -9.990e-29
 167.786198      0.532  37.054031    11.5467     5.6539      0.528    32.5351    24.7587 -9.990e-29
 167.786204      0.538  37.060038    11.5479     5.6774      0.534    32.5399    24.7622 -9.990e-29
 167.786209      0.545  37.071791    11.5490     5.7065      0.540    32.5504    24.7702 -9.990e-29
 167.786215      0.544  37.078076    11.5508     5.6904      0.539    32.5549    24.7734 -9.990e-29
 167.786221      0.537  37.074395    11.5538     5.7083      0.533    32.5487    24.7680 -9.990e-29
 167.786227      0.530  37.069848    11.5568     5.7132      0.526    32.5416    24.7619 -9.990e-29
 167.786233      0.523  37.074066    11.5582     5.7251      0.519    32.5445    24.7639 -9.990e-29
 167.786238      0.512  37.084274    11.5586     5.7469      0.508    32.5542    24.7713 -9.990e-29
 167.786244      0.500  37.092239    11.5592     5.7467      0.496    32.5614    24.7769 -9.990e-29
 167.786250      0.491  37.095699    11.5600     5.7708      0.487    32.5641    24.7788 -9.990e-29
 167.786256      0.485  37.098153    11.5603     5.7961      0.481    32.5662    24.7804 -9.990e-29
 167.786262      0.480  37.101760    11.5604     5.8152      0.476    32.5697    24.7831 -9.990e-29
 167.786267      0.476  37.104051    11.5609     5.8147      0.472    32.5715    24.7844 -9.990e-29
 167.786273      0.473  37.105283    11.5618     5.8202      0.469    32.5719    24.7845 -9.990e-29
 167.786279      0.472  37.111584    11.5635     5.7983      0.468    32.5765    24.7878 -9.990e-29
 167.786285      0.471  37.126878    11.5657     5.8036      0.467    32.5895    24.7975 -9.990e-29
 167.786291      0.472  37.139631    11.5668     5.8129      0.468    32.6010    24.8063 -9.990e-29
 167.786296      0.473  37.137159    11.5664     5.8108      0.469    32.5990    24.8047 -9.990e-29
 167.786302      0.475  37.129056    11.5664     5.8235      0.471    32.5910    24.7986 -9.990e-29
 167.786308      0.479  37.125812    11.5680     5.8205      0.475    32.5865    24.7947 -9.990e-29
 167.786314      0.484  37.127029    11.5699     5.8218      0.480    32.5860    24.7940 -9.990e-29
 167.786319      0.490  37.132092    11.5710     5.8102      0.486    32.5900    24.7969 -9.990e-29
 167.786325      0.499  37.136551    11.5719     5.8159      0.495    32.5935    24.7995 -9.990e-29
 167.786331      0.506  37.138517    11.5727     5.8408      0.502    32.5947    24.8003 -9.990e-29
 167.786337      0.508  37.138932    11.5730     5.8725      0.504    32.5949    24.8004 -9.990e-29
