data/oxygen options/ONMS/Olympic_Coast_National_Marine_Sanctuary_CTD_Data_2005_2023/raw_data/2023/CAST_CE042_230830faed.cnv
* Sea-Bird SBE 19 Data File:
* FileName = C:\Users\OCNMS.Inst\Documents\2023 Mooring Data\Casts\CAST_CE042_230830.hex
* Software Version SeatermAF 2.1.4.55
* Temperature SN = 2997
* Conductivity SN = 2997
* System UpLoad Time = Aug 30 2023 20:29:34 (localtime) = Aug 30 2023 20:29:34 (UTC)
** CAST_CE042_230830
* ds
# nquan = 9                                 
# nvalues = 1048                        
# units = specified
# name 0 = timeJ: Julian Days
# name 1 = prSM: Pressure, Strain Gauge [db]
# name 2 = c0mS/cm: Conductivity [mS/cm]
# name 3 = t090C: Temperature [ITS-90, deg C]
# name 4 = sbeox0ML/L: Oxygen, SBE 43 [ml/l]
# name 5 = depSM: Depth [salt water, m], lat = 47.5
# name 6 = sal00: Salinity, Practical [PSU]
# name 7 = sigma-é00: Density [sigma-theta, kg/m^3]
# name 8 = flag: flag
# span 0 = 242.733044, 242.739103       
# span 1 =     -5.991,     41.628       
# span 2 =   0.310235,  40.849666       
# span 3 =     8.0696,    16.9511       
# span 4 =    -1.7789,    14.1818       
# span 5 =     -5.941,     41.276       
# span 6 =     0.1774,    33.6757       
# span 7 =    -1.0783,    26.2239       
# span 8 = 0.0000e+00, 0.0000e+00       
# interval = seconds: 0.5
# start_time = Aug 30 2023 17:35:35 [Instrument's time stamp, header]
# bad_flag = -9.990e-29
*END*
[from data line 641]
 242.736753      0.253  40.632219    15.0676     7.3284      0.251    32.8673    24.3136 -9.990e-29
 242.736759      0.255  40.632901    15.0689     7.3370      0.253    32.8668    24.3129 -9.990e-29
 242.736765      0.266  40.637069    15.0691     7.3365      0.264    32.8704    24.3156 -9.990e-29
 242.736771      0.286  40.638419    15.0663     7.3279      0.284    32.8740    24.3190 -9.990e-29
 242.736777      0.304  40.635858    15.0606     7.3291      0.301    32.8764    24.3221 -9.990e-29
 242.736782      0.312  40.632048    15.0522     7.3323      0.309    32.8801    24.3268 -9.990e-29
 242.736788      0.315  40.627421    15.0433     7.3388      0.312    32.8834    24.3312 -9.990e-29
 242.736794      0.322  40.624684    15.0375     7.3298      0.319    32.8858    24.3343 -9.990e-29
 242.736800      0.333  40.626261    15.0350     7.3290      0.330    32.8893    24.3376 -9.990e-29
 242.736806      0.341  40.627437    15.0335     7.3260      0.338    32.8916    24.3397 -9.990e-29
 242.736811      0.341  40.624644    15.0331     7.3379      0.338    32.8894    24.3381 -9.990e-29
 242.736817      0.338  40.623035    15.0345     7.3329      0.335    32.8868    24.3358 -9.990e-29
 242.736823      0.340  40.622617    15.0361     7.3263      0.337    32.8851    24.3341 -9.990e-29
 242.736829      0.348  40.619379    15.0362     7.3236      0.345    32.8821    24.3318 -9.990e-29
 242.736834      0.358  40.617320    15.0363     7.2851      0.355    32.8801    24.3302 -9.990e-29
 242.736840      0.370  40.619770    15.0380     7.3233      0.367    32.8809    24.3305 -9.990e-29
 242.736846      0.380  40.623180    15.0418     7.3376      0.377    32.8808    24.3296 -9.990e-29
 242.736852      0.385  40.624720    15.0476     7.3578      0.382    32.8773    24.3256 -9.990e-29
 242.736858      0.386  40.628034    15.0559     7.3546      0.383    32.8733    24.3207 -9.990e-29
 242.736863      0.383  40.636329    15.0645     7.2987      0.380    32.8736    24.3191 -9.990e-29
 242.736869      0.374  40.647124    15.0710     7.2922      0.371    32.8778    24.3210 -9.990e-29
 242.736875      0.361  40.654546    15.0771     7.2971      0.358    32.8794    24.3209 -9.990e-29
 242.736881      0.345  40.657192    15.0829     7.3279      0.342    32.8769    24.3177 -9.990e-29
 242.736887      0.336  40.658501    15.0871     7.3505      0.333    32.8746    24.3150 -9.990e-29
 242.736892      0.336  40.660129    15.0904     7.3600      0.333    32.8733    24.3132 -9.990e-29
 242.736898      0.345  40.663599    15.0930     7.3506      0.342    32.8742    24.3134 -9.990e-29
 242.736904      0.360  40.667281    15.0941     7.3355      0.357    32.8766    24.3150 -9.990e-29
 242.736910      0.372  40.668148    15.0944     7.3364      0.369    32.8771    24.3154 -9.990e-29
 242.736916      0.380  40.667825    15.0951     7.3273      0.377    32.8762    24.3145 -9.990e-29
 242.736921      0.383  40.667472    15.0961     7.3239      0.380    32.8751    24.3134 -9.990e-29
 242.736927      0.385  40.666526    15.0970     7.3302      0.382    32.8735    24.3120 -9.990e-29
 242.736933      0.391  40.665319    15.0974     7.3494      0.388    32.8721    24.3108 -9.990e-29
 242.736939      0.397  40.664394    15.0971     7.3593      0.394    32.8715    24.3104 -9.990e-29
 242.736944      0.404  40.664106    15.0965     7.3522      0.401    32.8717    24.3107 -9.990e-29
 242.736950      0.420  40.663983    15.0958     7.3476      0.416    32.8722    24.3112 -9.990e-29
 242.736956      0.451  40.663209    15.0948     7.3505      0.447    32.8723    24.3116 -9.990e-29
 242.736962      0.495  40.661223    15.0936     7.3467      0.491    32.8715    24.3112 -9.990e-29
 242.736968      0.545  40.656968    15.0925     7.3393      0.540    32.8686    24.3092 -9.990e-29
 242.736973      0.600  40.653647    15.0906     7.3401      0.595    32.8672    24.3085 -9.990e-29
 242.736979      0.665  40.654030    15.0860     7.3257      0.659    32.8713    24.3127 -9.990e-29
 242.736985      0.743  40.652929    15.0770     7.3110      0.737    32.8779    24.3197 -9.990e-29
 242.736991      0.839  40.645423    15.0622     7.3015      0.832    32.8835    24.3273 -9.990e-29
 242.736997      0.959  40.629821    15.0424     7.3033      0.951    32.8861    24.3335 -9.990e-29
 242.737002      1.107  40.608211    15.0200     7.3223      1.098    32.8853    24.3378 0.0000e+00
 242.737008      1.279  40.581393    14.9936     7.3356      1.268    32.8833    24.3419 0.0000e+00
 242.737014      1.469  40.543784    14.9496     7.3346      1.457    32.8862    24.3537 0.0000e+00
 242.737020      1.677  40.488861    14.8705     7.2992      1.663    32.9031    24.3837 0.0000e+00
 242.737025      1.906  40.418970    14.7687     7.3630      1.890    32.9256    24.4229 0.0000e+00
 242.737031      2.159  40.351808    14.6814     7.4473      2.141    32.9384    24.4514 0.0000e+00
 242.737037      2.430  40.304777    14.6282     7.5100      2.410    32.9405    24.4644 0.0000e+00
 242.737043      2.706  40.280633    14.6013     7.4066      2.683    32.9412    24.4706 0.0000e+00
 242.737049      2.976  40.272297    14.5886     7.1824      2.951    32.9443    24.4757 0.0000e+00
 242.737054      3.235  40.272477    14.5861     7.1025      3.208    32.9465    24.4779 0.0000e+00
 242.737060      3.482  40.276833    14.5902     7.0221      3.453    32.9469    24.4774 0.0000e+00
 242.737066      3.720  40.279310    14.5866     6.9959      3.689    32.9521    24.4822 0.0000e+00
 242.737072      3.959  40.265746    14.5459     7.0680      3.926    32.9742    24.5078 0.0000e+00
 242.737078      4.212  40.205076    14.4150     7.1215      4.177    33.0301    24.5786 0.0000e+00
 242.737083      4.480  40.010153    14.1518     7.0623      4.443    33.0761    24.6692 0.0000e+00
 242.737089      4.765  39.599220    13.8141     6.9905      4.725    32.9858    24.6693 0.0000e+00
 242.737095      5.058  39.120889    13.5257     6.8880      5.016    32.7881    24.5751 0.0000e+00
 242.737101      5.343  38.890501    13.2909     6.8008      5.298    32.7741    24.6115 0.0000e+00
 242.737106      5.614  38.864091    13.0712     6.7367      5.567    32.9393    24.7829 0.0000e+00
 242.737112      5.871  38.798410    12.9391     6.6773      5.822    32.9920    24.8498 0.0000e+00
 242.737118      6.116  38.762671    12.8588     6.6423      6.065    33.0281    24.8935 0.0000e+00
 242.737124      6.361  38.705730    12.6740     6.6408      6.308    33.1359    25.0130 0.0000e+00
 242.737130      6.613  38.455175    12.3938     6.6391      6.558    33.1430    25.0726 0.0000e+00
 242.737135      6.870  38.163785    12.1646     6.6113      6.813    33.0651    25.0557 0.0000e+00
 242.737141      7.134  37.998203    12.0345     6.5428      7.074    33.0201    25.0453 0.0000e+00
 242.737147      7.397  37.922401    11.9535     6.4349      7.335    33.0183    25.0591 0.0000e+00
 242.737153      7.657  37.876080    11.8906     6.2930      7.593    33.0290    25.0792 0.0000e+00
 242.737159      7.912  37.840518    11.8367     6.1476      7.846    33.0422    25.0995 0.0000e+00
 242.737164      8.165  37.805745    11.7816     5.9715      8.097    33.0573    25.1214 0.0000e+00
 242.737170      8.425  37.760039    11.7127     5.8098      8.355    33.0740    25.1471 0.0000e+00
 242.737176      8.690  37.684946    11.6210     5.6737      8.617    33.0823    25.1705 0.0000e+00
 242.737182      8.957  37.557562    11.5169     5.5729      8.882    33.0505    25.1649 0.0000e+00
 242.737188      9.224  37.387228    11.4309     5.5064      9.147    32.9602    25.1103 0.0000e+00
 242.737193      9.487  37.210040    11.3808     5.4309      9.408    32.8307    25.0187 0.0000e+00
 242.737199      9.742  37.051827    11.3384     5.3718      9.660    32.7129    24.9348 0.0000e+00
 242.737205      9.988  36.930659    11.2352     5.2860      9.904    32.6851    24.9317 0.0000e+00
 242.737211     10.228  36.846225    11.0478     5.2769     10.142    32.7684    25.0299 0.0000e+00
 242.737216     10.468  36.782775    10.8461     5.2726     10.380    32.8859    25.1569 0.0000e+00
 242.737222     10.715  36.727876    10.7025     5.2826     10.625    32.9604    25.2400 0.0000e+00
 242.737228     10.971  36.678227    10.6237     5.2930     10.879    32.9819    25.2704 0.0000e+00
 242.737234     11.233  36.640890    10.5824     5.2324     11.139    32.9817    25.2775 0.0000e+00
 242.737240     11.490  36.621442    10.5642     5.2658     11.394    32.9786    25.2782 0.0000e+00
 242.737245     11.733  36.615734    10.5647     5.2211     11.635    32.9723    25.2732 0.0000e+00
 242.737251     11.962  36.620550    10.5688     5.1119     11.862    32.9733    25.2733 0.0000e+00
 242.737257     12.185  36.633234    10.5598     4.9360     12.083    32.9941    25.2911 0.0000e+00
 242.737263     12.417  36.639235    10.5239     4.7287     12.313    33.0325    25.3272 0.0000e+00
 242.737269     12.673  36.615666    10.4559     4.6158     12.567    33.0705    25.3685 0.0000e+00
 242.737274     12.960  36.557345    10.3744     4.5697     12.851    33.0859    25.3945 0.0000e+00
 242.737280     13.268  36.491734    10.3095     4.5960     13.157    33.0787    25.4000 0.0000e+00
 242.737286     13.572  36.439364    10.2722     4.6378     13.458    33.0598    25.3916 0.0000e+00
 242.737292     13.853  36.403126    10.2478     4.6355     13.737    33.0453    25.3844 0.0000e+00
 242.737297     14.103  36.389499    10.2241     4.4841     13.985    33.0530    25.3945 0.0000e+00
 242.737303     14.331  36.394790    10.2094     4.1980     14.211    33.0717    25.4115 0.0000e+00
 242.737309     14.550  36.407486    10.2064     3.7980     14.428    33.0872    25.4241 0.0000e+00
 242.737315     14.774  36.419220    10.1917     3.3630     14.650    33.1124    25.4462 0.0000e+00
 242.737321     15.014  36.412504    10.1455     2.9809     14.888    33.1477    25.4816 0.0000e+00
 242.737326     15.271  36.381105    10.0766     2.7003     15.143    33.1789    25.5176 0.0000e+00
 242.737332     15.545  36.344691    10.0032     2.4946     15.415    33.2093    25.5536 0.0000e+00
 242.737338     15.832  36.314553     9.9411     2.3834     15.699    33.2356    25.5845 0.0000e+00
 242.737344     16.121  36.286820     9.9009     2.3249     15.986    33.2443    25.5980 0.0000e+00
 242.737350     16.399  36.259705     9.8849     2.2997     16.261    33.2313    25.5905 0.0000e+00
 242.737355     16.662  36.236172     9.8806     2.3099     16.522    33.2111    25.5755 0.0000e+00
 242.737361     16.911  36.218360     9.8637     2.2889     16.769    33.2084    25.5762 0.0000e+00
 242.737367     17.149  36.205962     9.8215     2.2514     17.005    33.2346    25.6036 0.0000e+00
 242.737373     17.381  36.197491     9.7653     2.1941     17.235    33.2778    25.6467 0.0000e+00
 242.737378     17.615  36.191092     9.7144     2.1246     17.467    33.3182    25.6867 0.0000e+00
 242.737384     17.864  36.183744     9.6721     2.0827     17.714    33.3498    25.7183 0.0000e+00
 242.737390     18.137  36.170038     9.6306     2.0550     17.985    33.3742    25.7442 0.0000e+00
 242.737396     18.417  36.146733     9.5926     2.0250     18.262    33.3855    25.7592 0.0000e+00
 242.737402     18.690  36.117395     9.5683     1.9917     18.533    33.3778    25.7572 0.0000e+00
 242.737407     18.958  36.085945     9.5529     1.9503     18.799    33.3597    25.7455 0.0000e+00
 242.737413     19.221  36.051251     9.5280     1.9118     19.060    33.3471    25.7397 0.0000e+00
 242.737419     19.477  36.016259     9.4856     1.8273     19.314    33.3504    25.7492 0.0000e+00
 242.737425     19.726  35.985203     9.4332     1.8222     19.560    33.3671    25.7708 0.0000e+00
 242.737431     19.972  35.952997     9.3801     1.7766     19.804    33.3833    25.7920 0.0000e+00
 242.737436     20.221  35.913577     9.3272     1.7318     20.051    33.3918    25.8073 0.0000e+00
 242.737442     20.476  35.872546     9.2728     1.6792     20.304    33.4001    25.8225 0.0000e+00
 242.737448     20.736  35.833358     9.2197     1.5604     20.562    33.4091    25.8380 0.0000e+00
 242.737454     21.001  35.792962     9.1689     1.5546     20.825    33.4147    25.8505 0.0000e+00
 242.737459     21.270  35.753975     9.1136     1.5387     21.091    33.4260    25.8681 0.0000e+00
 242.737465     21.543  35.711935     9.0493     1.5260     21.362    33.4425    25.8912 0.0000e+00
 242.737471     21.821  35.661667     8.9888     1.5203     21.638    33.4469    25.9042 0.0000e+00
 242.737477     22.100  35.616154     8.9488     1.4872     21.914    33.4370    25.9027 0.0000e+00
 242.737483     22.372  35.597512     8.9179     1.4797     22.184    33.4465    25.9150 0.0000e+00
 242.737488     22.633  35.588631     8.8734     1.4628     22.443    33.4790    25.9474 0.0000e+00
 242.737494     22.881  35.551821     8.8166     1.4435     22.689    33.4941    25.9681 0.0000e+00
 242.737500     23.121  35.497847     8.7528     1.4365     22.927    33.4977    25.9808 0.0000e+00
 242.737506     23.359  35.442590     8.6789     1.4395     23.163    33.5095    26.0015 0.0000e+00
 242.737512     23.601  35.386214     8.6035     1.4463     23.403    33.5216    26.0226 0.0000e+00
 242.737517     23.850  35.336912     8.5466     1.4445     23.650    33.5236    26.0329 0.0000e+00
 242.737523     24.101  35.302227     8.5223     1.4399     23.898    33.5100    26.0259 0.0000e+00
 242.737529     24.347  35.286221     8.5226     1.4491     24.142    33.4927    26.0123 0.0000e+00
 242.737535     24.592  35.285943     8.5243     1.4865     24.385    33.4907    26.0105 0.0000e+00
 242.737541     24.843  35.289739     8.5107     1.5276     24.634    33.5075    26.0257 0.0000e+00
 242.737546     25.107  35.285793     8.4757     1.5610     24.896    33.5365    26.0538 0.0000e+00
 242.737552     25.393  35.268204     8.4223     1.5654     25.180    33.5686    26.0871 0.0000e+00
 242.737558     25.700  35.236402     8.3610     1.5707     25.484    33.5933    26.1157 0.0000e+00
 242.737564     26.020  35.197181     8.3045     1.5872     25.801    33.6055    26.1338 0.0000e+00
 242.737569     26.337  35.160326     8.2660     1.5932     26.116    33.6031    26.1377 0.0000e+00
 242.737575     26.639  35.137649     8.2492     1.5913     26.415    33.5949    26.1338 0.0000e+00
 242.737581     26.914  35.132986     8.2422     1.5853     26.688    33.5965    26.1361 0.0000e+00
 242.737587     27.162  35.136673     8.2351     1.5655     26.934    33.6071    26.1455 0.0000e+00
 242.737593     27.395  35.137863     8.2277     1.5598     27.165    33.6154    26.1531 0.0000e+00
 242.737598     27.628  35.132463     8.2196     1.5582     27.396    33.6173    26.1558 0.0000e+00
 242.737604     27.871  35.122713     8.2068     1.5168     27.637    33.6191    26.1591 0.0000e+00
 242.737610     28.127  35.111213     8.1902     1.5272     27.890    33.6226    26.1644 0.0000e+00
 242.737616     28.396  35.100473     8.1778     1.5235     28.157    33.6229    26.1665 0.0000e+00
 242.737622     28.672  35.094571     8.1733     1.5237     28.431    33.6208    26.1655 0.0000e+00
 242.737627     28.943  35.093955     8.1749     1.5295     28.699    33.6185    26.1634 0.0000e+00
 242.737633     29.197  35.095480     8.1801     1.4584     28.951    33.6150    26.1599 0.0000e+00
 242.737639     29.433  35.097177     8.1844     1.4646     29.185    33.6126    26.1574 0.0000e+00
 242.737645     29.656  35.100111     8.1850     1.4585     29.406    33.6151    26.1592 0.0000e+00
 242.737650     29.878  35.103072     8.1825     1.4582     29.626    33.6205    26.1639 0.0000e+00
 242.737656     30.107  35.100971     8.1775     1.4496     29.854    33.6229    26.1666 0.0000e+00
 242.737662     30.345  35.094846     8.1706     1.3904     30.090    33.6229    26.1676 0.0000e+00
 242.737668     30.596  35.088771     8.1624     1.3589     30.338    33.6242    26.1698 0.0000e+00
