data/oxygen options/ONMS/Olympic_Coast_National_Marine_Sanctuary_CTD_Data_2005_2023/raw_data/2023/CAST_KL027_230601faed.cnv
* Sea-Bird SBE 19 Data File:
* FileName = C:\Users\OCNMS.Inst\Documents\2023 Mooring Data\Casts\CAST_KL027_230601.hex
* Software Version SeatermAF 2.1.4.55
* Temperature SN = 2997
* Conductivity SN = 2997
* System UpLoad Time = Jun 01 2023 21:32:03 (localtime) = Jun 01 2023 21:32:03 (UTC)
** CAST_KL027_230601
* ds
# nquan = 9                                 
# nvalues = 1199                        
# units = specified
# name 0 = timeJ: Julian Days
# name 1 = prSM: Pressure, Strain Gauge [db]
# name 2 = c0mS/cm: Conductivity [mS/cm]
# name 3 = t090C: Temperature [ITS-90, deg C]
# name 4 = sbeox0ML/L: Oxygen, SBE 43 [ml/l]
# name 5 = depSM: Depth [salt water, m], lat = 47.5
# name 6 = sal00: Salinity, Practical [PSU]
# name 7 = sigma-é00: Density [sigma-theta, kg/m^3]
# name 8 = flag: flag
# span 0 = 152.871343, 152.878275       
# span 1 =     -6.006,     27.016       
# span 2 =   0.369889,  36.670169       
# span 3 =     8.2225,    14.9718       
# span 4 =   -13.7463,    19.6980       
# span 5 =     -5.956,     26.789       
# span 6 =     0.2224,    33.3522       
# span 7 =    -0.7211,    25.9470       
# span 8 = 0.0000e+00, 0.0000e+00       
# interval = seconds: 0.5
# start_time = Jun 01 2023 20:54:44 [Instrument's time stamp, header]
# bad_flag = -9.990e-29
*END*
[from data line 801]
 152.875978      0.500  36.427755    10.7067     9.1803      0.496    32.6616    25.0064 -9.990e-29
 152.875984      0.495  36.427057    10.7070     9.1777      0.491    32.6606    25.0056 -9.990e-29
 152.875990      0.492  36.426903    10.7074     9.1695      0.488    32.6601    25.0051 -9.990e-29
 152.875995      0.492  36.427640    10.7081     9.1869      0.488    32.6602    25.0051 -9.990e-29
 152.876001      0.494  36.428006    10.7085     9.1704      0.490    32.6602    25.0050 -9.990e-29
 152.876007      0.498  36.426799    10.7082     9.1598      0.494    32.6593    25.0043 -9.990e-29
 152.876013      0.500  36.425205    10.7078     9.1364      0.496    32.6581    25.0034 -9.990e-29
 152.876019      0.492  36.424453    10.7077     9.1162      0.488    32.6574    25.0029 -9.990e-29
 152.876024      0.474  36.424094    10.7076     9.1262      0.470    32.6571    25.0028 -9.990e-29
 152.876030      0.461  36.423641    10.7071     9.1269      0.457    32.6571    25.0028 -9.990e-29
 152.876036      0.469  36.423046    10.7069     9.1315      0.465    32.6567    25.0025 -9.990e-29
 152.876042      0.492  36.423194    10.7073     9.1377      0.488    32.6565    25.0023 -9.990e-29
 152.876047      0.503  36.423714    10.7079     9.1403      0.499    32.6565    25.0022 -9.990e-29
 152.876053      0.496  36.421927    10.7083     9.1362      0.492    32.6544    25.0005 -9.990e-29
 152.876059      0.483  36.414325    10.7085     9.1423      0.479    32.6466    24.9944 -9.990e-29
 152.876065      0.476  36.391325    10.7082     9.1507      0.472    32.6239    24.9768 -9.990e-29
 152.876071      0.483  36.373233    10.7075     9.1532      0.479    32.6065    24.9633 -9.990e-29
 152.876076      0.500  36.389141    10.7070     9.1489      0.496    32.6228    24.9761 -9.990e-29
 152.876082      0.511  36.412075    10.7072     9.1286      0.507    32.6455    24.9938 -9.990e-29
 152.876088      0.509  36.420508    10.7078     9.1225      0.505    32.6534    24.9998 -9.990e-29
 152.876094      0.496  36.422875    10.7075     9.1450      0.492    32.6560    25.0019 -9.990e-29
 152.876100      0.487  36.421765    10.7058     9.1413      0.483    32.6564    25.0025 -9.990e-29
 152.876105      0.488  36.420176    10.7043     9.1378      0.484    32.6562    25.0026 -9.990e-29
 152.876111      0.495  36.421024    10.7037     9.1257      0.491    32.6576    25.0038 -9.990e-29
 152.876117      0.500  36.422632    10.7038     9.1183      0.496    32.6591    25.0049 -9.990e-29
 152.876123      0.499  36.422656    10.7043     9.1339      0.495    32.6587    25.0045 -9.990e-29
 152.876128      0.501  36.421679    10.7041     9.1043      0.497    32.6579    25.0039 -9.990e-29
 152.876134      0.514  36.418953    10.7025     9.1419      0.510    32.6566    25.0032 -9.990e-29
 152.876140      0.531  36.415881    10.7009     9.1425      0.527    32.6549    25.0022 -9.990e-29
 152.876146      0.540  36.416202    10.7009     9.1310      0.535    32.6552    25.0024 -9.990e-29
 152.876152      0.541  36.418095    10.7021     9.1263      0.536    32.6561    25.0029 -9.990e-29
 152.876157      0.543  36.418475    10.7023     9.0505      0.538    32.6563    25.0030 -9.990e-29
 152.876163      0.551  36.416725    10.7002     9.0801      0.546    32.6564    25.0034 -9.990e-29
 152.876169      0.561  36.412185    10.6965     9.1035      0.556    32.6552    25.0031 -9.990e-29
 152.876175      0.564  36.407759    10.6937     9.1418      0.559    32.6532    25.0021 -9.990e-29
 152.876181      0.556  36.407620    10.6932     9.1714      0.551    32.6536    25.0025 -9.990e-29
 152.876186      0.543  36.409894    10.6939     9.1618      0.538    32.6552    25.0036 -9.990e-29
 152.876192      0.530  36.411445    10.6954     9.1623      0.526    32.6554    25.0035 -9.990e-29
 152.876198      0.522  36.412653    10.6975     9.1596      0.518    32.6547    25.0026 -9.990e-29
 152.876204      0.518  36.414005    10.6990     9.1714      0.514    32.6548    25.0024 -9.990e-29
 152.876209      0.523  36.415614    10.6994     9.1621      0.519    32.6560    25.0033 -9.990e-29
 152.876215      0.540  36.417942    10.6995     9.1556      0.535    32.6582    25.0050 -9.990e-29
 152.876221      0.562  36.419603    10.6999     9.1563      0.557    32.6595    25.0059 -9.990e-29
 152.876227      0.574  36.419445    10.7008     9.1456      0.569    32.6585    25.0050 -9.990e-29
 152.876233      0.572  36.418931    10.7018     9.1473      0.567    32.6571    25.0038 -9.990e-29
 152.876238      0.568  36.419037    10.7029     9.1388      0.563    32.6563    25.0029 -9.990e-29
 152.876244      0.572  36.419842    10.7037     9.1360      0.567    32.6564    25.0028 -9.990e-29
 152.876250      0.583  36.421200    10.7042     9.1471      0.578    32.6573    25.0034 -9.990e-29
 152.876256      0.597  36.422019    10.7043     9.1573      0.592    32.6580    25.0040 -9.990e-29
 152.876262      0.608  36.421061    10.7044     9.1686      0.603    32.6569    25.0031 -9.990e-29
 152.876267      0.611  36.419756    10.7045     9.1608      0.606    32.6555    25.0020 -9.990e-29
 152.876273      0.607  36.420193    10.7042     9.1400      0.602    32.6562    25.0026 -9.990e-29
 152.876279      0.595  36.421184    10.7040     9.1110      0.590    32.6574    25.0036 -9.990e-29
 152.876285      0.579  36.421718    10.7036     9.1055      0.574    32.6583    25.0044 -9.990e-29
 152.876291      0.566  36.421853    10.7029     9.1123      0.561    32.6591    25.0051 -9.990e-29
 152.876296      0.560  36.421119    10.7018     9.1232      0.555    32.6593    25.0055 -9.990e-29
 152.876302      0.561  36.419568    10.7008     9.1326      0.556    32.6587    25.0051 -9.990e-29
 152.876308      0.564  36.417841    10.7006     9.1324      0.559    32.6571    25.0040 -9.990e-29
 152.876314      0.562  36.416904    10.7015     9.1181      0.557    32.6554    25.0024 -9.990e-29
 152.876319      0.553  36.417657    10.7029     9.1214      0.548    32.6549    25.0018 -9.990e-29
 152.876325      0.545  36.419329    10.7037     9.1238      0.540    32.6559    25.0024 -9.990e-29
 152.876331      0.548  36.420140    10.7031     9.1341      0.543    32.6572    25.0036 -9.990e-29
 152.876337      0.565  36.419958    10.7018     9.1491      0.560    32.6582    25.0046 -9.990e-29
 152.876343      0.589  36.419572    10.7008     9.1128      0.584    32.6587    25.0051 -9.990e-29
 152.876348      0.604  36.419492    10.7007     9.1521      0.599    32.6587    25.0051 -9.990e-29
 152.876354      0.603  36.420081    10.7011     9.1511      0.598    32.6589    25.0052 -9.990e-29
 152.876360      0.589  36.420910    10.7016     9.1461      0.584    32.6593    25.0055 -9.990e-29
 152.876366      0.572  36.421314    10.7022     9.1496      0.567    32.6592    25.0053 -9.990e-29
 152.876372      0.557  36.421178    10.7024     9.1076      0.552    32.6589    25.0050 -9.990e-29
 152.876377      0.553  36.420791    10.7019     9.1293      0.548    32.6589    25.0051 -9.990e-29
 152.876383      0.563  36.420106    10.7007     9.1305      0.558    32.6593    25.0056 -9.990e-29
 152.876389      0.585  36.418678    10.6983     9.1194      0.580    32.6600    25.0066 -9.990e-29
 152.876395      0.606  36.416753    10.6958     9.1208      0.601    32.6603    25.0073 -9.990e-29
 152.876400      0.611  36.415596    10.6950     9.1126      0.606    32.6599    25.0071 -9.990e-29
 152.876406      0.595  36.415811    10.6958     9.1256      0.590    32.6594    25.0065 -9.990e-29
 152.876412      0.572  36.416469    10.6970     9.1409      0.567    32.6590    25.0060 -9.990e-29
 152.876418      0.555  36.417238    10.6976     9.1566      0.550    32.6592    25.0061 -9.990e-29
 152.876424      0.558  36.417934    10.6975     9.1584      0.553    32.6600    25.0067 -9.990e-29
 152.876429      0.579  36.417711    10.6970     9.1611      0.574    32.6602    25.0070 -9.990e-29
 152.876435      0.613  36.416742    10.6967     9.1490      0.608    32.6595    25.0065 -9.990e-29
 152.876441      0.652  36.416445    10.6970     9.1349      0.647    32.6589    25.0060 -9.990e-29
 152.876447      0.691  36.417451    10.6977     9.1338      0.685    32.6593    25.0061 -9.990e-29
 152.876453      0.728  36.418769    10.6983     9.1416      0.722    32.6600    25.0066 -9.990e-29
 152.876458      0.765  36.419822    10.6988     9.1552      0.759    32.6606    25.0070 -9.990e-29
 152.876464      0.808  36.420802    10.6990     9.1479      0.801    32.6614    25.0076 -9.990e-29
 152.876470      0.870  36.421246    10.6991     9.1355      0.863    32.6617    25.0078 -9.990e-29
 152.876476      0.958  36.421093    10.6991     9.1214      0.950    32.6615    25.0077 -9.990e-29
 152.876481      1.073  36.421168    10.6990     9.0989      1.064    32.6617    25.0078 -9.990e-29
 152.876487      1.210  36.420920    10.6984     9.0684      1.200    32.6619    25.0081 0.0000e+00
 152.876493      1.366  36.419364    10.6957     9.0194      1.355    32.6627    25.0091 0.0000e+00
 152.876499      1.540  36.415455    10.6906     8.9540      1.527    32.6633    25.0105 0.0000e+00
 152.876505      1.732  36.408371    10.6851     8.8859      1.718    32.6610    25.0097 0.0000e+00
 152.876510      1.936  36.398657    10.6791     8.8144      1.920    32.6566    25.0073 0.0000e+00
 152.876516      2.149  36.387836    10.6668     8.7555      2.131    32.6567    25.0095 0.0000e+00
 152.876522      2.366  36.374832    10.6425     8.7124      2.346    32.6654    25.0205 0.0000e+00
 152.876528      2.590  36.354537    10.6098     8.6218      2.568    32.6743    25.0331 0.0000e+00
 152.876534      2.829  36.328372    10.5793     8.5391      2.805    32.6754    25.0392 0.0000e+00
 152.876539      3.086  36.302812    10.5585     8.3027      3.060    32.6684    25.0373 0.0000e+00
 152.876545      3.343  36.285137    10.5433     7.9550      3.315    32.6642    25.0367 0.0000e+00
 152.876551      3.590  36.277452    10.5224     7.4816      3.560    32.6751    25.0488 0.0000e+00
 152.876557      3.841  36.267736    10.4876     6.8822      3.809    32.6965    25.0714 0.0000e+00
 152.876563      4.100  36.244061    10.4321     6.3859      4.066    32.7225    25.1012 0.0000e+00
 152.876568      4.369  36.198855    10.3489     5.9119      4.332    32.7519    25.1383 0.0000e+00
 152.876574      4.647  36.123291    10.2350     5.5197      4.608    32.7785    25.1783 0.0000e+00
 152.876580      4.929  36.008396    10.0985     5.1943      4.888    32.7858    25.2070 0.0000e+00
 152.876586      5.205  35.853257     9.9641     4.8700      5.161    32.7503    25.2017 0.0000e+00
 152.876591      5.466  35.680041     9.8439     4.6063      5.420    32.6831    25.1691 0.0000e+00
 152.876597      5.716  35.526573     9.7051     4.3695      5.668    32.6525    25.1680 0.0000e+00
 152.876603      5.961  35.397629     9.5239     4.1793      5.911    32.6853    25.2230 0.0000e+00
 152.876609      6.210  35.274666     9.3291     4.0298      6.158    32.7367    25.2944 0.0000e+00
 152.876615      6.465  35.166155     9.1645     3.8977      6.411    32.7755    25.3509 0.0000e+00
 152.876620      6.721  35.079096     9.0489     3.7692      6.665    32.7916    25.3816 0.0000e+00
 152.876626      6.968  35.017155     8.9667     3.6429      6.910    32.8029    25.4033 0.0000e+00
 152.876632      7.205  34.978286     8.8883     3.5436      7.145    32.8348    25.4404 0.0000e+00
 152.876638      7.444  34.937443     8.7940     3.4989      7.382    32.8794    25.4900 0.0000e+00
 152.876644      7.693  34.886005     8.6764     3.4887      7.629    32.9348    25.5514 0.0000e+00
 152.876649      7.954  34.832027     8.5586     3.5320      7.887    32.9879    25.6109 0.0000e+00
 152.876655      8.211  34.786333     8.4807     3.5613      8.142    33.0126    25.6420 0.0000e+00
 152.876661      8.452  34.762383     8.4476     3.5684      8.381    33.0182    25.6515 0.0000e+00
 152.876667      8.674  34.758939     8.4333     3.5755      8.601    33.0279    25.6612 0.0000e+00
 152.876672      8.888  34.765145     8.4240     3.5540      8.814    33.0430    25.6745 0.0000e+00
 152.876678      9.106  34.771824     8.4166     3.5559      9.030    33.0569    25.6865 0.0000e+00
 152.876684      9.344  34.765388     8.3980     3.5500      9.266    33.0675    25.6976 0.0000e+00
 152.876690      9.611  34.744447     8.3653     3.5438      9.531    33.0760    25.7091 0.0000e+00
 152.876696      9.904  34.726363     8.3368     3.5655      9.821    33.0835    25.7193 0.0000e+00
 152.876701     10.206  34.719419     8.3239     3.5721     10.121    33.0882    25.7249 0.0000e+00
 152.876707     10.507  34.718743     8.3216     3.5732     10.419    33.0895    25.7263 0.0000e+00
 152.876713     10.801  34.719417     8.3200     3.5667     10.711    33.0916    25.7281 0.0000e+00
 152.876719     11.088  34.719447     8.3137     3.5569     10.995    33.0974    25.7337 0.0000e+00
 152.876725     11.379  34.717106     8.3050     3.5599     11.284    33.1030    25.7393 0.0000e+00
 152.876730     11.676  34.713105     8.2981     3.5634     11.578    33.1051    25.7420 0.0000e+00
 152.876736     11.966  34.711541     8.2949     3.5608     11.866    33.1063    25.7435 0.0000e+00
 152.876742     12.234  34.713601     8.2952     3.4974     12.132    33.1081    25.7448 0.0000e+00
 152.876748     12.471  34.717458     8.2965     3.5271     12.367    33.1108    25.7468 0.0000e+00
 152.876753     12.684  34.719764     8.2960     3.5367     12.578    33.1137    25.7491 0.0000e+00
 152.876759     12.891  34.717906     8.2933     3.5552     12.783    33.1141    25.7499 0.0000e+00
 152.876765     13.105  34.713238     8.2891     3.5601     12.995    33.1130    25.7496 0.0000e+00
 152.876771     13.326  34.708972     8.2849     3.4877     13.214    33.1124    25.7497 0.0000e+00
 152.876777     13.557  34.707173     8.2825     3.5003     13.443    33.1126    25.7503 0.0000e+00
 152.876782     13.802  34.708153     8.2811     3.5048     13.686    33.1149    25.7523 0.0000e+00
 152.876788     14.065  34.710890     8.2797     3.5119     13.947    33.1190    25.7557 0.0000e+00
 152.876794     14.341  34.715025     8.2779     3.4997     14.221    33.1249    25.7606 0.0000e+00
 152.876800     14.622  34.721500     8.2760     3.4622     14.499    33.1334    25.7676 0.0000e+00
 152.876806     14.900  34.729339     8.2755     3.4488     14.775    33.1421    25.7745 0.0000e+00
 152.876811     15.167  34.736019     8.2773     3.4214     15.040    33.1474    25.7783 0.0000e+00
 152.876817     15.419  34.740836     8.2787     3.3781     15.290    33.1510    25.7810 0.0000e+00
 152.876823     15.658  34.744524     8.2760     3.3170     15.527    33.1574    25.7864 0.0000e+00
 152.876829     15.892  34.749110     8.2700     3.2480     15.759    33.1678    25.7955 0.0000e+00
 152.876834     16.126  34.758380     8.2637     3.2082     15.991    33.1835    25.8087 0.0000e+00
 152.876840     16.363  34.777885     8.2582     3.1817     16.226    33.2092    25.8297 0.0000e+00
 152.876846     16.601  34.807215     8.2543     3.1613     16.462    33.2439    25.8575 0.0000e+00
 152.876852     16.838  34.834413     8.2513     3.1489     16.697    33.2755    25.8828 0.0000e+00
 152.876858     17.075  34.851960     8.2469     3.1385     16.932    33.2982    25.9012 0.0000e+00
 152.876863     17.320  34.862438     8.2414     3.1376     17.175    33.3144    25.9148 0.0000e+00
 152.876869     17.575  34.868526     8.2369     3.1447     17.428    33.3250    25.9238 0.0000e+00
 152.876875     17.839  34.872092     8.2342     3.1477     17.689    33.3313    25.9291 0.0000e+00
 152.876881     18.108  34.874999     8.2331     3.1379     17.956    33.3353    25.9324 0.0000e+00
 152.876887     18.373  34.878233     8.2332     3.1355     18.219    33.3385    25.9349 0.0000e+00
 152.876892     18.629  34.880974     8.2333     3.1332     18.473    33.3412    25.9370 0.0000e+00
