data/oxygen options/ONMS/Olympic_Coast_National_Marine_Sanctuary_CTD_Data_2005_2023/raw_data/2023/CAST_CA042_230718faed.cnv
* Sea-Bird SBE 19 Data File:
* FileName = C:\Users\OCNMS.Inst\Documents\2023 Mooring Data\Casts\CAST_CA042_230718.hex
* Software Version SeatermAF 2.1.4.55
* Temperature SN = 2997
* Conductivity SN = 2997
* System UpLoad Time = Jul 18 2023 23:59:12 (localtime) = Jul 18 2023 23:59:12 (UTC)
** CAST_CA042_230718
* ds
# nquan = 9                                 
# nvalues = 1302                        
# units = specified
# name 0 = timeJ: Julian Days
# name 1 = prSM: Pressure, Strain Gauge [db]
# name 2 = c0mS/cm: Conductivity [mS/cm]
# name 3 = t090C: Temperature [ITS-90, deg C]
# name 4 = sbeox0ML/L: Oxygen, SBE 43 [ml/l]
# name 5 = depSM: Depth [salt water, m], lat = 47.5
# name 6 = sal00: Salinity, Practical [PSU]
# name 7 = sigma-é00: Density [sigma-theta, kg/m^3]
# name 8 = flag: flag
# span 0 = 199.952188, 199.959716       
# span 1 =     -6.211,     41.159       
# span 2 =   0.462536,  39.816940       
# span 3 =     7.8474,    17.0740       
# span 4 =   -10.6127,    15.0569       
# span 5 =     -6.159,     40.811       
# span 6 =     0.2694,    33.7847       
# span 7 =    -0.9513,    26.3423       
# span 8 = 0.0000e+00, 0.0000e+00       
# interval = seconds: 0.5
# start_time = Jul 18 2023 22:51:09 [Instrument's time stamp, header]
# bad_flag = -9.990e-29
*END*
[from data line 481]
 199.954971     -1.140   0.622737    17.0212    -1.7529     -1.130     0.3611    -0.9491 -9.990e-29
 199.954977     -1.135   0.622567    17.0195    -1.7527     -1.126     0.3610    -0.9489 -9.990e-29
 199.954983     -1.128   0.622098    17.0133    -1.7523     -1.119     0.3608    -0.9480 -9.990e-29
 199.954988     -1.119   0.620702    17.0033    -1.7524     -1.110     0.3601    -0.9468 -9.990e-29
 199.954994     -1.113   0.618551    16.9905    -1.7524     -1.104     0.3589    -0.9455 -9.990e-29
 199.955000     -1.112   0.616105    16.9752    -1.7530     -1.103     0.3576    -0.9439 -9.990e-29
 199.955006     -1.112   0.613799    16.9598    -1.7538     -1.103     0.3563    -0.9421 -9.990e-29
 199.955012     -1.109   0.611884    16.9471    -1.7540     -1.100     0.3553    -0.9407 -9.990e-29
 199.955017     -1.103   0.610393    16.9395    -1.7540     -1.094     0.3544    -0.9401 -9.990e-29
 199.955023     -1.097   0.609554    16.9381    -1.7543     -1.088     0.3539    -0.9402 -9.990e-29
 199.955029     -1.097   0.609359    16.9412    -1.7547     -1.088     0.3538    -0.9408 -9.990e-29
 199.955035     -1.096   0.608990    16.9448    -1.7550     -1.087     0.3535    -0.9417 -9.990e-29
 199.955041     -1.091   0.607955    16.9453    -1.7552     -1.082     0.3529    -0.9422 -9.990e-29
 199.955046     -1.082   0.606538    16.9406    -1.7550     -1.073     0.3521    -0.9420 -9.990e-29
 199.955052     -1.069   0.605069    16.9302    -1.7547     -1.060     0.3513    -0.9408 -9.990e-29
 199.955058     -1.054   0.603806    16.9177    -1.7550     -1.045     0.3507    -0.9392 -9.990e-29
 199.955064     -1.044   0.602728    16.9082    -1.7552     -1.035     0.3501    -0.9380 -9.990e-29
 199.955069     -1.045   0.601503    16.9013    -1.7552     -1.036     0.3494    -0.9373 -9.990e-29
 199.955075     -1.051   0.600162    16.8939    -1.7554     -1.042     0.3487    -0.9366 -9.990e-29
 199.955081     -1.055   0.599134    16.8858    -1.7555     -1.046     0.3481    -0.9356 -9.990e-29
 199.955087     -1.052   0.598711    16.8793    -1.7556     -1.043     0.3479    -0.9346 -9.990e-29
 199.955093     -1.043   0.598882    16.8764    -1.7559     -1.034     0.3481    -0.9340 -9.990e-29
 199.955098     -1.030   0.599322    16.8775    -1.7563     -1.021     0.3483    -0.9340 -9.990e-29
 199.955104     -1.018   0.599508    16.8790    -1.7570     -1.010     0.3484    -0.9342 -9.990e-29
 199.955110     -1.005   0.599131    16.8775    -1.7572     -0.997     0.3482    -0.9341 -9.990e-29
 199.955116     -0.995   0.598244    16.8741    -1.7573     -0.987     0.3477    -0.9339 -9.990e-29
 199.955122     -0.993   0.597327    16.8705    -1.7572     -0.985     0.3472    -0.9337 -9.990e-29
 199.955127     -0.996   0.596819    16.8663    -1.7572     -0.988     0.3469    -0.9332 -9.990e-29
 199.955133     -1.006   0.596598    16.8615    -1.7571     -0.998     0.3468    -0.9324 -9.990e-29
 199.955139     -1.020   0.596369    16.8558    -1.7570     -1.011     0.3467    -0.9315 -9.990e-29
 199.955145     -1.029   0.595825    16.8482    -1.7567     -1.020     0.3465    -0.9304 -9.990e-29
 199.955150     -1.029   0.594796    16.8380    -1.7565     -1.020     0.3459    -0.9290 -9.990e-29
 199.955156     -1.026   0.593572    16.8269    -1.7565     -1.017     0.3453    -0.9276 -9.990e-29
 199.955162     -1.027   0.592736    16.8186    -1.7567     -1.018     0.3448    -0.9265 -9.990e-29
 199.955168     -1.032   0.592838    16.8147    -1.7569     -1.023     0.3449    -0.9258 -9.990e-29
 199.955174     -1.034   0.594012    16.8143    -1.7571     -1.025     0.3456    -0.9251 -9.990e-29
 199.955179     -1.027   0.595606    16.8160    -1.7573     -1.018     0.3466    -0.9247 -9.990e-29
 199.955185     -1.017   0.596418    16.8191    -1.7574     -1.009     0.3471    -0.9249 -9.990e-29
 199.955191     -1.006   0.595864    16.8237    -1.7577     -0.998     0.3467    -0.9260 -9.990e-29
 199.955197     -0.994   0.594316    16.8289    -1.7578     -0.986     0.3457    -0.9276 -9.990e-29
 199.955203     -0.985   0.592482    16.8322    -1.7578     -0.977     0.3446    -0.9290 -9.990e-29
 199.955208     -0.981   0.591243    16.8317    -1.7576     -0.973     0.3438    -0.9295 -9.990e-29
 199.955214     -0.979   0.591165    16.8283    -1.7574     -0.971     0.3438    -0.9290 -9.990e-29
 199.955220     -0.974   0.592143    16.8236    -1.7572     -0.966     0.3444    -0.9277 -9.990e-29
 199.955226     -0.970   0.593260    16.8184    -1.7571     -0.962     0.3452    -0.9262 -9.990e-29
 199.955231     -0.971   0.593235    16.8134    -1.7571     -0.963     0.3452    -0.9253 -9.990e-29
 199.955237     -0.977   0.592034    16.8088    -1.7573     -0.969     0.3445    -0.9251 -9.990e-29
 199.955243     -0.984   0.590826    16.8049    -1.7576     -0.976     0.3438    -0.9249 -9.990e-29
 199.955249     -0.989   0.590218    16.8027    -1.7582     -0.981     0.3435    -0.9248 -9.990e-29
 199.955255     -0.992   0.589953    16.8032    -1.7587     -0.984     0.3433    -0.9250 -9.990e-29
 199.955260     -0.992   0.589676    16.8064    -1.7591     -0.984     0.3431    -0.9257 -9.990e-29
 199.955266     -0.990   0.589018    16.8109    -1.7595     -0.982     0.3427    -0.9268 -9.990e-29
 199.955272     -0.987   0.587655    16.8149    -1.7598     -0.979     0.3418    -0.9282 -9.990e-29
 199.955278     -0.985   0.585988    16.8166    -1.7601     -0.977     0.3408    -0.9293 -9.990e-29
 199.955284     -0.989   0.584565    16.8153    -1.7605     -0.981     0.3400    -0.9297 -9.990e-29
 199.955289     -0.995   0.583154    16.8104    -1.7612     -0.987     0.3392    -0.9295 -9.990e-29
 199.955295     -0.995   0.581534    16.8017    -1.7617     -0.987     0.3383    -0.9287 -9.990e-29
 199.955301     -0.985   0.579763    16.7902    -1.7619     -0.977     0.3373    -0.9274 -9.990e-29
 199.955307     -0.968   0.577698    16.7781    -1.7619     -0.960     0.3361    -0.9262 -9.990e-29
 199.955312     -0.952   0.575356    16.7669    -1.7619     -0.944     0.3348    -0.9253 -9.990e-29
 199.955318     -0.939   0.572942    16.7567    -1.7631     -0.931     0.3335    -0.9246 -9.990e-29
 199.955324     -0.930   0.570563    16.7473    -1.7648     -0.922     0.3321    -0.9240 -9.990e-29
 199.955330     -0.923   0.568374    16.7372    -1.7667     -0.915     0.3309    -0.9233 -9.990e-29
 199.955336     -0.918   0.566227    16.7245    -1.7681     -0.910     0.3297    -0.9220 -9.990e-29
 199.955341     -0.915   0.564032    16.7104    -1.7692     -0.907     0.3285    -0.9205 -9.990e-29
 199.955347     -0.914   0.562189    16.6987    -1.6694     -0.906     0.3275    -0.9193 -9.990e-29
 199.955353     -0.910   0.561012    16.6913    -1.5097     -0.902     0.3268    -0.9185 -9.990e-29
 199.955359     -0.898   0.560596    16.6847    -1.5234     -0.891     0.3266    -0.9175 -9.990e-29
 199.955365     -0.883   0.561493    16.6705    -1.5254     -0.876     0.3273    -0.9146 -9.990e-29
 199.955370     -0.867   0.566564    16.6412    -1.5240     -0.860     0.3305    -0.9071 -9.990e-29
 199.955376     -0.850   0.585339    16.5958    -1.5257     -0.843     0.3422    -0.8904 -9.990e-29
 199.955382     -0.831   0.645623    16.5346    -1.5267     -0.824     0.3792    -0.8515 -9.990e-29
 199.955388     -0.807   0.829460    16.4413    -1.5258     -0.800     0.4928    -0.7482 -9.990e-29
 199.955394     -0.779   1.382518    16.2461    -1.5247     -0.773     0.8437    -0.4453 -9.990e-29
 199.955399     -0.743   3.041654    15.7708    -1.5259     -0.737     1.9581     0.4904 -9.990e-29
 199.955405     -0.698   8.018492    15.0410    -1.5242     -0.692     5.6057     3.4092 -9.990e-29
 199.955411     -0.641  18.248221    14.4369    -1.5241     -0.636    13.8457     9.8276 -9.990e-29
 199.955417     -0.576  29.676000    14.1437    -1.5238     -0.571    23.7581    17.4917 -9.990e-29
 199.955422     -0.518  36.258958    14.0314    -1.5263     -0.514    29.7384    22.1186 -9.990e-29
 199.955428     -0.465  38.473746    13.9746    -1.5263     -0.461    31.8118    23.7297 -9.990e-29
 199.955434     -0.412  39.222393    13.9317    -1.5261     -0.409    32.5383    24.2994 -9.990e-29
 199.955440     -0.362  39.476761    13.9098    -1.5259     -0.359    32.7923    24.5000 -9.990e-29
 199.955446     -0.326  39.601793    13.9113    -1.5263     -0.323    32.9068    24.5882 -9.990e-29
 199.955451     -0.305  39.697505    13.9167    -1.5252     -0.302    32.9908    24.6520 -9.990e-29
 199.955457     -0.294  39.734596    13.9149    -1.5252     -0.292    33.0267    24.6801 -9.990e-29
 199.955463     -0.284  39.748523    13.9163    -1.5262     -0.282    33.0385    24.6888 -9.990e-29
 199.955469     -0.269  39.794296    13.9276    -1.5272     -0.267    33.0711    24.7118 -9.990e-29
 199.955475     -0.249  39.816940    13.9430    -1.5264     -0.247    33.0789    24.7145 -9.990e-29
 199.955480     -0.223  39.752501    13.9548    -1.5262     -0.221    33.0090    24.6582 -9.990e-29
 199.955486     -0.193  39.634448    13.9612    -1.5261     -0.191    32.8942    24.5682 -9.990e-29
 199.955492     -0.166  39.553662    13.9634    -1.5269     -0.165    32.8176    24.5086 -9.990e-29
 199.955498     -0.148  39.531899    13.9626    -1.5269     -0.147    32.7982    24.4937 -9.990e-29
 199.955503     -0.143  39.531186    13.9604    -1.5267     -0.142    32.7994    24.4951 -9.990e-29
 199.955509     -0.147  39.544417    13.9535    -1.5275     -0.146    32.8175    24.5105 -9.990e-29
 199.955515     -0.150  39.570187    13.9393    -1.5268     -0.149    32.8535    24.5412 -9.990e-29
 199.955521     -0.145  39.580101    13.9213    -1.5255     -0.144    32.8781    24.5639 -9.990e-29
 199.955527     -0.130  39.568891    13.9077    -1.5257     -0.129    32.8793    24.5677 -9.990e-29
 199.955532     -0.115  39.578220    13.9050    -1.5274     -0.114    32.8903    24.5767 -9.990e-29
 199.955538     -0.102  39.616607    13.9097    -1.5279     -0.101    32.9218    24.6001 -9.990e-29
 199.955544     -0.090  39.636047    13.9134    -1.5278     -0.089    32.9366    24.6108 -9.990e-29
 199.955550     -0.078  39.614833    13.9129    -1.5335     -0.077    32.9174    24.5960 -9.990e-29
 199.955556     -0.066  39.580732    13.9094    -1.5362     -0.065    32.8888    24.5747 -9.990e-29
 199.955561     -0.054  39.565628    13.9054    -1.5350     -0.054    32.8782    24.5673 -9.990e-29
 199.955567     -0.039  39.565643    13.9053    -1.5329     -0.039    32.8783    24.5674 -9.990e-29
 199.955573     -0.026  39.575760    13.9102    -1.5325     -0.026    32.8835    24.5704 -9.990e-29
 199.955579     -0.022  39.610038    13.9117    -1.5328     -0.022    32.9140    24.5936 -9.990e-29
 199.955584     -0.032  39.635730    13.8997    -1.5316     -0.032    32.9481    24.6224 -9.990e-29
 199.955590     -0.052  39.606401    13.8637    -1.5317     -0.052    32.9518    24.6327 -9.990e-29
 199.955596     -0.069  39.547404    13.7808    -1.5329     -0.068    32.9683    24.6624 -9.990e-29
 199.955602     -0.073  39.526357    13.6602    -1.5373     -0.072    33.0526    24.7523 -9.990e-29
 199.955608     -0.063  39.555555    13.5716    -1.5341     -0.062    33.1566    24.8507 -9.990e-29
 199.955613     -0.052  39.594903    13.5544    -1.5320     -0.052    33.2084    24.8941 -9.990e-29
 199.955619     -0.048  39.627351    13.5759    -1.5311     -0.048    33.2200    24.8988 -9.990e-29
 199.955625     -0.050  39.657485    13.5967    -1.5325     -0.050    33.2301    24.9023 -9.990e-29
 199.955631     -0.059  39.681778    13.6082    -1.5339     -0.059    33.2428    24.9098 -9.990e-29
 199.955637     -0.071  39.690607    13.6097    -1.5353     -0.070    33.2497    24.9149 -9.990e-29
 199.955642     -0.082  39.697440    13.5931    -1.5378     -0.081    33.2706    24.9344 -9.990e-29
 199.955648     -0.088  39.717565    13.5576    -1.5371     -0.087    33.3203    24.9801 -9.990e-29
 199.955654     -0.083  39.729629    13.5415    -1.5368     -0.082    33.3457    25.0029 -9.990e-29
 199.955660     -0.064  39.706009    13.5732    -1.5347     -0.063    33.2959    24.9580 -9.990e-29
 199.955666     -0.040  39.655000    13.6152    -1.5354     -0.040    33.2117    24.8843 -9.990e-29
 199.955671     -0.018  39.631327    13.6365    -1.5393     -0.018    33.1711    24.8486 -9.990e-29
 199.955677     -0.004  39.650523    13.6410    -1.5431     -0.004    33.1851    24.8585 -9.990e-29
 199.955683     -0.003  39.644608    13.6328    -1.5459     -0.003    33.1867    24.8614 -9.990e-29
 199.955689     -0.010  39.571606    13.6080    -1.5409     -0.010    33.1400    24.8304 -9.990e-29
 199.955694     -0.016  39.464929    13.5611    -1.5385     -0.016    33.0810    24.7943 -9.990e-29
 199.955700     -0.018  39.379603    13.5089    -1.5401     -0.018    33.0464    24.7782 -9.990e-29
 199.955706     -0.016  39.382690    13.4743    -1.5435     -0.016    33.0793    24.8106 -9.990e-29
 199.955712     -0.014  39.484363    13.4522    -1.5446     -0.014    33.1938    24.9035 -9.990e-29
 199.955718     -0.017  39.607769    13.4230    -1.5394     -0.017    33.3350    25.0187 -9.990e-29
 199.955723     -0.020  39.684301    13.3777    -1.5391     -0.020    33.4466    25.1141 -9.990e-29
 199.955729     -0.018  39.654022    13.3253    -1.5428     -0.018    33.4642    25.1383 -9.990e-29
 199.955735     -0.013  39.522501    13.2953    -1.5434     -0.013    33.3667    25.0689 -9.990e-29
 199.955741     -0.007  39.395127    13.2993    -1.5421     -0.007    33.2434    24.9727 -9.990e-29
 199.955747     -0.006  39.378329    13.3094    -1.5409     -0.006    33.2187    24.9516 -9.990e-29
 199.955752     -0.004  39.478829    13.3084    -1.5409     -0.004    33.3141    25.0256 -9.990e-29
 199.955758      0.004  39.561065    13.3070    -1.5397      0.004    33.3928    25.0867 -9.990e-29
 199.955764      0.016  39.512752    13.3161    -1.5389      0.016    33.3393    25.0435 -9.990e-29
 199.955770      0.031  39.395555    13.3335    -1.5392      0.031    33.2139    24.9430 -9.990e-29
 199.955775      0.040  39.367585    13.3530    -1.5393      0.040    33.1706    24.9056 -9.990e-29
 199.955781      0.043  39.435251    13.3758    -1.5386      0.043    33.2143    24.9348 -9.990e-29
 199.955787      0.051  39.412487    13.4034    -1.5377      0.051    33.1688    24.8941 -9.990e-29
 199.955793      0.067  39.261085    13.4308    -1.5372      0.066    33.0031    24.7604 -9.990e-29
 199.955799      0.088  39.136707    13.4517    -1.5374      0.087    32.8685    24.6521 -9.990e-29
 199.955804      0.106  39.109995    13.4737    -1.5385      0.105    32.8246    24.6137 -9.990e-29
 199.955810      0.116  39.132439    13.5078    -1.5400      0.115    32.8162    24.6004 -9.990e-29
 199.955816      0.112  39.148216    13.5410    -1.5395      0.111    32.8024    24.5830 -9.990e-29
 199.955822      0.104  39.134642    13.5559    -1.5395      0.103    32.7770    24.5603 -9.990e-29
 199.955828      0.098  39.105558    13.5597    -1.5404      0.097    32.7466    24.5361 -9.990e-29
 199.955833      0.096  39.092231    13.5658    -1.5409      0.095    32.7289    24.5212 -9.990e-29
 199.955839      0.096  39.108262    13.5742    11.5749      0.095    32.7367    24.5255 -9.990e-29
 199.955845      0.095  39.143632    13.5784    14.8567      0.094    32.7661    24.5473 -9.990e-29
 199.955851      0.088  39.179366    13.5736    15.0569      0.087    32.8035    24.5773 -9.990e-29
 199.955856      0.079  39.195852    13.5578    12.5885      0.078    32.8325    24.6029 -9.990e-29
 199.955862      0.075  39.182001    13.5338     7.3355      0.074    32.8402    24.6137 -9.990e-29
 199.955868      0.078  39.149035    13.5129     7.5139      0.077    32.8274    24.6080 -9.990e-29
 199.955874      0.077  39.137041    13.5023     7.7304      0.076    32.8253    24.6085 -9.990e-29
 199.955880      0.070  39.153543    13.4986     7.7761      0.069    32.8439    24.6236 -9.990e-29
 199.955885      0.060  39.149360    13.5000     7.7289      0.059    32.8388    24.6194 -9.990e-29
