data/oxygen options/ONMS/Olympic_Coast_National_Marine_Sanctuary_CTD_Data_2005_2023/raw_data/2023/CAST_TH042_230929faedb.cnv
* Sea-Bird SBE 19 Data File:
* FileName = C:\Users\OCNMS.Inst\Documents\2023 Mooring Data\Casts\CAST_TH042_230929.hex
* Software Version SeatermAF 2.1.4.55
* Temperature SN = 2997
* Conductivity SN = 2997
* System UpLoad Time = Sep 29 2023 22:28:33 (localtime) = Sep 29 2023 22:28:33 (UTC)
** CAST_TH042_230929
* ds
# nquan = 9
# nvalues = 40                          
# units = specified
# name 0 = timeJ: Julian Days
# name 1 = prSM: Pressure, Strain Gauge [db]
# name 2 = c0mS/cm: Conductivity [mS/cm]
# name 3 = t090C: Temperature [ITS-90, deg C]
# name 4 = sbeox0ML/L: Oxygen, SBE 43 [ml/l]
# name 5 = depSM: Depth [salt water, m], lat = 47.5
# name 6 = sal00: Salinity, Practical [PSU]
# name 7 = sigma-é00: Density [sigma-theta, kg/m^3]
# name 8 = flag: flag
# span 0 = 272.807834, 272.808761       
# span 1 =      2.000,     41.000       
# span 2 =  37.218232,  38.683038       
# span 3 =    13.9509,    14.2968       
# span 4 =     5.4744,     5.8416       
# span 5 =      1.983,     40.654       
# span 6 =    30.6080,    31.9819       
# span 7 =    22.7882,    23.8671       
# span 8 = 0.0000e+00, 0.0000e+00       
# interval = decibars: 1                
# start_time = Sep 29 2023 19:15:23 [Instrument's time stamp, header]
# bad_flag = -9.990e-29
*END*
 272.807834      2.000  37.218271    14.0375     5.8416      1.983    30.6080    22.7882 0.0000e+00
 272.807865      3.000  37.218232    14.0346     5.8201      2.975    30.6099    22.7902 0.0000e+00
 272.807890      4.000  37.228497    14.0367     5.7606      3.966    30.6173    22.7955 0.0000e+00
 272.807913      5.000  37.392337    14.0956     5.6734      4.958    30.7197    22.8625 0.0000e+00
 272.807936      6.000  37.775783    14.2168     5.6499      5.950    30.9725    23.0328 0.0000e+00
 272.807957      7.000  38.062704    14.2968     5.6851      6.941    31.1694    23.1682 0.0000e+00
 272.807977      8.000  38.140439    14.2799     5.6660      7.933    31.2535    23.2366 0.0000e+00
 272.807999      9.000  38.226818    14.2392     5.6529      8.925    31.3649    23.3309 0.0000e+00
 272.808021     10.000  38.299340    14.2296     5.6389      9.916    31.4386    23.3897 0.0000e+00
 272.808044     11.000  38.336125    14.2147     5.6087     10.908    31.4840    23.4279 0.0000e+00
 272.808066     12.000  38.425171    14.1878     5.6280     11.899    31.5870    23.5128 0.0000e+00
 272.808089     13.000  38.469938    14.1445     5.6610     12.891    31.6631    23.5805 0.0000e+00
 272.808113     14.000  38.492313    14.0828     5.6693     13.883    31.7340    23.6479 0.0000e+00
 272.808135     15.000  38.489311    14.0623     5.6472     14.874    31.7477    23.6628 0.0000e+00
 272.808160     16.000  38.527763    14.0509     5.6126     15.866    31.7921    23.6993 0.0000e+00
 272.808183     17.000  38.600499    14.0308     5.5513     16.858    31.8751    23.7676 0.0000e+00
 272.808204     18.000  38.654125    14.0072     5.5816     17.849    31.9437    23.8254 0.0000e+00
 272.808229     19.000  38.664829    14.0029     5.5804     18.841    31.9567    23.8363 0.0000e+00
 272.808256     20.000  38.666723    14.0001     5.5712     19.832    31.9604    23.8398 0.0000e+00
 272.808279     21.000  38.674948    13.9964     5.5820     20.824    31.9707    23.8485 0.0000e+00
 272.808301     22.000  38.677032    13.9969     5.5825     21.815    31.9717    23.8493 0.0000e+00
 272.808326     23.000  38.678903    13.9977     5.5715     22.807    31.9724    23.8496 0.0000e+00
 272.808351     24.000  38.677005    13.9963     5.5684     23.798    31.9715    23.8492 0.0000e+00
 272.808373     25.000  38.678090    13.9963     5.5648     24.790    31.9721    23.8498 0.0000e+00
 272.808394     26.000  38.679035    13.9970     5.5591     25.781    31.9720    23.8496 0.0000e+00
 272.808416     27.000  38.679833    13.9967     5.5823     26.773    31.9726    23.8501 0.0000e+00
 272.808438     28.000  38.680120    13.9963     5.5866     27.765    31.9728    23.8504 0.0000e+00
 272.808461     29.000  38.679938    13.9962     5.5812     28.756    31.9724    23.8501 0.0000e+00
 272.808483     30.000  38.679819    13.9958     5.5767     29.747    31.9722    23.8500 0.0000e+00
 272.808508     31.000  38.681225    13.9958     5.5707     30.739    31.9731    23.8508 0.0000e+00
 272.808532     32.000  38.682286    13.9958     5.5715     31.730    31.9737    23.8513 0.0000e+00
 272.808553     33.000  38.682949    13.9955     5.5592     32.722    31.9742    23.8517 0.0000e+00
 272.808577     34.000  38.683038    13.9943     5.5571     33.714    31.9748    23.8525 0.0000e+00
 272.808603     35.000  38.682890    13.9930     5.5590     34.705    31.9754    23.8532 0.0000e+00
 272.808626     36.000  38.681975    13.9888     5.5526     35.697    31.9777    23.8559 0.0000e+00
 272.808647     37.000  38.679487    13.9837     5.5511     36.688    31.9792    23.8581 0.0000e+00
 272.808667     38.000  38.678973    13.9809     5.5509     37.680    31.9807    23.8599 0.0000e+00
 272.808691     39.000  38.678641    13.9797     5.5435     38.671    31.9810    23.8604 0.0000e+00
 272.808717     40.000  38.676298    13.9761     5.5226     39.662    31.9814    23.8615 0.0000e+00
 272.808761     41.000  38.654487    13.9509     5.4744     40.654    31.9819    23.8671 0.0000e+00
