data/oxygen options/ONMS/Olympic_Coast_National_Marine_Sanctuary_CTD_Data_2005_2023/raw_data/2023/CAST_CE042_230717faed.cnv
* Sea-Bird SBE 19 Data File:
* FileName = C:\Users\OCNMS.Inst\Documents\2023 Mooring Data\Casts\CAST_CE042_230717.hex
* Software Version SeatermAF 2.1.4.55
* Temperature SN = 2997
* Conductivity SN = 2997
* System UpLoad Time = Jul 17 2023 19:53:25 (localtime) = Jul 17 2023 19:53:25 (UTC)
** CAST_CE042_230717
* ds
# nquan = 9                                 
# nvalues = 1050                        
# units = specified
# name 0 = timeJ: Julian Days
# name 1 = prSM: Pressure, Strain Gauge [db]
# name 2 = c0mS/cm: Conductivity [mS/cm]
# name 3 = t090C: Temperature [ITS-90, deg C]
# name 4 = sbeox0ML/L: Oxygen, SBE 43 [ml/l]
# name 5 = depSM: Depth [salt water, m], lat = 47.5
# name 6 = sal00: Salinity, Practical [PSU]
# name 7 = sigma-é00: Density [sigma-theta, kg/m^3]
# name 8 = flag: flag
# span 0 = 198.770660, 198.776730       
# span 1 =     -6.485,     42.132       
# span 2 =   0.007287,  41.536566       
# span 3 =     7.8396,    19.7394       
# span 4 =    -1.7522,    14.4240       
# span 5 =     -6.431,     41.776       
# span 6 =     0.0115,    33.7715       
# span 7 =    -1.7323,    26.3328       
# span 8 = 0.0000e+00, 0.0000e+00       
# interval = seconds: 0.5
# start_time = Jul 17 2023 18:29:45 [Instrument's time stamp, header]
# bad_flag = -9.990e-29
*END*
 198.770660     -6.485 -9.990e-29    19.2444    -1.6797     -6.431 -9.990e-29 -9.990e-29 -9.990e-29
 198.770666     -6.467   0.007298    19.2345    -1.6802     -6.413     0.0116    -1.6311 -9.990e-29
 198.770671     -6.449   0.007298    19.2231    -1.6804     -6.395     0.0116    -1.6288 -9.990e-29
 198.770677     -6.432   0.007298    19.2157    -1.6806     -6.378     0.0115    -1.6274 -9.990e-29
 198.770683     -6.412   0.007298    19.2121    -1.6808     -6.359     0.0115    -1.6266 -9.990e-29
 198.770689     -6.388   0.007298    19.2106    -1.6809     -6.335     0.0115    -1.6263 -9.990e-29
 198.770694     -6.367   0.007298    19.2102    -1.6807     -6.314     0.0115    -1.6263 -9.990e-29
 198.770700     -6.347   0.007298    19.2073    -1.6802     -6.294     0.0115    -1.6257 -9.990e-29
 198.770706     -6.323   0.007298    19.1990    -1.6797     -6.270     0.0115    -1.6241 -9.990e-29
 198.770712     -6.297   0.007298    19.1875    -1.6795     -6.245     0.0115    -1.6218 -9.990e-29
 198.770718     -6.273   0.007298    19.1764    -1.6794     -6.221     0.0115    -1.6196 -9.990e-29
 198.770723     -6.248   0.007298    19.1677    -1.6793     -6.196     0.0115    -1.6179 -9.990e-29
 198.770729     -6.222   0.007298    19.1613    -1.6792     -6.170     0.0115    -1.6166 -9.990e-29
 198.770735     -6.192   0.007298    19.1571    -1.6790     -6.140     0.0115    -1.6158 -9.990e-29
 198.770741     -6.156   0.007298    19.1570    -1.6789     -6.105     0.0115    -1.6158 -9.990e-29
 198.770747     -6.117   0.007298    19.1627    -1.6787     -6.066     0.0115    -1.6169 -9.990e-29
 198.770752     -6.081   0.007298    19.1727    -1.6787     -6.030     0.0115    -1.6188 -9.990e-29
 198.770758     -6.049   0.007298    19.1834    -1.6788     -5.999     0.0115    -1.6210 -9.990e-29
 198.770764     -6.020   0.007298    19.1916    -1.6788     -5.970     0.0115    -1.6226 -9.990e-29
 198.770770     -5.991   0.007298    19.1971    -1.6782     -5.941     0.0115    -1.6237 -9.990e-29
 198.770775     -5.961   0.007298    19.2016    -1.6775     -5.911     0.0115    -1.6246 -9.990e-29
 198.770781     -5.928   0.007298    19.2060    -1.6765     -5.879     0.0115    -1.6254 -9.990e-29
 198.770787     -5.894   0.007298    19.2102    -1.6750     -5.845     0.0115    -1.6263 -9.990e-29
 198.770793     -5.862   0.007298    19.2147    -1.6742     -5.813     0.0115    -1.6271 -9.990e-29
 198.770799     -5.829   0.007298    19.2186    -1.6741     -5.780     0.0115    -1.6279 -9.990e-29
 198.770804     -5.797   0.007298    19.2205    -1.6738     -5.749     0.0115    -1.6283 -9.990e-29
 198.770810     -5.769   0.007298    19.2223    -1.6737     -5.721     0.0116    -1.6286 -9.990e-29
 198.770816     -5.743   0.007298    19.2290    -1.6742     -5.695     0.0116    -1.6300 -9.990e-29
 198.770822     -5.717   0.007298    19.2440    -1.6748     -5.669     0.0116    -1.6329 -9.990e-29
 198.770828     -5.690   0.007298    19.2668    -1.6761     -5.643     0.0116    -1.6375 -9.990e-29
 198.770833     -5.659   0.007298    19.2961    -1.6764     -5.612     0.0116    -1.6433 -9.990e-29
 198.770839     -5.628   0.007298    19.3271    -1.6763     -5.581     0.0116    -1.6494 -9.990e-29
 198.770845     -5.598   0.007298    19.3506    -1.6760     -5.551     0.0116    -1.6541 -9.990e-29
 198.770851     -5.568   0.007298    19.3638    -1.6757     -5.522     0.0116    -1.6568 -9.990e-29
 198.770856     -5.540   0.007298    19.3700    -1.6753     -5.494     0.0116    -1.6580 -9.990e-29
 198.770862     -5.517   0.007298    19.3688    -1.6750     -5.471     0.0116    -1.6578 -9.990e-29
 198.770868     -5.496   0.007298    19.3578    -1.6747     -5.450     0.0116    -1.6556 -9.990e-29
 198.770874     -5.477   0.007298    19.3385    -1.6752     -5.431     0.0116    -1.6517 -9.990e-29
 198.770880     -5.458   0.007298    19.3180    -1.6762     -5.413     0.0116    -1.6476 -9.990e-29
 198.770885     -5.439   0.007298    19.3063    -1.6768     -5.394     0.0116    -1.6453 -9.990e-29
 198.770891     -5.418   0.007298    19.3057    -1.6774     -5.373     0.0116    -1.6452 -9.990e-29
 198.770897     -5.393   0.007298    19.3115    -1.6776     -5.348     0.0116    -1.6463 -9.990e-29
 198.770903     -5.368   0.007298    19.3197    -1.6776     -5.323     0.0116    -1.6480 -9.990e-29
 198.770909     -5.345   0.007298    19.3284    -1.6775     -5.300     0.0116    -1.6497 -9.990e-29
 198.770914     -5.318   0.007298    19.3351    -1.6772     -5.274     0.0116    -1.6510 -9.990e-29
 198.770920     -5.286   0.007298    19.3353    -1.6770     -5.242     0.0116    -1.6511 -9.990e-29
 198.770926     -5.255   0.007298    19.3248    -1.6767     -5.211     0.0116    -1.6490 -9.990e-29
 198.770932     -5.227   0.007298    19.3066    -1.6766     -5.183     0.0116    -1.6454 -9.990e-29
 198.770938     -5.201   0.007298    19.2883    -1.6760     -5.158     0.0116    -1.6417 -9.990e-29
 198.770943     -5.175   0.007298    19.2743    -1.6755     -5.132     0.0116    -1.6389 -9.990e-29
 198.770949     -5.148   0.007298    19.2666    -1.6750     -5.105     0.0116    -1.6374 -9.990e-29
 198.770955     -5.117   0.007298    19.2649    -1.6744     -5.074     0.0116    -1.6371 -9.990e-29
 198.770961     -5.085   0.007298    19.2675    -1.6743     -5.043     0.0116    -1.6376 -9.990e-29
 198.770966     -5.058   0.007298    19.2731    -1.6741     -5.016     0.0116    -1.6387 -9.990e-29
 198.770972     -5.040   0.007298    19.2802    -1.6741     -4.998     0.0116    -1.6401 -9.990e-29
 198.770978     -5.028   0.007298    19.2878    -1.6740     -4.986     0.0116    -1.6416 -9.990e-29
 198.770984     -5.018   0.007298    19.2977    -1.6735     -4.976     0.0116    -1.6436 -9.990e-29
 198.770990     -5.005   0.007298    19.3114    -1.6731     -4.963     0.0116    -1.6463 -9.990e-29
 198.770995     -4.989   0.007298    19.3271    -1.6728     -4.947     0.0116    -1.6494 -9.990e-29
 198.771001     -4.967   0.007298    19.3422    -1.6730     -4.926     0.0116    -1.6524 -9.990e-29
 198.771007     -4.944   0.007298    19.3550    -1.6730     -4.903     0.0116    -1.6550 -9.990e-29
 198.771013     -4.921   0.007298    19.3638    -1.6729     -4.880     0.0116    -1.6567 -9.990e-29
 198.771019     -4.902   0.007298    19.3691    -1.6732     -4.861     0.0116    -1.6578 -9.990e-29
 198.771024     -4.890   0.007298    19.3736    -1.6733     -4.849     0.0116    -1.6587 -9.990e-29
 198.771030     -4.879   0.007298    19.3801    -1.6732     -4.838     0.0116    -1.6600 -9.990e-29
 198.771036     -4.865   0.007298    19.3897    -1.6733     -4.824     0.0116    -1.6619 -9.990e-29
 198.771042     -4.847   0.007298    19.3995    -1.6729     -4.807     0.0116    -1.6639 -9.990e-29
 198.771047     -4.824   0.007298    19.4058    -1.6723     -4.784     0.0116    -1.6651 -9.990e-29
 198.771053     -4.794   0.007298    19.4077    -1.6719     -4.754     0.0116    -1.6655 -9.990e-29
 198.771059     -4.759   0.007298    19.4076    -1.6712     -4.719     0.0116    -1.6655 -9.990e-29
 198.771065     -4.726   0.007298    19.4060    -1.6707     -4.687     0.0116    -1.6652 -9.990e-29
 198.771071     -4.697   0.007298    19.4033    -1.6704     -4.658     0.0116    -1.6646 -9.990e-29
 198.771076     -4.671   0.007298    19.4018    -1.6700     -4.632     0.0116    -1.6643 -9.990e-29
 198.771082     -4.645   0.007298    19.4026    -1.6697     -4.606     0.0116    -1.6645 -9.990e-29
 198.771088     -4.618   0.007298    19.4067    -1.6694     -4.580     0.0116    -1.6653 -9.990e-29
 198.771094     -4.593   0.007298    19.4160    -1.6691     -4.555     0.0116    -1.6672 -9.990e-29
 198.771100     -4.571   0.007298    19.4300    -1.6688     -4.533     0.0116    -1.6700 -9.990e-29
 198.771105     -4.548   0.007298    19.4462    -1.6684     -4.510     0.0116    -1.6732 -9.990e-29
 198.771111     -4.523   0.007298    19.4628    -1.6681     -4.485     0.0116    -1.6765 -9.990e-29
 198.771117     -4.497   0.007298    19.4780    -1.6679     -4.460     0.0116    -1.6796 -9.990e-29
 198.771123     -4.469   0.007298    19.4913    -1.6678     -4.432     0.0116    -1.6822 -9.990e-29
 198.771128     -4.441   0.007298    19.5031    -1.6678     -4.404     0.0116    -1.6846 -9.990e-29
 198.771134     -4.417   0.007297    19.5136    -1.6677     -4.380     0.0116    -1.6867 -9.990e-29
 198.771140     -4.395   0.007297    19.5233    -1.6676     -4.358     0.0116    -1.6887 -9.990e-29
 198.771146     -4.372   0.007297    19.5332    -1.6675     -4.336     0.0116    -1.6907 -9.990e-29
 198.771152     -4.349   0.007297    19.5433    -1.6675     -4.313     0.0117    -1.6927 -9.990e-29
 198.771157     -4.327   0.007297    19.5531    -1.6674     -4.291     0.0117    -1.6947 -9.990e-29
 198.771163     -4.309   0.007297    19.5616    -1.6671     -4.273     0.0117    -1.6964 -9.990e-29
 198.771169     -4.294   0.007297    19.5679    -1.6668     -4.258     0.0117    -1.6976 -9.990e-29
 198.771175     -4.282   0.007297    19.5722    -1.6664     -4.246     0.0117    -1.6985 -9.990e-29
 198.771181     -4.268   0.007297    19.5754    -1.6655     -4.232     0.0117    -1.6992 -9.990e-29
 198.771186     -4.245   0.007297    19.5785    -1.6651     -4.210     0.0117    -1.6998 -9.990e-29
 198.771192     -4.217   0.007297    19.5815    -1.6650     -4.182     0.0117    -1.7004 -9.990e-29
 198.771198     -4.191   0.007297    19.5840    -1.6647     -4.156     0.0117    -1.7009 -9.990e-29
 198.771204     -4.169   0.007297    19.5867    -1.6644     -4.134     0.0117    -1.7014 -9.990e-29
 198.771209     -4.151   0.007297    19.5915    -1.6640     -4.116     0.0117    -1.7024 -9.990e-29
 198.771215     -4.134   0.007297    19.5991    -1.6640     -4.100     0.0117    -1.7039 -9.990e-29
 198.771221     -4.118   0.007297    19.6098    -1.6652     -4.084     0.0117    -1.7061 -9.990e-29
 198.771227     -4.101   0.007297    19.6246    -1.6656     -4.067     0.0117    -1.7091 -9.990e-29
 198.771233     -4.083   0.007297    19.6415    -1.6662     -4.049     0.0117    -1.7125 -9.990e-29
 198.771238     -4.063   0.007297    19.6553    -1.6665     -4.029     0.0117    -1.7153 -9.990e-29
 198.771244     -4.038   0.007297    19.6654    -1.6665     -4.004     0.0117    -1.7173 -9.990e-29
 198.771250     -4.008   0.007297    19.6747    -1.6658     -3.975     0.0117    -1.7192 -9.990e-29
 198.771256     -3.976   0.007297    19.6832    -1.6650     -3.943     0.0117    -1.7210 -9.990e-29
 198.771262     -3.947   0.007297    19.6874    -1.6645     -3.914     0.0117    -1.7218 -9.990e-29
 198.771267     -3.923   0.007297    19.6814    -1.6642     -3.890     0.0117    -1.7206 -9.990e-29
 198.771273     -3.904   0.007297    19.6656    -1.6641     -3.871     0.0117    -1.7174 -9.990e-29
 198.771279     -3.888   0.007297    19.6484    -1.6643     -3.856     0.0117    -1.7139 -9.990e-29
 198.771285     -3.874   0.007297    19.6349    -1.6641     -3.842     0.0117    -1.7112 -9.990e-29
 198.771291     -3.862   0.007297    19.6279    -1.6646     -3.830     0.0117    -1.7098 -9.990e-29
 198.771296     -3.850   0.007297    19.6313    -1.6649     -3.818     0.0117    -1.7104 -9.990e-29
 198.771302     -3.838   0.007297    19.6447    -1.6651     -3.806     0.0117    -1.7132 -9.990e-29
 198.771308     -3.825   0.007297    19.6620    -1.6655     -3.793     0.0117    -1.7167 -9.990e-29
 198.771314     -3.810   0.007297    19.6769    -1.6657     -3.778     0.0117    -1.7197 -9.990e-29
 198.771319     -3.792   0.007297    19.6864    -1.6658     -3.760     0.0117    -1.7216 -9.990e-29
 198.771325     -3.775   0.007297    19.6902    -1.6658     -3.744     0.0117    -1.7224 -9.990e-29
 198.771331     -3.761   0.007297    19.6902    -1.6658     -3.730     0.0117    -1.7224 -9.990e-29
 198.771337     -3.750   0.007297    19.6874    -1.6657     -3.719     0.0117    -1.7218 -9.990e-29
 198.771343     -3.741   0.007297    19.6803    -1.6659     -3.710     0.0117    -1.7204 -9.990e-29
 198.771348     -3.733   0.007297    19.6708    -1.6659     -3.702     0.0117    -1.7184 -9.990e-29
 198.771354     -3.726   0.007297    19.6617    -1.6658     -3.695     0.0117    -1.7166 -9.990e-29
 198.771360     -3.715   0.007297    19.6536    -1.6661     -3.684     0.0117    -1.7149 -9.990e-29
 198.771366     -3.696   0.007297    19.6478    -1.6667     -3.665     0.0117    -1.7138 -9.990e-29
 198.771372     -3.670   0.007297    19.6446    -1.6670     -3.639     0.0117    -1.7131 -9.990e-29
 198.771377     -3.646   0.007297    19.6428    -1.6658     -3.616     0.0117    -1.7128 -9.990e-29
 198.771383     -3.626   0.007297    19.6421    -1.6650     -3.596     0.0117    -1.7126 -9.990e-29
 198.771389     -3.608   0.007297    19.6415    -1.6645     -3.578     0.0117    -1.7125 -9.990e-29
 198.771395     -3.592   0.007298    19.6399    -1.6643     -3.562     0.0117    -1.7122 -9.990e-29
 198.771400     -3.577   0.007298    19.6383    -1.6639     -3.547     0.0117    -1.7118 -9.990e-29
 198.771406     -3.561   0.007298    19.6359    -1.6635     -3.531     0.0117    -1.7114 -9.990e-29
 198.771412     -3.543   0.007299    19.6302    -1.6630     -3.513     0.0117    -1.7102 -9.990e-29
 198.771418     -3.523   0.007299    19.6239    -1.6628     -3.494     0.0117    -1.7089 -9.990e-29
 198.771424     -3.504   0.007299    19.6267    -1.6628     -3.475     0.0117    -1.7095 -9.990e-29
 198.771429     -3.488   0.007300    19.6429    -1.6632     -3.459     0.0117    -1.7128 -9.990e-29
 198.771435     -3.470   0.007300    19.6635    -1.6635     -3.441     0.0117    -1.7169 -9.990e-29
 198.771441     -3.449   0.007300    19.6800    -1.6641     -3.420     0.0117    -1.7203 -9.990e-29
 198.771447     -3.428   0.007301    19.6925    -1.6648     -3.399     0.0117    -1.7228 -9.990e-29
 198.771453     -3.406   0.007301    19.7040    -1.6656     -3.378     0.0117    -1.7252 -9.990e-29
 198.771458     -3.385   0.007301    19.7159    -1.6666     -3.357     0.0117    -1.7276 -9.990e-29
 198.771464     -3.369   0.007301    19.7265    -1.6670     -3.341     0.0117    -1.7297 -9.990e-29
 198.771470     -3.356   0.007302    19.7323    -1.6679     -3.328     0.0117    -1.7309 -9.990e-29
 198.771476     -3.346   0.007302    19.7311    -1.6689     -3.318     0.0117    -1.7307 -9.990e-29
 198.771481     -3.338   0.007302    19.7235    -1.6697     -3.310     0.0117    -1.7291 -9.990e-29
 198.771487     -3.331   0.007303    19.7113    -1.6702     -3.303     0.0117    -1.7266 -9.990e-29
 198.771493     -3.325   0.007303    19.6945    -1.6706     -3.297     0.0117    -1.7232 -9.990e-29
 198.771499     -3.320   0.007303    19.6730    -1.6705     -3.292     0.0117    -1.7189 -9.990e-29
 198.771505     -3.315   0.007304    19.6486    -1.6703     -3.287     0.0117    -1.7139 -9.990e-29
 198.771510     -3.311   0.007304    19.6242    -1.6699     -3.283     0.0117    -1.7090 -9.990e-29
 198.771516     -3.305   0.007304    19.6005    -1.6696     -3.277     0.0117    -1.7042 -9.990e-29
 198.771522     -3.300   0.007304    19.5752    -1.6693     -3.272     0.0117    -1.6991 -9.990e-29
 198.771528     -3.293   0.007305    19.5492    -1.6689     -3.266     0.0117    -1.6938 -9.990e-29
 198.771534     -3.285   0.007305    19.5267    -1.6687     -3.258     0.0116    -1.6893 -9.990e-29
 198.771539     -3.275   0.007305    19.5103    -1.6685     -3.248     0.0116    -1.6860 -9.990e-29
 198.771545     -3.263   0.007306    19.5014    -1.6685     -3.236     0.0116    -1.6842 -9.990e-29
 198.771551     -3.247   0.007306    19.5006    -1.6674     -3.220     0.0116    -1.6841 -9.990e-29
 198.771557     -3.231   0.007306    19.5058    -1.6658     -3.204     0.0116    -1.6851 -9.990e-29
 198.771562     -3.218   0.007307    19.5143    -1.6648     -3.191     0.0116    -1.6868 -9.990e-29
 198.771568     -3.204   0.007307    19.5243    -1.6639     -3.177     0.0116    -1.6888 -9.990e-29
 198.771574     -3.187   0.007307    19.5345    -1.6634     -3.160     0.0117    -1.6909 -9.990e-29
 198.771580     -3.174   0.007307    19.5440    -1.6631     -3.148     0.0117    -1.6928 -9.990e-29
