data/oxygen options/ONMS/Olympic_Coast_National_Marine_Sanctuary_CTD_Data_2005_2023/raw_data/2023/CAST_CE015_230717faed.cnv
* Sea-Bird SBE 19 Data File:
* FileName = C:\Users\OCNMS.Inst\Documents\2023 Mooring Data\Casts\CAST_CE015_230717.hex
* Software Version SeatermAF 2.1.4.55
* Temperature SN = 2997
* Conductivity SN = 2997
* System UpLoad Time = Jul 17 2023 21:12:55 (localtime) = Jul 17 2023 21:12:55 (UTC)
** CAST_CE015_230717
* ds
# nquan = 9                                 
# nvalues = 1251                        
# units = specified
# name 0 = timeJ: Julian Days
# name 1 = prSM: Pressure, Strain Gauge [db]
# name 2 = c0mS/cm: Conductivity [mS/cm]
# name 3 = t090C: Temperature [ITS-90, deg C]
# name 4 = sbeox0ML/L: Oxygen, SBE 43 [ml/l]
# name 5 = depSM: Depth [salt water, m], lat = 47.5
# name 6 = sal00: Salinity, Practical [PSU]
# name 7 = sigma-é00: Density [sigma-theta, kg/m^3]
# name 8 = flag: flag
# span 0 = 198.840891, 198.848125       
# span 1 =     -6.143,     13.762       
# span 2 =   0.456261,  39.932723       
# span 3 =     8.6399,    21.6248       
# span 4 =    -1.9091,    13.8940       
# span 5 =     -6.092,     13.647       
# span 6 =     0.2538,    34.1860       
# span 7 =    -1.9496,    26.0451       
# span 8 = 0.0000e+00, 0.0000e+00       
# interval = seconds: 0.5
# start_time = Jul 17 2023 20:10:53 [Instrument's time stamp, header]
# bad_flag = -9.990e-29
*END*
[from data line 961]
 198.846453      0.631  39.612338    13.6269     6.0071      0.626    33.1614    24.8431 -9.990e-29
 198.846458      0.636  39.620117    13.6357     6.0592      0.631    33.1610    24.8410 -9.990e-29
 198.846464      0.648  39.645565    13.6457     6.0119      0.643    33.1761    24.8507 -9.990e-29
 198.846470      0.655  39.655903    13.6509     6.0565      0.650    33.1812    24.8536 -9.990e-29
 198.846476      0.649  39.643604    13.6517     6.0593      0.644    33.1691    24.8440 -9.990e-29
 198.846481      0.634  39.625312    13.6535     6.0464      0.629    33.1505    24.8292 -9.990e-29
 198.846487      0.622  39.619167    13.6700     6.0594      0.617    33.1304    24.8104 -9.990e-29
 198.846493      0.624  39.640973    13.7151     6.0369      0.619    33.1117    24.7867 -9.990e-29
 198.846499      0.637  39.709066    13.7894     6.0471      0.632    33.1109    24.7709 -9.990e-29
 198.846505      0.648  39.796486    13.8645     6.0391      0.643    33.1272    24.7681 -9.990e-29
 198.846510      0.654  39.839846    13.9094     6.0231      0.649    33.1287    24.7600 -9.990e-29
 198.846516      0.656  39.840860    13.9235     6.0313      0.651    33.1175    24.7484 -9.990e-29
 198.846522      0.654  39.828279    13.9205     6.0429      0.649    33.1084    24.7420 -9.990e-29
 198.846528      0.646  39.811598    13.9109     6.0620      0.641    33.1012    24.7384 -9.990e-29
 198.846534      0.634  39.790914    13.8946     6.0738      0.629    33.0961    24.7378 -9.990e-29
 198.846539      0.620  39.765468    13.8655     6.0682      0.615    33.0976    24.7450 -9.990e-29
 198.846545      0.611  39.753928    13.8263     6.0782      0.606    33.1207    24.7709 -9.990e-29
 198.846551      0.613  39.754840    13.7966     6.0559      0.608    33.1472    24.7975 -9.990e-29
 198.846557      0.625  39.749724    13.8068     6.0713      0.620    33.1336    24.7849 -9.990e-29
 198.846563      0.643  39.772579    13.8599     6.0232      0.638    33.1090    24.7550 -9.990e-29
 198.846568      0.659  39.834739    13.9131     5.9922      0.653    33.1208    24.7531 -9.990e-29
 198.846574      0.668  39.880593    13.9275     5.9851      0.662    33.1508    24.7734 -9.990e-29
 198.846580      0.664  39.893886    13.8985     5.9975      0.658    33.1882    24.8082 -9.990e-29
 198.846586      0.652  39.881071    13.8418     6.0365      0.647    33.2254    24.8486 -9.990e-29
 198.846591      0.639  39.846283    13.7957     6.0460      0.634    33.2330    24.8640 -9.990e-29
 198.846597      0.634  39.802455    13.7841     6.0497      0.629    33.2023    24.8426 -9.990e-29
 198.846603      0.640  39.733648    13.7697     6.0615      0.635    33.1508    24.8057 -9.990e-29
 198.846609      0.653  39.655062    13.7365     6.0610      0.648    33.1063    24.7782 -9.990e-29
 198.846615      0.666  39.618747    13.7280     6.0584      0.660    33.0799    24.7595 -9.990e-29
 198.846620      0.674  39.624958    13.7612     6.0261      0.668    33.0570    24.7350 -9.990e-29
 198.846626      0.680  39.662275    13.8147     6.0238      0.674    33.0455    24.7152 -9.990e-29
 198.846632      0.683  39.715370    13.8610     6.0299      0.677    33.0549    24.7130 -9.990e-29
 198.846638      0.682  39.754664    13.8912     6.0416      0.676    33.0654    24.7148 -9.990e-29
 198.846644      0.683  39.799420    13.9220     6.0509      0.677    33.0803    24.7200 -9.990e-29
 198.846649      0.690  39.863856    13.9608     5.9903      0.684    33.1066    24.7323 -9.990e-29
 198.846655      0.699  39.908843    13.9915     6.0253      0.693    33.1218    24.7377 -9.990e-29
 198.846661      0.706  39.918079    14.0061     6.0272      0.700    33.1178    24.7316 -9.990e-29
 198.846667      0.712  39.912777    14.0102     6.0303      0.706    33.1093    24.7242 -9.990e-29
 198.846672      0.717  39.911574    14.0096     6.0570      0.711    33.1087    24.7239 -9.990e-29
 198.846678      0.717  39.917834    14.0099     6.0457      0.711    33.1143    24.7281 -9.990e-29
 198.846684      0.708  39.921893    14.0119     6.0767      0.702    33.1163    24.7293 -9.990e-29
 198.846690      0.697  39.920119    14.0145     6.0581      0.691    33.1124    24.7257 -9.990e-29
 198.846696      0.698  39.917915    14.0170     6.0236      0.692    33.1083    24.7220 -9.990e-29
 198.846701      0.714  39.914510    14.0151     6.0400      0.708    33.1067    24.7212 -9.990e-29
 198.846707      0.738  39.902485    14.0066     6.0444      0.732    33.1029    24.7200 -9.990e-29
 198.846713      0.753  39.889828    13.9979     6.0559      0.747    33.0987    24.7185 -9.990e-29
 198.846719      0.754  39.888164    13.9868     6.0352      0.748    33.1067    24.7270 -9.990e-29
 198.846725      0.743  39.886228    13.9593     6.0258      0.737    33.1286    24.7496 -9.990e-29
 198.846730      0.729  39.867351    13.9103     6.0151      0.723    33.1534    24.7789 -9.990e-29
 198.846736      0.719  39.817495    13.8489     6.0258      0.713    33.1602    24.7968 -9.990e-29
 198.846742      0.722  39.748559    13.8062     6.0497      0.716    33.1330    24.7846 -9.990e-29
 198.846748      0.732  39.725454    13.7903     6.0418      0.726    33.1253    24.7818 -9.990e-29
 198.846753      0.735  39.746424    13.7638     6.0474      0.729    33.1677    24.8201 -9.990e-29
 198.846759      0.726  39.737350    13.7260     6.0353      0.720    33.1920    24.8466 -9.990e-29
 198.846765      0.712  39.707913    13.7026     6.0479      0.706    33.1849    24.8458 -9.990e-29
 198.846771      0.697  39.689394    13.6910     6.0649      0.691    33.1777    24.8426 -9.990e-29
 198.846777      0.680  39.668785    13.6827     6.0548      0.674    33.1657    24.8351 -9.990e-29
 198.846782      0.669  39.651027    13.6791     6.0696      0.663    33.1522    24.8254 -9.990e-29
 198.846788      0.671  39.645992    13.6812     6.0838      0.665    33.1457    24.8199 -9.990e-29
 198.846794      0.679  39.648570    13.6857     6.1090      0.673    33.1442    24.8179 -9.990e-29
 198.846800      0.683  39.654275    13.6933     6.1150      0.677    33.1430    24.8153 -9.990e-29
 198.846806      0.684  39.665592    13.7162     6.1082      0.678    33.1337    24.8035 -9.990e-29
 198.846811      0.683  39.688567    13.7561     6.1158      0.677    33.1205    24.7852 -9.990e-29
 198.846817      0.679  39.713408    13.7858     6.1017      0.673    33.1180    24.7771 -9.990e-29
 198.846823      0.671  39.726092    13.8043     6.1031      0.665    33.1138    24.7701 -9.990e-29
 198.846829      0.661  39.742342    13.8372     6.1148      0.655    33.1005    24.7531 -9.990e-29
 198.846834      0.650  39.773105    13.8739     6.1325      0.645    33.0974    24.7431 -9.990e-29
 198.846840      0.647  39.798798    13.8878     6.2555      0.642    33.1093    24.7494 -9.990e-29
 198.846846      0.657  39.800931    13.8748     6.3958      0.652    33.1224    24.7623 -9.990e-29
 198.846852      0.674  39.777238    13.8428     6.4994      0.668    33.1281    24.7732 -9.990e-29
 198.846858      0.693  39.739204    13.7907     6.4270      0.687    33.1377    24.7914 -9.990e-29
 198.846863      0.709  39.674146    13.7203     6.3120      0.703    33.1381    24.8061 -9.990e-29
 198.846869      0.725  39.575374    13.6482     6.3837      0.719    33.1084    24.7978 -9.990e-29
 198.846875      0.740  39.510049    13.5801     6.5135      0.734    33.1064    24.8101 -9.990e-29
 198.846881      0.756  39.498577    13.5267     6.6906      0.750    33.1420    24.8485 -9.990e-29
 198.846887      0.778  39.498113    13.5123     6.7763      0.772    33.1541    24.8607 -9.990e-29
 198.846892      0.816  39.496181    13.5019     6.7624      0.809    33.1613    24.8684 -9.990e-29
 198.846898      0.877  39.438560    13.4233     6.7326      0.870    33.1756    24.8954 -9.990e-29
 198.846904      0.961  39.287017    13.3067     6.6726      0.953    33.1348    24.8872 -9.990e-29
 198.846910      1.059  39.133060    13.2393     6.5896      1.050    33.0486    24.8340 -9.990e-29
 198.846916      1.166  39.071676    13.2208     6.4803      1.156    33.0068    24.8054 -9.990e-29
 198.846921      1.284  39.073588    13.2001     6.3760      1.273    33.0266    24.8248 -9.990e-29
 198.846927      1.419  39.051601    13.1287     6.2652      1.407    33.0680    24.8710 0.0000e+00
 198.846933      1.578  38.970161    12.9711     6.1614      1.565    33.1286    24.9491 0.0000e+00
 198.846939      1.760  38.849491    12.7675     6.1183      1.745    33.1926    25.0386 0.0000e+00
 198.846944      1.970  38.721368    12.5872     6.1019      1.954    33.2292    25.1020 0.0000e+00
 198.846950      2.203  38.607610    12.4491     6.0648      2.185    33.2422    25.1388 0.0000e+00
 198.846956      2.448  38.504342    12.3352     5.9246      2.428    33.2439    25.1619 0.0000e+00
 198.846962      2.701  38.395911    12.2167     5.5951      2.678    33.2446    25.1850 0.0000e+00
 198.846968      2.954  38.273236    12.0828     4.9406      2.929    33.2451    25.2108 0.0000e+00
 198.846973      3.199  38.124498    11.9339     4.1426      3.172    33.2336    25.2298 0.0000e+00
 198.846979      3.435  37.938974    11.7532     3.3654      3.406    33.2144    25.2486 0.0000e+00
 198.846985      3.667  37.733084    11.5036     2.7797      3.636    33.2368    25.3119 0.0000e+00
 198.846991      3.902  37.514009    11.1419     2.4363      3.869    33.3473    25.4634 0.0000e+00
 198.846997      4.146  37.216441    10.6898     2.2257      4.111    33.4633    25.6338 0.0000e+00
 198.847002      4.402  36.855802    10.2736     2.1044      4.365    33.4832    25.7214 0.0000e+00
 198.847008      4.665  36.586880     9.9897     2.0266      4.626    33.4729    25.7614 0.0000e+00
 198.847014      4.929  36.439130     9.8243     1.9615      4.888    33.4757    25.7912 0.0000e+00
 198.847020      5.196  36.329661     9.7345     1.8602      5.153    33.4471    25.7838 0.0000e+00
 198.847025      5.459  36.231139     9.6757     1.8241      5.413    33.4007    25.7572 0.0000e+00
 198.847031      5.716  36.145968     9.6031     1.7907      5.668    33.3806    25.7535 0.0000e+00
 198.847037      5.964  36.082601     9.5156     1.7454      5.914    33.3969    25.7804 0.0000e+00
 198.847043      6.207  36.022004     9.4360     1.7191      6.155    33.4086    25.8025 0.0000e+00
 198.847049      6.451  35.948263     9.3536     1.6035      6.397    33.4093    25.8164 0.0000e+00
 198.847054      6.704  35.888424     9.2514     1.6295      6.648    33.4429    25.8591 0.0000e+00
 198.847060      6.968  35.842705     9.1480     1.6337      6.910    33.4924    25.9144 0.0000e+00
 198.847066      7.240  35.793191     9.0698     1.6367      7.179    33.5144    25.9440 0.0000e+00
 198.847072      7.510  35.748818     9.0278     1.6560      7.447    33.5076    25.9453 0.0000e+00
 198.847078      7.776  35.724819     9.0128     1.6174      7.711    33.4966    25.9391 0.0000e+00
 198.847083      8.035  35.727191     9.0008     1.6255      7.968    33.5103    25.9517 0.0000e+00
 198.847089      8.288  35.732700     8.9794     1.6153      8.219    33.5361    25.9753 0.0000e+00
 198.847095      8.538  35.716699     8.9559     1.6114      8.467    33.5415    25.9832 0.0000e+00
 198.847101      8.787  35.693065     8.9364     1.5971      8.713    33.5351    25.9813 0.0000e+00
 198.847106      9.036  35.676696     8.9234     1.5765      8.960    33.5302    25.9794 0.0000e+00
 198.847112      9.281  35.669773     8.9201     1.5636      9.203    33.5259    25.9766 0.0000e+00
 198.847118      9.519  35.671952     8.9211     1.5356      9.439    33.5272    25.9774 0.0000e+00
 198.847124      9.741  35.677103     8.9183     1.5163      9.659    33.5351    25.9841 0.0000e+00
 198.847130      9.958  35.679703     8.9111     1.4929      9.875    33.5445    25.9926 0.0000e+00
 198.847135     10.188  35.672511     8.8993     1.4678     10.103    33.5480    25.9972 0.0000e+00
 198.847141     10.438  35.655950     8.8849     1.4508     10.351    33.5442    25.9965 0.0000e+00
 198.847147     10.701  35.640347     8.8753     1.4250     10.611    33.5369    25.9922 0.0000e+00
 198.847153     10.964  35.630588     8.8730     1.4058     10.872    33.5287    25.9862 0.0000e+00
 198.847159     11.215  35.628147     8.8721     1.3561     11.121    33.5269    25.9849 0.0000e+00
 198.847164     11.452  35.628577     8.8680     1.3271     11.356    33.5311    25.9889 0.0000e+00
 198.847170     11.681  35.621009     8.8555     1.2756     11.583    33.5349    25.9938 0.0000e+00
 198.847176     11.909  35.604851     8.8325     1.2510     11.809    33.5396    26.0011 0.0000e+00
 198.847182     12.132  35.584712     8.8059     1.2270     12.030    33.5436    26.0084 0.0000e+00
 198.847187     12.344  35.561788     8.7854     1.1919     12.241    33.5389    26.0079 0.0000e+00
 198.847193     12.550  35.540106     8.7736     1.1796     12.445    33.5272    26.0006 0.0000e+00
 198.847199     12.754  35.526657     8.7602     1.1436     12.647    33.5257    26.0015 0.0000e+00
 198.847205     12.952  35.519247     8.7343     1.1496     12.844    33.5424    26.0185 0.0000e+00
 198.847211     13.139  35.503580     8.7009     1.1532     13.029    33.5575    26.0356 0.0000e+00
 198.847216     13.310  35.478428     8.6777     1.1509     13.198    33.5530    26.0356 0.0000e+00
 198.847222     13.458  35.460714     8.6734     1.1546     13.345    33.5384    26.0248 -9.990e-29
 198.847228     13.578  35.458798     8.6769     1.1361     13.464    33.5330    26.0201 -9.990e-29
 198.847234     13.666  35.465142     8.6711     1.0970     13.551    33.5452    26.0305 -9.990e-29
 198.847240     13.729  35.463628     8.6546     1.1424     13.614    33.5592    26.0440 -9.990e-29
 198.847245     13.762  35.449505     8.6404     1.1928     13.647    33.5578    26.0451 -9.990e-29
 198.847251     13.751  35.437045     8.6399     1.2565     13.636    33.5452    26.0353 -9.990e-29
 198.847257     13.682  35.439931     8.6570     1.3260     13.567    33.5320    26.0224 -9.990e-29
 198.847263     13.549  35.460393     8.6896     1.3201     13.435    33.5227    26.0100 0.0000e+00
 198.847269     13.363  35.489937     8.7311     1.3867     13.251    33.5145    25.9972 0.0000e+00
 198.847274     13.141  35.520423     8.7707     1.4272     13.031    33.5091    25.9868 0.0000e+00
 198.847280     12.899  35.547208     8.7995     1.4457     12.791    33.5100    25.9831 0.0000e+00
 198.847286     12.647  35.567439     8.8170     1.4679     12.541    33.5148    25.9841 0.0000e+00
 198.847292     12.391  35.582403     8.8275     1.4563     12.287    33.5206    25.9870 0.0000e+00
 198.847297     12.127  35.592522     8.8333     1.4648     12.025    33.5259    25.9902 0.0000e+00
 198.847303     11.851  35.598477     8.8379     1.4709     11.752    33.5279    25.9911 0.0000e+00
 198.847309     11.563  35.603793     8.8463     1.4580     11.466    33.5256    25.9880 0.0000e+00
 198.847315     11.262  35.610583     8.8599     1.4603     11.168    33.5200    25.9815 0.0000e+00
 198.847321     10.950  35.619566     8.8721     1.4449     10.858    33.5180    25.9780 0.0000e+00
 198.847326     10.637  35.628227     8.8741     1.4396     10.548    33.5253    25.9834 0.0000e+00
 198.847332     10.338  35.629141     8.8660     1.4397     10.251    33.5341    25.9915 0.0000e+00
 198.847338     10.058  35.620239     8.8562     1.4456      9.974    33.5342    25.9931 0.0000e+00
 198.847344      9.794  35.610998     8.8512     1.4625      9.712    33.5294    25.9901 0.0000e+00
 198.847350      9.533  35.609877     8.8518     1.4681      9.453    33.5277    25.9887 0.0000e+00
 198.847355      9.257  35.613765     8.8564     1.5003      9.180    33.5276    25.9879 0.0000e+00
 198.847361      8.959  35.618388     8.8643     1.5277      8.884    33.5251    25.9847 0.0000e+00
 198.847367      8.640  35.624377     8.8754     1.5620      8.568    33.5210    25.9798 0.0000e+00
