data/oxygen options/ONMS/Olympic_Coast_National_Marine_Sanctuary_CTD_Data_2005_2023/raw_data/2023/CAST_CE015_230601faed.cnv
* Sea-Bird SBE 19 Data File:
* FileName = C:\Users\OCNMS.Inst\Documents\2023 Mooring Data\Casts\CAST_CE015_230601.hex
* Software Version SeatermAF 2.1.4.55
* Temperature SN = 2997
* Conductivity SN = 2997
* System UpLoad Time = Jun 01 2023 18:48:04 (localtime) = Jun 01 2023 18:48:04 (UTC)
** CAST_CE015_230601
* ds
# nquan = 9                                 
# nvalues = 837                         
# units = specified
# name 0 = timeJ: Julian Days
# name 1 = prSM: Pressure, Strain Gauge [db]
# name 2 = c0mS/cm: Conductivity [mS/cm]
# name 3 = t090C: Temperature [ITS-90, deg C]
# name 4 = sbeox0ML/L: Oxygen, SBE 43 [ml/l]
# name 5 = depSM: Depth [salt water, m], lat = 47.5
# name 6 = sal00: Salinity, Practical [PSU]
# name 7 = sigma-é00: Density [sigma-theta, kg/m^3]
# name 8 = flag: flag
# span 0 = 152.770868, 152.775706       
# span 1 =     -6.210,     14.316       
# span 2 =   0.290828,  36.292416       
# span 3 =     8.5252,    14.8074       
# span 4 =    -1.8983,    11.7946       
# span 5 =     -6.158,     14.196       
# span 6 =     0.1754,    33.2679       
# span 7 =    -0.6996,    25.7650       
# span 8 = 0.0000e+00, 0.0000e+00       
# interval = seconds: 0.5
# start_time = Jun 01 2023 18:30:03 [Instrument's time stamp, header]
# bad_flag = -9.990e-29
*END*
[from data line 161]
 152.771800     -2.844   0.445366    13.3365    -1.8865     -2.820     0.2796    -0.4467 -9.990e-29
 152.771806     -2.827   0.444952    13.3326    -1.8860     -2.803     0.2793    -0.4463 -9.990e-29
 152.771811     -2.814   0.444415    13.3320    -1.8857     -2.791     0.2790    -0.4465 -9.990e-29
 152.771817     -2.803   0.444149    13.3347    -1.8861     -2.780     0.2788    -0.4470 -9.990e-29
 152.771823     -2.794   0.444352    13.3439    -1.8866     -2.771     0.2789    -0.4482 -9.990e-29
 152.771829     -2.786   0.444741    13.3637    -1.8863     -2.763     0.2790    -0.4507 -9.990e-29
 152.771834     -2.778   0.444725    13.3898    -1.8854     -2.755     0.2788    -0.4543 -9.990e-29
 152.771840     -2.771   0.444283    13.4136    -1.8837     -2.748     0.2783    -0.4578 -9.990e-29
 152.771846     -2.763   0.443934    13.4315    -1.8814     -2.740     0.2780    -0.4604 -9.990e-29
 152.771852     -2.755   0.443765    13.4453    -1.8801     -2.732     0.2778    -0.4624 -9.990e-29
 152.771858     -2.745   0.443551    13.4558    -1.8797     -2.722     0.2776    -0.4640 -9.990e-29
 152.771863     -2.734   0.443005    13.4609    -1.8797     -2.711     0.2772    -0.4650 -9.990e-29
 152.771869     -2.719   0.441952    13.4603    -1.8802     -2.696     0.2765    -0.4654 -9.990e-29
 152.771875     -2.706   0.440652    13.4599    -1.8806     -2.683     0.2757    -0.4660 -9.990e-29
 152.771881     -2.696   0.439591    13.4688    -1.8807     -2.674     0.2749    -0.4678 -9.990e-29
 152.771887     -2.686   0.439016    13.4911    -1.8811     -2.664     0.2744    -0.4712 -9.990e-29
 152.771892     -2.669   0.438716    13.5252    -1.8811     -2.647     0.2740    -0.4760 -9.990e-29
 152.771898     -2.651   0.438288    13.5623    -1.8811     -2.629     0.2735    -0.4814 -9.990e-29
 152.771904     -2.633   0.437717    13.5907    -1.8809     -2.611     0.2729    -0.4857 -9.990e-29
 152.771910     -2.614   0.437350    13.6051    -1.8806     -2.592     0.2726    -0.4879 -9.990e-29
 152.771916     -2.598   0.437251    13.6075    -1.8808     -2.576     0.2725    -0.4883 -9.990e-29
 152.771921     -2.588   0.437287    13.6026    -1.8801     -2.566     0.2725    -0.4876 -9.990e-29
 152.771927     -2.578   0.437507    13.5961    -1.8796     -2.557     0.2727    -0.4865 -9.990e-29
 152.771933     -2.565   0.437648    13.5906    -1.8790     -2.544     0.2728    -0.4857 -9.990e-29
 152.771939     -2.551   0.437344    13.5865    -1.8788     -2.530     0.2727    -0.4853 -9.990e-29
 152.771944     -2.540   0.436743    13.5848    -1.8795     -2.519     0.2723    -0.4853 -9.990e-29
 152.771950     -2.531   0.436152    13.5860    -1.8805     -2.510     0.2719    -0.4858 -9.990e-29
 152.771956     -2.524   0.435891    13.5893    -1.8806     -2.503     0.2717    -0.4864 -9.990e-29
 152.771962     -2.518   0.436168    13.5931    -1.8800     -2.497     0.2719    -0.4868 -9.990e-29
 152.771968     -2.513   0.436795    13.5981    -1.8793     -2.492     0.2723    -0.4872 -9.990e-29
 152.771973     -2.508   0.437499    13.6067    -1.8790     -2.487     0.2726    -0.4880 -9.990e-29
 152.771979     -2.503   0.438109    13.6168    -1.8778     -2.482     0.2730    -0.4891 -9.990e-29
 152.771985     -2.498   0.438886    13.6237    -1.8767     -2.477     0.2734    -0.4897 -9.990e-29
 152.771991     -2.493   0.441417    13.6230    -1.8760     -2.472     0.2750    -0.4884 -9.990e-29
 152.771997     -2.486   0.447414    13.6137    -1.8755     -2.465     0.2790    -0.4841 -9.990e-29
 152.772002     -2.479   0.455446    13.6032    -1.8748     -2.458     0.2842    -0.4786 -9.990e-29
 152.772008     -2.469   0.462358    13.6001    -1.8740     -2.448     0.2887    -0.4747 -9.990e-29
 152.772014     -2.462   0.467937    13.6053    -1.8737     -2.441     0.2922    -0.4726 -9.990e-29
 152.772020     -2.460   0.474629    13.6144    -1.8728     -2.439     0.2964    -0.4706 -9.990e-29
 152.772025     -2.460   0.485258    13.6264    -1.8722     -2.439     0.3032    -0.4669 -9.990e-29
 152.772031     -2.456   0.501797    13.6429    -1.8712     -2.436     0.3137    -0.4610 -9.990e-29
 152.772037     -2.450   0.523560    13.6611    -1.8702     -2.430     0.3276    -0.4526 -9.990e-29
 152.772043     -2.440   0.546290    13.6773    -1.8693     -2.420     0.3422    -0.4435 -9.990e-29
 152.772049     -2.426   0.565357    13.6925    -1.8690     -2.406     0.3544    -0.4361 -9.990e-29
 152.772054     -2.406   0.579565    13.7090    -1.8686     -2.386     0.3635    -0.4313 -9.990e-29
 152.772060     -2.385   0.588445    13.7257    -1.8679     -2.365     0.3691    -0.4292 -9.990e-29
 152.772066     -2.365   0.591082    13.7422    -1.8671     -2.345     0.3707    -0.4302 -9.990e-29
 152.772072     -2.344   0.588772    13.7601    -1.8656     -2.324     0.3690    -0.4340 -9.990e-29
 152.772078     -2.325   0.583981    13.7798    -1.8641     -2.306     0.3657    -0.4392 -9.990e-29
 152.772083     -2.312   0.579196    13.8012    -1.8622     -2.293     0.3624    -0.4447 -9.990e-29
 152.772089     -2.304   0.576354    13.8224    -1.8609     -2.285     0.3604    -0.4492 -9.990e-29
 152.772095     -2.300   0.576102    13.8402    -1.8601     -2.281     0.3601    -0.4519 -9.990e-29
 152.772101     -2.300   0.577548    13.8543    -1.8594     -2.281     0.3609    -0.4532 -9.990e-29
 152.772106     -2.300   0.578736    13.8686    -1.8595     -2.281     0.3615    -0.4547 -9.990e-29
 152.772112     -2.296   0.578480    13.8866    -1.8594     -2.277     0.3612    -0.4575 -9.990e-29
 152.772118     -2.290   0.576993    13.9104    -1.8589     -2.271     0.3600    -0.4617 -9.990e-29
 152.772124     -2.284   0.575618    13.9414    -1.8585     -2.265     0.3588    -0.4669 -9.990e-29
 152.772130     -2.273   0.575848    13.9776    -1.8579     -2.254     0.3587    -0.4721 -9.990e-29
 152.772135     -2.259   0.577990    14.0139    -1.8570     -2.240     0.3597    -0.4763 -9.990e-29
 152.772141     -2.247   0.581016    14.0446    -1.8551     -2.228     0.3614    -0.4793 -9.990e-29
 152.772147     -2.235   0.583972    14.0666    -1.8544     -2.216     0.3631    -0.4811 -9.990e-29
 152.772153     -2.224   0.586915    14.0803    -1.8545     -2.205     0.3649    -0.4817 -9.990e-29
 152.772159     -2.211   0.589887    14.0877    -1.8547     -2.193     0.3667    -0.4813 -9.990e-29
 152.772164     -2.197   0.592967    14.0934    -1.8550     -2.179     0.3686    -0.4806 -9.990e-29
 152.772170     -2.184   0.596935    14.1012    -1.8548     -2.166     0.3711    -0.4797 -9.990e-29
 152.772176     -2.177   0.602643    14.1112    -1.8551     -2.159     0.3747    -0.4784 -9.990e-29
 152.772182     -2.170   0.611047    14.1223    -1.8550     -2.152     0.3800    -0.4758 -9.990e-29
 152.772188     -2.159   0.626143    14.1319    -1.8547     -2.141     0.3896    -0.4697 -9.990e-29
 152.772193     -2.148   0.660294    14.1361    -1.8545     -2.130     0.4116    -0.4532 -9.990e-29
 152.772199     -2.139   0.736294    14.1339    -1.8549     -2.121     0.4609    -0.4147 -9.990e-29
 152.772205     -2.132   0.851210    14.1277    -1.8541     -2.114     0.5360    -0.3556 -9.990e-29
 152.772211     -2.128   0.955269    14.1197    -1.8534     -2.110     0.6045    -0.3014 -9.990e-29
 152.772216     -2.125   1.017490    14.1104    -1.8538     -2.107     0.6458    -0.2680 -9.990e-29
 152.772222     -2.127   1.054825    14.1011    -1.8540     -2.109     0.6707    -0.2474 -9.990e-29
 152.772228     -2.136   1.091536    14.0942    -1.8542     -2.118     0.6952    -0.2275 -9.990e-29
 152.772234     -2.142   1.132195    14.0904    -1.8544     -2.124     0.7223    -0.2059 -9.990e-29
 152.772240     -2.143   1.165001    14.0865    -1.8548     -2.125     0.7443    -0.1883 -9.990e-29
 152.772245     -2.137   1.192090    14.0806    -1.8553     -2.119     0.7625    -0.1734 -9.990e-29
 152.772251     -2.125   1.230719    14.0757    -1.8559     -2.107     0.7885    -0.1526 -9.990e-29
 152.772257     -2.110   1.279136    14.0754    -1.8566     -2.092     0.8210    -0.1273 -9.990e-29
 152.772263     -2.100   1.327004    14.0782    -1.8566     -2.082     0.8531    -0.1029 -9.990e-29
 152.772269     -2.094   1.371572    14.0807    -1.8561     -2.077     0.8831    -0.0800 -9.990e-29
 152.772274     -2.084   1.392375    14.0818    -1.8555     -2.067     0.8971    -0.0693 -9.990e-29
 152.772280     -2.067   1.379423    14.0817    -1.8550     -2.050     0.8884    -0.0761 -9.990e-29
 152.772286     -2.053   1.353745    14.0798    -1.8547     -2.036     0.8711    -0.0892 -9.990e-29
 152.772292     -2.045   1.327748    14.0758    -1.8543     -2.028     0.8537    -0.1021 -9.990e-29
 152.772297     -2.037   1.300054    14.0705    -1.8536     -2.020     0.8351    -0.1157 -9.990e-29
 152.772303     -2.024   1.269762    14.0651    -1.8529     -2.007     0.8149    -0.1306 -9.990e-29
 152.772309     -2.012   1.237518    14.0630    -1.8526     -1.995     0.7933    -0.1470 -9.990e-29
 152.772315     -2.001   1.204156    14.0683    -1.8528     -1.984     0.7708    -0.1652 -9.990e-29
 152.772321     -1.993   1.170684    14.0804    -1.8533     -1.976     0.7482    -0.1844 -9.990e-29
 152.772326     -1.987   1.139072    14.0951    -1.8536     -1.970     0.7268    -0.2031 -9.990e-29
 152.772332     -1.982   1.112104    14.1095    -1.8534     -1.965     0.7086    -0.2192 -9.990e-29
 152.772338     -1.977   1.090991    14.1238    -1.8528     -1.961     0.6943    -0.2323 -9.990e-29
 152.772344     -1.973   1.073100    14.1396    -1.8527     -1.957     0.6822    -0.2440 -9.990e-29
 152.772350     -1.970   1.054547    14.1570    -1.8530     -1.954     0.6696    -0.2562 -9.990e-29
 152.772355     -1.967   1.033338    14.1724    -1.8529     -1.951     0.6552    -0.2695 -9.990e-29
 152.772361     -1.963   1.010594    14.1811    -1.8522     -1.947     0.6401    -0.2825 -9.990e-29
 152.772367     -1.959   0.990383    14.1824    -1.8518     -1.943     0.6267    -0.2931 -9.990e-29
 152.772373     -1.955   0.975155    14.1800    -1.8509     -1.939     0.6167    -0.3005 -9.990e-29
 152.772378     -1.950   0.962910    14.1793    -1.8503     -1.934     0.6086    -0.3066 -9.990e-29
 152.772384     -1.944   0.951190    14.1834    -1.8501     -1.928     0.6008    -0.3132 -9.990e-29
 152.772390     -1.936   0.939901    14.1905    -1.8505     -1.920     0.5933    -0.3201 -9.990e-29
 152.772396     -1.926   0.930076    14.1955    -1.8507     -1.910     0.5868    -0.3259 -9.990e-29
 152.772402     -1.918   0.921927    14.1985    -1.8505     -1.902     0.5814    -0.3305 -9.990e-29
 152.772407     -1.916   0.914573    14.2053    -1.8498     -1.900     0.5764    -0.3353 -9.990e-29
 152.772413     -1.914   0.906530    14.2175    -1.8492     -1.898     0.5710    -0.3412 -9.990e-29
 152.772419     -1.909   0.897057    14.2325    -1.8496     -1.893     0.5646    -0.3484 -9.990e-29
 152.772425     -1.904   0.887945    14.2482    -1.8502     -1.888     0.5584    -0.3554 -9.990e-29
 152.772431     -1.904   0.880913    14.2613    -1.8504     -1.888     0.5536    -0.3610 -9.990e-29
 152.772436     -1.905   0.874904    14.2675    -1.8504     -1.889     0.5496    -0.3650 -9.990e-29
 152.772442     -1.901   0.868562    14.2679    -1.8500     -1.885     0.5454    -0.3683 -9.990e-29
 152.772448     -1.897   0.862308    14.2685    -1.8504     -1.881     0.5413    -0.3715 -9.990e-29
 152.772454     -1.897   0.856123    14.2745    -1.8509     -1.881     0.5372    -0.3756 -9.990e-29
 152.772459     -1.897   0.848973    14.2846    -1.8514     -1.881     0.5324    -0.3808 -9.990e-29
 152.772465     -1.893   0.841306    14.2919    -1.8519     -1.877     0.5273    -0.3858 -9.990e-29
 152.772471     -1.883   0.833994    14.2911    -1.8522     -1.867     0.5225    -0.3893 -9.990e-29
 152.772477     -1.873   0.826718    14.2855    -1.8521     -1.857     0.5179    -0.3921 -9.990e-29
 152.772483     -1.865   0.819758    14.2816    -1.8513     -1.849     0.5134    -0.3951 -9.990e-29
 152.772488     -1.855   0.813820    14.2813    -1.8506     -1.840     0.5095    -0.3980 -9.990e-29
 152.772494     -1.842   0.808752    14.2813    -1.8502     -1.827     0.5062    -0.4006 -9.990e-29
 152.772500     -1.830   0.803896    14.2773    -1.8498     -1.815     0.5031    -0.4024 -9.990e-29
 152.772506     -1.817   0.798325    14.2696    -1.8502     -1.802     0.4996    -0.4040 -9.990e-29
 152.772512     -1.803   0.791266    14.2605    -1.8506     -1.788     0.4951    -0.4062 -9.990e-29
 152.772517     -1.787   0.783292    14.2518    -1.8505     -1.772     0.4900    -0.4089 -9.990e-29
 152.772523     -1.773   0.777081    14.2474    -1.8501     -1.758     0.4861    -0.4114 -9.990e-29
 152.772529     -1.764   0.775446    14.2516    -1.8499     -1.749     0.4849    -0.4128 -9.990e-29
 152.772535     -1.758   0.776763    14.2637    -1.8495     -1.743     0.4856    -0.4140 -9.990e-29
 152.772541     -1.757   0.775578    14.2781    -1.8489     -1.742     0.4847    -0.4168 -9.990e-29
 152.772546     -1.754   0.769756    14.2896    -1.8485     -1.739     0.4808    -0.4215 -9.990e-29
 152.772552     -1.747   0.762072    14.2950    -1.8488     -1.732     0.4757    -0.4262 -9.990e-29
 152.772558     -1.739   0.756149    14.2938    -1.8486     -1.724     0.4719    -0.4290 -9.990e-29
 152.772564     -1.734   0.753516    14.2913    -1.8479     -1.720     0.4702    -0.4299 -9.990e-29
 152.772569     -1.730   0.752328    14.2934    -1.8475     -1.716     0.4694    -0.4308 -9.990e-29
 152.772575     -1.729   0.749339    14.2999    -1.8472     -1.715     0.4674    -0.4333 -9.990e-29
 152.772581     -1.730   0.743336    14.3083    -1.8471     -1.716     0.4634    -0.4376 -9.990e-29
 152.772587     -1.733   0.735743    14.3186    -1.8472     -1.719     0.4584    -0.4430 -9.990e-29
 152.772593     -1.733   0.728638    14.3298    -1.8477     -1.719     0.4537    -0.4483 -9.990e-29
 152.772598     -1.728   0.723088    14.3376    -1.8485     -1.714     0.4500    -0.4522 -9.990e-29
 152.772604     -1.720   0.718903    14.3419    -1.8497     -1.706     0.4473    -0.4550 -9.990e-29
 152.772610     -1.713   0.715495    14.3486    -1.8495     -1.699     0.4450    -0.4577 -9.990e-29
 152.772616     -1.707   0.712201    14.3587    -1.8496     -1.693     0.4427    -0.4609 -9.990e-29
 152.772622     -1.702   0.708514    14.3683    -1.8497     -1.688     0.4403    -0.4642 -9.990e-29
 152.772627     -1.697   0.705064    14.3748    -1.8504     -1.683     0.4380    -0.4669 -9.990e-29
 152.772633     -1.692   0.702797    14.3771    -1.8516     -1.678     0.4365    -0.4684 -9.990e-29
 152.772639     -1.686   0.700908    14.3738    -1.8532     -1.672     0.4353    -0.4689 -9.990e-29
 152.772645     -1.680   0.697433    14.3639    -1.8544     -1.666     0.4332    -0.4691 -9.990e-29
 152.772650     -1.673   0.692177    14.3483    -1.8547     -1.659     0.4300    -0.4693 -9.990e-29
 152.772656     -1.664   0.687562    14.3329    -1.8552     -1.650     0.4271    -0.4693 -9.990e-29
 152.772662     -1.657   0.686308    14.3237    -1.8553     -1.643     0.4264    -0.4685 -9.990e-29
 152.772668     -1.656   0.688407    14.3182    -1.8549     -1.642     0.4278    -0.4666 -9.990e-29
 152.772674     -1.657   0.690556    14.3096    -1.8547     -1.643     0.4293    -0.4642 -9.990e-29
 152.772679     -1.655   0.690077    14.2932    -1.8548     -1.641     0.4292    -0.4620 -9.990e-29
 152.772685     -1.650   0.687439    14.2687    -1.8554     -1.636     0.4277    -0.4596 -9.990e-29
 152.772691     -1.643   0.683561    14.2412    -1.8564     -1.629     0.4255    -0.4574 -9.990e-29
 152.772697     -1.631   0.678266    14.2181    -1.8570     -1.617     0.4224    -0.4565 -9.990e-29
 152.772703     -1.620   0.671703    14.2029    -1.8574     -1.606     0.4183    -0.4575 -9.990e-29
 152.772708     -1.613   0.665105    14.1941    -1.8583     -1.600     0.4141    -0.4595 -9.990e-29
 152.772714     -1.608   0.660213    14.1909    -1.8601     -1.595     0.4110    -0.4615 -9.990e-29
