data/oxygen options/ONMS/Olympic_Coast_National_Marine_Sanctuary_CTD_Data_2005_2023/raw_data/2023/CAST_KL027_230928faed.cnv
* Sea-Bird SBE 19 Data File:
* FileName = C:\Users\OCNMS.Inst\Documents\2023 Mooring Data\Casts\CAST_KL027_230928.hex
* Software Version SeatermAF 2.1.4.55
* Temperature SN = 2997
* Conductivity SN = 2997
* System UpLoad Time = Sep 29 2023 00:22:19 (localtime) = Sep 29 2023 00:22:19 (UTC)
** CAST_KL027_230928
* ds
# nquan = 9                                 
# nvalues = 1408                        
# units = specified
# name 0 = timeJ: Julian Days
# name 1 = prSM: Pressure, Strain Gauge [db]
# name 2 = c0mS/cm: Conductivity [mS/cm]
# name 3 = t090C: Temperature [ITS-90, deg C]
# name 4 = sbeox0ML/L: Oxygen, SBE 43 [ml/l]
# name 5 = depSM: Depth [salt water, m], lat = 47.5
# name 6 = sal00: Salinity, Practical [PSU]
# name 7 = sigma-é00: Density [sigma-theta, kg/m^3]
# name 8 = flag: flag
# span 0 = 271.947917, 271.956059       
# span 1 =     -6.438,     27.566       
# span 2 =   0.647081,  38.489471       
# span 3 =    13.6523,    17.7653       
# span 4 =    -1.7557,    12.7125       
# span 5 =     -6.384,     27.334       
# span 6 =     0.3704,    31.8946       
# span 7 =    -1.0576,    23.8138       
# span 8 = 0.0000e+00, 0.0000e+00       
# interval = seconds: 0.5
# start_time = Sep 28 2023 22:45:00 [Instrument's time stamp, header]
# bad_flag = -9.990e-29
*END*
[from data line 1121]
 271.954404     21.854  38.416937    14.0154     5.5378     21.670    31.7173    23.6490 0.0000e+00
 271.954410     21.660  38.403266    14.0283     5.5255     21.478    31.6942    23.6286 0.0000e+00
 271.954416     21.448  38.394394    14.0398     5.5267     21.268    31.6766    23.6127 0.0000e+00
 271.954421     21.213  38.380192    14.0557     5.5340     21.035    31.6506    23.5893 0.0000e+00
 271.954427     20.953  38.345664    14.0744     5.5466     20.777    31.6037    23.5493 0.0000e+00
 271.954433     20.678  38.277289    14.0918     5.5784     20.504    31.5268    23.4864 0.0000e+00
 271.954439     20.399  38.164609    14.1095     5.6136     20.228    31.4092    23.3920 0.0000e+00
 271.954444     20.120  38.010371    14.1292     5.6338     19.951    31.2521    23.2668 0.0000e+00
 271.954450     19.837  37.843711    14.1474     5.6588     19.670    31.0851    23.1343 0.0000e+00
 271.954456     19.539  37.719779    14.1642     5.6613     19.375    30.9585    23.0332 0.0000e+00
 271.954462     19.222  37.638071    14.1823     5.6590     19.061    30.8696    22.9609 0.0000e+00
 271.954468     18.890  37.538408    14.1986     5.6537     18.731    30.7658    22.8776 0.0000e+00
 271.954473     18.561  37.419022    14.2107     5.6160     18.405    30.6476    22.7839 0.0000e+00
 271.954479     18.253  37.321880    14.2192     5.6601     18.100    30.5525    22.7088 0.0000e+00
 271.954485     17.975  37.267623    14.2238     5.6671     17.824    30.4996    22.6671 0.0000e+00
 271.954491     17.728  37.249473    14.2253     5.6837     17.579    30.4820    22.6532 0.0000e+00
 271.954497     17.504  37.246049    14.2255     5.6982     17.357    30.4788    22.6507 0.0000e+00
 271.954502     17.297  37.242156    14.2254     5.6716     17.152    30.4754    22.6481 0.0000e+00
 271.954508     17.099  37.234300    14.2250     5.6929     16.956    30.4687    22.6430 0.0000e+00
 271.954514     16.897  37.224907    14.2244     5.7089     16.755    30.4607    22.6369 0.0000e+00
 271.954520     16.683  37.216594    14.2220     5.7277     16.543    30.4551    22.6331 0.0000e+00
 271.954525     16.456  37.208378    14.2159     5.7535     16.318    30.4525    22.6324 0.0000e+00
 271.954531     16.213  37.194921    14.2060     5.7688     16.077    30.4481    22.6310 0.0000e+00
 271.954537     15.953  37.176222    14.1948     5.7807     15.819    30.4401    22.6270 0.0000e+00
 271.954543     15.681  37.156496    14.1860     5.7838     15.550    30.4291    22.6204 0.0000e+00
 271.954549     15.404  37.135226    14.1806     5.7954     15.275    30.4141    22.6099 0.0000e+00
 271.954554     15.132  37.112076    14.1769     5.7987     15.005    30.3961    22.5968 0.0000e+00
 271.954560     14.867  37.092049    14.1741     5.7909     14.742    30.3801    22.5850 0.0000e+00
 271.954566     14.607  37.079828    14.1723     5.7804     14.485    30.3705    22.5780 0.0000e+00
 271.954572     14.343  37.074260    14.1712     5.7735     14.223    30.3664    22.5750 0.0000e+00
 271.954578     14.070  37.071298    14.1710     5.7695     13.952    30.3640    22.5732 0.0000e+00
 271.954583     13.794  37.069248    14.1714     5.7755     13.678    30.3619    22.5715 0.0000e+00
 271.954589     13.527  37.068193    14.1719     5.7939     13.414    30.3606    22.5704 0.0000e+00
 271.954595     13.281  37.067865    14.1728     5.7949     13.170    30.3597    22.5695 0.0000e+00
 271.954601     13.063  37.067845    14.1739     5.7997     12.954    30.3589    22.5687 0.0000e+00
 271.954606     12.870  37.068123    14.1748     5.8004     12.762    30.3585    22.5682 0.0000e+00
 271.954612     12.697  37.068525    14.1755     5.7935     12.591    30.3584    22.5679 0.0000e+00
 271.954618     12.530  37.068481    14.1759     5.7858     12.425    30.3581    22.5676 0.0000e+00
 271.954624     12.361  37.067949    14.1761     5.7803     12.257    30.3575    22.5671 0.0000e+00
 271.954630     12.181  37.067354    14.1764     5.7838     12.079    30.3568    22.5665 0.0000e+00
 271.954635     11.990  37.067039    14.1770     5.7925     11.890    30.3561    22.5659 0.0000e+00
 271.954641     11.782  37.067158    14.1777     5.8086     11.683    30.3558    22.5654 0.0000e+00
 271.954647     11.557  37.067326    14.1782     5.8158     11.460    30.3556    22.5652 0.0000e+00
 271.954653     11.319  37.067225    14.1788     5.8133     11.224    30.3551    22.5647 0.0000e+00
 271.954659     11.069  37.066735    14.1797     5.7770     10.976    30.3541    22.5637 0.0000e+00
 271.954664     10.809  37.065779    14.1807     5.8013     10.719    30.3525    22.5623 0.0000e+00
 271.954670     10.543  37.064220    14.1814     5.8127     10.455    30.3506    22.5607 0.0000e+00
 271.954676     10.280  37.062237    14.1818     5.8140     10.194    30.3486    22.5590 0.0000e+00
 271.954682     10.025  37.060562    14.1820     5.8239      9.941    30.3470    22.5578 0.0000e+00
 271.954687      9.779  37.059220    14.1821     5.7709      9.697    30.3458    22.5568 0.0000e+00
 271.954693      9.544  37.058120    14.1824     5.8055      9.464    30.3447    22.5559 0.0000e+00
 271.954699      9.320  37.057492    14.1828     5.8159      9.242    30.3439    22.5551 0.0000e+00
 271.954705      9.112  37.057074    14.1829     5.8272      9.036    30.3435    22.5548 0.0000e+00
 271.954711      8.920  37.056327    14.1830     5.8402      8.845    30.3428    22.5543 0.0000e+00
 271.954716      8.734  37.055390    14.1830     5.8210      8.661    30.3420    22.5537 0.0000e+00
 271.954722      8.543  37.054709    14.1828     5.8190      8.472    30.3416    22.5534 0.0000e+00
 271.954728      8.340  37.053952    14.1827     5.8148      8.270    30.3411    22.5530 0.0000e+00
 271.954734      8.124  37.053246    14.1829     5.8237      8.056    30.3404    22.5524 0.0000e+00
 271.954740      7.899  37.052785    14.1831     5.8385      7.833    30.3399    22.5520 0.0000e+00
 271.954745      7.667  37.051408    14.1832     5.8593      7.603    30.3386    22.5510 0.0000e+00
 271.954751      7.427  37.048418    14.1836     5.8854      7.365    30.3357    22.5486 0.0000e+00
 271.954757      7.173  37.044885    14.1860     5.9007      7.113    30.3307    22.5443 0.0000e+00
 271.954763      6.904  37.042278    14.1928     5.9189      6.846    30.3231    22.5370 0.0000e+00
 271.954769      6.629  37.041616    14.2024     5.9289      6.574    30.3150    22.5288 0.0000e+00
 271.954774      6.357  37.043155    14.2107     5.9294      6.304    30.3100    22.5233 0.0000e+00
 271.954780      6.096  37.045042    14.2172     5.9196      6.045    30.3067    22.5194 0.0000e+00
 271.954786      5.851  37.044771    14.2229     5.9079      5.802    30.3021    22.5147 0.0000e+00
 271.954792      5.624  37.042560    14.2273     5.9095      5.577    30.2967    22.5096 0.0000e+00
 271.954797      5.413  37.040519    14.2301     5.9163      5.368    30.2927    22.5060 0.0000e+00
 271.954803      5.208  37.040424    14.2331     5.9217      5.164    30.2904    22.5036 0.0000e+00
 271.954809      5.001  37.042165    14.2386     5.9434      4.959    30.2877    22.5004 0.0000e+00
 271.954815      4.791  37.044718    14.2479     5.9477      4.751    30.2828    22.4947 0.0000e+00
 271.954821      4.579  37.049263    14.2610     5.9538      4.541    30.2768    22.4874 0.0000e+00
 271.954826      4.355  37.055153    14.2816     5.9438      4.319    30.2661    22.4749 0.0000e+00
 271.954832      4.114  37.062418    14.3126     5.9210      4.080    30.2485    22.4550 0.0000e+00
 271.954838      3.861  37.075157    14.3444     5.9280      3.829    30.2353    22.4383 0.0000e+00
 271.954844      3.601  37.091330    14.3661     5.8918      3.571    30.2331    22.4322 0.0000e+00
 271.954850      3.336  37.104513    14.3760     5.9607      3.308    30.2374    22.4335 0.0000e+00
 271.954855      3.070  37.112702    14.3766     5.9683      3.044    30.2445    22.4388 0.0000e+00
 271.954861      2.816  37.116751    14.3734     5.9790      2.792    30.2507    22.4443 0.0000e+00
 271.954867      2.583  37.118155    14.3737     5.9870      2.561    30.2519    22.4450 0.0000e+00
 271.954873      2.366  37.119923    14.3860     5.9103      2.346    30.2439    22.4364 0.0000e+00
 271.954878      2.154  37.127228    14.4144     5.9375      2.136    30.2285    22.4187 0.0000e+00
 271.954884      1.943  37.141422    14.4493     5.9586      1.927    30.2142    22.4005 0.0000e+00
 271.954890      1.732  37.156986    14.4735     5.9991      1.718    30.2095    22.3918 0.0000e+00
 271.954896      1.529  37.170038    14.4779     6.0197      1.516    30.2179    22.3974 0.0000e+00
 271.954902      1.343  37.178571    14.4738     5.9904      1.332    30.2289    22.4067 0.0000e+00
 271.954907      1.179  37.182203    14.4749     5.9645      1.169    30.2314    22.4084 0.0000e+00
 271.954913      1.040  37.183721    14.4846     5.9314      1.031    30.2252    22.4017 -9.990e-29
 271.954919      0.920  37.186262    14.5137     5.9105      0.912    30.2049    22.3800 -9.990e-29
 271.954925      0.813  37.196572    14.5671     5.9137      0.806    30.1727    22.3442 -9.990e-29
 271.954931      0.715  37.218311    14.6155     5.9478      0.709    30.1548    22.3204 -9.990e-29
 271.954936      0.634  37.236209    14.6149     5.9809      0.629    30.1714    22.3333 -9.990e-29
 271.954942      0.577  37.226524    14.5607     5.9804      0.572    30.2048    22.3702 -9.990e-29
 271.954948      0.540  37.198200    14.5038     5.9549      0.535    30.2235    22.3964 -9.990e-29
 271.954954      0.513  37.179571    14.4847     5.9039      0.509    30.2216    22.3988 -9.990e-29
 271.954959      0.485  37.176590    14.5060     5.9044      0.481    30.2023    22.3796 -9.990e-29
 271.954965      0.450  37.188065    14.5626     5.9120      0.446    30.1687    22.3420 -9.990e-29
 271.954971      0.411  37.215844    14.6253     5.9443      0.408    30.1451    22.3108 -9.990e-29
 271.954977      0.373  37.251030    14.6505     5.9573      0.370    30.1572    22.3150 -9.990e-29
 271.954983      0.342  37.266598    14.6260     5.9490      0.339    30.1903    22.3455 -9.990e-29
 271.954988      0.321  37.241863    14.5822     5.9333      0.318    30.2020    22.3636 -9.990e-29
 271.954994      0.309  37.202111    14.5679     5.9137      0.306    30.1773    22.3475 -9.990e-29
 271.955000      0.304  37.192361    14.5970     5.9040      0.301    30.1459    22.3174 -9.990e-29
 271.955006      0.302  37.213601    14.6360     5.9030      0.299    30.1348    22.3007 -9.990e-29
 271.955012      0.299  37.239245    14.6576     5.9082      0.297    30.1412    22.3011 -9.990e-29
 271.955017      0.299  37.260352    14.6517     5.9152      0.297    30.1647    22.3205 -9.990e-29
 271.955023      0.306  37.264178    14.6225     5.9309      0.303    30.1908    22.3466 -9.990e-29
 271.955029      0.321  37.250782    14.5946     5.9262      0.318    30.2004    22.3598 -9.990e-29
 271.955035      0.343  37.243193    14.5783     5.9408      0.340    30.2062    22.3677 -9.990e-29
 271.955041      0.372  37.241927    14.5712     5.9491      0.369    30.2106    22.3725 -9.990e-29
 271.955046      0.395  37.239681    14.5744     5.9621      0.392    30.2061    22.3684 -9.990e-29
 271.955052      0.401  37.239617    14.5886     5.9661      0.398    30.1950    22.3569 -9.990e-29
 271.955058      0.391  37.245566    14.6115     5.9255      0.388    30.1826    22.3426 -9.990e-29
 271.955064      0.377  37.259854    14.6326     5.9673      0.374    30.1791    22.3355 -9.990e-29
 271.955069      0.370  37.271840    14.6404     5.9709      0.367    30.1838    22.3375 -9.990e-29
 271.955075      0.375  37.269498    14.6372     5.9756      0.372    30.1842    22.3385 -9.990e-29
 271.955081      0.388  37.268194    14.6386     5.9597      0.385    30.1819    22.3364 -9.990e-29
 271.955087      0.401  37.285233    14.6466     5.9135      0.398    30.1910    22.3418 -9.990e-29
 271.955093      0.410  37.300189    14.6455     5.9081      0.407    30.2053    22.3531 -9.990e-29
 271.955098      0.416  37.292666    14.6295     5.9152      0.413    30.2110    22.3607 -9.990e-29
 271.955104      0.419  37.273360    14.6037     5.9384      0.416    30.2137    22.3681 -9.990e-29
 271.955110      0.420  37.255742    14.5802     5.9681      0.416    30.2160    22.3748 -9.990e-29
 271.955116      0.414  37.247685    14.5739     5.9827      0.411    30.2137    22.3743 -9.990e-29
 271.955122      0.397  37.249080    14.5852     5.9818      0.394    30.2062    22.3662 -9.990e-29
 271.955127      0.376  37.255055    14.6038     5.9792      0.373    30.1971    22.3554 -9.990e-29
 271.955133      0.363  37.263489    14.6216     5.9742      0.360    30.1909    22.3469 -9.990e-29
 271.955139      0.361  37.269941    14.6359     5.9750      0.358    30.1856    22.3398 -9.990e-29
 271.955145      0.370  37.274611    14.6490     5.9702      0.367    30.1796    22.3325 -9.990e-29
 271.955150      0.386  37.285966    14.6643     5.9470      0.383    30.1780    22.3281 -9.990e-29
 271.955156      0.402  37.305698    14.6772     5.9272      0.399    30.1857    22.3313 -9.990e-29
 271.955162      0.411  37.318100    14.6808     5.9172      0.408    30.1941    22.3370 -9.990e-29
 271.955168      0.407  37.314496    14.6780     5.9283      0.404    30.1930    22.3368 -9.990e-29
 271.955174      0.397  37.306886    14.6741     5.9518      0.394    30.1892    22.3347 -9.990e-29
 271.955179      0.382  37.302486    14.6745     5.9668      0.379    30.1849    22.3313 -9.990e-29
 271.955185      0.367  37.300466    14.6824     5.9764      0.364    30.1770    22.3235 -9.990e-29
 271.955191      0.359  37.303173    14.6904     5.9599      0.356    30.1732    22.3190 -9.990e-29
 271.955197      0.362  37.306369    14.6920     5.9324      0.359    30.1748    22.3199 -9.990e-29
 271.955203      0.376  37.304789    14.6911     5.9057      0.373    30.1741    22.3195 -9.990e-29
 271.955208      0.397  37.303046    14.6916     5.8842      0.394    30.1721    22.3179 -9.990e-29
 271.955214      0.419  37.303856    14.6928     5.8711      0.416    30.1719    22.3175 -9.990e-29
 271.955220      0.435  37.304932    14.6939     5.8724      0.431    30.1720    22.3174 -9.990e-29
 271.955226      0.436  37.304902    14.6936     5.8833      0.432    30.1722    22.3176 -9.990e-29
 271.955231      0.423  37.302601    14.6909     5.9004      0.419    30.1723    22.3182 -9.990e-29
 271.955237      0.404  37.299440    14.6878     5.9040      0.401    30.1718    22.3185 -9.990e-29
 271.955243      0.385  37.297926    14.6875     5.8823      0.382    30.1707    22.3177 -9.990e-29
 271.955249      0.375  37.298275    14.6901     5.9182      0.372    30.1690    22.3158 -9.990e-29
 271.955255      0.376  37.300950    14.6930     5.9502      0.373    30.1692    22.3153 -9.990e-29
 271.955260      0.386  37.305031    14.6941     5.9692      0.383    30.1720    22.3173 -9.990e-29
 271.955266      0.395  37.306995    14.6940     5.9738      0.392    30.1738    22.3187 -9.990e-29
 271.955272      0.400  37.305533    14.6928     5.9157      0.397    30.1734    22.3187 -9.990e-29
 271.955278      0.401  37.302613    14.6903     5.9267      0.398    30.1728    22.3187 -9.990e-29
 271.955284      0.399  37.300499    14.6884     5.9306      0.396    30.1723    22.3187 -9.990e-29
 271.955289      0.393  37.300853    14.6866     5.9319      0.390    30.1741    22.3204 -9.990e-29
 271.955295      0.383  37.302461    14.6829     5.9456      0.380    30.1784    22.3245 -9.990e-29
 271.955301      0.369  37.301299    14.6793     5.9466      0.366    30.1801    22.3266 -9.990e-29
 271.955307      0.353  37.300295    14.6776     5.9510      0.350    30.1805    22.3273 -9.990e-29
 271.955312      0.343  37.301469    14.6738     5.9464      0.340    30.1845    22.3312 -9.990e-29
 271.955318      0.343  37.297418    14.6658     5.9273      0.340    30.1871    22.3348 -9.990e-29
