data/oxygen options/ONMS/Olympic_Coast_National_Marine_Sanctuary_CTD_Data_2005_2023/raw_data/2023/CAST_CE042_230616faed.cnv
* Sea-Bird SBE 19 Data File:
* FileName = C:\Users\OCNMS.Inst\Documents\2023 Mooring Data\Casts\CAST_CE042_230616.hex
* Software Version SeatermAF 2.1.4.55
* Temperature SN = 2997
* Conductivity SN = 2997
* System UpLoad Time = Jun 16 2023 18:27:50 (localtime) = Jun 16 2023 18:27:50 (UTC)
** CAST_CE042_230616
* ds
# nquan = 9                                 
# nvalues = 1099                        
# units = specified
# name 0 = timeJ: Julian Days
# name 1 = prSM: Pressure, Strain Gauge [db]
# name 2 = c0mS/cm: Conductivity [mS/cm]
# name 3 = t090C: Temperature [ITS-90, deg C]
# name 4 = sbeox0ML/L: Oxygen, SBE 43 [ml/l]
# name 5 = depSM: Depth [salt water, m], lat = 47.5
# name 6 = sal00: Salinity, Practical [PSU]
# name 7 = sigma-é00: Density [sigma-theta, kg/m^3]
# name 8 = flag: flag
# span 0 = 167.719769, 167.726123       
# span 1 =     -5.980,     41.505       
# span 2 =   0.009897,  38.103612       
# span 3 =     7.6844,    14.7462       
# span 4 =    -1.8672,    18.2733       
# span 5 =     -5.930,     41.154       
# span 6 =     0.0111,    33.7912       
# span 7 =    -0.8519,    26.3710       
# span 8 = 0.0000e+00, 0.0000e+00       
# interval = seconds: 0.5
# start_time = Jun 16 2023 17:16:28 [Instrument's time stamp, header]
# bad_flag = -9.990e-29
*END*
[from data line 801]
 167.724404     17.175  35.660516     9.4249     4.8623     17.031    33.0413    25.5174 0.0000e+00
 167.724410     17.467  35.642080     9.3916     4.8115     17.320    33.0529    25.5319 0.0000e+00
 167.724416     17.761  35.617446     9.3545     4.7634     17.612    33.0617    25.5447 0.0000e+00
 167.724421     18.050  35.585526     9.3213     4.7402     17.899    33.0593    25.5481 0.0000e+00
 167.724427     18.323  35.556797     9.2978     4.7044     18.169    33.0513    25.5456 0.0000e+00
 167.724433     18.585  35.539270     9.2771     4.6831     18.429    33.0522    25.5496 0.0000e+00
 167.724439     18.846  35.525649     9.2534     4.6765     18.688    33.0600    25.5595 0.0000e+00
 167.724444     19.113  35.511050     9.2318     4.6536     18.953    33.0647    25.5667 0.0000e+00
 167.724450     19.383  35.500485     9.2166     4.6130     19.220    33.0678    25.5715 0.0000e+00
 167.724456     19.658  35.494261     9.2063     4.5314     19.493    33.0707    25.5754 0.0000e+00
 167.724462     19.937  35.489512     9.1988     4.3342     19.770    33.0727    25.5781 0.0000e+00
 167.724468     20.222  35.485900     9.1916     4.0650     20.052    33.0755    25.5815 0.0000e+00
 167.724473     20.513  35.481805     9.1780     3.7563     20.341    33.0837    25.5901 0.0000e+00
 167.724479     20.811  35.472162     9.1490     3.4896     20.636    33.1005    25.6078 0.0000e+00
 167.724485     21.115  35.446750     9.0999     3.3139     20.938    33.1196    25.6305 0.0000e+00
 167.724491     21.417  35.395046     9.0427     3.2024     21.237    33.1190    25.6390 0.0000e+00
 167.724497     21.712  35.319078     8.9920     3.1508     21.530    33.0870    25.6220 0.0000e+00
 167.724502     21.991  35.247324     8.9483     3.1039     21.806    33.0528    25.6020 0.0000e+00
 167.724508     22.257  35.209960     8.9113     3.0571     22.070    33.0482    25.6042 0.0000e+00
 167.724514     22.517  35.201244     8.8805     3.0255     22.328    33.0677    25.6242 0.0000e+00
 167.724520     22.776  35.201545     8.8519     2.9650     22.585    33.0945    25.6497 0.0000e+00
 167.724525     23.031  35.202134     8.8269     2.8455     22.838    33.1184    25.6723 0.0000e+00
 167.724531     23.287  35.201951     8.8087     2.8006     23.091    33.1351    25.6882 0.0000e+00
 167.724537     23.551  35.203385     8.7973     2.7284     23.353    33.1471    25.6993 0.0000e+00
 167.724543     23.828  35.207619     8.7879     2.6668     23.628    33.1602    25.7111 0.0000e+00
 167.724549     24.113  35.210053     8.7698     2.6193     23.910    33.1796    25.7290 0.0000e+00
 167.724554     24.400  35.201444     8.7388     2.5054     24.195    33.1995    25.7494 0.0000e+00
 167.724560     24.684  35.181914     8.7011     2.5195     24.477    33.2143    25.7668 0.0000e+00
 167.724566     24.971  35.161103     8.6612     2.5114     24.761    33.2298    25.7851 0.0000e+00
 167.724572     25.266  35.141341     8.6245     2.5308     25.054    33.2434    25.8014 0.0000e+00
 167.724578     25.568  35.122434     8.5996     2.5462     25.353    33.2468    25.8078 0.0000e+00
 167.724583     25.868  35.109810     8.5890     2.5076     25.650    33.2434    25.8068 0.0000e+00
 167.724589     26.157  35.103270     8.5861     2.4886     25.937    33.2391    25.8039 0.0000e+00
 167.724595     26.427  35.101767     8.5807     2.4604     26.205    33.2425    25.8073 0.0000e+00
 167.724601     26.686  35.103694     8.5654     2.4125     26.462    33.2588    25.8225 0.0000e+00
 167.724606     26.948  35.100257     8.5419     2.3845     26.721    33.2772    25.8405 0.0000e+00
 167.724612     27.219  35.090072     8.5176     2.3647     26.990    33.2892    25.8536 0.0000e+00
 167.724618     27.505  35.079000     8.4968     2.3570     27.274    33.2971    25.8629 0.0000e+00
 167.724624     27.797  35.069474     8.4809     2.3495     27.563    33.3019    25.8691 0.0000e+00
 167.724630     28.085  35.062629     8.4714     2.3417     27.849    33.3035    25.8718 0.0000e+00
 167.724635     28.365  35.059256     8.4671     2.3315     28.126    33.3039    25.8728 0.0000e+00
 167.724641     28.638  35.058611     8.4635     2.3110     28.397    33.3065    25.8754 0.0000e+00
 167.724647     28.904  35.059112     8.4583     2.2731     28.661    33.3118    25.8803 0.0000e+00
 167.724653     29.167  35.058463     8.4515     2.2314     28.922    33.3174    25.8858 0.0000e+00
 167.724659     29.440  35.055475     8.4412     2.1781     29.192    33.3239    25.8924 0.0000e+00
 167.724664     29.731  35.050563     8.4245     2.1368     29.481    33.3344    25.9031 0.0000e+00
 167.724670     30.038  35.043095     8.4006     2.1268     29.785    33.3490    25.9182 0.0000e+00
 167.724676     30.355  35.032586     8.3742     2.1070     30.099    33.3627    25.9330 0.0000e+00
 167.724682     30.671  35.021616     8.3533     2.0962     30.413    33.3708    25.9424 0.0000e+00
 167.724687     30.976  35.013472     8.3418     2.0859     30.715    33.3729    25.9458 0.0000e+00
 167.724693     31.265  35.009044     8.3366     2.0781     31.002    33.3730    25.9467 0.0000e+00
 167.724699     31.535  35.007459     8.3334     2.0621     31.269    33.3743    25.9482 0.0000e+00
 167.724705     31.789  35.006596     8.3292     2.0608     31.521    33.3772    25.9511 0.0000e+00
 167.724711     32.035  35.004175     8.3209     2.0531     31.765    33.3824    25.9564 0.0000e+00
 167.724716     32.276  35.000325     8.3077     2.0418     32.004    33.3908    25.9650 0.0000e+00
 167.724722     32.511  34.996067     8.2922     2.0315     32.237    33.4009    25.9752 0.0000e+00
 167.724728     32.749  34.990755     8.2781     2.0190     32.473    33.4085    25.9833 0.0000e+00
 167.724734     33.007  34.985703     8.2679     1.9974     32.729    33.4127    25.9882 0.0000e+00
 167.724740     33.283  34.983128     8.2575     1.9005     33.003    33.4198    25.9953 0.0000e+00
 167.724745     33.573  34.980705     8.2429     1.8962     33.290    33.4310    26.0062 0.0000e+00
 167.724751     33.878  34.976317     8.2235     1.8716     33.592    33.4446    26.0198 0.0000e+00
 167.724757     34.198  34.970266     8.1940     1.8612     33.910    33.4662    26.0411 0.0000e+00
 167.724763     34.521  34.959517     8.1571     1.8493     34.230    33.4898    26.0652 0.0000e+00
 167.724769     34.835  34.943731     8.1287     1.7508     34.541    33.5000    26.0774 0.0000e+00
 167.724774     35.130  34.929854     8.1145     1.7552     34.834    33.4986    26.0784 0.0000e+00
 167.724780     35.402  34.922332     8.1051     1.7190     35.104    33.4995    26.0805 0.0000e+00
 167.724786     35.656  34.920648     8.0887     1.6812     35.355    33.5132    26.0937 0.0000e+00
 167.724792     35.900  34.918626     8.0590     1.6413     35.597    33.5394    26.1186 0.0000e+00
 167.724797     36.141  34.910764     8.0170     1.5731     35.836    33.5712    26.1498 0.0000e+00
 167.724803     36.385  34.898892     7.9663     1.5367     36.078    33.6070    26.1854 0.0000e+00
 167.724809     36.635  34.884536     7.9166     1.5322     36.326    33.6394    26.2181 0.0000e+00
 167.724815     36.890  34.871503     7.8817     1.4954     36.579    33.6589    26.2385 0.0000e+00
 167.724821     37.150  34.864247     7.8607     1.4727     36.837    33.6713    26.2513 0.0000e+00
 167.724826     37.416  34.860917     7.8424     1.4400     37.100    33.6852    26.2649 0.0000e+00
 167.724832     37.699  34.857622     7.8207     1.4154     37.381    33.7025    26.2816 0.0000e+00
 167.724838     38.003  34.852202     7.7954     1.3931     37.682    33.7210    26.2998 0.0000e+00
 167.724844     38.326  34.844702     7.7699     1.3810     38.003    33.7375    26.3165 0.0000e+00
 167.724850     38.654  34.836314     7.7484     1.3828     38.328    33.7491    26.3287 0.0000e+00
 167.724855     38.970  34.828164     7.7333     1.3743     38.641    33.7548    26.3354 0.0000e+00
 167.724861     39.264  34.821695     7.7238     1.3818     38.933    33.7569    26.3384 0.0000e+00
 167.724867     39.532  34.818914     7.7177     1.3877     39.198    33.7597    26.3415 0.0000e+00
 167.724873     39.780  34.820024     7.7148     1.3775     39.444    33.7636    26.3450 0.0000e+00
 167.724878     40.015  34.822577     7.7136     1.3712     39.677    33.7674    26.3482 0.0000e+00
 167.724884     40.242  34.823247     7.7092     1.3730     39.902    33.7723    26.3526 0.0000e+00
 167.724890     40.468  34.820122     7.6998     1.3707     40.126    33.7779    26.3584 0.0000e+00
 167.724896     40.698  34.815191     7.6905     1.3645     40.354    33.7815    26.3626 0.0000e+00
 167.724902     40.926  34.811393     7.6859     1.3644     40.580    33.7818    26.3635 0.0000e+00
 167.724907     41.132  34.809818     7.6859     1.3704     40.785    33.7800    26.3621 0.0000e+00
 167.724913     41.300  34.810595     7.6876     1.3682     40.951    33.7791    26.3611 -9.990e-29
 167.724919     41.417  34.813632     7.6886     1.3620     41.067    33.7813    26.3627 -9.990e-29
 167.724925     41.484  34.816809     7.6881     1.3214     41.134    33.7852    26.3659 -9.990e-29
 167.724931     41.505  34.816518     7.6871     1.3559     41.154    33.7859    26.3665 -9.990e-29
 167.724936     41.480  34.815166     7.6871     1.3698     41.130    33.7844    26.3654 -9.990e-29
 167.724942     41.409  34.816544     7.6876     1.3858     41.059    33.7855    26.3661 -9.990e-29
 167.724948     41.295  34.818563     7.6872     1.3957     40.946    33.7881    26.3682 -9.990e-29
 167.724954     41.148  34.819429     7.6862     1.3208     40.801    33.7901    26.3699 0.0000e+00
 167.724959     40.972  34.819732     7.6854     1.3510     40.626    33.7912    26.3710 0.0000e+00
 167.724965     40.772  34.819312     7.6852     1.3689     40.428    33.7911    26.3709 0.0000e+00
 167.724971     40.562  34.817604     7.6848     1.3764     40.220    33.7897    26.3699 0.0000e+00
 167.724977     40.342  34.815688     7.6844     1.3839     40.001    33.7882    26.3687 0.0000e+00
 167.724983     40.100  34.814924     7.6846     1.3675     39.761    33.7872    26.3679 0.0000e+00
 167.724988     39.839  34.814849     7.6850     1.3671     39.503    33.7869    26.3676 0.0000e+00
 167.724994     39.565  34.814798     7.6858     1.3646     39.231    33.7862    26.3669 0.0000e+00
 167.725000     39.280  34.814698     7.6876     1.3803     38.948    33.7845    26.3653 0.0000e+00
 167.725006     38.993  34.814412     7.6911     1.4041     38.664    33.7809    26.3620 0.0000e+00
 167.725012     38.707  34.814114     7.6977     1.4198     38.380    33.7743    26.3559 0.0000e+00
 167.725017     38.424  34.814526     7.7075     1.4377     38.100    33.7654    26.3474 0.0000e+00
 167.725023     38.149  34.815631     7.7191     1.4513     37.827    33.7555    26.3380 0.0000e+00
 167.725029     37.876  34.817781     7.7327     1.4503     37.556    33.7447    26.3276 0.0000e+00
 167.725035     37.601  34.821598     7.7475     1.4667     37.284    33.7346    26.3175 0.0000e+00
 167.725041     37.324  34.825448     7.7619     1.4894     37.009    33.7250    26.3078 0.0000e+00
 167.725046     37.045  34.828301     7.7755     1.5066     36.733    33.7150    26.2980 0.0000e+00
 167.725052     36.766  34.831159     7.7888     1.5259     36.456    33.7054    26.2885 0.0000e+00
 167.725058     36.492  34.835028     7.8015     1.5596     36.184    33.6974    26.2804 0.0000e+00
 167.725064     36.218  34.839467     7.8134     1.6129     35.913    33.6908    26.2735 0.0000e+00
 167.725069     35.940  34.843109     7.8271     1.6658     35.637    33.6816    26.2642 0.0000e+00
 167.725075     35.656  34.846326     7.8487     1.7105     35.355    33.6643    26.2475 0.0000e+00
 167.725081     35.371  34.851165     7.8827     1.7546     35.073    33.6369    26.2210 0.0000e+00
 167.725087     35.087  34.858474     7.9250     1.7976     34.791    33.6041    26.1891 0.0000e+00
 167.725093     34.805  34.867354     7.9651     1.8135     34.512    33.5752    26.1605 0.0000e+00
 167.725098     34.522  34.876764     7.9963     1.8421     34.231    33.5554    26.1404 0.0000e+00
 167.725104     34.238  34.885251     8.0200     1.8765     33.949    33.5419    26.1263 0.0000e+00
 167.725110     33.956  34.891810     8.0407     1.8890     33.670    33.5292    26.1133 0.0000e+00
 167.725116     33.681  34.896784     8.0624     1.9268     33.397    33.5139    26.0981 0.0000e+00
 167.725122     33.410  34.901763     8.0875     1.9488     33.128    33.4953    26.0798 0.0000e+00
 167.725127     33.145  34.908904     8.1184     1.9568     32.866    33.4735    26.0581 0.0000e+00
 167.725133     32.882  34.919327     8.1525     1.9626     32.605    33.4522    26.0363 0.0000e+00
 167.725139     32.616  34.930684     8.1801     1.9097     32.341    33.4381    26.0211 0.0000e+00
 167.725145     32.352  34.938514     8.1956     1.9556     32.079    33.4318    26.0139 0.0000e+00
 167.725150     32.094  34.942054     8.2020     1.9810     31.824    33.4295    26.0112 0.0000e+00
 167.725156     31.840  34.944347     8.2052     1.9923     31.572    33.4290    26.0103 0.0000e+00
 167.725162     31.581  34.947327     8.2092     2.0059     31.315    33.4285    26.0093 0.0000e+00
 167.725168     31.310  34.950479     8.2158     1.9849     31.046    33.4257    26.0061 0.0000e+00
 167.725174     31.022  34.952960     8.2252     1.9951     30.761    33.4195    25.9999 0.0000e+00
 167.725179     30.725  34.954714     8.2367     2.0265     30.466    33.4106    25.9911 0.0000e+00
 167.725185     30.429  34.957517     8.2494     2.0419     30.173    33.4016    25.9822 0.0000e+00
 167.725191     30.138  34.962303     8.2611     2.0373     29.884    33.3957    25.9758 0.0000e+00
 167.725197     29.845  34.967050     8.2713     2.0406     29.594    33.3912    25.9707 0.0000e+00
 167.725203     29.545  34.970802     8.2815     2.0446     29.296    33.3856    25.9648 0.0000e+00
 167.725208     29.240  34.974081     8.2914     2.0600     28.994    33.3798    25.9588 0.0000e+00
 167.725214     28.932  34.976774     8.2997     2.0716     28.689    33.3750    25.9537 0.0000e+00
 167.725220     28.623  34.979666     8.3060     2.0815     28.382    33.3722    25.9506 0.0000e+00
 167.725226     28.324  34.983251     8.3118     2.1087     28.086    33.3706    25.9485 0.0000e+00
 167.725231     28.036  34.986145     8.3195     2.1339     27.800    33.3665    25.9441 0.0000e+00
 167.725237     27.750  34.988282     8.3318     2.1667     27.517    33.3572    25.9350 0.0000e+00
 167.725243     27.465  34.991387     8.3490     2.1937     27.234    33.3443    25.9223 0.0000e+00
 167.725249     27.185  34.995678     8.3664     2.2148     26.956    33.3325    25.9104 0.0000e+00
 167.725255     26.908  35.000152     8.3794     2.2381     26.682    33.3251    25.9026 0.0000e+00
 167.725260     26.634  35.005731     8.3889     2.2578     26.410    33.3221    25.8988 0.0000e+00
 167.725266     26.363  35.013131     8.3972     2.2777     26.141    33.3222    25.8977 0.0000e+00
 167.725272     26.090  35.019333     8.4055     2.2974     25.871    33.3210    25.8955 0.0000e+00
 167.725278     25.807  35.023081     8.4147     2.3178     25.590    33.3164    25.8905 0.0000e+00
 167.725284     25.509  35.026009     8.4247     2.3371     25.295    33.3102    25.8841 0.0000e+00
 167.725289     25.197  35.028096     8.4360     2.3716     24.985    33.3019    25.8758 0.0000e+00
 167.725295     24.882  35.030439     8.4494     2.3787     24.673    33.2918    25.8659 0.0000e+00
 167.725301     24.571  35.034480     8.4627     2.3861     24.364    33.2837    25.8575 0.0000e+00
 167.725307     24.259  35.038885     8.4731     2.4082     24.055    33.2786    25.8520 0.0000e+00
 167.725313     23.953  35.042801     8.4802     2.4184     23.752    33.2762    25.8490 0.0000e+00
 167.725318     23.664  35.047528     8.4862     2.4371     23.465    33.2757    25.8477 0.0000e+00
