data/oxygen options/ONMS/Olympic_Coast_National_Marine_Sanctuary_CTD_Data_2005_2023/raw_data/2023/CAST_CE015_230601faed.cnv
* Sea-Bird SBE 19 Data File:
* FileName = C:\Users\OCNMS.Inst\Documents\2023 Mooring Data\Casts\CAST_CE015_230601.hex
* Software Version SeatermAF 2.1.4.55
* Temperature SN = 2997
* Conductivity SN = 2997
* System UpLoad Time = Jun 01 2023 18:48:04 (localtime) = Jun 01 2023 18:48:04 (UTC)
** CAST_CE015_230601
* ds
# nquan = 9                                 
# nvalues = 837                         
# units = specified
# name 0 = timeJ: Julian Days
# name 1 = prSM: Pressure, Strain Gauge [db]
# name 2 = c0mS/cm: Conductivity [mS/cm]
# name 3 = t090C: Temperature [ITS-90, deg C]
# name 4 = sbeox0ML/L: Oxygen, SBE 43 [ml/l]
# name 5 = depSM: Depth [salt water, m], lat = 47.5
# name 6 = sal00: Salinity, Practical [PSU]
# name 7 = sigma-é00: Density [sigma-theta, kg/m^3]
# name 8 = flag: flag
# span 0 = 152.770868, 152.775706       
# span 1 =     -6.210,     14.316       
# span 2 =   0.290828,  36.292416       
# span 3 =     8.5252,    14.8074       
# span 4 =    -1.8983,    11.7946       
# span 5 =     -6.158,     14.196       
# span 6 =     0.1754,    33.2679       
# span 7 =    -0.6996,    25.7650       
# span 8 = 0.0000e+00, 0.0000e+00       
# interval = seconds: 0.5
# start_time = Jun 01 2023 18:30:03 [Instrument's time stamp, header]
# bad_flag = -9.990e-29
*END*
[from data line 641]
 152.774578      0.240  35.677541     9.8164     4.7469      0.238    32.7078    25.1929 -9.990e-29
 152.774583      0.244  35.680513     9.8158     4.7589      0.242    32.7114    25.1958 -9.990e-29
 152.774589      0.243  35.678797     9.8132     4.7710      0.241    32.7120    25.1967 -9.990e-29
 152.774595      0.241  35.673464     9.8056     4.7075      0.239    32.7135    25.1991 -9.990e-29
 152.774601      0.242  35.663559     9.7919     4.7465      0.240    32.7158    25.2031 -9.990e-29
 152.774606      0.247  35.646515     9.7754     4.7544      0.245    32.7134    25.2040 -9.990e-29
 152.774612      0.255  35.628167     9.7605     4.7634      0.253    32.7083    25.2024 -9.990e-29
 152.774618      0.268  35.621573     9.7514     4.7734      0.266    32.7098    25.2051 -9.990e-29
 152.774624      0.282  35.630259     9.7502     4.7514      0.280    32.7197    25.2131 -9.990e-29
 152.774630      0.288  35.637791     9.7544     4.7518      0.286    32.7236    25.2154 -9.990e-29
 152.774635      0.284  35.635160     9.7585     4.7518      0.282    32.7172    25.2097 -9.990e-29
 152.774641      0.274  35.628939     9.7564     4.7526      0.272    32.7128    25.2066 -9.990e-29
 152.774647      0.264  35.622033     9.7486     4.7524      0.262    32.7128    25.2079 -9.990e-29
 152.774653      0.259  35.616433     9.7418     4.7452      0.257    32.7133    25.2094 -9.990e-29
 152.774659      0.259  35.613072     9.7435     4.7519      0.257    32.7083    25.2052 -9.990e-29
 152.774664      0.263  35.618104     9.7550     4.7468      0.261    32.7030    25.1992 -9.990e-29
 152.774670      0.268  35.634870     9.7654     4.7448      0.266    32.7106    25.2034 -9.990e-29
 152.774676      0.270  35.649872     9.7679     4.7473      0.268    32.7237    25.2132 -9.990e-29
 152.774682      0.272  35.651185     9.7667     4.7524      0.270    32.7261    25.2153 -9.990e-29
 152.774688      0.275  35.640558     9.7646     4.7716      0.273    32.7172    25.2087 -9.990e-29
 152.774693      0.276  35.629583     9.7614     4.7736      0.274    32.7089    25.2027 -9.990e-29
 152.774699      0.278  35.623226     9.7586     4.7642      0.276    32.7049    25.2001 -9.990e-29
 152.774705      0.285  35.620290     9.7558     4.7547      0.283    32.7045    25.2002 -9.990e-29
 152.774711      0.298  35.619096     9.7514     4.7472      0.296    32.7073    25.2031 -9.990e-29
 152.774716      0.319  35.616366     9.7483     4.7565      0.316    32.7073    25.2036 -9.990e-29
 152.774722      0.348  35.615737     9.7493     4.7692      0.345    32.7057    25.2022 -9.990e-29
 152.774728      0.382  35.624209     9.7530     4.7653      0.379    32.7110    25.2058 -9.990e-29
 152.774734      0.417  35.634588     9.7579     4.7641      0.414    32.7171    25.2097 -9.990e-29
 152.774740      0.453  35.635501     9.7636     4.7642      0.449    32.7128    25.2055 -9.990e-29
 152.774745      0.501  35.634884     9.7706     4.7573      0.497    32.7058    25.1988 -9.990e-29
 152.774751      0.569  35.641994     9.7793     4.7459      0.564    32.7051    25.1969 -9.990e-29
 152.774757      0.658  35.651185     9.7881     4.7279      0.653    32.7065    25.1965 -9.990e-29
 152.774763      0.763  35.653421     9.7935     4.7064      0.757    32.7038    25.1935 -9.990e-29
 152.774769      0.888  35.650561     9.7943     4.7030      0.881    32.7001    25.1905 0.0000e+00
 152.774774      1.040  35.647750     9.7908     4.7009      1.031    32.7003    25.1913 0.0000e+00
 152.774780      1.225  35.642919     9.7809     4.6451      1.215    32.7043    25.1960 0.0000e+00
 152.774786      1.441  35.629622     9.7609     4.6599      1.429    32.7089    25.2028 0.0000e+00
 152.774792      1.682  35.602448     9.7250     4.6537      1.668    32.7137    25.2124 0.0000e+00
 152.774797      1.936  35.554844     9.6666     4.6523      1.920    32.7180    25.2254 0.0000e+00
 152.774803      2.194  35.481024     9.5959     4.6602      2.176    32.7068    25.2281 0.0000e+00
 152.774809      2.447  35.405216     9.5416     4.6037      2.427    32.6785    25.2148 0.0000e+00
 152.774815      2.690  35.368036     9.5078     4.5788      2.668    32.6710    25.2144 0.0000e+00
 152.774821      2.929  35.355739     9.4653     4.5496      2.905    32.6971    25.2416 0.0000e+00
 152.774826      3.179  35.324468     9.4073     4.5161      3.152    32.7178    25.2671 0.0000e+00
 152.774832      3.444  35.281812     9.3584     4.4930      3.415    32.7185    25.2755 0.0000e+00
 152.774838      3.715  35.252101     9.3314     4.4765      3.684    32.7124    25.2751 0.0000e+00
 152.774844      3.983  35.236591     9.3204     4.4528      3.950    32.7064    25.2721 0.0000e+00
 152.774850      4.240  35.230828     9.3167     4.4234      4.205    32.7037    25.2706 0.0000e+00
 152.774855      4.484  35.228800     9.3122     4.3757      4.447    32.7056    25.2728 0.0000e+00
 152.774861      4.728  35.226677     9.3024     4.3260      4.688    32.7123    25.2796 0.0000e+00
 152.774867      4.982  35.223865     9.2891     4.2873      4.940    32.7215    25.2889 0.0000e+00
 152.774873      5.245  35.220531     9.2763     4.2472      5.201    32.7297    25.2973 0.0000e+00
 152.774878      5.509  35.217822     9.2667     4.2255      5.463    32.7355    25.3034 0.0000e+00
 152.774884      5.768  35.215478     9.2605     4.1975      5.720    32.7387    25.3069 0.0000e+00
 152.774890      6.022  35.209806     9.2547     4.1779      5.972    32.7380    25.3073 0.0000e+00
 152.774896      6.271  35.198279     9.2443     4.1682      6.219    32.7356    25.3070 0.0000e+00
 152.774902      6.516  35.184564     9.2230     4.1629      6.462    32.7408    25.3145 0.0000e+00
 152.774907      6.766  35.173331     9.1941     4.1858      6.709    32.7556    25.3307 0.0000e+00
 152.774913      7.023  35.163602     9.1687     4.2034      6.964    32.7688    25.3450 0.0000e+00
 152.774919      7.286  35.153037     9.1504     4.1878      7.225    32.7746    25.3524 0.0000e+00
 152.774925      7.551  35.140419     9.1367     4.1161      7.488    32.7740    25.3541 0.0000e+00
 152.774931      7.809  35.125717     9.1231     3.9876      7.744    32.7711    25.3540 0.0000e+00
 152.774936      8.058  35.110603     9.1035     3.8193      7.991    32.7734    25.3588 0.0000e+00
 152.774942      8.307  35.093401     9.0752     3.6692      8.238    32.7815    25.3696 0.0000e+00
 152.774948      8.559  35.071892     9.0383     3.5407      8.487    32.7930    25.3844 0.0000e+00
 152.774954      8.816  35.045956     8.9903     3.4382      8.742    32.8102    25.4054 0.0000e+00
 152.774959      9.082  35.017405     8.9289     3.3521      9.006    32.8371    25.4360 0.0000e+00
 152.774965      9.353  34.990727     8.8611     3.2257      9.275    32.8720    25.4738 0.0000e+00
 152.774971      9.623  34.965622     8.8024     3.1939      9.542    32.9001    25.5049 0.0000e+00
 152.774977      9.895  34.945006     8.7596     3.1558      9.812    32.9182    25.5256 0.0000e+00
 152.774983     10.167  34.934416     8.7274     3.1122     10.082    32.9369    25.5453 0.0000e+00
 152.774988     10.439  34.930359     8.7026     3.0772     10.352    32.9556    25.5637 0.0000e+00
 152.774994     10.712  34.929097     8.6846     2.9503     10.622    32.9710    25.5785 0.0000e+00
 152.775000     10.982  34.930056     8.6710     2.9195     10.890    32.9845    25.5912 0.0000e+00
 152.775006     11.245  34.932827     8.6606     2.8801     11.151    32.9970    25.6026 0.0000e+00
 152.775012     11.505  34.937735     8.6528     2.8388     11.409    33.0093    25.6134 0.0000e+00
 152.775017     11.760  34.945156     8.6475     2.7860     11.662    33.0220    25.6241 0.0000e+00
 152.775023     12.005  34.953215     8.6436     2.6997     11.904    33.0339    25.6341 0.0000e+00
 152.775029     12.244  34.958652     8.6360     2.6454     12.141    33.0467    25.6452 0.0000e+00
 152.775035     12.479  34.961427     8.6206     2.5827     12.374    33.0639    25.6611 0.0000e+00
 152.775041     12.711  34.963555     8.5997     2.5454     12.605    33.0856    25.6813 0.0000e+00
 152.775046     12.944  34.966189     8.5803     2.5219     12.836    33.1064    25.7006 0.0000e+00
 152.775052     13.174  34.968912     8.5677     2.5060     13.064    33.1210    25.7139 0.0000e+00
 152.775058     13.398  34.970867     8.5596     2.5014     13.286    33.1305    25.7226 0.0000e+00
 152.775064     13.611  34.972410     8.5518     2.4759     13.497    33.1394    25.7308 0.0000e+00
 152.775069     13.803  34.973914     8.5419     2.4626     13.687    33.1502    25.7407 0.0000e+00
 152.775075     13.975  34.975140     8.5316     2.4653     13.858    33.1611    25.7508 0.0000e+00
 152.775081     14.124  34.977158     8.5259     2.4929     14.006    33.1685    25.7575 -9.990e-29
 152.775087     14.238  34.981538     8.5252     2.5475     14.119    33.1737    25.7617 -9.990e-29
 152.775093     14.304  34.986835     8.5266     2.5927     14.184    33.1780    25.7648 -9.990e-29
 152.775098     14.316  34.990587     8.5299     2.6247     14.196    33.1788    25.7650 -9.990e-29
 152.775104     14.281  34.991636     8.5358     2.6476     14.161    33.1744    25.7606 -9.990e-29
 152.775110     14.200  34.990262     8.5433     2.6611     14.081    33.1659    25.7528 -9.990e-29
 152.775116     14.071  34.987993     8.5495     2.6817     13.953    33.1578    25.7455 0.0000e+00
 152.775122     13.901  34.985726     8.5517     2.6947     13.785    33.1534    25.7417 0.0000e+00
 152.775127     13.694  34.983803     8.5508     2.7174     13.579    33.1523    25.7410 0.0000e+00
 152.775133     13.460  34.981902     8.5506     2.7346     13.347    33.1506    25.7397 0.0000e+00
 152.775139     13.214  34.979169     8.5532     2.7560     13.103    33.1454    25.7352 0.0000e+00
 152.775145     12.969  34.975323     8.5574     2.7870     12.860    33.1375    25.7284 0.0000e+00
 152.775150     12.727  34.970836     8.5616     2.8061     12.620    33.1289    25.7211 0.0000e+00
 152.775156     12.482  34.967010     8.5655     2.8643     12.377    33.1214    25.7145 0.0000e+00
 152.775162     12.226  34.964905     8.5710     2.9335     12.124    33.1141    25.7080 0.0000e+00
 152.775168     11.957  34.964517     8.5806     3.0176     11.857    33.1048    25.6993 0.0000e+00
 152.775174     11.677  34.964769     8.5933     3.0992     11.579    33.0933    25.6883 0.0000e+00
 152.775179     11.392  34.963758     8.6065     3.1211     11.297    33.0800    25.6759 0.0000e+00
 152.775185     11.104  34.960140     8.6183     3.2012     11.011    33.0653    25.6625 0.0000e+00
 152.775191     10.820  34.952455     8.6276     3.2588     10.729    33.0487    25.6481 0.0000e+00
 152.775197     10.544  34.942223     8.6360     3.3228     10.456    33.0302    25.6323 0.0000e+00
 152.775203     10.272  34.934845     8.6448     3.3942     10.186    33.0143    25.6186 0.0000e+00
 152.775208      9.994  34.932249     8.6548     3.4672      9.910    33.0024    25.6077 0.0000e+00
 152.775214      9.702  34.931534     8.6684     3.6221      9.621    32.9891    25.5952 0.0000e+00
 152.775220      9.394  34.930069     8.6884     3.7980      9.315    32.9690    25.5764 0.0000e+00
 152.775226      9.080  34.928703     8.7144     3.9664      9.004    32.9435    25.5524 0.0000e+00
 152.775231      8.766  34.931781     8.7488     4.0750      8.693    32.9149    25.5247 0.0000e+00
 152.775237      8.453  34.946771     8.7980     4.1303      8.382    32.8850    25.4937 0.0000e+00
 152.775243      8.148  34.977421     8.8554     4.1704      8.080    32.8639    25.4684 0.0000e+00
 152.775249      7.852  35.015879     8.9063     4.1865      7.786    32.8570    25.4551 0.0000e+00
 152.775255      7.564  35.047906     8.9520     4.2228      7.501    32.8482    25.4411 0.0000e+00
 152.775260      7.279  35.068047     9.0004     4.2393      7.218    32.8246    25.4150 0.0000e+00
 152.775266      6.986  35.081883     9.0483     4.2590      6.928    32.7949    25.3843 0.0000e+00
 152.775272      6.680  35.094428     9.0878     4.2705      6.624    32.7717    25.3599 0.0000e+00
 152.775278      6.362  35.107294     9.1172     4.2936      6.309    32.7581    25.3447 0.0000e+00
 152.775284      6.039  35.120285     9.1417     4.3347      5.989    32.7492    25.3339 0.0000e+00
 152.775289      5.716  35.133927     9.1662     4.3743      5.668    32.7409    25.3236 0.0000e+00
 152.775295      5.397  35.147930     9.1893     4.4166      5.352    32.7344    25.3148 0.0000e+00
 152.775301      5.088  35.159688     9.2068     4.4268      5.045    32.7306    25.3091 0.0000e+00
 152.775307      4.795  35.171441     9.2190     4.4245      4.755    32.7317    25.3080 0.0000e+00
 152.775313      4.517  35.184304     9.2290     4.4449      4.479    32.7359    25.3097 0.0000e+00
 152.775318      4.240  35.191906     9.2365     4.4771      4.205    32.7370    25.3094 0.0000e+00
 152.775324      3.964  35.192625     9.2422     4.5419      3.931    32.7327    25.3051 0.0000e+00
 152.775330      3.697  35.191904     9.2499     4.6080      3.666    32.7250    25.2978 0.0000e+00
 152.775336      3.430  35.193265     9.2619     4.6560      3.401    32.7155    25.2885 0.0000e+00
 152.775341      3.155  35.197962     9.2837     4.7048      3.129    32.7005    25.2733 0.0000e+00
 152.775347      2.871  35.206659     9.3323     4.7422      2.847    32.6652    25.2379 0.0000e+00
 152.775353      2.583  35.225355     9.4162     4.7607      2.561    32.6080    25.1798 0.0000e+00
 152.775359      2.297  35.268338     9.5115     4.7674      2.278    32.5655    25.1314 0.0000e+00
 152.775365      2.021  35.346439     9.5898     4.7041      2.004    32.5746    25.1258 0.0000e+00
 152.775370      1.759  35.451790     9.6474     4.7306      1.744    32.6302    25.1599 0.0000e+00
 152.775376      1.511  35.546200     9.6873     4.7310      1.498    32.6906    25.2006 0.0000e+00
 152.775382      1.279  35.595368     9.7121     4.7298      1.268    32.7183    25.2182 0.0000e+00
 152.775388      1.065  35.605490     9.7283     4.7348      1.056    32.7140    25.2122 0.0000e+00
 152.775394      0.872  35.600711     9.7373     4.6812      0.865    32.7011    25.2006 0.0000e+00
 152.775399      0.706  35.597067     9.7373     4.7164      0.700    32.6974    25.1977 0.0000e+00
 152.775405      0.568  35.594185     9.7327     4.7175      0.563    32.6987    25.1995 -9.990e-29
 152.775411      0.458  35.589347     9.7290     4.7191      0.454    32.6972    25.1989 -9.990e-29
 152.775417      0.375  35.587302     9.7268     4.7223      0.372    32.6971    25.1992 -9.990e-29
 152.775422      0.312  35.588684     9.7256     4.7073      0.309    32.6997    25.2014 -9.990e-29
 152.775428      0.265  35.590855     9.7264     4.7147      0.263    32.7012    25.2024 -9.990e-29
 152.775434      0.227  35.595587     9.7299     4.7183      0.225    32.7028    25.2032 -9.990e-29
 152.775440      0.192  35.604149     9.7342     4.7144      0.190    32.7077    25.2063 -9.990e-29
 152.775446      0.157  35.610033     9.7350     4.7249      0.156    32.7130    25.2103 -9.990e-29
 152.775451      0.120  35.607080     9.7330     4.7452      0.119    32.7118    25.2097 -9.990e-29
 152.775457      0.083  35.600317     9.7350     4.7471      0.082    32.7031    25.2025 -9.990e-29
 152.775463      0.052  35.601453     9.7428     4.7516      0.052    32.6972    25.1966 -9.990e-29
 152.775469      0.029  35.613122     9.7513     4.7414      0.029    32.7014    25.1985 -9.990e-29
 152.775475      0.014  35.624556     9.7558     4.7385      0.014    32.7090    25.2037 -9.990e-29
 152.775480      0.004  35.626917     9.7576     4.7390      0.004    32.7097    25.2040 -9.990e-29
 152.775486      0.001  35.625595     9.7599     4.7511      0.001    32.7063    25.2010 -9.990e-29
 152.775492     -0.002  35.626671     9.7616     4.7522     -0.002    32.7058    25.2003 -9.990e-29
