data/oxygen options/ONMS/Olympic_Coast_National_Marine_Sanctuary_CTD_Data_2005_2023/raw_data/2023/CAST_TH042_230719faed.cnv
* Sea-Bird SBE 19 Data File:
* FileName = C:\Users\OCNMS.Inst\Documents\2023 Mooring Data\Casts\CAST_TH042_230719.hex
* Software Version SeatermAF 2.1.4.55
* Temperature SN = 2997
* Conductivity SN = 2997
* System UpLoad Time = Jul 19 2023 18:43:37 (localtime) = Jul 19 2023 18:43:37 (UTC)
** CAST_TH042_230719
* ds
# nquan = 9                                 
# nvalues = 1056                        
# units = specified
# name 0 = timeJ: Julian Days
# name 1 = prSM: Pressure, Strain Gauge [db]
# name 2 = c0mS/cm: Conductivity [mS/cm]
# name 3 = t090C: Temperature [ITS-90, deg C]
# name 4 = sbeox0ML/L: Oxygen, SBE 43 [ml/l]
# name 5 = depSM: Depth [salt water, m], lat = 47.5
# name 6 = sal00: Salinity, Practical [PSU]
# name 7 = sigma-é00: Density [sigma-theta, kg/m^3]
# name 8 = flag: flag
# span 0 = 200.729201, 200.735307       
# span 1 =     -6.135,     39.823       
# span 2 =   0.395773,  39.053198       
# span 3 =     7.9169,    14.8176       
# span 4 =    -1.8619,    16.0669       
# span 5 =     -6.084,     39.487       
# span 6 =     0.2422,    33.7989       
# span 7 =    -0.6270,    26.2704       
# span 8 = 0.0000e+00, 0.0000e+00       
# interval = seconds: 0.5
# start_time = Jul 19 2023 17:30:03 [Instrument's time stamp, header]
# bad_flag = -9.990e-29
*END*
[from data line 801]
 200.733837     32.604  34.992918     8.0503     2.8461     32.329    33.6286    26.1899 0.0000e+00
 200.733843     32.865  34.991217     8.0464     2.8405     32.588    33.6304    26.1919 0.0000e+00
 200.733848     33.128  34.990389     8.0452     2.8408     32.849    33.6306    26.1922 0.0000e+00
 200.733854     33.382  34.990428     8.0455     2.8384     33.101    33.6302    26.1919 0.0000e+00
 200.733860     33.627  34.991368     8.0462     2.8422     33.344    33.6304    26.1919 0.0000e+00
 200.733866     33.869  34.992763     8.0465     2.8465     33.584    33.6315    26.1928 0.0000e+00
 200.733872     34.112  34.993096     8.0461     2.8417     33.825    33.6321    26.1933 0.0000e+00
 200.733877     34.358  34.992233     8.0452     2.8443     34.068    33.6320    26.1933 0.0000e+00
 200.733883     34.614  34.991246     8.0438     2.8370     34.322    33.6321    26.1937 0.0000e+00
 200.733889     34.879  34.989923     8.0414     2.8215     34.585    33.6329    26.1946 0.0000e+00
 200.733895     35.140  34.987603     8.0376     2.8139     34.844    33.6339    26.1960 0.0000e+00
 200.733900     35.383  34.985092     8.0345     2.8071     35.085    33.6341    26.1966 0.0000e+00
 200.733906     35.608  34.984627     8.0341     2.8055     35.308    33.6339    26.1965 0.0000e+00
 200.733912     35.823  34.986128     8.0333     2.7978     35.521    33.6362    26.1984 0.0000e+00
 200.733918     36.044  34.985979     8.0277     2.7433     35.740    33.6413    26.2032 0.0000e+00
 200.733924     36.282  34.982283     8.0176     2.7598     35.976    33.6469    26.2092 0.0000e+00
 200.733929     36.546  34.977378     8.0082     2.7583     36.238    33.6506    26.2134 0.0000e+00
 200.733935     36.827  34.973667     8.0012     2.7447     36.516    33.6533    26.2165 0.0000e+00
 200.733941     37.107  34.968981     7.9943     2.7510     36.794    33.6548    26.2187 0.0000e+00
 200.733947     37.375  34.962094     7.9849     2.6932     37.060    33.6563    26.2213 0.0000e+00
 200.733953     37.627  34.956125     7.9727     2.7214     37.310    33.6615    26.2273 0.0000e+00
 200.733958     37.860  34.952619     7.9616     2.7529     37.541    33.6684    26.2343 0.0000e+00
 200.733964     38.074  34.951924     7.9550     2.7466     37.753    33.6739    26.2396 0.0000e+00
 200.733970     38.269  34.953092     7.9517     2.7505     37.946    33.6782    26.2434 0.0000e+00
 200.733976     38.453  34.953181     7.9465     2.7185     38.129    33.6832    26.2482 0.0000e+00
 200.733981     38.637  34.951170     7.9374     2.7084     38.311    33.6898    26.2546 0.0000e+00
 200.733987     38.833  34.948284     7.9281     2.7203     38.505    33.6956    26.2605 0.0000e+00
 200.733993     39.045  34.946257     7.9218     2.7203     38.715    33.6994    26.2644 0.0000e+00
 200.733999     39.262  34.945731     7.9189     2.7362     38.931    33.7015    26.2665 0.0000e+00
 200.734005     39.462  34.945983     7.9183     2.7340     39.129    33.7022    26.2672 0.0000e+00
 200.734010     39.624  34.946210     7.9187     2.7258     39.290    33.7020    26.2670 -9.990e-29
 200.734016     39.737  34.946694     7.9191     2.7096     39.402    33.7021    26.2670 -9.990e-29
 200.734022     39.803  34.948062     7.9193     2.7037     39.467    33.7033    26.2679 -9.990e-29
 200.734028     39.823  34.949323     7.9194     2.7174     39.487    33.7046    26.2689 -9.990e-29
 200.734034     39.798  34.949339     7.9194     2.7351     39.462    33.7046    26.2689 -9.990e-29
 200.734039     39.739  34.948676     7.9190     2.7368     39.404    33.7043    26.2688 -9.990e-29
 200.734045     39.656  34.948113     7.9181     2.7329     39.321    33.7046    26.2691 -9.990e-29
 200.734051     39.547  34.947443     7.9172     2.7270     39.213    33.7048    26.2694 -9.990e-29
 200.734057     39.409  34.946878     7.9169     2.7169     39.076    33.7046    26.2693 0.0000e+00
 200.734062     39.243  34.947327     7.9172     2.7184     38.912    33.7048    26.2694 0.0000e+00
 200.734068     39.046  34.948252     7.9174     2.7263     38.716    33.7057    26.2701 0.0000e+00
 200.734074     38.824  34.948632     7.9175     2.7299     38.496    33.7062    26.2704 0.0000e+00
 200.734080     38.587  34.948396     7.9182     2.7334     38.261    33.7053    26.2697 0.0000e+00
 200.734086     38.342  34.947777     7.9192     2.7307     38.018    33.7038    26.2683 0.0000e+00
 200.734091     38.090  34.947430     7.9196     2.7331     37.769    33.7032    26.2678 0.0000e+00
 200.734097     37.834  34.947453     7.9192     2.7257     37.515    33.7037    26.2682 0.0000e+00
 200.734103     37.572  34.947159     7.9189     2.7074     37.255    33.7038    26.2683 0.0000e+00
 200.734109     37.307  34.946207     7.9196     2.7489     36.992    33.7023    26.2670 0.0000e+00
 200.734115     37.038  34.945434     7.9215     2.7821     36.726    33.6997    26.2647 0.0000e+00
 200.734120     36.769  34.946099     7.9243     2.8038     36.459    33.6979    26.2629 0.0000e+00
 200.734126     36.509  34.948020     7.9290     2.8096     36.201    33.6955    26.2603 0.0000e+00
 200.734132     36.259  34.952128     7.9378     2.7500     35.953    33.6915    26.2559 0.0000e+00
 200.734138     36.007  34.957791     7.9522     2.7919     35.703    33.6838    26.2478 0.0000e+00
 200.734144     35.746  34.961965     7.9714     2.8094     35.445    33.6699    26.2340 0.0000e+00
 200.734149     35.480  34.965227     7.9892     2.8389     35.181    33.6564    26.2208 0.0000e+00
 200.734155     35.219  34.968619     8.0018     2.8447     34.922    33.6480    26.2123 0.0000e+00
 200.734161     34.966  34.972236     8.0111     2.8193     34.671    33.6431    26.2071 0.0000e+00
 200.734167     34.716  34.975353     8.0177     2.8193     34.423    33.6402    26.2038 0.0000e+00
 200.734172     34.459  34.976576     8.0212     2.8173     34.169    33.6383    26.2018 0.0000e+00
 200.734178     34.197  34.976468     8.0232     2.8330     33.909    33.6363    26.2000 0.0000e+00
 200.734184     33.931  34.976615     8.0258     2.8306     33.645    33.6341    26.1979 0.0000e+00
 200.734190     33.665  34.977825     8.0292     2.8402     33.381    33.6323    26.1959 0.0000e+00
 200.734196     33.403  34.979521     8.0326     2.8357     33.122    33.6309    26.1944 0.0000e+00
 200.734201     33.146  34.981212     8.0357     2.8277     32.867    33.6299    26.1931 0.0000e+00
 200.734207     32.895  34.982406     8.0379     2.8236     32.618    33.6292    26.1922 0.0000e+00
 200.734213     32.646  34.982503     8.0392     2.8314     32.371    33.6281    26.1912 0.0000e+00
 200.734219     32.393  34.982245     8.0405     2.8350     32.120    33.6267    26.1899 0.0000e+00
 200.734225     32.132  34.982456     8.0422     2.8427     31.861    33.6255    26.1886 0.0000e+00
 200.734230     31.863  34.982908     8.0450     2.8405     31.595    33.6234    26.1866 0.0000e+00
 200.734236     31.591  34.983695     8.0496     2.8324     31.325    33.6199    26.1832 0.0000e+00
 200.734242     31.325  34.985355     8.0557     2.8461     31.061    33.6160    26.1792 0.0000e+00
 200.734248     31.069  34.987914     8.0622     2.8458     30.807    33.6126    26.1755 0.0000e+00
 200.734253     30.818  34.990352     8.0672     2.8535     30.559    33.6105    26.1732 0.0000e+00
 200.734259     30.567  34.991491     8.0706     2.8595     30.310    33.6086    26.1711 0.0000e+00
 200.734265     30.312  34.991780     8.0738     2.8531     30.057    33.6059    26.1686 0.0000e+00
 200.734271     30.054  34.992216     8.0770     2.8508     29.801    33.6034    26.1662 0.0000e+00
 200.734277     29.793  34.992871     8.0799     2.8525     29.542    33.6015    26.1642 0.0000e+00
 200.734282     29.530  34.993549     8.0826     2.8661     29.281    33.5997    26.1624 0.0000e+00
 200.734288     29.270  34.994082     8.0857     2.8698     29.024    33.5975    26.1602 0.0000e+00
 200.734294     29.022  34.994674     8.0898     2.8756     28.778    33.5943    26.1571 0.0000e+00
 200.734300     28.788  34.995603     8.0942     2.8617     28.546    33.5912    26.1540 0.0000e+00
 200.734306     28.556  34.996479     8.0974     2.8597     28.316    33.5891    26.1519 0.0000e+00
 200.734311     28.316  34.996840     8.1001     2.8672     28.078    33.5870    26.1498 0.0000e+00
 200.734317     28.062  34.997217     8.1038     2.8271     27.826    33.5840    26.1469 0.0000e+00
 200.734323     27.790  34.998164     8.1079     2.8584     27.556    33.5812    26.1441 0.0000e+00
 200.734329     27.508  34.999311     8.1121     2.8619     27.277    33.5786    26.1414 0.0000e+00
 200.734334     27.230  35.000561     8.1162     2.8755     27.001    33.5761    26.1388 0.0000e+00
 200.734340     26.957  35.001949     8.1196     2.8948     26.730    33.5744    26.1370 0.0000e+00
 200.734346     26.687  35.003137     8.1223     2.8456     26.463    33.5732    26.1357 0.0000e+00
 200.734352     26.410  35.003522     8.1247     2.8833     26.188    33.5715    26.1340 0.0000e+00
 200.734358     26.122  35.003107     8.1275     2.8968     25.902    33.5685    26.1312 0.0000e+00
 200.734363     25.821  35.003067     8.1309     2.9020     25.604    33.5653    26.1282 0.0000e+00
 200.734369     25.510  35.003960     8.1354     2.9056     25.296    33.5621    26.1250 0.0000e+00
 200.734375     25.198  35.005348     8.1406     2.8958     24.986    33.5588    26.1216 0.0000e+00
 200.734381     24.901  35.006894     8.1450     2.9032     24.692    33.5564    26.1191 0.0000e+00
 200.734387     24.625  35.008469     8.1478     2.9128     24.418    33.5555    26.1179 0.0000e+00
 200.734392     24.365  35.009987     8.1499     2.9026     24.160    33.5552    26.1174 0.0000e+00
 200.734398     24.117  35.011282     8.1519     2.8986     23.914    33.5548    26.1168 0.0000e+00
 200.734404     23.880  35.012449     8.1544     2.9023     23.679    33.5538    26.1156 0.0000e+00
 200.734410     23.646  35.013974     8.1587     2.9098     23.447    33.5514    26.1131 0.0000e+00
 200.734416     23.408  35.015701     8.1646     2.9213     23.211    33.5477    26.1093 0.0000e+00
 200.734421     23.161  35.016622     8.1705     2.9094     22.966    33.5431    26.1049 0.0000e+00
 200.734427     22.898  35.016894     8.1759     2.9092     22.706    33.5384    26.1003 0.0000e+00
 200.734433     22.613  35.017491     8.1805     2.9206     22.423    33.5348    26.0968 0.0000e+00
 200.734439     22.316  35.018139     8.1840     2.9301     22.129    33.5322    26.0943 0.0000e+00
 200.734444     22.021  35.018635     8.1874     2.9415     21.836    33.5297    26.0918 0.0000e+00
 200.734450     21.740  35.019692     8.1914     2.9276     21.557    33.5271    26.0891 0.0000e+00
 200.734456     21.475  35.021649     8.1964     2.9235     21.295    33.5245    26.0864 0.0000e+00
 200.734462     21.224  35.023807     8.2018     2.9347     21.046    33.5218    26.0834 0.0000e+00
 200.734468     20.974  35.025174     8.2062     2.9348     20.798    33.5191    26.0807 0.0000e+00
 200.734473     20.714  35.025381     8.2098     2.9438     20.540    33.5160    26.0777 0.0000e+00
 200.734479     20.440  35.025315     8.2138     2.9367     20.268    33.5123    26.0742 0.0000e+00
 200.734485     20.152  35.026059     8.2179     2.9367     19.983    33.5093    26.0712 0.0000e+00
 200.734491     19.853  35.027536     8.2216     2.9442     19.686    33.5075    26.0692 0.0000e+00
 200.734497     19.554  35.029526     8.2254     2.9730     19.390    33.5061    26.0676 0.0000e+00
 200.734502     19.261  35.031934     8.2301     2.9859     19.099    33.5043    26.0655 0.0000e+00
 200.734508     18.969  35.034102     8.2371     2.9971     18.810    33.5001    26.0611 0.0000e+00
 200.734514     18.677  35.036171     8.2485     3.0093     18.520    33.4915    26.0527 0.0000e+00
 200.734520     18.391  35.039829     8.2635     3.0187     18.237    33.4812    26.0424 0.0000e+00
 200.734525     18.119  35.047205     8.2798     3.0312     17.967    33.4737    26.0340 0.0000e+00
 200.734531     17.865  35.057545     8.2945     2.9904     17.715    33.4708    26.0295 0.0000e+00
 200.734537     17.617  35.066205     8.3048     3.0361     17.469    33.4702    26.0275 0.0000e+00
 200.734543     17.355  35.070784     8.3125     3.0836     17.209    33.4679    26.0245 0.0000e+00
 200.734549     17.071  35.072955     8.3206     3.1249     16.928    33.4626    26.0192 0.0000e+00
 200.734554     16.769  35.075104     8.3303     3.1593     16.628    33.4558    26.0124 0.0000e+00
 200.734560     16.464  35.079590     8.3477     3.1183     16.326    33.4441    26.0006 0.0000e+00
 200.734566     16.169  35.090766     8.3778     3.1533     16.033    33.4275    25.9830 0.0000e+00
 200.734572     15.889  35.110704     8.4109     3.1714     15.756    33.4173    25.9700 0.0000e+00
 200.734578     15.622  35.130756     8.4340     3.2063     15.491    33.4167    25.9660 0.0000e+00
 200.734583     15.365  35.141308     8.4457     3.2436     15.236    33.4169    25.9644 0.0000e+00
 200.734589     15.109  35.144725     8.4541     3.2553     14.982    33.4126    25.9598 0.0000e+00
 200.734595     14.846  35.147297     8.4667     3.3122     14.722    33.4035    25.9507 0.0000e+00
 200.734601     14.574  35.153063     8.4877     3.3803     14.452    33.3898    25.9368 0.0000e+00
 200.734606     14.291  35.164161     8.5196     3.4834     14.171    33.3715    25.9176 0.0000e+00
 200.734612     13.997  35.180319     8.5657     3.5674     13.880    33.3451    25.8898 0.0000e+00
 200.734618     13.695  35.204651     8.6289     3.6592     13.580    33.3112    25.8536 0.0000e+00
 200.734624     13.390  35.237171     8.6977     3.7091     13.278    33.2807    25.8191 0.0000e+00
 200.734630     13.091  35.273129     8.7550     3.7499     12.981    33.2646    25.7978 0.0000e+00
 200.734635     12.806  35.314604     8.8056     3.7692     12.699    33.2607    25.7868 0.0000e+00
 200.734641     12.544  35.364313     8.8618     3.7754     12.439    33.2601    25.7776 0.0000e+00
 200.734647     12.297  35.411301     8.9129     3.8322     12.194    33.2614    25.7707 0.0000e+00
 200.734653     12.049  35.438741     8.9422     3.9152     11.948    33.2626    25.7671 0.0000e+00
 200.734659     11.789  35.450233     8.9603     4.0464     11.690    33.2578    25.7605 0.0000e+00
 200.734664     11.513  35.459480     8.9922     4.1902     11.417    33.2377    25.7397 0.0000e+00
 200.734670     11.220  35.472702     9.0527     4.3147     11.126    33.1951    25.6969 0.0000e+00
 200.734676     10.913  35.500859     9.1389     4.4122     10.822    33.1442    25.6434 0.0000e+00
 200.734682     10.608  35.559143     9.2399     4.4963     10.519    33.1108    25.6013 0.0000e+00
 200.734688     10.323  35.655314     9.3538     4.5714     10.237    33.1048    25.5783 0.0000e+00
 200.734693     10.061  35.765317     9.4632     4.6453      9.977    33.1170    25.5703 0.0000e+00
 200.734699      9.810  35.842086     9.5389     4.7206      9.728    33.1261    25.5651 0.0000e+00
 200.734705      9.559  35.876023     9.5902     4.8105      9.479    33.1137    25.5471 0.0000e+00
 200.734711      9.300  35.899005     9.6550     4.9102      9.222    33.0777    25.5083 0.0000e+00
 200.734716      9.024  35.934456     9.7492     4.9612      8.948    33.0274    25.4537 0.0000e+00
 200.734722      8.733  35.990487     9.8514     5.1039      8.660    32.9911    25.4084 0.0000e+00
 200.734728      8.437  36.065126     9.9410     5.2402      8.366    32.9852    25.3890 0.0000e+00
 200.734734      8.147  36.145930    10.0191     5.3767      8.079    32.9961    25.3844 0.0000e+00
 200.734740      7.866  36.232038    10.0958     5.5096      7.800    33.0135    25.3852 0.0000e+00
 200.734745      7.594  36.329652    10.1874     5.5796      7.530    33.0289    25.3817 0.0000e+00
 200.734751      7.330  36.440706    10.2965     5.7364      7.269    33.0417    25.3732 0.0000e+00
