data/oxygen options/ONMS/Olympic_Coast_National_Marine_Sanctuary_CTD_Data_2005_2023/raw_data/2023/CAST_CE042_230717faed.cnv
* Sea-Bird SBE 19 Data File:
* FileName = C:\Users\OCNMS.Inst\Documents\2023 Mooring Data\Casts\CAST_CE042_230717.hex
* Software Version SeatermAF 2.1.4.55
* Temperature SN = 2997
* Conductivity SN = 2997
* System UpLoad Time = Jul 17 2023 19:53:25 (localtime) = Jul 17 2023 19:53:25 (UTC)
** CAST_CE042_230717
* ds
# nquan = 9                                 
# nvalues = 1050                        
# units = specified
# name 0 = timeJ: Julian Days
# name 1 = prSM: Pressure, Strain Gauge [db]
# name 2 = c0mS/cm: Conductivity [mS/cm]
# name 3 = t090C: Temperature [ITS-90, deg C]
# name 4 = sbeox0ML/L: Oxygen, SBE 43 [ml/l]
# name 5 = depSM: Depth [salt water, m], lat = 47.5
# name 6 = sal00: Salinity, Practical [PSU]
# name 7 = sigma-é00: Density [sigma-theta, kg/m^3]
# name 8 = flag: flag
# span 0 = 198.770660, 198.776730       
# span 1 =     -6.485,     42.132       
# span 2 =   0.007287,  41.536566       
# span 3 =     7.8396,    19.7394       
# span 4 =    -1.7522,    14.4240       
# span 5 =     -6.431,     41.776       
# span 6 =     0.0115,    33.7715       
# span 7 =    -1.7323,    26.3328       
# span 8 = 0.0000e+00, 0.0000e+00       
# interval = seconds: 0.5
# start_time = Jul 17 2023 18:29:45 [Instrument's time stamp, header]
# bad_flag = -9.990e-29
*END*
[from data line 961]
 198.776221      4.450  39.128306    13.0995     6.7881      4.413    33.1647    24.9517 0.0000e+00
 198.776227      4.145  39.170095    13.1348     6.8571      4.110    33.1734    24.9515 0.0000e+00
 198.776233      3.852  39.206282    13.1690     6.9409      3.820    33.1778    24.9480 0.0000e+00
 198.776238      3.569  39.230333    13.2013     7.0164      3.539    33.1723    24.9374 0.0000e+00
 198.776244      3.291  39.252387    13.2400     7.0989      3.264    33.1594    24.9197 0.0000e+00
 198.776250      3.010  39.277829    13.2954     7.2039      2.985    33.1352    24.8898 0.0000e+00
 198.776256      2.723  39.308502    13.3764     7.3093      2.700    33.0937    24.8414 0.0000e+00
 198.776262      2.440  39.352839    13.4836     7.4318      2.420    33.0423    24.7801 0.0000e+00
 198.776267      2.162  39.417115    13.6043     7.5138      2.144    32.9981    24.7215 0.0000e+00
 198.776273      1.895  39.505801    13.7385     7.5497      1.879    32.9652    24.6688 0.0000e+00
 198.776279      1.641  39.638546    13.9064     7.5556      1.627    32.9443    24.6182 0.0000e+00
 198.776285      1.399  39.779991    14.1173     7.5323      1.387    32.8946    24.5362 0.0000e+00
 198.776291      1.170  39.896284    14.3419     7.5254      1.160    32.8104    24.4244 0.0000e+00
 198.776296      0.964  40.038844    14.5327     7.5253      0.956    32.7794    24.3603 0.0000e+00
 198.776302      0.795  40.226877    14.6824     7.5270      0.788    32.8243    24.3632 0.0000e+00
 198.776308      0.668  40.418046    14.7890     7.5443      0.662    32.9081    24.4050 -9.990e-29
 198.776314      0.573  40.542231    14.8417     7.4888      0.568    32.9763    24.4463 -9.990e-29
 198.776319      0.488  40.590742    14.8671     7.4908      0.484    32.9989    24.4582 -9.990e-29
 198.776325      0.410  40.615389    14.8946     7.4879      0.407    32.9980    24.4516 -9.990e-29
 198.776331      0.347  40.633910    14.9259     7.4770      0.344    32.9883    24.4374 -9.990e-29
 198.776337      0.306  40.661472    14.9584     7.4993      0.303    32.9858    24.4284 -9.990e-29
 198.776343      0.290  40.700641    14.9873     7.4908      0.288    32.9968    24.4307 -9.990e-29
 198.776348      0.293  40.724064    14.9998     7.5187      0.291    33.0074    24.4362 -9.990e-29
 198.776354      0.302  40.724865    14.9968     7.5046      0.299    33.0107    24.4393 -9.990e-29
 198.776360      0.302  40.713647    14.9908     7.4929      0.299    33.0056    24.4367 -9.990e-29
 198.776366      0.283  40.694510    14.9893     7.4896      0.281    32.9896    24.4247 -9.990e-29
 198.776372      0.254  40.681727    14.9967     7.4753      0.252    32.9718    24.4094 -9.990e-29
 198.776377      0.228  40.687396    15.0097     7.4957      0.226    32.9659    24.4021 -9.990e-29
 198.776383      0.218  40.708429    15.0151     7.5046      0.216    32.9804    24.4120 -9.990e-29
 198.776389      0.223  40.721309    14.9972     7.5005      0.221    33.0071    24.4365 -9.990e-29
 198.776395      0.229  40.698937    14.9656     7.5159      0.227    33.0136    24.4484 -9.990e-29
 198.776400      0.226  40.660806    14.9469     7.5003      0.224    32.9949    24.4380 -9.990e-29
 198.776406      0.212  40.640139    14.9439     7.4906      0.210    32.9788    24.4262 -9.990e-29
 198.776412      0.200  40.636273    14.9416     7.4929      0.198    32.9772    24.4255 -9.990e-29
 198.776418      0.202  40.640128    14.9308     7.5123      0.200    32.9898    24.4375 -9.990e-29
 198.776424      0.217  40.644515    14.9150     7.5327      0.215    33.0072    24.4543 -9.990e-29
 198.776429      0.234  40.642394    14.9018     7.5391      0.232    33.0164    24.4642 -9.990e-29
 198.776435      0.241  40.637101    14.8951     7.5253      0.239    33.0173    24.4664 -9.990e-29
 198.776441      0.235  40.634462    14.8954     7.5066      0.233    33.0146    24.4643 -9.990e-29
 198.776447      0.218  40.637682    14.9021     7.5023      0.216    33.0119    24.4607 -9.990e-29
 198.776453      0.204  40.651614    14.9185     7.5195      0.202    33.0106    24.4562 -9.990e-29
 198.776458      0.199  40.687549    14.9481     7.5366      0.197    33.0181    24.4556 -9.990e-29
 198.776464      0.199  40.730069    14.9812     7.5331      0.197    33.0286    24.4565 -9.990e-29
 198.776470      0.196  40.746197    15.0008     7.5159      0.194    33.0266    24.4508 -9.990e-29
 198.776476      0.185  40.745112    15.0071     7.4916      0.183    33.0203    24.4445 -9.990e-29
 198.776481      0.169  40.751716    15.0144     7.4913      0.168    33.0201    24.4428 -9.990e-29
 198.776487      0.156  40.777059    15.0367     7.4914      0.155    33.0242    24.4411 -9.990e-29
 198.776493      0.149  40.824666    15.0845     7.4557      0.148    33.0268    24.4328 -9.990e-29
 198.776499      0.145  40.876185    15.1409     7.3254      0.144    33.0257    24.4196 -9.990e-29
 198.776505      0.138  40.893821    15.1721     7.2891      0.137    33.0152    24.4048 -9.990e-29
 198.776510      0.127  40.877559    15.1808     7.2943      0.126    32.9933    24.3860 -9.990e-29
 198.776516      0.109  40.869623    15.1906     7.3392      0.108    32.9779    24.3720 -9.990e-29
 198.776522      0.077  40.883539    15.2044     7.4095      0.076    32.9788    24.3697 -9.990e-29
 198.776528      0.037  40.901987    15.2154     7.3695      0.037    32.9861    24.3730 -9.990e-29
 198.776534      0.006  40.913696    15.2207     7.3621      0.006    32.9922    24.3765 -9.990e-29
 198.776539     -0.007  40.916908    15.2235     7.2649     -0.007    32.9928    24.3763 -9.990e-29
 198.776545     -0.003  40.922076    15.2262     7.1201     -0.003    32.9952    24.3776 -9.990e-29
 198.776551      0.006  40.928805    15.2272     6.9976      0.006    33.0004    24.3813 -9.990e-29
 198.776557      0.004  40.919161    15.2304     8.0682      0.004    32.9890    24.3719 -9.990e-29
 198.776563     -0.022  40.907189    15.2411     8.1990     -0.022    32.9692    24.3543 -9.990e-29
 198.776568     -0.075  40.912794    15.2569     7.8719     -0.074    32.9610    24.3446 -9.990e-29
 198.776574     -0.140  40.923273    15.2721     7.2596     -0.139    32.9577    24.3387 -9.990e-29
 198.776580     -0.201  40.922338    15.2841     6.6832     -0.199    32.9468    24.3276 -9.990e-29
 198.776586     -0.251  40.891370    15.2941     6.1877     -0.249    32.9106    24.2976 -9.990e-29
 198.776591     -0.296  40.795809    15.3021     5.9933     -0.294    32.8181    24.2246 -9.990e-29
 198.776597     -0.337  40.523375    15.3029     5.9380     -0.334    32.5730    24.0358 -9.990e-29
 198.776603     -0.377  39.720352    15.2938     5.9357     -0.374    31.8616    23.4903 -9.990e-29
 198.776609     -0.418  37.358640    15.2812     5.9502     -0.415    29.7701    21.8845 -9.990e-29
 198.776615     -0.460  30.343098    15.2728     5.9076     -0.456    23.6534    17.1900 -9.990e-29
 198.776620     -0.496  19.280567    15.2710     5.9702     -0.492    14.3917    10.0968 -9.990e-29
 198.776626     -0.524  10.915021    15.2743     6.0046     -0.520     7.7662     5.0258 -9.990e-29
 198.776632     -0.545   7.492827    15.2779     6.0306     -0.540     5.1812     3.0447 -9.990e-29
 198.776638     -0.562   6.197590    15.2778     6.0534     -0.557     4.2281     2.3138 -9.990e-29
 198.776644     -0.575   5.328958    15.2746     6.0021     -0.570     3.5984     1.8311 -9.990e-29
 198.776649     -0.585   4.567761    15.2714     6.0261     -0.580     3.0534     1.4130 -9.990e-29
 198.776655     -0.593   4.041852    15.2716     6.0499     -0.588     2.6808     1.1266 -9.990e-29
 198.776661     -0.599   3.768678    15.2782     6.0553     -0.594     2.4883     0.9776 -9.990e-29
 198.776667     -0.604   3.805463    15.2887     6.0186     -0.599     2.5134     0.9952 -9.990e-29
 198.776672     -0.608   4.090740    15.2979     6.0010     -0.603     2.7135     1.1476 -9.990e-29
 198.776678     -0.611   4.334608    15.3048 -9.990e-29     -0.606     2.8853     1.2785 -9.990e-29
 198.776684     -0.613   4.380745    15.3104 -9.990e-29     -0.608     2.9176     1.3024 -9.990e-29
 198.776690     -0.615   4.329000    15.3143 -9.990e-29     -0.610     2.8807     1.2734 -9.990e-29
 198.776696     -0.616   4.272562    15.3183 -9.990e-29     -0.611     2.8405     1.2419 -9.990e-29
 198.776701     -0.617   4.268919    15.3265 -9.990e-29     -0.612     2.8373     1.2381 -9.990e-29
 198.776707     -0.618   4.318215    15.3421 -9.990e-29     -0.613     2.8710     1.2615 -9.990e-29
 198.776713     -0.618   4.372875    15.3626 -9.990e-29     -0.613     2.9082     1.2868 -9.990e-29
 198.776719     -0.619   4.489119    15.3799 -9.990e-29     -0.614     2.9893     1.3463 -9.990e-29
 198.776725     -0.619   4.861373    15.3866 -9.990e-29     -0.614     3.2535     1.5481 -9.990e-29
 198.776730     -0.619   5.280900 -9.990e-29 -9.990e-29     -0.614 -9.990e-29 -9.990e-29 -9.990e-29
