data/oxygen options/ONMS/Olympic_Coast_National_Marine_Sanctuary_CTD_Data_2005_2023/raw_data/2023/CAST_MB015_230526faed.cnv
* Sea-Bird SBE 19 Data File:
* FileName = C:\Users\OCNMS.Inst\Documents\2023 Mooring Data\Casts\CAST_MB015_230526.hex
* Software Version SeatermAF 2.1.4.55
* Temperature SN = 2997
* Conductivity SN = 2997
* System UpLoad Time = May 26 2023 18:16:33 (localtime) = May 26 2023 18:16:33 (UTC)
** CAST_MB015_230526
* ds
# nquan = 9                                 
# nvalues = 1088                        
# units = specified
# name 0 = timeJ: Julian Days
# name 1 = prSM: Pressure, Strain Gauge [db]
# name 2 = c0mS/cm: Conductivity [mS/cm]
# name 3 = t090C: Temperature [ITS-90, deg C]
# name 4 = sbeox0ML/L: Oxygen, SBE 43 [ml/l]
# name 5 = depSM: Depth [salt water, m], lat = 47.5
# name 6 = sal00: Salinity, Practical [PSU]
# name 7 = sigma-é00: Density [sigma-theta, kg/m^3]
# name 8 = flag: flag
# span 0 = 146.751273, 146.757564       
# span 1 =     -6.016,     11.186       
# span 2 =   0.019181,  37.748950       
# span 3 =     8.8363,    17.8742       
# span 4 =    -1.8790,    16.6782       
# span 5 =     -5.966,     11.092       
# span 6 =     0.0158,    32.8704       
# span 7 =    -1.3674,    25.4758       
# span 8 = 0.0000e+00, 0.0000e+00       
# interval = seconds: 0.5
# start_time = May 26 2023 18:01:50 [Instrument's time stamp, header]
# bad_flag = -9.990e-29
*END*
 146.751273     -6.016 -9.990e-29    16.8176    -1.7517     -5.966 -9.990e-29 -9.990e-29 -9.990e-29
 146.751279     -6.014   0.019220    16.8428    -1.7509     -5.964     0.0162    -1.1842 -9.990e-29
 146.751285     -6.004   0.019220    16.8685    -1.7500     -5.954     0.0162    -1.1887 -9.990e-29
 146.751291     -5.989   0.019220    16.8943    -1.7494     -5.939     0.0162    -1.1931 -9.990e-29
 146.751296     -5.973   0.019220    16.9199    -1.7490     -5.923     0.0162    -1.1975 -9.990e-29
 146.751302     -5.954   0.019220    16.9451    -1.7484     -5.904     0.0162    -1.2019 -9.990e-29
 146.751308     -5.932   0.019220    16.9695    -1.7478     -5.883     0.0162    -1.2061 -9.990e-29
 146.751314     -5.906   0.019219    16.9933    -1.7472     -5.857     0.0162    -1.2102 -9.990e-29
 146.751319     -5.872   0.019219    17.0169    -1.7468     -5.823     0.0162    -1.2143 -9.990e-29
 146.751325     -5.835   0.019219    17.0404    -1.7465     -5.786     0.0162    -1.2184 -9.990e-29
 146.751331     -5.799   0.019218    17.0633    -1.7463     -5.751     0.0162    -1.2224 -9.990e-29
 146.751337     -5.771   0.019218    17.0843    -1.7460     -5.723     0.0162    -1.2261 -9.990e-29
 146.751343     -5.753   0.019218    17.1022    -1.7457     -5.705     0.0162    -1.2292 -9.990e-29
 146.751348     -5.741   0.019217    17.1184    -1.7460     -5.693     0.0162    -1.2321 -9.990e-29
 146.751354     -5.725   0.019217    17.1350    -1.7459     -5.677     0.0162    -1.2350 -9.990e-29
 146.751360     -5.699   0.019217    17.1516    -1.7455     -5.652     0.0163    -1.2379 -9.990e-29
 146.751366     -5.666   0.019216    17.1667    -1.7451     -5.619     0.0163    -1.2405 -9.990e-29
 146.751372     -5.629   0.019216    17.1795    -1.7451     -5.582     0.0163    -1.2428 -9.990e-29
 146.751377     -5.589   0.019216    17.1897    -1.7447     -5.542     0.0163    -1.2446 -9.990e-29
 146.751383     -5.552   0.019215    17.1978    -1.7445     -5.506     0.0163    -1.2460 -9.990e-29
 146.751389     -5.520   0.019215    17.2046    -1.7442     -5.474     0.0163    -1.2472 -9.990e-29
 146.751395     -5.492   0.019215    17.2087    -1.7438     -5.446     0.0163    -1.2479 -9.990e-29
 146.751400     -5.465   0.019214    17.2102    -1.7439     -5.419     0.0163    -1.2482 -9.990e-29
 146.751406     -5.438   0.019214    17.2138    -1.7441     -5.393     0.0163    -1.2488 -9.990e-29
 146.751412     -5.408   0.019214    17.2210    -1.7442     -5.363     0.0163    -1.2501 -9.990e-29
 146.751418     -5.379   0.019213    17.2286    -1.7443     -5.334     0.0163    -1.2514 -9.990e-29
 146.751424     -5.353   0.019213    17.2353    -1.7448     -5.308     0.0163    -1.2526 -9.990e-29
 146.751429     -5.328   0.019213    17.2427    -1.7449     -5.284     0.0163    -1.2539 -9.990e-29
 146.751435     -5.303   0.019212    17.2508    -1.7447     -5.259     0.0163    -1.2553 -9.990e-29
 146.751441     -5.275   0.019212    17.2583    -1.7441     -5.231     0.0163    -1.2567 -9.990e-29
 146.751447     -5.248   0.019212    17.2634    -1.7436     -5.204     0.0163    -1.2576 -9.990e-29
 146.751453     -5.224   0.019211    17.2642    -1.7431     -5.180     0.0163    -1.2577 -9.990e-29
 146.751458     -5.201   0.019211    17.2616    -1.7430     -5.158     0.0163    -1.2572 -9.990e-29
 146.751464     -5.178   0.019211    17.2580    -1.7427     -5.135     0.0163    -1.2566 -9.990e-29
 146.751470     -5.154   0.019211    17.2531    -1.7426     -5.111     0.0163    -1.2557 -9.990e-29
 146.751476     -5.127   0.019210    17.2480    -1.7428     -5.084     0.0163    -1.2548 -9.990e-29
 146.751481     -5.095   0.019210    17.2468    -1.7431     -5.053     0.0163    -1.2546 -9.990e-29
 146.751487     -5.061   0.019210    17.2523    -1.7429     -5.019     0.0163    -1.2556 -9.990e-29
 146.751493     -5.031   0.019209    17.2632    -1.7424     -4.989     0.0163    -1.2575 -9.990e-29
 146.751499     -5.007   0.019209    17.2756    -1.7416     -4.965     0.0163    -1.2597 -9.990e-29
 146.751505     -4.987   0.019209    17.2861    -1.7413     -4.945     0.0163    -1.2616 -9.990e-29
 146.751510     -4.968   0.019208    17.2936    -1.7410     -4.927     0.0163    -1.2629 -9.990e-29
 146.751516     -4.941   0.019208    17.2990    -1.7406     -4.900     0.0163    -1.2638 -9.990e-29
 146.751522     -4.912   0.019208    17.3015    -1.7405     -4.871     0.0163    -1.2643 -9.990e-29
 146.751528     -4.881   0.019207    17.3008    -1.7406     -4.840     0.0163    -1.2642 -9.990e-29
 146.751534     -4.851   0.019207    17.3003    -1.7409     -4.811     0.0163    -1.2641 -9.990e-29
 146.751539     -4.824   0.019207    17.3054    -1.7413     -4.784     0.0163    -1.2650 -9.990e-29
 146.751545     -4.795   0.019206    17.3173    -1.7418     -4.755     0.0163    -1.2671 -9.990e-29
 146.751551     -4.762   0.019206    17.3317    -1.7417     -4.722     0.0163    -1.2696 -9.990e-29
 146.751557     -4.731   0.019206    17.3438    -1.7415     -4.692     0.0163    -1.2718 -9.990e-29
 146.751563     -4.704   0.019205    17.3531    -1.7412     -4.665     0.0163    -1.2734 -9.990e-29
 146.751568     -4.680   0.019205    17.3601    -1.7414     -4.641     0.0163    -1.2747 -9.990e-29
 146.751574     -4.657   0.019205    17.3631    -1.7410     -4.618     0.0163    -1.2752 -9.990e-29
 146.751580     -4.634   0.019204    17.3612    -1.7402     -4.595     0.0163    -1.2749 -9.990e-29
 146.751586     -4.609   0.019204    17.3552    -1.7395     -4.571     0.0163    -1.2738 -9.990e-29
 146.751591     -4.581   0.019204    17.3473    -1.7391     -4.543     0.0163    -1.2724 -9.990e-29
 146.751597     -4.547   0.019203    17.3414    -1.7394     -4.509     0.0163    -1.2714 -9.990e-29
 146.751603     -4.510   0.019203    17.3405    -1.7394     -4.472     0.0163    -1.2712 -9.990e-29
 146.751609     -4.477   0.019203    17.3436    -1.7390     -4.440     0.0163    -1.2717 -9.990e-29
 146.751615     -4.449   0.019202    17.3474    -1.7385     -4.412     0.0163    -1.2724 -9.990e-29
 146.751620     -4.424   0.019202    17.3520    -1.7378     -4.387     0.0163    -1.2732 -9.990e-29
 146.751626     -4.402   0.019202    17.3620    -1.7376     -4.365     0.0163    -1.2750 -9.990e-29
 146.751632     -4.380   0.019201    17.3776    -1.7379     -4.343     0.0163    -1.2778 -9.990e-29
 146.751638     -4.357   0.019201    17.3928    -1.7379     -4.321     0.0163    -1.2805 -9.990e-29
 146.751644     -4.337   0.019201    17.4019    -1.7376     -4.301     0.0163    -1.2821 -9.990e-29
 146.751649     -4.321   0.019201    17.4055    -1.7369     -4.285     0.0163    -1.2828 -9.990e-29
 146.751655     -4.306   0.019200    17.4095    -1.7364     -4.270     0.0163    -1.2835 -9.990e-29
 146.751661     -4.285   0.019200    17.4183    -1.7359     -4.249     0.0163    -1.2850 -9.990e-29
 146.751667     -4.257   0.019200    17.4310    -1.7356     -4.222     0.0163    -1.2873 -9.990e-29
 146.751672     -4.224   0.019199    17.4430    -1.7353     -4.189     0.0163    -1.2894 -9.990e-29
 146.751678     -4.194   0.019199    17.4494    -1.7351     -4.159     0.0163    -1.2906 -9.990e-29
 146.751684     -4.168   0.019199    17.4510    -1.7356     -4.133     0.0163    -1.2909 -9.990e-29
 146.751690     -4.145   0.019198    17.4543    -1.7359     -4.110     0.0163    -1.2915 -9.990e-29
 146.751696     -4.124   0.019198    17.4631    -1.7357     -4.090     0.0163    -1.2930 -9.990e-29
 146.751701     -4.107   0.019198    17.4760    -1.7352     -4.073     0.0163    -1.2953 -9.990e-29
 146.751707     -4.098   0.019197    17.4897    -1.7347     -4.064     0.0163    -1.2978 -9.990e-29
 146.751713     -4.091   0.019197    17.5019    -1.7344     -4.057     0.0163    -1.3000 -9.990e-29
 146.751719     -4.082   0.019197    17.5117    -1.7346     -4.048     0.0163    -1.3017 -9.990e-29
 146.751725     -4.071   0.019196    17.5183    -1.7346     -4.037     0.0163    -1.3029 -9.990e-29
 146.751730     -4.056   0.019196    17.5199    -1.7343     -4.022     0.0163    -1.3032 -9.990e-29
 146.751736     -4.037   0.019196    17.5166    -1.7339     -4.003     0.0163    -1.3026 -9.990e-29
 146.751742     -4.017   0.019195    17.5140    -1.7339     -3.984     0.0163    -1.3022 -9.990e-29
 146.751748     -3.999   0.019195    17.5180    -1.7344     -3.966     0.0163    -1.3029 -9.990e-29
 146.751753     -3.977   0.019195    17.5278    -1.7344     -3.944     0.0163    -1.3046 -9.990e-29
 146.751759     -3.950   0.019194    17.5380    -1.7341     -3.917     0.0163    -1.3065 -9.990e-29
 146.751765     -3.924   0.019194    17.5443    -1.7334     -3.891     0.0163    -1.3076 -9.990e-29
 146.751771     -3.904   0.019194    17.5467    -1.7329     -3.871     0.0163    -1.3080 -9.990e-29
 146.751777     -3.886   0.019193    17.5494    -1.7324     -3.854     0.0163    -1.3085 -9.990e-29
 146.751782     -3.871   0.019193    17.5545    -1.7321     -3.839     0.0163    -1.3094 -9.990e-29
 146.751788     -3.856   0.019193    17.5591    -1.7316     -3.824     0.0163    -1.3103 -9.990e-29
 146.751794     -3.842   0.019192    17.5592    -1.7315     -3.810     0.0163    -1.3103 -9.990e-29
 146.751800     -3.826   0.019192    17.5564    -1.7317     -3.794     0.0163    -1.3098 -9.990e-29
 146.751806     -3.809   0.019192    17.5574    -1.7318     -3.777     0.0163    -1.3100 -9.990e-29
 146.751811     -3.790   0.019191    17.5657    -1.7314     -3.758     0.0163    -1.3114 -9.990e-29
 146.751817     -3.766   0.019191    17.5791    -1.7309     -3.735     0.0163    -1.3139 -9.990e-29
 146.751823     -3.736   0.019191    17.5939    -1.7307     -3.705     0.0163    -1.3165 -9.990e-29
 146.751829     -3.703   0.019191    17.6075    -1.7305     -3.672     0.0163    -1.3190 -9.990e-29
 146.751834     -3.674   0.019190    17.6190    -1.7300     -3.643     0.0163    -1.3211 -9.990e-29
 146.751840     -3.650   0.019190    17.6279    -1.7294     -3.620     0.0163    -1.3227 -9.990e-29
 146.751846     -3.630   0.019190    17.6326    -1.7288     -3.600     0.0163    -1.3235 -9.990e-29
 146.751852     -3.614   0.019189    17.6336    -1.7282     -3.584     0.0163    -1.3237 -9.990e-29
 146.751858     -3.599   0.019189    17.6356    -1.7280     -3.569     0.0163    -1.3241 -9.990e-29
 146.751863     -3.585   0.019189    17.6421    -1.7279     -3.555     0.0163    -1.3252 -9.990e-29
 146.751869     -3.571   0.019188    17.6512    -1.7277     -3.541     0.0163    -1.3269 -9.990e-29
 146.751875     -3.557   0.019188    17.6602    -1.7271     -3.527     0.0163    -1.3285 -9.990e-29
 146.751881     -3.541   0.019188    17.6703    -1.7268     -3.511     0.0163    -1.3303 -9.990e-29
 146.751887     -3.522   0.019187    17.6838    -1.7268     -3.493     0.0163    -1.3328 -9.990e-29
 146.751892     -3.499   0.019187    17.7000    -1.7269     -3.470     0.0163    -1.3357 -9.990e-29
 146.751898     -3.475   0.019187    17.7158    -1.7270     -3.446     0.0163    -1.3386 -9.990e-29
 146.751904     -3.457   0.019186    17.7288    -1.7279     -3.428     0.0163    -1.3410 -9.990e-29
 146.751910     -3.443   0.019186    17.7381    -1.7288     -3.414     0.0163    -1.3426 -9.990e-29
 146.751916     -3.429   0.019186    17.7454    -1.7290     -3.400     0.0163    -1.3440 -9.990e-29
 146.751921     -3.414   0.019185    17.7538    -1.7289     -3.386     0.0163    -1.3455 -9.990e-29
 146.751927     -3.397   0.019185    17.7634    -1.7288     -3.369     0.0163    -1.3473 -9.990e-29
 146.751933     -3.381   0.019185    17.7703    -1.7290     -3.353     0.0163    -1.3485 -9.990e-29
 146.751939     -3.369   0.019184    17.7721    -1.7292     -3.341     0.0163    -1.3488 -9.990e-29
 146.751944     -3.360   0.019184    17.7689    -1.7294     -3.332     0.0163    -1.3483 -9.990e-29
 146.751950     -3.354   0.019184    17.7597    -1.7293     -3.326     0.0163    -1.3466 -9.990e-29
 146.751956     -3.346   0.019183    17.7442    -1.7290     -3.318     0.0163    -1.3438 -9.990e-29
 146.751962     -3.332   0.019183    17.7281    -1.7290     -3.304     0.0163    -1.3408 -9.990e-29
 146.751968     -3.314   0.019183    17.7186    -1.7290     -3.286     0.0163    -1.3391 -9.990e-29
 146.751973     -3.297   0.019182    17.7158    -1.7288     -3.270     0.0163    -1.3386 -9.990e-29
 146.751979     -3.278   0.019182    17.7146    -1.7287     -3.251     0.0163    -1.3384 -9.990e-29
 146.751985     -3.257   0.019182    17.7117    -1.7284     -3.230     0.0163    -1.3378 -9.990e-29
 146.751991     -3.237   0.019181    17.7079    -1.7281     -3.210     0.0163    -1.3372 -9.990e-29
 146.751997     -3.220   0.019181    17.7057    -1.7279     -3.193     0.0163    -1.3368 -9.990e-29
 146.752002     -3.202   0.019182    17.7067    -1.7277     -3.175     0.0163    -1.3369 -9.990e-29
 146.752008     -3.180   0.019182    17.7099    -1.7276     -3.153     0.0163    -1.3375 -9.990e-29
 146.752014     -3.159   0.019182    17.7131    -1.7277     -3.133     0.0163    -1.3381 -9.990e-29
 146.752020     -3.136   0.019183    17.7163    -1.7279     -3.110     0.0163    -1.3387 -9.990e-29
 146.752025     -3.115   0.019183    17.7203    -1.7287     -3.089     0.0163    -1.3394 -9.990e-29
 146.752031     -3.098   0.019184    17.7254    -1.7289     -3.072     0.0163    -1.3403 -9.990e-29
 146.752037     -3.084   0.019184    17.7320    -1.7289     -3.058     0.0163    -1.3415 -9.990e-29
 146.752043     -3.073   0.019184    17.7392    -1.7288     -3.047     0.0163    -1.3428 -9.990e-29
 146.752049     -3.064   0.019185    17.7453    -1.7293     -3.038     0.0163    -1.3440 -9.990e-29
 146.752054     -3.055   0.019185    17.7493    -1.7292     -3.030     0.0163    -1.3447 -9.990e-29
 146.752060     -3.048   0.019186    17.7504    -1.7293     -3.023     0.0163    -1.3449 -9.990e-29
 146.752066     -3.041   0.019186    17.7476    -1.7291     -3.016     0.0163    -1.3444 -9.990e-29
 146.752072     -3.033   0.019186    17.7397    -1.7287     -3.008     0.0163    -1.3429 -9.990e-29
 146.752078     -3.025   0.019187    17.7287    -1.7285     -3.000     0.0163    -1.3409 -9.990e-29
 146.752083     -3.016   0.019187    17.7206    -1.7288     -2.991     0.0163    -1.3395 -9.990e-29
 146.752089     -3.004   0.019188    17.7170    -1.7290     -2.979     0.0163    -1.3388 -9.990e-29
 146.752095     -2.990   0.019188    17.7144    -1.7294     -2.965     0.0163    -1.3383 -9.990e-29
 146.752101     -2.973   0.019188    17.7112    -1.7291     -2.948     0.0163    -1.3377 -9.990e-29
 146.752106     -2.955   0.019189    17.7091    -1.7289     -2.930     0.0163    -1.3374 -9.990e-29
 146.752112     -2.940   0.019189    17.7096    -1.7285     -2.915     0.0163    -1.3375 -9.990e-29
 146.752118     -2.923   0.019190    17.7136    -1.7282     -2.899     0.0163    -1.3382 -9.990e-29
 146.752124     -2.902   0.019190    17.7190    -1.7279     -2.878     0.0163    -1.3392 -9.990e-29
 146.752130     -2.884   0.019190    17.7214    -1.7279     -2.860     0.0163    -1.3396 -9.990e-29
 146.752135     -2.870   0.019191    17.7192    -1.7279     -2.846     0.0163    -1.3392 -9.990e-29
 146.752141     -2.853   0.019191    17.7146    -1.7276     -2.829     0.0163    -1.3384 -9.990e-29
 146.752147     -2.836   0.019192    17.7119    -1.7273     -2.812     0.0163    -1.3379 -9.990e-29
 146.752153     -2.823   0.019192    17.7142    -1.7270     -2.799     0.0163    -1.3383 -9.990e-29
 146.752159     -2.814   0.019192    17.7207    -1.7269     -2.791     0.0163    -1.3395 -9.990e-29
 146.752164     -2.807   0.019193    17.7290    -1.7270     -2.784     0.0163    -1.3410 -9.990e-29
 146.752170     -2.801   0.019193    17.7370    -1.7266     -2.778     0.0163    -1.3424 -9.990e-29
 146.752176     -2.797   0.019194    17.7432    -1.7265     -2.774     0.0163    -1.3436 -9.990e-29
 146.752182     -2.795   0.019194    17.7475    -1.7270     -2.772     0.0163    -1.3443 -9.990e-29
 146.752187     -2.794   0.019194    17.7516    -1.7275     -2.771     0.0163    -1.3451 -9.990e-29
 146.752193     -2.794   0.019195    17.7575    -1.7280     -2.771     0.0163    -1.3462 -9.990e-29
