data/oxygen options/ONMS/Olympic_Coast_National_Marine_Sanctuary_CTD_Data_2005_2023/raw_data/2023/CAST_TH042_230531faed.cnv
* Sea-Bird SBE 19 Data File:
* FileName = C:\Users\OCNMS.Inst\Documents\2023 Mooring Data\Casts\CAST_TH042_230531.hex
* Software Version SeatermAF 2.1.4.55
* Temperature SN = 2997
* Conductivity SN = 2997
* System UpLoad Time = May 31 2023 22:24:31 (localtime) = May 31 2023 22:24:31 (UTC)
** CAST_TH042_230531
* ds
# nquan = 9                                 
# nvalues = 1284                        
# units = specified
# name 0 = timeJ: Julian Days
# name 1 = prSM: Pressure, Strain Gauge [db]
# name 2 = c0mS/cm: Conductivity [mS/cm]
# name 3 = t090C: Temperature [ITS-90, deg C]
# name 4 = sbeox0ML/L: Oxygen, SBE 43 [ml/l]
# name 5 = depSM: Depth [salt water, m], lat = 47.5
# name 6 = sal00: Salinity, Practical [PSU]
# name 7 = sigma-é00: Density [sigma-theta, kg/m^3]
# name 8 = flag: flag
# span 0 = 151.921887, 151.929311       
# span 1 =     -6.209,     41.037       
# span 2 =   0.349121,  36.805606       
# span 3 =     7.7143,    17.0977       
# span 4 =    -1.8618,    17.3709       
# span 5 =     -6.157,     40.690       
# span 6 =     0.2029,    33.7716       
# span 7 =    -1.0845,    26.3512       
# span 8 = 0.0000e+00, 0.0000e+00       
# interval = seconds: 0.5
# start_time = May 31 2023 22:07:31 [Instrument's time stamp, header]
# bad_flag = -9.990e-29
*END*
[from data line 801]
 151.926522      0.335  36.290341    10.7031     8.9365      0.332    32.5279    24.9029 -9.990e-29
 151.926528      0.324  36.269579    10.6994     8.8864      0.321    32.5105    24.8900 -9.990e-29
 151.926534      0.313  36.297076    10.7249     8.8037      0.310    32.5152    24.8892 -9.990e-29
 151.926539      0.301  36.297977    10.7400     8.7603      0.298    32.5027    24.8768 -9.990e-29
 151.926545      0.293  36.276239    10.7454     8.7683      0.291    32.4762    24.8553 -9.990e-29
 151.926551      0.287  36.285735    10.7763     8.8076      0.285    32.4583    24.8359 -9.990e-29
 151.926557      0.278  36.336283    10.8353     8.8863      0.276    32.4562    24.8240 -9.990e-29
 151.926562      0.271  36.387131    10.8883     8.9403      0.269    32.4597    24.8175 -9.990e-29
 151.926568      0.270  36.393453    10.9054     8.9639      0.268    32.4508    24.8076 -9.990e-29
 151.926574      0.273  36.339558    10.8863     8.8981      0.271    32.4142    24.7825 -9.990e-29
 151.926580      0.282  36.250452    10.8640     8.8095      0.280    32.3456    24.7329 -9.990e-29
 151.926586      0.292  36.202763    10.8496     8.7598      0.290    32.3110    24.7085 -9.990e-29
 151.926591      0.297  36.237590    10.8364     8.7804      0.295    32.3572    24.7468 -9.990e-29
 151.926597      0.295  36.286498    10.8312     8.8458      0.293    32.4103    24.7891 -9.990e-29
 151.926603      0.296  36.308790    10.8236     8.8948      0.294    32.4392    24.8129 -9.990e-29
 151.926609      0.303  36.338062    10.7922     8.9222      0.300    32.4962    24.8627 -9.990e-29
 151.926615      0.318  36.337680    10.7288     8.8942      0.315    32.5522    24.9173 -9.990e-29
 151.926620      0.337  36.254439    10.6601     8.8376      0.334    32.5304    24.9123 -9.990e-29
 151.926626      0.353  36.154856    10.6369     8.7973      0.350    32.4517    24.8550 -9.990e-29
 151.926632      0.362  36.124538    10.6610     8.8098      0.359    32.4000    24.8106 -9.990e-29
 151.926638      0.365  36.152681    10.6869     8.8619      0.362    32.4051    24.8100 -9.990e-29
 151.926644      0.362  36.188265    10.6975     8.9330      0.359    32.4311    24.8285 -9.990e-29
 151.926649      0.353  36.231650    10.6990     8.9373      0.350    32.4730    24.8609 -9.990e-29
 151.926655      0.342  36.262230    10.6911     8.8851      0.339    32.5106    24.8914 -9.990e-29
 151.926661      0.336  36.239514    10.6735     8.8391      0.333    32.5036    24.8891 -9.990e-29
 151.926667      0.336  36.184140    10.6598     8.7919      0.333    32.4605    24.8579 -9.990e-29
 151.926672      0.332  36.147694    10.6674     8.7917      0.329    32.4174    24.8230 -9.990e-29
 151.926678      0.324  36.172828    10.6870     8.8266      0.321    32.4251    24.8256 -9.990e-29
 151.926684      0.321  36.238673    10.7004     8.8344      0.318    32.4788    24.8651 -9.990e-29
 151.926690      0.326  36.290712    10.6950     8.9224      0.323    32.5355    24.9102 -9.990e-29
 151.926696      0.336  36.273386    10.6689     8.9720      0.333    32.5415    24.9193 -9.990e-29
 151.926701      0.347  36.183713    10.6413     8.9378      0.344    32.4766    24.8736 -9.990e-29
 151.926707      0.359  36.094762    10.6237     8.8587      0.356    32.4034    24.8197 -9.990e-29
 151.926713      0.369  36.048068    10.6209     8.7096      0.366    32.3593    24.7858 -9.990e-29
 151.926719      0.374  36.050775    10.6428     8.7239      0.371    32.3426    24.7690 -9.990e-29
 151.926725      0.378  36.106443    10.6846     8.7676      0.375    32.3611    24.7761 -9.990e-29
 151.926730      0.389  36.190671    10.7321     8.8863      0.386    32.4028    24.8005 -9.990e-29
 151.926736      0.409  36.266174    10.7713     9.0373      0.406    32.4432    24.8251 -9.990e-29
 151.926742      0.435  36.298036    10.7789     8.9739      0.431    32.4681    24.8432 -9.990e-29
 151.926748      0.467  36.255887    10.7549     8.8333      0.463    32.4475    24.8313 -9.990e-29
 151.926753      0.505  36.173109    10.7460     8.7182      0.501    32.3730    24.7748 -9.990e-29
 151.926759      0.541  36.144850    10.7860     8.6836      0.536    32.3095    24.7185 -9.990e-29
 151.926765      0.574  36.210671    10.8658     8.7352      0.569    32.3044    24.7006 -9.990e-29
 151.926771      0.615  36.319932    10.9512     8.7820      0.610    32.3373    24.7113 -9.990e-29
 151.926777      0.678  36.410513    10.9860     8.7701      0.672    32.3962    24.7510 -9.990e-29
 151.926782      0.772  36.447520    10.8970     8.6918      0.766    32.5116    24.8564 -9.990e-29
 151.926788      0.900  36.359249    10.7028     8.5611      0.892    32.5966    24.9564 0.0000e+00
 151.926794      1.055  36.154989    10.5318     8.4016      1.046    32.5452    24.9459 0.0000e+00
 151.926800      1.231  35.989616    10.4383     8.1991      1.221    32.4629    24.8978 0.0000e+00
 151.926806      1.423  35.916959    10.3788     7.9756      1.411    32.4431    24.8924 0.0000e+00
 151.926811      1.628  35.881467    10.3113     7.7560      1.614    32.4676    24.9230 0.0000e+00
 151.926817      1.852  35.848599    10.2325     7.6071      1.837    32.5050    24.9654 0.0000e+00
 151.926823      2.097  35.809723    10.1623     7.5369      2.079    32.5287    24.9957 0.0000e+00
 151.926829      2.355  35.772835    10.1128     7.4834      2.335    32.5358    25.0095 0.0000e+00
 151.926834      2.619  35.744094    10.0857     7.3759      2.597    32.5310    25.0103 0.0000e+00
 151.926840      2.879  35.726520    10.0764     7.1782      2.855    32.5214    25.0044 0.0000e+00
 151.926846      3.125  35.720110    10.0760     6.9367      3.099    32.5152    24.9996 0.0000e+00
 151.926852      3.362  35.721824    10.0721     6.6990      3.334    32.5203    25.0043 0.0000e+00
 151.926858      3.603  35.722096    10.0535     6.5187      3.573    32.5372    25.0206 0.0000e+00
 151.926863      3.856  35.708880    10.0152     6.4404      3.824    32.5582    25.0433 0.0000e+00
 151.926869      4.119  35.679030     9.9604     6.4157      4.085    32.5773    25.0673 0.0000e+00
 151.926875      4.389  35.634658     9.9024     6.4200      4.352    32.5845    25.0825 0.0000e+00
 151.926881      4.655  35.580355     9.8633     6.3631      4.616    32.5645    25.0733 0.0000e+00
 151.926887      4.911  35.539951     9.8518     6.2386      4.870    32.5336    25.0512 0.0000e+00
 151.926892      5.149  35.533403     9.8504     6.0973      5.106    32.5281    25.0471 0.0000e+00
 151.926898      5.378  35.542362     9.8304     5.9061      5.333    32.5552    25.0715 0.0000e+00
 151.926904      5.611  35.537240     9.7700     5.8347      5.564    32.6045    25.1199 0.0000e+00
 151.926910      5.859  35.492643     9.6741     5.7564      5.810    32.6459    25.1679 0.0000e+00
 151.926916      6.125  35.416227     9.5750     5.7033      6.074    32.6577    25.1932 0.0000e+00
 151.926921      6.409  35.349381     9.4991     5.6304      6.355    32.6581    25.2058 0.0000e+00
 151.926927      6.707  35.303680     9.4437     5.4989      6.651    32.6616    25.2174 0.0000e+00
 151.926933      7.013  35.262327     9.3929     5.4151      6.954    32.6653    25.2284 0.0000e+00
 151.926939      7.321  35.212651     9.3361     5.3247      7.260    32.6659    25.2380 0.0000e+00
 151.926944      7.623  35.149366     9.2755     5.2549      7.559    32.6559    25.2398 0.0000e+00
 151.926950      7.915  35.078723     9.2276     5.2049      7.849    32.6266    25.2245 0.0000e+00
 151.926956      8.192  35.019559     9.1974     5.1574      8.123    32.5929    25.2029 0.0000e+00
 151.926962      8.461  34.980816     9.1642     5.1258      8.390    32.5831    25.2005 0.0000e+00
 151.926968      8.724  34.953302     9.1179     5.0852      8.651    32.5968    25.2185 0.0000e+00
 151.926973      8.982  34.926564     9.0774     5.0486      8.907    32.6061    25.2321 0.0000e+00
 151.926979      9.238  34.903504     9.0512     5.0161      9.161    32.6061    25.2361 0.0000e+00
 151.926985      9.496  34.889679     9.0269     5.0083      9.417    32.6139    25.2461 0.0000e+00
 151.926991      9.750  34.878880     9.0019     5.0103      9.668    32.6255    25.2590 0.0000e+00
 151.926997      9.995  34.865021     8.9852     5.0199      9.911    32.6263    25.2623 0.0000e+00
 151.927002     10.231  34.851372     8.9786     5.0228     10.145    32.6181    25.2569 0.0000e+00
 151.927008     10.454  34.845403     8.9750     5.0096     10.366    32.6151    25.2551 0.0000e+00
 151.927014     10.666  34.845787     8.9711     4.9888     10.577    32.6189    25.2587 0.0000e+00
 151.927020     10.876  34.847907     8.9669     4.9837     10.785    32.6249    25.2640 0.0000e+00
 151.927025     11.098  34.851705     8.9601     5.0065     11.005    32.6350    25.2730 0.0000e+00
 151.927031     11.341  34.852077     8.9502     5.0345     11.246    32.6444    25.2819 0.0000e+00
 151.927037     11.608  34.847752     8.9415     5.0655     11.511    32.6478    25.2859 0.0000e+00
 151.927043     11.894  34.847999     8.9398     5.0813     11.794    32.6494    25.2875 0.0000e+00
 151.927049     12.192  34.857535     8.9441     5.0868     12.090    32.6553    25.2914 0.0000e+00
 151.927054     12.496  34.870507     8.9487     5.0899     12.391    32.6644    25.2978 0.0000e+00
 151.927060     12.794  34.880040     8.9513     5.0892     12.687    32.6718    25.3032 0.0000e+00
 151.927066     13.081  34.885880     8.9536     5.0898     12.971    32.6756    25.3058 0.0000e+00
 151.927072     13.360  34.890684     8.9569     5.0968     13.248    32.6775    25.3068 0.0000e+00
 151.927078     13.634  34.896290     8.9612     5.1070     13.520    32.6792    25.3075 0.0000e+00
 151.927083     13.893  34.903926     8.9656     5.0724     13.777    32.6830    25.3098 0.0000e+00
 151.927089     14.137  34.914166     8.9692     5.1094     14.019    32.6902    25.3149 0.0000e+00
 151.927095     14.372  34.924897     8.9712     5.1235     14.252    32.6994    25.3218 0.0000e+00
 151.927101     14.602  34.934659     8.9729     5.1229     14.480    32.7079    25.3281 0.0000e+00
 151.927106     14.828  34.945182     8.9763     5.1130     14.704    32.7156    25.3336 0.0000e+00
 151.927112     15.055  34.954726     8.9801     5.0191     14.929    32.7220    25.3380 0.0000e+00
 151.927118     15.286  34.960249     8.9823     5.0071     15.158    32.7256    25.3405 0.0000e+00
 151.927124     15.517  34.961748     8.9826     4.9858     15.387    32.7267    25.3414 0.0000e+00
 151.927130     15.750  34.960577     8.9782     4.9715     15.618    32.7295    25.3442 0.0000e+00
 151.927135     15.993  34.957328     8.9673     4.9535     15.859    32.7360    25.3510 0.0000e+00
 151.927141     16.247  34.952622     8.9539     4.8817     16.111    32.7434    25.3589 0.0000e+00
 151.927147     16.511  34.949057     8.9425     4.7599     16.373    32.7500    25.3659 0.0000e+00
 151.927153     16.785  34.949071     8.9335     4.5931     16.644    32.7582    25.3737 0.0000e+00
 151.927159     17.074  34.954835     8.9237     4.4410     16.931    32.7732    25.3869 0.0000e+00
 151.927164     17.378  34.963863     8.9059     4.3083     17.232    32.7989    25.4098 0.0000e+00
 151.927170     17.684  34.961781     8.8805     4.2172     17.536    32.8200    25.4303 0.0000e+00
 151.927176     17.976  34.939563     8.8581     4.1569     17.825    32.8174    25.4317 0.0000e+00
 151.927182     18.251  34.910057     8.8364     4.1219     18.098    32.8066    25.4266 0.0000e+00
 151.927188     18.510  34.888716     8.7976     4.1027     18.355    32.8201    25.4431 0.0000e+00
 151.927193     18.756  34.876118     8.7386     4.0934     18.599    32.8615    25.4846 0.0000e+00
 151.927199     18.996  34.864339     8.6817     4.0825     18.837    32.9020    25.5250 0.0000e+00
 151.927205     19.234  34.851584     8.6443     4.0836     19.073    32.9233    25.5474 0.0000e+00
 151.927211     19.466  34.843150     8.6258     4.0674     19.303    32.9316    25.5568 0.0000e+00
 151.927216     19.690  34.839453     8.6186     4.0453     19.525    32.9343    25.5600 0.0000e+00
 151.927222     19.908  34.838834     8.6129     4.0149     19.741    32.9389    25.5644 0.0000e+00
 151.927228     20.130  34.839816     8.6040     3.9844     19.961    32.9481    25.5730 0.0000e+00
 151.927234     20.365  34.837464     8.5912     3.9620     20.194    32.9575    25.5823 0.0000e+00
 151.927240     20.619  34.831354     8.5757     3.9367     20.446    32.9654    25.5909 0.0000e+00
 151.927245     20.896  34.825574     8.5594     3.9177     20.721    32.9744    25.6004 0.0000e+00
 151.927251     21.188  34.820730     8.5431     3.8892     21.010    32.9844    25.6107 0.0000e+00
 151.927257     21.484  34.815872     8.5275     3.8667     21.304    32.9937    25.6204 0.0000e+00
 151.927263     21.780  34.811155     8.5141     3.8425     21.597    33.0012    25.6283 0.0000e+00
 151.927269     22.075  34.806360     8.5046     3.7685     21.890    33.0049    25.6326 0.0000e+00
 151.927274     22.361  34.801723     8.4996     3.7794     22.173    33.0045    25.6331 0.0000e+00
 151.927280     22.635  34.798253     8.4961     3.7468     22.445    33.0040    25.6333 0.0000e+00
 151.927286     22.901  34.796277     8.4900     3.7269     22.709    33.0075    25.6369 0.0000e+00
 151.927292     23.169  34.794190     8.4792     3.7196     22.974    33.0153    25.6447 0.0000e+00
 151.927297     23.441  34.788564     8.4637     3.6430     23.244    33.0238    25.6536 0.0000e+00
 151.927303     23.715  34.777970     8.4453     3.6782     23.516    33.0297    25.6611 0.0000e+00
 151.927309     23.982  34.765558     8.4286     3.6717     23.780    33.0322    25.6655 0.0000e+00
 151.927315     24.233  34.755411     8.4187     3.6723     24.029    33.0306    25.6658 0.0000e+00
 151.927321     24.462  34.751272     8.4161     3.6652     24.256    33.0286    25.6646 0.0000e+00
 151.927326     24.676  34.754251     8.4169     3.6323     24.469    33.0309    25.6663 0.0000e+00
 151.927332     24.888  34.758712     8.4162     3.6244     24.679    33.0362    25.6705 0.0000e+00
 151.927338     25.116  34.758196     8.4094     3.6190     24.905    33.0419    25.6760 0.0000e+00
 151.927344     25.375  34.752488     8.3974     3.6172     25.162    33.0470    25.6818 0.0000e+00
 151.927350     25.658  34.748457     8.3864     3.6277     25.442    33.0530    25.6882 0.0000e+00
 151.927355     25.952  34.751280     8.3789     3.6156     25.734    33.0628    25.6970 0.0000e+00
 151.927361     26.238  34.757350     8.3748     3.6097     26.017    33.0730    25.7056 0.0000e+00
 151.927367     26.512  34.761787     8.3744     3.5956     26.289    33.0779    25.7095 0.0000e+00
 151.927373     26.775  34.764259     8.3741     3.5785     26.550    33.0807    25.7118 0.0000e+00
 151.927378     27.038  34.765734     8.3702     3.5698     26.811    33.0858    25.7164 0.0000e+00
 151.927384     27.312  34.765852     8.3628     3.5546     27.082    33.0928    25.7229 0.0000e+00
 151.927390     27.607  34.764685     8.3534     3.5423     27.375    33.1002    25.7302 0.0000e+00
 151.927396     27.918  34.763393     8.3440     3.5220     27.683    33.1076    25.7374 0.0000e+00
 151.927402     28.242  34.762404     8.3362     3.5011     28.004    33.1137    25.7433 0.0000e+00
 151.927407     28.563  34.761428     8.3310     3.4720     28.323    33.1174    25.7470 0.0000e+00
 151.927413     28.864  34.760756     8.3274     3.4353     28.621    33.1200    25.7496 0.0000e+00
 151.927419     29.139  34.760523     8.3223     3.4161     28.894    33.1244    25.7538 0.0000e+00
 151.927425     29.391  34.759768     8.3122     3.4029     29.144    33.1330    25.7621 0.0000e+00
 151.927431     29.629  34.758519     8.2989     3.3868     29.380    33.1441    25.7728 0.0000e+00
 151.927436     29.855  34.758385     8.2882     3.3925     29.604    33.1539    25.7821 0.0000e+00
