data/oxygen options/ONMS/Olympic_Coast_National_Marine_Sanctuary_CTD_Data_2005_2023/raw_data/2023/CAST_TH015_230531faed.cnv
* Sea-Bird SBE 19 Data File:
* FileName = C:\Users\OCNMS.Inst\Documents\2023 Mooring Data\Casts\CAST_TH015_230531.hex
* Software Version SeatermAF 2.1.4.55
* Temperature SN = 2997
* Conductivity SN = 2997
* System UpLoad Time = May 31 2023 23:25:47 (localtime) = May 31 2023 23:25:47 (UTC)
** CAST_TH015_230531
* ds
# nquan = 9                                 
# nvalues = 859                         
# units = specified
# name 0 = timeJ: Julian Days
# name 1 = prSM: Pressure, Strain Gauge [db]
# name 2 = c0mS/cm: Conductivity [mS/cm]
# name 3 = t090C: Temperature [ITS-90, deg C]
# name 4 = sbeox0ML/L: Oxygen, SBE 43 [ml/l]
# name 5 = depSM: Depth [salt water, m], lat = 47.5
# name 6 = sal00: Salinity, Practical [PSU]
# name 7 = sigma-é00: Density [sigma-theta, kg/m^3]
# name 8 = flag: flag
# span 0 = 151.967569, 151.972535       
# span 1 =     -6.224,     13.818       
# span 2 =   0.296788,  36.509831       
# span 3 =     8.0314,    13.7207       
# span 4 =    -1.9204,    13.3950       
# span 5 =     -6.172,     13.702       
# span 6 =     0.1830,    33.9653       
# span 7 =    -0.5730,    26.2463       
# span 8 = 0.0000e+00, 0.0000e+00       
# interval = seconds: 0.5
# start_time = May 31 2023 23:13:18 [Instrument's time stamp, header]
# bad_flag = -9.990e-29
*END*
[from data line 481]
 151.970353     -0.293  35.877669     9.3724    -1.6723     -0.291    33.3219    25.7449 -9.990e-29
 151.970359     -0.277  35.665305     9.3724    -1.6712     -0.275    33.1027    25.5735 -9.990e-29
 151.970365     -0.256  35.580639     9.3764    -1.6720     -0.254    33.0116    25.5017 -9.990e-29
 151.970370     -0.241  35.613268     9.3815    -1.6721     -0.239    33.0405    25.5235 -9.990e-29
 151.970376     -0.237  35.660486     9.3854    -1.6715     -0.235    33.0856    25.5581 -9.990e-29
 151.970382     -0.238  35.695059     9.3872    -1.6720     -0.236    33.1196    25.5844 -9.990e-29
 151.970388     -0.236  35.745139     9.3880    -1.6715     -0.234    33.1705    25.6241 -9.990e-29
 151.970394     -0.227  35.828181     9.3889    -1.6706     -0.225    33.2554    25.6903 -9.990e-29
 151.970399     -0.215  35.935009     9.3909    -1.6703     -0.213    33.3638    25.7747 -9.990e-29
 151.970405     -0.206  36.045590     9.3940    -1.6706     -0.204    33.4751    25.8612 -9.990e-29
 151.970411     -0.206  36.158897     9.3954    -1.6706     -0.204    33.5908    25.9515 -9.990e-29
 151.970417     -0.209  36.269690     9.3942    -1.6708     -0.207    33.7065    26.0421 -9.990e-29
 151.970422     -0.207  36.339685     9.3904    -1.6716     -0.205    33.7824    26.1021 -9.990e-29
 151.970428     -0.196  36.359111     9.3842    -1.6719     -0.194    33.8084    26.1234 -9.990e-29
 151.970434     -0.180  36.372897     9.3788    -1.6710     -0.178    33.8278    26.1395 -9.990e-29
 151.970440     -0.166  36.399960     9.3769    -1.6701     -0.165    33.8576    26.1631 -9.990e-29
 151.970446     -0.157  36.427063     9.3785    -1.6716     -0.156    33.8841    26.1836 -9.990e-29
 151.970451     -0.152  36.459510     9.3812    -1.6769     -0.151    33.9151    26.2074 -9.990e-29
 151.970457     -0.148  36.493483     9.3827    -1.6794     -0.147    33.9489    26.2335 -9.990e-29
 151.970463     -0.139  36.509831     9.3832    -1.6737     -0.138    33.9653    26.2463 -9.990e-29
 151.970469     -0.130  36.509043     9.3848    -1.6726     -0.129    33.9630    26.2442 -9.990e-29
 151.970475     -0.124  36.498453     9.3891    -1.6723     -0.123    33.9479    26.2318 -9.990e-29
 151.970480     -0.121  36.472323     9.3968    -1.6748     -0.120    33.9136    26.2036 -9.990e-29
 151.970486     -0.120  36.432206     9.4053    -1.6797     -0.119    33.8640    26.1635 -9.990e-29
 151.970492     -0.121  36.402467     9.4101    -1.6799     -0.120    33.8287    26.1351 -9.990e-29
 151.970498     -0.125  36.392173     9.4097    -1.6750     -0.124    33.8184    26.1272 -9.990e-29
 151.970503     -0.132  36.354527     9.4063    -1.6720     -0.131    33.7827    26.0998 -9.990e-29
 151.970509     -0.138  36.223069     9.4040    -1.6729     -0.137    33.6490    25.9956 -9.990e-29
 151.970515     -0.138  36.038740     9.4049    -1.6752     -0.137    33.4578    25.8459 -9.990e-29
 151.970521     -0.138  35.974777     9.4088    -1.6755     -0.137    33.3881    25.7908 -9.990e-29
 151.970527     -0.142  36.070795     9.4177    10.1639     -0.141    33.4789    25.8604 -9.990e-29
 151.970532     -0.149  36.158458     9.4326    13.3364     -0.148    33.5554    25.9178 -9.990e-29
 151.970538     -0.156  36.115989     9.4510    13.3950     -0.155    33.4944    25.8671 -9.990e-29
 151.970544     -0.156  35.938844     9.4772    10.7411     -0.155    33.2874    25.7010 -9.990e-29
 151.970550     -0.147  35.737567     9.5112     5.3564     -0.146    33.0488    25.5090 -9.990e-29
 151.970556     -0.138  35.668939     9.5375     5.4558     -0.137    32.9540    25.4307 -9.990e-29
 151.970561     -0.132  35.737789     9.5531     5.7003     -0.131    33.0104    25.4722 -9.990e-29
 151.970567     -0.130  35.810161     9.5745     5.8163     -0.129    33.0650    25.5114 -9.990e-29
 151.970573     -0.130  35.780877     9.6056     5.8769     -0.129    33.0063    25.4605 -9.990e-29
 151.970579     -0.130  35.657926     9.6375     5.8791     -0.129    32.8510    25.3340 -9.990e-29
 151.970584     -0.124  35.515425     9.6676     5.8651     -0.123    32.6777    25.1937 -9.990e-29
 151.970590     -0.116  35.408143     9.6984     5.8544     -0.115    32.5402    25.0813 -9.990e-29
 151.970596     -0.111  35.352100     9.7281     5.8418     -0.110    32.4561    25.0108 -9.990e-29
 151.970602     -0.107  35.331929     9.7486     5.8135     -0.106    32.4171    24.9770 -9.990e-29
 151.970608     -0.109  35.325762     9.7589     5.7924     -0.108    32.4015    24.9631 -9.990e-29
 151.970613     -0.122  35.324241     9.7658     5.7843     -0.121    32.3938    24.9560 -9.990e-29
 151.970619     -0.137  35.323640     9.7727     5.7601     -0.136    32.3869    24.9495 -9.990e-29
 151.970625     -0.147  35.323140     9.7814     5.7477     -0.146    32.3786    24.9416 -9.990e-29
 151.970631     -0.152  35.322617     9.7937     5.7250     -0.151    32.3670    24.9305 -9.990e-29
 151.970637     -0.149  35.320795     9.8017     5.7052     -0.148    32.3580    24.9222 -9.990e-29
 151.970642     -0.138  35.315785     9.7954     5.6497     -0.137    32.3585    24.9236 -9.990e-29
 151.970648     -0.126  35.305931     9.7806     5.6713     -0.125    32.3618    24.9286 -9.990e-29
 151.970654     -0.116  35.281436     9.7660     5.7122     -0.115    32.3500    24.9217 -9.990e-29
 151.970660     -0.109  35.263389     9.7503     5.7367     -0.108    32.3457    24.9210 -9.990e-29
 151.970666     -0.104  35.282034     9.7328     5.7336     -0.103    32.3804    24.9509 -9.990e-29
 151.970671     -0.100  35.307320     9.7194     5.6526     -0.099    32.4183    24.9827 -9.990e-29
 151.970677     -0.097  35.315805     9.7136     5.6814     -0.096    32.4322    24.9945 -9.990e-29
 151.970683     -0.096  35.318222     9.7159     5.6821     -0.095    32.4326    24.9944 -9.990e-29
 151.970689     -0.095  35.319451     9.7281     5.6598     -0.094    32.4228    24.9848 -9.990e-29
 151.970694     -0.094  35.320549     9.7470     5.6402     -0.093    32.4069    24.9693 -9.990e-29
 151.970700     -0.090  35.321840     9.7494     5.5970     -0.089    32.4061    24.9683 -9.990e-29
 151.970706     -0.079  35.323908     9.7166     5.5874     -0.078    32.4377    24.9983 -9.990e-29
 151.970712     -0.063  35.324454     9.6706     5.5837     -0.062    32.4798    25.0387 -9.990e-29
 151.970718     -0.045  35.319707     9.6374     5.5814     -0.045    32.5050    25.0637 -9.990e-29
 151.970723     -0.030  35.311713     9.6083     5.5858     -0.030    32.5232    25.0826 -9.990e-29
 151.970729     -0.024  35.305468     9.5759     5.5928     -0.024    32.5461    25.1058 -9.990e-29
 151.970735     -0.027  35.302141     9.5550     5.5982     -0.027    32.5617    25.1213 -9.990e-29
 151.970741     -0.031  35.301192     9.5517     5.5825     -0.031    32.5637    25.1235 -9.990e-29
 151.970747     -0.032  35.301891     9.5531     5.5666     -0.032    32.5632    25.1228 -9.990e-29
 151.970752     -0.029  35.302906     9.5462     5.5830     -0.029    32.5705    25.1296 -9.990e-29
 151.970758     -0.023  35.302210     9.5325     5.5777     -0.023    32.5822    25.1410 -9.990e-29
 151.970764     -0.014  35.299978     9.5181     5.5728     -0.014    32.5930    25.1517 -9.990e-29
 151.970770     -0.004  35.298254     9.5065     5.5677     -0.004    32.6018    25.1605 -9.990e-29
 151.970775     -0.003  35.298077     9.5003     5.5580     -0.003    32.6072    25.1657 -9.990e-29
 151.970781     -0.009  35.298628     9.4975     5.5733     -0.009    32.6104    25.1686 -9.990e-29
 151.970787     -0.015  35.297817     9.4962     5.5757     -0.015    32.6107    25.1691 -9.990e-29
 151.970793     -0.016  35.296225     9.4981     5.5860     -0.016    32.6073    25.1662 -9.990e-29
 151.970799     -0.018  35.296748     9.5032     5.5964     -0.018    32.6032    25.1621 -9.990e-29
 151.970804     -0.025  35.299505     9.5117     5.5812     -0.025    32.5983    25.1569 -9.990e-29
 151.970810     -0.031  35.301988     9.5215     5.5711     -0.031    32.5920    25.1504 -9.990e-29
 151.970816     -0.035  35.303009     9.5233     5.5651     -0.035    32.5914    25.1496 -9.990e-29
 151.970822     -0.032  35.302231     9.5132     5.5728     -0.032    32.5998    25.1578 -9.990e-29
 151.970828     -0.016  35.300282     9.5016     5.5458     -0.016    32.6083    25.1664 -9.990e-29
 151.970833      0.003  35.299583     9.4986     5.5829      0.003    32.6103    25.1684 -9.990e-29
 151.970839      0.015  35.300861     9.5020     5.5873      0.015    32.6085    25.1665 -9.990e-29
 151.970845      0.016  35.302435     9.5068     5.6051      0.016    32.6058    25.1636 -9.990e-29
 151.970851      0.010  35.303022     9.5113     5.6365      0.010    32.6023    25.1601 -9.990e-29
 151.970856      0.006  35.302827     9.5150     5.5818      0.006    32.5987    25.1567 -9.990e-29
 151.970862      0.008  35.303250     9.5169     5.6353      0.008    32.5974    25.1554 -9.990e-29
 151.970868      0.015  35.304839     9.5163     5.6445      0.015    32.5996    25.1572 -9.990e-29
 151.970874      0.024  35.306890     9.5172     5.6483      0.024    32.6009    25.1581 -9.990e-29
 151.970880      0.028  35.308759     9.5255     5.6575      0.028    32.5953    25.1523 -9.990e-29
 151.970885      0.025  35.309554     9.5438     5.6185      0.025    32.5794    25.1370 -9.990e-29
 151.970891      0.025  35.309756     9.5654     5.6270      0.025    32.5600    25.1184 -9.990e-29
 151.970897      0.031  35.311296     9.5730     5.6345      0.031    32.5547    25.1130 -9.990e-29
 151.970903      0.041  35.312850     9.5637     5.6464      0.041    32.5647    25.1223 -9.990e-29
 151.970909      0.045  35.312553     9.5576     5.6659      0.045    32.5700    25.1274 -9.990e-29
 151.970914      0.040  35.312230     9.5647     5.6698      0.040    32.5632    25.1209 -9.990e-29
 151.970920      0.031  35.313108     9.5769     5.6633      0.031    32.5530    25.1110 -9.990e-29
 151.970926      0.024  35.314655     9.5848     5.6673      0.024    32.5475    25.1054 -9.990e-29
 151.970932      0.023  35.316115     9.5887     5.6702      0.023    32.5454    25.1032 -9.990e-29
 151.970937      0.026  35.317180     9.5937     5.6761      0.026    32.5420    25.0997 -9.990e-29
 151.970943      0.022  35.318130     9.6028     5.6873      0.022    32.5347    25.0925 -9.990e-29
 151.970949      0.012  35.319089     9.6161     5.6937      0.012    32.5236    25.0817 -9.990e-29
 151.970955      0.003  35.320198     9.6270     5.6841      0.003    32.5149    25.0731 -9.990e-29
 151.970961     -0.000  35.321237     9.6285     5.6650     -0.000    32.5146    25.0727 -9.990e-29
 151.970966      0.002  35.321894     9.6256     5.6448      0.002    32.5179    25.0757 -9.990e-29
 151.970972      0.005  35.322466     9.6259     5.6383      0.005    32.5182    25.0759 -9.990e-29
 151.970978      0.005  35.323135     9.6266     5.6416      0.005    32.5183    25.0758 -9.990e-29
 151.970984      0.006  35.323653     9.6253     5.6465      0.006    32.5200    25.0774 -9.990e-29
 151.970990      0.013  35.324131     9.6247     5.6617      0.013    32.5210    25.0783 -9.990e-29
 151.970995      0.026  35.324626     9.6210     5.6871      0.026    32.5248    25.0819 -9.990e-29
 151.971001      0.042  35.325218     9.6109     5.6984      0.042    32.5346    25.0911 -9.990e-29
 151.971007      0.052  35.326114     9.6076     5.7222      0.052    32.5385    25.0947 -9.990e-29
 151.971013      0.054  35.326809     9.6201     5.7039      0.054    32.5279    25.0844 -9.990e-29
 151.971019      0.047  35.327086     9.6413     5.6990      0.047    32.5090    25.0662 -9.990e-29
 151.971024      0.032  35.327293     9.6638     5.6874      0.032    32.4888    25.0468 -9.990e-29
 151.971030      0.010  35.327690     9.6831     5.6806      0.010    32.4718    25.0304 -9.990e-29
 151.971036     -0.009  35.327669     9.6988     5.6558     -0.009    32.4576    25.0167 -9.990e-29
 151.971042     -0.024  35.326626     9.7122     5.5775     -0.024    32.4445    25.0043 -9.990e-29
 151.971047     -0.031  35.325957     9.7205     5.6145     -0.031    32.4363    24.9966 -9.990e-29
 151.971053     -0.022  35.326430     9.7180     5.6357     -0.022    32.4390    24.9991 -9.990e-29
 151.971059     -0.001  35.326980     9.7004     5.6689     -0.001    32.4555    25.0148 -9.990e-29
 151.971065      0.017  35.327202     9.6731     5.6821      0.017    32.4803    25.0387 -9.990e-29
 151.971071      0.024  35.327373     9.6456     5.6691      0.024    32.5054    25.0627 -9.990e-29
 151.971076      0.021  35.327708     9.6267     5.6813      0.021    32.5228    25.0794 -9.990e-29
 151.971082      0.011  35.328639     9.6316     5.6850      0.011    32.5194    25.0759 -9.990e-29
 151.971088      0.003  35.329717     9.6636     5.6749      0.003    32.4915    25.0489 -9.990e-29
 151.971094      0.000  35.329570     9.6995     5.6634      0.000    32.4589    25.0176 -9.990e-29
 151.971100      0.003  35.327440     9.7133     5.6509      0.003    32.4443    25.0040 -9.990e-29
 151.971105      0.011  35.323294     9.6981     5.6485      0.011    32.4538    25.0139 -9.990e-29
 151.971111      0.020  35.320015     9.6771     5.6371      0.020    32.4694    25.0295 -9.990e-29
 151.971117      0.023  35.320512     9.6676     5.6250      0.023    32.4785    25.0381 -9.990e-29
 151.971123      0.020  35.322081     9.6541     5.6218      0.020    32.4923    25.0511 -9.990e-29
 151.971128      0.015  35.321765     9.6343     5.6296      0.015    32.5099    25.0680 -9.990e-29
 151.971134      0.008  35.320261     9.6231     5.6312      0.008    32.5185    25.0766 -9.990e-29
 151.971140      0.001  35.319481     9.6285     5.6341      0.001    32.5128    25.0713 -9.990e-29
 151.971146      0.001  35.320621     9.6445     5.6375      0.001    32.4995    25.0583 -9.990e-29
 151.971152      0.005  35.321836     9.6502     5.6369      0.005    32.4956    25.0543 -9.990e-29
 151.971157      0.015  35.319145     9.6381     5.6380      0.015    32.5038    25.0626 -9.990e-29
 151.971163      0.026  35.314564     9.6268     5.6294      0.026    32.5093    25.0688 -9.990e-29
 151.971169      0.032  35.314866     9.6244     5.6450      0.032    32.5118    25.0711 -9.990e-29
 151.971175      0.032  35.319328     9.6194     5.6681      0.032    32.5209    25.0790 -9.990e-29
 151.971181      0.035  35.323253     9.6101     5.6507      0.035    32.5333    25.0903 -9.990e-29
 151.971186      0.042  35.325713     9.6049     5.6278      0.042    32.5405    25.0967 -9.990e-29
 151.971192      0.043  35.327745     9.6068     5.6424      0.043    32.5409    25.0967 -9.990e-29
 151.971198      0.039  35.329813     9.6168     5.6606      0.039    32.5339    25.0897 -9.990e-29
 151.971204      0.039  35.331309     9.6382     5.7288      0.039    32.5161    25.0723 -9.990e-29
 151.971209      0.042  35.332549     9.6748     5.7987      0.042    32.4842    25.0414 -9.990e-29
 151.971215      0.040  35.334065     9.7202     5.8497      0.040    32.4448    25.0033 -9.990e-29
 151.971221      0.033  35.333397     9.7663     5.8827      0.033    32.4026    24.9628 -9.990e-29
 151.971227      0.025  35.329098     9.8391     5.8578      0.025    32.3328    24.8964 -9.990e-29
 151.971233      0.020  35.324407     9.9686     5.8893      0.020    32.2121    24.7809 -9.990e-29
 151.971238      0.020  35.320911    10.1222     5.8529      0.020    32.0721    24.6462 -9.990e-29
 151.971244      0.019  35.315636    10.2304     5.8222      0.019    31.9711    24.5495 -9.990e-29
 151.971250      0.012  35.308853    10.2556     5.8079      0.012    31.9421    24.5227 -9.990e-29
 151.971256      0.006  35.305549    10.2070     5.7439      0.006    31.9816    24.5616 -9.990e-29
 151.971262      0.005  35.308621    10.1281     5.7494      0.005    32.0544    24.6315 -9.990e-29
 151.971267      0.010  35.316564    10.0608     5.7312      0.010    32.1221    24.6955 -9.990e-29
