data/oxygen options/ONMS/Olympic_Coast_National_Marine_Sanctuary_CTD_Data_2005_2023/raw_data/2023/CAST_CE015_230928faed.cnv
* Sea-Bird SBE 19 Data File:
* FileName = C:\Users\OCNMS.Inst\Documents\2023 Mooring Data\Casts\CAST_CE015_230928.hex
* Software Version SeatermAF 2.1.4.55
* Temperature SN = 2997
* Conductivity SN = 2997
* System UpLoad Time = Sep 28 2023 21:31:47 (localtime) = Sep 28 2023 21:31:47 (UTC)
** CAST_CE015_230928
* ds
# nquan = 9                                 
# nvalues = 1265                        
# units = specified
# name 0 = timeJ: Julian Days
# name 1 = prSM: Pressure, Strain Gauge [db]
# name 2 = c0mS/cm: Conductivity [mS/cm]
# name 3 = t090C: Temperature [ITS-90, deg C]
# name 4 = sbeox0ML/L: Oxygen, SBE 43 [ml/l]
# name 5 = depSM: Depth [salt water, m], lat = 47.5
# name 6 = sal00: Salinity, Practical [PSU]
# name 7 = sigma-é00: Density [sigma-theta, kg/m^3]
# name 8 = flag: flag
# span 0 = 271.882234, 271.889549       
# span 1 =     -6.213,     13.678       
# span 2 =   0.690314,  37.497275       
# span 3 =    14.1479,    21.9678       
# span 4 =    -1.6476,    12.5340       
# span 5 =     -6.161,     13.563       
# span 6 =     0.3633,    30.7676       
# span 7 =    -1.9252,    22.8883       
# span 8 = 0.0000e+00, 0.0000e+00       
# interval = seconds: 0.5
# start_time = Sep 28 2023 21:10:25 [Instrument's time stamp, header]
# bad_flag = -9.990e-29
*END*
[from data line 641]
 271.885943      0.144  37.220684    14.8996    -1.5290      0.143    29.9381    22.0943 -9.990e-29
 271.885949      0.167  37.220951    14.9280    -1.5294      0.166    29.9165    22.0718 -9.990e-29
 271.885955      0.177  37.089922    14.9398    -1.5270      0.176    29.7905    21.9724 -9.990e-29
 271.885961      0.182  36.967646    14.9258    -1.5286      0.180    29.6921    21.8995 -9.990e-29
 271.885966      0.186  36.952084    14.8966    -1.5292      0.184    29.7004    21.9120 -9.990e-29
 271.885972      0.195  37.032035    14.8770    -1.5289      0.193    29.7867    21.9826 -9.990e-29
 271.885978      0.213  37.155087    14.8761    -1.5275      0.211    29.8974    22.0679 -9.990e-29
 271.885984      0.236  37.234449    14.8851    -1.5283      0.234    29.9615    22.1153 -9.990e-29
 271.885990      0.262  37.219716    14.8870    -1.5280      0.260    29.9468    22.1037 -9.990e-29
 271.885995      0.289  37.096872    14.8745    -1.5279      0.287    29.8465    22.0291 -9.990e-29
 271.886001      0.310  36.933435    14.8601    -1.5308      0.307    29.7114    21.9282 -9.990e-29
 271.886007      0.326  36.851990    14.8578    -1.5318      0.323    29.6404    21.8740 -9.990e-29
 271.886013      0.342  36.873883    14.8689    -1.5317      0.339    29.6515    21.8802 -9.990e-29
 271.886019      0.354  36.903451    14.8815    -1.5307      0.351    29.6683    21.8906 -9.990e-29
 271.886024      0.365  36.853029    14.8811    -1.5305      0.362    29.6236    21.8562 -9.990e-29
 271.886030      0.378  36.787572    14.8662    -1.5309      0.375    29.5765    21.8230 -9.990e-29
 271.886036      0.391  36.807425    14.8509    -1.5321      0.388    29.6058    21.8488 -9.990e-29
 271.886042      0.399  36.883085    14.8441    -1.5315      0.396    29.6786    21.9062 -9.990e-29
 271.886047      0.404  36.929548    14.8343    -1.5294      0.401    29.7276    21.9460 -9.990e-29
 271.886053      0.405  36.925912    14.8165    -1.5289      0.402    29.7379    21.9576 -9.990e-29
 271.886059      0.402  36.876874    14.7980    -1.5289      0.399    29.7081    21.9386 -9.990e-29
 271.886065      0.397  36.790432    14.7731    -1.5298      0.394    29.6497    21.8988 -9.990e-29
 271.886071      0.392  36.735580    14.7459    -1.5287      0.389    29.6212    21.8825 -9.990e-29
 271.886076      0.395  36.780876    14.7357    -1.5295      0.392    29.6696    21.9219 -9.990e-29
 271.886082      0.408  36.881465    14.7390    -1.5289      0.405    29.7572    21.9886 -9.990e-29
 271.886088      0.421  36.925658    14.7456    -1.5288      0.417    29.7918    22.0139 -9.990e-29
 271.886094      0.433  36.895130    14.7545    -1.5304      0.429    29.7576    21.9857 -9.990e-29
 271.886100      0.442  36.858400    14.7618    -1.5318      0.438    29.7191    21.9546 -9.990e-29
 271.886105      0.451  36.883556    14.7645    -1.5324      0.447    29.7396    21.9698 -9.990e-29
 271.886111      0.459  36.964409    14.7661    -1.5342      0.455    29.8108    22.0243 -9.990e-29
 271.886117      0.468  37.028478    14.7677    -1.5370      0.464    29.8670    22.0672 -9.990e-29
 271.886123      0.477  37.039142    14.7647    -1.5394      0.473    29.8789    22.0769 -9.990e-29
 271.886128      0.484  37.033603    14.7643    -1.5388      0.480    29.8742    22.0734 -9.990e-29
 271.886134      0.483  37.048742    14.7778    -1.5379      0.479    29.8774    22.0731 -9.990e-29
 271.886140      0.476  37.051012    14.7975    -1.5373      0.472    29.8644    22.0589 -9.990e-29
 271.886146      0.461  37.006504    14.8078    -1.5384      0.457    29.8166    22.0200 -9.990e-29
 271.886152      0.442  36.906863    14.8014    -1.5377      0.438    29.7323    21.9565 -9.990e-29
 271.886157      0.426  36.767659    14.7742    -1.5355      0.422    29.6284    21.8822 -9.990e-29
 271.886163      0.421  36.644099    14.7219    -1.5363      0.417    29.5575    21.8385 -9.990e-29
 271.886169      0.432  36.565207    14.6494    -1.5382      0.428    29.5418    21.8414 -9.990e-29
 271.886175      0.453  36.515405    14.5780    -1.5391      0.449    29.5513    21.8634 -9.990e-29
 271.886181      0.478  36.494939    14.5354    -1.5383      0.474    29.5653    21.8830 -9.990e-29
 271.886186      0.500  36.531405    14.5295    -1.5384      0.496    29.6026    21.9129 -9.990e-29
 271.886192      0.508  36.607364    14.5435    -1.5376      0.504    29.6603    21.9544 -9.990e-29
 271.886198      0.498  36.655010    14.5607    -1.5365      0.494    29.6900    21.9738 -9.990e-29
 271.886204      0.482  36.639910    14.5765    -1.5357      0.478    29.6644    21.9508 -9.990e-29
 271.886209      0.468  36.602437    14.5892    -1.5361      0.464    29.6210    21.9148 -9.990e-29
 271.886215      0.454  36.608563    14.5942    -1.5371      0.450    29.6227    21.9151 -9.990e-29
 271.886221      0.444  36.631210    14.5882    -1.5372      0.440    29.6477    21.9355 -9.990e-29
 271.886227      0.446  36.591414    14.5732    -1.5371      0.442    29.6233    21.9198 -9.990e-29
 271.886233      0.461  36.517332    14.5580    -1.5370      0.457    29.5683    21.8806 -9.990e-29
 271.886238      0.480  36.498350    14.5531     9.6517      0.476    29.5549    21.8713 -9.990e-29
 271.886244      0.500  36.540537    14.5622    12.4249      0.496    29.5859    21.8933 -9.990e-29
 271.886250      0.519  36.590977    14.5802    12.5340      0.515    29.6176    21.9140 -9.990e-29
 271.886256      0.529  36.632961    14.6016    10.3849      0.525    29.6390    21.9260 -9.990e-29
 271.886262      0.526  36.662021    14.6234     5.8995      0.522    29.6485    21.9289 -9.990e-29
 271.886267      0.515  36.648060    14.6408     5.9203      0.511    29.6227    21.9054 -9.990e-29
 271.886273      0.503  36.575853    14.6484     6.0531      0.499    29.5521    21.8495 -9.990e-29
 271.886279      0.494  36.486339    14.6443     6.0718      0.490    29.4749    21.7909 -9.990e-29
 271.886285      0.488  36.436011    14.6351     6.0593      0.484    29.4367    21.7634 -9.990e-29
 271.886291      0.483  36.430024    14.6288     6.0333      0.479    29.4361    21.7643 -9.990e-29
 271.886296      0.480  36.419547    14.6254     6.0177      0.476    29.4293    21.7597 -9.990e-29
 271.886302      0.479  36.378873    14.6216     5.9954      0.475    29.3957    21.7346 -9.990e-29
 271.886308      0.479  36.341143    14.6137     5.9847      0.475    29.3678    21.7148 -9.990e-29
 271.886314      0.480  36.323265    14.6017     5.9828      0.476    29.3608    21.7119 -9.990e-29
 271.886319      0.483  36.315985    14.5928     5.9678      0.479    29.3610    21.7138 -9.990e-29
 271.886325      0.487  36.314099    14.5914     5.9701      0.483    29.3603    21.7136 -9.990e-29
 271.886331      0.493  36.313435    14.5963     5.9557      0.489    29.3561    21.7093 -9.990e-29
 271.886337      0.497  36.314251    14.6034     5.9687      0.493    29.3514    21.7043 -9.990e-29
 271.886343      0.496  36.316543    14.6081     5.9615      0.492    29.3499    21.7022 -9.990e-29
 271.886348      0.492  36.316675    14.6075     5.9591      0.488    29.3505    21.7027 -9.990e-29
 271.886354      0.491  36.312611    14.6025     5.9230      0.487    29.3506    21.7039 -9.990e-29
 271.886360      0.491  36.309037    14.5982     5.9499      0.487    29.3507    21.7048 -9.990e-29
 271.886366      0.494  36.309053    14.5980     5.9721      0.490    29.3508    21.7049 -9.990e-29
 271.886372      0.496  36.310466    14.6020     5.9718      0.492    29.3491    21.7028 -9.990e-29
 271.886377      0.491  36.311824    14.6085     5.9682      0.487    29.3454    21.6986 -9.990e-29
 271.886383      0.483  36.311604    14.6142     5.8908      0.479    29.3409    21.6940 -9.990e-29
 271.886389      0.478  36.308418    14.6171     5.9426      0.474    29.3359    21.6895 -9.990e-29
 271.886395      0.478  36.304207    14.6183     5.9607      0.474    29.3312    21.6856 -9.990e-29
 271.886400      0.488  36.302341    14.6213     5.9868      0.484    29.3272    21.6820 -9.990e-29
 271.886406      0.500  36.303718    14.6276     6.0104      0.496    29.3237    21.6780 -9.990e-29
 271.886412      0.502  36.306838    14.6345     5.9607      0.498    29.3213    21.6747 -9.990e-29
 271.886418      0.494  36.309728    14.6397     5.9728      0.490    29.3200    21.6726 -9.990e-29
 271.886424      0.484  36.310671    14.6439     5.9758      0.480    29.3177    21.6700 -9.990e-29
 271.886429      0.481  36.309640    14.6479     5.9764      0.477    29.3137    21.6661 -9.990e-29
 271.886435      0.487  36.308069    14.6522     5.9788      0.483    29.3091    21.6616 -9.990e-29
 271.886441      0.499  36.307574    14.6554     5.9607      0.495    29.3062    21.6588 -9.990e-29
 271.886447      0.510  36.308572    14.6562     5.9628      0.506    29.3065    21.6588 -9.990e-29
 271.886453      0.511  36.309360    14.6562     5.9653      0.507    29.3072    21.6594 -9.990e-29
 271.886458      0.503  36.308705    14.6564     5.9742      0.499    29.3065    21.6588 -9.990e-29
 271.886464      0.493  36.306246    14.6545     5.9951      0.489    29.3057    21.6586 -9.990e-29
 271.886470      0.486  36.301457    14.6500     6.0150      0.482    29.3048    21.6588 -9.990e-29
 271.886476      0.481  36.296867    14.6495     6.0217      0.477    29.3011    21.6560 -9.990e-29
 271.886481      0.477  36.296389    14.6615     6.0223      0.473    29.2916    21.6463 -9.990e-29
 271.886487      0.474  36.298219    14.6851     6.0249      0.470    29.2755    21.6290 -9.990e-29
 271.886493      0.472  36.298032    14.7074     6.0185      0.468    29.2586    21.6114 -9.990e-29
 271.886499      0.472  36.294975    14.7176     6.0321      0.468    29.2482    21.6013 -9.990e-29
 271.886505      0.472  36.289410    14.7159     6.0305      0.468    29.2445    21.5988 -9.990e-29
 271.886510      0.478  36.281153    14.7100     6.0241      0.474    29.2415    21.5977 -9.990e-29
 271.886516      0.493  36.274270    14.7068     6.0315      0.489    29.2378    21.5955 -9.990e-29
 271.886522      0.511  36.273535    14.7084     6.0263      0.507    29.2359    21.5937 -9.990e-29
 271.886528      0.519  36.276240    14.7133     6.0265      0.515    29.2346    21.5917 -9.990e-29
 271.886534      0.519  36.279785    14.7179     6.0320      0.515    29.2344    21.5906 -9.990e-29
 271.886539      0.518  36.283813    14.7208     6.0286      0.514    29.2358    21.5911 -9.990e-29
 271.886545      0.521  36.285253    14.7245     6.0294      0.517    29.2343    21.5892 -9.990e-29
 271.886551      0.524  36.284300    14.7300     6.0283      0.520    29.2293    21.5842 -9.990e-29
 271.886557      0.518  36.284676    14.7370     6.0129      0.514    29.2244    21.5790 -9.990e-29
 271.886563      0.503  36.285718    14.7449     5.9990      0.499    29.2194    21.5735 -9.990e-29
 271.886568      0.491  36.285410    14.7504     5.9538      0.487    29.2150    21.5690 -9.990e-29
 271.886574      0.490  36.286099    14.7503     5.9902      0.486    29.2157    21.5695 -9.990e-29
 271.886580      0.496  36.290899    14.7448     5.9943      0.492    29.2241    21.5771 -9.990e-29
 271.886586      0.503  36.297766    14.7360     5.9987      0.499    29.2369    21.5888 -9.990e-29
 271.886591      0.514  36.301813    14.7280     5.9993      0.510    29.2465    21.5978 -9.990e-29
 271.886597      0.528  36.303350    14.7230     5.9400      0.524    29.2516    21.6028 -9.990e-29
 271.886603      0.547  36.304378    14.7212     5.9863      0.542    29.2539    21.6049 -9.990e-29
 271.886609      0.567  36.304542    14.7203     6.0002      0.562    29.2547    21.6057 -9.990e-29
 271.886615      0.581  36.304574    14.7179     6.0111      0.576    29.2565    21.6076 -9.990e-29
 271.886620      0.586  36.305030    14.7159     6.0243      0.581    29.2584    21.6095 -9.990e-29
 271.886626      0.583  36.305353    14.7159     6.0052      0.578    29.2587    21.6097 -9.990e-29
 271.886632      0.569  36.305367    14.7177     6.0111      0.564    29.2574    21.6083 -9.990e-29
 271.886638      0.550  36.305605    14.7219     6.0046      0.545    29.2544    21.6052 -9.990e-29
 271.886644      0.533  36.306896    14.7266     6.0068      0.529    29.2521    21.6024 -9.990e-29
 271.886649      0.521  36.309240    14.7296     6.0067      0.517    29.2519    21.6017 -9.990e-29
 271.886655      0.513  36.311237    14.7314     6.0058      0.509    29.2524    21.6016 -9.990e-29
 271.886661      0.508  36.312145    14.7333     6.0131      0.504    29.2517    21.6008 -9.990e-29
 271.886667      0.507  36.312570    14.7364     6.0120      0.503    29.2498    21.5986 -9.990e-29
 271.886672      0.508  36.313035    14.7402     6.0047      0.504    29.2474    21.5960 -9.990e-29
 271.886678      0.513  36.313552    14.7431     5.9950      0.509    29.2456    21.5941 -9.990e-29
 271.886684      0.518  36.314206    14.7452     5.9973      0.514    29.2447    21.5929 -9.990e-29
 271.886690      0.517  36.315265    14.7471     6.0053      0.513    29.2442    21.5921 -9.990e-29
 271.886696      0.516  36.316414    14.7488     6.0093      0.512    29.2439    21.5916 -9.990e-29
 271.886701      0.519  36.317460    14.7497     6.0175      0.515    29.2442    21.5916 -9.990e-29
 271.886707      0.526  36.318074    14.7499     6.0335      0.522    29.2446    21.5918 -9.990e-29
 271.886713      0.533  36.317909    14.7505     6.0424      0.529    29.2440    21.5913 -9.990e-29
 271.886719      0.536  36.317258    14.7540     6.0412      0.532    29.2408    21.5881 -9.990e-29
 271.886725      0.540  36.316328    14.7609     6.0403      0.535    29.2348    21.5820 -9.990e-29
 271.886730      0.545  36.315513    14.7680     6.0332      0.540    29.2287    21.5759 -9.990e-29
 271.886736      0.547  36.315362    14.7736     6.0336      0.542    29.2244    21.5714 -9.990e-29
 271.886742      0.550  36.315626    14.7792     6.0326      0.545    29.2204    21.5672 -9.990e-29
 271.886748      0.560  36.315496    14.7829     6.0294      0.555    29.2175    21.5642 -9.990e-29
 271.886753      0.576  36.314753    14.7820     6.0106      0.571    29.2175    21.5644 -9.990e-29
 271.886759      0.595  36.314602    14.7777     5.9989      0.590    29.2206    21.5676 -9.990e-29
 271.886765      0.610  36.315916    14.7742     6.0006      0.605    29.2244    21.5713 -9.990e-29
 271.886771      0.617  36.317600    14.7750     6.0110      0.612    29.2253    21.5718 -9.990e-29
 271.886777      0.618  36.318493    14.7759     6.0248      0.613    29.2254    21.5717 -9.990e-29
 271.886782      0.616  36.318059    14.7700     5.9818      0.611    29.2295    21.5760 -9.990e-29
 271.886788      0.620  36.316236    14.7593     6.0059      0.615    29.2359    21.5832 -9.990e-29
 271.886794      0.630  36.315029    14.7529     6.0039      0.625    29.2396    21.5874 -9.990e-29
 271.886800      0.638  36.316141    14.7538     6.0059      0.633    29.2399    21.5874 -9.990e-29
 271.886806      0.644  36.317645    14.7583     6.0064      0.639    29.2379    21.5849 -9.990e-29
 271.886811      0.654  36.317579    14.7582     5.9531      0.649    29.2379    21.5850 -9.990e-29
 271.886817      0.664  36.316372    14.7478     5.9874      0.658    29.2446    21.5923 -9.990e-29
 271.886823      0.669  36.315169    14.7293     5.9969      0.663    29.2574    21.6060 -9.990e-29
 271.886829      0.667  36.314560    14.7054     6.0050      0.661    29.2748    21.6243 -9.990e-29
 271.886834      0.652  36.313686    14.6866     6.0191      0.647    29.2882    21.6385 -9.990e-29
 271.886840      0.632  36.311893    14.6834     6.0113      0.627    29.2890    21.6397 -9.990e-29
 271.886846      0.619  36.310099    14.6918     6.0116      0.614    29.2811    21.6319 -9.990e-29
 271.886852      0.617  36.309781    14.7088     6.0113      0.612    29.2680    21.6184 -9.990e-29
 271.886858      0.620  36.311031    14.7312     6.0186      0.615    29.2523    21.6016 -9.990e-29
