data/oxygen options/ONMS/Olympic_Coast_National_Marine_Sanctuary_CTD_Data_2005_2023/raw_data/2023/CAST_KL027_230601faedb.cnv
* Sea-Bird SBE 19 Data File:
* FileName = C:\Users\OCNMS.Inst\Documents\2023 Mooring Data\Casts\CAST_KL027_230601.hex
* Software Version SeatermAF 2.1.4.55
* Temperature SN = 2997
* Conductivity SN = 2997
* System UpLoad Time = Jun 01 2023 21:32:03 (localtime) = Jun 01 2023 21:32:03 (UTC)
** CAST_KL027_230601
* ds
# nquan = 9
# nvalues = 27                          
# units = specified
# name 0 = timeJ: Julian Days
# name 1 = prSM: Pressure, Strain Gauge [db]
# name 2 = c0mS/cm: Conductivity [mS/cm]
# name 3 = t090C: Temperature [ITS-90, deg C]
# name 4 = sbeox0ML/L: Oxygen, SBE 43 [ml/l]
# name 5 = depSM: Depth [salt water, m], lat = 47.5
# name 6 = sal00: Salinity, Practical [PSU]
# name 7 = sigma-é00: Density [sigma-theta, kg/m^3]
# name 8 = flag: flag
# span 0 = 152.876481, 152.877124       
# span 1 =      1.000,     27.000       
# span 2 =  34.710019,  36.430279       
# span 3 =     8.2242,    10.7077       
# span 4 =     3.0215,     9.1402       
# span 5 =      0.992,     26.773       
# span 6 =    32.6605,    33.3520       
# span 7 =    25.0073,    25.9468       
# span 8 = 0.0000e+00, 0.0000e+00       
# interval = decibars: 1                
# start_time = Jun 01 2023 20:54:44 [Instrument's time stamp, header]
# bad_flag = -9.990e-29
*END*
 152.876481      1.000  36.430279    10.7077     9.1402      0.992    32.6630    25.0073 0.0000e+00
 152.876512      2.000  36.395080    10.6708     8.8059      1.983    32.6605    25.0117 0.0000e+00
 152.876537      3.000  36.314752    10.5690     8.3371      2.975    32.6709    25.0375 0.0000e+00
 152.876560      4.000  36.245281    10.4447     6.6237      3.967    32.7125    25.0912 0.0000e+00
 152.876581      5.000  35.935041    10.0588     5.1395      4.958    32.7473    25.1834 0.0000e+00
 152.876604      6.000  35.390561     9.4825     4.1987      5.950    32.7157    25.2531 0.0000e+00
 152.876627      7.000  35.031678     8.9674     3.6565      6.942    32.8175    25.4144 0.0000e+00
 152.876650      8.000  34.831228     8.5708     3.5435      7.933    32.9758    25.5995 0.0000e+00
 152.876675      9.000  34.765490     8.4184     3.5588      8.925    33.0486    25.6797 0.0000e+00
 152.876698     10.000  34.726450     8.3342     3.5606      9.917    33.0860    25.7217 0.0000e+00
 152.876717     11.000  34.718060     8.3136     3.5644     10.908    33.0961    25.7326 0.0000e+00
 152.876737     12.000  34.714287     8.2976     3.5392     11.900    33.1066    25.7433 0.0000e+00
 152.876762     13.000  34.714968     8.2908     3.5349     12.891    33.1133    25.7496 0.0000e+00
 152.876787     14.000  34.710019     8.2796     3.5023     13.882    33.1181    25.7550 0.0000e+00
 152.876808     15.000  34.731386     8.2770     3.4295     14.874    33.1428    25.7748 0.0000e+00
 152.876831     16.000  34.757221     8.2671     3.2406     15.866    33.1791    25.8048 0.0000e+00
 152.876856     17.000  34.842573     8.2477     3.1425     16.858    33.2875    25.8927 0.0000e+00
 152.876879     18.000  34.874353     8.2340     3.1413     17.849    33.3338    25.9311 0.0000e+00
 152.876901     19.000  34.880881     8.2311     3.1261     18.841    33.3430    25.9387 0.0000e+00
 152.876924     20.000  34.882397     8.2310     3.1005     19.832    33.3442    25.9397 0.0000e+00
 152.876949     21.000  34.884227     8.2283     3.0945     20.823    33.3483    25.9433 0.0000e+00
 152.876972     22.000  34.882669     8.2242     3.0932     21.815    33.3501    25.9454 0.0000e+00
 152.876993     23.000  34.885161     8.2247     3.0637     22.807    33.3517    25.9466 0.0000e+00
 152.877017     24.000  34.885944     8.2247     3.0529     23.798    33.3520    25.9468 0.0000e+00
 152.877041     25.000  34.888140     8.2271     3.0429     24.790    33.3516    25.9462 0.0000e+00
 152.877066     26.000  34.887378     8.2267     3.0339     25.781    33.3508    25.9457 0.0000e+00
 152.877124     27.000  34.890559     8.2288     3.0215     26.773    33.3517    25.9460 0.0000e+00
