data/oxygen options/ONMS/Olympic_Coast_National_Marine_Sanctuary_CTD_Data_2005_2023/raw_data/2023/CAST_MB015_231002faed.cnv
* Sea-Bird SBE 19 Data File:
* FileName = C:\Users\OCNMS.Inst\Documents\2023 Mooring Data\Casts\CAST_MB015_231002.hex
* Software Version SeatermAF 2.1.4.55
* Temperature SN = 2997
* Conductivity SN = 2997
* System UpLoad Time = Oct 04 2023 21:11:18 (localtime) = Oct 04 2023 21:11:18 (UTC)
** CAST_MB015_231002
* ds
# nquan = 9                                 
# nvalues = 866                         
# units = specified
# name 0 = timeJ: Julian Days
# name 1 = prSM: Pressure, Strain Gauge [db]
# name 2 = c0mS/cm: Conductivity [mS/cm]
# name 3 = t090C: Temperature [ITS-90, deg C]
# name 4 = sbeox0ML/L: Oxygen, SBE 43 [ml/l]
# name 5 = depSM: Depth [salt water, m], lat = 47.5
# name 6 = sal00: Salinity, Practical [PSU]
# name 7 = sigma-é00: Density [sigma-theta, kg/m^3]
# name 8 = flag: flag
# span 0 = 275.789421, 275.794427       
# span 1 =     -5.753,     12.996       
# span 2 =   0.581000,  38.742061       
# span 3 =    13.7347,    14.6452       
# span 4 =    -1.8498,    12.5159       
# span 5 =     -5.705,     12.887       
# span 6 =     0.3565,    32.2332       
# span 7 =    -0.5632,    24.1042       
# span 8 = 0.0000e+00, 0.0000e+00       
# interval = seconds: 0.5
# start_time = Oct 02 2023 18:56:46 [Instrument's time stamp, header]
# bad_flag = -9.990e-29
*END*
[from data line 641]
 275.793131      0.433  38.554975    13.8242     5.8787      0.429    32.0113    23.9144 -9.990e-29
 275.793137      0.424  38.553920    13.8246     5.8711      0.420    32.0100    23.9133 -9.990e-29
 275.793142      0.417  38.554370    13.8215     5.8248      0.414    32.0130    23.9163 -9.990e-29
 275.793148      0.420  38.558032    13.8138     5.8685      0.416    32.0228    23.9254 -9.990e-29
 275.793154      0.434  38.564168    13.8062     5.8754      0.430    32.0348    23.9362 -9.990e-29
 275.793160      0.446  38.567497    13.8019     5.8860      0.442    32.0415    23.9422 -9.990e-29
 275.793166      0.445  38.567395    13.7992     5.8955      0.441    32.0437    23.9445 -9.990e-29
 275.793171      0.430  38.567632    13.7980     5.8535      0.426    32.0449    23.9456 -9.990e-29
 275.793177      0.418  38.567946    13.7991     5.8878      0.415    32.0443    23.9449 -9.990e-29
 275.793183      0.420  38.567063    13.8010     5.9012      0.416    32.0418    23.9427 -9.990e-29
 275.793189      0.428  38.566592    13.8021     5.9077      0.424    32.0405    23.9414 -9.990e-29
 275.793194      0.435  38.567571    13.8027     5.9042      0.431    32.0409    23.9416 -9.990e-29
 275.793200      0.440  38.568489    13.8030     5.8794      0.436    32.0415    23.9420 -9.990e-29
 275.793206      0.444  38.568312    13.8028     5.8818      0.440    32.0415    23.9421 -9.990e-29
 275.793212      0.447  38.567910    13.8023     5.8969      0.443    32.0415    23.9422 -9.990e-29
 275.793218      0.449  38.567855    13.8020     5.9034      0.445    32.0417    23.9424 -9.990e-29
 275.793223      0.452  38.567497    13.8033     5.8986      0.448    32.0403    23.9411 -9.990e-29
 275.793229      0.453  38.566344    13.8070     5.8859      0.449    32.0362    23.9371 -9.990e-29
 275.793235      0.455  38.565085    13.8113     5.8798      0.451    32.0314    23.9325 -9.990e-29
 275.793241      0.456  38.564269    13.8140     5.8874      0.452    32.0284    23.9297 -9.990e-29
 275.793247      0.458  38.563354    13.8151     5.8988      0.454    32.0266    23.9281 -9.990e-29
 275.793252      0.459  38.562227    13.8153     5.9024      0.455    32.0254    23.9271 -9.990e-29
 275.793258      0.461  38.561613    13.8150     5.8949      0.457    32.0251    23.9269 -9.990e-29
 275.793264      0.462  38.561797    13.8146     5.8962      0.458    32.0256    23.9274 -9.990e-29
 275.793270      0.465  38.562450    13.8140     5.8945      0.461    32.0267    23.9284 -9.990e-29
 275.793275      0.467  38.563306    13.8126     5.8959      0.463    32.0287    23.9302 -9.990e-29
 275.793281      0.470  38.564371    13.8106     5.8910      0.466    32.0313    23.9326 -9.990e-29
 275.793287      0.474  38.565370    13.8088     5.8866      0.470    32.0337    23.9349 -9.990e-29
 275.793293      0.480  38.565379    13.8079     5.8928      0.476    32.0345    23.9356 -9.990e-29
 275.793299      0.486  38.564392    13.8082     5.8894      0.482    32.0333    23.9347 -9.990e-29
 275.793304      0.495  38.563880    13.8089     5.8847      0.491    32.0323    23.9337 -9.990e-29
 275.793310      0.505  38.564827    13.8092     5.8822      0.501    32.0329    23.9341 -9.990e-29
 275.793316      0.519  38.566239    13.8094     5.8811      0.515    32.0340    23.9350 -9.990e-29
 275.793322      0.533  38.566621    13.8102     5.8914      0.529    32.0337    23.9346 -9.990e-29
 275.793328      0.542  38.566470    13.8111     5.8391      0.537    32.0328    23.9337 -9.990e-29
 275.793333      0.549  38.566688    13.8118     5.8707      0.544    32.0324    23.9332 -9.990e-29
 275.793339      0.548  38.566990    13.8124     5.8789      0.543    32.0322    23.9329 -9.990e-29
 275.793345      0.541  38.567204    13.8123     5.8943      0.536    32.0325    23.9332 -9.990e-29
 275.793351      0.534  38.567602    13.8108     5.9099      0.530    32.0341    23.9347 -9.990e-29
 275.793356      0.533  38.568139    13.8089     5.8476      0.529    32.0362    23.9367 -9.990e-29
 275.793362      0.536  38.568955    13.8076     5.8744      0.532    32.0380    23.9384 -9.990e-29
 275.793368      0.545  38.570001    13.8067     5.8865      0.540    32.0398    23.9399 -9.990e-29
 275.793374      0.554  38.570417    13.8062     5.8785      0.549    32.0406    23.9407 -9.990e-29
 275.793380      0.557  38.570181    13.8060     5.8854      0.552    32.0405    23.9407 -9.990e-29
 275.793385      0.549  38.570082    13.8055     5.8745      0.544    32.0408    23.9410 -9.990e-29
 275.793391      0.535  38.570534    13.8047     5.8769      0.531    32.0419    23.9420 -9.990e-29
 275.793397      0.521  38.571004    13.8048     5.8786      0.517    32.0423    23.9423 -9.990e-29
 275.793403      0.511  38.570985    13.8057     5.8759      0.507    32.0415    23.9415 -9.990e-29
 275.793409      0.504  38.570998    13.8060     5.8734      0.500    32.0413    23.9412 -9.990e-29
 275.793414      0.500  38.571605    13.8048     5.8746      0.496    32.0428    23.9427 -9.990e-29
 275.793420      0.499  38.573038    13.8022     5.8648      0.495    32.0463    23.9459 -9.990e-29
 275.793426      0.501  38.574394    13.7997     5.8678      0.497    32.0497    23.9490 -9.990e-29
 275.793432      0.505  38.574661    13.7986     5.8818      0.501    32.0509    23.9501 -9.990e-29
 275.793437      0.513  38.574180    13.7986     5.8802      0.509    32.0504    23.9498 -9.990e-29
 275.793443      0.520  38.573416    13.7988     5.8822      0.516    32.0495    23.9491 -9.990e-29
 275.793449      0.522  38.573015    13.7993     5.8830      0.518    32.0487    23.9484 -9.990e-29
 275.793455      0.524  38.572986    13.8004     5.8931      0.520    32.0478    23.9474 -9.990e-29
 275.793461      0.531  38.572157    13.8018     5.8992      0.527    32.0459    23.9456 -9.990e-29
 275.793466      0.542  38.569969    13.8032     5.8922      0.537    32.0427    23.9429 -9.990e-29
 275.793472      0.554  38.567973    13.8049     5.8856      0.549    32.0394    23.9400 -9.990e-29
 275.793478      0.559  38.567414    13.8073     5.8804      0.554    32.0369    23.9376 -9.990e-29
 275.793484      0.558  38.566972    13.8102     5.8751      0.553    32.0340    23.9348 -9.990e-29
 275.793490      0.559  38.565482    13.8134     5.8701      0.554    32.0300    23.9310 -9.990e-29
 275.793495      0.567  38.564305    13.8161     5.8754      0.562    32.0266    23.9279 -9.990e-29
 275.793501      0.581  38.565783    13.8168     5.8777      0.576    32.0274    23.9283 -9.990e-29
 275.793507      0.604  38.569070    13.8144     5.8813      0.599    32.0324    23.9327 -9.990e-29
 275.793513      0.631  38.571808    13.8096     5.8451      0.626    32.0390    23.9387 -9.990e-29
 275.793519      0.657  38.573712    13.8055     5.8851      0.652    32.0441    23.9436 -9.990e-29
 275.793524      0.678  38.575061    13.8042     5.8964      0.672    32.0465    23.9456 -9.990e-29
 275.793530      0.696  38.575397    13.8046     5.8984      0.690    32.0464    23.9455 -9.990e-29
 275.793536      0.712  38.574030    13.8052     5.9023      0.706    32.0447    23.9440 -9.990e-29
 275.793542      0.728  38.572484    13.8054     5.8376      0.722    32.0431    23.9428 -9.990e-29
 275.793547      0.747  38.572045    13.8057     5.8612      0.741    32.0424    23.9422 -9.990e-29
 275.793553      0.781  38.570995    13.8069     5.8702      0.774    32.0404    23.9404 -9.990e-29
 275.793559      0.835  38.569599    13.8081     5.8855      0.828    32.0381    23.9384 -9.990e-29
 275.793565      0.913  38.569904    13.8070     5.8922      0.905    32.0393    23.9395 -9.990e-29
 275.793571      1.016  38.572304    13.8032     5.8654      1.008    32.0446    23.9444 -9.990e-29
 275.793576      1.141  38.575501    13.7987     5.8679      1.131    32.0513    23.9505 0.0000e+00
 275.793582      1.289  38.578137    13.7962     5.8617      1.278    32.0558    23.9544 0.0000e+00
 275.793588      1.455  38.580348    13.7955     5.8591      1.443    32.0583    23.9566 0.0000e+00
 275.793594      1.633  38.582263    13.7955     5.8553      1.619    32.0600    23.9579 0.0000e+00
 275.793600      1.822  38.583617    13.7959     5.8526      1.807    32.0609    23.9585 0.0000e+00
 275.793605      2.024  38.584517    13.7966     5.8630      2.007    32.0611    23.9585 0.0000e+00
 275.793611      2.241  38.586708    13.7972     5.8683      2.222    32.0625    23.9595 0.0000e+00
 275.793617      2.468  38.592164    13.7975     5.8774      2.447    32.0672    23.9630 0.0000e+00
 275.793623      2.703  38.599744    13.7974     5.8775      2.680    32.0742    23.9685 0.0000e+00
 275.793628      2.944  38.606843    13.7978     5.8625      2.919    32.0803    23.9732 0.0000e+00
 275.793634      3.189  38.611704    13.7992     5.8707      3.162    32.0836    23.9754 0.0000e+00
 275.793640      3.437  38.614261    13.8013     5.8769      3.408    32.0841    23.9754 0.0000e+00
 275.793646      3.689  38.616233    13.8035     5.8684      3.658    32.0840    23.9748 0.0000e+00
 275.793652      3.951  38.619683    13.8049     5.8742      3.918    32.0859    23.9760 0.0000e+00
 275.793657      4.215  38.624721    13.8055     5.8694      4.180    32.0900    23.9790 0.0000e+00
 275.793663      4.479  38.629089    13.8058     5.8639      4.442    32.0936    23.9818 0.0000e+00
 275.793669      4.742  38.631880    13.8064     5.8546      4.702    32.0956    23.9833 0.0000e+00
 275.793675      5.004  38.634005    13.8073     5.8122      4.962    32.0967    23.9839 0.0000e+00
 275.793681      5.263  38.635487    13.8084     5.7555      5.219    32.0971    23.9840 0.0000e+00
 275.793686      5.519  38.636613    13.8097     5.6816      5.473    32.0969    23.9836 0.0000e+00
 275.793692      5.772  38.638875    13.8106     5.6427      5.724    32.0982    23.9844 0.0000e+00
 275.793698      6.024  38.642480    13.8096     5.5991      5.974    32.1023    23.9878 0.0000e+00
 275.793704      6.279  38.647746    13.8048     5.6151      6.227    32.1110    23.9955 0.0000e+00
 275.793709      6.532  38.658322    13.7960     5.6446      6.477    32.1281    24.0105 0.0000e+00
 275.793715      6.782  38.675414    13.7868     5.6601      6.725    32.1515    24.0305 0.0000e+00
 275.793721      7.035  38.694340    13.7808     5.6851      6.976    32.1740    24.0491 0.0000e+00
 275.793727      7.295  38.709504    13.7782     5.6454      7.234    32.1901    24.0620 0.0000e+00
 275.793733      7.558  38.718138    13.7776     5.6914      7.495    32.1985    24.0687 0.0000e+00
 275.793738      7.818  38.722219    13.7776     5.6888      7.753    32.2022    24.0715 0.0000e+00
 275.793744      8.075  38.725496    13.7778     5.7071      8.007    32.2050    24.0736 0.0000e+00
 275.793750      8.328  38.728970    13.7782     5.7243      8.258    32.2077    24.0757 0.0000e+00
 275.793756      8.576  38.731661    13.7788     5.6961      8.504    32.2096    24.0770 0.0000e+00
 275.793762      8.818  38.733787    13.7796     5.6992      8.744    32.2108    24.0778 0.0000e+00
 275.793767      9.057  38.735932    13.7803     5.6929      8.981    32.2121    24.0787 0.0000e+00
 275.793773      9.294  38.737025    13.7807     5.6810      9.216    32.2127    24.0791 0.0000e+00
 275.793779      9.532  38.737396    13.7811     5.6785      9.452    32.2126    24.0789 0.0000e+00
 275.793785      9.777  38.738654    13.7815     5.6720      9.695    32.2134    24.0794 0.0000e+00
 275.793791     10.032  38.740227    13.7814     5.6562      9.948    32.2148    24.0805 0.0000e+00
 275.793796     10.297  38.741403    13.7808     5.6529     10.211    32.2163    24.0818 0.0000e+00
 275.793802     10.566  38.742061    13.7799     5.6368     10.478    32.2176    24.0830 0.0000e+00
 275.793808     10.827  38.741947    13.7784     5.5953     10.736    32.2186    24.0841 0.0000e+00
 275.793814     11.071  38.741463    13.7760     5.5588     10.978    32.2201    24.0857 0.0000e+00
 275.793819     11.301  38.740515    13.7724     5.5135     11.206    32.2222    24.0881 0.0000e+00
 275.793825     11.522  38.738951    13.7672     5.4838     11.426    32.2250    24.0913 0.0000e+00
 275.793831     11.739  38.736920    13.7608     5.4769     11.641    32.2284    24.0953 0.0000e+00
 275.793837     11.955  38.733949    13.7539     5.4839     11.855    32.2314    24.0990 0.0000e+00
 275.793843     12.165  38.728310    13.7476     5.5072     12.063    32.2314    24.1002 0.0000e+00
 275.793848     12.366  38.719761    13.7441     5.5209     12.262    32.2263    24.0970 0.0000e+00
 275.793854     12.553  38.712585    13.7429     5.5386     12.448    32.2206    24.0929 0.0000e+00
 275.793860     12.717  38.710096    13.7404     5.5514     12.610    32.2203    24.0932 0.0000e+00
 275.793866     12.847  38.711768    13.7366     5.5724     12.739    32.2250    24.0976 -9.990e-29
 275.793872     12.939  38.715897    13.7347     5.5961     12.831    32.2304    24.1021 -9.990e-29
 275.793877     12.989  38.719577    13.7354     5.6145     12.880    32.2332    24.1042 -9.990e-29
 275.793883     12.996  38.721540    13.7381     5.6178     12.887    32.2327    24.1033 -9.990e-29
 275.793889     12.961  38.723277    13.7423     5.6387     12.852    32.2308    24.1009 -9.990e-29
 275.793895     12.882  38.725417    13.7475     5.6456     12.774    32.2285    24.0981 -9.990e-29
 275.793900     12.758  38.727444    13.7528     5.6571     12.651    32.2259    24.0950 -9.990e-29
 275.793906     12.599  38.729254    13.7561     5.6823     12.493    32.2249    24.0935 0.0000e+00
 275.793912     12.419  38.731013    13.7576     5.6230     12.315    32.2254    24.0936 0.0000e+00
 275.793918     12.229  38.732822    13.7589     5.6591     12.127    32.2260    24.0938 0.0000e+00
 275.793924     12.034  38.734848    13.7606     5.6683     11.933    32.2265    24.0939 0.0000e+00
 275.793929     11.838  38.736984    13.7626     5.6746     11.739    32.2269    24.0938 0.0000e+00
 275.793935     11.641  38.738709    13.7640     5.6912     11.544    32.2274    24.0938 0.0000e+00
 275.793941     11.441  38.739517    13.7646     5.6597     11.345    32.2277    24.0940 0.0000e+00
 275.793947     11.233  38.739358    13.7659     5.6828     11.139    32.2266    24.0928 0.0000e+00
 275.793953     11.012  38.739136    13.7683     5.6915     10.920    32.2244    24.0907 0.0000e+00
 275.793958     10.777  38.739670    13.7709     5.6975     10.687    32.2228    24.0889 0.0000e+00
 275.793964     10.538  38.740546    13.7733     5.7011     10.450    32.2217    24.0875 0.0000e+00
 275.793970     10.307  38.741248    13.7755     5.7006     10.221    32.2206    24.0862 0.0000e+00
 275.793976     10.076  38.741587    13.7771     5.7179      9.992    32.2197    24.0852 0.0000e+00
 275.793981      9.845  38.741448    13.7780     5.7239      9.763    32.2189    24.0844 0.0000e+00
 275.793987      9.620  38.741201    13.7787     5.7202      9.539    32.2182    24.0837 0.0000e+00
 275.793993      9.400  38.741072    13.7794     5.7046      9.321    32.2175    24.0830 0.0000e+00
 275.793999      9.178  38.740883    13.7799     5.6817      9.101    32.2170    24.0825 0.0000e+00
 275.794005      8.950  38.740377    13.7802     5.6763      8.875    32.2164    24.0820 0.0000e+00
 275.794010      8.713  38.739432    13.7801     5.6593      8.640    32.2157    24.0814 0.0000e+00
 275.794016      8.475  38.737906    13.7796     5.6476      8.404    32.2148    24.0808 0.0000e+00
 275.794022      8.246  38.735440    13.7787     5.6623      8.177    32.2134    24.0799 0.0000e+00
 275.794028      8.028  38.732665    13.7778     5.6567      7.961    32.2116    24.0788 0.0000e+00
 275.794034      7.816  38.730919    13.7773     5.6765      7.751    32.2105    24.0780 0.0000e+00
 275.794039      7.609  38.730111    13.7769     5.6944      7.545    32.2102    24.0778 0.0000e+00
 275.794045      7.404  38.729158    13.7763     5.7063      7.342    32.2099    24.0777 0.0000e+00
