data/oxygen options/ONMS/Olympic_Coast_National_Marine_Sanctuary_CTD_Data_2005_2023/raw_data/2023/CAST_MB015_230718faed.cnv
* Sea-Bird SBE 19 Data File:
* FileName = C:\Users\OCNMS.Inst\Documents\2023 Mooring Data\Casts\CAST_MB015_230718.hex
* Software Version SeatermAF 2.1.4.55
* Temperature SN = 2997
* Conductivity SN = 2997
* System UpLoad Time = Jul 18 2023 21:13:59 (localtime) = Jul 18 2023 21:13:59 (UTC)
** CAST_MB015_230718
* ds
# nquan = 9                                 
# nvalues = 954                         
# units = specified
# name 0 = timeJ: Julian Days
# name 1 = prSM: Pressure, Strain Gauge [db]
# name 2 = c0mS/cm: Conductivity [mS/cm]
# name 3 = t090C: Temperature [ITS-90, deg C]
# name 4 = sbeox0ML/L: Oxygen, SBE 43 [ml/l]
# name 5 = depSM: Depth [salt water, m], lat = 47.5
# name 6 = sal00: Salinity, Practical [PSU]
# name 7 = sigma-é00: Density [sigma-theta, kg/m^3]
# name 8 = flag: flag
# span 0 = 199.853970, 199.859485       
# span 1 =     -5.906,     12.662       
# span 2 =   0.396783,  41.041914       
# span 3 =     9.3312,    18.0744       
# span 4 =    -1.7434,    14.6261       
# span 5 =     -5.857,     12.556       
# span 6 =     0.2226,    33.9820       
# span 7 =    -1.2447,    25.7405       
# span 8 = 0.0000e+00, 0.0000e+00       
# interval = seconds: 0.5
# start_time = Jul 18 2023 20:29:43 [Instrument's time stamp, header]
# bad_flag = -9.990e-29
*END*
[from data line 481]
 199.856753      0.335  40.308394    14.4245    -1.5198      0.332    33.1182    24.6445 -9.990e-29
 199.856759      0.382  40.220891    14.4601    -1.5189      0.379    33.0076    24.5517 -9.990e-29
 199.856765      0.420  40.158722    14.4586    -1.5230      0.416    32.9520    24.5091 -9.990e-29
 199.856771      0.451  40.166232    14.4269    -1.5204      0.447    32.9859    24.5419 -9.990e-29
 199.856777      0.474  40.230138    14.3817    -1.5207      0.470    33.0830    24.6263 -9.990e-29
 199.856782      0.493  40.310208    14.3351    -1.5228      0.489    33.1965    24.7237 -9.990e-29
 199.856788      0.510  40.354788    14.2875    -1.5227      0.506    33.2784    24.7969 -9.990e-29
 199.856794      0.522  40.317871    14.2225    -1.5211      0.518    33.3005    24.8276 -9.990e-29
 199.856800      0.533  40.213742    14.1354    -1.5208      0.529    33.2796    24.8297 -9.990e-29
 199.856806      0.550  40.121626    14.0406    -1.5196      0.545    33.2764    24.8469 -9.990e-29
 199.856811      0.568  40.109856    13.9681    -1.5215      0.563    33.3283    24.9020 -9.990e-29
 199.856817      0.580  40.180136    13.9263    -1.5238      0.575    33.4298    24.9891 -9.990e-29
 199.856823      0.583  40.229462    13.8995    -1.5293      0.578    33.4990    25.0481 -9.990e-29
 199.856829      0.577  40.231708    13.8884    -1.5325      0.572    33.5108    25.0595 -9.990e-29
 199.856834      0.561  40.267252    13.9091    -1.5292      0.556    33.5257    25.0668 -9.990e-29
 199.856840      0.539  40.263578    13.9588    -1.5288      0.535    33.4790    25.0204 -9.990e-29
 199.856846      0.522  40.147449    13.9946    -1.5241      0.518    33.3402    24.9057 -9.990e-29
 199.856852      0.518  40.015164    13.9841    -1.5182      0.514    33.2267    24.8203 -9.990e-29
 199.856858      0.523  39.979601    13.9368    -1.5170      0.519    33.2347    24.8362 -9.990e-29
 199.856863      0.531  40.056165    13.8779    -1.5182      0.527    33.3568    24.9427 -9.990e-29
 199.856869      0.540  40.158104    13.8180    -1.5137      0.535    33.5038    25.0686 -9.990e-29
 199.856875      0.541  40.165229    13.7608    -1.5073      0.536    33.5605    25.1242 -9.990e-29
 199.856881      0.534  40.041673    13.7372    -1.5060      0.530    33.4660    25.0560 -9.990e-29
 199.856887      0.528  39.863723    13.7530    -1.5047      0.524    33.2864    24.9140 -9.990e-29
 199.856892      0.527  39.745545    13.7908    -1.5038      0.523    33.1436    24.7959 -9.990e-29
 199.856898      0.530  39.762184    13.8753    -1.5065      0.526    33.0861    24.7341 -9.990e-29
 199.856904      0.538  39.892156    13.9871    -1.5085      0.534    33.1102    24.7297 -9.990e-29
 199.856910      0.551  40.041472    14.0677    -1.5094      0.546    33.1789    24.7660 -9.990e-29
 199.856916      0.570  40.147549    14.1499    -1.5080      0.565    33.2060    24.7698 -9.990e-29
 199.856921      0.596  40.206732    14.2839    -1.5047      0.591    33.1453    24.6949 -9.990e-29
 199.856927      0.626  40.220075    14.4255    -1.5011      0.621    33.0363    24.5811 -9.990e-29
 199.856933      0.655  40.234562    14.5139    -1.5005      0.650    32.9742    24.5145 -9.990e-29
 199.856939      0.679  40.285272    14.5443    -1.5021      0.673    32.9947    24.5239 -9.990e-29
 199.856944      0.699  40.348533    14.5396    -1.5010      0.693    33.0565    24.5725 -9.990e-29
 199.856950      0.714  40.418513    14.5193    -1.5001      0.708    33.1378    24.6396 -9.990e-29
 199.856956      0.720  40.445635    14.5035    -1.4989      0.714    33.1761    24.6725 -9.990e-29
 199.856962      0.720  40.385949    14.5174    -1.4981      0.714    33.1097    24.6182 -9.990e-29
 199.856968      0.721  40.294425    14.5722    -1.4984      0.715    32.9793    24.5061 -9.990e-29
 199.856973      0.721  40.227862    14.6472    -1.4991      0.715    32.8550    24.3943 -9.990e-29
 199.856979      0.720  40.212451    14.7083    -1.4999      0.714    32.7894    24.3307 -9.990e-29
 199.856985      0.719  40.266928    14.7410    -1.4994      0.713    32.8113    24.3407 -9.990e-29
 199.856991      0.718  40.353013    14.7614    -1.4993      0.712    32.8723    24.3833 -9.990e-29
 199.856997      0.715  40.391613    14.7868    -1.4988      0.709    32.8859    24.3884 -9.990e-29
 199.857002      0.712  40.374269    14.8127    -1.4955      0.706    32.8483    24.3539 -9.990e-29
 199.857008      0.709  40.364774    14.8360    -1.4953      0.703    32.8201    24.3271 -9.990e-29
 199.857014      0.704  40.392548    14.8561    -1.4959      0.698    32.8283    24.3292 -9.990e-29
 199.857020      0.697  40.427412    14.8667    -1.4951      0.691    32.8510    24.3444 -9.990e-29
 199.857025      0.693  40.432944    14.8648    -1.4944      0.687    32.8576    24.3499 -9.990e-29
 199.857031      0.700  40.404796    14.8586    -1.4965      0.694    32.8373    24.3356 -9.990e-29
 199.857037      0.718  40.371059    14.8596    -1.5018      0.712    32.8059    24.3111 -9.990e-29
 199.857043      0.740  40.357410    14.8708    -1.5050      0.734    32.7841    24.2919 -9.990e-29
 199.857049      0.762  40.364184    14.8997    -1.5064      0.756    32.7659    24.2717 -9.990e-29
 199.857054      0.783  40.386441    14.9388    -1.5048      0.776    32.7532    24.2535 -9.990e-29
 199.857060      0.794  40.426435    14.9550    -1.5001      0.787    32.7758    24.2674 -9.990e-29
 199.857066      0.792  40.475883    14.9474    -1.4985      0.785    32.8269    24.3084 -9.990e-29
 199.857072      0.777  40.525102    14.9390    -1.4926      0.771    32.8785    24.3500 -9.990e-29
 199.857078      0.753  40.571941    14.9249    -1.4925      0.747    32.9328    24.3949 -9.990e-29
 199.857083      0.731  40.599299    14.8807    -1.4907      0.725    32.9950    24.4523 -9.990e-29
 199.857089      0.721  40.566906    14.7977    -1.4891      0.715    33.0360    24.5017 -9.990e-29
 199.857095      0.724  40.451792    14.7008    -1.4932      0.718    33.0135    24.5051 -9.990e-29
 199.857101      0.732  40.321900    14.6342    -1.5033      0.726    32.9517    24.4716 -9.990e-29
 199.857106      0.735  40.284863    14.6540    -1.5079      0.729    32.9012    24.4285 -9.990e-29
 199.857112      0.730  40.359693    14.7633    -1.5073      0.724    32.8768    24.3864 -9.990e-29
 199.857118      0.721  40.443852    14.8928    -1.5077      0.715    32.8439    24.3333 -9.990e-29
 199.857124      0.712  40.458474    14.9870    -1.5139      0.706    32.7779    24.2622 -9.990e-29
 199.857130      0.706  40.479736    15.0255    11.5876      0.700    32.7648    24.2438 -9.990e-29
 199.857135      0.707  40.574170    15.0205    14.6261      0.701    32.8543    24.3138 -9.990e-29
 199.857141      0.712  40.705771    14.9568    14.6189      0.706    33.0271    24.4606 -9.990e-29
 199.857147      0.715  40.829774    14.7763    12.1293      0.709    33.2932    24.7046 -9.990e-29
 199.857153      0.718  40.914820    14.5177     7.0042      0.712    33.5937    24.9915 -9.990e-29
 199.857159      0.720  40.968963    14.3188     7.1194      0.714    33.8167    25.2058 -9.990e-29
 199.857164      0.721  41.017313    14.2361     7.3716      0.715    33.9339    25.3138 -9.990e-29
 199.857170      0.723  41.041914    14.2073     7.4437      0.717    33.9820    25.3570 -9.990e-29
 199.857176      0.724  40.997093    14.1943     7.4483      0.718    33.9520    25.3366 -9.990e-29
 199.857182      0.725  40.846665    14.2600     7.4129      0.719    33.7554    25.1709 -9.990e-29
 199.857188      0.725  40.632246    14.4175     7.4002      0.719    33.4212    24.8797 -9.990e-29
 199.857193      0.726  40.459208    14.5613     7.3737      0.720    33.1391    24.6317 -9.990e-29
 199.857199      0.726  40.361999    14.6521     7.3770      0.720    32.9731    24.4843 -9.990e-29
 199.857205      0.726  40.304128    14.7183     7.3644      0.720    32.8643    24.3864 -9.990e-29
 199.857211      0.727  40.260067    14.7571     7.3439      0.721    32.7915    24.3220 -9.990e-29
 199.857216      0.727  40.224927    14.7715     7.3303      0.721    32.7475    24.2849 -9.990e-29
 199.857222      0.727  40.205148    14.7804     7.3171      0.721    32.7220    24.2634 -9.990e-29
 199.857228      0.728  40.197947    14.7936     7.3184      0.722    32.7044    24.2470 -9.990e-29
 199.857234      0.728  40.193760    14.8152     7.3190      0.722    32.6825    24.2255 -9.990e-29
 199.857240      0.728  40.197695    14.8395     7.3117      0.722    32.6656    24.2074 -9.990e-29
 199.857245      0.729  40.211678    14.8496     7.2562      0.723    32.6698    24.2084 -9.990e-29
 199.857251      0.729  40.220214    14.8397     7.2751      0.723    32.6859    24.2229 -9.990e-29
 199.857257      0.730  40.211752    14.8166     7.3080      0.724    32.6976    24.2369 -9.990e-29
 199.857263      0.735  40.196348    14.7885     7.3365      0.729    32.7072    24.2503 -9.990e-29
 199.857269      0.749  40.187688    14.7636     7.3529      0.743    32.7203    24.2657 -9.990e-29
 199.857274      0.769  40.184910    14.7457     7.2836      0.763    32.7328    24.2792 -9.990e-29
 199.857280      0.788  40.188270    14.7343     7.3102      0.781    32.7455    24.2913 -9.990e-29
 199.857286      0.797  40.198360    14.7288     7.3043      0.790    32.7593    24.3031 -9.990e-29
 199.857292      0.794  40.202888    14.7314     7.3103      0.787    32.7612    24.3041 -9.990e-29
 199.857297      0.782  40.207369    14.7496     7.2856      0.775    32.7499    24.2915 -9.990e-29
 199.857303      0.770  40.241358    14.7769     7.2586      0.764    32.7578    24.2918 -9.990e-29
 199.857309      0.760  40.282960    14.8000     7.2578      0.754    32.7761    24.3010 -9.990e-29
 199.857315      0.752  40.284004    14.8236     7.2548      0.746    32.7572    24.2813 -9.990e-29
 199.857321      0.746  40.271712    14.8488     7.2597      0.740    32.7249    24.2510 -9.990e-29
 199.857326      0.741  40.271772    14.8659     7.2921      0.735    32.7106    24.2363 -9.990e-29
 199.857332      0.737  40.257968    14.8713     7.2792      0.731    32.6936    24.2221 -9.990e-29
 199.857338      0.734  40.206338    14.8667     7.2606      0.728    32.6507    24.1900 -9.990e-29
 199.857344      0.726  40.125427    14.8539     7.2771      0.720    32.5881    24.1445 -9.990e-29
 199.857350      0.711  40.065437    14.8287     7.2881      0.705    32.5548    24.1243 -9.990e-29
 199.857355      0.689  40.040012    14.7642     7.2615      0.683    32.5858    24.1619 -9.990e-29
 199.857361      0.670  40.004085    14.6540     7.2220      0.664    32.6455    24.2314 -9.990e-29
 199.857367      0.660  39.964713    14.5550     7.2467      0.654    32.6930    24.2889 -9.990e-29
 199.857373      0.659  39.947889    14.5018     7.2849      0.653    32.7225    24.3229 -9.990e-29
 199.857378      0.658  39.903175    14.4454     7.2682      0.653    32.7293    24.3401 -9.990e-29
 199.857384      0.656  39.804034    14.3620     7.2509      0.651    32.7090    24.3420 -9.990e-29
 199.857390      0.663  39.743033    14.2805     7.2104      0.657    32.7221    24.3691 -9.990e-29
 199.857396      0.679  39.735816    14.1770     7.2301      0.673    32.8033    24.4533 -9.990e-29
 199.857402      0.696  39.648937    14.0604     7.2584      0.690    32.8225    24.4924 -9.990e-29
 199.857407      0.711  39.535823    13.9940     7.2782      0.705    32.7747    24.4691 -9.990e-29
 199.857413      0.725  39.519704    13.9615     7.3112      0.719    32.7875    24.4857 -9.990e-29
 199.857419      0.739  39.509055    13.9021     7.3251      0.733    32.8283    24.5295 -9.990e-29
 199.857425      0.753  39.424145    13.8308     7.3472      0.747    32.8106    24.5304 -9.990e-29
 199.857431      0.765  39.339524    13.8111     7.3058      0.759    32.7489    24.4868 -9.990e-29
 199.857436      0.771  39.322825    13.8358     7.3410      0.765    32.7123    24.4535 -9.990e-29
 199.857442      0.776  39.345078    13.8488     7.3554      0.770    32.7219    24.4582 -9.990e-29
 199.857448      0.783  39.375475    13.8341     7.3583      0.776    32.7626    24.4927 -9.990e-29
 199.857454      0.794  39.410328    13.8167     7.3605      0.787    32.8098    24.5327 -9.990e-29
 199.857459      0.809  39.432274    13.8090     7.2955      0.802    32.8368    24.5551 -9.990e-29
 199.857465      0.826  39.439228    13.8087     7.3241      0.819    32.8435    24.5603 -9.990e-29
 199.857471      0.835  39.446654    13.8247     7.3618      0.828    32.8367    24.5518 -9.990e-29
 199.857477      0.835  39.458302    13.8669     7.3862      0.828    32.8114    24.5236 -9.990e-29
 199.857483      0.828  39.474004    13.9147     7.3850      0.821    32.7851    24.4935 -9.990e-29
 199.857488      0.824  39.492255    13.9332     7.3611      0.817    32.7862    24.4905 -9.990e-29
 199.857494      0.826  39.500943    13.9250     7.3298      0.819    32.8012    24.5038 -9.990e-29
 199.857500      0.834  39.499304    13.9163     7.2964      0.827    32.8071    24.5102 -9.990e-29
 199.857506      0.845  39.510337    13.9249     7.2624      0.838    32.8100    24.5106 -9.990e-29
 199.857512      0.855  39.550394    13.9608     7.1979      0.848    32.8164    24.5082 -9.990e-29
 199.857517      0.864  39.608965    14.0107     7.1507      0.857    32.8279    24.5068 -9.990e-29
 199.857523      0.869  39.654277    14.0464     7.1322      0.862    32.8393    24.5082 -9.990e-29
 199.857529      0.866  39.667147    14.0619     7.1111      0.859    32.8380    24.5040 -9.990e-29
 199.857535      0.859  39.653503    14.0612     7.1226      0.852    32.8260    24.4949 -9.990e-29
 199.857541      0.856  39.627069    14.0375     7.1504      0.849    32.8218    24.4965 -9.990e-29
 199.857546      0.862  39.590674    13.9948     7.1694      0.855    32.8246    24.5075 -9.990e-29
 199.857552      0.871  39.548996    13.9544     7.1805      0.864    32.8206    24.5127 -9.990e-29
 199.857558      0.877  39.522634    13.9321     7.1775      0.870    32.8152    24.5132 -9.990e-29
 199.857564      0.876  39.517303    13.9284     7.1749      0.869    32.8134    24.5126 -9.990e-29
 199.857569      0.871  39.526412    13.9379     7.1850      0.864    32.8138    24.5109 -9.990e-29
 199.857575      0.867  39.542456    13.9555     7.2065      0.860    32.8136    24.5071 -9.990e-29
 199.857581      0.863  39.559895    13.9813     7.2113      0.856    32.8077    24.4972 -9.990e-29
 199.857587      0.863  39.584017    14.0126     7.2025      0.856    32.8033    24.4874 -9.990e-29
 199.857593      0.868  39.607168    14.0371     7.1926      0.861    32.8038    24.4827 -9.990e-29
 199.857598      0.869  39.610873    14.0477     7.1968      0.862    32.7982    24.4762 -9.990e-29
 199.857604      0.862  39.602286    14.0484     7.1994      0.855    32.7896    24.4695 -9.990e-29
 199.857610      0.850  39.600187    14.0440     7.2151      0.843    32.7914    24.4718 -9.990e-29
 199.857616      0.842  39.603988    14.0360     7.1909      0.835    32.8018    24.4814 -9.990e-29
 199.857622      0.841  39.601352    14.0221     7.1960      0.834    32.8112    24.4915 -9.990e-29
 199.857627      0.848  39.585928    13.9987     7.2178      0.841    32.8169    24.5008 -9.990e-29
 199.857633      0.858  39.562892    13.9726     7.2296      0.851    32.8179    24.5069 -9.990e-29
 199.857639      0.863  39.546325    13.9605     7.2336      0.856    32.8129    24.5056 -9.990e-29
 199.857645      0.860  39.544916    13.9618     7.1737      0.853    32.8105    24.5034 -9.990e-29
 199.857650      0.853  39.547781    13.9584     7.1963      0.846    32.8160    24.5084 -9.990e-29
 199.857656      0.849  39.539650    13.9438     7.1966      0.842    32.8210    24.5152 -9.990e-29
 199.857662      0.849  39.524221    13.9283     7.2141      0.842    32.8199    24.5176 -9.990e-29
 199.857668      0.844  39.518995    13.9222     7.2394      0.837    32.8203    24.5192 -9.990e-29
