data/oxygen options/ONMS/Olympic_Coast_National_Marine_Sanctuary_CTD_Data_2005_2023/raw_data/2023/CAST_KL027_230616faed.cnv
* Sea-Bird SBE 19 Data File:
* FileName = C:\Users\OCNMS.Inst\Documents\2023 Mooring Data\Casts\CAST_KL027_230616.hex
* Software Version SeatermAF 2.1.4.55
* Temperature SN = 2997
* Conductivity SN = 2997
* System UpLoad Time = Jun 16 2023 20:48:33 (localtime) = Jun 16 2023 20:48:33 (UTC)
** CAST_KL027_230616
* ds
# nquan = 9                                 
# nvalues = 2724                        
# units = specified
# name 0 = timeJ: Julian Days
# name 1 = prSM: Pressure, Strain Gauge [db]
# name 2 = c0mS/cm: Conductivity [mS/cm]
# name 3 = t090C: Temperature [ITS-90, deg C]
# name 4 = sbeox0ML/L: Oxygen, SBE 43 [ml/l]
# name 5 = depSM: Depth [salt water, m], lat = 47.5
# name 6 = sal00: Salinity, Practical [PSU]
# name 7 = sigma-é00: Density [sigma-theta, kg/m^3]
# name 8 = flag: flag
# span 0 = 167.846400, 167.862159       
# span 1 =     -5.373,     27.448       
# span 2 =   0.285928,  38.399576       
# span 3 =     8.0870,    15.1406       
# span 4 =    -1.8532,    18.9212       
# span 5 =     -5.328,     27.217       
# span 6 =     0.1725,    33.6430       
# span 7 =    -0.7470,    26.1526       
# span 8 = 0.0000e+00, 0.0000e+00       
# interval = seconds: 0.5
# start_time = Jun 16 2023 20:18:49 [Instrument's time stamp, header]
# bad_flag = -9.990e-29
*END*
[from data line 321]
 167.848258     -1.180   0.356013    14.4596    -1.8457     -1.170     0.2161    -0.6512 -9.990e-29
 167.848264     -1.177   0.356182    14.4606    -1.8456     -1.167     0.2162    -0.6513 -9.990e-29
 167.848270     -1.175   0.356689    14.4622    -1.8455     -1.165     0.2165    -0.6513 -9.990e-29
 167.848275     -1.175   0.357655    14.4652    -1.8454     -1.165     0.2171    -0.6513 -9.990e-29
 167.848281     -1.175   0.358704    14.4689    -1.8453     -1.165     0.2178    -0.6513 -9.990e-29
 167.848287     -1.176   0.359571    14.4725    -1.8451     -1.166     0.2183    -0.6515 -9.990e-29
 167.848293     -1.179   0.360303    14.4758    -1.8449     -1.169     0.2187    -0.6516 -9.990e-29
 167.848299     -1.182   0.360769    14.4788    -1.8448     -1.172     0.2190    -0.6518 -9.990e-29
 167.848304     -1.183   0.361033    14.4813    -1.8445     -1.173     0.2191    -0.6521 -9.990e-29
 167.848310     -1.177   0.361448    14.4834    -1.8444     -1.167     0.2194    -0.6522 -9.990e-29
 167.848316     -1.167   0.362014    14.4856    -1.8443     -1.157     0.2197    -0.6522 -9.990e-29
 167.848322     -1.159   0.362377    14.4880    -1.8442     -1.149     0.2199    -0.6524 -9.990e-29
 167.848328     -1.150   0.362465    14.4910    -1.8441     -1.140     0.2200    -0.6528 -9.990e-29
 167.848333     -1.141   0.362397    14.4948    -1.8443     -1.131     0.2199    -0.6534 -9.990e-29
 167.848339     -1.134   0.362082    14.4988    -1.8437     -1.125     0.2197    -0.6542 -9.990e-29
 167.848345     -1.135   0.361654    14.5029    -1.8431     -1.126     0.2194    -0.6550 -9.990e-29
 167.848351     -1.139   0.361654    14.5070    -1.8431     -1.129     0.2194    -0.6556 -9.990e-29
 167.848356     -1.141   0.362082    14.5111    -1.8430     -1.131     0.2196    -0.6560 -9.990e-29
 167.848362     -1.142   0.362397    14.5149    -1.8429     -1.132     0.2198    -0.6564 -9.990e-29
 167.848368     -1.142   0.362467    14.5183    -1.8430     -1.132     0.2198    -0.6569 -9.990e-29
 167.848374     -1.141   0.362385    14.5212    -1.8429     -1.131     0.2198    -0.6574 -9.990e-29
 167.848380     -1.139   0.362041    14.5234    -1.8429     -1.129     0.2195    -0.6579 -9.990e-29
 167.848385     -1.136   0.361531    14.5269    -1.8428     -1.127     0.2192    -0.6586 -9.990e-29
 167.848391     -1.131   0.361286    14.5343    -1.8426     -1.122     0.2190    -0.6599 -9.990e-29
 167.848397     -1.125   0.361533    14.5427    -1.8424     -1.116     0.2191    -0.6610 -9.990e-29
 167.848403     -1.116   0.362046    14.5479    -1.8424     -1.107     0.2194    -0.6616 -9.990e-29
 167.848409     -1.108   0.362402    14.5508    -1.8422     -1.099     0.2196    -0.6618 -9.990e-29
 167.848414     -1.106   0.362520    14.5525    -1.8421     -1.097     0.2197    -0.6620 -9.990e-29
 167.848420     -1.105   0.362560    14.5532    -1.8421     -1.096     0.2197    -0.6621 -9.990e-29
 167.848426     -1.105   0.362574    14.5540    -1.8422     -1.096     0.2197    -0.6622 -9.990e-29
 167.848432     -1.110   0.362578    14.5554    -1.8419     -1.101     0.2197    -0.6624 -9.990e-29
 167.848437     -1.116   0.362581    14.5579    -1.8417     -1.107     0.2197    -0.6628 -9.990e-29
 167.848443     -1.120   0.362586    14.5616    -1.8415     -1.111     0.2197    -0.6633 -9.990e-29
 167.848449     -1.120   0.362600    14.5653    -1.8414     -1.111     0.2197    -0.6639 -9.990e-29
 167.848455     -1.119   0.362643    14.5683    -1.8413     -1.110     0.2197    -0.6643 -9.990e-29
 167.848461     -1.115   0.362771    14.5711    -1.8412     -1.106     0.2197    -0.6647 -9.990e-29
 167.848466     -1.108   0.363154    14.5733    -1.8411     -1.099     0.2200    -0.6648 -9.990e-29
 167.848472     -1.102   0.363750    14.5742    -1.8410     -1.093     0.2203    -0.6647 -9.990e-29
 167.848478     -1.101   0.364244    14.5756    -1.8405     -1.092     0.2206    -0.6647 -9.990e-29
 167.848484     -1.101   0.364741    14.5790    -1.8400     -1.092     0.2209    -0.6649 -9.990e-29
 167.848490     -1.098   0.365350    14.5837    -1.8397     -1.089     0.2213    -0.6653 -9.990e-29
 167.848495     -1.094   0.365773    14.5880    -1.8396     -1.085     0.2215    -0.6658 -9.990e-29
 167.848501     -1.095   0.366020    14.5912    -1.8396     -1.086     0.2216    -0.6662 -9.990e-29
 167.848507     -1.096   0.366420    14.5939    -1.8397     -1.087     0.2219    -0.6664 -9.990e-29
 167.848513     -1.093   0.367137    14.5967    -1.8398     -1.084     0.2223    -0.6664 -9.990e-29
 167.848519     -1.086   0.368019    14.6005    -1.8407     -1.077     0.2228    -0.6666 -9.990e-29
 167.848524     -1.074   0.368762    14.6065    -1.8416     -1.065     0.2233    -0.6671 -9.990e-29
 167.848530     -1.061   0.369247    14.6152    -1.8421     -1.052     0.2235    -0.6682 -9.990e-29
 167.848536     -1.055   0.369752    14.6241    -1.8424     -1.046     0.2238    -0.6693 -9.990e-29
 167.848542     -1.055   0.370394    14.6306    -1.8426     -1.046     0.2241    -0.6700 -9.990e-29
 167.848547     -1.053   0.370921    14.6339    -1.8425     -1.044     0.2244    -0.6702 -9.990e-29
 167.848553     -1.044   0.371479    14.6339    -1.8424     -1.035     0.2248    -0.6700 -9.990e-29
 167.848559     -1.028   0.372256    14.6307    -1.8421     -1.019     0.2253    -0.6691 -9.990e-29
 167.848565     -1.007   0.373181    14.6225    -1.8419     -0.999     0.2259    -0.6674 -9.990e-29
 167.848571     -0.990   0.374376    14.6080    -1.8417     -0.982     0.2267    -0.6647 -9.990e-29
 167.848576     -0.979   0.375769    14.5911    -1.8415     -0.971     0.2277    -0.6614 -9.990e-29
 167.848582     -0.974   0.377001    14.5772    -1.8413     -0.966     0.2285    -0.6588 -9.990e-29
 167.848588     -0.974   0.378049    14.5681    -1.8415     -0.966     0.2292    -0.6569 -9.990e-29
 167.848594     -0.980   0.379200    14.5638    -1.8415     -0.972     0.2300    -0.6557 -9.990e-29
 167.848600     -0.987   0.380327    14.5634    -1.8416     -0.979     0.2307    -0.6551 -9.990e-29
 167.848605     -0.991   0.381267    14.5661    -1.8417     -0.983     0.2312    -0.6550 -9.990e-29
 167.848611     -0.994   0.382164    14.5706    -1.8419     -0.986     0.2318    -0.6553 -9.990e-29
 167.848617     -0.994   0.383104    14.5756    -1.8417     -0.986     0.2323    -0.6556 -9.990e-29
 167.848623     -0.993   0.384231    14.5806    -1.8417     -0.985     0.2330    -0.6558 -9.990e-29
 167.848628     -0.989   0.385383    14.5847    -1.8417     -0.981     0.2337    -0.6559 -9.990e-29
 167.848634     -0.988   0.386432    14.5863    -1.8417     -0.980     0.2343    -0.6556 -9.990e-29
 167.848640     -0.993   0.387668    14.5854    -1.8417     -0.985     0.2351    -0.6549 -9.990e-29
 167.848646     -1.000   0.389076    14.5837    -1.8415     -0.992     0.2360    -0.6539 -9.990e-29
 167.848652     -1.001   0.390312    14.5819    -1.8415     -0.993     0.2368    -0.6531 -9.990e-29
 167.848657     -0.996   0.391361    14.5795    -1.8414     -0.988     0.2374    -0.6522 -9.990e-29
 167.848663     -0.990   0.392512    14.5780    -1.8411     -0.982     0.2382    -0.6514 -9.990e-29
 167.848669     -0.982   0.393635    14.5781    -1.8409     -0.974     0.2389    -0.6509 -9.990e-29
 167.848675     -0.971   0.394564    14.5787    -1.8406     -0.963     0.2394    -0.6505 -9.990e-29
 167.848681     -0.956   0.395428    14.5791    -1.8403     -0.948     0.2400    -0.6502 -9.990e-29
 167.848686     -0.941   0.396271    14.5798    -1.8400     -0.933     0.2405    -0.6499 -9.990e-29
 167.848692     -0.930   0.397107    14.5813    -1.8398     -0.922     0.2410    -0.6497 -9.990e-29
 167.848698     -0.921   0.397940    14.5836    -1.8395     -0.913     0.2415    -0.6496 -9.990e-29
 167.848704     -0.914   0.398772    14.5863    -1.8392     -0.906     0.2420    -0.6496 -9.990e-29
 167.848709     -0.909   0.399601    14.5898    -1.8390     -0.901     0.2425    -0.6498 -9.990e-29
 167.848715     -0.905   0.400422    14.5947    -1.8387     -0.897     0.2430    -0.6501 -9.990e-29
 167.848721     -0.901   0.401222    14.6007    -1.8384     -0.893     0.2434    -0.6506 -9.990e-29
 167.848727     -0.899   0.401958    14.6074    -1.8384     -0.891     0.2439    -0.6513 -9.990e-29
 167.848733     -0.897   0.402502    14.6142    -1.8380     -0.890     0.2442    -0.6521 -9.990e-29
 167.848738     -0.895   0.403025    14.6207    -1.8376     -0.888     0.2444    -0.6528 -9.990e-29
 167.848744     -0.894   0.403669    14.6273    -1.8370     -0.887     0.2448    -0.6535 -9.990e-29
 167.848750     -0.893   0.404183    14.6344    -1.8367     -0.886     0.2451    -0.6543 -9.990e-29
 167.848756     -0.892   0.404695    14.6413    -1.8366     -0.885     0.2454    -0.6551 -9.990e-29
 167.848762     -0.892   0.405335    14.6478    -1.8366     -0.885     0.2457    -0.6558 -9.990e-29
 167.848767     -0.891   0.405844    14.6545    -1.8366     -0.884     0.2460    -0.6566 -9.990e-29
 167.848773     -0.891   0.406347    14.6605    -1.8367     -0.884     0.2463    -0.6572 -9.990e-29
 167.848779     -0.890   0.406960    14.6664    -1.8366     -0.883     0.2466    -0.6578 -9.990e-29
 167.848785     -0.890   0.407390    14.6743    -1.8365     -0.883     0.2468    -0.6588 -9.990e-29
 167.848791     -0.890   0.407656    14.6843    -1.8358     -0.883     0.2469    -0.6602 -9.990e-29
 167.848796     -0.889   0.408111    14.6941    -1.8352     -0.882     0.2472    -0.6615 -9.990e-29
 167.848802     -0.889   0.408808    14.7013    -1.8349     -0.882     0.2476    -0.6623 -9.990e-29
 167.848808     -0.888   0.409567    14.7054    -1.8348     -0.881     0.2480    -0.6625 -9.990e-29
 167.848814     -0.887   0.410289    14.7073    -1.8353     -0.880     0.2484    -0.6625 -9.990e-29
 167.848819     -0.887   0.410829    14.7078    -1.8358     -0.880     0.2488    -0.6623 -9.990e-29
 167.848825     -0.886   0.411350    14.7083    -1.8360     -0.879     0.2491    -0.6621 -9.990e-29
 167.848831     -0.885   0.411992    14.7107    -1.8362     -0.878     0.2495    -0.6622 -9.990e-29
 167.848837     -0.883   0.412502    14.7169    -1.8365     -0.876     0.2498    -0.6629 -9.990e-29
 167.848843     -0.881   0.413005    14.7275    -1.8371     -0.874     0.2500    -0.6642 -9.990e-29
 167.848848     -0.878   0.413617    14.7385    -1.8376     -0.871     0.2503    -0.6656 -9.990e-29
 167.848854     -0.875   0.414042    14.7450    -1.8380     -0.868     0.2505    -0.6664 -9.990e-29
 167.848860     -0.875   0.414294    14.7448    -1.8382     -0.868     0.2507    -0.6663 -9.990e-29
 167.848866     -0.878   0.414709    14.7385    -1.8383     -0.871     0.2510    -0.6651 -9.990e-29
 167.848872     -0.876   0.415283    14.7299    -1.8385     -0.869     0.2514    -0.6635 -9.990e-29
 167.848877     -0.870   0.415673    14.7221    -1.8384     -0.863     0.2517    -0.6621 -9.990e-29
 167.848883     -0.861   0.415845    14.7147    -1.8385     -0.854     0.2519    -0.6609 -9.990e-29
 167.848889     -0.851   0.416026    14.7057    -1.8388     -0.844     0.2520    -0.6594 -9.990e-29
 167.848895     -0.843   0.416457    14.6945    -1.8391     -0.836     0.2524    -0.6575 -9.990e-29
 167.848900     -0.841   0.417158    14.6835    -1.8392     -0.834     0.2529    -0.6555 -9.990e-29
 167.848906     -0.840   0.417956    14.6746    -1.8392     -0.833     0.2534    -0.6538 -9.990e-29
 167.848912     -0.839   0.418804    14.6680    -1.8395     -0.832     0.2540    -0.6524 -9.990e-29
 167.848918     -0.844   0.419723    14.6631    -1.8396     -0.837     0.2546    -0.6512 -9.990e-29
 167.848924     -0.851   0.420827    14.6594    -1.8399     -0.844     0.2553    -0.6501 -9.990e-29
 167.848929     -0.855   0.421925    14.6568    -1.8409     -0.848     0.2560    -0.6491 -9.990e-29
 167.848935     -0.856   0.422817    14.6538    -1.8418     -0.849     0.2566    -0.6483 -9.990e-29
 167.848941     -0.856   0.423582    14.6492    -1.8429     -0.849     0.2571    -0.6472 -9.990e-29
 167.848947     -0.853   0.424132    14.6441    -1.8440     -0.846     0.2574    -0.6462 -9.990e-29
 167.848953     -0.849   0.424644    14.6401    -1.8445     -0.842     0.2578    -0.6453 -9.990e-29
 167.848958     -0.845   0.425247    14.6362    -1.8447     -0.838     0.2582    -0.6444 -9.990e-29
 167.848964     -0.848   0.425635    14.6309    -1.8448     -0.841     0.2585    -0.6434 -9.990e-29
 167.848970     -0.851   0.425769    14.6235    -1.8446     -0.844     0.2586    -0.6422 -9.990e-29
 167.848976     -0.853   0.425828    14.6113    -1.8445     -0.846     0.2587    -0.6403 -9.990e-29
 167.848981     -0.852   0.425890    14.5925    -1.8444     -0.845     0.2589    -0.6375 -9.990e-29
 167.848987     -0.849   0.426037    14.5695    -1.8443     -0.842     0.2591    -0.6339 -9.990e-29
 167.848993     -0.843   0.426465    14.5455    -1.8441     -0.836     0.2595    -0.6301 -9.990e-29
 167.848999     -0.834   0.427190    14.5243    -1.8441     -0.827     0.2601    -0.6265 -9.990e-29
 167.849005     -0.826   0.428069    14.5096    -1.8440     -0.819     0.2607    -0.6239 -9.990e-29
 167.849010     -0.822   0.429163    14.5021    -1.8439     -0.815     0.2615    -0.6222 -9.990e-29
 167.849016     -0.818   0.430265    14.4998    -1.8440     -0.811     0.2622    -0.6213 -9.990e-29
 167.849022     -0.814   0.431183    14.5006    -1.8439     -0.807     0.2628    -0.6210 -9.990e-29
 167.849028     -0.814   0.432030    14.5027    -1.8438     -0.807     0.2633    -0.6209 -9.990e-29
 167.849034     -0.817   0.432826    14.5050    -1.8441     -0.810     0.2638    -0.6209 -9.990e-29
 167.849039     -0.824   0.433523    14.5074    -1.8447     -0.817     0.2642    -0.6209 -9.990e-29
 167.849045     -0.831   0.433940    14.5099    -1.8450     -0.824     0.2644    -0.6211 -9.990e-29
 167.849051     -0.835   0.434080    14.5122    -1.8452     -0.828     0.2645    -0.6214 -9.990e-29
 167.849057     -0.835   0.434127    14.5142    -1.8453     -0.828     0.2645    -0.6216 -9.990e-29
 167.849063     -0.836   0.434143    14.5153    -1.8456     -0.829     0.2645    -0.6218 -9.990e-29
 167.849068     -0.841   0.434151    14.5154    -1.8458     -0.834     0.2645    -0.6218 -9.990e-29
 167.849074     -0.848   0.434158    14.5155    -1.8459     -0.841     0.2645    -0.6218 -9.990e-29
 167.849080     -0.853   0.434174    14.5139    -1.8458     -0.846     0.2645    -0.6216 -9.990e-29
 167.849086     -0.855   0.434220    14.5078    -1.8457     -0.848     0.2646    -0.6206 -9.990e-29
 167.849091     -0.855   0.434357    14.4987    -1.8456     -0.848     0.2648    -0.6192 -9.990e-29
 167.849097     -0.852   0.434769    14.4905    -1.8457     -0.845     0.2651    -0.6178 -9.990e-29
 167.849103     -0.847   0.435447    14.4845    -1.8459     -0.840     0.2655    -0.6165 -9.990e-29
 167.849109     -0.840   0.436186    14.4797    -1.8457     -0.833     0.2660    -0.6154 -9.990e-29
 167.849115     -0.829   0.436862    14.4752    -1.8457     -0.822     0.2665    -0.6144 -9.990e-29
 167.849120     -0.818   0.437269    14.4715    -1.8462     -0.811     0.2668    -0.6137 -9.990e-29
 167.849126     -0.812   0.437393    14.4697    -1.8464     -0.805     0.2668    -0.6134 -9.990e-29
 167.849132     -0.809   0.437398    14.4696    -1.8465     -0.802     0.2668    -0.6133 -9.990e-29
 167.849138     -0.810   0.437291    14.4705    -1.8462     -0.803     0.2668    -0.6135 -9.990e-29
 167.849144     -0.809   0.436928    14.4713    -1.8463     -0.802     0.2665    -0.6138 -9.990e-29
 167.849149     -0.804   0.436380    14.4711    -1.8463     -0.797     0.2662    -0.6141 -9.990e-29
 167.849155     -0.797   0.436025    14.4700    -1.8464     -0.790     0.2660    -0.6141 -9.990e-29
 167.849161     -0.797   0.435945    14.4688    -1.8463     -0.790     0.2659    -0.6139 -9.990e-29
 167.849167     -0.805   0.436030    14.4659    -1.8464     -0.798     0.2660    -0.6135 -9.990e-29
 167.849172     -0.811   0.436395    14.4608    -1.8465     -0.804     0.2663    -0.6125 -9.990e-29
