data/oxygen options/ONMS/Olympic_Coast_National_Marine_Sanctuary_CTD_Data_2005_2023/raw_data/2023/CAST_TH015_230831faed.cnv
* Sea-Bird SBE 19 Data File:
* FileName = C:\Users\OCNMS.Inst\Documents\2023 Mooring Data\Casts\CAST_TH015_230831.hex
* Software Version SeatermAF 2.1.4.55
* Temperature SN = 2997
* Conductivity SN = 2997
* System UpLoad Time = Aug 31 2023 23:15:58 (localtime) = Aug 31 2023 23:15:58 (UTC)
** CAST_TH015_230831
* ds
# nquan = 9                                 
# nvalues = 948                         
# units = specified
# name 0 = timeJ: Julian Days
# name 1 = prSM: Pressure, Strain Gauge [db]
# name 2 = c0mS/cm: Conductivity [mS/cm]
# name 3 = t090C: Temperature [ITS-90, deg C]
# name 4 = sbeox0ML/L: Oxygen, SBE 43 [ml/l]
# name 5 = depSM: Depth [salt water, m], lat = 47.5
# name 6 = sal00: Salinity, Practical [PSU]
# name 7 = sigma-é00: Density [sigma-theta, kg/m^3]
# name 8 = flag: flag
# span 0 = 243.915648, 243.921128       
# span 1 =     -6.195,     16.159       
# span 2 =   0.491327,  41.084643       
# span 3 =    10.0245,    17.9636       
# span 4 =    -1.7347,    12.8333       
# span 5 =     -6.143,     16.024       
# span 6 =     0.2768,    33.6868       
# span 7 =    -1.1834,    25.7658       
# span 8 = 0.0000e+00, 0.0000e+00       
# interval = seconds: 0.5
# start_time = Aug 31 2023 21:58:32 [Instrument's time stamp, header]
# bad_flag = -9.990e-29
*END*
[from data line 161]
 243.916580     -2.761   0.509068    17.8557    -1.7215     -2.738     0.2878    -1.1553 -9.990e-29
 243.916586     -2.753   0.508464    17.8527    -1.7214     -2.730     0.2874    -1.1550 -9.990e-29
 243.916591     -2.744   0.507968    17.8529    -1.7216     -2.721     0.2871    -1.1553 -9.990e-29
 243.916597     -2.733   0.507475    17.8547    -1.7221     -2.710     0.2868    -1.1558 -9.990e-29
 243.916603     -2.720   0.506881    17.8557    -1.7226     -2.697     0.2865    -1.1563 -9.990e-29
 243.916609     -2.702   0.506503    17.8553    -1.7227     -2.679     0.2863    -1.1564 -9.990e-29
 243.916615     -2.684   0.506394    17.8535    -1.7229     -2.662     0.2862    -1.1561 -9.990e-29
 243.916620     -2.674   0.506407    17.8510    -1.7229     -2.652     0.2862    -1.1556 -9.990e-29
 243.916626     -2.669   0.506560    17.8498    -1.7232     -2.647     0.2863    -1.1553 -9.990e-29
 243.916632     -2.663   0.507057    17.8509    -1.7235     -2.641     0.2866    -1.1553 -9.990e-29
 243.916638     -2.648   0.508006    17.8507    -1.7240     -2.626     0.2872    -1.1548 -9.990e-29
 243.916644     -2.631   0.509011    17.8455    -1.7240     -2.609     0.2878    -1.1534 -9.990e-29
 243.916649     -2.612   0.509749    17.8366    -1.7237     -2.590     0.2883    -1.1514 -9.990e-29
 243.916655     -2.592   0.510093    17.8277    -1.7235     -2.570     0.2885    -1.1495 -9.990e-29
 243.916661     -2.572   0.509949    17.8209    -1.7231     -2.551     0.2885    -1.1483 -9.990e-29
 243.916667     -2.557   0.509678    17.8155    -1.7229     -2.536     0.2884    -1.1474 -9.990e-29
 243.916672     -2.545   0.509474    17.8101    -1.7230     -2.524     0.2883    -1.1465 -9.990e-29
 243.916678     -2.536   0.509065    17.8035    -1.7231     -2.515     0.2881    -1.1454 -9.990e-29
 243.916684     -2.529   0.508459    17.7958    -1.7232     -2.508     0.2878    -1.1443 -9.990e-29
 243.916690     -2.523   0.507959    17.7895    -1.7231     -2.502     0.2876    -1.1433 -9.990e-29
 243.916696     -2.518   0.507452    17.7880    -1.7229     -2.497     0.2873    -1.1432 -9.990e-29
 243.916701     -2.513   0.506814    17.7915    -1.7227     -2.492     0.2869    -1.1442 -9.990e-29
 243.916707     -2.510   0.506305    17.7978    -1.7225     -2.489     0.2865    -1.1456 -9.990e-29
 243.916713     -2.506   0.505801    17.8045    -1.7221     -2.485     0.2862    -1.1471 -9.990e-29
 243.916719     -2.503   0.505185    17.8087    -1.7219     -2.482     0.2858    -1.1482 -9.990e-29
 243.916725     -2.499   0.504746    17.8096    -1.7219     -2.478     0.2856    -1.1485 -9.990e-29
 243.916730     -2.495   0.504452    17.8090    -1.7221     -2.474     0.2854    -1.1485 -9.990e-29
 243.916736     -2.490   0.503912    17.8091    -1.7221     -2.469     0.2851    -1.1488 -9.990e-29
 243.916742     -2.484   0.502958    17.8112    -1.7224     -2.463     0.2845    -1.1496 -9.990e-29
 243.916748     -2.476   0.501984    17.8157    -1.7229     -2.455     0.2839    -1.1509 -9.990e-29
 243.916753     -2.467   0.501354    17.8220    -1.7232     -2.446     0.2835    -1.1524 -9.990e-29
 243.916759     -2.456   0.500783    17.8292    -1.7236     -2.436     0.2831    -1.1540 -9.990e-29
 243.916765     -2.441   0.500064    17.8362    -1.7239     -2.421     0.2827    -1.1556 -9.990e-29
 243.916771     -2.426   0.499346    17.8406    -1.7241     -2.406     0.2822    -1.1568 -9.990e-29
 243.916777     -2.415   0.498780    17.8413    -1.7245     -2.395     0.2819    -1.1572 -9.990e-29
 243.916782     -2.402   0.498723    17.8390    -1.7247     -2.382     0.2819    -1.1567 -9.990e-29
 243.916788     -2.388   0.499099    17.8345    -1.7250     -2.368     0.2821    -1.1557 -9.990e-29
 243.916794     -2.374   0.499300    17.8274    -1.7249     -2.354     0.2823    -1.1543 -9.990e-29
 243.916800     -2.356   0.499038    17.8180    -1.7246     -2.336     0.2822    -1.1526 -9.990e-29
 243.916806     -2.332   0.498519    17.8077    -1.7243     -2.313     0.2820    -1.1509 -9.990e-29
 243.916811     -2.311   0.498160    17.7978    -1.7240     -2.292     0.2818    -1.1492 -9.990e-29
 243.916817     -2.294   0.498036    17.7892    -1.7236     -2.275     0.2818    -1.1477 -9.990e-29
 243.916823     -2.281   0.497982    17.7811    -1.7232     -2.262     0.2818    -1.1462 -9.990e-29
 243.916829     -2.270   0.497927    17.7729    -1.7229     -2.251     0.2818    -1.1446 -9.990e-29
 243.916834     -2.262   0.497798    17.7661    -1.7224     -2.243     0.2818    -1.1434 -9.990e-29
 243.916840     -2.255   0.497423    17.7625    -1.7224     -2.236     0.2816    -1.1429 -9.990e-29
 243.916846     -2.249   0.496857    17.7636    -1.7226     -2.230     0.2813    -1.1434 -9.990e-29
 243.916852     -2.244   0.496452    17.7689    -1.7228     -2.225     0.2810    -1.1446 -9.990e-29
 243.916858     -2.240   0.496225    17.7768    -1.7230     -2.221     0.2808    -1.1461 -9.990e-29
 243.916863     -2.235   0.495874    17.7862    -1.7230     -2.216     0.2806    -1.1481 -9.990e-29
 243.916869     -2.231   0.495484    17.7964    -1.7230     -2.212     0.2803    -1.1502 -9.990e-29
 243.916875     -2.226   0.495643    17.8069    -1.7230     -2.207     0.2803    -1.1521 -9.990e-29
 243.916881     -2.220   0.496565    17.8171    -1.7231     -2.201     0.2808    -1.1536 -9.990e-29
 243.916887     -2.214   0.497816    17.8248    -1.7231     -2.196     0.2814    -1.1545 -9.990e-29
 243.916892     -2.206   0.498845    17.8273    -1.7231     -2.188     0.2820    -1.1545 -9.990e-29
 243.916898     -2.196   0.499361    17.8250    -1.7231     -2.178     0.2823    -1.1538 -9.990e-29
 243.916904     -2.183   0.499497    17.8208    -1.7229     -2.165     0.2824    -1.1530 -9.990e-29
 243.916910     -2.167   0.499437    17.8176    -1.7229     -2.149     0.2824    -1.1524 -9.990e-29
 243.916916     -2.150   0.499101    17.8161    -1.7229     -2.132     0.2822    -1.1523 -9.990e-29
 243.916921     -2.137   0.498594    17.8154    -1.7230     -2.119     0.2819    -1.1523 -9.990e-29
 243.916927     -2.126   0.498348    17.8143    -1.7230     -2.108     0.2818    -1.1522 -9.990e-29
 243.916933     -2.116   0.498590    17.8130    -1.7228     -2.098     0.2820    -1.1519 -9.990e-29
 243.916939     -2.108   0.499090    17.8123    -1.7225     -2.090     0.2823    -1.1515 -9.990e-29
 243.916944     -2.099   0.499405    17.8125    -1.7224     -2.081     0.2824    -1.1514 -9.990e-29
 243.916950     -2.086   0.499400    17.8140    -1.7225     -2.069     0.2824    -1.1517 -9.990e-29
 243.916956     -2.068   0.499070    17.8162    -1.7222     -2.051     0.2822    -1.1523 -9.990e-29
 243.916962     -2.052   0.498527    17.8175    -1.7221     -2.035     0.2819    -1.1528 -9.990e-29
 243.916968     -2.041   0.498157    17.8179    -1.7221     -2.024     0.2817    -1.1530 -9.990e-29
 243.916973     -2.031   0.498021    17.8184    -1.7224     -2.014     0.2816    -1.1532 -9.990e-29
 243.916979     -2.016   0.497939    17.8204    -1.7229     -1.999     0.2815    -1.1536 -9.990e-29
 243.916985     -2.004   0.497801    17.8240    -1.7233     -1.987     0.2814    -1.1543 -9.990e-29
 243.916991     -2.003   0.497423    17.8281    -1.7233     -1.986     0.2812    -1.1553 -9.990e-29
 243.916997     -2.005   0.496855    17.8314    -1.7231     -1.988     0.2808    -1.1561 -9.990e-29
 243.917002     -2.000   0.496448    17.8343    -1.7230     -1.983     0.2806    -1.1569 -9.990e-29
 243.917008     -1.992   0.496214    17.8375    -1.7229     -1.975     0.2804    -1.1576 -9.990e-29
 243.917014     -1.987   0.495842    17.8395    -1.7229     -1.970     0.2802    -1.1581 -9.990e-29
 243.917020     -1.982   0.495393    17.8376    -1.7227     -1.965     0.2799    -1.1580 -9.990e-29
 243.917025     -1.979   0.495375    17.8312    -1.7221     -1.962     0.2800    -1.1568 -9.990e-29
 243.917031     -1.976   0.495764    17.8224    -1.7218     -1.960     0.2803    -1.1549 -9.990e-29
 243.917037     -1.974   0.495969    17.8153    -1.7220     -1.958     0.2804    -1.1535 -9.990e-29
 243.917043     -1.972   0.495709    17.8129    -1.7224     -1.956     0.2803    -1.1532 -9.990e-29
 243.917049     -1.970   0.495192    17.8141    -1.7221     -1.954     0.2800    -1.1536 -9.990e-29
 243.917054     -1.968   0.494839    17.8165    -1.7220     -1.952     0.2798    -1.1542 -9.990e-29
 243.917060     -1.966   0.494733    17.8193    -1.7225     -1.950     0.2797    -1.1548 -9.990e-29
 243.917066     -1.965   0.494734    17.8231    -1.7231     -1.949     0.2797    -1.1555 -9.990e-29
 243.917072     -1.963   0.494844    17.8297    -1.7242     -1.947     0.2797    -1.1567 -9.990e-29
 243.917078     -1.961   0.495210    17.8381    -1.7248     -1.945     0.2798    -1.1581 -9.990e-29
 243.917083     -1.958   0.495763    17.8433    -1.7257     -1.942     0.2801    -1.1589 -9.990e-29
 243.917089     -1.954   0.496132    17.8428    -1.7257     -1.938     0.2803    -1.1586 -9.990e-29
 243.917095     -1.950   0.496255    17.8404    -1.7258     -1.934     0.2804    -1.1581 -9.990e-29
 243.917101     -1.945   0.496296    17.8392    -1.7261     -1.929     0.2805    -1.1579 -9.990e-29
 243.917106     -1.938   0.496310    17.8355    -1.7263     -1.922     0.2805    -1.1572 -9.990e-29
 243.917112     -1.929   0.496314    17.8248    -1.7262     -1.913     0.2806    -1.1551 -9.990e-29
 243.917118     -1.918   0.496315    17.8070    -1.7257     -1.902     0.2807    -1.1518 -9.990e-29
 243.917124     -1.904   0.496314    17.7855    -1.7252     -1.888     0.2808    -1.1477 -9.990e-29
 243.917130     -1.890   0.496310    17.7651    -1.7252     -1.874     0.2809    -1.1439 -9.990e-29
 243.917135     -1.880   0.496296    17.7495    -1.7253     -1.864     0.2810    -1.1410 -9.990e-29
 243.917141     -1.872   0.496255    17.7403    -1.7249     -1.856     0.2811    -1.1393 -9.990e-29
 243.917147     -1.867   0.496132    17.7345    -1.7245     -1.851     0.2810    -1.1382 -9.990e-29
 243.917153     -1.864   0.495763    17.7294    -1.7241     -1.848     0.2809    -1.1374 -9.990e-29
 243.917159     -1.863   0.495209    17.7270    -1.7242     -1.847     0.2806    -1.1372 -9.990e-29
 243.917164     -1.859   0.494839    17.7305    -1.7245     -1.843     0.2803    -1.1381 -9.990e-29
 243.917170     -1.849   0.494716    17.7389    -1.7244     -1.834     0.2802    -1.1397 -9.990e-29
 243.917176     -1.835   0.494675    17.7469    -1.7241     -1.820     0.2801    -1.1412 -9.990e-29
 243.917182     -1.826   0.494661    17.7512    -1.7238     -1.811     0.2801    -1.1420 -9.990e-29
 243.917188     -1.821   0.494657    17.7549    -1.7234     -1.806     0.2801    -1.1427 -9.990e-29
 243.917193     -1.815   0.494655    17.7620    -1.7230     -1.800     0.2800    -1.1441 -9.990e-29
 243.917199     -1.808   0.494654    17.7713    -1.7224     -1.793     0.2799    -1.1458 -9.990e-29
 243.917205     -1.799   0.494652    17.7782    -1.7216     -1.784     0.2799    -1.1471 -9.990e-29
 243.917211     -1.793   0.494649    17.7794    -1.7212     -1.778     0.2799    -1.1473 -9.990e-29
 243.917216     -1.792   0.494638    17.7781    -1.7207     -1.777     0.2799    -1.1471 -9.990e-29
 243.917222     -1.793   0.494606    17.7804    -1.7204     -1.778     0.2799    -1.1475 -9.990e-29
 243.917228     -1.787   0.494510    17.7874    -1.7199     -1.772     0.2798    -1.1489 -9.990e-29
 243.917234     -1.774   0.494223    17.7967    -1.7198     -1.759     0.2795    -1.1508 -9.990e-29
 243.917240     -1.762   0.493916    17.8079    -1.7197     -1.747     0.2793    -1.1530 -9.990e-29
 243.917245     -1.754   0.493736    17.8217    -1.7200     -1.739     0.2791    -1.1557 -9.990e-29
 243.917251     -1.749   0.493440    17.8382    -1.7208     -1.734     0.2788    -1.1589 -9.990e-29
 243.917257     -1.748   0.493189    17.8553    -1.7213     -1.733     0.2786    -1.1623 -9.990e-29
 243.917263     -1.745   0.493202    17.8707    -1.7216     -1.730     0.2785    -1.1652 -9.990e-29
 243.917269     -1.737   0.493499    17.8838    -1.7223     -1.723     0.2785    -1.1675 -9.990e-29
 243.917274     -1.727   0.493919    17.8950    -1.7231     -1.713     0.2787    -1.1695 -9.990e-29
 243.917280     -1.719   0.493916    17.9040    -1.7235     -1.705     0.2787    -1.1712 -9.990e-29
 243.917286     -1.712   0.493484    17.9091    -1.7234     -1.698     0.2784    -1.1723 -9.990e-29
 243.917292     -1.706   0.493155    17.9081    -1.7230     -1.692     0.2782    -1.1723 -9.990e-29
 243.917297     -1.701   0.493045    17.8996    -1.7226     -1.687     0.2782    -1.1707 -9.990e-29
 243.917303     -1.696   0.493008    17.8857    -1.7222     -1.682     0.2783    -1.1681 -9.990e-29
 243.917309     -1.691   0.492995    17.8709    -1.7222     -1.677     0.2783    -1.1653 -9.990e-29
 243.917315     -1.685   0.492990    17.8560    -1.7219     -1.671     0.2784    -1.1625 -9.990e-29
 243.917321     -1.679   0.492984    17.8397    -1.7209     -1.665     0.2785    -1.1594 -9.990e-29
 243.917326     -1.671   0.492972    17.8244    -1.7203     -1.657     0.2786    -1.1565 -9.990e-29
 243.917332     -1.661   0.492935    17.8153    -1.7197     -1.647     0.2787    -1.1548 -9.990e-29
 243.917338     -1.649   0.492826    17.8151    -1.7191     -1.635     0.2786    -1.1549 -9.990e-29
 243.917344     -1.634   0.492498    17.8218    -1.7188     -1.620     0.2784    -1.1563 -9.990e-29
 243.917350     -1.620   0.492067    17.8310    -1.7187     -1.606     0.2781    -1.1582 -9.990e-29
 243.917355     -1.613   0.492067    17.8394    -1.7186     -1.600     0.2780    -1.1598 -9.990e-29
 243.917361     -1.613   0.492498    17.8478    -1.7183     -1.600     0.2782    -1.1612 -9.990e-29
 243.917367     -1.613   0.492826    17.8607    -1.7179     -1.600     0.2783    -1.1635 -9.990e-29
 243.917373     -1.607   0.492935    17.8791    -1.7180     -1.594     0.2782    -1.1669 -9.990e-29
 243.917378     -1.595   0.492971    17.8982    -1.7186     -1.582     0.2781    -1.1705 -9.990e-29
 243.917384     -1.581   0.492982    17.9152    -1.7189     -1.568     0.2780    -1.1737 -9.990e-29
 243.917390     -1.572   0.492981    17.9296    -1.7189     -1.559     0.2780    -1.1764 -9.990e-29
 243.917396     -1.568   0.492969    17.9398    -1.7187     -1.555     0.2779    -1.1784 -9.990e-29
 243.917402     -1.564   0.492928    17.9462    -1.7185     -1.551     0.2778    -1.1796 -9.990e-29
 243.917407     -1.561   0.492805    17.9523    -1.7183     -1.548     0.2777    -1.1808 -9.990e-29
 243.917413     -1.553   0.492436    17.9593    -1.7183     -1.540     0.2774    -1.1823 -9.990e-29
 243.917419     -1.540   0.491882    17.9636    -1.7182     -1.527     0.2771    -1.1834 -9.990e-29
 243.917425     -1.529   0.491512    17.9614    -1.7184     -1.516     0.2769    -1.1831 -9.990e-29
 243.917431     -1.521   0.491389    17.9545    -1.7184     -1.508     0.2769    -1.1819 -9.990e-29
 243.917436     -1.510   0.491348    17.9485    -1.7191     -1.497     0.2769    -1.1807 -9.990e-29
 243.917442     -1.500   0.491334    17.9468    -1.7193     -1.487     0.2769    -1.1804 -9.990e-29
 243.917448     -1.495   0.491330    17.9490    -1.7197     -1.483     0.2769    -1.1808 -9.990e-29
 243.917454     -1.489   0.491328    17.9531    -1.7197     -1.477     0.2768    -1.1816 -9.990e-29
 243.917459     -1.479   0.491327    17.9569    -1.7192     -1.467     0.2768    -1.1823 -9.990e-29
 243.917465     -1.468   0.491327    17.9590    -1.7189     -1.456     0.2768    -1.1827 -9.990e-29
 243.917471     -1.459   0.491327    17.9586    -1.7190     -1.447     0.2768    -1.1827 -9.990e-29
 243.917477     -1.452   0.491327    17.9558    -1.7192     -1.440     0.2768    -1.1821 -9.990e-29
 243.917483     -1.446   0.491327    17.9498    -1.7193     -1.434     0.2769    -1.1810 -9.990e-29
 243.917488     -1.442   0.491327    17.9404    -1.7192     -1.430     0.2769    -1.1792 -9.990e-29
 243.917494     -1.438   0.491327    17.9311    -1.7191     -1.426     0.2770    -1.1774 -9.990e-29
