data/oxygen options/ONMS/Olympic_Coast_National_Marine_Sanctuary_CTD_Data_2005_2023/raw_data/2023/CAST_KL027_230717faed.cnv
* Sea-Bird SBE 19 Data File:
* FileName = C:\Users\OCNMS.Inst\Documents\2023 Mooring Data\Casts\CAST_KL027_230717.hex
* Software Version SeatermAF 2.1.4.55
* Temperature SN = 2997
* Conductivity SN = 2997
* System UpLoad Time = Jul 18 2023 00:01:13 (localtime) = Jul 18 2023 00:01:13 (UTC)
** CAST_KL027_230717
* ds
# nquan = 9                                 
# nvalues = 1184                        
# units = specified
# name 0 = timeJ: Julian Days
# name 1 = prSM: Pressure, Strain Gauge [db]
# name 2 = c0mS/cm: Conductivity [mS/cm]
# name 3 = t090C: Temperature [ITS-90, deg C]
# name 4 = sbeox0ML/L: Oxygen, SBE 43 [ml/l]
# name 5 = depSM: Depth [salt water, m], lat = 47.5
# name 6 = sal00: Salinity, Practical [PSU]
# name 7 = sigma-é00: Density [sigma-theta, kg/m^3]
# name 8 = flag: flag
# span 0 = 198.990521, 198.997367       
# span 1 =     -6.263,     26.057       
# span 2 =   0.530686,  42.157920       
# span 3 =     8.0045,    21.8607       
# span 4 =    -1.6523,     9.8224       
# span 5 =     -6.211,     25.838       
# span 6 =     0.2746,    35.9432       
# span 7 =    -1.9858,    27.0815       
# span 8 = 0.0000e+00, 0.0000e+00       
# interval = seconds: 0.5
# start_time = Jul 17 2023 23:46:21 [Instrument's time stamp, header]
# bad_flag = -9.990e-29
*END*
[from data line 161]
 198.991453     -2.890   0.531048    21.2952    -1.6110     -2.866     0.2781    -1.8586 -9.990e-29
 198.991458     -2.878   0.530803    21.2974    -1.6109     -2.854     0.2780    -1.8592 -9.990e-29
 198.991464     -2.871   0.530726    21.3165    -1.6113     -2.847     0.2778    -1.8635 -9.990e-29
 198.991470     -2.867   0.530712    21.3503    -1.6118     -2.843     0.2776    -1.8711 -9.990e-29
 198.991476     -2.860   0.530744    21.3840    -1.6117     -2.836     0.2774    -1.8787 -9.990e-29
 198.991481     -2.849   0.530864    21.4015    -1.6107     -2.825     0.2774    -1.8826 -9.990e-29
 198.991487     -2.835   0.531232    21.3976    -1.6094     -2.811     0.2776    -1.8816 -9.990e-29
 198.991493     -2.820   0.531786    21.3823    -1.6081     -2.796     0.2780    -1.8779 -9.990e-29
 198.991499     -2.808   0.532155    21.3711    -1.6078     -2.785     0.2783    -1.8752 -9.990e-29
 198.991505     -2.798   0.532278    21.3679    -1.6075     -2.775     0.2784    -1.8744 -9.990e-29
 198.991510     -2.789   0.532318    21.3651    -1.6072     -2.766     0.2784    -1.8738 -9.990e-29
 198.991516     -2.781   0.532328    21.3588    -1.6067     -2.758     0.2784    -1.8724 -9.990e-29
 198.991522     -2.773   0.532324    21.3551    -1.6065     -2.750     0.2785    -1.8715 -9.990e-29
 198.991528     -2.765   0.532298    21.3636    -1.6061     -2.742     0.2784    -1.8735 -9.990e-29
 198.991534     -2.756   0.532216    21.3881    -1.6065     -2.733     0.2782    -1.8790 -9.990e-29
 198.991539     -2.742   0.531970    21.4220    -1.6067     -2.719     0.2779    -1.8868 -9.990e-29
 198.991545     -2.717   0.531785    21.4532    -1.6080     -2.694     0.2776    -1.8939 -9.990e-29
 198.991551     -2.689   0.531970    21.4744    -1.6092     -2.667     0.2776    -1.8987 -9.990e-29
 198.991557     -2.668   0.532216    21.4887    -1.6098     -2.646     0.2776    -1.9018 -9.990e-29
 198.991562     -2.657   0.532298    21.5009    -1.6103     -2.635     0.2776    -1.9045 -9.990e-29
 198.991568     -2.655   0.532326    21.5120    -1.6107     -2.633     0.2775    -1.9070 -9.990e-29
 198.991574     -2.655   0.532335    21.5211    -1.6112     -2.633     0.2775    -1.9091 -9.990e-29
 198.991580     -2.647   0.532338    21.5244    -1.6122     -2.625     0.2774    -1.9099 -9.990e-29
 198.991586     -2.634   0.532339    21.5180    -1.6128     -2.612     0.2775    -1.9084 -9.990e-29
 198.991591     -2.622   0.532341    21.5002    -1.6135     -2.600     0.2776    -1.9044 -9.990e-29
 198.991597     -2.612   0.532346    21.4720    -1.6145     -2.590     0.2778    -1.8980 -9.990e-29
 198.991603     -2.605   0.532359    21.4414    -1.6160     -2.583     0.2780    -1.8910 -9.990e-29
 198.991609     -2.596   0.532400    21.4160    -1.6172     -2.574     0.2781    -1.8853 -9.990e-29
 198.991615     -2.584   0.532523    21.3957    -1.6177     -2.562     0.2783    -1.8806 -9.990e-29
 198.991620     -2.568   0.532892    21.3769    -1.6175     -2.547     0.2786    -1.8762 -9.990e-29
 198.991626     -2.552   0.533447    21.3558    -1.6174     -2.531     0.2791    -1.8712 -9.990e-29
 198.991632     -2.539   0.533819    21.3316    -1.6165     -2.518     0.2794    -1.8656 -9.990e-29
 198.991638     -2.528   0.533947    21.3062    -1.6164     -2.507     0.2796    -1.8598 -9.990e-29
 198.991644     -2.519   0.534003    21.2780    -1.6165     -2.498     0.2798    -1.8535 -9.990e-29
 198.991649     -2.510   0.534062    21.2437    -1.6174     -2.489     0.2801    -1.8458 -9.990e-29
 198.991655     -2.501   0.534202    21.2060    -1.6183     -2.480     0.2804    -1.8372 -9.990e-29
 198.991661     -2.492   0.534610    21.1744    -1.6190     -2.471     0.2808    -1.8300 -9.990e-29
 198.991667     -2.482   0.535831    21.1555    -1.6186     -2.461     0.2816    -1.8253 -9.990e-29
 198.991672     -2.471   0.539491    21.1476    -1.6169     -2.450     0.2836    -1.8220 -9.990e-29
 198.991678     -2.457   0.550471    21.1471    -1.6160     -2.437     0.2895    -1.8174 -9.990e-29
 198.991684     -2.441   0.576204    21.1509    -1.6165     -2.421     0.3034    -1.8076 -9.990e-29
 198.991690     -2.420   0.615519    21.1514    -1.6172     -2.400     0.3247    -1.7915 -9.990e-29
 198.991696     -2.398   0.653754    21.1422    -1.6170     -2.378     0.3455    -1.7736 -9.990e-29
 198.991701     -2.378   0.678688    21.1236    -1.6162     -2.358     0.3592    -1.7591 -9.990e-29
 198.991707     -2.358   0.690298    21.1018    -1.6153     -2.338     0.3658    -1.7494 -9.990e-29
 198.991713     -2.341   0.696304    21.0834    -1.6154     -2.321     0.3692    -1.7427 -9.990e-29
 198.991719     -2.331   0.711367    21.0702    -1.6160     -2.312     0.3775    -1.7335 -9.990e-29
 198.991725     -2.327   0.764995    21.0591    -1.6165     -2.308     0.4071    -1.7086 -9.990e-29
 198.991730     -2.325   0.898200    21.0478    -1.6164     -2.306     0.4808    -1.6499 -9.990e-29
 198.991736     -2.319   1.096179    21.0374    -1.6165     -2.300     0.5916    -1.5633 -9.990e-29
 198.991742     -2.311   1.257473    21.0308    -1.6170     -2.292     0.6827    -1.4925 -9.990e-29
 198.991748     -2.298   1.322081    21.0315    -1.6181     -2.279     0.7193    -1.4648 -9.990e-29
 198.991753     -2.285   1.337882    21.0375    -1.6199     -2.266     0.7282    -1.4593 -9.990e-29
 198.991759     -2.275   1.363657    21.0411    -1.6206     -2.256     0.7428    -1.4490 -9.990e-29
 198.991765     -2.268   1.412698    21.0365    -1.6220     -2.249     0.7709    -1.4267 -9.990e-29
 198.991771     -2.262   1.467198    21.0265    -1.6223     -2.243     0.8022    -1.4007 -9.990e-29
 198.991777     -2.258   1.503870    21.0195    -1.6220     -2.239     0.8233    -1.3831 -9.990e-29
 198.991782     -2.256   1.513373    21.0177    -1.6208     -2.237     0.8288    -1.3785 -9.990e-29
 198.991788     -2.254   1.497284    21.0135    -1.6198     -2.235     0.8196    -1.3846 -9.990e-29
 198.991794     -2.254   1.464102    20.9981    -1.6188     -2.235     0.8009    -1.3954 -9.990e-29
 198.991800     -2.255   1.428379    20.9693    -1.6181     -2.236     0.7810    -1.4043 -9.990e-29
 198.991806     -2.256   1.400167    20.9349    -1.6183     -2.237     0.7655    -1.4086 -9.990e-29
 198.991811     -2.259   1.377902    20.9049    -1.6195     -2.240     0.7533    -1.4114 -9.990e-29
 198.991817     -2.260   1.354083    20.8835    -1.6200     -2.241     0.7400    -1.4168 -9.990e-29
 198.991823     -2.253   1.325794    20.8760    -1.6200     -2.234     0.7240    -1.4274 -9.990e-29
 198.991829     -2.242   1.298575    20.8865    -1.6208     -2.223     0.7083    -1.4416 -9.990e-29
 198.991834     -2.233   1.279949    20.9108    -1.6223     -2.214     0.6973    -1.4553 -9.990e-29
 198.991840     -2.222   1.272258    20.9407    -1.6227     -2.203     0.6925    -1.4655 -9.990e-29
 198.991846     -2.211   1.269683    20.9681    -1.6238     -2.193     0.6906    -1.4729 -9.990e-29
 198.991852     -2.199   1.264354    20.9840    -1.6246     -2.181     0.6873    -1.4788 -9.990e-29
 198.991858     -2.188   1.255266    20.9814    -1.6234     -2.170     0.6822    -1.4821 -9.990e-29
 198.991863     -2.182   1.245832    20.9664    -1.6220     -2.164     0.6771    -1.4828 -9.990e-29
 198.991869     -2.178   1.236783    20.9516    -1.6220     -2.160     0.6722    -1.4833 -9.990e-29
 198.991875     -2.170   1.225482    20.9373    -1.6225     -2.152     0.6660    -1.4849 -9.990e-29
 198.991881     -2.161   1.210170    20.9148    -1.6231     -2.143     0.6576    -1.4863 -9.990e-29
 198.991887     -2.157   1.193170    20.8862    -1.6236     -2.139     0.6484    -1.4872 -9.990e-29
 198.991892     -2.151   1.179545    20.8602    -1.6247     -2.133     0.6411    -1.4871 -9.990e-29
 198.991898     -2.140   1.172202    20.8403    -1.6248     -2.122     0.6372    -1.4858 -9.990e-29
 198.991904     -2.123   1.166896    20.8358    -1.6254     -2.105     0.6343    -1.4870 -9.990e-29
 198.991910     -2.103   1.157108    20.8520    -1.6253     -2.085     0.6285    -1.4949 -9.990e-29
 198.991916     -2.087   1.143652    20.8727    -1.6242     -2.070     0.6206    -1.5054 -9.990e-29
 198.991921     -2.075   1.132433    20.8798    -1.6228     -2.058     0.6141    -1.5119 -9.990e-29
 198.991927     -2.061   1.127346    20.8721    -1.6216     -2.044     0.6114    -1.5123 -9.990e-29
 198.991933     -2.048   1.126048    20.8568    -1.6212     -2.031     0.6108    -1.5094 -9.990e-29
 198.991939     -2.041   1.123296    20.8383    -1.6206     -2.024     0.6095    -1.5064 -9.990e-29
 198.991944     -2.034   1.118196    20.8209    -1.6201     -2.017     0.6069    -1.5046 -9.990e-29
 198.991950     -2.022   1.112081    20.8088    -1.6208     -2.005     0.6036    -1.5045 -9.990e-29
 198.991956     -2.010   1.105112    20.8044    -1.6211     -1.993     0.5997    -1.5065 -9.990e-29
 198.991962     -2.001   1.097238    20.8138    -1.6211     -1.984     0.5952    -1.5120 -9.990e-29
 198.991968     -1.993   1.089051    20.8400    -1.6218     -1.976     0.5902    -1.5215 -9.990e-29
 198.991973     -1.988   1.081281    20.8752    -1.6230     -1.971     0.5853    -1.5328 -9.990e-29
 198.991979     -1.983   1.074106    20.9071    -1.6237     -1.966     0.5809    -1.5431 -9.990e-29
 198.991985     -1.980   1.068493    20.9297    -1.6236     -1.963     0.5774    -1.5506 -9.990e-29
 198.991991     -1.977   1.066388    20.9448    -1.6230     -1.961     0.5760    -1.5550 -9.990e-29
 198.991997     -1.975   1.068311    20.9509    -1.6217     -1.959     0.5770    -1.5555 -9.990e-29
 198.992002     -1.973   1.071835    20.9465    -1.6208     -1.957     0.5791    -1.5530 -9.990e-29
 198.992008     -1.971   1.072785    20.9384    -1.6203     -1.955     0.5797    -1.5508 -9.990e-29
 198.992014     -1.970   1.067991    20.9283    -1.6201     -1.954     0.5772    -1.5505 -9.990e-29
 198.992020     -1.969   1.058272    20.9105    -1.6208     -1.953     0.5719    -1.5507 -9.990e-29
 198.992025     -1.968   1.047858    20.8883    -1.6215     -1.952     0.5663    -1.5501 -9.990e-29
 198.992031     -1.967   1.040053    20.8743    -1.6228     -1.951     0.5621    -1.5503 -9.990e-29
 198.992037     -1.965   1.034433    20.8767    -1.6232     -1.949     0.5589    -1.5532 -9.990e-29
 198.992043     -1.964   1.028495    20.8946    -1.6225     -1.948     0.5554    -1.5598 -9.990e-29
 198.992049     -1.962   1.021531    20.9216    -1.6212     -1.946     0.5511    -1.5689 -9.990e-29
 198.992054     -1.960   1.014790    20.9468    -1.6192     -1.944     0.5470    -1.5775 -9.990e-29
 198.992060     -1.958   1.009266    20.9622    -1.6181     -1.942     0.5438    -1.5833 -9.990e-29
 198.992066     -1.954   1.005911    20.9634    -1.6170     -1.938     0.5419    -1.5850 -9.990e-29
 198.992072     -1.950   1.005797    20.9508    -1.6155     -1.934     0.5420    -1.5822 -9.990e-29
 198.992078     -1.945   1.007108    20.9302    -1.6152     -1.929     0.5429    -1.5770 -9.990e-29
 198.992083     -1.938   1.006048    20.9109    -1.6148     -1.922     0.5426    -1.5731 -9.990e-29
 198.992089     -1.930   1.001756    20.9064    -1.6144     -1.914     0.5402    -1.5739 -9.990e-29
 198.992095     -1.919   0.995719    20.9243    -1.6140     -1.903     0.5366    -1.5805 -9.990e-29
 198.992101     -1.905   0.989314    20.9617    -1.6142     -1.889     0.5326    -1.5917 -9.990e-29
 198.992106     -1.887   0.983982    21.0088    -1.6148     -1.871     0.5290    -1.6047 -9.990e-29
 198.992112     -1.868   0.980378    21.0540    -1.6158     -1.852     0.5265    -1.6165 -9.990e-29
 198.992118     -1.856   0.977021    21.0941    -1.6158     -1.841     0.5242    -1.6270 -9.990e-29
 198.992124     -1.854   0.972211    21.1272    -1.6152     -1.839     0.5211    -1.6366 -9.990e-29
 198.992130     -1.857   0.967297    21.1497    -1.6139     -1.842     0.5181    -1.6438 -9.990e-29
 198.992135     -1.858   0.965707    21.1653    -1.6125     -1.843     0.5170    -1.6480 -9.990e-29
 198.992141     -1.852   0.967541    21.1777    -1.6113     -1.837     0.5179    -1.6501 -9.990e-29
 198.992147     -1.842   0.968588    21.1842    -1.6105     -1.827     0.5184    -1.6511 -9.990e-29
 198.992153     -1.838   0.966363    21.1807    -1.6099     -1.823     0.5172    -1.6513 -9.990e-29
 198.992159     -1.838   0.961781    21.1683    -1.6100     -1.823     0.5148    -1.6504 -9.990e-29
 198.992164     -1.834   0.955941    21.1568    -1.6093     -1.819     0.5117    -1.6502 -9.990e-29
 198.992170     -1.826   0.949371    21.1583    -1.6084     -1.811     0.5080    -1.6534 -9.990e-29
 198.992176     -1.817   0.942739    21.1775    -1.6080     -1.802     0.5041    -1.6605 -9.990e-29
 198.992182     -1.803   0.937186    21.2108    -1.6074     -1.788     0.5007    -1.6705 -9.990e-29
 198.992188     -1.783   0.933622    21.2502    -1.6069     -1.768     0.4982    -1.6810 -9.990e-29
 198.992193     -1.764   0.931731    21.2871    -1.6062     -1.749     0.4968    -1.6902 -9.990e-29
 198.992199     -1.749   0.930101    21.3164    -1.6050     -1.734     0.4956    -1.6976 -9.990e-29
 198.992205     -1.738   0.927669    21.3366    -1.6040     -1.724     0.4940    -1.7033 -9.990e-29
 198.992211     -1.729   0.924519    21.3523    -1.6032     -1.715     0.4921    -1.7082 -9.990e-29
 198.992216     -1.722   0.920887    21.3713    -1.6027     -1.708     0.4899    -1.7141 -9.990e-29
 198.992222     -1.716   0.916920    21.3932    -1.6027     -1.702     0.4874    -1.7208 -9.990e-29
 198.992228     -1.712   0.913428    21.4136    -1.6027     -1.698     0.4853    -1.7270 -9.990e-29
 198.992234     -1.708   0.911299    21.4331    -1.6034     -1.694     0.4839    -1.7323 -9.990e-29
 198.992240     -1.705   0.911021    21.4549    -1.6044     -1.691     0.4835    -1.7375 -9.990e-29
 198.992245     -1.703   0.912225    21.4819    -1.6057     -1.689     0.4839    -1.7432 -9.990e-29
 198.992251     -1.701   0.912636    21.5137    -1.6074     -1.687     0.4838    -1.7504 -9.990e-29
 198.992257     -1.699   0.910583    21.5446    -1.6090     -1.685     0.4823    -1.7584 -9.990e-29
 198.992263     -1.697   0.907208    21.5693    -1.6107     -1.683     0.4802    -1.7655 -9.990e-29
 198.992269     -1.696   0.904111    21.5844    -1.6126     -1.682     0.4783    -1.7703 -9.990e-29
 198.992274     -1.694   0.901599    21.5888    -1.6140     -1.680     0.4769    -1.7724 -9.990e-29
 198.992280     -1.691   0.899094    21.5817    -1.6138     -1.677     0.4756    -1.7718 -9.990e-29
 198.992286     -1.689   0.896585    21.5615    -1.6136     -1.675     0.4744    -1.7681 -9.990e-29
 198.992292     -1.686   0.895161    21.5292    -1.6131     -1.672     0.4740    -1.7613 -9.990e-29
 198.992297     -1.682   0.895142    21.4866    -1.6141     -1.668     0.4744    -1.7514 -9.990e-29
 198.992303     -1.677   0.894839    21.4359    -1.6150     -1.663     0.4748    -1.7399 -9.990e-29
 198.992309     -1.670   0.892738    21.3813    -1.6167     -1.656     0.4742    -1.7282 -9.990e-29
 198.992315     -1.662   0.889917    21.3263    -1.6184     -1.648     0.4733    -1.7168 -9.990e-29
 198.992321     -1.651   0.888160    21.2764    -1.6190     -1.637     0.4728    -1.7061 -9.990e-29
 198.992326     -1.638   0.887344    21.2428    -1.6184     -1.624     0.4727    -1.6988 -9.990e-29
 198.992332     -1.625   0.885825    21.2299    -1.6176     -1.611     0.4720    -1.6965 -9.990e-29
 198.992338     -1.616   0.882688    21.2280    -1.6173     -1.603     0.4703    -1.6974 -9.990e-29
 198.992344     -1.610   0.878740    21.2215    -1.6185     -1.597     0.4682    -1.6975 -9.990e-29
 198.992350     -1.611   0.875923    21.2000    -1.6192     -1.598     0.4669    -1.6938 -9.990e-29
 198.992355     -1.620   0.876581    21.1651    -1.6203     -1.606     0.4676    -1.6856 -9.990e-29
 198.992361     -1.628   0.880481    21.1238    -1.6212     -1.614     0.4702    -1.6746 -9.990e-29
 198.992367     -1.632   0.883399    21.0877    -1.6220     -1.618     0.4722    -1.6652 -9.990e-29
