data/oxygen options/ONMS/Olympic_Coast_National_Marine_Sanctuary_CTD_Data_2005_2023/raw_data/2023/CAST_TH015_230719faed.cnv
* Sea-Bird SBE 19 Data File:
* FileName = C:\Users\OCNMS.Inst\Documents\2023 Mooring Data\Casts\CAST_TH015_230719.hex
* Software Version SeatermAF 2.1.4.55
* Temperature SN = 2997
* Conductivity SN = 2997
* System UpLoad Time = Jul 19 2023 17:00:05 (localtime) = Jul 19 2023 17:00:05 (UTC)
** CAST_TH015_230719
* ds
# nquan = 9                                 
# nvalues = 927                         
# units = specified
# name 0 = timeJ: Julian Days
# name 1 = prSM: Pressure, Strain Gauge [db]
# name 2 = c0mS/cm: Conductivity [mS/cm]
# name 3 = t090C: Temperature [ITS-90, deg C]
# name 4 = sbeox0ML/L: Oxygen, SBE 43 [ml/l]
# name 5 = depSM: Depth [salt water, m], lat = 47.5
# name 6 = sal00: Salinity, Practical [PSU]
# name 7 = sigma-é00: Density [sigma-theta, kg/m^3]
# name 8 = flag: flag
# span 0 = 200.677917, 200.683275       
# span 1 =     -6.173,     11.614       
# span 2 =   0.021364,  36.325394       
# span 3 =     8.1413,    15.4053       
# span 4 =    -2.0518,    11.9244       
# span 5 =     -6.122,     11.517       
# span 6 =     0.0171,    33.5602       
# span 7 =    -0.9476,    26.1215       
# span 8 = 0.0000e+00, 0.0000e+00       
# interval = seconds: 0.5
# start_time = Jul 19 2023 16:16:12 [Instrument's time stamp, header]
# bad_flag = -9.990e-29
*END*
[from data line 321]
 200.679774     -1.633   0.022996    15.1853    -1.8182     -1.619     0.0179    -0.9133 -9.990e-29
 200.679780     -1.629   0.022997    15.1844    -1.8177     -1.615     0.0179    -0.9131 -9.990e-29
 200.679786     -1.620   0.022997    15.1885    -1.8171     -1.606     0.0179    -0.9138 -9.990e-29
 200.679792     -1.610   0.022998    15.1961    -1.8167     -1.597     0.0179    -0.9149 -9.990e-29
 200.679797     -1.607   0.022998    15.2057    -1.8165     -1.594     0.0179    -0.9164 -9.990e-29
 200.679803     -1.612   0.022999    15.2159    -1.8162     -1.599     0.0179    -0.9179 -9.990e-29
 200.679809     -1.615   0.022999    15.2253    -1.8159     -1.602     0.0179    -0.9194 -9.990e-29
 200.679815     -1.613   0.023000    15.2336    -1.8156     -1.600     0.0179    -0.9207 -9.990e-29
 200.679821     -1.610   0.023000    15.2415    -1.8154     -1.597     0.0179    -0.9219 -9.990e-29
 200.679826     -1.609   0.023001    15.2504    -1.8154     -1.596     0.0179    -0.9232 -9.990e-29
 200.679832     -1.608   0.023001    15.2614    -1.8154     -1.595     0.0179    -0.9249 -9.990e-29
 200.679838     -1.600   0.023002    15.2735    -1.8152     -1.587     0.0179    -0.9268 -9.990e-29
 200.679844     -1.587   0.023002    15.2842    -1.8153     -1.574     0.0179    -0.9284 -9.990e-29
 200.679850     -1.566   0.023003    15.2928    -1.8154     -1.553     0.0179    -0.9298 -9.990e-29
 200.679855     -1.541   0.023003    15.3005    -1.8158     -1.528     0.0179    -0.9310 -9.990e-29
 200.679861     -1.519   0.023004    15.3079    -1.8164     -1.506     0.0179    -0.9321 -9.990e-29
 200.679867     -1.503   0.023004    15.3143    -1.8170     -1.490     0.0179    -0.9331 -9.990e-29
 200.679873     -1.491   0.023005    15.3188    -1.8173     -1.479     0.0179    -0.9338 -9.990e-29
 200.679878     -1.484   0.023005    15.3210    -1.8173     -1.472     0.0179    -0.9341 -9.990e-29
 200.679884     -1.480   0.023006    15.3218    -1.8179     -1.468     0.0179    -0.9342 -9.990e-29
 200.679890     -1.479   0.023006    15.3221    -1.8179     -1.467     0.0179    -0.9343 -9.990e-29
 200.679896     -1.477   0.023007    15.3208    -1.8181     -1.465     0.0179    -0.9341 -9.990e-29
 200.679902     -1.470   0.023007    15.3163    -1.8183     -1.458     0.0179    -0.9334 -9.990e-29
 200.679907     -1.461   0.023008    15.3076    -1.8182     -1.449     0.0179    -0.9321 -9.990e-29
 200.679913     -1.454   0.023008    15.2957    -1.8179     -1.442     0.0179    -0.9302 -9.990e-29
 200.679919     -1.448   0.023008    15.2842    -1.8176     -1.436     0.0179    -0.9284 -9.990e-29
 200.679925     -1.444   0.023007    15.2756    -1.8176     -1.432     0.0179    -0.9271 -9.990e-29
 200.679931     -1.441   0.023004    15.2683    -1.8174     -1.429     0.0179    -0.9260 -9.990e-29
 200.679936     -1.438   0.022992    15.2614    -1.8169     -1.426     0.0179    -0.9249 -9.990e-29
 200.679942     -1.436   0.022956    15.2563    -1.8165     -1.424     0.0179    -0.9242 -9.990e-29
 200.679948     -1.434   0.022846    15.2525    -1.8160     -1.422     0.0178    -0.9236 -9.990e-29
 200.679954     -1.433   0.022517    15.2507    -1.8156     -1.421     0.0176    -0.9235 -9.990e-29
 200.679959     -1.432   0.022083    15.2525    -1.8152     -1.420     0.0174    -0.9239 -9.990e-29
 200.679965     -1.431   0.022074    15.2573    -1.8152     -1.419     0.0174    -0.9247 -9.990e-29
 200.679971     -1.431   0.022478    15.2624    -1.8153     -1.419     0.0176    -0.9253 -9.990e-29
 200.679977     -1.430   0.022721    15.2670    -1.8153     -1.418     0.0177    -0.9259 -9.990e-29
 200.679983     -1.430   0.022574    15.2735    -1.8152     -1.418     0.0177    -0.9270 -9.990e-29
 200.679988     -1.430   0.022396    15.2830    -1.8150     -1.418     0.0176    -0.9285 -9.990e-29
 200.679994     -1.429   0.022503    15.2938    -1.8150     -1.417     0.0176    -0.9301 -9.990e-29
 200.680000     -1.429   0.022480    15.3047    -1.8147     -1.417     0.0176    -0.9318 -9.990e-29
 200.680006     -1.429   0.022297    15.3145    -1.8144     -1.417     0.0175    -0.9334 -9.990e-29
 200.680012     -1.428   0.022264    15.3215    -1.8141     -1.416     0.0175    -0.9345 -9.990e-29
 200.680017     -1.428   0.022335    15.3246    -1.8141     -1.416     0.0176    -0.9349 -9.990e-29
 200.680023     -1.427   0.022605    15.3254    -1.8139     -1.415     0.0177    -0.9350 -9.990e-29
 200.680029     -1.427   0.022878    15.3261    -1.8137     -1.415     0.0178    -0.9350 -9.990e-29
 200.680035     -1.426   0.022966    15.3280    -1.8134     -1.414     0.0179    -0.9352 -9.990e-29
 200.680041     -1.426   0.022985    15.3313    -1.8132     -1.414     0.0179    -0.9357 -9.990e-29
 200.680046     -1.425   0.022958    15.3356    -1.8132     -1.413     0.0179    -0.9364 -9.990e-29
 200.680052     -1.423   0.022848    15.3414    -1.8130     -1.411     0.0178    -0.9373 -9.990e-29
 200.680058     -1.422   0.022510    15.3479    -1.8128     -1.410     0.0176    -0.9385 -9.990e-29
 200.680064     -1.420   0.022048    15.3533    -1.8127     -1.408     0.0174    -0.9395 -9.990e-29
 200.680069     -1.417   0.021953    15.3576    -1.8125     -1.405     0.0174    -0.9402 -9.990e-29
 200.680075     -1.414   0.022098    15.3624    -1.8122     -1.402     0.0174    -0.9409 -9.990e-29
 200.680081     -1.409   0.022122    15.3678    -1.8121     -1.397     0.0174    -0.9417 -9.990e-29
 200.680087     -1.404   0.022057    15.3733    -1.8120     -1.392     0.0174    -0.9426 -9.990e-29
 200.680093     -1.396   0.021817    15.3778    -1.8129     -1.384     0.0173    -0.9434 -9.990e-29
 200.680098     -1.387   0.021634    15.3819    -1.8133     -1.375     0.0172    -0.9441 -9.990e-29
 200.680104     -1.375   0.021819    15.3867    -1.8134     -1.364     0.0173    -0.9448 -9.990e-29
 200.680110     -1.364   0.022064    15.3912    -1.8135     -1.353     0.0174    -0.9454 -9.990e-29
 200.680116     -1.362   0.022143    15.3950    -1.8136     -1.351     0.0175    -0.9459 -9.990e-29
 200.680122     -1.368   0.022161    15.3991    -1.8139     -1.357     0.0175    -0.9466 -9.990e-29
 200.680127     -1.375   0.022140    15.4033    -1.8139     -1.364     0.0175    -0.9472 -9.990e-29
 200.680133     -1.378   0.022051    15.4053    -1.8137     -1.367     0.0174    -0.9476 -9.990e-29
 200.680139     -1.378   0.021776    15.4016    -1.8136     -1.367     0.0173    -0.9471 -9.990e-29
 200.680145     -1.375   0.021502    15.3920    -1.8137     -1.364     0.0171    -0.9457 -9.990e-29
 200.680150     -1.372   0.021419    15.3822    -1.8133     -1.361     0.0171    -0.9442 -9.990e-29
 200.680156     -1.375   0.021417    15.3761    -1.8129     -1.364     0.0171    -0.9433 -9.990e-29
 200.680162     -1.378   0.021490    15.3722    -1.8131     -1.367     0.0171    -0.9427 -9.990e-29
 200.680168     -1.379   0.021736    15.3683    -1.8130     -1.367     0.0173    -0.9420 -9.990e-29
 200.680174     -1.376   0.021929    15.3650    -1.8132     -1.365     0.0173    -0.9414 -9.990e-29
 200.680179     -1.370   0.021772    15.3646    -1.8132     -1.359     0.0173    -0.9414 -9.990e-29
 200.680185     -1.359   0.021609    15.3667    -1.8137     -1.348     0.0172    -0.9418 -9.990e-29
 200.680191     -1.345   0.021776    15.3693    -1.8140     -1.334     0.0173    -0.9421 -9.990e-29
 200.680197     -1.329   0.021943    15.3725    -1.8141     -1.318     0.0174    -0.9425 -9.990e-29
 200.680203     -1.320   0.021777    15.3778    -1.8139     -1.309     0.0173    -0.9434 -9.990e-29
 200.680208     -1.317   0.021610    15.3828    -1.8138     -1.306     0.0172    -0.9443 -9.990e-29
 200.680214     -1.311   0.021773    15.3845    -1.8134     -1.300     0.0173    -0.9445 -9.990e-29
 200.680220     -1.302   0.021930    15.3836    -1.8135     -1.291     0.0174    -0.9442 -9.990e-29
 200.680226     -1.297   0.021736    15.3809    -1.8142     -1.286     0.0173    -0.9439 -9.990e-29
 200.680231     -1.298   0.021487    15.3763    -1.8145     -1.287     0.0171    -0.9433 -9.990e-29
 200.680237     -1.294   0.021404    15.3701    -1.8148     -1.283     0.0171    -0.9424 -9.990e-29
 200.680243     -1.285   0.021377    15.3644    -1.8144     -1.274     0.0171    -0.9415 -9.990e-29
 200.680249     -1.281   0.021368    15.3618    -1.8142     -1.270     0.0171    -0.9411 -9.990e-29
 200.680255     -1.280   0.021365    15.3630    -1.8137     -1.269     0.0171    -0.9413 -9.990e-29
 200.680260     -1.273   0.021364    15.3666    -1.8134     -1.262     0.0171    -0.9418 -9.990e-29
 200.680266     -1.262   0.021365    15.3690    -1.8133     -1.251     0.0171    -0.9422 -9.990e-29
 200.680272     -1.252   0.021366    15.3661    -1.8128     -1.242     0.0171    -0.9418 -9.990e-29
 200.680278     -1.248   0.021369    15.3583    -1.8133     -1.238     0.0171    -0.9405 -9.990e-29
 200.680284     -1.250   0.021378    15.3508    -1.8141     -1.240     0.0171    -0.9394 -9.990e-29
 200.680289     -1.254   0.021406    15.3480    -1.8147     -1.244     0.0171    -0.9389 -9.990e-29
 200.680295     -1.255   0.021488    15.3509    -1.8150     -1.245     0.0171    -0.9394 -9.990e-29
 200.680301     -1.253   0.021734    15.3578    -1.8153     -1.243     0.0172    -0.9403 -9.990e-29
 200.680307     -1.249   0.021919    15.3660    -1.8151     -1.239     0.0173    -0.9415 -9.990e-29
 200.680313     -1.247   0.021735    15.3730    -1.8145     -1.237     0.0173    -0.9427 -9.990e-29
 200.680318     -1.245   0.021489    15.3781    -1.8142     -1.235     0.0171    -0.9436 -9.990e-29
 200.680324     -1.241   0.021407    15.3792    -1.8142     -1.231     0.0171    -0.9438 -9.990e-29
 200.680330     -1.233   0.021380    15.3721    -1.8142     -1.223     0.0171    -0.9427 -9.990e-29
 200.680336     -1.221   0.021371    15.3590    -1.8136     -1.211     0.0171    -0.9407 -9.990e-29
 200.680341     -1.209   0.021368    15.3465    -1.8139     -1.199     0.0171    -0.9387 -9.990e-29
 200.680347     -1.200   0.021367    15.3380    -1.8142     -1.190     0.0171    -0.9374 -9.990e-29
 200.680353     -1.194   0.021367    15.3348    -1.8148     -1.184     0.0171    -0.9369 -9.990e-29
 200.680359     -1.190   0.021367    15.3378    -1.8155     -1.180     0.0171    -0.9374 -9.990e-29
 200.680365     -1.188   0.021367    15.3449    -1.8159     -1.178     0.0171    -0.9385 -9.990e-29
 200.680370     -1.188   0.021368    15.3511    -1.8164     -1.178     0.0171    -0.9394 -9.990e-29
 200.680376     -1.190   0.021368    15.3548    -1.8169     -1.180     0.0171    -0.9400 -9.990e-29
 200.680382     -1.193   0.021368    15.3585    -1.8170     -1.183     0.0171    -0.9406 -9.990e-29
 200.680388     -1.195   0.021368    15.3614    -1.8172     -1.185     0.0171    -0.9410 -9.990e-29
 200.680394     -1.190   0.021369    15.3591    -1.8170     -1.180     0.0171    -0.9407 -9.990e-29
 200.680399     -1.183   0.021370    15.3506    -1.8169     -1.173     0.0171    -0.9393 -9.990e-29
 200.680405     -1.177   0.021374    15.3382    -1.8178     -1.167     0.0171    -0.9374 -9.990e-29
 200.680411     -1.173   0.021385    15.3243    -1.8183     -1.163     0.0171    -0.9353 -9.990e-29
 200.680417     -1.169   0.021416    15.3112    -1.8186     -1.159     0.0171    -0.9332 -9.990e-29
 200.680422     -1.167   0.021509    15.2993    -1.8190     -1.157     0.0171    -0.9314 -9.990e-29
 200.680428     -1.164   0.021787    15.2896    -1.8190     -1.154     0.0173    -0.9298 -9.990e-29
 200.680434     -1.162   0.022068    15.2831    -1.8189     -1.152     0.0174    -0.9286 -9.990e-29
 200.680440     -1.160   0.022171    15.2797    -1.8186     -1.150     0.0175    -0.9281 -9.990e-29
 200.680446     -1.159   0.022233    15.2781    -1.8187     -1.149     0.0175    -0.9278 -9.990e-29
 200.680451     -1.157   0.022336    15.2734    -1.8197     -1.147     0.0175    -0.9270 -9.990e-29
 200.680457     -1.155   0.022617    15.2629    -1.8205     -1.145     0.0177    -0.9253 -9.990e-29
 200.680463     -1.153   0.022896    15.2512    -1.8205     -1.143     0.0178    -0.9234 -9.990e-29
 200.680469     -1.150   0.022991    15.2416    -1.8223     -1.140     0.0179    -0.9219 -9.990e-29
 200.680475     -1.147   0.023028    15.2350    -1.8249     -1.137     0.0179    -0.9209 -9.990e-29
 200.680480     -1.143   0.023056    15.2323    -1.8526     -1.133     0.0179    -0.9204 -9.990e-29
 200.680486     -1.138   0.023113    15.2324    -2.0107     -1.129     0.0179    -0.9204 -9.990e-29
 200.680492     -1.132   0.023275    15.2310    -2.0518     -1.123     0.0180    -0.9201 -9.990e-29
 200.680498     -1.124   0.023756    15.2212    -1.6731     -1.115     0.0183    -0.9185 -9.990e-29
 200.680503     -1.114   0.025199    15.1988    -1.6809     -1.105     0.0190    -0.9144 -9.990e-29
 200.680509     -1.101   0.029528    15.1600    -1.6827     -1.092     0.0213    -0.9067 -9.990e-29
 200.680515     -1.085   0.041406    15.0757    -1.6769     -1.076     0.0276    -0.8890 -9.990e-29
 200.680521     -1.063   0.074453    14.8563    -1.6726     -1.054     0.0461    -0.8416 -9.990e-29
 200.680527     -1.036   0.171069    14.2635    -1.6702     -1.027     0.1036    -0.7105 -9.990e-29
 200.680532     -1.001   0.458411    13.0148    -1.6720     -0.993     0.2903    -0.3966 -9.990e-29
 200.680538     -0.960   1.316279    11.4487    -1.6737     -0.952     0.9057     0.2689 -9.990e-29
 200.680544     -0.915   2.804162    10.3438    -1.6714     -0.907     2.0694     1.2922 -9.990e-29
 200.680550     -0.858   5.354769     9.8176    -1.6658     -0.851     4.1766     2.9881 -9.990e-29
 200.680556     -0.787  12.700970     9.5410    -1.6670     -0.780    10.6486     8.0565 -9.990e-29
 200.680561     -0.709  24.092728     9.4027    -1.6695     -0.703    21.4569    16.4836 -9.990e-29
 200.680567     -0.637  31.813278     9.3830    -1.6704     -0.632    29.1540    22.4871 -9.990e-29
 200.680573     -0.579  34.517546     9.4242    -1.6690     -0.574    31.8754    24.6061 -9.990e-29
 200.680579     -0.535  35.556111     9.4707    -1.6684     -0.531    32.8996    25.3990 -9.990e-29
 200.680584     -0.504  35.970737     9.4960    -1.6674     -0.500    33.3029    25.7101 -9.990e-29
 200.680590     -0.477  36.089966     9.5110    -1.6632     -0.473    33.4116    25.7926 -9.990e-29
 200.680596     -0.450  36.079710     9.5359    -1.6646     -0.446    33.3779    25.7622 -9.990e-29
 200.680602     -0.425  36.073200     9.5632    -1.6640     -0.421    33.3458    25.7326 -9.990e-29
 200.680608     -0.404  36.145389     9.5861    -1.6669     -0.401    33.3986    25.7702 -9.990e-29
 200.680613     -0.391  36.238211     9.6079    -1.6672     -0.388    33.4737    25.8253 -9.990e-29
 200.680619     -0.390  36.215855     9.6272    -1.6674     -0.387    33.4327    25.7901 -9.990e-29
 200.680625     -0.395  36.096316     9.6472    -1.6652     -0.392    33.2915    25.6765 -9.990e-29
 200.680631     -0.398  36.012127     9.6703    -1.6662     -0.395    33.1838    25.5886 -9.990e-29
 200.680637     -0.387  35.995697     9.6914    -1.6673     -0.384    33.1475    25.5567 -9.990e-29
 200.680642     -0.358  36.016935     9.7061    -1.6633     -0.355    33.1557    25.5607 -9.990e-29
 200.680648     -0.320  36.089258     9.7153    -1.6627     -0.317    33.2212    25.6104 -9.990e-29
 200.680654     -0.284  36.178300     9.7187    -1.6667     -0.282    33.3092    25.6786 -9.990e-29
 200.680660     -0.257  36.199763     9.7155    -1.6653     -0.255    33.3341    25.6986 -9.990e-29
 200.680666     -0.241  36.151682     9.7099    -1.6639     -0.239    33.2901    25.6651 -9.990e-29
 200.680671     -0.231  36.081017     9.6981    -1.6625     -0.229    33.2286    25.6190 -9.990e-29
 200.680677     -0.218  36.040439     9.6744    -1.6634     -0.216    33.2089    25.6075 -9.990e-29
 200.680683     -0.200  36.079069     9.6552    -1.6656     -0.198    33.2663    25.6555 -9.990e-29
 200.680689     -0.186  36.176400     9.6584    -1.6655     -0.184    33.3631    25.7306 -9.990e-29
