data/oxygen options/ONMS/Olympic_Coast_National_Marine_Sanctuary_CTD_Data_2005_2023/raw_data/2023/CAST_KL027_230717faed.cnv
* Sea-Bird SBE 19 Data File:
* FileName = C:\Users\OCNMS.Inst\Documents\2023 Mooring Data\Casts\CAST_KL027_230717.hex
* Software Version SeatermAF 2.1.4.55
* Temperature SN = 2997
* Conductivity SN = 2997
* System UpLoad Time = Jul 18 2023 00:01:13 (localtime) = Jul 18 2023 00:01:13 (UTC)
** CAST_KL027_230717
* ds
# nquan = 9                                 
# nvalues = 1184                        
# units = specified
# name 0 = timeJ: Julian Days
# name 1 = prSM: Pressure, Strain Gauge [db]
# name 2 = c0mS/cm: Conductivity [mS/cm]
# name 3 = t090C: Temperature [ITS-90, deg C]
# name 4 = sbeox0ML/L: Oxygen, SBE 43 [ml/l]
# name 5 = depSM: Depth [salt water, m], lat = 47.5
# name 6 = sal00: Salinity, Practical [PSU]
# name 7 = sigma-é00: Density [sigma-theta, kg/m^3]
# name 8 = flag: flag
# span 0 = 198.990521, 198.997367       
# span 1 =     -6.263,     26.057       
# span 2 =   0.530686,  42.157920       
# span 3 =     8.0045,    21.8607       
# span 4 =    -1.6523,     9.8224       
# span 5 =     -6.211,     25.838       
# span 6 =     0.2746,    35.9432       
# span 7 =    -1.9858,    27.0815       
# span 8 = 0.0000e+00, 0.0000e+00       
# interval = seconds: 0.5
# start_time = Jul 17 2023 23:46:21 [Instrument's time stamp, header]
# bad_flag = -9.990e-29
*END*
[from data line 801]
 198.995156      0.607  39.009580    12.8880     4.2815      0.602    33.2393    25.0512 -9.990e-29
 198.995162      0.603  38.898877    12.8024     4.2583      0.598    33.2093    25.0447 -9.990e-29
 198.995168      0.608  38.893458    12.7926     4.2428      0.603    33.2128    25.0493 -9.990e-29
 198.995174      0.622  38.931150    12.8186     4.2380      0.617    33.2258    25.0543 -9.990e-29
 198.995179      0.642  38.968614    12.8503     4.2845      0.637    33.2335    25.0541 -9.990e-29
 198.995185      0.662  39.004249    12.8696     4.3374      0.656    33.2504    25.0634 -9.990e-29
 198.995191      0.677  39.004322    12.8678     4.3675      0.671    33.2520    25.0650 -9.990e-29
 198.995197      0.689  38.961084    12.8676     4.3498      0.683    33.2111    25.0333 -9.990e-29
 198.995203      0.699  38.936224    12.8786     4.3237      0.693    33.1778    25.0054 -9.990e-29
 198.995208      0.707  38.952054    12.9004     4.3157      0.701    33.1737    24.9979 -9.990e-29
 198.995214      0.719  39.006697    12.9702     4.3252      0.713    33.1643    24.9769 -9.990e-29
 198.995220      0.738  39.148350    13.1325     4.3323      0.732    33.1563    24.9386 -9.990e-29
 198.995226      0.758  39.374245    13.3379     4.2988      0.752    33.1897    24.9234 -9.990e-29
 198.995231      0.767  39.567566    13.4699     4.2653      0.761    33.2560    24.9481 -9.990e-29
 198.995237      0.761  39.648212    13.4943     4.2564      0.755    33.3103    24.9852 -9.990e-29
 198.995243      0.745  39.650347    13.4778     4.2464      0.739    33.3267    25.0012 -9.990e-29
 198.995249      0.726  39.643518    13.4795     4.2477      0.720    33.3189    24.9948 -9.990e-29
 198.995255      0.711  39.645506    13.4929     4.2567      0.705    33.3090    24.9845 -9.990e-29
 198.995260      0.707  39.628121    13.4805     4.2569      0.701    33.3036    24.9827 -9.990e-29
 198.995266      0.716  39.502051    13.4086     4.2622      0.710    33.2481    24.9544 -9.990e-29
 198.995272      0.727  39.263374    13.2897     4.2667      0.721    33.1275    24.8850 -9.990e-29
 198.995278      0.739  39.092550    13.1625     4.2875      0.733    33.0774    24.8716 -9.990e-29
 198.995284      0.752  39.030195    13.0398     4.2883      0.746    33.1256    24.9332 -9.990e-29
 198.995289      0.766  38.982489    12.9540     4.2768      0.760    33.1555    24.9733 -9.990e-29
 198.995295      0.779  38.945182    12.9398     4.2804      0.772    33.1326    24.9584 -9.990e-29
 198.995301      0.782  38.949180    12.9686     4.2246      0.775    33.1112    24.9361 -9.990e-29
 198.995307      0.775  38.970092    13.0015     4.2417      0.769    33.1022    24.9227 -9.990e-29
 198.995313      0.768  38.987605    13.0281     4.2412      0.762    33.0955    24.9123 -9.990e-29
 198.995318      0.763  39.021150    13.0362     4.2847      0.757    33.1202    24.9298 -9.990e-29
 198.995324      0.760  39.033648    13.0024     4.3219      0.754    33.1616    24.9685 -9.990e-29
 198.995330      0.760  38.984607    12.9326     4.2985      0.754    33.1763    24.9936 -9.990e-29
 198.995336      0.761  38.933023    12.8804     4.3419      0.755    33.1732    25.0015 -9.990e-29
 198.995341      0.760  38.937288    12.8670     4.3271      0.754    33.1890    25.0163 -9.990e-29
 198.995347      0.753  38.967762    12.8798     4.3520      0.747    33.2067    25.0275 -9.990e-29
 198.995353      0.747  39.014070    12.9414     4.3797      0.741    33.1966    25.0076 -9.990e-29
 198.995359      0.752  39.130665    13.0996     4.3470      0.746    33.1683    24.9544 -9.990e-29
 198.995365      0.762  39.338520    13.3256     4.3069      0.756    33.1669    24.9082 -9.990e-29
 198.995370      0.775  39.560643    13.5129     4.2948      0.769    33.2121    24.9054 -9.990e-29
 198.995376      0.786  39.710503    13.6177     4.2677      0.779    33.2610    24.9220 -9.990e-29
 198.995382      0.788  39.796314    13.6609     4.2396      0.781    33.3035    24.9461 -9.990e-29
 198.995388      0.777  39.860787    13.6699     4.2198      0.771    33.3559    24.9847 -9.990e-29
 198.995394      0.756  39.913682    13.6490     4.2145      0.750    33.4235    25.0412 -9.990e-29
 198.995399      0.738  39.930813    13.5777     4.2116      0.732    33.5020    25.1165 -9.990e-29
 198.995405      0.728  39.859361    13.4610     4.2323      0.722    33.5375    25.1676 -9.990e-29
 198.995411      0.723  39.675358    13.3040     4.2775      0.717    33.5027    25.1724 -9.990e-29
 198.995417      0.722  39.425497    13.0943     4.2757      0.716    33.4517    25.1749 -9.990e-29
 198.995422      0.729  39.168107    12.8495     4.2679      0.723    33.4239    25.2017 -9.990e-29
 198.995428      0.740  38.919602    12.6365     4.2525      0.734    33.3756    25.2059 -9.990e-29
 198.995434      0.748  38.722361    12.5247     4.2392      0.742    33.2859    25.1581 -9.990e-29
 198.995440      0.745  38.642219    12.5087     4.2458      0.739    33.2233    25.1126 -9.990e-29
 198.995446      0.729  38.639500    12.5408     4.2445      0.723    33.1923    25.0824 -9.990e-29
 198.995451      0.714  38.639399    12.5745     4.2604      0.708    33.1625    25.0528 -9.990e-29
 198.995457      0.711  38.612640    12.5314     4.2565      0.705    33.1749    25.0707 -9.990e-29
 198.995463      0.720  38.530830    12.3922     4.2651      0.714    33.2195    25.1321 -9.990e-29
 198.995469      0.733  38.417676    12.2506     4.2585      0.727    33.2363    25.1721 -9.990e-29
 198.995475      0.742  38.340788    12.1762     4.2538      0.736    33.2282    25.1800 -9.990e-29
 198.995480      0.739  38.319173    12.1539     4.2667      0.733    33.2271    25.1834 -9.990e-29
 198.995486      0.724  38.319489    12.1504     4.2232      0.718    33.2306    25.1867 -9.990e-29
 198.995492      0.709  38.316924    12.1628     4.2699      0.703    33.2171    25.1739 -9.990e-29
 198.995498      0.701  38.318695    12.1923     4.2774      0.695    33.1926    25.1493 -9.990e-29
 198.995503      0.700  38.335558    12.2184     4.3108      0.694    33.1857    25.1390 -9.990e-29
 198.995509      0.706  38.356375    12.2312     4.3049      0.700    33.1944    25.1433 -9.990e-29
 198.995515      0.715  38.365199    12.2373     4.2284      0.709    33.1975    25.1445 -9.990e-29
 198.995521      0.724  38.395641    12.2498     4.2604      0.718    33.2157    25.1563 -9.990e-29
 198.995527      0.732  38.476516    12.2901     4.2547      0.726    33.2579    25.1813 -9.990e-29
 198.995532      0.740  38.572784    12.3701     4.3255      0.734    33.2795    25.1828 -9.990e-29
 198.995538      0.749  38.661523    12.4720     4.3666      0.743    33.2743    25.1592 -9.990e-29
 198.995544      0.760  38.737786    12.5581     4.3449      0.754    33.2711    25.1401 -9.990e-29
 198.995550      0.769  38.786166    12.6017     4.3132      0.763    33.2788    25.1377 -9.990e-29
 198.995556      0.771  38.806189    12.6160     4.2745      0.765    33.2853    25.1399 -9.990e-29
 198.995561      0.772  38.829601    12.6455     4.2963      0.766    33.2816    25.1313 -9.990e-29
 198.995567      0.777  38.908343    12.7342     4.3223      0.771    33.2784    25.1116 -9.990e-29
 198.995573      0.784  39.113775    12.9280     4.3686      0.777    33.3029    25.0926 -9.990e-29
 198.995579      0.795  39.411618    13.1928     4.3651      0.788    33.3519    25.0780 -9.990e-29
 198.995584      0.805  39.608403    13.3936     4.3203      0.798    33.3610    25.0447 -9.990e-29
 198.995590      0.808  39.638175    13.5016     4.2826      0.801    33.2945    24.9715 -9.990e-29
 198.995596      0.800  39.644350    13.6205     4.2522      0.793    33.1968    24.8718 -9.990e-29
 198.995602      0.782  39.722608    13.7802     4.2578      0.775    33.1313    24.7886 -9.990e-29
 198.995608      0.765  39.848960    13.8989     4.2698      0.759    33.1462    24.7757 -9.990e-29
 198.995613      0.753  39.997991    13.9347     4.2908      0.747    33.2534    24.8511 -9.990e-29
 198.995619      0.757  40.040596    13.8835     4.3206      0.751    33.3374    24.9266 -9.990e-29
 198.995625      0.775  39.876116    13.7521     4.3211      0.769    33.2986    24.9236 -9.990e-29
 198.995631      0.796  39.679206    13.6319     4.3141      0.789    33.2194    24.8870 -9.990e-29
 198.995637      0.809  39.582381    13.5840     4.2639      0.802    33.1706    24.8590 -9.990e-29
 198.995642      0.809  39.565209    13.5830     4.2136      0.802    33.1554    24.8474 -9.990e-29
 198.995648      0.798  39.597468    13.6031     4.1812      0.791    33.1681    24.8532 -9.990e-29
 198.995654      0.779  39.621289    13.6258     4.1837      0.772    33.1707    24.8505 -9.990e-29
 198.995660      0.763  39.618554    13.6067     4.2047      0.757    33.1847    24.8652 -9.990e-29
 198.995666      0.762  39.563199    13.5012     4.2396      0.756    33.2247    24.9175 -9.990e-29
 198.995671      0.776  39.413915    13.3218     4.2275      0.770    33.2410    24.9664 -9.990e-29
 198.995677      0.798  39.194672    13.1092     4.2390      0.791    33.2204    24.9928 -9.990e-29
 198.995683      0.820  38.926347    12.9204     4.2364      0.813    33.1317    24.9615 -9.990e-29
 198.995689      0.835  38.680882    12.8193     4.2554      0.828    32.9871    24.8693 -9.990e-29
 198.995694      0.839  38.563478    12.8067     4.2722      0.832    32.8866    24.7939 -9.990e-29
 198.995700      0.834  38.543607    12.8327     4.2322      0.827    32.8451    24.7567 -9.990e-29
 198.995706      0.823  38.541526    12.8292     4.2777      0.816    32.8461    24.7582 -9.990e-29
 198.995712      0.813  38.530923    12.7314     4.2802      0.806    32.9213    24.8355 -9.990e-29
 198.995718      0.809  38.484216    12.5561     4.2772      0.802    33.0303    24.9538 -9.990e-29
 198.995723      0.811  38.423726    12.3989     4.2832      0.804    33.1107    25.0464 -9.990e-29
 198.995729      0.817  38.418359    12.3287     4.2648      0.810    33.1676    25.1040 -9.990e-29
 198.995735      0.829  38.473232    12.3336     4.2987      0.822    33.2161    25.1406 -9.990e-29
 198.995741      0.848  38.549975    12.3637     4.3120      0.841    33.2632    25.1714 -9.990e-29
 198.995747      0.871  38.592338    12.3863     4.3157      0.864    33.2838    25.1831 -9.990e-29
 198.995752      0.885  38.590128    12.3911     4.3134      0.878    33.2774    25.1772 -9.990e-29
 198.995758      0.884  38.590263    12.3826     4.2773      0.877    33.2851    25.1848 -9.990e-29
 198.995764      0.875  38.606361    12.3905     4.2733      0.868    33.2936    25.1898 -9.990e-29
 198.995770      0.872  38.656517    12.4461     4.2901      0.865    33.2924    25.1782 -9.990e-29
 198.995775      0.877  38.768374    12.5563     4.2914      0.870    33.3019    25.1644 -9.990e-29
 198.995781      0.888  38.911209    12.6912     4.2857      0.881    33.3191    25.1515 -9.990e-29
 198.995787      0.897  39.012690    12.7937     4.2654      0.890    33.3252    25.1362 -9.990e-29
 198.995793      0.899  39.047328    12.8405     4.2565      0.891    33.3169    25.1206 -9.990e-29
 198.995799      0.896  39.049000    12.8612     4.2644      0.889    33.3002    25.1036 -9.990e-29
 198.995804      0.890  39.063092    12.8946     4.3059      0.883    33.2842    25.0846 -9.990e-29
 198.995810      0.890  39.102222    12.9584     4.3174      0.883    33.2652    25.0574 -9.990e-29
 198.995816      0.896  39.183812    13.0313     4.3189      0.889    33.2784    25.0532 -9.990e-29
 198.995822      0.900  39.264792    13.0834     4.3059      0.892    33.3092    25.0668 -9.990e-29
 198.995828      0.898  39.265424    13.1462     4.2882      0.891    33.2547    25.0121 -9.990e-29
 198.995833      0.890  39.272290    13.2829     4.2744      0.883    33.1417    24.8973 -9.990e-29
 198.995839      0.879  39.343852    13.4671     4.2671      0.872    33.0488    24.7885 -9.990e-29
 198.995845      0.874  39.409657    13.5865     4.2525      0.867    33.0071    24.7320 -9.990e-29
 198.995851      0.878  39.461645    13.5880     4.2606      0.871    33.0543    24.7682 -9.990e-29
 198.995856      0.887  39.488475    13.5004     4.2577      0.880    33.1553    24.8641 -9.990e-29
 198.995862      0.898  39.433476    13.3731     4.2834      0.891    33.2146    24.9356 -9.990e-29
 198.995868      0.912  39.337617    13.2630     4.3143      0.904    33.2206    24.9623 -9.990e-29
 198.995874      0.924  39.261892    13.1901     4.3110      0.916    33.2130    24.9710 -9.990e-29
 198.995880      0.932  39.200553    13.1448     4.3035      0.924    33.1947    24.9659 -9.990e-29
 198.995885      0.935  39.176004    13.1331     4.2435      0.927    33.1818    24.9582 -9.990e-29
 198.995891      0.935  39.194714    13.1494     4.2602      0.927    33.1852    24.9576 -9.990e-29
 198.995897      0.931  39.217175    13.1722     4.2856      0.923    33.1864    24.9540 -9.990e-29
 198.995903      0.927  39.236900    13.1884     4.3016      0.919    33.1909    24.9542 -9.990e-29
 198.995909      0.927  39.253288    13.1887     4.3144      0.919    33.2061    24.9659 -9.990e-29
 198.995914      0.927  39.232713    13.1528     4.2810      0.919    33.2181    24.9824 -9.990e-29
 198.995920      0.923  39.158381    13.0681     4.2652      0.915    33.2220    25.0023 -9.990e-29
 198.995926      0.918  39.064534    12.9718     4.2593      0.910    33.2176    25.0179 -9.990e-29
 198.995932      0.917  38.994686    12.9130     4.2788      0.909    33.2030    25.0182 -9.990e-29
 198.995938      0.919  38.958216    12.8898     4.2719      0.911    33.1888    25.0117 -9.990e-29
 198.995943      0.925  38.947365    12.8704     4.2792      0.917    33.1955    25.0207 -9.990e-29
 198.995949      0.931  38.935321    12.8301     4.2988      0.923    33.2195    25.0472 -9.990e-29
 198.995955      0.933  38.891444    12.7600     4.2993      0.925    33.2395    25.0764 -9.990e-29
 198.995961      0.930  38.823336    12.6894     4.3028      0.922    33.2368    25.0881 -9.990e-29
 198.995966      0.924  38.760635    12.6655     4.2988      0.916    33.1980    25.0627 -9.990e-29
 198.995972      0.917  38.744659    12.6852     4.2815      0.909    33.1654    25.0336 -9.990e-29
 198.995978      0.918  38.782091    12.7132     4.3113      0.910    33.1765    25.0367 -9.990e-29
 198.995984      0.932  38.829823    12.7402     4.3317      0.924    33.1982    25.0483 -9.990e-29
 198.995990      0.958  38.865209    12.7671     4.3242      0.950    33.2082    25.0508 -9.990e-29
 198.995995      0.994  38.886120    12.7868     4.3101      0.986    33.2108    25.0489 -9.990e-29
 198.996001      1.035  38.898019    12.7997     4.2903      1.026    33.2107    25.0464 -9.990e-29
 198.996007      1.078  38.910041    12.8112     4.2796      1.069    33.2120    25.0451 -9.990e-29
 198.996013      1.131  38.923082    12.8221     4.2848      1.122    33.2148    25.0451 -9.990e-29
 198.996019      1.204  38.937153    12.8371     4.2708      1.194    33.2150    25.0423 -9.990e-29
 198.996024      1.309  38.963161    12.8582     4.2653      1.298    33.2211    25.0429 -9.990e-29
 198.996030      1.446  38.988150    12.8536     4.2668      1.434    33.2488    25.0653 0.0000e+00
 198.996036      1.607  38.938411    12.7983     4.2578      1.594    33.2501    25.0772 0.0000e+00
 198.996042      1.782  38.818775    12.7265     4.2686      1.767    33.1994    25.0519 0.0000e+00
 198.996047      1.967  38.726899    12.6450     4.2752      1.951    33.1834    25.0554 0.0000e+00
 198.996053      2.168  38.650637    12.5253     4.2750      2.150    33.2161    25.1039 0.0000e+00
 198.996059      2.387  38.545988    12.3933     4.2797      2.367    33.2324    25.1419 0.0000e+00
 198.996065      2.622  38.451007    12.2919     4.2636      2.600    33.2309    25.1601 0.0000e+00
 198.996071      2.861  38.388608    12.2314     4.2102      2.837    33.2244    25.1666 0.0000e+00
