data/oxygen options/ONMS/Olympic_Coast_National_Marine_Sanctuary_CTD_Data_2005_2023/raw_data/2023/CAST_KL015_230830faed.cnv
* Sea-Bird SBE 19 Data File:
* FileName = C:\Users\OCNMS.Inst\Documents\2023 Mooring Data\Casts\CAST_KL015_230830.hex
* Software Version SeatermAF 2.1.4.55
* Temperature SN = 2997
* Conductivity SN = 2997
* System UpLoad Time = Aug 30 2023 23:05:06 (localtime) = Aug 30 2023 23:05:06 (UTC)
** CAST_KL015_230830
* ds
# nquan = 9                                 
# nvalues = 858                         
# units = specified
# name 0 = timeJ: Julian Days
# name 1 = prSM: Pressure, Strain Gauge [db]
# name 2 = c0mS/cm: Conductivity [mS/cm]
# name 3 = t090C: Temperature [ITS-90, deg C]
# name 4 = sbeox0ML/L: Oxygen, SBE 43 [ml/l]
# name 5 = depSM: Depth [salt water, m], lat = 47.5
# name 6 = sal00: Salinity, Practical [PSU]
# name 7 = sigma-é00: Density [sigma-theta, kg/m^3]
# name 8 = flag: flag
# span 0 = 242.926725, 242.931684       
# span 1 =     -6.402,     13.710       
# span 2 =   0.555924,  42.773065       
# span 3 =    11.9657,    19.4423       
# span 4 =    -1.6847,    13.9946       
# span 5 =     -6.349,     13.595       
# span 6 =     0.3062,    33.6120       
# span 7 =    -1.4464,    25.2605       
# span 8 = 0.0000e+00, 0.0000e+00       
# interval = seconds: 0.5
# start_time = Aug 30 2023 22:14:29 [Instrument's time stamp, header]
# bad_flag = -9.990e-29
*END*
 242.926725     -6.402 -9.990e-29    19.0898    -1.6788     -6.349 -9.990e-29 -9.990e-29 -9.990e-29
 242.926730     -6.365   0.572683    19.1039    -1.6789     -6.312     0.3156    -1.3721 -9.990e-29
 242.926736     -6.329   0.572682    19.1163    -1.6789     -6.276     0.3155    -1.3746 -9.990e-29
 242.926742     -6.296   0.572682    19.1261    -1.6784     -6.244     0.3155    -1.3766 -9.990e-29
 242.926748     -6.265   0.572682    19.1337    -1.6781     -6.213     0.3154    -1.3782 -9.990e-29
 242.926753     -6.232   0.572681    19.1382    -1.6781     -6.180     0.3154    -1.3791 -9.990e-29
 242.926759     -6.197   0.572679    19.1382    -1.6786     -6.145     0.3154    -1.3791 -9.990e-29
 242.926765     -6.156   0.572673    19.1343    -1.6786     -6.105     0.3154    -1.3783 -9.990e-29
 242.926771     -6.112   0.572658    19.1290    -1.6787     -6.061     0.3154    -1.3772 -9.990e-29
 242.926777     -6.071   0.572616    19.1248    -1.6785     -6.020     0.3154    -1.3764 -9.990e-29
 242.926782     -6.033   0.572492    19.1239    -1.6783     -5.983     0.3154    -1.3762 -9.990e-29
 242.926788     -5.997   0.572121    19.1274    -1.6778     -5.947     0.3151    -1.3771 -9.990e-29
 242.926794     -5.964   0.571566    19.1341    -1.6773     -5.914     0.3148    -1.3787 -9.990e-29
 242.926800     -5.937   0.571196    19.1393    -1.6770     -5.888     0.3145    -1.3799 -9.990e-29
 242.926806     -5.909   0.571073    19.1391    -1.6765     -5.860     0.3145    -1.3799 -9.990e-29
 242.926811     -5.880   0.571035    19.1350    -1.6765     -5.831     0.3145    -1.3791 -9.990e-29
 242.926817     -5.851   0.571032    19.1320    -1.6765     -5.802     0.3145    -1.3785 -9.990e-29
 242.926823     -5.821   0.571063    19.1323    -1.6764     -5.773     0.3145    -1.3786 -9.990e-29
 242.926829     -5.791   0.571170    19.1365    -1.6763     -5.743     0.3145    -1.3794 -9.990e-29
 242.926834     -5.765   0.571497    19.1447    -1.6764     -5.717     0.3147    -1.3809 -9.990e-29
 242.926840     -5.740   0.571927    19.1561    -1.6769     -5.692     0.3148    -1.3830 -9.990e-29
 242.926846     -5.716   0.571926    19.1688    -1.6780     -5.668     0.3147    -1.3856 -9.990e-29
 242.926852     -5.690   0.571494    19.1807    -1.6786     -5.643     0.3144    -1.3882 -9.990e-29
 242.926858     -5.661   0.571164    19.1903    -1.6794     -5.614     0.3141    -1.3903 -9.990e-29
 242.926863     -5.627   0.571053    19.1960    -1.6802     -5.580     0.3140    -1.3915 -9.990e-29
 242.926869     -5.590   0.571015    19.1987    -1.6812     -5.543     0.3140    -1.3921 -9.990e-29
 242.926875     -5.556   0.571002    19.1999    -1.6816     -5.510     0.3140    -1.3923 -9.990e-29
 242.926881     -5.528   0.570997    19.1985    -1.6817     -5.482     0.3140    -1.3921 -9.990e-29
 242.926887     -5.503   0.570994    19.1915    -1.6816     -5.457     0.3140    -1.3906 -9.990e-29
 242.926892     -5.481   0.570992    19.1762    -1.6813     -5.435     0.3141    -1.3875 -9.990e-29
 242.926898     -5.459   0.570990    19.1544    -1.6808     -5.414     0.3143    -1.3831 -9.990e-29
 242.926904     -5.436   0.570984    19.1311    -1.6804     -5.391     0.3145    -1.3783 -9.990e-29
 242.926910     -5.412   0.570970    19.1076    -1.6803     -5.367     0.3146    -1.3736 -9.990e-29
 242.926916     -5.383   0.570928    19.0836    -1.6798     -5.338     0.3148    -1.3687 -9.990e-29
 242.926921     -5.349   0.570804    19.0622    -1.6795     -5.304     0.3149    -1.3644 -9.990e-29
 242.926927     -5.312   0.570434    19.0484    -1.6788     -5.268     0.3147    -1.3618 -9.990e-29
 242.926933     -5.277   0.569881    19.0437    -1.6784     -5.233     0.3145    -1.3611 -9.990e-29
 242.926939     -5.247   0.569520    19.0464    -1.6783     -5.203     0.3142    -1.3618 -9.990e-29
 242.926944     -5.220   0.569423    19.0543    -1.6780     -5.177     0.3141    -1.3634 -9.990e-29
 242.926950     -5.195   0.569463    19.0650    -1.6779     -5.152     0.3141    -1.3656 -9.990e-29
 242.926956     -5.169   0.569695    19.0755    -1.6775     -5.126     0.3141    -1.3676 -9.990e-29
 242.926962     -5.141   0.569874    19.0858    -1.6773     -5.098     0.3142    -1.3696 -9.990e-29
 242.926968     -5.109   0.569686    19.0976    -1.6775     -5.066     0.3140    -1.3721 -9.990e-29
 242.926973     -5.076   0.569438    19.1110    -1.6777     -5.034     0.3137    -1.3749 -9.990e-29
 242.926979     -5.047   0.569355    19.1249    -1.6780     -5.005     0.3136    -1.3778 -9.990e-29
 242.926985     -5.022   0.569326    19.1366    -1.6778     -4.980     0.3135    -1.3802 -9.990e-29
 242.926991     -4.993   0.569316    19.1451    -1.6774     -4.951     0.3134    -1.3819 -9.990e-29
 242.926997     -4.965   0.569311    19.1524    -1.6774     -4.924     0.3134    -1.3834 -9.990e-29
 242.927002     -4.938   0.569309    19.1595    -1.6776     -4.897     0.3133    -1.3848 -9.990e-29
 242.927008     -4.912   0.569308    19.1659    -1.6779     -4.871     0.3133    -1.3861 -9.990e-29
 242.927014     -4.885   0.569307    19.1691    -1.6779     -4.844     0.3132    -1.3868 -9.990e-29
 242.927020     -4.855   0.569306    19.1681    -1.6776     -4.815     0.3132    -1.3866 -9.990e-29
 242.927025     -4.820   0.569305    19.1649    -1.6775     -4.780     0.3133    -1.3859 -9.990e-29
 242.927031     -4.782   0.569303    19.1631    -1.6774     -4.742     0.3133    -1.3856 -9.990e-29
 242.927037     -4.748   0.569301    19.1656    -1.6768     -4.708     0.3133    -1.3861 -9.990e-29
 242.927043     -4.719   0.569296    19.1701    -1.6766     -4.680     0.3132    -1.3870 -9.990e-29
 242.927049     -4.693   0.569282    19.1714    -1.6763     -4.654     0.3132    -1.3873 -9.990e-29
 242.927054     -4.674   0.569243    19.1683    -1.6760     -4.635     0.3132    -1.3866 -9.990e-29
 242.927060     -4.665   0.569128    19.1647    -1.6758     -4.626     0.3132    -1.3860 -9.990e-29
 242.927066     -4.659   0.568784    19.1645    -1.6759     -4.620     0.3130    -1.3861 -9.990e-29
 242.927072     -4.654   0.568311    19.1681    -1.6762     -4.615     0.3127    -1.3870 -9.990e-29
 242.927078     -4.644   0.568187    19.1739    -1.6762     -4.605     0.3126    -1.3882 -9.990e-29
 242.927083     -4.624   0.568247    19.1817    -1.6762     -4.585     0.3125    -1.3898 -9.990e-29
 242.927089     -4.597   0.568020    19.1914    -1.6765     -4.559     0.3124    -1.3919 -9.990e-29
 242.927095     -4.567   0.567759    19.2007    -1.6771     -4.529     0.3121    -1.3939 -9.990e-29
 242.927101     -4.534   0.567671    19.2092    -1.6775     -4.496     0.3120    -1.3957 -9.990e-29
 242.927106     -4.503   0.567641    19.2167    -1.6782     -4.465     0.3120    -1.3972 -9.990e-29
 242.927112     -4.469   0.567630    19.2210    -1.6788     -4.432     0.3119    -1.3981 -9.990e-29
 242.927118     -4.436   0.567625    19.2207    -1.6789     -4.399     0.3119    -1.3980 -9.990e-29
 242.927124     -4.406   0.567623    19.2174    -1.6788     -4.369     0.3119    -1.3973 -9.990e-29
 242.927130     -4.377   0.567622    19.2141    -1.6787     -4.341     0.3120    -1.3967 -9.990e-29
 242.927135     -4.347   0.567621    19.2098    -1.6785     -4.311     0.3120    -1.3958 -9.990e-29
 242.927141     -4.314   0.567620    19.2011    -1.6785     -4.278     0.3121    -1.3940 -9.990e-29
 242.927147     -4.280   0.567619    19.1881    -1.6784     -4.244     0.3121    -1.3914 -9.990e-29
 242.927153     -4.252   0.567618    19.1730    -1.6782     -4.217     0.3123    -1.3883 -9.990e-29
 242.927159     -4.232   0.567617    19.1571    -1.6776     -4.197     0.3124    -1.3851 -9.990e-29
 242.927164     -4.215   0.567615    19.1443    -1.6770     -4.180     0.3125    -1.3825 -9.990e-29
 242.927170     -4.195   0.567613    19.1383    -1.6767     -4.160     0.3125    -1.3812 -9.990e-29
 242.927176     -4.175   0.567607    19.1378    -1.6762     -4.140     0.3125    -1.3811 -9.990e-29
 242.927182     -4.159   0.567592    19.1398    -1.6759     -4.124     0.3125    -1.3815 -9.990e-29
 242.927188     -4.145   0.567550    19.1427    -1.6759     -4.110     0.3124    -1.3822 -9.990e-29
 242.927193     -4.132   0.567426    19.1464    -1.6757     -4.098     0.3123    -1.3830 -9.990e-29
 242.927199     -4.120   0.567055    19.1519    -1.6754     -4.086     0.3121    -1.3842 -9.990e-29
 242.927205     -4.108   0.566500    19.1609    -1.6752     -4.074     0.3117    -1.3863 -9.990e-29
 242.927211     -4.095   0.566129    19.1741    -1.6752     -4.061     0.3114    -1.3892 -9.990e-29
 242.927216     -4.080   0.566005    19.1888    -1.6751     -4.046     0.3112    -1.3922 -9.990e-29
 242.927222     -4.062   0.565963    19.2021    -1.6751     -4.028     0.3111    -1.3949 -9.990e-29
 242.927228     -4.045   0.565948    19.2134    -1.6752     -4.011     0.3110    -1.3972 -9.990e-29
 242.927234     -4.035   0.565942    19.2218    -1.6749     -4.001     0.3110    -1.3990 -9.990e-29
 242.927240     -4.033   0.565939    19.2279    -1.6746     -3.999     0.3109    -1.4002 -9.990e-29
 242.927245     -4.029   0.565937    19.2340    -1.6744     -3.995     0.3109    -1.4015 -9.990e-29
 242.927251     -4.020   0.565936    19.2405    -1.6740     -3.986     0.3108    -1.4028 -9.990e-29
 242.927257     -4.004   0.565935    19.2460    -1.6737     -3.971     0.3108    -1.4039 -9.990e-29
 242.927263     -3.980   0.565934    19.2498    -1.6734     -3.947     0.3108    -1.4047 -9.990e-29
 242.927269     -3.951   0.565933    19.2522    -1.6727     -3.918     0.3107    -1.4052 -9.990e-29
 242.927274     -3.925   0.565932    19.2537    -1.6719     -3.892     0.3107    -1.4055 -9.990e-29
 242.927280     -3.903   0.565930    19.2561    -1.6713     -3.870     0.3107    -1.4060 -9.990e-29
 242.927286     -3.884   0.565928    19.2614    -1.6712     -3.852     0.3107    -1.4071 -9.990e-29
 242.927292     -3.866   0.565924    19.2690    -1.6712     -3.834     0.3106    -1.4086 -9.990e-29
 242.927297     -3.850   0.565914    19.2780    -1.6713     -3.818     0.3105    -1.4105 -9.990e-29
 242.927303     -3.833   0.565885    19.2887    -1.6712     -3.801     0.3105    -1.4127 -9.990e-29
 242.927309     -3.816   0.565800    19.3006    -1.6710     -3.784     0.3103    -1.4151 -9.990e-29
 242.927315     -3.800   0.565548    19.3143    -1.6712     -3.768     0.3101    -1.4181 -9.990e-29
 242.927321     -3.789   0.565348    19.3313    -1.6712     -3.757     0.3099    -1.4216 -9.990e-29
 242.927326     -3.778   0.565491    19.3496    -1.6711     -3.747     0.3098    -1.4253 -9.990e-29
 242.927332     -3.762   0.565613    19.3642    -1.6711     -3.731     0.3098    -1.4283 -9.990e-29
 242.927338     -3.741   0.565324    19.3723    -1.6716     -3.710     0.3095    -1.4301 -9.990e-29
 242.927344     -3.716   0.564796    19.3755    -1.6719     -3.685     0.3092    -1.4309 -9.990e-29
 242.927350     -3.692   0.564434    19.3770    -1.6721     -3.661     0.3090    -1.4314 -9.990e-29
 242.927355     -3.665   0.564313    19.3788    -1.6722     -3.634     0.3089    -1.4318 -9.990e-29
 242.927361     -3.640   0.564272    19.3802    -1.6722     -3.610     0.3089    -1.4321 -9.990e-29
 242.927367     -3.618   0.564257    19.3801    -1.6718     -3.588     0.3089    -1.4321 -9.990e-29
 242.927373     -3.598   0.564252    19.3797    -1.6716     -3.568     0.3089    -1.4320 -9.990e-29
 242.927378     -3.579   0.564249    19.3788    -1.6714     -3.549     0.3089    -1.4319 -9.990e-29
 242.927384     -3.560   0.564248    19.3747    -1.6714     -3.530     0.3089    -1.4310 -9.990e-29
 242.927390     -3.539   0.564247    19.3671    -1.6714     -3.509     0.3090    -1.4295 -9.990e-29
 242.927396     -3.515   0.564246    19.3592    -1.6715     -3.486     0.3090    -1.4278 -9.990e-29
 242.927402     -3.487   0.564244    19.3538    -1.6715     -3.458     0.3091    -1.4267 -9.990e-29
 242.927407     -3.457   0.564242    19.3515    -1.6718     -3.428     0.3091    -1.4262 -9.990e-29
 242.927413     -3.432   0.564236    19.3535    -1.6716     -3.403     0.3091    -1.4267 -9.990e-29
 242.927419     -3.414   0.564221    19.3595    -1.6715     -3.386     0.3090    -1.4279 -9.990e-29
 242.927425     -3.402   0.564179    19.3662    -1.6715     -3.374     0.3089    -1.4293 -9.990e-29
 242.927431     -3.392   0.564055    19.3710    -1.6718     -3.364     0.3088    -1.4303 -9.990e-29
 242.927436     -3.377   0.563684    19.3728    -1.6720     -3.349     0.3086    -1.4309 -9.990e-29
 242.927442     -3.363   0.563129    19.3726    -1.6722     -3.335     0.3083    -1.4311 -9.990e-29
 242.927448     -3.351   0.562759    19.3716    -1.6724     -3.323     0.3081    -1.4310 -9.990e-29
 242.927454     -3.342   0.562635    19.3695    -1.6723     -3.314     0.3081    -1.4306 -9.990e-29
 242.927459     -3.335   0.562594    19.3673    -1.6721     -3.307     0.3080    -1.4302 -9.990e-29
 242.927465     -3.329   0.562580    19.3672    -1.6720     -3.301     0.3080    -1.4302 -9.990e-29
 242.927471     -3.324   0.562576    19.3681    -1.6724     -3.296     0.3080    -1.4304 -9.990e-29
 242.927477     -3.319   0.562574    19.3665    -1.6726     -3.291     0.3080    -1.4300 -9.990e-29
 242.927483     -3.315   0.562573    19.3619    -1.6724     -3.287     0.3081    -1.4291 -9.990e-29
 242.927488     -3.310   0.562573    19.3558    -1.6724     -3.282     0.3081    -1.4278 -9.990e-29
 242.927494     -3.306   0.562573    19.3501    -1.6723     -3.278     0.3082    -1.4267 -9.990e-29
 242.927500     -3.300   0.562573    19.3467    -1.6720     -3.272     0.3082    -1.4260 -9.990e-29
 242.927506     -3.294   0.562573    19.3467    -1.6717     -3.267     0.3082    -1.4260 -9.990e-29
 242.927512     -3.287   0.562573    19.3483    -1.6714     -3.260     0.3082    -1.4263 -9.990e-29
 242.927517     -3.278   0.562573    19.3478    -1.6713     -3.251     0.3082    -1.4262 -9.990e-29
 242.927523     -3.266   0.562573    19.3441    -1.6711     -3.239     0.3082    -1.4254 -9.990e-29
 242.927529     -3.255   0.562572    19.3411    -1.6711     -3.228     0.3082    -1.4248 -9.990e-29
 242.927535     -3.245   0.562572    19.3417    -1.6712     -3.218     0.3082    -1.4249 -9.990e-29
 242.927541     -3.227   0.562572    19.3447    -1.6712     -3.200     0.3082    -1.4256 -9.990e-29
 242.927546     -3.198   0.562572    19.3499    -1.6712     -3.171     0.3082    -1.4266 -9.990e-29
 242.927552     -3.167   0.562572    19.3573    -1.6710     -3.141     0.3081    -1.4282 -9.990e-29
 242.927558     -3.138   0.562572    19.3655    -1.6709     -3.112     0.3080    -1.4298 -9.990e-29
 242.927564     -3.116   0.562572    19.3726    -1.6708     -3.090     0.3080    -1.4313 -9.990e-29
 242.927569     -3.098   0.562572    19.3777    -1.6708     -3.072     0.3080    -1.4323 -9.990e-29
 242.927575     -3.084   0.562572    19.3809    -1.6708     -3.058     0.3079    -1.4330 -9.990e-29
 242.927581     -3.072   0.562571    19.3821    -1.6708     -3.046     0.3079    -1.4332 -9.990e-29
 242.927587     -3.061   0.562570    19.3821    -1.6706     -3.035     0.3079    -1.4332 -9.990e-29
 242.927593     -3.052   0.562565    19.3823    -1.6703     -3.027     0.3079    -1.4333 -9.990e-29
 242.927598     -3.043   0.562551    19.3841    -1.6700     -3.018     0.3079    -1.4337 -9.990e-29
 242.927604     -3.034   0.562510    19.3876    -1.6696     -3.009     0.3079    -1.4344 -9.990e-29
 242.927610     -3.025   0.562387    19.3913    -1.6694     -3.000     0.3078    -1.4352 -9.990e-29
 242.927616     -3.014   0.562017    19.3936    -1.6692     -2.989     0.3075    -1.4359 -9.990e-29
 242.927622     -3.001   0.561463    19.3947    -1.6692     -2.976     0.3072    -1.4363 -9.990e-29
 242.927627     -2.985   0.561093    19.3959    -1.6693     -2.960     0.3070    -1.4367 -9.990e-29
 242.927633     -2.966   0.560970    19.3989    -1.6696     -2.941     0.3069    -1.4374 -9.990e-29
 242.927639     -2.942   0.560929    19.4050    -1.6701     -2.917     0.3068    -1.4387 -9.990e-29
 242.927645     -2.915   0.560915    19.4133    -1.6703     -2.891     0.3068    -1.4404 -9.990e-29
