data/oxygen options/ONMS/Olympic_Coast_National_Marine_Sanctuary_CTD_Data_2005_2023/raw_data/2023/CAST_CE042_230830faed.cnv
* Sea-Bird SBE 19 Data File:
* FileName = C:\Users\OCNMS.Inst\Documents\2023 Mooring Data\Casts\CAST_CE042_230830.hex
* Software Version SeatermAF 2.1.4.55
* Temperature SN = 2997
* Conductivity SN = 2997
* System UpLoad Time = Aug 30 2023 20:29:34 (localtime) = Aug 30 2023 20:29:34 (UTC)
** CAST_CE042_230830
* ds
# nquan = 9                                 
# nvalues = 1048                        
# units = specified
# name 0 = timeJ: Julian Days
# name 1 = prSM: Pressure, Strain Gauge [db]
# name 2 = c0mS/cm: Conductivity [mS/cm]
# name 3 = t090C: Temperature [ITS-90, deg C]
# name 4 = sbeox0ML/L: Oxygen, SBE 43 [ml/l]
# name 5 = depSM: Depth [salt water, m], lat = 47.5
# name 6 = sal00: Salinity, Practical [PSU]
# name 7 = sigma-é00: Density [sigma-theta, kg/m^3]
# name 8 = flag: flag
# span 0 = 242.733044, 242.739103       
# span 1 =     -5.991,     41.628       
# span 2 =   0.310235,  40.849666       
# span 3 =     8.0696,    16.9511       
# span 4 =    -1.7789,    14.1818       
# span 5 =     -5.941,     41.276       
# span 6 =     0.1774,    33.6757       
# span 7 =    -1.0783,    26.2239       
# span 8 = 0.0000e+00, 0.0000e+00       
# interval = seconds: 0.5
# start_time = Aug 30 2023 17:35:35 [Instrument's time stamp, header]
# bad_flag = -9.990e-29
*END*
[from data line 961]
 242.738605      8.980  36.404784    10.2822     5.5816      8.905    33.0178    25.3570 0.0000e+00
 242.738611      8.681  36.419184    10.3527     5.7823      8.608    32.9684    25.3065 0.0000e+00
 242.738617      8.373  36.454709    10.4738     5.8926      8.303    32.8945    25.2282 0.0000e+00
 242.738623      8.059  36.544787    10.6246     6.0178      7.992    32.8489    25.1666 0.0000e+00
 242.738628      7.749  36.699823    10.7803     6.0855      7.684    32.8637    25.1511 0.0000e+00
 242.738634      7.453  36.881094    10.9293     6.1289      7.391    32.9102    25.1611 0.0000e+00
 242.738640      7.169  37.024852    11.0530     6.1920      7.109    32.9419    25.1639 0.0000e+00
 242.738646      6.888  37.099429    11.1261     6.2043      6.830    32.9502    25.1574 0.0000e+00
 242.738652      6.605  37.129385    11.1580     6.3030      6.550    32.9514    25.1525 0.0000e+00
 242.738657      6.319  37.155808    11.1922     6.3785      6.266    32.9470    25.1430 0.0000e+00
 242.738663      6.028  37.210018    11.2634     6.4550      5.978    32.9369    25.1223 0.0000e+00
 242.738669      5.736  37.308273    11.3713     6.5828      5.688    32.9373    25.1032 0.0000e+00
 242.738675      5.446  37.412948    11.4776     6.7760      5.400    32.9454    25.0902 0.0000e+00
 242.738681      5.152  37.463612    11.5768     7.0024      5.109    32.9068    25.0421 0.0000e+00
 242.738686      4.848  37.505433    11.7053     7.1645      4.807    32.8338    24.9619 0.0000e+00
 242.738692      4.536  37.611556    11.8678     7.2197      4.498    32.7937    24.9006 0.0000e+00
 242.738698      4.227  37.766619    12.0625     7.2595      4.192    32.7727    24.8480 0.0000e+00
 242.738704      3.926  37.936472    12.3003     7.2792      3.893    32.7281    24.7686 0.0000e+00
 242.738709      3.631  38.138064    12.5859     7.2875      3.601    32.6724    24.6709 0.0000e+00
 242.738715      3.346  38.452508    12.9019     7.3050      3.318    32.6976    24.6291 0.0000e+00
 242.738721      3.073  38.885000    13.1990     7.3101      3.047    32.8492    24.6878 0.0000e+00
 242.738727      2.812  39.285424    13.4248     7.3129      2.789    33.0300    24.7825 0.0000e+00
 242.738733      2.564  39.519155    13.5979     7.3243      2.543    33.0988    24.8007 0.0000e+00
 242.738738      2.326  39.613743    13.8094     7.3564      2.307    33.0043    24.6845 0.0000e+00
 242.738744      2.091  39.681330    14.0576     7.3572      2.074    32.8543    24.5175 0.0000e+00
 242.738750      1.861  39.754880    14.2443     7.3187      1.845    32.7632    24.4084 0.0000e+00
 242.738756      1.648  39.842822    14.3511     7.2680      1.634    32.7534    24.3785 0.0000e+00
 242.738762      1.459  39.981193    14.4319     7.2378      1.447    32.8118    24.4066 0.0000e+00
 242.738767      1.295  40.118548    14.5040     7.2267      1.284    32.8763    24.4411 0.0000e+00
 242.738773      1.154  40.195898    14.5642     7.2396      1.144    32.8960    24.4435 -9.990e-29
 242.738779      1.037  40.259775    14.6240     7.2591      1.028    32.9036    24.4367 -9.990e-29
 242.738785      0.943  40.328656    14.6571     7.2732      0.935    32.9384    24.4565 -9.990e-29
 242.738791      0.876  40.331271    14.6454     7.2790      0.869    32.9507    24.4685 -9.990e-29
 242.738796      0.831  40.270000    14.6376     7.2698      0.824    32.9015    24.4322 -9.990e-29
 242.738802      0.796  40.219551    14.6448     7.2393      0.789    32.8494    24.3905 -9.990e-29
 242.738808      0.767  40.197291    14.6346     7.2248      0.761    32.8378    24.3837 -9.990e-29
 242.738814      0.740  40.197642    14.6136     7.2536      0.734    32.8559    24.4021 -9.990e-29
 242.738819      0.713  40.220516    14.6120     7.2861      0.707    32.8781    24.4196 -9.990e-29
 242.738825      0.690  40.253807    14.6327     7.2908      0.684    32.8909    24.4251 -9.990e-29
 242.738831      0.673  40.271269    14.6483     7.2513      0.667    32.8936    24.4239 -9.990e-29
 242.738837      0.658  40.259188    14.6340     7.2822      0.653    32.8947    24.4278 -9.990e-29
 242.738843      0.637  40.233974    14.5975     7.2857      0.632    32.9027    24.4416 -9.990e-29
 242.738848      0.611  40.216948    14.5772     7.3188      0.606    32.9044    24.4473 -9.990e-29
 242.738854      0.582  40.240337    14.5994     7.3263      0.577    32.9069    24.4445 -9.990e-29
 242.738860      0.557  40.300560    14.6510     7.2598      0.552    32.9181    24.4421 -9.990e-29
 242.738866      0.534  40.346180    14.7042     7.1664      0.530    32.9146    24.4281 -9.990e-29
 242.738872      0.502  40.357312    14.7575     7.0516      0.498    32.8796    24.3898 -9.990e-29
 242.738877      0.457  40.358901    14.8161     7.0008      0.453    32.8316    24.3403 -9.990e-29
 242.738883      0.398  40.381103    14.8639     7.5145      0.395    32.8115    24.3145 -9.990e-29
 242.738889      0.332  40.427742    14.8948     7.7685      0.329    32.8278    24.3204 -9.990e-29
 242.738895      0.262  40.480297    14.9046     6.9045      0.260    32.8671    24.3486 -9.990e-29
 242.738900      0.192  40.502905    14.8816     6.6845      0.190    32.9071    24.3843 -9.990e-29
 242.738906      0.123  40.481432    14.8454     6.1986      0.122    32.9182    24.4007 -9.990e-29
 242.738912      0.054  40.435460    14.8303     5.8843      0.054    32.8893    24.3816 -9.990e-29
 242.738918     -0.007  40.346851    14.8390     5.8580     -0.007    32.8016    24.3122 -9.990e-29
 242.738924     -0.054  40.132765    14.8568     5.8626     -0.054    32.5926    24.1474 -9.990e-29
 242.738929     -0.096  39.577260    14.8764     5.8616     -0.095    32.0740    23.7436 -9.990e-29
 242.738935     -0.134  38.015901    14.8963     5.8926     -0.133    30.6528    22.6450 -9.990e-29
 242.738941     -0.162  33.415648    14.9164     5.9284     -0.161    26.5525    19.4876 -9.990e-29
 242.738947     -0.183  24.960991    14.9374     5.9675     -0.181    19.2471    13.8775 -9.990e-29
 242.738953     -0.201  17.273271    14.9585     6.0015     -0.199    12.8700     8.9884 -9.990e-29
 242.738958     -0.214  12.955690    14.9778     6.0160     -0.212     9.4164     6.3401 -9.990e-29
 242.738964     -0.219   9.508072    14.9936     6.0032     -0.217     6.7407     4.2873 -9.990e-29
 242.738970     -0.215   7.288597    15.0056     6.0111     -0.213     5.0646     2.9999 -9.990e-29
 242.738976     -0.207   6.571412    15.0160     6.0404     -0.205     4.5314     2.5890 -9.990e-29
 242.738981     -0.203   5.860854    15.0269     6.0567     -0.201     4.0082     2.1856 -9.990e-29
 242.738987     -0.201   5.371919    15.0386     6.0457     -0.199     3.6511     1.9094 -9.990e-29
 242.738993     -0.199   5.324438    15.0502     6.0444     -0.197     3.6156     1.8803 -9.990e-29
 242.738999     -0.196   5.284434    15.0592     6.0424     -0.194     3.5858     1.8559 -9.990e-29
 242.739005     -0.192   5.036305    15.0627     6.0458     -0.190     3.4061     1.7174 -9.990e-29
 242.739010     -0.190   4.658219    15.0584     6.0482     -0.188     3.1346     1.5094 -9.990e-29
 242.739016     -0.195   4.321159    15.0481     6.0250     -0.193     2.8945     1.3264 -9.990e-29
 242.739022     -0.208   4.271251    15.0379     6.0574     -0.206     2.8596     1.3012 -9.990e-29
 242.739028     -0.224   4.446911    15.0338     6.0520     -0.222     2.9853     1.3985 -9.990e-29
 242.739034     -0.236   4.424047    15.0362     6.0642     -0.234     2.9688     1.3854 -9.990e-29
 242.739039     -0.241   4.141102    15.0405     6.0675     -0.239     2.7669     1.2295 -9.990e-29
 242.739045     -0.243   3.935767    15.0446     6.0066     -0.241     2.6210     1.1166 -9.990e-29
 242.739051     -0.251   3.984195    15.0508 -9.990e-29     -0.249     2.6548     1.1417 -9.990e-29
 242.739057     -0.266   4.139896    15.0602 -9.990e-29     -0.264     2.7646     1.2247 -9.990e-29
 242.739062     -0.279   4.224441    15.0720 -9.990e-29     -0.277     2.8239     1.2684 -9.990e-29
 242.739068     -0.288   4.184464    15.0855 -9.990e-29     -0.286     2.7945     1.2437 -9.990e-29
 242.739074     -0.293   4.019432    15.1011 -9.990e-29     -0.291     2.6764     1.1504 -9.990e-29
 242.739080     -0.294   3.802038    15.1167 -9.990e-29     -0.292     2.5219     1.0291 -9.990e-29
 242.739086     -0.292   3.625676    15.1286 -9.990e-29     -0.290     2.3971     0.9312 -9.990e-29
 242.739091     -0.286   3.512898    15.1363 -9.990e-29     -0.284     2.3176     0.8689 -9.990e-29
 242.739097     -0.280   3.436622    15.1392 -9.990e-29     -0.278     2.2641     0.8272 -9.990e-29
 242.739103     -0.278   3.411763 -9.990e-29 -9.990e-29     -0.276 -9.990e-29 -9.990e-29 -9.990e-29
