data/oxygen options/ONMS/Olympic_Coast_National_Marine_Sanctuary_CTD_Data_2005_2023/raw_data/2023/CAST_KL015_230601faed.cnv
* Sea-Bird SBE 19 Data File:
* FileName = C:\Users\OCNMS.Inst\Documents\2023 Mooring Data\Casts\CAST_KL015_230601.hex
* Software Version SeatermAF 2.1.4.55
* Temperature SN = 2997
* Conductivity SN = 2997
* System UpLoad Time = Jun 01 2023 20:27:52 (localtime) = Jun 01 2023 20:27:52 (UTC)
** CAST_KL015_230601
* ds
# nquan = 9                                 
# nvalues = 883                         
# units = specified
# name 0 = timeJ: Julian Days
# name 1 = prSM: Pressure, Strain Gauge [db]
# name 2 = c0mS/cm: Conductivity [mS/cm]
# name 3 = t090C: Temperature [ITS-90, deg C]
# name 4 = sbeox0ML/L: Oxygen, SBE 43 [ml/l]
# name 5 = depSM: Depth [salt water, m], lat = 47.5
# name 6 = sal00: Salinity, Practical [PSU]
# name 7 = sigma-é00: Density [sigma-theta, kg/m^3]
# name 8 = flag: flag
# span 0 = 152.838380, 152.843484       
# span 1 =     -6.192,     14.080       
# span 2 =   0.252659,  36.911925       
# span 3 =     8.2426,    13.8588       
# span 4 =    -1.9707,    19.8074       
# span 5 =     -6.140,     13.962       
# span 6 =     0.1557,    33.2799       
# span 7 =    -0.6133,    25.8866       
# span 8 = 0.0000e+00, 0.0000e+00       
# interval = seconds: 0.5
# start_time = Jun 01 2023 20:07:16 [Instrument's time stamp, header]
# bad_flag = -9.990e-29
*END*
 152.838380     -6.192 -9.990e-29    13.3494    -1.8985     -6.140 -9.990e-29 -9.990e-29 -9.990e-29
 152.838385     -6.168   0.255991    13.3264    -1.8975     -6.117     0.1587    -0.5395 -9.990e-29
 152.838391     -6.141   0.255991    13.3004    -1.8969     -6.090     0.1588    -0.5360 -9.990e-29
 152.838397     -6.114   0.255992    13.2732    -1.8965     -6.063     0.1589    -0.5324 -9.990e-29
 152.838403     -6.084   0.255993    13.2461    -1.8966     -6.033     0.1590    -0.5287 -9.990e-29
 152.838409     -6.055   0.255998    13.2210    -1.8966     -6.005     0.1591    -0.5254 -9.990e-29
 152.838414     -6.030   0.256012    13.2008    -1.8964     -5.980     0.1592    -0.5227 -9.990e-29
 152.838420     -6.005   0.256053    13.1881    -1.8962     -5.955     0.1593    -0.5210 -9.990e-29
 152.838426     -5.980   0.256177    13.1835    -1.8960     -5.930     0.1594    -0.5203 -9.990e-29
 152.838432     -5.954   0.256548    13.1875    -1.8965     -5.904     0.1596    -0.5207 -9.990e-29
 152.838438     -5.924   0.257107    13.1985    -1.8967     -5.875     0.1599    -0.5219 -9.990e-29
 152.838443     -5.888   0.257491    13.2108    -1.8969     -5.839     0.1601    -0.5233 -9.990e-29
 152.838449     -5.850   0.257655    13.2189    -1.8972     -5.801     0.1602    -0.5243 -9.990e-29
 152.838455     -5.814   0.257819    13.2224    -1.8971     -5.766     0.1603    -0.5247 -9.990e-29
 152.838461     -5.782   0.258202    13.2243    -1.8967     -5.734     0.1605    -0.5248 -9.990e-29
 152.838466     -5.754   0.258761    13.2269    -1.8973     -5.706     0.1608    -0.5248 -9.990e-29
 152.838472     -5.726   0.259132    13.2296    -1.8977     -5.678     0.1611    -0.5250 -9.990e-29
 152.838478     -5.698   0.259256    13.2297    -1.8981     -5.651     0.1611    -0.5250 -9.990e-29
 152.838484     -5.666   0.259297    13.2262    -1.8983     -5.619     0.1612    -0.5245 -9.990e-29
 152.838490     -5.631   0.259311    13.2215    -1.8986     -5.584     0.1612    -0.5238 -9.990e-29
 152.838495     -5.592   0.259315    13.2172    -1.8980     -5.545     0.1612    -0.5233 -9.990e-29
 152.838501     -5.558   0.259317    13.2139    -1.8977     -5.512     0.1612    -0.5228 -9.990e-29
 152.838507     -5.528   0.259318    13.2131    -1.8973     -5.482     0.1613    -0.5227 -9.990e-29
 152.838513     -5.503   0.259318    13.2120    -1.8975     -5.457     0.1613    -0.5226 -9.990e-29
 152.838519     -5.479   0.259318    13.2068    -1.8978     -5.433     0.1613    -0.5219 -9.990e-29
 152.838524     -5.456   0.259318    13.1989    -1.8976     -5.411     0.1613    -0.5208 -9.990e-29
 152.838530     -5.433   0.259317    13.1917    -1.8971     -5.388     0.1613    -0.5199 -9.990e-29
 152.838536     -5.406   0.259316    13.1867    -1.8964     -5.361     0.1614    -0.5192 -9.990e-29
 152.838542     -5.376   0.259311    13.1862    -1.8962     -5.331     0.1614    -0.5192 -9.990e-29
 152.838547     -5.344   0.259297    13.1912    -1.8964     -5.299     0.1613    -0.5198 -9.990e-29
 152.838553     -5.313   0.259256    13.1982    -1.8962     -5.269     0.1613    -0.5208 -9.990e-29
 152.838559     -5.280   0.259133    13.2028    -1.8962     -5.236     0.1612    -0.5214 -9.990e-29
 152.838565     -5.248   0.258763    13.2035    -1.8957     -5.204     0.1609    -0.5217 -9.990e-29
 152.838571     -5.219   0.258209    13.2034    -1.8954     -5.176     0.1606    -0.5220 -9.990e-29
 152.838576     -5.191   0.257839    13.2073    -1.8945     -5.148     0.1603    -0.5227 -9.990e-29
 152.838582     -5.163   0.257715    13.2158    -1.8934     -5.120     0.1602    -0.5239 -9.990e-29
 152.838588     -5.132   0.257673    13.2252    -1.8923     -5.089     0.1602    -0.5251 -9.990e-29
 152.838594     -5.097   0.257658    13.2314    -1.8917     -5.055     0.1601    -0.5260 -9.990e-29
 152.838600     -5.059   0.257649    13.2347    -1.8916     -5.017     0.1601    -0.5264 -9.990e-29
 152.838605     -5.026   0.257634    13.2377    -1.8914     -4.984     0.1601    -0.5268 -9.990e-29
 152.838611     -4.998   0.257592    13.2429    -1.8911     -4.956     0.1600    -0.5275 -9.990e-29
 152.838617     -4.975   0.257468    13.2513    -1.8903     -4.934     0.1599    -0.5287 -9.990e-29
 152.838623     -4.954   0.257098    13.2638    -1.8897     -4.913     0.1597    -0.5306 -9.990e-29
 152.838628     -4.935   0.256544    13.2813    -1.8893     -4.894     0.1592    -0.5332 -9.990e-29
 152.838634     -4.917   0.256174    13.3027    -1.8888     -4.876     0.1589    -0.5362 -9.990e-29
 152.838640     -4.897   0.256051    13.3232    -1.8883     -4.856     0.1588    -0.5390 -9.990e-29
 152.838646     -4.875   0.256010    13.3383    -1.8877     -4.834     0.1587    -0.5411 -9.990e-29
 152.838652     -4.850   0.255996    13.3479    -1.8869     -4.810     0.1586    -0.5423 -9.990e-29
 152.838657     -4.823   0.255991    13.3555    -1.8863     -4.783     0.1586    -0.5434 -9.990e-29
 152.838663     -4.799   0.255989    13.3652    -1.8857     -4.759     0.1586    -0.5447 -9.990e-29
 152.838669     -4.774   0.255987    13.3780    -1.8860     -4.734     0.1585    -0.5464 -9.990e-29
 152.838675     -4.748   0.255982    13.3916    -1.8871     -4.708     0.1585    -0.5482 -9.990e-29
 152.838681     -4.720   0.255968    13.4043    -1.8875     -4.681     0.1584    -0.5500 -9.990e-29
 152.838686     -4.690   0.255927    13.4169    -1.8874     -4.651     0.1583    -0.5517 -9.990e-29
 152.838692     -4.662   0.255804    13.4306    -1.8871     -4.623     0.1582    -0.5536 -9.990e-29
 152.838698     -4.635   0.255434    13.4453    -1.8870     -4.596     0.1579    -0.5558 -9.990e-29
 152.838704     -4.610   0.254880    13.4600    -1.8867     -4.572     0.1575    -0.5580 -9.990e-29
 152.838709     -4.590   0.254510    13.4721    -1.8863     -4.552     0.1572    -0.5599 -9.990e-29
 152.838715     -4.574   0.254387    13.4778    -1.8863     -4.536     0.1571    -0.5607 -9.990e-29
 152.838721     -4.561   0.254346    13.4739    -1.8862     -4.523     0.1571    -0.5602 -9.990e-29
 152.838727     -4.546   0.254332    13.4638    -1.8864     -4.508     0.1572    -0.5588 -9.990e-29
 152.838733     -4.527   0.254328    13.4565    -1.8868     -4.489     0.1572    -0.5578 -9.990e-29
 152.838738     -4.509   0.254326    13.4558    -1.8875     -4.471     0.1572    -0.5577 -9.990e-29
 152.838744     -4.490   0.254325    13.4590    -1.8882     -4.453     0.1572    -0.5582 -9.990e-29
 152.838750     -4.468   0.254325    13.4636    -1.8879     -4.431     0.1572    -0.5588 -9.990e-29
 152.838756     -4.442   0.254325    13.4692    -1.8875     -4.405     0.1571    -0.5595 -9.990e-29
 152.838762     -4.416   0.254325    13.4745    -1.8879     -4.379     0.1571    -0.5603 -9.990e-29
 152.838767     -4.391   0.254325    13.4776    -1.8878     -4.354     0.1571    -0.5607 -9.990e-29
 152.838773     -4.370   0.254325    13.4771    -1.8872     -4.334     0.1571    -0.5606 -9.990e-29
 152.838779     -4.356   0.254324    13.4723    -1.8867     -4.320     0.1571    -0.5600 -9.990e-29
 152.838785     -4.344   0.254322    13.4633    -1.8860     -4.308     0.1572    -0.5587 -9.990e-29
 152.838791     -4.329   0.254318    13.4521    -1.8860     -4.293     0.1572    -0.5572 -9.990e-29
 152.838796     -4.310   0.254306    13.4440    -1.8859     -4.274     0.1572    -0.5561 -9.990e-29
 152.838802     -4.285   0.254269    13.4430    -1.8862     -4.249     0.1572    -0.5560 -9.990e-29
 152.838808     -4.254   0.254160    13.4450    -1.8865     -4.219     0.1571    -0.5563 -9.990e-29
 152.838814     -4.219   0.253831    13.4463    -1.8872     -4.184     0.1569    -0.5567 -9.990e-29
 152.838819     -4.190   0.253400    13.4502    -1.8881     -4.155     0.1566    -0.5574 -9.990e-29
 152.838825     -4.173   0.253399    13.4587    -1.8883     -4.138     0.1566    -0.5586 -9.990e-29
 152.838831     -4.160   0.253827    13.4696    -1.8879     -4.125     0.1568    -0.5598 -9.990e-29
 152.838837     -4.140   0.254147    13.4792    -1.8879     -4.105     0.1570    -0.5610 -9.990e-29
 152.838843     -4.117   0.254229    13.4841    -1.8876     -4.083     0.1570    -0.5616 -9.990e-29
 152.838848     -4.094   0.254183    13.4840    -1.8867     -4.060     0.1570    -0.5616 -9.990e-29
 152.838854     -4.069   0.253948    13.4793    -1.8861     -4.035     0.1569    -0.5611 -9.990e-29
 152.838860     -4.040   0.253767    13.4702    -1.8859     -4.006     0.1568    -0.5600 -9.990e-29
 152.838866     -4.011   0.253953    13.4578    -1.8863     -3.978     0.1569    -0.5582 -9.990e-29
 152.838872     -3.983   0.254200    13.4465    -1.8865     -3.950     0.1571    -0.5565 -9.990e-29
 152.838877     -3.955   0.254282    13.4416    -1.8864     -3.922     0.1572    -0.5558 -9.990e-29
 152.838883     -3.928   0.254308    13.4430    -1.8863     -3.895     0.1572    -0.5560 -9.990e-29
 152.838889     -3.907   0.254313    13.4476    -1.8863     -3.874     0.1572    -0.5566 -9.990e-29
 152.838895     -3.889   0.254304    13.4564    -1.8865     -3.857     0.1572    -0.5578 -9.990e-29
 152.838900     -3.873   0.254269    13.4688    -1.8866     -3.841     0.1571    -0.5595 -9.990e-29
 152.838906     -3.858   0.254159    13.4796    -1.8864     -3.826     0.1570    -0.5610 -9.990e-29
 152.838912     -3.844   0.253829    13.4841    -1.8858     -3.812     0.1568    -0.5618 -9.990e-29
 152.838918     -3.828   0.253393    13.4826    -1.8849     -3.796     0.1565    -0.5618 -9.990e-29
 152.838924     -3.816   0.253379    13.4799    -1.8839     -3.784     0.1565    -0.5615 -9.990e-29
 152.838929     -3.810   0.253769    13.4796    -1.8833     -3.778     0.1567    -0.5612 -9.990e-29
 152.838935     -3.805   0.253974    13.4806    -1.8830     -3.773     0.1569    -0.5613 -9.990e-29
 152.838941     -3.797   0.253714    13.4806    -1.8830     -3.765     0.1567    -0.5614 -9.990e-29
 152.838947     -3.786   0.253196    13.4797    -1.8830     -3.754     0.1564    -0.5615 -9.990e-29
 152.838953     -3.770   0.252839    13.4808    -1.8835     -3.739     0.1562    -0.5618 -9.990e-29
 152.838958     -3.748   0.252720    13.4871    -1.8840     -3.717     0.1561    -0.5628 -9.990e-29
 152.838964     -3.725   0.252680    13.4997    -1.8844     -3.694     0.1560    -0.5645 -9.990e-29
 152.838970     -3.706   0.252666    13.5169    -1.8847     -3.675     0.1559    -0.5668 -9.990e-29
 152.838976     -3.695   0.252662    13.5345    -1.8846     -3.664     0.1559    -0.5692 -9.990e-29
 152.838981     -3.686   0.252660    13.5482    -1.8850     -3.655     0.1558    -0.5711 -9.990e-29
 152.838987     -3.671   0.252659    13.5562    -1.8853     -3.640     0.1558    -0.5722 -9.990e-29
 152.838993     -3.649   0.252659    13.5588    -1.8859     -3.619     0.1558    -0.5726 -9.990e-29
 152.838999     -3.627   0.252659    13.5563    -1.8862     -3.597     0.1558    -0.5722 -9.990e-29
 152.839005     -3.607   0.252659    13.5490    -1.8863     -3.577     0.1558    -0.5712 -9.990e-29
 152.839010     -3.588   0.252659    13.5397    -1.8862     -3.558     0.1558    -0.5700 -9.990e-29
 152.839016     -3.570   0.252659    13.5314    -1.8858     -3.540     0.1559    -0.5688 -9.990e-29
 152.839022     -3.552   0.252659    13.5252    -1.8859     -3.522     0.1559    -0.5680 -9.990e-29
 152.839028     -3.531   0.252659    13.5201    -1.8859     -3.502     0.1559    -0.5673 -9.990e-29
 152.839034     -3.506   0.252659    13.5138    -1.8858     -3.477     0.1559    -0.5664 -9.990e-29
 152.839039     -3.481   0.252659    13.5059    -1.8862     -3.452     0.1560    -0.5653 -9.990e-29
 152.839045     -3.458   0.252659    13.4977    -1.8866     -3.429     0.1560    -0.5642 -9.990e-29
 152.839051     -3.435   0.252659    13.4914    -1.8870     -3.406     0.1560    -0.5634 -9.990e-29
 152.839057     -3.416   0.252659    13.4885    -1.8871     -3.388     0.1560    -0.5630 -9.990e-29
 152.839063     -3.403   0.252659    13.4895    -1.8874     -3.375     0.1560    -0.5631 -9.990e-29
 152.839068     -3.392   0.252659    13.4923    -1.8879     -3.364     0.1560    -0.5635 -9.990e-29
 152.839074     -3.377   0.252659    13.4937    -1.8880     -3.349     0.1560    -0.5637 -9.990e-29
 152.839080     -3.362   0.252659    13.4934    -1.8879     -3.334     0.1560    -0.5636 -9.990e-29
 152.839086     -3.349   0.252659    13.4913    -1.8883     -3.321     0.1560    -0.5634 -9.990e-29
 152.839091     -3.339   0.252659    13.4859    -1.8884     -3.311     0.1560    -0.5626 -9.990e-29
 152.839097     -3.330   0.252659    13.4782    -1.8882     -3.302     0.1561    -0.5616 -9.990e-29
 152.839103     -3.322   0.252659    13.4706    -1.8878     -3.294     0.1561    -0.5605 -9.990e-29
 152.839109     -3.315   0.252659    13.4636    -1.8868     -3.287     0.1561    -0.5596 -9.990e-29
 152.839115     -3.308   0.252660    13.4567    -1.8858     -3.280     0.1561    -0.5587 -9.990e-29
 152.839120     -3.300   0.252660    13.4503    -1.8851     -3.272     0.1562    -0.5578 -9.990e-29
 152.839126     -3.292   0.252661    13.4461    -1.8847     -3.265     0.1562    -0.5572 -9.990e-29
 152.839132     -3.281   0.252661    13.4433    -1.8843     -3.254     0.1562    -0.5568 -9.990e-29
 152.839138     -3.269   0.252662    13.4405    -1.8845     -3.242     0.1562    -0.5565 -9.990e-29
 152.839144     -3.254   0.252663    13.4403    -1.8845     -3.227     0.1562    -0.5564 -9.990e-29
 152.839149     -3.235   0.252663    13.4458    -1.8844     -3.208     0.1562    -0.5572 -9.990e-29
 152.839155     -3.210   0.252664    13.4577    -1.8843     -3.183     0.1561    -0.5588 -9.990e-29
 152.839161     -3.184   0.252665    13.4749    -1.8843     -3.157     0.1561    -0.5611 -9.990e-29
 152.839167     -3.162   0.252667    13.4936    -1.8843     -3.136     0.1560    -0.5637 -9.990e-29
 152.839172     -3.147   0.252672    13.5095    -1.8843     -3.121     0.1559    -0.5658 -9.990e-29
 152.839178     -3.135   0.252686    13.5213    -1.8839     -3.109     0.1559    -0.5674 -9.990e-29
 152.839184     -3.119   0.252728    13.5281    -1.8835     -3.093     0.1559    -0.5683 -9.990e-29
 152.839190     -3.104   0.252852    13.5301    -1.8838     -3.078     0.1560    -0.5685 -9.990e-29
 152.839196     -3.093   0.253222    13.5306    -1.8846     -3.067     0.1562    -0.5684 -9.990e-29
 152.839201     -3.081   0.253778    13.5318    -1.8852     -3.055     0.1566    -0.5683 -9.990e-29
 152.839207     -3.062   0.254150    13.5331    -1.8854     -3.036     0.1568    -0.5683 -9.990e-29
 152.839213     -3.040   0.254278    13.5339    -1.8861     -3.015     0.1569    -0.5684 -9.990e-29
 152.839219     -3.018   0.254334    13.5353    -1.8867     -2.993     0.1569    -0.5685 -9.990e-29
 152.839225     -2.994   0.254389    13.5385    -1.8869     -2.969     0.1569    -0.5689 -9.990e-29
 152.839230     -2.972   0.254517    13.5429    -1.8873     -2.947     0.1570    -0.5695 -9.990e-29
 152.839236     -2.957   0.254889    13.5445    -1.8877     -2.932     0.1572    -0.5695 -9.990e-29
 152.839242     -2.949   0.255444    13.5393    -1.8881     -2.924     0.1576    -0.5685 -9.990e-29
 152.839248     -2.944   0.255814    13.5282    -1.8882     -2.919     0.1578    -0.5668 -9.990e-29
 152.839253     -2.941   0.255938    13.5159    -1.8877     -2.916     0.1580    -0.5651 -9.990e-29
 152.839259     -2.941   0.255980    13.5043    -1.8861     -2.916     0.1580    -0.5635 -9.990e-29
 152.839265     -2.942   0.255995    13.4923    -1.8840     -2.917     0.1581    -0.5619 -9.990e-29
 152.839271     -2.940   0.256000    13.4810    -1.8822     -2.915     0.1581    -0.5603 -9.990e-29
 152.839277     -2.933   0.256002    13.4716    -1.8816     -2.909     0.1582    -0.5590 -9.990e-29
 152.839282     -2.922   0.256002    13.4629    -1.8810     -2.898     0.1582    -0.5579 -9.990e-29
 152.839288     -2.912   0.256001    13.4554    -1.8796     -2.888     0.1582    -0.5568 -9.990e-29
 152.839294     -2.897   0.255997    13.4512    -1.8771     -2.873     0.1582    -0.5563 -9.990e-29
 152.839300     -2.878   0.255984    13.4546    -1.8756     -2.854     0.1582    -0.5567 -9.990e-29
