data/oxygen options/ONMS/Olympic_Coast_National_Marine_Sanctuary_CTD_Data_2005_2023/raw_data/2023/CAST_CA042_230531faedb.cnv
* Sea-Bird SBE 19 Data File:
* FileName = C:\Users\OCNMS.Inst\Documents\2023 Mooring Data\Casts\CAST_CA042_230531.hex
* Software Version SeatermAF 2.1.4.55
* Temperature SN = 2997
* Conductivity SN = 2997
* System UpLoad Time = May 31 2023 19:24:16 (localtime) = May 31 2023 19:24:16 (UTC)
** CAST_CA042_230531
* ds
# nquan = 9
# nvalues = 41                          
# units = specified
# name 0 = timeJ: Julian Days
# name 1 = prSM: Pressure, Strain Gauge [db]
# name 2 = c0mS/cm: Conductivity [mS/cm]
# name 3 = t090C: Temperature [ITS-90, deg C]
# name 4 = sbeox0ML/L: Oxygen, SBE 43 [ml/l]
# name 5 = depSM: Depth [salt water, m], lat = 47.5
# name 6 = sal00: Salinity, Practical [PSU]
# name 7 = sigma-é00: Density [sigma-theta, kg/m^3]
# name 8 = flag: flag
# span 0 = 151.801573, 151.802527       
# span 1 =      1.000,     41.000       
# span 2 =  34.383378,  35.384884       
# span 3 =     8.1073,     9.9560       
# span 4 =     3.1276,     6.6508       
# span 5 =      0.992,     40.654       
# span 6 =    32.2842,    33.2305       
# span 7 =    24.8393,    25.8689       
# span 8 = 0.0000e+00, 0.0000e+00       
# interval = decibars: 1                
# start_time = May 31 2023 19:04:33 [Instrument's time stamp, header]
# bad_flag = -9.990e-29
*END*
 151.801573      1.000  35.384884     9.9560     6.6246      0.992    32.2842    24.8393 0.0000e+00
 151.801603      2.000  35.274012     9.7892     6.6508      1.983    32.3206    24.8951 0.0000e+00
 151.801629      3.000  35.248057     9.7381     6.5959      2.975    32.3396    24.9183 0.0000e+00
 151.801652      4.000  35.208526     9.6928     5.9532      3.966    32.3397    24.9257 0.0000e+00
 151.801674      5.000  35.016855     9.4332     5.5268      4.958    32.3772    24.9967 0.0000e+00
 151.801695      6.000  34.860742     9.2474     5.4433      5.950    32.3844    25.0319 0.0000e+00
 151.801718      7.000  34.841643     9.1981     5.0952      6.941    32.4089    25.0589 0.0000e+00
 151.801740      8.000  34.710457     9.0553     4.9183      7.933    32.4027    25.0764 0.0000e+00
 151.801761      9.000  34.573282     8.9046     4.9409      8.925    32.3971    25.0953 0.0000e+00
 151.801784     10.000  34.443658     8.7342     5.2096      9.917    32.4174    25.1373 0.0000e+00
 151.801806     11.000  34.383378     8.6431     5.3123     10.908    32.4373    25.1668 0.0000e+00
 151.801828     12.000  34.404614     8.5999     5.2452     11.900    32.4988    25.2215 0.0000e+00
 151.801851     13.000  34.427739     8.6052     4.8826     12.891    32.5177    25.2356 0.0000e+00
 151.801873     14.000  34.463100     8.5737     4.6931     13.883    32.5835    25.2918 0.0000e+00
 151.801896     15.000  34.490843     8.5535     4.3830     14.875    32.6308    25.3320 0.0000e+00
 151.801918     16.000  34.536478     8.5103     4.2238     15.866    32.7183    25.4071 0.0000e+00
 151.801939     17.000  34.578278     8.4967     4.1764     16.858    32.7744    25.4531 0.0000e+00
 151.801964     18.000  34.604499     8.4961     4.0858     17.849    32.8021    25.4749 0.0000e+00
 151.801988     19.000  34.660819     8.4947     4.0622     18.841    32.8623    25.5223 0.0000e+00
 151.802011     20.000  34.730297     8.5053     3.9902     19.832    32.9251    25.5699 0.0000e+00
 151.802032     21.000  34.819807     8.5251     3.8127     20.824    33.0004    25.6260 0.0000e+00
 151.802054     22.000  34.821307     8.4683     3.7322     21.815    33.0546    25.6771 0.0000e+00
 151.802079     23.000  34.794405     8.4055     3.3906     22.807    33.0847    25.7101 0.0000e+00
 151.802101     24.000  34.723912     8.2720     3.3446     23.798    33.1354    25.7699 0.0000e+00
 151.802125     25.000  34.714114     8.2209     3.2982     24.790    33.1728    25.8068 0.0000e+00
 151.802146     26.000  34.704988     8.1923     3.2593     25.781    33.1897    25.8243 0.0000e+00
 151.802165     27.000  34.687972     8.1689     3.2793     26.773    33.1932    25.8306 0.0000e+00
 151.802190     28.000  34.684137     8.1708     3.2629     27.764    33.1870    25.8254 0.0000e+00
 151.802213     29.000  34.675618     8.1548     3.2127     28.756    33.1926    25.8322 0.0000e+00
 151.802233     30.000  34.662065     8.1337     3.2003     29.748    33.1976    25.8392 0.0000e+00
 151.802257     31.000  34.662515     8.1263     3.1928     30.739    33.2047    25.8459 0.0000e+00
 151.802283     32.000  34.658990     8.1204     3.1878     31.731    33.2060    25.8479 0.0000e+00
 151.802308     33.000  34.660147     8.1171     3.1694     32.722    33.2100    25.8515 0.0000e+00
 151.802332     34.000  34.661884     8.1151     3.1430     33.713    33.2132    25.8544 0.0000e+00
 151.802352     35.000  34.663273     8.1104     3.1607     34.705    33.2187    25.8593 0.0000e+00
 151.802376     36.000  34.666385     8.1086     3.1526     35.696    33.2232    25.8631 0.0000e+00
 151.802406     37.000  34.668754     8.1079     3.1588     36.688    33.2259    25.8654 0.0000e+00
 151.802431     38.000  34.669023     8.1073     3.1510     37.679    33.2263    25.8658 0.0000e+00
 151.802454     39.000  34.672380     8.1075     3.1493     38.671    33.2293    25.8681 0.0000e+00
 151.802479     40.000  34.675038     8.1087     3.1489     39.662    33.2305    25.8689 0.0000e+00
 151.802527     41.000  34.676226     8.1101     3.1276     40.654    33.2299    25.8683 0.0000e+00
