data/oxygen options/ONMS/Olympic_Coast_National_Marine_Sanctuary_CTD_Data_2005_2023/raw_data/2023/CAST_CE015_230717faed.cnv
* Sea-Bird SBE 19 Data File:
* FileName = C:\Users\OCNMS.Inst\Documents\2023 Mooring Data\Casts\CAST_CE015_230717.hex
* Software Version SeatermAF 2.1.4.55
* Temperature SN = 2997
* Conductivity SN = 2997
* System UpLoad Time = Jul 17 2023 21:12:55 (localtime) = Jul 17 2023 21:12:55 (UTC)
** CAST_CE015_230717
* ds
# nquan = 9                                 
# nvalues = 1251                        
# units = specified
# name 0 = timeJ: Julian Days
# name 1 = prSM: Pressure, Strain Gauge [db]
# name 2 = c0mS/cm: Conductivity [mS/cm]
# name 3 = t090C: Temperature [ITS-90, deg C]
# name 4 = sbeox0ML/L: Oxygen, SBE 43 [ml/l]
# name 5 = depSM: Depth [salt water, m], lat = 47.5
# name 6 = sal00: Salinity, Practical [PSU]
# name 7 = sigma-é00: Density [sigma-theta, kg/m^3]
# name 8 = flag: flag
# span 0 = 198.840891, 198.848125       
# span 1 =     -6.143,     13.762       
# span 2 =   0.456261,  39.932723       
# span 3 =     8.6399,    21.6248       
# span 4 =    -1.9091,    13.8940       
# span 5 =     -6.092,     13.647       
# span 6 =     0.2538,    34.1860       
# span 7 =    -1.9496,    26.0451       
# span 8 = 0.0000e+00, 0.0000e+00       
# interval = seconds: 0.5
# start_time = Jul 17 2023 20:10:53 [Instrument's time stamp, header]
# bad_flag = -9.990e-29
*END*
[from data line 321]
 198.842749     -1.426   0.465911    17.7110    -1.7258     -1.414     0.2636    -1.1473 -9.990e-29
 198.842755     -1.423   0.465880    17.6968    -1.7253     -1.411     0.2637    -1.1447 -9.990e-29
 198.842760     -1.420   0.465785    17.6857    -1.7249     -1.408     0.2637    -1.1426 -9.990e-29
 198.842766     -1.416   0.465498    17.6771    -1.7248     -1.404     0.2636    -1.1412 -9.990e-29
 198.842772     -1.411   0.465191    17.6719    -1.7252     -1.399     0.2635    -1.1403 -9.990e-29
 198.842778     -1.405   0.465007    17.6728    -1.7246     -1.393     0.2633    -1.1406 -9.990e-29
 198.842784     -1.402   0.464700    17.6798    -1.7235     -1.390     0.2631    -1.1420 -9.990e-29
 198.842789     -1.406   0.464413    17.6926    -1.7228     -1.394     0.2629    -1.1445 -9.990e-29
 198.842795     -1.412   0.464317    17.7121    -1.7222     -1.400     0.2627    -1.1482 -9.990e-29
 198.842801     -1.417   0.464286    17.7339    -1.7221     -1.405     0.2626    -1.1523 -9.990e-29
 198.842807     -1.422   0.464276    17.7513    -1.7225     -1.410     0.2624    -1.1556 -9.990e-29
 198.842813     -1.426   0.464272    17.7627    -1.7233     -1.414     0.2624    -1.1577 -9.990e-29
 198.842818     -1.430   0.464270    17.7687    -1.7237     -1.418     0.2623    -1.1588 -9.990e-29
 198.842824     -1.434   0.464267    17.7742    -1.7240     -1.422     0.2623    -1.1599 -9.990e-29
 198.842830     -1.439   0.464255    17.7870    -1.7242     -1.427     0.2622    -1.1623 -9.990e-29
 198.842836     -1.444   0.464218    17.8065    -1.7234     -1.432     0.2621    -1.1660 -9.990e-29
 198.842841     -1.446   0.464108    17.8254    -1.7229     -1.434     0.2619    -1.1696 -9.990e-29
 198.842847     -1.441   0.463776    17.8379    -1.7222     -1.429     0.2616    -1.1721 -9.990e-29
 198.842853     -1.431   0.463332    17.8406    -1.7221     -1.419     0.2614    -1.1728 -9.990e-29
 198.842859     -1.422   0.463292    17.8334    -1.7219     -1.410     0.2614    -1.1714 -9.990e-29
 198.842865     -1.413   0.463600    17.8211    -1.7213     -1.401     0.2616    -1.1690 -9.990e-29
 198.842870     -1.402   0.463559    17.8100    -1.7212     -1.390     0.2617    -1.1669 -9.990e-29
 198.842876     -1.390   0.463115    17.8038    -1.7215     -1.378     0.2615    -1.1659 -9.990e-29
 198.842882     -1.376   0.462783    17.8056    -1.7217     -1.365     0.2613    -1.1664 -9.990e-29
 198.842888     -1.362   0.462673    17.8160    -1.7224     -1.351     0.2611    -1.1684 -9.990e-29
 198.842894     -1.353   0.462636    17.8304    -1.7227     -1.342     0.2610    -1.1712 -9.990e-29
 198.842899     -1.343   0.462623    17.8437    -1.7226     -1.332     0.2609    -1.1737 -9.990e-29
 198.842905     -1.327   0.462615    17.8536    -1.7225     -1.316     0.2609    -1.1755 -9.990e-29
 198.842911     -1.310   0.462602    17.8623    -1.7230     -1.299     0.2608    -1.1772 -9.990e-29
 198.842917     -1.298   0.462564    17.8701    -1.7234     -1.287     0.2607    -1.1787 -9.990e-29
 198.842922     -1.294   0.462450    17.8724    -1.7239     -1.283     0.2607    -1.1792 -9.990e-29
 198.842928     -1.299   0.462109    17.8681    -1.7242     -1.288     0.2605    -1.1785 -9.990e-29
 198.842934     -1.309   0.461637    17.8597    -1.7240     -1.298     0.2603    -1.1771 -9.990e-29
 198.842940     -1.319   0.461515    17.8494    -1.7242     -1.308     0.2603    -1.1752 -9.990e-29
 198.842946     -1.331   0.461577    17.8418    -1.7243     -1.320     0.2603    -1.1738 -9.990e-29
 198.842951     -1.342   0.461352    17.8382    -1.7245     -1.331     0.2602    -1.1732 -9.990e-29
 198.842957     -1.346   0.461093    17.8339    -1.7245     -1.335     0.2601    -1.1725 -9.990e-29
 198.842963     -1.342   0.461007    17.8258    -1.7245     -1.331     0.2601    -1.1710 -9.990e-29
 198.842969     -1.327   0.460979    17.8151    -1.7247     -1.316     0.2602    -1.1690 -9.990e-29
 198.842975     -1.315   0.460970    17.8050    -1.7247     -1.304     0.2602    -1.1671 -9.990e-29
 198.842980     -1.308   0.460967    17.7986    -1.7245     -1.297     0.2602    -1.1659 -9.990e-29
 198.842986     -1.302   0.460966    17.7954    -1.7241     -1.291     0.2603    -1.1653 -9.990e-29
 198.842992     -1.297   0.460967    17.7923    -1.7235     -1.286     0.2603    -1.1647 -9.990e-29
 198.842998     -1.292   0.460967    17.7884    -1.7240     -1.281     0.2603    -1.1640 -9.990e-29
 198.843003     -1.287   0.460966    17.7851    -1.7249     -1.276     0.2603    -1.1634 -9.990e-29
 198.843009     -1.277   0.460962    17.7831    -1.7256     -1.266     0.2603    -1.1630 -9.990e-29
 198.843015     -1.262   0.460949    17.7818    -1.7257     -1.251     0.2603    -1.1628 -9.990e-29
 198.843021     -1.248   0.460909    17.7809    -1.7258     -1.238     0.2603    -1.1626 -9.990e-29
 198.843027     -1.241   0.460786    17.7821    -1.7256     -1.231     0.2602    -1.1629 -9.990e-29
 198.843032     -1.239   0.460417    17.7868    -1.7250     -1.229     0.2600    -1.1640 -9.990e-29
 198.843038     -1.241   0.459864    17.7934    -1.7247     -1.231     0.2596    -1.1654 -9.990e-29
 198.843044     -1.245   0.459495    17.7961    -1.7253     -1.235     0.2594    -1.1661 -9.990e-29
 198.843050     -1.246   0.459372    17.7886    -1.7257     -1.236     0.2594    -1.1648 -9.990e-29
 198.843056     -1.243   0.459332    17.7735    -1.7254     -1.233     0.2595    -1.1619 -9.990e-29
 198.843061     -1.238   0.459320    17.7597    -1.7248     -1.228     0.2595    -1.1594 -9.990e-29
 198.843067     -1.233   0.459319    17.7520    -1.7247     -1.223     0.2596    -1.1579 -9.990e-29
 198.843073     -1.233   0.459327    17.7506    -1.7243     -1.223     0.2596    -1.1577 -9.990e-29
 198.843079     -1.237   0.459353    17.7550    -1.7241     -1.227     0.2596    -1.1585 -9.990e-29
 198.843084     -1.242   0.459432    17.7623    -1.7241     -1.232     0.2596    -1.1598 -9.990e-29
 198.843090     -1.239   0.459670    17.7655    -1.7240     -1.229     0.2597    -1.1603 -9.990e-29
 198.843096     -1.229   0.459828    17.7618    -1.7239     -1.219     0.2598    -1.1595 -9.990e-29
 198.843102     -1.219   0.459562    17.7584    -1.7245     -1.209     0.2597    -1.1590 -9.990e-29
 198.843108     -1.213   0.459069    17.7620    -1.7240     -1.203     0.2594    -1.1599 -9.990e-29
 198.843113     -1.210   0.458801    17.7703    -1.7229     -1.200     0.2592    -1.1616 -9.990e-29
 198.843119     -1.206   0.458955    17.7791    -1.7226     -1.196     0.2592    -1.1632 -9.990e-29
 198.843125     -1.196   0.459181    17.7874    -1.7222     -1.186     0.2593    -1.1646 -9.990e-29
 198.843131     -1.185   0.459225    17.7936    -1.7216     -1.175     0.2593    -1.1658 -9.990e-29
 198.843137     -1.175   0.459142    17.7968    -1.7210     -1.165     0.2592    -1.1664 -9.990e-29
 198.843142     -1.170   0.458822    17.7979    -1.7209     -1.160     0.2590    -1.1667 -9.990e-29
 198.843148     -1.175   0.458393    17.7968    -1.7203     -1.165     0.2588    -1.1667 -9.990e-29
 198.843154     -1.180   0.458390    17.7978    -1.7203     -1.170     0.2588    -1.1669 -9.990e-29
 198.843160     -1.179   0.458808    17.8080    -1.7204     -1.169     0.2589    -1.1686 -9.990e-29
 198.843166     -1.175   0.459097    17.8245    -1.7210     -1.165     0.2590    -1.1716 -9.990e-29
 198.843171     -1.171   0.459084    17.8398    -1.7210     -1.161     0.2589    -1.1745 -9.990e-29
 198.843177     -1.168   0.458751    17.8538    -1.7209     -1.158     0.2586    -1.1773 -9.990e-29
 198.843183     -1.166   0.458210    17.8684    -1.7205     -1.156     0.2582    -1.1803 -9.990e-29
 198.843189     -1.165   0.457845    17.8818    -1.7202     -1.155     0.2579    -1.1830 -9.990e-29
 198.843194     -1.163   0.457724    17.8924    -1.7202     -1.153     0.2578    -1.1850 -9.990e-29
 198.843200     -1.162   0.457684    17.9002    -1.7208     -1.152     0.2577    -1.1865 -9.990e-29
 198.843206     -1.161   0.457671    17.9031    -1.7210     -1.151     0.2577    -1.1871 -9.990e-29
 198.843212     -1.161   0.457667    17.9001    -1.7211     -1.151     0.2577    -1.1865 -9.990e-29
 198.843218     -1.160   0.457666    17.8946    -1.7210     -1.150     0.2578    -1.1855 -9.990e-29
 198.843223     -1.160   0.457666    17.8923    -1.7215     -1.150     0.2578    -1.1850 -9.990e-29
 198.843229     -1.159   0.457666    17.8951    -1.7216     -1.149     0.2578    -1.1856 -9.990e-29
 198.843235     -1.158   0.457667    17.9009    -1.7215     -1.148     0.2577    -1.1867 -9.990e-29
 198.843241     -1.158   0.457667    17.9052    -1.7218     -1.148     0.2577    -1.1875 -9.990e-29
 198.843247     -1.157   0.457668    17.9034    -1.7225     -1.147     0.2577    -1.1871 -9.990e-29
 198.843252     -1.156   0.457669    17.8964    -1.7227     -1.146     0.2578    -1.1858 -9.990e-29
 198.843258     -1.155   0.457669    17.8898    -1.7228     -1.145     0.2578    -1.1846 -9.990e-29
 198.843264     -1.154   0.457670    17.8856    -1.7231     -1.144     0.2578    -1.1838 -9.990e-29
 198.843270     -1.153   0.457671    17.8816    -1.7235     -1.143     0.2578    -1.1830 -9.990e-29
 198.843275     -1.151   0.457671    17.8764    -1.7238     -1.141     0.2579    -1.1820 -9.990e-29
 198.843281     -1.148   0.457671    17.8718    -1.7239     -1.138     0.2579    -1.1812 -9.990e-29
 198.843287     -1.145   0.457671    17.8669    -1.7240     -1.135     0.2579    -1.1802 -9.990e-29
 198.843293     -1.141   0.457668    17.8584    -1.7237     -1.131     0.2580    -1.1786 -9.990e-29
 198.843299     -1.136   0.457660    17.8477    -1.7238     -1.127     0.2580    -1.1766 -9.990e-29
 198.843304     -1.130   0.457633    17.8392    -1.7236     -1.121     0.2581    -1.1750 -9.990e-29
 198.843310     -1.121   0.457551    17.8325    -1.7233     -1.112     0.2581    -1.1738 -9.990e-29
 198.843316     -1.115   0.457304    17.8243    -1.7224     -1.106     0.2580    -1.1724 -9.990e-29
 198.843322     -1.114   0.457115    17.8154    -1.7221     -1.105     0.2579    -1.1708 -9.990e-29
 198.843328     -1.115   0.457287    17.8088    -1.7220     -1.106     0.2581    -1.1695 -9.990e-29
 198.843333     -1.112   0.457494    17.8054    -1.7217     -1.103     0.2582    -1.1687 -9.990e-29
 198.843339     -1.107   0.457455    17.8051    -1.7215     -1.098     0.2582    -1.1687 -9.990e-29
 198.843345     -1.103   0.457117    17.8072    -1.7208     -1.094     0.2580    -1.1692 -9.990e-29
 198.843351     -1.104   0.456586    17.8106    -1.7198     -1.095     0.2576    -1.1701 -9.990e-29
 198.843356     -1.105   0.456261    17.8167    -1.7189     -1.096     0.2574    -1.1714 -9.990e-29
 198.843362     -1.108   0.456261    17.8273    -1.7188     -1.099     0.2574    -1.1734 -9.990e-29
 198.843368     -1.115   0.456586    17.8408    -1.7192     -1.106     0.2575    -1.1758 -9.990e-29
 198.843374     -1.125   0.457114    17.8523    -1.7198     -1.116     0.2577    -1.1777 -9.990e-29
 198.843380     -1.132   0.457439    17.8609    -1.7202     -1.123     0.2578    -1.1792 -9.990e-29
 198.843385     -1.137   0.457440    17.8698    -1.7200     -1.128     0.2578    -1.1809 -9.990e-29
 198.843391     -1.141   0.457116    17.8817    -1.7198     -1.131     0.2575    -1.1833 -9.990e-29
 198.843397     -1.143   0.456589    17.8989    -1.7197     -1.133     0.2571    -1.1868 -9.990e-29
 198.843403     -1.145   0.456266    17.9195    -1.7199     -1.135     0.2568    -1.1908 -9.990e-29
 198.843409     -1.146   0.456268    17.9359    -1.7201     -1.136     0.2567    -1.1939 -9.990e-29
 198.843414     -1.146   0.456598    17.9416    -1.7204     -1.136     0.2569    -1.1948 -9.990e-29
 198.843420     -1.145   0.457141    17.9364    -1.7130     -1.135     0.2572    -1.1936 -9.990e-29
 198.843426     -1.143   0.457509    17.9268    -1.7148     -1.133     0.2575    -1.1916 -9.990e-29
 198.843432     -1.141   0.457640    17.9202    -1.7146     -1.131     0.2576    -1.1903 -9.990e-29
 198.843437     -1.137   0.457705    17.9192    -1.7111     -1.128     0.2576    -1.1901 -9.990e-29
 198.843443     -1.131   0.457791    17.9211    -1.7108     -1.122     0.2577    -1.1904 -9.990e-29
 198.843449     -1.124   0.458569    17.9216    -1.7108     -1.115     0.2581    -1.1902 -9.990e-29
 198.843455     -1.120   0.461627    17.9183    -1.7117     -1.111     0.2599    -1.1882 -9.990e-29
 198.843461     -1.121   0.471044    17.9122    -1.7124     -1.112     0.2654    -1.1829 -9.990e-29
 198.843466     -1.124   0.499929    17.9054    -1.7141     -1.115     0.2821    -1.1687 -9.990e-29
 198.843472     -1.125   0.587349    17.9008    -1.7156     -1.116     0.3330    -1.1288 -9.990e-29
 198.843478     -1.123   0.849307    17.9033    -1.7166     -1.114     0.4877    -1.0105 -9.990e-29
 198.843484     -1.119   1.214190    17.9164    -1.7174     -1.110     0.7074    -0.8444 -9.990e-29
 198.843490     -1.113   1.419908    17.9392    -1.7174     -1.104     0.8328    -0.7525 -9.990e-29
 198.843495     -1.108   1.512884    17.9638    -1.7179     -1.099     0.8895    -0.7137 -9.990e-29
 198.843501     -1.109   1.597668    17.9776    -1.7187     -1.100     0.9415    -0.6764 -9.990e-29
 198.843507     -1.111   1.594278    17.9752    -1.7196     -1.102     0.9395    -0.6775 -9.990e-29
 198.843513     -1.109   1.524824    17.9599    -1.7204     -1.100     0.8969    -0.7073 -9.990e-29
 198.843519     -1.105   1.457003    17.9366    -1.7213     -1.096     0.8556    -0.7345 -9.990e-29
 198.843524     -1.097   1.393570    17.9123    -1.7218     -1.088     0.8172    -0.7595 -9.990e-29
 198.843530     -1.085   1.324820    17.8930    -1.7218     -1.076     0.7754    -0.7880 -9.990e-29
 198.843536     -1.068   1.255034    17.8796    -1.7223     -1.059     0.7330    -0.8180 -9.990e-29
 198.843542     -1.050   1.195427    17.8679    -1.7224     -1.041     0.6968    -0.8435 -9.990e-29
 198.843547     -1.037   1.154145    17.8513    -1.7226     -1.028     0.6720    -0.8595 -9.990e-29
 198.843553     -1.030   1.135484    17.8298    -1.7229     -1.021     0.6610    -0.8640 -9.990e-29
 198.843559     -1.019   1.136187    17.8073    -1.7230     -1.010     0.6618    -0.8592 -9.990e-29
 198.843565     -1.003   1.141664    17.7849    -1.7235     -0.995     0.6655    -0.8523 -9.990e-29
 198.843571     -0.990   1.141471    17.7637    -1.7241     -0.982     0.6657    -0.8482 -9.990e-29
 198.843576     -0.984   1.139788    17.7473    -1.7247     -0.976     0.6649    -0.8458 -9.990e-29
 198.843582     -0.983   1.142135    17.7351    -1.7250     -0.975     0.6665    -0.8423 -9.990e-29
 198.843588     -0.988   1.148311    17.7233    -1.7254     -0.980     0.6705    -0.8371 -9.990e-29
 198.843594     -0.995   1.157677    17.7117    -1.7253     -0.987     0.6764    -0.8305 -9.990e-29
 198.843600     -0.996   1.173847    17.7022    -1.7252     -0.988     0.6864    -0.8211 -9.990e-29
 198.843605     -0.987   1.196754    17.6953    -1.7251     -0.979     0.7005    -0.8090 -9.990e-29
 198.843611     -0.972   1.213130    17.6878    -1.7247     -0.964     0.7107    -0.7998 -9.990e-29
 198.843617     -0.957   1.214860    17.6757    -1.7246     -0.949     0.7119    -0.7966 -9.990e-29
 198.843623     -0.946   1.209796    17.6598    -1.7249     -0.938     0.7091    -0.7959 -9.990e-29
 198.843628     -0.939   1.207824    17.6441    -1.7251     -0.931     0.7081    -0.7938 -9.990e-29
 198.843634     -0.935   1.212970    17.6315    -1.7250     -0.927     0.7115    -0.7889 -9.990e-29
 198.843640     -0.934   1.223774    17.6234    -1.7250     -0.926     0.7183    -0.7822 -9.990e-29
 198.843646     -0.936   1.235786    17.6210    -1.7250     -0.928     0.7257    -0.7761 -9.990e-29
 198.843652     -0.936   1.243949    17.6223    -1.7251     -0.928     0.7307    -0.7725 -9.990e-29
 198.843657     -0.931   1.246944    17.6240    -1.7256     -0.923     0.7325    -0.7714 -9.990e-29
 198.843663     -0.924   1.250426    17.6252    -1.7263     -0.916     0.7346    -0.7700 -9.990e-29
