data/oxygen options/ONMS/Olympic_Coast_National_Marine_Sanctuary_CTD_Data_2005_2023/raw_data/2023/CAST_TH042_230831faedb.cnv
* Sea-Bird SBE 19 Data File:
* FileName = C:\Users\OCNMS.Inst\Documents\2023 Mooring Data\Casts\CAST_TH042_230831.hex
* Software Version SeatermAF 2.1.4.55
* Temperature SN = 2997
* Conductivity SN = 2997
* System UpLoad Time = Aug 31 2023 01:30:16 (localtime) = Aug 31 2023 01:30:16 (UTC)
** CAST_TH042_230831
* ds
# nquan = 9
# nvalues = 40                          
# units = specified
# name 0 = timeJ: Julian Days
# name 1 = prSM: Pressure, Strain Gauge [db]
# name 2 = c0mS/cm: Conductivity [mS/cm]
# name 3 = t090C: Temperature [ITS-90, deg C]
# name 4 = sbeox0ML/L: Oxygen, SBE 43 [ml/l]
# name 5 = depSM: Depth [salt water, m], lat = 47.5
# name 6 = sal00: Salinity, Practical [PSU]
# name 7 = sigma-é00: Density [sigma-theta, kg/m^3]
# name 8 = flag: flag
# span 0 = 243.013662, 243.014527       
# span 1 =      1.000,     40.000       
# span 2 =  35.173093,  39.029091       
# span 3 =     8.1948,    13.3231       
# span 4 =     0.3677,     8.2434       
# span 5 =      0.992,     39.662       
# span 6 =    32.8061,    33.6818       
# span 7 =    24.6854,    26.2092       
# span 8 = 0.0000e+00, 0.0000e+00       
# interval = decibars: 1                
# start_time = Aug 31 2023 00:13:24 [Instrument's time stamp, header]
# bad_flag = -9.990e-29
*END*
 243.013662      1.000  39.029091    13.3231     8.2434      0.992    32.8782    24.6854 0.0000e+00
 243.013691      2.000  38.871614    13.1251     8.1463      1.983    32.9011    24.7426 0.0000e+00
 243.013716      3.000  38.736772    12.9457     8.0782      2.975    32.9291    24.7997 0.0000e+00
 243.013740      4.000  38.585239    12.7804     7.9988      3.967    32.9288    24.8318 0.0000e+00
 243.013762      5.000  38.485030    12.6499     7.9272      4.958    32.9471    24.8713 0.0000e+00
 243.013783      6.000  38.375535    12.5535     7.7399      5.950    32.9265    24.8741 0.0000e+00
 243.013804      7.000  38.258247    12.4243     7.1148      6.942    32.9270    24.8992 0.0000e+00
 243.013825      8.000  37.958907    12.1448     6.4720      7.933    32.8843    24.9193 0.0000e+00
 243.013847      9.000  37.414473    11.6347     6.1868      8.925    32.8061    24.9532 0.0000e+00
 243.013869     10.000  37.062630    11.0061     5.7846      9.916    33.0203    25.2332 0.0000e+00
 243.013890     11.000  36.892611    10.7318     5.4330     10.908    33.0983    25.3422 0.0000e+00
 243.013911     12.000  36.588243    10.3955     5.3853     11.900    33.0981    25.4003 0.0000e+00
 243.013933     13.000  36.521669    10.3254     5.1917     12.891    33.0946    25.4096 0.0000e+00
 243.013956     14.000  36.401563    10.1010     4.9251     13.883    33.1779    25.5126 0.0000e+00
 243.013977     15.000  36.270961     9.9687     4.5821     14.874    33.1662    25.5257 0.0000e+00
 243.013998     16.000  36.089010     9.7773     4.2755     15.866    33.1565    25.5499 0.0000e+00
 243.014019     17.000  35.950979     9.6204     3.8845     16.857    33.1594    25.5780 0.0000e+00
 243.014042     18.000  35.793077     9.4163     3.5537     17.849    33.1855    25.6316 0.0000e+00
 243.014065     19.000  35.662879     9.2582     3.3130     18.841    33.1974    25.6662 0.0000e+00
 243.014086     20.000  35.570914     9.1308     3.1576     19.832    33.2204    25.7044 0.0000e+00
 243.014106     21.000  35.486945     9.0155     3.0687     20.824    33.2402    25.7382 0.0000e+00
 243.014127     22.000  35.456500     8.9870     2.9103     21.815    33.2347    25.7383 0.0000e+00
 243.014151     23.000  35.318971     8.8496     2.6648     22.807    33.2193    25.7478 0.0000e+00
 243.014173     24.000  35.236345     8.6765     2.2882     23.798    33.2949    25.8337 0.0000e+00
 243.014192     25.000  35.260301     8.6257     2.1747     24.790    33.3675    25.8984 0.0000e+00
 243.014210     26.000  35.243168     8.5645     2.1888     25.781    33.4068    25.9386 0.0000e+00
 243.014235     27.000  35.233151     8.5143     2.0945     26.773    33.4434    25.9749 0.0000e+00
 243.014257     28.000  35.196324     8.4199     1.1448     27.764    33.4936    26.0287 0.0000e+00
 243.014276     29.000  35.184490     8.3233     0.4695     28.756    33.5727    26.1053 0.0000e+00
 243.014296     30.000  35.195321     8.2486     0.3965     29.748    33.6552    26.1812 0.0000e+00
 243.014320     31.000  35.197860     8.2253     0.4041     30.739    33.6798    26.2040 0.0000e+00
 243.014342     32.000  35.195042     8.2219     0.3929     31.731    33.6796    26.2044 0.0000e+00
 243.014366     33.000  35.192575     8.2211     0.4114     32.722    33.6773    26.2027 0.0000e+00
 243.014387     34.000  35.189430     8.2178     0.3971     33.714    33.6766    26.2027 0.0000e+00
 243.014407     35.000  35.193528     8.2188     0.4153     34.705    33.6796    26.2049 0.0000e+00
 243.014431     36.000  35.192642     8.2169     0.3922     35.697    33.6799    26.2054 0.0000e+00
 243.014452     37.000  35.184344     8.2082     0.3891     36.688    33.6790    26.2061 0.0000e+00
 243.014474     38.000  35.182195     8.2039     0.3813     37.680    33.6804    26.2078 0.0000e+00
 243.014501     39.000  35.182574     8.2023     0.3705     38.671    33.6818    26.2092 0.0000e+00
 243.014527     40.000  35.173093     8.1948     0.3677     39.662    33.6784    26.2076 0.0000e+00
