data/oxygen options/ONMS/Olympic_Coast_National_Marine_Sanctuary_CTD_Data_2005_2023/raw_data/2023/CAST_CA042_230615faed.cnv
* Sea-Bird SBE 19 Data File:
* FileName = C:\Users\OCNMS.Inst\Documents\2023 Mooring Data\Casts\CAST_CA042_230615.hex
* Software Version SeatermAF 2.1.4.55
* Temperature SN = 2997
* Conductivity SN = 2997
* System UpLoad Time = Jun 15 2023 23:28:41 (localtime) = Jun 15 2023 23:28:41 (UTC)
** CAST_CA042_230615
* ds
# nquan = 9                                 
# nvalues = 1049                        
# units = specified
# name 0 = timeJ: Julian Days
# name 1 = prSM: Pressure, Strain Gauge [db]
# name 2 = c0mS/cm: Conductivity [mS/cm]
# name 3 = t090C: Temperature [ITS-90, deg C]
# name 4 = sbeox0ML/L: Oxygen, SBE 43 [ml/l]
# name 5 = depSM: Depth [salt water, m], lat = 47.5
# name 6 = sal00: Salinity, Practical [PSU]
# name 7 = sigma-é00: Density [sigma-theta, kg/m^3]
# name 8 = flag: flag
# span 0 = 166.968160, 166.974225       
# span 1 =     -6.040,     39.719       
# span 2 =   0.307369,  37.399685       
# span 3 =     7.9979,    15.4705       
# span 4 =    -1.8287,    17.3325       
# span 5 =     -5.990,     39.384       
# span 6 =     0.1823,    33.7057       
# span 7 =    -0.8066,    26.2579       
# span 8 = 0.0000e+00, 0.0000e+00       
# interval = seconds: 0.5
# start_time = Jun 15 2023 23:14:09 [Instrument's time stamp, header]
# bad_flag = -9.990e-29
*END*
[from data line 641]
 166.971869      0.224  36.729173    11.6946     8.0528      0.222    32.0898    24.3859 -9.990e-29
 166.971875      0.240  36.707727    11.6884     8.0340      0.238    32.0743    24.3750 -9.990e-29
 166.971881      0.256  36.679518    11.6749     8.0197      0.254    32.0585    24.3652 -9.990e-29
 166.971887      0.263  36.666286    11.6617     8.0095      0.261    32.0571    24.3665 -9.990e-29
 166.971892      0.258  36.669409    11.6637     8.0009      0.256    32.0584    24.3671 -9.990e-29
 166.971898      0.244  36.680138    11.6873     8.0073      0.242    32.0484    24.3551 -9.990e-29
 166.971904      0.230  36.707148    11.7128     8.0192      0.228    32.0526    24.3537 -9.990e-29
 166.971910      0.222  36.733768    11.7160     8.0462      0.220    32.0757    24.3711 -9.990e-29
 166.971916      0.225  36.725450    11.6971     8.0645      0.223    32.0840    24.3809 -9.990e-29
 166.971921      0.235  36.689012    11.6763     8.0593      0.233    32.0666    24.3712 -9.990e-29
 166.971927      0.244  36.666035    11.6656     8.0102      0.242    32.0535    24.3630 -9.990e-29
 166.971933      0.243  36.670105    11.6629     7.9990      0.241    32.0597    24.3683 -9.990e-29
 166.971939      0.234  36.679168    11.6650     7.9987      0.232    32.0667    24.3734 -9.990e-29
 166.971944      0.222  36.683995    11.6723     8.0157      0.220    32.0651    24.3708 -9.990e-29
 166.971950      0.213  36.689317    11.6847     8.0623      0.211    32.0596    24.3642 -9.990e-29
 166.971956      0.206  36.693802    11.6950     8.0747      0.204    32.0551    24.3588 -9.990e-29
 166.971962      0.199  36.695001    11.6876     8.0829      0.197    32.0626    24.3661 -9.990e-29
 166.971968      0.194  36.665921    11.6436     8.0721      0.192    32.0724    24.3817 -9.990e-29
 166.971973      0.189  36.595777    11.5746     8.0153      0.187    32.0638    24.3875 -9.990e-29
 166.971979      0.184  36.538907    11.5218     8.0478      0.182    32.0541    24.3895 -9.990e-29
 166.971985      0.178  36.522526    11.5017     8.0519      0.177    32.0555    24.3942 -9.990e-29
 166.971991      0.172  36.528672    11.5009     8.0525      0.171    32.0622    24.3996 -9.990e-29
 166.971997      0.169  36.543097    11.5037     8.0568      0.168    32.0739    24.4081 -9.990e-29
 166.972002      0.174  36.554198    11.5019     8.0147      0.173    32.0862    24.4181 -9.990e-29
 166.972008      0.182  36.553785    11.4955     8.0605      0.180    32.0914    24.4232 -9.990e-29
 166.972014      0.189  36.543522    11.4902     8.0813      0.187    32.0860    24.4200 -9.990e-29
 166.972020      0.197  36.538268    11.4900     8.0805      0.195    32.0810    24.4162 -9.990e-29
 166.972025      0.205  36.540515    11.4954     8.0593      0.203    32.0785    24.4133 -9.990e-29
 166.972031      0.214  36.542028    11.5098     7.9998      0.212    32.0675    24.4021 -9.990e-29
 166.972037      0.221  36.549282    11.5397     7.9761      0.219    32.0487    24.3821 -9.990e-29
 166.972043      0.221  36.570243    11.5855     7.9756      0.219    32.0295    24.3589 -9.990e-29
 166.972049      0.219  36.605384    11.6361     7.9880      0.217    32.0200    24.3423 -9.990e-29
 166.972054      0.219  36.647763    11.6771     8.0172      0.217    32.0258    24.3394 -9.990e-29
 166.972060      0.221  36.684964    11.6973     8.0524      0.219    32.0445    24.3502 -9.990e-29
 166.972066      0.226  36.706073    11.6867     8.0689      0.224    32.0741    24.3752 -9.990e-29
 166.972072      0.232  36.688240    11.6550     8.0503      0.230    32.0842    24.3888 -9.990e-29
 166.972078      0.237  36.638475    11.6334     8.0360      0.235    32.0545    24.3696 -9.990e-29
 166.972083      0.233  36.612520    11.6403     7.9993      0.231    32.0233    24.3441 -9.990e-29
 166.972089      0.218  36.630631    11.6724     7.9771      0.216    32.0132    24.3304 -9.990e-29
 166.972095      0.206  36.669311    11.7180     7.9775      0.204    32.0114    24.3208 -9.990e-29
 166.972101      0.207  36.716806    11.7580     7.9808      0.205    32.0230    24.3225 -9.990e-29
 166.972106      0.219  36.764160    11.7777     7.9856      0.217    32.0520    24.3413 -9.990e-29
 166.972112      0.228  36.793264    11.7833     7.9886      0.226    32.0753    24.3585 -9.990e-29
 166.972118      0.239  36.805374    11.7889     7.9951      0.237    32.0822    24.3628 -9.990e-29
 166.972124      0.263  36.807089    11.7947     7.9978      0.261    32.0789    24.3591 -9.990e-29
 166.972130      0.291  36.798987    11.7973     7.9948      0.289    32.0688    24.3508 -9.990e-29
 166.972135      0.313  36.794891    11.8002     7.9864      0.310    32.0623    24.3452 -9.990e-29
 166.972141      0.330  36.799959    11.8057     7.9920      0.327    32.0625    24.3444 -9.990e-29
 166.972147      0.351  36.808597    11.8127     7.9928      0.348    32.0648    24.3449 -9.990e-29
 166.972153      0.383  36.820535    11.8195     7.9630      0.380    32.0705    24.3480 -9.990e-29
 166.972159      0.428  36.833739    11.8253     7.9012      0.424    32.0782    24.3530 -9.990e-29
 166.972164      0.487  36.842820    11.8299     7.9324      0.483    32.0831    24.3559 -9.990e-29
 166.972170      0.566  36.847537    11.8326     7.9772      0.561    32.0853    24.3571 -9.990e-29
 166.972176      0.669  36.849112    11.8299     8.0452      0.663    32.0891    24.3606 -9.990e-29
 166.972182      0.798  36.842339    11.8140     8.0743      0.791    32.0962    24.3690 0.0000e+00
 166.972187      0.953  36.818161    11.7675     8.0387      0.945    32.1128    24.3905 0.0000e+00
 166.972193      1.130  36.751040    11.6802     8.0851      1.121    32.1231    24.4144 0.0000e+00
 166.972199      1.325  36.645568    11.5824     8.0908      1.314    32.1051    24.4182 0.0000e+00
 166.972205      1.536  36.562753    11.5171     8.1023      1.523    32.0809    24.4112 0.0000e+00
 166.972211      1.761  36.524901    11.4863     8.1168      1.746    32.0705    24.4087 0.0000e+00
 166.972216      1.991  36.507822    11.4655     8.0976      1.974    32.0718    24.4135 0.0000e+00
 166.972222      2.229  36.495991    11.4420     8.0940      2.210    32.0805    24.4245 0.0000e+00
 166.972228      2.477  36.482007    11.4186     8.0848      2.456    32.0870    24.4338 0.0000e+00
 166.972234      2.733  36.467362    11.4007     8.0661      2.710    32.0882    24.4378 0.0000e+00
 166.972240      2.992  36.455468    11.3892     8.0442      2.967    32.0864    24.4385 0.0000e+00
 166.972245      3.246  36.442197    11.3832     8.0445      3.219    32.0785    24.4335 0.0000e+00
 166.972251      3.489  36.428873    11.3820     8.0248      3.460    32.0664    24.4243 0.0000e+00
 166.972257      3.719  36.427391    11.3797     8.0117      3.688    32.0669    24.4251 0.0000e+00
 166.972263      3.942  36.434065    11.3670     7.9920      3.909    32.0843    24.4409 0.0000e+00
 166.972269      4.172  36.427520    11.3404     7.9526      4.137    32.1010    24.4586 0.0000e+00
 166.972274      4.417  36.401804    11.3069     7.9332      4.380    32.1048    24.4676 0.0000e+00
 166.972280      4.668  36.370777    11.2768     7.9002      4.629    32.1005    24.4696 0.0000e+00
 166.972286      4.918  36.346256    11.2564     7.8636      4.877    32.0941    24.4683 0.0000e+00
 166.972292      5.164  36.331365    11.2457     7.8193      5.121    32.0887    24.4660 0.0000e+00
 166.972297      5.410  36.324702    11.2385     7.7683      5.365    32.0883    24.4670 0.0000e+00
 166.972303      5.654  36.321273    11.2289     7.7396      5.607    32.0932    24.4725 0.0000e+00
 166.972309      5.903  36.315918    11.2158     7.7312      5.854    32.0992    24.4795 0.0000e+00
 166.972315      6.165  36.308194    11.2016     7.7227      6.113    32.1039    24.4857 0.0000e+00
 166.972321      6.429  36.300100    11.1903     7.6912      6.375    32.1057    24.4891 0.0000e+00
 166.972326      6.684  36.293699    11.1848     7.6064      6.628    32.1041    24.4888 0.0000e+00
 166.972332      6.923  36.290506    11.1832     7.4974      6.865    32.1022    24.4876 0.0000e+00
 166.972338      7.149  36.288478    11.1780     7.3666      7.089    32.1047    24.4905 0.0000e+00
 166.972344      7.373  36.283764    11.1635     7.1663      7.311    32.1126    24.4992 0.0000e+00
 166.972350      7.604  36.272852    11.1407     7.0436      7.540    32.1216    24.5103 0.0000e+00
 166.972355      7.848  36.254432    11.1091     6.9440      7.782    32.1310    24.5232 0.0000e+00
 166.972361      8.108  36.229687    11.0646     6.8904      8.040    32.1454    24.5422 0.0000e+00
 166.972367      8.379  36.196188    11.0098     6.8535      8.309    32.1602    24.5633 0.0000e+00
 166.972373      8.653  36.148388    10.9622     6.7217      8.581    32.1545    24.5673 0.0000e+00
 166.972378      8.917  36.097339    10.9368     6.6799      8.842    32.1262    24.5497 0.0000e+00
 166.972384      9.162  36.067876    10.9231     6.6040      9.085    32.1089    24.5387 0.0000e+00
 166.972390      9.396  36.055363    10.9012     6.5184      9.317    32.1156    24.5477 0.0000e+00
 166.972396      9.628  36.038002    10.8661     6.3851      9.547    32.1291    24.5643 0.0000e+00
 166.972402      9.860  36.013301    10.8049     6.2044      9.777    32.1582    24.5976 0.0000e+00
 166.972407     10.096  35.963933    10.6845     6.0630     10.011    32.2151    24.6627 0.0000e+00
 166.972413     10.340  35.858171    10.5070     5.9602     10.253    32.2663    24.7330 0.0000e+00
 166.972419     10.596  35.714001    10.3267     5.8775     10.507    32.2817    24.7756 0.0000e+00
 166.972425     10.858  35.582761    10.1760     5.8026     10.767    32.2836    24.8025 0.0000e+00
 166.972431     11.123  35.472517    10.0188     5.7449     11.030    32.3125    24.8511 0.0000e+00
 166.972436     11.389  35.347075     9.8098     5.6897     11.294    32.3724    24.9323 0.0000e+00
 166.972442     11.652  35.180232     9.5761     5.6640     11.554    32.4126    25.0016 0.0000e+00
 166.972448     11.907  35.005954     9.3910     5.6481     11.807    32.4011    25.0224 0.0000e+00
 166.972454     12.153  34.887475     9.2818     5.6267     12.051    32.3780    25.0216 0.0000e+00
 166.972459     12.390  34.833604     9.2282     5.5768     12.286    32.3709    25.0245 0.0000e+00
 166.972465     12.619  34.813854     9.2082     5.4944     12.513    32.3686    25.0259 0.0000e+00
 166.972471     12.846  34.807410     9.1914     5.4217     12.738    32.3771    25.0351 0.0000e+00
 166.972477     13.073  34.803366     9.1505     5.3414     12.963    32.4100    25.0673 0.0000e+00
 166.972483     13.301  34.796261     9.0996     5.2962     13.190    32.4488    25.1057 0.0000e+00
 166.972488     13.536  34.796715     9.0668     5.2648     13.423    32.4791    25.1345 0.0000e+00
 166.972494     13.781  34.812538     9.0430     5.2279     13.666    32.5172    25.1679 0.0000e+00
 166.972500     14.034  34.811543     8.9990     5.1847     13.916    32.5563    25.2054 0.0000e+00
 166.972506     14.293  34.771610     8.9325     5.1322     14.173    32.5756    25.2308 0.0000e+00
 166.972512     14.558  34.720630     8.8636     5.0667     14.436    32.5856    25.2493 0.0000e+00
 166.972517     14.829  34.680161     8.8050     5.0091     14.705    32.5972    25.2674 0.0000e+00
 166.972523     15.102  34.646003     8.7541     4.9641     14.975    32.6082    25.2838 0.0000e+00
 166.972529     15.373  34.617335     8.7092     4.9371     15.244    32.6195    25.2995 0.0000e+00
 166.972535     15.641  34.604576     8.6830     4.9251     15.510    32.6302    25.3119 0.0000e+00
 166.972541     15.902  34.608560     8.6790     4.9111     15.769    32.6379    25.3185 0.0000e+00
 166.972546     16.152  34.614922     8.6813     4.8942     16.017    32.6423    25.3217 0.0000e+00
 166.972552     16.389  34.617511     8.6778     4.8587     16.252    32.6482    25.3268 0.0000e+00
 166.972558     16.616  34.620831     8.6722     4.7235     16.477    32.6567    25.3343 0.0000e+00
 166.972564     16.837  34.626999     8.6726     4.6371     16.696    32.6627    25.3389 0.0000e+00
 166.972569     17.060  34.635213     8.6769     4.4550     16.917    32.6672    25.3418 0.0000e+00
 166.972575     17.289  34.644034     8.6740     4.2802     17.144    32.6790    25.3515 0.0000e+00
 166.972581     17.531  34.646673     8.6512     4.1585     17.384    32.7028    25.3736 0.0000e+00
 166.972587     17.792  34.640422     8.6084     3.9966     17.643    32.7357    25.4059 0.0000e+00
 166.972593     18.071  34.639283     8.5631     3.9777     17.919    32.7764    25.4447 0.0000e+00
 166.972598     18.357  34.649503     8.5333     3.9727     18.203    32.8147    25.4792 0.0000e+00
 166.972604     18.634  34.661111     8.5217     3.9662     18.478    32.8376    25.4989 0.0000e+00
 166.972610     18.888  34.671584     8.5156     3.9700     18.730    32.8542    25.5128 0.0000e+00
 166.972616     19.120  34.681372     8.5057     3.9123     18.960    32.8736    25.5295 0.0000e+00
 166.972622     19.339  34.687774     8.4954     3.8680     19.177    32.8898    25.5438 0.0000e+00
 166.972627     19.555  34.690859     8.4867     3.8556     19.391    32.9011    25.5540 0.0000e+00
 166.972633     19.774  34.694670     8.4771     3.8390     19.608    32.9140    25.5655 0.0000e+00
 166.972639     20.001  34.705899     8.4682     3.8247     19.833    32.9340    25.5825 0.0000e+00
 166.972645     20.237  34.726007     8.4663     3.8115     20.067    32.9569    25.6008 0.0000e+00
 166.972650     20.480  34.748691     8.4737     3.7884     20.308    32.9738    25.6129 0.0000e+00
 166.972656     20.728  34.769403     8.4850     3.7618     20.554    32.9849    25.6199 0.0000e+00
 166.972662     20.976  34.787126     8.4942     3.7210     20.800    32.9949    25.6263 0.0000e+00
 166.972668     21.219  34.799660     8.4980     3.6689     21.041    33.0044    25.6332 0.0000e+00
 166.972674     21.458  34.809649     8.4951     3.6339     21.278    33.0175    25.6440 0.0000e+00
 166.972679     21.697  34.818026     8.4861     3.6027     21.515    33.0347    25.6588 0.0000e+00
 166.972685     21.932  34.818529     8.4714     3.5577     21.748    33.0489    25.6721 0.0000e+00
 166.972691     22.168  34.811757     8.4506     3.5134     21.982    33.0611    25.6849 0.0000e+00
 166.972697     22.408  34.804294     8.4255     3.4797     22.220    33.0767    25.7009 0.0000e+00
 166.972703     22.657  34.800120     8.3998     3.4573     22.467    33.0963    25.7201 0.0000e+00
 166.972708     22.913  34.798639     8.3756     3.4402     22.721    33.1174    25.7403 0.0000e+00
 166.972714     23.166  34.797243     8.3572     3.4078     22.971    33.1331    25.7554 0.0000e+00
 166.972720     23.403  34.796796     8.3485     3.3819     23.206    33.1408    25.7626 0.0000e+00
 166.972726     23.622  34.798871     8.3419     3.3684     23.424    33.1491    25.7702 0.0000e+00
 166.972731     23.827  34.801681     8.3274     3.3509     23.627    33.1656    25.7853 0.0000e+00
 166.972737     24.032  34.802742     8.3055     3.3378     23.830    33.1873    25.8056 0.0000e+00
 166.972743     24.250  34.802842     8.2837     3.2935     24.046    33.2079    25.8250 0.0000e+00
 166.972749     24.478  34.804284     8.2685     3.3129     24.272    33.2237    25.8397 0.0000e+00
 166.972755     24.708  34.806676     8.2605     3.2964     24.500    33.2337    25.8487 0.0000e+00
 166.972760     24.939  34.808654     8.2559     3.2769     24.729    33.2400    25.8544 0.0000e+00
 166.972766     25.172  34.809983     8.2496     3.2612     24.960    33.2473    25.8610 0.0000e+00
 166.972772     25.413  34.811245     8.2377     3.1939     25.199    33.2598    25.8726 0.0000e+00
 166.972778     25.661  34.815176     8.2220     3.2230     25.445    33.2787    25.8898 0.0000e+00
 166.972784     25.905  34.823027     8.2093     3.2264     25.687    33.2990    25.9076 0.0000e+00
