data/oxygen options/ONMS/Olympic_Coast_National_Marine_Sanctuary_CTD_Data_2005_2023/raw_data/2023/CAST_CA042_230615faed.cnv
* Sea-Bird SBE 19 Data File:
* FileName = C:\Users\OCNMS.Inst\Documents\2023 Mooring Data\Casts\CAST_CA042_230615.hex
* Software Version SeatermAF 2.1.4.55
* Temperature SN = 2997
* Conductivity SN = 2997
* System UpLoad Time = Jun 15 2023 23:28:41 (localtime) = Jun 15 2023 23:28:41 (UTC)
** CAST_CA042_230615
* ds
# nquan = 9                                 
# nvalues = 1049                        
# units = specified
# name 0 = timeJ: Julian Days
# name 1 = prSM: Pressure, Strain Gauge [db]
# name 2 = c0mS/cm: Conductivity [mS/cm]
# name 3 = t090C: Temperature [ITS-90, deg C]
# name 4 = sbeox0ML/L: Oxygen, SBE 43 [ml/l]
# name 5 = depSM: Depth [salt water, m], lat = 47.5
# name 6 = sal00: Salinity, Practical [PSU]
# name 7 = sigma-é00: Density [sigma-theta, kg/m^3]
# name 8 = flag: flag
# span 0 = 166.968160, 166.974225       
# span 1 =     -6.040,     39.719       
# span 2 =   0.307369,  37.399685       
# span 3 =     7.9979,    15.4705       
# span 4 =    -1.8287,    17.3325       
# span 5 =     -5.990,     39.384       
# span 6 =     0.1823,    33.7057       
# span 7 =    -0.8066,    26.2579       
# span 8 = 0.0000e+00, 0.0000e+00       
# interval = seconds: 0.5
# start_time = Jun 15 2023 23:14:09 [Instrument's time stamp, header]
# bad_flag = -9.990e-29
*END*
[from data line 321]
 166.970017     -1.492   0.495072    15.3413    -1.8096     -1.480     0.2968    -0.7213 -9.990e-29
 166.970023     -1.488   0.494282    15.3486    -1.8095     -1.476     0.2962    -0.7228 -9.990e-29
 166.970029     -1.489   0.493722    15.3582    -1.8096     -1.477     0.2958    -0.7246 -9.990e-29
 166.970035     -1.489   0.493201    15.3695    -1.8099     -1.477     0.2954    -0.7267 -9.990e-29
 166.970041     -1.484   0.492578    15.3805    -1.8100     -1.472     0.2949    -0.7288 -9.990e-29
 166.970046     -1.479   0.492133    15.3896    -1.8101     -1.467     0.2946    -0.7305 -9.990e-29
 166.970052     -1.477   0.491827    15.3956    -1.8100     -1.465     0.2944    -0.7316 -9.990e-29
 166.970058     -1.477   0.491251    15.3978    -1.8097     -1.465     0.2940    -0.7322 -9.990e-29
 166.970064     -1.481   0.490191    15.3970    -1.8095     -1.469     0.2934    -0.7326 -9.990e-29
 166.970069     -1.488   0.488900    15.3957    -1.8098     -1.476     0.2926    -0.7330 -9.990e-29
 166.970075     -1.495   0.487873    15.3948    -1.8100     -1.483     0.2919    -0.7333 -9.990e-29
 166.970081     -1.493   0.487407    15.3929    -1.8096     -1.481     0.2917    -0.7332 -9.990e-29
 166.970087     -1.482   0.487433    15.3895    -1.8091     -1.470     0.2917    -0.7327 -9.990e-29
 166.970093     -1.470   0.487434    15.3867    -1.8086     -1.458     0.2917    -0.7322 -9.990e-29
 166.970098     -1.461   0.486854    15.3859    -1.8087     -1.449     0.2914    -0.7324 -9.990e-29
 166.970104     -1.454   0.486031    15.3878    -1.8088     -1.442     0.2909    -0.7331 -9.990e-29
 166.970110     -1.448   0.485530    15.3914    -1.8090     -1.436     0.2905    -0.7339 -9.990e-29
 166.970116     -1.444   0.485238    15.3933    -1.8087     -1.432     0.2903    -0.7343 -9.990e-29
 166.970122     -1.440   0.484768    15.3926    -1.8087     -1.428     0.2900    -0.7344 -9.990e-29
 166.970127     -1.438   0.484046    15.3936    -1.8087     -1.426     0.2896    -0.7349 -9.990e-29
 166.970133     -1.436   0.483218    15.3996    -1.8084     -1.424     0.2890    -0.7363 -9.990e-29
 166.970139     -1.434   0.482290    15.4087    -1.8082     -1.422     0.2884    -0.7382 -9.990e-29
 166.970145     -1.432   0.481689    15.4161    -1.8079     -1.420     0.2880    -0.7397 -9.990e-29
 166.970150     -1.431   0.481724    15.4187    -1.8076     -1.419     0.2880    -0.7401 -9.990e-29
 166.970156     -1.430   0.481886    15.4181    -1.8076     -1.418     0.2881    -0.7399 -9.990e-29
 166.970162     -1.429   0.481839    15.4175    -1.8076     -1.417     0.2881    -0.7399 -9.990e-29
 166.970168     -1.428   0.481517    15.4187    -1.8075     -1.416     0.2879    -0.7402 -9.990e-29
 166.970174     -1.427   0.481047    15.4208    -1.8074     -1.415     0.2876    -0.7408 -9.990e-29
 166.970179     -1.426   0.480911    15.4240    -1.8075     -1.414     0.2875    -0.7414 -9.990e-29
 166.970185     -1.424   0.480928    15.4287    -1.8080     -1.412     0.2874    -0.7421 -9.990e-29
 166.970191     -1.422   0.480568    15.4343    -1.8087     -1.410     0.2872    -0.7432 -9.990e-29
 166.970197     -1.420   0.479904    15.4407    -1.8094     -1.408     0.2867    -0.7445 -9.990e-29
 166.970203     -1.417   0.479161    15.4464    -1.8104     -1.405     0.2862    -0.7458 -9.990e-29
 166.970208     -1.414   0.478459    15.4493    -1.8100     -1.402     0.2858    -0.7466 -9.990e-29
 166.970214     -1.409   0.477971    15.4503    -1.8097     -1.397     0.2855    -0.7470 -9.990e-29
 166.970220     -1.404   0.478154    15.4508    -1.8092     -1.392     0.2856    -0.7470 -9.990e-29
 166.970226     -1.396   0.479254    15.4500    -1.8089     -1.384     0.2863    -0.7464 -9.990e-29
 166.970231     -1.387   0.480518    15.4452    -1.8090     -1.375     0.2871    -0.7450 -9.990e-29
 166.970237     -1.375   0.480858    15.4350    -1.8092     -1.364     0.2873    -0.7432 -9.990e-29
 166.970243     -1.360   0.480175    15.4207    -1.8097     -1.349     0.2870    -0.7412 -9.990e-29
 166.970249     -1.344   0.479222    15.4050    -1.8101     -1.333     0.2865    -0.7391 -9.990e-29
 166.970255     -1.336   0.478390    15.3937    -1.8103     -1.325     0.2861    -0.7377 -9.990e-29
 166.970260     -1.335   0.477681    15.3924    -1.8102     -1.324     0.2857    -0.7378 -9.990e-29
 166.970266     -1.333   0.477259    15.3981    -1.8098     -1.322     0.2854    -0.7389 -9.990e-29
 166.970272     -1.328   0.477117    15.4049    -1.8097     -1.317     0.2853    -0.7401 -9.990e-29
 166.970278     -1.326   0.477065    15.4093    -1.8098     -1.315     0.2852    -0.7408 -9.990e-29
 166.970284     -1.321   0.477031    15.4092    -1.8099     -1.310     0.2852    -0.7408 -9.990e-29
 166.970289     -1.310   0.476971    15.4046    -1.8100     -1.299     0.2852    -0.7401 -9.990e-29
 166.970295     -1.295   0.476803    15.3969    -1.8098     -1.284     0.2851    -0.7389 -9.990e-29
 166.970301     -1.285   0.476305    15.3893    -1.8094     -1.274     0.2849    -0.7379 -9.990e-29
 166.970307     -1.282   0.475366    15.3852    -1.8094     -1.271     0.2843    -0.7377 -9.990e-29
 166.970313     -1.284   0.474395    15.3861    -1.8094     -1.273     0.2837    -0.7383 -9.990e-29
 166.970318     -1.280   0.473761    15.3903    -1.8097     -1.269     0.2833    -0.7393 -9.990e-29
 166.970324     -1.271   0.473173    15.3934    -1.8099     -1.260     0.2829    -0.7401 -9.990e-29
 166.970330     -1.265   0.472401    15.3935    -1.8102     -1.254     0.2824    -0.7405 -9.990e-29
 166.970336     -1.266   0.471524    15.3923    -1.8105     -1.255     0.2819    -0.7407 -9.990e-29
 166.970341     -1.269   0.470483    15.3928    -1.8107     -1.258     0.2813    -0.7413 -9.990e-29
 166.970347     -1.270   0.469550    15.3961    -1.8105     -1.259     0.2807    -0.7422 -9.990e-29
 166.970353     -1.275   0.469147    15.4000    -1.8105     -1.264     0.2804    -0.7431 -9.990e-29
 166.970359     -1.282   0.469288    15.4015    -1.8107     -1.271     0.2805    -0.7432 -9.990e-29
 166.970365     -1.285   0.469608    15.4002    -1.8107     -1.274     0.2807    -0.7429 -9.990e-29
 166.970370     -1.278   0.469425    15.3966    -1.8110     -1.267     0.2806    -0.7424 -9.990e-29
 166.970376     -1.266   0.468494    15.3913    -1.8111     -1.255     0.2800    -0.7420 -9.990e-29
 166.970382     -1.253   0.467235    15.3853    -1.8109     -1.243     0.2793    -0.7416 -9.990e-29
 166.970388     -1.236   0.466187    15.3800    -1.8107     -1.226     0.2787    -0.7412 -9.990e-29
 166.970394     -1.220   0.465617    15.3769    -1.8104     -1.210     0.2784    -0.7410 -9.990e-29
 166.970399     -1.209   0.465317    15.3759    -1.8101     -1.199     0.2782    -0.7410 -9.990e-29
 166.970405     -1.200   0.464889    15.3747    -1.8099     -1.190     0.2779    -0.7410 -9.990e-29
 166.970411     -1.194   0.464313    15.3722    -1.8104     -1.184     0.2776    -0.7409 -9.990e-29
 166.970417     -1.190   0.463930    15.3692    -1.8101     -1.180     0.2774    -0.7406 -9.990e-29
 166.970422     -1.188   0.463785    15.3664    -1.8093     -1.178     0.2773    -0.7402 -9.990e-29
 166.970428     -1.188   0.463685    15.3658    -1.8085     -1.178     0.2773    -0.7402 -9.990e-29
 166.970434     -1.190   0.463494    15.3684    -1.8079     -1.180     0.2771    -0.7407 -9.990e-29
 166.970440     -1.194   0.462957    15.3736    -1.8076     -1.184     0.2768    -0.7418 -9.990e-29
 166.970446     -1.195   0.461913    15.3803    -1.8072     -1.185     0.2761    -0.7433 -9.990e-29
 166.970451     -1.191   0.460632    15.3863    -1.8071     -1.181     0.2752    -0.7449 -9.990e-29
 166.970457     -1.184   0.459624    15.3890    -1.8069     -1.174     0.2746    -0.7458 -9.990e-29
 166.970463     -1.178   0.459207    15.3902    -1.8070     -1.168     0.2743    -0.7462 -9.990e-29
 166.970469     -1.174   0.459381    15.3970    -1.8071     -1.164     0.2744    -0.7472 -9.990e-29
 166.970475     -1.171   0.459822    15.4114    -1.8070     -1.161     0.2746    -0.7493 -9.990e-29
 166.970480     -1.168   0.460009    15.4283    -1.8070     -1.158     0.2746    -0.7520 -9.990e-29
 166.970486     -1.166   0.459635    15.4430    -1.8074     -1.156     0.2743    -0.7545 -9.990e-29
 166.970492     -1.164   0.458755    15.4543    -1.8077     -1.154     0.2736    -0.7568 -9.990e-29
 166.970498     -1.163   0.457858    15.4625    -1.8086     -1.153     0.2730    -0.7585 -9.990e-29
 166.970503     -1.162   0.457413    15.4676    -1.8095     -1.152     0.2727    -0.7596 -9.990e-29
 166.970509     -1.162   0.457381    15.4701    -1.8106     -1.152     0.2727    -0.7600 -9.990e-29
 166.970515     -1.161   0.457717    15.4705    -1.8117     -1.151     0.2729    -0.7599 -9.990e-29
 166.970521     -1.161   0.458315    15.4699    -1.8123     -1.151     0.2733    -0.7595 -9.990e-29
 166.970527     -1.161   0.458862    15.4689    -1.8129     -1.151     0.2736    -0.7591 -9.990e-29
 166.970532     -1.161   0.458978    15.4653    -1.8129     -1.151     0.2737    -0.7585 -9.990e-29
 166.970538     -1.161   0.458265    15.4571    -1.8127     -1.151     0.2733    -0.7575 -9.990e-29
 166.970544     -1.161   0.456880    15.4439    -1.8129     -1.151     0.2726    -0.7560 -9.990e-29
 166.970550     -1.161   0.455747    15.4249    -1.8135     -1.151     0.2720    -0.7534 -9.990e-29
 166.970556     -1.161   0.455574    15.4016    -1.8137     -1.151     0.2720    -0.7498 -9.990e-29
 166.970561     -1.162   0.456127    15.3768    -1.8140     -1.152     0.2725    -0.7455 -9.990e-29
 166.970567     -1.162   0.457036    15.3538    -1.8142     -1.152     0.2733    -0.7414 -9.990e-29
 166.970573     -1.163   0.457846    15.3355    -1.8150     -1.153     0.2739    -0.7381 -9.990e-29
 166.970579     -1.164   0.457975    15.3235    -1.8163     -1.154     0.2740    -0.7361 -9.990e-29
 166.970584     -1.166   0.457596    15.3180    -1.8179     -1.156     0.2738    -0.7354 -9.990e-29
 166.970590     -1.164   0.457310    15.3153    -1.8193     -1.154     0.2737    -0.7351 -9.990e-29
 166.970596     -1.153   0.457290    15.3098    -1.6801     -1.143     0.2737    -0.7342 -9.990e-29
 166.970602     -1.138   0.457509    15.3011    -1.5718     -1.129     0.2739    -0.7327 -9.990e-29
 166.970608     -1.122   0.458257    15.2924    -1.5917     -1.113     0.2744    -0.7310 -9.990e-29
 166.970613     -1.103   0.460531    15.2830    -1.5955     -1.094     0.2759    -0.7284 -9.990e-29
 166.970619     -1.080   0.467363    15.2681    -1.5945     -1.071     0.2802    -0.7227 -9.990e-29
 166.970625     -1.053   0.488415    15.2407    -1.5941     -1.044     0.2934    -0.7083 -9.990e-29
 166.970631     -1.023   0.553422    15.1901    -1.5911     -1.014     0.3341    -0.6690 -9.990e-29
 166.970637     -0.993   0.750720    15.0925    -1.5940     -0.985     0.4592    -0.5572 -9.990e-29
 166.970642     -0.956   1.343929    14.8691    -1.5965     -0.948     0.8474    -0.2231 -9.990e-29
 166.970648     -0.911   3.124547    14.2894    -1.5952     -0.903     2.0913     0.8235 -9.990e-29
 166.970654     -0.859   8.467841    13.3623    -1.5959     -0.852     6.2058     4.1297 -9.990e-29
 166.970660     -0.796  18.588815    12.5720    -1.5974     -0.789    14.8305    10.8916 -9.990e-29
 166.970666     -0.727  28.851709    12.1713    -1.5978     -0.721    24.2558    18.2320 -9.990e-29
 166.970671     -0.661  34.402662    12.0133    -1.5970     -0.655    29.5867    22.3863 -9.990e-29
 166.970677     -0.597  36.303234    11.9592    -1.5975     -0.592    31.4521    23.8425 -9.990e-29
 166.970683     -0.536  37.004002    11.9448    -1.5994     -0.532    32.1403    24.3791 -9.990e-29
 166.970689     -0.478  37.299823    11.9371    -1.6001     -0.474    32.4329    24.6076 -9.990e-29
 166.970694     -0.420  37.399685    11.9161    -1.5987     -0.416    32.5479    24.7008 -9.990e-29
 166.970700     -0.362  37.353825    11.8873    -1.5979     -0.359    32.5286    24.6911 -9.990e-29
 166.970706     -0.313  37.306719    11.8739    -1.5980     -0.310    32.4947    24.6673 -9.990e-29
 166.970712     -0.283  37.330581    11.8760    -1.5982     -0.281    32.5159    24.6834 -9.990e-29
 166.970718     -0.266  37.311002    11.8781    -1.5983     -0.264    32.4951    24.6668 -9.990e-29
 166.970723     -0.247  37.231966    11.8748    -1.5966     -0.245    32.4214    24.6102 -9.990e-29
 166.970729     -0.222  37.183067    11.8629    -1.5967     -0.220    32.3844    24.5837 -9.990e-29
 166.970735     -0.193  37.172509    11.8452    -1.5991     -0.191    32.3895    24.5910 -9.990e-29
 166.970741     -0.167  37.155406    11.8312    -1.6001     -0.166    32.3851    24.5901 -9.990e-29
 166.970747     -0.147  37.126325    11.8265    -1.5980     -0.146    32.3610    24.5723 -9.990e-29
 166.970752     -0.130  37.130529    11.8328    -1.5983     -0.129    32.3596    24.5700 -9.990e-29
 166.970758     -0.117  37.176989    11.8465    -1.5981     -0.116    32.3927    24.5932 -9.990e-29
 166.970764     -0.106  37.206646    11.8581    -1.5990     -0.105    32.4114    24.6055 -9.990e-29
 166.970770     -0.096  37.190145    11.8612    -1.5993     -0.095    32.3927    24.5904 -9.990e-29
 166.970775     -0.087  37.167120    11.8572    -1.5987     -0.086    32.3738    24.5766 -9.990e-29
 166.970781     -0.079  37.184753    11.8515    -1.5986     -0.078    32.3959    24.5947 -9.990e-29
 166.970787     -0.070  37.227906    11.8460    -1.5985     -0.069    32.4425    24.6319 -9.990e-29
 166.970793     -0.061  37.219663    11.8381    -1.5995     -0.060    32.4414    24.6325 -9.990e-29
 166.970799     -0.050  37.155764    11.8302    -1.6002     -0.050    32.3863    24.5912 -9.990e-29
 166.970804     -0.037  37.137011    11.8283    -1.5998     -0.037    32.3698    24.5787 -9.990e-29
 166.970810     -0.026  37.182666    11.8336    -1.5982     -0.026    32.4094    24.6085 -9.990e-29
 166.970816     -0.024  37.210187    11.8400    -1.5992     -0.024    32.4305    24.6238 -9.990e-29
 166.970822     -0.031  37.186806    11.8431    -1.5983     -0.031    32.4052    24.6035 -9.990e-29
 166.970828     -0.040  37.142423    11.8433    -1.5966     -0.040    32.3620    24.5699 -9.990e-29
 166.970833     -0.045  37.118150    11.8404    -1.5967     -0.045    32.3410    24.5541 -9.990e-29
 166.970839     -0.048  37.124769    11.8357    -1.5990     -0.048    32.3515    24.5632 -9.990e-29
 166.970845     -0.049  37.139180    11.8299    -1.6016     -0.049    32.3705    24.5790 -9.990e-29
 166.970851     -0.048  37.135226    11.8228    -1.6015     -0.048    32.3728    24.5821 -9.990e-29
 166.970856     -0.045  37.111561    11.8183    -1.6005     -0.045    32.3538    24.5682 -9.990e-29
 166.970862     -0.040  37.104986    11.8205    -1.5993     -0.040    32.3455    24.5613 -9.990e-29
 166.970868     -0.036  37.140354    11.8275    -1.5990     -0.036    32.3737    24.5819 -9.990e-29
 166.970874     -0.037  37.178553    11.8345    -1.5986     -0.037    32.4046    24.6047 -9.990e-29
 166.970880     -0.040  37.192088    11.8380    -1.5989     -0.040    32.4147    24.6119 -9.990e-29
 166.970885     -0.041  37.222546    11.8337    -1.5999     -0.041    32.4480    24.6385 -9.990e-29
 166.970891     -0.039  37.262365    11.8236    -1.6011     -0.039    32.4955    24.6772 -9.990e-29
 166.970897     -0.034  37.243633    11.8174    -1.6015     -0.034    32.4827    24.6684 -9.990e-29
 166.970903     -0.026  37.149785    11.8213    -1.6011     -0.026    32.3882    24.5944 -9.990e-29
 166.970909     -0.015  37.042811    11.8327    -1.6007     -0.015    32.2746    24.5041 -9.990e-29
 166.970914     -0.003  36.993531    11.8442    -1.6003     -0.003    32.2169    24.4571 -9.990e-29
 166.970920      0.000  37.006832    11.8532    -1.6011      0.000    32.2220    24.4594 -9.990e-29
 166.970926     -0.008  37.043317    11.8598    -1.6026     -0.008    32.2516    24.4812 -9.990e-29
 166.970932     -0.025  37.064806    11.8606    -1.6035     -0.025    32.2717    24.4967 -9.990e-29
