data/oxygen options/ONMS/Olympic_Coast_National_Marine_Sanctuary_CTD_Data_2005_2023/raw_data/2023/CAST_MB015_231002faed.cnv
* Sea-Bird SBE 19 Data File:
* FileName = C:\Users\OCNMS.Inst\Documents\2023 Mooring Data\Casts\CAST_MB015_231002.hex
* Software Version SeatermAF 2.1.4.55
* Temperature SN = 2997
* Conductivity SN = 2997
* System UpLoad Time = Oct 04 2023 21:11:18 (localtime) = Oct 04 2023 21:11:18 (UTC)
** CAST_MB015_231002
* ds
# nquan = 9                                 
# nvalues = 866                         
# units = specified
# name 0 = timeJ: Julian Days
# name 1 = prSM: Pressure, Strain Gauge [db]
# name 2 = c0mS/cm: Conductivity [mS/cm]
# name 3 = t090C: Temperature [ITS-90, deg C]
# name 4 = sbeox0ML/L: Oxygen, SBE 43 [ml/l]
# name 5 = depSM: Depth [salt water, m], lat = 47.5
# name 6 = sal00: Salinity, Practical [PSU]
# name 7 = sigma-é00: Density [sigma-theta, kg/m^3]
# name 8 = flag: flag
# span 0 = 275.789421, 275.794427       
# span 1 =     -5.753,     12.996       
# span 2 =   0.581000,  38.742061       
# span 3 =    13.7347,    14.6452       
# span 4 =    -1.8498,    12.5159       
# span 5 =     -5.705,     12.887       
# span 6 =     0.3565,    32.2332       
# span 7 =    -0.5632,    24.1042       
# span 8 = 0.0000e+00, 0.0000e+00       
# interval = seconds: 0.5
# start_time = Oct 02 2023 18:56:46 [Instrument's time stamp, header]
# bad_flag = -9.990e-29
*END*
[from data line 161]
 275.790353     -2.550   0.601879    14.6250    -1.8396     -2.529     0.3695    -0.5565 -9.990e-29
 275.790359     -2.537   0.601755    14.6254    -1.8397     -2.516     0.3694    -0.5567 -9.990e-29
 275.790365     -2.526   0.601417    14.6254    -1.8399     -2.505     0.3692    -0.5568 -9.990e-29
 275.790370     -2.516   0.600970    14.6242    -1.8400     -2.495     0.3689    -0.5569 -9.990e-29
 275.790376     -2.507   0.600926    14.6212    -1.8400     -2.486     0.3689    -0.5564 -9.990e-29
 275.790382     -2.498   0.601230    14.6163    -1.8392     -2.477     0.3691    -0.5555 -9.990e-29
 275.790388     -2.488   0.601177    14.6091    -1.8386     -2.467     0.3692    -0.5544 -9.990e-29
 275.790394     -2.478   0.600695    14.6010    -1.8382     -2.457     0.3689    -0.5534 -9.990e-29
 275.790399     -2.470   0.600252    14.5939    -1.8382     -2.449     0.3687    -0.5525 -9.990e-29
 275.790405     -2.468   0.599811    14.5886    -1.8383     -2.447     0.3685    -0.5519 -9.990e-29
 275.790411     -2.468   0.599341    14.5849    -1.8383     -2.447     0.3682    -0.5516 -9.990e-29
 275.790417     -2.465   0.599324    14.5825    -1.8385     -2.444     0.3682    -0.5512 -9.990e-29
 275.790422     -2.460   0.599738    14.5824    -1.8388     -2.439     0.3685    -0.5510 -9.990e-29
 275.790428     -2.452   0.600024    14.5874    -1.8390     -2.432     0.3686    -0.5517 -9.990e-29
 275.790434     -2.441   0.600009    14.5981    -1.8390     -2.421     0.3685    -0.5533 -9.990e-29
 275.790440     -2.426   0.599675    14.6100    -1.8391     -2.406     0.3682    -0.5553 -9.990e-29
 275.790446     -2.409   0.599132    14.6180    -1.8390     -2.389     0.3678    -0.5568 -9.990e-29
 275.790451     -2.395   0.598766    14.6210    -1.8390     -2.375     0.3675    -0.5575 -9.990e-29
 275.790457     -2.383   0.598643    14.6207    -1.8391     -2.363     0.3674    -0.5575 -9.990e-29
 275.790463     -2.371   0.598598    14.6190    -1.8392     -2.351     0.3674    -0.5572 -9.990e-29
 275.790469     -2.355   0.598571    14.6155    -1.8393     -2.335     0.3674    -0.5567 -9.990e-29
 275.790475     -2.334   0.598526    14.6109    -1.8394     -2.315     0.3675    -0.5560 -9.990e-29
 275.790480     -2.315   0.598405    14.6071    -1.8393     -2.296     0.3674    -0.5555 -9.990e-29
 275.790486     -2.300   0.598047    14.6051    -1.8393     -2.281     0.3672    -0.5554 -9.990e-29
 275.790492     -2.290   0.597529    14.6041    -1.8393     -2.271     0.3669    -0.5555 -9.990e-29
 275.790498     -2.283   0.597268    14.6035    -1.8393     -2.264     0.3667    -0.5555 -9.990e-29
 275.790503     -2.279   0.597473    14.6026    -1.8389     -2.260     0.3669    -0.5552 -9.990e-29
 275.790509     -2.278   0.597863    14.6010    -1.8389     -2.259     0.3671    -0.5548 -9.990e-29
 275.790515     -2.274   0.597849    14.5993    -1.8390     -2.255     0.3671    -0.5546 -9.990e-29
 275.790521     -2.265   0.597413    14.5979    -1.8388     -2.246     0.3669    -0.5546 -9.990e-29
 275.790527     -2.253   0.597083    14.5970    -1.8388     -2.234     0.3667    -0.5546 -9.990e-29
 275.790532     -2.242   0.596973    14.5969    -1.8387     -2.223     0.3666    -0.5546 -9.990e-29
 275.790538     -2.232   0.596935    14.5974    -1.8385     -2.213     0.3666    -0.5547 -9.990e-29
 275.790544     -2.221   0.596921    14.5987    -1.8385     -2.202     0.3665    -0.5549 -9.990e-29
 275.790550     -2.209   0.596912    14.6013    -1.8386     -2.191     0.3665    -0.5553 -9.990e-29
 275.790556     -2.200   0.596897    14.6044    -1.8387     -2.182     0.3665    -0.5558 -9.990e-29
 275.790561     -2.197   0.596855    14.6062    -1.8390     -2.179     0.3664    -0.5561 -9.990e-29
 275.790567     -2.196   0.596732    14.6072    -1.8391     -2.178     0.3664    -0.5563 -9.990e-29
 275.790573     -2.192   0.596362    14.6087    -1.8391     -2.174     0.3661    -0.5567 -9.990e-29
 275.790579     -2.186   0.595807    14.6107    -1.8394     -2.168     0.3657    -0.5573 -9.990e-29
 275.790584     -2.176   0.595437    14.6133    -1.8394     -2.158     0.3655    -0.5579 -9.990e-29
 275.790590     -2.162   0.595313    14.6157    -1.8394     -2.144     0.3654    -0.5583 -9.990e-29
 275.790596     -2.144   0.595270    14.6162    -1.8396     -2.126     0.3653    -0.5584 -9.990e-29
 275.790602     -2.124   0.595252    14.6147    -1.8400     -2.106     0.3653    -0.5582 -9.990e-29
 275.790608     -2.105   0.595233    14.6117    -1.8406     -2.087     0.3654    -0.5578 -9.990e-29
 275.790613     -2.086   0.595190    14.6082    -1.8411     -2.069     0.3654    -0.5572 -9.990e-29
 275.790619     -2.071   0.595066    14.6051    -1.8414     -2.054     0.3653    -0.5568 -9.990e-29
 275.790625     -2.062   0.594696    14.6019    -1.8415     -2.045     0.3651    -0.5565 -9.990e-29
 275.790631     -2.055   0.594142    14.5986    -1.8413     -2.038     0.3648    -0.5563 -9.990e-29
 275.790637     -2.044   0.593772    14.5962    -1.8411     -2.027     0.3646    -0.5561 -9.990e-29
 275.790642     -2.035   0.593648    14.5936    -1.8407     -2.018     0.3645    -0.5557 -9.990e-29
 275.790648     -2.029   0.593607    14.5880    -1.8405     -2.012     0.3645    -0.5549 -9.990e-29
 275.790654     -2.028   0.593593    14.5788    -1.8407     -2.011     0.3646    -0.5535 -9.990e-29
 275.790660     -2.030   0.593589    14.5672    -1.8409     -2.013     0.3647    -0.5517 -9.990e-29
 275.790666     -2.036   0.593587    14.5563    -1.8411     -2.019     0.3648    -0.5500 -9.990e-29
 275.790671     -2.043   0.593586    14.5494    -1.8406     -2.026     0.3649    -0.5490 -9.990e-29
 275.790677     -2.041   0.593584    14.5477    -1.8403     -2.024     0.3649    -0.5487 -9.990e-29
 275.790683     -2.032   0.593581    14.5502    -1.8397     -2.015     0.3649    -0.5491 -9.990e-29
 275.790689     -2.022   0.593571    14.5550    -1.8393     -2.005     0.3648    -0.5499 -9.990e-29
 275.790694     -2.015   0.593542    14.5602    -1.8392     -1.998     0.3647    -0.5507 -9.990e-29
 275.790700     -2.011   0.593455    14.5629    -1.8395     -1.994     0.3647    -0.5511 -9.990e-29
 275.790706     -2.011   0.593194    14.5617    -1.8400     -1.994     0.3645    -0.5511 -9.990e-29
 275.790712     -2.012   0.592968    14.5595    -1.8399     -1.995     0.3644    -0.5508 -9.990e-29
 275.790718     -2.013   0.593030    14.5609    -1.8397     -1.996     0.3644    -0.5510 -9.990e-29
 275.790723     -2.007   0.592906    14.5672    -1.8394     -1.990     0.3643    -0.5521 -9.990e-29
 275.790729     -2.000   0.592433    14.5761    -1.8392     -1.983     0.3639    -0.5537 -9.990e-29
 275.790735     -1.995   0.592091    14.5853    -1.8390     -1.978     0.3636    -0.5552 -9.990e-29
 275.790741     -1.988   0.591977    14.5927    -1.8387     -1.971     0.3635    -0.5564 -9.990e-29
 275.790747     -1.973   0.591938    14.5951    -1.8385     -1.957     0.3634    -0.5568 -9.990e-29
 275.790752     -1.954   0.591923    14.5923    -1.8387     -1.938     0.3634    -0.5564 -9.990e-29
 275.790758     -1.934   0.591914    14.5883    -1.8389     -1.918     0.3635    -0.5558 -9.990e-29
 275.790764     -1.917   0.591899    14.5877    -1.8392     -1.901     0.3635    -0.5557 -9.990e-29
 275.790770     -1.904   0.591859    14.5912    -1.8396     -1.888     0.3634    -0.5563 -9.990e-29
 275.790775     -1.892   0.591738    14.5968    -1.8400     -1.876     0.3633    -0.5572 -9.990e-29
 275.790781     -1.876   0.591377    14.6023    -1.8404     -1.860     0.3630    -0.5582 -9.990e-29
 275.790787     -1.857   0.590850    14.6075    -1.8407     -1.842     0.3626    -0.5593 -9.990e-29
 275.790793     -1.840   0.590562    14.6125    -1.8411     -1.825     0.3624    -0.5602 -9.990e-29
 275.790799     -1.824   0.590685    14.6153    -1.8413     -1.809     0.3624    -0.5605 -9.990e-29
 275.790804     -1.807   0.590829    14.6143    -1.8407     -1.792     0.3625    -0.5603 -9.990e-29
 275.790810     -1.788   0.590630    14.6096    -1.8406     -1.773     0.3625    -0.5597 -9.990e-29
 275.790816     -1.771   0.590379    14.6021    -1.8405     -1.756     0.3624    -0.5587 -9.990e-29
 275.790822     -1.758   0.590295    14.5930    -1.8402     -1.743     0.3624    -0.5573 -9.990e-29
 275.790828     -1.750   0.590266    14.5836    -1.8398     -1.735     0.3625    -0.5559 -9.990e-29
 275.790833     -1.744   0.590255    14.5744    -1.8394     -1.729     0.3625    -0.5545 -9.990e-29
 275.790839     -1.741   0.590248    14.5658    -1.8390     -1.726     0.3626    -0.5531 -9.990e-29
 275.790845     -1.742   0.590233    14.5596    -1.8388     -1.727     0.3627    -0.5522 -9.990e-29
 275.790851     -1.741   0.590191    14.5588    -1.8388     -1.726     0.3626    -0.5521 -9.990e-29
 275.790856     -1.733   0.590067    14.5633    -1.8387     -1.719     0.3625    -0.5528 -9.990e-29
 275.790862     -1.724   0.589697    14.5687    -1.8386     -1.710     0.3622    -0.5539 -9.990e-29
 275.790868     -1.717   0.589143    14.5738    -1.8382     -1.703     0.3618    -0.5549 -9.990e-29
 275.790874     -1.710   0.588773    14.5805    -1.8380     -1.696     0.3615    -0.5561 -9.990e-29
 275.790880     -1.705   0.588649    14.5890    -1.8385     -1.691     0.3614    -0.5575 -9.990e-29
 275.790885     -1.699   0.588608    14.5980    -1.8389     -1.685     0.3613    -0.5589 -9.990e-29
 275.790891     -1.694   0.588594    14.6059    -1.8394     -1.680     0.3612    -0.5601 -9.990e-29
 275.790897     -1.689   0.588589    14.6116    -1.8399     -1.675     0.3611    -0.5610 -9.990e-29
 275.790903     -1.683   0.588587    14.6151    -1.8403     -1.669     0.3611    -0.5615 -9.990e-29
 275.790909     -1.676   0.588586    14.6183    -1.8405     -1.662     0.3611    -0.5620 -9.990e-29
 275.790914     -1.668   0.588586    14.6224    -1.8406     -1.654     0.3610    -0.5627 -9.990e-29
 275.790920     -1.662   0.588585    14.6261    -1.8406     -1.648     0.3610    -0.5632 -9.990e-29
 275.790926     -1.663   0.588584    14.6260    -1.8405     -1.649     0.3610    -0.5632 -9.990e-29
 275.790932     -1.665   0.588579    14.6199    -1.8403     -1.651     0.3611    -0.5623 -9.990e-29
 275.790937     -1.665   0.588565    14.6099    -1.8402     -1.651     0.3611    -0.5607 -9.990e-29
 275.790943     -1.663   0.588523    14.5989    -1.8401     -1.649     0.3612    -0.5591 -9.990e-29
 275.790949     -1.659   0.588400    14.5884    -1.8403     -1.645     0.3612    -0.5575 -9.990e-29
 275.790955     -1.653   0.588030    14.5800    -1.8405     -1.639     0.3611    -0.5564 -9.990e-29
 275.790961     -1.643   0.587476    14.5745    -1.8406     -1.629     0.3608    -0.5558 -9.990e-29
 275.790966     -1.635   0.587106    14.5718    -1.8405     -1.621     0.3606    -0.5556 -9.990e-29
 275.790972     -1.631   0.586982    14.5715    -1.8403     -1.617     0.3605    -0.5556 -9.990e-29
 275.790978     -1.626   0.586941    14.5732    -1.8401     -1.612     0.3604    -0.5559 -9.990e-29
 275.790984     -1.618   0.586927    14.5759    -1.8400     -1.605     0.3604    -0.5563 -9.990e-29
 275.790990     -1.604   0.586922    14.5783    -1.8404     -1.591     0.3604    -0.5567 -9.990e-29
 275.790995     -1.589   0.586919    14.5787    -1.8405     -1.576     0.3604    -0.5568 -9.990e-29
 275.791001     -1.579   0.586913    14.5767    -1.8406     -1.566     0.3604    -0.5565 -9.990e-29
 275.791007     -1.575   0.586899    14.5741    -1.8411     -1.562     0.3604    -0.5561 -9.990e-29
 275.791013     -1.571   0.586859    14.5728    -1.8417     -1.558     0.3604    -0.5559 -9.990e-29
 275.791019     -1.568   0.586740    14.5740    -1.8420     -1.555     0.3603    -0.5561 -9.990e-29
 275.791024     -1.561   0.586382    14.5772    -1.8423     -1.548     0.3600    -0.5568 -9.990e-29
 275.791030     -1.549   0.585864    14.5797    -1.8422     -1.536     0.3597    -0.5574 -9.990e-29
 275.791036     -1.541   0.585604    14.5790    -1.8421     -1.528     0.3595    -0.5575 -9.990e-29
 275.791042     -1.536   0.585809    14.5754    -1.8415     -1.523     0.3597    -0.5568 -9.990e-29
 275.791047     -1.524   0.586199    14.5710    -1.8408     -1.511     0.3600    -0.5559 -9.990e-29
 275.791053     -1.506   0.586185    14.5650    -1.8404     -1.493     0.3600    -0.5550 -9.990e-29
 275.791059     -1.489   0.585749    14.5561    -1.8403     -1.477     0.3598    -0.5539 -9.990e-29
 275.791065     -1.475   0.585418    14.5461    -1.8403     -1.463     0.3597    -0.5525 -9.990e-29
 275.791071     -1.464   0.585307    14.5378    -1.8405     -1.452     0.3597    -0.5513 -9.990e-29
 275.791076     -1.456   0.585267    14.5332    -1.8406     -1.444     0.3597    -0.5506 -9.990e-29
 275.791082     -1.449   0.585245    14.5336    -1.8407     -1.437     0.3597    -0.5507 -9.990e-29
 275.791088     -1.444   0.585213    14.5394    -1.8409     -1.432     0.3596    -0.5516 -9.990e-29
 275.791094     -1.439   0.585128    14.5500    -1.8409     -1.427     0.3595    -0.5532 -9.990e-29
 275.791100     -1.435   0.584876    14.5617    -1.8411     -1.423     0.3592    -0.5552 -9.990e-29
 275.791105     -1.431   0.584677    14.5702    -1.8412     -1.419     0.3590    -0.5566 -9.990e-29
 275.791111     -1.428   0.584821    14.5744    -1.8415     -1.416     0.3591    -0.5571 -9.990e-29
 275.791117     -1.424   0.584944    14.5751    -1.8416     -1.412     0.3592    -0.5572 -9.990e-29
 275.791123     -1.420   0.584656    14.5734    -1.8417     -1.408     0.3590    -0.5571 -9.990e-29
 275.791128     -1.416   0.584129    14.5708    -1.8414     -1.404     0.3587    -0.5569 -9.990e-29
 275.791134     -1.410   0.583768    14.5681    -1.8409     -1.398     0.3585    -0.5567 -9.990e-29
 275.791140     -1.404   0.583647    14.5655    -1.8408     -1.392     0.3584    -0.5563 -9.990e-29
 275.791146     -1.400   0.583607    14.5625    -1.8407     -1.388     0.3584    -0.5559 -9.990e-29
 275.791152     -1.403   0.583593    14.5587    -1.8407     -1.391     0.3584    -0.5553 -9.990e-29
 275.791157     -1.408   0.583588    14.5544    -1.8406     -1.396     0.3585    -0.5547 -9.990e-29
 275.791163     -1.413   0.583586    14.5503    -1.8406     -1.401     0.3585    -0.5540 -9.990e-29
 275.791169     -1.416   0.583582    14.5476    -1.8405     -1.404     0.3585    -0.5536 -9.990e-29
 275.791175     -1.418   0.583572    14.5483    -1.8403     -1.406     0.3585    -0.5537 -9.990e-29
 275.791181     -1.420   0.583544    14.5531    -1.8402     -1.408     0.3585    -0.5545 -9.990e-29
 275.791186     -1.421   0.583460    14.5593    -1.8399     -1.409     0.3583    -0.5555 -9.990e-29
 275.791192     -1.422   0.583209    14.5640    -1.8397     -1.410     0.3581    -0.5563 -9.990e-29
 275.791198     -1.422   0.583010    14.5670    -1.8395     -1.410     0.3580    -0.5569 -9.990e-29
 275.791204     -1.422   0.583153    14.5691    -1.8396     -1.410     0.3581    -0.5571 -9.990e-29
 275.791209     -1.422   0.583275    14.5706    -1.8399     -1.410     0.3581    -0.5573 -9.990e-29
 275.791215     -1.420   0.582983    14.5723    -1.8401     -1.408     0.3579    -0.5577 -9.990e-29
 275.791221     -1.419   0.582444    14.5748    -1.8400     -1.407     0.3576    -0.5584 -9.990e-29
 275.791227     -1.417   0.582047    14.5786    -1.8400     -1.405     0.3573    -0.5591 -9.990e-29
 275.791233     -1.414   0.581817    14.5833    -1.8400     -1.402     0.3571    -0.5600 -9.990e-29
 275.791238     -1.410   0.581448    14.5883    -1.8400     -1.398     0.3568    -0.5609 -9.990e-29
 275.791244     -1.404   0.581003    14.5929    -1.8400     -1.392     0.3565    -0.5618 -9.990e-29
 275.791250     -1.398   0.581000    14.5955    -1.8400     -1.386     0.3565    -0.5622 -9.990e-29
 275.791256     -1.389   0.581434    14.5946    -1.8402     -1.377     0.3568    -0.5619 -9.990e-29
 275.791262     -1.382   0.581776    14.5909    -1.8403     -1.370     0.3570    -0.5612 -9.990e-29
 275.791267     -1.381   0.581927    14.5876    -1.8403     -1.369     0.3571    -0.5606 -9.990e-29
