data/oxygen options/ONMS/Olympic_Coast_National_Marine_Sanctuary_CTD_Data_2005_2023/raw_data/2023/CAST_CA015_230615faed.cnv
* Sea-Bird SBE 19 Data File:
* FileName = C:\Users\OCNMS.Inst\Documents\2023 Mooring Data\Casts\CAST_CA015_230615.hex
* Software Version SeatermAF 2.1.4.55
* Temperature SN = 2997
* Conductivity SN = 2997
* System UpLoad Time = Jun 15 2023 23:54:48 (localtime) = Jun 15 2023 23:54:48 (UTC)
** CAST_CA015_230615
* ds
# nquan = 9                                 
# nvalues = 895                         
# units = specified
# name 0 = timeJ: Julian Days
# name 1 = prSM: Pressure, Strain Gauge [db]
# name 2 = c0mS/cm: Conductivity [mS/cm]
# name 3 = t090C: Temperature [ITS-90, deg C]
# name 4 = sbeox0ML/L: Oxygen, SBE 43 [ml/l]
# name 5 = depSM: Depth [salt water, m], lat = 47.5
# name 6 = sal00: Salinity, Practical [PSU]
# name 7 = sigma-é00: Density [sigma-theta, kg/m^3]
# name 8 = flag: flag
# span 0 = 166.987025, 166.992199       
# span 1 =     -5.949,     14.236       
# span 2 =   0.347784,  36.832035       
# span 3 =     8.8883,    13.0349       
# span 4 =    -1.9533,    14.4800       
# span 5 =     -5.899,     14.117       
# span 6 =     0.2191,    33.2451       
# span 7 =    -0.4543,    25.7513       
# span 8 = 0.0000e+00, 0.0000e+00       
# interval = seconds: 0.5
# start_time = Jun 15 2023 23:41:19 [Instrument's time stamp, header]
# bad_flag = -9.990e-29
*END*
[from data line 641]
 166.990735     -0.155  36.533312    11.1302     6.5214     -0.154    32.3907    24.7213 -9.990e-29
 166.990741     -0.159  36.542549    11.1378     6.5286     -0.158    32.3931    24.7218 -9.990e-29
 166.990747     -0.146  36.550678    11.1427     6.5074     -0.145    32.3968    24.7238 -9.990e-29
 166.990752     -0.125  36.555093    11.1456     6.5161     -0.124    32.3986    24.7247 -9.990e-29
 166.990758     -0.102  36.556638    11.1475     6.5212     -0.101    32.3985    24.7242 -9.990e-29
 166.990764     -0.081  36.557373    11.1487     6.5209     -0.080    32.3981    24.7237 -9.990e-29
 166.990770     -0.064  36.557154    11.1490     6.5127     -0.063    32.3976    24.7233 -9.990e-29
 166.990775     -0.059  36.556249    11.1486     6.5093     -0.059    32.3971    24.7229 -9.990e-29
 166.990781     -0.065  36.556251    11.1477     6.5162     -0.064    32.3979    24.7237 -9.990e-29
 166.990787     -0.074  36.556602    11.1463     6.5191     -0.073    32.3995    24.7252 -9.990e-29
 166.990793     -0.078  36.555529    11.1437     6.5223     -0.077    32.4007    24.7266 -9.990e-29
 166.990799     -0.074  36.552161    11.1399     6.5212     -0.073    32.4007    24.7273 -9.990e-29
 166.990804     -0.064  36.547611    11.1360     6.5120     -0.063    32.3997    24.7272 -9.990e-29
 166.990810     -0.054  36.544772    11.1334     6.5182     -0.054    32.3992    24.7273 -9.990e-29
 166.990816     -0.037  36.544339    11.1323     6.5264     -0.037    32.3997    24.7279 -9.990e-29
 166.990822     -0.010  36.544612    11.1307     6.5290     -0.010    32.4014    24.7294 -9.990e-29
 166.990828      0.027  36.543713    11.1280     6.5290      0.027    32.4028    24.7311 -9.990e-29
 166.990833      0.066  36.541005    11.1262     6.5241      0.065    32.4017    24.7305 -9.990e-29
 166.990839      0.102  36.538475    11.1255     6.5285      0.101    32.3999    24.7292 -9.990e-29
 166.990845      0.133  36.537792    11.1246     6.5312      0.132    32.4000    24.7294 -9.990e-29
 166.990851      0.160  36.538043    11.1228     6.5316      0.159    32.4018    24.7312 -9.990e-29
 166.990856      0.185  36.536761    11.1196     6.5367      0.183    32.4033    24.7329 -9.990e-29
 166.990862      0.205  36.532795    11.1162     6.5277      0.203    32.4024    24.7328 -9.990e-29
 166.990868      0.214  36.529259    11.1151     6.5192      0.212    32.3999    24.7311 -9.990e-29
 166.990874      0.208  36.529841    11.1174     6.5093      0.206    32.3984    24.7295 -9.990e-29
 166.990880      0.190  36.533633    11.1212     6.5200      0.188    32.3988    24.7292 -9.990e-29
 166.990885      0.172  36.537287    11.1233     6.5277      0.171    32.4006    24.7302 -9.990e-29
 166.990891      0.170  36.538952    11.1226     6.5324      0.169    32.4028    24.7320 -9.990e-29
 166.990897      0.189  36.538607    11.1202     6.5391      0.187    32.4046    24.7338 -9.990e-29
 166.990903      0.212  36.536352    11.1179     6.4928      0.210    32.4044    24.7341 -9.990e-29
 166.990909      0.223  36.533661    11.1170     6.5256      0.221    32.4025    24.7328 -9.990e-29
 166.990914      0.220  36.533106    11.1171     6.5412      0.218    32.4019    24.7323 -9.990e-29
 166.990920      0.210  36.533946    11.1174     6.5560      0.208    32.4025    24.7327 -9.990e-29
 166.990926      0.205  36.534497    11.1177     6.5737      0.203    32.4028    24.7328 -9.990e-29
 166.990932      0.206  36.534375    11.1181     6.5475      0.204    32.4023    24.7324 -9.990e-29
 166.990938      0.209  36.533975    11.1186     6.5480      0.207    32.4014    24.7317 -9.990e-29
 166.990943      0.212  36.534444    11.1193     6.5450      0.210    32.4013    24.7314 -9.990e-29
 166.990949      0.218  36.535286    11.1199     6.5443      0.216    32.4016    24.7315 -9.990e-29
 166.990955      0.225  36.535382    11.1195     6.5325      0.223    32.4020    24.7320 -9.990e-29
 166.990961      0.234  36.534298    11.1178     6.5270      0.232    32.4025    24.7326 -9.990e-29
 166.990966      0.247  36.531711    11.1156     6.5274      0.245    32.4018    24.7325 -9.990e-29
 166.990972      0.258  36.528650    11.1139     6.5373      0.256    32.4003    24.7316 -9.990e-29
 166.990978      0.262  36.527755    11.1137     6.5439      0.260    32.3996    24.7311 -9.990e-29
 166.990984      0.257  36.529511    11.1145     6.5496      0.255    32.4006    24.7318 -9.990e-29
 166.990990      0.252  36.531217    11.1151     6.5224      0.250    32.4018    24.7325 -9.990e-29
 166.990995      0.252  36.531226    11.1143     6.5129      0.250    32.4025    24.7332 -9.990e-29
 166.991001      0.255  36.529547    11.1118     6.5110      0.253    32.4031    24.7341 -9.990e-29
 166.991007      0.263  36.525622    11.1078     6.5144      0.261    32.4027    24.7345 -9.990e-29
 166.991013      0.276  36.520942    11.1035     6.5270      0.274    32.4019    24.7347 -9.990e-29
 166.991019      0.289  36.518788    11.1007     6.5410      0.287    32.4022    24.7354 -9.990e-29
 166.991024      0.297  36.519648    11.1014     6.5436      0.295    32.4024    24.7355 -9.990e-29
 166.991030      0.294  36.522425    11.1053     6.5578      0.292    32.4017    24.7342 -9.990e-29
 166.991036      0.286  36.525776    11.1095     6.5589      0.284    32.4013    24.7332 -9.990e-29
 166.991042      0.287  36.528569    11.1117     6.5529      0.285    32.4022    24.7334 -9.990e-29
 166.991047      0.304  36.530605    11.1122     6.5490      0.301    32.4037    24.7346 -9.990e-29
 166.991053      0.320  36.531798    11.1128     6.5354      0.317    32.4044    24.7350 -9.990e-29
 166.991059      0.335  36.532615    11.1140     6.5341      0.332    32.4041    24.7345 -9.990e-29
 166.991065      0.355  36.533025    11.1150     6.5344      0.352    32.4036    24.7340 -9.990e-29
 166.991071      0.369  36.532454    11.1156     6.5359      0.366    32.4025    24.7330 -9.990e-29
 166.991076      0.369  36.531260    11.1156     6.5320      0.366    32.4013    24.7321 -9.990e-29
 166.991082      0.359  36.530088    11.1141     6.5238      0.356    32.4015    24.7325 -9.990e-29
 166.991088      0.347  36.528498    11.1111     6.4807      0.344    32.4026    24.7339 -9.990e-29
 166.991094      0.336  36.525489    11.1087     6.5142      0.333    32.4017    24.7336 -9.990e-29
 166.991100      0.323  36.523771    11.1087     6.5215      0.320    32.4001    24.7323 -9.990e-29
 166.991105      0.305  36.525533    11.1097     6.5462      0.302    32.4009    24.7328 -9.990e-29
 166.991111      0.290  36.527520    11.1096     6.5586      0.288    32.4030    24.7344 -9.990e-29
 166.991117      0.281  36.527339    11.1088     6.5134      0.279    32.4035    24.7350 -9.990e-29
 166.991123      0.278  36.525870    11.1080     6.5422      0.276    32.4028    24.7346 -9.990e-29
 166.991128      0.282  36.525073    11.1072     6.5437      0.280    32.4027    24.7346 -9.990e-29
 166.991134      0.291  36.525567    11.1062     6.5502      0.289    32.4040    24.7359 -9.990e-29
 166.991140      0.306  36.526329    11.1059     6.5479      0.303    32.4051    24.7367 -9.990e-29
 166.991146      0.329  36.526692    11.1068     6.5308      0.326    32.4046    24.7362 -9.990e-29
 166.991152      0.357  36.527699    11.1090     6.5237      0.354    32.4037    24.7351 -9.990e-29
 166.991157      0.378  36.529572    11.1114     6.5310      0.375    32.4034    24.7344 -9.990e-29
 166.991163      0.386  36.528643    11.1124     6.5358      0.383    32.4016    24.7329 -9.990e-29
 166.991169      0.385  36.525353    11.1118     6.5375      0.382    32.3989    24.7309 -9.990e-29
 166.991175      0.380  36.524838    11.1105     6.5391      0.377    32.3995    24.7316 -9.990e-29
 166.991181      0.369  36.526411    11.1092     6.5284      0.366    32.4022    24.7339 -9.990e-29
 166.991186      0.358  36.527127    11.1081     6.5335      0.355    32.4039    24.7354 -9.990e-29
 166.991192      0.348  36.527380    11.1072     6.5283      0.345    32.4049    24.7364 -9.990e-29
 166.991198      0.340  36.527504    11.1067     6.5495      0.337    32.4055    24.7369 -9.990e-29
 166.991204      0.338  36.527106    11.1067     6.5494      0.335    32.4051    24.7366 -9.990e-29
 166.991209      0.345  36.526213    11.1064     6.5528      0.342    32.4045    24.7362 -9.990e-29
 166.991215      0.358  36.525313    11.1058     6.5458      0.355    32.4041    24.7360 -9.990e-29
 166.991221      0.369  36.524886    11.1052     6.5360      0.366    32.4042    24.7362 -9.990e-29
 166.991227      0.374  36.524923    11.1052     6.5375      0.371    32.4043    24.7362 -9.990e-29
 166.991233      0.374  36.525467    11.1061     6.5290      0.371    32.4040    24.7359 -9.990e-29
 166.991238      0.373  36.526681    11.1071     6.5303      0.370    32.4043    24.7359 -9.990e-29
 166.991244      0.380  36.527937    11.1075     6.5229      0.377    32.4052    24.7365 -9.990e-29
 166.991250      0.398  36.528106    11.1070     6.5086      0.395    32.4058    24.7371 -9.990e-29
 166.991256      0.426  36.526850    11.1061     6.5083      0.422    32.4053    24.7369 -9.990e-29
 166.991262      0.452  36.525291    11.1057     6.5175      0.448    32.4041    24.7360 -9.990e-29
 166.991267      0.468  36.525268    11.1062     6.5257      0.464    32.4037    24.7356 -9.990e-29
 166.991273      0.482  36.526743    11.1069     6.4836      0.478    32.4045    24.7361 -9.990e-29
 166.991279      0.497  36.528320    11.1075     6.5336      0.493    32.4055    24.7368 -9.990e-29
 166.991285      0.514  36.529856    11.1081     6.5308      0.510    32.4065    24.7375 -9.990e-29
 166.991291      0.535  36.531153    11.1093     6.5549      0.531    32.4067    24.7374 -9.990e-29
 166.991296      0.565  36.531696    11.1117     6.5696      0.560    32.4051    24.7357 -9.990e-29
 166.991302      0.615  36.532206    11.1143     6.4942      0.610    32.4033    24.7339 -9.990e-29
 166.991308      0.691  36.532798    11.1158     6.5302      0.685    32.4025    24.7330 -9.990e-29
 166.991314      0.800  36.533138    11.1159     6.5329      0.793    32.4028    24.7332 -9.990e-29
 166.991319      0.940  36.533115    11.1149     6.5286      0.932    32.4036    24.7340 0.0000e+00
 166.991325      1.097  36.532135    11.1132     6.5253      1.088    32.4040    24.7346 0.0000e+00
 166.991331      1.264  36.531125    11.1113     6.4777      1.253    32.4046    24.7354 0.0000e+00
 166.991337      1.449  36.530416    11.1078     6.4192      1.437    32.4069    24.7379 0.0000e+00
 166.991343      1.658  36.527375    11.0976     6.3626      1.644    32.4128    24.7443 0.0000e+00
 166.991348      1.892  36.516264    11.0783     6.2788      1.876    32.4188    24.7523 0.0000e+00
 166.991354      2.149  36.496829    11.0553     6.2116      2.131    32.4198    24.7572 0.0000e+00
 166.991360      2.419  36.473963    11.0362     6.1590      2.399    32.4139    24.7560 0.0000e+00
 166.991366      2.681  36.449102    11.0186     6.0991      2.659    32.4048    24.7520 0.0000e+00
 166.991372      2.921  36.426063    10.9880     6.0811      2.897    32.4089    24.7606 0.0000e+00
 166.991377      3.152  36.403252    10.9333     6.0711      3.126    32.4346    24.7902 0.0000e+00
 166.991383      3.391  36.379381    10.8619     6.0934      3.363    32.4740    24.8334 0.0000e+00
 166.991389      3.645  36.361831    10.7920     6.1353      3.615    32.5186    24.8802 0.0000e+00
 166.991395      3.913  36.350157    10.7340     6.1576      3.880    32.5584    24.9214 0.0000e+00
 166.991400      4.191  36.340540    10.6924     6.1717      4.156    32.5858    24.9499 0.0000e+00
 166.991406      4.467  36.335826    10.6708     6.1640      4.430    32.6003    24.9649 0.0000e+00
 166.991412      4.728  36.337556    10.6633     6.1155      4.688    32.6086    24.9727 0.0000e+00
 166.991418      4.974  36.341862    10.6609     6.0366      4.932    32.6149    24.9780 0.0000e+00
 166.991424      5.216  36.346634    10.6593     5.9527      5.172    32.6210    24.9831 0.0000e+00
 166.991429      5.464  36.351508    10.6524     5.8714      5.418    32.6319    24.9928 0.0000e+00
 166.991435      5.723  36.352332    10.6296     5.7968      5.675    32.6530    25.0132 0.0000e+00
 166.991441      5.991  36.338996    10.5936     5.7186      5.941    32.6718    25.0340 0.0000e+00
 166.991447      6.264  36.313884    10.5591     5.6250      6.212    32.6775    25.0444 0.0000e+00
 166.991453      6.534  36.295044    10.5245     5.5196      6.479    32.6896    25.0597 0.0000e+00
 166.991458      6.801  36.278629    10.4696     5.3985      6.744    32.7223    25.0947 0.0000e+00
 166.991464      7.077  36.243863    10.3883     5.3513      7.018    32.7605    25.1383 0.0000e+00
 166.991470      7.366  36.197047    10.2996     5.3185      7.304    32.7933    25.1790 0.0000e+00
 166.991476      7.658  36.157536    10.2254     5.3067      7.594    32.8204    25.2127 0.0000e+00
 166.991481      7.942  36.127531    10.1805     5.2765      7.876    32.8307    25.2283 0.0000e+00
 166.991487      8.209  36.110136    10.1632     5.1628      8.140    32.8287    25.2296 0.0000e+00
 166.991493      8.454  36.104550    10.1531     5.0773      8.383    32.8321    25.2340 0.0000e+00
 166.991499      8.682  36.099389    10.1366     4.9050      8.609    32.8417    25.2443 0.0000e+00
 166.991505      8.901  36.090569    10.1113     4.7271      8.827    32.8557    25.2594 0.0000e+00
 166.991510      9.127  36.075849    10.0762     4.5507      9.051    32.8725    25.2785 0.0000e+00
 166.991516      9.368  36.049038    10.0227     4.3577      9.290    32.8939    25.3041 0.0000e+00
 166.991522      9.628  36.013596     9.9409     4.2177      9.547    32.9324    25.3478 0.0000e+00
 166.991528      9.905  35.976036     9.8446     4.1203      9.822    32.9820    25.4025 0.0000e+00
 166.991534     10.196  35.933885     9.7495     4.0627     10.111    33.0261    25.4526 0.0000e+00
 166.991539     10.490  35.880776     9.6604     4.0449     10.402    33.0535    25.4886 0.0000e+00
 166.991545     10.776  35.819260     9.5963     4.0505     10.686    33.0493    25.4958 0.0000e+00
 166.991551     11.045  35.768127     9.5674     4.0371     10.953    33.0233    25.4802 0.0000e+00
 166.991557     11.289  35.742642     9.5502     3.9778     11.194    33.0129    25.4748 0.0000e+00
 166.991562     11.507  35.737940     9.5226     3.8953     11.411    33.0334    25.4953 0.0000e+00
 166.991568     11.708  35.737660     9.4868     3.7919     11.610    33.0660    25.5267 0.0000e+00
 166.991574     11.905  35.729662     9.4379     3.7030     11.805    33.1029    25.5634 0.0000e+00
 166.991580     12.110  35.698791     9.3656     3.6214     12.009    33.1379    25.6024 0.0000e+00
 166.991586     12.333  35.645329     9.2794     3.5356     12.230    33.1626    25.6355 0.0000e+00
 166.991591     12.574  35.589288     9.1908     3.4661     12.469    33.1868    25.6686 0.0000e+00
 166.991597     12.827  35.533793     9.1013     3.4210     12.720    33.2125    25.7029 0.0000e+00
 166.991603     13.084  35.474848     9.0185     3.3880     12.974    33.2284    25.7283 0.0000e+00
 166.991609     13.334  35.420105     8.9600     3.3755     13.222    33.2260    25.7356 0.0000e+00
 166.991615     13.567  35.379451     8.9379     3.3861     13.453    33.2041    25.7220 0.0000e+00
 166.991620     13.778  35.356356     8.9448     3.4040     13.663    33.1735    25.6969 0.0000e+00
 166.991626     13.957  35.344656     8.9527     3.4154     13.840    33.1538    25.6803 0.0000e+00
 166.991632     14.096  35.334903     8.9377     3.4586     13.978    33.1576    25.6856 -9.990e-29
 166.991638     14.190  35.328098     8.9088     3.5023     14.071    33.1775    25.7057 -9.990e-29
 166.991644     14.236  35.333088     8.8883     3.5703     14.117    33.2018    25.7279 -9.990e-29
 166.991649     14.229  35.350917     8.8923     3.6355     14.110    33.2167    25.7389 -9.990e-29
