data/oxygen options/ONMS/Olympic_Coast_National_Marine_Sanctuary_CTD_Data_2005_2023/raw_data/2023/CAST_CA015_230615faed.cnv
* Sea-Bird SBE 19 Data File:
* FileName = C:\Users\OCNMS.Inst\Documents\2023 Mooring Data\Casts\CAST_CA015_230615.hex
* Software Version SeatermAF 2.1.4.55
* Temperature SN = 2997
* Conductivity SN = 2997
* System UpLoad Time = Jun 15 2023 23:54:48 (localtime) = Jun 15 2023 23:54:48 (UTC)
** CAST_CA015_230615
* ds
# nquan = 9                                 
# nvalues = 895                         
# units = specified
# name 0 = timeJ: Julian Days
# name 1 = prSM: Pressure, Strain Gauge [db]
# name 2 = c0mS/cm: Conductivity [mS/cm]
# name 3 = t090C: Temperature [ITS-90, deg C]
# name 4 = sbeox0ML/L: Oxygen, SBE 43 [ml/l]
# name 5 = depSM: Depth [salt water, m], lat = 47.5
# name 6 = sal00: Salinity, Practical [PSU]
# name 7 = sigma-é00: Density [sigma-theta, kg/m^3]
# name 8 = flag: flag
# span 0 = 166.987025, 166.992199       
# span 1 =     -5.949,     14.236       
# span 2 =   0.347784,  36.832035       
# span 3 =     8.8883,    13.0349       
# span 4 =    -1.9533,    14.4800       
# span 5 =     -5.899,     14.117       
# span 6 =     0.2191,    33.2451       
# span 7 =    -0.4543,    25.7513       
# span 8 = 0.0000e+00, 0.0000e+00       
# interval = seconds: 0.5
# start_time = Jun 15 2023 23:41:19 [Instrument's time stamp, header]
# bad_flag = -9.990e-29
*END*
[from data line 801]
 166.991661     14.051  35.400532     8.9630     3.7112     13.933    33.2024    25.7167 -9.990e-29
 166.991667     13.906  35.425082     8.9680     3.7584     13.789    33.2234    25.7324 0.0000e+00
 166.991672     13.739  35.434998     8.9559     3.7554     13.624    33.2451    25.7513 0.0000e+00
 166.991678     13.547  35.433427     8.9612     3.8190     13.433    33.2386    25.7453 0.0000e+00
 166.991684     13.331  35.436752     9.0056     3.8162     13.219    33.2007    25.7087 0.0000e+00
 166.991690     13.094  35.455560     9.0718     3.7962     12.984    33.1586    25.6653 0.0000e+00
 166.991696     12.842  35.481876     9.1118     3.7926     12.734    33.1488    25.6513 0.0000e+00
 166.991701     12.586  35.494778     9.1078     3.7415     12.481    33.1660    25.6655 0.0000e+00
 166.991707     12.330  35.488519     9.0814     3.8051     12.227    33.1843    25.6839 0.0000e+00
 166.991713     12.071  35.478285     9.0624     3.8587     11.970    33.1915    25.6925 0.0000e+00
 166.991719     11.801  35.480110     9.0683     3.9423     11.702    33.1880    25.6888 0.0000e+00
 166.991725     11.516  35.494738     9.1015     4.0572     11.420    33.1724    25.6714 0.0000e+00
 166.991730     11.215  35.515337     9.1584     4.1704     11.121    33.1409    25.6378 0.0000e+00
 166.991736     10.899  35.543044     9.2309     4.3313     10.808    33.1024    25.5961 0.0000e+00
 166.991742     10.576  35.578956     9.3087     4.4895     10.487    33.0676    25.5565 0.0000e+00
 166.991748     10.249  35.626151     9.3935     4.6628     10.163    33.0380    25.5198 0.0000e+00
 166.991753      9.923  35.682025     9.4885     4.8611      9.840    33.0081    25.4810 0.0000e+00
 166.991759      9.600  35.735382     9.5819     5.0735      9.520    32.9770    25.4417 0.0000e+00
 166.991765      9.280  35.785675     9.6675     5.2547      9.202    32.9501    25.4067 0.0000e+00
 166.991771      8.969  35.830513     9.7568     5.3709      8.894    32.9143    25.3641 0.0000e+00
 166.991777      8.667  35.873676     9.8593     5.4448      8.594    32.8649    25.3086 0.0000e+00
 166.991782      8.370  35.929590     9.9577     5.5220      8.300    32.8322    25.2668 0.0000e+00
 166.991788      8.066  35.987106    10.0271     5.6280      7.999    32.8277    25.2517 0.0000e+00
 166.991794      7.754  36.022094    10.0734     5.7764      7.689    32.8212    25.2389 0.0000e+00
 166.991800      7.438  36.037523    10.1185     5.9265      7.376    32.7961    25.2117 0.0000e+00
 166.991806      7.121  36.053412    10.1719     6.0521      7.061    32.7639    25.1777 0.0000e+00
 166.991811      6.804  36.078624    10.2397     6.1416      6.747    32.7283    25.1384 0.0000e+00
 166.991817      6.492  36.112606    10.3395     6.1962      6.438    32.6727    25.0782 0.0000e+00
 166.991823      6.183  36.158658    10.4637     6.2460      6.131    32.6076    25.0063 0.0000e+00
 166.991829      5.870  36.208723    10.5664     6.2456      5.821    32.5660    24.9562 0.0000e+00
 166.991834      5.554  36.245534    10.6262     6.2262      5.508    32.5495    24.9331 0.0000e+00
 166.991840      5.236  36.268895    10.6573     6.2057      5.192    32.5452    24.9244 0.0000e+00
 166.991846      4.914  36.284759    10.6745     6.1819      4.873    32.5458    24.9219 0.0000e+00
 166.991852      4.589  36.294676    10.6875     6.1887      4.551    32.5443    24.9184 0.0000e+00
 166.991858      4.269  36.300667    10.7012     6.1382      4.233    32.5382    24.9113 0.0000e+00
 166.991863      3.960  36.306236    10.7176     6.1781      3.927    32.5293    24.9015 0.0000e+00
 166.991869      3.656  36.313765    10.7343     6.2142      3.625    32.5220    24.8930 0.0000e+00
 166.991875      3.349  36.321527    10.7467     6.2570      3.321    32.5189    24.8883 0.0000e+00
 166.991881      3.043  36.326986    10.7571     6.3146      3.018    32.5152    24.8837 0.0000e+00
 166.991887      2.746  36.331258    10.7703     6.2919      2.723    32.5078    24.8756 0.0000e+00
 166.991892      2.467  36.338919    10.7908     6.3431      2.446    32.4973    24.8639 0.0000e+00
 166.991898      2.199  36.353460    10.8215     6.4208      2.181    32.4846    24.8487 0.0000e+00
 166.991904      1.940  36.369056    10.8597     6.4772      1.924    32.4664    24.8278 0.0000e+00
 166.991910      1.689  36.379611    10.9003     6.5243      1.675    32.4410    24.8009 0.0000e+00
 166.991916      1.449  36.391548    10.9395     6.5283      1.437    32.4182    24.7763 0.0000e+00
 166.991921      1.219  36.407903    10.9738     6.5379      1.209    32.4042    24.7594 0.0000e+00
 166.991927      1.009  36.424346    11.0030     6.5407      1.001    32.3948    24.7469 0.0000e+00
 166.991933      0.829  36.440396    11.0325     6.5469      0.822    32.3847    24.7339 0.0000e+00
 166.991939      0.685  36.465320    11.0716     6.5475      0.679    32.3749    24.7193 -9.990e-29
 166.991944      0.573  36.510507    11.1136     6.5344      0.568    32.3826    24.7179 -9.990e-29
 166.991950      0.485  36.557774    11.1415     6.5232      0.481    32.4046    24.7301 -9.990e-29
 166.991956      0.417  36.578830    11.1623     6.5157      0.414    32.4071    24.7283 -9.990e-29
 166.991962      0.362  36.588872    11.1848     6.5240      0.359    32.3972    24.7166 -9.990e-29
 166.991968      0.319  36.605776    11.1988     6.5202      0.316    32.4015    24.7175 -9.990e-29
 166.991973      0.285  36.614544    11.2020     6.5031      0.283    32.4074    24.7214 -9.990e-29
 166.991979      0.256  36.610624    11.2046     6.4754      0.254    32.4012    24.7162 -9.990e-29
 166.991985      0.232  36.606159    11.2087     6.4802      0.230    32.3932    24.7093 -9.990e-29
 166.991991      0.210  36.603041    11.2085     6.4984      0.208    32.3903    24.7070 -9.990e-29
 166.991997      0.190  36.595430    11.2046     6.4949      0.188    32.3863    24.7046 -9.990e-29
 166.992002      0.166  36.587185    11.2011     6.4964      0.165    32.3813    24.7013 -9.990e-29
 166.992008      0.132  36.583002    11.1993     6.4624      0.131    32.3787    24.6997 -9.990e-29
 166.992014      0.090  36.580103    11.1961     6.4305      0.089    32.3787    24.7002 -9.990e-29
 166.992020      0.042  36.574620    11.1898     6.3907      0.042    32.3789    24.7015 -9.990e-29
 166.992025     -0.012  36.573251    11.1871     6.9869     -0.012    32.3799    24.7028 -9.990e-29
 166.992031     -0.065  36.581453    11.1842     7.4918     -0.064    32.3906    24.7116 -9.990e-29
 166.992037     -0.121  36.583830    11.1662     7.2916     -0.120    32.4088    24.7289 -9.990e-29
 166.992043     -0.192  36.568984    11.1334     6.9165     -0.190    32.4231    24.7459 -9.990e-29
 166.992049     -0.275  36.543453    11.1014     6.7234     -0.273    32.4262    24.7539 -9.990e-29
 166.992054     -0.349  36.515213    11.0782     6.6426     -0.346    32.4188    24.7523 -9.990e-29
 166.992060     -0.405  36.460612    11.0597     6.5619     -0.402    32.3812    24.7263 -9.990e-29
 166.992066     -0.448  36.288354    11.0415     6.6302     -0.444    32.2271    24.6097 -9.990e-29
 166.992072     -0.479  35.759236    11.0230     6.6011     -0.475    31.7213    24.2195 -9.990e-29
 166.992078     -0.502  34.176727    11.0052     6.6333     -0.498    30.1816    23.0254 -9.990e-29
 166.992083     -0.517  29.440337    10.9894     6.6473     -0.513    25.6035    19.4723 -9.990e-29
 166.992089     -0.530  20.581634    10.9764     6.6965     -0.526    17.2960    13.0343 -9.990e-29
 166.992095     -0.545  11.760223    10.9657     6.7082     -0.540     9.4227     6.9379 -9.990e-29
 166.992101     -0.560   7.329799    10.9561     6.7055     -0.555     5.6657     4.0260 -9.990e-29
 166.992106     -0.571   6.279989    10.9471     6.7388     -0.566     4.8020     3.3564 -9.990e-29
 166.992112     -0.579   5.913727    10.9388     6.6825     -0.574     4.5040     3.1258 -9.990e-29
 166.992118     -0.585   5.536575    10.9298     6.7186     -0.580     4.1987     2.8896 -9.990e-29
 166.992124     -0.588   5.237173    10.9174     6.7520     -0.583     3.9579     2.7038 -9.990e-29
 166.992130     -0.589   4.817533    10.9023     6.7719     -0.584     3.6220     2.4442 -9.990e-29
 166.992135     -0.588   4.523394    10.8877     6.7657     -0.583     3.3881     2.2639 -9.990e-29
 166.992141     -0.584   4.585551    10.8748     6.7434     -0.579     3.4389     2.3048 -9.990e-29
 166.992147     -0.583   4.595684    10.8636 -9.990e-29     -0.578     3.4481     2.3131 -9.990e-29
 166.992153     -0.588   4.417834    10.8551 -9.990e-29     -0.583     3.3068     2.2042 -9.990e-29
 166.992159     -0.595   4.260520    10.8494 -9.990e-29     -0.590     3.1821     2.1077 -9.990e-29
 166.992164     -0.600   4.110153    10.8445 -9.990e-29     -0.595     3.0631     2.0156 -9.990e-29
 166.992170     -0.604   4.167341    10.8377 -9.990e-29     -0.599     3.1090     2.0521 -9.990e-29
 166.992176     -0.607   4.390962    10.8291 -9.990e-29     -0.602     3.2877     2.1921 -9.990e-29
 166.992182     -0.610   4.233508    10.8213 -9.990e-29     -0.605     3.1630     2.0959 -9.990e-29
 166.992188     -0.611   3.770735    10.8158 -9.990e-29     -0.606     2.7970     1.8115 -9.990e-29
 166.992193     -0.612   3.458458    10.8137 -9.990e-29     -0.607     2.5518     1.6207 -9.990e-29
 166.992199     -0.612   3.457437 -9.990e-29 -9.990e-29     -0.607 -9.990e-29 -9.990e-29 -9.990e-29
