data/oxygen options/ONMS/Olympic_Coast_National_Marine_Sanctuary_CTD_Data_2005_2023/raw_data/2023/CAST_MB015_230718faed.cnv
* Sea-Bird SBE 19 Data File:
* FileName = C:\Users\OCNMS.Inst\Documents\2023 Mooring Data\Casts\CAST_MB015_230718.hex
* Software Version SeatermAF 2.1.4.55
* Temperature SN = 2997
* Conductivity SN = 2997
* System UpLoad Time = Jul 18 2023 21:13:59 (localtime) = Jul 18 2023 21:13:59 (UTC)
** CAST_MB015_230718
* ds
# nquan = 9                                 
# nvalues = 954                         
# units = specified
# name 0 = timeJ: Julian Days
# name 1 = prSM: Pressure, Strain Gauge [db]
# name 2 = c0mS/cm: Conductivity [mS/cm]
# name 3 = t090C: Temperature [ITS-90, deg C]
# name 4 = sbeox0ML/L: Oxygen, SBE 43 [ml/l]
# name 5 = depSM: Depth [salt water, m], lat = 47.5
# name 6 = sal00: Salinity, Practical [PSU]
# name 7 = sigma-é00: Density [sigma-theta, kg/m^3]
# name 8 = flag: flag
# span 0 = 199.853970, 199.859485       
# span 1 =     -5.906,     12.662       
# span 2 =   0.396783,  41.041914       
# span 3 =     9.3312,    18.0744       
# span 4 =    -1.7434,    14.6261       
# span 5 =     -5.857,     12.556       
# span 6 =     0.2226,    33.9820       
# span 7 =    -1.2447,    25.7405       
# span 8 = 0.0000e+00, 0.0000e+00       
# interval = seconds: 0.5
# start_time = Jul 18 2023 20:29:43 [Instrument's time stamp, header]
# bad_flag = -9.990e-29
*END*
[from data line 641]
 199.857679      0.826  39.530146    13.9217     7.2154      0.819    32.8311    24.5276 -9.990e-29
 199.857685      0.824  39.524334    13.9158     7.2173      0.817    32.8307    24.5285 -9.990e-29
 199.857691      0.829  39.514722    13.9095     7.2341      0.822    32.8272    24.5271 -9.990e-29
 199.857697      0.835  39.510316    13.9071     7.2478      0.828    32.8252    24.5260 -9.990e-29
 199.857703      0.836  39.512492    13.9095     7.2584      0.829    32.8251    24.5255 -9.990e-29
 199.857708      0.831  39.518508    13.9157     7.2595      0.824    32.8254    24.5245 -9.990e-29
 199.857714      0.828  39.525705    13.9228     7.2401      0.821    32.8260    24.5235 -9.990e-29
 199.857720      0.832  39.527954    13.9269     7.2368      0.825    32.8246    24.5215 -9.990e-29
 199.857726      0.843  39.525421    13.9294     7.2312      0.836    32.8201    24.5175 -9.990e-29
 199.857731      0.856  39.530949    13.9326     7.2376      0.849    32.8225    24.5187 -9.990e-29
 199.857737      0.865  39.545148    13.9347     7.2291      0.858    32.8338    24.5270 -9.990e-29
 199.857743      0.866  39.555536    13.9370     7.2094      0.859    32.8415    24.5325 -9.990e-29
 199.857749      0.862  39.561918    13.9425     7.2121      0.855    32.8427    24.5323 -9.990e-29
 199.857755      0.863  39.562685    13.9469     7.2166      0.856    32.8396    24.5290 -9.990e-29
 199.857760      0.868  39.551540    13.9477     7.2319      0.861    32.8286    24.5204 -9.990e-29
 199.857766      0.874  39.542731    13.9490     7.2404      0.867    32.8194    24.5129 -9.990e-29
 199.857772      0.876  39.546895    13.9524     7.2612      0.869    32.8203    24.5130 -9.990e-29
 199.857778      0.870  39.553298    13.9560     7.2699      0.863    32.8232    24.5144 -9.990e-29
 199.857784      0.865  39.557555    13.9601     7.2569      0.858    32.8236    24.5139 -9.990e-29
 199.857789      0.869  39.560825    13.9662     7.2503      0.862    32.8214    24.5110 -9.990e-29
 199.857795      0.877  39.565196    13.9753     7.2259      0.870    32.8177    24.5062 -9.990e-29
 199.857801      0.882  39.574778    13.9866     7.2228      0.875    32.8169    24.5033 -9.990e-29
 199.857807      0.880  39.578779    13.9946     7.2285      0.873    32.8138    24.4992 -9.990e-29
 199.857812      0.871  39.572415    13.9948     7.2549      0.864    32.8077    24.4945 -9.990e-29
 199.857818      0.857  39.565101    13.9838     7.3102      0.850    32.8104    24.4988 -9.990e-29
 199.857824      0.848  39.543691    13.9516     7.3487      0.841    32.8181    24.5114 -9.990e-29
 199.857830      0.842  39.496977    13.8974     7.3169      0.835    32.8211    24.5249 -9.990e-29
 199.857836      0.831  39.455664    13.8482     7.3524      0.824    32.8249    24.5379 -9.990e-29
 199.857841      0.814  39.447001    13.8279     7.3539      0.807    32.8342    24.5493 -9.990e-29
 199.857847      0.806  39.456029    13.8359     7.3699      0.799    32.8358    24.5488 -9.990e-29
 199.857853      0.816  39.481293    13.8642     7.3613      0.809    32.8350    24.5424 -9.990e-29
 199.857859      0.828  39.545236    13.9004     7.3017      0.821    32.8633    24.5568 -9.990e-29
 199.857865      0.829  39.632770    13.9317     7.3410      0.822    32.9175    24.5923 -9.990e-29
 199.857870      0.824  39.703111    13.9643     7.3294      0.817    32.9547    24.6143 -9.990e-29
 199.857876      0.821  39.750828    14.0264     7.3045      0.814    32.9456    24.5945 -9.990e-29
 199.857882      0.823  39.796926    14.1294     7.2924      0.816    32.9001    24.5380 -9.990e-29
 199.857888      0.832  39.837266    14.2378     7.2644      0.825    32.8448    24.4727 -9.990e-29
 199.857894      0.843  39.854437    14.3085     7.3089      0.836    32.8005    24.4237 -9.990e-29
 199.857899      0.848  39.856752    14.3353     7.3362      0.841    32.7799    24.4022 -9.990e-29
 199.857905      0.848  39.865218    14.3371     7.3246      0.841    32.7861    24.4067 -9.990e-29
 199.857911      0.852  39.870369    14.3217     7.2738      0.845    32.8039    24.4236 -9.990e-29
 199.857917      0.859  39.854943    14.2959     7.2377      0.852    32.8117    24.4350 -9.990e-29
 199.857922      0.863  39.830840    14.2848     7.2408      0.856    32.7990    24.4275 -9.990e-29
 199.857928      0.857  39.820807    14.2990     7.2638      0.850    32.7777    24.4081 -9.990e-29
 199.857934      0.847  39.835523    14.3260     7.2828      0.840    32.7683    24.3952 -9.990e-29
 199.857940      0.841  39.862627    14.3484     7.3030      0.834    32.7742    24.3951 -9.990e-29
 199.857946      0.841  39.871538    14.3447     7.3140      0.834    32.7855    24.4046 -9.990e-29
 199.857951      0.849  39.821429    14.3094     7.3277      0.842    32.7695    24.3996 -9.990e-29
 199.857957      0.861  39.745215    14.2745     7.3245      0.854    32.7291    24.3757 -9.990e-29
 199.857963      0.868  39.737390    14.2682     7.3208      0.861    32.7272    24.3756 -9.990e-29
 199.857969      0.867  39.800926    14.2837     7.3297      0.860    32.7724    24.4073 -9.990e-29
 199.857975      0.862  39.875907    14.3122     7.3252      0.855    32.8171    24.4357 -9.990e-29
 199.857980      0.861  39.927771    14.3536     7.3232      0.854    32.8295    24.4367 -9.990e-29
 199.857986      0.869  39.949421    14.3937     7.3267      0.862    32.8153    24.4173 -9.990e-29
 199.857992      0.881  39.956805    14.4176     7.3392      0.874    32.8018    24.4018 -9.990e-29
 199.857998      0.891  39.970390    14.4296     7.3331      0.884    32.8041    24.4011 -9.990e-29
 199.858003      0.894  39.992012    14.4470     7.3133      0.887    32.8091    24.4013 -9.990e-29
 199.858009      0.894  40.012919    14.4813     7.3072      0.887    32.7992    24.3864 -9.990e-29
 199.858015      0.901  40.032371    14.5206     7.2791      0.893    32.7837    24.3662 -9.990e-29
 199.858021      0.915  40.047126    14.5444     7.3121      0.907    32.7770    24.3560 -9.990e-29
 199.858027      0.928  40.054975    14.5490     7.3218      0.920    32.7803    24.3576 -9.990e-29
 199.858032      0.936  40.060753    14.5441     7.3213      0.928    32.7897    24.3659 -9.990e-29
 199.858038      0.941  40.062606    14.5403     7.3301      0.933    32.7946    24.3704 -9.990e-29
 199.858044      0.943  40.062410    14.5460     7.2802      0.935    32.7896    24.3654 -9.990e-29
 199.858050      0.945  40.069394    14.5641     7.3085      0.937    32.7807    24.3547 -9.990e-29
 199.858056      0.952  40.082188    14.5861     7.3040      0.944    32.7738    24.3447 -9.990e-29
 199.858061      0.961  40.092034    14.5995     7.2945      0.953    32.7714    24.3400 -9.990e-29
 199.858067      0.968  40.095216    14.6047     7.3006      0.960    32.7700    24.3378 -9.990e-29
 199.858073      0.973  40.098751    14.6133     7.3109      0.965    32.7659    24.3328 -9.990e-29
 199.858079      0.977  40.113485    14.6302     7.3231      0.969    32.7651    24.3286 -9.990e-29
 199.858084      0.980  40.129883    14.6469     7.3164      0.972    32.7659    24.3257 -9.990e-29
 199.858090      0.981  40.131104    14.6552     7.3086      0.973    32.7600    24.3194 -9.990e-29
 199.858096      0.982  40.126030    14.6583     7.3073      0.974    32.7528    24.3132 -9.990e-29
 199.858102      0.981  40.128602    14.6663     7.3206      0.973    32.7484    24.3081 -9.990e-29
 199.858108      0.980  40.141656    14.6872     7.3291      0.972    32.7427    24.2992 -9.990e-29
 199.858113      0.978  40.165189    14.7119     7.3269      0.970    32.7433    24.2944 -9.990e-29
 199.858119      0.974  40.192993    14.7238     7.3018      0.966    32.7585    24.3036 -9.990e-29
 199.858125      0.969  40.218955    14.7290     7.2847      0.961    32.7777    24.3173 -9.990e-29
 199.858131      0.967  40.249076    14.7539     7.2904      0.959    32.7841    24.3170 -9.990e-29
 199.858137      0.971  40.289857    14.8090     7.3031      0.963    32.7747    24.2980 -9.990e-29
 199.858142      0.978  40.325576    14.8680     7.3200      0.970    32.7575    24.2720 -9.990e-29
 199.858148      0.984  40.336007    14.9008     7.3276      0.976    32.7394    24.2510 -9.990e-29
 199.858154      0.989  40.332234    14.9069     7.3358      0.981    32.7309    24.2432 -9.990e-29
 199.858160      0.994  40.333870    14.9004     7.3405      0.986    32.7378    24.2499 -9.990e-29
 199.858166      0.998  40.339149    14.8913     7.3387      0.990    32.7502    24.2614 -9.990e-29
 199.858171      1.003  40.344441    14.8869     7.3299      0.995    32.7587    24.2689 -9.990e-29
 199.858177      1.008  40.354541    14.8912     7.3097      1.000    32.7642    24.2722 -9.990e-29
 199.858183      1.014  40.368328    14.9004     7.3005      1.006    32.7690    24.2739 -9.990e-29
 199.858189      1.021  40.380074    14.9143     7.2986      1.012    32.7679    24.2701 -9.990e-29
 199.858194      1.033  40.387502    14.9344     7.3172      1.024    32.7578    24.2580 -9.990e-29
 199.858200      1.057  40.387621    14.9517     7.3122      1.048    32.7434    24.2432 -9.990e-29
 199.858206      1.089  40.377225    14.9585     7.3602      1.080    32.7282    24.2300 -9.990e-29
 199.858212      1.126  40.355343    14.9547     7.3650      1.117    32.7116    24.2181 -9.990e-29
 199.858218      1.168  40.329227    14.9421     7.3844      1.158    32.6986    24.2107 -9.990e-29
 199.858223      1.212  40.308333    14.9276     7.3806      1.202    32.6918    24.2086 -9.990e-29
 199.858229      1.266  40.297863    14.9162     7.2983      1.255    32.6919    24.2111 -9.990e-29
 199.858235      1.336  40.300665    14.9062     7.2883      1.325    32.7027    24.2217 -9.990e-29
 199.858241      1.429  40.309818    14.8983     7.2640      1.417    32.7176    24.2348 -9.990e-29
 199.858247      1.544  40.316221    14.8816     7.2015      1.531    32.7374    24.2536 -9.990e-29
 199.858252      1.681  40.293093    14.8181     7.0516      1.667    32.7698    24.2922 0.0000e+00
 199.858258      1.841  40.203988    14.6826     6.8125      1.826    32.8029    24.3467 0.0000e+00
 199.858264      2.024  40.064048    14.4768     6.5526      2.007    32.8493    24.4260 0.0000e+00
 199.858270      2.230  39.878915    14.1936     6.3073      2.211    32.9203    24.5402 0.0000e+00
 199.858275      2.450  39.594512    13.8455     6.1461      2.430    32.9554    24.6393 0.0000e+00
 199.858281      2.681  39.249103    13.4843     6.1202      2.659    32.9445    24.7044 0.0000e+00
 199.858287      2.925  38.949210    13.1327     6.2185      2.901    32.9673    24.7923 0.0000e+00
 199.858293      3.175  38.669796    12.7768     6.4077      3.148    33.0128    24.8976 0.0000e+00
 199.858299      3.432  38.367147    12.4381     6.5447      3.403    33.0208    24.9693 0.0000e+00
 199.858304      3.694  38.106081    12.1671     6.5786      3.663    33.0085    25.0113 0.0000e+00
 199.858310      3.947  37.931200    11.9730     6.4904      3.914    33.0110    25.0497 0.0000e+00
 199.858316      4.187  37.805347    11.8277     6.2783      4.152    33.0176    25.0819 0.0000e+00
 199.858322      4.420  37.695124    11.7121     5.9793      4.383    33.0129    25.0997 0.0000e+00
 199.858328      4.652  37.611517    11.6112     5.6417      4.613    33.0210    25.1246 0.0000e+00
 199.858333      4.890  37.538820    11.5001     5.3333      4.849    33.0489    25.1666 0.0000e+00
 199.858339      5.135  37.441143    11.3601     5.1179      5.092    33.0782    25.2148 0.0000e+00
 199.858345      5.383  37.305315    11.1784     4.9958      5.338    33.1074    25.2702 0.0000e+00
 199.858351      5.635  37.107622    10.9432     4.9442      5.588    33.1235    25.3246 0.0000e+00
 199.858356      5.900  36.865089    10.6847     4.9364      5.851    33.1157    25.3640 0.0000e+00
 199.858362      6.163  36.666015    10.4656     4.9282      6.111    33.1151    25.4015 0.0000e+00
 199.858368      6.417  36.548510    10.3125     4.9334      6.363    33.1363    25.4442 0.0000e+00
 199.858374      6.669  36.484112    10.2124     4.9273      6.613    33.1626    25.4818 0.0000e+00
 199.858380      6.922  36.441801    10.1435     4.9286      6.864    33.1828    25.5092 0.0000e+00
 199.858385      7.175  36.401543    10.0829     4.9209      7.115    33.1975    25.5309 0.0000e+00
 199.858391      7.430  36.356128    10.0220     4.9287      7.368    33.2072    25.5487 0.0000e+00
 199.858397      7.693  36.309398     9.9730     4.9111      7.629    33.2046    25.5549 0.0000e+00
 199.858403      7.957  36.274642     9.9471     4.8535      7.890    33.1930    25.5501 0.0000e+00
 199.858409      8.219  36.254791     9.9394     4.7844      8.150    33.1797    25.5411 0.0000e+00
 199.858414      8.477  36.243523     9.9339     4.6672      8.406    33.1732    25.5369 0.0000e+00
 199.858420      8.731  36.234767     9.9162     4.6675      8.658    33.1805    25.5455 0.0000e+00
 199.858426      8.985  36.225242     9.8834     4.6594      8.910    33.2008    25.5669 0.0000e+00
 199.858432      9.245  36.212325     9.8428     4.6403      9.168    33.2250    25.5925 0.0000e+00
 199.858438      9.512  36.192786     9.8066     4.6106      9.432    33.2383    25.6089 0.0000e+00
 199.858443      9.776  36.173047     9.7834     4.5319      9.694    33.2394    25.6136 0.0000e+00
 199.858449     10.034  36.159257     9.7707     4.4828      9.950    33.2370    25.6138 0.0000e+00
 199.858455     10.283  36.150379     9.7571     4.4465     10.197    33.2403    25.6187 0.0000e+00
 199.858461     10.528  36.139049     9.7324     4.4147     10.440    33.2515    25.6314 0.0000e+00
 199.858466     10.771  36.116872     9.6966     4.4011     10.681    33.2618    25.6454 0.0000e+00
 199.858472     11.006  36.087318     9.6567     4.3591     10.914    33.2683    25.6570 0.0000e+00
 199.858478     11.231  36.056336     9.6193     4.2863     11.137    33.2711    25.6653 0.0000e+00
 199.858484     11.447  36.029089     9.5892     4.1972     11.351    33.2709    25.6701 0.0000e+00
 199.858490     11.651  36.011797     9.5652     4.0862     11.553    33.2753    25.6775 0.0000e+00
 199.858495     11.848  35.999875     9.5420     3.9781     11.749    33.2845    25.6885 0.0000e+00
 199.858501     12.041  35.983577     9.5155     3.8914     11.940    33.2923    25.6988 0.0000e+00
 199.858507     12.220  35.957404     9.4827     3.8541     12.118    33.2958    25.7069 0.0000e+00
 199.858513     12.377  35.920054     9.4392     3.8548     12.273    33.2977    25.7154 0.0000e+00
 199.858519     12.504  35.877158     9.3876     3.9049     12.399    33.3014    25.7267 -9.990e-29
 199.858524     12.596  35.841519     9.3455     3.9784     12.490    33.3038    25.7353 -9.990e-29
 199.858530     12.650  35.832247     9.3312     4.0743     12.544    33.3075    25.7405 -9.990e-29
 199.858536     12.662  35.847045     9.3485     4.1825     12.556    33.3066    25.7371 -9.990e-29
 199.858542     12.628  35.872028     9.3865     4.2750     12.522    33.2971    25.7235 -9.990e-29
 199.858547     12.549  35.903536     9.4353     4.3402     12.444    33.2842    25.7055 -9.990e-29
 199.858553     12.431  35.932056     9.4875     4.3722     12.327    33.2651    25.6821 -9.990e-29
 199.858559     12.277  35.958097     9.5260     4.3898     12.174    33.2562    25.6690 0.0000e+00
 199.858565     12.099  35.981100     9.5419     4.4070     11.998    33.2652    25.6734 0.0000e+00
 199.858571     11.908  35.993662     9.5429     4.4212     11.808    33.2773    25.6826 0.0000e+00
 199.858576     11.704  35.998533     9.5422     4.4643     11.606    33.2830    25.6873 0.0000e+00
 199.858582     11.483  36.003885     9.5497     4.5000     11.387    33.2817    25.6850 0.0000e+00
 199.858588     11.244  36.013490     9.5652     4.5365     11.150    33.2773    25.6790 0.0000e+00
 199.858594     10.993  36.022228     9.5823     4.5684     10.901    33.2705    25.6709 0.0000e+00
