data/oxygen options/ONMS/Olympic_Coast_National_Marine_Sanctuary_CTD_Data_2005_2023/raw_data/2023/CAST_MB042_230526faed.cnv
* Sea-Bird SBE 19 Data File:
* FileName = C:\Users\OCNMS.Inst\Documents\2023 Mooring Data\Casts\CAST_MB042_230526.hex
* Software Version SeatermAF 2.1.4.55
* Temperature SN = 2997
* Conductivity SN = 2997
* System UpLoad Time = May 26 2023 19:19:44 (localtime) = May 26 2023 19:19:44 (UTC)
** CAST_MB042_230526
* ds
# nquan = 9                                 
# nvalues = 1015                        
# units = specified
# name 0 = timeJ: Julian Days
# name 1 = prSM: Pressure, Strain Gauge [db]
# name 2 = c0mS/cm: Conductivity [mS/cm]
# name 3 = t090C: Temperature [ITS-90, deg C]
# name 4 = sbeox0ML/L: Oxygen, SBE 43 [ml/l]
# name 5 = depSM: Depth [salt water, m], lat = 47.5
# name 6 = sal00: Salinity, Practical [PSU]
# name 7 = sigma-é00: Density [sigma-theta, kg/m^3]
# name 8 = flag: flag
# span 0 = 146.796400, 146.802269       
# span 1 =     -6.259,     38.472       
# span 2 =   0.268980,  36.785004       
# span 3 =     7.4727,    15.2261       
# span 4 =    -1.8755,    20.3718       
# span 5 =     -6.207,     38.147       
# span 6 =     0.1596,    33.8652       
# span 7 =    -0.8096,    26.4584       
# span 8 = 0.0000e+00, 0.0000e+00       
# interval = seconds: 0.5
# start_time = May 26 2023 19:06:49 [Instrument's time stamp, header]
# bad_flag = -9.990e-29
*END*
[from data line 481]
 146.799184     -0.187  35.980925    10.6803    10.0162     -0.185    32.2401    24.6827 -9.990e-29
 146.799190     -0.183  35.986044    10.6826    10.0288     -0.181    32.2431    24.6847 -9.990e-29
 146.799196     -0.185  35.984242    10.6834    10.0504     -0.183    32.2406    24.6826 -9.990e-29
 146.799201     -0.189  35.978201    10.6822    10.0556     -0.187    32.2357    24.6789 -9.990e-29
 146.799207     -0.187  35.967002    10.6771    10.0483     -0.185    32.2290    24.6746 -9.990e-29
 146.799213     -0.179  35.953093    10.6674    10.0318     -0.178    32.2237    24.6722 -9.990e-29
 146.799219     -0.173  35.944047    10.6594    10.0288     -0.172    32.2218    24.6720 -9.990e-29
 146.799225     -0.172  35.945122    10.6577    10.0220     -0.171    32.2243    24.6743 -9.990e-29
 146.799230     -0.177  35.951916    10.6589    10.0189     -0.176    32.2301    24.6786 -9.990e-29
 146.799236     -0.184  35.957760    10.6597    10.0239     -0.182    32.2352    24.6824 -9.990e-29
 146.799242     -0.185  35.958640    10.6592    10.0266     -0.183    32.2365    24.6835 -9.990e-29
 146.799248     -0.175  35.952887    10.6592    10.0259     -0.174    32.2308    24.6791 -9.990e-29
 146.799253     -0.158  35.950706    10.6628    10.0144     -0.157    32.2254    24.6743 -9.990e-29
 146.799259     -0.142  35.957543    10.6673     9.9987     -0.141    32.2282    24.6757 -9.990e-29
 146.799265     -0.130  35.964546    10.6697     9.9643     -0.129    32.2331    24.6791 -9.990e-29
 146.799271     -0.121  35.968689    10.6728     9.9477     -0.120    32.2345    24.6796 -9.990e-29
 146.799277     -0.114  35.976570    10.6800     9.9381     -0.113    32.2360    24.6795 -9.990e-29
 146.799282     -0.109  35.989692    10.6910     9.9485     -0.108    32.2393    24.6802 -9.990e-29
 146.799288     -0.106  36.001985    10.7026     9.9459     -0.105    32.2413    24.6798 -9.990e-29
 146.799294     -0.105  36.014675    10.7132     9.9220     -0.104    32.2446    24.6805 -9.990e-29
 146.799300     -0.105  36.031758    10.7223     9.9122     -0.104    32.2536    24.6859 -9.990e-29
 146.799306     -0.106  36.041805    10.7295     9.9271     -0.105    32.2572    24.6875 -9.990e-29
 146.799311     -0.109  36.039127    10.7370     9.9513     -0.108    32.2479    24.6790 -9.990e-29
 146.799317     -0.113  36.038592    10.7454     9.9730     -0.112    32.2400    24.6714 -9.990e-29
 146.799323     -0.116  36.043361    10.7503     9.9901     -0.115    32.2404    24.6708 -9.990e-29
 146.799329     -0.108  36.042388    10.7466     9.9730     -0.107    32.2427    24.6733 -9.990e-29
 146.799334     -0.088  36.032094    10.7353     9.9036     -0.087    32.2424    24.6750 -9.990e-29
 146.799340     -0.069  36.019991    10.7253     9.9114     -0.068    32.2392    24.6742 -9.990e-29
 146.799346     -0.062  36.016215    10.7237     9.9144     -0.061    32.2368    24.6727 -9.990e-29
 146.799352     -0.071  36.019042    10.7284     9.9356     -0.070    32.2355    24.6708 -9.990e-29
 146.799358     -0.092  36.022675    10.7331     9.9825     -0.091    32.2350    24.6696 -9.990e-29
 146.799363     -0.113  36.027990    10.7339     9.9547     -0.112    32.2396    24.6730 -9.990e-29
 146.799369     -0.124  36.035312    10.7306     9.9967     -0.123    32.2498    24.6815 -9.990e-29
 146.799375     -0.121  36.032518    10.7235    10.0076     -0.120    32.2533    24.6855 -9.990e-29
 146.799381     -0.107  36.012479    10.7151    10.0007     -0.106    32.2407    24.6772 -9.990e-29
 146.799387     -0.090  35.996034    10.7117     9.9719     -0.089    32.2274    24.6674 -9.990e-29
 146.799392     -0.074  35.997049    10.7174     9.9084     -0.073    32.2233    24.6632 -9.990e-29
 146.799398     -0.061  36.010110    10.7287     9.8922     -0.060    32.2264    24.6636 -9.990e-29
 146.799404     -0.060  36.034105    10.7412     9.8916     -0.059    32.2392    24.6715 -9.990e-29
 146.799410     -0.071  36.062899    10.7565     9.9144     -0.070    32.2543    24.6806 -9.990e-29
 146.799416     -0.081  36.084998    10.7747     9.9376     -0.080    32.2603    24.6821 -9.990e-29
 146.799421     -0.082  36.097340    10.7878     9.9346     -0.081    32.2610    24.6803 -9.990e-29
 146.799427     -0.079  36.093378    10.7858     9.9364     -0.078    32.2588    24.6790 -9.990e-29
 146.799433     -0.076  36.064987    10.7666     9.9249     -0.075    32.2475    24.6735 -9.990e-29
 146.799439     -0.072  36.035874    10.7438     9.8914     -0.071    32.2387    24.6706 -9.990e-29
 146.799444     -0.072  36.039423    10.7340     9.8927     -0.071    32.2508    24.6818 -9.990e-29
 146.799450     -0.080  36.061277    10.7398     9.9094     -0.079    32.2675    24.6937 -9.990e-29
 146.799456     -0.092  36.071717    10.7546     9.9295     -0.091    32.2648    24.6891 -9.990e-29
 146.799462     -0.101  36.073975    10.7690     9.9558     -0.100    32.2543    24.6784 -9.990e-29
 146.799468     -0.098  36.077178    10.7751     9.9533     -0.097    32.2521    24.6757 -9.990e-29
 146.799473     -0.083  36.071556    10.7707     9.9296     -0.082    32.2504    24.6751 -9.990e-29
 146.799479     -0.064  36.054610    10.7626     9.9121     -0.063    32.2407    24.6690 -9.990e-29
 146.799485     -0.048  36.044586    10.7624     9.8888     -0.048    32.2309    24.6614 -9.990e-29
 146.799491     -0.042  36.047670    10.7706     9.8888     -0.042    32.2268    24.6567 -9.990e-29
 146.799497     -0.047  36.057287    10.7790     9.9041     -0.047    32.2289    24.6569 -9.990e-29
 146.799502     -0.054  36.069974    10.7839     9.8941     -0.054    32.2372    24.6625 -9.990e-29
 146.799508     -0.060  36.080760    10.7868     9.8892     -0.059    32.2454    24.6684 -9.990e-29
 146.799514     -0.063  36.086624    10.7900     9.8925     -0.062    32.2484    24.6702 -9.990e-29
 146.799520     -0.066  36.088056    10.7935     9.8875     -0.065    32.2467    24.6683 -9.990e-29
 146.799525     -0.067  36.085242    10.7965     9.9041     -0.066    32.2413    24.6635 -9.990e-29
 146.799531     -0.068  36.082223    10.7994     9.9045     -0.067    32.2357    24.6587 -9.990e-29
 146.799537     -0.068  36.084451    10.8022     9.9179     -0.067    32.2355    24.6580 -9.990e-29
 146.799543     -0.062  36.088693    10.8039     9.9276     -0.061    32.2382    24.6598 -9.990e-29
 146.799549     -0.047  36.089917    10.8027     9.8868     -0.047    32.2404    24.6618 -9.990e-29
 146.799554     -0.025  36.087471    10.7983     9.9102     -0.025    32.2419    24.6637 -9.990e-29
 146.799560     -0.004  36.081968    10.7941     9.9142     -0.004    32.2401    24.6630 -9.990e-29
 146.799566      0.009  36.077786    10.7937     9.9424      0.009    32.2363    24.6601 -9.990e-29
 146.799572      0.010  36.078823    10.7960     9.9641      0.010    32.2353    24.6590 -9.990e-29
 146.799578      0.005  36.081375    10.7991     9.9224      0.005    32.2351    24.6583 -9.990e-29
 146.799583      0.001  36.082641    10.8011     9.9673      0.001    32.2346    24.6575 -9.990e-29
 146.799589      0.002  36.084823    10.7972     9.9796      0.002    32.2402    24.6626 -9.990e-29
 146.799595      0.009  36.085187    10.7855    10.0062      0.009    32.2509    24.6729 -9.990e-29
 146.799601      0.021  36.077453    10.7716    10.0187      0.021    32.2554    24.6789 -9.990e-29
 146.799606      0.035  36.063583    10.7596    10.0149      0.035    32.2522    24.6784 -9.990e-29
 146.799612      0.045  36.050241    10.7474    10.0239      0.045    32.2497    24.6786 -9.990e-29
 146.799618      0.049  36.039748    10.7348    10.0041      0.049    32.2504    24.6813 -9.990e-29
 146.799624      0.057  36.030949    10.7254    10.0032      0.057    32.2499    24.6826 -9.990e-29
 146.799630      0.070  36.027748    10.7223     9.9918      0.069    32.2495    24.6828 -9.990e-29
 146.799635      0.080  36.031989    10.7243     9.9984      0.079    32.2519    24.6843 -9.990e-29
 146.799641      0.083  36.034719    10.7258    10.0069      0.082    32.2533    24.6851 -9.990e-29
 146.799647      0.079  36.032250    10.7241     9.9905      0.078    32.2524    24.6847 -9.990e-29
 146.799653      0.068  36.029086    10.7214     9.9542      0.067    32.2516    24.6846 -9.990e-29
 146.799659      0.054  36.028806    10.7212     9.9096      0.054    32.2515    24.6845 -9.990e-29
 146.799664      0.044  36.031548    10.7266     9.9029      0.044    32.2495    24.6820 -9.990e-29
 146.799670      0.042  36.039245    10.7409     9.9153      0.042    32.2445    24.6757 -9.990e-29
 146.799676      0.048  36.057073    10.7674     9.9552      0.048    32.2389    24.6667 -9.990e-29
 146.799682      0.062  36.079634    10.7991     9.9887      0.061    32.2334    24.6569 -9.990e-29
 146.799688      0.081  36.091599    10.8165     9.9786      0.080    32.2299    24.6512 -9.990e-29
 146.799693      0.093  36.089840    10.8112     9.9585      0.092    32.2328    24.6544 -9.990e-29
 146.799699      0.091  36.083732    10.7956     9.9470      0.090    32.2405    24.6631 -9.990e-29
 146.799705      0.078  36.079652    10.7884     9.9231      0.077    32.2428    24.6661 -9.990e-29
 146.799711      0.063  36.087235    10.7979     9.9076      0.062    32.2420    24.6638 -9.990e-29
 146.799716      0.052  36.115421    10.8155     9.9098      0.052    32.2544    24.6705 -9.990e-29
 146.799722      0.046  36.150218    10.8287     9.9132      0.046    32.2774    24.6860 -9.990e-29
 146.799728      0.039  36.163489    10.8304     9.9389      0.039    32.2890    24.6948 -9.990e-29
 146.799734      0.036  36.150482    10.8237     9.9374      0.036    32.2820    24.6905 -9.990e-29
 146.799740      0.040  36.132459    10.8209     9.9559      0.040    32.2666    24.6790 -9.990e-29
 146.799745      0.052  36.119511    10.8229     9.9543      0.052    32.2520    24.6673 -9.990e-29
 146.799751      0.068  36.102167    10.8236     9.9603      0.067    32.2341    24.6533 -9.990e-29
 146.799757      0.081  36.088617    10.8239     9.9356      0.080    32.2204    24.6425 -9.990e-29
 146.799763      0.087  36.092675    10.8221     9.8873      0.086    32.2260    24.6472 -9.990e-29
 146.799769      0.087  36.096744    10.8148     9.9174      0.086    32.2365    24.6566 -9.990e-29
 146.799774      0.080  36.090521    10.8031     9.9345      0.079    32.2406    24.6619 -9.990e-29
 146.799780      0.071  36.083586    10.7909     9.9531      0.070    32.2445    24.6670 -9.990e-29
 146.799786      0.067  36.077848    10.7813     9.9597      0.066    32.2473    24.6708 -9.990e-29
 146.799792      0.068  36.071769    10.7735     9.8985      0.067    32.2481    24.6728 -9.990e-29
 146.799797      0.070  36.067279    10.7667     9.9253      0.069    32.2496    24.6752 -9.990e-29
 146.799803      0.073  36.065064    10.7616     9.9291      0.072    32.2519    24.6779 -9.990e-29
 146.799809      0.078  36.062686    10.7578     9.9341      0.077    32.2529    24.6793 -9.990e-29
 146.799815      0.084  36.060288    10.7543     9.9591      0.083    32.2536    24.6804 -9.990e-29
 146.799821      0.087  36.057986    10.7525     9.9573      0.086    32.2529    24.6802 -9.990e-29
 146.799826      0.085  36.055465    10.7561     9.9590      0.084    32.2472    24.6752 -9.990e-29
 146.799832      0.075  36.057158    10.7648     9.9388      0.074    32.2412    24.6690 -9.990e-29
 146.799838      0.063  36.064156    10.7729     9.9076      0.062    32.2411    24.6674 -9.990e-29
 146.799844      0.056  36.072304    10.7800     9.9012      0.056    32.2429    24.6676 -9.990e-29
 146.799850      0.058  36.082903    10.7913     9.9024      0.058    32.2435    24.6661 -9.990e-29
 146.799855      0.068  36.098278    10.8076     9.9126      0.067    32.2444    24.6640 -9.990e-29
 146.799861      0.088  36.117042    10.8236     9.9170      0.087    32.2489    24.6647 -9.990e-29
 146.799867      0.111  36.135605    10.8335     9.9285      0.110    32.2586    24.6706 -9.990e-29
 146.799873      0.120  36.143389    10.8383     9.9322      0.119    32.2621    24.6724 -9.990e-29
 146.799878      0.111  36.139526    10.8448     9.9391      0.110    32.2525    24.6639 -9.990e-29
 146.799884      0.098  36.138985    10.8552     9.9141      0.097    32.2428    24.6545 -9.990e-29
 146.799890      0.088  36.146601    10.8664     9.9129      0.087    32.2405    24.6508 -9.990e-29
 146.799896      0.080  36.161843    10.8782     9.9123      0.079    32.2453    24.6524 -9.990e-29
 146.799902      0.078  36.187642    10.8952     9.9115      0.077    32.2559    24.6577 -9.990e-29
 146.799907      0.082  36.218048    10.9177     9.9035      0.081    32.2662    24.6618 -9.990e-29
 146.799913      0.083  36.239764    10.9353     9.8881      0.082    32.2722    24.6634 -9.990e-29
 146.799919      0.078  36.242429    10.9401     9.8863      0.077    32.2706    24.6613 -9.990e-29
 146.799925      0.066  36.233984    10.9386     9.8963      0.065    32.2636    24.6561 -9.990e-29
 146.799931      0.051  36.232777    10.9440     9.8980      0.051    32.2576    24.6505 -9.990e-29
 146.799936      0.048  36.246080    10.9606     9.9116      0.048    32.2562    24.6465 -9.990e-29
 146.799942      0.066  36.264667    10.9783     9.9065      0.065    32.2590    24.6456 -9.990e-29
 146.799948      0.089  36.272351    10.9866     9.8898      0.088    32.2593    24.6444 -9.990e-29
 146.799954      0.106  36.270338    10.9873     9.8870      0.105    32.2567    24.6422 -9.990e-29
 146.799959      0.118  36.270429    10.9866     9.9040      0.117    32.2574    24.6429 -9.990e-29
 146.799965      0.125  36.273787    10.9859     9.9027      0.124    32.2613    24.6461 -9.990e-29
 146.799971      0.129  36.274166    10.9845     9.9133      0.128    32.2629    24.6476 -9.990e-29
 146.799977      0.128  36.272552    10.9850     9.8614      0.127    32.2609    24.6459 -9.990e-29
 146.799983      0.124  36.275674    10.9900     9.8975      0.123    32.2596    24.6440 -9.990e-29
 146.799988      0.120  36.279211    10.9962     9.9020      0.119    32.2576    24.6414 -9.990e-29
 146.799994      0.120  36.277158    10.9986     9.9050      0.119    32.2535    24.6377 -9.990e-29
 146.800000      0.121  36.273419    10.9976     9.9068      0.120    32.2507    24.6357 -9.990e-29
 146.800006      0.117  36.271331    10.9954     9.8498      0.116    32.2506    24.6360 -9.990e-29
 146.800012      0.112  36.269151    10.9919     9.8659      0.111    32.2515    24.6373 -9.990e-29
 146.800017      0.116  36.265571    10.9877     9.8659      0.115    32.2516    24.6382 -9.990e-29
 146.800023      0.129  36.261901    10.9840     9.8903      0.128    32.2512    24.6385 -9.990e-29
 146.800029      0.141  36.258769    10.9795     9.8912      0.140    32.2521    24.6400 -9.990e-29
 146.800035      0.151  36.253597    10.9724     9.8842      0.150    32.2532    24.6421 -9.990e-29
 146.800041      0.154  36.242766    10.9659     9.8797      0.153    32.2482    24.6394 -9.990e-29
 146.800046      0.143  36.229679    10.9646     9.8779      0.142    32.2364    24.6304 -9.990e-29
 146.800052      0.115  36.224252    10.9672     9.8780      0.114    32.2288    24.6240 -9.990e-29
 146.800058      0.083  36.227568    10.9674     9.8613      0.082    32.2319    24.6264 -9.990e-29
 146.800064      0.057  36.231087    10.9617     9.8601      0.057    32.2404    24.6340 -9.990e-29
 146.800069      0.040  36.228219    10.9524     9.8670      0.040    32.2457    24.6398 -9.990e-29
 146.800075      0.030  36.221222    10.9451     9.8889      0.030    32.2452    24.6407 -9.990e-29
 146.800081      0.028  36.219731    10.9422     9.8996      0.028    32.2463    24.6420 -9.990e-29
 146.800087      0.033  36.223915    10.9407     9.9063      0.033    32.2518    24.6465 -9.990e-29
 146.800093      0.045  36.223029    10.9370     9.9016      0.045    32.2541    24.6490 -9.990e-29
 146.800098      0.061  36.211889    10.9307     9.8940      0.060    32.2487    24.6459 -9.990e-29
