data/oxygen options/ONMS/Olympic_Coast_National_Marine_Sanctuary_CTD_Data_2005_2023/raw_data/2023/CAST_KL015_230616faed.cnv
* Sea-Bird SBE 19 Data File:
* FileName = C:\Users\OCNMS.Inst\Documents\2023 Mooring Data\Casts\CAST_KL015_230616.hex
* Software Version SeatermAF 2.1.4.55
* Temperature SN = 2997
* Conductivity SN = 2997
* System UpLoad Time = Jun 16 2023 20:07:06 (localtime) = Jun 16 2023 20:07:06 (UTC)
** CAST_KL015_230616
* ds
# nquan = 9                                 
# nvalues = 772                         
# units = specified
# name 0 = timeJ: Julian Days
# name 1 = prSM: Pressure, Strain Gauge [db]
# name 2 = c0mS/cm: Conductivity [mS/cm]
# name 3 = t090C: Temperature [ITS-90, deg C]
# name 4 = sbeox0ML/L: Oxygen, SBE 43 [ml/l]
# name 5 = depSM: Depth [salt water, m], lat = 47.5
# name 6 = sal00: Salinity, Practical [PSU]
# name 7 = sigma-é00: Density [sigma-theta, kg/m^3]
# name 8 = flag: flag
# span 0 = 167.830069, 167.834531       
# span 1 =     -6.139,     14.173       
# span 2 =   0.325970,  38.312025       
# span 3 =     8.3315,    15.6073       
# span 4 =    -1.8301,    17.4209       
# span 5 =     -6.088,     14.054       
# span 6 =     0.1925,    33.6294       
# span 7 =    -0.8432,    26.0124       
# span 8 = 0.0000e+00, 0.0000e+00       
# interval = seconds: 0.5
# start_time = Jun 16 2023 19:55:18 [Instrument's time stamp, header]
# bad_flag = -9.990e-29
*END*
[from data line 321]
 167.831927     -1.446   0.487223    15.0709    -1.8215     -1.434     0.2938    -0.6819 -9.990e-29
 167.831933     -1.442   0.486053    15.0823    -1.8217     -1.430     0.2930    -0.6843 -9.990e-29
 167.831939     -1.439   0.485150    15.0942    -1.8223     -1.427     0.2924    -0.6866 -9.990e-29
 167.831944     -1.437   0.484419    15.1042    -1.8227     -1.425     0.2919    -0.6885 -9.990e-29
 167.831950     -1.435   0.483994    15.1073    -1.8232     -1.423     0.2916    -0.6892 -9.990e-29
 167.831956     -1.433   0.483860    15.1017    -1.8235     -1.421     0.2915    -0.6884 -9.990e-29
 167.831962     -1.432   0.483840    15.0935    -1.8240     -1.420     0.2916    -0.6871 -9.990e-29
 167.831968     -1.430   0.483905    15.0878    -1.8244     -1.418     0.2917    -0.6862 -9.990e-29
 167.831973     -1.429   0.484142    15.0839    -1.8255     -1.417     0.2918    -0.6854 -9.990e-29
 167.831979     -1.428   0.484311    15.0793    -1.8267     -1.416     0.2920    -0.6846 -9.990e-29
 167.831985     -1.426   0.484079    15.0721    -1.8269     -1.414     0.2919    -0.6836 -9.990e-29
 167.831991     -1.425   0.483691    15.0622    -1.8271     -1.413     0.2917    -0.6822 -9.990e-29
 167.831997     -1.423   0.483183    15.0511    -1.8278     -1.411     0.2915    -0.6807 -9.990e-29
 167.832002     -1.421   0.482431    15.0400    -1.8282     -1.409     0.2911    -0.6793 -9.990e-29
 167.832008     -1.419   0.481542    15.0289    -1.8283     -1.407     0.2906    -0.6780 -9.990e-29
 167.832014     -1.415   0.480437    15.0162    -1.8287     -1.403     0.2900    -0.6765 -9.990e-29
 167.832020     -1.411   0.479306    14.9998    -1.8293     -1.399     0.2894    -0.6745 -9.990e-29
 167.832025     -1.406   0.478302    14.9793    -1.8297     -1.394     0.2889    -0.6718 -9.990e-29
 167.832031     -1.399   0.477197    14.9599    -1.8301     -1.387     0.2884    -0.6693 -9.990e-29
 167.832037     -1.391   0.476179    14.9461    -1.5321     -1.379     0.2879    -0.6676 -9.990e-29
 167.832043     -1.380   0.475553    14.9348    -1.5763     -1.368     0.2875    -0.6661 -9.990e-29
 167.832049     -1.366   0.475593    14.9230    -1.5885     -1.355     0.2877    -0.6643 -9.990e-29
 167.832054     -1.348   0.478014    14.9122    -1.5895     -1.337     0.2892    -0.6614 -9.990e-29
 167.832060     -1.324   0.488262    14.9006    -1.5885     -1.313     0.2957    -0.6547 -9.990e-29
 167.832066     -1.299   0.521663    14.8802    -1.5910     -1.288     0.3167    -0.6353 -9.990e-29
 167.832072     -1.273   0.623860    14.8372    -1.5937     -1.262     0.3814    -0.5788 -9.990e-29
 167.832078     -1.242   0.932221    14.7323    -1.5908     -1.232     0.5803    -0.4091 -9.990e-29
 167.832083     -1.199   1.859003    14.4398    -1.5908     -1.189     1.2042     0.1165 -9.990e-29
 167.832089     -1.146   4.641578    13.7827    -1.5907     -1.136     3.2261     1.7725 -9.990e-29
 167.832095     -1.088  12.991154    12.9096    -1.5928     -1.079     9.9628     7.0899 -9.990e-29
 167.832101     -1.025  25.510782    12.2641    -1.5926     -1.016    21.1339    15.8039 -9.990e-29
 167.832106     -0.958  33.861801    11.9734    -1.5915     -0.950    29.1028    22.0184 -9.990e-29
 167.832112     -0.887  36.671987    11.8608    -1.5909     -0.880    31.8917    24.2017 -9.990e-29
 167.832118     -0.807  37.635472    11.7956    -1.5913     -0.800    32.8829    24.9832 -9.990e-29
 167.832124     -0.718  37.951715    11.7379    -1.5917     -0.712    33.2423    25.2730 -9.990e-29
 167.832130     -0.622  38.039015    11.6974    -1.5921     -0.617    33.3638    25.3749 -9.990e-29
 167.832135     -0.526  38.118555    11.6832    -1.5915     -0.522    33.4543    25.4479 -9.990e-29
 167.832141     -0.441  38.244273    11.6935    -1.5919     -0.437    33.5679    25.5342 -9.990e-29
 167.832147     -0.375  38.312025    11.7195    -1.5928     -0.372    33.6106    25.5625 -9.990e-29
 167.832153     -0.328  38.260301    11.7453    -1.5921     -0.325    33.5367    25.5003 -9.990e-29
 167.832159     -0.291  38.143424    11.7599    -1.5914     -0.289    33.4094    25.3987 -9.990e-29
 167.832164     -0.260  38.067252    11.7629    -1.5920     -0.258    33.3324    25.3384 -9.990e-29
 167.832170     -0.231  38.065277    11.7602    -1.5933     -0.229    33.3329    25.3392 -9.990e-29
 167.832176     -0.203  38.086131    11.7549    -1.5927     -0.201    33.3580    25.3597 -9.990e-29
 167.832182     -0.174  38.090577    11.7442    -1.5923     -0.173    33.3719    25.3725 -9.990e-29
 167.832188     -0.143  38.085117    11.7311    -1.5907     -0.142    33.3784    25.3800 -9.990e-29
 167.832193     -0.115  38.101348    11.7282    -1.5922     -0.114    33.3968    25.3948 -9.990e-29
 167.832199     -0.102  38.131241    11.7362    -1.5941     -0.101    33.4188    25.4104 -9.990e-29
 167.832205     -0.108  38.120176    11.7426    -1.5947     -0.107    33.4022    25.3964 -9.990e-29
 167.832211     -0.132  38.080330    11.7420    -1.5929     -0.131    33.3639    25.3667 -9.990e-29
 167.832216     -0.173  38.071800    11.7384    -1.5929     -0.172    33.3588    25.3634 -9.990e-29
 167.832222     -0.219  38.081567    11.7370    -1.5944     -0.217    33.3696    25.3721 -9.990e-29
 167.832228     -0.262  38.063857    11.7363    -1.5944     -0.260    33.3530    25.3593 -9.990e-29
 167.832234     -0.294  38.033191    11.7322    -1.5928     -0.292    33.3267    25.3397 -9.990e-29
 167.832240     -0.314  38.037249    11.7260    -1.5936     -0.311    33.3363    25.3482 -9.990e-29
 167.832245     -0.328  38.083719    11.7218    -1.5950     -0.325    33.3854    25.3872 -9.990e-29
 167.832251     -0.340  38.115244    11.7174    -1.5950     -0.337    33.4202    25.4150 -9.990e-29
 167.832257     -0.347  38.070229    11.7064    -1.5932     -0.344    33.3861    25.3906 -9.990e-29
 167.832263     -0.346  37.994591    11.6899    -1.5921     -0.343    33.3271    25.3477 -9.990e-29
 167.832269     -0.339  37.991471    11.6779    -1.5918     -0.336    33.3348    25.3560 -9.990e-29
 167.832274     -0.332  38.056742    11.6764    -1.5918     -0.329    33.3999    25.4069 -9.990e-29
 167.832280     -0.324  38.088074    11.6833    -1.5914     -0.321    33.4244    25.4246 -9.990e-29
 167.832286     -0.318  38.060598    11.6924    -1.5911     -0.315    33.3893    25.3956 -9.990e-29
 167.832292     -0.323  38.040814    11.6955    -1.5906     -0.320    33.3672    25.3779 -9.990e-29
 167.832297     -0.335  38.034316    11.6918    -1.5903     -0.332    33.3642    25.3762 -9.990e-29
 167.832303     -0.342  38.002782    11.6890    -1.5903     -0.339    33.3359    25.3548 -9.990e-29
 167.832309     -0.343  37.972562    11.6901    -1.5908     -0.340    33.3054    25.3308 -9.990e-29
 167.832315     -0.344  37.996406    11.6924    -1.5913     -0.341    33.3266    25.3469 -9.990e-29
 167.832321     -0.345  38.071402    11.6960    -1.5916     -0.342    33.3966    25.4007 -9.990e-29
 167.832326     -0.345  38.146855    11.7021    -1.5906     -0.342    33.4649    25.4525 -9.990e-29
 167.832332     -0.345  38.188368    11.7087    -1.5901     -0.342    33.4995    25.4782 -9.990e-29
 167.832338     -0.345  38.205940    11.7142    -1.5901     -0.342    33.5117    25.4867 -9.990e-29
 167.832344     -0.344  38.221915    11.7184    -1.5927     -0.341    33.5235    25.4951 -9.990e-29
 167.832350     -0.343  38.242500    11.7186    -1.5952     -0.340    33.5434    25.5105 -9.990e-29
 167.832355     -0.342  38.263241    11.7125    -1.5947     -0.339    33.5692    25.5317 -9.990e-29
 167.832361     -0.339  38.282129    11.7039    -1.5929     -0.336    33.5955    25.5537 -9.990e-29
 167.832367     -0.336  38.294687    11.6986    -1.5923     -0.333    33.6126    25.5680 -9.990e-29
 167.832373     -0.332  38.292476    11.6997    -1.5923     -0.329    33.6094    25.5653 -9.990e-29
 167.832378     -0.327  38.279306    11.7045    -1.5924     -0.324    33.5922    25.5510 -9.990e-29
 167.832384     -0.321  38.275754    11.7075    -1.5924     -0.318    33.5860    25.5456 -9.990e-29
 167.832390     -0.312  38.290005    11.7066    -1.5924     -0.309    33.6007    25.5573 -9.990e-29
 167.832396     -0.301  38.294031    11.7020    -1.5928     -0.298    33.6088    25.5644 -9.990e-29
 167.832402     -0.287  38.240003    11.6946    -1.5933     -0.285    33.5627    25.5299 -9.990e-29
 167.832407     -0.268  38.122595    11.6872    -1.5960     -0.266    33.4546    25.4473 -9.990e-29
 167.832413     -0.249  38.027918    11.6826    -1.5966     -0.247    33.3662    25.3795 -9.990e-29
 167.832419     -0.236  38.035405    11.6791    -1.5966     -0.234    33.3766    25.3882 -9.990e-29
 167.832425     -0.233  38.108005    11.6724    -1.5945     -0.231    33.4536    25.4493 -9.990e-29
 167.832431     -0.239  38.171657    11.6627    -1.5934     -0.237    33.5247    25.5063 -9.990e-29
 167.832436     -0.252  38.209848    11.6533    -1.5942     -0.250    33.5706    25.5437 -9.990e-29
 167.832442     -0.262  38.234312    11.6443    -1.5973     -0.260    33.6027    25.5703 -9.990e-29
 167.832448     -0.266  38.250246    11.6371    -1.5980     -0.264    33.6248    25.5889 -9.990e-29
 167.832454     -0.265  38.253154    11.6352    -1.5972     -0.263    33.6294    25.5928 -9.990e-29
 167.832459     -0.259  38.225094    11.6385    -1.5972     -0.257    33.5989    25.5685 -9.990e-29
 167.832465     -0.247  38.141013    11.6428    -1.5968     -0.245    33.5127    25.5007 -9.990e-29
 167.832471     -0.233  38.021070    11.6445    -1.5965     -0.231    33.3938    25.4080 -9.990e-29
 167.832477     -0.223  37.942948    11.6452    -1.5964     -0.221    33.3167    25.3479 -9.990e-29
 167.832483     -0.223  37.954923    11.6470    -1.5972     -0.221    33.3268    25.3555 -9.990e-29
 167.832488     -0.228  38.021450    11.6474    -1.5981     -0.226    33.3915    25.4057 -9.990e-29
 167.832494     -0.228  38.052529    11.6439    -1.5964     -0.226    33.4251    25.4324 -9.990e-29
 167.832500     -0.226  37.990464    11.6343    -1.5955     -0.224    33.3730    25.3937 -9.990e-29
 167.832506     -0.224  37.881403    11.6188    -1.5955     -0.222    33.2802    25.3245 -9.990e-29
 167.832512     -0.222  37.830975    11.6056    -1.5969     -0.220    33.2427    25.2978 -9.990e-29
 167.832517     -0.225  37.863304    11.6012    -1.5969     -0.223    33.2783    25.3262 -9.990e-29
 167.832523     -0.233  37.912271    11.6019    -1.5970     -0.231    33.3256    25.3629 -9.990e-29
 167.832529     -0.238  37.941225    11.6024    13.3777     -0.236    33.3535    25.3845 -9.990e-29
 167.832535     -0.235  37.954070    11.6031    17.3093     -0.233    33.3655    25.3936 -9.990e-29
 167.832541     -0.225  37.947238    11.6069    17.4209     -0.223    33.3554    25.3850 -9.990e-29
 167.832546     -0.211  37.919499    11.6132    14.3638     -0.209    33.3225    25.3584 -9.990e-29
 167.832552     -0.202  37.908980    11.6191     8.0489     -0.200    33.3069    25.3452 -9.990e-29
 167.832558     -0.199  37.943150    11.6232     8.3335     -0.197    33.3367    25.3675 -9.990e-29
 167.832564     -0.205  37.977399    11.6244     8.7531     -0.203    33.3691    25.3925 -9.990e-29
 167.832569     -0.213  37.961619    11.6222     8.9312     -0.211    33.3557    25.3825 -9.990e-29
 167.832575     -0.218  37.911226    11.6198     8.9667     -0.216    33.3085    25.3463 -9.990e-29
 167.832581     -0.214  37.861595    11.6189     8.9405     -0.212    33.2608    25.3093 -9.990e-29
 167.832587     -0.201  37.785247    11.6179     8.8845     -0.199    33.1870    25.2522 -9.990e-29
 167.832593     -0.183  37.682948    11.6172     8.8212     -0.181    33.0875    25.1750 -9.990e-29
 167.832598     -0.167  37.624510    11.6185     8.7826     -0.166    33.0292    25.1295 -9.990e-29
 167.832604     -0.157  37.612729    11.6214     8.7505     -0.156    33.0151    25.1180 -9.990e-29
 167.832610     -0.151  37.610083    11.6241     8.7186     -0.150    33.0102    25.1136 -9.990e-29
 167.832616     -0.150  37.606913    11.6257     8.6993     -0.149    33.0056    25.1098 -9.990e-29
 167.832622     -0.148  37.601830    11.6242     8.6745     -0.147    33.0020    25.1073 -9.990e-29
 167.832627     -0.143  37.593133    11.6178     8.6586     -0.142    32.9992    25.1063 -9.990e-29
 167.832633     -0.137  37.578786    11.6094     8.6495     -0.136    32.9927    25.1027 -9.990e-29
 167.832639     -0.134  37.567706    11.6037     8.6421     -0.133    32.9869    25.0993 -9.990e-29
 167.832645     -0.135  37.567562    11.6004     8.6104     -0.134    32.9897    25.1021 -9.990e-29
 167.832650     -0.139  37.570911    11.5981     8.6472     -0.138    32.9950    25.1067 -9.990e-29
 167.832656     -0.146  37.572167    11.5976     8.6631     -0.145    32.9967    25.1080 -9.990e-29
 167.832662     -0.154  37.571921    11.5966     8.6719     -0.153    32.9973    25.1087 -9.990e-29
 167.832668     -0.153  37.569878    11.5923     8.6718     -0.152    32.9992    25.1110 -9.990e-29
 167.832674     -0.144  37.566710    11.5870     8.6175     -0.143    33.0008    25.1132 -9.990e-29
 167.832679     -0.135  37.562711    11.5848     8.6469     -0.134    32.9988    25.1121 -9.990e-29
 167.832685     -0.129  37.559304    11.5858     8.6599     -0.128    32.9946    25.1086 -9.990e-29
 167.832691     -0.126  37.559822    11.5891     8.6606     -0.125    32.9922    25.1061 -9.990e-29
 167.832697     -0.125  37.563870    11.5937     8.6613     -0.124    32.9920    25.1052 -9.990e-29
 167.832703     -0.132  37.567915    11.5973     8.6332     -0.131    32.9928    25.1051 -9.990e-29
 167.832708     -0.151  37.569542    11.5986     8.6231     -0.150    32.9932    25.1052 -9.990e-29
 167.832714     -0.173  37.569275    11.5974     8.6247     -0.172    32.9941    25.1060 -9.990e-29
 167.832720     -0.189  37.567914    11.5947     8.6258     -0.187    32.9951    25.1074 -9.990e-29
 167.832726     -0.195  37.563682    11.5904     8.6239     -0.193    32.9948    25.1079 -9.990e-29
 167.832731     -0.191  37.557132    11.5848     8.6324     -0.189    32.9934    25.1078 -9.990e-29
 167.832737     -0.181  37.551889    11.5810     8.6337     -0.179    32.9917    25.1072 -9.990e-29
 167.832743     -0.168  37.549961    11.5814     8.6418     -0.167    32.9894    25.1054 -9.990e-29
 167.832749     -0.153  37.551051    11.5848     8.6450     -0.152    32.9875    25.1032 -9.990e-29
 167.832755     -0.137  37.553285    11.5883     8.6441     -0.136    32.9865    25.1018 -9.990e-29
 167.832760     -0.125  37.556874    11.5902     8.6435     -0.124    32.9883    25.1029 -9.990e-29
 167.832766     -0.116  37.562155    11.5909     8.6457     -0.115    32.9929    25.1063 -9.990e-29
 167.832772     -0.109  37.566680    11.5913     8.6396     -0.108    32.9969    25.1094 -9.990e-29
 167.832778     -0.104  37.569236    11.5914     8.6455     -0.103    32.9993    25.1112 -9.990e-29
 167.832784     -0.100  37.569904    11.5915     8.6530     -0.099    32.9999    25.1117 -9.990e-29
 167.832789     -0.097  37.569048    11.5917     8.6521     -0.096    32.9989    25.1108 -9.990e-29
 167.832795     -0.095  37.567801    11.5911     8.6606     -0.094    32.9982    25.1104 -9.990e-29
 167.832801     -0.094  37.567338    11.5883     8.6523     -0.093    33.0002    25.1125 -9.990e-29
 167.832807     -0.093  37.567074    11.5837     8.6394     -0.092    33.0041    25.1163 -9.990e-29
 167.832812     -0.094  37.565011    11.5813     8.6301     -0.093    33.0042    25.1169 -9.990e-29
 167.832818     -0.095  37.561793    11.5830     8.6207     -0.094    32.9995    25.1129 -9.990e-29
 167.832824     -0.097  37.560448    11.5847     8.6378     -0.096    32.9967    25.1104 -9.990e-29
 167.832830     -0.100  37.561455    11.5839     8.6177     -0.099    32.9984    25.1119 -9.990e-29
 167.832836     -0.104  37.562832    11.5831     8.6294     -0.103    33.0005    25.1136 -9.990e-29
 167.832841     -0.105  37.563088    11.5848     8.6329     -0.104    32.9992    25.1123 -9.990e-29
