data/oxygen options/ONMS/Olympic_Coast_National_Marine_Sanctuary_CTD_Data_2005_2023/raw_data/2023/CAST_TH042_230719faedb.cnv
* Sea-Bird SBE 19 Data File:
* FileName = C:\Users\OCNMS.Inst\Documents\2023 Mooring Data\Casts\CAST_TH042_230719.hex
* Software Version SeatermAF 2.1.4.55
* Temperature SN = 2997
* Conductivity SN = 2997
* System UpLoad Time = Jul 19 2023 18:43:37 (localtime) = Jul 19 2023 18:43:37 (UTC)
** CAST_TH042_230719
* ds
# nquan = 9
# nvalues = 39                          
# units = specified
# name 0 = timeJ: Julian Days
# name 1 = prSM: Pressure, Strain Gauge [db]
# name 2 = c0mS/cm: Conductivity [mS/cm]
# name 3 = t090C: Temperature [ITS-90, deg C]
# name 4 = sbeox0ML/L: Oxygen, SBE 43 [ml/l]
# name 5 = depSM: Depth [salt water, m], lat = 47.5
# name 6 = sal00: Salinity, Practical [PSU]
# name 7 = sigma-é00: Density [sigma-theta, kg/m^3]
# name 8 = flag: flag
# span 0 = 200.733113, 200.733992       
# span 1 =      1.000,     39.000       
# span 2 =  34.947770,  37.908136       
# span 3 =     7.9265,    12.2159       
# span 4 =     2.7245,     6.5281       
# span 5 =      0.992,     38.671       
# span 6 =    32.7759,    33.6965       
# span 7 =    24.8216,    26.2615       
# span 8 = 0.0000e+00, 0.0000e+00       
# interval = decibars: 1                
# start_time = Jul 19 2023 17:30:03 [Instrument's time stamp, header]
# bad_flag = -9.990e-29
*END*
 200.733113      1.000  37.908136    12.2159     6.5281      0.992    32.7759    24.8216 0.0000e+00
 200.733142      2.000  37.684173    11.9257     6.3497      1.983    32.8142    24.9057 0.0000e+00
 200.733165      3.000  37.586568    11.7779     6.3166      2.975    32.8494    24.9605 0.0000e+00
 200.733186      4.000  37.549554    11.7375     6.1916      3.967    32.8487    24.9674 0.0000e+00
 200.733208      5.000  37.467362    11.6346     6.1870      4.958    32.8593    24.9946 0.0000e+00
 200.733230      6.000  37.403804    11.5170     5.4550      5.950    32.9011    25.0486 0.0000e+00
 200.733252      7.000  37.095454    11.0433     4.8401      6.942    33.0206    25.2266 0.0000e+00
 200.733274      8.000  36.416630    10.3269     4.7326      7.933    32.9897    25.3277 0.0000e+00
 200.733297      9.000  36.272950    10.0595     4.2382      8.925    33.0878    25.4492 0.0000e+00
 200.733316     10.000  35.941765     9.5677     3.9212      9.916    33.2018    25.6195 0.0000e+00
 200.733337     11.000  35.697693     9.2763     3.7064     10.908    33.2202    25.6810 0.0000e+00
 200.733359     12.000  35.510669     9.0099     3.6525     11.900    33.2742    25.7656 0.0000e+00
 200.733381     13.000  35.438728     8.8967     3.3948     12.891    33.3049    25.8073 0.0000e+00
 200.733402     14.000  35.325211     8.7119     3.1934     13.883    33.3594    25.8787 0.0000e+00
 200.733424     15.000  35.194929     8.4931     3.1038     14.874    33.4287    25.9665 0.0000e+00
 200.733446     16.000  35.139952     8.3854     3.0812     15.866    33.4724    26.0170 0.0000e+00
 200.733469     17.000  35.112391     8.3456     3.0884     16.857    33.4806    26.0295 0.0000e+00
 200.733494     18.000  35.093938     8.3175     3.0532     17.849    33.4874    26.0391 0.0000e+00
 200.733518     19.000  35.087424     8.3005     3.0366     18.840    33.4962    26.0486 0.0000e+00
 200.733542     20.000  35.076413     8.2818     3.0181     19.832    33.5018    26.0558 0.0000e+00
 200.733564     21.000  35.060341     8.2461     2.9948     20.824    33.5184    26.0741 0.0000e+00
 200.733587     22.000  35.053212     8.2300     2.9679     21.815    33.5257    26.0822 0.0000e+00
 200.733612     23.000  35.036738     8.1930     2.9451     22.807    33.5431    26.1014 0.0000e+00
 200.733634     24.000  35.028964     8.1713     2.9483     23.798    33.5551    26.1141 0.0000e+00
 200.733656     25.000  35.025517     8.1610     2.9340     24.790    33.5609    26.1202 0.0000e+00
 200.733678     26.000  35.029421     8.1660     2.9349     25.781    33.5597    26.1186 0.0000e+00
 200.733704     27.000  35.026388     8.1548     2.8969     26.773    33.5667    26.1258 0.0000e+00
 200.733725     28.000  35.021742     8.1457     2.9190     27.765    33.5701    26.1297 0.0000e+00
 200.733750     29.000  35.021617     8.1414     2.8978     28.756    33.5736    26.1332 0.0000e+00
 200.733774     30.000  35.013074     8.1146     2.8778     29.747    33.5896    26.1497 0.0000e+00
 200.733797     31.000  35.005162     8.0917     2.8572     30.739    33.6027    26.1634 0.0000e+00
 200.733822     32.000  34.997386     8.0654     2.8541     31.730    33.6191    26.1802 0.0000e+00
 200.733846     33.000  34.991206     8.0468     2.8414     32.722    33.6300    26.1915 0.0000e+00
 200.733869     34.000  34.992375     8.0460     2.8437     33.714    33.6315    26.1928 0.0000e+00
 200.733892     35.000  34.988481     8.0394     2.8200     34.705    33.6332    26.1952 0.0000e+00
 200.733917     36.000  34.984513     8.0275     2.7738     35.696    33.6400    26.2023 0.0000e+00
 200.733939     37.000  34.970027     7.9961     2.7354     36.688    33.6543    26.2180 0.0000e+00
 200.733963     38.000  34.954276     7.9596     2.7379     37.680    33.6720    26.2375 0.0000e+00
 200.733992     39.000  34.947770     7.9265     2.7245     38.671    33.6965    26.2615 0.0000e+00
