data/oxygen options/ONMS/Olympic_Coast_National_Marine_Sanctuary_CTD_Data_2005_2023/raw_data/2023/CAST_CE015_230928faed.cnv
* Sea-Bird SBE 19 Data File:
* FileName = C:\Users\OCNMS.Inst\Documents\2023 Mooring Data\Casts\CAST_CE015_230928.hex
* Software Version SeatermAF 2.1.4.55
* Temperature SN = 2997
* Conductivity SN = 2997
* System UpLoad Time = Sep 28 2023 21:31:47 (localtime) = Sep 28 2023 21:31:47 (UTC)
** CAST_CE015_230928
* ds
# nquan = 9                                 
# nvalues = 1265                        
# units = specified
# name 0 = timeJ: Julian Days
# name 1 = prSM: Pressure, Strain Gauge [db]
# name 2 = c0mS/cm: Conductivity [mS/cm]
# name 3 = t090C: Temperature [ITS-90, deg C]
# name 4 = sbeox0ML/L: Oxygen, SBE 43 [ml/l]
# name 5 = depSM: Depth [salt water, m], lat = 47.5
# name 6 = sal00: Salinity, Practical [PSU]
# name 7 = sigma-é00: Density [sigma-theta, kg/m^3]
# name 8 = flag: flag
# span 0 = 271.882234, 271.889549       
# span 1 =     -6.213,     13.678       
# span 2 =   0.690314,  37.497275       
# span 3 =    14.1479,    21.9678       
# span 4 =    -1.6476,    12.5340       
# span 5 =     -6.161,     13.563       
# span 6 =     0.3633,    30.7676       
# span 7 =    -1.9252,    22.8883       
# span 8 = 0.0000e+00, 0.0000e+00       
# interval = seconds: 0.5
# start_time = Sep 28 2023 21:10:25 [Instrument's time stamp, header]
# bad_flag = -9.990e-29
*END*
[from data line 1121]
 271.888721      0.488  36.268061    14.8472     6.1009      0.484    29.1271    21.4813 -9.990e-29
 271.888727      0.494  36.248108    14.8462     6.1147      0.490    29.1101    21.4684 -9.990e-29
 271.888733      0.498  36.256396    14.8528     6.1012      0.494    29.1126    21.4689 -9.990e-29
 271.888738      0.496  36.279877    14.8587     6.0665      0.492    29.1291    21.4804 -9.990e-29
 271.888744      0.492  36.298324    14.8618     6.0317      0.488    29.1432    21.4907 -9.990e-29
 271.888750      0.491  36.311677    14.8655     6.0166      0.487    29.1524    21.4969 -9.990e-29
 271.888756      0.491  36.321486    14.8689     6.0351      0.487    29.1586    21.5010 -9.990e-29
 271.888762      0.494  36.326257    14.8672     6.0727      0.490    29.1641    21.5056 -9.990e-29
 271.888767      0.500  36.325616    14.8541     6.0941      0.496    29.1733    21.5154 -9.990e-29
 271.888773      0.507  36.316453    14.8277     6.0905      0.503    29.1849    21.5298 -9.990e-29
 271.888779      0.519  36.299977    14.8028     6.0612      0.515    29.1888    21.5379 -9.990e-29
 271.888785      0.529  36.288365    14.7974     6.0469      0.525    29.1825    21.5342 -9.990e-29
 271.888791      0.532  36.291314    14.8119     6.0382      0.528    29.1742    21.5249 -9.990e-29
 271.888796      0.526  36.307133    14.8406     6.0492      0.522    29.1669    21.5133 -9.990e-29
 271.888802      0.521  36.333937    14.8766     6.0707      0.517    29.1639    21.5035 -9.990e-29
 271.888808      0.519  36.360411    14.8999     6.0339      0.515    29.1701    21.5034 -9.990e-29
 271.888814      0.522  36.361922    14.8967     6.0680      0.518    29.1738    21.5069 -9.990e-29
 271.888819      0.529  36.343276    14.8809     6.0662      0.525    29.1690    21.5065 -9.990e-29
 271.888825      0.540  36.333366    14.8718     6.0633      0.535    29.1670    21.5068 -9.990e-29
 271.888831      0.552  36.335764    14.8738     6.0822      0.547    29.1676    21.5069 -9.990e-29
 271.888837      0.557  36.340203    14.8823     6.0355      0.552    29.1652    21.5033 -9.990e-29
 271.888843      0.552  36.345306    14.8899     6.0702      0.547    29.1641    21.5009 -9.990e-29
 271.888848      0.540  36.349460    14.8929     6.0702      0.535    29.1656    21.5014 -9.990e-29
 271.888854      0.529  36.350913    14.8911     6.0597      0.525    29.1682    21.5038 -9.990e-29
 271.888860      0.522  36.347110    14.8861     6.0590      0.518    29.1685    21.5051 -9.990e-29
 271.888866      0.520  36.338566    14.8823     6.0329      0.516    29.1638    21.5022 -9.990e-29
 271.888872      0.517  36.335154    14.8794     6.0293      0.513    29.1629    21.5021 -9.990e-29
 271.888877      0.510  36.336788    14.8743     6.0341      0.506    29.1682    21.5072 -9.990e-29
 271.888883      0.501  36.334988    14.8648     6.0393      0.497    29.1737    21.5134 -9.990e-29
 271.888889      0.496  36.334062    14.8509     6.0509      0.492    29.1832    21.5237 -9.990e-29
 271.888895      0.493  36.334439    14.8393     6.0534      0.489    29.1922    21.5330 -9.990e-29
 271.888900      0.492  36.329884    14.8339     6.0643      0.488    29.1922    21.5341 -9.990e-29
 271.888906      0.493  36.327746    14.8299     6.0609      0.489    29.1933    21.5358 -9.990e-29
 271.888912      0.497  36.331878    14.8239     6.0531      0.493    29.2015    21.5433 -9.990e-29
 271.888918      0.503  36.336572    14.8187     6.0444      0.499    29.2096    21.5506 -9.990e-29
 271.888924      0.512  36.340234    14.8181     6.0396      0.508    29.2133    21.5536 -9.990e-29
 271.888929      0.520  36.341569    14.8209     6.0498      0.516    29.2124    21.5523 -9.990e-29
 271.888935      0.524  36.337299    14.8233     6.0498      0.520    29.2067    21.5475 -9.990e-29
 271.888941      0.523  36.330676    14.8263     6.0516      0.519    29.1986    21.5406 -9.990e-29
 271.888947      0.518  36.330776    14.8314     6.0370      0.514    29.1949    21.5367 -9.990e-29
 271.888953      0.513  36.337718    14.8345     6.0312      0.509    29.1987    21.5390 -9.990e-29
 271.888958      0.511  36.343385    14.8296     6.0325      0.507    29.2075    21.5468 -9.990e-29
 271.888964      0.512  36.342437    14.8185     6.0345      0.508    29.2149    21.5548 -9.990e-29
 271.888970      0.517  36.336956    14.8090     6.0519      0.513    29.2172    21.5585 -9.990e-29
 271.888976      0.526  36.332500    14.8040     6.0685      0.522    29.2169    21.5593 -9.990e-29
 271.888981      0.540  36.328149    14.8002     6.0671      0.535    29.2159    21.5593 -9.990e-29
 271.888987      0.558  36.322006    14.7955     6.0567      0.553    29.2139    21.5588 -9.990e-29
 271.888993      0.579  36.317623    14.7937     6.0294      0.574    29.2113    21.5572 -9.990e-29
 271.888999      0.594  36.318102    14.7993     6.0323      0.589    29.2076    21.5531 -9.990e-29
 271.889005      0.601  36.323505    14.8110     6.0387      0.596    29.2036    21.5477 -9.990e-29
 271.889010      0.600  36.329819    14.8219     6.0629      0.595    29.2011    21.5435 -9.990e-29
 271.889016      0.591  36.332007    14.8269     6.0841      0.586    29.1993    21.5411 -9.990e-29
 271.889022      0.578  36.329615    14.8238     6.0432      0.573    29.1995    21.5418 -9.990e-29
 271.889028      0.568  36.325041    14.8129     6.0786      0.563    29.2036    21.5472 -9.990e-29
 271.889034      0.565  36.321694    14.8019     6.0910      0.560    29.2088    21.5536 -9.990e-29
 271.889039      0.564  36.322937    14.7991     6.1028      0.559    29.2120    21.5566 -9.990e-29
 271.889045      0.562  36.327048    14.8054     6.1158      0.557    29.2110    21.5545 -9.990e-29
 271.889051      0.562  36.330531    14.8235     6.0901      0.557    29.2005    21.5427 -9.990e-29
 271.889057      0.565  36.338575    14.8523     6.1080      0.560    29.1862    21.5257 -9.990e-29
 271.889063      0.566  36.351248    14.8764     6.0968      0.561    29.1795    21.5155 -9.990e-29
 271.889068      0.565  36.354636    14.8880     6.0987      0.560    29.1738    21.5087 -9.990e-29
 271.889074      0.563  36.347085    14.8924     6.0967      0.558    29.1638    21.5001 -9.990e-29
 271.889080      0.563  36.339238    14.8928     6.0933      0.558    29.1565    21.4944 -9.990e-29
 271.889086      0.570  36.334619    14.8912     6.1033      0.565    29.1536    21.4925 -9.990e-29
 271.889091      0.584  36.331536    14.8890     6.1082      0.579    29.1525    21.4921 -9.990e-29
 271.889097      0.601  36.326425    14.8845     6.1130      0.596    29.1513    21.4921 -9.990e-29
 271.889103      0.615  36.316935    14.8769     6.1021      0.610    29.1485    21.4916 -9.990e-29
 271.889109      0.622  36.306076    14.8697     6.0975      0.617    29.1442    21.4898 -9.990e-29
 271.889115      0.622  36.299517    14.8668     6.0803      0.617    29.1405    21.4875 -9.990e-29
 271.889120      0.616  36.300255    14.8682     6.0646      0.611    29.1401    21.4869 -9.990e-29
 271.889126      0.603  36.305897    14.8730     6.0682      0.598    29.1416    21.4871 -9.990e-29
 271.889132      0.586  36.313310    14.8806     6.0825      0.581    29.1425    21.4862 -9.990e-29
 271.889138      0.572  36.323965    14.8889     6.1067      0.567    29.1458    21.4870 -9.990e-29
 271.889144      0.566  36.335811    14.8997     6.1241      0.561    29.1483    21.4867 -9.990e-29
 271.889149      0.567  36.342790    14.9155     6.1363      0.562    29.1427    21.4791 -9.990e-29
 271.889155      0.576  36.338510    14.9274     6.1451      0.571    29.1301    21.4669 -9.990e-29
 271.889161      0.587  36.328451    14.9321     6.1514      0.582    29.1176    21.4563 -9.990e-29
 271.889167      0.594  36.332234    14.9352     6.1343      0.589    29.1187    21.4565 -9.990e-29
 271.889172      0.592  36.348168    14.9443     6.1183      0.587    29.1261    21.4603 -9.990e-29
 271.889178      0.581  36.367801    14.9726     6.0942      0.576    29.1224    21.4516 -9.990e-29
 271.889184      0.566  36.387612    15.0186     6.0789      0.561    29.1058    21.4292 -9.990e-29
 271.889190      0.554  36.398718    15.0622     6.0781      0.549    29.0833    21.4027 -9.990e-29
 271.889196      0.547  36.404156    15.0909     6.0915      0.542    29.0668    21.3841 -9.990e-29
 271.889201      0.546  36.408931    15.1055     6.1084      0.541    29.0602    21.3759 -9.990e-29
 271.889207      0.551  36.416236    15.1028     6.0637      0.546    29.0687    21.3830 -9.990e-29
 271.889213      0.558  36.425728    15.0823     6.0412      0.553    29.0923    21.4055 -9.990e-29
 271.889219      0.563  36.428404    15.0600     6.0332      0.558    29.1112    21.4247 -9.990e-29
 271.889225      0.569  36.420544    15.0461     6.0519      0.564    29.1146    21.4302 -9.990e-29
 271.889230      0.584  36.404171    15.0380     6.0785      0.579    29.1061    21.4254 -9.990e-29
 271.889236      0.597  36.394973    15.0314     6.0079      0.592    29.1028    21.4242 -9.990e-29
 271.889242      0.598  36.407005    15.0202     6.0245      0.593    29.1218    21.4412 -9.990e-29
 271.889248      0.587  36.419904    15.0074     6.0098      0.582    29.1428    21.4600 -9.990e-29
 271.889253      0.571  36.421747    15.0115     6.0130      0.566    29.1414    21.4581 -9.990e-29
 271.889259      0.562  36.431229    15.0682     6.0241      0.557    29.1077    21.4202 -9.990e-29
 271.889265      0.569  36.480031    15.1660     6.0065      0.564    29.0783    21.3771 -9.990e-29
 271.889271      0.587  36.536329    15.2235     6.0114      0.582    29.0855    21.3705 -9.990e-29
 271.889277      0.609  36.523982    15.2109     6.0375      0.604    29.0839    21.3720 -9.990e-29
 271.889282      0.627  36.482559    15.1549     6.0626      0.622    29.0888    21.3875 -9.990e-29
 271.889288      0.640  36.458213    15.0800     6.0550      0.635    29.1228    21.4294 -9.990e-29
 271.889294      0.646  36.421837    15.0186     6.0494      0.641    29.1362    21.4526 -9.990e-29
 271.889300      0.648  36.390444    14.9835     6.0486      0.643    29.1344    21.4585 -9.990e-29
 271.889306      0.645  36.386565    14.9696     6.0514      0.640    29.1413    21.4668 -9.990e-29
 271.889311      0.636  36.396619    14.9772     6.0553      0.631    29.1446    21.4677 -9.990e-29
 271.889317      0.626  36.421124    15.0126     6.0689      0.621    29.1400    21.4568 -9.990e-29
 271.889323      0.618  36.471469    15.0619     6.0767      0.613    29.1480    21.4526 -9.990e-29
 271.889329      0.612  36.521812    15.1017     6.0760      0.607    29.1631    21.4558 -9.990e-29
 271.889334      0.603  36.535114    15.1494     6.0983      0.598    29.1394    21.4276 -9.990e-29
 271.889340      0.582  36.535843    15.2152     6.0956      0.577    29.0912    21.3767 -9.990e-29
 271.889346      0.551  36.550179    15.2691     6.0624      0.546    29.0640    21.3444 -9.990e-29
 271.889352      0.522  36.560278    15.2935     5.9908      0.518    29.0549    21.3322 -9.990e-29
 271.889358      0.498  36.552737    15.2926     5.9141      0.494    29.0489    21.3278 -9.990e-29
 271.889363      0.475  36.535996    15.2713     5.8888      0.471    29.0499    21.3330 -9.990e-29
 271.889369      0.450  36.526381    15.2376     6.8217      0.446    29.0663    21.3528 -9.990e-29
 271.889375      0.416  36.522831    15.2090     6.8307      0.413    29.0844    21.3727 -9.990e-29
 271.889381      0.375  36.518928    15.1861     6.6685      0.372    29.0979    21.3879 -9.990e-29
 271.889387      0.329  36.514503    15.1520     6.4496      0.326    29.1193    21.4116 -9.990e-29
 271.889392      0.278  36.504771    15.1116     6.2191      0.276    29.1407    21.4365 -9.990e-29
 271.889398      0.230  36.476755    15.0800     6.0638      0.228    29.1394    21.4421 -9.990e-29
 271.889404      0.183  36.394213    15.0549     6.0237      0.181    29.0848    21.4055 -9.990e-29
 271.889410      0.141  36.148203    15.0269     6.0347      0.140    28.8873    21.2595 -9.990e-29
 271.889416      0.105  35.411827    14.9892     6.0536      0.104    28.2624    20.7868 -9.990e-29
 271.889421      0.072  33.207167    14.9420     6.0714      0.071    26.3520    19.3283 -9.990e-29
 271.889427      0.044  26.598596    14.8901     6.0929      0.044    20.6620    14.9713 -9.990e-29
 271.889433      0.024  16.397707    14.8366     6.1118      0.024    12.2003     8.4969 -9.990e-29
 271.889439      0.011   9.012594    14.7842     6.1359      0.011     6.3974     4.0583 -9.990e-29
 271.889444     -0.000   6.014836    14.7355     6.1565     -0.000     4.1515     2.3418 -9.990e-29
 271.889450     -0.015   4.954489    14.6927     6.1750     -0.015     3.3787     1.7543 -9.990e-29
 271.889456     -0.030   4.913801    14.6574     6.1939     -0.030     3.3521     1.7393 -9.990e-29
 271.889462     -0.041   5.219684    14.6248     6.1923     -0.041     3.5781     1.9182 -9.990e-29
 271.889468     -0.050   5.336107    14.5900     6.2095     -0.050     3.6666     1.9916 -9.990e-29
 271.889473     -0.057   5.192740    14.5522     6.2075     -0.057     3.5650     1.9193 -9.990e-29
 271.889479     -0.063   4.970152    14.5104     6.1863     -0.062     3.4058     1.8032 -9.990e-29
 271.889485     -0.067   4.780492    14.4677     6.2124     -0.066     3.2710     1.7060 -9.990e-29
 271.889491     -0.070   4.591995    14.4276     6.2047     -0.069     3.1370     1.6088 -9.990e-29
 271.889497     -0.073   4.358865    14.3899 -9.990e-29     -0.072     2.9706     1.4864 -9.990e-29
 271.889502     -0.075   4.094095    14.3520 -9.990e-29     -0.074     2.7817     1.3465 -9.990e-29
 271.889508     -0.076   3.810673    14.3115 -9.990e-29     -0.075     2.5801     1.1972 -9.990e-29
 271.889514     -0.078   3.574409    14.2724 -9.990e-29     -0.077     2.4130     1.0742 -9.990e-29
 271.889520     -0.078   3.519501    14.2405 -9.990e-29     -0.077     2.3756     1.0500 -9.990e-29
 271.889525     -0.079   3.625483    14.2189 -9.990e-29     -0.078     2.4529     1.1129 -9.990e-29
 271.889531     -0.080   3.770481    14.2082 -9.990e-29     -0.079     2.5579     1.1954 -9.990e-29
 271.889537     -0.080   3.975145    14.2054 -9.990e-29     -0.079     2.7059     1.3099 -9.990e-29
 271.889543     -0.080   4.116930    14.2054 -9.990e-29     -0.079     2.8087     1.3891 -9.990e-29
 271.889549     -0.080   4.062199 -9.990e-29 -9.990e-29     -0.079 -9.990e-29 -9.990e-29 -9.990e-29
