data/oxygen options/OCNMS/OCNMS1/raw_data/2013/CAST_CA042_130603faedb.cnv
* Sea-Bird SBE19 Data File:
* FileName = C:\2013 Mooring Data\Deployment Casts\CAST_CA042_130603.hex
* Software Version 1.59
* Temperature SN = 2997
* Conductivity SN = 2997
* System UpLoad Time = Jun 03 2013 15:22:47
** CAST_CA042_130603
* ds
# nquan = 9
# nvalues = 41                          
# units = specified
# name 0 = timeJ: Julian Days
# name 1 = prSM: Pressure, Strain Gauge [db]
# name 2 = c0mS/cm: Conductivity [mS/cm]
# name 3 = t090C: Temperature [ITS-90, deg C]
# name 4 = sbeox0ML/L: Oxygen, SBE 43 [ml/l]
# name 5 = depSM: Depth [salt water, m], lat = 47.5
# name 6 = sal00: Salinity, Practical [PSU]
# name 7 = sigma-é00: Density [sigma-theta, kg/m^3]
# name 8 = flag: flag
# span 0 = 154.584129, 154.584917       
# span 1 =      2.000,     42.000       
# span 2 =  31.403690,  35.991817       
# span 3 =     7.2748,    14.1678       
# span 4 =     2.4756,     6.9738       
# span 5 =      1.983,     41.645       
# span 6 =    25.2719,    33.6014       
# span 7 =    18.6516,    26.2797       
# span 8 = 0.0000e+00, 0.0000e+00       
# interval = decibars: 1                
# start_time = Jun 03 2013 13:53:57 [Instrument's time stamp, header]
# bad_flag = -9.990e-29
*END*
 154.584129      2.000  31.403690    14.1678     6.9738      1.983    25.2719    18.6516 0.0000e+00
 154.584156      3.000  31.483307    14.0699     6.7981      2.975    25.4067    18.7743 0.0000e+00
 154.584175      4.000  31.624258    13.9364     6.4302      3.967    25.6204    18.9645 0.0000e+00
 154.584192      5.000  31.988579    13.3359     6.5551      4.958    26.3580    19.6467 0.0000e+00
 154.584211      6.000  33.577870    12.5511     6.6392      5.950    28.3893    21.3615 0.0000e+00
 154.584242      7.000  33.778109    12.6880     6.6735      6.941    28.4746    21.4022 0.0000e+00
 154.584266      8.000  35.005328    12.3916     6.5057      7.933    29.8553    22.5254 0.0000e+00
 154.584284      9.000  35.955700    12.1609     6.4036      8.924    30.9467    23.4136 0.0000e+00
 154.584300     10.000  35.991817    11.6876     6.0910      9.916    31.3765    23.8335 0.0000e+00
 154.584318     11.000  35.779521    11.4497     5.0211     10.908    31.3713    23.8723 0.0000e+00
 154.584338     12.000  35.188413    10.6456     4.8783     11.899    31.4763    24.0936 0.0000e+00
 154.584361     13.000  34.558506    10.0816     4.6599     12.891    31.3342    24.0779 0.0000e+00
 154.584388     14.000  34.424595     9.5801     4.5980     13.883    31.6360    24.3945 0.0000e+00
 154.584417     15.000  34.368446     9.4338     4.5751     14.874    31.7074    24.4736 0.0000e+00
 154.584440     16.000  34.354506     9.3943     4.4434     15.866    31.7277    24.4956 0.0000e+00
 154.584460     17.000  34.328517     9.3578     4.1399     16.857    31.7330    24.5056 0.0000e+00
 154.584481     18.000  34.321277     9.0412     3.9304     17.849    32.0085    24.7702 0.0000e+00
 154.584503     19.000  34.304752     8.7622     3.8405     18.841    32.2430    24.9966 0.0000e+00
 154.584526     20.000  34.303558     8.6341     3.6765     19.832    32.3581    25.1062 0.0000e+00
 154.584544     21.000  34.277565     8.3212     3.5834     20.824    32.6184    25.3571 0.0000e+00
 154.584558     22.000  34.283503     8.1969     3.5759     21.815    32.7399    25.4708 0.0000e+00
 154.584574     23.000  34.295225     8.1157     3.5701     22.807    32.8278    25.5516 0.0000e+00
 154.584593     24.000  34.295187     8.0924     3.6159     23.798    32.8491    25.5718 0.0000e+00
 154.584611     25.000  34.307300     8.0553     3.5178     24.790    32.8964    25.6143 0.0000e+00
 154.584628     26.000  34.309772     8.0251     3.5038     25.781    32.9269    25.6427 0.0000e+00
 154.584643     27.000  34.316024     7.9969     3.5023     26.773    32.9597    25.6725 0.0000e+00
 154.584662     28.000  34.325199     7.9958     3.4795     27.764    32.9701    25.6809 0.0000e+00
 154.584682     29.000  34.323667     7.9485     3.5058     28.756    33.0126    25.7211 0.0000e+00
 154.584698     30.000  34.302643     7.8829     3.5096     29.747    33.0517    25.7613 0.0000e+00
 154.584714     31.000  34.261633     7.8024     3.4982     30.739    33.0836    25.7980 0.0000e+00
 154.584729     32.000  34.230777     7.7239     3.4836     31.730    33.1246    25.8415 0.0000e+00
 154.584746     33.000  34.205567     7.6941     3.4686     32.722    33.1253    25.8463 0.0000e+00
 154.584763     34.000  34.193662     7.6153     3.1074     33.714    33.1873    25.9062 0.0000e+00
 154.584778     35.000  34.166046     7.4695     2.7797     34.705    33.2964    26.0126 0.0000e+00
 154.584792     36.000  34.202120     7.3772     2.6315     35.696    33.4240    26.1259 0.0000e+00
 154.584807     37.000  34.242899     7.3331     2.5249     36.688    33.5104    26.2000 0.0000e+00
 154.584823     38.000  34.258300     7.2985     2.5375     37.680    33.5601    26.2440 0.0000e+00
 154.584839     39.000  34.273772     7.2791     2.4756     38.671    33.5954    26.2745 0.0000e+00
 154.584856     40.000  34.275901     7.2748     2.5003     39.663    33.6014    26.2797 0.0000e+00
 154.584874     41.000  34.278139     7.2773     2.5144     40.654    33.6010    26.2791 0.0000e+00
 154.584917     42.000  34.277911     7.2814     2.5251     41.645    33.5962    26.2748 0.0000e+00
