data/oxygen options/OCNMS/OCNMS1/raw_data/2013/CAST_MB042_131011faed.cnv
* Sea-Bird SBE19 Data File:
* FileName = C:\2013 Mooring Data\Recovery\Casts\CAST_MB042_131011.hex
* Software Version 1.59
* Temperature SN = 2997
* Conductivity SN = 2997
* System UpLoad Time = Oct 11 2013 13:59:33
** CAST_MB042_131011
* ds
# nquan = 9                                 
# nvalues = 1095                        
# units = specified
# name 0 = timeJ: Julian Days
# name 1 = prSM: Pressure, Strain Gauge [db]
# name 2 = c0mS/cm: Conductivity [mS/cm]
# name 3 = t090C: Temperature [ITS-90, deg C]
# name 4 = sbeox0ML/L: Oxygen, SBE 43 [ml/l]
# name 5 = depSM: Depth [salt water, m], lat = 47.5
# name 6 = sal00: Salinity, Practical [PSU]
# name 7 = sigma-é00: Density [sigma-theta, kg/m^3]
# name 8 = flag: flag
# span 0 = 284.422558, 284.428889       
# span 1 =     -4.896,     42.840       
# span 2 =   0.244171,  37.502942       
# span 3 =     8.2567,    13.8546       
# span 4 =    -1.8438,     9.6367       
# span 5 =     -4.855,     42.478       
# span 6 =     0.1548,    33.2445       
# span 7 =    -0.4255,    25.8576       
# span 8 = 0.0000e+00, 0.0000e+00       
# interval = seconds: 0.5
# start_time = Oct 11 2013 10:08:29 [Instrument's time stamp, header]
# bad_flag = -9.990e-29
*END*
[from data line 481]
 284.425341      0.130   0.509956    12.6919    -1.8309      0.129     0.3267    -0.3276 -9.990e-29
 284.425347      0.131   0.510049    12.6893    -1.8311      0.130     0.3268    -0.3272 -9.990e-29
 284.425353      0.132   0.511982    12.6847    -1.8311      0.131     0.3281    -0.3256 -9.990e-29
 284.425359      0.133   0.514456    12.6780    -1.8313      0.132     0.3298    -0.3235 -9.990e-29
 284.425365      0.134   0.515785    12.6693    -1.8314      0.133     0.3308    -0.3217 -9.990e-29
 284.425370      0.134   0.516078    12.6588    -1.8316      0.133     0.3311    -0.3201 -9.990e-29
 284.425376      0.135   0.515726    12.6480    -1.8317      0.134     0.3309    -0.3189 -9.990e-29
 284.425382      0.135   0.514814    12.6375    -1.8317      0.134     0.3304    -0.3180 -9.990e-29
 284.425388      0.135   0.513785    12.6276    -1.8317      0.134     0.3298    -0.3173 -9.990e-29
 284.425394      0.135   0.512931    12.6191    -1.8315      0.134     0.3293    -0.3166 -9.990e-29
 284.425399      0.136   0.512221    12.6130    -1.8313      0.135     0.3289    -0.3162 -9.990e-29
 284.425405      0.136   0.511815    12.6088    -1.8312      0.135     0.3286    -0.3159 -9.990e-29
 284.425411      0.136   0.511726    12.6049    -1.8313      0.135     0.3286    -0.3154 -9.990e-29
 284.425417      0.136   0.511837    12.6006    -1.8316      0.135     0.3287    -0.3148 -9.990e-29
 284.425422      0.136   0.512294    12.5966    -1.8316      0.135     0.3291    -0.3141 -9.990e-29
 284.425428      0.136   0.513152    12.5942    -1.8317      0.135     0.3297    -0.3133 -9.990e-29
 284.425434      0.136   0.513896    12.5941    -1.8320      0.135     0.3302    -0.3129 -9.990e-29
 284.425440      0.137   0.513853    12.5958    -1.8322      0.136     0.3301    -0.3131 -9.990e-29
 284.425446      0.137   0.512967    12.5988    -1.8325      0.136     0.3295    -0.3140 -9.990e-29
 284.425451      0.137   0.512271    12.6017    -1.8329      0.136     0.3290    -0.3147 -9.990e-29
 284.425457      0.137   0.513053    12.6027    -1.8333      0.136     0.3295    -0.3144 -9.990e-29
 284.425463      0.137   0.514695    12.6012    -1.8334      0.136     0.3306    -0.3134 -9.990e-29
 284.425469      0.138   0.514955    12.5983    -1.8337      0.137     0.3308    -0.3129 -9.990e-29
 284.425475      0.138   0.513073    12.5953    -1.8337      0.137     0.3296    -0.3135 -9.990e-29
 284.425480      0.139   0.510414    12.5914    -1.8337      0.138     0.3279    -0.3144 -9.990e-29
 284.425486      0.140   0.508419    12.5857    -1.8335      0.139     0.3266    -0.3147 -9.990e-29
 284.425492      0.141   0.507752    12.5785    -1.8333      0.140     0.3262    -0.3141 -9.990e-29
 284.425498      0.142   0.508077    12.5700    -1.8337      0.141     0.3265    -0.3128 -9.990e-29
 284.425503      0.144   0.508165    12.5608    -1.8339      0.143     0.3266    -0.3116 -9.990e-29
 284.425509      0.147   0.507026    12.5525    -1.8342      0.146     0.3259    -0.3111 -9.990e-29
 284.425515      0.150   0.505356    12.5460    -1.8342      0.149     0.3249    -0.3111 -9.990e-29
 284.425521      0.154   0.504807    12.5416    -1.8343      0.153     0.3246    -0.3109 -9.990e-29
 284.425527      0.159   0.505754    12.5397    -1.8343      0.158     0.3252    -0.3101 -9.990e-29
 284.425532      0.165   0.507243    12.5404    -1.8343      0.164     0.3262    -0.3094 -9.990e-29
 284.425538      0.169   0.507939    12.5424    -1.8340      0.168     0.3266    -0.3093 -9.990e-29
 284.425544      0.167   0.507108    12.5423    -1.8340      0.166     0.3261    -0.3098 -9.990e-29
 284.425550      0.162   0.505303    12.5382    -1.8339      0.161     0.3249    -0.3102 -9.990e-29
 284.425556      0.160   0.503440    12.5328    -1.8338      0.159     0.3237    -0.3104 -9.990e-29
 284.425561      0.158   0.501805    12.5281    -1.8338      0.157     0.3227    -0.3107 -9.990e-29
 284.425567      0.158   0.500433    12.5247    -1.8338      0.157     0.3218    -0.3110 -9.990e-29
 284.425573      0.160   0.499709    12.5231    -1.8337      0.159     0.3213    -0.3111 -9.990e-29
 284.425579      0.163   0.499776    12.5230    -1.8335      0.162     0.3214    -0.3111 -9.990e-29
 284.425584      0.167   0.500170    12.5245    -1.8330      0.166     0.3216    -0.3111 -9.990e-29
 284.425590      0.174   0.500308    12.5276    -1.8329      0.173     0.3217    -0.3114 -9.990e-29
 284.425596      0.183   0.499821    12.5311    -1.8329      0.181     0.3213    -0.3121 -9.990e-29
 284.425602      0.195   0.498614    12.5343    -1.8327      0.193     0.3205    -0.3131 -9.990e-29
 284.425608      0.206   0.496738    12.5366    -1.8327      0.204     0.3192    -0.3144 -9.990e-29
 284.425613      0.214   0.494462    12.5383    -1.8328      0.212     0.3177    -0.3158 -9.990e-29
 284.425619      0.217   0.492074    12.5402    -1.8327      0.215     0.3161    -0.3173 -9.990e-29
 284.425625      0.218   0.490268    12.5438    -1.8327      0.216     0.3149    -0.3187 -9.990e-29
 284.425631      0.215   0.489957    12.5498    -1.8329      0.213     0.3146    -0.3196 -9.990e-29
 284.425637      0.208   0.490727    12.5567    -1.8328      0.206     0.3151    -0.3201 -9.990e-29
 284.425642      0.202   0.491389    12.5614    -1.8329      0.200     0.3155    -0.3203 -9.990e-29
 284.425648      0.200   0.491719    12.5639    -1.8329      0.198     0.3157    -0.3205 -9.990e-29
 284.425654      0.202   0.492158    12.5659    -1.8337      0.200     0.3160    -0.3205 -9.990e-29
 284.425660      0.209   0.492737    12.5672    -1.8341      0.207     0.3163    -0.3204 -9.990e-29
 284.425666      0.220   0.493118    12.5675    -1.8342      0.218     0.3166    -0.3202 -9.990e-29
 284.425671      0.232   0.493256    12.5673    -1.8347      0.230     0.3167    -0.3201 -9.990e-29
 284.425677      0.241   0.493336    12.5667    -1.8353      0.239     0.3167    -0.3200 -9.990e-29
 284.425683      0.253   0.493465    12.5659    -1.8363      0.251     0.3168    -0.3198 -9.990e-29
 284.425689      0.269   0.493261    12.5653    -1.8374      0.267     0.3167    -0.3199 -9.990e-29
 284.425694      0.284   0.491896    12.5638    -1.8378      0.282     0.3158    -0.3204 -9.990e-29
 284.425700      0.299   0.489212    12.5581    -1.8376      0.297     0.3141    -0.3210 -9.990e-29
 284.425706      0.313   0.486063    12.5473    -1.8376      0.310     0.3121    -0.3213 -9.990e-29
 284.425712      0.321   0.483786    12.5358    -1.8376      0.318     0.3107    -0.3210 -9.990e-29
 284.425718      0.323   0.482671    12.5251    -1.8350      0.320     0.3100    -0.3202 -9.990e-29
 284.425723      0.324   0.481783    12.5114    -1.4991      0.321     0.3095    -0.3189 -9.990e-29
 284.425729      0.329   0.481049    12.4928    -1.4870      0.326     0.3092    -0.3169 -9.990e-29
 284.425735      0.338   0.481149    12.4709    -1.4842      0.335     0.3094    -0.3141 -9.990e-29
 284.425741      0.351   0.483327    12.4514    -1.4836      0.348     0.3110    -0.3105 -9.990e-29
 284.425747      0.369   0.492702    12.4416    -1.4814      0.366     0.3173    -0.3044 -9.990e-29
 284.425752      0.393   0.525650    12.4436    -1.4806      0.390     0.3393    -0.2875 -9.990e-29
 284.425758      0.425   0.628317    12.4597    -1.4815      0.421     0.4079    -0.2359 -9.990e-29
 284.425764      0.466   0.936486    12.5083    -1.4820      0.462     0.6170    -0.0788 -9.990e-29
 284.425770      0.516   1.861047    12.6517    -1.4819      0.512     1.2623     0.4053 -9.990e-29
 284.425775      0.573   4.638072    12.9607    -1.4812      0.568     3.2929     1.9384 -9.990e-29
 284.425781      0.641  12.865565    13.3489    -1.4810      0.636     9.7457     6.8566 -9.990e-29
 284.425787      0.723  25.094798    13.6266    -1.4810      0.717    20.0247    14.7154 -9.990e-29
 284.425793      0.822  33.178608    13.7542    -1.4816      0.815    27.1455    20.1744 -9.990e-29
 284.425799      0.934  35.846901    13.8059    -1.4833      0.926    29.5355    22.0072 -9.990e-29
 284.425804      1.058  36.777916    13.8277    -1.4817      1.049    30.3713    22.6477 -9.990e-29
 284.425810      1.190  37.159209    13.8362    -1.4809      1.180    30.7147    22.9110 0.0000e+00
 284.425816      1.320  37.310321    13.8380    -1.4808      1.309    30.8521    23.0167 -9.990e-29
 284.425822      1.440  37.335780    13.8378    -1.4816      1.428    30.8756    23.0349 -9.990e-29
 284.425828      1.544  37.330040    13.8380    -1.4819      1.531    30.8701    23.0306 -9.990e-29
 284.425833      1.631  37.345396    13.8392    -1.4823      1.617    30.8832    23.0405 -9.990e-29
 284.425839      1.702  37.375973    13.8417    -1.4815      1.688    30.9093    23.0601 -9.990e-29
 284.425845      1.765  37.391362    13.8445    -1.4812      1.750    30.9212    23.0687 -9.990e-29
 284.425851      1.828  37.372845    13.8458    -1.4809      1.813    30.9031    23.0545 -9.990e-29
 284.425856      1.889  37.320939    13.8456    -1.4808      1.873    30.8555    23.0178 -9.990e-29
 284.425862      1.932  37.287462    13.8455    -1.4809      1.916    30.8248    22.9942 -9.990e-29
 284.425868      1.957  37.320226    13.8463    -1.4815      1.941    30.8543    23.0167 -9.990e-29
 284.425874      1.973  37.370446    13.8477    -1.4826      1.957    30.8993    23.0512 -9.990e-29
 284.425880      1.986  37.378429    13.8486    -1.4825      1.969    30.9059    23.0561 -9.990e-29
 284.425885      1.997  37.349205    13.8484    -1.4818      1.980    30.8792    23.0356 -9.990e-29
 284.425891      2.007  37.317206    13.8483    -1.4810      1.990    30.8499    23.0129 -9.990e-29
 284.425897      2.016  37.312603    13.8489    -1.4808      1.999    30.8452    23.0092 -9.990e-29
 284.425903      2.024  37.338773    13.8499    -1.4809      2.007    30.8684    23.0269 -9.990e-29
 284.425909      2.033  37.372321    13.8505    -1.4814      2.016    30.8988    23.0502 -9.990e-29
 284.425914      2.042  37.395204    13.8502    -1.4815      2.025    30.9200    23.0667 -9.990e-29
 284.425920      2.052  37.400378    13.8491    -1.4827      2.035    30.9257    23.0713 -9.990e-29
 284.425926      2.065  37.380162    13.8474    -1.4822      2.048    30.9085    23.0583 -9.990e-29
 284.425932      2.076  37.334486    13.8463    -1.4811      2.059    30.8673    23.0268 -9.990e-29
 284.425937      2.082  37.290416    13.8466    -1.4814      2.065    30.8266    22.9953 -9.990e-29
 284.425943      2.083  37.287805    13.8473    -1.4819      2.066    30.8236    22.9929 -9.990e-29
 284.425949      2.080  37.328202    13.8480    -1.4816      2.063    30.8602    23.0210 -9.990e-29
 284.425955      2.080  37.374681    13.8492    -1.4809      2.063    30.9020    23.0530 -9.990e-29
 284.425961      2.093  37.397304    13.8504    -1.4808      2.076    30.9218    23.0680 -9.990e-29
 284.425966      2.114  37.389797    13.8502    -1.4810      2.096    30.9150    23.0628 -9.990e-29
 284.425972      2.137  37.362315    13.8487    -1.4807      2.119    30.8910    23.0446 -9.990e-29
 284.425978      2.155  37.324714    13.8471    -1.4816      2.137    30.8577    23.0192 -9.990e-29
 284.425984      2.164  37.296894    13.8470    -1.4817      2.146    30.8322    22.9995 -9.990e-29
 284.425990      2.165  37.311235    13.8482    -1.4811      2.147    30.8444    23.0087 -9.990e-29
 284.425995      2.157  37.344820    13.8489    -1.4810      2.139    30.8747    23.0320 -9.990e-29
 284.426001      2.146  37.349957    13.8483    -1.4810      2.128    30.8799    23.0361 -9.990e-29
 284.426007      2.134  37.342450    13.8476    -1.4809      2.116    30.8736    23.0314 -9.990e-29
 284.426013      2.121  37.359350    13.8476    -1.4810      2.103    30.8891    23.0434 -9.990e-29
 284.426019      2.109  37.391238    13.8478    -1.4812      2.091    30.9183    23.0658 -9.990e-29
 284.426024      2.104  37.409452    13.8481    -1.4809      2.086    30.9348    23.0785 -9.990e-29
 284.426030      2.103  37.412492    13.8483    -1.4810      2.085    30.9374    23.0805 -9.990e-29
 284.426036      2.104  37.401596    13.8487    -1.4809      2.086    30.9271    23.0725 -9.990e-29
 284.426042      2.101  37.376235    13.8490    -1.4810      2.083    30.9035    23.0542 -9.990e-29
 284.426047      2.095  37.365344    13.8498    -1.4812      2.078    30.8929    23.0458 -9.990e-29
 284.426053      2.084  37.380168    13.8511    -1.4814      2.067    30.9055    23.0553 -9.990e-29
 284.426059      2.074  37.395073    13.8523    -1.4813      2.057    30.9182    23.0649 -9.990e-29
 284.426065      2.067  37.400240    13.8528    -1.4810      2.050    30.9226    23.0681 -9.990e-29
 284.426071      2.062  37.400365    13.8524    -1.4808      2.045    30.9230    23.0686 -9.990e-29
 284.426076      2.061  37.396253    13.8516    -1.4808      2.044    30.9199    23.0663 -9.990e-29
 284.426082      2.062  37.394829    13.8508    -1.4811      2.045    30.9192    23.0659 -9.990e-29
 284.426088      2.065  37.399870    13.8500    -1.4815      2.048    30.9245    23.0702 -9.990e-29
 284.426094      2.071  37.404163    13.8493    -1.4815      2.054    30.9290    23.0738 -9.990e-29
 284.426100      2.081  37.404540    13.8492     7.4668      2.064    30.9294    23.0741 -9.990e-29
 284.426105      2.094  37.398777    13.8495     9.4346      2.077    30.9239    23.0698 -9.990e-29
 284.426111      2.108  37.387109    13.8493     9.6367      2.090    30.9133    23.0617 -9.990e-29
 284.426117      2.114  37.379829    13.8486     8.4683      2.096    30.9072    23.0571 -9.990e-29
 284.426123      2.109  37.386358    13.8478     5.7694      2.091    30.9138    23.0624 -9.990e-29
 284.426128      2.097  37.403707    13.8475     5.9308      2.079    30.9300    23.0749 -9.990e-29
 284.426134      2.086  37.416976    13.8478     6.0788      2.069    30.9420    23.0841 -9.990e-29
 284.426140      2.079  37.414232    13.8480     6.0897      2.062    30.9393    23.0820 -9.990e-29
 284.426146      2.075  37.396935    13.8479     6.0487      2.058    30.9235    23.0698 -9.990e-29
 284.426152      2.075  37.383006    13.8475     6.0009      2.058    30.9110    23.0603 -9.990e-29
 284.426157      2.074  37.401576    13.8473     5.9719      2.057    30.9282    23.0736 -9.990e-29
 284.426163      2.067  37.447221    13.8475     5.9512      2.050    30.9700    23.1058 -9.990e-29
 284.426169      2.060  37.480007    13.8480     5.9390      2.043    30.9998    23.1287 -9.990e-29
 284.426175      2.054  37.491051    13.8481     5.9239      2.037    31.0099    23.1365 -9.990e-29
 284.426181      2.051  37.494592    13.8482     5.9123      2.034    31.0131    23.1389 -9.990e-29
 284.426186      2.050  37.495988    13.8489     5.9076      2.033    31.0138    23.1393 -9.990e-29
 284.426192      2.051  37.496612    13.8497     5.9145      2.034    31.0137    23.1391 -9.990e-29
 284.426198      2.053  37.496811    13.8497     5.9117      2.036    31.0139    23.1392 -9.990e-29
 284.426204      2.058  37.496365    13.8494     5.9174      2.041    31.0137    23.1392 -9.990e-29
 284.426209      2.065  37.495312    13.8493     5.9178      2.048    31.0128    23.1385 -9.990e-29
 284.426215      2.074  37.494567    13.8494     5.9184      2.057    31.0120    23.1379 -9.990e-29
 284.426221      2.083  37.494330    13.8498     5.9486      2.066    31.0115    23.1374 -9.990e-29
 284.426227      2.087  37.494362    13.8503     5.9602      2.070    31.0111    23.1370 -9.990e-29
 284.426233      2.091  37.494218    13.8507     5.9753      2.074    31.0107    23.1366 -9.990e-29
 284.426238      2.095  37.493780    13.8510     5.9710      2.078    31.0100    23.1360 -9.990e-29
 284.426244      2.096  37.493661    13.8514     5.9427      2.078    31.0096    23.1356 -9.990e-29
 284.426250      2.092  37.493776    13.8518     5.9335      2.075    31.0094    23.1353 -9.990e-29
 284.426256      2.085  37.493232    13.8517     5.9285      2.068    31.0090    23.1350 -9.990e-29
