data/oxygen options/OCNMS/OCNMS1/raw_data/2013/CAST_TH015_130723faed.cnv
* Sea-Bird SBE19 Data File:
* FileName = C:\2013 Mooring Data\1st Service\CAST_TH015_130723.hex
* Software Version 1.59
* Temperature SN = 2997
* Conductivity SN = 2997
* System UpLoad Time = Jul 23 2013 18:56:38
** CAST_TH015_130723
* ds
# nquan = 9                                 
# nvalues = 1243                        
# units = specified
# name 0 = timeJ: Julian Days
# name 1 = prSM: Pressure, Strain Gauge [db]
# name 2 = c0mS/cm: Conductivity [mS/cm]
# name 3 = t090C: Temperature [ITS-90, deg C]
# name 4 = sbeox0ML/L: Oxygen, SBE 43 [ml/l]
# name 5 = depSM: Depth [salt water, m], lat = 47.5
# name 6 = sal00: Salinity, Practical [PSU]
# name 7 = sigma-é00: Density [sigma-theta, kg/m^3]
# name 8 = flag: flag
# span 0 = 204.661238, 204.668426       
# span 1 =     -2.284,     18.584       
# span 2 =   0.007823,  37.590574       
# span 3 =     7.3345,    14.0616       
# span 4 =    -1.8135,    14.5558       
# span 5 =     -2.265,     18.428       
# span 6 =     0.0099,    33.9258       
# span 7 =    -0.7346,    26.3727       
# span 8 = 0.0000e+00, 0.0000e+00       
# interval = seconds: 0.5
# start_time = Jul 23 2013 15:52:11 [Instrument's time stamp, header]
# bad_flag = -9.990e-29
*END*
[from data line 641]
 204.664948      0.287   0.009419    13.7091    -1.7995      0.285     0.0107    -0.7058 -9.990e-29
 204.664954      0.291   0.009408    13.7074    -1.8000      0.289     0.0107    -0.7056 -9.990e-29
 204.664959      0.287   0.009377    13.7030    -1.8007      0.285     0.0107    -0.7050 -9.990e-29
 204.664965      0.280   0.009282    13.6966    -1.8009      0.278     0.0106    -0.7042 -9.990e-29
 204.664971      0.278   0.008998    13.6897    -1.8009      0.276     0.0105    -0.7033 -9.990e-29
 204.664977      0.286   0.008701    13.6840    -1.8008      0.284     0.0103    -0.7027 -9.990e-29
 204.664983      0.298   0.008548    13.6787    -1.8007      0.296     0.0103    -0.7020 -9.990e-29
 204.664988      0.308   0.008336    13.6720    -1.8007      0.305     0.0102    -0.7012 -9.990e-29
 204.664994      0.311   0.008336    13.6626    -1.8011      0.308     0.0102    -0.6999 -9.990e-29
 204.665000      0.313   0.008548    13.6498    -1.8017      0.310     0.0103    -0.6981 -9.990e-29
 204.665006      0.318   0.008701    13.6353    -1.8018      0.315     0.0103    -0.6961 -9.990e-29
 204.665012      0.321   0.009000    13.6223    -1.8017      0.318     0.0105    -0.6943 -9.990e-29
 204.665017      0.320   0.009288    13.6141    -1.8018      0.317     0.0106    -0.6930 -9.990e-29
 204.665023      0.312   0.009398    13.6112    -1.8020      0.309     0.0107    -0.6926 -9.990e-29
 204.665029      0.303   0.009476    13.6112    -1.8021      0.300     0.0107    -0.6926 -9.990e-29
 204.665035      0.301   0.009626    13.6112    -1.8022      0.298     0.0108    -0.6925 -9.990e-29
 204.665041      0.304   0.010047    13.6077    -1.8025      0.301     0.0110    -0.6919 -9.990e-29
 204.665046      0.306   0.010748    13.5993    -1.8027      0.303     0.0113    -0.6905 -9.990e-29
 204.665052      0.301   0.011555    13.5896    -1.8027      0.298     0.0117    -0.6889 -9.990e-29
 204.665058      0.294   0.012436    13.5835    -1.2614      0.292     0.0122    -0.6877 -9.990e-29
 204.665064      0.293   0.013460    13.5808    -1.5407      0.291     0.0127    -0.6870 -9.990e-29
 204.665069      0.301   0.015440    13.5781    -1.5638      0.298     0.0137    -0.6858 -9.990e-29
 204.665075      0.316   0.021016    13.5739    -1.5665      0.313     0.0167    -0.6829 -9.990e-29
 204.665081      0.334   0.037620    13.5680    -1.5683      0.331     0.0258    -0.6750 -9.990e-29
 204.665087      0.360   0.087393    13.5578    -1.5668      0.357     0.0547    -0.6511 -9.990e-29
 204.665093      0.396   0.236698    13.5352    -1.5620      0.393     0.1459    -0.5771 -9.990e-29
 204.665098      0.435   0.684608    13.4790    -1.5640      0.431     0.4344    -0.3451 -9.990e-29
 204.665104      0.477   2.028338    13.3208    -1.5635      0.473     1.3582     0.3929 -9.990e-29
 204.665110      0.523   6.059529    12.8538    -1.5633      0.519     4.3928     2.8027 -9.990e-29
 204.665116      0.581  18.153100    11.9951    -1.5637      0.576    14.6753    10.8594 -9.990e-29
 204.665122      0.659  33.031649    11.1219    -1.5642      0.653    28.9707    22.0646 -9.990e-29
 204.665127      0.752  37.590574    10.5970    -1.5628      0.746    33.9258    26.0104 -9.990e-29
 204.665133      0.847  36.041737    10.3801    -1.5630      0.840    32.5675    24.9891 -9.990e-29
 204.665139      0.927  35.688745    10.3095    -1.5644      0.919    32.2758    24.7737 -9.990e-29
 204.665145      0.988  35.644697    10.2811    -1.5639      0.980    32.2567    24.7637 -9.990e-29
 204.665150      1.036  35.727175    10.2599    -1.5653      1.027    32.3585    24.8466 -9.990e-29
 204.665156      1.072  35.869791    10.2532    -1.5654      1.063    32.5081    24.9644 -9.990e-29
 204.665162      1.099  35.954630    10.2445    -1.5656      1.090    32.6014    25.0386 -9.990e-29
 204.665168      1.119  35.973363    10.2202    -1.5639      1.110    32.6422    25.0744 -9.990e-29
 204.665174      1.133  35.995410    10.1944    -1.5642      1.124    32.6877    25.1143 -9.990e-29
 204.665179      1.142  36.039687    10.1810    -1.5648      1.132    32.7445    25.1608 -9.990e-29
 204.665185      1.146  36.099257    10.1843    -1.5639      1.136    32.8017    25.2049 -9.990e-29
 204.665191      1.147  36.146654    10.1940    -1.5658      1.137    32.8408    25.2337 -9.990e-29
 204.665197      1.147  36.126974    10.1939    -1.5659      1.137    32.8210    25.2183 -9.990e-29
 204.665203      1.156  36.061785    10.1748    -1.5682      1.146    32.7724    25.1837 -9.990e-29
 204.665208      1.174  36.017916    10.1510    -1.5654      1.164    32.7496    25.1699 -9.990e-29
 204.665214      1.189  36.017753    10.1511    -1.5650      1.179    32.7493    25.1696 -9.990e-29
 204.665220      1.191  36.046104    10.1755    -1.5660      1.181    32.7559    25.1707 -9.990e-29
 204.665226      1.178  36.061341    10.1985    -1.5651      1.168    32.7505    25.1626 -9.990e-29
 204.665231      1.162  36.043029    10.2021    -1.5654      1.152    32.7288    25.1450 -9.990e-29
 204.665237      1.157  36.003919    10.1906    -1.5654      1.147    32.6997    25.1243 -9.990e-29
 204.665243      1.160  35.985081    10.1795    -1.5653      1.150    32.6907    25.1191 -9.990e-29
 204.665249      1.165  35.982865    10.1777    -1.5641      1.155    32.6900    25.1189 -9.990e-29
 204.665255      1.166  35.949078    10.1799    -1.5648      1.156    32.6539    25.0904 -9.990e-29
 204.665260      1.165  35.884237    10.1764    -1.5740      1.155    32.5916    25.0424 -9.990e-29
 204.665266      1.164  35.851152    10.1657    -1.5656      1.154    32.5678    25.0256 -9.990e-29
 204.665272      1.169  35.898925    10.1564    -1.5667      1.159    32.6245    25.0714 -9.990e-29
 204.665278      1.176  35.964744    10.1580    -1.5651      1.166    32.6895    25.1218 -9.990e-29
 204.665284      1.176  35.995278    10.1684    -1.5661      1.166    32.7110    25.1368 -9.990e-29
 204.665289      1.165  36.001134    10.1791    -1.5649      1.155    32.7072    25.1321 -9.990e-29
 204.665295      1.150  35.983000    10.1858    -1.5644      1.140    32.6829    25.1120 -9.990e-29
 204.665301      1.145  35.960590    10.1909    -1.5644      1.135    32.6557    25.0899 -9.990e-29
 204.665307      1.148  35.954084    10.1986    -1.5631      1.138    32.6421    25.0781 -9.990e-29
 204.665313      1.152  35.922464    10.2072    -1.5639      1.142    32.6025    25.0457 -9.990e-29
 204.665318      1.151  35.768240    10.2148    -1.5640      1.141    32.4402    24.9178 -9.990e-29
 204.665324      1.147  35.620029    10.2235    -1.5644      1.137    32.2831    24.7939 -9.990e-29
 204.665330      1.142  35.660995    10.2311    -1.5638      1.132    32.3175    24.8195 -9.990e-29
 204.665336      1.142  35.751989    10.2351    -1.5648      1.132    32.4056    24.8875 -9.990e-29
 204.665341      1.141  35.791421    10.2371    -1.5651      1.131    32.4436    24.9167 -9.990e-29
 204.665347      1.136  35.821947    10.2382    -1.5649      1.127    32.4733    24.9398 -9.990e-29
 204.665353      1.130  35.862014    10.2410    -1.5646      1.121    32.5112    24.9688 -9.990e-29
 204.665359      1.131  35.905791    10.2459    -1.5653      1.122    32.5509    24.9990 -9.990e-29
 204.665365      1.141  35.941179    10.2493    -1.5656      1.131    32.5835    25.0238 -9.990e-29
 204.665370      1.150  35.962274    10.2505    -1.5650      1.140    32.6037    25.0393 -9.990e-29
 204.665376      1.151  35.956447    10.2503    -1.5644      1.141    32.5980    25.0349 -9.990e-29
 204.665382      1.143  35.936277    10.2466    -1.5639      1.133    32.5810    25.0223 -9.990e-29
 204.665388      1.139  35.922131    10.2413    -1.5645      1.129    32.5715    25.0158 -9.990e-29
 204.665394      1.144  35.914938    10.2389    -1.5651      1.134    32.5664    25.0122 -9.990e-29
 204.665399      1.148  35.899667    10.2395    -1.5654      1.138    32.5505    24.9997 -9.990e-29
 204.665405      1.149  35.881915    10.2405    -1.5642      1.139    32.5317    24.9849 -9.990e-29
 204.665411      1.145  35.875181    10.2387    -1.5619      1.135    32.5265    24.9812 -9.990e-29
 204.665417      1.141  35.866171    10.2360    -1.5624      1.131    32.5199    24.9764 -9.990e-29
 204.665422      1.146  35.852009    10.2393    -1.5621      1.136    32.5026    24.9624 -9.990e-29
 204.665428      1.159  35.852667    10.2474    -1.5618      1.149    32.4960    24.9559 -9.990e-29
 204.665434      1.173  35.869443    10.2520    -1.5624      1.163    32.5088    24.9651 -9.990e-29
 204.665440      1.180  35.888076    10.2520    11.4786      1.170    32.5276    24.9797 -9.990e-29
 204.665446      1.177  35.895904    10.2541    14.4891      1.167    32.5336    24.9841 -9.990e-29
 204.665451      1.167  35.881954    10.2625    14.5558      1.157    32.5120    24.9658 -9.990e-29
 204.665457      1.158  35.856371    10.2794    12.3099      1.148    32.4711    24.9311 -9.990e-29
 204.665463      1.159  35.852883    10.2975     7.6259      1.149    32.4514    24.9127 -9.990e-29
 204.665469      1.169  35.890950    10.3062     7.7469      1.159    32.4819    24.9350 -9.990e-29
 204.665475      1.181  35.943400    10.3090     7.9828      1.171    32.5322    24.9737 -9.990e-29
 204.665480      1.190  35.974768    10.3089     8.0584      1.180    32.5638    24.9984 -9.990e-29
 204.665486      1.198  35.987070    10.3051     8.0464      1.188    32.5796    25.0113 -9.990e-29
 204.665492      1.206  35.986619    10.3007     8.0216      1.196    32.5831    25.0148 -9.990e-29
 204.665498      1.212  35.966644    10.2972     8.0048      1.202    32.5661    25.0022 -9.990e-29
 204.665503      1.219  35.942003    10.2923     8.0042      1.209    32.5457    24.9871 -9.990e-29
 204.665509      1.226  35.930859    10.2844     8.0070      1.216    32.5416    24.9852 -9.990e-29
 204.665515      1.234  35.919475    10.2761     8.0014      1.224    32.5376    24.9835 -9.990e-29
 204.665521      1.243  35.905009    10.2728     7.9883      1.233    32.5259    24.9750 -9.990e-29
 204.665527      1.250  35.904613    10.2756     7.9851      1.240    32.5230    24.9722 -9.990e-29
 204.665532      1.250  35.915515    10.2810     7.9926      1.240    32.5292    24.9761 -9.990e-29
 204.665538      1.249  35.927021    10.2844     8.0132      1.239    32.5377    24.9822 -9.990e-29
 204.665544      1.250  35.932607    10.2840     8.0482      1.240    32.5437    24.9869 -9.990e-29
 204.665550      1.253  35.931874    10.2819     8.0742      1.243    32.5448    24.9881 -9.990e-29
 204.665556      1.259  35.930575    10.2808     8.0755      1.248    32.5445    24.9881 -9.990e-29
 204.665561      1.264  35.930903    10.2816     8.0748      1.253    32.5441    24.9876 -9.990e-29
 204.665567      1.263  35.934416    10.2835     8.0679      1.252    32.5460    24.9888 -9.990e-29
 204.665573      1.261  35.943553    10.2867     8.0568      1.250    32.5523    24.9931 -9.990e-29
 204.665579      1.263  35.957042    10.2925     8.0510      1.252    32.5607    24.9987 -9.990e-29
 204.665584      1.267  35.969323    10.3027     8.0420      1.256    32.5639    24.9995 -9.990e-29
 204.665590      1.275  35.976587    10.3199     8.0368      1.264    32.5557    24.9902 -9.990e-29
 204.665596      1.286  35.981233    10.3400     8.0294      1.275    32.5424    24.9764 -9.990e-29
 204.665602      1.298  35.983849    10.3525     8.0283      1.287    32.5338    24.9676 -9.990e-29
 204.665608      1.303  35.982880    10.3531     8.0342      1.292    32.5323    24.9663 -9.990e-29
 204.665613      1.296  35.979842    10.3452     8.0250      1.285    32.5363    24.9708 -9.990e-29
 204.665619      1.282  35.975731    10.3321     8.0358      1.271    32.5439    24.9790 -9.990e-29
 204.665625      1.268  35.970115    10.3168     8.0483      1.257    32.5520    24.9878 -9.990e-29
 204.665631      1.257  35.966157    10.3060     8.0502      1.247    32.5577    24.9941 -9.990e-29
 204.665637      1.249  35.966990    10.3040     8.0589      1.239    32.5604    24.9965 -9.990e-29
 204.665642      1.244  35.968113    10.3078     8.0619      1.234    32.5581    24.9941 -9.990e-29
 204.665648      1.240  35.967096    10.3123     8.0531      1.230    32.5530    24.9894 -9.990e-29
 204.665654      1.238  35.967630    10.3147     8.0422      1.228    32.5514    24.9877 -9.990e-29
 204.665660      1.238  35.970429    10.3159     8.0192      1.228    32.5532    24.9889 -9.990e-29
 204.665666      1.239  35.972497    10.3178     7.9966      1.229    32.5535    24.9889 -9.990e-29
 204.665671      1.241  35.972109    10.3209     7.9932      1.231    32.5504    24.9859 -9.990e-29
 204.665677      1.246  35.970990    10.3240     7.9806      1.236    32.5465    24.9823 -9.990e-29
 204.665683      1.249  35.970450    10.3250     7.9683      1.239    32.5450    24.9810 -9.990e-29
 204.665689      1.245  35.967528    10.3200     7.9596      1.235    32.5466    24.9830 -9.990e-29
 204.665694      1.238  35.958891    10.3024     7.9535      1.228    32.5537    24.9916 -9.990e-29
 204.665700      1.234  35.944799    10.2731     7.9663      1.224    32.5658    25.0059 -9.990e-29
 204.665706      1.231  35.931691    10.2470     7.9753      1.221    32.5760    25.0183 -9.990e-29
 204.665712      1.229  35.926756    10.2365     7.9866      1.219    32.5804    25.0236 -9.990e-29
 204.665718      1.227  35.929015    10.2397     8.0068      1.217    32.5798    25.0226 -9.990e-29
 204.665723      1.227  35.932505    10.2478     8.0087      1.217    32.5761    25.0183 -9.990e-29
 204.665729      1.228  35.933469    10.2569     8.0367      1.218    32.5689    25.0111 -9.990e-29
 204.665735      1.230  35.934877    10.2648     8.0474      1.220    32.5632    25.0054 -9.990e-29
 204.665741      1.232  35.937486    10.2659     8.0656      1.222    32.5649    25.0065 -9.990e-29
 204.665747      1.236  35.941411    10.2637     8.0753      1.226    32.5708    25.0115 -9.990e-29
 204.665752      1.242  35.949087    10.2656     8.0877      1.232    32.5768    25.0158 -9.990e-29
 204.665758      1.245  35.954487    10.2710     8.1009      1.235    32.5774    25.0154 -9.990e-29
 204.665764      1.241  35.956401    10.2795     8.1130      1.231    32.5717    25.0095 -9.990e-29
 204.665770      1.235  35.961308    10.2951     8.1304      1.225    32.5626    24.9998 -9.990e-29
 204.665775      1.230  35.969584    10.3155     8.1394      1.220    32.5527    24.9886 -9.990e-29
 204.665781      1.227  35.977126    10.3310     8.1496      1.217    32.5464    24.9810 -9.990e-29
 204.665787      1.224  35.981099    10.3373     8.1359      1.214    32.5447    24.9787 -9.990e-29
 204.665793      1.222  35.983439    10.3371     8.1363      1.212    32.5472    24.9807 -9.990e-29
 204.665799      1.221  35.986711    10.3343     8.1293      1.211    32.5530    24.9857 -9.990e-29
 204.665804      1.220  35.989112    10.3335     8.1385      1.210    32.5562    24.9883 -9.990e-29
 204.665810      1.219  35.990477    10.3391     8.1333      1.209    32.5525    24.9845 -9.990e-29
 204.665816      1.219  35.993187    10.3524     8.1382      1.209    32.5433    24.9750 -9.990e-29
 204.665822      1.219  35.996932    10.3669     8.1480      1.209    32.5341    24.9654 -9.990e-29
 204.665828      1.220  35.998295    10.3765     8.1705      1.210    32.5269    24.9581 -9.990e-29
 204.665833      1.221  35.996853    10.3861     8.1741      1.211    32.5168    24.9487 -9.990e-29
 204.665839      1.222  35.999097    10.4047     8.1779      1.212    32.5025    24.9343 -9.990e-29
 204.665845      1.224  36.006339    10.4252     8.1856      1.214    32.4914    24.9222 -9.990e-29
 204.665851      1.223  36.011975    10.4312     8.1846      1.213    32.4917    24.9214 -9.990e-29
 204.665856      1.214  36.012311    10.4233     8.1683      1.204    32.4991    24.9285 -9.990e-29
 204.665862      1.204  36.010605    10.4216     8.1346      1.194    32.4989    24.9287 -9.990e-29
