data/oxygen options/OCNMS/OCNMS1/raw_data/2013/CAST_MB042_130724faed.cnv
* Sea-Bird SBE19 Data File:
* FileName = C:\2013 Mooring Data\1st Service\CAST_MB042_130724.hex
* Software Version 1.59
* Temperature SN = 2997
* Conductivity SN = 2997
* System UpLoad Time = Jul 24 2013 18:38:17
** CAST_MB042_130724
* ds
# nquan = 9                                 
# nvalues = 1022                        
# units = specified
# name 0 = timeJ: Julian Days
# name 1 = prSM: Pressure, Strain Gauge [db]
# name 2 = c0mS/cm: Conductivity [mS/cm]
# name 3 = t090C: Temperature [ITS-90, deg C]
# name 4 = sbeox0ML/L: Oxygen, SBE 43 [ml/l]
# name 5 = depSM: Depth [salt water, m], lat = 47.5
# name 6 = sal00: Salinity, Practical [PSU]
# name 7 = sigma-é00: Density [sigma-theta, kg/m^3]
# name 8 = flag: flag
# span 0 = 205.583414, 205.589323       
# span 1 =     -5.453,     43.529       
# span 2 =   0.399034,  35.949249       
# span 3 =     6.6258,    12.6473       
# span 4 =    -1.8477,     8.5965       
# span 5 =     -5.408,     43.161       
# span 6 =     0.2558,    33.9473       
# span 7 =    -0.3528,    26.6401       
# span 8 = 0.0000e+00, 0.0000e+00       
# interval = seconds: 0.5
# start_time = Jul 24 2013 14:00:07 [Instrument's time stamp, header]
# bad_flag = -9.990e-29
*END*
[from data line 801]
 205.588050     26.150  34.007182     6.6351     1.8888     25.930    33.9414    26.6344 0.0000e+00
 205.588056     26.671  34.006566     6.6342     1.8896     26.447    33.9413    26.6344 0.0000e+00
 205.588061     27.172  34.005880     6.6342     1.8897     26.943    33.9403    26.6337 0.0000e+00
 205.588067     27.648  34.005823     6.6348     1.8573     27.415    33.9394    26.6329 0.0000e+00
 205.588073     28.110  34.006256     6.6351     1.8252     27.873    33.9394    26.6328 0.0000e+00
 205.588079     28.569  34.006571     6.6343     1.8092     28.329    33.9403    26.6336 0.0000e+00
 205.588084     29.032  34.006565     6.6333     1.8175     28.788    33.9410    26.6344 0.0000e+00
 205.588090     29.505  34.006729     6.6325     1.8115     29.257    33.9418    26.6351 0.0000e+00
 205.588096     29.991  34.007215     6.6319     1.8212     29.739    33.9427    26.6359 0.0000e+00
 205.588102     30.490  34.007488     6.6315     1.8230     30.233    33.9431    26.6363 0.0000e+00
 205.588108     31.002  34.007288     6.6311     1.8231     30.741    33.9431    26.6363 0.0000e+00
 205.588113     31.518  34.006843     6.6305     1.8372     31.253    33.9429    26.6362 0.0000e+00
 205.588119     32.031  34.006616     6.6297     1.8644     31.761    33.9432    26.6366 0.0000e+00
 205.588125     32.533  34.006798     6.6293     1.8594     32.259    33.9435    26.6369 0.0000e+00
 205.588131     33.022  34.007007     6.6295     1.8419     32.744    33.9433    26.6367 0.0000e+00
 205.588137     33.499  34.006897     6.6295     1.8238     33.217    33.9430    26.6364 0.0000e+00
 205.588142     33.970  34.006816     6.6289     1.8139     33.684    33.9432    26.6367 0.0000e+00
 205.588148     34.438  34.007153     6.6282     1.8157     34.148    33.9441    26.6375 0.0000e+00
 205.588154     34.907  34.007733     6.6279     1.8892     34.613    33.9448    26.6381 0.0000e+00
 205.588160     35.382  34.008146     6.6276     1.8928     35.084    33.9453    26.6386 0.0000e+00
 205.588166     35.867  34.008316     6.6270     1.8780     35.565    33.9458    26.6391 0.0000e+00
 205.588171     36.358  34.008408     6.6265     1.8708     36.051    33.9462    26.6394 0.0000e+00
 205.588177     36.844  34.008478     6.6264     1.8129     36.533    33.9461    26.6394 0.0000e+00
 205.588183     37.322  34.008555     6.6264     1.8010     37.007    33.9460    26.6393 0.0000e+00
 205.588189     37.792  34.008679     6.6269     1.7957     37.473    33.9454    26.6387 0.0000e+00
 205.588194     38.249  34.008950     6.6276     1.7986     37.926    33.9448    26.6382 0.0000e+00
 205.588200     38.694  34.009103     6.6275     1.8023     38.367    33.9448    26.6382 0.0000e+00
 205.588206     39.132  34.008718     6.6269     1.8065     38.802    33.9448    26.6383 0.0000e+00
 205.588212     39.574  34.008340     6.6264     1.7958     39.240    33.9446    26.6382 0.0000e+00
 205.588218     40.023  34.008521     6.6262     1.8025     39.685    33.9448    26.6384 0.0000e+00
 205.588223     40.472  34.008879     6.6260     1.8029     40.130    33.9452    26.6387 0.0000e+00
 205.588229     40.913  34.009265     6.6258     1.8111     40.568    33.9456    26.6391 0.0000e+00
 205.588235     41.335  34.009568     6.6258     1.8100     40.986    33.9457    26.6392 0.0000e+00
 205.588241     41.734  34.009567     6.6261     1.8071     41.382    33.9452    26.6388 0.0000e+00
 205.588247     42.105  34.009757     6.6263     1.8084     41.749    33.9450    26.6386 0.0000e+00
 205.588252     42.443  34.010330     6.6263     1.8069     42.084    33.9455    26.6390 0.0000e+00
 205.588258     42.740  34.010865     6.6265     1.8100     42.379    33.9457    26.6391 0.0000e+00
 205.588264     42.978  34.011450     6.6270     1.8032     42.615    33.9458    26.6391 0.0000e+00
 205.588270     43.158  34.011680     6.6272     1.8086     42.793    33.9457    26.6391 0.0000e+00
 205.588275     43.293  34.011237     6.6271     1.8031     42.927    33.9453    26.6387 -9.990e-29
 205.588281     43.398  34.011149     6.6275     1.8098     43.031    33.9447    26.6382 -9.990e-29
 205.588287     43.474  34.011798     6.6285     1.8125     43.107    33.9444    26.6378 -9.990e-29
 205.588293     43.519  34.012305     6.6303     1.8380     43.151    33.9432    26.6366 -9.990e-29
 205.588299     43.529  34.012163     6.6321     1.8450     43.161    33.9412    26.6348 -9.990e-29
 205.588304     43.507  34.012066     6.6319     1.8421     43.139    33.9413    26.6350 -9.990e-29
 205.588310     43.450  34.012429     6.6297     1.8363     43.083    33.9440    26.6373 -9.990e-29
 205.588316     43.355  34.013034     6.6282     1.8316     42.989    33.9462    26.6392 -9.990e-29
 205.588322     43.217  34.013655     6.6280     2.4416     42.852    33.9471    26.6400 0.0000e+00
 205.588328     43.025  34.013914     6.6282     2.7986     42.661    33.9473    26.6401 0.0000e+00
 205.588333     42.773  34.013692     6.6284     2.7235     42.412    33.9470    26.6399 0.0000e+00
 205.588339     42.461  34.013350     6.6287     2.4323     42.102    33.9465    26.6394 0.0000e+00
 205.588345     42.096  34.013090     6.6288     1.6344     41.740    33.9462    26.6392 0.0000e+00
 205.588351     41.679  34.012663     6.6284     1.4322     41.327    33.9464    26.6394 0.0000e+00
 205.588356     41.219  34.012161     6.6280     1.9773     40.871    33.9464    26.6395 0.0000e+00
 205.588362     40.725  34.011572     6.6278     1.8789     40.381    33.9462    26.6393 0.0000e+00
 205.588368     40.194  34.010771     6.6276     1.9533     39.855    33.9458    26.6390 0.0000e+00
 205.588374     39.629  34.009908     6.6274     2.1746     39.294    33.9453    26.6387 0.0000e+00
 205.588380     39.040  34.009052     6.6271     2.0152     38.711    33.9450    26.6384 0.0000e+00
 205.588385     38.440  34.008282     6.6268     2.0846     38.116    33.9447    26.6382 0.0000e+00
 205.588391     37.840  34.007794     6.6270     1.8036     37.521    33.9443    26.6379 0.0000e+00
 205.588397     37.238  34.007597     6.6276     1.7195     36.924    33.9438    26.6374 0.0000e+00
 205.588403     36.632  34.007526     6.6280     1.7306     36.323    33.9436    26.6372 0.0000e+00
 205.588409     36.017  34.007587     6.6281     1.7454     35.713    33.9439    26.6374 0.0000e+00
 205.588414     35.393  34.007400     6.6282     1.8738     35.095    33.9439    26.6374 0.0000e+00
 205.588420     34.762  34.006815     6.6282     1.8004     34.469    33.9435    26.6371 0.0000e+00
 205.588426     34.127  34.006273     6.6282     2.0643     33.839    33.9433    26.6368 0.0000e+00
 205.588432     33.495  34.005710     6.6283     1.8791     33.213    33.9428    26.6365 0.0000e+00
 205.588438     32.869  34.005035     6.6282     2.1742     32.592    33.9425    26.6362 0.0000e+00
 205.588443     32.239  34.004569     6.6280     2.0239     31.967    33.9425    26.6363 0.0000e+00
 205.588449     31.594  34.004349     6.6279     1.9643     31.328    33.9427    26.6364 0.0000e+00
 205.588455     30.937  34.004180     6.6279     1.9507     30.677    33.9428    26.6365 0.0000e+00
 205.588461     30.277  34.003938     6.6280     1.8673     30.022    33.9428    26.6365 0.0000e+00
 205.588466     29.615  34.003399     6.6283     2.0998     29.366    33.9422    26.6360 0.0000e+00
 205.588472     28.944  34.002504     6.6287     1.9848     28.700    33.9412    26.6351 0.0000e+00
 205.588478     28.258  34.001840     6.6291     1.9071     28.020    33.9404    26.6344 0.0000e+00
 205.588484     27.562  34.001744     6.6297     1.9635     27.330    33.9400    26.6340 0.0000e+00
 205.588490     26.862  34.001627     6.6308     1.9075     26.636    33.9391    26.6332 0.0000e+00
 205.588495     26.166  34.001431     6.6320     2.0225     25.946    33.9381    26.6322 0.0000e+00
 205.588501     25.477  34.001557     6.6334     1.8659     25.263    33.9372    26.6313 0.0000e+00
 205.588507     24.793  34.001711     6.6353     1.7989     24.585    33.9358    26.6299 0.0000e+00
 205.588513     24.113  34.001640     6.6373     2.0630     23.910    33.9341    26.6283 0.0000e+00
 205.588519     23.438  34.001349     6.6393     1.9070     23.241    33.9321    26.6265 0.0000e+00
 205.588524     22.767  34.001109     6.6418     1.9290     22.576    33.9297    26.6242 0.0000e+00
 205.588530     22.096  34.001259     6.6457     2.0132     21.910    33.9263    26.6210 0.0000e+00
 205.588536     21.418  34.001541     6.6522     1.9075     21.238    33.9205    26.6156 0.0000e+00
 205.588542     20.726  34.001868     6.6614     2.0497     20.552    33.9121    26.6077 0.0000e+00
 205.588547     20.024  34.002776     6.6747     2.6083     19.856    33.9003    26.5966 0.0000e+00
 205.588553     19.320  34.005017     6.6928     2.3034     19.158    33.8852    26.5823 0.0000e+00
 205.588559     18.619  34.008880     6.7117     2.2271     18.463    33.8711    26.5687 0.0000e+00
 205.588565     17.933  34.013457     6.7261     2.1630     17.783    33.8623    26.5598 0.0000e+00
 205.588571     17.269  34.018230     6.7360     2.0545     17.124    33.8581    26.5551 0.0000e+00
 205.588576     16.620  34.024066     6.7467     2.1345     16.481    33.8543    26.5507 0.0000e+00
 205.588582     15.969  34.030443     6.7630     2.5694     15.835    33.8455    26.5416 0.0000e+00
 205.588588     15.307  34.037002     6.7842     2.1898     15.179    33.8322    26.5282 0.0000e+00
 205.588594     14.628  34.044746     6.8034     2.1432     14.505    33.8221    26.5177 0.0000e+00
 205.588600     13.937  34.052338     6.8162     2.0763     13.820    33.8182    26.5129 0.0000e+00
 205.588605     13.241  34.058241     6.8250     1.9868     13.130    33.8164    26.5103 0.0000e+00
 205.588611     12.544  34.063146     6.8355     2.1728     12.439    33.8118    26.5052 0.0000e+00
 205.588617     11.844  34.068655     6.8498     2.2401     11.745    33.8041    26.4972 0.0000e+00
 205.588623     11.142  34.075491     6.8647     2.2290     11.049    33.7973    26.4899 0.0000e+00
 205.588628     10.447  34.082227     6.8773     2.3087     10.360    33.7926    26.4845 0.0000e+00
 205.588634      9.756  34.087863     6.8899     2.6078      9.674    33.7868    26.4782 0.0000e+00
 205.588640      9.070  34.093857     6.9077     2.7428      8.994    33.7762    26.4674 0.0000e+00
 205.588646      8.394  34.102138     6.9373     2.9196      8.324    33.7565    26.4479 0.0000e+00
 205.588652      7.725  34.114329     6.9921     2.9891      7.660    33.7165    26.4089 0.0000e+00
 205.588657      7.051  34.134462     7.0889     3.1906      6.992    33.6442    26.3387 0.0000e+00
 205.588663      6.376  34.168754     7.2298     3.4836      6.323    33.5447    26.2410 0.0000e+00
 205.588669      5.716  34.219342     7.3993     3.7079      5.668    33.4358    26.1317 0.0000e+00
 205.588675      5.089  34.282650     7.5774     3.8479      5.046    33.3332    26.0259 0.0000e+00
 205.588681      4.512  34.363665     7.7524     3.8781      4.474    33.2532    25.9380 0.0000e+00
 205.588686      3.991  34.460742     7.9209     3.9364      3.958    33.1970    25.8696 0.0000e+00
 205.588692      3.526  34.557796     8.0910     4.0214      3.497    33.1395    25.7996 0.0000e+00
 205.588698      3.123  34.644308     8.2238     4.0938      3.097    33.1062    25.7538 0.0000e+00
 205.588704      2.785  34.724832     8.2370     4.1803      2.762    33.1793    25.8092 0.0000e+00
 205.588709      2.513  34.772973     8.1832     4.2677      2.492    33.2815    25.8974 0.0000e+00
 205.588715      2.301  34.784701     8.1942     4.4064      2.282    33.2837    25.8974 0.0000e+00
 205.588721      2.142  34.818884     8.2856     4.5964      2.124    33.2334    25.8444 -9.990e-29
 205.588727      2.025  34.868518     8.4005     4.7939      2.008    33.1775    25.7834 -9.990e-29
 205.588733      1.938  34.908565     8.4975     4.9536      1.922    33.1285    25.7303 -9.990e-29
 205.588738      1.867  34.940999     8.5822     5.0649      1.851    33.0832    25.6820 -9.990e-29
 205.588744      1.803  34.973892     8.7267     5.2227      1.788    32.9827    25.5811 -9.990e-29
 205.588750      1.747  35.057937     8.9677     5.3018      1.732    32.8468    25.4374 -9.990e-29
 205.588756      1.703  35.203336     9.2115     5.2327      1.689    32.7730    25.3414 -9.990e-29
 205.588762      1.673  35.336276     9.3584     5.1748      1.659    32.7754    25.3199 -9.990e-29
 205.588767      1.651  35.397731     9.4160     5.0937      1.637    32.7859    25.3189 -9.990e-29
 205.588773      1.627  35.407043     9.4457     5.0546      1.613    32.7683    25.3004 -9.990e-29
 205.588779      1.595  35.419330     9.4898     5.0416      1.582    32.7406    25.2717 -9.990e-29
 205.588785      1.557  35.450517     9.5430     5.0475      1.544    32.7240    25.2501 -9.990e-29
 205.588791      1.524  35.487382     9.5727     5.0684      1.511    32.7348    25.2537 -9.990e-29
 205.588796      1.506  35.515316     9.5537     5.0993      1.493    32.7808    25.2927 -9.990e-29
 205.588802      1.503  35.501645     9.4992     5.1249      1.490    32.8166    25.3295 -9.990e-29
 205.588808      1.497  35.450099     9.4627     5.1630      1.485    32.7971    25.3201 -9.990e-29
 205.588814      1.466  35.418106     9.4743     5.2316      1.454    32.7536    25.2843 -9.990e-29
 205.588819      1.400  35.426960     9.5143     5.3305      1.388    32.7261    25.2564 -9.990e-29
 205.588825      1.307  35.453825     9.5535     5.4389      1.296    32.7180    25.2437 -9.990e-29
 205.588831      1.207  35.486444     9.5803     5.5097      1.197    32.7270    25.2464 -9.990e-29
 205.588837      1.107  35.520238     9.6047     5.5243      1.098    32.7394    25.2522 -9.990e-29
 205.588843      1.005  35.552195     9.6453     5.4815      0.997    32.7352    25.2422 -9.990e-29
 205.588848      0.902  35.594774     9.7229     5.4300      0.894    32.7081    25.2084 -9.990e-29
 205.588854      0.800  35.678517     9.8433     5.6766      0.793    32.6841    25.1700 -9.990e-29
 205.588860      0.703  35.795850     9.9673     6.0300      0.697    32.6911    25.1549 -9.990e-29
 205.588866      0.611  35.887625    10.0344     6.4981      0.606    32.7235    25.1690 -9.990e-29
 205.588872      0.529  35.922255    10.0296     7.5180      0.525    32.7630    25.2006 -9.990e-29
 205.588877      0.454  35.905142     9.9935     7.9578      0.450    32.7784    25.2187 -9.990e-29
 205.588883      0.386  35.861210     9.9675     8.2300      0.383    32.7574    25.2066 -9.990e-29
 205.588889      0.331  35.803694     9.9600     8.2794      0.328    32.7058    25.1676 -9.990e-29
 205.588895      0.287  35.681212     9.9607     8.2496      0.285    32.5809    25.0700 -9.990e-29
 205.588900      0.253  35.361368     9.9647     8.2375      0.251    32.2530    24.8134 -9.990e-29
 205.588906      0.227  34.486719     9.9754     8.1179      0.225    31.3592    24.1144 -9.990e-29
 205.588912      0.206  31.958959     9.9956     8.1055      0.204    28.8068    22.1216 -9.990e-29
 205.588918      0.190  27.229492    10.0222     8.1156      0.188    24.1248    18.4727 -9.990e-29
 205.588924      0.177  21.769315    10.0479     8.1448      0.176    18.8621    14.3783 -9.990e-29
 205.588929      0.167  16.103248    10.0695     8.1648      0.166    13.5729    10.2678 -9.990e-29
 205.588935      0.159  10.500049    10.0881     8.1503      0.158     8.5398     6.3562 -9.990e-29
 205.588941      0.152   6.896780    10.1039     8.1250      0.151     5.4324     3.9379 -9.990e-29
 205.588947      0.146   5.324775    10.1168     8.1022      0.145     4.1175     2.9125 -9.990e-29
 205.588953      0.141   4.591830    10.1255     8.0669      0.140     3.5149     2.4418 -9.990e-29
 205.588958      0.136   4.287802    10.1295     8.0963      0.135     3.2672     2.2482 -9.990e-29
 205.588964      0.132   4.348215    10.1311     8.1188      0.131     3.3161     2.2862 -9.990e-29
