data/oxygen options/OCNMS/OCNMS1/raw_data/2013/CAST_KL015_131010faed.cnv
* Sea-Bird SBE19 Data File:
* FileName = C:\2013 Mooring Data\Recovery\Casts\CAST_KL015_131010.hex
* Software Version 1.59
* Temperature SN = 2997
* Conductivity SN = 2997
* System UpLoad Time = Oct 11 2013 08:05:12
** CAST_KL015_131010
* ds
# nquan = 9                                 
# nvalues = 940                         
# units = specified
# name 0 = timeJ: Julian Days
# name 1 = prSM: Pressure, Strain Gauge [db]
# name 2 = c0mS/cm: Conductivity [mS/cm]
# name 3 = t090C: Temperature [ITS-90, deg C]
# name 4 = sbeox0ML/L: Oxygen, SBE 43 [ml/l]
# name 5 = depSM: Depth [salt water, m], lat = 47.5
# name 6 = sal00: Salinity, Practical [PSU]
# name 7 = sigma-é00: Density [sigma-theta, kg/m^3]
# name 8 = flag: flag
# span 0 = 283.465463, 283.470897       
# span 1 =     -5.254,     15.793       
# span 2 =   0.529732,  38.871956       
# span 3 =    11.3022,    14.3411       
# span 4 =    -1.8772,    11.1166       
# span 5 =     -5.210,     15.661       
# span 6 =     0.3487,    32.2030       
# span 7 =    -0.2003,    24.0403       
# span 8 = 0.0000e+00, 0.0000e+00       
# interval = seconds: 0.5
# start_time = Oct 10 2013 11:10:16 [Instrument's time stamp, header]
# bad_flag = -9.990e-29
*END*
[from data line 161]
 283.466395     -2.032   0.717209    11.6294    -1.8650     -2.015     0.4782    -0.0848 -9.990e-29
 283.466400     -2.024   0.713320    11.6218    -1.8650     -2.007     0.4756    -0.0860 -9.990e-29
 283.466406     -2.015   0.707384    11.6169    -1.8651     -1.998     0.4716    -0.0886 -9.990e-29
 283.466412     -2.007   0.702010    11.6154    -1.8648     -1.990     0.4679    -0.0914 -9.990e-29
 283.466418     -1.997   0.700006    11.6162    -1.8648     -1.980     0.4665    -0.0925 -9.990e-29
 283.466424     -1.986   0.700915    11.6181    -1.8645     -1.969     0.4671    -0.0923 -9.990e-29
 283.466429     -1.973   0.701517    11.6189    -1.8643     -1.957     0.4675    -0.0921 -9.990e-29
 283.466435     -1.961   0.699292    11.6180    -1.8642     -1.945     0.4659    -0.0931 -9.990e-29
 283.466441     -1.954   0.695703    11.6180    -1.8644     -1.938     0.4635    -0.0951 -9.990e-29
 283.466447     -1.948   0.693168    11.6201    -1.8646     -1.932     0.4617    -0.0967 -9.990e-29
 283.466453     -1.936   0.691077    11.6225    -1.8651     -1.920     0.4602    -0.0981 -9.990e-29
 283.466458     -1.919   0.687748    11.6251    -1.8651     -1.903     0.4579    -0.1002 -9.990e-29
 283.466464     -1.900   0.683174    11.6288    -1.8651     -1.884     0.4547    -0.1032 -9.990e-29
 283.466470     -1.882   0.678460    11.6331    -1.8648     -1.866     0.4514    -0.1062 -9.990e-29
 283.466476     -1.869   0.674521    11.6372    -1.8644     -1.853     0.4486    -0.1088 -9.990e-29
 283.466481     -1.862   0.672753    11.6400    -1.8644     -1.846     0.4473    -0.1101 -9.990e-29
 283.466487     -1.859   0.674676    11.6407    -1.8645     -1.843     0.4486    -0.1092 -9.990e-29
 283.466493     -1.854   0.677868    11.6395    -1.8647     -1.839     0.4509    -0.1073 -9.990e-29
 283.466499     -1.843   0.677168    11.6363    -1.8649     -1.828     0.4504    -0.1073 -9.990e-29
 283.466505     -1.824   0.671642    11.6324    -1.8649     -1.809     0.4466    -0.1098 -9.990e-29
 283.466510     -1.806   0.664448    11.6302    -1.8650     -1.791     0.4417    -0.1134 -9.990e-29
 283.466516     -1.792   0.658735    11.6309    -1.8651     -1.777     0.4378    -0.1166 -9.990e-29
 283.466522     -1.780   0.656857    11.6344    -1.8649     -1.765     0.4364    -0.1180 -9.990e-29
 283.466528     -1.771   0.659078    11.6388    -1.8649     -1.756     0.4379    -0.1174 -9.990e-29
 283.466534     -1.762   0.662266    11.6408    -1.8644     -1.747     0.4401    -0.1159 -9.990e-29
 283.466539     -1.755   0.662915    11.6396    -1.8645     -1.740     0.4405    -0.1154 -9.990e-29
 283.466545     -1.748   0.661337    11.6370    -1.8646     -1.733     0.4395    -0.1159 -9.990e-29
 283.466551     -1.740   0.659858    11.6350    -1.8647     -1.725     0.4385    -0.1165 -9.990e-29
 283.466557     -1.732   0.658170    11.6343    -1.8649     -1.718     0.4373    -0.1173 -9.990e-29
 283.466563     -1.723   0.654576    11.6341    -1.8651     -1.709     0.4348    -0.1192 -9.990e-29
 283.466568     -1.712   0.649270    11.6346    -1.8653     -1.698     0.4312    -0.1222 -9.990e-29
 283.466574     -1.698   0.644040    11.6362    -1.8656     -1.684     0.4276    -0.1252 -9.990e-29
 283.466580     -1.685   0.641330    11.6389    -1.8657     -1.671     0.4257    -0.1269 -9.990e-29
 283.466586     -1.677   0.642511    11.6421    -1.8661     -1.663     0.4264    -0.1267 -9.990e-29
 283.466591     -1.669   0.645835    11.6432    -1.8662     -1.655     0.4287    -0.1250 -9.990e-29
 283.466597     -1.656   0.647977    11.6419    -1.8664     -1.642     0.4302    -0.1237 -9.990e-29
 283.466603     -1.636   0.647915    11.6394    -1.8666     -1.622     0.4302    -0.1235 -9.990e-29
 283.466609     -1.614   0.647228    11.6357    -1.8667     -1.601     0.4298    -0.1234 -9.990e-29
 283.466615     -1.596   0.646663    11.6313    -1.8667     -1.583     0.4294    -0.1232 -9.990e-29
 283.466620     -1.585   0.644910    11.6263    -1.8664     -1.572     0.4283    -0.1235 -9.990e-29
 283.466626     -1.580   0.641295    11.6205    -1.8663     -1.567     0.4258    -0.1248 -9.990e-29
 283.466632     -1.578   0.637091    11.6147    -1.8661     -1.565     0.4230    -0.1263 -9.990e-29
 283.466638     -1.569   0.633893    11.6093    -1.8660     -1.556     0.4209    -0.1274 -9.990e-29
 283.466644     -1.553   0.632423    11.6047    -1.8661     -1.540     0.4199    -0.1277 -9.990e-29
 283.466649     -1.537   0.631831    11.6008    -1.8665     -1.524     0.4195    -0.1275 -9.990e-29
 283.466655     -1.524   0.630217    11.5975    -1.8665     -1.511     0.4185    -0.1280 -9.990e-29
 283.466661     -1.514   0.627091    11.5959    -1.8664     -1.501     0.4163    -0.1295 -9.990e-29
 283.466667     -1.506   0.623826    11.5971    -1.8664     -1.493     0.4141    -0.1314 -9.990e-29
 283.466672     -1.500   0.621052    11.6006    -1.8662     -1.487     0.4121    -0.1333 -9.990e-29
 283.466678     -1.495   0.618947    11.6044    -1.8661     -1.483     0.4106    -0.1349 -9.990e-29
 283.466684     -1.491   0.618584    11.6073    -1.8661     -1.479     0.4103    -0.1354 -9.990e-29
 283.466690     -1.488   0.620031    11.6084    -1.8660     -1.476     0.4113    -0.1348 -9.990e-29
 283.466696     -1.485   0.621340    11.6071    -1.8659     -1.473     0.4122    -0.1339 -9.990e-29
 283.466701     -1.482   0.620379    11.6047    -1.8656     -1.470     0.4116    -0.1342 -9.990e-29
 283.466707     -1.479   0.616974    11.6033    -1.8652     -1.467     0.4093    -0.1358 -9.990e-29
 283.466713     -1.476   0.613232    11.6031    -1.8647     -1.464     0.4067    -0.1378 -9.990e-29
 283.466719     -1.473   0.611920    11.6043    -1.8645     -1.461     0.4058    -0.1387 -9.990e-29
 283.466725     -1.469   0.613504    11.6071    -1.8641     -1.457     0.4069    -0.1381 -9.990e-29
 283.466730     -1.465   0.615110    11.6104    -1.8635     -1.453     0.4079    -0.1377 -9.990e-29
 283.466736     -1.459   0.613891    11.6132    -1.8634     -1.447     0.4071    -0.1387 -9.990e-29
 283.466742     -1.453   0.610993    11.6162    -1.8630     -1.441     0.4050    -0.1406 -9.990e-29
 283.466748     -1.444   0.609753    11.6208    -1.8629     -1.432     0.4041    -0.1418 -9.990e-29
 283.466753     -1.433   0.610732    11.6285    -1.8629     -1.421     0.4047    -0.1422 -9.990e-29
 283.466759     -1.419   0.610805    11.6392    -1.8629     -1.407     0.4047    -0.1434 -9.990e-29
 283.466765     -1.401   0.607299    11.6507    -1.8629     -1.389     0.4021    -0.1466 -9.990e-29
 283.466771     -1.382   0.601632    11.6611    -1.8630     -1.370     0.3981    -0.1509 -9.990e-29
 283.466777     -1.370   0.596774    11.6712    -1.8630     -1.359     0.3947    -0.1547 -9.990e-29
 283.466782     -1.363   0.594002    11.6810    -1.8629     -1.352     0.3927    -0.1574 -9.990e-29
 283.466788     -1.353   0.593497    11.6891    -1.8628     -1.342     0.3923    -0.1586 -9.990e-29
 283.466794     -1.339   0.594586    11.6954    -1.8626     -1.328     0.3929    -0.1588 -9.990e-29
 283.466800     -1.325   0.595953    11.6997    -1.8615     -1.314     0.3938    -0.1586 -9.990e-29
 283.466806     -1.310   0.596649    11.7015    -1.8606     -1.299     0.3943    -0.1584 -9.990e-29
 283.466811     -1.297   0.596494    11.7018    -1.8603     -1.286     0.3942    -0.1585 -9.990e-29
 283.466817     -1.284   0.595836    11.7020    -1.8605     -1.273     0.3937    -0.1589 -9.990e-29
 283.466823     -1.268   0.594351    11.7027    -1.8607     -1.257     0.3927    -0.1598 -9.990e-29
 283.466829     -1.252   0.591166    11.7047    -1.8608     -1.242     0.3905    -0.1617 -9.990e-29
 283.466834     -1.237   0.586465    11.7083    -1.8616     -1.227     0.3873    -0.1647 -9.990e-29
 283.466840     -1.225   0.581735    11.7143    -1.8622     -1.215     0.3840    -0.1679 -9.990e-29
 283.466846     -1.213   0.578425    11.7255    -1.8626     -1.203     0.3816    -0.1710 -9.990e-29
 283.466852     -1.206   0.577105    11.7421    -1.8632     -1.196     0.3805    -0.1737 -9.990e-29
 283.466858     -1.207   0.577679    11.7578    -1.8634     -1.197     0.3808    -0.1753 -9.990e-29
 283.466863     -1.212   0.579250    11.7663    -1.8632     -1.202     0.3817    -0.1755 -9.990e-29
 283.466869     -1.218   0.580034    11.7674    -1.8628     -1.208     0.3823    -0.1752 -9.990e-29
 283.466875     -1.223   0.578859    11.7638    -1.8628     -1.213     0.3815    -0.1754 -9.990e-29
 283.466881     -1.230   0.576376    11.7556    -1.8627     -1.220     0.3799    -0.1757 -9.990e-29
 283.466887     -1.237   0.573706    11.7426    -1.8627     -1.227     0.3782    -0.1756 -9.990e-29
 283.466892     -1.247   0.571719    11.7280    -1.8626     -1.237     0.3770    -0.1749 -9.990e-29
 283.466898     -1.254   0.571087    11.7153    -1.8625     -1.244     0.3767    -0.1737 -9.990e-29
 283.466904     -1.251   0.571520    11.7063    -1.8623     -1.241     0.3770    -0.1724 -9.990e-29
 283.466910     -1.238   0.571380    11.7027    -1.8622     -1.228     0.3770    -0.1721 -9.990e-29
 283.466916     -1.222   0.569370    11.7043    -1.8624     -1.212     0.3756    -0.1733 -9.990e-29
 283.466921     -1.207   0.566688    11.7078    -1.8625     -1.197     0.3737    -0.1752 -9.990e-29
 283.466927     -1.192   0.565295    11.7106    -1.8625     -1.182     0.3728    -0.1763 -9.990e-29
 283.466933     -1.175   0.565550    11.7129    -1.8625     -1.165     0.3729    -0.1764 -9.990e-29
 283.466939     -1.157   0.566684    11.7152    -1.8625     -1.147     0.3737    -0.1761 -9.990e-29
 283.466944     -1.139   0.567990    11.7175    -1.8619     -1.129     0.3745    -0.1757 -9.990e-29
 283.466950     -1.125   0.568994    11.7208    -1.8609     -1.116     0.3752    -0.1755 -9.990e-29
 283.466956     -1.110   0.568819    11.7244    -1.8601     -1.101     0.3750    -0.1760 -9.990e-29
 283.466962     -1.092   0.567230    11.7258    -1.8598     -1.083     0.3739    -0.1770 -9.990e-29
 283.466968     -1.080   0.565985    11.7247    -1.8601     -1.071     0.3731    -0.1776 -9.990e-29
 283.466973     -1.077   0.566193    11.7231    -1.8605     -1.068     0.3732    -0.1773 -9.990e-29
 283.466979     -1.082   0.566467    11.7227    -1.8610     -1.073     0.3734    -0.1771 -9.990e-29
 283.466985     -1.092   0.565510    11.7241    -1.8612     -1.083     0.3728    -0.1778 -9.990e-29
 283.466991     -1.099   0.563707    11.7296    -1.8613     -1.090     0.3715    -0.1794 -9.990e-29
 283.466997     -1.098   0.562530    11.7424    -1.8612     -1.089     0.3706    -0.1815 -9.990e-29
 283.467002     -1.091   0.563179    11.7602    -1.8615     -1.082     0.3708    -0.1833 -9.990e-29
 283.467008     -1.079   0.564858    11.7756    -1.8617     -1.070     0.3718    -0.1843 -9.990e-29
 283.467014     -1.069   0.565925    11.7827    -1.8620     -1.060     0.3725    -0.1845 -9.990e-29
 283.467020     -1.057   0.566142    11.7808    -1.8622     -1.048     0.3727    -0.1842 -9.990e-29
 283.467025     -1.045   0.565795    11.7733    -1.8624     -1.036     0.3725    -0.1835 -9.990e-29
 283.467031     -1.030   0.565530    11.7646    -1.8627     -1.021     0.3724    -0.1826 -9.990e-29
 283.467037     -1.017   0.566652    11.7580    -1.8627     -1.009     0.3732    -0.1812 -9.990e-29
 283.467043     -1.008   0.568996    11.7540    -1.8630     -1.000     0.3749    -0.1795 -9.990e-29
 283.467049     -1.004   0.570702    11.7509    -1.8634     -0.996     0.3761    -0.1782 -9.990e-29
 283.467054     -1.000   0.570719    11.7469    -1.8635     -0.992     0.3761    -0.1777 -9.990e-29
 283.467060     -0.990   0.569623    11.7418    -1.8640     -0.982     0.3754    -0.1777 -9.990e-29
 283.467066     -0.980   0.568167    11.7358    -1.8645     -0.972     0.3745    -0.1777 -9.990e-29
 283.467072     -0.971   0.567179    11.7296    -1.8647     -0.963     0.3739    -0.1775 -9.990e-29
 283.467078     -0.965   0.567555    11.7237    -1.8647     -0.957     0.3742    -0.1766 -9.990e-29
 283.467083     -0.960   0.568689    11.7185    -1.8642     -0.952     0.3750    -0.1754 -9.990e-29
 283.467089     -0.957   0.568769    11.7135    -1.8632     -0.949     0.3751    -0.1748 -9.990e-29
 283.467095     -0.954   0.567347    11.7071    -1.8619     -0.946     0.3742    -0.1748 -9.990e-29
 283.467101     -0.952   0.565848    11.6997    -1.8615     -0.944     0.3732    -0.1747 -9.990e-29
 283.467106     -0.950   0.564487    11.6920    -1.8614     -0.942     0.3724    -0.1745 -9.990e-29
 283.467112     -0.949   0.562003    11.6835    -1.8614     -0.941     0.3708    -0.1748 -9.990e-29
 283.467118     -0.949   0.558408    11.6761    -1.8617     -0.941     0.3684    -0.1758 -9.990e-29
 283.467124     -0.949   0.554446    11.6732    -1.8622     -0.941     0.3657    -0.1776 -9.990e-29
 283.467130     -0.949   0.550372    11.6773    -1.8628     -0.941     0.3629    -0.1803 -9.990e-29
 283.467135     -0.950   0.546845    11.6900    -1.8635     -0.942     0.3604    -0.1837 -9.990e-29
 283.467141     -0.951   0.544702    11.7103    -1.8642     -0.943     0.3587    -0.1872 -9.990e-29
 283.467147     -0.953   0.543853    11.7310    -1.8648     -0.945     0.3579    -0.1901 -9.990e-29
 283.467153     -0.956   0.543720    11.7444    -1.8652     -0.948     0.3577    -0.1918 -9.990e-29
 283.467159     -0.960   0.544125    11.7498    -1.8655     -0.952     0.3579    -0.1922 -9.990e-29
 283.467164     -0.964   0.544500    11.7492    -1.8652     -0.956     0.3582    -0.1920 -9.990e-29
 283.467170     -0.966   0.543682    11.7431    -1.8646     -0.958     0.3577    -0.1917 -9.990e-29
 283.467176     -0.961   0.541687    11.7322    -1.8645     -0.953     0.3564    -0.1914 -9.990e-29
 283.467182     -0.953   0.539733    11.7178    -1.8643     -0.945     0.3552    -0.1908 -9.990e-29
 283.467188     -0.945   0.538535    11.7015    -1.8642     -0.937     0.3546    -0.1895 -9.990e-29
 283.467193     -0.937   0.537603    11.6854    -1.8637     -0.929     0.3541    -0.1881 -9.990e-29
 283.467199     -0.930   0.536248    11.6718    -1.8634     -0.922     0.3533    -0.1872 -9.990e-29
 283.467205     -0.921   0.534325    11.6626    -1.8632     -0.913     0.3521    -0.1871 -9.990e-29
 283.467211     -0.911   0.532038    11.6591    -1.8632     -0.903     0.3505    -0.1879 -9.990e-29
 283.467216     -0.904   0.530211    11.6619    -1.8631     -0.896     0.3493    -0.1892 -9.990e-29
 283.467222     -0.902   0.529732    11.6682    -1.8622     -0.894     0.3489    -0.1902 -9.990e-29
 283.467228     -0.903   0.530515    11.6744    -1.8617     -0.895     0.3494    -0.1905 -9.990e-29
 283.467234     -0.901   0.531389    11.6800    -1.8615     -0.893     0.3499    -0.1907 -9.990e-29
 283.467240     -0.896   0.531302    11.6867    -1.8608     -0.889     0.3498    -0.1916 -9.990e-29
 283.467245     -0.888   0.530690    11.6948    -1.8606     -0.881     0.3493    -0.1929 -9.990e-29
 283.467251     -0.882   0.530398    11.7024    -1.8606     -0.875     0.3490    -0.1939 -9.990e-29
 283.467257     -0.880   0.530591    11.7082    -1.8608     -0.873     0.3491    -0.1945 -9.990e-29
 283.467263     -0.878   0.530970    11.7136    -1.8609     -0.871     0.3493    -0.1949 -9.990e-29
 283.467269     -0.872   0.530933    11.7222    -1.8606     -0.865     0.3492    -0.1960 -9.990e-29
 283.467274     -0.862   0.530428    11.7351    -1.8608     -0.855     0.3488    -0.1978 -9.990e-29
 283.467280     -0.846   0.530444    11.7477    -1.8610     -0.839     0.3487    -0.1993 -9.990e-29
 283.467286     -0.829   0.532109    11.7581    -1.8611     -0.822     0.3497    -0.1996 -9.990e-29
 283.467292     -0.818   0.535425    11.7674    -1.8611     -0.811     0.3519    -0.1990 -9.990e-29
 283.467297     -0.811   0.538720    11.7740    -1.8605     -0.804     0.3540    -0.1980 -9.990e-29
 283.467303     -0.800   0.539739    11.7765    -1.8600     -0.793     0.3547    -0.1977 -9.990e-29
 283.467309     -0.785   0.538178    11.7763    -1.8602     -0.778     0.3537    -0.1986 -9.990e-29
