data/oxygen options/OCNMS/OCNMS1/raw_data/2013/CAST_CA015_130603faed.cnv
* Sea-Bird SBE19 Data File:
* FileName = C:\2013 Mooring Data\Deployment Casts\CAST_CA015_130603.hex
* Software Version 1.59
* Temperature SN = 2997
* Conductivity SN = 2997
* System UpLoad Time = Jun 03 2013 15:24:35
** CAST_CA015_130603
* ds
# nquan = 9                                 
# nvalues = 947                         
# units = specified
# name 0 = timeJ: Julian Days
# name 1 = prSM: Pressure, Strain Gauge [db]
# name 2 = c0mS/cm: Conductivity [mS/cm]
# name 3 = t090C: Temperature [ITS-90, deg C]
# name 4 = sbeox0ML/L: Oxygen, SBE 43 [ml/l]
# name 5 = depSM: Depth [salt water, m], lat = 47.5
# name 6 = sal00: Salinity, Practical [PSU]
# name 7 = sigma-é00: Density [sigma-theta, kg/m^3]
# name 8 = flag: flag
# span 0 = 154.609479, 154.614954       
# span 1 =     -5.640,     16.019       
# span 2 =   0.208748,  34.642945       
# span 3 =     8.4359,    14.5736       
# span 4 =    -1.7941,    11.2673       
# span 5 =     -5.593,     15.885       
# span 6 =     0.1273,    32.8384       
# span 7 =    -0.6737,    25.5123       
# span 8 = 0.0000e+00, 0.0000e+00       
# interval = seconds: 0.5
# start_time = Jun 03 2013 14:37:39 [Instrument's time stamp, header]
# bad_flag = -9.990e-29
*END*
[from data line 481]
 154.612263      0.448  31.620883    14.5530    -1.5167      0.444    25.2140    18.5318 -9.990e-29
 154.612269      0.451  31.597275    14.5523    -1.5169      0.447    25.1937    18.5163 -9.990e-29
 154.612274      0.445  31.588481    14.5488    -1.5169      0.441    25.1882    18.5127 -9.990e-29
 154.612280      0.436  31.593399    14.5439    -1.5169      0.432    25.1957    18.5195 -9.990e-29
 154.612286      0.434  31.605893    14.5391    -1.5172      0.430    25.2098    18.5313 -9.990e-29
 154.612292      0.446  31.615752    14.5356    -1.5174      0.442    25.2208    18.5404 -9.990e-29
 154.612297      0.474  31.612234    14.5338    -1.5172      0.470    25.2188    18.5392 -9.990e-29
 154.612303      0.510  31.600162    14.5333    -1.5178      0.506    25.2085    18.5314 -9.990e-29
 154.612309      0.549  31.609529    14.5339    -1.5165      0.544    25.2163    18.5373 -9.990e-29
 154.612315      0.580  31.644989    14.5354    -1.5173      0.575    25.2466    18.5603 -9.990e-29
 154.612321      0.591  31.668741    14.5371    -1.5171      0.586    25.2664    18.5752 -9.990e-29
 154.612326      0.585  31.659277    14.5388    -1.5175      0.580    25.2570    18.5676 -9.990e-29
 154.612332      0.569  31.637568    14.5411    -1.5173      0.564    25.2364    18.5513 -9.990e-29
 154.612338      0.550  31.620577    14.5426    -1.5173      0.545    25.2204    18.5388 -9.990e-29
 154.612344      0.537  31.601886    14.5418    -1.5175      0.533    25.2045    18.5267 -9.990e-29
 154.612350      0.532  31.581209    14.5391    -1.5174      0.528    25.1880    18.5145 -9.990e-29
 154.612355      0.534  31.569602    14.5356    -1.5174      0.530    25.1801    18.5091 -9.990e-29
 154.612361      0.546  31.567827    14.5338    -1.5176      0.541    25.1797    18.5092 -9.990e-29
 154.612367      0.561  31.582476    14.5347    -1.5178      0.556    25.1920    18.5184 -9.990e-29
 154.612373      0.574  31.604534    14.5358    -1.5175      0.569    25.2107    18.5326 -9.990e-29
 154.612378      0.581  31.603519    14.5359    -1.5173      0.576    25.2097    18.5319 -9.990e-29
 154.612384      0.581  31.588717    14.5357    -1.5172      0.576    25.1968    18.5220 -9.990e-29
 154.612390      0.580  31.578462    14.5346    -1.5172      0.575    25.1885    18.5158 -9.990e-29
 154.612396      0.581  31.574196    14.5319    -1.5173      0.576    25.1865    18.5148 -9.990e-29
 154.612402      0.586  31.573593    14.5284    -1.5169      0.581    25.1882    18.5168 -9.990e-29
 154.612407      0.593  31.575851    14.5259    -1.5172      0.588    25.1918    18.5201 -9.990e-29
 154.612413      0.599  31.582866    14.5257    -1.5169      0.594    25.1982    18.5250 -9.990e-29
 154.612419      0.600  31.583843    14.5274    -1.5169      0.595    25.1979    18.5244 -9.990e-29
 154.612425      0.597  31.572810    14.5289    -1.5170      0.592    25.1872    18.5159 -9.990e-29
 154.612431      0.593  31.564168    14.5293    -1.5169      0.588    25.1793    18.5098 -9.990e-29
 154.612436      0.596  31.569907    14.5289    -1.5167      0.591    25.1847    18.5140 -9.990e-29
 154.612442      0.612  31.584248    14.5284    -1.5168      0.607    25.1976    18.5240 -9.990e-29
 154.612448      0.637  31.598328    14.5284    -1.5169      0.632    25.2100    18.5335 -9.990e-29
 154.612454      0.659  31.609093    14.5290    -1.5168      0.653    25.2191    18.5404 -9.990e-29
 154.612459      0.668  31.619143    14.5294    -1.5168      0.662    25.2277    18.5469 -9.990e-29
 154.612465      0.659  31.626769    14.5295    -1.5168      0.653    25.2344    18.5520 -9.990e-29
 154.612471      0.640  31.629266    14.5295    -1.5167      0.635    25.2366    18.5537 -9.990e-29
 154.612477      0.628  31.632208    14.5292    -1.5169      0.623    25.2394    18.5559 -9.990e-29
 154.612483      0.630  31.635041    14.5289    -1.5169      0.625    25.2420    18.5581 -9.990e-29
 154.612488      0.642  31.638748    14.5293    -1.5169      0.637    25.2450    18.5603 -9.990e-29
 154.612494      0.656  31.647715    14.5301    -1.5171      0.651    25.2524    18.5658 -9.990e-29
 154.612500      0.665  31.655428    14.5315     8.7448      0.659    25.2583    18.5701 -9.990e-29
 154.612506      0.664  31.655383    14.5334    10.9954      0.658    25.2570    18.5687 -9.990e-29
 154.612512      0.659  31.650321    14.5341    11.2673      0.653    25.2521    18.5648 -9.990e-29
 154.612517      0.657  31.645811    14.5328     9.8981      0.652    25.2490    18.5626 -9.990e-29
 154.612523      0.662  31.645918    14.5310     6.7451      0.656    25.2503    18.5640 -9.990e-29
 154.612529      0.671  31.651350    14.5304     6.7870      0.665    25.2554    18.5681 -9.990e-29
 154.612535      0.676  31.655918    14.5311     6.8649      0.670    25.2590    18.5707 -9.990e-29
 154.612541      0.672  31.653399    14.5321     6.8600      0.666    25.2561    18.5683 -9.990e-29
 154.612546      0.663  31.645475    14.5324     6.8299      0.657    25.2490    18.5627 -9.990e-29
 154.612552      0.659  31.635580    14.5319     6.7964      0.653    25.2406    18.5563 -9.990e-29
 154.612558      0.661  31.631797    14.5315     6.7711      0.655    25.2375    18.5541 -9.990e-29
 154.612564      0.668  31.639160    14.5318     6.7466      0.662    25.2438    18.5588 -9.990e-29
 154.612569      0.673  31.646217    14.5324     6.7263      0.667    25.2496    18.5632 -9.990e-29
 154.612575      0.679  31.648386    14.5322     6.7275      0.673    25.2516    18.5648 -9.990e-29
 154.612581      0.685  31.650803    14.5318     6.7101      0.679    25.2540    18.5667 -9.990e-29
 154.612587      0.692  31.652776    14.5317     6.7063      0.686    25.2558    18.5681 -9.990e-29
 154.612593      0.700  31.653579    14.5314     6.7057      0.694    25.2567    18.5689 -9.990e-29
 154.612598      0.705  31.653727    14.5312     6.7318      0.699    25.2570    18.5691 -9.990e-29
 154.612604      0.699  31.653419    14.5316     6.7004      0.693    25.2565    18.5686 -9.990e-29
 154.612610      0.683  31.653367    14.5322     6.7024      0.677    25.2560    18.5682 -9.990e-29
 154.612616      0.662  31.653505    14.5325     6.7024      0.656    25.2560    18.5681 -9.990e-29
 154.612622      0.645  31.653461    14.5329     6.7099      0.640    25.2557    18.5678 -9.990e-29
 154.612627      0.638  31.653180    14.5328     6.7327      0.633    25.2555    18.5676 -9.990e-29
 154.612633      0.647  31.652293    14.5317     6.7350      0.642    25.2554    18.5678 -9.990e-29
 154.612639      0.667  31.651298    14.5299     6.7216      0.661    25.2557    18.5684 -9.990e-29
 154.612645      0.686  31.651114    14.5284     6.7040      0.680    25.2565    18.5693 -9.990e-29
 154.612650      0.693  31.651495    14.5283     6.7032      0.687    25.2569    18.5696 -9.990e-29
 154.612656      0.688  31.652393    14.5294     6.7098      0.682    25.2570    18.5695 -9.990e-29
 154.612662      0.685  31.653328    14.5304     6.7162      0.679    25.2572    18.5694 -9.990e-29
 154.612668      0.690  31.653313    14.5305     6.7182      0.684    25.2571    18.5693 -9.990e-29
 154.612674      0.701  31.652892    14.5300     6.7048      0.695    25.2570    18.5694 -9.990e-29
 154.612679      0.709  31.653186    14.5302     6.6963      0.703    25.2572    18.5694 -9.990e-29
 154.612685      0.707  31.654031    14.5312     6.6848      0.701    25.2573    18.5693 -9.990e-29
 154.612691      0.694  31.654317    14.5318     6.6957      0.688    25.2571    18.5691 -9.990e-29
 154.612697      0.677  31.653869    14.5314     6.7068      0.671    25.2570    18.5691 -9.990e-29
 154.612703      0.666  31.653213    14.5306     6.7163      0.660    25.2569    18.5692 -9.990e-29
 154.612708      0.666  31.652596    14.5299     6.7138      0.660    25.2569    18.5693 -9.990e-29
 154.612714      0.679  31.652321    14.5301     6.7299      0.673    25.2565    18.5689 -9.990e-29
 154.612720      0.692  31.652585    14.5312     6.7153      0.686    25.2560    18.5683 -9.990e-29
 154.612726      0.698  31.653182    14.5317     6.7273      0.692    25.2562    18.5684 -9.990e-29
 154.612731      0.701  31.653790    14.5313     6.7650      0.695    25.2570    18.5691 -9.990e-29
 154.612737      0.706  31.654103    14.5309     6.7297      0.700    25.2575    18.5696 -9.990e-29
 154.612743      0.713  31.653983    14.5308     6.7262      0.707    25.2575    18.5696 -9.990e-29
 154.612749      0.718  31.653832    14.5309     6.7094      0.712    25.2573    18.5694 -9.990e-29
 154.612755      0.717  31.654012    14.5311     6.7082      0.711    25.2573    18.5694 -9.990e-29
 154.612760      0.718  31.654206    14.5308     6.7216      0.712    25.2577    18.5697 -9.990e-29
 154.612766      0.731  31.654117    14.5304     6.7278      0.725    25.2578    18.5699 -9.990e-29
 154.612772      0.752  31.654192    14.5304     6.7344      0.746    25.2579    18.5700 -9.990e-29
 154.612778      0.770  31.654533    14.5306     6.7334      0.764    25.2581    18.5701 -9.990e-29
 154.612784      0.772  31.655036    14.5307     6.7430      0.766    25.2585    18.5703 -9.990e-29
 154.612789      0.763  31.655814    14.5309     6.7424      0.757    25.2590    18.5707 -9.990e-29
 154.612795      0.756  31.656230    14.5311     6.7251      0.750    25.2592    18.5709 -9.990e-29
 154.612801      0.754  31.655724    14.5307     6.7057      0.748    25.2591    18.5708 -9.990e-29
 154.612807      0.756  31.654744    14.5293     6.6938      0.750    25.2591    18.5711 -9.990e-29
 154.612812      0.764  31.653666    14.5279     6.6951      0.758    25.2591    18.5714 -9.990e-29
 154.612818      0.774  31.652736    14.5276     6.7078      0.768    25.2584    18.5709 -9.990e-29
 154.612824      0.777  31.652955    14.5284     6.7199      0.771    25.2581    18.5705 -9.990e-29
 154.612830      0.774  31.654058    14.5294     6.7333      0.768    25.2584    18.5706 -9.990e-29
 154.612836      0.773  31.654721    14.5297     6.7345      0.767    25.2588    18.5708 -9.990e-29
 154.612841      0.778  31.654710    14.5288     6.7326      0.772    25.2594    18.5714 -9.990e-29
 154.612847      0.789  31.654015    14.5267     6.7235      0.782    25.2601    18.5724 -9.990e-29
 154.612853      0.804  31.652273    14.5243     6.7190      0.797    25.2602    18.5729 -9.990e-29
 154.612859      0.814  31.650525    14.5243     6.7139      0.807    25.2586    18.5717 -9.990e-29
 154.612865      0.815  31.650918    14.5268     6.7136      0.808    25.2573    18.5702 -9.990e-29
 154.612870      0.809  31.652859    14.5295     6.7212      0.802    25.2573    18.5697 -9.990e-29
 154.612876      0.798  31.653902    14.5308     6.7230      0.791    25.2574    18.5695 -9.990e-29
 154.612882      0.791  31.653763    14.5300     6.7352      0.784    25.2578    18.5700 -9.990e-29
 154.612888      0.791  31.653381    14.5272     6.7463      0.784    25.2593    18.5716 -9.990e-29
 154.612894      0.799  31.653370    14.5249     6.7410      0.792    25.2607    18.5732 -9.990e-29
 154.612899      0.810  31.653717    14.5242     6.7381      0.803    25.2615    18.5740 -9.990e-29
 154.612905      0.817  31.653768    14.5241     6.7278      0.810    25.2616    18.5741 -9.990e-29
 154.612911      0.821  31.653594    14.5239     6.7299      0.814    25.2616    18.5741 -9.990e-29
 154.612917      0.825  31.653527    14.5234     6.7377      0.818    25.2618    18.5744 -9.990e-29
 154.612922      0.830  31.653482    14.5224     6.7338      0.823    25.2625    18.5750 -9.990e-29
 154.612928      0.836  31.653402    14.5219     6.7286      0.829    25.2627    18.5753 -9.990e-29
 154.612934      0.840  31.653183    14.5224     6.7199      0.833    25.2622    18.5748 -9.990e-29
 154.612940      0.837  31.653095    14.5236     6.7127      0.830    25.2613    18.5739 -9.990e-29
 154.612946      0.832  31.653583    14.5248     6.7144      0.825    25.2610    18.5734 -9.990e-29
 154.612951      0.828  31.654181    14.5249     6.7168      0.821    25.2614    18.5738 -9.990e-29
 154.612957      0.825  31.654573    14.5244     6.7247      0.818    25.2621    18.5744 -9.990e-29
 154.612963      0.828  31.654724    14.5245     6.7221      0.821    25.2622    18.5744 -9.990e-29
 154.612969      0.836  31.654278    14.5253     6.7274      0.829    25.2613    18.5736 -9.990e-29
 154.612975      0.841  31.653765    14.5263     6.7226      0.834    25.2602    18.5725 -9.990e-29
 154.612980      0.844  31.653622    14.5268     6.7208      0.837    25.2597    18.5721 -9.990e-29
 154.612986      0.850  31.653661    14.5266     6.7159      0.843    25.2599    18.5722 -9.990e-29
 154.612992      0.854  31.653930    14.5264     6.7134      0.847    25.2602    18.5726 -9.990e-29
 154.612998      0.852  31.654781    14.5264     6.7162      0.845    25.2610    18.5731 -9.990e-29
 154.613003      0.844  31.656223    14.5264     6.7283      0.837    25.2623    18.5741 -9.990e-29
 154.613009      0.834  31.657374    14.5264     6.7320      0.827    25.2633    18.5749 -9.990e-29
 154.613015      0.830  31.657521    14.5253     6.7419      0.823    25.2641    18.5758 -9.990e-29
 154.613021      0.836  31.656295    14.5222     6.7412      0.829    25.2651    18.5771 -9.990e-29
 154.613027      0.848  31.653735    14.5188     6.7320      0.841    25.2650    18.5777 -9.990e-29
 154.613032      0.858  31.652019    14.5181     6.7141      0.851    25.2639    18.5770 -9.990e-29
 154.613038      0.863  31.652771    14.5203     6.7130      0.856    25.2632    18.5760 -9.990e-29
 154.613044      0.862  31.653626    14.5211     6.7147      0.855    25.2634    18.5760 -9.990e-29
 154.613050      0.861  31.652919    14.5179     6.7137      0.854    25.2649    18.5778 -9.990e-29
 154.613056      0.862  31.651943    14.5138     6.7174      0.855    25.2667    18.5800 -9.990e-29
 154.613061      0.863  31.651631    14.5124     6.7214      0.856    25.2673    18.5807 -9.990e-29
 154.613067      0.859  31.652117    14.5145     6.7448      0.852    25.2664    18.5796 -9.990e-29
 154.613073      0.854  31.653481    14.5183     6.7913      0.847    25.2651    18.5779 -9.990e-29
 154.613079      0.855  31.655298    14.5211     6.7438      0.848    25.2649    18.5772 -9.990e-29
 154.613084      0.869  31.656626    14.5219     6.7616      0.862    25.2655    18.5775 -9.990e-29
 154.613090      0.886  31.657550    14.5222     6.7477      0.879    25.2662    18.5779 -9.990e-29
 154.613096      0.895  31.658177    14.5224     6.7254      0.888    25.2666    18.5782 -9.990e-29
 154.613102      0.896  31.658215    14.5220     6.7725      0.889    25.2669    18.5785 -9.990e-29
 154.613108      0.895  31.658271    14.5204     6.7154      0.888    25.2680    18.5797 -9.990e-29
 154.613113      0.890  31.658412    14.5178     6.6999      0.883    25.2698    18.5816 -9.990e-29
 154.613119      0.882  31.658261    14.5169     6.6980      0.875    25.2702    18.5821 -9.990e-29
 154.613125      0.871  31.658729    14.5199     6.7006      0.864    25.2687    18.5803 -9.990e-29
 154.613131      0.859  31.660433    14.5241     6.8111      0.852    25.2675    18.5786 -9.990e-29
 154.613137      0.854  31.662279    14.5267     6.7810      0.847    25.2674    18.5780 -9.990e-29
 154.613142      0.861  31.663366    14.5284     6.7514      0.854    25.2673    18.5776 -9.990e-29
 154.613148      0.875  31.663457    14.5298     6.7589      0.868    25.2664    18.5766 -9.990e-29
 154.613154      0.889  31.663228    14.5311     6.7953      0.882    25.2654    18.5756 -9.990e-29
 154.613160      0.896  31.663486    14.5325     6.8813      0.889    25.2647    18.5748 -9.990e-29
 154.613166      0.891  31.664010    14.5330     6.8028      0.884    25.2648    18.5748 -9.990e-29
 154.613171      0.883  31.664371    14.5307     6.7330      0.876    25.2666    18.5766 -9.990e-29
 154.613177      0.879  31.663368    14.5263     6.9810      0.872    25.2686    18.5790 -9.990e-29
