data/oxygen options/OCNMS/OCNMS1/raw_data/2013/CAST_KL015_130828faed.cnv
* Sea-Bird SBE19 Data File:
* FileName = C:\2013 Mooring Data\2nd Service\Casts\CAST_KL015_130828.hex
* Software Version 1.59
* Temperature SN = 2997
* Conductivity SN = 2997
* System UpLoad Time = Aug 28 2013 15:41:36
** CAST_KL015_130828
* ds
# nquan = 9                                 
# nvalues = 961                         
# units = specified
# name 0 = timeJ: Julian Days
# name 1 = prSM: Pressure, Strain Gauge [db]
# name 2 = c0mS/cm: Conductivity [mS/cm]
# name 3 = t090C: Temperature [ITS-90, deg C]
# name 4 = sbeox0ML/L: Oxygen, SBE 43 [ml/l]
# name 5 = depSM: Depth [salt water, m], lat = 47.5
# name 6 = sal00: Salinity, Practical [PSU]
# name 7 = sigma-é00: Density [sigma-theta, kg/m^3]
# name 8 = flag: flag
# span 0 = 240.398715, 240.404271       
# span 1 =     -5.526,     16.338       
# span 2 =   0.108541,  39.599464       
# span 3 =    14.5349,    16.5096       
# span 4 =    -1.7177,    11.5186       
# span 5 =     -5.480,     16.201       
# span 6 =     0.0638,    32.2193       
# span 7 =    -1.0792,    23.9277       
# span 8 = 0.0000e+00, 0.0000e+00       
# interval = seconds: 0.5
# start_time = Aug 28 2013 09:34:09 [Instrument's time stamp, header]
# bad_flag = -9.990e-29
*END*
[from data line 321]
 240.400573     -0.974   0.193712    16.4361    -1.7162     -0.966     0.1118    -1.0412 -9.990e-29
 240.400579     -0.968   0.193495    16.4412    -1.7163     -0.960     0.1117    -1.0421 -9.990e-29
 240.400584     -0.964   0.193228    16.4447    -1.7164     -0.956     0.1115    -1.0428 -9.990e-29
 240.400590     -0.961   0.192556    16.4447    -1.7164     -0.953     0.1111    -1.0431 -9.990e-29
 240.400596     -0.960   0.191134    16.4426    -1.7164     -0.952     0.1103    -1.0434 -9.990e-29
 240.400602     -0.959   0.189281    16.4409    -1.7163     -0.951     0.1092    -1.0439 -9.990e-29
 240.400608     -0.960   0.187848    16.4403    -1.7164     -0.952     0.1084    -1.0445 -9.990e-29
 240.400613     -0.962   0.187137    16.4399    -1.7165     -0.954     0.1080    -1.0447 -9.990e-29
 240.400619     -0.961   0.186753    16.4391    -1.7166     -0.953     0.1078    -1.0448 -9.990e-29
 240.400625     -0.952   0.186186    16.4376    -1.7166     -0.944     0.1075    -1.0448 -9.990e-29
 240.400631     -0.940   0.185233    16.4356    -1.7167     -0.932     0.1069    -1.0448 -9.990e-29
 240.400637     -0.932   0.184283    16.4337    -1.7166     -0.924     0.1064    -1.0449 -9.990e-29
 240.400642     -0.932   0.183729    16.4327    -1.7165     -0.924     0.1061    -1.0450 -9.990e-29
 240.400648     -0.936   0.183385    16.4325    -1.7165     -0.928     0.1059    -1.0451 -9.990e-29
 240.400654     -0.939   0.182792    16.4324    -1.7165     -0.931     0.1056    -1.0454 -9.990e-29
 240.400660     -0.942   0.181713    16.4313    -1.7165     -0.934     0.1050    -1.0457 -9.990e-29
 240.400666     -0.945   0.180368    16.4291    -1.7163     -0.937     0.1042    -1.0459 -9.990e-29
 240.400671     -0.948   0.179180    16.4269    -1.7162     -0.940     0.1035    -1.0460 -9.990e-29
 240.400677     -0.951   0.178222    16.4252    -1.7161     -0.943     0.1030    -1.0462 -9.990e-29
 240.400683     -0.955   0.177326    16.4243    -1.7159     -0.947     0.1025    -1.0464 -9.990e-29
 240.400689     -0.960   0.176404    16.4249    -1.7158     -0.952     0.1019    -1.0469 -9.990e-29
 240.400694     -0.966   0.175334    16.4264    -1.7157     -0.958     0.1013    -1.0476 -9.990e-29
 240.400700     -0.970   0.174349    16.4279    -1.7156     -0.962     0.1008    -1.0483 -9.990e-29
 240.400706     -0.966   0.173796    16.4296    -1.7157     -0.958     0.1004    -1.0489 -9.990e-29
 240.400712     -0.960   0.173490    16.4321    -1.7157     -0.952     0.1003    -1.0494 -9.990e-29
 240.400718     -0.955   0.173023    16.4359    -1.7157     -0.947     0.1000    -1.0503 -9.990e-29
 240.400723     -0.951   0.172327    16.4403    -1.7158     -0.943     0.0996    -1.0513 -9.990e-29
 240.400729     -0.947   0.171578    16.4452    -1.7157     -0.939     0.0991    -1.0525 -9.990e-29
 240.400735     -0.944   0.170884    16.4505    -1.7157     -0.936     0.0987    -1.0537 -9.990e-29
 240.400741     -0.941   0.170426    16.4552    -1.7155     -0.933     0.0985    -1.0547 -9.990e-29
 240.400747     -0.938   0.170149    16.4587    -1.7155     -0.930     0.0983    -1.0554 -9.990e-29
 240.400752     -0.934   0.169681    16.4609    -1.7154     -0.926     0.0980    -1.0560 -9.990e-29
 240.400758     -0.930   0.168953    16.4618    -1.7155     -0.922     0.0976    -1.0564 -9.990e-29
 240.400764     -0.926   0.168099    16.4617    -1.7156     -0.918     0.0971    -1.0568 -9.990e-29
 240.400770     -0.920   0.167088    16.4610    -1.7156     -0.912     0.0966    -1.0571 -9.990e-29
 240.400775     -0.913   0.166232    16.4610    -1.7156     -0.905     0.0961    -1.0575 -9.990e-29
 240.400781     -0.904   0.166049    16.4625    -1.7157     -0.896     0.0960    -1.0578 -9.990e-29
 240.400787     -0.892   0.166297    16.4652    -1.7155     -0.885     0.0961    -1.0582 -9.990e-29
 240.400793     -0.882   0.166196    16.4678    -1.7154     -0.875     0.0960    -1.0587 -9.990e-29
 240.400799     -0.877   0.165612    16.4695    -1.7155     -0.870     0.0957    -1.0592 -9.990e-29
 240.400804     -0.871   0.164874    16.4705    -1.7156     -0.864     0.0953    -1.0597 -9.990e-29
 240.400810     -0.862   0.164104    16.4705    -1.7156     -0.855     0.0949    -1.0600 -9.990e-29
 240.400816     -0.847   0.163383    16.4696    -1.7158     -0.840     0.0944    -1.0602 -9.990e-29
 240.400822     -0.830   0.162856    16.4686    -1.7157     -0.823     0.0942    -1.0603 -9.990e-29
 240.400828     -0.819   0.162743    16.4679    -1.7155     -0.812     0.0941    -1.0602 -9.990e-29
 240.400833     -0.813   0.162893    16.4683    -1.7153     -0.806     0.0942    -1.0602 -9.990e-29
 240.400839     -0.807   0.162768    16.4699    -1.7152     -0.800     0.0941    -1.0605 -9.990e-29
 240.400845     -0.802   0.162201    16.4714    -1.7152     -0.795     0.0938    -1.0610 -9.990e-29
 240.400851     -0.791   0.161358    16.4713    -1.7154     -0.784     0.0933    -1.0614 -9.990e-29
 240.400856     -0.776   0.160223    16.4699    -1.7154     -0.770     0.0927    -1.0616 -9.990e-29
 240.400862     -0.762   0.158946    16.4679    -1.7154     -0.756     0.0919    -1.0618 -9.990e-29
 240.400868     -0.754   0.158037    16.4662    -1.7154     -0.748     0.0914    -1.0620 -9.990e-29
 240.400874     -0.752   0.157946    16.4672    -1.7154     -0.746     0.0914    -1.0622 -9.990e-29
 240.400880     -0.750   0.158552    16.4721    -1.7152     -0.744     0.0917    -1.0627 -9.990e-29
 240.400885     -0.744   0.159003    16.4780    -1.7152     -0.738     0.0920    -1.0635 -9.990e-29
 240.400891     -0.739   0.158793    16.4812    -1.7152     -0.733     0.0918    -1.0642 -9.990e-29
 240.400897     -0.738   0.158195    16.4808    -1.7153     -0.732     0.0915    -1.0644 -9.990e-29
 240.400903     -0.737   0.157520    16.4792    -1.7153     -0.731     0.0911    -1.0644 -9.990e-29
 240.400909     -0.731   0.156976    16.4785    -1.7156     -0.725     0.0908    -1.0645 -9.990e-29
 240.400914     -0.725   0.156392    16.4785    -1.7158     -0.719     0.0905    -1.0648 -9.990e-29
 240.400920     -0.722   0.155542    16.4790    -1.7159     -0.716     0.0900    -1.0652 -9.990e-29
 240.400926     -0.722   0.154955    16.4803    -1.7159     -0.716     0.0897    -1.0657 -9.990e-29
 240.400932     -0.726   0.154957    16.4823    -1.7159     -0.720     0.0897    -1.0660 -9.990e-29
 240.400938     -0.728   0.154996    16.4838    -1.7159     -0.722     0.0897    -1.0663 -9.990e-29
 240.400943     -0.725   0.154572    16.4835    -1.7158     -0.719     0.0894    -1.0664 -9.990e-29
 240.400949     -0.722   0.153672    16.4810    -1.7157     -0.716     0.0889    -1.0664 -9.990e-29
 240.400955     -0.721   0.152756    16.4766    -1.7153     -0.715     0.0884    -1.0660 -9.990e-29
 240.400961     -0.719   0.152265    16.4711    -1.7155     -0.713     0.0882    -1.0653 -9.990e-29
 240.400966     -0.712   0.152100    16.4657    -1.7155     -0.706     0.0881    -1.0645 -9.990e-29
 240.400972     -0.703   0.152040    16.4621    -1.7154     -0.697     0.0880    -1.0639 -9.990e-29
 240.400978     -0.696   0.152007    16.4606    -1.7153     -0.690     0.0880    -1.0636 -9.990e-29
 240.400984     -0.690   0.151955    16.4607    -1.7151     -0.684     0.0880    -1.0637 -9.990e-29
 240.400990     -0.685   0.151816    16.4619    -1.7150     -0.679     0.0879    -1.0639 -9.990e-29
 240.400995     -0.681   0.151404    16.4645    -1.7151     -0.675     0.0877    -1.0646 -9.990e-29
 240.401001     -0.678   0.150726    16.4693    -1.7153     -0.672     0.0873    -1.0657 -9.990e-29
 240.401007     -0.674   0.149986    16.4738    -1.7154     -0.668     0.0869    -1.0668 -9.990e-29
 240.401013     -0.671   0.149305    16.4755    -1.7156     -0.665     0.0865    -1.0673 -9.990e-29
 240.401019     -0.668   0.148881    16.4766    -1.7158     -0.662     0.0862    -1.0677 -9.990e-29
 240.401024     -0.665   0.148703    16.4797    -1.7160     -0.659     0.0861    -1.0683 -9.990e-29
 240.401030     -0.661   0.148533    16.4844    -1.7160     -0.655     0.0860    -1.0692 -9.990e-29
 240.401036     -0.656   0.148147    16.4889    -1.7158     -0.651     0.0858    -1.0701 -9.990e-29
 240.401042     -0.650   0.147584    16.4910    -1.7156     -0.645     0.0855    -1.0707 -9.990e-29
 240.401047     -0.647   0.147199    16.4891    -1.7156     -0.642     0.0853    -1.0706 -9.990e-29
 240.401053     -0.651   0.147034    16.4843    -1.7155     -0.646     0.0852    -1.0698 -9.990e-29
 240.401059     -0.657   0.146869    16.4784    -1.7154     -0.652     0.0851    -1.0689 -9.990e-29
 240.401065     -0.663   0.146485    16.4719    -1.7154     -0.657     0.0849    -1.0680 -9.990e-29
 240.401071     -0.668   0.145922    16.4655    -1.7154     -0.662     0.0846    -1.0671 -9.990e-29
 240.401076     -0.672   0.145537    16.4615    -1.7153     -0.666     0.0844    -1.0666 -9.990e-29
 240.401082     -0.677   0.145371    16.4613    -1.7154     -0.671     0.0843    -1.0667 -9.990e-29
 240.401088     -0.682   0.145205    16.4643    -1.7156     -0.676     0.0842    -1.0672 -9.990e-29
 240.401094     -0.687   0.144818    16.4683    -1.7157     -0.681     0.0840    -1.0681 -9.990e-29
 240.401100     -0.689   0.144246    16.4719    -1.7157     -0.683     0.0836    -1.0689 -9.990e-29
 240.401105     -0.684   0.143834    16.4752    -1.7157     -0.678     0.0834    -1.0697 -9.990e-29
 240.401111     -0.675   0.143586    16.4777    -1.7155     -0.669     0.0833    -1.0702 -9.990e-29
 240.401117     -0.666   0.143174    16.4792    -1.7153     -0.660     0.0830    -1.0706 -9.990e-29
 240.401123     -0.656   0.142602    16.4801    -1.7152     -0.651     0.0827    -1.0710 -9.990e-29
 240.401128     -0.650   0.142214    16.4802    -1.7151     -0.645     0.0825    -1.0712 -9.990e-29
 240.401134     -0.651   0.142048    16.4784    -1.7151     -0.646     0.0824    -1.0710 -9.990e-29
 240.401140     -0.655   0.141883    16.4751    -1.7152     -0.650     0.0823    -1.0705 -9.990e-29
 240.401146     -0.658   0.141500    16.4722    -1.7156     -0.653     0.0821    -1.0702 -9.990e-29
 240.401152     -0.660   0.140941    16.4713    -1.7157     -0.654     0.0818    -1.0703 -9.990e-29
 240.401157     -0.661   0.140568    16.4731    -1.7156     -0.655     0.0816    -1.0707 -9.990e-29
 240.401163     -0.661   0.140438    16.4774    -1.7156     -0.655     0.0815    -1.0715 -9.990e-29
 240.401169     -0.661   0.140378    16.4829    -1.7155     -0.655     0.0814    -1.0725 -9.990e-29
 240.401175     -0.659   0.140310    16.4874    -1.7155     -0.654     0.0814    -1.0733 -9.990e-29
 240.401181     -0.657   0.140141    16.4895    -1.7155     -0.652     0.0813    -1.0737 -9.990e-29
 240.401186     -0.654   0.139647    16.4885    -1.7155     -0.649     0.0810    -1.0737 -9.990e-29
 240.401192     -0.649   0.138725    16.4842    -1.7154     -0.644     0.0805    -1.0734 -9.990e-29
 240.401198     -0.643   0.137805    16.4781    -1.7152     -0.638     0.0800    -1.0728 -9.990e-29
 240.401204     -0.640   0.137321    16.4738    -1.7150     -0.635     0.0797    -1.0723 -9.990e-29
 240.401209     -0.643   0.137182    16.4730    -1.7147     -0.638     0.0797    -1.0722 -9.990e-29
 240.401215     -0.648   0.137204    16.4742    -1.7146     -0.643     0.0797    -1.0724 -9.990e-29
 240.401221     -0.652   0.137418    16.4759    -1.7145     -0.647     0.0798    -1.0726 -9.990e-29
 240.401227     -0.654   0.137555    16.4773    -1.7148     -0.649     0.0799    -1.0728 -9.990e-29
 240.401233     -0.656   0.137246    16.4783    -1.7150     -0.651     0.0797    -1.0731 -9.990e-29
 240.401238     -0.656   0.136630    16.4802    -1.7150     -0.651     0.0793    -1.0736 -9.990e-29
 240.401244     -0.655   0.135994    16.4846    -1.7151     -0.650     0.0790    -1.0747 -9.990e-29
 240.401250     -0.652   0.135596    16.4910    -1.7151     -0.647     0.0787    -1.0759 -9.990e-29
 240.401256     -0.649   0.135462    16.4982    -1.7150     -0.644     0.0787    -1.0772 -9.990e-29
 240.401262     -0.644   0.135413    16.5050    -1.7148     -0.639     0.0786    -1.0784 -9.990e-29
 240.401267     -0.637   0.135385    16.5094    -1.7149     -0.632     0.0786    -1.0791 -9.990e-29
 240.401273     -0.628   0.135339    16.5096    -1.7152     -0.623     0.0786    -1.0792 -9.990e-29
 240.401279     -0.616   0.135216    16.5054    -1.7153     -0.611     0.0785    -1.0785 -9.990e-29
 240.401285     -0.604   0.134850    16.5001    -1.7153     -0.599     0.0783    -1.0778 -9.990e-29
 240.401291     -0.597   0.134308    16.4970    -1.7153     -0.592     0.0780    -1.0775 -9.990e-29
 240.401296     -0.589   0.133974    16.4959    -1.7153     -0.584     0.0778    -1.0775 -9.990e-29
 240.401302     -0.576   0.133958    16.4966    -1.7156     -0.571     0.0778    -1.0776 -9.990e-29
 240.401308     -0.561   0.134240    16.4986    -1.7157     -0.556     0.0780    -1.0778 -9.990e-29
 240.401314     -0.552   0.134643    16.4996    -1.7157     -0.547     0.0782    -1.0778 -9.990e-29
 240.401319     -0.547   0.134597    16.4975    -1.7158     -0.542     0.0782    -1.0775 -9.990e-29
 240.401325     -0.540   0.134040    16.4930    -1.7158     -0.535     0.0779    -1.0769 -9.990e-29
 240.401331     -0.528   0.133336    16.4892    -1.7157     -0.524     0.0775    -1.0766 -9.990e-29
 240.401337     -0.519   0.132654    16.4874    -1.7157     -0.515     0.0771    -1.0766 -9.990e-29
 240.401343     -0.518   0.132193    16.4863    -1.7157     -0.514     0.0768    -1.0766 -9.990e-29
 240.401348     -0.520   0.131893    16.4838    -1.7159     -0.516     0.0767    -1.0763 -9.990e-29
 240.401354     -0.517   0.131356    16.4795    -1.7158     -0.513     0.0764    -1.0758 -9.990e-29
 240.401360     -0.507   0.130417    16.4754    -1.7157     -0.503     0.0759    -1.0755 -9.990e-29
 240.401366     -0.501   0.129488    16.4726    -1.7157     -0.497     0.0754    -1.0755 -9.990e-29
 240.401372     -0.500   0.128989    16.4709    -1.7157     -0.496     0.0751    -1.0754 -9.990e-29
 240.401377     -0.506   0.128811    16.4704    -1.7158     -0.502     0.0750    -1.0754 -9.990e-29
 240.401383     -0.514   0.128715    16.4708    -1.7160     -0.510     0.0749    -1.0755 -9.990e-29
 240.401389     -0.516   0.128573    16.4714    -1.7161     -0.512     0.0748    -1.0756 -9.990e-29
 240.401395     -0.512   0.128198    16.4710    -1.7162     -0.508     0.0746    -1.0757 -9.990e-29
 240.401400     -0.511   0.127641    16.4697    -1.7163     -0.507     0.0743    -1.0758 -9.990e-29
 240.401406     -0.516   0.127269    16.4692    -1.7164     -0.512     0.0741    -1.0758 -9.990e-29
 240.401412     -0.525   0.127141    16.4702    -1.7163     -0.521     0.0740    -1.0761 -9.990e-29
 240.401418     -0.528   0.127086    16.4713    -1.7163     -0.524     0.0740    -1.0763 -9.990e-29
 240.401424     -0.527   0.127031    16.4706    -1.7163     -0.523     0.0740    -1.0762 -9.990e-29
 240.401429     -0.525   0.126903    16.4679    -1.7164     -0.521     0.0739    -1.0758 -9.990e-29
 240.401435     -0.522   0.126532    16.4638    -1.7165     -0.518     0.0737    -1.0752 -9.990e-29
 240.401441     -0.522   0.125976    16.4594    -1.7165     -0.518     0.0734    -1.0747 -9.990e-29
 240.401447     -0.526   0.125602    16.4555    -1.7166     -0.522     0.0732    -1.0742 -9.990e-29
 240.401453     -0.528   0.125465    16.4523    -1.7165     -0.524     0.0731    -1.0738 -9.990e-29
 240.401458     -0.530   0.125382    16.4502    -1.7167     -0.526     0.0731    -1.0734 -9.990e-29
 240.401464     -0.532   0.125245    16.4492    -1.7167     -0.528     0.0730    -1.0733 -9.990e-29
 240.401470     -0.534   0.124871    16.4487    -1.7167     -0.530     0.0728    -1.0734 -9.990e-29
 240.401476     -0.530   0.124315    16.4482    -1.7169     -0.526     0.0725    -1.0736 -9.990e-29
 240.401481     -0.518   0.123943    16.4474    -1.7169     -0.514     0.0723    -1.0736 -9.990e-29
 240.401487     -0.500   0.123811    16.4458    -1.7169     -0.496     0.0722    -1.0734 -9.990e-29
