data/oxygen options/OCNMS/OCNMS1/raw_data/2013/CAST_CA042_130729faed.cnv
* Sea-Bird SBE19 Data File:
* FileName = C:\2013 Mooring Data\1st Service\Casts\CAST_CA042_130729.hex
* Software Version 1.59
* Temperature SN = 2997
* Conductivity SN = 2997
* System UpLoad Time = Jul 29 2013 14:07:44
** CAST_CA042_130729
* ds
# nquan = 9                                 
# nvalues = 803                         
# units = specified
# name 0 = timeJ: Julian Days
# name 1 = prSM: Pressure, Strain Gauge [db]
# name 2 = c0mS/cm: Conductivity [mS/cm]
# name 3 = t090C: Temperature [ITS-90, deg C]
# name 4 = sbeox0ML/L: Oxygen, SBE 43 [ml/l]
# name 5 = depSM: Depth [salt water, m], lat = 47.5
# name 6 = sal00: Salinity, Practical [PSU]
# name 7 = sigma-é00: Density [sigma-theta, kg/m^3]
# name 8 = flag: flag
# span 0 = 210.499051, 210.503692       
# span 1 =     -5.242,     41.916       
# span 2 =   0.292313,  37.365900       
# span 3 =     7.1790,    13.1629       
# span 4 =    -1.8333,    13.8811       
# span 5 =     -5.198,     41.562       
# span 6 =     0.1838,    33.8811       
# span 7 =    -0.4805,    26.5123       
# span 8 = 0.0000e+00, 0.0000e+00       
# interval = seconds: 0.5
# start_time = Jul 29 2013 11:58:38 [Instrument's time stamp, header]
# bad_flag = -9.990e-29
*END*
[from data line 321]
 210.500909     -0.790   0.293472    12.8949    -1.8207     -0.783     0.1843    -0.4640 -9.990e-29
 210.500914     -0.769   0.293332    12.9051    -1.8203     -0.763     0.1842    -0.4654 -9.990e-29
 210.500920     -0.749   0.293535    12.9176    -1.8197     -0.743     0.1842    -0.4669 -9.990e-29
 210.500926     -0.734   0.293796    12.9262    -1.8193     -0.728     0.1844    -0.4679 -9.990e-29
 210.500932     -0.723   0.293902    12.9284    -1.8189     -0.717     0.1844    -0.4682 -9.990e-29
 210.500937     -0.716   0.293991    12.9281    -1.8187     -0.710     0.1845    -0.4681 -9.990e-29
 210.500943     -0.711   0.294178    12.9301    -1.8185     -0.705     0.1846    -0.4682 -9.990e-29
 210.500949     -0.708   0.294706    12.9354    -1.8182     -0.702     0.1849    -0.4687 -9.990e-29
 210.500955     -0.708   0.295722    12.9432    -1.8182     -0.702     0.1855    -0.4692 -9.990e-29
 210.500961     -0.709   0.296913    12.9530    -1.8182     -0.703     0.1862    -0.4698 -9.990e-29
 210.500966     -0.713   0.297648    12.9647    -1.8180     -0.707     0.1867    -0.4710 -9.990e-29
 210.500972     -0.716   0.297796    12.9778    -1.8179     -0.710     0.1867    -0.4726 -9.990e-29
 210.500978     -0.708   0.298102    12.9906    -1.8179     -0.702     0.1868    -0.4742 -9.990e-29
 210.500984     -0.694   0.298967    13.0007    -1.8178     -0.688     0.1873    -0.4750 -9.990e-29
 210.500990     -0.685   0.299880    13.0081    -1.8176     -0.679     0.1879    -0.4756 -9.990e-29
 210.500995     -0.682   0.300393    13.0147    -1.8175     -0.676     0.1882    -0.4762 -9.990e-29
 210.501001     -0.679   0.300632    13.0203    -1.8173     -0.673     0.1883    -0.4768 -9.990e-29
 210.501007     -0.677   0.300910    13.0236    -1.8171     -0.671     0.1885    -0.4771 -9.990e-29
 210.501013     -0.674   0.301592    13.0257    -1.8167     -0.668     0.1889    -0.4770 -9.990e-29
 210.501019     -0.672   0.303031    13.0281    -1.8167     -0.666     0.1898    -0.4766 -9.990e-29
 210.501024     -0.670   0.304924    13.0305    -1.8168     -0.664     0.1910    -0.4760 -9.990e-29
 210.501030     -0.668   0.306469    13.0328    -1.8167     -0.662     0.1920    -0.4755 -9.990e-29
 210.501036     -0.665   0.307507    13.0359    -1.8164     -0.659     0.1926    -0.4754 -9.990e-29
 210.501042     -0.661   0.308309    13.0399    -1.8162     -0.655     0.1931    -0.4755 -9.990e-29
 210.501047     -0.657   0.308831    13.0443    -1.8157     -0.652     0.1934    -0.4758 -9.990e-29
 210.501053     -0.652   0.309211    13.0493    -1.8153     -0.647     0.1937    -0.4763 -9.990e-29
 210.501059     -0.646   0.309950    13.0549    -1.8153     -0.641     0.1941    -0.4767 -9.990e-29
 210.501065     -0.642   0.311476    13.0599    -1.8150     -0.637     0.1951    -0.4766 -9.990e-29
 210.501071     -0.645   0.313603    13.0627    -1.8148     -0.640     0.1964    -0.4759 -9.990e-29
 210.501076     -0.651   0.315287    13.0644    -1.8146     -0.646     0.1975    -0.4753 -9.990e-29
 210.501082     -0.655   0.316000    13.0678    -1.8144     -0.650     0.1979    -0.4754 -9.990e-29
 210.501088     -0.657   0.316688    13.0737    -1.8143     -0.652     0.1983    -0.4758 -9.990e-29
 210.501094     -0.659   0.318264    13.0818    -1.8141     -0.654     0.1993    -0.4761 -9.990e-29
 210.501100     -0.660   0.320608    13.0915    -1.8139     -0.654     0.2007    -0.4762 -9.990e-29
 210.501105     -0.660   0.322967    13.1002    -1.8138     -0.654     0.2022    -0.4762 -9.990e-29
 210.501111     -0.660   0.324603    13.1066    -1.8136     -0.654     0.2032    -0.4762 -9.990e-29
 210.501117     -0.658   0.325477    13.1125    -1.8135     -0.653     0.2038    -0.4765 -9.990e-29
 210.501123     -0.656   0.326198    13.1186    -1.8136     -0.651     0.2042    -0.4770 -9.990e-29
 210.501128     -0.652   0.327167    13.1246    -1.8135     -0.647     0.2048    -0.4773 -9.990e-29
 210.501134     -0.647   0.328010    13.1298    -1.8133     -0.642     0.2053    -0.4776 -9.990e-29
 210.501140     -0.641   0.328187    13.1343    -1.8132     -0.636     0.2054    -0.4781 -9.990e-29
 210.501146     -0.632   0.327927    13.1389    -1.8133     -0.627     0.2052    -0.4788 -9.990e-29
 210.501152     -0.621   0.327988    13.1438    -1.8134     -0.616     0.2052    -0.4794 -9.990e-29
 210.501157     -0.607   0.328447    13.1487    -1.8134     -0.602     0.2055    -0.4799 -9.990e-29
 210.501163     -0.588   0.328803    13.1528    -1.8134     -0.583     0.2057    -0.4802 -9.990e-29
 210.501169     -0.568   0.328975    13.1550    -1.8133     -0.563     0.2058    -0.4804 -9.990e-29
 210.501175     -0.555   0.329194    13.1560    -1.8132     -0.550     0.2059    -0.4805 -9.990e-29
 210.501181     -0.547   0.329756    13.1579    -1.6436     -0.542     0.2063    -0.4804 -9.990e-29
 210.501186     -0.535   0.330864    13.1609    -1.5100     -0.531     0.2070    -0.4803 -9.990e-29
 210.501192     -0.515   0.332892    13.1629    -1.5121     -0.511     0.2082    -0.4795 -9.990e-29
 210.501198     -0.488   0.336889    13.1623    -1.5140     -0.484     0.2108    -0.4775 -9.990e-29
 210.501204     -0.463   0.345973    13.1594    -1.5162     -0.459     0.2166    -0.4725 -9.990e-29
 210.501209     -0.442   0.370601    13.1545    -1.5176     -0.438     0.2325    -0.4596 -9.990e-29
 210.501215     -0.423   0.442507    13.1432    -1.5168     -0.419     0.2791    -0.4218 -9.990e-29
 210.501221     -0.401   0.657019    13.1097    -1.5160     -0.398     0.4202    -0.3076 -9.990e-29
 210.501227     -0.366   1.300156    13.0080    -1.5172     -0.363     0.8582     0.0461 -9.990e-29
 210.501233     -0.311   3.228333    12.7806    -1.5185     -0.308     2.2511     1.1558 -9.990e-29
 210.501238     -0.238   9.005259    12.4823    -1.5189     -0.236     6.7851     4.7005 -9.990e-29
 210.501244     -0.150  19.473641    12.2509    -1.5197     -0.149    15.7347    11.6385 -9.990e-29
 210.501250     -0.046  29.475676    12.1141    -1.5189     -0.046    24.8722    18.7185 -9.990e-29
 210.501256      0.077  34.632685    12.0212    -1.5194      0.076    29.7996    22.5498 -9.990e-29
 210.501262      0.213  36.346018    11.9520    -1.5199      0.211    31.4991    23.8803 -9.990e-29
 210.501267      0.349  36.911955    11.9076    -1.5199      0.346    32.0830    24.3416 -9.990e-29
 210.501273      0.469  37.137816    11.8896    -1.5191      0.465    32.3170    24.5265 -9.990e-29
 210.501279      0.559  37.271039    11.8848    -1.5193      0.554    32.4502    24.6308 -9.990e-29
 210.501285      0.616  37.317330    11.8783    -1.5205      0.611    32.5007    24.6712 -9.990e-29
 210.501291      0.652  37.271827    11.8672    -1.5198      0.647    32.4663    24.6465 -9.990e-29
 210.501296      0.682  37.202252    11.8524    -1.5198      0.676    32.4117    24.6069 -9.990e-29
 210.501302      0.713  37.158235    11.8370    -1.5198      0.707    32.3825    24.5870 -9.990e-29
 210.501308      0.747  37.151768    11.8262    -1.5191      0.741    32.3856    24.5914 -9.990e-29
 210.501314      0.780  37.170390    11.8213    -1.5177      0.773    32.4079    24.6096 -9.990e-29
 210.501319      0.808  37.175149    11.8174    -1.5185      0.801    32.4159    24.6166 -9.990e-29
 210.501325      0.827  37.164632    11.8105    -1.5189      0.820    32.4117    24.6146 -9.990e-29
 210.501331      0.839  37.174766    11.8071    -1.5184      0.832    32.4245    24.6252 -9.990e-29
 210.501337      0.844  37.202343    11.8178    -1.5164      0.837    32.4419    24.6367 -9.990e-29
 210.501343      0.842  37.197379    11.8377    -1.5135      0.835    32.4198    24.6158 -9.990e-29
 210.501348      0.838  37.149981    11.8519    -1.5123      0.831    32.3614    24.5679 -9.990e-29
 210.501354      0.841  37.106293    11.8583    -1.5125      0.834    32.3135    24.5296 -9.990e-29
 210.501360      0.854  37.092196    11.8659    -1.5127      0.847    32.2933    24.5125 -9.990e-29
 210.501366      0.870  37.109153    11.8772    -1.5120      0.863    32.2999    24.5155 -9.990e-29
 210.501372      0.873  37.149050    11.8890    -1.5115      0.866    32.3283    24.5353 -9.990e-29
 210.501377      0.859  37.174970    11.9052    -1.5116      0.852    32.3393    24.5409 -9.990e-29
 210.501383      0.839  37.162177    11.9382    -1.5117      0.832    32.2983    24.5030 -9.990e-29
 210.501389      0.825  37.141886    11.9966    -1.5110      0.818    32.2281    24.4377 -9.990e-29
 210.501395      0.826  37.150439    12.0687    -1.5106      0.819    32.1742    24.3824 -9.990e-29
 210.501400      0.844  37.187009    12.1206    -1.5109      0.837    32.1647    24.3654 -9.990e-29
 210.501406      0.873  37.223142    12.1371    -1.5120      0.866    32.1852    24.3782 -9.990e-29
 210.501412      0.898  37.246052    12.1445    -1.5120      0.891    32.2009    24.3890 -9.990e-29
 210.501418      0.907  37.267334    12.1609    -1.5111      0.899    32.2072    24.3908 -9.990e-29
 210.501424      0.901  37.280716    12.1748    -1.5107      0.893    32.2081    24.3889 -9.990e-29
 210.501429      0.892  37.282840    12.1800    -1.5101      0.885    32.2057    24.3860 -9.990e-29
 210.501435      0.893  37.285037    12.1843    -1.5097      0.886    32.2041    24.3840 -9.990e-29
 210.501441      0.903  37.289768    12.1925    -1.5098      0.895    32.2015    24.3805 -9.990e-29
 210.501447      0.915  37.299508    12.1979    -1.5097      0.907    32.2063    24.3831 -9.990e-29
 210.501453      0.921  37.313325    12.1910    -1.5097      0.913    32.2255    24.3993 -9.990e-29
 210.501458      0.916  37.320039    12.1763    -1.5098      0.908    32.2446    24.4169 -9.990e-29
 210.501464      0.906  37.315246    12.1722    -1.5099      0.898    32.2435    24.4169 -9.990e-29
 210.501470      0.898  37.310572    12.1861    -1.5095      0.891    32.2271    24.4015 -9.990e-29
 210.501476      0.900  37.316116    12.2059    -1.5099      0.892    32.2153    24.3887 -9.990e-29
 210.501481      0.911  37.327033    12.2225    -1.5107      0.903    32.2115    24.3826 -9.990e-29
 210.501487      0.925  37.338922    12.2339    -1.5108      0.917    32.2131    24.3817 -9.990e-29
 210.501493      0.937  37.352041    12.2399    -1.5104      0.929    32.2205    24.3863 -9.990e-29
 210.501499      0.945  37.362124    12.2430    -1.5099      0.937    32.2275    24.3912 -9.990e-29
 210.501505      0.945  37.365900    12.2458    -1.5100      0.937    32.2288    24.3916 -9.990e-29
 210.501510      0.940  37.365129    12.2484    -1.5101      0.932    32.2258    24.3888 -9.990e-29
 210.501516      0.935  37.359434    12.2503    -1.5102      0.927    32.2187    24.3829 -9.990e-29
 210.501522      0.929  37.349714    12.2480    -1.5102      0.921    32.2113    24.3777 -9.990e-29
 210.501528      0.927  37.343269    12.2350    -1.5102      0.919    32.2163    24.3840 -9.990e-29
 210.501534      0.932  37.343361    12.2167    -1.5100      0.924    32.2322    24.3997 -9.990e-29
 210.501539      0.941  37.346840    12.2093    -1.5106      0.933    32.2419    24.4086 -9.990e-29
 210.501545      0.950  37.351706    12.2173    10.5284      0.942    32.2397    24.4054 -9.990e-29
 210.501551      0.959  37.355006    12.2277    13.4496      0.951    32.2339    24.3990 -9.990e-29
 210.501557      0.969  37.353946    12.2297    13.8811      0.961    32.2311    24.3965 -9.990e-29
 210.501563      0.980  37.352808    12.2260    12.3376      0.972    32.2332    24.3988 -9.990e-29
 210.501568      0.994  37.356329    12.2228     8.5617      0.986    32.2394    24.4041 -9.990e-29
 210.501574      1.006  37.362010    12.2222     8.7656      0.998    32.2453    24.4089 -9.990e-29
 210.501580      1.014  37.364626    12.2228     9.0002      1.006    32.2473    24.4103 -9.990e-29
 210.501586      1.023  37.363270    12.2217     9.0463      1.014    32.2470    24.4102 -9.990e-29
 210.501591      1.036  37.361827    12.2215     8.9900      1.027    32.2457    24.4093 -9.990e-29
 210.501597      1.051  37.361263    12.2279     8.9240      1.042    32.2397    24.4034 -9.990e-29
 210.501603      1.060  37.356434    12.2336     8.8415      1.051    32.2301    24.3950 -9.990e-29
 210.501609      1.063  37.345469    12.2270     8.7777      1.054    32.2253    24.3924 -9.990e-29
 210.501615      1.065  37.321684    12.2146     8.7606      1.056    32.2131    24.3853 -9.990e-29
 210.501620      1.063  37.301073    12.2162     8.7595      1.054    32.1919    24.3686 -9.990e-29
 210.501626      1.051  37.314507    12.2363     8.7671      1.042    32.1876    24.3614 -9.990e-29
 210.501632      1.032  37.341326    12.2566     8.7848      1.023    32.1958    24.3640 -9.990e-29
 210.501638      1.020  37.352952    12.2595     8.7946      1.011    32.2045    24.3702 -9.990e-29
 210.501644      1.020  37.345376    12.2445     8.7951      1.011    32.2101    24.3774 -9.990e-29
 210.501649      1.030  37.324276    12.2240     8.7828      1.021    32.2075    24.3792 -9.990e-29
 210.501655      1.045  37.299703    12.2106     8.7470      1.036    32.1955    24.3724 -9.990e-29
 210.501661      1.063  37.278193    12.2049     8.7043      1.054    32.1797    24.3612 -9.990e-29
 210.501667      1.075  37.269243    12.2003     8.6968      1.066    32.1750    24.3585 -9.990e-29
 210.501672      1.078  37.272772    12.2007     8.7082      1.069    32.1781    24.3608 -9.990e-29
 210.501678      1.073  37.290210    12.2145     8.7463      1.064    32.1830    24.3620 -9.990e-29
 210.501684      1.064  37.317447    12.2315     8.7575      1.055    32.1945    24.3677 -9.990e-29
 210.501690      1.057  37.335427    12.2352     8.7458      1.048    32.2086    24.3780 -9.990e-29
 210.501696      1.058  37.335163    12.2238     8.7252      1.049    32.2181    24.3875 -9.990e-29
 210.501701      1.062  37.314716    12.2079     8.7281      1.053    32.2122    24.3859 -9.990e-29
 210.501707      1.060  37.291729    12.1992     8.7554      1.051    32.1976    24.3762 -9.990e-29
 210.501713      1.049  37.287735    12.1990     8.7971      1.040    32.1939    24.3734 -9.990e-29
 210.501719      1.031  37.292452    12.2005     8.8194      1.022    32.1972    24.3756 -9.990e-29
 210.501725      1.015  37.294332    12.1933     8.8206      1.007    32.2052    24.3832 -9.990e-29
 210.501730      1.004  37.284207    12.1709     8.7862      0.996    32.2148    24.3948 -9.990e-29
 210.501736      1.004  37.255388    12.1414     8.7627      0.996    32.2125    24.3986 -9.990e-29
 210.501742      1.022  37.225560    12.1247     8.7390      1.013    32.1982    24.3906 -9.990e-29
 210.501748      1.040  37.220020    12.1338     8.7724      1.031    32.1850    24.3787 -9.990e-29
 210.501753      1.047  37.239864    12.1600     8.8174      1.038    32.1815    24.3711 -9.990e-29
 210.501759      1.047  37.258978    12.1791     8.8483      1.038    32.1834    24.3690 -9.990e-29
 210.501765      1.051  37.269325    12.1754     8.8574      1.042    32.1966    24.3799 -9.990e-29
 210.501771      1.060  37.270233    12.1524     8.8244      1.051    32.2172    24.4002 -9.990e-29
 210.501777      1.078  37.249001    12.1219     8.7718      1.069    32.2231    24.4105 -9.990e-29
 210.501782      1.099  37.213821    12.0996     8.7422      1.090    32.2085    24.4033 -9.990e-29
 210.501788      1.113  37.191814    12.1028     8.7159      1.104    32.1845    24.3841 -9.990e-29
 210.501794      1.113  37.202454    12.1344     8.6954      1.104    32.1675    24.3650 -9.990e-29
 210.501800      1.106  37.234801    12.1763     8.7224      1.097    32.1626    24.3533 -9.990e-29
 210.501806      1.105  37.275497    12.2123     8.7681      1.096    32.1707    24.3529 -9.990e-29
 210.501811      1.114  37.318398    12.2387     8.8091      1.105    32.1892    24.3623 -9.990e-29
 210.501817      1.129  37.338455    12.2520     8.8250      1.120    32.1970    24.3658 -9.990e-29
 210.501823      1.144  37.329455    12.2498     8.8023      1.134    32.1903    24.3610 -9.990e-29
