data/oxygen options/OCNMS/OCNMS1/raw_data/2013/CAST_KL027_130725faedb.cnv
* Sea-Bird SBE19 Data File:
* FileName = C:\2013 Mooring Data\1st Service\Casts\CAST_KL027_130725.hex
* Software Version 1.59
* Temperature SN = 2997
* Conductivity SN = 2997
* System UpLoad Time = Jul 25 2013 15:07:57
** CAST_KL027_130257
* ds
# nquan = 9
# nvalues = 27                          
# units = specified
# name 0 = timeJ: Julian Days
# name 1 = prSM: Pressure, Strain Gauge [db]
# name 2 = c0mS/cm: Conductivity [mS/cm]
# name 3 = t090C: Temperature [ITS-90, deg C]
# name 4 = sbeox0ML/L: Oxygen, SBE 43 [ml/l]
# name 5 = depSM: Depth [salt water, m], lat = 47.5
# name 6 = sal00: Salinity, Practical [PSU]
# name 7 = sigma-é00: Density [sigma-theta, kg/m^3]
# name 8 = flag: flag
# span 0 = 206.615024, 206.615450       
# span 1 =      2.000,     28.000       
# span 2 =  34.254262,  36.267260       
# span 3 =     7.0990,     9.8986       
# span 4 =     1.7275,     8.2407       
# span 5 =      1.983,     27.765       
# span 6 =    33.2328,    33.7569       
# span 7 =    25.5891,    26.4253       
# span 8 = 0.0000e+00, 0.0000e+00       
# interval = decibars: 1                
# start_time = Jul 25 2013 14:38:46 [Instrument's time stamp, header]
# bad_flag = -9.990e-29
*END*
 206.615024      2.000  36.267260     9.8986     8.2407      1.983    33.2328    25.5891 0.0000e+00
 206.615049      3.000  36.071888     9.6619     7.8864      2.975    33.2513    25.6427 0.0000e+00
 206.615071      4.000  35.877183     9.4137     7.7347      3.966    33.2810    25.7064 0.0000e+00
 206.615091      5.000  35.546111     9.0643     6.9462      4.958    33.2634    25.7484 0.0000e+00
 206.615109      6.000  35.460136     8.9697     6.1303      5.950    33.2620    25.7621 0.0000e+00
 206.615128      7.000  35.384701     8.8612     5.8566      6.941    33.2844    25.7967 0.0000e+00
 206.615148      8.000  35.303010     8.7205     5.7944      7.933    33.3308    25.8548 0.0000e+00
 206.615168      9.000  35.230187     8.6054     5.4535      8.925    33.3623    25.8972 0.0000e+00
 206.615185     10.000  35.214797     8.5619     5.7448      9.916    33.3869    25.9231 0.0000e+00
 206.615205     11.000  35.235836     8.5740     5.7390     10.908    33.3971    25.9293 0.0000e+00
 206.615222     12.000  35.271597     8.5933     5.5049     11.900    33.4160    25.9412 0.0000e+00
 206.615238     13.000  35.287717     8.5808     5.3809     12.891    33.4444    25.9654 0.0000e+00
 206.615253     14.000  35.255583     8.5302     4.9211     13.882    33.4580    25.9838 0.0000e+00
 206.615266     15.000  35.211139     8.4602     4.4258     14.874    33.4770    26.0094 0.0000e+00
 206.615279     16.000  35.139708     8.3518     3.6784     15.866    33.5042    26.0470 0.0000e+00
 206.615292     17.000  35.041680     8.2069     3.1265     16.857    33.5379    26.0953 0.0000e+00
 206.615305     18.000  34.873068     7.9114     2.3507     17.849    33.6410    26.2197 0.0000e+00
 206.615316     19.000  34.583356     7.5391     1.7275     18.840    33.6884    26.3108 0.0000e+00
 206.615328     20.000  34.418250     7.3332     1.9658     19.832    33.7091    26.3562 0.0000e+00
 206.615339     21.000  34.337679     7.2222     2.3587     20.824    33.7292    26.3875 0.0000e+00
 206.615351     22.000  34.295276     7.1820     1.7439     21.815    33.7217    26.3871 0.0000e+00
 206.615364     23.000  34.275792     7.1406     1.8008     22.807    33.7405    26.4075 0.0000e+00
 206.615375     24.000  34.262664     7.1086     2.0388     23.799    33.7569    26.4249 0.0000e+00
 206.615388     25.000  34.257487     7.1054     1.7737     24.790    33.7539    26.4231 0.0000e+00
 206.615400     26.000  34.254976     7.1016     1.8369     25.781    33.7544    26.4240 0.0000e+00
 206.615414     27.000  34.254262     7.0990     1.8621     26.773    33.7556    26.4253 0.0000e+00
 206.615450     28.000  34.264652     7.1102     2.0128     27.765    33.7555    26.4237 0.0000e+00
