data/oxygen options/OCNMS/OCNMS1/raw_data/2013/CAST_CE015_130604faed.cnv
* Sea-Bird SBE19 Data File:
* FileName = C:\2013 Mooring Data\Deployment Casts\CAST_CE015_130604.hex
* Software Version 1.59
* Temperature SN = 2997
* Conductivity SN = 2997
* System UpLoad Time = Jun 05 2013 12:16:27
** CAST_CE015_130604
* ds
# nquan = 9                                 
# nvalues = 795                         
# units = specified
# name 0 = timeJ: Julian Days
# name 1 = prSM: Pressure, Strain Gauge [db]
# name 2 = c0mS/cm: Conductivity [mS/cm]
# name 3 = t090C: Temperature [ITS-90, deg C]
# name 4 = sbeox0ML/L: Oxygen, SBE 43 [ml/l]
# name 5 = depSM: Depth [salt water, m], lat = 47.5
# name 6 = sal00: Salinity, Practical [PSU]
# name 7 = sigma-é00: Density [sigma-theta, kg/m^3]
# name 8 = flag: flag
# span 0 = 155.624803, 155.629398       
# span 1 =     -1.495,     16.779       
# span 2 =   0.296941,  35.658344       
# span 3 =    10.1165,    14.4818       
# span 4 =    -1.7781,    10.6911       
# span 5 =     -1.483,     16.638       
# span 6 =     0.1801,    32.1675       
# span 7 =    -0.6814,    24.7219       
# span 8 = 0.0000e+00, 0.0000e+00       
# interval = seconds: 0.5
# start_time = Jun 04 2013 14:59:43 [Instrument's time stamp, header]
# bad_flag = -9.990e-29
*END*
 155.624803     -1.485 -9.990e-29    14.2754    -1.7776     -1.473 -9.990e-29 -9.990e-29 -9.990e-29
 155.624809     -1.486   0.418283    14.2734    -1.7776     -1.474     0.2561    -0.5934 -9.990e-29
 155.624815     -1.488   0.417808    14.2699    -1.7776     -1.476     0.2558    -0.5932 -9.990e-29
 155.624821     -1.489   0.416197    14.2669    -1.7778     -1.477     0.2548    -0.5935 -9.990e-29
 155.624826     -1.492   0.414627    14.2645    -1.7776     -1.480     0.2539    -0.5939 -9.990e-29
 155.624832     -1.495   0.414696    14.2620    -1.7772     -1.483     0.2539    -0.5935 -9.990e-29
 155.624838     -1.495   0.415942    14.2587    -1.7775     -1.483     0.2547    -0.5924 -9.990e-29
 155.624844     -1.487   0.417074    14.2542    -1.7775     -1.475     0.2555    -0.5912 -9.990e-29
 155.624850     -1.475   0.416832    14.2489    -1.7778     -1.463     0.2553    -0.5905 -9.990e-29
 155.624855     -1.463   0.414709    14.2448    -1.7776     -1.451     0.2540    -0.5910 -9.990e-29
 155.624861     -1.449   0.412306    14.2429    -1.7774     -1.437     0.2525    -0.5919 -9.990e-29
 155.624867     -1.434   0.411404    14.2422    -1.7771     -1.422     0.2520    -0.5922 -9.990e-29
 155.624873     -1.416   0.411354    14.2427    -1.7770     -1.404     0.2519    -0.5923 -9.990e-29
 155.624878     -1.398   0.410430    14.2456    -1.7771     -1.386     0.2513    -0.5932 -9.990e-29
 155.624884     -1.383   0.408508    14.2486    -1.7771     -1.371     0.2501    -0.5945 -9.990e-29
 155.624890     -1.366   0.406903    14.2482    -1.7770     -1.355     0.2491    -0.5953 -9.990e-29
 155.624896     -1.346   0.406242    14.2458    -1.7770     -1.335     0.2487    -0.5952 -9.990e-29
 155.624902     -1.326   0.405646    14.2450    -1.7771     -1.315     0.2483    -0.5954 -9.990e-29
 155.624907     -1.304   0.404319    14.2477    -1.7772     -1.293     0.2475    -0.5965 -9.990e-29
 155.624913     -1.285   0.402708    14.2532    -1.7772     -1.274     0.2464    -0.5981 -9.990e-29
 155.624919     -1.270   0.401436    14.2587    -1.7774     -1.259     0.2456    -0.5995 -9.990e-29
 155.624925     -1.258   0.400468    14.2617    -1.7775     -1.248     0.2450    -0.6004 -9.990e-29
 155.624931     -1.250   0.399622    14.2624    -1.7778     -1.240     0.2444    -0.6009 -9.990e-29
 155.624936     -1.244   0.398879    14.2627    -1.7779     -1.234     0.2440    -0.6013 -9.990e-29
 155.624942     -1.241   0.398356    14.2635    -1.7781     -1.231     0.2436    -0.6017 -9.990e-29
 155.624948     -1.235   0.397910    14.2642    -1.7778     -1.225     0.2434    -0.6020 -9.990e-29
 155.624954     -1.222   0.396947    14.2637    -1.7774     -1.212     0.2428    -0.6024 -9.990e-29
 155.624959     -1.205   0.395290    14.2619    -1.7775     -1.195     0.2417    -0.6029 -9.990e-29
 155.624965     -1.188   0.393500    14.2592    -1.7775     -1.178     0.2406    -0.6034 -9.990e-29
 155.624971     -1.169   0.391958    14.2553    -1.7775     -1.159     0.2397    -0.6036 -9.990e-29
 155.624977     -1.148   0.390825    14.2502    -1.7773     -1.138     0.2390    -0.6034 -9.990e-29
 155.624983     -1.123   0.390252    14.2450    -1.7774     -1.114     0.2387    -0.6029 -9.990e-29
 155.624988     -1.096   0.390029    14.2415    -1.7776     -1.087     0.2386    -0.6025 -9.990e-29
 155.624994     -1.071   0.389861    14.2418    -1.7777     -1.062     0.2384    -0.6026 -9.990e-29
 155.625000     -1.046   0.389523    14.2465    -1.7776     -1.037     0.2382    -0.6035 -9.990e-29
 155.625006     -1.022   0.388565    14.2521    -1.7773     -1.013     0.2376    -0.6048 -9.990e-29
 155.625012     -1.004   0.386817    14.2549    -1.7773     -0.996     0.2365    -0.6060 -9.990e-29
 155.625017     -0.990   0.384719    14.2557    -1.7771     -0.982     0.2351    -0.6072 -9.990e-29
 155.625023     -0.979   0.382795    14.2564    -1.7767     -0.971     0.2339    -0.6082 -9.990e-29
 155.625029     -0.970   0.381805    14.2569    -1.7768     -0.962     0.2333    -0.6088 -9.990e-29
 155.625035     -0.963   0.382089    14.2558    -1.7769     -0.955     0.2335    -0.6085 -9.990e-29
 155.625041     -0.957   0.382920    14.2539    -1.7766     -0.949     0.2340    -0.6078 -9.990e-29
 155.625046     -0.952   0.383191    14.2540    -1.7763     -0.944     0.2342    -0.6077 -9.990e-29
 155.625052     -0.948   0.382156    14.2569    -1.7762     -0.940     0.2335    -0.6086 -9.990e-29
 155.625058     -0.944   0.380098    14.2612    -1.7762     -0.936     0.2322    -0.6102 -9.990e-29
 155.625064     -0.940   0.378149    14.2654    -1.7759     -0.932     0.2310    -0.6118 -9.990e-29
 155.625069     -0.936   0.377035    14.2707    -1.7758     -0.928     0.2302    -0.6131 -9.990e-29
 155.625075     -0.932   0.376930    14.2763    -1.7759     -0.924     0.2302    -0.6140 -9.990e-29
 155.625081     -0.927   0.377694    14.2796    -1.7759     -0.919     0.2306    -0.6141 -9.990e-29
 155.625087     -0.921   0.378132    14.2825    -1.7757     -0.913     0.2309    -0.6143 -9.990e-29
 155.625093     -0.913   0.377168    14.2879    -1.7757     -0.905     0.2302    -0.6156 -9.990e-29
 155.625098     -0.904   0.375179    14.2940    -1.7754     -0.896     0.2290    -0.6174 -9.990e-29
 155.625104     -0.893   0.373390    14.2986    -1.7752     -0.886     0.2278    -0.6190 -9.990e-29
 155.625110     -0.878   0.372740    14.3028    -1.7752     -0.871     0.2274    -0.6199 -9.990e-29
 155.625116     -0.859   0.372915    14.3076    -1.7753     -0.852     0.2275    -0.6205 -9.990e-29
 155.625122     -0.835   0.373043    14.3110    -1.7754     -0.828     0.2275    -0.6210 -9.990e-29
 155.625127     -0.809   0.372741    14.3123    -1.7753     -0.802     0.2273    -0.6213 -9.990e-29
 155.625133     -0.787   0.372161    14.3137    -1.7751     -0.780     0.2270    -0.6218 -9.990e-29
 155.625139     -0.772   0.371637    14.3165    -1.7749     -0.766     0.2266    -0.6225 -9.990e-29
 155.625145     -0.759   0.371025    14.3209    -1.7748     -0.753     0.2262    -0.6234 -9.990e-29
 155.625150     -0.743   0.370063    14.3265    -1.7747     -0.737     0.2256    -0.6247 -9.990e-29
 155.625156     -0.727   0.369130    14.3307    -1.7748     -0.721     0.2250    -0.6258 -9.990e-29
 155.625162     -0.714   0.368644    14.3319    -1.7748     -0.708     0.2247    -0.6262 -9.990e-29
 155.625168     -0.704   0.368512    14.3311    -1.7751     -0.698     0.2246    -0.6261 -9.990e-29
 155.625174     -0.696   0.368557    14.3312    -1.7754     -0.690     0.2246    -0.6261 -9.990e-29
 155.625179     -0.690   0.368839    14.3338    -1.7757     -0.684     0.2248    -0.6264 -9.990e-29
 155.625185     -0.684   0.369183    14.3383    -1.7758     -0.678     0.2250    -0.6269 -9.990e-29
 155.625191     -0.680   0.368941    14.3434    -1.7764     -0.674     0.2248    -0.6278 -9.990e-29
 155.625197     -0.676   0.367791    14.3471    -1.7765     -0.670     0.2241    -0.6289 -9.990e-29
 155.625203     -0.672   0.366415    14.3482    -1.7764     -0.666     0.2232    -0.6297 -9.990e-29
 155.625208     -0.667   0.365748    14.3465    -1.7761     -0.661     0.2228    -0.6298 -9.990e-29
 155.625214     -0.663   0.366006    14.3427    -1.7762     -0.657     0.2230    -0.6291 -9.990e-29
 155.625220     -0.658   0.366980    14.3368    -1.7764     -0.653     0.2236    -0.6277 -9.990e-29
 155.625226     -0.652   0.367757    14.3292    -1.7767     -0.647     0.2241    -0.6262 -9.990e-29
 155.625231     -0.645   0.367159    14.3211    -1.7771     -0.640     0.2238    -0.6253 -9.990e-29
 155.625237     -0.635   0.365495    14.3124    -1.7768     -0.630     0.2228    -0.6248 -9.990e-29
 155.625243     -0.624   0.363871    14.3042    -1.7770     -0.619     0.2218    -0.6244 -9.990e-29
 155.625249     -0.609   0.362888    14.2998    -1.7771     -0.604     0.2212    -0.6243 -9.990e-29
 155.625255     -0.595   0.362899    14.2998    -1.7772     -0.590     0.2213    -0.6242 -9.990e-29
 155.625260     -0.584   0.363920    14.3009    -1.7772     -0.579     0.2219    -0.6239 -9.990e-29
 155.625266     -0.571   0.365650    14.2996    -1.7769     -0.566     0.2230    -0.6229 -9.990e-29
 155.625272     -0.553   0.367077    14.2951    -1.7765     -0.548     0.2239    -0.6215 -9.990e-29
 155.625278     -0.531   0.366780    14.2888    -1.7762     -0.527     0.2237    -0.6207 -9.990e-29
 155.625284     -0.513   0.364917    14.2839    -1.7758     -0.509     0.2226    -0.6209 -9.990e-29
 155.625289     -0.501   0.362880    14.2814    -1.7757     -0.497     0.2213    -0.6216 -9.990e-29
 155.625295     -0.496   0.361831    14.2790    -1.7761     -0.492     0.2207    -0.6217 -9.990e-29
 155.625301     -0.493   0.362031    14.2763    -1.7762     -0.489     0.2208    -0.6212 -9.990e-29
 155.625307     -0.487   0.362640    14.2753    -1.7760     -0.483     0.2212    -0.6208 -9.990e-29
 155.625313     -0.481   0.362810    14.2779    -1.7756     -0.477     0.2213    -0.6211 -9.990e-29
 155.625318     -0.477   0.362769    14.2852    -1.7754     -0.473     0.2213    -0.6222 -9.990e-29
 155.625324     -0.469   0.363016    14.2953    -1.7750     -0.465     0.2214    -0.6235 -9.990e-29
 155.625330     -0.460   0.362775    14.3055    -1.7749     -0.456     0.2211    -0.6251 -9.990e-29
 155.625336     -0.456   0.361170    14.3130    -1.7751     -0.452     0.2201    -0.6270 -9.990e-29
 155.625341     -0.454   0.358829    14.3149    -1.7752     -0.450     0.2186    -0.6284 -9.990e-29
 155.625347     -0.452   0.357062    14.3129    -1.7750     -0.448     0.2175    -0.6290 -9.990e-29
 155.625353     -0.444   0.356838    14.3126    -1.7747     -0.440     0.2174    -0.6291 -9.990e-29
 155.625359     -0.435   0.357856    14.3173    -1.7744     -0.431     0.2180    -0.6293 -9.990e-29
 155.625365     -0.427   0.358707    14.3255    -1.7745     -0.423     0.2185    -0.6301 -9.990e-29
 155.625370     -0.421   0.358311    14.3345    -1.7745     -0.417     0.2182    -0.6316 -9.990e-29
 155.625376     -0.416   0.356696    14.3417    -1.7743     -0.413     0.2172    -0.6334 -9.990e-29
 155.625382     -0.412   0.355031    14.3448    -1.7746     -0.409     0.2161    -0.6347 -9.990e-29
 155.625388     -0.409   0.354418    14.3446    -1.7745     -0.406     0.2157    -0.6350 -9.990e-29
 155.625394     -0.405   0.354596    14.3449    -1.7742     -0.402     0.2158    -0.6349 -9.990e-29
 155.625399     -0.403   0.354694    14.3486    -1.7740     -0.400     0.2159    -0.6354 -9.990e-29
 155.625405     -0.400   0.354289    14.3547    -1.7737     -0.397     0.2156    -0.6365 -9.990e-29
 155.625411     -0.396   0.353394    14.3598    -1.7732     -0.393     0.2150    -0.6377 -9.990e-29
 155.625417     -0.393   0.352480    14.3622    -1.7729     -0.390     0.2144    -0.6385 -9.990e-29
 155.625422     -0.388   0.351989    14.3635    -1.7729     -0.385     0.2141    -0.6389 -9.990e-29
 155.625428     -0.383   0.351821    14.3642    -1.7727     -0.380     0.2140    -0.6391 -9.990e-29
 155.625434     -0.377   0.351752    14.3641    -1.7726     -0.374     0.2140    -0.6391 -9.990e-29
 155.625440     -0.369   0.351691    14.3666    -1.7723     -0.366     0.2139    -0.6395 -9.990e-29
 155.625446     -0.359   0.351557    14.3729    -1.7719     -0.356     0.2138    -0.6405 -9.990e-29
 155.625451     -0.346   0.351173    14.3815    -1.7718     -0.343     0.2135    -0.6420 -9.990e-29
 155.625457     -0.333   0.350580    14.3915    -1.7715     -0.330     0.2131    -0.6437 -9.990e-29
 155.625463     -0.325   0.350095    14.4022    -1.7716     -0.322     0.2127    -0.6456 -9.990e-29
 155.625469     -0.316   0.349625    14.4113    -1.7717     -0.313     0.2124    -0.6471 -9.990e-29
 155.625475     -0.301   0.349098    14.4178    -1.7718     -0.298     0.2121    -0.6484 -9.990e-29
 155.625480     -0.284   0.348919    14.4233    -1.7720     -0.282     0.2119    -0.6493 -9.990e-29
 155.625486     -0.269   0.348851    14.4296    -1.7721     -0.267     0.2118    -0.6502 -9.990e-29
 155.625492     -0.253   0.348249    14.4376    -1.7718     -0.251     0.2114    -0.6517 -9.990e-29
 155.625498     -0.241   0.347421    14.4460    -1.7720     -0.239     0.2109    -0.6534 -9.990e-29
 155.625503     -0.231   0.346924    14.4529    -1.7725     -0.229     0.2105    -0.6546 -9.990e-29
 155.625509     -0.218   0.346648    14.4570    -1.7729     -0.216     0.2103    -0.6554 -9.990e-29
 155.625515     -0.207   0.346227    14.4575    -1.7731     -0.205     0.2101    -0.6556 -9.990e-29
 155.625521     -0.200   0.345656    14.4555    -1.7732     -0.198     0.2097    -0.6556 -9.990e-29
 155.625527     -0.198   0.345279    14.4526    -1.7733     -0.196     0.2095    -0.6554 -9.990e-29
 155.625532     -0.195   0.345147    14.4497    -1.7734     -0.193     0.2094    -0.6550 -9.990e-29
 155.625538     -0.188   0.345085    14.4481    -1.7735     -0.186     0.2094    -0.6548 -9.990e-29
 155.625544     -0.180   0.345013    14.4467    -1.7736     -0.178     0.2094    -0.6546 -9.990e-29
 155.625550     -0.175   0.344834    14.4415    -1.7737     -0.174     0.2093    -0.6539 -9.990e-29
 155.625556     -0.172   0.344311    14.4319    -1.7738     -0.171     0.2090    -0.6528 -9.990e-29
 155.625561     -0.171   0.343301    14.4220    -1.7738     -0.170     0.2084    -0.6518 -9.990e-29
 155.625567     -0.174   0.342117    14.4146    -1.7739     -0.173     0.2077    -0.6512 -9.990e-29
 155.625573     -0.174   0.341397    14.4099    -1.7739     -0.173     0.2073    -0.6509 -9.990e-29
 155.625579     -0.169   0.341291    14.4068    -1.7738     -0.168     0.2073    -0.6505 -9.990e-29
 155.625584     -0.161   0.341104    14.4039    -1.7735     -0.160     0.2072    -0.6501 -9.990e-29
 155.625590     -0.155   0.340587    14.4006    -1.7736     -0.154     0.2069    -0.6499 -9.990e-29
 155.625596     -0.150   0.340156    14.3973    -1.7738     -0.149     0.2066    -0.6496 -9.990e-29
 155.625602     -0.146   0.339794    14.3945    -1.7737     -0.145     0.2064    -0.6494 -9.990e-29
 155.625608     -0.143   0.339019    14.3923    -1.7737     -0.142     0.2059    -0.6494 -9.990e-29
 155.625613     -0.141   0.337904    14.3906    -1.7737     -0.140     0.2052    -0.6497 -9.990e-29
 155.625619     -0.139   0.337177    14.3894    -1.7739     -0.138     0.2048    -0.6499 -9.990e-29
 155.625625     -0.138   0.336977    14.3896    -1.7739     -0.137     0.2047    -0.6500 -9.990e-29
 155.625631     -0.136   0.337039    14.3920    -1.7737     -0.135     0.2047    -0.6503 -9.990e-29
 155.625637     -0.135   0.337447    14.3946    -1.7736     -0.134     0.2049    -0.6505 -9.990e-29
 155.625642     -0.134   0.338190    14.3949    -1.7735     -0.133     0.2054    -0.6502 -9.990e-29
 155.625648     -0.133   0.338599    14.3938    -1.7738     -0.132     0.2057    -0.6499 -9.990e-29
 155.625654     -0.132   0.338112    14.3933    -1.7739     -0.131     0.2054    -0.6500 -9.990e-29
 155.625660     -0.131   0.337190    14.3934    -1.7740     -0.130     0.2048    -0.6505 -9.990e-29
 155.625666     -0.129   0.336264    14.3928    -1.7742     -0.128     0.2042    -0.6508 -9.990e-29
 155.625671     -0.127   0.335208    14.3915    -1.7743     -0.126     0.2036    -0.6511 -9.990e-29
 155.625677     -0.125   0.334275    14.3916    -1.7744     -0.124     0.2030    -0.6516 -9.990e-29
 155.625683     -0.122   0.333883    14.3938    -1.7743     -0.121     0.2027    -0.6521 -9.990e-29
 155.625689     -0.119   0.334064    14.3959    -1.7743     -0.118     0.2028    -0.6523 -9.990e-29
 155.625694     -0.114   0.334505    14.3955    -1.7742     -0.113     0.2031    -0.6521 -9.990e-29
 155.625700     -0.108   0.334689    14.3924    -1.7741     -0.107     0.2032    -0.6515 -9.990e-29
 155.625706     -0.101   0.334308    14.3886    -1.7743     -0.100     0.2030    -0.6511 -9.990e-29
 155.625712     -0.092   0.333409    14.3850    -1.7746     -0.091     0.2025    -0.6510 -9.990e-29
 155.625718     -0.080   0.332453    14.3814    -1.7749     -0.079     0.2019    -0.6510 -9.990e-29
 155.625723     -0.068   0.331829    14.3785    -1.7748     -0.067     0.2015    -0.6508 -9.990e-29
