data/oxygen options/OCNMS/OCNMS1/raw_data/2013/CAST_MB042_130724faed.cnv
* Sea-Bird SBE19 Data File:
* FileName = C:\2013 Mooring Data\1st Service\CAST_MB042_130724.hex
* Software Version 1.59
* Temperature SN = 2997
* Conductivity SN = 2997
* System UpLoad Time = Jul 24 2013 18:38:17
** CAST_MB042_130724
* ds
# nquan = 9                                 
# nvalues = 1022                        
# units = specified
# name 0 = timeJ: Julian Days
# name 1 = prSM: Pressure, Strain Gauge [db]
# name 2 = c0mS/cm: Conductivity [mS/cm]
# name 3 = t090C: Temperature [ITS-90, deg C]
# name 4 = sbeox0ML/L: Oxygen, SBE 43 [ml/l]
# name 5 = depSM: Depth [salt water, m], lat = 47.5
# name 6 = sal00: Salinity, Practical [PSU]
# name 7 = sigma-é00: Density [sigma-theta, kg/m^3]
# name 8 = flag: flag
# span 0 = 205.583414, 205.589323       
# span 1 =     -5.453,     43.529       
# span 2 =   0.399034,  35.949249       
# span 3 =     6.6258,    12.6473       
# span 4 =    -1.8477,     8.5965       
# span 5 =     -5.408,     43.161       
# span 6 =     0.2558,    33.9473       
# span 7 =    -0.3528,    26.6401       
# span 8 = 0.0000e+00, 0.0000e+00       
# interval = seconds: 0.5
# start_time = Jul 24 2013 14:00:07 [Instrument's time stamp, header]
# bad_flag = -9.990e-29
*END*
[from data line 321]
 205.585272     -0.944   0.705893    12.2456    -1.8446     -0.936     0.4629    -0.1674 -9.990e-29
 205.585278     -0.944   0.706330    12.2503    -1.8452     -0.936     0.4631    -0.1678 -9.990e-29
 205.585284     -0.944   0.706430    12.2502    -1.8457     -0.936     0.4632    -0.1677 -9.990e-29
 205.585289     -0.945   0.705772    12.2446    -1.8458     -0.937     0.4628    -0.1673 -9.990e-29
 205.585295     -0.945   0.704588    12.2364    -1.8457     -0.937     0.4621    -0.1669 -9.990e-29
 205.585301     -0.946   0.702409    12.2281    -1.8453     -0.938     0.4607    -0.1670 -9.990e-29
 205.585307     -0.947   0.699099    12.2198    -1.8452     -0.939     0.4586    -0.1677 -9.990e-29
 205.585312     -0.948   0.695229    12.2114    -1.8456     -0.940     0.4560    -0.1687 -9.990e-29
 205.585318     -0.950   0.691179    12.2007    -1.8459     -0.942     0.4534    -0.1695 -9.990e-29
 205.585324     -0.947   0.687089    12.1869    -1.8468     -0.939     0.4508    -0.1699 -9.990e-29
 205.585330     -0.937   0.683046    12.1729    -1.8474     -0.929     0.4482    -0.1703 -9.990e-29
 205.585336     -0.926   0.679754    12.1622    -1.8477     -0.918     0.4461    -0.1707 -9.990e-29
 205.585341     -0.923   0.678364    12.1567    -1.8473     -0.915     0.4452    -0.1707 -9.990e-29
 205.585347     -0.923   0.679791    12.1568    -1.8471     -0.915     0.4461    -0.1700 -9.990e-29
 205.585353     -0.922   0.683722    12.1595    -1.8471     -0.914     0.4488    -0.1682 -9.990e-29
 205.585359     -0.919   0.687644    12.1596    -1.8472     -0.911     0.4515    -0.1662 -9.990e-29
 205.585365     -0.916   0.689034    12.1545    -1.8475     -0.908     0.4525    -0.1648 -9.990e-29
 205.585370     -0.910   0.686974    12.1443    -1.8475     -0.902     0.4512    -0.1646 -9.990e-29
 205.585376     -0.903   0.682042    12.1306    -1.8474     -0.895     0.4480    -0.1655 -9.990e-29
 205.585382     -0.897   0.676527    12.1183    -1.8473     -0.890     0.4444    -0.1669 -9.990e-29
 205.585388     -0.896   0.672490    12.1127    -1.8472     -0.889     0.4417    -0.1683 -9.990e-29
 205.585394     -0.898   0.670090    12.1141    -1.8469     -0.891     0.4400    -0.1698 -9.990e-29
 205.585399     -0.896   0.668342    12.1179    -1.8465     -0.889     0.4388    -0.1712 -9.990e-29
 205.585405     -0.892   0.666026    12.1194    -1.8463     -0.885     0.4372    -0.1726 -9.990e-29
 205.585411     -0.888   0.662822    12.1174    -1.8460     -0.881     0.4350    -0.1741 -9.990e-29
 205.585417     -0.890   0.659999    12.1141    -1.8458     -0.883     0.4331    -0.1751 -9.990e-29
 205.585422     -0.893   0.658777    12.1128    -1.8457     -0.886     0.4323    -0.1756 -9.990e-29
 205.585428     -0.892   0.658638    12.1142    -1.8456     -0.885     0.4322    -0.1759 -9.990e-29
 205.585434     -0.889   0.658288    12.1177    -1.8454     -0.882     0.4319    -0.1765 -9.990e-29
 205.585440     -0.881   0.657260    12.1230    -1.8451     -0.874     0.4312    -0.1777 -9.990e-29
 205.585446     -0.875   0.655845    12.1301    -1.8447     -0.868     0.4301    -0.1794 -9.990e-29
 205.585451     -0.873   0.654374    12.1381    -1.8441     -0.866     0.4290    -0.1811 -9.990e-29
 205.585457     -0.870   0.653101    12.1458    -1.8436     -0.863     0.4281    -0.1828 -9.990e-29
 205.585463     -0.863   0.651991    12.1530    -1.8434     -0.856     0.4273    -0.1843 -9.990e-29
 205.585469     -0.851   0.650119    12.1599    -1.8431     -0.844     0.4259    -0.1861 -9.990e-29
 205.585475     -0.833   0.646651    12.1660    -1.8428     -0.826     0.4235    -0.1888 -9.990e-29
 205.585480     -0.812   0.642502    12.1714    -1.8428     -0.805     0.4206    -0.1916 -9.990e-29
 205.585486     -0.796   0.639340    12.1777    -1.8424     -0.789     0.4184    -0.1941 -9.990e-29
 205.585492     -0.788   0.637383    12.1864    -1.8420     -0.781     0.4170    -0.1962 -9.990e-29
 205.585498     -0.787   0.635683    12.1971    -1.8424     -0.780     0.4157    -0.1985 -9.990e-29
 205.585503     -0.793   0.634191    12.2086    -1.8429     -0.786     0.4146    -0.2007 -9.990e-29
 205.585509     -0.803   0.634242    12.2193    -1.8428     -0.796     0.4145    -0.2020 -9.990e-29
 205.585515     -0.808   0.637011    12.2284    -1.8427     -0.801     0.4163    -0.2017 -9.990e-29
 205.585521     -0.809   0.640651    12.2364    -1.8424     -0.802     0.4186    -0.2008 -9.990e-29
 205.585527     -0.810   0.641894    12.2430    -1.8422     -0.803     0.4194    -0.2010 -9.990e-29
 205.585532     -0.807   0.640735    12.2491    -1.8418     -0.800     0.4186    -0.2024 -9.990e-29
 205.585538     -0.795   0.638581    12.2559    -1.8415     -0.788     0.4170    -0.2044 -9.990e-29
 205.585544     -0.779   0.635883    12.2601    -1.8411     -0.773     0.4152    -0.2063 -9.990e-29
 205.585550     -0.764   0.633105    12.2579    -1.8408     -0.758     0.4133    -0.2075 -9.990e-29
 205.585556     -0.756   0.630419    12.2535    -1.8406     -0.750     0.4115    -0.2084 -9.990e-29
 205.585561     -0.753   0.627569    12.2526    -1.8405     -0.747     0.4096    -0.2098 -9.990e-29
 205.585567     -0.755   0.624631    12.2556    -1.8401     -0.749     0.4076    -0.2117 -9.990e-29
 205.585573     -0.757   0.622119    12.2614    -1.8399     -0.751     0.4058    -0.2138 -9.990e-29
 205.585579     -0.753   0.620559    12.2695    -1.8397     -0.747     0.4047    -0.2156 -9.990e-29
 205.585584     -0.740   0.620087    12.2790    -1.8393     -0.734     0.4043    -0.2171 -9.990e-29
 205.585590     -0.728   0.620071    12.2889    -1.8389     -0.722     0.4042    -0.2183 -9.990e-29
 205.585596     -0.719   0.619384    12.2985    -1.8387     -0.713     0.4036    -0.2199 -9.990e-29
 205.585602     -0.713   0.617661    12.3070    -1.8385     -0.707     0.4023    -0.2219 -9.990e-29
 205.585608     -0.709   0.615374    12.3140    -1.8381     -0.703     0.4007    -0.2240 -9.990e-29
 205.585613     -0.708   0.612797    12.3208    -1.8378     -0.702     0.3989    -0.2262 -9.990e-29
 205.585619     -0.709   0.610371    12.3279    -1.8374     -0.703     0.3972    -0.2284 -9.990e-29
 205.585625     -0.712   0.608738    12.3351    -1.8371     -0.706     0.3960    -0.2302 -9.990e-29
 205.585631     -0.714   0.607934    12.3432    -1.8367     -0.708     0.3954    -0.2316 -9.990e-29
 205.585637     -0.709   0.607443    12.3528    -1.8366     -0.703     0.3950    -0.2331 -9.990e-29
 205.585642     -0.703   0.606609    12.3622    -1.8364     -0.697     0.3943    -0.2348 -9.990e-29
 205.585648     -0.699   0.604872    12.3699    -1.8362     -0.693     0.3931    -0.2367 -9.990e-29
 205.585654     -0.696   0.602685    12.3773    -1.8364     -0.690     0.3915    -0.2388 -9.990e-29
 205.585660     -0.694   0.601563    12.3857    -1.8365     -0.688     0.3907    -0.2404 -9.990e-29
 205.585666     -0.694   0.602227    12.3949    -1.8366     -0.688     0.3910    -0.2413 -9.990e-29
 205.585671     -0.696   0.603897    12.4045    -1.8364     -0.690     0.3921    -0.2416 -9.990e-29
 205.585677     -0.698   0.604923    12.4140    -1.8362     -0.692     0.3927    -0.2423 -9.990e-29
 205.585683     -0.703   0.603904    12.4221    -1.8361     -0.697     0.3919    -0.2439 -9.990e-29
 205.585689     -0.705   0.601140    12.4284    -1.8361     -0.699     0.3900    -0.2461 -9.990e-29
 205.585694     -0.700   0.598486    12.4332    -1.8362     -0.694     0.3881    -0.2481 -9.990e-29
 205.585700     -0.693   0.597387    12.4359    -1.8364     -0.687     0.3874    -0.2490 -9.990e-29
 205.585706     -0.687   0.597485    12.4357    -1.8363     -0.681     0.3874    -0.2490 -9.990e-29
 205.585712     -0.682   0.597250    12.4343    -1.8364     -0.676     0.3873    -0.2489 -9.990e-29
 205.585718     -0.678   0.595812    12.4345    -1.8366     -0.672     0.3863    -0.2497 -9.990e-29
 205.585723     -0.674   0.594022    12.4372    -1.8373     -0.668     0.3851    -0.2510 -9.990e-29
 205.585729     -0.670   0.592817    12.4409    -1.8378     -0.664     0.3843    -0.2521 -9.990e-29
 205.585735     -0.666   0.591700    12.4435    -1.8380     -0.660     0.3835    -0.2530 -9.990e-29
 205.585741     -0.661   0.589734    12.4442    -1.8380     -0.655     0.3822    -0.2541 -9.990e-29
 205.585747     -0.656   0.587064    12.4429    -1.8377     -0.651     0.3804    -0.2554 -9.990e-29
 205.585752     -0.650   0.585116    12.4406    -1.8378     -0.645     0.3791    -0.2561 -9.990e-29
 205.585758     -0.642   0.585169    12.4383    -1.8380     -0.637     0.3791    -0.2558 -9.990e-29
 205.585764     -0.632   0.586738    12.4346    -1.8383     -0.627     0.3802    -0.2545 -9.990e-29
 205.585770     -0.623   0.587484    12.4269    -1.8386     -0.618     0.3808    -0.2531 -9.990e-29
 205.585775     -0.621   0.586188    12.4156    -1.8385     -0.616     0.3800    -0.2523 -9.990e-29
 205.585781     -0.619   0.584442    12.4050    -1.8383     -0.614     0.3790    -0.2519 -9.990e-29
 205.585787     -0.613   0.583796    12.3991    -1.8382     -0.608     0.3786    -0.2515 -9.990e-29
 205.585793     -0.604   0.583386    12.3985    -1.8381     -0.599     0.3783    -0.2516 -9.990e-29
 205.585799     -0.595   0.581559    12.3997    -1.8380     -0.590     0.3771    -0.2527 -9.990e-29
 205.585804     -0.589   0.578648    12.3986    -1.8379     -0.584     0.3752    -0.2541 -9.990e-29
 205.585810     -0.587   0.576311    12.3941    -1.8378     -0.582     0.3736    -0.2547 -9.990e-29
 205.585816     -0.588   0.575307    12.3888    -1.8376     -0.583     0.3730    -0.2546 -9.990e-29
 205.585822     -0.587   0.574850    12.3855    -1.8373     -0.582     0.3727    -0.2544 -9.990e-29
 205.585828     -0.586   0.573776    12.3854    -1.8369     -0.581     0.3720    -0.2550 -9.990e-29
 205.585833     -0.587   0.572313    12.3878    -1.8365     -0.582     0.3710    -0.2560 -9.990e-29
 205.585839     -0.587   0.571281    12.3915    -1.8364     -0.582     0.3703    -0.2570 -9.990e-29
 205.585845     -0.582   0.570411    12.3954    -1.8363     -0.577     0.3697    -0.2580 -9.990e-29
 205.585851     -0.571   0.569095    12.3992    -1.8361     -0.566     0.3687    -0.2592 -9.990e-29
 205.585856     -0.558   0.567241    12.4027    -1.8362     -0.553     0.3675    -0.2606 -9.990e-29
 205.585862     -0.551   0.565146    12.4068    -1.8362     -0.546     0.3660    -0.2622 -9.990e-29
 205.585868     -0.548   0.563339    12.4126    -1.8360     -0.543     0.3647    -0.2639 -9.990e-29
 205.585874     -0.542   0.562179    12.4203    -1.8358     -0.537     0.3639    -0.2655 -9.990e-29
 205.585880     -0.532   0.561781    12.4293    -1.8359     -0.528     0.3635    -0.2668 -9.990e-29
 205.585885     -0.521   0.561615    12.4380    -1.8360     -0.517     0.3634    -0.2680 -9.990e-29
 205.585891     -0.510   0.560902    12.4441    -1.8358     -0.506     0.3628    -0.2692 -9.990e-29
 205.585897     -0.501   0.559801    12.4478    -1.8357     -0.497     0.3621    -0.2702 -9.990e-29
 205.585903     -0.498   0.559058    12.4504    -1.8355     -0.494     0.3615    -0.2710 -9.990e-29
 205.585909     -0.497   0.558791    12.4522    -1.8353     -0.493     0.3613    -0.2713 -9.990e-29
 205.585914     -0.493   0.558089    12.4545    -1.8347     -0.489     0.3608    -0.2720 -9.990e-29
 205.585920     -0.491   0.556567    12.4577    -1.8343     -0.487     0.3598    -0.2732 -9.990e-29
 205.585926     -0.495   0.554966    12.4602    -1.8342     -0.491     0.3587    -0.2743 -9.990e-29
 205.585932     -0.504   0.553921    12.4609    -1.8340     -0.500     0.3580    -0.2750 -9.990e-29
 205.585938     -0.515   0.553699    12.4614    -1.8337     -0.511     0.3578    -0.2752 -9.990e-29
 205.585943     -0.525   0.554001    12.4636    -1.8335     -0.521     0.3580    -0.2753 -9.990e-29
 205.585949     -0.534   0.554123    12.4676    -1.8331     -0.530     0.3581    -0.2757 -9.990e-29
 205.585955     -0.538   0.553672    12.4736    -1.8327     -0.534     0.3577    -0.2767 -9.990e-29
 205.585961     -0.534   0.552602    12.4825    -1.8323     -0.530     0.3569    -0.2784 -9.990e-29
 205.585966     -0.525   0.551147    12.4931    -1.8320     -0.521     0.3558    -0.2806 -9.990e-29
 205.585972     -0.520   0.549580    12.5027    -1.8318     -0.516     0.3547    -0.2826 -9.990e-29
 205.585978     -0.518   0.548028    12.5104    -1.8315     -0.514     0.3536    -0.2844 -9.990e-29
 205.585984     -0.510   0.546636    12.5173    -1.8314     -0.506     0.3526    -0.2860 -9.990e-29
 205.585990     -0.496   0.545765    12.5243    -1.8314     -0.492     0.3520    -0.2874 -9.990e-29
 205.585995     -0.484   0.545912    12.5321    -1.8315     -0.480     0.3520    -0.2883 -9.990e-29
 205.586001     -0.477   0.547274    12.5416    -1.8316     -0.473     0.3528    -0.2888 -9.990e-29
 205.586007     -0.471   0.548898    12.5524    -1.8317     -0.467     0.3538    -0.2894 -9.990e-29
 205.586013     -0.460   0.549072    12.5630    -1.8314     -0.456     0.3538    -0.2906 -9.990e-29
 205.586019     -0.449   0.547471    12.5722    -1.8309     -0.445     0.3527    -0.2927 -9.990e-29
 205.586024     -0.441   0.545283    12.5798    -1.8303     -0.437     0.3512    -0.2948 -9.990e-29
 205.586030     -0.435   0.543468    12.5857    -1.8300     -0.431     0.3499    -0.2965 -9.990e-29
 205.586036     -0.431   0.542374    12.5890    -1.8298     -0.427     0.3491    -0.2975 -9.990e-29
 205.586042     -0.428   0.542205    12.5895    -1.8297     -0.424     0.3490    -0.2976 -9.990e-29
 205.586047     -0.428   0.542733    12.5883    -1.8295     -0.424     0.3494    -0.2972 -9.990e-29
 205.586053     -0.429   0.543001    12.5877    -1.8292     -0.425     0.3496    -0.2970 -9.990e-29
 205.586059     -0.431   0.542257    12.5901    -1.8296     -0.427     0.3490    -0.2977 -9.990e-29
 205.586065     -0.435   0.540617    12.5972    -1.8301     -0.431     0.3479    -0.2995 -9.990e-29
 205.586071     -0.437   0.538665    12.6086    -1.8300     -0.433     0.3465    -0.3019 -9.990e-29
 205.586076     -0.433   0.537119    12.6204    -1.8295     -0.429     0.3454    -0.3043 -9.990e-29
 205.586082     -0.426   0.536686    12.6298    -1.8291     -0.422     0.3450    -0.3057 -9.990e-29
 205.586088     -0.421   0.537344    12.6368    -1.8293     -0.417     0.3454    -0.3063 -9.990e-29
 205.586094     -0.417   0.537754    12.6424    -1.8305     -0.414     0.3456    -0.3068 -9.990e-29
 205.586100     -0.414   0.536799    12.6466    -1.8314     -0.411     0.3449    -0.3078 -9.990e-29
 205.586105     -0.411   0.534868    12.6473    -1.8319     -0.408     0.3436    -0.3089 -9.990e-29
 205.586111     -0.410   0.533262    12.6428    -1.8321     -0.407     0.3426    -0.3092 -9.990e-29
 205.586117     -0.408   0.533163    12.6377    -1.8321     -0.405     0.3426    -0.3086 -9.990e-29
 205.586123     -0.407   0.534436    12.6385    -1.8319     -0.404     0.3434    -0.3080 -9.990e-29
 205.586128     -0.406   0.535457    12.6441    -1.8317     -0.403     0.3440    -0.3082 -9.990e-29
 205.586134     -0.406   0.534817    12.6470    -1.8315     -0.403     0.3436    -0.3089 -9.990e-29
 205.586140     -0.405   0.532770    12.6394    -1.8315     -0.402     0.3423    -0.3090 -9.990e-29
 205.586146     -0.405   0.530462    12.6211    -1.8318     -0.402     0.3409    -0.3078 -9.990e-29
 205.586152     -0.404   0.529245    12.6011    -1.8319     -0.401     0.3403    -0.3059 -9.990e-29
 205.586157     -0.404   0.529713    12.5870    -1.8322     -0.401     0.3407    -0.3038 -9.990e-29
 205.586163     -0.404   0.530274    12.5803    -1.8326     -0.401     0.3412    -0.3026 -9.990e-29
 205.586169     -0.404   0.529461    12.5793    -1.8328     -0.401     0.3406    -0.3029 -9.990e-29
 205.586175     -0.404   0.527849    12.5820    -1.8337     -0.401     0.3395    -0.3041 -9.990e-29
 205.586181     -0.404   0.526059    12.5862    -1.8335     -0.401     0.3383    -0.3056 -9.990e-29
 205.586186     -0.404   0.523920    12.5894    -1.8340     -0.401     0.3369    -0.3071 -9.990e-29
