data/oxygen options/OCNMS/OCNMS1/raw_data/2013/CAST_MB042_131011faed.cnv
* Sea-Bird SBE19 Data File:
* FileName = C:\2013 Mooring Data\Recovery\Casts\CAST_MB042_131011.hex
* Software Version 1.59
* Temperature SN = 2997
* Conductivity SN = 2997
* System UpLoad Time = Oct 11 2013 13:59:33
** CAST_MB042_131011
* ds
# nquan = 9                                 
# nvalues = 1095                        
# units = specified
# name 0 = timeJ: Julian Days
# name 1 = prSM: Pressure, Strain Gauge [db]
# name 2 = c0mS/cm: Conductivity [mS/cm]
# name 3 = t090C: Temperature [ITS-90, deg C]
# name 4 = sbeox0ML/L: Oxygen, SBE 43 [ml/l]
# name 5 = depSM: Depth [salt water, m], lat = 47.5
# name 6 = sal00: Salinity, Practical [PSU]
# name 7 = sigma-é00: Density [sigma-theta, kg/m^3]
# name 8 = flag: flag
# span 0 = 284.422558, 284.428889       
# span 1 =     -4.896,     42.840       
# span 2 =   0.244171,  37.502942       
# span 3 =     8.2567,    13.8546       
# span 4 =    -1.8438,     9.6367       
# span 5 =     -4.855,     42.478       
# span 6 =     0.1548,    33.2445       
# span 7 =    -0.4255,    25.8576       
# span 8 = 0.0000e+00, 0.0000e+00       
# interval = seconds: 0.5
# start_time = Oct 11 2013 10:08:29 [Instrument's time stamp, header]
# bad_flag = -9.990e-29
*END*
[from data line 801]
 284.427193      2.337  37.488927    13.8474     5.9496      2.317    31.0084    23.1355 -9.990e-29
 284.427199      2.347  37.489426    13.8479     5.9505      2.327    31.0084    23.1354 -9.990e-29
 284.427205      2.351  37.490019    13.8485     5.9575      2.331    31.0085    23.1353 -9.990e-29
 284.427211      2.354  37.490357    13.8491     5.9717      2.334    31.0083    23.1351 -9.990e-29
 284.427216      2.362  37.490868    13.8496     5.9734      2.342    31.0084    23.1350 -9.990e-29
 284.427222      2.370  37.491092    13.8495     5.9786      2.350    31.0087    23.1353 -9.990e-29
 284.427228      2.374  37.490748    13.8490     5.9778      2.354    31.0087    23.1354 -9.990e-29
 284.427234      2.376  37.490476    13.8488     5.9794      2.356    31.0087    23.1354 -9.990e-29
 284.427240      2.369  37.490454    13.8488     5.9952      2.349    31.0086    23.1354 -9.990e-29
 284.427245      2.355  37.490632    13.8489     6.0065      2.335    31.0087    23.1354 -9.990e-29
 284.427251      2.341  37.490666    13.8489     5.9759      2.321    31.0088    23.1355 -9.990e-29
 284.427257      2.329  37.490580    13.8485     5.9559      2.310    31.0090    23.1357 -9.990e-29
 284.427263      2.321  37.490800    13.8480     5.9419      2.302    31.0096    23.1363 -9.990e-29
 284.427269      2.314  37.491036    13.8477     5.9796      2.295    31.0101    23.1367 -9.990e-29
 284.427274      2.308  37.491024    13.8476     6.0086      2.289    31.0102    23.1368 -9.990e-29
 284.427280      2.304  37.490725    13.8474     5.9989      2.285    31.0100    23.1367 -9.990e-29
 284.427286      2.301  37.490282    13.8471     5.9814      2.282    31.0099    23.1367 -9.990e-29
 284.427292      2.298  37.490204    13.8469     5.9550      2.279    31.0100    23.1368 -9.990e-29
 284.427297      2.296  37.490366    13.8469     5.9523      2.277    31.0101    23.1369 -9.990e-29
 284.427303      2.294  37.490403    13.8468     5.9542      2.275    31.0102    23.1370 -9.990e-29
 284.427309      2.296  37.490343    13.8465     5.9535      2.277    31.0104    23.1372 -9.990e-29
 284.427315      2.308  37.490085    13.8461     5.9613      2.289    31.0105    23.1374 -9.990e-29
 284.427321      2.325  37.489824    13.8457     5.9631      2.306    31.0106    23.1375 -9.990e-29
 284.427326      2.339  37.489752    13.8457     5.9708      2.319    31.0105    23.1374 -9.990e-29
 284.427332      2.344  37.489749    13.8458     5.9725      2.324    31.0104    23.1374 -9.990e-29
 284.427338      2.340  37.489791    13.8457     5.9708      2.320    31.0105    23.1375 -9.990e-29
 284.427344      2.334  37.489914    13.8456     5.9752      2.315    31.0107    23.1376 -9.990e-29
 284.427350      2.331  37.490261    13.8456     5.9640      2.312    31.0111    23.1379 -9.990e-29
 284.427355      2.331  37.490714    13.8459     5.9884      2.312    31.0112    23.1380 -9.990e-29
 284.427361      2.333  37.490734    13.8462     5.9867      2.314    31.0110    23.1377 -9.990e-29
 284.427367      2.334  37.490327    13.8461     5.9805      2.315    31.0107    23.1375 -9.990e-29
 284.427373      2.328  37.490050    13.8462     5.9736      2.309    31.0104    23.1373 -9.990e-29
 284.427378      2.321  37.490074    13.8467     5.9648      2.302    31.0100    23.1369 -9.990e-29
 284.427384      2.316  37.490409    13.8470     5.9621      2.297    31.0101    23.1368 -9.990e-29
 284.427390      2.312  37.490922    13.8468     5.9586      2.293    31.0107    23.1374 -9.990e-29
 284.427396      2.310  37.491155    13.8462     5.9544      2.291    31.0114    23.1380 -9.990e-29
 284.427402      2.309  37.490836    13.8454     5.9491      2.290    31.0118    23.1385 -9.990e-29
 284.427407      2.309  37.490081    13.8448     5.9458      2.290    31.0115    23.1384 -9.990e-29
 284.427413      2.310  37.489542    13.8448     5.9472      2.291    31.0111    23.1380 -9.990e-29
 284.427419      2.313  37.489602    13.8450     5.9552      2.294    31.0109    23.1379 -9.990e-29
 284.427425      2.317  37.489757    13.8448     5.9587      2.298    31.0112    23.1382 -9.990e-29
 284.427431      2.322  37.489633    13.8444     5.9552      2.303    31.0115    23.1384 -9.990e-29
 284.427436      2.329  37.489605    13.8443     5.9533      2.310    31.0115    23.1385 -9.990e-29
 284.427442      2.339  37.490176    13.8445     5.9516      2.319    31.0119    23.1387 -9.990e-29
 284.427448      2.352  37.491156    13.8449     5.9527      2.332    31.0124    23.1391 -9.990e-29
 284.427454      2.365  37.492148    13.8452     5.9544      2.345    31.0131    23.1396 -9.990e-29
 284.427459      2.370  37.492922    13.8451     5.9548      2.350    31.0139    23.1402 -9.990e-29
 284.427465      2.362  37.493305    13.8453     5.9597      2.342    31.0141    23.1403 -9.990e-29
 284.427471      2.346  37.493354    13.8455     5.9660      2.326    31.0140    23.1402 -9.990e-29
 284.427477      2.329  37.493062    13.8455     5.9618      2.310    31.0137    23.1400 -9.990e-29
 284.427483      2.315  37.492529    13.8455     5.9493      2.296    31.0132    23.1396 -9.990e-29
 284.427488      2.302  37.492090    13.8453     5.9452      2.283    31.0130    23.1394 -9.990e-29
 284.427494      2.294  37.491648    13.8451     5.9493      2.275    31.0128    23.1393 -9.990e-29
 284.427500      2.299  37.491101    13.8450     5.9484      2.280    31.0123    23.1390 -9.990e-29
 284.427506      2.318  37.490768    13.8447     5.9775      2.299    31.0123    23.1390 -9.990e-29
 284.427512      2.342  37.490694    13.8443     6.1011      2.322    31.0125    23.1393 -9.990e-29
 284.427517      2.366  37.490705    13.8443     6.0211      2.346    31.0125    23.1393 -9.990e-29
 284.427523      2.386  37.490741    13.8442     5.9912      2.366    31.0126    23.1394 -9.990e-29
 284.427529      2.403  37.490779    13.8438     5.9603      2.383    31.0130    23.1397 -9.990e-29
 284.427535      2.414  37.490796    13.8435     5.9259      2.394    31.0132    23.1400 -9.990e-29
 284.427541      2.421  37.490739    13.8433     5.9699      2.401    31.0133    23.1401 -9.990e-29
 284.427546      2.427  37.490461    13.8433     5.9753      2.407    31.0131    23.1399 -9.990e-29
 284.427552      2.433  37.490080    13.8433     5.9720      2.413    31.0127    23.1396 -9.990e-29
 284.427558      2.444  37.490135    13.8432     5.9781      2.424    31.0128    23.1398 -9.990e-29
 284.427564      2.461  37.490626    13.8433     5.9705      2.440    31.0132    23.1400 -9.990e-29
 284.427569      2.475  37.491013    13.8433     5.9814      2.454    31.0136    23.1403 -9.990e-29
 284.427575      2.489  37.491178    13.8432     6.0052      2.468    31.0138    23.1405 -9.990e-29
 284.427581      2.510  37.491269    13.8432     5.9765      2.489    31.0139    23.1405 -9.990e-29
 284.427587      2.546  37.491333    13.8433     6.0077      2.525    31.0138    23.1405 -9.990e-29
 284.427593      2.597  37.491383    13.8435     5.9865      2.575    31.0137    23.1404 -9.990e-29
 284.427598      2.669  37.491415    13.8435     5.9608      2.647    31.0137    23.1404 -9.990e-29
 284.427604      2.764  37.491398    13.8434     5.9513      2.741    31.0137    23.1404 -9.990e-29
 284.427610      2.885  37.491236    13.8428     5.9150      2.861    31.0140    23.1408 -9.990e-29
 284.427616      3.030  37.491200    13.8413     5.9110      3.005    31.0151    23.1419 0.0000e+00
 284.427622      3.202  37.491728    13.8398     5.9402      3.175    31.0168    23.1435 0.0000e+00
 284.427627      3.397  37.492331    13.8389     5.9534      3.369    31.0180    23.1446 0.0000e+00
 284.427633      3.611  37.492618    13.8381     5.9557      3.581    31.0188    23.1454 0.0000e+00
 284.427639      3.844  37.492896    13.8369     5.9520      3.812    31.0199    23.1465 0.0000e+00
 284.427645      4.108  37.493462    13.8351     5.9395      4.074    31.0218    23.1484 0.0000e+00
 284.427650      4.410  37.494435    13.8330     5.9354      4.373    31.0243    23.1507 0.0000e+00
 284.427656      4.744  37.495358    13.8306     5.9358      4.704    31.0270    23.1533 0.0000e+00
 284.427662      5.106  37.496265    13.8269     5.9020      5.063    31.0306    23.1569 0.0000e+00
 284.427668      5.501  37.497732    13.8202     5.8370      5.455    31.0373    23.1633 0.0000e+00
 284.427674      5.933  37.499957    13.8079     5.7541      5.883    31.0491    23.1749 0.0000e+00
 284.427679      6.400  37.502470    13.7887     5.7117      6.346    31.0668    23.1925 0.0000e+00
 284.427685      6.892  37.502942    13.7604     5.6410      6.834    31.0899    23.2161 0.0000e+00
 284.427691      7.403  37.496323    13.7148     5.5276      7.341    31.1206    23.2489 0.0000e+00
 284.427697      7.931  37.474268    13.6331     5.4595      7.865    31.1665    23.3007 0.0000e+00
 284.427703      8.470  37.422422    13.4814     5.3987      8.399    31.2421    23.3893 0.0000e+00
 284.427708      9.017  37.313599    13.2607     5.3816      8.942    31.3216    23.4943 0.0000e+00
 284.427714      9.576  37.151667    13.0422     5.4492      9.496    31.3501    23.5590 0.0000e+00
 284.427720     10.153  36.997420    12.8793     5.5184     10.068    31.3397    23.5825 0.0000e+00
 284.427726     10.745  36.885456    12.7636     5.4439     10.655    31.3298    23.5971 0.0000e+00
 284.427731     11.349  36.802529    12.6798     5.3946     11.254    31.3207    23.6061 0.0000e+00
 284.427737     11.959  36.741622    12.6229     5.3811     11.859    31.3101    23.6087 0.0000e+00
 284.427743     12.563  36.700437    12.5832     5.4101     12.458    31.3038    23.6114 0.0000e+00
 284.427749     13.143  36.669917    12.5452     5.4317     13.033    31.3062    23.6205 0.0000e+00
 284.427755     13.694  36.638978    12.4852     5.3266     13.579    31.3266    23.6476 0.0000e+00
 284.427760     14.221  36.586460    12.3870     5.1478     14.102    31.3583    23.6907 0.0000e+00
 284.427766     14.727  36.497172    12.2898     5.0878     14.604    31.3542    23.7057 0.0000e+00
 284.427772     15.205  36.409979    12.2661     5.0277     15.078    31.2906    23.6608 0.0000e+00
 284.427778     15.653  36.395098    12.2936     5.0056     15.522    31.2532    23.6268 0.0000e+00
 284.427784     16.081  36.435954    12.2451     4.9579     15.946    31.3326    23.6973 0.0000e+00
 284.427789     16.508  36.404859    12.0806     4.9029     16.370    31.4407    23.8116 0.0000e+00
 284.427795     16.944  36.264782    11.8859     4.8616     16.802    31.4699    23.8701 0.0000e+00
 284.427801     17.386  36.117975    11.7181     4.8489     17.240    31.4698    23.9007 0.0000e+00
 284.427807     17.825  36.011179    11.5869     4.8388     17.675    31.4774    23.9302 0.0000e+00
 284.427813     18.245  35.936345    11.5141     5.1005     18.092    31.4663    23.9347 0.0000e+00
 284.427818     18.635  35.902841    11.5029     4.9670     18.479    31.4430    23.9187 0.0000e+00
 284.427824     18.994  35.899513    11.5141     4.8795     18.835    31.4302    23.9067 0.0000e+00
 284.427830     19.335  35.902792    11.5062     4.6583     19.173    31.4399    23.9157 0.0000e+00
 284.427836     19.677  35.890650    11.4595     4.5663     19.512    31.4676    23.9456 0.0000e+00
 284.427841     20.024  35.845714    11.3807     4.7075     19.856    31.4908    23.9776 0.0000e+00
 284.427847     20.371  35.788675    11.2911     4.8118     20.200    31.5113    24.0095 0.0000e+00
 284.427853     20.721  35.735837    11.2041     4.7917     20.547    31.5338    24.0423 0.0000e+00
 284.427859     21.070  35.686691    11.1401     4.7791     20.893    31.5403    24.0586 0.0000e+00
 284.427865     21.400  35.659653    11.1224     4.7292     21.220    31.5288    24.0528 0.0000e+00
 284.427870     21.704  35.662843    11.1476     4.8545     21.522    31.5102    24.0339 0.0000e+00
 284.427876     21.991  35.685863    11.1809     4.8150     21.806    31.5042    24.0234 0.0000e+00
 284.427882     22.276  35.706114    11.1824     4.6427     22.089    31.5226    24.0375 0.0000e+00
 284.427888     22.565  35.703477    11.1545     4.8169     22.375    31.5438    24.0589 0.0000e+00
 284.427894     22.854  35.688382    11.1338     4.7073     22.662    31.5466    24.0647 0.0000e+00
 284.427899     23.135  35.685448    11.1361     4.6964     22.941    31.5416    24.0604 0.0000e+00
 284.427905     23.411  35.694606    11.1420     4.6924     23.214    31.5455    24.0624 0.0000e+00
 284.427911     23.697  35.696056    11.1318     4.5922     23.498    31.5555    24.0720 0.0000e+00
 284.427917     24.016  35.686623    11.1167     4.6262     23.814    31.5591    24.0774 0.0000e+00
 284.427922     24.377  35.683916    11.1195     4.6332     24.172    31.5539    24.0729 0.0000e+00
 284.427928     24.763  35.702180    11.1442     4.6222     24.555    31.5505    24.0659 0.0000e+00
 284.427934     25.151  35.746081    11.1776     4.6332     24.940    31.5648    24.0711 0.0000e+00
 284.427940     25.529  35.802931    11.2038     4.6289     25.314    31.5979    24.0923 0.0000e+00
 284.427946     25.885  35.845941    11.2167     4.6406     25.667    31.6289    24.1141 0.0000e+00
 284.427951     26.217  35.867404    11.2225     4.5741     25.997    31.6448    24.1255 0.0000e+00
 284.427957     26.533  35.877944    11.2305     4.5199     26.310    31.6481    24.1266 0.0000e+00
 284.427963     26.849  35.892104    11.2520     4.4019     26.623    31.6434    24.1192 0.0000e+00
 284.427969     27.181  35.938777    11.2824     4.2967     26.952    31.6629    24.1290 0.0000e+00
 284.427975     27.536  36.016255    11.2804     4.2820     27.304    31.7403    24.1895 0.0000e+00
 284.427980     27.916  36.065298    11.2073     4.2489     27.681    31.8513    24.2887 0.0000e+00
 284.427986     28.315  36.052070    11.0793     4.2132     28.077    31.9491    24.3873 0.0000e+00
 284.427992     28.725  36.005927    10.9512     4.1831     28.483    32.0149    24.4610 0.0000e+00
 284.427998     29.132  35.968908    10.8616     4.1949     28.887    32.0564    24.5089 0.0000e+00
 284.428003     29.524  35.954867    10.8154     4.2070     29.275    32.0828    24.5374 0.0000e+00
 284.428009     29.897  35.956188    10.7981     4.2334     29.645    32.0991    24.5532 0.0000e+00
 284.428015     30.248  35.963341    10.7944     4.2618     29.993    32.1093    24.5617 0.0000e+00
 284.428021     30.577  35.971219    10.7990     4.2498     30.320    32.1129    24.5638 0.0000e+00
 284.428027     30.890  35.979050    10.8140     4.2314     30.630    32.1074    24.5569 0.0000e+00
 284.428032     31.188  35.985998    10.8429     4.2145     30.925    32.0888    24.5374 0.0000e+00
 284.428038     31.478  35.991171    10.8732     4.2016     31.213    32.0673    24.5154 0.0000e+00
 284.428044     31.769  35.993554    10.8759     4.1635     31.501    32.0672    24.5149 0.0000e+00
 284.428050     32.072  35.992897    10.8450     4.0850     31.802    32.0935    24.5407 0.0000e+00
 284.428056     32.397  35.991063    10.8026     4.0195     32.124    32.1287    24.5755 0.0000e+00
 284.428061     32.748  35.988899    10.7639     3.9754     32.472    32.1604    24.6068 0.0000e+00
 284.428067     33.117  35.982880    10.7271     4.0784     32.838    32.1866    24.6336 0.0000e+00
 284.428073     33.497  35.969382    10.6791     4.1554     33.215    32.2153    24.6643 0.0000e+00
 284.428079     33.887  35.943216    10.6018     4.0255     33.601    32.2573    24.7103 0.0000e+00
 284.428084     34.282  35.894631    10.4982     3.7935     33.993    32.3003    24.7615 0.0000e+00
 284.428090     34.673  35.834967    10.3962     3.5275     34.381    32.3310    24.8028 0.0000e+00
 284.428096     35.054  35.793836    10.3073     3.4055     34.758    32.3687    24.8472 0.0000e+00
 284.428102     35.433  35.776816    10.2102     3.3788     35.134    32.4381    24.9176 0.0000e+00
 284.428108     35.816  35.767289    10.0581     3.4473     35.514    32.5648    25.0419 0.0000e+00
