data/oxygen options/OCNMS/OCNMS1/raw_data/2013/CAST_CE042_130604faed.cnv
* Sea-Bird SBE19 Data File:
* FileName = C:\2013 Mooring Data\Deployment Casts\CAST_CE042_130604.hex
* Software Version 1.59
* Temperature SN = 2997
* Conductivity SN = 2997
* System UpLoad Time = Jun 05 2013 12:07:07
** CAST_CE042_130604
* ds
# nquan = 9                                 
# nvalues = 12196                       
# units = specified
# name 0 = timeJ: Julian Days
# name 1 = prSM: Pressure, Strain Gauge [db]
# name 2 = c0mS/cm: Conductivity [mS/cm]
# name 3 = t090C: Temperature [ITS-90, deg C]
# name 4 = sbeox0ML/L: Oxygen, SBE 43 [ml/l]
# name 5 = depSM: Depth [salt water, m], lat = 47.5
# name 6 = sal00: Salinity, Practical [PSU]
# name 7 = sigma-é00: Density [sigma-theta, kg/m^3]
# name 8 = flag: flag
# span 0 = 155.553623, 155.624196       
# span 1 =     -5.846,     42.282       
# span 2 =   0.180628,  36.521351       
# span 3 =     7.3649,    14.6656       
# span 4 =    -8.6266,    11.6658       
# span 5 =     -5.797,     41.925       
# span 6 =     0.1086,    33.7208       
# span 7 =    -0.7617,    26.3612       
# span 8 = 0.0000e+00, 0.0000e+00       
# interval = seconds: 0.5
# start_time = Jun 04 2013 13:17:13 [Instrument's time stamp, header]
# bad_flag = -9.990e-29
*END*
[from data line 7361]
 155.596221      0.936   0.239492    13.2123    -1.8126      0.928     0.1487    -0.5323 -9.990e-29
 155.596227      0.937   0.239239    13.2092    -1.8125      0.929     0.1486    -0.5320 -9.990e-29
 155.596233      0.938   0.238885    13.2064    -1.8126      0.930     0.1484    -0.5318 -9.990e-29
 155.596238      0.938   0.238511    13.2038    -1.8126      0.930     0.1482    -0.5316 -9.990e-29
 155.596244      0.938   0.238171    13.2031    -1.8128      0.930     0.1479    -0.5317 -9.990e-29
 155.596250      0.937   0.238519    13.2045    -1.8130      0.929     0.1482    -0.5317 -9.990e-29
 155.596256      0.936   0.239463    13.2058    -1.8132      0.928     0.1488    -0.5314 -9.990e-29
 155.596262      0.935   0.240049    13.2063    -1.8133      0.927     0.1491    -0.5312 -9.990e-29
 155.596267      0.933   0.239948    13.2077    -1.8135      0.925     0.1490    -0.5315 -9.990e-29
 155.596273      0.930   0.239580    13.2103    -1.8139      0.922     0.1488    -0.5320 -9.990e-29
 155.596279      0.926   0.239560    13.2121    -1.8139      0.918     0.1488    -0.5322 -9.990e-29
 155.596285      0.922   0.239862    13.2116    -1.8141      0.914     0.1490    -0.5320 -9.990e-29
 155.596291      0.916   0.239779    13.2091    -1.8142      0.908     0.1489    -0.5317 -9.990e-29
 155.596296      0.912   0.239199    13.2053    -1.8143      0.904     0.1486    -0.5315 -9.990e-29
 155.596302      0.915   0.238457    13.2007    -1.8143      0.907     0.1481    -0.5313 -9.990e-29
 155.596308      0.920   0.237670    13.1960    -1.8143      0.912     0.1477    -0.5310 -9.990e-29
 155.596314      0.924   0.236896    13.1912    -1.8144      0.916     0.1472    -0.5308 -9.990e-29
 155.596319      0.927   0.236207    13.1853    -1.8146      0.919     0.1468    -0.5303 -9.990e-29
 155.596325      0.929   0.235794    13.1792    -1.8148      0.921     0.1465    -0.5297 -9.990e-29
 155.596331      0.929   0.235656    13.1745    -1.8150      0.921     0.1465    -0.5292 -9.990e-29
 155.596337      0.929   0.235610    13.1707    -1.8151      0.921     0.1464    -0.5287 -9.990e-29
 155.596343      0.928   0.235593    13.1671    -1.8152      0.920     0.1465    -0.5282 -9.990e-29
 155.596348      0.925   0.235584    13.1643    -1.8151      0.917     0.1465    -0.5279 -9.990e-29
 155.596354      0.922   0.235570    13.1625    -1.8152      0.914     0.1465    -0.5276 -9.990e-29
 155.596360      0.917   0.235529    13.1608    -1.8152      0.909     0.1464    -0.5274 -9.990e-29
 155.596366      0.910   0.235406    13.1578    -1.8154      0.902     0.1464    -0.5271 -9.990e-29
 155.596372      0.906   0.235038    13.1533    -1.8155      0.898     0.1462    -0.5267 -9.990e-29
 155.596377      0.907   0.234488    13.1483    -1.8157      0.899     0.1458    -0.5263 -9.990e-29
 155.596383      0.911   0.234129    13.1439    -1.8158      0.903     0.1456    -0.5259 -9.990e-29
 155.596389      0.912   0.234034    13.1407    -1.8157      0.904     0.1456    -0.5255 -9.990e-29
 155.596395      0.912   0.234076    13.1388    -1.8156      0.904     0.1456    -0.5252 -9.990e-29
 155.596400      0.909   0.234308    13.1375    -1.8156      0.901     0.1457    -0.5250 -9.990e-29
 155.596406      0.904   0.234487    13.1361    -1.8155      0.896     0.1459    -0.5247 -9.990e-29
 155.596412      0.901   0.234297    13.1342    -1.8154      0.893     0.1457    -0.5245 -9.990e-29
 155.596418      0.904   0.234037    13.1309    -1.8153      0.896     0.1456    -0.5242 -9.990e-29
 155.596424      0.908   0.233915    13.1268    -1.8154      0.900     0.1455    -0.5237 -9.990e-29
 155.596429      0.910   0.233766    13.1233    -1.8152      0.902     0.1455    -0.5234 -9.990e-29
 155.596435      0.910   0.233393    13.1217    -1.8153      0.902     0.1452    -0.5233 -9.990e-29
 155.596441      0.908   0.232851    13.1221    -1.8153      0.900     0.1449    -0.5237 -9.990e-29
 155.596447      0.904   0.232523    13.1235    -1.8153      0.896     0.1447    -0.5240 -9.990e-29
 155.596453      0.901   0.232524    13.1254    -1.8152      0.893     0.1447    -0.5242 -9.990e-29
 155.596458      0.904   0.232855    13.1280    -1.8151      0.896     0.1449    -0.5244 -9.990e-29
 155.596464      0.909   0.233405    13.1305    -1.8149      0.901     0.1452    -0.5245 -9.990e-29
 155.596470      0.912   0.233798    13.1319    -1.8149      0.904     0.1454    -0.5245 -9.990e-29
 155.596476      0.912   0.234002    13.1328    -1.8150      0.904     0.1456    -0.5245 -9.990e-29
 155.596481      0.911   0.234289    13.1336    -1.8151      0.903     0.1457    -0.5245 -9.990e-29
 155.596487      0.907   0.234487    13.1338    -1.8150      0.899     0.1459    -0.5244 -9.990e-29
 155.596493      0.906   0.234307    13.1341    -1.8150      0.898     0.1458    -0.5245 -9.990e-29
 155.596499      0.910   0.234063    13.1350    -1.8148      0.902     0.1456    -0.5248 -9.990e-29
 155.596505      0.917   0.233982    13.1371    -1.8147      0.909     0.1455    -0.5251 -9.990e-29
 155.596510      0.922   0.233955    13.1402    -1.8145      0.914     0.1455    -0.5255 -9.990e-29
 155.596516      0.925   0.233946    13.1426    -1.8147      0.917     0.1455    -0.5258 -9.990e-29
 155.596522      0.927   0.233940    13.1434    -1.8146      0.919     0.1455    -0.5259 -9.990e-29
 155.596528      0.928   0.233931    13.1429    -1.8145      0.920     0.1455    -0.5259 -9.990e-29
 155.596534      0.929   0.233904    13.1425    -1.8145      0.921     0.1455    -0.5258 -9.990e-29
 155.596539      0.928   0.233822    13.1433    -1.8147      0.920     0.1454    -0.5260 -9.990e-29
 155.596545      0.926   0.233576    13.1452    -1.8147      0.918     0.1453    -0.5263 -9.990e-29
 155.596551      0.923   0.233390    13.1480    -1.8147      0.915     0.1451    -0.5268 -9.990e-29
 155.596557      0.919   0.233571    13.1511    -1.8147      0.911     0.1452    -0.5271 -9.990e-29
 155.596563      0.913   0.233804    13.1532    -1.8145      0.905     0.1454    -0.5273 -9.990e-29
 155.596568      0.909   0.233845    13.1541    -1.8145      0.901     0.1454    -0.5274 -9.990e-29
 155.596574      0.912   0.233751    13.1550    -1.8144      0.904     0.1453    -0.5275 -9.990e-29
 155.596580      0.917   0.233393    13.1558    -1.8143      0.909     0.1451    -0.5278 -9.990e-29
 155.596586      0.920   0.232848    13.1554    -1.8143      0.912     0.1448    -0.5280 -9.990e-29
 155.596591      0.922   0.232495    13.1541    -1.8144      0.914     0.1445    -0.5280 -9.990e-29
 155.596597      0.922   0.232417    13.1533    -1.8144      0.914     0.1445    -0.5280 -9.990e-29
 155.596603      0.921   0.232510    13.1535    -1.8145      0.913     0.1446    -0.5279 -9.990e-29
 155.596609      0.919   0.232898    13.1547    -1.8144      0.911     0.1448    -0.5279 -9.990e-29
 155.596615      0.915   0.233543    13.1565    -1.8145      0.907     0.1452    -0.5278 -9.990e-29
 155.596620      0.909   0.234196    13.1581    -1.8145      0.901     0.1456    -0.5277 -9.990e-29
 155.596626      0.901   0.234622    13.1595    -1.8148      0.893     0.1459    -0.5277 -9.990e-29
 155.596632      0.895   0.234833    13.1610    -1.8152      0.888     0.1460    -0.5278 -9.990e-29
 155.596638      0.894   0.235109    13.1615    -1.8154      0.887     0.1462    -0.5277 -9.990e-29
 155.596644      0.894   0.235264    13.1606    -1.8155      0.887     0.1463    -0.5275 -9.990e-29
 155.596649      0.890   0.234950    13.1593    -1.8157      0.883     0.1461    -0.5275 -9.990e-29
 155.596655      0.888   0.234301    13.1587    -1.8158      0.881     0.1457    -0.5278 -9.990e-29
 155.596661      0.891   0.233559    13.1583    -1.8159      0.884     0.1452    -0.5281 -9.990e-29
 155.596667      0.894   0.232841    13.1569    -1.8160      0.887     0.1448    -0.5282 -9.990e-29
 155.596672      0.895   0.232295    13.1534    -1.8161      0.888     0.1444    -0.5280 -9.990e-29
 155.596678      0.896   0.231747    13.1474    -1.8160      0.889     0.1441    -0.5275 -9.990e-29
 155.596684      0.904   0.231018    13.1400    -1.8161      0.896     0.1437    -0.5269 -9.990e-29
 155.596690      0.912   0.230243    13.1335    -1.8162      0.904     0.1432    -0.5264 -9.990e-29
 155.596696      0.919   0.229498    13.1286    -1.8165      0.911     0.1427    -0.5261 -9.990e-29
 155.596701      0.925   0.228896    13.1247    -1.8164      0.917     0.1424    -0.5259 -9.990e-29
 155.596707      0.929   0.228371    13.1210    -1.8163      0.921     0.1421    -0.5257 -9.990e-29
 155.596713      0.932   0.227776    13.1176    -1.8163      0.924     0.1417    -0.5256 -9.990e-29
 155.596719      0.935   0.227057    13.1149    -1.8162      0.927     0.1413    -0.5255 -9.990e-29
 155.596725      0.937   0.226362    13.1134    -1.8160      0.929     0.1408    -0.5257 -9.990e-29
 155.596730      0.938   0.226055    13.1126    -1.8161      0.930     0.1406    -0.5257 -9.990e-29
 155.596736      0.939   0.226282    13.1109    -1.8161      0.931     0.1408    -0.5254 -9.990e-29
 155.596742      0.940   0.226793    13.1077    -1.8161      0.932     0.1411    -0.5247 -9.990e-29
 155.596748      0.940   0.227160    13.1047    -1.8163      0.932     0.1414    -0.5242 -9.990e-29
 155.596753      0.940   0.227318    13.1041    -1.8163      0.932     0.1415    -0.5240 -9.990e-29
 155.596759      0.940   0.227479    13.1053    -1.8162      0.932     0.1416    -0.5241 -9.990e-29
 155.596765      0.940   0.227856    13.1072    -1.8161      0.932     0.1418    -0.5241 -9.990e-29
 155.596771      0.940   0.228400    13.1096    -1.8161      0.932     0.1421    -0.5242 -9.990e-29
 155.596777      0.939   0.228730    13.1114    -1.8161      0.931     0.1423    -0.5243 -9.990e-29
 155.596782      0.938   0.228730    13.1114    -1.8162      0.930     0.1423    -0.5243 -9.990e-29
 155.596788      0.936   0.228402    13.1104    -1.8162      0.928     0.1421    -0.5243 -9.990e-29
 155.596794      0.934   0.227862    13.1091    -1.8161      0.926     0.1418    -0.5244 -9.990e-29
 155.596800      0.931   0.227497    13.1078    -1.8160      0.923     0.1416    -0.5244 -9.990e-29
 155.596806      0.928   0.227374    13.1077    -1.8158      0.920     0.1415    -0.5245 -9.990e-29
 155.596811      0.923   0.227329    13.1087    -1.8156      0.915     0.1415    -0.5246 -9.990e-29
 155.596817      0.917   0.227302    13.1102    -1.8153      0.909     0.1414    -0.5248 -9.990e-29
 155.596823      0.914   0.227258    13.1115    -1.8153      0.906     0.1414    -0.5250 -9.990e-29
 155.596829      0.917   0.227138    13.1117    -1.8151      0.909     0.1413    -0.5251 -9.990e-29
 155.596834      0.923   0.226784    13.1114    -1.8150      0.915     0.1411    -0.5252 -9.990e-29
 155.596840      0.928   0.226275    13.1119    -1.8148      0.920     0.1408    -0.5255 -9.990e-29
 155.596846      0.931   0.226043    13.1138    -1.8146      0.923     0.1406    -0.5259 -9.990e-29
 155.596852      0.934   0.226332    13.1167    -1.8145      0.926     0.1408    -0.5261 -9.990e-29
 155.596858      0.936   0.226973    13.1207    -1.8144      0.928     0.1412    -0.5264 -9.990e-29
 155.596863      0.938   0.227711    13.1259    -1.8143      0.930     0.1416    -0.5267 -9.990e-29
 155.596869      0.939   0.228425    13.1313    -1.8141      0.931     0.1421    -0.5270 -9.990e-29
 155.596875      0.940   0.228961    13.1358    -1.8138      0.932     0.1424    -0.5274 -9.990e-29
 155.596881      0.941   0.229479    13.1400    -1.8137      0.933     0.1427    -0.5277 -9.990e-29
 155.596887      0.941   0.230118    13.1444    -1.8135      0.933     0.1431    -0.5279 -9.990e-29
 155.596892      0.942   0.230621    13.1490    -1.8135      0.934     0.1434    -0.5283 -9.990e-29
 155.596898      0.942   0.231104    13.1533    -1.8133      0.934     0.1437    -0.5286 -9.990e-29
 155.596904      0.942   0.231660    13.1574    -1.8131      0.934     0.1440    -0.5289 -9.990e-29
 155.596910      0.942   0.231923    13.1615    -1.8130      0.934     0.1442    -0.5293 -9.990e-29
 155.596916      0.942   0.231690    13.1660    -1.8129      0.934     0.1440    -0.5300 -9.990e-29
 155.596921      0.942   0.231205    13.1714    -1.8129      0.934     0.1437    -0.5309 -9.990e-29
 155.596927      0.941   0.230928    13.1771    -1.8129      0.933     0.1435    -0.5318 -9.990e-29
 155.596933      0.941   0.231044    13.1824    -1.8128      0.933     0.1435    -0.5325 -9.990e-29
 155.596939      0.940   0.231154    13.1869    -1.8129      0.932     0.1436    -0.5330 -9.990e-29
 155.596944      0.939   0.230849    13.1907    -1.8129      0.931     0.1434    -0.5337 -9.990e-29
 155.596950      0.938   0.230278    13.1946    -1.8129      0.930     0.1430    -0.5345 -9.990e-29
 155.596956      0.936   0.229786    13.1985    -1.8129      0.928     0.1427    -0.5352 -9.990e-29
 155.596962      0.934   0.229825    13.2019    -1.8128      0.926     0.1427    -0.5356 -9.990e-29
 155.596968      0.931   0.230447    13.2043    -1.8125      0.923     0.1431    -0.5357 -9.990e-29
 155.596973      0.927   0.230819    13.2055    -1.8123      0.919     0.1433    -0.5356 -9.990e-29
 155.596979      0.923   0.230333    13.2061    -1.8123      0.915     0.1430    -0.5360 -9.990e-29
 155.596985      0.917   0.229446    13.2064    -1.8123      0.909     0.1425    -0.5364 -9.990e-29
 155.596991      0.913   0.228638    13.2061    -1.8124      0.905     0.1419    -0.5368 -9.990e-29
 155.596997      0.916   0.227938    13.2059    -1.8122      0.908     0.1415    -0.5371 -9.990e-29
 155.597002      0.922   0.227520    13.2065    -1.8123      0.914     0.1412    -0.5374 -9.990e-29
 155.597008      0.926   0.227380    13.2084    -1.8122      0.918     0.1412    -0.5377 -9.990e-29
 155.597014      0.929   0.227334    13.2121    -1.8121      0.921     0.1411    -0.5382 -9.990e-29
 155.597020      0.931   0.227318    13.2168    -1.8120      0.923     0.1411    -0.5388 -9.990e-29
 155.597025      0.932   0.227313    13.2205    -1.8120      0.924     0.1411    -0.5393 -9.990e-29
 155.597031      0.932   0.227311    13.2223    -1.8120      0.924     0.1411    -0.5396 -9.990e-29
 155.597037      0.932   0.227311    13.2229    -1.8119      0.924     0.1411    -0.5397 -9.990e-29
 155.597043      0.931   0.227312    13.2237    -1.8119      0.923     0.1411    -0.5398 -9.990e-29
 155.597049      0.929   0.227317    13.2249    -1.8120      0.921     0.1411    -0.5399 -9.990e-29
 155.597054      0.926   0.227330    13.2262    -1.8121      0.918     0.1411    -0.5401 -9.990e-29
 155.597060      0.921   0.227369    13.2279    -1.8124      0.913     0.1411    -0.5403 -9.990e-29
 155.597066      0.916   0.227487    13.2297    -1.8126      0.908     0.1411    -0.5405 -9.990e-29
 155.597072      0.908   0.227840    13.2309    -1.8126      0.900     0.1414    -0.5405 -9.990e-29
 155.597078      0.903   0.228347    13.2319    -1.8127      0.895     0.1417    -0.5403 -9.990e-29
 155.597083      0.904   0.228577    13.2329    -1.8129      0.896     0.1418    -0.5404 -9.990e-29
 155.597089      0.906   0.228284    13.2339    -1.8130      0.898     0.1416    -0.5406 -9.990e-29
 155.597095      0.906   0.227630    13.2339    -1.8131      0.898     0.1412    -0.5410 -9.990e-29
 155.597101      0.903   0.226851    13.2318    -1.8133      0.895     0.1407    -0.5411 -9.990e-29
 155.597106      0.903   0.226014    13.2281    -1.8135      0.895     0.1402    -0.5410 -9.990e-29
 155.597112      0.908   0.225112    13.2234    -1.8138      0.900     0.1397    -0.5408 -9.990e-29
 155.597118      0.915   0.224048    13.2191    -1.8141      0.907     0.1390    -0.5407 -9.990e-29
 155.597124      0.921   0.223066    13.2157    -1.8142      0.913     0.1384    -0.5408 -9.990e-29
 155.597130      0.925   0.222516    13.2121    -1.8144      0.917     0.1381    -0.5406 -9.990e-29
 155.597135      0.927   0.222219    13.2080    -1.8145      0.919     0.1379    -0.5402 -9.990e-29
