data/oxygen options/OCNMS/OCNMS1/raw_data/2013/CAST_TH042_130831faedb.cnv
* Sea-Bird SBE19 Data File:
* FileName = C:\2013 Mooring Data\2nd Service\Casts\CAST_TH042_130831.hex
* Software Version 1.59
* Temperature SN = 2997
* Conductivity SN = 2997
* System UpLoad Time = Aug 31 2013 13:43:41
** CAST_TH042_130831
* ds
# nquan = 9
# nvalues = 41                          
# units = specified
# name 0 = timeJ: Julian Days
# name 1 = prSM: Pressure, Strain Gauge [db]
# name 2 = c0mS/cm: Conductivity [mS/cm]
# name 3 = t090C: Temperature [ITS-90, deg C]
# name 4 = sbeox0ML/L: Oxygen, SBE 43 [ml/l]
# name 5 = depSM: Depth [salt water, m], lat = 47.5
# name 6 = sal00: Salinity, Practical [PSU]
# name 7 = sigma-é00: Density [sigma-theta, kg/m^3]
# name 8 = flag: flag
# span 0 = 243.547447, 243.547940       
# span 1 =      2.000,     42.000       
# span 2 =  35.169712,  38.588224       
# span 3 =     8.4465,    14.4938       
# span 4 =     1.6040,     6.0214       
# span 5 =      1.983,     41.645       
# span 6 =    31.4299,    33.4711       
# span 7 =    23.3280,    25.9783       
# span 8 = 0.0000e+00, 0.0000e+00       
# interval = decibars: 1                
# start_time = Aug 31 2013 13:01:36 [Instrument's time stamp, header]
# bad_flag = -9.990e-29
*END*
 243.547447      2.000  38.521955    14.4938     6.0214      1.983    31.4299    23.3280 0.0000e+00
 243.547469      3.000  38.488786    14.4356     5.9726      2.975    31.4465    23.3530 0.0000e+00
 243.547486      4.000  38.475688    14.4113     5.8982      3.967    31.4540    23.3639 0.0000e+00
 243.547500      5.000  38.468439    14.3902     5.8720      4.958    31.4641    23.3760 0.0000e+00
 243.547512      6.000  38.463192    14.3733     5.8935      5.950    31.4727    23.3862 0.0000e+00
 243.547523      7.000  38.462946    14.3636     5.8789      6.942    31.4800    23.3939 0.0000e+00
 243.547534      8.000  38.466824    14.3614     5.8408      7.933    31.4849    23.3982 0.0000e+00
 243.547544      9.000  38.470203    14.3621     5.8334      8.925    31.4871    23.3997 0.0000e+00
 243.547555     10.000  38.478374    14.3650     5.8452      9.916    31.4918    23.4028 0.0000e+00
 243.547565     11.000  38.492704    14.3711     5.8462     10.908    31.4995    23.4075 0.0000e+00
 243.547576     12.000  38.514978    14.3782     5.8049     11.900    31.5136    23.4170 0.0000e+00
 243.547587     13.000  38.532050    14.3819     5.7822     12.891    31.5258    23.4256 0.0000e+00
 243.547597     14.000  38.541393    14.3775     5.8009     13.883    31.5374    23.4355 0.0000e+00
 243.547607     15.000  38.559244    14.3635     5.7402     14.874    31.5648    23.4595 0.0000e+00
 243.547618     16.000  38.580529    14.3499     5.7071     15.866    31.5949    23.4856 0.0000e+00
 243.547627     17.000  38.588224    14.3255     5.7036     16.858    31.6215    23.5112 0.0000e+00
 243.547638     18.000  38.565620    14.2639     5.6805     17.849    31.6509    23.5466 0.0000e+00
 243.547649     19.000  38.519135    14.2031     5.5728     18.841    31.6578    23.5646 0.0000e+00
 243.547661     20.000  38.506323    14.1852     5.5194     19.832    31.6604    23.5703 0.0000e+00
 243.547673     21.000  38.502446    14.1484     5.1632     20.823    31.6867    23.5981 0.0000e+00
 243.547684     22.000  38.470482    14.0036     4.7294     21.815    31.7762    23.6969 0.0000e+00
 243.547695     23.000  38.360836    13.6629     4.4698     22.807    31.9574    23.9060 0.0000e+00
 243.547705     24.000  38.160659    13.2200     4.0462     23.799    32.1424    24.1374 0.0000e+00
 243.547717     25.000  37.904080    12.8575     3.6408     24.790    32.2079    24.2591 0.0000e+00
 243.547729     26.000  37.688418    12.3377     3.5126     25.781    32.4488    24.5453 0.0000e+00
 243.547740     27.000  37.308497    11.6369     3.4802     26.773    32.6930    24.8654 0.0000e+00
 243.547751     28.000  36.967597    11.0731     3.4284     27.764    32.8584    25.0957 0.0000e+00
 243.547761     29.000  36.662481    10.6525     3.3463     28.756    32.9322    25.2270 0.0000e+00
 243.547771     30.000  36.476585    10.4217     3.2479     29.748    32.9542    25.2840 0.0000e+00
 243.547781     31.000  36.388631    10.2627     3.1852     30.739    33.0096    25.3544 0.0000e+00
 243.547790     32.000  36.283668    10.1066     3.2151     31.730    33.0453    25.4086 0.0000e+00
 243.547800     33.000  36.200890    10.0089     3.2146     32.722    33.0502    25.4288 0.0000e+00
 243.547810     34.000  36.180570     9.9833     3.1642     33.713    33.0525    25.4350 0.0000e+00
 243.547820     35.000  36.175622     9.9755     3.0108     34.705    33.0542    25.4376 0.0000e+00
 243.547830     36.000  36.171567     9.9696     2.7020     35.697    33.0551    25.4392 0.0000e+00
 243.547841     37.000  36.166205     9.9552     3.1578     36.688    33.0624    25.4473 0.0000e+00
 243.547852     38.000  36.135772     9.8554     2.0912     37.680    33.1225    25.5109 0.0000e+00
 243.547864     39.000  35.913728     9.3563     1.6040     38.671    33.3562    25.7750 0.0000e+00
 243.547875     40.000  35.380141     8.6419     2.4067     39.663    33.4711    25.9778 0.0000e+00
 243.547889     41.000  35.169712     8.4465     2.6721     40.654    33.4342    25.9783 0.0000e+00
 243.547940     42.000  35.232437     8.5731     2.1577     41.645    33.3800    25.9164 0.0000e+00
