data/oxygen options/OCNMS/OCNMS1/raw_data/2013/CAST_KL027_131010faed.cnv
* Sea-Bird SBE19 Data File:
* FileName = C:\2013 Mooring Data\Recovery\Casts\CAST_KL027_131010.hex
* Software Version 1.59
* Temperature SN = 2997
* Conductivity SN = 2997
* System UpLoad Time = Oct 11 2013 08:06:54
** CAST_KL027_131010
* ds
# nquan = 9                                 
# nvalues = 925                         
# units = specified
# name 0 = timeJ: Julian Days
# name 1 = prSM: Pressure, Strain Gauge [db]
# name 2 = c0mS/cm: Conductivity [mS/cm]
# name 3 = t090C: Temperature [ITS-90, deg C]
# name 4 = sbeox0ML/L: Oxygen, SBE 43 [ml/l]
# name 5 = depSM: Depth [salt water, m], lat = 47.5
# name 6 = sal00: Salinity, Practical [PSU]
# name 7 = sigma-é00: Density [sigma-theta, kg/m^3]
# name 8 = flag: flag
# span 0 = 283.490949, 283.496296       
# span 1 =     -5.225,     27.969       
# span 2 =   0.384557,  38.834350       
# span 3 =    12.1209,    14.4633       
# span 4 =    -1.8485,    11.0147       
# span 5 =     -5.181,     27.734       
# span 6 =     0.2432,    32.5600       
# span 7 =    -0.4266,    24.4787       
# span 8 = 0.0000e+00, 0.0000e+00       
# interval = seconds: 0.5
# start_time = Oct 10 2013 11:46:58 [Instrument's time stamp, header]
# bad_flag = -9.990e-29
*END*
[from data line 801]
 283.495584     19.429  38.693534    14.3466     5.4436     19.266    31.6994    23.5670 0.0000e+00
 283.495590     19.588  38.693998    14.3520     5.4329     19.424    31.6953    23.5627 0.0000e+00
 283.495596     19.728  38.694865    14.3482     5.4366     19.562    31.6992    23.5665 0.0000e+00
 283.495602     19.864  38.694461    14.3345     5.4301     19.697    31.7100    23.5777 0.0000e+00
 283.495608     20.003  38.693340    14.3140     5.4374     19.835    31.7257    23.5940 0.0000e+00
 283.495613     20.151  38.692776    14.2954     5.4457     19.982    31.7404    23.6092 0.0000e+00
 283.495619     20.304  38.693663    14.2848     5.4479     20.134    31.7498    23.6187 0.0000e+00
 283.495625     20.455  38.695465    14.2814     5.4814     20.283    31.7542    23.6228 0.0000e+00
 283.495631     20.604  38.696625    14.2806     5.4897     20.431    31.7559    23.6243 0.0000e+00
 283.495637     20.766  38.697535    14.2772     5.4966     20.592    31.7595    23.6277 0.0000e+00
 283.495642     20.955  38.701618    14.2706     5.5081     20.779    31.7685    23.6361 0.0000e+00
 283.495648     21.178  38.713729    14.2635     5.5155     21.000    31.7854    23.6506 0.0000e+00
 283.495654     21.433  38.740456    14.2537     5.4974     21.253    31.8178    23.6776 0.0000e+00
 283.495660     21.707  38.779850    14.2359     5.4848     21.525    31.8684    23.7203 0.0000e+00
 283.495666     21.981  38.811546    14.2173     5.4418     21.796    31.9127    23.7583 0.0000e+00
 283.495671     22.245  38.822850    14.2115     5.3853     22.058    31.9277    23.7711 0.0000e+00
 283.495677     22.496  38.820949    14.2103     5.3221     22.307    31.9269    23.7707 0.0000e+00
 283.495683     22.748  38.816719    14.1892     5.2416     22.557    31.9403    23.7855 0.0000e+00
 283.495689     23.011  38.819062    14.1402     5.1612     22.818    31.9830    23.8285 0.0000e+00
 283.495694     23.286  38.827149    14.0747     5.0805     23.090    32.0447    23.8896 0.0000e+00
 283.495700     23.563  38.833791    14.0104     5.0243     23.365    32.1043    23.9488 0.0000e+00
 283.495706     23.840  38.834350    13.9480     4.9903     23.640    32.1568    24.0022 0.0000e+00
 283.495712     24.117  38.821120    13.8581     4.9485     23.914    32.2198    24.0692 0.0000e+00
 283.495718     24.399  38.781461    13.7230     4.9354     24.194    32.2966    24.1559 0.0000e+00
 283.495723     24.690  38.720178    13.5742     4.9417     24.482    32.3652    24.2391 0.0000e+00
 283.495729     24.988  38.664801    13.4496     4.9702     24.778    32.4191    24.3058 0.0000e+00
 283.495735     25.291  38.621575    13.3410     5.0012     25.078    32.4710    24.3676 0.0000e+00
 283.495741     25.595  38.578198    13.2423     5.0210     25.380    32.5145    24.4209 0.0000e+00
 283.495747     25.895  38.541229    13.1738     5.0207     25.677    32.5383    24.4528 0.0000e+00
 283.495752     26.185  38.520169    13.1420     5.0123     25.965    32.5456    24.4648 0.0000e+00
 283.495758     26.452  38.512106    13.1407     4.9868     26.230    32.5390    24.4600 0.0000e+00
 283.495764     26.684  38.513528    13.1695     4.9914     26.460    32.5156    24.4362 0.0000e+00
 283.495770     26.878  38.526852    13.2225     4.9875     26.652    32.4827    24.4002 0.0000e+00
 283.495775     27.042  38.549638    13.2722     4.9778     26.815    32.4616    24.3740 0.0000e+00
 283.495781     27.187  38.566844    13.2893     4.9830     26.958    32.4631    24.3718 0.0000e+00
 283.495787     27.322  38.566088    13.2629     4.9615     27.092    32.4849    24.3939 0.0000e+00
 283.495793     27.456  38.548023    13.2079     4.9567     27.225    32.5148    24.4280 0.0000e+00
 283.495799     27.588  38.524963    13.1584     4.9647     27.356    32.5355    24.4538 -9.990e-29
 283.495804     27.710  38.509835    13.1304     4.9748     27.477    32.5452    24.4668 -9.990e-29
 283.495810     27.817  38.503719    13.1186     4.9737     27.583    32.5495    24.4725 -9.990e-29
 283.495816     27.902  38.502340    13.1163     4.9734     27.667    32.5502    24.4735 -9.990e-29
 283.495822     27.955  38.501021    13.1176     4.9559     27.720    32.5478    24.4714 -9.990e-29
 283.495828     27.969  38.494607    13.1192     4.9533     27.734    32.5404    24.4653 -9.990e-29
 283.495833     27.950  38.486842    13.1219     4.9566     27.715    32.5308    24.4573 -9.990e-29
 283.495839     27.905  38.486029    13.1294     4.9799     27.670    32.5236    24.4503 -9.990e-29
 283.495845     27.840  38.492190    13.1443     4.9883     27.606    32.5166    24.4420 -9.990e-29
 283.495851     27.755  38.503071    13.1595     4.9884     27.522    32.5139    24.4369 -9.990e-29
 283.495856     27.645  38.515239    13.1651     4.9905     27.412    32.5206    24.4409 -9.990e-29
 283.495862     27.498  38.522687    13.1607     4.9665     27.267    32.5314    24.4502 0.0000e+00
 283.495868     27.301  38.525260    13.1500     4.9399     27.071    32.5431    24.4613 0.0000e+00
 283.495874     27.046  38.525269    13.1368     4.9259     26.819    32.5545    24.4727 0.0000e+00
 283.495880     26.733  38.522727    13.1278     4.9353     26.508    32.5600    24.4787 0.0000e+00
 283.495885     26.382  38.518726    13.1266     4.9636     26.160    32.5574    24.4770 0.0000e+00
 283.495891     26.020  38.515215    13.1314     4.9748     25.801    32.5501    24.4704 0.0000e+00
 283.495897     25.669  38.512560    13.1376     4.9776     25.453    32.5424    24.4632 0.0000e+00
 283.495903     25.331  38.511150    13.1412     4.9478     25.118    32.5381    24.4592 0.0000e+00
 283.495909     24.994  38.510787    13.1452     4.9588     24.784    32.5345    24.4556 0.0000e+00
 283.495914     24.631  38.512672    13.1580     5.0187     24.424    32.5255    24.4460 0.0000e+00
 283.495920     24.224  38.519877    13.1796     5.1370     24.020    32.5139    24.4328 0.0000e+00
 283.495926     23.777  38.531923    13.2059     5.2771     23.577    32.5029    24.4191 0.0000e+00
 283.495932     23.309  38.551423    13.2309     5.4009     23.113    32.5000    24.4119 0.0000e+00
 283.495938     22.837  38.567399    13.2532     5.4792     22.645    32.4962    24.4044 0.0000e+00
 283.495943     22.365  38.565853    13.3072     5.5513     22.177    32.4488    24.3571 0.0000e+00
 283.495949     21.885  38.568829    13.4637     5.6114     21.701    32.3188    24.2253 0.0000e+00
 283.495955     21.387  38.601591    13.7210     5.5968     21.207    32.1326    24.0296 0.0000e+00
 283.495961     20.870  38.651223    13.9591     5.6324     20.695    31.9799    23.8632 0.0000e+00
 283.495966     20.345  38.683049    14.1022     5.6636     20.174    31.8906    23.7650 0.0000e+00
 283.495972     19.828  38.691370    14.1831     5.7065     19.662    31.8316    23.7028 0.0000e+00
 283.495978     19.329  38.695742    14.2427     5.7325     19.167    31.7867    23.6559 0.0000e+00
 283.495984     18.848  38.700335    14.2846     5.7118     18.690    31.7567    23.6240 0.0000e+00
 283.495990     18.371  38.698395    14.3125     5.6819     18.217    31.7322    23.5993 0.0000e+00
 283.495995     17.879  38.690706    14.3411     5.6541     17.729    31.7019    23.5700 0.0000e+00
 283.496001     17.368  38.679916    14.3689     5.6410     17.222    31.6695    23.5392 0.0000e+00
 283.496007     16.844  38.661170    14.3885     5.6316     16.703    31.6366    23.5098 0.0000e+00
 283.496013     16.320  38.635820    14.4061     5.6257     16.183    31.5993    23.4773 0.0000e+00
 283.496019     15.815  38.606505    14.4276     5.6141     15.682    31.5553    23.4389 0.0000e+00
 283.496024     15.335  38.573373    14.4449     5.6433     15.206    31.5112    23.4014 0.0000e+00
 283.496030     14.866  38.544936    14.4517     5.6820     14.741    31.4800    23.3759 0.0000e+00
 283.496036     14.391  38.520831    14.4523     5.7084     14.270    31.4578    23.3586 0.0000e+00
 283.496042     13.902  38.484613    14.4523     5.7431     13.786    31.4251    23.3333 0.0000e+00
 283.496047     13.398  38.431708    14.4517     5.7789     13.286    31.3777    23.2969 0.0000e+00
 283.496053     12.885  38.374517    14.4471     5.8127     12.777    31.3296    23.2608 0.0000e+00
 283.496059     12.373  38.316929    14.4347     5.8510     12.269    31.2875    23.2309 0.0000e+00
 283.496065     11.864  38.246049    14.4131     5.8814     11.765    31.2407    23.1993 0.0000e+00
 283.496071     11.355  38.157035    14.3846     5.9009     11.260    31.1829    23.1606 0.0000e+00
 283.496076     10.858  38.058413    14.3503     5.9185     10.767    31.1210    23.1200 0.0000e+00
 283.496082     10.383  37.938610    14.3131     5.9437     10.296    31.0420    23.0667 0.0000e+00
 283.496088      9.930  37.809919    14.2836     5.9599      9.847    30.9486    23.0008 0.0000e+00
 283.496094      9.491  37.724336    14.2684     5.9824      9.412    30.8830    22.9534 0.0000e+00
 283.496100      9.053  37.691583    14.2635     5.9988      8.977    30.8573    22.9345 0.0000e+00
 283.496105      8.598  37.676950    14.2633     6.0260      8.526    30.8443    22.9245 0.0000e+00
 283.496111      8.121  37.649160    14.2662     6.0716      8.053    30.8169    22.9027 0.0000e+00
 283.496117      7.625  37.603100    14.2719     6.0857      7.561    30.7706    22.8659 0.0000e+00
 283.496123      7.121  37.554124    14.2780     6.1047      7.061    30.7213    22.8267 0.0000e+00
 283.496128      6.621  37.504737    14.2803     6.1144      6.566    30.6748    22.7903 0.0000e+00
 283.496134      6.134  37.446247    14.2761     6.1135      6.083    30.6251    22.7528 0.0000e+00
 283.496140      5.669  37.373518    14.2648     6.1180      5.622    30.5681    22.7112 0.0000e+00
 283.496146      5.231  37.288757    14.2486     6.1285      5.187    30.5040    22.6650 0.0000e+00
 283.496152      4.821  37.212306    14.2308     6.1308      4.781    30.4486    22.6260 0.0000e+00
 283.496157      4.439  37.157653    14.2138     6.1348      4.402    30.4124    22.6015 0.0000e+00
 283.496163      4.086  37.116922    14.2000     6.1278      4.052    30.3864    22.5843 0.0000e+00
 283.496169      3.762  37.085671    14.1919     6.1148      3.731    30.3644    22.5690 0.0000e+00
 283.496175      3.463  37.072098    14.1897     6.1192      3.434    30.3539    22.5613 0.0000e+00
 283.496181      3.187  37.076594    14.1905     6.1227      3.160    30.3575    22.5639 0.0000e+00
 283.496186      2.934  37.085541    14.1915     6.1243      2.909    30.3649    22.5694 0.0000e+00
 283.496192      2.700  37.091262    14.1924     6.1276      2.677    30.3695    22.5728 0.0000e+00
 283.496198      2.479  37.096341    14.1935     6.0917      2.458    30.3733    22.5755 0.0000e+00
 283.496204      2.271  37.095226    14.1937     6.0254      2.252    30.3722    22.5746 0.0000e+00
 283.496209      2.074  37.083070    14.1926     5.9818      2.057    30.3621    22.5670 0.0000e+00
 283.496215      1.884  37.073920    14.1911     5.9426      1.868    30.3550    22.5619 0.0000e+00
 283.496221      1.703  37.071266    14.1884     6.9789      1.689    30.3548    22.5622 0.0000e+00
 283.496227      1.532  37.064849    14.1830     6.8784      1.519    30.3533    22.5621 0.0000e+00
 283.496233      1.368  37.055076    14.1718     6.8328      1.357    30.3532    22.5644 0.0000e+00
 283.496238      1.214  37.046287    14.1419     6.8023      1.204    30.3688    22.5825 0.0000e+00
 283.496244      1.073  37.035169    14.0717 -9.990e-29      1.064    30.4140    22.6316 0.0000e+00
 283.496250      0.944  37.008580    13.9560 -9.990e-29      0.936    30.4812    22.7068 -9.990e-29
 283.496256      0.832  36.928824    13.8173 -9.990e-29      0.825    30.5182    22.7632 -9.990e-29
 283.496262      0.744  36.679466    13.6809 -9.990e-29      0.738    30.3972    22.6970 -9.990e-29
 283.496267      0.677  35.912319    13.5612 -9.990e-29      0.671    29.7850    22.2480 -9.990e-29
 283.496273      0.627  33.591608    13.4662 -9.990e-29      0.622    27.7275    20.6785 -9.990e-29
 283.496279      0.591  26.618545    13.4003 -9.990e-29      0.586    21.4898    15.8832 -9.990e-29
 283.496285      0.566  16.221836    13.3612 -9.990e-29      0.561    12.5258     8.9930 -9.990e-29
 283.496291      0.553   9.219694    13.3474 -9.990e-29      0.548     6.8028     4.5918 -9.990e-29
 283.496296      0.548   6.544725 -9.990e-29 -9.990e-29      0.543 -9.990e-29 -9.990e-29 -9.990e-29
