data/oxygen options/OCNMS/OCNMS1/raw_data/2013/CAST_TH042_130723faed.cnv
* Sea-Bird SBE19 Data File:
* FileName = C:\2013 Mooring Data\1st Service\CAST_TH042_130723.hex
* Software Version 1.59
* Temperature SN = 2997
* Conductivity SN = 2997
* System UpLoad Time = Jul 23 2013 18:59:13
** CAST_TH042_130723
* ds
# nquan = 9                                 
# nvalues = 1280                        
# units = specified
# name 0 = timeJ: Julian Days
# name 1 = prSM: Pressure, Strain Gauge [db]
# name 2 = c0mS/cm: Conductivity [mS/cm]
# name 3 = t090C: Temperature [ITS-90, deg C]
# name 4 = sbeox0ML/L: Oxygen, SBE 43 [ml/l]
# name 5 = depSM: Depth [salt water, m], lat = 47.5
# name 6 = sal00: Salinity, Practical [PSU]
# name 7 = sigma-é00: Density [sigma-theta, kg/m^3]
# name 8 = flag: flag
# span 0 = 204.723218, 204.730619       
# span 1 =     -5.497,     43.574       
# span 2 =   0.304216,  36.053323       
# span 3 =     7.1856,    12.0439       
# span 4 =    -1.8609,    13.0395       
# span 5 =     -5.451,     43.206       
# span 6 =     0.1955,    33.8216       
# span 7 =    -0.3496,    26.4648       
# span 8 = 0.0000e+00, 0.0000e+00       
# interval = seconds: 0.5
# start_time = Jul 23 2013 17:21:26 [Instrument's time stamp, header]
# bad_flag = -9.990e-29
*END*
[from data line 161]
 204.724149     -2.279   0.371050    11.8481    -1.8578     -2.260     0.2405    -0.2951 -9.990e-29
 204.724155     -2.268   0.371551    11.8503    -1.8578     -2.249     0.2409    -0.2951 -9.990e-29
 204.724161     -2.256   0.371950    11.8543    -1.8577     -2.237     0.2411    -0.2954 -9.990e-29
 204.724167     -2.241   0.372226    11.8589    -1.8576     -2.222     0.2413    -0.2958 -9.990e-29
 204.724172     -2.228   0.372745    11.8634    -1.8576     -2.209     0.2416    -0.2960 -9.990e-29
 204.724178     -2.219   0.373646    11.8685    -1.8576     -2.200     0.2421    -0.2962 -9.990e-29
 204.724184     -2.210   0.374469    11.8735    -1.8576     -2.192     0.2427    -0.2963 -9.990e-29
 204.724190     -2.200   0.374650    11.8769    -1.8575     -2.182     0.2428    -0.2966 -9.990e-29
 204.724196     -2.194   0.374429    11.8784    -1.8572     -2.176     0.2426    -0.2969 -9.990e-29
 204.724201     -2.185   0.374620    11.8795    -1.8573     -2.167     0.2427    -0.2969 -9.990e-29
 204.724207     -2.170   0.375478    11.8812    -1.8572     -2.152     0.2433    -0.2967 -9.990e-29
 204.724213     -2.152   0.376485    11.8833    -1.8573     -2.134     0.2439    -0.2964 -9.990e-29
 204.724219     -2.138   0.377323    11.8850    -1.8574     -2.120     0.2445    -0.2962 -9.990e-29
 204.724225     -2.127   0.378002    11.8860    -1.8576     -2.109     0.2449    -0.2959 -9.990e-29
 204.724230     -2.114   0.378320    11.8868    -1.8574     -2.096     0.2451    -0.2959 -9.990e-29
 204.724236     -2.103   0.378147    11.8884    -1.8573     -2.085     0.2450    -0.2962 -9.990e-29
 204.724242     -2.097   0.377805    11.8910    -1.8575     -2.080     0.2448    -0.2966 -9.990e-29
 204.724248     -2.097   0.377946    11.8935    -1.8576     -2.080     0.2449    -0.2969 -9.990e-29
 204.724253     -2.096   0.378757    11.8945    -1.8577     -2.079     0.2454    -0.2966 -9.990e-29
 204.724259     -2.092   0.379660    11.8942    -1.8579     -2.075     0.2460    -0.2961 -9.990e-29
 204.724265     -2.084   0.380196    11.8930    -1.8580     -2.067     0.2464    -0.2956 -9.990e-29
 204.724271     -2.072   0.380528    11.8909    -1.8580     -2.055     0.2466    -0.2952 -9.990e-29
 204.724277     -2.059   0.381097    11.8896    -1.8577     -2.042     0.2470    -0.2948 -9.990e-29
 204.724282     -2.048   0.382108    11.8900    -1.8576     -2.031     0.2476    -0.2943 -9.990e-29
 204.724288     -2.039   0.383249    11.8902    -1.8577     -2.022     0.2484    -0.2937 -9.990e-29
 204.724294     -2.031   0.383823    11.8885    -1.8579     -2.014     0.2488    -0.2932 -9.990e-29
 204.724300     -2.024   0.383489    11.8855    -1.8582     -2.007     0.2486    -0.2930 -9.990e-29
 204.724306     -2.017   0.382909    11.8823    -1.8584     -2.000     0.2482    -0.2930 -9.990e-29
 204.724311     -2.009   0.382972    11.8792    -1.8587     -1.992     0.2483    -0.2926 -9.990e-29
 204.724317     -2.002   0.383763    11.8773    -1.8585     -1.985     0.2488    -0.2919 -9.990e-29
 204.724323     -1.993   0.384675    11.8778    -1.8584     -1.976     0.2494    -0.2915 -9.990e-29
 204.724329     -1.982   0.385262    11.8803    -1.8585     -1.965     0.2498    -0.2915 -9.990e-29
 204.724334     -1.968   0.385753    11.8817    -1.8589     -1.952     0.2501    -0.2914 -9.990e-29
 204.724340     -1.956   0.386249    11.8797    -1.8589     -1.940     0.2505    -0.2909 -9.990e-29
 204.724346     -1.949   0.386304    11.8749    -1.8587     -1.933     0.2505    -0.2903 -9.990e-29
 204.724352     -1.941   0.385990    11.8693    -1.8586     -1.925     0.2504    -0.2898 -9.990e-29
 204.724358     -1.928   0.385996    11.8646    -1.8587     -1.912     0.2504    -0.2892 -9.990e-29
 204.724363     -1.909   0.386332    11.8620    -1.8589     -1.893     0.2506    -0.2888 -9.990e-29
 204.724369     -1.887   0.386337    11.8619    -1.8588     -1.871     0.2506    -0.2888 -9.990e-29
 204.724375     -1.866   0.386017    11.8620    -1.8586     -1.850     0.2504    -0.2889 -9.990e-29
 204.724381     -1.843   0.386053    11.8597    -1.8588     -1.828     0.2505    -0.2886 -9.990e-29
 204.724387     -1.822   0.386494    11.8565    -1.8589     -1.807     0.2508    -0.2880 -9.990e-29
 204.724392     -1.805   0.386822    11.8555    -1.8590     -1.790     0.2510    -0.2877 -9.990e-29
 204.724398     -1.792   0.386920    11.8568    -1.8588     -1.777     0.2511    -0.2878 -9.990e-29
 204.724404     -1.782   0.386917    11.8577    -1.8587     -1.767     0.2511    -0.2880 -9.990e-29
 204.724410     -1.773   0.386810    11.8569    -1.8585     -1.758     0.2510    -0.2879 -9.990e-29
 204.724416     -1.767   0.386457    11.8557    -1.8585     -1.752     0.2508    -0.2880 -9.990e-29
 204.724421     -1.761   0.385940    11.8559    -1.8585     -1.746     0.2504    -0.2882 -9.990e-29
 204.724427     -1.756   0.385678    11.8563    -1.8583     -1.741     0.2502    -0.2884 -9.990e-29
 204.724433     -1.751   0.385876    11.8549    -1.8582     -1.736     0.2504    -0.2882 -9.990e-29
 204.724439     -1.746   0.386245    11.8531    -1.8579     -1.731     0.2506    -0.2878 -9.990e-29
 204.724444     -1.741   0.386168    11.8531    -1.8578     -1.726     0.2506    -0.2878 -9.990e-29
 204.724450     -1.736   0.385543    11.8550    -1.8578     -1.722     0.2502    -0.2884 -9.990e-29
 204.724456     -1.729   0.385199    11.8577    -1.8576     -1.715     0.2499    -0.2888 -9.990e-29
 204.724462     -1.721   0.385785    11.8602    -1.8574     -1.707     0.2503    -0.2888 -9.990e-29
 204.724468     -1.712   0.386973    11.8625    -1.8573     -1.698     0.2511    -0.2885 -9.990e-29
 204.724473     -1.700   0.388134    11.8652    -1.8575     -1.686     0.2518    -0.2882 -9.990e-29
 204.724479     -1.689   0.388600    11.8685    -1.8574     -1.675     0.2521    -0.2883 -9.990e-29
 204.724485     -1.683   0.387885    11.8723    -1.8576     -1.669     0.2516    -0.2892 -9.990e-29
 204.724491     -1.681   0.386697    11.8766    -1.8575     -1.667     0.2508    -0.2903 -9.990e-29
 204.724497     -1.683   0.386220    11.8803    -1.8577     -1.669     0.2504    -0.2910 -9.990e-29
 204.724502     -1.685   0.386374    11.8836    -1.8579     -1.671     0.2505    -0.2913 -9.990e-29
 204.724508     -1.683   0.386254    11.8872    -1.8583     -1.669     0.2504    -0.2918 -9.990e-29
 204.724514     -1.677   0.385702    11.8906    -1.8587     -1.663     0.2500    -0.2925 -9.990e-29
 204.724520     -1.667   0.385090    11.8923    -1.8586     -1.653     0.2496    -0.2930 -9.990e-29
 204.724525     -1.655   0.384708    11.8917    -1.8584     -1.641     0.2494    -0.2931 -9.990e-29
 204.724531     -1.646   0.385157    11.8901    -1.8585     -1.632     0.2497    -0.2927 -9.990e-29
 204.724537     -1.635   0.386480    11.8884    -1.8588     -1.621     0.2506    -0.2918 -9.990e-29
 204.724543     -1.620   0.387673    11.8862    -1.8589     -1.606     0.2514    -0.2909 -9.990e-29
 204.724549     -1.606   0.388109    11.8829    -1.8590     -1.593     0.2517    -0.2903 -9.990e-29
 204.724554     -1.591   0.387816    11.8776    -1.8589     -1.578     0.2515    -0.2898 -9.990e-29
 204.724560     -1.579   0.386960    11.8707    -1.8589     -1.566     0.2510    -0.2895 -9.990e-29
 204.724566     -1.569   0.386059    11.8651    -1.8589     -1.556     0.2504    -0.2893 -9.990e-29
 204.724572     -1.555   0.385574    11.8632    -1.8589     -1.542     0.2501    -0.2893 -9.990e-29
 204.724578     -1.543   0.385411    11.8630    -1.8589     -1.530     0.2500    -0.2894 -9.990e-29
 204.724583     -1.534   0.385352    11.8610    -1.8589     -1.521     0.2500    -0.2892 -9.990e-29
 204.724589     -1.529   0.385320    11.8573    -1.8588     -1.516     0.2500    -0.2887 -9.990e-29
 204.724595     -1.526   0.385273    11.8543    -1.8586     -1.513     0.2500    -0.2884 -9.990e-29
 204.724601     -1.527   0.385148    11.8528    -1.8588     -1.514     0.2499    -0.2883 -9.990e-29
 204.724606     -1.526   0.384778    11.8528    -1.8590     -1.513     0.2497    -0.2885 -9.990e-29
 204.724612     -1.519   0.384224    11.8534    -1.8592     -1.506     0.2493    -0.2888 -9.990e-29
 204.724618     -1.511   0.383854    11.8539    -1.8591     -1.498     0.2490    -0.2891 -9.990e-29
 204.724624     -1.504   0.383730    11.8543    -1.8592     -1.491     0.2490    -0.2892 -9.990e-29
 204.724630     -1.499   0.383688    11.8546    -1.8591     -1.486     0.2489    -0.2893 -9.990e-29
 204.724635     -1.495   0.383670    11.8554    -1.8590     -1.483     0.2489    -0.2894 -9.990e-29
 204.724641     -1.492   0.383652    11.8568    -1.8588     -1.480     0.2489    -0.2895 -9.990e-29
 204.724647     -1.489   0.383610    11.8575    -1.8588     -1.477     0.2489    -0.2897 -9.990e-29
 204.724653     -1.487   0.383487    11.8560    -1.8589     -1.475     0.2488    -0.2895 -9.990e-29
 204.724659     -1.486   0.383118    11.8527    -1.8589     -1.474     0.2486    -0.2893 -9.990e-29
 204.724664     -1.484   0.382565    11.8498    -1.8589     -1.472     0.2482    -0.2893 -9.990e-29
 204.724670     -1.483   0.382196    11.8485    -1.8590     -1.471     0.2480    -0.2893 -9.990e-29
 204.724676     -1.483   0.382072    11.8487    -1.8592     -1.471     0.2479    -0.2894 -9.990e-29
 204.724682     -1.482   0.382027    11.8499    -1.8591     -1.470     0.2478    -0.2896 -9.990e-29
 204.724687     -1.481   0.382001    11.8519    -1.8591     -1.469     0.2478    -0.2898 -9.990e-29
 204.724693     -1.480   0.381957    11.8541    -1.8589     -1.468     0.2478    -0.2901 -9.990e-29
 204.724699     -1.479   0.381834    11.8550    -1.8589     -1.467     0.2477    -0.2903 -9.990e-29
 204.724705     -1.478   0.381469    11.8546    -1.8589     -1.466     0.2474    -0.2904 -9.990e-29
 204.724711     -1.477   0.380927    11.8542    -1.8587     -1.465     0.2471    -0.2907 -9.990e-29
 204.724716     -1.476   0.380593    11.8535    -1.8585     -1.464     0.2469    -0.2908 -9.990e-29
 204.724722     -1.474   0.380576    11.8517    -1.8584     -1.462     0.2469    -0.2906 -9.990e-29
 204.724728     -1.472   0.380850    11.8498    -1.8585     -1.460     0.2471    -0.2902 -9.990e-29
 204.724734     -1.470   0.381227    11.8496    -1.8586     -1.458     0.2473    -0.2900 -9.990e-29
 204.724740     -1.466   0.381102    11.8512    -1.8586     -1.454     0.2472    -0.2902 -9.990e-29
 204.724745     -1.462   0.380305    11.8535    -1.8587     -1.450     0.2467    -0.2909 -9.990e-29
 204.724751     -1.457   0.379435    11.8553    -1.8590     -1.445     0.2461    -0.2916 -9.990e-29
 204.724757     -1.450   0.378992    11.8571    -1.8592     -1.438     0.2458    -0.2920 -9.990e-29
 204.724763     -1.441   0.378938    11.8600    -1.8597     -1.429     0.2457    -0.2924 -9.990e-29
 204.724769     -1.430   0.379201    11.8633    -1.8599     -1.418     0.2459    -0.2926 -9.990e-29
 204.724774     -1.415   0.379575    11.8653    -1.8598     -1.403     0.2461    -0.2927 -9.990e-29
 204.724780     -1.396   0.379451    11.8654    -1.8596     -1.384     0.2460    -0.2928 -9.990e-29
 204.724786     -1.376   0.378661    11.8645    -1.8593     -1.365     0.2455    -0.2931 -9.990e-29
 204.724792     -1.358   0.377814    11.8625    -1.8594     -1.347     0.2450    -0.2933 -9.990e-29
 204.724797     -1.341   0.377440    11.8585    -1.8598     -1.330     0.2447    -0.2930 -9.990e-29
 204.724803     -1.324   0.377596    11.8529    -1.8599     -1.313     0.2449    -0.2922 -9.990e-29
 204.724809     -1.305   0.377935    11.8463    -1.8600     -1.294     0.2451    -0.2913 -9.990e-29
 204.724815     -1.288   0.377800    11.8396    -1.8602     -1.277     0.2451    -0.2906 -9.990e-29
 204.724821     -1.275   0.377008    11.8354    -1.8604     -1.264     0.2446    -0.2905 -9.990e-29
 204.724826     -1.267   0.376164    11.8351    -1.8606     -1.256     0.2440    -0.2909 -9.990e-29
 204.724832     -1.262   0.375803    11.8375    -1.8603     -1.251     0.2438    -0.2914 -9.990e-29
 204.724838     -1.261   0.375998    11.8397    -1.8601     -1.250     0.2439    -0.2915 -9.990e-29
 204.724844     -1.258   0.376454    11.8385    -1.8602     -1.248     0.2442    -0.2911 -9.990e-29
 204.724850     -1.250   0.376670    11.8345    -1.8600     -1.240     0.2444    -0.2906 -9.990e-29
 204.724855     -1.240   0.376378    11.8303    -1.8599     -1.230     0.2442    -0.2902 -9.990e-29
 204.724861     -1.232   0.375742    11.8265    -1.8599     -1.222     0.2438    -0.2901 -9.990e-29
 204.724867     -1.225   0.375023    11.8228    -1.8601     -1.215     0.2433    -0.2900 -9.990e-29
 204.724873     -1.219   0.374368    11.8194    -1.8598     -1.209     0.2429    -0.2900 -9.990e-29
 204.724878     -1.214   0.374008    11.8178    -1.8600     -1.204     0.2427    -0.2900 -9.990e-29
 204.724884     -1.209   0.374018    11.8194    -1.8603     -1.199     0.2427    -0.2902 -9.990e-29
 204.724890     -1.204   0.374411    11.8220    -1.8603     -1.194     0.2429    -0.2903 -9.990e-29
 204.724896     -1.198   0.375156    11.8238    -1.8603     -1.188     0.2434    -0.2901 -9.990e-29
 204.724902     -1.192   0.375582    11.8259    -1.8604     -1.182     0.2437    -0.2901 -9.990e-29
 204.724907     -1.184   0.375150    11.8280    -1.8603     -1.174     0.2434    -0.2906 -9.990e-29
 204.724913     -1.174   0.374391    11.8290    -1.8605     -1.164     0.2429    -0.2911 -9.990e-29
 204.724919     -1.163   0.373952    11.8295    -1.8609     -1.153     0.2426    -0.2914 -9.990e-29
 204.724925     -1.152   0.373801    11.8297    -1.8608     -1.142     0.2425    -0.2915 -9.990e-29
 204.724931     -1.146   0.373735    11.8275    -1.8609     -1.136     0.2424    -0.2913 -9.990e-29
 204.724936     -1.145   0.373666    11.8237    -1.8608     -1.135     0.2424    -0.2909 -9.990e-29
 204.724942     -1.148   0.373502    11.8213    -1.8608     -1.138     0.2423    -0.2907 -9.990e-29
 204.724948     -1.152   0.373021    11.8201    -1.8607     -1.142     0.2420    -0.2908 -9.990e-29
 204.724954     -1.151   0.372134    11.8191    -1.8606     -1.141     0.2414    -0.2911 -9.990e-29
 204.724959     -1.147   0.371321    11.8174    -1.8607     -1.137     0.2409    -0.2913 -9.990e-29
 204.724965     -1.138   0.371157    11.8140    -1.8604     -1.129     0.2408    -0.2910 -9.990e-29
 204.724971     -1.126   0.371423    11.8103    -1.8602     -1.117     0.2410    -0.2905 -9.990e-29
 204.724977     -1.112   0.371364    11.8084    -1.8598     -1.103     0.2410    -0.2903 -9.990e-29
 204.724983     -1.100   0.370902    11.8083    -1.8593     -1.091     0.2407    -0.2905 -9.990e-29
 204.724988     -1.089   0.370529    11.8087    -1.8594     -1.080     0.2404    -0.2907 -9.990e-29
 204.724994     -1.084   0.370300    11.8091    -1.8591     -1.075     0.2403    -0.2909 -9.990e-29
 204.725000     -1.088   0.369908    11.8100    -1.8589     -1.079     0.2400    -0.2912 -9.990e-29
 204.725006     -1.096   0.369383    11.8117    -1.8585     -1.087     0.2396    -0.2917 -9.990e-29
 204.725012     -1.102   0.369132    11.8148    -1.8581     -1.093     0.2395    -0.2922 -9.990e-29
 204.725017     -1.101   0.369373    11.8197    -1.8575     -1.092     0.2396    -0.2926 -9.990e-29
 204.725023     -1.097   0.369871    11.8261    -1.8576     -1.088     0.2399    -0.2931 -9.990e-29
 204.725029     -1.094   0.370184    11.8342    -1.8575     -1.085     0.2400    -0.2939 -9.990e-29
 204.725035     -1.089   0.370171    11.8426    -1.8573     -1.080     0.2400    -0.2949 -9.990e-29
 204.725041     -1.075   0.369815    11.8494    -1.8576     -1.066     0.2397    -0.2959 -9.990e-29
 204.725046     -1.057   0.369196    11.8554    -1.8576     -1.048     0.2393    -0.2969 -9.990e-29
 204.725052     -1.042   0.368594    11.8622    -1.8577     -1.033     0.2388    -0.2980 -9.990e-29
 204.725058     -1.030   0.368315    11.8709    -1.8574     -1.021     0.2386    -0.2992 -9.990e-29
 204.725064     -1.014   0.368538    11.8812    -1.8570     -1.006     0.2387    -0.3003 -9.990e-29
