data/oxygen options/OCNMS/OCNMS1/raw_data/2013/CAST_TH042_131010faedb.cnv
* Sea-Bird SBE19 Data File:
* FileName = C:\2013 Mooring Data\Recovery\Casts\CAST_TH042_131010.hex
* Software Version 1.59
* Temperature SN = 2997
* Conductivity SN = 2997
* System UpLoad Time = Oct 11 2013 08:14:33
** CAST_TH042_131010
* ds
# nquan = 9
# nvalues = 42                          
# units = specified
# name 0 = timeJ: Julian Days
# name 1 = prSM: Pressure, Strain Gauge [db]
# name 2 = c0mS/cm: Conductivity [mS/cm]
# name 3 = t090C: Temperature [ITS-90, deg C]
# name 4 = sbeox0ML/L: Oxygen, SBE 43 [ml/l]
# name 5 = depSM: Depth [salt water, m], lat = 47.5
# name 6 = sal00: Salinity, Practical [PSU]
# name 7 = sigma-é00: Density [sigma-theta, kg/m^3]
# name 8 = flag: flag
# span 0 =  35.010164, 285.396317       
# span 1 =      0.368,     43.000       
# span 2 =   4.616642,  38.711176       
# span 3 =     1.7574,    14.4976       
# span 4 =     0.7772,     6.3359       
# span 5 =      0.365,     42.637       
# span 6 =     3.7793,    32.9813       
# span 7 =     2.8088,    25.3391       
# span 8 = 0.0000e+00, 0.0000e+00       
# interval = decibars: 1                
# start_time = Oct 10 2013 13:34:05 [Instrument's time stamp, header]
# bad_flag = -9.990e-29
*END*
  35.010164      1.000   4.616642     1.7574     0.7772      0.365     3.7793     2.8088 0.0000e+00
 285.396317      3.000  37.634001    14.3259     6.3359      2.975    30.8083    22.8971 0.0000e+00
 283.569806      4.000  37.428304    14.2512     5.9428      3.967    30.6292    22.7610 0.0000e+00
 283.569825      5.000  37.874327    14.4231     5.8224      4.958    30.8974    22.9325 0.0000e+00
 283.569841      6.000  38.327064    14.4976     5.7790      5.950    31.2484    23.1875 0.0000e+00
 283.569856      7.000  38.510763    14.4901     5.7368      6.941    31.4208    23.3220 0.0000e+00
 283.569871      8.000  38.601818    14.4788     5.5438      7.933    31.5123    23.3949 0.0000e+00
 283.569883      9.000  38.629752    14.4592     5.5586      8.924    31.5533    23.4306 0.0000e+00
 283.569896     10.000  38.664685    14.3766     5.7706      9.916    31.6520    23.5240 0.0000e+00
 283.569907     11.000  38.711176    14.2188     5.8278     10.908    31.8237    23.6890 0.0000e+00
 283.569918     12.000  38.644565    14.0294     5.7606     11.900    31.9186    23.8013 0.0000e+00
 283.569929     13.000  38.550863    13.8894     5.7684     12.891    31.9483    23.8528 0.0000e+00
 283.569940     14.000  38.490182    13.8632     5.8481     13.883    31.9137    23.8315 0.0000e+00
 283.569953     15.000  38.503954    13.8923     5.9068     14.874    31.9019    23.8164 0.0000e+00
 283.569965     16.000  38.457053    13.7528     5.8511     15.866    31.9742    23.9006 0.0000e+00
 283.569977     17.000  38.375289    13.6466     5.8621     16.858    31.9867    23.9318 0.0000e+00
 283.569987     18.000  38.352738    13.6148     5.8941     17.849    31.9919    23.9422 0.0000e+00
 283.569997     19.000  38.339918    13.5931     5.9297     18.841    31.9978    23.9512 0.0000e+00
 283.570008     20.000  38.329859    13.5769     5.8886     19.832    32.0017    23.9574 0.0000e+00
 283.570019     21.000  38.321363    13.5632     5.8455     20.824    32.0048    23.9626 0.0000e+00
 283.570030     22.000  38.311935    13.5460     5.8412     21.815    32.0101    23.9702 0.0000e+00
 283.570041     23.000  38.297337    13.5270     5.8309     22.807    32.0120    23.9755 0.0000e+00
 283.570055     24.000  38.293190    13.5268     5.8318     23.799    32.0080    23.9724 0.0000e+00
 283.570069     25.000  38.293844    13.5186     5.8233     24.790    32.0150    23.9797 0.0000e+00
 283.570081     26.000  38.268240    13.4614     5.7240     25.781    32.0388    24.0094 0.0000e+00
 283.570093     27.000  38.220524    13.3881     5.5426     26.773    32.0554    24.0369 0.0000e+00
 283.570103     28.000  38.192680    13.3466     5.2358     27.765    32.0639    24.0518 0.0000e+00
 283.570115     29.000  38.154299    13.2733     4.7964     28.756    32.0894    24.0860 0.0000e+00
 283.570128     30.000  37.991037    12.9294     4.5098     29.748    32.2270    24.2599 0.0000e+00
 283.570140     31.000  37.702617    12.4228     4.4461     30.739    32.3868    24.4811 0.0000e+00
 283.570151     32.000  37.393473    11.9489     4.4265     31.731    32.5000    24.6580 0.0000e+00
 283.570162     33.000  37.135422    11.5628     4.4183     32.722    32.5869    24.7966 0.0000e+00
 283.570174     34.000  36.946739    11.2908     4.4568     33.713    32.6416    24.8884 0.0000e+00
 283.570184     35.000  36.858244    11.1814     4.4992     34.705    32.6510    24.9154 0.0000e+00
 283.570197     36.000  36.858268    11.1882     4.4430     35.696    32.6444    24.9091 0.0000e+00
 283.570210     37.000  36.873322    11.1936     4.3453     36.688    32.6541    24.9156 0.0000e+00
 283.570224     38.000  36.851715    11.1118     4.1124     37.679    32.7050    24.9698 0.0000e+00
 283.570237     39.000  36.782482    10.9170     3.8004     38.671    32.8099    25.0858 0.0000e+00
 283.570250     40.000  36.621260    10.6075     3.6581     39.662    32.9270    25.2310 0.0000e+00
 283.570263     41.000  36.356844    10.2537     3.6774     40.654    32.9813    25.3340 0.0000e+00
 283.570280     42.000  36.222941    10.1273     3.7634     41.645    32.9605    25.3391 0.0000e+00
 283.570303     43.000  36.206768    10.1176     3.9202     42.637    32.9526    25.3346 0.0000e+00
