data/oxygen options/OCNMS/OCNMS1/raw_data/2013/CAST_CA015_130901faed.cnv
* Sea-Bird SBE19 Data File:
* FileName = C:\2013 Mooring Data\2nd Service\Casts\CAST_CA015_130901.hex
* Software Version 1.59
* Temperature SN = 2997
* Conductivity SN = 2997
* System UpLoad Time = Sep 02 2013 11:23:31
** CAST_CA015_130901
* ds
# nquan = 9                                 
# nvalues = 897                         
# units = specified
# name 0 = timeJ: Julian Days
# name 1 = prSM: Pressure, Strain Gauge [db]
# name 2 = c0mS/cm: Conductivity [mS/cm]
# name 3 = t090C: Temperature [ITS-90, deg C]
# name 4 = sbeox0ML/L: Oxygen, SBE 43 [ml/l]
# name 5 = depSM: Depth [salt water, m], lat = 47.5
# name 6 = sal00: Salinity, Practical [PSU]
# name 7 = sigma-é00: Density [sigma-theta, kg/m^3]
# name 8 = flag: flag
# span 0 = 244.639641, 244.644826       
# span 1 =     -6.023,     14.170       
# span 2 =   0.257878,  40.044231       
# span 3 =    14.7662,    18.0758       
# span 4 =    -1.6908,    12.0722       
# span 5 =     -5.973,     14.051       
# span 6 =     0.1439,    31.8680       
# span 7 =    -1.3049,    23.6060       
# span 8 = 0.0000e+00, 0.0000e+00       
# interval = seconds: 0.5
# start_time = Sep 01 2013 15:21:05 [Instrument's time stamp, header]
# bad_flag = -9.990e-29
*END*
 244.639641     -6.023 -9.990e-29    17.5847    -1.6866     -5.973 -9.990e-29 -9.990e-29 -9.990e-29
 244.639647     -6.012   0.271106    17.5823    -1.6867     -5.962     0.1525    -1.2095 -9.990e-29
 244.639653     -5.985   0.271106    17.5796    -1.6867     -5.935     0.1526    -1.2090 -9.990e-29
 244.639659     -5.931   0.271106    17.5770    -1.6867     -5.882     0.1526    -1.2086 -9.990e-29
 244.639664     -5.870   0.271106    17.5747    -1.6866     -5.821     0.1526    -1.2081 -9.990e-29
 244.639670     -5.814   0.271105    17.5727    -1.6866     -5.766     0.1526    -1.2078 -9.990e-29
 244.639676     -5.763   0.271103    17.5705    -1.6865     -5.715     0.1526    -1.2074 -9.990e-29
 244.639682     -5.723   0.271098    17.5666    -1.6865     -5.675     0.1526    -1.2066 -9.990e-29
 244.639688     -5.688   0.271084    17.5618    -1.6863     -5.641     0.1526    -1.2058 -9.990e-29
 244.639693     -5.646   0.271043    17.5579    -1.6864     -5.599     0.1526    -1.2051 -9.990e-29
 244.639699     -5.603   0.270920    17.5556    -1.6865     -5.556     0.1525    -1.2047 -9.990e-29
 244.639705     -5.566   0.270550    17.5547    -1.6864     -5.520     0.1523    -1.2047 -9.990e-29
 244.639711     -5.531   0.269996    17.5556    -1.6865     -5.485     0.1520    -1.2051 -9.990e-29
 244.639716     -5.497   0.269627    17.5576    -1.6866     -5.451     0.1518    -1.2056 -9.990e-29
 244.639722     -5.461   0.269504    17.5597    -1.6867     -5.415     0.1517    -1.2061 -9.990e-29
 244.639728     -5.426   0.269463    17.5621    -1.6868     -5.381     0.1517    -1.2065 -9.990e-29
 244.639734     -5.393   0.269449    17.5651    -1.6868     -5.348     0.1517    -1.2071 -9.990e-29
 244.639740     -5.360   0.269444    17.5673    -1.6866     -5.315     0.1517    -1.2075 -9.990e-29
 244.639745     -5.330   0.269442    17.5672    -1.6864     -5.286     0.1517    -1.2075 -9.990e-29
 244.639751     -5.305   0.269441    17.5659    -1.6862     -5.261     0.1517    -1.2072 -9.990e-29
 244.639757     -5.283   0.269441    17.5646    -1.6859     -5.239     0.1517    -1.2070 -9.990e-29
 244.639763     -5.263   0.269441    17.5625    -1.6857     -5.219     0.1517    -1.2066 -9.990e-29
 244.639769     -5.244   0.269440    17.5592    -1.6861     -5.200     0.1517    -1.2060 -9.990e-29
 244.639774     -5.224   0.269440    17.5559    -1.6868     -5.180     0.1517    -1.2054 -9.990e-29
 244.639780     -5.203   0.269440    17.5541    -1.6872     -5.160     0.1517    -1.2051 -9.990e-29
 244.639786     -5.178   0.269439    17.5555    -1.6874     -5.135     0.1517    -1.2053 -9.990e-29
 244.639792     -5.149   0.269439    17.5610    -1.6873     -5.106     0.1517    -1.2063 -9.990e-29
 244.639797     -5.114   0.269439    17.5693    -1.6871     -5.071     0.1516    -1.2079 -9.990e-29
 244.639803     -5.073   0.269439    17.5781    -1.6872     -5.031     0.1516    -1.2095 -9.990e-29
 244.639809     -5.035   0.269438    17.5851    -1.6871     -4.993     0.1516    -1.2107 -9.990e-29
 244.639815     -4.999   0.269438    17.5857    -1.6870     -4.957     0.1516    -1.2109 -9.990e-29
 244.639821     -4.965   0.269438    17.5757    -1.6868     -4.924     0.1516    -1.2090 -9.990e-29
 244.639826     -4.933   0.269437    17.5586    -1.6866     -4.892     0.1517    -1.2059 -9.990e-29
 244.639832     -4.908   0.269435    17.5440    -1.6866     -4.867     0.1517    -1.2032 -9.990e-29
 244.639838     -4.881   0.269430    17.5372    -1.6871     -4.840     0.1517    -1.2020 -9.990e-29
 244.639844     -4.848   0.269416    17.5371    -1.6875     -4.808     0.1517    -1.2020 -9.990e-29
 244.639850     -4.811   0.269375    17.5397    -1.6878     -4.771     0.1517    -1.2025 -9.990e-29
 244.639855     -4.776   0.269252    17.5424    -1.6880     -4.736     0.1516    -1.2030 -9.990e-29
 244.639861     -4.744   0.268882    17.5456    -1.6879     -4.704     0.1514    -1.2038 -9.990e-29
 244.639867     -4.715   0.268328    17.5501    -1.6880     -4.676     0.1511    -1.2048 -9.990e-29
 244.639873     -4.685   0.267959    17.5548    -1.6881     -4.646     0.1509    -1.2058 -9.990e-29
 244.639878     -4.658   0.267836    17.5570    -1.6878     -4.619     0.1508    -1.2063 -9.990e-29
 244.639884     -4.636   0.267795    17.5532    -1.6878     -4.597     0.1508    -1.2056 -9.990e-29
 244.639890     -4.613   0.267781    17.5432    -1.6878     -4.575     0.1508    -1.2038 -9.990e-29
 244.639896     -4.584   0.267776    17.5315    -1.6879     -4.546     0.1508    -1.2017 -9.990e-29
 244.639902     -4.551   0.267774    17.5215    -1.6879     -4.513     0.1509    -1.1998 -9.990e-29
 244.639907     -4.521   0.267773    17.5148    -1.6882     -4.483     0.1509    -1.1986 -9.990e-29
 244.639913     -4.495   0.267773    17.5115    -1.6885     -4.458     0.1509    -1.1980 -9.990e-29
 244.639919     -4.473   0.267773    17.5097    -1.6885     -4.436     0.1509    -1.1977 -9.990e-29
 244.639925     -4.452   0.267772    17.5102    -1.6883     -4.415     0.1509    -1.1978 -9.990e-29
 244.639931     -4.432   0.267772    17.5131    -1.6880     -4.395     0.1509    -1.1983 -9.990e-29
 244.639936     -4.411   0.267772    17.5150    -1.6882     -4.374     0.1509    -1.1986 -9.990e-29
 244.639942     -4.388   0.267772    17.5147    -1.6885     -4.351     0.1509    -1.1986 -9.990e-29
 244.639948     -4.362   0.267771    17.5132    -1.6885     -4.326     0.1509    -1.1983 -9.990e-29
 244.639954     -4.330   0.267769    17.5098    -1.6884     -4.294     0.1509    -1.1977 -9.990e-29
 244.639959     -4.296   0.267764    17.5036    -1.6882     -4.260     0.1509    -1.1966 -9.990e-29
 244.639965     -4.265   0.267750    17.4978    -1.6880     -4.229     0.1509    -1.1955 -9.990e-29
 244.639971     -4.239   0.267709    17.4966    -1.6880     -4.204     0.1509    -1.1953 -9.990e-29
 244.639977     -4.218   0.267585    17.4998    -1.6879     -4.183     0.1508    -1.1959 -9.990e-29
 244.639983     -4.199   0.267216    17.5021    -1.6879     -4.164     0.1506    -1.1965 -9.990e-29
 244.639988     -4.182   0.266662    17.4995    -1.6881     -4.147     0.1503    -1.1963 -9.990e-29
 244.639994     -4.165   0.266293    17.4952    -1.6888     -4.130     0.1501    -1.1957 -9.990e-29
 244.640000     -4.147   0.266170    17.4942    -1.6894     -4.112     0.1500    -1.1955 -9.990e-29
 244.640006     -4.128   0.266129    17.4972    -1.6899     -4.094     0.1500    -1.1961 -9.990e-29
 244.640012     -4.110   0.266115    17.5022    -1.6901     -4.076     0.1500    -1.1970 -9.990e-29
 244.640017     -4.096   0.266110    17.5070    -1.6902     -4.062     0.1500    -1.1979 -9.990e-29
 244.640023     -4.082   0.266108    17.5102    -1.6899     -4.048     0.1500    -1.1985 -9.990e-29
 244.640029     -4.062   0.266106    17.5113    -1.6897     -4.028     0.1499    -1.1987 -9.990e-29
 244.640035     -4.034   0.266104    17.5085    -1.6896     -4.000     0.1500    -1.1982 -9.990e-29
 244.640041     -4.002   0.266099    17.4980    -1.6896     -3.969     0.1500    -1.1963 -9.990e-29
 244.640046     -3.972   0.266085    17.4796    -1.6895     -3.939     0.1500    -1.1929 -9.990e-29
 244.640052     -3.946   0.266044    17.4593    -1.6893     -3.913     0.1501    -1.1892 -9.990e-29
 244.640058     -3.923   0.265921    17.4431    -1.6891     -3.890     0.1501    -1.1863 -9.990e-29
 244.640064     -3.901   0.265552    17.4335    -1.6893     -3.868     0.1499    -1.1848 -9.990e-29
 244.640069     -3.879   0.264998    17.4317    -1.6896     -3.847     0.1496    -1.1847 -9.990e-29
 244.640075     -3.859   0.264628    17.4357    -1.6897     -3.827     0.1494    -1.1856 -9.990e-29
 244.640081     -3.845   0.264505    17.4414    -1.6895     -3.813     0.1493    -1.1867 -9.990e-29
 244.640087     -3.831   0.264464    17.4462    -1.6894     -3.799     0.1492    -1.1875 -9.990e-29
 244.640093     -3.812   0.264450    17.4502    -1.6893     -3.780     0.1492    -1.1883 -9.990e-29
 244.640098     -3.792   0.264446    17.4551    -1.6898     -3.760     0.1492    -1.1892 -9.990e-29
 244.640104     -3.773   0.264444    17.4604    -1.6903     -3.742     0.1492    -1.1901 -9.990e-29
 244.640110     -3.755   0.264443    17.4627    -1.6906     -3.724     0.1492    -1.1906 -9.990e-29
 244.640116     -3.735   0.264442    17.4595    -1.6908     -3.704     0.1492    -1.1900 -9.990e-29
 244.640122     -3.713   0.264442    17.4538    -1.6907     -3.682     0.1492    -1.1889 -9.990e-29
 244.640127     -3.692   0.264442    17.4511    -1.6905     -3.661     0.1492    -1.1884 -9.990e-29
 244.640133     -3.675   0.264442    17.4525    -1.6904     -3.644     0.1492    -1.1887 -9.990e-29
 244.640139     -3.660   0.264441    17.4538    -1.6901     -3.629     0.1492    -1.1889 -9.990e-29
 244.640145     -3.646   0.264441    17.4496    -1.6900     -3.616     0.1492    -1.1882 -9.990e-29
 244.640150     -3.633   0.264441    17.4381    -1.6897     -3.603     0.1492    -1.1861 -9.990e-29
 244.640156     -3.620   0.264441    17.4240    -1.6895     -3.590     0.1493    -1.1835 -9.990e-29
 244.640162     -3.606   0.264440    17.4132    -1.6894     -3.576     0.1493    -1.1816 -9.990e-29
 244.640168     -3.590   0.264440    17.4083    -1.6892     -3.560     0.1493    -1.1807 -9.990e-29
 244.640174     -3.571   0.264439    17.4093    -1.6893     -3.541     0.1493    -1.1809 -9.990e-29
 244.640179     -3.548   0.264438    17.4145    -1.6893     -3.518     0.1493    -1.1818 -9.990e-29
 244.640185     -3.523   0.264433    17.4213    -1.6891     -3.494     0.1493    -1.1830 -9.990e-29
 244.640191     -3.504   0.264419    17.4287    -1.6890     -3.475     0.1493    -1.1844 -9.990e-29
 244.640197     -3.490   0.264379    17.4367    -1.6887     -3.461     0.1492    -1.1858 -9.990e-29
 244.640203     -3.475   0.264260    17.4450    -1.6885     -3.446     0.1491    -1.1874 -9.990e-29
 244.640208     -3.458   0.263902    17.4530    -1.6881     -3.429     0.1489    -1.1890 -9.990e-29
 244.640214     -3.434   0.263385    17.4598    -1.6880     -3.405     0.1486    -1.1905 -9.990e-29
 244.640220     -3.402   0.263125    17.4639    -1.6880     -3.374     0.1484    -1.1913 -9.990e-29
 244.640226     -3.367   0.263330    17.4662    -1.6884     -3.339     0.1485    -1.1917 -9.990e-29
 244.640231     -3.333   0.263720    17.4694    -1.6888     -3.305     0.1487    -1.1921 -9.990e-29
 244.640237     -3.300   0.263706    17.4744    -1.6890     -3.272     0.1487    -1.1930 -9.990e-29
 244.640243     -3.272   0.263271    17.4814    -1.6893     -3.245     0.1484    -1.1945 -9.990e-29
 244.640249     -3.247   0.262941    17.4907    -1.6894     -3.220     0.1482    -1.1963 -9.990e-29
 244.640255     -3.222   0.262830    17.5011    -1.6893     -3.195     0.1481    -1.1982 -9.990e-29
 244.640260     -3.197   0.262793    17.5101    -1.6891     -3.170     0.1481    -1.1999 -9.990e-29
 244.640266     -3.174   0.262781    17.5144    -1.6888     -3.148     0.1481    -1.2007 -9.990e-29
 244.640272     -3.156   0.262777    17.5116    -1.6886     -3.130     0.1481    -1.2002 -9.990e-29
 244.640278     -3.141   0.262775    17.5021    -1.6883     -3.115     0.1481    -1.1984 -9.990e-29
 244.640284     -3.129   0.262774    17.4903    -1.6881     -3.103     0.1481    -1.1963 -9.990e-29
 244.640289     -3.120   0.262774    17.4799    -1.6880     -3.094     0.1482    -1.1944 -9.990e-29
 244.640295     -3.112   0.262774    17.4725    -1.6879     -3.086     0.1482    -1.1930 -9.990e-29
 244.640301     -3.104   0.262773    17.4699    -1.6878     -3.078     0.1482    -1.1926 -9.990e-29
 244.640307     -3.097   0.262773    17.4724    -1.6878     -3.071     0.1482    -1.1930 -9.990e-29
 244.640312     -3.091   0.262773    17.4790    -1.6877     -3.065     0.1482    -1.1942 -9.990e-29
 244.640318     -3.084   0.262773    17.4877    -1.6876     -3.058     0.1481    -1.1958 -9.990e-29
 244.640324     -3.076   0.262772    17.4968    -1.6874     -3.050     0.1481    -1.1975 -9.990e-29
 244.640330     -3.066   0.262772    17.5057    -1.6871     -3.040     0.1481    -1.1991 -9.990e-29
 244.640336     -3.055   0.262772    17.5136    -1.6868     -3.030     0.1481    -1.2005 -9.990e-29
 244.640341     -3.041   0.262772    17.5197    -1.6866     -3.016     0.1480    -1.2016 -9.990e-29
 244.640347     -3.028   0.262771    17.5242    -1.6866     -3.003     0.1480    -1.2025 -9.990e-29
 244.640353     -3.018   0.262771    17.5280    -1.6865     -2.993     0.1480    -1.2032 -9.990e-29
 244.640359     -3.008   0.262771    17.5317    -1.6866     -2.983     0.1480    -1.2038 -9.990e-29
 244.640365     -2.993   0.262771    17.5360    -1.6870     -2.968     0.1480    -1.2046 -9.990e-29
 244.640370     -2.970   0.262771    17.5419    -1.6873     -2.945     0.1480    -1.2057 -9.990e-29
 244.640376     -2.944   0.262772    17.5500    -1.6873     -2.919     0.1479    -1.2072 -9.990e-29
 244.640382     -2.921   0.262773    17.5598    -1.6872     -2.897     0.1479    -1.2090 -9.990e-29
 244.640388     -2.904   0.262774    17.5696    -1.6870     -2.880     0.1479    -1.2108 -9.990e-29
 244.640394     -2.892   0.262774    17.5767    -1.6869     -2.868     0.1478    -1.2121 -9.990e-29
 244.640399     -2.884   0.262775    17.5799    -1.6868     -2.860     0.1478    -1.2126 -9.990e-29
 244.640405     -2.879   0.262776    17.5796    -1.6868     -2.855     0.1478    -1.2126 -9.990e-29
 244.640411     -2.874   0.262777    17.5749    -1.6868     -2.850     0.1479    -1.2117 -9.990e-29
 244.640417     -2.863   0.262778    17.5665    -1.6867     -2.839     0.1479    -1.2102 -9.990e-29
 244.640422     -2.849   0.262778    17.5591    -1.6864     -2.825     0.1479    -1.2088 -9.990e-29
 244.640428     -2.837   0.262779    17.5568    -1.6861     -2.813     0.1479    -1.2084 -9.990e-29
 244.640434     -2.826   0.262780    17.5593    -1.6860     -2.802     0.1479    -1.2089 -9.990e-29
 244.640440     -2.815   0.262781    17.5640    -1.6858     -2.792     0.1479    -1.2097 -9.990e-29
 244.640446     -2.802   0.262781    17.5685    -1.6855     -2.779     0.1479    -1.2106 -9.990e-29
 244.640451     -2.789   0.262782    17.5718    -1.6854     -2.766     0.1479    -1.2112 -9.990e-29
 244.640457     -2.772   0.262783    17.5743    -1.6854     -2.749     0.1479    -1.2116 -9.990e-29
 244.640463     -2.752   0.262784    17.5777    -1.6852     -2.729     0.1479    -1.2122 -9.990e-29
 244.640469     -2.728   0.262785    17.5836    -1.6851     -2.705     0.1478    -1.2133 -9.990e-29
 244.640475     -2.701   0.262785    17.5919    -1.6851     -2.678     0.1478    -1.2148 -9.990e-29
 244.640480     -2.679   0.262786    17.6009    -1.6852     -2.657     0.1478    -1.2165 -9.990e-29
 244.640486     -2.660   0.262786    17.6097    -1.6852     -2.638     0.1477    -1.2181 -9.990e-29
 244.640492     -2.640   0.262785    17.6186    -1.6853     -2.618     0.1477    -1.2197 -9.990e-29
 244.640498     -2.620   0.262781    17.6266    -1.6856     -2.598     0.1477    -1.2212 -9.990e-29
 244.640503     -2.604   0.262768    17.6320    -1.6857     -2.582     0.1477    -1.2222 -9.990e-29
 244.640509     -2.591   0.262728    17.6360    -1.6856     -2.569     0.1476    -1.2229 -9.990e-29
 244.640515     -2.580   0.262606    17.6402    -1.6855     -2.558     0.1475    -1.2238 -9.990e-29
 244.640521     -2.570   0.262238    17.6436    -1.6852     -2.549     0.1473    -1.2246 -9.990e-29
 244.640527     -2.561   0.261685    17.6445    -1.6850     -2.540     0.1470    -1.2250 -9.990e-29
 244.640532     -2.553   0.261317    17.6429    -1.6847     -2.532     0.1468    -1.2248 -9.990e-29
 244.640538     -2.544   0.261195    17.6397    -1.6846     -2.523     0.1468    -1.2243 -9.990e-29
 244.640544     -2.534   0.261155    17.6350    -1.6846     -2.513     0.1467    -1.2234 -9.990e-29
 244.640550     -2.522   0.261142    17.6300    -1.6849     -2.501     0.1468    -1.2225 -9.990e-29
 244.640556     -2.509   0.261138    17.6279    -1.6849     -2.488     0.1468    -1.2221 -9.990e-29
 244.640561     -2.492   0.261138    17.6300    -1.6848     -2.471     0.1468    -1.2225 -9.990e-29
