data/oxygen options/OCNMS/OCNMS1/raw_data/2013/CAST_MB042_130902faed.cnv
* Sea-Bird SBE19 Data File:
* FileName = C:\2013 Mooring Data\2nd Service\Casts\CAST_MB042_130902.hex
* Software Version 1.59
* Temperature SN = 2997
* Conductivity SN = 2997
* System UpLoad Time = Sep 03 2013 11:50:14
** CAST_MB042_130902
* ds
# nquan = 9                                 
# nvalues = 1031                        
# units = specified
# name 0 = timeJ: Julian Days
# name 1 = prSM: Pressure, Strain Gauge [db]
# name 2 = c0mS/cm: Conductivity [mS/cm]
# name 3 = t090C: Temperature [ITS-90, deg C]
# name 4 = sbeox0ML/L: Oxygen, SBE 43 [ml/l]
# name 5 = depSM: Depth [salt water, m], lat = 47.5
# name 6 = sal00: Salinity, Practical [PSU]
# name 7 = sigma-é00: Density [sigma-theta, kg/m^3]
# name 8 = flag: flag
# span 0 = 245.480104, 245.486065       
# span 1 =     -3.243,     43.533       
# span 2 =   0.434647,  39.867293       
# span 3 =     8.4725,    17.3611       
# span 4 =    -1.6985,    10.9194       
# span 5 =     -3.216,     43.165       
# span 6 =     0.2492,    33.4531       
# span 7 =    -1.0820,    25.9873       
# span 8 = 0.0000e+00, 0.0000e+00       
# interval = seconds: 0.5
# start_time = Sep 02 2013 11:31:21 [Instrument's time stamp, header]
# bad_flag = -9.990e-29
*END*
[from data line 161]
 245.481036     -0.943   0.478330    17.1874    -1.6957     -0.935     0.2742    -1.0453 -9.990e-29
 245.481042     -0.939   0.477819    17.1871    -1.6956     -0.931     0.2739    -1.0455 -9.990e-29
 245.481047     -0.934   0.476209    17.1852    -1.6956     -0.926     0.2729    -1.0458 -9.990e-29
 245.481053     -0.928   0.475231    17.1813    -1.6956     -0.920     0.2724    -1.0456 -9.990e-29
 245.481059     -0.922   0.476346    17.1767    -1.6958     -0.914     0.2731    -1.0442 -9.990e-29
 245.481065     -0.915   0.479382    17.1723    -1.6957     -0.907     0.2749    -1.0421 -9.990e-29
 245.481071     -0.906   0.482294    17.1691    -1.6955     -0.898     0.2766    -1.0402 -9.990e-29
 245.481076     -0.894   0.482876    17.1681    -1.6954     -0.887     0.2770    -1.0397 -9.990e-29
 245.481082     -0.884   0.481350    17.1690    -1.6956     -0.877     0.2761    -1.0406 -9.990e-29
 245.481088     -0.879   0.480109    17.1708    -1.6957     -0.872     0.2753    -1.0415 -9.990e-29
 245.481094     -0.873   0.480820    17.1724    -1.6957     -0.866     0.2757    -1.0414 -9.990e-29
 245.481100     -0.864   0.482770    17.1732    -1.6958     -0.857     0.2769    -1.0407 -9.990e-29
 245.481105     -0.849   0.484129    17.1730    -1.6960     -0.842     0.2777    -1.0400 -9.990e-29
 245.481111     -0.829   0.484492    17.1730    -1.6961     -0.822     0.2779    -1.0399 -9.990e-29
 245.481117     -0.806   0.484897    17.1749    -1.6962     -0.799     0.2781    -1.0400 -9.990e-29
 245.481123     -0.787   0.485884    17.1779    -1.6962     -0.780     0.2787    -1.0401 -9.990e-29
 245.481128     -0.775   0.487108    17.1786    -1.6961     -0.769     0.2794    -1.0397 -9.990e-29
 245.481134     -0.769   0.487985    17.1766    -1.6959     -0.763     0.2799    -1.0389 -9.990e-29
 245.481140     -0.766   0.488024    17.1740    -1.6957     -0.760     0.2800    -1.0385 -9.990e-29
 245.481146     -0.759   0.487274    17.1710    -1.6957     -0.753     0.2795    -1.0382 -9.990e-29
 245.481152     -0.754   0.486398    17.1668    -1.6959     -0.748     0.2790    -1.0379 -9.990e-29
 245.481157     -0.750   0.485887    17.1616    -1.6959     -0.744     0.2788    -1.0372 -9.990e-29
 245.481163     -0.743   0.486166    17.1568    -1.6960     -0.737     0.2790    -1.0362 -9.990e-29
 245.481169     -0.735   0.487607    17.1539    -1.6963     -0.729     0.2798    -1.0350 -9.990e-29
 245.481175     -0.731   0.489365    17.1536    -1.6966     -0.725     0.2809    -1.0341 -9.990e-29
 245.481181     -0.727   0.490461    17.1563    -1.6968     -0.721     0.2815    -1.0341 -9.990e-29
 245.481186     -0.718   0.491247    17.1610    -1.6969     -0.712     0.2819    -1.0346 -9.990e-29
 245.481192     -0.707   0.492218    17.1650    -1.6970     -0.701     0.2825    -1.0349 -9.990e-29
 245.481198     -0.699   0.493005    17.1659    -1.6970     -0.693     0.2829    -1.0347 -9.990e-29
 245.481204     -0.692   0.492997    17.1638    -1.6971     -0.686     0.2829    -1.0343 -9.990e-29
 245.481209     -0.686   0.492184    17.1600    -1.6974     -0.680     0.2825    -1.0340 -9.990e-29
 245.481215     -0.681   0.491694    17.1542    -1.6977     -0.675     0.2822    -1.0332 -9.990e-29
 245.481221     -0.677   0.492536    17.1458    -1.6980     -0.671     0.2828    -1.0313 -9.990e-29
 245.481227     -0.673   0.493618    17.1362    -1.6981     -0.667     0.2835    -1.0291 -9.990e-29
 245.481233     -0.668   0.493612    17.1279    -1.6982     -0.662     0.2835    -1.0276 -9.990e-29
 245.481238     -0.664   0.493617    17.1221    -1.6982     -0.658     0.2836    -1.0265 -9.990e-29
 245.481244     -0.659   0.495300    17.1184    -1.6980     -0.654     0.2846    -1.0251 -9.990e-29
 245.481250     -0.653   0.497582    17.1152    -1.6980     -0.648     0.2860    -1.0235 -9.990e-29
 245.481256     -0.645   0.497971    17.1099    -1.6979     -0.640     0.2862    -1.0223 -9.990e-29
 245.481262     -0.636   0.496430    17.1013    -1.6980     -0.631     0.2854    -1.0215 -9.990e-29
 245.481267     -0.625   0.495335    17.0911    -1.6979     -0.620     0.2848    -1.0201 -9.990e-29
 245.481273     -0.610   0.495992    17.0822    -1.6979     -0.605     0.2853    -1.0182 -9.990e-29
 245.481279     -0.596   0.497061    17.0764    -1.6978     -0.591     0.2859    -1.0167 -9.990e-29
 245.481285     -0.589   0.497199    17.0735    -1.6977     -0.584     0.2860    -1.0161 -9.990e-29
 245.481291     -0.591   0.497143    17.0733    -1.6976     -0.586     0.2860    -1.0161 -9.990e-29
 245.481296     -0.591   0.497926    17.0755    -1.6973     -0.586     0.2864    -1.0161 -9.990e-29
 245.481302     -0.586   0.498931    17.0784    -1.6968     -0.581     0.2870    -1.0162 -9.990e-29
 245.481308     -0.580   0.499283    17.0798    -1.6965     -0.575     0.2872    -1.0163 -9.990e-29
 245.481314     -0.581   0.499449    17.0797    -1.6964     -0.576     0.2873    -1.0162 -9.990e-29
 245.481319     -0.589   0.500206    17.0803    -1.6961     -0.584     0.2878    -1.0160 -9.990e-29
 245.481325     -0.596   0.501453    17.0825    -1.6960     -0.591     0.2885    -1.0158 -9.990e-29
 245.481331     -0.598   0.502086    17.0860    -1.6959     -0.593     0.2888    -1.0161 -9.990e-29
 245.481337     -0.595   0.501285    17.0912    -1.6958     -0.590     0.2883    -1.0174 -9.990e-29
 245.481343     -0.592   0.499645    17.0987    -1.6958     -0.587     0.2873    -1.0195 -9.990e-29
 245.481348     -0.592   0.498301    17.1094    -1.6957     -0.587     0.2864    -1.0221 -9.990e-29
 245.481354     -0.591   0.497674    17.1222    -1.6956     -0.586     0.2860    -1.0247 -9.990e-29
 245.481360     -0.585   0.497483    17.1343    -1.6954     -0.580     0.2858    -1.0270 -9.990e-29
 245.481366     -0.573   0.497470    17.1443    -1.6954     -0.568     0.2857    -1.0288 -9.990e-29
 245.481372     -0.559   0.497618    17.1522    -1.6957     -0.554     0.2857    -1.0301 -9.990e-29
 245.481377     -0.547   0.498126    17.1579    -1.6957     -0.542     0.2860    -1.0309 -9.990e-29
 245.481383     -0.535   0.499669    17.1618    -1.6956     -0.531     0.2869    -1.0310 -9.990e-29
 245.481389     -0.527   0.502642    17.1648    -1.6955     -0.523     0.2886    -1.0301 -9.990e-29
 245.481395     -0.527   0.505473    17.1677    -1.6954     -0.523     0.2903    -1.0294 -9.990e-29
 245.481400     -0.530   0.505845    17.1715    -1.6954     -0.526     0.2905    -1.0299 -9.990e-29
 245.481406     -0.529   0.503702    17.1757    -1.6954     -0.525     0.2892    -1.0316 -9.990e-29
 245.481412     -0.523   0.501168    17.1782    -1.6954     -0.519     0.2877    -1.0332 -9.990e-29
 245.481418     -0.516   0.500401    17.1776    -1.6953     -0.512     0.2872    -1.0335 -9.990e-29
 245.481424     -0.503   0.501483    17.1754    -1.6954     -0.499     0.2879    -1.0326 -9.990e-29
 245.481429     -0.484   0.502535    17.1748    -1.6955     -0.480     0.2885    -1.0320 -9.990e-29
 245.481435     -0.466   0.502745    17.1763    -1.6957     -0.462     0.2886    -1.0322 -9.990e-29
 245.481441     -0.452   0.502946    17.1786    -1.6958     -0.448     0.2887    -1.0325 -9.990e-29
 245.481447     -0.440   0.503405    17.1806    -1.6958     -0.436     0.2890    -1.0327 -9.990e-29
 245.481453     -0.431   0.503628    17.1821    -1.6958     -0.427     0.2891    -1.0328 -9.990e-29
 245.481458     -0.424   0.503357    17.1829    -1.6957     -0.420     0.2889    -1.0331 -9.990e-29
 245.481464     -0.418   0.502783    17.1830    -1.6956     -0.415     0.2886    -1.0334 -9.990e-29
 245.481470     -0.414   0.502802    17.1825    -1.6956     -0.411     0.2886    -1.0333 -9.990e-29
 245.481476     -0.409   0.503994    17.1808    -1.6956     -0.406     0.2893    -1.0324 -9.990e-29
 245.481481     -0.406   0.505180    17.1775    -1.6954     -0.403     0.2900    -1.0313 -9.990e-29
 245.481487     -0.402   0.504618    17.1737    -1.6952     -0.399     0.2897    -1.0309 -9.990e-29
 245.481493     -0.399   0.502111    17.1707    -1.6950     -0.396     0.2883    -1.0315 -9.990e-29
 245.481499     -0.395   0.499851    17.1691    -1.6951     -0.392     0.2870    -1.0322 -9.990e-29
 245.481505     -0.390   0.500363    17.1691    -1.6954     -0.387     0.2873    -1.0320 -9.990e-29
 245.481510     -0.385   0.503220    17.1707    -1.6956     -0.382     0.2889    -1.0310 -9.990e-29
 245.481516     -0.379   0.505587    17.1732    -1.6954     -0.376     0.2903    -1.0303 -9.990e-29
 245.481522     -0.371   0.505823    17.1762    -1.6954     -0.368     0.2904    -1.0308 -9.990e-29
 245.481528     -0.361   0.504796    17.1800    -1.6953     -0.358     0.2898    -1.0319 -9.990e-29
 245.481534     -0.353   0.504092    17.1849    -1.6952     -0.350     0.2893    -1.0331 -9.990e-29
 245.481539     -0.350   0.504430    17.1900    -1.6952     -0.347     0.2895    -1.0339 -9.990e-29
 245.481545     -0.348   0.505339    17.1927    -1.6952     -0.345     0.2900    -1.0340 -9.990e-29
 245.481551     -0.343   0.505818    17.1906    -1.6952     -0.340     0.2903    -1.0334 -9.990e-29
 245.481557     -0.334   0.505397    17.1855    -1.6954     -0.331     0.2901    -1.0327 -9.990e-29
 245.481563     -0.320   0.504625    17.1824    -1.6955     -0.317     0.2897    -1.0324 -9.990e-29
 245.481568     -0.306   0.504134    17.1830    -1.6953     -0.303     0.2894    -1.0328 -9.990e-29
 245.481574     -0.293   0.503822    17.1855    -1.6953     -0.291     0.2892    -1.0334 -9.990e-29
 245.481580     -0.283   0.503275    17.1882    -1.6952     -0.281     0.2888    -1.0341 -9.990e-29
 245.481586     -0.277   0.502316    17.1901    -1.6954     -0.275     0.2883    -1.0349 -9.990e-29
 245.481591     -0.277   0.501330    17.1912    -1.6953     -0.275     0.2877    -1.0355 -9.990e-29
 245.481597     -0.272   0.500663    17.1917    -1.6953     -0.270     0.2873    -1.0359 -9.990e-29
 245.481603     -0.260   0.499979    17.1909    -1.6953     -0.258     0.2869    -1.0361 -9.990e-29
 245.481609     -0.242   0.498921    17.1884    -1.6954     -0.240     0.2863    -1.0361 -9.990e-29
 245.481615     -0.228   0.497741    17.1866    -1.6954     -0.226     0.2856    -1.0363 -9.990e-29
 245.481620     -0.219   0.497080    17.1876    -1.6952     -0.217     0.2852    -1.0368 -9.990e-29
 245.481626     -0.211   0.497164    17.1896    -1.6952     -0.209     0.2852    -1.0371 -9.990e-29
 245.481632     -0.200   0.497553    17.1901    -1.6951     -0.198     0.2855    -1.0370 -9.990e-29
 245.481638     -0.188   0.498212    17.1894    -1.6952     -0.186     0.2858    -1.0366 -9.990e-29
 245.481644     -0.180   0.499465    17.1893    -1.6952     -0.178     0.2866    -1.0360 -9.990e-29
 245.481649     -0.175   0.500770    17.1895    -1.6952     -0.174     0.2874    -1.0355 -9.990e-29
 245.481655     -0.172   0.501099    17.1893    -1.6951     -0.171     0.2876    -1.0353 -9.990e-29
 245.481661     -0.172   0.500336    17.1889    -1.6951     -0.171     0.2871    -1.0356 -9.990e-29
 245.481667     -0.174   0.499126    17.1897    -1.6950     -0.173     0.2864    -1.0363 -9.990e-29
 245.481672     -0.174   0.498071    17.1924    -1.6951     -0.173     0.2857    -1.0372 -9.990e-29
 245.481678     -0.169   0.497427    17.1954    -1.6952     -0.168     0.2853    -1.0381 -9.990e-29
 245.481684     -0.161   0.496890    17.1967    -1.6953     -0.160     0.2850    -1.0385 -9.990e-29
 245.481690     -0.155   0.496297    17.1964    -1.6952     -0.154     0.2847    -1.0388 -9.990e-29
 245.481696     -0.151   0.495966    17.1959    -1.6952     -0.150     0.2845    -1.0388 -9.990e-29
 245.481701     -0.147   0.496009    17.1964    -1.6952     -0.146     0.2845    -1.0389 -9.990e-29
 245.481707     -0.144   0.496484    17.1974    -1.6950     -0.143     0.2848    -1.0389 -9.990e-29
 245.481713     -0.142   0.497471    17.1984    -1.6950     -0.141     0.2854    -1.0386 -9.990e-29
 245.481719     -0.141   0.498628    17.1991    -1.6949     -0.140     0.2860    -1.0382 -9.990e-29
 245.481725     -0.140   0.499282    17.1981    -1.6948     -0.139     0.2864    -1.0377 -9.990e-29
 245.481730     -0.139   0.498643    17.1962    -1.6947     -0.138     0.2861    -1.0377 -9.990e-29
 245.481736     -0.138   0.496413    17.1954    -1.6946     -0.137     0.2847    -1.0385 -9.990e-29
 245.481742     -0.138   0.493496    17.1956    -1.6945     -0.137     0.2830    -1.0399 -9.990e-29
 245.481748     -0.139   0.491542    17.1961    -1.6942     -0.138     0.2819    -1.0409 -9.990e-29
 245.481753     -0.139   0.491821    17.1976    -1.6941     -0.138     0.2820    -1.0410 -9.990e-29
 245.481759     -0.140   0.494150    17.2007    -1.6939     -0.139     0.2834    -1.0405 -9.990e-29
 245.481765     -0.141   0.496652    17.2045    -1.6938     -0.140     0.2848    -1.0401 -9.990e-29
 245.481771     -0.142   0.497680    17.2079    -1.6938     -0.141     0.2854    -1.0402 -9.990e-29
 245.481777     -0.144   0.497498    17.2112    -1.6938     -0.143     0.2853    -1.0409 -9.990e-29
 245.481782     -0.147   0.496971    17.2152    -1.6938     -0.146     0.2849    -1.0419 -9.990e-29
 245.481788     -0.150   0.496504    17.2201    -1.6938     -0.149     0.2846    -1.0430 -9.990e-29
 245.481794     -0.155   0.496583    17.2259    -1.6938     -0.154     0.2846    -1.0440 -9.990e-29
 245.481800     -0.161   0.497315    17.2327    -1.6939     -0.160     0.2850    -1.0449 -9.990e-29
 245.481806     -0.164   0.498016    17.2399    -1.6939     -0.163     0.2854    -1.0459 -9.990e-29
 245.481811     -0.161   0.497958    17.2462    -1.6940     -0.160     0.2853    -1.0471 -9.990e-29
 245.481817     -0.155   0.497065    17.2502    -1.6941     -0.154     0.2848    -1.0482 -9.990e-29
 245.481823     -0.150   0.495810    17.2523    -1.6942     -0.149     0.2840    -1.0492 -9.990e-29
 245.481829     -0.147   0.494733    17.2534    -1.6942     -0.146     0.2834    -1.0498 -9.990e-29
 245.481834     -0.144   0.494059    17.2538    -1.6941     -0.143     0.2830    -1.0502 -9.990e-29
 245.481840     -0.142   0.493445    17.2533    -1.6939     -0.141     0.2826    -1.0504 -9.990e-29
 245.481846     -0.140   0.492626    17.2519    -1.6939     -0.139     0.2821    -1.0505 -9.990e-29
 245.481852     -0.139   0.492171    17.2500    -1.6939     -0.138     0.2819    -1.0504 -9.990e-29
 245.481858     -0.138   0.492581    17.2476    -1.6939     -0.137     0.2821    -1.0498 -9.990e-29
 245.481863     -0.137   0.493297    17.2443    -1.6937     -0.136     0.2826    -1.0488 -9.990e-29
 245.481869     -0.136   0.493611    17.2407    -1.6937     -0.135     0.2828    -1.0480 -9.990e-29
 245.481875     -0.136   0.493389    17.2385    -1.6939     -0.135     0.2827    -1.0477 -9.990e-29
 245.481881     -0.135   0.492889    17.2390    -1.6939     -0.134     0.2824    -1.0481 -9.990e-29
 245.481887     -0.135   0.492555    17.2420    -1.6939     -0.134     0.2822    -1.0488 -9.990e-29
 245.481892     -0.135   0.492496    17.2459    -1.6938     -0.134     0.2821    -1.0495 -9.990e-29
 245.481898     -0.134   0.492632    17.2485    -1.6937     -0.133     0.2822    -1.0499 -9.990e-29
 245.481904     -0.134   0.493146    17.2495    -1.6937     -0.133     0.2825    -1.0498 -9.990e-29
 245.481910     -0.134   0.494169    17.2505    -1.6937     -0.133     0.2831    -1.0496 -9.990e-29
 245.481916     -0.133   0.495404    17.2519    -1.6939     -0.132     0.2838    -1.0493 -9.990e-29
 245.481921     -0.133   0.496284    17.2517    -1.6941     -0.132     0.2843    -1.0488 -9.990e-29
 245.481927     -0.133   0.496322    17.2500    -1.6943     -0.132     0.2843    -1.0485 -9.990e-29
 245.481933     -0.133   0.495569    17.2489    -1.6944     -0.132     0.2839    -1.0486 -9.990e-29
 245.481939     -0.132   0.494684    17.2495    -1.6944     -0.131     0.2834    -1.0492 -9.990e-29
 245.481944     -0.132   0.494147    17.2519    -1.6945     -0.131     0.2830    -1.0498 -9.990e-29
 245.481950     -0.131   0.493795    17.2542    -1.6946     -0.130     0.2828    -1.0504 -9.990e-29
