data/oxygen options/OCNMS/OCNMS1/raw_data/2013/CAST_CA015_130901faed.cnv
* Sea-Bird SBE19 Data File:
* FileName = C:\2013 Mooring Data\2nd Service\Casts\CAST_CA015_130901.hex
* Software Version 1.59
* Temperature SN = 2997
* Conductivity SN = 2997
* System UpLoad Time = Sep 02 2013 11:23:31
** CAST_CA015_130901
* ds
# nquan = 9                                 
# nvalues = 897                         
# units = specified
# name 0 = timeJ: Julian Days
# name 1 = prSM: Pressure, Strain Gauge [db]
# name 2 = c0mS/cm: Conductivity [mS/cm]
# name 3 = t090C: Temperature [ITS-90, deg C]
# name 4 = sbeox0ML/L: Oxygen, SBE 43 [ml/l]
# name 5 = depSM: Depth [salt water, m], lat = 47.5
# name 6 = sal00: Salinity, Practical [PSU]
# name 7 = sigma-é00: Density [sigma-theta, kg/m^3]
# name 8 = flag: flag
# span 0 = 244.639641, 244.644826       
# span 1 =     -6.023,     14.170       
# span 2 =   0.257878,  40.044231       
# span 3 =    14.7662,    18.0758       
# span 4 =    -1.6908,    12.0722       
# span 5 =     -5.973,     14.051       
# span 6 =     0.1439,    31.8680       
# span 7 =    -1.3049,    23.6060       
# span 8 = 0.0000e+00, 0.0000e+00       
# interval = seconds: 0.5
# start_time = Sep 01 2013 15:21:05 [Instrument's time stamp, header]
# bad_flag = -9.990e-29
*END*
[from data line 161]
 244.640573     -2.461   0.261142    17.6439    -1.6846     -2.440     0.1467    -1.2251 -9.990e-29
 244.640579     -2.446   0.261152    17.6529    -1.6845     -2.426     0.1467    -1.2267 -9.990e-29
 244.640584     -2.428   0.261180    17.6606    -1.6842     -2.408     0.1467    -1.2281 -9.990e-29
 244.640590     -2.410   0.261263    17.6653    -1.6839     -2.390     0.1467    -1.2290 -9.990e-29
 244.640596     -2.391   0.261510    17.6655    -1.6837     -2.371     0.1468    -1.2289 -9.990e-29
 244.640602     -2.374   0.261695    17.6625    -1.6836     -2.354     0.1470    -1.2283 -9.990e-29
 244.640608     -2.363   0.261511    17.6607    -1.6835     -2.343     0.1469    -1.2280 -9.990e-29
 244.640613     -2.357   0.261266    17.6626    -1.6834     -2.337     0.1467    -1.2285 -9.990e-29
 244.640619     -2.350   0.261185    17.6673    -1.6835     -2.330     0.1467    -1.2294 -9.990e-29
 244.640625     -2.339   0.261158    17.6728    -1.6831     -2.319     0.1466    -1.2304 -9.990e-29
 244.640631     -2.327   0.261150    17.6792    -1.6828     -2.308     0.1466    -1.2316 -9.990e-29
 244.640637     -2.317   0.261148    17.6877    -1.6827     -2.298     0.1466    -1.2331 -9.990e-29
 244.640642     -2.309   0.261147    17.6977    -1.6826     -2.290     0.1465    -1.2350 -9.990e-29
 244.640648     -2.303   0.261148    17.7065    -1.6824     -2.284     0.1465    -1.2366 -9.990e-29
 244.640654     -2.297   0.261149    17.7127    -1.6823     -2.278     0.1465    -1.2377 -9.990e-29
 244.640660     -2.292   0.261149    17.7170    -1.6823     -2.273     0.1465    -1.2385 -9.990e-29
 244.640666     -2.287   0.261150    17.7206    -1.6826     -2.268     0.1465    -1.2392 -9.990e-29
 244.640671     -2.282   0.261151    17.7255    -1.6827     -2.263     0.1465    -1.2401 -9.990e-29
 244.640677     -2.276   0.261152    17.7339    -1.6826     -2.257     0.1464    -1.2417 -9.990e-29
 244.640683     -2.270   0.261153    17.7432    -1.6825     -2.251     0.1464    -1.2434 -9.990e-29
 244.640689     -2.262   0.261153    17.7505    -1.6827     -2.243     0.1464    -1.2447 -9.990e-29
 244.640694     -2.252   0.261154    17.7562    -1.6828     -2.233     0.1464    -1.2458 -9.990e-29
 244.640700     -2.241   0.261155    17.7608    -1.6829     -2.222     0.1463    -1.2466 -9.990e-29
 244.640706     -2.226   0.261156    17.7636    -1.6831     -2.207     0.1463    -1.2471 -9.990e-29
 244.640712     -2.207   0.261156    17.7632    -1.6833     -2.189     0.1463    -1.2471 -9.990e-29
 244.640718     -2.183   0.261156    17.7597    -1.6835     -2.165     0.1463    -1.2464 -9.990e-29
 244.640723     -2.156   0.261156    17.7566    -1.6834     -2.138     0.1464    -1.2459 -9.990e-29
 244.640729     -2.134   0.261152    17.7557    -1.6833     -2.116     0.1464    -1.2457 -9.990e-29
 244.640735     -2.119   0.261139    17.7548    -1.6834     -2.101     0.1464    -1.2455 -9.990e-29
 244.640741     -2.106   0.261099    17.7521    -1.6834     -2.088     0.1463    -1.2450 -9.990e-29
 244.640747     -2.090   0.260976    17.7480    -1.6834     -2.073     0.1463    -1.2443 -9.990e-29
 244.640752     -2.074   0.260608    17.7429    -1.6835     -2.057     0.1461    -1.2436 -9.990e-29
 244.640758     -2.062   0.260055    17.7364    -1.6838     -2.045     0.1458    -1.2426 -9.990e-29
 244.640764     -2.052   0.259687    17.7300    -1.6838     -2.035     0.1456    -1.2416 -9.990e-29
 244.640770     -2.045   0.259565    17.7257    -1.6838     -2.028     0.1456    -1.2408 -9.990e-29
 244.640775     -2.039   0.259525    17.7251    -1.6839     -2.022     0.1455    -1.2407 -9.990e-29
 244.640781     -2.034   0.259512    17.7260    -1.6837     -2.017     0.1455    -1.2409 -9.990e-29
 244.640787     -2.030   0.259508    17.7258    -1.6837     -2.013     0.1455    -1.2409 -9.990e-29
 244.640793     -2.027   0.259507    17.7245    -1.6835     -2.010     0.1455    -1.2406 -9.990e-29
 244.640799     -2.024   0.259507    17.7219    -1.6835     -2.007     0.1455    -1.2401 -9.990e-29
 244.640804     -2.022   0.259508    17.7168    -1.6834     -2.005     0.1456    -1.2392 -9.990e-29
 244.640810     -2.019   0.259509    17.7111    -1.6835     -2.002     0.1456    -1.2382 -9.990e-29
 244.640816     -2.017   0.259510    17.7080    -1.6836     -2.000     0.1456    -1.2376 -9.990e-29
 244.640822     -2.014   0.259511    17.7074    -1.6837     -1.997     0.1456    -1.2375 -9.990e-29
 244.640828     -2.011   0.259511    17.7080    -1.6837     -1.994     0.1456    -1.2376 -9.990e-29
 244.640833     -2.007   0.259512    17.7103    -1.6836     -1.990     0.1456    -1.2380 -9.990e-29
 244.640839     -2.003   0.259513    17.7135    -1.6836     -1.986     0.1456    -1.2386 -9.990e-29
 244.640845     -1.997   0.259514    17.7166    -1.6836     -1.980     0.1456    -1.2392 -9.990e-29
 244.640851     -1.990   0.259514    17.7188    -1.6836     -1.973     0.1456    -1.2396 -9.990e-29
 244.640856     -1.982   0.259515    17.7194    -1.6834     -1.965     0.1456    -1.2397 -9.990e-29
 244.640862     -1.970   0.259516    17.7179    -1.6832     -1.954     0.1456    -1.2394 -9.990e-29
 244.640868     -1.956   0.259517    17.7155    -1.6831     -1.940     0.1456    -1.2390 -9.990e-29
 244.640874     -1.937   0.259518    17.7144    -1.6830     -1.921     0.1456    -1.2388 -9.990e-29
 244.640880     -1.913   0.259518    17.7156    -1.6832     -1.897     0.1456    -1.2390 -9.990e-29
 244.640885     -1.887   0.259519    17.7175    -1.6835     -1.871     0.1456    -1.2393 -9.990e-29
 244.640891     -1.865   0.259520    17.7184    -1.6836     -1.849     0.1456    -1.2395 -9.990e-29
 244.640897     -1.851   0.259521    17.7191    -1.6836     -1.836     0.1456    -1.2396 -9.990e-29
 244.640903     -1.843   0.259522    17.7210    -1.6835     -1.828     0.1456    -1.2400 -9.990e-29
 244.640909     -1.841   0.259522    17.7251    -1.6835     -1.826     0.1455    -1.2407 -9.990e-29
 244.640914     -1.840   0.259523    17.7307    -1.6834     -1.825     0.1455    -1.2418 -9.990e-29
 244.640920     -1.832   0.259524    17.7356    -1.6833     -1.817     0.1455    -1.2427 -9.990e-29
 244.640926     -1.817   0.259525    17.7368    -1.6832     -1.802     0.1455    -1.2429 -9.990e-29
 244.640932     -1.802   0.259525    17.7330    -1.6831     -1.787     0.1455    -1.2422 -9.990e-29
 244.640938     -1.790   0.259526    17.7271    -1.6831     -1.775     0.1455    -1.2411 -9.990e-29
 244.640943     -1.780   0.259527    17.7230    -1.6831     -1.765     0.1455    -1.2403 -9.990e-29
 244.640949     -1.772   0.259528    17.7216    -1.6830     -1.757     0.1456    -1.2401 -9.990e-29
 244.640955     -1.766   0.259529    17.7221    -1.6830     -1.751     0.1456    -1.2402 -9.990e-29
 244.640961     -1.761   0.259529    17.7242    -1.6829     -1.746     0.1455    -1.2406 -9.990e-29
 244.640966     -1.756   0.259530    17.7275    -1.6829     -1.741     0.1455    -1.2412 -9.990e-29
 244.640972     -1.752   0.259531    17.7310    -1.6829     -1.737     0.1455    -1.2418 -9.990e-29
 244.640978     -1.748   0.259532    17.7344    -1.6827     -1.733     0.1455    -1.2424 -9.990e-29
 244.640984     -1.744   0.259532    17.7375    -1.6824     -1.729     0.1455    -1.2430 -9.990e-29
 244.640990     -1.739   0.259533    17.7397    -1.6823     -1.724     0.1455    -1.2434 -9.990e-29
 244.640995     -1.734   0.259534    17.7412    -1.6823     -1.720     0.1455    -1.2437 -9.990e-29
 244.641001     -1.728   0.259535    17.7431    -1.6822     -1.714     0.1455    -1.2440 -9.990e-29
 244.641007     -1.720   0.259536    17.7454    -1.6822     -1.706     0.1455    -1.2445 -9.990e-29
 244.641013     -1.710   0.259536    17.7477    -1.6824     -1.696     0.1455    -1.2449 -9.990e-29
 244.641019     -1.698   0.259535    17.7500    -1.6826     -1.684     0.1455    -1.2453 -9.990e-29
 244.641024     -1.683   0.259532    17.7539    -1.6826     -1.669     0.1455    -1.2460 -9.990e-29
 244.641030     -1.663   0.259522    17.7602    -1.6825     -1.649     0.1454    -1.2472 -9.990e-29
 244.641036     -1.643   0.259488    17.7671    -1.6826     -1.629     0.1454    -1.2485 -9.990e-29
 244.641042     -1.628   0.259385    17.7722    -1.6826     -1.614     0.1453    -1.2495 -9.990e-29
 244.641047     -1.618   0.259076    17.7748    -1.6826     -1.605     0.1451    -1.2501 -9.990e-29
 244.641053     -1.609   0.258700    17.7756    -1.6826     -1.596     0.1449    -1.2504 -9.990e-29
 244.641059     -1.599   0.258680    17.7744    -1.6826     -1.586     0.1449    -1.2502 -9.990e-29
 244.641065     -1.588   0.258988    17.7708    -1.6825     -1.575     0.1451    -1.2494 -9.990e-29
 244.641071     -1.579   0.259296    17.7665    -1.6824     -1.566     0.1453    -1.2485 -9.990e-29
 244.641076     -1.577   0.259460    17.7640    -1.6823     -1.564     0.1454    -1.2479 -9.990e-29
 244.641082     -1.576   0.259514    17.7634    -1.6821     -1.563     0.1454    -1.2478 -9.990e-29
 244.641088     -1.569   0.259531    17.7631    -1.6822     -1.556     0.1454    -1.2477 -9.990e-29
 244.641094     -1.554   0.259534    17.7625    -1.6819     -1.541     0.1454    -1.2476 -9.990e-29
 244.641100     -1.540   0.259527    17.7624    -1.6819     -1.527     0.1454    -1.2476 -9.990e-29
 244.641105     -1.530   0.259500    17.7635    -1.6817     -1.517     0.1454    -1.2478 -9.990e-29
 244.641111     -1.522   0.259418    17.7657    -1.6815     -1.509     0.1453    -1.2483 -9.990e-29
 244.641117     -1.517   0.259171    17.7688    -1.6814     -1.504     0.1452    -1.2490 -9.990e-29
 244.641123     -1.515   0.258983    17.7726    -1.6811     -1.502     0.1451    -1.2497 -9.990e-29
 244.641128     -1.515   0.259158    17.7766    -1.6809     -1.502     0.1452    -1.2504 -9.990e-29
 244.641134     -1.516   0.259373    17.7804    -1.6810     -1.503     0.1453    -1.2510 -9.990e-29
 244.641140     -1.516   0.259364    17.7848    -1.6809     -1.503     0.1453    -1.2518 -9.990e-29
 244.641146     -1.510   0.259118    17.7903    -1.6807     -1.497     0.1451    -1.2530 -9.990e-29
 244.641152     -1.500   0.258860    17.7963    -1.6806     -1.487     0.1449    -1.2542 -9.990e-29
 244.641157     -1.492   0.258800    17.8027    -1.6807     -1.480     0.1449    -1.2554 -9.990e-29
 244.641163     -1.485   0.258858    17.8095    -1.6807     -1.473     0.1449    -1.2566 -9.990e-29
 244.641169     -1.478   0.259113    17.8168    -1.6807     -1.466     0.1450    -1.2579 -9.990e-29
 244.641175     -1.471   0.259350    17.8243    -1.6806     -1.459     0.1451    -1.2592 -9.990e-29
 244.641181     -1.464   0.259332    17.8303    -1.6805     -1.452     0.1451    -1.2603 -9.990e-29
 244.641186     -1.455   0.259034    17.8340    -1.6805     -1.443     0.1449    -1.2611 -9.990e-29
 244.641192     -1.449   0.258612    17.8374    -1.6804     -1.437     0.1447    -1.2619 -9.990e-29
 244.641198     -1.449   0.258611    17.8408    -1.6803     -1.437     0.1447    -1.2625 -9.990e-29
 244.641204     -1.452   0.259029    17.8429    -1.6800     -1.440     0.1449    -1.2628 -9.990e-29
 244.641209     -1.449   0.259317    17.8443    -1.6799     -1.437     0.1450    -1.2629 -9.990e-29
 244.641215     -1.435   0.259303    17.8458    -1.6797     -1.423     0.1450    -1.2632 -9.990e-29
 244.641221     -1.418   0.258970    17.8473    -1.6797     -1.406     0.1448    -1.2636 -9.990e-29
 244.641227     -1.410   0.258429    17.8493    -1.6797     -1.398     0.1445    -1.2642 -9.990e-29
 244.641233     -1.410   0.258064    17.8517    -1.6795     -1.398     0.1443    -1.2648 -9.990e-29
 244.641238     -1.410   0.257942    17.8548    -1.6794     -1.398     0.1442    -1.2654 -9.990e-29
 244.641244     -1.405   0.257902    17.8593    -1.6794     -1.393     0.1442    -1.2663 -9.990e-29
 244.641250     -1.396   0.257888    17.8650    -1.6794     -1.384     0.1442    -1.2674 -9.990e-29
 244.641256     -1.385   0.257884    17.8718    -1.6796     -1.373     0.1442    -1.2686 -9.990e-29
 244.641262     -1.377   0.257882    17.8785    -1.6797     -1.366     0.1441    -1.2699 -9.990e-29
 244.641267     -1.371   0.257881    17.8836    -1.6797     -1.360     0.1441    -1.2708 -9.990e-29
 244.641273     -1.366   0.257881    17.8869    -1.6796     -1.355     0.1441    -1.2714 -9.990e-29
 244.641279     -1.358   0.257882    17.8904    -1.6795     -1.347     0.1441    -1.2721 -9.990e-29
 244.641285     -1.347   0.257885    17.8949    -1.6797     -1.336     0.1441    -1.2729 -9.990e-29
 244.641291     -1.336   0.257894    17.8983    -1.6798     -1.325     0.1441    -1.2736 -9.990e-29
 244.641296     -1.325   0.257921    17.8991    -1.6797     -1.314     0.1441    -1.2737 -9.990e-29
 244.641302     -1.312   0.258003    17.8973    -1.6796     -1.301     0.1441    -1.2733 -9.990e-29
 244.641308     -1.297   0.258249    17.8940    -1.6797     -1.286     0.1443    -1.2726 -9.990e-29
 244.641314     -1.283   0.258434    17.8914    -1.6796     -1.272     0.1444    -1.2720 -9.990e-29
 244.641319     -1.273   0.258249    17.8908    -1.6796     -1.262     0.1443    -1.2720 -9.990e-29
 244.641325     -1.267   0.258003    17.8912    -1.6797     -1.256     0.1442    -1.2722 -9.990e-29
 244.641331     -1.265   0.257921    17.8911    -1.6797     -1.254     0.1441    -1.2722 -9.990e-29
 244.641337     -1.263   0.257893    17.8898    -1.6796     -1.252     0.1441    -1.2720 -9.990e-29
 244.641343     -1.255   0.257884    17.8890    -1.6796     -1.245     0.1441    -1.2718 -9.990e-29
 244.641348     -1.245   0.257881    17.8901    -1.6796     -1.235     0.1441    -1.2720 -9.990e-29
 244.641354     -1.237   0.257880    17.8913    -1.6795     -1.227     0.1441    -1.2723 -9.990e-29
 244.641360     -1.231   0.257880    17.8920    -1.6794     -1.221     0.1441    -1.2724 -9.990e-29
 244.641366     -1.227   0.257880    17.8925    -1.6794     -1.217     0.1441    -1.2725 -9.990e-29
 244.641372     -1.223   0.257880    17.8923    -1.6793     -1.213     0.1441    -1.2724 -9.990e-29
 244.641377     -1.220   0.257880    17.8918    -1.6794     -1.210     0.1441    -1.2724 -9.990e-29
 244.641383     -1.218   0.257880    17.8921    -1.6793     -1.208     0.1441    -1.2724 -9.990e-29
 244.641389     -1.217   0.257880    17.8932    -1.6794     -1.207     0.1441    -1.2726 -9.990e-29
 244.641395     -1.215   0.257880    17.8948    -1.6792     -1.205     0.1441    -1.2729 -9.990e-29
 244.641400     -1.214   0.257880    17.8967    -1.6791     -1.204     0.1441    -1.2733 -9.990e-29
 244.641406     -1.213   0.257880    17.8991    -1.6790     -1.203     0.1441    -1.2737 -9.990e-29
 244.641412     -1.212   0.257880    17.9014    -1.6791     -1.202     0.1441    -1.2741 -9.990e-29
 244.641418     -1.212   0.257879    17.9031    -1.6793     -1.202     0.1441    -1.2745 -9.990e-29
 244.641424     -1.211   0.257879    17.9038    -1.6793     -1.201     0.1441    -1.2746 -9.990e-29
 244.641429     -1.211   0.257879    17.9040    -1.6794     -1.201     0.1440    -1.2746 -9.990e-29
 244.641435     -1.210   0.257879    17.9047    -1.6793     -1.200     0.1440    -1.2748 -9.990e-29
 244.641441     -1.209   0.257879    17.9065    -1.6793     -1.199     0.1440    -1.2751 -9.990e-29
 244.641447     -1.208   0.257879    17.9098    -1.6792     -1.198     0.1440    -1.2757 -9.990e-29
 244.641453     -1.207   0.257879    17.9136    -1.6793     -1.197     0.1440    -1.2764 -9.990e-29
 244.641458     -1.206   0.257879    17.9152    -1.6792     -1.196     0.1440    -1.2767 -9.990e-29
 244.641464     -1.204   0.257879    17.9132    -1.6791     -1.194     0.1440    -1.2763 -9.990e-29
 244.641470     -1.202   0.257879    17.9095    -1.6791     -1.192     0.1440    -1.2757 -9.990e-29
 244.641476     -1.200   0.257879    17.9068    -1.6791     -1.190     0.1440    -1.2752 -9.990e-29
 244.641481     -1.197   0.257879    17.9054    -1.6792     -1.187     0.1440    -1.2749 -9.990e-29
 244.641487     -1.192   0.257879    17.9053    -1.6793     -1.182     0.1440    -1.2749 -9.990e-29
