data/oxygen options/OCNMS/OCNMS1/raw_data/2013/CAST_TH042_130723faed.cnv
* Sea-Bird SBE19 Data File:
* FileName = C:\2013 Mooring Data\1st Service\CAST_TH042_130723.hex
* Software Version 1.59
* Temperature SN = 2997
* Conductivity SN = 2997
* System UpLoad Time = Jul 23 2013 18:59:13
** CAST_TH042_130723
* ds
# nquan = 9                                 
# nvalues = 1280                        
# units = specified
# name 0 = timeJ: Julian Days
# name 1 = prSM: Pressure, Strain Gauge [db]
# name 2 = c0mS/cm: Conductivity [mS/cm]
# name 3 = t090C: Temperature [ITS-90, deg C]
# name 4 = sbeox0ML/L: Oxygen, SBE 43 [ml/l]
# name 5 = depSM: Depth [salt water, m], lat = 47.5
# name 6 = sal00: Salinity, Practical [PSU]
# name 7 = sigma-é00: Density [sigma-theta, kg/m^3]
# name 8 = flag: flag
# span 0 = 204.723218, 204.730619       
# span 1 =     -5.497,     43.574       
# span 2 =   0.304216,  36.053323       
# span 3 =     7.1856,    12.0439       
# span 4 =    -1.8609,    13.0395       
# span 5 =     -5.451,     43.206       
# span 6 =     0.1955,    33.8216       
# span 7 =    -0.3496,    26.4648       
# span 8 = 0.0000e+00, 0.0000e+00       
# interval = seconds: 0.5
# start_time = Jul 23 2013 17:21:26 [Instrument's time stamp, header]
# bad_flag = -9.990e-29
*END*
 204.723218     -5.497 -9.990e-29    11.8577    -1.8583     -5.451 -9.990e-29 -9.990e-29 -9.990e-29
 204.723223     -5.489   0.348871    11.8560    -1.8584     -5.443     0.2257    -0.3076 -9.990e-29
 204.723229     -5.480   0.349034    11.8553    -1.8586     -5.434     0.2259    -0.3074 -9.990e-29
 204.723235     -5.468   0.349523    11.8566    -1.8587     -5.422     0.2262    -0.3073 -9.990e-29
 204.723241     -5.452   0.350436    11.8589    -1.8586     -5.407     0.2268    -0.3071 -9.990e-29
 204.723247     -5.432   0.351512    11.8606    -1.8584     -5.387     0.2275    -0.3068 -9.990e-29
 204.723252     -5.407   0.352525    11.8593    -1.8584     -5.362     0.2282    -0.3061 -9.990e-29
 204.723258     -5.378   0.353348    11.8549    -1.8587     -5.333     0.2287    -0.3051 -9.990e-29
 204.723264     -5.353   0.353969    11.8515    -1.8590     -5.308     0.2292    -0.3044 -9.990e-29
 204.723270     -5.331   0.354295    11.8501    -1.8590     -5.287     0.2294    -0.3041 -9.990e-29
 204.723275     -5.304   0.354207    11.8480    -1.8592     -5.260     0.2293    -0.3039 -9.990e-29
 204.723281     -5.277   0.354139    11.8454    -1.8589     -5.233     0.2293    -0.3036 -9.990e-29
 204.723287     -5.252   0.354557    11.8442    -1.8589     -5.208     0.2296    -0.3033 -9.990e-29
 204.723293     -5.226   0.355462    11.8450    -1.8589     -5.182     0.2302    -0.3029 -9.990e-29
 204.723299     -5.199   0.356400    11.8465    -1.8589     -5.156     0.2308    -0.3026 -9.990e-29
 204.723304     -5.168   0.356960    11.8456    -1.8590     -5.125     0.2312    -0.3022 -9.990e-29
 204.723310     -5.136   0.357335    11.8416    -1.8591     -5.093     0.2315    -0.3015 -9.990e-29
 204.723316     -5.106   0.357472    11.8373    -1.8588     -5.063     0.2316    -0.3009 -9.990e-29
 204.723322     -5.075   0.356999    11.8346    -1.8590     -5.033     0.2313    -0.3009 -9.990e-29
 204.723328     -5.045   0.356393    11.8335    -1.8590     -5.003     0.2309    -0.3010 -9.990e-29
 204.723333     -5.019   0.356511    11.8345    -1.8590     -4.977     0.2309    -0.3011 -9.990e-29
 204.723339     -4.996   0.357508    11.8359    -1.8591     -4.954     0.2316    -0.3007 -9.990e-29
 204.723345     -4.973   0.358499    11.8360    -1.8591     -4.932     0.2323    -0.3002 -9.990e-29
 204.723351     -4.950   0.358588    11.8353    -1.8587     -4.909     0.2323    -0.3001 -9.990e-29
 204.723356     -4.924   0.358448    11.8344    -1.8583     -4.883     0.2322    -0.3001 -9.990e-29
 204.723362     -4.895   0.359000    11.8344    -1.8581     -4.854     0.2326    -0.2998 -9.990e-29
 204.723368     -4.865   0.359872    11.8354    -1.8584     -4.824     0.2332    -0.2994 -9.990e-29
 204.723374     -4.835   0.360567    11.8358    -1.8584     -4.795     0.2336    -0.2991 -9.990e-29
 204.723380     -4.805   0.360901    11.8356    -1.8583     -4.765     0.2339    -0.2989 -9.990e-29
 204.723385     -4.776   0.360766    11.8354    -1.8582     -4.736     0.2338    -0.2990 -9.990e-29
 204.723391     -4.751   0.360538    11.8355    -1.8583     -4.711     0.2336    -0.2991 -9.990e-29
 204.723397     -4.728   0.360465    11.8380    -1.8584     -4.689     0.2336    -0.2994 -9.990e-29
 204.723403     -4.707   0.360451    11.8439    -1.8584     -4.668     0.2335    -0.3001 -9.990e-29
 204.723409     -4.684   0.360475    11.8504    -1.8585     -4.645     0.2335    -0.3009 -9.990e-29
 204.723414     -4.660   0.360570    11.8535    -1.8588     -4.621     0.2335    -0.3012 -9.990e-29
 204.723420     -4.633   0.360864    11.8534    -1.8589     -4.594     0.2337    -0.3010 -9.990e-29
 204.723426     -4.600   0.361748    11.8532    -1.8592     -4.562     0.2343    -0.3006 -9.990e-29
 204.723432     -4.565   0.363294    11.8541    -1.8593     -4.527     0.2353    -0.2999 -9.990e-29
 204.723437     -4.533   0.364796    11.8549    -1.8593     -4.495     0.2363    -0.2992 -9.990e-29
 204.723443     -4.507   0.365484    11.8543    -1.8593     -4.469     0.2368    -0.2987 -9.990e-29
 204.723449     -4.484   0.365170    11.8529    -1.8592     -4.447     0.2366    -0.2987 -9.990e-29
 204.723455     -4.464   0.364541    11.8510    -1.8594     -4.427     0.2362    -0.2988 -9.990e-29
 204.723461     -4.446   0.364422    11.8478    -1.8597     -4.409     0.2361    -0.2985 -9.990e-29
 204.723466     -4.427   0.364653    11.8432    -1.8598     -4.390     0.2363    -0.2979 -9.990e-29
 204.723472     -4.408   0.364436    11.8381    -1.8599     -4.371     0.2362    -0.2974 -9.990e-29
 204.723478     -4.386   0.363481    11.8333    -1.8598     -4.349     0.2356    -0.2973 -9.990e-29
 204.723484     -4.360   0.362729    11.8301    -1.8596     -4.324     0.2351    -0.2973 -9.990e-29
 204.723490     -4.330   0.363394    11.8292    -1.8595     -4.294     0.2356    -0.2969 -9.990e-29
 204.723495     -4.296   0.365257    11.8294    -1.8596     -4.260     0.2368    -0.2959 -9.990e-29
 204.723501     -4.265   0.366924    11.8288    -1.8597     -4.229     0.2379    -0.2950 -9.990e-29
 204.723507     -4.241   0.367293    11.8257    -1.8600     -4.206     0.2382    -0.2944 -9.990e-29
 204.723513     -4.220   0.366303    11.8212    -1.8599     -4.185     0.2375    -0.2944 -9.990e-29
 204.723519     -4.202   0.364850    11.8178    -1.8597     -4.167     0.2366    -0.2948 -9.990e-29
 204.723524     -4.186   0.364318    11.8166    -1.8596     -4.151     0.2362    -0.2949 -9.990e-29
 204.723530     -4.171   0.365108    11.8176    -1.8599     -4.136     0.2368    -0.2946 -9.990e-29
 204.723536     -4.155   0.366058    11.8197    -1.8601     -4.120     0.2374    -0.2944 -9.990e-29
 204.723542     -4.138   0.366219    11.8211    -1.8600     -4.104     0.2375    -0.2945 -9.990e-29
 204.723547     -4.119   0.365803    11.8205    -1.8599     -4.085     0.2372    -0.2946 -9.990e-29
 204.723553     -4.096   0.365366    11.8183    -1.8599     -4.062     0.2369    -0.2946 -9.990e-29
 204.723559     -4.068   0.364879    11.8165    -1.8599     -4.034     0.2366    -0.2946 -9.990e-29
 204.723565     -4.038   0.364245    11.8170    -1.8597     -4.004     0.2362    -0.2950 -9.990e-29
 204.723571     -4.012   0.363729    11.8187    -1.8596     -3.979     0.2358    -0.2955 -9.990e-29
 204.723576     -3.993   0.363196    11.8186    -1.8596     -3.960     0.2355    -0.2957 -9.990e-29
 204.723582     -3.975   0.362490    11.8164    -1.8594     -3.942     0.2350    -0.2959 -9.990e-29
 204.723588     -3.953   0.361777    11.8143    -1.8592     -3.920     0.2346    -0.2960 -9.990e-29
 204.723594     -3.929   0.361214    11.8141    -1.8591     -3.896     0.2342    -0.2962 -9.990e-29
 204.723600     -3.907   0.361157    11.8153    -1.8591     -3.874     0.2341    -0.2964 -9.990e-29
 204.723605     -3.886   0.361533    11.8167    -1.8590     -3.854     0.2344    -0.2964 -9.990e-29
 204.723611     -3.863   0.361733    11.8184    -1.8590     -3.831     0.2345    -0.2965 -9.990e-29
 204.723617     -3.841   0.361471    11.8207    -1.8590     -3.809     0.2343    -0.2969 -9.990e-29
 204.723623     -3.825   0.360952    11.8237    -1.8592     -3.793     0.2340    -0.2975 -9.990e-29
 204.723628     -3.803   0.360590    11.8273    -1.8590     -3.771     0.2337    -0.2981 -9.990e-29
 204.723634     -3.770   0.360459    11.8312    -1.8589     -3.739     0.2336    -0.2986 -9.990e-29
 204.723640     -3.737   0.360382    11.8348    -1.8589     -3.706     0.2335    -0.2991 -9.990e-29
 204.723646     -3.710   0.360257    11.8376    -1.8590     -3.679     0.2334    -0.2995 -9.990e-29
 204.723652     -3.689   0.359919    11.8395    -1.8592     -3.658     0.2332    -0.2999 -9.990e-29
 204.723657     -3.670   0.359469    11.8406    -1.8594     -3.639     0.2329    -0.3003 -9.990e-29
 204.723663     -3.654   0.359417    11.8411    -1.8595     -3.624     0.2328    -0.3003 -9.990e-29
 204.723669     -3.639   0.359692    11.8408    -1.8596     -3.609     0.2330    -0.3002 -9.990e-29
 204.723675     -3.624   0.359552    11.8407    -1.8596     -3.594     0.2329    -0.3002 -9.990e-29
 204.723681     -3.608   0.358810    11.8420    -1.8596     -3.578     0.2324    -0.3008 -9.990e-29
 204.723686     -3.591   0.358139    11.8435    -1.8594     -3.561     0.2320    -0.3013 -9.990e-29
 204.723692     -3.571   0.358309    11.8433    -1.8593     -3.541     0.2321    -0.3012 -9.990e-29
 204.723698     -3.546   0.359546    11.8411    -1.8591     -3.516     0.2329    -0.3003 -9.990e-29
 204.723704     -3.516   0.361283    11.8375    -1.8588     -3.487     0.2341    -0.2990 -9.990e-29
 204.723709     -3.482   0.362513    11.8338    -1.8586     -3.453     0.2349    -0.2979 -9.990e-29
 204.723715     -3.452   0.362659    11.8309    -1.8589     -3.423     0.2351    -0.2975 -9.990e-29
 204.723721     -3.427   0.361916    11.8293    -1.8589     -3.398     0.2346    -0.2977 -9.990e-29
 204.723727     -3.405   0.360955    11.8293    -1.8589     -3.377     0.2339    -0.2982 -9.990e-29
 204.723733     -3.386   0.360158    11.8309    -1.8589     -3.358     0.2334    -0.2988 -9.990e-29
 204.723738     -3.369   0.359570    11.8337    -1.8589     -3.341     0.2330    -0.2994 -9.990e-29
 204.723744     -3.351   0.359516    11.8375    -1.8587     -3.323     0.2329    -0.2999 -9.990e-29
 204.723750     -3.333   0.359924    11.8426    -1.8583     -3.305     0.2332    -0.3003 -9.990e-29
 204.723756     -3.312   0.360229    11.8479    -1.8584     -3.284     0.2333    -0.3007 -9.990e-29
 204.723762     -3.293   0.360285    11.8503    -1.8584     -3.266     0.2334    -0.3010 -9.990e-29
 204.723767     -3.277   0.360166    11.8497    -1.8585     -3.250     0.2333    -0.3010 -9.990e-29
 204.723773     -3.259   0.359713    11.8484    -1.8584     -3.232     0.2330    -0.3010 -9.990e-29
 204.723779     -3.239   0.358876    11.8478    -1.8584     -3.212     0.2324    -0.3014 -9.990e-29
 204.723785     -3.220   0.358200    11.8483    -1.8585     -3.193     0.2320    -0.3018 -9.990e-29
 204.723791     -3.200   0.358447    11.8505    -1.8588     -3.173     0.2321    -0.3020 -9.990e-29
 204.723796     -3.182   0.359391    11.8544    -1.8589     -3.155     0.2327    -0.3019 -9.990e-29
 204.723802     -3.169   0.360075    11.8584    -1.8589     -3.143     0.2332    -0.3020 -9.990e-29
 204.723808     -3.157   0.360306    11.8604    -1.8589     -3.131     0.2333    -0.3022 -9.990e-29
 204.723814     -3.140   0.360390    11.8606    -1.8591     -3.114     0.2334    -0.3021 -9.990e-29
 204.723819     -3.121   0.360439    11.8603    -1.8594     -3.095     0.2334    -0.3021 -9.990e-29
 204.723825     -3.104   0.360517    11.8606    -1.8594     -3.078     0.2335    -0.3021 -9.990e-29
 204.723831     -3.087   0.360731    11.8602    -1.8594     -3.061     0.2336    -0.3019 -9.990e-29
 204.723837     -3.074   0.360810    11.8575    -1.8594     -3.048     0.2337    -0.3015 -9.990e-29
 204.723843     -3.068   0.360306    11.8534    -1.8594     -3.042     0.2334    -0.3013 -9.990e-29
 204.723848     -3.064   0.359657    11.8498    -1.8592     -3.038     0.2329    -0.3012 -9.990e-29
 204.723854     -3.058   0.359658    11.8474    -1.8591     -3.033     0.2330    -0.3010 -9.990e-29
 204.723860     -3.050   0.360312    11.8452    -1.8589     -3.025     0.2334    -0.3004 -9.990e-29
 204.723866     -3.039   0.360827    11.8419    -1.8587     -3.014     0.2338    -0.2997 -9.990e-29
 204.723872     -3.024   0.360784    11.8382    -1.8585     -2.999     0.2338    -0.2993 -9.990e-29
 204.723877     -3.005   0.360678    11.8364    -1.8581     -2.980     0.2337    -0.2991 -9.990e-29
 204.723883     -2.979   0.360924    11.8364    -1.8578     -2.954     0.2339    -0.2990 -9.990e-29
 204.723889     -2.951   0.361296    11.8372    -1.8574     -2.926     0.2341    -0.2989 -9.990e-29
 204.723895     -2.925   0.361180    11.8392    -1.8574     -2.901     0.2340    -0.2992 -9.990e-29
 204.723900     -2.907   0.360424    11.8424    -1.8574     -2.883     0.2335    -0.3000 -9.990e-29
 204.723906     -2.893   0.359681    11.8461    -1.8572     -2.869     0.2330    -0.3008 -9.990e-29
 204.723912     -2.883   0.359622    11.8503    -1.8570     -2.859     0.2329    -0.3013 -9.990e-29
 204.723918     -2.877   0.360168    11.8558    -1.8570     -2.853     0.2332    -0.3017 -9.990e-29
 204.723924     -2.869   0.360937    11.8627    -1.8569     -2.845     0.2337    -0.3021 -9.990e-29
 204.723929     -2.856   0.361849    11.8709    -1.8567     -2.832     0.2343    -0.3026 -9.990e-29
 204.723935     -2.840   0.362458    11.8793    -1.8567     -2.816     0.2346    -0.3033 -9.990e-29
 204.723941     -2.825   0.362282    11.8860    -1.8568     -2.801     0.2345    -0.3041 -9.990e-29
 204.723947     -2.809   0.361643    11.8899    -1.8569     -2.786     0.2340    -0.3049 -9.990e-29
 204.723953     -2.793   0.361166    11.8926    -1.8570     -2.770     0.2337    -0.3055 -9.990e-29
 204.723958     -2.774   0.361321    11.8958    -1.8573     -2.751     0.2338    -0.3058 -9.990e-29
 204.723964     -2.752   0.362131    11.8994    -1.8578     -2.729     0.2343    -0.3058 -9.990e-29
 204.723970     -2.725   0.363014    11.9029    -1.8580     -2.702     0.2349    -0.3058 -9.990e-29
 204.723976     -2.695   0.363488    11.9062    -1.8583     -2.673     0.2352    -0.3059 -9.990e-29
 204.723981     -2.670   0.363631    11.9087    -1.8584     -2.648     0.2352    -0.3061 -9.990e-29
 204.723987     -2.652   0.363633    11.9086    -1.8588     -2.630     0.2352    -0.3061 -9.990e-29
 204.723993     -2.641   0.363495    11.9060    -1.8587     -2.619     0.2352    -0.3059 -9.990e-29
 204.723999     -2.630   0.363590    11.9026    -1.8590     -2.608     0.2352    -0.3054 -9.990e-29
 204.724005     -2.615   0.364598    11.8982    -1.8592     -2.593     0.2359    -0.3044 -9.990e-29
 204.724010     -2.600   0.366199    11.8915    -1.8593     -2.578     0.2370    -0.3027 -9.990e-29
 204.724016     -2.587   0.367206    11.8834    -1.8594     -2.565     0.2378    -0.3013 -9.990e-29
 204.724022     -2.576   0.367299    11.8755    -1.8594     -2.555     0.2379    -0.3003 -9.990e-29
 204.724028     -2.566   0.367157    11.8684    -1.8589     -2.545     0.2378    -0.2995 -9.990e-29
 204.724034     -2.556   0.367143    11.8619    -1.8589     -2.535     0.2379    -0.2988 -9.990e-29
 204.724039     -2.547   0.367240    11.8566    -1.8590     -2.526     0.2379    -0.2981 -9.990e-29
 204.724045     -2.536   0.367576    11.8526    -1.8591     -2.515     0.2382    -0.2974 -9.990e-29
 204.724051     -2.525   0.368046    11.8487    -1.8592     -2.504     0.2385    -0.2967 -9.990e-29
 204.724057     -2.511   0.368169    11.8447    -1.8592     -2.490     0.2386    -0.2962 -9.990e-29
 204.724063     -2.494   0.368108    11.8420    -1.8591     -2.473     0.2386    -0.2959 -9.990e-29
 204.724068     -2.473   0.368338    11.8413    -1.8591     -2.452     0.2388    -0.2957 -9.990e-29
 204.724074     -2.451   0.368611    11.8431    -1.8592     -2.431     0.2389    -0.2958 -9.990e-29
 204.724080     -2.436   0.368738    11.8464    -1.8592     -2.416     0.2390    -0.2961 -9.990e-29
 204.724086     -2.425   0.368889    11.8484    -1.8590     -2.405     0.2391    -0.2963 -9.990e-29
 204.724091     -2.414   0.369264    11.8476    -1.8591     -2.394     0.2394    -0.2960 -9.990e-29
 204.724097     -2.402   0.369809    11.8455    -1.8590     -2.382     0.2397    -0.2954 -9.990e-29
 204.724103     -2.390   0.370144    11.8438    -1.8591     -2.370     0.2400    -0.2951 -9.990e-29
 204.724109     -2.375   0.370161    11.8437    -1.8588     -2.355     0.2400    -0.2950 -9.990e-29
 204.724115     -2.357   0.369884    11.8445    -1.8586     -2.337     0.2398    -0.2953 -9.990e-29
 204.724120     -2.339   0.369496    11.8450    -1.8585     -2.319     0.2395    -0.2955 -9.990e-29
 204.724126     -2.324   0.369587    11.8450    -1.8582     -2.305     0.2396    -0.2955 -9.990e-29
 204.724132     -2.311   0.370279    11.8455    -1.8580     -2.292     0.2400    -0.2952 -9.990e-29
 204.724138     -2.300   0.370834    11.8464    -1.8578     -2.281     0.2404    -0.2950 -9.990e-29
