data/oxygen options/OCNMS/OCNMS1/raw_data/2013/CAST_MB042_130902faed.cnv
* Sea-Bird SBE19 Data File:
* FileName = C:\2013 Mooring Data\2nd Service\Casts\CAST_MB042_130902.hex
* Software Version 1.59
* Temperature SN = 2997
* Conductivity SN = 2997
* System UpLoad Time = Sep 03 2013 11:50:14
** CAST_MB042_130902
* ds
# nquan = 9                                 
# nvalues = 1031                        
# units = specified
# name 0 = timeJ: Julian Days
# name 1 = prSM: Pressure, Strain Gauge [db]
# name 2 = c0mS/cm: Conductivity [mS/cm]
# name 3 = t090C: Temperature [ITS-90, deg C]
# name 4 = sbeox0ML/L: Oxygen, SBE 43 [ml/l]
# name 5 = depSM: Depth [salt water, m], lat = 47.5
# name 6 = sal00: Salinity, Practical [PSU]
# name 7 = sigma-é00: Density [sigma-theta, kg/m^3]
# name 8 = flag: flag
# span 0 = 245.480104, 245.486065       
# span 1 =     -3.243,     43.533       
# span 2 =   0.434647,  39.867293       
# span 3 =     8.4725,    17.3611       
# span 4 =    -1.6985,    10.9194       
# span 5 =     -3.216,     43.165       
# span 6 =     0.2492,    33.4531       
# span 7 =    -1.0820,    25.9873       
# span 8 = 0.0000e+00, 0.0000e+00       
# interval = seconds: 0.5
# start_time = Sep 02 2013 11:31:21 [Instrument's time stamp, header]
# bad_flag = -9.990e-29
*END*
[from data line 641]
 245.483814      1.479  39.798361    15.5252     6.4613      1.467    31.7433    23.3490 -9.990e-29
 245.483819      1.475  39.799600    15.5235     6.4629      1.463    31.7458    23.3513 -9.990e-29
 245.483825      1.484  39.795661    15.5204     6.4622      1.472    31.7448    23.3512 -9.990e-29
 245.483831      1.493  39.793005    15.5200     6.4635      1.481    31.7427    23.3497 -9.990e-29
 245.483837      1.490  39.793080    15.5225     6.4520      1.478    31.7408    23.3476 -9.990e-29
 245.483843      1.475  39.795369    15.5254     6.4505      1.463    31.7405    23.3468 -9.990e-29
 245.483848      1.459  39.800072    15.5267     6.4603      1.447    31.7436    23.3489 -9.990e-29
 245.483854      1.454  39.804443    15.5267     6.4638      1.442    31.7475    23.3519 -9.990e-29
 245.483860      1.460  39.805854    15.5269     6.4719      1.448    31.7486    23.3527 -9.990e-29
 245.483866      1.469  39.805013    15.5278     6.4759      1.457    31.7471    23.3514 -9.990e-29
 245.483872      1.478  39.804104    15.5287     6.4725      1.466    31.7456    23.3500 -9.990e-29
 245.483877      1.486  39.802983    15.5276     6.4757      1.474    31.7455    23.3501 -9.990e-29
 245.483883      1.494  39.800663    15.5249     6.4645      1.482    31.7456    23.3508 -9.990e-29
 245.483889      1.503  39.798481    15.5229     6.4368      1.490    31.7452    23.3510 -9.990e-29
 245.483895      1.513  39.797958    15.5221     6.4371      1.500    31.7454    23.3513 -9.990e-29
 245.483900      1.525  39.798340    15.5214     6.4283      1.512    31.7463    23.3522 -9.990e-29
 245.483906      1.540  39.798403    15.5206     6.4339      1.527    31.7470    23.3529 -9.990e-29
 245.483912      1.554  39.798739    15.5208     6.4408      1.541    31.7471    23.3529 -9.990e-29
 245.483918      1.560  39.800302    15.5233     6.4606      1.547    31.7465    23.3519 -9.990e-29
 245.483924      1.553  39.802880    15.5286     6.4572      1.540    31.7445    23.3492 -9.990e-29
 245.483929      1.539  39.806495    15.5338     6.4502      1.526    31.7436    23.3473 -9.990e-29
 245.483935      1.527  39.810312    15.5360     6.4362      1.514    31.7452    23.3481 -9.990e-29
 245.483941      1.527  39.812646    15.5357     6.4399      1.514    31.7475    23.3499 -9.990e-29
 245.483947      1.535  39.813198    15.5348     6.4602      1.522    31.7487    23.3511 -9.990e-29
 245.483953      1.545  39.812649    15.5338     6.4706      1.532    31.7490    23.3515 -9.990e-29
 245.483958      1.556  39.811896    15.5330     6.4730      1.543    31.7490    23.3517 -9.990e-29
 245.483964      1.558  39.811562    15.5324     6.4578      1.545    31.7492    23.3520 -9.990e-29
 245.483970      1.551  39.811708    15.5320     6.4457      1.538    31.7496    23.3524 -9.990e-29
 245.483976      1.545  39.811913    15.5321     6.4385      1.532    31.7497    23.3525 -9.990e-29
 245.483981      1.543  39.812399    15.5336     6.4441      1.530    31.7490    23.3515 -9.990e-29
 245.483987      1.545  39.814320    15.5360     6.4339      1.532    31.7487    23.3508 -9.990e-29
 245.483993      1.551  39.816823    15.5378     6.4288      1.538    31.7495    23.3510 -9.990e-29
 245.483999      1.556  39.817591    15.5382     6.4238      1.543    31.7499    23.3512 -9.990e-29
 245.484005      1.554  39.817035    15.5375     6.4382      1.541    31.7499    23.3514 -9.990e-29
 245.484010      1.543  39.816601    15.5365     6.4465      1.530    31.7504    23.3520 -9.990e-29
 245.484016      1.532  39.816218    15.5356     6.4536      1.519    31.7508    23.3525 -9.990e-29
 245.484022      1.524  39.815321    15.5347     6.4537      1.511    31.7507    23.3526 -9.990e-29
 245.484028      1.518  39.814344    15.5340     6.4448      1.505    31.7504    23.3525 -9.990e-29
 245.484034      1.515  39.814729    15.5341     6.4530      1.502    31.7506    23.3527 -9.990e-29
 245.484039      1.514  39.816377    15.5353     6.4480      1.501    31.7511    23.3528 -9.990e-29
 245.484045      1.515  39.818071    15.5373     6.4527      1.502    31.7510    23.3523 -9.990e-29
 245.484051      1.517  39.819217    15.5395     6.4483      1.504    31.7503    23.3512 -9.990e-29
 245.484057      1.518  39.820166    15.5405     6.4550      1.505    31.7503    23.3511 -9.990e-29
 245.484062      1.512  39.821010    15.5402     6.4723      1.499    31.7513    23.3519 -9.990e-29
 245.484068      1.504  39.821143    15.5401     6.4836      1.491    31.7515    23.3521 -9.990e-29
 245.484074      1.502  39.820128    15.5398     6.4853      1.489    31.7509    23.3516 -9.990e-29
 245.484080      1.510  39.817680    15.5382     6.4748      1.497    31.7500    23.3513 -9.990e-29
 245.484086      1.523  39.813843    15.5365     6.4631      1.510    31.7479    23.3501 -9.990e-29
 245.484091      1.535  39.811294    15.5359     6.4443      1.522    31.7461    23.3488 -9.990e-29
 245.484097      1.537  39.812742    15.5362     6.4476      1.524    31.7472    23.3496 -9.990e-29
 245.484103      1.530  39.815581    15.5372     6.4513      1.517    31.7489    23.3507 -9.990e-29
 245.484109      1.522  39.817380    15.5381     6.4479      1.509    31.7498    23.3512 -9.990e-29
 245.484115      1.516  39.818244    15.5386     6.4408      1.503    31.7501    23.3513 -9.990e-29
 245.484120      1.512  39.818151    15.5387     6.4326      1.499    31.7500    23.3512 -9.990e-29
 245.484126      1.510  39.818046    15.5382     6.4516      1.497    31.7503    23.3515 -9.990e-29
 245.484132      1.509  39.818296    15.5370     6.4732      1.496    31.7515    23.3527 -9.990e-29
 245.484138      1.510  39.818060    15.5357     6.4985      1.497    31.7523    23.3536 -9.990e-29
 245.484144      1.513  39.816970    15.5346     6.5058      1.500    31.7522    23.3538 -9.990e-29
 245.484149      1.518  39.815201    15.5332     6.5036      1.505    31.7518    23.3538 -9.990e-29
 245.484155      1.525  39.812582    15.5295     6.4970      1.512    31.7524    23.3551 -9.990e-29
 245.484161      1.534  39.806128    15.5221     6.4798      1.521    31.7527    23.3569 -9.990e-29
 245.484167      1.547  39.791663    15.5140     6.4805      1.534    31.7463    23.3538 -9.990e-29
 245.484172      1.560  39.777301    15.5112     6.4642      1.547    31.7358    23.3463 -9.990e-29
 245.484178      1.569  39.776336    15.5165     6.4581      1.556    31.7307    23.3412 -9.990e-29
 245.484184      1.575  39.786866    15.5254     6.4546      1.562    31.7329    23.3409 -9.990e-29
 245.484190      1.578  39.798223    15.5306     6.4539      1.565    31.7388    23.3443 -9.990e-29
 245.484196      1.583  39.804767    15.5303     6.4733      1.570    31.7448    23.3491 -9.990e-29
 245.484201      1.594  39.806207    15.5260     6.4675      1.581    31.7496    23.3537 -9.990e-29
 245.484207      1.608  39.803290    15.5209     6.4667      1.595    31.7511    23.3559 -9.990e-29
 245.484213      1.617  39.801039    15.5188     6.4553      1.603    31.7508    23.3562 -9.990e-29
 245.484219      1.618  39.803122    15.5206     6.4461      1.604    31.7512    23.3561 -9.990e-29
 245.484225      1.610  39.806658    15.5241     6.4637      1.597    31.7515    23.3556 -9.990e-29
 245.484230      1.598  39.809584    15.5277     6.4668      1.585    31.7512    23.3545 -9.990e-29
 245.484236      1.588  39.812389    15.5308     6.4604      1.575    31.7512    23.3539 -9.990e-29
 245.484242      1.585  39.815959    15.5344     6.4578      1.572    31.7515    23.3533 -9.990e-29
 245.484248      1.589  39.822200    15.5407     6.4526      1.576    31.7519    23.3523 -9.990e-29
 245.484253      1.599  39.832657    15.5503     6.4491      1.586    31.7535    23.3513 -9.990e-29
 245.484259      1.612  39.842169    15.5574     6.4362      1.599    31.7562    23.3519 -9.990e-29
 245.484265      1.621  39.844314    15.5571     6.4445      1.607    31.7584    23.3536 -9.990e-29
 245.484271      1.622  39.840781    15.5521     6.4703      1.608    31.7592    23.3554 -9.990e-29
 245.484277      1.618  39.836894    15.5479     6.4527      1.604    31.7592    23.3563 -9.990e-29
 245.484282      1.619  39.836382    15.5478     6.4469      1.605    31.7588    23.3560 -9.990e-29
 245.484288      1.628  39.841309    15.5519     6.4435      1.614    31.7599    23.3559 -9.990e-29
 245.484294      1.647  39.849228    15.5577     6.4601      1.633    31.7622    23.3564 -9.990e-29
 245.484300      1.672  39.854215    15.5622     6.4819      1.658    31.7630    23.3561 -9.990e-29
 245.484306      1.696  39.855589    15.5646     6.4928      1.682    31.7623    23.3550 -9.990e-29
 245.484311      1.721  39.856584    15.5684     6.4813      1.707    31.7601    23.3525 -9.990e-29
 245.484317      1.757  39.857830    15.5749     6.4760      1.742    31.7560    23.3479 -9.990e-29
 245.484323      1.810  39.854508    15.5804     6.5119      1.795    31.7486    23.3410 -9.990e-29
 245.484329      1.880  39.848800    15.5823     6.5263      1.864    31.7419    23.3355 -9.990e-29
 245.484334      1.966  39.851474    15.5813     6.5285      1.950    31.7451    23.3381 -9.990e-29
 245.484340      2.078  39.857574    15.5747     6.5120      2.061    31.7558    23.3478 -9.990e-29
 245.484346      2.229  39.852707    15.5517     6.4525      2.210    31.7699    23.3637 0.0000e+00
 245.484352      2.422  39.820743    15.5014     6.3594      2.402    31.7820    23.3840 0.0000e+00
 245.484358      2.658  39.759293    15.4299     6.1940      2.636    31.7850    23.4019 0.0000e+00
 245.484363      2.930  39.690528    15.3512     6.0310      2.906    31.7872    23.4208 0.0000e+00
 245.484369      3.230  39.624056    15.2682     5.9143      3.203    31.7949    23.4447 0.0000e+00
 245.484375      3.555  39.559087    15.1808     5.8343      3.525    31.8075    23.4733 0.0000e+00
 245.484381      3.905  39.500760    15.0930     5.8014      3.872    31.8264    23.5068 0.0000e+00
 245.484387      4.281  39.452420    15.0054     5.7441      4.245    31.8542    23.5469 0.0000e+00
 245.484392      4.685  39.414480    14.9126     5.6934      4.646    31.8956    23.5987 0.0000e+00
 245.484398      5.108  39.381050    14.8198     5.6542      5.065    31.9412    23.6536 0.0000e+00
 245.484404      5.543  39.348328    14.7404     5.6113      5.497    31.9766    23.6977 0.0000e+00
 245.484410      5.996  39.319056    14.6752     5.6144      5.946    32.0036    23.7323 0.0000e+00
 245.484416      6.471  39.290492    14.6135     5.6159      6.417    32.0283    23.7643 0.0000e+00
 245.484421      6.963  39.251316    14.5454     5.6297      6.905    32.0487    23.7944 0.0000e+00
 245.484427      7.474  39.193994    14.4761     5.6599      7.411    32.0536    23.8127 0.0000e+00
 245.484433      8.002  39.131619    14.4226     5.6895      7.935    32.0408    23.8141 0.0000e+00
 245.484439      8.533  39.086795    14.3907     5.7294      8.462    32.0261    23.8094 0.0000e+00
 245.484444      9.058  39.061819    14.3706     5.7473      8.982    32.0197    23.8087 0.0000e+00
 245.484450      9.582  39.046235    14.3558     5.7430      9.502    32.0175    23.8101 0.0000e+00
 245.484456     10.110  39.037635    14.3499     5.7364     10.025    32.0143    23.8089 0.0000e+00
 245.484462     10.648  39.041243    14.3588     5.7141     10.559    32.0101    23.8038 0.0000e+00
 245.484468     11.190  39.065677    14.3780     5.7011     11.096    32.0163    23.8046 0.0000e+00
 245.484473     11.733  39.103056    14.3935     5.6920     11.635    32.0374    23.8176 0.0000e+00
 245.484479     12.277  39.129146    14.3976     5.6736     12.174    32.0576    23.8324 0.0000e+00
 245.484485     12.822  39.136601    14.3910     5.6680     12.715    32.0696    23.8431 0.0000e+00
 245.484491     13.368  39.131885    14.3765     5.6569     13.256    32.0771    23.8519 0.0000e+00
 245.484497     13.916  39.118684    14.3585     5.6417     13.799    32.0798    23.8577 0.0000e+00
 245.484502     14.468  39.101691    14.3424     5.6424     14.347    32.0774    23.8592 0.0000e+00
 245.484508     15.022  39.087827    14.3310     5.6224     14.896    32.0740    23.8590 0.0000e+00
 245.484514     15.581  39.079779    14.3238     5.6270     15.450    32.0724    23.8593 0.0000e+00
 245.484520     16.146  39.075102    14.3184     5.6349     16.011    32.0724    23.8604 0.0000e+00
 245.484525     16.714  39.071366    14.3116     5.6358     16.574    32.0744    23.8634 0.0000e+00
 245.484531     17.278  39.066275    14.3030     5.6433     17.133    32.0766    23.8669 0.0000e+00
 245.484537     17.836  39.059647    14.2949     5.6377     17.686    32.0771    23.8690 0.0000e+00
 245.484543     18.385  39.053736    14.2878     5.6462     18.231    32.0774    23.8707 0.0000e+00
 245.484549     18.916  39.048387    14.2813     5.6631     18.757    32.0776    23.8723 0.0000e+00
 245.484554     19.429  39.042513    14.2758     5.6749     19.266    32.0766    23.8726 0.0000e+00
 245.484560     19.932  39.037133    14.2713     5.6852     19.765    32.0753    23.8725 0.0000e+00
 245.484566     20.430  39.034481    14.2691     5.6861     20.258    32.0745    23.8724 0.0000e+00
 245.484572     20.929  39.036511    14.2702     5.6965     20.753    32.0752    23.8727 0.0000e+00
 245.484578     21.432  39.041331    14.2728     5.7254     21.252    32.0773    23.8738 0.0000e+00
 245.484583     21.936  39.046287    14.2767     5.7525     21.752    32.0784    23.8739 0.0000e+00
 245.484589     22.442  39.053950    14.2837     5.7673     22.253    32.0794    23.8732 0.0000e+00
 245.484595     22.958  39.067141    14.2939     5.7800     22.765    32.0828    23.8737 0.0000e+00
 245.484601     23.486  39.089324    14.3081     5.7696     23.289    32.0911    23.8772 0.0000e+00
 245.484606     24.026  39.123067    14.3262     5.7544     23.824    32.1067    23.8855 0.0000e+00
 245.484612     24.573  39.160015    14.3428     5.7002     24.366    32.1265    23.8973 0.0000e+00
 245.484618     25.120  39.187685    14.3500     5.6364     24.909    32.1456    23.9106 0.0000e+00
 245.484624     25.662  39.201950    14.3472     5.6040     25.446    32.1608    23.9229 0.0000e+00
 245.484630     26.200  39.207149    14.3392     5.5892     25.980    32.1720    23.9332 0.0000e+00
 245.484635     26.738  39.207860    14.3263     5.6051     26.513    32.1831    23.9445 0.0000e+00
 245.484641     27.284  39.202672    14.2997     5.6313     27.055    32.2003    23.9633 0.0000e+00
 245.484647     27.839  39.182310    14.2620     5.6253     27.605    32.2129    23.9809 0.0000e+00
 245.484653     28.391  39.152570    14.2333     5.6246     28.152    32.2094    23.9841 0.0000e+00
 245.484659     28.929  39.136435    14.2210     5.6289     28.686    32.2046    23.9830 0.0000e+00
 245.484664     29.447  39.135801    14.2171     5.6339     29.199    32.2071    23.9857 0.0000e+00
 245.484670     29.954  39.141295    14.2137     5.6236     29.702    32.2148    23.9924 0.0000e+00
 245.484676     30.463  39.147238    14.2074     5.6049     30.207    32.2253    24.0018 0.0000e+00
 245.484682     30.978  39.149673    14.2016     5.5574     30.717    32.2322    24.0083 0.0000e+00
 245.484688     31.489  39.151733    14.1974     5.5233     31.224    32.2374    24.0132 0.0000e+00
 245.484693     31.989  39.152686    14.1903     5.5071     31.720    32.2440    24.0198 0.0000e+00
 245.484699     32.484  39.148081    14.1721     5.5389     32.210    32.2548    24.0319 0.0000e+00
 245.484705     32.994  39.132784    14.1358     5.6293     32.716    32.2709    24.0519 0.0000e+00
 245.484711     33.529  39.103657    14.0892     5.6224     33.246    32.2829    24.0708 0.0000e+00
 245.484716     34.084  39.071059    14.0493     5.3704     33.797    32.2861    24.0815 0.0000e+00
 245.484722     34.652  39.048557    14.0206     4.8974     34.360    32.2893    24.0899 0.0000e+00
 245.484728     35.227  39.033481    13.9933     4.1918     34.930    32.2980    24.1023 0.0000e+00
