data/oxygen options/OCNMS/OCNMS1/raw_data/2013/CAST_CE015_130725faed.cnv
* Sea-Bird SBE19 Data File:
* FileName = C:\2013 Mooring Data\1st Service\Casts\CAST_CE015_130725.hex
* Software Version 1.59
* Temperature SN = 2997
* Conductivity SN = 2997
* System UpLoad Time = Jul 25 2013 15:12:43
** CAST_CE015_130725
* ds
# nquan = 9                                 
# nvalues = 1014                        
# units = specified
# name 0 = timeJ: Julian Days
# name 1 = prSM: Pressure, Strain Gauge [db]
# name 2 = c0mS/cm: Conductivity [mS/cm]
# name 3 = t090C: Temperature [ITS-90, deg C]
# name 4 = sbeox0ML/L: Oxygen, SBE 43 [ml/l]
# name 5 = depSM: Depth [salt water, m], lat = 47.5
# name 6 = sal00: Salinity, Practical [PSU]
# name 7 = sigma-é00: Density [sigma-theta, kg/m^3]
# name 8 = flag: flag
# span 0 = 206.402963, 206.408825       
# span 1 =     -5.414,     14.015       
# span 2 =   0.093789,  35.508475       
# span 3 =     7.4924,    11.7944       
# span 4 =    -1.8885,     8.9422       
# span 5 =     -5.369,     13.898       
# span 6 =     0.0609,    33.8743       
# span 7 =    -0.4275,    26.3468       
# span 8 = 0.0000e+00, 0.0000e+00       
# interval = seconds: 0.5
# start_time = Jul 25 2013 09:40:16 [Instrument's time stamp, header]
# bad_flag = -9.990e-29
*END*
[from data line 801]
 206.407598      1.169  34.990057     8.2253     2.7176      1.159    33.4729    26.0413 -9.990e-29
 206.407604      1.173  34.992112     8.2285     2.7322      1.163    33.4720    26.0401 -9.990e-29
 206.407610      1.170  34.994551     8.2291     2.7289      1.160    33.4740    26.0416 -9.990e-29
 206.407616      1.164  34.993899     8.2291     2.6931      1.154    33.4734    26.0411 -9.990e-29
 206.407622      1.155  34.992646     8.2361     2.6701      1.145    33.4654    26.0337 -9.990e-29
 206.407627      1.142  34.998643     8.2511     2.6669      1.132    33.4574    26.0253 -9.990e-29
 206.407633      1.130  35.008115     8.2603     2.6762      1.121    33.4587    26.0249 -9.990e-29
 206.407639      1.124  35.010157     8.2522     2.7101      1.115    33.4686    26.0339 -9.990e-29
 206.407645      1.130  35.000210     8.2346     2.7180      1.121    33.4748    26.0414 -9.990e-29
 206.407650      1.144  34.984618     8.2248     2.7108      1.134    33.4676    26.0372 -9.990e-29
 206.407656      1.158  34.979004     8.2302     2.7001      1.148    33.4565    26.0276 -9.990e-29
 206.407662      1.168  34.984837     8.2418     2.6865      1.158    33.4516    26.0221 -9.990e-29
 206.407668      1.175  34.992520     8.2488     2.6988      1.165    33.4531    26.0222 -9.990e-29
 206.407674      1.179  34.997169     8.2506     2.7233      1.169    33.4563    26.0245 -9.990e-29
 206.407679      1.182  34.995457     8.2484     2.7296      1.172    33.4566    26.0250 -9.990e-29
 206.407685      1.183  34.989580     8.2424     2.7171      1.173    33.4561    26.0255 -9.990e-29
 206.407691      1.181  34.984024     8.2387     2.6996      1.171    33.4537    26.0242 -9.990e-29
 206.407697      1.178  34.987064     8.2435     2.6858      1.168    33.4524    26.0224 -9.990e-29
 206.407703      1.173  35.000505     8.2509     2.7063      1.163    33.4596    26.0270 -9.990e-29
 206.407708      1.169  35.009769     8.2508     2.7224      1.159    33.4695    26.0348 -9.990e-29
 206.407714      1.171  35.006477     8.2443     2.7214      1.161    33.4722    26.0379 -9.990e-29
 206.407720      1.175  34.995205     8.2409     2.7316      1.165    33.4635    26.0315 -9.990e-29
 206.407726      1.176  34.988369     8.2468     2.7190      1.166    33.4506    26.0206 -9.990e-29
 206.407731      1.175  34.994777     8.2591     2.7224      1.165    33.4457    26.0149 -9.990e-29
 206.407737      1.175  35.003920     8.2668     2.7350      1.165    33.4481    26.0156 -9.990e-29
 206.407743      1.182  35.001653     8.2617     2.7393      1.172    33.4505    26.0183 -9.990e-29
 206.407749      1.191  34.993920     8.2495     2.7733      1.181    33.4539    26.0228 -9.990e-29
 206.407755      1.199  34.993378     8.2406     2.7812      1.189    33.4618    26.0303 -9.990e-29
 206.407760      1.206  34.994815     8.2351     2.7951      1.196    33.4686    26.0364 -9.990e-29
 206.407766      1.212  34.994538     8.2301     2.8153      1.202    33.4731    26.0407 -9.990e-29
 206.407772      1.218  34.998335     8.2275     2.8197      1.208    33.4796    26.0462 -9.990e-29
 206.407778      1.225  35.005103     8.2299     2.8225      1.215    33.4845    26.0497 -9.990e-29
 206.407784      1.232  35.010414     8.2379     2.8049      1.222    33.4825    26.0469 -9.990e-29
 206.407789      1.241  35.014061     8.2506     2.7908      1.231    33.4742    26.0385 -9.990e-29
 206.407795      1.251  35.019784     8.2625     2.7842      1.241    33.4690    26.0326 -9.990e-29
 206.407801      1.264  35.025126     8.2683     2.7701      1.253    33.4691    26.0319 -9.990e-29
 206.407807      1.280  35.024883     8.2690     2.7832      1.269    33.4682    26.0310 -9.990e-29
 206.407813      1.300  35.020409     8.2679     2.7792      1.289    33.4645    26.0283 -9.990e-29
 206.407818      1.326  35.015823     8.2648     2.7937      1.315    33.4625    26.0272 -9.990e-29
 206.407824      1.359  35.012849     8.2591     2.8069      1.348    33.4648    26.0299 -9.990e-29
 206.407830      1.401  35.010877     8.2546     2.8090      1.389    33.4670    26.0322 -9.990e-29
 206.407836      1.456  35.010077     8.2549     2.8298      1.444    33.4658    26.0313 -9.990e-29
 206.407841      1.525  35.009935     8.2588     2.8083      1.512    33.4619    26.0276 -9.990e-29
 206.407847      1.615  35.009139     8.2630     2.7449      1.602    33.4570    26.0232 -9.990e-29
 206.407853      1.730  35.007929     8.2630     2.5923      1.716    33.4557    26.0221 -9.990e-29
 206.407859      1.878  35.007499     8.2590     2.3390      1.862    33.4590    26.0253 0.0000e+00
 206.407865      2.063  35.010282     8.2540     2.0197      2.046    33.4666    26.0320 0.0000e+00
 206.407870      2.286  35.012738     8.2412     1.6656      2.267    33.4813    26.0455 0.0000e+00
 206.407876      2.542  35.002671     8.2088     1.3753      2.521    33.5014    26.0661 0.0000e+00
 206.407882      2.831  34.972292     8.1464     1.1710      2.807    33.5286    26.0967 0.0000e+00
 206.407888      3.155  34.913618     8.0496     1.0642      3.129    33.5586    26.1346 0.0000e+00
 206.407894      3.512  34.822957     7.9286     1.0227      3.483    33.5776    26.1673 0.0000e+00
 206.407899      3.896  34.722306     7.8063     1.0046      3.863    33.5872    26.1926 0.0000e+00
 206.407905      4.296  34.639379     7.7104     0.9952      4.260    33.5902    26.2089 0.0000e+00
 206.407911      4.703  34.584623     7.6542     0.9751      4.664    33.5853    26.2131 0.0000e+00
 206.407917      5.110  34.556182     7.6277     0.9612      5.067    33.5800    26.2127 0.0000e+00
 206.407922      5.511  34.544157     7.6141     0.9340      5.465    33.5800    26.2147 0.0000e+00
 206.407928      5.917  34.537016     7.6021     0.9066      5.868    33.5837    26.2193 0.0000e+00
 206.407934      6.338  34.529186     7.5880     0.8908      6.285    33.5887    26.2252 0.0000e+00
 206.407940      6.777  34.519778     7.5726     0.8749      6.720    33.5932    26.2310 0.0000e+00
 206.407946      7.228  34.509722     7.5579     0.8707      7.168    33.5963    26.2355 0.0000e+00
 206.407951      7.684  34.500760     7.5435     0.8663      7.620    33.6003    26.2408 0.0000e+00
 206.407957      8.140  34.492172     7.5300     0.8670      8.072    33.6039    26.2455 0.0000e+00
 206.407963      8.591  34.484297     7.5208     0.8586      8.519    33.6041    26.2469 0.0000e+00
 206.407969      9.032  34.479544     7.5164     0.8551      8.956    33.6030    26.2467 0.0000e+00
 206.407975      9.456  34.477203     7.5140     0.8490      9.377    33.6026    26.2467 0.0000e+00
 206.407980      9.860  34.475858     7.5122     0.8390      9.777    33.6027    26.2470 0.0000e+00
 206.407986     10.249  34.474865     7.5097     0.8419     10.163    33.6038    26.2483 0.0000e+00
 206.407992     10.634  34.472927     7.5056     0.8292     10.545    33.6055    26.2502 0.0000e+00
 206.407998     11.027  34.469732     7.5008     0.8398     10.935    33.6065    26.2517 0.0000e+00
 206.408003     11.427  34.466651     7.4966     0.8400     11.331    33.6070    26.2527 0.0000e+00
 206.408009     11.826  34.464645     7.4938     0.8349     11.727    33.6074    26.2534 0.0000e+00
 206.408015     12.215  34.463305     7.4926     0.8299     12.113    33.6069    26.2532 0.0000e+00
 206.408021     12.584  34.462552     7.4924     0.8364     12.479    33.6061    26.2526 0.0000e+00
 206.408027     12.926  34.462530     7.4927     0.8262     12.818    33.6056    26.2522 0.0000e+00
 206.408032     13.239  34.462678     7.4934     0.8366     13.128    33.6050    26.2516 0.0000e+00
 206.408038     13.510  34.462662     7.4937     0.8484     13.397    33.6045    26.2512 0.0000e+00
 206.408044     13.729  34.462490     7.4931     0.9224     13.614    33.6048    26.2515 0.0000e+00
 206.408050     13.887  34.462520     7.4930     0.9435     13.771    33.6049    26.2516 -9.990e-29
 206.408056     13.982  34.463380     7.4942     0.8549     13.865    33.6046    26.2512 -9.990e-29
 206.408061     14.015  34.464565     7.4954     0.8139     13.898    33.6047    26.2511 -9.990e-29
 206.408067     13.988  34.465446     7.4956     0.7703     13.871    33.6055    26.2517 -9.990e-29
 206.408073     13.900  34.466105     7.4953     0.8561     13.784    33.6065    26.2525 -9.990e-29
 206.408079     13.746  34.466332     7.4953     1.0489     13.631    33.6068    26.2528 0.0000e+00
 206.408084     13.514  34.466458     7.4957     1.1026     13.401    33.6067    26.2526 0.0000e+00
 206.408090     13.196  34.467243     7.4963     1.0711     13.085    33.6071    26.2529 0.0000e+00
 206.408096     12.788  34.468083     7.4969     0.9943     12.681    33.6076    26.2532 0.0000e+00
 206.408102     12.302  34.467887     7.4979     0.9098     12.199    33.6067    26.2523 0.0000e+00
 206.408108     11.763  34.467549     7.4996     0.9676     11.664    33.6049    26.2507 0.0000e+00
 206.408113     11.192  34.467772     7.5019     0.8836     11.098    33.6032    26.2490 0.0000e+00
 206.408119     10.597  34.468327     7.5059     0.8766     10.508    33.6002    26.2461 0.0000e+00
 206.408125      9.969  34.470549     7.5124     0.9296      9.886    33.5967    26.2423 0.0000e+00
 206.408131      9.306  34.474629     7.5188     0.9983      9.228    33.5952    26.2402 0.0000e+00
 206.408137      8.619  34.478201     7.5236     1.1015      8.547    33.5947    26.2392 0.0000e+00
 206.408142      7.915  34.480459     7.5305     1.0370      7.849    33.5908    26.2351 0.0000e+00
 206.408148      7.204  34.483330     7.5432     1.1033      7.144    33.5820    26.2264 0.0000e+00
 206.408154      6.497  34.488433     7.5602     1.2716      6.443    33.5714    26.2156 0.0000e+00
 206.408160      5.800  34.495886     7.5775     1.5226      5.752    33.5631    26.2066 0.0000e+00
 206.408166      5.121  34.505579     7.5964     1.8307      5.078    33.5556    26.1980 0.0000e+00
 206.408171      4.468  34.519269     7.6279     2.0987      4.431    33.5403    26.1815 0.0000e+00
 206.408177      3.846  34.542359     7.6944     2.3618      3.814    33.5014    26.1414 0.0000e+00
 206.408183      3.259  34.584945     7.8017     2.6131      3.232    33.4443    26.0811 0.0000e+00
 206.408189      2.716  34.651188     7.9170     2.7901      2.693    33.4051    26.0336 0.0000e+00
 206.408194      2.238  34.729739     8.0119     2.9087      2.219    33.3987    26.0146 0.0000e+00
 206.408200      1.848  34.821190     8.0897     2.9183      1.833    33.4222    26.0216 0.0000e+00
 206.408206      1.544  34.912521     8.1634     2.8434      1.531    33.4493    26.0320 0.0000e+00
 206.408212      1.313  34.974856     8.2273     2.7041      1.302    33.4548    26.0267 0.0000e+00
 206.408218      1.135  35.014040     8.2567     2.6019      1.126    33.4685    26.0331 0.0000e+00
 206.408223      0.990  35.030260     8.2393     2.5597      0.982    33.5024    26.0623 -9.990e-29
 206.408229      0.866  35.015493     8.1866     3.1042      0.859    33.5371    26.0974 -9.990e-29
 206.408235      0.754  34.968011     8.1233     4.4668      0.748    33.5471    26.1147 -9.990e-29
 206.408241      0.651  34.883356     8.0662     6.1065      0.646    33.5115    26.0952 -9.990e-29
 206.408247      0.560  34.817297     8.0200     7.6479      0.555    33.4853    26.0814 -9.990e-29
 206.408252      0.478  34.819586     7.9938     8.6167      0.474    33.5129    26.1069 -9.990e-29
 206.408258      0.405  34.838957     7.9931     8.9422      0.402    33.5343    26.1238 -9.990e-29
 206.408264      0.345  34.816112     8.0109     8.9388      0.342    33.4928    26.0886 -9.990e-29
 206.408270      0.299  34.672439     8.0380     8.8520      0.297    33.3135    25.9439 -9.990e-29
 206.408275      0.263  34.174388     8.0684     8.7488      0.261    32.7542    25.5004 -9.990e-29
 206.408281      0.234  32.650084     8.0984     8.6251      0.232    31.1115    24.2076 -9.990e-29
 206.408287      0.212  28.073318     8.1275     8.4970      0.210    26.3099    20.4418 -9.990e-29
 206.408293      0.195  19.906269     8.1578     8.3899      0.193    18.0359    13.9679 -9.990e-29
 206.408299      0.182  12.074191     8.1919     8.3417      0.180    10.4709     8.0541 -9.990e-29
 206.408304      0.172   7.597743     8.2296     8.3142      0.171     6.3508     4.8286 -9.990e-29
 206.408310      0.164   5.606895     8.2678     8.2969      0.163     4.5814     3.4396 -9.990e-29
 206.408316      0.157   4.758026     8.3041     8.2758      0.156     3.8408     2.8561 -9.990e-29
 206.408322      0.152   4.392599     8.3373     8.2728      0.151     3.5239     2.6050 -9.990e-29
 206.408328      0.148   4.086135     8.3687     8.2604      0.147     3.2598     2.3954 -9.990e-29
 206.408333      0.145   3.696521     8.4002     8.2465      0.144     2.9277     2.1323 -9.990e-29
 206.408339      0.143   3.362141     8.4324     8.2268      0.142     2.6448     1.9078 -9.990e-29
 206.408345      0.140   3.267168     8.4663     8.2281      0.139     2.5631     1.8411 -9.990e-29
 206.408351      0.138   3.412061     8.5006     8.2308      0.137     2.6813     1.9314 -9.990e-29
 206.408356      0.137   3.559874     8.5298     8.2324      0.136     2.8025     2.0243 -9.990e-29
 206.408362      0.135   3.503074     8.5511     8.2294      0.134     2.7534     1.9842 -9.990e-29
 206.408368      0.133   3.300261     8.5672     8.2236      0.132     2.5833     1.8494 -9.990e-29
 206.408374      0.131   3.098968     8.5821     8.2123      0.130     2.4155     1.7165 -9.990e-29
 206.408380      0.128   2.943815     8.5998     8.2095      0.127     2.2864     1.6138 -9.990e-29
 206.408385      0.125   2.826029     8.6227     8.2155      0.124     2.1882     1.5349 -9.990e-29
 206.408391      0.122   2.789413     8.6478     8.2267      0.121     2.1566     1.5082 -9.990e-29
 206.408397      0.117   2.869481     8.6686     8.2261      0.116     2.2210     1.5572 -9.990e-29
 206.408403      0.112   2.977130     8.6833     8.2269      0.111     2.3084     1.6247 -9.990e-29
 206.408409      0.109   2.976241     8.6944     8.2210      0.108     2.3069     1.6227 -9.990e-29
 206.408414      0.112   2.878390     8.7021     8.2171      0.111     2.2262     1.5587 -9.990e-29
 206.408420      0.119   2.824996     8.7065     8.2218      0.118     2.1822     1.5238 -9.990e-29
 206.408426      0.125   2.889687     8.7096     8.2318      0.124     2.2349     1.5650 -9.990e-29
 206.408432      0.130   3.046643     8.7136     8.2503      0.129     2.3635     1.6657 -9.990e-29
 206.408437      0.134   3.217150     8.7192     8.2508      0.133     2.5036     1.7752 -9.990e-29
 206.408443      0.138   3.292816     8.7254     8.2547      0.137     2.5657     1.8234 -9.990e-29
 206.408449      0.143   3.250222     8.7320     8.2445      0.142     2.5300     1.7949 -9.990e-29
 206.408455      0.148   3.162998     8.7381     8.2347      0.147     2.4577     1.7376 -9.990e-29
 206.408461      0.153   3.102425     8.7424     8.2269      0.152     2.4075     1.6979 -9.990e-29
 206.408466      0.160   3.098172     8.7454     8.2290      0.159     2.4038     1.6948 -9.990e-29
 206.408472      0.164   3.145680     8.7474     8.2434      0.163     2.4427     1.7252 -9.990e-29
 206.408478      0.161   3.201745     8.7477     8.2581      0.160     2.4889     1.7614 -9.990e-29
 206.408484      0.155   3.182406     8.7480     8.2603      0.154     2.4730     1.7489 -9.990e-29
 206.408490      0.151   3.057437     8.7509     8.2594      0.150     2.3699     1.6678 -9.990e-29
 206.408495      0.147   2.904935     8.7563     8.2632      0.146     2.2445     1.5689 -9.990e-29
 206.408501      0.145   2.816209     8.7617     8.2442      0.144     2.1716     1.5113 -9.990e-29
 206.408507      0.143   2.833306     8.7648     8.2363      0.142     2.1854     1.5219 -9.990e-29
 206.408513      0.141   2.958493     8.7649     8.2279      0.140     2.2878     1.6023 -9.990e-29
