data/oxygen options/OCNMS/OCNMS1/raw_data/2013/CAST_KL015_130828faed.cnv
* Sea-Bird SBE19 Data File:
* FileName = C:\2013 Mooring Data\2nd Service\Casts\CAST_KL015_130828.hex
* Software Version 1.59
* Temperature SN = 2997
* Conductivity SN = 2997
* System UpLoad Time = Aug 28 2013 15:41:36
** CAST_KL015_130828
* ds
# nquan = 9                                 
# nvalues = 961                         
# units = specified
# name 0 = timeJ: Julian Days
# name 1 = prSM: Pressure, Strain Gauge [db]
# name 2 = c0mS/cm: Conductivity [mS/cm]
# name 3 = t090C: Temperature [ITS-90, deg C]
# name 4 = sbeox0ML/L: Oxygen, SBE 43 [ml/l]
# name 5 = depSM: Depth [salt water, m], lat = 47.5
# name 6 = sal00: Salinity, Practical [PSU]
# name 7 = sigma-é00: Density [sigma-theta, kg/m^3]
# name 8 = flag: flag
# span 0 = 240.398715, 240.404271       
# span 1 =     -5.526,     16.338       
# span 2 =   0.108541,  39.599464       
# span 3 =    14.5349,    16.5096       
# span 4 =    -1.7177,    11.5186       
# span 5 =     -5.480,     16.201       
# span 6 =     0.0638,    32.2193       
# span 7 =    -1.0792,    23.9277       
# span 8 = 0.0000e+00, 0.0000e+00       
# interval = seconds: 0.5
# start_time = Aug 28 2013 09:34:09 [Instrument's time stamp, header]
# bad_flag = -9.990e-29
*END*
[from data line 481]
 240.401499     -0.473   0.123664    16.4417    -1.7042     -0.469     0.0721    -1.0727 -9.990e-29
 240.401505     -0.467   0.123451    16.4397    -1.4373     -0.463     0.0720    -1.0725 -9.990e-29
 240.401510     -0.456   0.123379    16.4381    -1.4447     -0.452     0.0720    -1.0723 -9.990e-29
 240.401516     -0.431   0.124459    16.4365    -1.4471     -0.427     0.0726    -1.0715 -9.990e-29
 240.401522     -0.400   0.128687    16.4338    -1.4475     -0.397     0.0750    -1.0692 -9.990e-29
 240.401528     -0.369   0.141700    16.4292    -1.4478     -0.366     0.0823    -1.0628 -9.990e-29
 240.401534     -0.335   0.180848    16.4208    -1.4477     -0.332     0.1045    -1.0443 -9.990e-29
 240.401539     -0.297   0.298327    16.4001    -1.4548     -0.295     0.1725    -0.9882 -9.990e-29
 240.401545     -0.252   0.650775    16.3415    -1.4483     -0.250     0.3841    -0.8152 -9.990e-29
 240.401551     -0.198   1.708677    16.1731    -1.4473     -0.196     1.0554    -0.2701 -9.990e-29
 240.401557     -0.131   4.883675    15.8267    -1.4471     -0.130     3.2336     1.4603 -9.990e-29
 240.401563     -0.046  13.731575    15.4067    -1.4470     -0.046     9.9199     6.6512 -9.990e-29
 240.401568      0.057  26.500432    15.1075    -1.4470      0.057    20.4646    14.7781 -9.990e-29
 240.401574      0.172  34.979343    14.9625    -1.4467      0.171    27.8990    20.5130 -9.990e-29
 240.401580      0.294  37.899630    14.9001    -1.4466      0.292    30.5454    22.5616 -9.990e-29
 240.401586      0.421  38.891871    14.8767    -1.4463      0.417    31.4554    23.2672 -9.990e-29
 240.401591      0.545  39.200312    14.8726    -1.4462      0.540    31.7367    23.4846 -9.990e-29
 240.401597      0.648  39.193898    14.8766    -1.4465      0.643    31.7276    23.4768 -9.990e-29
 240.401603      0.724  39.128278    14.8802    -1.4468      0.718    31.6655    23.4282 -9.990e-29
 240.401609      0.781  39.233957    14.8786    -1.4466      0.774    31.7620    23.5029 -9.990e-29
 240.401615      0.829  39.393255    14.8732    -1.4466      0.822    31.9101    23.6181 -9.990e-29
 240.401620      0.868  39.475930    14.8707    -1.4471      0.861    31.9868    23.6777 -9.990e-29
 240.401626      0.903  39.521896    14.8737    -1.4471      0.895    32.0258    23.7071 -9.990e-29
 240.401632      0.932  39.549578    14.8770    -1.4463      0.924    32.0481    23.7236 -9.990e-29
 240.401638      0.951  39.565913    14.8782    -1.4464      0.943    32.0619    23.7339 -9.990e-29
 240.401644      0.966  39.581202    14.8787    -1.4471      0.958    32.0753    23.7441 -9.990e-29
 240.401649      0.982  39.596508    14.8763    -1.4472      0.974    32.0911    23.7568 -9.990e-29
 240.401655      1.000  39.599464    14.8706    -1.4467      0.992    32.0984    23.7637 -9.990e-29
 240.401661      1.023  39.590939    14.8654    -1.4471      1.014    32.0950    23.7622 -9.990e-29
 240.401667      1.046  39.587870    14.8636    -1.4470      1.037    32.0937    23.7615 -9.990e-29
 240.401672      1.062  39.592616    14.8653    -1.4472      1.053    32.0966    23.7634 -9.990e-29
 240.401678      1.074  39.587137    14.8683    -1.4471      1.065    32.0891    23.7570 -9.990e-29
 240.401684      1.085  39.571138    14.8702    -1.4473      1.076    32.0731    23.7443 -9.990e-29
 240.401690      1.092  39.572888    14.8719    -1.4472      1.083    32.0733    23.7441 -9.990e-29
 240.401696      1.091  39.591084    14.8746    -1.4476      1.082    32.0875    23.7545 -9.990e-29
 240.401701      1.087  39.585840    14.8754    -1.4481      1.078    32.0821    23.7501 -9.990e-29
 240.401707      1.088  39.555493    14.8729    -1.4477      1.079    32.0568    23.7311 -9.990e-29
 240.401713      1.094  39.541678    14.8710    -1.4476      1.085    32.0459    23.7231 -9.990e-29
 240.401719      1.096  39.548116    14.8722    -1.4474      1.087    32.0507    23.7266 -9.990e-29
 240.401725      1.092  39.546136    14.8748    -1.4478      1.083    32.0468    23.7230 -9.990e-29
 240.401730      1.083  39.532264    14.8758    -1.4492      1.074    32.0334    23.7125 -9.990e-29
 240.401736      1.079  39.516869    14.8724    -1.4483      1.070    32.0223    23.7047 -9.990e-29
 240.401742      1.084  39.507169    14.8655    -1.4480      1.075    32.0192    23.7038 -9.990e-29
 240.401748      1.098  39.506207    14.8600    -1.4478      1.089    32.0229    23.7078 -9.990e-29
 240.401753      1.117  39.505144    14.8595    -1.4478      1.108    32.0223    23.7074 -9.990e-29
 240.401759      1.130  39.491642    14.8625    -1.4480      1.121    32.0076    23.6955 -9.990e-29
 240.401765      1.129  39.474876    14.8643    -1.4486      1.120    31.9910    23.6823 -9.990e-29
 240.401771      1.123  39.469759    14.8613    -1.4481      1.114    31.9889    23.6813 -9.990e-29
 240.401777      1.123  39.471998    14.8554    -1.4479      1.114    31.9957    23.6878 -9.990e-29
 240.401782      1.131  39.468617    14.8514    -1.4479      1.122    31.9959    23.6889 -9.990e-29
 240.401788      1.134  39.442509    14.8515    -1.4479      1.125    31.9723    23.6706 -9.990e-29
 240.401794      1.123  39.414057    14.8542    -1.4480      1.114    31.9444    23.6485 -9.990e-29
 240.401800      1.107  39.419564    14.8563    -1.4479      1.098    31.9476    23.6506 -9.990e-29
 240.401806      1.097  39.439768    14.8548    -1.4478      1.088    31.9671    23.6659 -9.990e-29
 240.401811      1.096  39.449791    14.8507    -1.4478      1.087    31.9795    23.6764 -9.990e-29
 240.401817      1.100  39.451520    14.8480    -1.4478      1.091    31.9833    23.6798 -9.990e-29
 240.401823      1.102  39.444185    14.8489    -1.4477      1.093    31.9759    23.6740 -9.990e-29
 240.401829      1.097  39.436779    14.8513    -1.4476      1.088    31.9673    23.6668 -9.990e-29
 240.401834      1.089  39.442124    14.8519    -1.4478      1.080    31.9716    23.6700 -9.990e-29
 240.401840      1.086  39.451949    14.8509    -1.4477      1.077    31.9813    23.6777 -9.990e-29
 240.401846      1.091  39.458914    14.8505    -1.4477      1.082    31.9879    23.6829 -9.990e-29
 240.401852      1.102  39.463629    14.8513    -1.4476      1.093    31.9915    23.6855 -9.990e-29
 240.401858      1.110  39.465944    14.8522    -1.4476      1.101    31.9929    23.6863 -9.990e-29
 240.401863      1.115  39.469231    14.8530     9.0698      1.106    31.9952    23.6879 -9.990e-29
 240.401869      1.123  39.473119    14.8540    11.2381      1.114    31.9979    23.6898 -9.990e-29
 240.401875      1.130  39.476355    14.8550    11.5186      1.121    32.0000    23.6912 -9.990e-29
 240.401881      1.135  39.480178    14.8559    10.2242      1.126    32.0027    23.6931 -9.990e-29
 240.401887      1.144  39.484932    14.8568     7.1306      1.134    32.0062    23.6956 -9.990e-29
 240.401892      1.153  39.486598    14.8578     7.2974      1.143    32.0069    23.6960 -9.990e-29
 240.401898      1.158  39.484326    14.8587     7.4235      1.148    32.0041    23.6936 -9.990e-29
 240.401904      1.159  39.483217    14.8593     7.4142      1.149    32.0026    23.6923 -9.990e-29
 240.401910      1.157  39.482638    14.8598     7.3729      1.147    32.0017    23.6915 -9.990e-29
 240.401916      1.156  39.478183    14.8596     7.3206      1.146    31.9978    23.6886 -9.990e-29
 240.401921      1.160  39.463639    14.8581     7.3034      1.150    31.9859    23.6797 -9.990e-29
 240.401927      1.164  39.441752    14.8566     7.3410      1.154    31.9674    23.6658 -9.990e-29
 240.401933      1.166  39.427321    14.8564     7.4939      1.156    31.9545    23.6559 -9.990e-29
 240.401939      1.165  39.423238    14.8570     8.0566      1.155    31.9504    23.6526 -9.990e-29
 240.401944      1.160  39.421546    14.8576     8.3538      1.150    31.9483    23.6509 -9.990e-29
 240.401950      1.157  39.418594    14.8578     8.7365      1.147    31.9455    23.6487 -9.990e-29
 240.401956      1.158  39.415775    14.8582     8.8119      1.148    31.9426    23.6464 -9.990e-29
 240.401962      1.160  39.414660    14.8593     8.6446      1.150    31.9407    23.6446 -9.990e-29
 240.401968      1.159  39.414048    14.8602     8.3433      1.149    31.9394    23.6435 -9.990e-29
 240.401973      1.159  39.412290    14.8592     8.1434      1.149    31.9387    23.6431 -9.990e-29
 240.401979      1.164  39.409569    14.8576     8.1483      1.154    31.9375    23.6425 -9.990e-29
 240.401985      1.169  39.407025    14.8573     8.1756      1.159    31.9355    23.6410 -9.990e-29
 240.401991      1.168  39.406035    14.8582     8.2308      1.158    31.9338    23.6396 -9.990e-29
 240.401997      1.156  39.406685    14.8598     8.3715      1.146    31.9331    23.6387 -9.990e-29
 240.402002      1.139  39.406768    14.8615     8.4546      1.129    31.9318    23.6373 -9.990e-29
 240.402008      1.131  39.405000    14.8623     8.5131      1.122    31.9296    23.6354 -9.990e-29
 240.402014      1.135  39.402112    14.8623     8.4862      1.126    31.9270    23.6334 -9.990e-29
 240.402020      1.147  39.399584    14.8624     8.4538      1.137    31.9246    23.6316 -9.990e-29
 240.402025      1.159  39.398252    14.8628     8.4099      1.149    31.9230    23.6303 -9.990e-29
 240.402031      1.167  39.397746    14.8634     8.3741      1.157    31.9221    23.6294 -9.990e-29
 240.402037      1.172  39.397678    14.8636     8.4040      1.162    31.9219    23.6292 -9.990e-29
 240.402043      1.175  39.397684    14.8632     5.4736      1.165    31.9222    23.6295 -9.990e-29
 240.402049      1.180  39.396939    14.8627     4.9917      1.170    31.9219    23.6295 -9.990e-29
 240.402054      1.191  39.395294    14.8627     5.0009      1.181    31.9204    23.6283 -9.990e-29
 240.402060      1.205  39.393645    14.8633     5.4711      1.195    31.9185    23.6266 -9.990e-29
 240.402066      1.214  39.392880    14.8637     6.4330      1.204    31.9174    23.6258 -9.990e-29
 240.402072      1.215  39.392826    14.8637     6.4298      1.205    31.9174    23.6257 -9.990e-29
 240.402078      1.211  39.392577    14.8637     6.4309      1.201    31.9172    23.6256 -9.990e-29
 240.402083      1.208  39.392087    14.8639     6.4264      1.198    31.9166    23.6251 -9.990e-29
 240.402089      1.204  39.391551    14.8640     6.4265      1.194    31.9160    23.6246 -9.990e-29
 240.402095      1.204  39.390540    14.8631     6.4220      1.194    31.9158    23.6247 -9.990e-29
 240.402101      1.212  39.389113    14.8620     6.4206      1.202    31.9154    23.6246 -9.990e-29
 240.402106      1.220  39.387895    14.8618     6.4122      1.210    31.9145    23.6239 -9.990e-29
 240.402112      1.219  39.387228    14.8621     6.4214      1.209    31.9136    23.6232 -9.990e-29
 240.402118      1.215  39.387068    14.8623     6.4247      1.205    31.9133    23.6229 -9.990e-29
 240.402124      1.210  39.386928    14.8621     6.4211      1.200    31.9134    23.6230 -9.990e-29
 240.402130      1.206  39.386350    14.8620     6.4320      1.196    31.9129    23.6227 -9.990e-29
 240.402135      1.201  39.385410    14.8624     6.4354      1.191    31.9118    23.6217 -9.990e-29
 240.402141      1.196  39.384822    14.8631     6.4425      1.186    31.9107    23.6207 -9.990e-29
 240.402147      1.189  39.384647    14.8641     6.4387      1.179    31.9097    23.6197 -9.990e-29
 240.402153      1.185  39.383817    14.8653     6.4342      1.175    31.9080    23.6181 -9.990e-29
 240.402159      1.188  39.382074    14.8662     6.4321      1.178    31.9057    23.6162 -9.990e-29
 240.402164      1.194  39.380179    14.8665     6.4317      1.184    31.9037    23.6146 -9.990e-29
 240.402170      1.198  39.379255    14.8669     6.4372      1.188    31.9025    23.6136 -9.990e-29
 240.402176      1.202  39.379476    14.8677     6.4281      1.192    31.9021    23.6131 -9.990e-29
 240.402182      1.204  39.379742    14.8680     6.4314      1.194    31.9021    23.6130 -9.990e-29
 240.402188      1.206  39.379573    14.8666     6.4315      1.196    31.9031    23.6141 -9.990e-29
 240.402193      1.208  39.379032    14.8630     6.4364      1.198    31.9055    23.6167 -9.990e-29
 240.402199      1.209  39.378244    14.8579     6.4397      1.199    31.9090    23.6205 -9.990e-29
 240.402205      1.211  39.377566    14.8530     6.4278      1.201    31.9124    23.6242 -9.990e-29
 240.402211      1.212  39.376940    14.8493     6.4252      1.202    31.9148    23.6268 -9.990e-29
 240.402216      1.213  39.376141    14.8492     6.4236      1.203    31.9142    23.6264 -9.990e-29
 240.402222      1.213  39.375350    14.8524     6.4355      1.203    31.9109    23.6231 -9.990e-29
 240.402228      1.214  39.375037    14.8551     6.4512      1.204    31.9084    23.6206 -9.990e-29
 240.402234      1.215  39.375313    14.8562     6.4373      1.205    31.9077    23.6199 -9.990e-29
 240.402240      1.216  39.375724    14.8569     6.4329      1.206    31.9075    23.6196 -9.990e-29
 240.402245      1.217  39.375601    14.8572     6.4331      1.207    31.9072    23.6192 -9.990e-29
 240.402251      1.219  39.375248    14.8576     6.4332      1.209    31.9065    23.6187 -9.990e-29
 240.402257      1.221  39.375781    14.8585     6.4485      1.211    31.9063    23.6183 -9.990e-29
 240.402263      1.223  39.376693    14.8593     6.4391      1.213    31.9064    23.6182 -9.990e-29
 240.402269      1.227  39.376866    14.8591     6.4257      1.217    31.9067    23.6185 -9.990e-29
 240.402274      1.231  39.376439    14.8575     6.4273      1.221    31.9077    23.6196 -9.990e-29
 240.402280      1.236  39.375867    14.8556     6.4218      1.226    31.9087    23.6208 -9.990e-29
 240.402286      1.238  39.375412    14.8554     6.4363      1.228    31.9085    23.6206 -9.990e-29
 240.402292      1.233  39.375492    14.8565     6.4456      1.223    31.9076    23.6198 -9.990e-29
 240.402297      1.225  39.376119    14.8567     6.4304      1.215    31.9080    23.6200 -9.990e-29
 240.402303      1.218  39.376354    14.8554     6.4328      1.208    31.9093    23.6213 -9.990e-29
 240.402309      1.212  39.375857    14.8539     6.4344      1.202    31.9101    23.6222 -9.990e-29
 240.402315      1.205  39.375551    14.8533     6.4310      1.195    31.9103    23.6225 -9.990e-29
 240.402321      1.198  39.376055    14.8532     6.4394      1.188    31.9109    23.6229 -9.990e-29
 240.402326      1.189  39.376825    14.8527     6.4376      1.179    31.9120    23.6239 -9.990e-29
 240.402332      1.184  39.376552    14.8509     6.4268      1.174    31.9132    23.6252 -9.990e-29
 240.402338      1.185  39.375338    14.8483     6.4205      1.175    31.9142    23.6266 -9.990e-29
 240.402344      1.189  39.374831    14.8467     6.4181      1.179    31.9151    23.6276 -9.990e-29
 240.402350      1.191  39.375378    14.8469     6.4199      1.181    31.9154    23.6278 -9.990e-29
 240.402355      1.192  39.375936    14.8480     6.4241      1.182    31.9150    23.6272 -9.990e-29
 240.402361      1.192  39.376031    14.8488     6.4308      1.182    31.9144    23.6266 -9.990e-29
 240.402367      1.190  39.376256    14.8492     6.4214      1.180    31.9143    23.6265 -9.990e-29
 240.402373      1.186  39.376818    14.8495     6.4199      1.176    31.9146    23.6266 -9.990e-29
 240.402378      1.181  39.377252    14.8499     6.4241      1.171    31.9146    23.6266 -9.990e-29
 240.402384      1.174  39.377481    14.8503     6.4199      1.164    31.9145    23.6264 -9.990e-29
 240.402390      1.165  39.377715    14.8507     6.4175      1.155    31.9144    23.6262 -9.990e-29
 240.402396      1.156  39.378172    14.8509     6.4207      1.146    31.9147    23.6264 -9.990e-29
 240.402402      1.157  39.378807    14.8508     6.4258      1.147    31.9153    23.6269 -9.990e-29
 240.402407      1.167  39.379253    14.8506     6.4190      1.157    31.9159    23.6274 -9.990e-29
 240.402413      1.179  39.379449    14.8507     6.4234      1.169    31.9160    23.6274 -9.990e-29
