data/oxygen options/OCNMS/OCNMS1/raw_data/2013/CAST_CE015_130725faed.cnv
* Sea-Bird SBE19 Data File:
* FileName = C:\2013 Mooring Data\1st Service\Casts\CAST_CE015_130725.hex
* Software Version 1.59
* Temperature SN = 2997
* Conductivity SN = 2997
* System UpLoad Time = Jul 25 2013 15:12:43
** CAST_CE015_130725
* ds
# nquan = 9                                 
# nvalues = 1014                        
# units = specified
# name 0 = timeJ: Julian Days
# name 1 = prSM: Pressure, Strain Gauge [db]
# name 2 = c0mS/cm: Conductivity [mS/cm]
# name 3 = t090C: Temperature [ITS-90, deg C]
# name 4 = sbeox0ML/L: Oxygen, SBE 43 [ml/l]
# name 5 = depSM: Depth [salt water, m], lat = 47.5
# name 6 = sal00: Salinity, Practical [PSU]
# name 7 = sigma-é00: Density [sigma-theta, kg/m^3]
# name 8 = flag: flag
# span 0 = 206.402963, 206.408825       
# span 1 =     -5.414,     14.015       
# span 2 =   0.093789,  35.508475       
# span 3 =     7.4924,    11.7944       
# span 4 =    -1.8885,     8.9422       
# span 5 =     -5.369,     13.898       
# span 6 =     0.0609,    33.8743       
# span 7 =    -0.4275,    26.3468       
# span 8 = 0.0000e+00, 0.0000e+00       
# interval = seconds: 0.5
# start_time = Jul 25 2013 09:40:16 [Instrument's time stamp, header]
# bad_flag = -9.990e-29
*END*
[from data line 961]
 206.408524      0.139   3.231738     8.7708     8.2514      0.138     2.5120     1.7778 -9.990e-29
 206.408530      0.138   3.202527     8.7780     8.2254      0.137     2.4875     1.7579 -9.990e-29
 206.408536      0.137   3.069550     8.7828     8.2201      0.136     2.3778     1.6714 -9.990e-29
 206.408542      0.136   2.927418     8.7853     8.2252      0.135     2.2611     1.5797 -9.990e-29
 206.408547      0.135   2.847616     8.7874     8.2468      0.134     2.1957     1.5282 -9.990e-29
 206.408553      0.135   2.831405     8.7891     8.2577      0.134     2.1824     1.5176 -9.990e-29
 206.408559      0.134   2.884543     8.7905     8.2601      0.133     2.2257     1.5515 -9.990e-29
 206.408565      0.133   3.027368     8.7928     8.2577      0.132     2.3425     1.6430 -9.990e-29
 206.408571      0.132   3.206341     8.7968     8.2515      0.131     2.4893     1.7579 -9.990e-29
 206.408576      0.130   3.310492     8.8017     8.2465      0.129     2.5748     1.8246 -9.990e-29
 206.408582      0.129   3.310538     8.8056     8.2098      0.128     2.5746     1.8241 -9.990e-29
 206.408588      0.126   3.345836     8.8069     8.2273      0.125     2.6036     1.8468 -9.990e-29
 206.408594      0.124   3.498958     8.8072     8.2367      0.123     2.7303     1.9461 -9.990e-29
 206.408600      0.120   3.598309     8.8082     8.2313      0.119     2.8126     2.0106 -9.990e-29
 206.408605      0.115   3.492174     8.8094     8.2440      0.114     2.7245     1.9414 -9.990e-29
 206.408611      0.110   3.268280     8.8107     8.2564      0.109     2.5393     1.7960 -9.990e-29
 206.408617      0.106   3.095426     8.8124     8.2480      0.105     2.3970     1.6842 -9.990e-29
 206.408623      0.110   3.031166     8.8157     8.2418      0.109     2.3441     1.6424 -9.990e-29
 206.408628      0.115   3.041426     8.8213     8.2331      0.114     2.3521     1.6483 -9.990e-29
 206.408634      0.120   3.134893     8.8276     8.2134      0.119     2.4284     1.7077 -9.990e-29
 206.408640      0.124   3.354617     8.8306     8.2191      0.123     2.6091     1.8492 -9.990e-29
 206.408646      0.126   3.571197     8.8306     8.2338      0.125     2.7884     1.9897 -9.990e-29
 206.408652      0.128   3.595521     8.8300     8.2501      0.127     2.8086     2.0057 -9.990e-29
 206.408657      0.130   3.498899     8.8283     8.2535      0.129     2.7286     1.9431 -9.990e-29
 206.408663      0.131   3.397858     8.8259     8.2416      0.130     2.6452     1.8779 -9.990e-29
 206.408669      0.132   3.299764     8.8242     8.2294      0.131     2.5643     1.8146 -9.990e-29
 206.408675      0.133   3.273061     8.8248     8.2408      0.132     2.5423     1.7972 -9.990e-29
 206.408681      0.134   3.359287     8.8279     8.2539      0.133     2.6132     1.8526 -9.990e-29
 206.408686      0.134   3.497484     8.8313     8.2664      0.133     2.7272     1.9417 -9.990e-29
 206.408692      0.135   3.650467     8.8341     8.2412      0.134     2.8539     2.0408 -9.990e-29
 206.408698      0.135   3.764648     8.8363     8.2284      0.134     2.9487     2.1150 -9.990e-29
 206.408704      0.136   3.750238     8.8368     8.2289      0.135     2.9366     2.1055 -9.990e-29
 206.408709      0.136   3.618005     8.8361     8.2368      0.135     2.8268     2.0194 -9.990e-29
 206.408715      0.136   3.471411     8.8347     8.2514      0.135     2.7054     1.9243 -9.990e-29
 206.408721      0.137   3.421388     8.8324     8.2602      0.136     2.6642     1.8922 -9.990e-29
 206.408727      0.137   3.480611     8.8314     8.2622      0.136     2.7132     1.9308 -9.990e-29
 206.408733      0.137   3.519351     8.8321     8.2462      0.136     2.7453     1.9558 -9.990e-29
 206.408738      0.138   3.434402     8.8335     8.2453      0.137     2.6748     1.9005 -9.990e-29
 206.408744      0.138   3.307312     8.8383     8.2386      0.137     2.5695     1.8175 -9.990e-29
 206.408750      0.139   3.298303     8.8464     8.2403      0.138     2.5615     1.8106 -9.990e-29
 206.408756      0.140   3.422554     8.8542     8.2464      0.139     2.6635     1.8900 -9.990e-29
 206.408762      0.141   3.534379     8.8599     8.2435      0.140     2.7556     1.9617 -9.990e-29
 206.408767      0.142   3.539779     8.8644     8.2475      0.141     2.7597     1.9646 -9.990e-29
 206.408773      0.144   3.454282     8.8684 -9.990e-29      0.143     2.6887     1.9085 -9.990e-29
 206.408779      0.146   3.312644     8.8725 -9.990e-29      0.145     2.5715     1.8163 -9.990e-29
 206.408785      0.149   3.184646     8.8772 -9.990e-29      0.148     2.4659     1.7331 -9.990e-29
 206.408791      0.153   3.158793     8.8814 -9.990e-29      0.152     2.4444     1.7159 -9.990e-29
 206.408796      0.158   3.241124     8.8848 -9.990e-29      0.157     2.5117     1.7685 -9.990e-29
 206.408802      0.164   3.335529     8.8887 -9.990e-29      0.163     2.5892     1.8289 -9.990e-29
 206.408808      0.172   3.359766     8.8933 -9.990e-29      0.171     2.6088     1.8439 -9.990e-29
 206.408814      0.178   3.310079     8.8982 -9.990e-29      0.177     2.5675     1.8112 -9.990e-29
 206.408819      0.178   3.240650     8.9007 -9.990e-29      0.177     2.5102     1.7660 -9.990e-29
 206.408825      0.177   3.212079 -9.990e-29 -9.990e-29      0.176 -9.990e-29 -9.990e-29 -9.990e-29
