data/oxygen options/OCNMS/OCNMS1/raw_data/2013/CAST_MB015_130724faed.cnv
* Sea-Bird SBE19 Data File:
* FileName = C:\2013 Mooring Data\1st Service\CAST_MB015_130724.hex
* Software Version 1.59
* Temperature SN = 2997
* Conductivity SN = 2997
* System UpLoad Time = Jul 24 2013 18:35:29
** CAST_MB015_130724
* ds
# nquan = 9                                 
# nvalues = 1108                        
# units = specified
# name 0 = timeJ: Julian Days
# name 1 = prSM: Pressure, Strain Gauge [db]
# name 2 = c0mS/cm: Conductivity [mS/cm]
# name 3 = t090C: Temperature [ITS-90, deg C]
# name 4 = sbeox0ML/L: Oxygen, SBE 43 [ml/l]
# name 5 = depSM: Depth [salt water, m], lat = 47.5
# name 6 = sal00: Salinity, Practical [PSU]
# name 7 = sigma-é00: Density [sigma-theta, kg/m^3]
# name 8 = flag: flag
# span 0 = 205.532106, 205.538513       
# span 1 =     -5.585,     15.163       
# span 2 =   0.170576,  36.549061       
# span 3 =     7.6473,    14.2182       
# span 4 =    -1.8059,    11.6348       
# span 5 =     -5.538,     15.036       
# span 6 =     0.1035,    33.7196       
# span 7 =    -0.6976,    26.1339       
# span 8 = 0.0000e+00, 0.0000e+00       
# interval = seconds: 0.5
# start_time = Jul 24 2013 12:46:14 [Instrument's time stamp, header]
# bad_flag = -9.990e-29
*END*
 205.532106     -5.551 -9.990e-29    14.1262    -1.7822     -5.505 -9.990e-29 -9.990e-29 -9.990e-29
 205.532112     -5.560   0.172293    14.1276    -1.7820     -5.514     0.1046    -0.6905 -9.990e-29
 205.532118     -5.571   0.172293    14.1269    -1.7821     -5.525     0.1046    -0.6904 -9.990e-29
 205.532124     -5.585   0.172293    14.1245    -1.7821     -5.538     0.1047    -0.6901 -9.990e-29
 205.532130     -5.585   0.172293    14.1214    -1.7820     -5.538     0.1047    -0.6896 -9.990e-29
 205.532135     -5.556   0.172293    14.1188    -1.7819     -5.510     0.1047    -0.6892 -9.990e-29
 205.532141     -5.511   0.172293    14.1174    -1.7820     -5.465     0.1047    -0.6890 -9.990e-29
 205.532147     -5.471   0.172292    14.1173    -1.7819     -5.425     0.1047    -0.6890 -9.990e-29
 205.532153     -5.439   0.172291    14.1181    -1.7819     -5.394     0.1047    -0.6891 -9.990e-29
 205.532159     -5.416   0.172290    14.1196    -1.7819     -5.371     0.1047    -0.6894 -9.990e-29
 205.532164     -5.390   0.172286    14.1216    -1.7819     -5.345     0.1047    -0.6896 -9.990e-29
 205.532170     -5.355   0.172277    14.1233    -1.7819     -5.310     0.1046    -0.6899 -9.990e-29
 205.532176     -5.319   0.172249    14.1245    -1.7821     -5.275     0.1046    -0.6901 -9.990e-29
 205.532182     -5.291   0.172166    14.1258    -1.7821     -5.247     0.1046    -0.6903 -9.990e-29
 205.532187     -5.270   0.171919    14.1270    -1.7822     -5.226     0.1044    -0.6906 -9.990e-29
 205.532193     -5.250   0.171733    14.1279    -1.7821     -5.206     0.1043    -0.6908 -9.990e-29
 205.532199     -5.229   0.171914    14.1288    -1.7820     -5.185     0.1044    -0.6908 -9.990e-29
 205.532205     -5.208   0.172150    14.1295    -1.7819     -5.165     0.1046    -0.6908 -9.990e-29
 205.532211     -5.183   0.172204    14.1299    -1.7819     -5.140     0.1046    -0.6909 -9.990e-29
 205.532216     -5.154   0.172149    14.1297    -1.7818     -5.111     0.1046    -0.6909 -9.990e-29
 205.532222     -5.124   0.171912    14.1285    -1.7819     -5.081     0.1044    -0.6908 -9.990e-29
 205.532228     -5.093   0.171730    14.1265    -1.7818     -5.051     0.1043    -0.6906 -9.990e-29
 205.532234     -5.061   0.171915    14.1248    -1.7818     -5.019     0.1044    -0.6903 -9.990e-29
 205.532240     -5.030   0.172161    14.1242    -1.7817     -4.988     0.1046    -0.6901 -9.990e-29
 205.532245     -5.002   0.172243    14.1252    -1.7816     -4.960     0.1046    -0.6902 -9.990e-29
 205.532251     -4.975   0.172270    14.1276    -1.7816     -4.934     0.1046    -0.6905 -9.990e-29
 205.532257     -4.947   0.172279    14.1303    -1.7815     -4.906     0.1046    -0.6909 -9.990e-29
 205.532263     -4.918   0.172281    14.1325    -1.7815     -4.877     0.1046    -0.6912 -9.990e-29
 205.532269     -4.888   0.172281    14.1335    -1.7816     -4.847     0.1046    -0.6913 -9.990e-29
 205.532274     -4.861   0.172280    14.1340    -1.7815     -4.820     0.1046    -0.6914 -9.990e-29
 205.532280     -4.834   0.172276    14.1352    -1.7814     -4.794     0.1046    -0.6916 -9.990e-29
 205.532286     -4.807   0.172265    14.1371    -1.7813     -4.767     0.1046    -0.6919 -9.990e-29
 205.532292     -4.777   0.172233    14.1394    -1.7813     -4.737     0.1046    -0.6922 -9.990e-29
 205.532297     -4.746   0.172137    14.1416    -1.7812     -4.706     0.1045    -0.6926 -9.990e-29
 205.532303     -4.718   0.171851    14.1435    -1.7811     -4.679     0.1043    -0.6930 -9.990e-29
 205.532309     -4.690   0.171546    14.1450    -1.7811     -4.651     0.1042    -0.6933 -9.990e-29
 205.532315     -4.661   0.171370    14.1460    -1.7812     -4.622     0.1040    -0.6935 -9.990e-29
 205.532321     -4.628   0.171089    14.1469    -1.7811     -4.589     0.1039    -0.6938 -9.990e-29
 205.532326     -4.594   0.170883    14.1484    -1.7811     -4.556     0.1037    -0.6941 -9.990e-29
 205.532332     -4.565   0.171034    14.1503    -1.7810     -4.527     0.1038    -0.6943 -9.990e-29
 205.532338     -4.544   0.171189    14.1526    -1.7808     -4.506     0.1039    -0.6946 -9.990e-29
 205.532344     -4.525   0.171003    14.1551    -1.7808     -4.487     0.1038    -0.6950 -9.990e-29
 205.532350     -4.503   0.170781    14.1574    -1.7808     -4.465     0.1037    -0.6954 -9.990e-29
 205.532355     -4.480   0.170783    14.1589    -1.7809     -4.443     0.1037    -0.6957 -9.990e-29
 205.532361     -4.459   0.171010    14.1595    -1.7808     -4.422     0.1038    -0.6956 -9.990e-29
 205.532367     -4.439   0.171212    14.1597    -1.7809     -4.402     0.1039    -0.6956 -9.990e-29
 205.532373     -4.419   0.171106    14.1606    -1.7807     -4.382     0.1039    -0.6957 -9.990e-29
 205.532378     -4.397   0.171104    14.1627    -1.7808     -4.360     0.1038    -0.6960 -9.990e-29
 205.532384     -4.372   0.171206    14.1658    -1.7810     -4.336     0.1039    -0.6964 -9.990e-29
 205.532390     -4.342   0.170994    14.1691    -1.7812     -4.306     0.1038    -0.6970 -9.990e-29
 205.532396     -4.311   0.170738    14.1710    -1.7815     -4.275     0.1036    -0.6974 -9.990e-29
 205.532402     -4.284   0.170653    14.1712    -1.7815     -4.248     0.1036    -0.6975 -9.990e-29
 205.532407     -4.263   0.170624    14.1708    -1.7817     -4.227     0.1035    -0.6974 -9.990e-29
 205.532413     -4.249   0.170614    14.1709    -1.7816     -4.214     0.1035    -0.6974 -9.990e-29
 205.532419     -4.235   0.170610    14.1716    -1.7823     -4.200     0.1035    -0.6975 -9.990e-29
 205.532425     -4.216   0.170609    14.1718    -1.7832     -4.181     0.1035    -0.6976 -9.990e-29
 205.532431     -4.195   0.170608    14.1697    -1.7837     -4.160     0.1035    -0.6973 -9.990e-29
 205.532436     -4.175   0.170607    14.1652    -1.7840     -4.140     0.1035    -0.6966 -9.990e-29
 205.532442     -4.156   0.170607    14.1593    -1.7841     -4.121     0.1036    -0.6958 -9.990e-29
 205.532448     -4.135   0.170606    14.1534    -1.7842     -4.101     0.1036    -0.6949 -9.990e-29
 205.532454     -4.112   0.170606    14.1484    -1.7844     -4.078     0.1036    -0.6942 -9.990e-29
 205.532459     -4.085   0.170605    14.1435    -1.7843     -4.051     0.1036    -0.6935 -9.990e-29
 205.532465     -4.056   0.170605    14.1354    -1.7844     -4.022     0.1036    -0.6924 -9.990e-29
 205.532471     -4.028   0.170605    14.1208    -1.7844     -3.994     0.1036    -0.6903 -9.990e-29
 205.532477     -4.000   0.170604    14.1028    -1.7843     -3.967     0.1037    -0.6877 -9.990e-29
 205.532483     -3.973   0.170604    14.0876    -1.7846     -3.940     0.1037    -0.6856 -9.990e-29
 205.532488     -3.951   0.170603    14.0770    -1.7854     -3.918     0.1037    -0.6841 -9.990e-29
 205.532494     -3.931   0.170603    14.0701    -1.7864     -3.898     0.1038    -0.6831 -9.990e-29
 205.532500     -3.913   0.170602    14.0657    -1.7872     -3.880     0.1038    -0.6825 -9.990e-29
 205.532506     -3.896   0.170602    14.0630    -1.7874     -3.864     0.1038    -0.6821 -9.990e-29
 205.532512     -3.879   0.170601    14.0617    -1.7876     -3.847     0.1038    -0.6819 -9.990e-29
 205.532517     -3.859   0.170601    14.0606    -1.7877     -3.827     0.1038    -0.6817 -9.990e-29
 205.532523     -3.841   0.170600    14.0587    -1.7876     -3.809     0.1038    -0.6815 -9.990e-29
 205.532529     -3.828   0.170600    14.0541    -1.7874     -3.796     0.1038    -0.6808 -9.990e-29
 205.532535     -3.814   0.170599    14.0429    -1.7873     -3.782     0.1038    -0.6792 -9.990e-29
 205.532541     -3.794   0.170599    14.0240    -1.7874     -3.762     0.1039    -0.6766 -9.990e-29
 205.532546     -3.771   0.170598    14.0018    -1.7874     -3.740     0.1039    -0.6734 -9.990e-29
 205.532552     -3.748   0.170598    13.9829    -1.7872     -3.717     0.1040    -0.6708 -9.990e-29
 205.532558     -3.724   0.170598    13.9706    -1.7870     -3.693     0.1040    -0.6690 -9.990e-29
 205.532564     -3.701   0.170597    13.9641    -1.7867     -3.670     0.1040    -0.6681 -9.990e-29
 205.532569     -3.683   0.170597    13.9619    -1.7865     -3.652     0.1040    -0.6678 -9.990e-29
 205.532575     -3.667   0.170596    13.9630    -1.7863     -3.636     0.1040    -0.6680 -9.990e-29
 205.532581     -3.653   0.170596    13.9659    -1.7861     -3.623     0.1040    -0.6684 -9.990e-29
 205.532587     -3.641   0.170595    13.9680    -1.7860     -3.611     0.1040    -0.6687 -9.990e-29
 205.532593     -3.628   0.170595    13.9687    -1.7859     -3.598     0.1040    -0.6688 -9.990e-29
 205.532598     -3.615   0.170594    13.9704    -1.7858     -3.585     0.1040    -0.6690 -9.990e-29
 205.532604     -3.601   0.170594    13.9748    -1.7856     -3.571     0.1040    -0.6696 -9.990e-29
 205.532610     -3.585   0.170593    13.9814    -1.7861     -3.555     0.1040    -0.6706 -9.990e-29
 205.532616     -3.565   0.170593    13.9890    -1.7867     -3.535     0.1039    -0.6716 -9.990e-29
 205.532622     -3.541   0.170592    13.9964    -1.7871     -3.511     0.1039    -0.6727 -9.990e-29
 205.532627     -3.511   0.170592    14.0030    -1.7871     -3.482     0.1039    -0.6736 -9.990e-29
 205.532633     -3.477   0.170592    14.0084    -1.7870     -3.448     0.1039    -0.6744 -9.990e-29
 205.532639     -3.446   0.170591    14.0123    -1.7868     -3.417     0.1039    -0.6749 -9.990e-29
 205.532645     -3.420   0.170591    14.0150    -1.7870     -3.391     0.1039    -0.6753 -9.990e-29
 205.532650     -3.397   0.170590    14.0168    -1.7867     -3.369     0.1039    -0.6756 -9.990e-29
 205.532656     -3.376   0.170590    14.0150    -1.7861     -3.348     0.1039    -0.6753 -9.990e-29
 205.532662     -3.355   0.170589    14.0067    -1.7856     -3.327     0.1039    -0.6741 -9.990e-29
 205.532668     -3.334   0.170589    13.9952    -1.7853     -3.306     0.1039    -0.6725 -9.990e-29
 205.532674     -3.311   0.170588    13.9867    -1.7849     -3.283     0.1039    -0.6713 -9.990e-29
 205.532679     -3.284   0.170588    13.9838    -1.7851     -3.257     0.1039    -0.6709 -9.990e-29
 205.532685     -3.256   0.170587    13.9849    -1.7858     -3.229     0.1039    -0.6711 -9.990e-29
 205.532691     -3.234   0.170587    13.9872    -1.7862     -3.207     0.1039    -0.6714 -9.990e-29
 205.532697     -3.217   0.170586    13.9907    -1.7863     -3.190     0.1039    -0.6719 -9.990e-29
 205.532703     -3.198   0.170586    13.9985    -1.7861     -3.171     0.1039    -0.6730 -9.990e-29
 205.532708     -3.182   0.170585    14.0106    -1.7861     -3.155     0.1039    -0.6747 -9.990e-29
 205.532714     -3.171   0.170585    14.0235    -1.7860     -3.145     0.1038    -0.6765 -9.990e-29
 205.532720     -3.161   0.170584    14.0340    -1.7857     -3.135     0.1038    -0.6780 -9.990e-29
 205.532726     -3.146   0.170584    14.0389    -1.7856     -3.120     0.1038    -0.6787 -9.990e-29
 205.532731     -3.129   0.170584    14.0348    -1.7853     -3.103     0.1038    -0.6781 -9.990e-29
 205.532737     -3.115   0.170583    14.0246    -1.7852     -3.089     0.1038    -0.6767 -9.990e-29
 205.532743     -3.102   0.170583    14.0155    -1.7851     -3.076     0.1039    -0.6754 -9.990e-29
 205.532749     -3.089   0.170582    14.0119    -1.7847     -3.063     0.1039    -0.6749 -9.990e-29
 205.532755     -3.076   0.170582    14.0127    -1.7845     -3.050     0.1039    -0.6750 -9.990e-29
 205.532760     -3.061   0.170581    14.0153    -1.7842     -3.035     0.1039    -0.6753 -9.990e-29
 205.532766     -3.045   0.170581    14.0193    -1.7842     -3.020     0.1039    -0.6759 -9.990e-29
 205.532772     -3.029   0.170580    14.0244    -1.7841     -3.004     0.1038    -0.6766 -9.990e-29
 205.532778     -3.017   0.170580    14.0299    -1.7841     -2.992     0.1038    -0.6774 -9.990e-29
 205.532784     -3.005   0.170579    14.0356    -1.7847     -2.980     0.1038    -0.6782 -9.990e-29
 205.532789     -2.987   0.170579    14.0415    -1.7855     -2.962     0.1038    -0.6790 -9.990e-29
 205.532795     -2.966   0.170578    14.0480    -1.7864     -2.941     0.1038    -0.6800 -9.990e-29
 205.532801     -2.950   0.170578    14.0557    -1.7874     -2.925     0.1038    -0.6811 -9.990e-29
 205.532807     -2.937   0.170577    14.0632    -1.7884     -2.913     0.1038    -0.6821 -9.990e-29
 205.532813     -2.922   0.170577    14.0689    -1.7894     -2.898     0.1037    -0.6829 -9.990e-29
 205.532818     -2.905   0.170576    14.0720    -1.7902     -2.881     0.1037    -0.6834 -9.990e-29
 205.532824     -2.884   0.170576    14.0720    -1.7908     -2.860     0.1037    -0.6834 -9.990e-29
 205.532830     -2.863   0.170576    14.0663    -1.7915     -2.839     0.1037    -0.6826 -9.990e-29
 205.532836     -2.844   0.170576    14.0516    -1.7921     -2.820     0.1038    -0.6805 -9.990e-29
 205.532841     -2.825   0.170577    14.0294    -1.7920     -2.801     0.1038    -0.6773 -9.990e-29
 205.532847     -2.807   0.170577    14.0026    -1.7919     -2.784     0.1039    -0.6735 -9.990e-29
 205.532853     -2.787   0.170578    13.9731    -1.7918     -2.764     0.1040    -0.6694 -9.990e-29
 205.532859     -2.769   0.170578    13.9430    -1.7918     -2.746     0.1040    -0.6652 -9.990e-29
 205.532865     -2.755   0.170579    13.9148    -1.7917     -2.732     0.1041    -0.6612 -9.990e-29
 205.532870     -2.742   0.170580    13.8900    -1.7914     -2.719     0.1042    -0.6577 -9.990e-29
 205.532876     -2.723   0.170580    13.8686    -1.7918     -2.700     0.1042    -0.6548 -9.990e-29
 205.532882     -2.701   0.170581    13.8506    -1.7927     -2.678     0.1042    -0.6522 -9.990e-29
 205.532888     -2.680   0.170581    13.8386    -1.7936     -2.658     0.1043    -0.6506 -9.990e-29
 205.532894     -2.659   0.170582    13.8340    -1.7941     -2.637     0.1043    -0.6499 -9.990e-29
 205.532899     -2.639   0.170583    13.8342    -1.7946     -2.617     0.1043    -0.6500 -9.990e-29
 205.532905     -2.620   0.170583    13.8360    -1.7945     -2.598     0.1043    -0.6502 -9.990e-29
 205.532911     -2.597   0.170584    13.8378    -1.7944     -2.575     0.1043    -0.6505 -9.990e-29
 205.532917     -2.571   0.170584    13.8392    -1.7939     -2.550     0.1043    -0.6507 -9.990e-29
 205.532922     -2.551   0.170585    13.8371    -1.7937     -2.530     0.1043    -0.6504 -9.990e-29
 205.532928     -2.539   0.170585    13.8264    -1.7937     -2.518     0.1043    -0.6489 -9.990e-29
 205.532934     -2.530   0.170586    13.8076    -1.7937     -2.509     0.1043    -0.6463 -9.990e-29
 205.532940     -2.519   0.170587    13.7872    -1.7939     -2.498     0.1044    -0.6434 -9.990e-29
 205.532946     -2.510   0.170587    13.7704    -1.7943     -2.489     0.1044    -0.6411 -9.990e-29
 205.532951     -2.507   0.170588    13.7604    -1.7950     -2.486     0.1045    -0.6397 -9.990e-29
 205.532957     -2.504   0.170588    13.7586    -1.7958     -2.483     0.1045    -0.6395 -9.990e-29
 205.532963     -2.499   0.170589    13.7627    -1.7964     -2.478     0.1045    -0.6401 -9.990e-29
 205.532969     -2.493   0.170589    13.7692    -1.7964     -2.472     0.1044    -0.6410 -9.990e-29
 205.532975     -2.492   0.170590    13.7743    -1.7963     -2.471     0.1044    -0.6417 -9.990e-29
 205.532980     -2.491   0.170591    13.7760    -1.7960     -2.470     0.1044    -0.6419 -9.990e-29
 205.532986     -2.486   0.170591    13.7739    -1.7963     -2.465     0.1044    -0.6416 -9.990e-29
 205.532992     -2.477   0.170592    13.7668    -1.7966     -2.456     0.1044    -0.6406 -9.990e-29
 205.532998     -2.462   0.170592    13.7542    -1.7973     -2.441     0.1045    -0.6389 -9.990e-29
 205.533003     -2.441   0.170593    13.7374    -1.7982     -2.421     0.1045    -0.6366 -9.990e-29
 205.533009     -2.417   0.170593    13.7198    -1.7988     -2.397     0.1046    -0.6341 -9.990e-29
 205.533015     -2.397   0.170594    13.7063    -1.7996     -2.377     0.1046    -0.6323 -9.990e-29
 205.533021     -2.383   0.170595    13.7005    -1.8004     -2.363     0.1046    -0.6315 -9.990e-29
 205.533027     -2.372   0.170595    13.7007    -1.8011     -2.352     0.1046    -0.6315 -9.990e-29
