data/oxygen options/OCNMS/OCNMS1/raw_data/2013/CAST_KL015_131010faed.cnv
* Sea-Bird SBE19 Data File:
* FileName = C:\2013 Mooring Data\Recovery\Casts\CAST_KL015_131010.hex
* Software Version 1.59
* Temperature SN = 2997
* Conductivity SN = 2997
* System UpLoad Time = Oct 11 2013 08:05:12
** CAST_KL015_131010
* ds
# nquan = 9                                 
# nvalues = 940                         
# units = specified
# name 0 = timeJ: Julian Days
# name 1 = prSM: Pressure, Strain Gauge [db]
# name 2 = c0mS/cm: Conductivity [mS/cm]
# name 3 = t090C: Temperature [ITS-90, deg C]
# name 4 = sbeox0ML/L: Oxygen, SBE 43 [ml/l]
# name 5 = depSM: Depth [salt water, m], lat = 47.5
# name 6 = sal00: Salinity, Practical [PSU]
# name 7 = sigma-é00: Density [sigma-theta, kg/m^3]
# name 8 = flag: flag
# span 0 = 283.465463, 283.470897       
# span 1 =     -5.254,     15.793       
# span 2 =   0.529732,  38.871956       
# span 3 =    11.3022,    14.3411       
# span 4 =    -1.8772,    11.1166       
# span 5 =     -5.210,     15.661       
# span 6 =     0.3487,    32.2030       
# span 7 =    -0.2003,    24.0403       
# span 8 = 0.0000e+00, 0.0000e+00       
# interval = seconds: 0.5
# start_time = Oct 10 2013 11:10:16 [Instrument's time stamp, header]
# bad_flag = -9.990e-29
*END*
[from data line 641]
 283.469172      1.206  37.026907    14.1194     9.6581      1.196    30.3689    22.5871 -9.990e-29
 283.469178      1.204  37.026170    14.1199     8.8321      1.194    30.3678    22.5861 -9.990e-29
 283.469184      1.202  37.024051    14.1213     8.2731      1.192    30.3648    22.5835 -9.990e-29
 283.469190      1.199  37.022348    14.1227     8.5147      1.189    30.3621    22.5812 -9.990e-29
 283.469196      1.195  37.022292    14.1234     8.8910      1.185    30.3615    22.5806 -9.990e-29
 283.469201      1.194  37.023950    14.1245     9.1150      1.184    30.3622    22.5809 -9.990e-29
 283.469207      1.201  37.028556    14.1264     8.9768      1.191    30.3649    22.5826 -9.990e-29
 283.469213      1.211  37.034548    14.1275     8.9975      1.201    30.3694    22.5859 -9.990e-29
 283.469219      1.217  37.035487    14.1266     9.0104      1.207    30.3710    22.5873 -9.990e-29
 283.469225      1.214  37.031646    14.1251     9.1242      1.204    30.3687    22.5858 -9.990e-29
 283.469230      1.208  37.028691    14.1248     9.4667      1.198    30.3662    22.5839 -9.990e-29
 283.469236      1.205  37.028424    14.1266     9.3396      1.195    30.3646    22.5823 -9.990e-29
 283.469242      1.210  37.031750    14.1297     9.1500      1.200    30.3652    22.5821 -9.990e-29
 283.469248      1.219  37.037083    14.1318     9.1617      1.209    30.3684    22.5842 -9.990e-29
 283.469253      1.229  37.041028    14.1321     8.9655      1.219    30.3717    22.5867 -9.990e-29
 283.469259      1.235  37.040583    14.1310     8.5421      1.225    30.3722    22.5873 -9.990e-29
 283.469265      1.234  37.035297    14.1292     7.9326      1.224    30.3688    22.5850 -9.990e-29
 283.469271      1.231  37.030587    14.1284     4.3634      1.221    30.3651    22.5824 -9.990e-29
 283.469277      1.228  37.028719    14.1288     3.9324      1.218    30.3631    22.5807 -9.990e-29
 283.469282      1.227  37.027903    14.1293     4.1948      1.217    30.3620    22.5797 -9.990e-29
 283.469288      1.226  37.027752    14.1293     4.9447      1.216    30.3618    22.5796 -9.990e-29
 283.469294      1.226  37.027085    14.1292     6.0918      1.216    30.3613    22.5792 -9.990e-29
 283.469300      1.227  37.026275    14.1293     6.1072      1.217    30.3605    22.5786 -9.990e-29
 283.469306      1.228  37.026063    14.1296     6.1058      1.218    30.3601    22.5782 -9.990e-29
 283.469311      1.231  37.025189    14.1299     6.0954      1.221    30.3590    22.5773 -9.990e-29
 283.469317      1.231  37.023748    14.1296     6.1056      1.221    30.3579    22.5766 -9.990e-29
 283.469323      1.223  37.022200    14.1292     6.0949      1.213    30.3568    22.5758 -9.990e-29
 283.469329      1.211  37.020861    14.1294     6.1085      1.201    30.3555    22.5747 -9.990e-29
 283.469334      1.204  37.020891    14.1306     6.1114      1.194    30.3546    22.5738 -9.990e-29
 283.469340      1.205  37.023029    14.1325     6.1074      1.195    30.3550    22.5737 -9.990e-29
 283.469346      1.213  37.028587    14.1342     6.1023      1.203    30.3587    22.5763 -9.990e-29
 283.469352      1.231  37.035032    14.1342     6.0879      1.221    30.3646    22.5808 -9.990e-29
 283.469358      1.249  37.035413    14.1326     6.0760      1.239    30.3662    22.5823 -9.990e-29
 283.469363      1.257  37.030937    14.1315     6.0749      1.247    30.3630    22.5801 -9.990e-29
 283.469369      1.255  37.028101    14.1322     6.0836      1.245    30.3599    22.5775 -9.990e-29
 283.469375      1.251  37.027749    14.1340     6.0896      1.241    30.3581    22.5758 -9.990e-29
 283.469381      1.249  37.028991    14.1362     6.0880      1.239    30.3575    22.5749 -9.990e-29
 283.469387      1.250  37.033062    14.1397     6.0813      1.240    30.3585    22.5749 -9.990e-29
 283.469392      1.253  37.042173    14.1437     6.0787      1.243    30.3636    22.5781 -9.990e-29
 283.469398      1.255  37.050124    14.1450     6.0899      1.245    30.3698    22.5826 -9.990e-29
 283.469404      1.250  37.048049    14.1434     6.0940      1.240    30.3692    22.5825 -9.990e-29
 283.469410      1.244  37.042287    14.1424     6.0905      1.234    30.3648    22.5792 -9.990e-29
 283.469416      1.239  37.039861    14.1430     6.0883      1.229    30.3621    22.5770 -9.990e-29
 283.469421      1.236  37.038800    14.1439     6.0846      1.226    30.3604    22.5756 -9.990e-29
 283.469427      1.234  37.037827    14.1442     6.0907      1.224    30.3593    22.5746 -9.990e-29
 283.469433      1.234  37.036909    14.1439     6.0882      1.224    30.3587    22.5742 -9.990e-29
 283.469439      1.235  37.036082    14.1431     6.0769      1.225    30.3586    22.5743 -9.990e-29
 283.469444      1.238  37.034946    14.1425     6.0848      1.228    30.3580    22.5740 -9.990e-29
 283.469450      1.242  37.033809    14.1428     6.0908      1.232    30.3567    22.5730 -9.990e-29
 283.469456      1.248  37.033536    14.1438     6.0900      1.238    30.3557    22.5720 -9.990e-29
 283.469462      1.256  37.033903    14.1444     6.0909      1.246    30.3555    22.5717 -9.990e-29
 283.469468      1.267  37.034421    14.1443     6.0810      1.256    30.3561    22.5722 -9.990e-29
 283.469473      1.277  37.034801    14.1442     6.0680      1.266    30.3565    22.5725 -9.990e-29
 283.469479      1.279  37.035130    14.1441     6.0790      1.268    30.3569    22.5728 -9.990e-29
 283.469485      1.271  37.034865    14.1439     6.0766      1.260    30.3568    22.5728 -9.990e-29
 283.469491      1.264  37.033235    14.1435     6.0586      1.253    30.3556    22.5720 -9.990e-29
 283.469497      1.259  37.031570    14.1431     6.0466      1.248    30.3544    22.5711 -9.990e-29
 283.469502      1.257  37.031150    14.1432     6.0475      1.247    30.3540    22.5708 -9.990e-29
 283.469508      1.258  37.030997    14.1435     6.0636      1.247    30.3536    22.5704 -9.990e-29
 283.469514      1.262  37.030486    14.1438     6.0691      1.251    30.3529    22.5698 -9.990e-29
 283.469520      1.269  37.030760    14.1448     6.0814      1.258    30.3524    22.5692 -9.990e-29
 283.469525      1.279  37.033445    14.1465     6.0954      1.268    30.3535    22.5697 -9.990e-29
 283.469531      1.294  37.038898    14.1475     6.0955      1.283    30.3576    22.5727 -9.990e-29
 283.469537      1.310  37.042767    14.1468     6.0850      1.299    30.3617    22.5760 -9.990e-29
 283.469543      1.318  37.041389    14.1456     6.0718      1.307    30.3614    22.5760 -9.990e-29
 283.469549      1.321  37.038111    14.1452     6.0606      1.310    30.3587    22.5740 -9.990e-29
 283.469554      1.322  37.035984    14.1456     6.0561      1.311    30.3565    22.5722 -9.990e-29
 283.469560      1.317  37.034555    14.1459     6.0543      1.306    30.3549    22.5710 -9.990e-29
 283.469566      1.306  37.033178    14.1458     6.0665      1.295    30.3538    22.5701 -9.990e-29
 283.469572      1.297  37.031279    14.1451     6.0811      1.286    30.3526    22.5693 -9.990e-29
 283.469578      1.293  37.028707    14.1442     6.0856      1.282    30.3510    22.5682 -9.990e-29
 283.469583      1.294  37.026658    14.1435     6.0702      1.283    30.3496    22.5674 -9.990e-29
 283.469589      1.295  37.026462    14.1434     6.0572      1.284    30.3495    22.5673 -9.990e-29
 283.469595      1.294  37.027437    14.1438     6.0531      1.283    30.3501    22.5677 -9.990e-29
 283.469601      1.293  37.028223    14.1444     6.0557      1.282    30.3504    22.5677 -9.990e-29
 283.469606      1.293  37.028889    14.1451     6.0673      1.282    30.3504    22.5676 -9.990e-29
 283.469612      1.289  37.029343    14.1457     6.0698      1.278    30.3504    22.5675 -9.990e-29
 283.469618      1.287  37.029210    14.1459     6.0803      1.276    30.3501    22.5672 -9.990e-29
 283.469624      1.288  37.029016    14.1458     6.0811      1.277    30.3500    22.5672 -9.990e-29
 283.469630      1.295  37.029203    14.1455     6.0842      1.284    30.3504    22.5675 -9.990e-29
 283.469635      1.306  37.029602    14.1450     6.0883      1.295    30.3511    22.5682 -9.990e-29
 283.469641      1.320  37.029765    14.1441     6.0910      1.309    30.3520    22.5690 -9.990e-29
 283.469647      1.327  37.029488    14.1426     6.0805      1.316    30.3529    22.5701 -9.990e-29
 283.469653      1.324  37.028543    14.1411     6.0813      1.313    30.3532    22.5706 -9.990e-29
 283.469659      1.316  37.026722    14.1402     6.0796      1.305    30.3523    22.5701 -9.990e-29
 283.469664      1.309  37.024463    14.1401     6.0796      1.298    30.3503    22.5686 -9.990e-29
 283.469670      1.309  37.022527    14.1402     6.0825      1.298    30.3485    22.5671 -9.990e-29
 283.469676      1.311  37.022270    14.1411     6.0861      1.300    30.3475    22.5662 -9.990e-29
 283.469682      1.306  37.023719    14.1426     6.0819      1.295    30.3477    22.5660 -9.990e-29
 283.469688      1.294  37.024867    14.1439     6.0757      1.283    30.3477    22.5658 -9.990e-29
 283.469693      1.283  37.025549    14.1446     6.0740      1.272    30.3478    22.5657 -9.990e-29
 283.469699      1.276  37.026100    14.1449     6.0780      1.265    30.3480    22.5658 -9.990e-29
 283.469705      1.273  37.026117    14.1450     6.0868      1.262    30.3480    22.5658 -9.990e-29
 283.469711      1.275  37.026168    14.1448     6.1050      1.264    30.3482    22.5660 -9.990e-29
 283.469716      1.280  37.026306    14.1442     6.1071      1.269    30.3488    22.5665 -9.990e-29
 283.469722      1.289  37.026139    14.1435     6.0994      1.278    30.3492    22.5670 -9.990e-29
 283.469728      1.303  37.025428    14.1428     6.0836      1.292    30.3491    22.5671 -9.990e-29
 283.469734      1.319  37.024329    14.1424     6.0766      1.308    30.3484    22.5666 -9.990e-29
 283.469740      1.329  37.023601    14.1426     6.0774      1.318    30.3475    22.5659 -9.990e-29
 283.469745      1.328  37.023376    14.1428     6.0811      1.317    30.3472    22.5656 -9.990e-29
 283.469751      1.318  37.023338    14.1429     6.0900      1.307    30.3471    22.5655 -9.990e-29
 283.469757      1.302  37.023422    14.1428     6.1219      1.291    30.3472    22.5656 -9.990e-29
 283.469763      1.287  37.023164    14.1422     6.1110      1.276    30.3475    22.5660 -9.990e-29
 283.469769      1.276  37.022204    14.1409     6.1176      1.265    30.3476    22.5663 -9.990e-29
 283.469774      1.270  37.020928    14.1398     6.1746      1.259    30.3473    22.5663 -9.990e-29
 283.469780      1.267  37.019859    14.1397     6.1880      1.256    30.3464    22.5657 -9.990e-29
 283.469786      1.268  37.019794    14.1400     6.1417      1.257    30.3461    22.5654 -9.990e-29
 283.469792      1.272  37.020632    14.1399     6.0984      1.261    30.3470    22.5660 -9.990e-29
 283.469797      1.281  37.021233    14.1393     6.0618      1.270    30.3480    22.5669 -9.990e-29
 283.469803      1.293  37.021263    14.1392     6.0749      1.282    30.3481    22.5670 -9.990e-29
 283.469809      1.306  37.021308    14.1405     6.1237      1.295    30.3471    22.5660 -9.990e-29
 283.469815      1.312  37.021968    14.1428     6.1365      1.301    30.3459    22.5646 -9.990e-29
 283.469821      1.312  37.022988    14.1451     6.1382      1.301    30.3450    22.5635 -9.990e-29
 283.469826      1.314  37.024031    14.1460     6.1252      1.303    30.3453    22.5635 -9.990e-29
 283.469832      1.322  37.024794    14.1451     6.1206      1.311    30.3467    22.5647 -9.990e-29
 283.469838      1.337  37.024037    14.1432     6.1166      1.326    30.3475    22.5657 -9.990e-29
 283.469844      1.356  37.022415    14.1423     6.1011      1.345    30.3467    22.5653 -9.990e-29
 283.469850      1.371  37.022230    14.1434     6.0941      1.360    30.3457    22.5643 -9.990e-29
 283.469855      1.374  37.023219    14.1453     6.0767      1.363    30.3451    22.5635 -9.990e-29
 283.469861      1.366  37.024443    14.1466     6.0732      1.355    30.3452    22.5633 -9.990e-29
 283.469867      1.355  37.025837    14.1472     6.0838      1.344    30.3460    22.5638 -9.990e-29
 283.469873      1.345  37.027006    14.1476     6.0943      1.334    30.3467    22.5643 -9.990e-29
 283.469878      1.339  37.027814    14.1480     6.1068      1.328    30.3471    22.5645 -9.990e-29
 283.469884      1.341  37.028201    14.1483     6.1137      1.330    30.3472    22.5645 -9.990e-29
 283.469890      1.350  37.028667    14.1487     6.1014      1.339    30.3474    22.5645 -9.990e-29
 283.469896      1.365  37.029257    14.1491     6.0967      1.354    30.3476    22.5646 -9.990e-29
 283.469902      1.376  37.028500    14.1491     6.1150      1.365    30.3469    22.5641 -9.990e-29
 283.469907      1.380  37.027051    14.1487     6.1137      1.368    30.3459    22.5634 -9.990e-29
 283.469913      1.378  37.026883    14.1481     6.1268      1.366    30.3462    22.5638 -9.990e-29
 283.469919      1.373  37.027196    14.1475     6.1304      1.362    30.3469    22.5645 -9.990e-29
 283.469925      1.370  37.026713    14.1465     6.1195      1.359    30.3473    22.5649 -9.990e-29
 283.469931      1.369  37.025333    14.1452     6.1240      1.358    30.3471    22.5650 -9.990e-29
 283.469936      1.368  37.024003    14.1447     6.1155      1.357    30.3462    22.5645 -9.990e-29
 283.469942      1.365  37.024292    14.1454     6.1244      1.354    30.3460    22.5641 -9.990e-29
 283.469948      1.354  37.025449    14.1461     6.1219      1.343    30.3465    22.5644 -9.990e-29
 283.469954      1.339  37.025639    14.1455     6.1094      1.328    30.3471    22.5650 -9.990e-29
 283.469959      1.329  37.024539    14.1438     6.0969      1.318    30.3475    22.5656 -9.990e-29
 283.469965      1.325  37.022908    14.1425     6.1027      1.314    30.3470    22.5655 -9.990e-29
 283.469971      1.329  37.021917    14.1424     6.1080      1.318    30.3462    22.5649 -9.990e-29
 283.469977      1.335  37.021910    14.1431     6.1240      1.324    30.3456    22.5643 -9.990e-29
 283.469983      1.341  37.022301    14.1434     6.1383      1.330    30.3457    22.5644 -9.990e-29
 283.469988      1.346  37.022475    14.1428     6.1266      1.335    30.3464    22.5650 -9.990e-29
 283.469994      1.351  37.021528    14.1418     6.1232      1.340    30.3463    22.5651 -9.990e-29
 283.470000      1.357  37.019862    14.1415     6.1127      1.346    30.3450    22.5642 -9.990e-29
 283.470006      1.359  37.019720    14.1426     6.1044      1.348    30.3440    22.5632 -9.990e-29
 283.470012      1.352  37.021459    14.1441     6.1118      1.341    30.3444    22.5632 -9.990e-29
 283.470017      1.342  37.023457    14.1450     6.1240      1.331    30.3455    22.5639 -9.990e-29
 283.470023      1.336  37.025002    14.1450     6.1232      1.325    30.3469    22.5650 -9.990e-29
 283.470029      1.338  37.025340    14.1436     6.1126      1.327    30.3483    22.5663 -9.990e-29
 283.470035      1.347  37.023225    14.1410     6.1075      1.336    30.3485    22.5670 -9.990e-29
 283.470041      1.365  37.019743    14.1388     6.1102      1.354    30.3470    22.5663 -9.990e-29
 283.470046      1.389  37.017518    14.1383     6.1197      1.377    30.3454    22.5651 -9.990e-29
 283.470052      1.406  37.017488    14.1394     6.1192      1.394    30.3445    22.5642 -9.990e-29
 283.470058      1.406  37.018475    14.1410     6.1072      1.394    30.3441    22.5636 -9.990e-29
 283.470064      1.388  37.018975    14.1417     6.0870      1.376    30.3440    22.5634 -9.990e-29
 283.470069      1.364  37.019641    14.1416     6.0941      1.353    30.3447    22.5639 -9.990e-29
 283.470075      1.346  37.021345    14.1417     6.1042      1.335    30.3462    22.5651 -9.990e-29
 283.470081      1.336  37.022984    14.1420     6.1114      1.325    30.3475    22.5660 -9.990e-29
 283.470087      1.333  37.023925    14.1422     6.1199      1.322    30.3482    22.5665 -9.990e-29
