data/oxygen options/OCNMS/OCNMS1/raw_data/2013/CAST_KL027_131010faed.cnv
* Sea-Bird SBE19 Data File:
* FileName = C:\2013 Mooring Data\Recovery\Casts\CAST_KL027_131010.hex
* Software Version 1.59
* Temperature SN = 2997
* Conductivity SN = 2997
* System UpLoad Time = Oct 11 2013 08:06:54
** CAST_KL027_131010
* ds
# nquan = 9                                 
# nvalues = 925                         
# units = specified
# name 0 = timeJ: Julian Days
# name 1 = prSM: Pressure, Strain Gauge [db]
# name 2 = c0mS/cm: Conductivity [mS/cm]
# name 3 = t090C: Temperature [ITS-90, deg C]
# name 4 = sbeox0ML/L: Oxygen, SBE 43 [ml/l]
# name 5 = depSM: Depth [salt water, m], lat = 47.5
# name 6 = sal00: Salinity, Practical [PSU]
# name 7 = sigma-é00: Density [sigma-theta, kg/m^3]
# name 8 = flag: flag
# span 0 = 283.490949, 283.496296       
# span 1 =     -5.225,     27.969       
# span 2 =   0.384557,  38.834350       
# span 3 =    12.1209,    14.4633       
# span 4 =    -1.8485,    11.0147       
# span 5 =     -5.181,     27.734       
# span 6 =     0.2432,    32.5600       
# span 7 =    -0.4266,    24.4787       
# span 8 = 0.0000e+00, 0.0000e+00       
# interval = seconds: 0.5
# start_time = Oct 10 2013 11:46:58 [Instrument's time stamp, header]
# bad_flag = -9.990e-29
*END*
 283.490949     -5.225 -9.990e-29    12.2933    -1.8408     -5.181 -9.990e-29 -9.990e-29 -9.990e-29
 283.490955     -5.217   0.507877    12.2897    -1.8402     -5.174     0.3287    -0.2774 -9.990e-29
 283.490961     -5.207   0.508982    12.2930    -1.8403     -5.164     0.3294    -0.2772 -9.990e-29
 283.490966     -5.195   0.508972    12.2983    -1.8404     -5.152     0.3294    -0.2779 -9.990e-29
 283.490972     -5.178   0.508388    12.3025    -1.8403     -5.135     0.3290    -0.2787 -9.990e-29
 283.490978     -5.157   0.508666    12.3040    -1.8402     -5.114     0.3291    -0.2787 -9.990e-29
 283.490984     -5.130   0.509624    12.3012    -1.8402     -5.087     0.3298    -0.2779 -9.990e-29
 283.490990     -5.095   0.510324    12.2976    -1.8399     -5.053     0.3303    -0.2771 -9.990e-29
 283.490995     -5.055   0.510040    12.2990    -1.8393     -5.013     0.3301    -0.2774 -9.990e-29
 283.491001     -5.015   0.508393    12.3063    -1.8381     -4.973     0.3289    -0.2792 -9.990e-29
 283.491007     -4.981   0.505405    12.3137    -1.8372     -4.939     0.3269    -0.2817 -9.990e-29
 283.491013     -4.955   0.502080    12.3166    -1.8363     -4.914     0.3246    -0.2838 -9.990e-29
 283.491019     -4.932   0.500078    12.3173    -1.8362     -4.891     0.3233    -0.2849 -9.990e-29
 283.491024     -4.906   0.500056    12.3190    -1.8370     -4.865     0.3233    -0.2851 -9.990e-29
 283.491030     -4.879   0.501431    12.3222    -1.8379     -4.838     0.3241    -0.2848 -9.990e-29
 283.491036     -4.854   0.502714    12.3279    -1.8383     -4.814     0.3250    -0.2848 -9.990e-29
 283.491042     -4.825   0.502846    12.3389    -1.8380     -4.785     0.3249    -0.2862 -9.990e-29
 283.491047     -4.790   0.502004    12.3570    -1.8375     -4.750     0.3242    -0.2889 -9.990e-29
 283.491053     -4.755   0.500731    12.3804    -1.8370     -4.715     0.3232    -0.2925 -9.990e-29
 283.491059     -4.724   0.499545    12.4036    -1.8366     -4.685     0.3222    -0.2960 -9.990e-29
 283.491065     -4.693   0.497975    12.4199    -1.8370     -4.654     0.3210    -0.2989 -9.990e-29
 283.491071     -4.660   0.495590    12.4230    -1.8378     -4.621     0.3194    -0.3005 -9.990e-29
 283.491076     -4.629   0.493644    12.4131    -1.8388     -4.590     0.3182    -0.3003 -9.990e-29
 283.491082     -4.600   0.492867    12.3991    -1.8396     -4.562     0.3178    -0.2989 -9.990e-29
 283.491088     -4.574   0.492777    12.3912    -1.8401     -4.536     0.3178    -0.2980 -9.990e-29
 283.491094     -4.546   0.493256    12.3934    -1.8409     -4.508     0.3181    -0.2980 -9.990e-29
 283.491100     -4.517   0.493836    12.4021    -1.8418     -4.479     0.3184    -0.2988 -9.990e-29
 283.491105     -4.488   0.493629    12.4115    -1.8423     -4.451     0.3182    -0.3001 -9.990e-29
 283.491111     -4.462   0.492362    12.4151    -1.8422     -4.425     0.3173    -0.3012 -9.990e-29
 283.491117     -4.436   0.490561    12.4078    -1.8418     -4.399     0.3162    -0.3012 -9.990e-29
 283.491123     -4.411   0.489150    12.3910    -1.8424     -4.374     0.3154    -0.2998 -9.990e-29
 283.491128     -4.383   0.488464    12.3697    -1.8433     -4.346     0.3151    -0.2975 -9.990e-29
 283.491134     -4.356   0.488144    12.3485    -1.8437     -4.320     0.3151    -0.2950 -9.990e-29
 283.491140     -4.331   0.487765    12.3289    -1.8445     -4.295     0.3150    -0.2928 -9.990e-29
 283.491146     -4.304   0.487377    12.3093    -1.8447     -4.268     0.3149    -0.2905 -9.990e-29
 283.491152     -4.272   0.488126    12.2914    -1.8444     -4.236     0.3155    -0.2879 -9.990e-29
 283.491157     -4.242   0.490457    12.2800    -1.8443     -4.207     0.3172    -0.2852 -9.990e-29
 283.491163     -4.216   0.491941    12.2760    -1.8442     -4.181     0.3182    -0.2840 -9.990e-29
 283.491169     -4.193   0.490680    12.2726    -1.8444     -4.158     0.3174    -0.2842 -9.990e-29
 283.491175     -4.171   0.488318    12.2619    -1.8451     -4.136     0.3159    -0.2841 -9.990e-29
 283.491181     -4.148   0.487247    12.2456    -1.8454     -4.113     0.3153    -0.2826 -9.990e-29
 283.491186     -4.124   0.488255    12.2300    -1.8454     -4.090     0.3161    -0.2801 -9.990e-29
 283.491192     -4.097   0.490471    12.2180    -1.8453     -4.063     0.3177    -0.2775 -9.990e-29
 283.491198     -4.065   0.491866    12.2123    -1.8452     -4.031     0.3186    -0.2761 -9.990e-29
 283.491204     -4.030   0.491531    12.2127    -1.8452     -3.996     0.3184    -0.2763 -9.990e-29
 283.491209     -3.999   0.490684    12.2145    -1.8454     -3.966     0.3178    -0.2770 -9.990e-29
 283.491215     -3.974   0.489856    12.2135    -1.8461     -3.941     0.3173    -0.2773 -9.990e-29
 283.491221     -3.953   0.488501    12.2073    -1.8461     -3.920     0.3164    -0.2772 -9.990e-29
 283.491227     -3.935   0.487582    12.1979    -1.8457     -3.902     0.3159    -0.2765 -9.990e-29
 283.491233     -3.919   0.488090    12.1907    -1.8455     -3.886     0.3163    -0.2754 -9.990e-29
 283.491238     -3.904   0.488490    12.1882    -1.8459     -3.871     0.3166    -0.2748 -9.990e-29
 283.491244     -3.889   0.487654    12.1888    -1.8457     -3.857     0.3160    -0.2754 -9.990e-29
 283.491250     -3.873   0.486685    12.1898    -1.8456     -3.841     0.3154    -0.2760 -9.990e-29
 283.491256     -3.855   0.485953    12.1882    -1.8459     -3.823     0.3149    -0.2762 -9.990e-29
 283.491262     -3.833   0.485037    12.1828    -1.8460     -3.801     0.3143    -0.2760 -9.990e-29
 283.491267     -3.807   0.484380    12.1763    -1.8462     -3.775     0.3139    -0.2755 -9.990e-29
 283.491273     -3.779   0.484215    12.1745    -1.8468     -3.747     0.3138    -0.2754 -9.990e-29
 283.491279     -3.752   0.483767    12.1776    -1.8468     -3.721     0.3135    -0.2760 -9.990e-29
 283.491285     -3.724   0.482994    12.1799    -1.8464     -3.693     0.3130    -0.2767 -9.990e-29
 283.491291     -3.696   0.483084    12.1800    -1.8460     -3.665     0.3130    -0.2767 -9.990e-29
 283.491296     -3.673   0.483606    12.1805    -1.8461     -3.642     0.3134    -0.2764 -9.990e-29
 283.491302     -3.652   0.482485    12.1801    -1.8466     -3.622     0.3126    -0.2770 -9.990e-29
 283.491308     -3.632   0.479889    12.1768    -1.8470     -3.602     0.3109    -0.2779 -9.990e-29
 283.491314     -3.612   0.477899    12.1720    -1.8479     -3.582     0.3096    -0.2784 -9.990e-29
 283.491319     -3.590   0.477186    12.1659    -1.8485     -3.560     0.3092    -0.2780 -9.990e-29
 283.491325     -3.565   0.477354    12.1600    -1.8481     -3.535     0.3094    -0.2772 -9.990e-29
 283.491331     -3.540   0.478074    12.1590    -1.8476     -3.510     0.3098    -0.2767 -9.990e-29
 283.491337     -3.517   0.478645    12.1634    -1.8474     -3.488     0.3102    -0.2769 -9.990e-29
 283.491343     -3.491   0.478168    12.1674    -1.8475     -3.462     0.3098    -0.2777 -9.990e-29
 283.491348     -3.461   0.476563    12.1651    -1.8478     -3.432     0.3088    -0.2782 -9.990e-29
 283.491354     -3.431   0.475015    12.1561    -1.8475     -3.402     0.3078    -0.2779 -9.990e-29
 283.491360     -3.406   0.474230    12.1431    -1.8469     -3.378     0.3074    -0.2767 -9.990e-29
 283.491366     -3.384   0.473716    12.1292    -1.8458     -3.356     0.3072    -0.2753 -9.990e-29
 283.491372     -3.363   0.473343    12.1209    -1.8451     -3.335     0.3070    -0.2745 -9.990e-29
 283.491377     -3.341   0.473169    12.1224    -1.8453     -3.313     0.3068    -0.2747 -9.990e-29
 283.491383     -3.318   0.472964    12.1287    -1.8452     -3.290     0.3067    -0.2756 -9.990e-29
 283.491389     -3.291   0.472455    12.1334    -1.8452     -3.264     0.3063    -0.2765 -9.990e-29
 283.491395     -3.260   0.471518    12.1350    -1.8452     -3.233     0.3056    -0.2772 -9.990e-29
 283.491400     -3.226   0.470568    12.1370    -1.8445     -3.199     0.3050    -0.2779 -9.990e-29
 283.491406     -3.197   0.470001    12.1450    -1.8436     -3.170     0.3046    -0.2792 -9.990e-29
 283.491412     -3.173   0.469616    12.1604    -1.8431     -3.147     0.3042    -0.2813 -9.990e-29
 283.491418     -3.154   0.468901    12.1790    -1.8418     -3.128     0.3036    -0.2839 -9.990e-29
 283.491424     -3.139   0.467459    12.1931    -1.8408     -3.113     0.3025    -0.2864 -9.990e-29
 283.491429     -3.127   0.465583    12.1993    -1.8405     -3.101     0.3012    -0.2882 -9.990e-29
 283.491435     -3.117   0.464098    12.2017    -1.8408     -3.091     0.3002    -0.2892 -9.990e-29
 283.491441     -3.108   0.463240    12.2047    -1.8407     -3.082     0.2996    -0.2901 -9.990e-29
 283.491447     -3.099   0.462973    12.2118    -1.8411     -3.073     0.2993    -0.2911 -9.990e-29
 283.491453     -3.091   0.463497    12.2261    -1.8415     -3.065     0.2996    -0.2926 -9.990e-29
 283.491458     -3.082   0.464404    12.2456    -1.8409     -3.056     0.3000    -0.2945 -9.990e-29
 283.491464     -3.073   0.464689    12.2683    -1.8409     -3.047     0.3001    -0.2972 -9.990e-29
 283.491470     -3.061   0.463626    12.2930    -1.8407     -3.035     0.2992    -0.3008 -9.990e-29
 283.491476     -3.048   0.461459    12.3138    -1.8405     -3.023     0.2976    -0.3045 -9.990e-29
 283.491481     -3.031   0.459177    12.3248    -1.8403     -3.006     0.2960    -0.3071 -9.990e-29
 283.491487     -3.011   0.457617    12.3271    -1.8404     -2.986     0.2949    -0.3082 -9.990e-29
 283.491493     -2.989   0.456915    12.3248    -1.8414     -2.964     0.2945    -0.3083 -9.990e-29
 283.491499     -2.968   0.456689    12.3205    -1.8420     -2.943     0.2943    -0.3078 -9.990e-29
 283.491505     -2.948   0.456642    12.3189    -1.8426     -2.923     0.2943    -0.3077 -9.990e-29
 283.491510     -2.928   0.456711    12.3224    -1.8425     -2.904     0.2943    -0.3081 -9.990e-29
 283.491516     -2.904   0.456988    12.3270    -1.8432     -2.880     0.2945    -0.3085 -9.990e-29
 283.491522     -2.882   0.457291    12.3309    -1.8439     -2.858     0.2947    -0.3088 -9.990e-29
 283.491528     -2.863   0.456917    12.3343    -1.8444     -2.839     0.2944    -0.3094 -9.990e-29
 283.491534     -2.846   0.455925    12.3348    -1.8443     -2.822     0.2937    -0.3100 -9.990e-29
 283.491539     -2.830   0.455208    12.3280    -1.8441     -2.806     0.2933    -0.3095 -9.990e-29
 283.491545     -2.814   0.454917    12.3136    -1.8435     -2.791     0.2932    -0.3079 -9.990e-29
 283.491551     -2.798   0.454666    12.2979    -1.8431     -2.775     0.2932    -0.3061 -9.990e-29
 283.491557     -2.779   0.454124    12.2858    -1.8427     -2.756     0.2929    -0.3049 -9.990e-29
 283.491562     -2.758   0.453121    12.2756    -1.8425     -2.735     0.2923    -0.3041 -9.990e-29
 283.491568     -2.732   0.451983    12.2629    -1.8424     -2.709     0.2916    -0.3031 -9.990e-29
 283.491574     -2.704   0.451409    12.2489    -1.8417     -2.681     0.2914    -0.3017 -9.990e-29
 283.491580     -2.681   0.451744    12.2397    -1.8408     -2.659     0.2916    -0.3004 -9.990e-29
 283.491586     -2.661   0.452328    12.2389    -1.8397     -2.639     0.2920    -0.3000 -9.990e-29
 283.491591     -2.640   0.452278    12.2451    -1.8383     -2.618     0.2920    -0.3008 -9.990e-29
 283.491597     -2.619   0.451531    12.2551    -1.8369     -2.597     0.2914    -0.3024 -9.990e-29
 283.491603     -2.603   0.450752    12.2662    -1.8358     -2.581     0.2908    -0.3042 -9.990e-29
 283.491609     -2.589   0.450566    12.2763    -1.8348     -2.567     0.2906    -0.3055 -9.990e-29
 283.491615     -2.577   0.450727    12.2854    -1.8339     -2.556     0.2906    -0.3066 -9.990e-29
 283.491620     -2.567   0.450340    12.2968    -1.8328     -2.546     0.2903    -0.3082 -9.990e-29
 283.491626     -2.557   0.448892    12.3143    -1.8330     -2.536     0.2892    -0.3111 -9.990e-29
 283.491632     -2.547   0.446669    12.3385    -1.8332     -2.526     0.2875    -0.3153 -9.990e-29
 283.491638     -2.536   0.444585    12.3690    -1.8329     -2.515     0.2859    -0.3202 -9.990e-29
 283.491644     -2.524   0.443186    12.4038    -1.8327     -2.503     0.2848    -0.3253 -9.990e-29
 283.491649     -2.509   0.442270    12.4391    -1.8324     -2.488     0.2839    -0.3302 -9.990e-29
 283.491655     -2.492   0.441723    12.4716    -1.8319     -2.471     0.2833    -0.3346 -9.990e-29
 283.491661     -2.470   0.441373    12.5007    -1.8314     -2.449     0.2829    -0.3384 -9.990e-29
 283.491667     -2.447   0.440753    12.5261    -1.8309     -2.427     0.2823    -0.3420 -9.990e-29
 283.491672     -2.430   0.439592    12.5441    -1.8308     -2.410     0.2814    -0.3449 -9.990e-29
 283.491678     -2.418   0.438004    12.5521    -1.8309     -2.398     0.2803    -0.3467 -9.990e-29
 283.491684     -2.400   0.436089    12.5559    -1.8306     -2.380     0.2790    -0.3482 -9.990e-29
 283.491690     -2.377   0.434061    12.5610    -1.8300     -2.357     0.2776    -0.3499 -9.990e-29
 283.491696     -2.356   0.432536    12.5680    -1.8292     -2.336     0.2766    -0.3515 -9.990e-29
 283.491701     -2.338   0.431693    12.5775    -1.8285     -2.319     0.2759    -0.3532 -9.990e-29
 283.491707     -2.324   0.430961    12.5895    -1.8285     -2.305     0.2754    -0.3551 -9.990e-29
 283.491713     -2.312   0.429918    12.6021    -1.8285     -2.293     0.2746    -0.3572 -9.990e-29
 283.491719     -2.302   0.428832    12.6125    -1.8279     -2.283     0.2738    -0.3591 -9.990e-29
 283.491725     -2.292   0.427915    12.6191    -1.8275     -2.273     0.2732    -0.3604 -9.990e-29
 283.491730     -2.283   0.427053    12.6244    -1.8270     -2.264     0.2726    -0.3616 -9.990e-29
 283.491736     -2.273   0.426201    12.6334    -1.8266     -2.254     0.2719    -0.3632 -9.990e-29
 283.491742     -2.262   0.425328    12.6478    -1.8266     -2.243     0.2713    -0.3654 -9.990e-29
 283.491748     -2.249   0.424379    12.6649    -1.8264     -2.230     0.2705    -0.3681 -9.990e-29
 283.491753     -2.234   0.423193    12.6793    -1.8261     -2.215     0.2696    -0.3706 -9.990e-29
 283.491759     -2.216   0.421849    12.6884    -1.8262     -2.198     0.2687    -0.3724 -9.990e-29
 283.491765     -2.192   0.420770    12.6965    -1.8268     -2.174     0.2679    -0.3740 -9.990e-29
 283.491771     -2.167   0.420176    12.7073    -1.8272     -2.149     0.2675    -0.3757 -9.990e-29
 283.491777     -2.147   0.419829    12.7193    -1.8271     -2.129     0.2672    -0.3775 -9.990e-29
 283.491782     -2.135   0.419264    12.7304    -1.8270     -2.117     0.2667    -0.3792 -9.990e-29
 283.491788     -2.126   0.418279    12.7394    -1.8268     -2.108     0.2660    -0.3809 -9.990e-29
 283.491794     -2.116   0.417223    12.7457    -1.8268     -2.098     0.2653    -0.3822 -9.990e-29
 283.491800     -2.107   0.416346    12.7503    -1.8271     -2.089     0.2647    -0.3833 -9.990e-29
 283.491806     -2.103   0.415585    12.7525    -1.8272     -2.085     0.2642    -0.3839 -9.990e-29
 283.491811     -2.101   0.415033    12.7494    -1.8265     -2.083     0.2638    -0.3838 -9.990e-29
 283.491817     -2.095   0.414505    12.7416    -1.8257     -2.078     0.2635    -0.3831 -9.990e-29
 283.491823     -2.086   0.413849    12.7353    -1.8251     -2.069     0.2632    -0.3826 -9.990e-29
 283.491829     -2.072   0.413297    12.7343    -1.8253     -2.055     0.2628    -0.3827 -9.990e-29
 283.491834     -2.057   0.412668    12.7365    -1.8258     -2.040     0.2624    -0.3833 -9.990e-29
 283.491840     -2.044   0.411675    12.7388    -1.8270     -2.027     0.2617    -0.3841 -9.990e-29
 283.491846     -2.033   0.410652    12.7388    -1.8283     -2.016     0.2610    -0.3847 -9.990e-29
 283.491852     -2.023   0.409894    12.7377    -1.8292     -2.006     0.2605    -0.3849 -9.990e-29
 283.491858     -2.013   0.409499    12.7416    -1.8303     -1.996     0.2603    -0.3856 -9.990e-29
 283.491863     -2.002   0.409490    12.7536    -1.8303     -1.985     0.2602    -0.3872 -9.990e-29
 283.491869     -1.990   0.409302    12.7684    -1.8297     -1.973     0.2600    -0.3892 -9.990e-29
