data/oxygen options/OCNMS/OCNMS1/raw_data/2013/CAST_TH015_130605faed.cnv
* Sea-Bird SBE19 Data File:
* FileName = C:\2013 Mooring Data\Deployment Casts\CAST_TH015_120605.hex
* Software Version 1.59
* Temperature SN = 2997
* Conductivity SN = 2997
* System UpLoad Time = Jun 05 2013 11:59:54
** CAST_TH015_120605
* ds
# nquan = 9                                 
# nvalues = 783                         
# units = specified
# name 0 = timeJ: Julian Days
# name 1 = prSM: Pressure, Strain Gauge [db]
# name 2 = c0mS/cm: Conductivity [mS/cm]
# name 3 = t090C: Temperature [ITS-90, deg C]
# name 4 = sbeox0ML/L: Oxygen, SBE 43 [ml/l]
# name 5 = depSM: Depth [salt water, m], lat = 47.5
# name 6 = sal00: Salinity, Practical [PSU]
# name 7 = sigma-é00: Density [sigma-theta, kg/m^3]
# name 8 = flag: flag
# span 0 = 156.446632, 156.451157       
# span 1 =     -5.470,     16.051       
# span 2 =   0.222544,  34.662646       
# span 3 =     8.4833,    12.7089       
# span 4 =    -1.8447,    10.1222       
# span 5 =     -5.424,     15.916       
# span 6 =     0.1402,    32.8064       
# span 7 =    -0.4691,    25.4802       
# span 8 = 0.0000e+00, 0.0000e+00       
# interval = seconds: 0.5
# start_time = Jun 05 2013 10:43:09 [Instrument's time stamp, header]
# bad_flag = -9.990e-29
*END*
[from data line 321]
 156.448490     -0.952   1.132066    12.2755    -1.8412     -0.944     0.7568     0.0581 -9.990e-29
 156.448495     -0.955   1.102900    12.2680    -1.8417     -0.947     0.7365     0.0433 -9.990e-29
 156.448501     -0.959   1.076415    12.2587    -1.8420     -0.951     0.7182     0.0301 -9.990e-29
 156.448507     -0.964   1.048882    12.2509    -1.8428     -0.956     0.6992     0.0162 -9.990e-29
 156.448513     -0.966   1.019610    12.2466    -1.8430     -0.958     0.6789     0.0009 -9.990e-29
 156.448519     -0.961   0.991681    12.2450    -1.8430     -0.953     0.6595    -0.0140 -9.990e-29
 156.448524     -0.952   0.969413    12.2439    -1.8431     -0.944     0.6441    -0.0259 -9.990e-29
 156.448530     -0.945   0.954701    12.2410    -1.8433     -0.937     0.6339    -0.0335 -9.990e-29
 156.448536     -0.938   0.944549    12.2360    -1.8435     -0.930     0.6270    -0.0383 -9.990e-29
 156.448542     -0.930   0.933179    12.2297    -1.8436     -0.922     0.6192    -0.0436 -9.990e-29
 156.448547     -0.922   0.918173    12.2227    -1.8435     -0.914     0.6090    -0.0508 -9.990e-29
 156.448553     -0.912   0.901134    12.2150    -1.8436     -0.904     0.5973    -0.0589 -9.990e-29
 156.448559     -0.901   0.882613    12.2070    -1.8433     -0.893     0.5846    -0.0679 -9.990e-29
 156.448565     -0.891   0.862848    12.2014    -1.8431     -0.884     0.5711    -0.0778 -9.990e-29
 156.448571     -0.887   0.845402    12.1987    -1.8434     -0.880     0.5591    -0.0868 -9.990e-29
 156.448576     -0.883   0.833609    12.1970    -1.8437     -0.876     0.5510    -0.0929 -9.990e-29
 156.448582     -0.876   0.825595    12.1953    -1.8437     -0.869     0.5455    -0.0970 -9.990e-29
 156.448588     -0.864   0.816769    12.1939    -1.8439     -0.857     0.5394    -0.1016 -9.990e-29
 156.448594     -0.851   0.805887    12.1934    -1.8440     -0.844     0.5320    -0.1073 -9.990e-29
 156.448600     -0.846   0.796170    12.1943    -1.8439     -0.839     0.5253    -0.1127 -9.990e-29
 156.448605     -0.848   0.789619    12.1967    -1.8440     -0.841     0.5208    -0.1165 -9.990e-29
 156.448611     -0.852   0.784147    12.2002    -1.8443     -0.845     0.5170    -0.1198 -9.990e-29
 156.448617     -0.859   0.777999    12.2023    -1.8443     -0.852     0.5127    -0.1234 -9.990e-29
 156.448623     -0.865   0.771841    12.2009    -1.8441     -0.858     0.5085    -0.1265 -9.990e-29
 156.448628     -0.866   0.765771    12.1984    -1.8444     -0.859     0.5044    -0.1294 -9.990e-29
 156.448634     -0.862   0.758342    12.1966    -1.8445     -0.855     0.4993    -0.1332 -9.990e-29
 156.448640     -0.853   0.749068    12.1954    -1.8445     -0.846     0.4930    -0.1380 -9.990e-29
 156.448646     -0.838   0.739986    12.1953    -1.8445     -0.831     0.4868    -0.1428 -9.990e-29
 156.448652     -0.821   0.733388    12.1956    -1.8444     -0.814     0.4823    -0.1464 -9.990e-29
 156.448657     -0.810   0.728235    12.1944    -1.8441     -0.803     0.4787    -0.1490 -9.990e-29
 156.448663     -0.802   0.721532    12.1925    -1.8440     -0.795     0.4742    -0.1523 -9.990e-29
 156.448669     -0.790   0.713206    12.1925    -1.8438     -0.783     0.4685    -0.1567 -9.990e-29
 156.448675     -0.773   0.706004    12.1929    -1.8438     -0.767     0.4636    -0.1606 -9.990e-29
 156.448681     -0.758   0.700850    12.1920    -1.8438     -0.752     0.4601    -0.1632 -9.990e-29
 156.448686     -0.748   0.695855    12.1912    -1.8436     -0.742     0.4567    -0.1658 -9.990e-29
 156.448692     -0.743   0.689344    12.1918    -1.8436     -0.737     0.4522    -0.1693 -9.990e-29
 156.448698     -0.742   0.682054    12.1931    -1.8436     -0.736     0.4473    -0.1734 -9.990e-29
 156.448704     -0.746   0.676451    12.1964    -1.8436     -0.740     0.4434    -0.1768 -9.990e-29
 156.448709     -0.750   0.673929    12.2021    -1.8437     -0.744     0.4416    -0.1788 -9.990e-29
 156.448715     -0.751   0.672785    12.2082    -1.8435     -0.745     0.4408    -0.1802 -9.990e-29
 156.448721     -0.752   0.669277    12.2129    -1.8433     -0.746     0.4383    -0.1827 -9.990e-29
 156.448727     -0.754   0.662051    12.2158    -1.8430     -0.748     0.4334    -0.1869 -9.990e-29
 156.448733     -0.752   0.654214    12.2178    -1.8428     -0.746     0.4280    -0.1913 -9.990e-29
 156.448738     -0.751   0.649163    12.2198    -1.8429     -0.745     0.4246    -0.1942 -9.990e-29
 156.448744     -0.751   0.646811    12.2219    -1.8434     -0.745     0.4230    -0.1957 -9.990e-29
 156.448750     -0.747   0.645131    12.2240    -1.8434     -0.741     0.4218    -0.1969 -9.990e-29
 156.448756     -0.740   0.641877    12.2258    -1.8431     -0.734     0.4196    -0.1988 -9.990e-29
 156.448762     -0.728   0.636031    12.2277    -1.8427     -0.722     0.4156    -0.2022 -9.990e-29
 156.448767     -0.715   0.629767    12.2305    -1.8419     -0.709     0.4113    -0.2058 -9.990e-29
 156.448773     -0.705   0.626361    12.2349    -1.8414     -0.699     0.4090    -0.2082 -9.990e-29
 156.448779     -0.697   0.626811    12.2402    -1.8398     -0.691     0.4092    -0.2086 -9.990e-29
 156.448785     -0.691   0.628388    12.2435    -1.8393     -0.685     0.4103    -0.2082 -9.990e-29
 156.448791     -0.686   0.627650    12.2414    -1.8392     -0.680     0.4098    -0.2083 -9.990e-29
 156.448796     -0.681   0.626380    12.2346    -1.8388     -0.675     0.4090    -0.2081 -9.990e-29
 156.448802     -0.677   0.630638    12.2278    -1.8382     -0.671     0.4119    -0.2050 -9.990e-29
 156.448808     -0.674   0.647204    12.2237    -1.8381     -0.668     0.4232    -0.1957 -9.990e-29
 156.448814     -0.670   0.679882    12.2217    -1.8385     -0.664     0.4455    -0.1782 -9.990e-29
 156.448819     -0.666   0.727918    12.2202    -1.8387     -0.660     0.4782    -0.1524 -9.990e-29
 156.448825     -0.662   0.793305    12.2187    -1.8388     -0.656     0.5230    -0.1173 -9.990e-29
 156.448831     -0.657   0.877897    12.2186    -1.8393     -0.652     0.5812    -0.0719 -9.990e-29
 156.448837     -0.652   0.981998    12.2203    -1.8396     -0.647     0.6532    -0.0160 -9.990e-29
 156.448843     -0.645   1.088693    12.2215    -1.5583     -0.640     0.7275     0.0418 -9.990e-29
 156.448848     -0.636   1.162899    12.2207    -1.5641     -0.631     0.7794     0.0823 -9.990e-29
 156.448854     -0.624   1.210445    12.2187    -1.5681     -0.619     0.8129     0.1086 -9.990e-29
 156.448860     -0.610   1.263681    12.2167    -1.5628     -0.605     0.8504     0.1381 -9.990e-29
 156.448866     -0.591   1.320974    12.2155    -1.5621     -0.586     0.8908     0.1697 -9.990e-29
 156.448872     -0.568   1.368911    12.2138    -1.5630     -0.563     0.9248     0.1964 -9.990e-29
 156.448877     -0.537   1.440916    12.2077    -1.5593     -0.533     0.9760     0.2370 -9.990e-29
 156.448883     -0.498   1.674005    12.1940    -1.5592     -0.494     1.1429     0.3685 -9.990e-29
 156.448889     -0.448   2.423303    12.1624    -1.5629     -0.444     1.6890     0.7969 -9.990e-29
 156.448895     -0.384   4.700614    12.0880    -1.5642     -0.381     3.4180     2.1476 -9.990e-29
 156.448900     -0.302  11.562855    11.9804    -1.5660     -0.299     9.0028     6.4813 -9.990e-29
 156.448906     -0.200  21.862849    11.8946    -1.5619     -0.198    18.0240    13.4609 -9.990e-29
 156.448912     -0.085  28.714397    11.8492    -1.5626     -0.084    24.3371    18.3494 -9.990e-29
 156.448918      0.033  31.054230    11.8220    -1.5635      0.033    26.5527    20.0694 -9.990e-29
 156.448924      0.140  31.992414    11.8023    -1.5656      0.139    27.4551    20.7718 -9.990e-29
 156.448929      0.221  32.423528    11.7942    -1.5656      0.219    27.8706    21.0952 -9.990e-29
 156.448935      0.274  32.645576    11.7990    -1.5625      0.272    28.0782    21.2552 -9.990e-29
 156.448941      0.302  32.786989    11.8099    -1.5628      0.299    28.2045    21.3513 -9.990e-29
 156.448947      0.310  32.773480    11.8183    -1.5622      0.307    28.1853    21.3349 -9.990e-29
 156.448953      0.312  32.612065    11.8193    -1.5633      0.309    28.0310    21.2151 -9.990e-29
 156.448958      0.321  32.454185    11.8177    -1.5654      0.318    27.8821    21.1000 -9.990e-29
 156.448964      0.338  32.418464    11.8187    -1.5625      0.335    27.8474    21.0729 -9.990e-29
 156.448970      0.354  32.478379    11.8191    -1.5626      0.351    27.9040    21.1168 -9.990e-29
 156.448976      0.372  32.492991    11.8149    -1.5632      0.369    27.9210    21.1307 -9.990e-29
 156.448981      0.400  32.426173    11.8042    -1.5638      0.397    27.8655    21.0895 -9.990e-29
 156.448987      0.441  32.366752    11.7886    -1.5881      0.437    27.8207    21.0575 -9.990e-29
 156.448993      0.485  32.410056    11.7754    -1.5644      0.481    27.8717    21.0994 -9.990e-29
 156.448999      0.520  32.534121    11.7722    -1.5605      0.516    27.9922    21.1933 -9.990e-29
 156.449005      0.550  32.623050    11.7781    -1.5947      0.545    28.0724    21.2544 -9.990e-29
 156.449010      0.585  32.629467    11.7796    -1.5647      0.580    28.0774    21.2580 -9.990e-29
 156.449016      0.627  32.566794    11.7688    -1.5646      0.622    28.0258    21.2200 -9.990e-29
 156.449022      0.666  32.532194    11.7594    -1.5636      0.660    27.9999    21.2015 -9.990e-29
 156.449028      0.691  32.583529    11.7631    -1.5617      0.685    28.0460    21.2366 -9.990e-29
 156.449034      0.705  32.590249    11.7736    -1.5638      0.699    28.0445    21.2336 -9.990e-29
 156.449039      0.717  32.426723    11.7846    -1.5631      0.711    27.8806    21.1047 -9.990e-29
 156.449045      0.731  31.972199    11.7955    -1.5624      0.725    27.4407    20.7619 -9.990e-29
 156.449051      0.744  31.596468    11.8050    -1.5623      0.738    27.0775    20.4789 -9.990e-29
 156.449057      0.754  31.735173    11.8122    -1.5620      0.748    27.2037    20.5753 -9.990e-29
 156.449063      0.759  31.648611    11.8173    -1.5621      0.753    27.1180    20.5080 -9.990e-29
 156.449068      0.762  31.346519    11.8197    -1.5628      0.756    26.8303    20.2848 -9.990e-29
 156.449074      0.766  31.672879    11.8193    -1.5623      0.760    27.1395    20.5244 -9.990e-29
 156.449080      0.776  32.166892    11.8173    -1.5627      0.770    27.6093    20.8888 -9.990e-29
 156.449086      0.788  32.391907    11.8153    -1.5625      0.781    27.8245    21.0558 -9.990e-29
 156.449091      0.799  32.498233    11.8129    -1.5612      0.792    27.9274    21.1360 -9.990e-29
 156.449097      0.809  32.521047    11.8093    -1.5601      0.802    27.9518    21.1555 -9.990e-29
 156.449103      0.814  32.543244    11.8064    -1.5602      0.807    27.9751    21.1740 -9.990e-29
 156.449109      0.812  32.588648    11.8067    -1.5605      0.805    28.0180    21.2073 -9.990e-29
 156.449115      0.805  32.622968    11.8088    -1.5606      0.798    28.0491    21.2310 -9.990e-29
 156.449120      0.802  32.634658    11.8091    -1.5608      0.795    28.0600    21.2394 -9.990e-29
 156.449126      0.808  32.623450    11.8023    -1.5610      0.801    28.0544    21.2363 -9.990e-29
 156.449132      0.818  32.610635    11.7866    -1.5613      0.811    28.0541    21.2387 -9.990e-29
 156.449138      0.824  32.626561    11.7711    -1.5611      0.817    28.0809    21.2623 -9.990e-29
 156.449144      0.822  32.673243    11.7662    -1.5605      0.815    28.1291    21.3005 -9.990e-29
 156.449149      0.817  32.744975    11.7704    -1.5602      0.810    28.1942    21.3502 -9.990e-29
 156.449155      0.817  32.827437    11.7722    -1.5597      0.810    28.2715    21.4098 -9.990e-29
 156.449161      0.822  32.884771    11.7662    -1.5592      0.815    28.3307    21.4567 -9.990e-29
 156.449167      0.827  32.906426    11.7576    -1.5592      0.820    28.3579    21.4793 -9.990e-29
 156.449172      0.833  32.913820    11.7499    -1.5601      0.826    28.3708    21.4907 -9.990e-29
 156.449178      0.837  32.918876    11.7437    -1.5606      0.830    28.3804    21.4992 -9.990e-29
 156.449184      0.838  32.919196    11.7411    -1.5615      0.831    28.3827    21.5014 -9.990e-29
 156.449190      0.841  32.916149    11.7435    -1.5616      0.834    28.3779    21.4973 -9.990e-29
 156.449196      0.842  32.916140    11.7503    -1.5608      0.835    28.3727    21.4921 -9.990e-29
 156.449201      0.837  32.926825    11.7637    -1.5607      0.830    28.3727    21.4897 -9.990e-29
 156.449207      0.828  32.944908    11.7815     7.6929      0.821    28.3764    21.4895 -9.990e-29
 156.449213      0.826  32.953436    11.7924     9.8426      0.819    28.3762    21.4874 -9.990e-29
 156.449219      0.833  32.951841    11.7885    10.1222      0.826    28.3776    21.4892 -9.990e-29
 156.449225      0.846  32.952951    11.7727     8.8096      0.839    28.3907    21.5021 -9.990e-29
 156.449230      0.856  32.953593    11.7514     5.7428      0.849    28.4076    21.5190 -9.990e-29
 156.449236      0.862  32.946602    11.7303     5.8366      0.855    28.4171    21.5300 -9.990e-29
 156.449242      0.862  32.937602    11.7174     5.9384      0.855    28.4183    21.5332 -9.990e-29
 156.449248      0.856  32.937944    11.7170     5.9348      0.849    28.4190    21.5338 -9.990e-29
 156.449253      0.850  32.955747    11.7259     5.9057      0.843    28.4292    21.5401 -9.990e-29
 156.449259      0.850  32.978156    11.7353     5.8397      0.843    28.4434    21.5495 -9.990e-29
 156.449265      0.858  32.984460    11.7369     5.7819      0.851    28.4482    21.5529 -9.990e-29
 156.449271      0.864  33.004738    11.7319     5.7422      0.857    28.4713    21.5718 -9.990e-29
 156.449277      0.865  33.049048    11.7273     5.7248      0.858    28.5172    21.6081 -9.990e-29
 156.449282      0.861  33.046887    11.7297     5.7256      0.854    28.5133    21.6047 -9.990e-29
 156.449288      0.855  32.974468    11.7399     5.7234      0.848    28.4363    21.5432 -9.990e-29
 156.449294      0.858  32.903119    11.7464     5.7187      0.851    28.3633    21.4854 -9.990e-29
 156.449300      0.867  32.914557    11.7402     5.7264      0.860    28.3789    21.4987 -9.990e-29
 156.449306      0.876  32.994167    11.7297     5.7241      0.869    28.4629    21.5656 -9.990e-29
 156.449311      0.881  33.038406    11.7279     5.7210      0.874    28.5066    21.5998 -9.990e-29
 156.449317      0.882  33.006362    11.7326     5.7159      0.875    28.4724    21.5724 -9.990e-29
 156.449323      0.879  32.972778    11.7359     5.7223      0.872    28.4378    21.5450 -9.990e-29
 156.449329      0.871  32.982336    11.7387     5.7294      0.864    28.4447    21.5500 -9.990e-29
 156.449334      0.864  32.983739    11.7424     5.7310      0.857    28.4433    21.5482 -9.990e-29
 156.449340      0.864  32.955157    11.7437     5.7314      0.857    28.4150    21.5260 -9.990e-29
 156.449346      0.871  32.933934    11.7395     5.7322      0.864    28.3979    21.5135 -9.990e-29
 156.449352      0.879  32.944818    11.7328     5.7296      0.872    28.4134    21.5267 -9.990e-29
 156.449358      0.882  32.965173    11.7291     5.7234      0.875    28.4357    21.5446 -9.990e-29
 156.449363      0.881  32.969299    11.7291     5.7252      0.874    28.4396    21.5477 -9.990e-29
 156.449369      0.881  32.968126    11.7308     5.7218      0.874    28.4372    21.5455 -9.990e-29
 156.449375      0.885  32.967195    11.7319     5.7301      0.878    28.4355    21.5440 -9.990e-29
 156.449381      0.890  32.963410    11.7330     5.7335      0.883    28.4310    21.5403 -9.990e-29
 156.449387      0.891  32.952670    11.7364     5.7275      0.884    28.4182    21.5298 -9.990e-29
 156.449392      0.889  32.928322    11.7423     5.7228      0.882    28.3904    21.5072 -9.990e-29
 156.449398      0.888  32.890219    11.7504     5.7162      0.881    28.3479    21.4728 -9.990e-29
 156.449404      0.892  32.847888    11.7580     5.7155      0.885    28.3017    21.4357 -9.990e-29
