data/oxygen options/OCNMS/OCNMS1/raw_data/2013/CAST_MB015_130724faed.cnv
* Sea-Bird SBE19 Data File:
* FileName = C:\2013 Mooring Data\1st Service\CAST_MB015_130724.hex
* Software Version 1.59
* Temperature SN = 2997
* Conductivity SN = 2997
* System UpLoad Time = Jul 24 2013 18:35:29
** CAST_MB015_130724
* ds
# nquan = 9                                 
# nvalues = 1108                        
# units = specified
# name 0 = timeJ: Julian Days
# name 1 = prSM: Pressure, Strain Gauge [db]
# name 2 = c0mS/cm: Conductivity [mS/cm]
# name 3 = t090C: Temperature [ITS-90, deg C]
# name 4 = sbeox0ML/L: Oxygen, SBE 43 [ml/l]
# name 5 = depSM: Depth [salt water, m], lat = 47.5
# name 6 = sal00: Salinity, Practical [PSU]
# name 7 = sigma-é00: Density [sigma-theta, kg/m^3]
# name 8 = flag: flag
# span 0 = 205.532106, 205.538513       
# span 1 =     -5.585,     15.163       
# span 2 =   0.170576,  36.549061       
# span 3 =     7.6473,    14.2182       
# span 4 =    -1.8059,    11.6348       
# span 5 =     -5.538,     15.036       
# span 6 =     0.1035,    33.7196       
# span 7 =    -0.6976,    26.1339       
# span 8 = 0.0000e+00, 0.0000e+00       
# interval = seconds: 0.5
# start_time = Jul 24 2013 12:46:14 [Instrument's time stamp, header]
# bad_flag = -9.990e-29
*END*
[from data line 641]
 205.535816      0.838  36.159791     9.7336    -1.5840      0.831    33.2759    25.6502 -9.990e-29
 205.535822      0.868  36.114417     9.5619    -1.5831      0.861    33.3888    25.7665 -9.990e-29
 205.535828      0.894  36.138865     9.4540    -1.5812      0.887    33.5147    25.8825 -9.990e-29
 205.535833      0.912  36.234859     9.4214    -1.5830      0.904    33.6444    25.9892 -9.990e-29
 205.535839      0.920  36.250773     9.4166    -1.5813      0.912    33.6653    26.0063 -9.990e-29
 205.535845      0.921  36.113660     9.4082    -1.5861      0.913    33.5316    25.9031 -9.990e-29
 205.535851      0.922  35.947667     9.3953    -1.5871      0.914    33.3722    25.7806 -9.990e-29
 205.535856      0.921  35.898933     9.3928    -1.5871      0.913    33.3243    25.7435 -9.990e-29
 205.535862      0.918  35.978072     9.4087    -1.5839      0.910    33.3911    25.7932 -9.990e-29
 205.535868      0.914  36.036240     9.4342    -1.5843      0.906    33.4273    25.8174 -9.990e-29
 205.535874      0.913  35.965534     9.4401    -1.5827      0.905    33.3489    25.7551 -9.990e-29
 205.535880      0.918  35.863799     9.4085    -1.5849      0.910    33.2734    25.7012 -9.990e-29
 205.535885      0.925  35.872102     9.3682    -1.5864      0.917    33.3195    25.7437 -9.990e-29
 205.535891      0.927  35.972912     9.3510    -1.5861      0.919    33.4397    25.8405 -9.990e-29
 205.535897      0.920  36.048514     9.3525    -1.5857      0.912    33.5165    25.9003 -9.990e-29
 205.535903      0.907  36.009203     9.3574    -1.5823      0.899    33.4712    25.8642 -9.990e-29
 205.535909      0.895  35.866389     9.3582    -1.5827      0.888    33.3229    25.7480 -9.990e-29
 205.535914      0.894  35.753417     9.3524    -1.5844      0.887    33.2116    25.6619 -9.990e-29
 205.535920      0.902  35.767233     9.3470    -1.5851      0.894    33.2309    25.6779 -9.990e-29
 205.535926      0.911  35.862364     9.3503    -1.5868      0.903    33.3261    25.7518 -9.990e-29
 205.535932      0.915  35.939865     9.3585    -1.5887      0.907    33.3986    25.8071 -9.990e-29
 205.535937      0.908  35.940019     9.3652    -1.5924      0.900    33.3925    25.8013 -9.990e-29
 205.535943      0.894  35.862440     9.3663    -1.5905      0.887    33.3113    25.7376 -9.990e-29
 205.535949      0.882  35.781239     9.3635    -1.5862      0.875    33.2301    25.6746 -9.990e-29
 205.535955      0.874  35.774662     9.3641    -1.5835      0.867    33.2227    25.6687 -9.990e-29
 205.535961      0.866  35.849033     9.3682    -1.5774      0.859    33.2957    25.7251 -9.990e-29
 205.535966      0.853  35.937104     9.3741    -1.5670      0.846    33.3812    25.7910 -9.990e-29
 205.535972      0.838  35.942275     9.3753    -1.5666      0.831    33.3854    25.7941 -9.990e-29
 205.535978      0.830  35.858526     9.3567    -1.5704      0.823    33.3162    25.7430 -9.990e-29
 205.535984      0.827  35.749504     9.3210    -1.5711      0.820    33.2368    25.6867 -9.990e-29
 205.535990      0.821  35.656920     9.3042    -1.5643      0.814    33.1567    25.6268 -9.990e-29
 205.535995      0.808  35.582773     9.3468    -1.5567      0.801    33.0407    25.5292 -9.990e-29
 205.536001      0.785  35.531790     9.4497    -1.5465      0.778    32.8933    25.3975 -9.990e-29
 205.536007      0.753  35.532863     9.6001    -1.5447      0.747    32.7567    25.2664 -9.990e-29
 205.536013      0.713  35.574516     9.8034    -1.5448      0.707    32.6144    25.1221 -9.990e-29
 205.536019      0.671  35.626006     9.9988    -1.5470      0.665    32.4904    24.9931 -9.990e-29
 205.536024      0.629  35.684274    10.0845    -1.5497      0.624    32.4724    24.9648 -9.990e-29
 205.536030      0.584  35.741310    10.0900    -1.5491      0.579    32.5252    25.0050 -9.990e-29
 205.536036      0.537  35.781304    10.1511     8.4967      0.533    32.5107    24.9835 -9.990e-29
 205.536042      0.499  35.805463    10.3265    11.1729      0.495    32.3781    24.8506 -9.990e-29
 205.536047      0.479  35.830827    10.5602    11.6348      0.475    32.1961    24.6691 -9.990e-29
 205.536053      0.477  35.891188    10.7652    10.2261      0.473    32.0758    24.5402 -9.990e-29
 205.536059      0.484  36.019970    10.8812     6.7188      0.480    32.1019    24.5403 -9.990e-29
 205.536065      0.496  36.172655    10.9087     6.7649      0.492    32.2290    24.6344 -9.990e-29
 205.536071      0.510  36.262639    10.8727     6.7703      0.506    32.3499    24.7348 -9.990e-29
 205.536076      0.517  36.271510    10.8064     6.6913      0.513    32.4173    24.7988 -9.990e-29
 205.536082      0.514  36.251960    10.7473     6.6440      0.510    32.4503    24.8348 -9.990e-29
 205.536088      0.505  36.250152    10.6850     6.7205      0.501    32.5039    24.8873 -9.990e-29
 205.536094      0.495  36.237296    10.6042     6.9198      0.491    32.5631    24.9474 -9.990e-29
 205.536100      0.477  36.176604    10.5000     7.1378      0.473    32.5955    24.9905 -9.990e-29
 205.536105      0.450  36.031370    10.3856     7.3530      0.446    32.5523    24.9764 -9.990e-29
 205.536111      0.423  35.786613    10.3499     7.4397      0.419    32.3384    24.8157 -9.990e-29
 205.536117      0.400  35.483434    10.4631     7.3983      0.397    31.9345    24.4818 -9.990e-29
 205.536123      0.391  35.127032    10.6665     7.2704      0.388    31.4029    24.0332 -9.990e-29
 205.536128      0.397  34.980956    10.8645     6.9273      0.394    31.0892    23.7553 -9.990e-29
 205.536134      0.420  35.358438    11.0162     6.4603      0.416    31.3321    23.9179 -9.990e-29
 205.536140      0.457  35.954523    11.1064     5.9717      0.453    31.8411    24.2980 -9.990e-29
 205.536146      0.501  36.320435    11.1216     5.5358      0.497    32.1882    24.5653 -9.990e-29
 205.536152      0.547  36.430335    11.0585     5.2121      0.542    32.3520    24.7038 -9.990e-29
 205.536157      0.589  36.408892    10.9353     4.9956      0.584    32.4395    24.7936 -9.990e-29
 205.536163      0.626  36.276228    10.7540     4.8762      0.621    32.4684    24.8478 -9.990e-29
 205.536169      0.660  36.078946    10.4639     4.8149      0.654    32.5299    24.9456 -9.990e-29
 205.536175      0.693  35.884493    10.0593     4.7805      0.687    32.6977    25.1448 -9.990e-29
 205.536181      0.727  35.668274     9.6591     4.7679      0.721    32.8415    25.3230 -9.990e-29
 205.536186      0.760  35.467391     9.3958     4.7945      0.754    32.8766    25.3930 -9.990e-29
 205.536192      0.786  35.360643     9.2994     4.8456      0.779    32.8551    25.3917 -9.990e-29
 205.536198      0.807  35.325465     9.2798     4.9039      0.800    32.8368    25.3805 -9.990e-29
 205.536204      0.827  35.293593     9.2294     4.9875      0.820    32.8502    25.3990 -9.990e-29
 205.536209      0.844  35.253863     9.1501     5.1053      0.837    32.8822    25.4365 -9.990e-29
 205.536215      0.854  35.238425     9.0983     5.2414      0.847    32.9140    25.4696 -9.990e-29
 205.536221      0.859  35.249621     9.0956     5.4155      0.852    32.9281    25.4811 -9.990e-29
 205.536227      0.858  35.269839     9.1423     5.5787      0.851    32.9060    25.4563 -9.990e-29
 205.536233      0.852  35.303027     9.2133     5.6370      0.845    32.8748    25.4207 -9.990e-29
 205.536238      0.845  35.345233     9.2673     5.6311      0.838    32.8687    25.4074 -9.990e-29
 205.536244      0.844  35.381569     9.3013     5.5901      0.837    32.8749    25.4069 -9.990e-29
 205.536250      0.853  35.428538     9.3383     5.5414      0.846    32.8894    25.4122 -9.990e-29
 205.536256      0.870  35.511211     9.3745     5.5282      0.863    32.9413    25.4470 -9.990e-29
 205.536262      0.887  35.581258     9.3866     5.5176      0.880    33.0023    25.4928 -9.990e-29
 205.536267      0.899  35.569594     9.3828     5.5169      0.891    32.9938    25.4868 -9.990e-29
 205.536273      0.909  35.526188     9.3962     5.5450      0.901    32.9367    25.4400 -9.990e-29
 205.536279      0.917  35.509092     9.4254     5.6398      0.909    32.8922    25.4005 -9.990e-29
 205.536285      0.923  35.501079     9.4447     5.8024      0.915    32.8663    25.3771 -9.990e-29
 205.536291      0.928  35.509359     9.4516     6.0052      0.920    32.8684    25.3777 -9.990e-29
 205.536296      0.931  35.535986     9.4599     6.1797      0.923    32.8882    25.3918 -9.990e-29
 205.536302      0.934  35.555380     9.4878     6.2839      0.926    32.8825    25.3829 -9.990e-29
 205.536308      0.937  35.568733     9.5507     6.3256      0.929    32.8386    25.3384 -9.990e-29
 205.536314      0.938  35.600548     9.6470     6.3855      0.930    32.7831    25.2794 -9.990e-29
 205.536319      0.940  35.661852     9.7565     6.4862      0.932    32.7460    25.2325 -9.990e-29
 205.536325      0.941  35.732979     9.8478     6.6717      0.933    32.7355    25.2093 -9.990e-29
 205.536331      0.942  35.783284     9.9023     6.8690      0.934    32.7371    25.2016 -9.990e-29
 205.536337      0.942  35.804778     9.9259     6.9860      0.934    32.7376    25.1980 -9.990e-29
 205.536343      0.943  35.816597     9.9465     7.0125      0.935    32.7309    25.1894 -9.990e-29
 205.536348      0.943  35.835049    10.0019     6.9822      0.935    32.6994    25.1557 -9.990e-29
 205.536354      0.944  35.881922    10.1196     6.9425      0.936    32.6405    25.0901 -9.990e-29
 205.536360      0.944  35.977121    10.2672     6.9287      0.936    32.6037    25.0366 -9.990e-29
 205.536366      0.945  36.069416    10.3638     6.9497      0.937    32.6098    25.0249 -9.990e-29
 205.536372      0.941  36.099799    10.3800     6.9598      0.933    32.6258    25.0347 -9.990e-29
 205.536377      0.929  36.089749    10.3439     6.9628      0.921    32.6482    25.0582 -9.990e-29
 205.536383      0.911  36.074049    10.3072     6.9405      0.903    32.6654    25.0779 -9.990e-29
 205.536389      0.895  36.071529    10.3142     6.8934      0.888    32.6566    25.0698 -9.990e-29
 205.536395      0.889  36.092805    10.3561     6.8685      0.882    32.6403    25.0500 -9.990e-29
 205.536400      0.893  36.119720    10.3939     6.8774      0.886    32.6334    25.0382 -9.990e-29
 205.536406      0.898  36.127643    10.4050     6.9099      0.891    32.6314    25.0347 -9.990e-29
 205.536412      0.900  36.117609    10.3889     6.9455      0.892    32.6358    25.0409 -9.990e-29
 205.536418      0.899  36.106484    10.3618     6.9687      0.891    32.6489    25.0557 -9.990e-29
 205.536424      0.899  36.103510    10.3525     6.9887      0.891    32.6543    25.0615 -9.990e-29
 205.536429      0.910  36.110305    10.3700     7.0022      0.902    32.6454    25.0516 -9.990e-29
 205.536435      0.931  36.126943    10.3951     7.0184      0.923    32.6396    25.0428 -9.990e-29
 205.536441      0.951  36.139173    10.4117     7.0247      0.943    32.6369    25.0379 -9.990e-29
 205.536447      0.959  36.138079    10.4246     7.0174      0.951    32.6243    25.0258 -9.990e-29
 205.536453      0.956  36.141240    10.4458     6.9888      0.948    32.6084    25.0099 -9.990e-29
 205.536458      0.948  36.161260    10.4766     6.9615      0.940    32.6009    24.9987 -9.990e-29
 205.536464      0.941  36.187282    10.5056     6.9646      0.933    32.6010    24.9939 -9.990e-29
 205.536470      0.934  36.200768    10.5182     6.9946      0.926    32.6032    24.9934 -9.990e-29
 205.536476      0.926  36.201201    10.5133     7.0338      0.918    32.6081    24.9980 -9.990e-29
 205.536481      0.917  36.201472    10.5093     7.0501      0.909    32.6119    25.0017 -9.990e-29
 205.536487      0.910  36.221538    10.5188     7.0590      0.902    32.6235    25.0091 -9.990e-29
 205.536493      0.910  36.243315    10.5324     7.0434      0.902    32.6331    25.0143 -9.990e-29
 205.536499      0.912  36.231955    10.5456     7.0124      0.904    32.6099    24.9940 -9.990e-29
 205.536505      0.913  36.215996    10.5686     7.0022      0.905    32.5734    24.9615 -9.990e-29
 205.536510      0.911  36.222328    10.5996     6.9855      0.903    32.5520    24.9396 -9.990e-29
 205.536516      0.907  36.240892    10.6246     6.9651      0.899    32.5483    24.9323 -9.990e-29
 205.536522      0.905  36.265613    10.6360     6.9497      0.897    32.5628    24.9417 -9.990e-29
 205.536528      0.909  36.275660    10.6325     6.9342      0.901    32.5759    24.9525 -9.990e-29
 205.536534      0.915  36.262008    10.6238     6.9196      0.907    32.5701    24.9494 -9.990e-29
 205.536539      0.919  36.258543    10.6192     6.9270      0.911    32.5707    24.9507 -9.990e-29
 205.536545      0.921  36.266790    10.6140     6.9318      0.913    32.5836    24.9617 -9.990e-29
 205.536551      0.923  36.262991    10.5998     6.9310      0.915    32.5925    24.9710 -9.990e-29
 205.536557      0.922  36.251590    10.5753     6.9216      0.914    32.6030    24.9834 -9.990e-29
 205.536563      0.925  36.239218    10.5539     6.9051      0.917    32.6098    24.9924 -9.990e-29
 205.536568      0.935  36.234013    10.5474     6.8618      0.927    32.6104    24.9940 -9.990e-29
 205.536574      0.949  36.240780    10.5483     6.8205      0.941    32.6163    24.9985 -9.990e-29
 205.536580      0.959  36.244431    10.5427     6.7831      0.951    32.6250    25.0062 -9.990e-29
 205.536586      0.961  36.236371    10.5246     6.7362      0.953    32.6331    25.0156 -9.990e-29
 205.536591      0.960  36.219845    10.5005     6.6978      0.952    32.6382    25.0237 -9.990e-29
 205.536597      0.960  36.199133    10.4829     6.6551      0.952    32.6332    25.0228 -9.990e-29
 205.536603      0.960  36.179097    10.4728     6.6210      0.952    32.6222    25.0160 -9.990e-29
 205.536609      0.962  36.161012    10.4640     6.6093      0.954    32.6119    25.0095 -9.990e-29
 205.536615      0.965  36.147639    10.4520     6.6179      0.957    32.6093    25.0095 -9.990e-29
 205.536620      0.970  36.138499    10.4341     6.6151      0.962    32.6161    25.0179 -9.990e-29
 205.536626      0.976  36.126990    10.4127     6.6180      0.968    32.6238    25.0275 -9.990e-29
 205.536632      0.984  36.103354    10.3897     6.6083      0.976    32.6207    25.0290 -9.990e-29
 205.536638      0.995  36.069109    10.3657     6.5930      0.987    32.6078    25.0230 -9.990e-29
 205.536644      1.005  36.045806    10.3469     6.6176      0.997    32.6013    25.0211 -9.990e-29
 205.536649      1.005  36.047735    10.3336     6.6404      0.997    32.6151    25.0342 -9.990e-29
 205.536655      0.997  36.060639    10.3193     6.6591      0.989    32.6410    25.0568 -9.990e-29
 205.536661      0.988  36.061929    10.3049     6.6303      0.980    32.6552    25.0703 -9.990e-29
 205.536667      0.986  36.053307    10.2955     6.5704      0.978    32.6550    25.0717 -9.990e-29
 205.536672      0.995  36.047910    10.2945     6.4919      0.987    32.6505    25.0684 -9.990e-29
 205.536678      1.008  36.051970    10.2973     6.4261      1.000    32.6520    25.0691 -9.990e-29
 205.536684      1.011  36.058556    10.2945     6.4228      1.003    32.6612    25.0767 -9.990e-29
 205.536690      1.002  36.056264    10.2847     6.4413      0.994    32.6677    25.0835 -9.990e-29
 205.536696      0.984  36.047627    10.2654     6.4498      0.976    32.6764    25.0935 -9.990e-29
 205.536701      0.968  36.025596    10.2255     6.4600      0.960    32.6901    25.1110 -9.990e-29
 205.536707      0.963  35.977589    10.1678     6.4261      0.955    32.6937    25.1235 -9.990e-29
 205.536713      0.963  35.936498    10.1248     6.3637      0.955    32.6910    25.1286 -9.990e-29
 205.536719      0.960  35.939952    10.1196     6.2864      0.952    32.6992    25.1358 -9.990e-29
 205.536725      0.953  35.954991    10.1373     6.1721      0.945    32.6984    25.1323 -9.990e-29
 205.536730      0.952  35.953463    10.1540     6.0601      0.944    32.6818    25.1165 -9.990e-29
