data/oxygen options/OCNMS/OCNMS1/raw_data/2013/CAST_CE042_130604faedb.cnv
* Sea-Bird SBE19 Data File:
* FileName = C:\2013 Mooring Data\Deployment Casts\CAST_CE042_130604.hex
* Software Version 1.59
* Temperature SN = 2997
* Conductivity SN = 2997
* System UpLoad Time = Jun 05 2013 12:07:07
** CAST_CE042_130604
* ds
# nquan = 9
# nvalues = 41                          
# units = specified
# name 0 = timeJ: Julian Days
# name 1 = prSM: Pressure, Strain Gauge [db]
# name 2 = c0mS/cm: Conductivity [mS/cm]
# name 3 = t090C: Temperature [ITS-90, deg C]
# name 4 = sbeox0ML/L: Oxygen, SBE 43 [ml/l]
# name 5 = depSM: Depth [salt water, m], lat = 47.5
# name 6 = sal00: Salinity, Practical [PSU]
# name 7 = sigma-é00: Density [sigma-theta, kg/m^3]
# name 8 = flag: flag
# span 0 = 155.557497, 155.558277       
# span 1 =      2.000,     42.000       
# span 2 =  32.321508,  36.492729       
# span 3 =     7.3797,    13.8985       
# span 4 =     2.2360,     6.8296       
# span 5 =      1.983,     41.645       
# span 6 =    26.2889,    33.7190       
# span 7 =    19.4866,    26.3569       
# span 8 = 0.0000e+00, 0.0000e+00       
# interval = decibars: 1                
# start_time = Jun 04 2013 13:17:13 [Instrument's time stamp, header]
# bad_flag = -9.990e-29
*END*
 155.557497      2.000  32.340669    13.8985     6.7588      1.983    26.2889    19.4866 0.0000e+00
 155.557537      3.000  32.324562    13.7719     6.7915      2.975    26.3609    19.5664 0.0000e+00
 155.557577      4.000  32.321508    13.6640     6.7993      3.967    26.4320    19.6419 0.0000e+00
 155.557605      5.000  32.322921    13.5388     6.8192      4.958    26.5194    19.7331 0.0000e+00
 155.557625      6.000  32.677385    13.4111     6.8296      5.950    26.9310    20.0747 0.0000e+00
 155.557645      7.000  33.756502    12.8106     6.7941      6.941    28.3662    21.2958 0.0000e+00
 155.557663      8.000  35.284908    12.1850     6.6486      7.933    30.2846    22.8960 0.0000e+00
 155.557682      9.000  35.428293    11.9366     6.5357      8.925    30.6266    23.2065 0.0000e+00
 155.557700     10.000  35.768341    11.8283     6.7207      9.916    31.0426    23.5489 0.0000e+00
 155.557718     11.000  36.304511    11.9897     6.4403     10.908    31.4227    23.8143 0.0000e+00
 155.557737     12.000  36.492729    11.9788     6.2603     11.900    31.6130    23.9639 0.0000e+00
 155.557755     13.000  36.207621    11.5927     6.2898     12.891    31.6652    24.0749 0.0000e+00
 155.557771     14.000  36.017400    11.3719     6.2248     13.883    31.6684    24.1171 0.0000e+00
 155.557787     15.000  35.897816    11.2152     6.1681     14.874    31.6855    24.1582 0.0000e+00
 155.557806     16.000  35.856861    11.1400     6.0691     15.866    31.7097    24.1902 0.0000e+00
 155.557824     17.000  35.816751    11.0187     6.0602     16.857    31.7744    24.2619 0.0000e+00
 155.557841     18.000  35.765665    10.8947     5.9148     17.849    31.8311    24.3276 0.0000e+00
 155.557858     19.000  35.712645    10.7843     5.6373     18.841    31.8742    24.3803 0.0000e+00
 155.557874     20.000  35.615522    10.6251     5.5561     19.832    31.9162    24.4403 0.0000e+00
 155.557891     21.000  35.504386    10.4516     5.4462     20.824    31.9569    24.5016 0.0000e+00
 155.557908     22.000  35.413111    10.2874     5.2470     21.816    32.0094    24.5702 0.0000e+00
 155.557924     23.000  35.351034    10.1757     5.3954     22.807    32.0452    24.6168 0.0000e+00
 155.557940     24.000  35.286497    10.0193     5.4231     23.798    32.1183    24.6998 0.0000e+00
 155.557955     25.000  35.225165     9.8979     4.9712     24.790    32.1638    24.7553 0.0000e+00
 155.557972     26.000  35.156472     9.7115     4.5566     25.781    32.2603    24.8610 0.0000e+00
 155.557988     27.000  34.980475     9.3154     4.4878     26.773    32.4368    25.0625 0.0000e+00
 155.558003     28.000  34.871899     9.1403     4.4547     27.764    32.4835    25.1266 0.0000e+00
 155.558019     29.000  34.834885     9.0760     4.4329     28.756    32.5034    25.1523 0.0000e+00
 155.558035     30.000  34.815026     9.0263     4.4274     29.748    32.5277    25.1791 0.0000e+00
 155.558051     31.000  34.788190     8.9736     4.4734     30.739    32.5476    25.2028 0.0000e+00
 155.558068     32.000  34.778377     8.9446     4.0868     31.731    32.5636    25.2198 0.0000e+00
 155.558087     33.000  34.759837     8.8891     3.6310     32.722    32.5948    25.2528 0.0000e+00
 155.558106     34.000  34.713722     8.6945     3.1897     33.714    32.7256    25.3852 0.0000e+00
 155.558124     35.000  34.647369     8.4081     2.9855     34.705    32.9218    25.5821 0.0000e+00
 155.558141     36.000  34.567153     8.1319     2.8506     35.697    33.0957    25.7597 0.0000e+00
 155.558158     37.000  34.530710     8.0103     2.5550     36.688    33.1713    25.8369 0.0000e+00
 155.558175     38.000  34.525745     7.9093     2.2829     37.680    33.2616    25.9224 0.0000e+00
 155.558191     39.000  34.488729     7.5926     2.2360     38.671    33.5249    26.1749 0.0000e+00
 155.558207     40.000  34.472394     7.4207     2.2565     39.663    33.6732    26.3158 0.0000e+00
 155.558226     41.000  34.469180     7.3797     2.2538     40.654    33.7090    26.3498 0.0000e+00
 155.558277     42.000  34.484023     7.3855     2.2729     41.645    33.7190    26.3569 0.0000e+00
