data/oxygen options/OCNMS/OCNMS1/raw_data/2013/CAST_KL027_131010faedb.cnv
* Sea-Bird SBE19 Data File:
* FileName = C:\2013 Mooring Data\Recovery\Casts\CAST_KL027_131010.hex
* Software Version 1.59
* Temperature SN = 2997
* Conductivity SN = 2997
* System UpLoad Time = Oct 11 2013 08:06:54
** CAST_KL027_131010
* ds
# nquan = 9
# nvalues = 26                          
# units = specified
# name 0 = timeJ: Julian Days
# name 1 = prSM: Pressure, Strain Gauge [db]
# name 2 = c0mS/cm: Conductivity [mS/cm]
# name 3 = t090C: Temperature [ITS-90, deg C]
# name 4 = sbeox0ML/L: Oxygen, SBE 43 [ml/l]
# name 5 = depSM: Depth [salt water, m], lat = 47.5
# name 6 = sal00: Salinity, Practical [PSU]
# name 7 = sigma-é00: Density [sigma-theta, kg/m^3]
# name 8 = flag: flag
# span 0 = 283.495319, 283.495792       
# span 1 =      2.000,     27.000       
# span 2 =  37.024977,  38.820775       
# span 3 =    13.1832,    14.4615       
# span 4 =     4.9707,     6.1445       
# span 5 =      1.983,     26.773       
# span 6 =    30.3238,    32.5308       
# span 7 =    22.5411,    24.4452       
# span 8 = 0.0000e+00, 0.0000e+00       
# interval = decibars: 1                
# start_time = Oct 10 2013 11:46:58 [Instrument's time stamp, header]
# bad_flag = -9.990e-29
*END*
 283.495319      2.000  37.025229    14.1744     6.1445      1.983    30.3238    22.5411 0.0000e+00
 283.495344      3.000  37.024977    14.1731     6.1066      2.975    30.3242    22.5418 0.0000e+00
 283.495362      4.000  37.047079    14.1825     6.0165      3.967    30.3366    22.5495 0.0000e+00
 283.495378      5.000  37.128891    14.2234     5.9317      4.958    30.3785    22.5735 0.0000e+00
 283.495393      6.000  37.307808    14.2789     5.8668      5.950    30.4971    22.6535 0.0000e+00
 283.495404      7.000  37.480391    14.2748     5.8776      6.941    30.6569    22.7776 0.0000e+00
 283.495417      8.000  37.597173    14.2536     5.8533      7.933    30.7796    22.8766 0.0000e+00
 283.495429      9.000  37.642918    14.2543     5.7246      8.925    30.8204    22.9079 0.0000e+00
 283.495443     10.000  37.728053    14.2821     5.6888      9.916    30.8753    22.9446 0.0000e+00
 283.495454     11.000  37.933328    14.3585     5.6601     10.908    31.0006    23.0254 0.0000e+00
 283.495468     12.000  38.140267    14.4049     5.6483     11.900    31.1511    23.1319 0.0000e+00
 283.495481     13.000  38.185211    14.4285     5.6960     12.891    31.1725    23.1436 0.0000e+00
 283.495494     14.000  38.422859    14.4615     5.7394     13.882    31.3615    23.2825 0.0000e+00
 283.495508     15.000  38.534850    14.4596     5.7336     14.874    31.4644    23.3622 0.0000e+00
 283.495524     16.000  38.497826    14.4502     5.6733     15.865    31.4380    23.3438 0.0000e+00
 283.495538     17.000  38.619516    14.4280     5.5466     16.857    31.5664    23.4474 0.0000e+00
 283.495554     18.000  38.718281    14.3941     5.5559     17.849    31.6836    23.5449 0.0000e+00
 283.495574     19.000  38.705589    14.3469     5.5063     18.841    31.7103    23.5753 0.0000e+00
 283.495607     20.000  38.694204    14.3161     5.4454     19.832    31.7247    23.5929 0.0000e+00
 283.495643     21.000  38.710202    14.2685     5.5022     20.824    31.7781    23.6439 0.0000e+00
 283.495666     22.000  38.799338    14.2236     5.4174     21.815    31.8963    23.7444 0.0000e+00
 283.495688     23.000  38.820775    14.1361     5.1652     22.807    31.9880    23.8332 0.0000e+00
 283.495709     24.000  38.817611    13.8796     4.9707     23.798    32.1987    24.0484 0.0000e+00
 283.495729     25.000  38.667329    13.4505     4.9710     24.790    32.4207    24.3068 0.0000e+00
 283.495749     26.000  38.541915    13.1832     5.0090     25.782    32.5308    24.4452 0.0000e+00
 283.495792     27.000  38.539574    13.2105     4.9765     26.773    32.5049    24.4197 0.0000e+00
