data/oxygen options/OCNMS/OCNMS1/raw_data/2013/CAST_CE042_130604faed.cnv
* Sea-Bird SBE19 Data File:
* FileName = C:\2013 Mooring Data\Deployment Casts\CAST_CE042_130604.hex
* Software Version 1.59
* Temperature SN = 2997
* Conductivity SN = 2997
* System UpLoad Time = Jun 05 2013 12:07:07
** CAST_CE042_130604
* ds
# nquan = 9                                 
# nvalues = 12196                       
# units = specified
# name 0 = timeJ: Julian Days
# name 1 = prSM: Pressure, Strain Gauge [db]
# name 2 = c0mS/cm: Conductivity [mS/cm]
# name 3 = t090C: Temperature [ITS-90, deg C]
# name 4 = sbeox0ML/L: Oxygen, SBE 43 [ml/l]
# name 5 = depSM: Depth [salt water, m], lat = 47.5
# name 6 = sal00: Salinity, Practical [PSU]
# name 7 = sigma-é00: Density [sigma-theta, kg/m^3]
# name 8 = flag: flag
# span 0 = 155.553623, 155.624196       
# span 1 =     -5.846,     42.282       
# span 2 =   0.180628,  36.521351       
# span 3 =     7.3649,    14.6656       
# span 4 =    -8.6266,    11.6658       
# span 5 =     -5.797,     41.925       
# span 6 =     0.1086,    33.7208       
# span 7 =    -0.7617,    26.3612       
# span 8 = 0.0000e+00, 0.0000e+00       
# interval = seconds: 0.5
# start_time = Jun 04 2013 13:17:13 [Instrument's time stamp, header]
# bad_flag = -9.990e-29
*END*
[from data line 7521]
 155.597147      0.930   0.221166    13.2006    -1.8151      0.922     0.1373    -0.5397 -9.990e-29
 155.597153      0.930   0.220667    13.1956    -1.8153      0.922     0.1370    -0.5393 -9.990e-29
 155.597159      0.928   0.220171    13.1894    -1.8153      0.920     0.1367    -0.5387 -9.990e-29
 155.597164      0.926   0.219571    13.1823    -1.8154      0.918     0.1363    -0.5381 -9.990e-29
 155.597170      0.923   0.219174    13.1753    -1.8153      0.915     0.1361    -0.5373 -9.990e-29
 155.597176      0.918   0.219006    13.1694    -1.8152      0.910     0.1360    -0.5367 -9.990e-29
 155.597182      0.912   0.218841    13.1642    -1.8156      0.904     0.1359    -0.5360 -9.990e-29
 155.597187      0.904   0.218459    13.1584    -1.8160      0.896     0.1357    -0.5355 -9.990e-29
 155.597193      0.893   0.217905    13.1517    -1.8162      0.886     0.1354    -0.5349 -9.990e-29
 155.597199      0.883   0.217547    13.1452    -1.8164      0.876     0.1352    -0.5342 -9.990e-29
 155.597205      0.879   0.217463    13.1401    -1.8166      0.872     0.1352    -0.5336 -9.990e-29
 155.597211      0.874   0.217539    13.1366    -1.8166      0.867     0.1352    -0.5331 -9.990e-29
 155.597216      0.869   0.217880    13.1350    -1.8167      0.862     0.1354    -0.5327 -9.990e-29
 155.597222      0.867   0.218386    13.1344    -1.8167      0.860     0.1357    -0.5324 -9.990e-29
 155.597228      0.866   0.218626    13.1322    -1.8169      0.859     0.1359    -0.5319 -9.990e-29
 155.597234      0.863   0.218366    13.1262    -1.8170      0.856     0.1358    -0.5313 -9.990e-29
 155.597240      0.868   0.217813    13.1185    -1.8169      0.861     0.1354    -0.5306 -9.990e-29
 155.597245      0.882   0.217335    13.1115    -1.8169      0.875     0.1352    -0.5299 -9.990e-29
 155.597251      0.895   0.216851    13.1057    -1.8168      0.888     0.1349    -0.5293 -9.990e-29
 155.597257      0.906   0.216268    13.1016    -1.8166      0.898     0.1345    -0.5291 -9.990e-29
 155.597263      0.914   0.215914    13.0991    -1.8165      0.906     0.1343    -0.5289 -9.990e-29
 155.597269      0.920   0.215874    13.0971    -1.8162      0.912     0.1343    -0.5287 -9.990e-29
 155.597274      0.925   0.216093    13.0947    -1.8159      0.917     0.1344    -0.5283 -9.990e-29
 155.597280      0.928   0.216311    13.0920    -1.8159      0.920     0.1346    -0.5278 -9.990e-29
 155.597286      0.930   0.216265    13.0904    -1.8159      0.922     0.1346    -0.5276 -9.990e-29
 155.597292      0.931   0.216446    13.0903    -1.8158      0.923     0.1347    -0.5275 -9.990e-29
 155.597297      0.932   0.217096    13.0915    -1.8158      0.924     0.1351    -0.5274 -9.990e-29
 155.597303      0.932   0.217975    13.0941    -1.8159      0.924     0.1356    -0.5273 -9.990e-29
 155.597309      0.931   0.219146    13.0978    -1.8159      0.923     0.1363    -0.5272 -9.990e-29
 155.597315      0.930   0.220512    13.1024    -1.8160      0.922     0.1372    -0.5271 -9.990e-29
 155.597321      0.927   0.221680    13.1082    -1.8163      0.919     0.1379    -0.5273 -9.990e-29
 155.597326      0.923   0.222546    13.1137    -1.8166      0.915     0.1384    -0.5276 -9.990e-29
 155.597332      0.919   0.223155    13.1168    -1.8167      0.911     0.1388    -0.5277 -9.990e-29
 155.597338      0.912   0.223215    13.1182    -1.8169      0.904     0.1388    -0.5279 -9.990e-29
 155.597344      0.903   0.222804    13.1188    -1.8169      0.895     0.1386    -0.5281 -9.990e-29
 155.597350      0.892   0.222482    13.1184    -1.8172      0.885     0.1384    -0.5283 -9.990e-29
 155.597355      0.882   0.222373    13.1173    -1.8173      0.875     0.1383    -0.5282 -9.990e-29
 155.597361      0.881   0.222332    13.1156    -1.8176      0.874     0.1383    -0.5280 -9.990e-29
 155.597367      0.888   0.222306    13.1120    -1.8178      0.881     0.1383    -0.5275 -9.990e-29
 155.597373      0.897   0.222261    13.1064    -1.8179      0.890     0.1383    -0.5268 -9.990e-29
 155.597378      0.902   0.222137    13.1004    -1.8181      0.894     0.1382    -0.5261 -9.990e-29
 155.597384      0.905   0.221767    13.0952    -1.8180      0.897     0.1380    -0.5256 -9.990e-29
 155.597390      0.905   0.221213    13.0905    -1.8181      0.897     0.1377    -0.5252 -9.990e-29
 155.597396      0.903   0.220842    13.0859    -1.8180      0.895     0.1374    -0.5248 -9.990e-29
 155.597402      0.902   0.220714    13.0811    -1.8180      0.894     0.1374    -0.5242 -9.990e-29
 155.597407      0.907   0.220658    13.0755    -1.8177      0.899     0.1374    -0.5235 -9.990e-29
 155.597413      0.914   0.220600    13.0697    -1.8176      0.906     0.1373    -0.5228 -9.990e-29
 155.597419      0.920   0.220460    13.0647    -1.8176      0.912     0.1373    -0.5222 -9.990e-29
 155.597425      0.923   0.220054    13.0608    -1.8178      0.915     0.1370    -0.5219 -9.990e-29
 155.597431      0.926   0.219392    13.0583    -1.8180      0.918     0.1366    -0.5219 -9.990e-29
 155.597436      0.927   0.218699    13.0571    -1.8182      0.919     0.1362    -0.5221 -9.990e-29
 155.597442      0.927   0.218159    13.0568    -1.8183      0.919     0.1359    -0.5223 -9.990e-29
 155.597448      0.926   0.218158    13.0576    -1.8184      0.918     0.1358    -0.5224 -9.990e-29
 155.597454      0.924   0.218696    13.0601    -1.8184      0.916     0.1362    -0.5225 -9.990e-29
 155.597459      0.921   0.219384    13.0635    -1.8183      0.913     0.1366    -0.5226 -9.990e-29
 155.597465      0.916   0.220031    13.0659    -1.8184      0.908     0.1370    -0.5226 -9.990e-29
 155.597471      0.910   0.220390    13.0653    -1.8184      0.902     0.1372    -0.5223 -9.990e-29
 155.597477      0.901   0.220388    13.0621    -1.8185      0.893     0.1372    -0.5219 -9.990e-29
 155.597483      0.894   0.220023    13.0578    -1.8186      0.887     0.1370    -0.5215 -9.990e-29
 155.597488      0.892   0.219361    13.0534    -1.8185      0.885     0.1366    -0.5213 -9.990e-29
 155.597494      0.891   0.218628    13.0500    -1.8185      0.884     0.1362    -0.5212 -9.990e-29
 155.597500      0.887   0.217953    13.0476    -1.8185      0.880     0.1358    -0.5212 -9.990e-29
 155.597506      0.879   0.217542    13.0462    -1.8186      0.872     0.1355    -0.5212 -9.990e-29
 155.597512      0.871   0.217402    13.0459    -1.8188      0.864     0.1354    -0.5213 -9.990e-29
 155.597517      0.872   0.217344    13.0456    -1.8187      0.865     0.1354    -0.5213 -9.990e-29
 155.597523      0.880   0.217293    13.0448    -1.8186      0.873     0.1353    -0.5212 -9.990e-29
 155.597529      0.889   0.217179    13.0437    -1.8188      0.882     0.1353    -0.5211 -9.990e-29
 155.597535      0.895   0.216849    13.0427    -1.8188      0.888     0.1351    -0.5211 -9.990e-29
 155.597541      0.897   0.216419    13.0422    -1.8191      0.890     0.1348    -0.5213 -9.990e-29
 155.597546      0.897   0.216420    13.0417    -1.8190      0.890     0.1348    -0.5212 -9.990e-29
 155.597552      0.893   0.216855    13.0407    -1.8192      0.886     0.1351    -0.5209 -9.990e-29
 155.597558      0.887   0.217195    13.0386    -1.8190      0.880     0.1353    -0.5204 -9.990e-29
 155.597564      0.880   0.217341    13.0366    -1.8192      0.873     0.1354    -0.5201 -9.990e-29
 155.597569      0.879   0.217487    13.0362    -1.8191      0.872     0.1355    -0.5200 -9.990e-29
 155.597575      0.882   0.217827    13.0361    -1.8189      0.875     0.1357    -0.5198 -9.990e-29
 155.597581      0.889   0.218262    13.0344    -1.8187      0.882     0.1360    -0.5194 -9.990e-29
 155.597587      0.898   0.218264    13.0317    -1.8187      0.891     0.1360    -0.5190 -9.990e-29
 155.597593      0.903   0.217834    13.0290    -1.8188      0.895     0.1357    -0.5189 -9.990e-29
 155.597598      0.905   0.217508    13.0270    -1.8189      0.897     0.1355    -0.5188 -9.990e-29
 155.597604      0.906   0.217403    13.0257    -1.8188      0.898     0.1355    -0.5186 -9.990e-29
 155.597610      0.903   0.217380    13.0251    -1.8186      0.895     0.1355    -0.5186 -9.990e-29
 155.597616      0.903   0.217409    13.0255    -1.8186      0.895     0.1355    -0.5186 -9.990e-29
 155.597622      0.908   0.217526    13.0273    -1.8186      0.900     0.1355    -0.5188 -9.990e-29
 155.597627      0.916   0.217889    13.0305    -1.8185      0.908     0.1358    -0.5190 -9.990e-29
 155.597633      0.922   0.218429    13.0335    -1.8183      0.914     0.1361    -0.5192 -9.990e-29
 155.597639      0.926   0.218758    13.0351    -1.8185      0.918     0.1363    -0.5192 -9.990e-29
 155.597645      0.929   0.218760    13.0351    -1.8187      0.921     0.1363    -0.5192 -9.990e-29
 155.597650      0.931   0.218438    13.0350    -1.8187      0.923     0.1361    -0.5193 -9.990e-29
 155.597656      0.932   0.217917    13.0361    -1.8188      0.924     0.1358    -0.5197 -9.990e-29
 155.597662      0.933   0.217607    13.0380    -1.8189      0.925     0.1356    -0.5201 -9.990e-29
 155.597668      0.933   0.217649    13.0395    -1.8188      0.925     0.1356    -0.5203 -9.990e-29
 155.597674      0.932   0.218101    13.0408    -1.8189      0.924     0.1359    -0.5203 -9.990e-29
 155.597679      0.930   0.219009    13.0423    -1.8188      0.922     0.1364    -0.5200 -9.990e-29
 155.597685      0.928   0.219924    13.0426    -1.8188      0.920     0.1370    -0.5196 -9.990e-29
 155.597691      0.924   0.220406    13.0405    -1.8188      0.916     0.1373    -0.5191 -9.990e-29
 155.597697      0.920   0.220544    13.0375    -1.8187      0.912     0.1374    -0.5186 -9.990e-29
 155.597703      0.913   0.220521    13.0349    -1.8186      0.905     0.1374    -0.5183 -9.990e-29
 155.597708      0.905   0.220860    13.0325    -1.8184      0.897     0.1376    -0.5178 -9.990e-29
 155.597714      0.894   0.222013    13.0308    -1.8184      0.887     0.1384    -0.5170 -9.990e-29
 155.597720      0.885   0.223303    13.0304    -1.8183      0.878     0.1392    -0.5164 -9.990e-29
 155.597726      0.884   0.224234    13.0310    -1.8182      0.877     0.1398    -0.5160 -9.990e-29
 155.597731      0.893   0.224941    13.0321    -1.8179      0.886     0.1402    -0.5158 -9.990e-29
 155.597737      0.902   0.225260    13.0333    -1.8178      0.894     0.1404    -0.5158 -9.990e-29
 155.597743      0.909   0.225062    13.0345    -1.8177      0.901     0.1403    -0.5160 -9.990e-29
 155.597749      0.914   0.224634    13.0363    -1.8175      0.906     0.1400    -0.5165 -9.990e-29
 155.597755      0.917   0.224513    13.0390    -1.8173      0.909     0.1399    -0.5169 -9.990e-29
 155.597760      0.918   0.224539    13.0421    -1.8175      0.910     0.1399    -0.5173 -9.990e-29
 155.597766      0.917   0.224193    13.0451    -1.8176      0.909     0.1397    -0.5178 -9.990e-29
 155.597772      0.915   0.223566    13.0485    -1.8177      0.907     0.1393    -0.5186 -9.990e-29
 155.597778      0.911   0.222930    13.0528    -1.8177      0.903     0.1389    -0.5195 -9.990e-29
 155.597784      0.905   0.222544    13.0574    -1.8178      0.897     0.1386    -0.5202 -9.990e-29
 155.597789      0.900   0.222446    13.0619    -1.8176      0.892     0.1385    -0.5209 -9.990e-29
 155.597795      0.902   0.222507    13.0661    -1.8175      0.894     0.1386    -0.5214 -9.990e-29
 155.597801      0.905   0.222806    13.0700    -1.8174      0.897     0.1387    -0.5218 -9.990e-29
 155.597807      0.905   0.223188    13.0722    -1.8173      0.897     0.1390    -0.5219 -9.990e-29
 155.597813      0.903   0.223054    13.0717    -1.8174      0.895     0.1389    -0.5219 -9.990e-29
 155.597818      0.899   0.222227    13.0694    -1.8174      0.891     0.1384    -0.5220 -9.990e-29
 155.597824      0.891   0.221264    13.0670    -1.8172      0.884     0.1378    -0.5221 -9.990e-29
 155.597830      0.880   0.220544    13.0655    -1.8170      0.873     0.1373    -0.5223 -9.990e-29
 155.597836      0.870   0.220214    13.0655    -1.8170      0.863     0.1371    -0.5224 -9.990e-29
 155.597841      0.863   0.220387    13.0673    -1.8170      0.856     0.1372    -0.5226 -9.990e-29
 155.597847      0.860   0.220738    13.0704    -1.8170      0.853     0.1374    -0.5228 -9.990e-29
 155.597853      0.864   0.221183    13.0734    -1.8169      0.857     0.1377    -0.5230 -9.990e-29
 155.597859      0.876   0.221762    13.0749    -1.8168      0.869     0.1381    -0.5229 -9.990e-29
 155.597865      0.888   0.222138    13.0752    -1.8167      0.881     0.1383    -0.5228 -9.990e-29
 155.597870      0.896   0.222259    13.0763    -1.8168      0.889     0.1384    -0.5229 -9.990e-29
 155.597876      0.901   0.222286    13.0794    -1.8171      0.893     0.1384    -0.5232 -9.990e-29
 155.597882      0.904   0.222257    13.0831    -1.8173      0.896     0.1383    -0.5237 -9.990e-29
 155.597888      0.904   0.222131    13.0855    -1.8176      0.896     0.1383    -0.5241 -9.990e-29
 155.597894      0.901   0.221741    13.0864    -1.8176      0.893     0.1380    -0.5244 -9.990e-29
 155.597899      0.896   0.221119    13.0870    -1.8177      0.889     0.1376    -0.5248 -9.990e-29
 155.597905      0.887   0.220543    13.0884    -1.8180      0.880     0.1373    -0.5253 -9.990e-29
 155.597911      0.880   0.220354    13.0901    -1.8181      0.873     0.1371    -0.5256 -9.990e-29
 155.597917      0.877   0.220853    13.0906    -1.8183      0.870     0.1374    -0.5254 -9.990e-29
 155.597922      0.878   0.221597    13.0885    -1.8184      0.871     0.1379    -0.5248 -9.990e-29
 155.597928      0.883   0.221919    13.0835    -1.8184      0.876     0.1381    -0.5240 -9.990e-29
 155.597934      0.889   0.221693    13.0768    -1.8184      0.882     0.1380    -0.5232 -9.990e-29
 155.597940      0.891   0.221171    13.0708    -1.8185      0.884     0.1377    -0.5227 -9.990e-29
 155.597946      0.890   0.220764    13.0669    -1.8184      0.883     0.1375    -0.5224 -9.990e-29
 155.597951      0.890   0.220482    13.0635    -1.8183      0.883     0.1373    -0.5221 -9.990e-29
 155.597957      0.895   0.219949    13.0590    -1.8185      0.888     0.1370    -0.5217 -9.990e-29
 155.597963      0.902   0.219009    13.0543    -1.8187      0.894     0.1364    -0.5216 -9.990e-29
 155.597969      0.905   0.218068    13.0505    -1.8187      0.897     0.1358    -0.5215 -9.990e-29
 155.597975      0.906   0.217533    13.0479    -1.8187      0.898     0.1355    -0.5215 -9.990e-29
 155.597980      0.905   0.217245    13.0466    -1.8189      0.897     0.1353    -0.5214 -9.990e-29
 155.597986      0.901   0.216820    13.0456    -1.8188      0.893     0.1350    -0.5215 -9.990e-29
 155.597992      0.894   0.216244    13.0449    -1.8189      0.887     0.1347    -0.5217 -9.990e-29
 155.597998      0.889   0.215855    13.0451    -1.8189      0.882     0.1344    -0.5219 -9.990e-29
 155.598003      0.889   0.215689    13.0450    -1.8187      0.882     0.1343    -0.5220 -9.990e-29
 155.598009      0.889   0.215525    13.0427    -1.8186      0.882     0.1342    -0.5218 -9.990e-29
 155.598015      0.887   0.215142    13.0393    -1.8184      0.880     0.1340    -0.5215 -9.990e-29
 155.598021      0.880   0.214584    13.0366    -1.8185      0.873     0.1337    -0.5214 -9.990e-29
 155.598027      0.874   0.214216    13.0345    -1.8185      0.867     0.1334    -0.5214 -9.990e-29
 155.598032      0.876   0.214099    13.0332    -1.8184      0.869     0.1334    -0.5212 -9.990e-29
 155.598038      0.886   0.214076    13.0328    -1.8184      0.879     0.1334    -0.5212 -9.990e-29
 155.598044      0.898   0.214117    13.0330    -1.8182      0.891     0.1334    -0.5212 -9.990e-29
 155.598050      0.906   0.214276    13.0341    -1.8182      0.898     0.1335    -0.5213 -9.990e-29
 155.598056      0.912   0.214765    13.0368    -1.8184      0.904     0.1338    -0.5214 -9.990e-29
 155.598061      0.916   0.215683    13.0400    -1.8187      0.908     0.1343    -0.5213 -9.990e-29
