data/oxygen options/OCNMS/OCNMS1/raw_data/2013/CAST_KL027_130604faedb.cnv
* Sea-Bird SBE19 Data File:
* FileName = C:\2013 Mooring Data\Deployment Casts\CAST_KL027_130604.hex
* Software Version 1.59
* Temperature SN = 2997
* Conductivity SN = 2997
* System UpLoad Time = Jun 05 2013 12:05:05
** CAST_KL027_130604
* ds
# nquan = 9
# nvalues = 28                          
# units = specified
# name 0 = timeJ: Julian Days
# name 1 = prSM: Pressure, Strain Gauge [db]
# name 2 = c0mS/cm: Conductivity [mS/cm]
# name 3 = t090C: Temperature [ITS-90, deg C]
# name 4 = sbeox0ML/L: Oxygen, SBE 43 [ml/l]
# name 5 = depSM: Depth [salt water, m], lat = 47.5
# name 6 = sal00: Salinity, Practical [PSU]
# name 7 = sigma-é00: Density [sigma-theta, kg/m^3]
# name 8 = flag: flag
# span 0 = 155.473845, 155.474372       
# span 1 =      2.000,     29.000       
# span 2 =  32.054631,  36.416281       
# span 3 =     8.1118,    13.5367       
# span 4 =     2.3533,     6.7683       
# span 5 =      1.983,     28.756       
# span 6 =    26.2786,    33.1117       
# span 7 =    19.5477,    25.7751       
# span 8 = 0.0000e+00, 0.0000e+00       
# interval = decibars: 1                
# start_time = Jun 04 2013 11:14:49 [Instrument's time stamp, header]
# bad_flag = -9.990e-29
*END*
 155.473845      2.000  32.054631    13.5367     6.7683      1.983    26.2786    19.5477 0.0000e+00
 155.473869      3.000  32.096296    13.3665     6.6978      2.975    26.4334    19.6992 0.0000e+00
 155.473886      4.000  32.883594    12.8618     6.3425      3.967    27.5139    20.6274 0.0000e+00
 155.473903      5.000  33.751172    12.4360     6.3289      4.958    28.6371    21.5741 0.0000e+00
 155.473919      6.000  34.096164    12.1825     6.5731      5.949    29.1600    22.0252 0.0000e+00
 155.473936      7.000  34.522556    12.0528     6.5159      6.941    29.6667    22.4413 0.0000e+00
 155.473956      8.000  34.985688    12.1073     6.6009      7.933    30.0643    22.7395 0.0000e+00
 155.473980      9.000  35.295496    12.2167     6.6143      8.925    30.2709    22.8796 0.0000e+00
 155.474004     10.000  35.699697    12.2984     6.6182      9.916    30.5889    23.1109 0.0000e+00
 155.474025     11.000  36.005994    12.2484     6.6415     10.908    30.9214    23.3779 0.0000e+00
 155.474046     12.000  36.149219    12.1888     6.6121     11.899    31.1071    23.5329 0.0000e+00
 155.474066     13.000  36.229723    12.1207     6.6339     12.891    31.2405    23.6490 0.0000e+00
 155.474085     14.000  36.346253    12.0051     6.6527     13.883    31.4490    23.8320 0.0000e+00
 155.474104     15.000  36.416281    11.8989     6.7277     14.874    31.6058    23.9732 0.0000e+00
 155.474123     16.000  36.322349    11.7256     6.7204     15.866    31.6620    24.0484 0.0000e+00
 155.474141     17.000  36.151575    11.5045     6.6815     16.857    31.6845    24.1059 0.0000e+00
 155.474159     18.000  35.991431    11.2688     6.4163     17.849    31.7299    24.1832 0.0000e+00
 155.474177     19.000  35.826413    10.9842     5.8482     18.840    31.8131    24.2979 0.0000e+00
 155.474195     20.000  35.605604    10.5226     5.6179     19.832    31.9964    24.5201 0.0000e+00
 155.474211     21.000  35.350261    10.0414     5.5394     20.824    32.1645    24.7320 0.0000e+00
 155.474228     22.000  35.208830     9.8743     5.1450     21.815    32.1695    24.7635 0.0000e+00
 155.474246     23.000  35.138472     9.6989     4.2956     22.807    32.2545    24.8585 0.0000e+00
 155.474264     24.000  35.009095     9.3536     3.1378     23.798    32.4331    25.0535 0.0000e+00
 155.474281     25.000  34.894080     9.0097     2.4723     24.790    32.6276    25.2596 0.0000e+00
 155.474299     26.000  34.714983     8.4721     2.3825     25.781    32.9376    25.5846 0.0000e+00
 155.474319     27.000  34.610644     8.2438     2.4015     26.773    33.0405    25.6997 0.0000e+00
 155.474342     28.000  34.567024     8.1195     2.4941     27.764    33.1110    25.7734 0.0000e+00
 155.474372     29.000  34.561392     8.1118     2.3533     28.756    33.1117    25.7751 0.0000e+00
