data/oxygen options/OCNMS/OCNMS1/raw_data/2013/CAST_CE042_130828faed.cnv
* Sea-Bird SBE19 Data File:
* FileName = C:\2013 Mooring Data\2nd Service\Casts\CAST_CE042_130828.hex
* Software Version 1.59
* Temperature SN = 2997
* Conductivity SN = 2997
* System UpLoad Time = Aug 28 2013 15:50:20
** CAST_CE042_130828
* ds
# nquan = 9                                 
# nvalues = 1223                        
# units = specified
# name 0 = timeJ: Julian Days
# name 1 = prSM: Pressure, Strain Gauge [db]
# name 2 = c0mS/cm: Conductivity [mS/cm]
# name 3 = t090C: Temperature [ITS-90, deg C]
# name 4 = sbeox0ML/L: Oxygen, SBE 43 [ml/l]
# name 5 = depSM: Depth [salt water, m], lat = 47.5
# name 6 = sal00: Salinity, Practical [PSU]
# name 7 = sigma-é00: Density [sigma-theta, kg/m^3]
# name 8 = flag: flag
# span 0 = 240.549132, 240.556204       
# span 1 =     -5.394,     44.292       
# span 2 =   0.504259,  39.349322       
# span 3 =     7.3502,    16.2976       
# span 4 =    -1.7250,    10.3789       
# span 5 =     -5.349,     43.918       
# span 6 =     0.2975,    33.5952       
# span 7 =    -0.8598,    26.2631       
# span 8 = 0.0000e+00, 0.0000e+00       
# interval = seconds: 0.5
# start_time = Aug 28 2013 13:10:45 [Instrument's time stamp, header]
# bad_flag = -9.990e-29
*END*
 240.549132     -5.394 -9.990e-29    16.0140    -1.7237     -5.349 -9.990e-29 -9.990e-29 -9.990e-29
 240.549138     -5.361   0.567675    16.0232    -1.7238     -5.316     0.3362    -0.7997 -9.990e-29
 240.549144     -5.331   0.567196    16.0287    -1.7243     -5.287     0.3358    -0.8008 -9.990e-29
 240.549149     -5.306   0.564284    16.0298    -1.7246     -5.262     0.3340    -0.8024 -9.990e-29
 240.549155     -5.285   0.559485    16.0290    -1.7244     -5.241     0.3311    -0.8045 -9.990e-29
 240.549161     -5.266   0.555265    16.0279    -1.7244     -5.222     0.3285    -0.8063 -9.990e-29
 240.549167     -5.248   0.552642    16.0276    -1.7244     -5.204     0.3269    -0.8075 -9.990e-29
 240.549172     -5.229   0.552551    16.0285    -1.7241     -5.185     0.3269    -0.8077 -9.990e-29
 240.549178     -5.209   0.554871    16.0308    -1.7241     -5.166     0.3283    -0.8070 -9.990e-29
 240.549184     -5.187   0.556050    16.0324    -1.7241     -5.144     0.3290    -0.8067 -9.990e-29
 240.549190     -5.160   0.554339    16.0299    -1.7243     -5.117     0.3280    -0.8071 -9.990e-29
 240.549196     -5.127   0.551332    16.0233    -1.7245     -5.084     0.3262    -0.8074 -9.990e-29
 240.549201     -5.091   0.547451    16.0174    -1.7246     -5.049     0.3239    -0.8082 -9.990e-29
 240.549207     -5.057   0.543617    16.0152    -1.7244     -5.015     0.3215    -0.8096 -9.990e-29
 240.549213     -5.028   0.543026    16.0157    -1.7243     -4.986     0.3212    -0.8100 -9.990e-29
 240.549219     -5.001   0.545443    16.0187    -1.7242     -4.959     0.3226    -0.8094 -9.990e-29
 240.549225     -4.976   0.546341    16.0230    -1.7243     -4.935     0.3231    -0.8097 -9.990e-29
 240.549230     -4.951   0.544148    16.0256    -1.7241     -4.910     0.3218    -0.8111 -9.990e-29
 240.549236     -4.923   0.540926    16.0251    -1.7243     -4.882     0.3198    -0.8126 -9.990e-29
 240.549242     -4.892   0.538469    16.0221    -1.7243     -4.851     0.3183    -0.8132 -9.990e-29
 240.549248     -4.859   0.536826    16.0184    -1.7245     -4.819     0.3174    -0.8134 -9.990e-29
 240.549253     -4.827   0.534363    16.0168    -1.7243     -4.787     0.3159    -0.8142 -9.990e-29
 240.549259     -4.793   0.532227    16.0182    -1.7243     -4.753     0.3146    -0.8155 -9.990e-29
 240.549265     -4.761   0.534216    16.0207    -1.7245     -4.721     0.3158    -0.8150 -9.990e-29
 240.549271     -4.731   0.539659    16.0225    -1.7247     -4.692     0.3191    -0.8127 -9.990e-29
 240.549277     -4.702   0.543632    16.0241    -1.7248     -4.663     0.3215    -0.8111 -9.990e-29
 240.549282     -4.672   0.543126    16.0258    -1.7245     -4.633     0.3212    -0.8116 -9.990e-29
 240.549288     -4.640   0.539129    16.0260    -1.7245     -4.601     0.3187    -0.8136 -9.990e-29
 240.549294     -4.608   0.534621    16.0245    -1.7245     -4.570     0.3160    -0.8154 -9.990e-29
 240.549300     -4.577   0.531343    16.0236    -1.7245     -4.539     0.3140    -0.8168 -9.990e-29
 240.549306     -4.546   0.528803    16.0237    -1.7245     -4.508     0.3124    -0.8180 -9.990e-29
 240.549311     -4.517   0.526938    16.0221    -1.7242     -4.479     0.3113    -0.8186 -9.990e-29
 240.549317     -4.493   0.527693    16.0185    -1.7240     -4.456     0.3118    -0.8177 -9.990e-29
 240.549323     -4.472   0.530968    16.0153    -1.7239     -4.435     0.3138    -0.8156 -9.990e-29
 240.549329     -4.453   0.532270    16.0150    -1.7239     -4.416     0.3146    -0.8149 -9.990e-29
 240.549334     -4.434   0.529460    16.0170    -1.7241     -4.397     0.3129    -0.8166 -9.990e-29
 240.549340     -4.415   0.525991    16.0187    -1.7240     -4.378     0.3108    -0.8185 -9.990e-29
 240.549346     -4.390   0.524436    16.0203    -1.7239     -4.353     0.3098    -0.8195 -9.990e-29
 240.549352     -4.353   0.524385    16.0228    -1.7238     -4.317     0.3098    -0.8199 -9.990e-29
 240.549358     -4.310   0.525772    16.0273    -1.7238     -4.274     0.3106    -0.8201 -9.990e-29
 240.549363     -4.271   0.527123    16.0340    -1.7237     -4.235     0.3113    -0.8206 -9.990e-29
 240.549369     -4.238   0.525259    16.0405    -1.7238     -4.203     0.3102    -0.8225 -9.990e-29
 240.549375     -4.209   0.520463    16.0442    -1.7239     -4.174     0.3072    -0.8254 -9.990e-29
 240.549381     -4.183   0.516310    16.0447    -1.7240     -4.148     0.3047    -0.8274 -9.990e-29
 240.549387     -4.157   0.515016    16.0439    -1.7240     -4.122     0.3039    -0.8279 -9.990e-29
 240.549392     -4.134   0.515413    16.0444    -1.7240     -4.100     0.3041    -0.8278 -9.990e-29
 240.549398     -4.117   0.515816    16.0465    -1.7242     -4.083     0.3044    -0.8280 -9.990e-29
 240.549404     -4.101   0.517317    16.0489    -1.7242     -4.067     0.3053    -0.8277 -9.990e-29
 240.549410     -4.084   0.519149    16.0504    -1.7245     -4.050     0.3064    -0.8271 -9.990e-29
 240.549416     -4.070   0.518216    16.0508    -1.7245     -4.036     0.3058    -0.8276 -9.990e-29
 240.549421     -4.054   0.516045    16.0503    -1.7246     -4.020     0.3045    -0.8285 -9.990e-29
 240.549427     -4.030   0.514726    16.0492    -1.7246     -3.996     0.3037    -0.8289 -9.990e-29
 240.549433     -4.001   0.512500    16.0479    -1.7245     -3.968     0.3023    -0.8298 -9.990e-29
 240.549439     -3.974   0.509169    16.0467    -1.7247     -3.941     0.3003    -0.8311 -9.990e-29
 240.549444     -3.947   0.506939    16.0449    -1.7250     -3.914     0.2990    -0.8319 -9.990e-29
 240.549450     -3.914   0.506161    16.0417    -1.7250     -3.881     0.2985    -0.8317 -9.990e-29
 240.549456     -3.882   0.505799    16.0369    -1.7243     -3.850     0.2984    -0.8310 -9.990e-29
 240.549462     -3.857   0.507031    16.0323    -1.7234     -3.825     0.2991    -0.8297 -9.990e-29
 240.549468     -3.833   0.509840    16.0300    -1.7230     -3.801     0.3009    -0.8280 -9.990e-29
 240.549473     -3.804   0.510219    16.0292    -1.7223     -3.772     0.3011    -0.8277 -9.990e-29
 240.549479     -3.773   0.507014    16.0280    -1.7218     -3.742     0.2992    -0.8290 -9.990e-29
 240.549485     -3.747   0.504259    16.0250    -1.7216     -3.716     0.2975    -0.8298 -9.990e-29
 240.549491     -3.723   0.506036    16.0204    -1.7217     -3.692     0.2986    -0.8281 -9.990e-29
 240.549497     -3.697   0.512498    16.0167    -1.7215     -3.666     0.3026    -0.8245 -9.990e-29
 240.549502     -3.670   0.519523    16.0168    -1.7212     -3.639     0.3068    -0.8212 -9.990e-29
 240.549508     -3.645   0.527620    16.0200    -1.7213     -3.615     0.3117    -0.8179 -9.990e-29
 240.549514     -3.620   0.552568    16.0227    -1.7212     -3.590     0.3269    -0.8067 -9.990e-29
 240.549520     -3.595   0.611574    16.0247    -1.7207     -3.565     0.3630    -0.7791 -9.990e-29
 240.549525     -3.571   0.695808    16.0296    -1.7205     -3.541     0.4148    -0.7400 -9.990e-29
 240.549531     -3.552   0.779120    16.0378    -1.7208     -3.522     0.4663    -0.7016 -9.990e-29
 240.549537     -3.531   0.840216    16.0457    -1.7210     -3.502     0.5043    -0.6736 -9.990e-29
 240.549543     -3.504   0.869714    16.0520    -1.7211     -3.475     0.5226    -0.6605 -9.990e-29
 240.549549     -3.473   0.875374    16.0570    -1.7212     -3.444     0.5261    -0.6586 -9.990e-29
 240.549554     -3.445   0.873605    16.0601    -1.7211     -3.416     0.5249    -0.6600 -9.990e-29
 240.549560     -3.421   0.877560    16.0619    -1.7210     -3.392     0.5274    -0.6584 -9.990e-29
 240.549566     -3.401   0.888082    16.0643    -1.7212     -3.373     0.5339    -0.6538 -9.990e-29
 240.549572     -3.383   0.898154    16.0661    -1.7216     -3.355     0.5402    -0.6492 -9.990e-29
 240.549578     -3.366   0.911787    16.0646    -1.7219     -3.338     0.5488    -0.6424 -9.990e-29
 240.549583     -3.348   0.934420    16.0618    -1.7220     -3.320     0.5630    -0.6310 -9.990e-29
 240.549589     -3.330   0.953576    16.0617    -1.7224     -3.302     0.5750    -0.6217 -9.990e-29
 240.549595     -3.309   0.954357    16.0647    -1.7230     -3.281     0.5755    -0.6218 -9.990e-29
 240.549601     -3.285   0.936147    16.0691    -1.7236     -3.258     0.5640    -0.6314 -9.990e-29
 240.549606     -3.255   0.908459    16.0723    -1.7238     -3.228     0.5466    -0.6453 -9.990e-29
 240.549612     -3.223   0.883679    16.0706    -1.7241     -3.196     0.5311    -0.6570 -9.990e-29
 240.549618     -3.194   0.872531    16.0640    -1.7242     -3.167     0.5242    -0.6612 -9.990e-29
 240.549624     -3.172   0.875663    16.0568    -1.7239     -3.146     0.5263    -0.6585 -9.990e-29
 240.549630     -3.154   0.878418    16.0516    -1.7239     -3.128     0.5280    -0.6562 -9.990e-29
 240.549635     -3.140   0.868405    16.0457    -1.7232     -3.114     0.5219    -0.6600 -9.990e-29
 240.549641     -3.129   0.849448    16.0357    -1.7225     -3.103     0.5101    -0.6674 -9.990e-29
 240.549647     -3.119   0.830061    16.0225    -1.7218     -3.093     0.4982    -0.6745 -9.990e-29
 240.549653     -3.111   0.812091    16.0095    -1.7221     -3.085     0.4872    -0.6808 -9.990e-29
 240.549659     -3.104   0.795399    15.9992    -1.7223     -3.078     0.4769    -0.6871 -9.990e-29
 240.549664     -3.098   0.784318    15.9934    -1.7223     -3.072     0.4701    -0.6914 -9.990e-29
 240.549670     -3.087   0.778477    15.9939    -1.7223     -3.061     0.4664    -0.6943 -9.990e-29
 240.549676     -3.067   0.771749    16.0010    -1.7222     -3.041     0.4622    -0.6987 -9.990e-29
 240.549682     -3.041   0.764028    16.0138    -1.7217     -3.016     0.4572    -0.7046 -9.990e-29
 240.549688     -3.015   0.754989    16.0304    -1.7215     -2.990     0.4514    -0.7118 -9.990e-29
 240.549693     -2.997   0.745320    16.0467    -1.7218     -2.972     0.4453    -0.7193 -9.990e-29
 240.549699     -2.986   0.745396    16.0583    -1.7220     -2.961     0.4452    -0.7212 -9.990e-29
 240.549705     -2.972   0.756979    16.0631    -1.7220     -2.947     0.4523    -0.7165 -9.990e-29
 240.549711     -2.954   0.763942    16.0634    -1.7218     -2.929     0.4566    -0.7132 -9.990e-29
 240.549716     -2.940   0.758403    16.0629    -1.7219     -2.915     0.4532    -0.7158 -9.990e-29
 240.549722     -2.929   0.750701    16.0614    -1.7222     -2.905     0.4484    -0.7192 -9.990e-29
 240.549728     -2.915   0.751062    16.0581    -1.7223     -2.891     0.4487    -0.7185 -9.990e-29
 240.549734     -2.903   0.766061    16.0528    -1.7220     -2.879     0.4580    -0.7104 -9.990e-29
 240.549740     -2.896   0.801295    16.0459    -1.7219     -2.872     0.4800    -0.6923 -9.990e-29
 240.549745     -2.889   0.851124    16.0398    -1.7220     -2.865     0.5111    -0.6673 -9.990e-29
 240.549751     -2.877   0.894472    16.0372    -1.7217     -2.853     0.5383    -0.6460 -9.990e-29
 240.549757     -2.863   0.912694    16.0380    -1.7219     -2.839     0.5497    -0.6373 -9.990e-29
 240.549763     -2.852   0.909592    16.0393    -1.7222     -2.828     0.5477    -0.6390 -9.990e-29
 240.549769     -2.843   0.902635    16.0380    -1.7223     -2.819     0.5434    -0.6422 -9.990e-29
 240.549774     -2.835   0.898613    16.0342    -1.7223     -2.811     0.5409    -0.6434 -9.990e-29
 240.549780     -2.822   0.893274    16.0317    -1.7223     -2.798     0.5376    -0.6456 -9.990e-29
 240.549786     -2.801   0.891132    16.0330    -1.7225     -2.778     0.5362    -0.6468 -9.990e-29
 240.549792     -2.774   0.898751    16.0348    -1.7228     -2.751     0.5410    -0.6435 -9.990e-29
 240.549797     -2.748   0.908010    16.0329    -1.7231     -2.725     0.5468    -0.6387 -9.990e-29
 240.549803     -2.729   0.914639    16.0296    -1.7233     -2.706     0.5510    -0.6349 -9.990e-29
 240.549809     -2.717   0.928583    16.0278    -1.7233     -2.694     0.5598    -0.6278 -9.990e-29
 240.549815     -2.706   0.943509    16.0278    -1.7233     -2.683     0.5692    -0.6206 -9.990e-29
 240.549821     -2.697   0.939434    16.0304    -1.7234     -2.675     0.5666    -0.6230 -9.990e-29
 240.549826     -2.683   0.918130    16.0344    -1.7232     -2.661     0.5531    -0.6340 -9.990e-29
 240.549832     -2.665   0.892184    16.0359    -1.7234     -2.643     0.5369    -0.6468 -9.990e-29
 240.549838     -2.649   0.866887    16.0332    -1.7234     -2.627     0.5211    -0.6586 -9.990e-29
 240.549844     -2.630   0.845069    16.0283    -1.7235     -2.608     0.5075    -0.6682 -9.990e-29
 240.549850     -2.598   0.828105    16.0234    -1.7236     -2.576     0.4970    -0.6755 -9.990e-29
 240.549855     -2.565   0.815722    16.0210    -1.7237     -2.544     0.4893    -0.6811 -9.990e-29
 240.549861     -2.541   0.805260    16.0223    -1.7240     -2.520     0.4828    -0.6863 -9.990e-29
 240.549867     -2.520   0.792371    16.0248    -1.7239     -2.499     0.4747    -0.6930 -9.990e-29
 240.549873     -2.497   0.775930    16.0262    -1.7237     -2.476     0.4645    -0.7011 -9.990e-29
 240.549878     -2.474   0.761338    16.0262    -1.7238     -2.453     0.4554    -0.7081 -9.990e-29
 240.549884     -2.455   0.754617    16.0251    -1.7237     -2.435     0.4512    -0.7111 -9.990e-29
 240.549890     -2.437   0.754005    16.0235    -1.7237     -2.417     0.4509    -0.7111 -9.990e-29
 240.549896     -2.420   0.753146    16.0214    -1.7238     -2.400     0.4504    -0.7112 -9.990e-29
 240.549902     -2.403   0.750343    16.0184    -1.7238     -2.383     0.4487    -0.7120 -9.990e-29
 240.549907     -2.388   0.746289    16.0146    -1.7237     -2.368     0.4462    -0.7133 -9.990e-29
 240.549913     -2.376   0.740562    16.0120    -1.7236     -2.356     0.4427    -0.7156 -9.990e-29
 240.549919     -2.361   0.734942    16.0128    -1.7236     -2.341     0.4392    -0.7184 -9.990e-29
 240.549925     -2.346   0.731353    16.0156    -1.7236     -2.326     0.4369    -0.7206 -9.990e-29
 240.549931     -2.335   0.729994    16.0179    -1.7236     -2.316     0.4361    -0.7216 -9.990e-29
 240.549936     -2.327   0.728496    16.0197    -1.7236     -2.308     0.4351    -0.7227 -9.990e-29
 240.549942     -2.321   0.723200    16.0205    -1.7234     -2.302     0.4318    -0.7253 -9.990e-29
 240.549948     -2.317   0.716462    16.0202    -1.7232     -2.298     0.4277    -0.7285 -9.990e-29
 240.549954     -2.314   0.712589    16.0202    -1.7234     -2.295     0.4253    -0.7303 -9.990e-29
 240.549959     -2.314   0.711403    16.0215    -1.7233     -2.295     0.4245    -0.7311 -9.990e-29
 240.549965     -2.311   0.712428    16.0239    -1.7233     -2.292     0.4251    -0.7310 -9.990e-29
 240.549971     -2.300   0.714261    16.0265    -1.7234     -2.281     0.4262    -0.7306 -9.990e-29
 240.549977     -2.286   0.713808    16.0292    -1.7232     -2.267     0.4259    -0.7313 -9.990e-29
 240.549983     -2.271   0.709911    16.0324    -1.7232     -2.252     0.4235    -0.7337 -9.990e-29
 240.549988     -2.256   0.702360    16.0363    -1.7233     -2.237     0.4188    -0.7380 -9.990e-29
 240.549994     -2.238   0.692717    16.0406    -1.7233     -2.219     0.4128    -0.7433 -9.990e-29
 240.550000     -2.222   0.685848    16.0439    -1.7232     -2.203     0.4085    -0.7471 -9.990e-29
 240.550006     -2.210   0.683671    16.0456    -1.7231     -2.192     0.4071    -0.7485 -9.990e-29
 240.550012     -2.201   0.682729    16.0463    -1.7230     -2.183     0.4066    -0.7490 -9.990e-29
 240.550017     -2.196   0.680655    16.0464    -1.7230     -2.178     0.4053    -0.7500 -9.990e-29
 240.550023     -2.188   0.678009    16.0464    -1.7229     -2.170     0.4037    -0.7513 -9.990e-29
 240.550029     -2.179   0.676247    16.0471    -1.7230     -2.161     0.4026    -0.7523 -9.990e-29
 240.550035     -2.171   0.677450    16.0485    -1.7228     -2.153     0.4033    -0.7519 -9.990e-29
 240.550041     -2.160   0.679344    16.0507    -1.7229     -2.142     0.4044    -0.7514 -9.990e-29
 240.550046     -2.140   0.676147    16.0540    -1.7230     -2.122     0.4024    -0.7535 -9.990e-29
 240.550052     -2.116   0.668026    16.0576    -1.7231     -2.098     0.3974    -0.7580 -9.990e-29
