data/oxygen options/OCNMS/OCNMS1/raw_data/2013/CAST_CA015_130603faed.cnv
* Sea-Bird SBE19 Data File:
* FileName = C:\2013 Mooring Data\Deployment Casts\CAST_CA015_130603.hex
* Software Version 1.59
* Temperature SN = 2997
* Conductivity SN = 2997
* System UpLoad Time = Jun 03 2013 15:24:35
** CAST_CA015_130603
* ds
# nquan = 9                                 
# nvalues = 947                         
# units = specified
# name 0 = timeJ: Julian Days
# name 1 = prSM: Pressure, Strain Gauge [db]
# name 2 = c0mS/cm: Conductivity [mS/cm]
# name 3 = t090C: Temperature [ITS-90, deg C]
# name 4 = sbeox0ML/L: Oxygen, SBE 43 [ml/l]
# name 5 = depSM: Depth [salt water, m], lat = 47.5
# name 6 = sal00: Salinity, Practical [PSU]
# name 7 = sigma-é00: Density [sigma-theta, kg/m^3]
# name 8 = flag: flag
# span 0 = 154.609479, 154.614954       
# span 1 =     -5.640,     16.019       
# span 2 =   0.208748,  34.642945       
# span 3 =     8.4359,    14.5736       
# span 4 =    -1.7941,    11.2673       
# span 5 =     -5.593,     15.885       
# span 6 =     0.1273,    32.8384       
# span 7 =    -0.6737,    25.5123       
# span 8 = 0.0000e+00, 0.0000e+00       
# interval = seconds: 0.5
# start_time = Jun 03 2013 14:37:39 [Instrument's time stamp, header]
# bad_flag = -9.990e-29
*END*
[from data line 641]
 154.613189      0.867  31.660589    14.5232     6.7568      0.860    25.2682    18.5793 -9.990e-29
 154.613194      0.859  31.660694    14.5207     6.7591      0.852    25.2699    18.5811 -9.990e-29
 154.613200      0.858  31.659543    14.5150     6.6267      0.851    25.2726    18.5843 -9.990e-29
 154.613206      0.865  31.657275    14.5096     7.0664      0.858    25.2741    18.5865 -9.990e-29
 154.613212      0.866  31.655895    14.5079     6.9034      0.859    25.2740    18.5868 -9.990e-29
 154.613218      0.854  31.656356    14.5087     6.7382      0.847    25.2739    18.5865 -9.990e-29
 154.613223      0.836  31.657586    14.5086     6.7523      0.829    25.2750    18.5874 -9.990e-29
 154.613229      0.824  31.658418    14.5054     6.6306      0.817    25.2779    18.5902 -9.990e-29
 154.613235      0.822  31.658279    14.5006     6.7033      0.815    25.2808    18.5935 -9.990e-29
 154.613241      0.825  31.657537    14.4978     6.7367      0.818    25.2820    18.5949 -9.990e-29
 154.613247      0.824  31.657434    14.4981     6.7125      0.817    25.2817    18.5947 -9.990e-29
 154.613252      0.824  31.657825    14.5002     6.7237      0.817    25.2807    18.5935 -9.990e-29
 154.613258      0.839  31.658105    14.5028     6.7376      0.832    25.2793    18.5918 -9.990e-29
 154.613264      0.864  31.658643    14.5052     6.7763      0.857    25.2782    18.5905 -9.990e-29
 154.613270      0.883  31.659030    14.5069     6.7551      0.876    25.2774    18.5896 -9.990e-29
 154.613275      0.886  31.659214    14.5078     6.7340      0.879    25.2770    18.5891 -9.990e-29
 154.613281      0.873  31.659996    14.5086     6.7216      0.866    25.2771    18.5891 -9.990e-29
 154.613287      0.855  31.660732    14.5094     6.7193      0.848    25.2773    18.5890 -9.990e-29
 154.613293      0.844  31.660720    14.5096     6.7388      0.837    25.2771    18.5889 -9.990e-29
 154.613299      0.844  31.660496    14.5095     6.7451      0.837    25.2770    18.5888 -9.990e-29
 154.613304      0.851  31.660315    14.5098     6.7229      0.844    25.2767    18.5884 -9.990e-29
 154.613310      0.855  31.660490    14.5103     6.7063      0.848    25.2765    18.5882 -9.990e-29
 154.613316      0.855  31.661247    14.5106     6.7082      0.848    25.2770    18.5885 -9.990e-29
 154.613322      0.853  31.661912    14.5110     6.7342      0.846    25.2773    18.5887 -9.990e-29
 154.613328      0.857  31.662244    14.5121     6.7571      0.850    25.2769    18.5882 -9.990e-29
 154.613333      0.870  31.662680    14.5141     6.7507      0.863    25.2759    18.5871 -9.990e-29
 154.613339      0.881  31.663235    14.5162     6.7225      0.874    25.2751    18.5860 -9.990e-29
 154.613345      0.889  31.663523    14.5168     6.7048      0.882    25.2749    18.5857 -9.990e-29
 154.613351      0.893  31.663362    14.5159     6.6915      0.886    25.2754    18.5863 -9.990e-29
 154.613356      0.895  31.663091    14.5148     6.7021      0.888    25.2758    18.5868 -9.990e-29
 154.613362      0.897  31.662901    14.5142     6.7210      0.890    25.2761    18.5871 -9.990e-29
 154.613368      0.909  31.662532    14.5140     6.7214      0.901    25.2759    18.5870 -9.990e-29
 154.613374      0.932  31.662047    14.5138     6.7079      0.924    25.2756    18.5868 -9.990e-29
 154.613380      0.954  31.661353    14.5134     6.6912      0.946    25.2752    18.5866 -9.990e-29
 154.613385      0.964  31.660638    14.5131     6.7448      0.956    25.2748    18.5863 -9.990e-29
 154.613391      0.962  31.660620    14.5132     6.7002      0.954    25.2747    18.5863 -9.990e-29
 154.613397      0.957  31.660707    14.5137     6.9522      0.949    25.2744    18.5860 -9.990e-29
 154.613403      0.953  31.660452    14.5142     6.7661      0.945    25.2739    18.5855 -9.990e-29
 154.613409      0.949  31.660630    14.5150     6.7618      0.941    25.2735    18.5850 -9.990e-29
 154.613414      0.946  31.660912    14.5155     6.7616      0.938    25.2734    18.5849 -9.990e-29
 154.613420      0.948  31.660548    14.5146     6.6635      0.940    25.2737    18.5852 -9.990e-29
 154.613426      0.958  31.659605    14.5128     6.7057      0.950    25.2740    18.5859 -9.990e-29
 154.613432      0.969  31.658498    14.5117     6.6761      0.961    25.2738    18.5859 -9.990e-29
 154.613438      0.969  31.657985    14.5117     6.6780      0.961    25.2733    18.5855 -9.990e-29
 154.613443      0.958  31.657933    14.5120     6.6877      0.950    25.2731    18.5853 -9.990e-29
 154.613449      0.948  31.657706    14.5116     6.6821      0.940    25.2732    18.5854 -9.990e-29
 154.613455      0.946  31.657556    14.5106     6.6678      0.938    25.2737    18.5860 -9.990e-29
 154.613461      0.945  31.657837    14.5103     6.6716      0.937    25.2741    18.5864 -9.990e-29
 154.613466      0.935  31.658357    14.5110     6.6824      0.927    25.2741    18.5863 -9.990e-29
 154.613472      0.920  31.658685    14.5116     6.7054      0.912    25.2740    18.5861 -9.990e-29
 154.613478      0.908  31.658689    14.5113     6.7127      0.900    25.2742    18.5863 -9.990e-29
 154.613484      0.907  31.658370    14.5103     6.7048      0.899    25.2746    18.5868 -9.990e-29
 154.613490      0.916  31.657858    14.5094     6.7157      0.908    25.2747    18.5870 -9.990e-29
 154.613495      0.927  31.657583    14.5093     6.7128      0.919    25.2745    18.5869 -9.990e-29
 154.613501      0.938  31.657731    14.5104     6.7137      0.930    25.2740    18.5863 -9.990e-29
 154.613507      0.948  31.658492    14.5126     6.7020      0.940    25.2732    18.5852 -9.990e-29
 154.613513      0.958  31.660315    14.5164     6.6686      0.950    25.2723    18.5838 -9.990e-29
 154.613519      0.969  31.663384    14.5208     6.6642      0.961    25.2722    18.5828 -9.990e-29
 154.613524      0.981  31.666188    14.5232     6.6813      0.973    25.2731    18.5831 -9.990e-29
 154.613530      0.992  31.666862    14.5226     6.7081      0.984    25.2741    18.5839 -9.990e-29
 154.613536      0.993  31.666299    14.5208     6.7141      0.985    25.2747    18.5848 -9.990e-29
 154.613542      0.984  31.665981    14.5198     6.7055      0.976    25.2751    18.5853 -9.990e-29
 154.613547      0.974  31.665478    14.5199     6.6752      0.966    25.2746    18.5849 -9.990e-29
 154.613553      0.965  31.664673    14.5204     6.6672      0.957    25.2736    18.5840 -9.990e-29
 154.613559      0.958  31.664725    14.5208     6.6752      0.950    25.2734    18.5838 -9.990e-29
 154.613565      0.952  31.665696    14.5210     6.6922      0.944    25.2741    18.5843 -9.990e-29
 154.613571      0.946  31.666637    14.5214     6.7009      0.938    25.2747    18.5846 -9.990e-29
 154.613576      0.941  31.667117    14.5223     6.7053      0.933    25.2745    18.5843 -9.990e-29
 154.613582      0.939  31.667770    14.5233     6.6972      0.931    25.2744    18.5841 -9.990e-29
 154.613588      0.946  31.668341    14.5241     6.6929      0.938    25.2744    18.5839 -9.990e-29
 154.613594      0.957  31.667906    14.5246     6.6812      0.949    25.2737    18.5833 -9.990e-29
 154.613600      0.964  31.667557    14.5250     6.6945      0.956    25.2731    18.5827 -9.990e-29
 154.613605      0.964  31.667943    14.5253     6.7042      0.956    25.2733    18.5828 -9.990e-29
 154.613611      0.962  31.668452    14.5250     6.7121      0.954    25.2739    18.5834 -9.990e-29
 154.613617      0.960  31.668637    14.5244     6.7084      0.952    25.2745    18.5839 -9.990e-29
 154.613623      0.960  31.668180    14.5241     6.7064      0.952    25.2743    18.5838 -9.990e-29
 154.613628      0.961  31.667584    14.5243     6.7103      0.953    25.2736    18.5833 -9.990e-29
 154.613634      0.962  31.667728    14.5247     6.7106      0.954    25.2735    18.5831 -9.990e-29
 154.613640      0.965  31.668237    14.5251     6.7167      0.957    25.2737    18.5831 -9.990e-29
 154.613646      0.969  31.668665    14.5259     6.6992      0.961    25.2735    18.5829 -9.990e-29
 154.613652      0.975  31.669574    14.5273     6.6787      0.967    25.2734    18.5825 -9.990e-29
 154.613657      0.982  31.669932    14.5284     6.6702      0.974    25.2730    18.5820 -9.990e-29
 154.613663      0.988  31.669090    14.5288     6.6702      0.980    25.2720    18.5811 -9.990e-29
 154.613669      0.984  31.668719    14.5289     6.6832      0.976    25.2716    18.5808 -9.990e-29
 154.613675      0.969  31.668878    14.5289     6.6907      0.961    25.2718    18.5809 -9.990e-29
 154.613681      0.957  31.668649    14.5285     6.6973      0.949    25.2718    18.5810 -9.990e-29
 154.613686      0.953  31.667689    14.5277     6.6919      0.945    25.2715    18.5810 -9.990e-29
 154.613692      0.954  31.665777    14.5266     6.6838      0.946    25.2705    18.5804 -9.990e-29
 154.613698      0.956  31.664226    14.5259     6.6658      0.948    25.2696    18.5799 -9.990e-29
 154.613704      0.959  31.664273    14.5259     6.6673      0.951    25.2697    18.5799 -9.990e-29
 154.613709      0.963  31.664809    14.5259     6.6713      0.955    25.2701    18.5803 -9.990e-29
 154.613715      0.968  31.664257    14.5258     6.7024      0.960    25.2697    18.5800 -9.990e-29
 154.613721      0.974  31.662946    14.5257     6.7637      0.966    25.2686    18.5791 -9.990e-29
 154.613727      0.982  31.662435    14.5256     6.7491      0.974    25.2682    18.5789 -9.990e-29
 154.613733      0.989  31.663111    14.5262     6.7407      0.981    25.2684    18.5789 -9.990e-29
 154.613738      0.990  31.664141    14.5273     6.7553      0.982    25.2686    18.5788 -9.990e-29
 154.613744      0.989  31.665167    14.5289     6.6988      0.981    25.2685    18.5784 -9.990e-29
 154.613750      0.991  31.666386    14.5310     6.7089      0.983    25.2682    18.5778 -9.990e-29
 154.613756      0.997  31.667690    14.5327     6.7054      0.989    25.2682    18.5775 -9.990e-29
 154.613762      1.005  31.668527    14.5330     6.6973      0.997    25.2688    18.5778 -9.990e-29
 154.613767      1.013  31.668281    14.5327     6.6948      1.005    25.2688    18.5779 -9.990e-29
 154.613773      1.013  31.667692    14.5337     6.6832      1.005    25.2676    18.5768 -9.990e-29
 154.613779      1.004  31.668159    14.5359     6.6776      0.996    25.2666    18.5756 -9.990e-29
 154.613785      0.995  31.669132    14.5378     6.6864      0.987    25.2662    18.5749 -9.990e-29
 154.613791      0.994  31.669617    14.5382     6.7038      0.986    25.2664    18.5749 -9.990e-29
 154.613796      1.004  31.669649    14.5374     6.7240      0.996    25.2669    18.5755 -9.990e-29
 154.613802      1.022  31.669779    14.5364     6.7169      1.013    25.2677    18.5763 -9.990e-29
 154.613808      1.045  31.670128    14.5361     6.6963      1.036    25.2682    18.5767 -9.990e-29
 154.613814      1.075  31.669988    14.5365     6.6884      1.066    25.2678    18.5764 -9.990e-29
 154.613819      1.113  31.669680    14.5371     6.6911      1.104    25.2671    18.5757 -9.990e-29
 154.613825      1.157  31.669859    14.5381     6.6981      1.147    25.2666    18.5751 -9.990e-29
 154.613831      1.203  31.670153    14.5390     6.7033      1.193    25.2663    18.5747 -9.990e-29
 154.613837      1.251  31.670338    14.5398     6.6918      1.241    25.2659    18.5743 -9.990e-29
 154.613843      1.315  31.670611    14.5408     6.6725      1.304    25.2655    18.5737 -9.990e-29
 154.613848      1.403  31.671283    14.5417     6.7791      1.391    25.2654    18.5735 -9.990e-29
 154.613854      1.519  31.672077    14.5420     6.7463      1.506    25.2659    18.5739 -9.990e-29
 154.613860      1.668  31.672322    14.5404     6.7392      1.654    25.2671    18.5751 0.0000e+00
 154.613866      1.842  31.671729    14.5364     6.7162      1.827    25.2691    18.5774 0.0000e+00
 154.613872      2.030  31.670014    14.5325     6.6571      2.013    25.2701    18.5790 0.0000e+00
 154.613877      2.227  31.668197    14.5304     6.6510      2.208    25.2698    18.5792 0.0000e+00
 154.613883      2.428  31.667718    14.5291     6.6461      2.408    25.2702    18.5797 0.0000e+00
 154.613889      2.638  31.668443    14.5254     6.6333      2.616    25.2731    18.5827 0.0000e+00
 154.613895      2.866  31.670167    14.5145     6.6297      2.842    25.2817    18.5914 0.0000e+00
 154.613900      3.118  31.674015    14.4971     6.6234      3.092    25.2963    18.6061 0.0000e+00
 154.613906      3.396  31.680586    14.4805     6.6091      3.368    25.3128    18.6221 0.0000e+00
 154.613912      3.694  31.689630    14.4676     6.5853      3.663    25.3291    18.6371 0.0000e+00
 154.613918      3.999  31.700273    14.4558     6.5490      3.966    25.3461    18.6525 0.0000e+00
 154.613924      4.306  31.709852    14.4423     6.6117      4.270    25.3633    18.6684 0.0000e+00
 154.613929      4.608  31.717648    14.4276     6.5103      4.569    25.3797    18.6839 0.0000e+00
 154.613935      4.903  31.724483    14.4130     6.5068      4.862    25.3952    18.6987 0.0000e+00
 154.613941      5.193  31.731017    14.3928     6.8430      5.150    25.4141    18.7172 0.0000e+00
 154.613947      5.479  31.739748    14.3584     6.4406      5.433    25.4442    18.7472 0.0000e+00
 154.613953      5.762  31.754425    14.3116     6.1144      5.714    25.4879    18.7899 0.0000e+00
 154.613958      6.048  31.775528    14.2663     5.8307      5.997    25.5363    18.8360 0.0000e+00
 154.613964      6.354  31.798106    14.2340     5.8479      6.301    25.5776    18.8741 0.0000e+00
 154.613970      6.696  31.821973    14.2097     5.9325      6.640    25.6148    18.9074 0.0000e+00
 154.613976      7.065  31.858736    14.1659     5.8812      7.006    25.6764    18.9633 0.0000e+00
 154.613981      7.446  31.922084    14.0733     5.5485      7.384    25.7944    19.0721 0.0000e+00
 154.613987      7.825  32.018607    13.9431     5.1076      7.760    25.9679    19.2309 0.0000e+00
 154.613993      8.184  32.139780    13.8433     4.6463      8.116    26.1441    19.3858 0.0000e+00
 154.613999      8.515  32.223151    13.8116     4.3138      8.444    26.2406    19.4662 0.0000e+00
 154.614005      8.831  32.237034    13.7486     4.0715      8.757    26.2960    19.5210 0.0000e+00
 154.614010      9.151  32.274332    13.5163     3.9097      9.074    26.4895    19.7144 0.0000e+00
 154.614016      9.488  32.446314    13.0791     3.8402      9.409    26.9526    20.1537 0.0000e+00
 154.614022      9.841  32.780678    12.4537     3.7536      9.759    27.7144    20.8572 0.0000e+00
 154.614028     10.208  33.222594    11.6973     3.6838     10.123    28.7027    21.7574 0.0000e+00
 154.614034     10.582  33.679693    11.0068     3.6923     10.493    29.6898    22.6430 0.0000e+00
 154.614039     10.951  34.034959    10.5441     3.6744     10.859    30.4190    23.2883 0.0000e+00
 154.614045     11.311  34.232649    10.2296     3.6438     11.216    30.8807    23.7000 0.0000e+00
 154.614051     11.661  34.337347     9.9492     3.6469     11.563    31.2263    24.0153 0.0000e+00
 154.614057     12.004  34.414599     9.7151     3.6023     11.903    31.5081    24.2730 0.0000e+00
 154.614062     12.335  34.483858     9.5556     3.5636     12.232    31.7188    24.4630 0.0000e+00
 154.614068     12.653  34.547191     9.4569     3.6264     12.547    31.8709    24.5976 0.0000e+00
 154.614074     12.962  34.588123     9.3664     3.5991     12.853    31.9935    24.7077 0.0000e+00
 154.614080     13.269  34.604577     9.2200     3.5615     13.158    32.1417    24.8466 0.0000e+00
 154.614086     13.584  34.612823     9.0223     3.4815     13.470    32.3290    25.0239 0.0000e+00
 154.614091     13.910  34.617070     8.8375     3.3874     13.793    32.5019    25.1878 0.0000e+00
 154.614097     14.235  34.614497     8.7071     3.3538     14.116    32.6190    25.2994 0.0000e+00
 154.614103     14.540  34.607739     8.6239     3.3552     14.418    32.6886    25.3666 0.0000e+00
