data/oxygen options/OCNMS/OCNMS1/raw_data/2017/CAST_KL027_170630faedb.cnv
* Sea-Bird SBE19 Data File:
* FileName = C:\2017 Mooring Data\Casts\CAST_KL027_170630.hex
* Software Version 1.59
* Temperature SN = 2997
* Conductivity SN = 2997
* System UpLoad Time = Jun 30 2017 20:09:51
** CAST_KL027_170630
* ds
# nquan = 9
# nvalues = 25                          
# units = specified
# name 0 = timeJ: Julian Days
# name 1 = prSM: Pressure, Strain Gauge [db]
# name 2 = c0mS/cm: Conductivity [mS/cm]
# name 3 = t090C: Temperature [ITS-90, deg C]
# name 4 = sbeox0ML/L: Oxygen, SBE 43 [ml/l]
# name 5 = depSM: Depth [salt water, m], lat = 47.5
# name 6 = sal00: Salinity, Practical [PSU]
# name 7 = sigma-é00: Density [sigma-theta, kg/m^3]
# name 8 = flag: flag
# span 0 = 181.796916, 181.797450       
# span 1 =      2.000,     26.000       
# span 2 =  35.293263,  37.935897       
# span 3 =     8.5521,    14.0849       
# span 4 =     2.0838,     8.9841       
# span 5 =      1.983,     25.781       
# span 6 =    31.0499,    33.4739       
# span 7 =    23.1194,    25.9927       
# span 8 = 0.0000e+00, 0.0000e+00       
# interval = decibars: 1                
# start_time = Jun 30 2017 18:59:37 [Instrument's time stamp, header]
# bad_flag = -9.990e-29
*END*
 181.796916      2.000  37.742865    14.0849     8.3327      1.983    31.0499    23.1194 0.0000e+00
 181.796946      3.000  37.805999    13.9217     8.7215      2.975    31.2397    23.2990 0.0000e+00
 181.796973      4.000  37.923974    13.6359     8.9841      3.967    31.5823    23.6212 0.0000e+00
 181.796997      5.000  37.935897    13.3223     8.6985      4.958    31.8534    23.8932 0.0000e+00
 181.797018      6.000  37.781167    12.8022     8.4186      5.950    32.1463    24.2216 0.0000e+00
 181.797039      7.000  37.583356    12.4762     7.8688      6.942    32.2365    24.3540 0.0000e+00
 181.797061      8.000  37.429520    12.3171     6.7498      7.933    32.2255    24.3758 0.0000e+00
 181.797080      9.000  37.113965    11.8992     6.3728      8.925    32.2819    24.4975 0.0000e+00
 181.797100     10.000  36.849224    11.6260     6.1427      9.916    32.2621    24.5324 0.0000e+00
 181.797121     11.000  36.637139    11.2614     6.0348     10.908    32.3729    24.6843 0.0000e+00
 181.797141     12.000  36.490061    11.0370     5.7346     11.900    32.4250    24.7647 0.0000e+00
 181.797161     13.000  36.344312    10.8369     4.9175     12.891    32.4573    24.8250 0.0000e+00
 181.797182     14.000  36.192171    10.6368     4.0072     13.883    32.4831    24.8797 0.0000e+00
 181.797201     15.000  35.982029    10.3391     3.6531     14.874    32.5381    24.9734 0.0000e+00
 181.797221     16.000  35.783252     9.9942     3.3198     15.866    32.6473    25.1165 0.0000e+00
 181.797242     17.000  35.684070     9.7419     3.0416     16.858    32.7749    25.2577 0.0000e+00
 181.797259     18.000  35.531815     9.4301     3.0292     17.849    32.9035    25.4089 0.0000e+00
 181.797278     19.000  35.477051     9.3442     2.8917     18.841    32.9258    25.4402 0.0000e+00
 181.797297     20.000  35.423473     9.2020     2.6204     19.832    33.0013    25.5218 0.0000e+00
 181.797317     21.000  35.390955     9.0719     2.2042     20.824    33.0877    25.6100 0.0000e+00
 181.797336     22.000  35.361986     8.8567     2.0838     21.815    33.2582    25.7771 0.0000e+00
 181.797354     23.000  35.314562     8.6419     2.1164     22.807    33.4102    25.9293 0.0000e+00
 181.797372     24.000  35.293263     8.5669     2.1471     23.798    33.4583    25.9785 0.0000e+00
 181.797394     25.000  35.297124     8.5542     2.1567     24.789    33.4739    25.9927 0.0000e+00
 181.797450     26.000  35.295091     8.5521     2.1481     25.781    33.4733    25.9926 0.0000e+00
