data/oxygen options/OCNMS/OCNMS1/raw_data/2017/CAST_CE015_170630faed.cnv
* Sea-Bird SBE19 Data File:
* FileName = C:\2017 Mooring Data\Casts\CAST_CE015_170630.hex
* Software Version 1.59
* Temperature SN = 2997
* Conductivity SN = 2997
* System UpLoad Time = Jun 30 2017 18:01:42
** CAST_CE015_170630
* ds
# nquan = 9                                 
# nvalues = 828                         
# units = specified
# name 0 = timeJ: Julian Days
# name 1 = prSM: Pressure, Strain Gauge [db]
# name 2 = c0mS/cm: Conductivity [mS/cm]
# name 3 = t090C: Temperature [ITS-90, deg C]
# name 4 = sbeox0ML/L: Oxygen, SBE 43 [ml/l]
# name 5 = depSM: Depth [salt water, m], lat = 47.5
# name 6 = sal00: Salinity, Practical [PSU]
# name 7 = sigma-é00: Density [sigma-theta, kg/m^3]
# name 8 = flag: flag
# span 0 = 181.704757, 181.709543       
# span 1 =     -5.355,     13.551       
# span 2 =   0.288922,  36.771353       
# span 3 =     9.5289,    12.7960       
# span 4 =    -1.9969,    12.6944       
# span 5 =     -5.310,     13.437       
# span 6 =     0.1824,    32.7570       
# span 7 =    -0.4390,    25.2779       
# span 8 = 0.0000e+00, 0.0000e+00       
# interval = seconds: 0.5
# start_time = Jun 30 2017 16:54:51 [Instrument's time stamp, header]
# bad_flag = -9.990e-29
*END*
[from data line 641]
 181.708466      0.716  36.528457    11.8991     5.6074      0.710    31.7197    24.0612 -9.990e-29
 181.708472      0.707  36.530746    11.9010     5.6074      0.701    31.7203    24.0613 -9.990e-29
 181.708478      0.696  36.532532    11.9030     5.5989      0.690    31.7203    24.0609 -9.990e-29
 181.708484      0.691  36.533945    11.9044     5.5799      0.685    31.7205    24.0608 -9.990e-29
 181.708490      0.697  36.535741    11.9058     5.5842      0.691    31.7210    24.0610 -9.990e-29
 181.708495      0.709  36.538065    11.9080     5.5802      0.703    31.7214    24.0609 -9.990e-29
 181.708501      0.719  36.540085    11.9109     5.5920      0.713    31.7208    24.0599 -9.990e-29
 181.708507      0.724  36.541125    11.9135     5.6125      0.718    31.7196    24.0585 -9.990e-29
 181.708513      0.725  36.541439    11.9151     5.5931      0.719    31.7186    24.0574 -9.990e-29
 181.708519      0.721  36.541438    11.9156     5.5968      0.715    31.7181    24.0570 -9.990e-29
 181.708524      0.711  36.541108    11.9150     5.5998      0.705    31.7183    24.0572 -9.990e-29
 181.708530      0.701  36.540562    11.9143     5.5929      0.695    31.7184    24.0574 -9.990e-29
 181.708536      0.697  36.540181    11.9138     5.6207      0.691    31.7185    24.0575 -9.990e-29
 181.708542      0.704  36.540007    11.9130     5.5996      0.698    31.7190    24.0581 -9.990e-29
 181.708547      0.718  36.539798    11.9124     5.6000      0.712    31.7193    24.0584 -9.990e-29
 181.708553      0.731  36.540385    11.9127     5.5932      0.725    31.7196    24.0586 -9.990e-29
 181.708559      0.740  36.541982    11.9135     5.5864      0.734    31.7205    24.0591 -9.990e-29
 181.708565      0.745  36.542225    11.9137     5.6017      0.739    31.7205    24.0591 -9.990e-29
 181.708571      0.746  36.540311    11.9124     5.5948      0.740    31.7198    24.0588 -9.990e-29
 181.708576      0.749  36.537597    11.9100     5.6038      0.743    31.7192    24.0588 -9.990e-29
 181.708582      0.756  36.534934    11.9074     5.6036      0.750    31.7188    24.0590 -9.990e-29
 181.708588      0.766  36.533239    11.9056     5.6025      0.760    31.7187    24.0592 -9.990e-29
 181.708594      0.773  36.533042    11.9051     5.6112      0.767    31.7190    24.0595 -9.990e-29
 181.708600      0.779  36.533510    11.9052     5.6025      0.772    31.7193    24.0598 -9.990e-29
 181.708605      0.783  36.533578    11.9053     5.6149      0.776    31.7193    24.0597 -9.990e-29
 181.708611      0.786  36.533324    11.9055     5.6097      0.779    31.7189    24.0594 -9.990e-29
 181.708617      0.789  36.532960    11.9051     5.6144      0.782    31.7189    24.0595 -9.990e-29
 181.708623      0.790  36.532551    11.9039     5.6234      0.783    31.7195    24.0602 -9.990e-29
 181.708628      0.792  36.532101    11.9030     5.6134      0.785    31.7198    24.0606 -9.990e-29
 181.708634      0.793  36.530999    11.9025     5.6271      0.786    31.7192    24.0602 -9.990e-29
 181.708640      0.793  36.528886    11.9017     5.6181      0.786    31.7178    24.0593 -9.990e-29
 181.708646      0.793  36.525735    11.9005     5.6212      0.786    31.7158    24.0579 -9.990e-29
 181.708652      0.793  36.522933    11.8995     5.6086      0.786    31.7140    24.0567 -9.990e-29
 181.708657      0.792  36.522333    11.8982     5.6006      0.785    31.7145    24.0573 -9.990e-29
 181.708663      0.790  36.523125    11.8956     5.6024      0.783    31.7175    24.0601 -9.990e-29
 181.708669      0.789  36.523555    11.8920     5.6022      0.782    31.7210    24.0635 -9.990e-29
 181.708675      0.786  36.521946    11.8885     5.6087      0.779    31.7224    24.0652 -9.990e-29
 181.708681      0.783  36.518381    11.8866     5.5946      0.776    31.7206    24.0642 -9.990e-29
 181.708686      0.779  36.516497    11.8875     5.5910      0.772    31.7180    24.0620 -9.990e-29
 181.708692      0.773  36.517689    11.8903     5.5908      0.767    31.7167    24.0605 -9.990e-29
 181.708698      0.766  36.519618    11.8929     5.6082      0.760    31.7164    24.0598 -9.990e-29
 181.708704      0.761  36.521485    11.8945     5.6110      0.755    31.7168    24.0598 -9.990e-29
 181.708709      0.767  36.523532    11.8951     5.6093      0.761    31.7183    24.0608 -9.990e-29
 181.708715      0.783  36.525118    11.8954     5.5990      0.776    31.7196    24.0618 -9.990e-29
 181.708721      0.803  36.526107    11.8958     5.5926      0.796    31.7202    24.0622 -9.990e-29
 181.708727      0.823  36.526689    11.8963     5.6097      0.816    31.7203    24.0622 -9.990e-29
 181.708733      0.845  36.527069    11.8970     5.6014      0.838    31.7201    24.0619 -9.990e-29
 181.708738      0.869  36.527742    11.8982     5.6262      0.862    31.7197    24.0614 -9.990e-29
 181.708744      0.898  36.529037    11.8995     5.6221      0.891    31.7198    24.0612 -9.990e-29
 181.708750      0.933  36.530430    11.9001     5.6146      0.925    31.7206    24.0617 -9.990e-29
 181.708756      0.977  36.530971    11.9001     5.5997      0.969    31.7211    24.0621 -9.990e-29
 181.708762      1.028  36.530810    11.9001     5.6228      1.019    31.7210    24.0620 -9.990e-29
 181.708767      1.085  36.530282    11.9001     5.6680      1.076    31.7204    24.0616 -9.990e-29
 181.708773      1.155  36.529232    11.8993     5.7299      1.145    31.7201    24.0615 -9.990e-29
 181.708779      1.244  36.527930    11.8959     5.7773      1.234    31.7217    24.0633 -9.990e-29
 181.708785      1.353  36.525190    11.8855     5.7745      1.342    31.7278    24.0700 -9.990e-29
 181.708791      1.488  36.515668    11.8592     5.7672      1.476    31.7410    24.0851 0.0000e+00
 181.708796      1.646  36.492817    11.8162     5.7324      1.632    31.7556    24.1042 0.0000e+00
 181.708802      1.811  36.459196    11.7761     5.7065      1.796    31.7572    24.1128 0.0000e+00
 181.708808      1.971  36.432680    11.7587     5.6617      1.955    31.7463    24.1076 0.0000e+00
 181.708814      2.125  36.426051    11.7560     5.6122      2.107    31.7421    24.1048 0.0000e+00
 181.708819      2.278  36.427090    11.7431     5.5461      2.259    31.7541    24.1165 0.0000e+00
 181.708825      2.439  36.415892    11.7022     5.4682      2.419    31.7782    24.1426 0.0000e+00
 181.708831      2.614  36.382557    11.6301     5.3928      2.592    31.8075    24.1785 0.0000e+00
 181.708837      2.802  36.330227    11.5409     5.3434      2.779    31.8331    24.2145 0.0000e+00
 181.708843      2.998  36.275907    11.4600     5.2944      2.973    31.8497    24.2419 0.0000e+00
 181.708848      3.200  36.236178    11.3969     5.2584      3.173    31.8652    24.2653 0.0000e+00
 181.708854      3.414  36.207876    11.3354     5.2319      3.385    31.8905    24.2959 0.0000e+00
 181.708860      3.640  36.175078    11.2576     5.2224      3.610    31.9256    24.3370 0.0000e+00
 181.708866      3.875  36.128754    11.1685     5.2256      3.843    31.9572    24.3774 0.0000e+00
 181.708872      4.114  36.076551    11.0938     5.2207      4.080    31.9707    24.4011 0.0000e+00
 181.708877      4.349  36.038432    11.0471     5.1944      4.313    31.9736    24.4116 0.0000e+00
 181.708883      4.583  36.021215    11.0117     5.1594      4.545    31.9874    24.4285 0.0000e+00
 181.708889      4.821  36.008082    10.9625     5.1247      4.781    32.0172    24.4603 0.0000e+00
 181.708895      5.072  35.980384    10.8948     5.0862      5.030    32.0488    24.4967 0.0000e+00
 181.708900      5.333  35.942051    10.8288     5.0513      5.288    32.0685    24.5235 0.0000e+00
 181.708906      5.595  35.910267    10.7813     5.0388      5.548    32.0785    24.5395 0.0000e+00
 181.708912      5.854  35.889661    10.7500     5.0223      5.805    32.0854    24.5503 0.0000e+00
 181.708918      6.109  35.874012    10.7237     5.0115      6.058    32.0928    24.5606 0.0000e+00
 181.708924      6.359  35.854757    10.6911     4.9635      6.306    32.1022    24.5736 0.0000e+00
 181.708929      6.607  35.830282    10.6531     4.8803      6.552    32.1111    24.5871 0.0000e+00
 181.708935      6.860  35.808815    10.6208     4.7554      6.803    32.1180    24.5980 0.0000e+00
 181.708941      7.118  35.793072    10.5975     4.6220      7.058    32.1227    24.6057 0.0000e+00
 181.708947      7.375  35.777161    10.5762     4.4967      7.313    32.1255    24.6115 0.0000e+00
 181.708953      7.635  35.756467    10.5457     4.4013      7.571    32.1316    24.6215 0.0000e+00
 181.708958      7.901  35.730829    10.4944     4.3540      7.835    32.1512    24.6454 0.0000e+00
 181.708964      8.174  35.698906    10.4246     4.3006      8.106    32.1808    24.6804 0.0000e+00
 181.708970      8.449  35.661235    10.3562     4.2125      8.378    32.2035    24.7096 0.0000e+00
 181.708976      8.718  35.626735    10.3101     4.0963      8.645    32.2096    24.7222 0.0000e+00
 181.708981      8.976  35.605381    10.2871     3.9943      8.901    32.2084    24.7252 0.0000e+00
 181.708987      9.232  35.596123    10.2596     3.9281      9.155    32.2234    24.7415 0.0000e+00
 181.708993      9.498  35.587170    10.2052     3.9064      9.419    32.2627    24.7812 0.0000e+00
 181.708999      9.773  35.570502    10.1336     3.8969      9.691    32.3095    24.8297 0.0000e+00
 181.709005     10.053  35.549089    10.0666     3.8675      9.969    32.3476    24.8706 0.0000e+00
 181.709010     10.335  35.531880    10.0177     3.7918     10.248    32.3739    24.8992 0.0000e+00
 181.709016     10.611  35.522788     9.9882     3.6784     10.522    32.3910    24.9174 0.0000e+00
 181.709022     10.877  35.518637     9.9707     3.5508     10.786    32.4024    24.9292 0.0000e+00
 181.709028     11.137  35.516682     9.9572     3.4087     11.044    32.4124    24.9393 0.0000e+00
 181.709034     11.396  35.515432     9.9396     3.2812     11.301    32.4268    24.9534 0.0000e+00
 181.709039     11.647  35.512098     9.9105     3.1696     11.549    32.4495    24.9759 0.0000e+00
 181.709045     11.890  35.506150     9.8674     3.0838     11.790    32.4821    25.0085 0.0000e+00
 181.709051     12.132  35.500853     9.8132     3.0285     12.030    32.5255    25.0513 0.0000e+00
 181.709057     12.376  35.496418     9.7537     2.9986     12.272    32.5747    25.0994 0.0000e+00
 181.709062     12.614  35.491963     9.6991     2.9904     12.508    32.6195    25.1434 0.0000e+00
 181.709068     12.837  35.489375     9.6597     2.9986     12.729    32.6526    25.1756 0.0000e+00
 181.709074     13.038  35.487431     9.6323     3.0147     12.929    32.6754    25.1979 0.0000e+00
 181.709080     13.212  35.480169     9.6029     3.0398     13.101    32.6946    25.2177 0.0000e+00
 181.709086     13.353  35.470215     9.5682     3.0644     13.241    32.7160    25.2400 -9.990e-29
 181.709091     13.458  35.466691     9.5410     3.0842     13.345    32.7372    25.2609 -9.990e-29
 181.709097     13.524  35.469371     9.5296     3.1074     13.411    32.7503    25.2730 -9.990e-29
 181.709103     13.551  35.473983     9.5289     3.1436     13.437    32.7557    25.2773 -9.990e-29
 181.709109     13.546  35.478272     9.5322     3.1452     13.433    32.7570    25.2779 -9.990e-29
 181.709115     13.512  35.481796     9.5388     3.1400     13.399    32.7546    25.2749 -9.990e-29
 181.709120     13.447  35.484776     9.5529     3.1236     13.334    32.7449    25.2650 -9.990e-29
 181.709126     13.348  35.490068     9.5754     3.1258     13.236    32.7298    25.2496 -9.990e-29
 181.709132     13.211  35.496887     9.5946     3.1455     13.100    32.7193    25.2383 0.0000e+00
 181.709138     13.041  35.495852     9.5945     3.2317     12.932    32.7184    25.2376 0.0000e+00
 181.709144     12.845  35.485031     9.5793     3.3448     12.737    32.7213    25.2423 0.0000e+00
 181.709149     12.627  35.472957     9.5675     3.5327     12.521    32.7198    25.2430 0.0000e+00
 181.709155     12.386  35.468725     9.5761     3.7312     12.282    32.7077    25.2322 0.0000e+00
 181.709161     12.119  35.473968     9.6106     3.9329     12.018    32.6818    25.2064 0.0000e+00
 181.709167     11.832  35.482237     9.6600     4.0856     11.733    32.6454    25.1699 0.0000e+00
 181.709172     11.530  35.487763     9.7162     4.2102     11.433    32.6002    25.1255 0.0000e+00
 181.709178     11.227  35.491206     9.7807     4.2974     11.133    32.5455    25.0722 0.0000e+00
 181.709184     10.931  35.495487     9.8489     4.3611     10.839    32.4884    25.0164 0.0000e+00
 181.709190     10.645  35.500723     9.9104     4.4279     10.556    32.4385    24.9673 0.0000e+00
 181.709196     10.365  35.506071     9.9646     4.5155     10.278    32.3953    24.9247 0.0000e+00
 181.709201     10.080  35.511397    10.0168     4.6167      9.996    32.3541    24.8839 0.0000e+00
 181.709207      9.782  35.517651    10.0663     4.7027      9.700    32.3162    24.8462 0.0000e+00
 181.709213      9.469  35.525904    10.1117     4.7894      9.390    32.2842    24.8136 0.0000e+00
 181.709219      9.155  35.536531    10.1558     4.8470      9.078    32.2557    24.7841 0.0000e+00
 181.709225      8.853  35.550833    10.2019     4.9056      8.779    32.2293    24.7557 0.0000e+00
 181.709230      8.563  35.571652    10.2484     4.9778      8.491    32.2090    24.7321 0.0000e+00
 181.709236      8.270  35.594841    10.2946     5.0302      8.201    32.1915    24.7107 0.0000e+00
 181.709242      7.959  35.613254    10.3428     5.0945      7.892    32.1674    24.6838 0.0000e+00
 181.709248      7.633  35.631291    10.3898     5.1285      7.569    32.1440    24.6576 0.0000e+00
 181.709253      7.308  35.656774    10.4368     5.1451      7.247    32.1282    24.6373 0.0000e+00
 181.709259      7.000  35.694015    10.4885     5.1893      6.941    32.1199    24.6221 0.0000e+00
 181.709265      6.704  35.737249    10.5406     5.2072      6.648    32.1173    24.6112 0.0000e+00
 181.709271      6.416  35.768544    10.5900     5.2358      6.362    32.1052    24.5933 0.0000e+00
 181.709277      6.134  35.784843    10.6375     5.2665      6.083    32.0798    24.5653 0.0000e+00
 181.709282      5.848  35.798367    10.6834     5.3335      5.799    32.0530    24.5366 0.0000e+00
 181.709288      5.550  35.814840    10.7302     5.4305      5.504    32.0285    24.5095 0.0000e+00
 181.709294      5.241  35.835518    10.7792     5.5595      5.197    32.0063    24.4837 0.0000e+00
 181.709300      4.932  35.861661    10.8269     5.6727      4.891    31.9906    24.4633 0.0000e+00
 181.709306      4.638  35.895662    10.8752     5.7497      4.599    31.9823    24.4483 0.0000e+00
 181.709311      4.364  35.940870    10.9451     5.7881      4.328    31.9661    24.4236 0.0000e+00
 181.709317      4.112  35.994863    11.0512     5.7878      4.078    31.9272    24.3748 0.0000e+00
 181.709323      3.883  36.052365    11.1694     5.7937      3.851    31.8814    24.3183 0.0000e+00
 181.709329      3.673  36.116706    11.2678     5.7685      3.642    31.8595    24.2839 0.0000e+00
 181.709334      3.480  36.179624    11.3424     5.7496      3.451    31.8568    24.2685 0.0000e+00
 181.709340      3.294  36.220321    11.4098     5.7097      3.266    31.8385    24.2422 0.0000e+00
 181.709346      3.105  36.241002    11.4813     5.6867      3.079    31.7973    24.1974 0.0000e+00
 181.709352      2.908  36.258052    11.5542     5.6582      2.884    31.7514    24.1486 0.0000e+00
 181.709358      2.712  36.281334    11.6214     5.6315      2.689    31.7166    24.1094 0.0000e+00
 181.709363      2.531  36.318386    11.6817     5.6041      2.510    31.7011    24.0865 0.0000e+00
 181.709369      2.370  36.370468    11.7321     5.5874      2.350    31.7086    24.0831 0.0000e+00
 181.709375      2.223  36.415199    11.7680     5.5858      2.204    31.7213    24.0865 0.0000e+00
 181.709381      2.081  36.436075    11.7950     5.5744      2.064    31.7186    24.0794 0.0000e+00
