data/oxygen options/OCNMS/OCNMS1/raw_data/2017/CAST_CA042_170627faed.cnv
* Sea-Bird SBE19 Data File:
* FileName = C:\2017 Mooring Data\Casts\CAST_CA042_170627.hex
* Software Version 1.59
* Temperature SN = 2997
* Conductivity SN = 2997
* System UpLoad Time = Jun 27 2017 21:07:42
** CAST_CA042_170627
* ds
# nquan = 9                                 
# nvalues = 1323                        
# units = specified
# name 0 = timeJ: Julian Days
# name 1 = prSM: Pressure, Strain Gauge [db]
# name 2 = c0mS/cm: Conductivity [mS/cm]
# name 3 = t090C: Temperature [ITS-90, deg C]
# name 4 = sbeox0ML/L: Oxygen, SBE 43 [ml/l]
# name 5 = depSM: Depth [salt water, m], lat = 47.5
# name 6 = sal00: Salinity, Practical [PSU]
# name 7 = sigma-é00: Density [sigma-theta, kg/m^3]
# name 8 = flag: flag
# span 0 = 178.851111, 178.858762       
# span 1 =     -5.904,     42.546       
# span 2 =   0.247365,  36.701726       
# span 3 =     8.3905,    14.0453       
# span 4 =    -1.9973,    14.6834       
# span 5 =     -5.855,     42.187       
# span 6 =     0.1515,    33.1996       
# span 7 =    -0.6331,    25.8021       
# span 8 = 0.0000e+00, 0.0000e+00       
# interval = seconds: 0.5
# start_time = Jun 27 2017 20:25:36 [Instrument's time stamp, header]
# bad_flag = -9.990e-29
*END*
[from data line 801]
 178.855747      0.924  36.463837    12.2468    -1.6599      0.916    31.3638    23.7209 -9.990e-29
 178.855752      0.915  36.492846    12.2450    -1.6596      0.907    31.3931    23.7439 -9.990e-29
 178.855758      0.897  36.487715    12.2412    -1.6594      0.890    31.3914    23.7433 -9.990e-29
 178.855764      0.881  36.431550    12.2345    -1.6589      0.874    31.3433    23.7072 -9.990e-29
 178.855770      0.875  36.375468    12.2288    -1.6588      0.868    31.2944    23.6704 -9.990e-29
 178.855775      0.878  36.356697    12.2267    -1.6586      0.871    31.2782    23.6583 -9.990e-29
 178.855781      0.877  36.371509    12.2277    -1.6581      0.870    31.2916    23.6684 -9.990e-29
 178.855787      0.868  36.389845    12.2298    -1.6574      0.861    31.3074    23.6802 -9.990e-29
 178.855793      0.859  36.384104    12.2298    -1.6582      0.852    31.3019    23.6760 -9.990e-29
 178.855799      0.855  36.362896    12.2267    -1.6601      0.848    31.2842    23.6629 -9.990e-29
 178.855804      0.853  36.346678    12.2233    -1.6592      0.846    31.2715    23.6537 -9.990e-29
 178.855810      0.855  36.347443    12.2216    -1.6583      0.848    31.2737    23.6557 -9.990e-29
 178.855816      0.861  36.366237    12.2205    -1.6590      0.854    31.2926    23.6705 -9.990e-29
 178.855822      0.870  36.393428    12.2179    10.9550      0.863    31.3207    23.6928 -9.990e-29
 178.855828      0.880  36.423864    12.2139    14.4865      0.873    31.3532    23.7187 -9.990e-29
 178.855833      0.886  36.456716    12.2107    14.6834      0.879    31.3873    23.7458 -9.990e-29
 178.855839      0.890  36.493819    12.2092    12.0144      0.883    31.4241    23.7746 -9.990e-29
 178.855845      0.891  36.530914    12.2083     6.4036      0.884    31.4603    23.8028 -9.990e-29
 178.855851      0.893  36.540779    12.2073     6.3876      0.886    31.4706    23.8110 -9.990e-29
 178.855856      0.901  36.501316    12.2068     6.5482      0.893    31.4333    23.7821 -9.990e-29
 178.855862      0.912  36.453998    12.2072     6.5806      0.904    31.3876    23.7467 -9.990e-29
 178.855868      0.916  36.451097    12.2080     6.5281      0.908    31.3842    23.7439 -9.990e-29
 178.855874      0.911  36.457415    12.2087     6.4901      0.903    31.3896    23.7480 -9.990e-29
 178.855880      0.901  36.415891    12.2094     6.4551      0.893    31.3493    23.7166 -9.990e-29
 178.855885      0.893  36.347329    12.2097     6.4333      0.886    31.2835    23.6655 -9.990e-29
 178.855891      0.895  36.303672    12.2101     6.4070      0.888    31.2414    23.6328 -9.990e-29
 178.855897      0.907  36.289445    12.2114     6.3854      0.899    31.2267    23.6212 -9.990e-29
 178.855903      0.917  36.285700    12.2134     6.3832      0.909    31.2214    23.6167 -9.990e-29
 178.855909      0.918  36.285228    12.2158     6.3834      0.910    31.2190    23.6144 -9.990e-29
 178.855914      0.914  36.285743    12.2180     6.4000      0.906    31.2177    23.6129 -9.990e-29
 178.855920      0.913  36.286277    12.2190     6.3804      0.905    31.2173    23.6125 -9.990e-29
 178.855926      0.915  36.285328    12.2187     6.3754      0.907    31.2167    23.6120 -9.990e-29
 178.855932      0.911  36.283896    12.2190     6.3630      0.903    31.2151    23.6107 -9.990e-29
 178.855938      0.902  36.284575    12.2203     6.3453      0.894    31.2146    23.6101 -9.990e-29
 178.855943      0.895  36.286053    12.2212     6.3580      0.888    31.2153    23.6105 -9.990e-29
 178.855949      0.894  36.285848    12.2214     6.3554      0.887    31.2149    23.6102 -9.990e-29
 178.855955      0.899  36.284829    12.2216     6.3501      0.891    31.2138    23.6092 -9.990e-29
 178.855961      0.910  36.285022    12.2222     6.3690      0.902    31.2135    23.6089 -9.990e-29
 178.855966      0.925  36.286151    12.2228     6.3600      0.917    31.2140    23.6092 -9.990e-29
 178.855972      0.934  36.286943    12.2224     6.3666      0.926    31.2151    23.6101 -9.990e-29
 178.855978      0.935  36.286801    12.2208     6.3806      0.927    31.2163    23.6114 -9.990e-29
 178.855984      0.931  36.285557    12.2185     6.3688      0.923    31.2171    23.6124 -9.990e-29
 178.855990      0.932  36.283817    12.2162     6.3693      0.924    31.2173    23.6130 -9.990e-29
 178.855995      0.942  36.282085    12.2142     6.3772      0.934    31.2173    23.6134 -9.990e-29
 178.856001      0.960  36.280125    12.2130     6.3686      0.952    31.2164    23.6129 -9.990e-29
 178.856007      0.984  36.278133    12.2131     6.3693      0.976    31.2144    23.6113 -9.990e-29
 178.856013      0.999  36.277191    12.2140     6.3725      0.991    31.2128    23.6099 -9.990e-29
 178.856019      0.992  36.277721    12.2153     6.3631      0.984    31.2122    23.6092 -9.990e-29
 178.856024      0.972  36.279122    12.2164     6.3653      0.964    31.2126    23.6093 -9.990e-29
 178.856030      0.950  36.280459    12.2170     6.3710      0.942    31.2134    23.6098 -9.990e-29
 178.856036      0.933  36.280713    12.2168     6.3707      0.925    31.2138    23.6102 -9.990e-29
 178.856042      0.925  36.279658    12.2156     6.3735      0.917    31.2138    23.6104 -9.990e-29
 178.856047      0.925  36.278123    12.2147     6.3791      0.917    31.2131    23.6100 -9.990e-29
 178.856053      0.929  36.277419    12.2156     6.3852      0.921    31.2117    23.6087 -9.990e-29
 178.856059      0.928  36.277720    12.2183     6.3796      0.920    31.2097    23.6067 -9.990e-29
 178.856065      0.922  36.278303    12.2202     6.3836      0.914    31.2087    23.6056 -9.990e-29
 178.856071      0.920  36.278263    12.2191     6.3866      0.912    31.2096    23.6065 -9.990e-29
 178.856076      0.926  36.276984    12.2167     6.3937      0.918    31.2104    23.6075 -9.990e-29
 178.856082      0.936  36.275556    12.2153     6.3838      0.928    31.2102    23.6076 -9.990e-29
 178.856088      0.941  36.274870    12.2153     6.3764      0.933    31.2095    23.6071 -9.990e-29
 178.856094      0.938  36.274566    12.2154     6.3714      0.930    31.2091    23.6068 -9.990e-29
 178.856100      0.932  36.274234    12.2144     6.3712      0.924    31.2096    23.6074 -9.990e-29
 178.856105      0.929  36.273429    12.2128     6.3705      0.921    31.2102    23.6081 -9.990e-29
 178.856111      0.930  36.272192    12.2117     6.3688      0.922    31.2099    23.6081 -9.990e-29
 178.856117      0.932  36.271109    12.2116     6.3759      0.924    31.2090    23.6074 -9.990e-29
 178.856123      0.937  36.270971    12.2130     6.3857      0.929    31.2077    23.6061 -9.990e-29
 178.856128      0.951  36.272151    12.2136     6.3902      0.943    31.2083    23.6065 -9.990e-29
 178.856134      0.971  36.272299    12.2116     6.3817      0.963    31.2101    23.6083 -9.990e-29
 178.856140      0.989  36.269929    12.2092     6.3826      0.981    31.2098    23.6085 -9.990e-29
 178.856146      1.001  36.267475    12.2086     6.3807      0.993    31.2080    23.6072 -9.990e-29
 178.856152      1.009  36.266699    12.2092     6.3883      1.001    31.2067    23.6061 -9.990e-29
 178.856157      1.014  36.267121    12.2101     6.3913      1.006    31.2064    23.6057 -9.990e-29
 178.856163      1.015  36.267620    12.2107     6.3889      1.007    31.2064    23.6055 -9.990e-29
 178.856169      1.013  36.267738    12.2112     6.3811      1.005    31.2061    23.6052 -9.990e-29
 178.856175      1.007  36.267628    12.2122     6.3766      0.999    31.2051    23.6043 -9.990e-29
 178.856181      1.002  36.267699    12.2137     6.3763      0.994    31.2040    23.6031 -9.990e-29
 178.856186      1.001  36.268043    12.2145     6.3847      0.993    31.2036    23.6027 -9.990e-29
 178.856192      1.001  36.267995    12.2147     6.3744      0.993    31.2034    23.6025 -9.990e-29
 178.856198      0.996  36.268049    12.2158     6.3709      0.988    31.2025    23.6016 -9.990e-29
 178.856204      0.986  36.269389    12.2179     6.3767      0.978    31.2021    23.6009 -9.990e-29
 178.856209      0.975  36.271558    12.2187     6.3782      0.967    31.2035    23.6018 -9.990e-29
 178.856215      0.972  36.272407    12.2168     6.3845      0.964    31.2059    23.6040 -9.990e-29
 178.856221      0.979  36.270826    12.2138     6.3757      0.971    31.2069    23.6053 -9.990e-29
 178.856227      0.993  36.268621    12.2120     6.3714      0.985    31.2063    23.6052 -9.990e-29
 178.856233      1.007  36.267887    12.2124     6.3718      0.999    31.2052    23.6043 -9.990e-29
 178.856238      1.017  36.268759    12.2149     6.3734      1.009    31.2040    23.6029 -9.990e-29
 178.856244      1.024  36.270717    12.2186     6.3836      1.015    31.2027    23.6013 -9.990e-29
 178.856250      1.028  36.273569    12.2211     6.3920      1.019    31.2034    23.6013 -9.990e-29
 178.856256      1.030  36.276075    12.2214     6.3796      1.021    31.2055    23.6029 -9.990e-29
 178.856262      1.029  36.277092    12.2213     6.3685      1.020    31.2066    23.6037 -9.990e-29
 178.856267      1.026  36.277413    12.2214     6.3691      1.017    31.2068    23.6039 -9.990e-29
 178.856273      1.020  36.277463    12.2214     6.3776      1.011    31.2069    23.6039 -9.990e-29
 178.856279      1.015  36.276744    12.2206     6.4014      1.007    31.2068    23.6041 -9.990e-29
 178.856285      1.015  36.274853    12.2191     6.4061      1.007    31.2063    23.6039 -9.990e-29
 178.856291      1.016  36.272625    12.2181     6.4014      1.008    31.2050    23.6031 -9.990e-29
 178.856296      1.014  36.271564    12.2178     6.3945      1.006    31.2042    23.6025 -9.990e-29
 178.856302      1.009  36.271369    12.2177     6.3809      1.001    31.2041    23.6025 -9.990e-29
 178.856308      0.999  36.271217    12.2170     6.3796      0.991    31.2046    23.6030 -9.990e-29
 178.856314      0.990  36.270341    12.2153     6.3800      0.982    31.2052    23.6037 -9.990e-29
 178.856319      0.984  36.268690    12.2136     6.3890      0.976    31.2050    23.6039 -9.990e-29
 178.856325      0.982  36.267978    12.2128     6.3935      0.974    31.2050    23.6041 -9.990e-29
 178.856331      0.986  36.268371    12.2129     6.4005      0.978    31.2053    23.6043 -9.990e-29
 178.856337      0.999  36.268708    12.2135     6.4074      0.991    31.2051    23.6040 -9.990e-29
 178.856343      1.007  36.268314    12.2139     6.4061      0.999    31.2044    23.6034 -9.990e-29
 178.856348      1.002  36.267781    12.2146     6.4042      0.994    31.2033    23.6024 -9.990e-29
 178.856354      0.989  36.268631    12.2151     6.3925      0.981    31.2037    23.6026 -9.990e-29
 178.856360      0.976  36.269756    12.2143     6.3876      0.968    31.2054    23.6041 -9.990e-29
 178.856366      0.969  36.269293    12.2127     6.3807      0.961    31.2063    23.6051 -9.990e-29
 178.856372      0.974  36.267180    12.2112     6.3873      0.966    31.2056    23.6048 -9.990e-29
 178.856377      0.985  36.265077    12.2107     6.3915      0.977    31.2040    23.6037 -9.990e-29
 178.856383      0.999  36.264651    12.2109     6.3865      0.991    31.2034    23.6032 -9.990e-29
 178.856389      1.017  36.265332    12.2111     6.3862      1.009    31.2039    23.6035 -9.990e-29
 178.856395      1.037  36.266342    12.2112     6.3900      1.028    31.2047    23.6042 -9.990e-29
 178.856400      1.050  36.267345    12.2113     6.3930      1.041    31.2056    23.6048 -9.990e-29
 178.856406      1.053  36.267995    12.2115     6.4034      1.044    31.2061    23.6051 -9.990e-29
 178.856412      1.052  36.268595    12.2119     6.3824      1.043    31.2063    23.6052 -9.990e-29
 178.856418      1.049  36.269380    12.2126     6.3744      1.040    31.2065    23.6052 -9.990e-29
 178.856424      1.045  36.270274    12.2140     6.3724      1.036    31.2061    23.6047 -9.990e-29
 178.856429      1.040  36.271343    12.2155     6.3807      1.031    31.2059    23.6043 -9.990e-29
 178.856435      1.037  36.272332    12.2166     6.3853      1.028    31.2060    23.6041 -9.990e-29
 178.856441      1.041  36.272875    12.2176     6.3977      1.032    31.2056    23.6037 -9.990e-29
 178.856447      1.047  36.273134    12.2181     6.3860      1.038    31.2055    23.6035 -9.990e-29
 178.856453      1.052  36.273449    12.2180     6.3819      1.043    31.2058    23.6038 -9.990e-29
 178.856458      1.055  36.274236    12.2177     6.3747      1.046    31.2068    23.6046 -9.990e-29
 178.856464      1.058  36.275419    12.2178     6.3763      1.049    31.2079    23.6054 -9.990e-29
 178.856470      1.061  36.276333    12.2183     6.3765      1.052    31.2083    23.6057 -9.990e-29
 178.856476      1.063  36.277073    12.2194     6.3832      1.054    31.2081    23.6053 -9.990e-29
 178.856481      1.065  36.278620    12.2205     6.3870      1.056    31.2087    23.6055 -9.990e-29
 178.856487      1.066  36.280233    12.2205     6.3923      1.057    31.2102    23.6067 -9.990e-29
 178.856493      1.067  36.279022    12.2186     6.3954      1.058    31.2107    23.6074 -9.990e-29
 178.856499      1.069  36.275607    12.2154     6.3920      1.060    31.2101    23.6075 -9.990e-29
 178.856505      1.070  36.273271    12.2128     6.3834      1.061    31.2100    23.6080 -9.990e-29
 178.856510      1.071  36.272253    12.2130     6.3716      1.062    31.2089    23.6070 -9.990e-29
 178.856516      1.073  36.272312    12.2160     6.3698      1.064    31.2064    23.6046 -9.990e-29
 178.856522      1.075  36.273521    12.2195     6.3707      1.066    31.2047    23.6026 -9.990e-29
 178.856528      1.077  36.275248    12.2210     6.3620      1.068    31.2051    23.6026 -9.990e-29
 178.856534      1.080  36.276994    12.2204     6.3547      1.071    31.2072    23.6044 -9.990e-29
 178.856539      1.083  36.277724    12.2198     6.3554      1.074    31.2084    23.6054 -9.990e-29
 178.856545      1.088  36.277848    12.2201     6.3703      1.079    31.2083    23.6053 -9.990e-29
 178.856551      1.094  36.278646    12.2209     6.3815      1.085    31.2084    23.6052 -9.990e-29
 178.856557      1.101  36.279498    12.2216     6.3909      1.092    31.2086    23.6052 -9.990e-29
 178.856563      1.110  36.280416    12.2229     6.4025      1.101    31.2084    23.6048 -9.990e-29
 178.856568      1.118  36.282619    12.2252     6.3992      1.109    31.2086    23.6046 -9.990e-29
 178.856574      1.116  36.284562    12.2271     6.3975      1.107    31.2089    23.6044 -9.990e-29
 178.856580      1.105  36.284353    12.2275     6.3912      1.096    31.2083    23.6039 -9.990e-29
 178.856586      1.092  36.282828    12.2272     6.3848      1.083    31.2071    23.6031 -9.990e-29
 178.856591      1.080  36.280191    12.2266     6.3775      1.071    31.2051    23.6016 -9.990e-29
 178.856597      1.069  36.273481    12.2267     6.3764      1.060    31.1986    23.5965 -9.990e-29
 178.856603      1.062  36.268866    12.2285     6.3765      1.053    31.1927    23.5916 -9.990e-29
 178.856609      1.063  36.275303    12.2319     6.3846      1.054    31.1960    23.5936 -9.990e-29
 178.856615      1.068  36.284577    12.2356     6.3817      1.059    31.2018    23.5974 -9.990e-29
 178.856620      1.073  36.289452    12.2381     6.3799      1.064    31.2044    23.5989 -9.990e-29
 178.856626      1.079  36.291947    12.2395     6.3781      1.070    31.2056    23.5996 -9.990e-29
 178.856632      1.085  36.293144    12.2403     6.3832      1.076    31.2061    23.5998 -9.990e-29
 178.856638      1.092  36.293516    12.2408     6.3948      1.083    31.2060    23.5997 -9.990e-29
 178.856644      1.101  36.293556    12.2411     6.3825      1.092    31.2058    23.5994 -9.990e-29
 178.856649      1.112  36.294432    12.2410     6.3567      1.103    31.2067    23.6002 -9.990e-29
 178.856655      1.122  36.295628    12.2413     6.3330      1.113    31.2076    23.6008 -9.990e-29
 178.856661      1.122  36.295935    12.2426     6.3376      1.113    31.2068    23.5999 -9.990e-29
