data/oxygen options/OCNMS/OCNMS1/raw_data/2017/CAST_CE015_170726faed.cnv
* Sea-Bird SBE 19 Data File:
* FileName = C:\2017 Mooring Data\Casts\CAST_CE015_170726.hex
* Software Version SeatermAF 2.1.2
* Temperature SN = 2997
* Conductivity SN = 2997
* System UpLoad Time = Jul 26 2017 22:11:52 (localtime) = Jul 26 2017 22:11:52 (UTC)
** CAST_CE015_170726
* ds
# nquan = 9                                 
# nvalues = 938                         
# units = specified
# name 0 = timeJ: Julian Days
# name 1 = prSM: Pressure, Strain Gauge [db]
# name 2 = c0mS/cm: Conductivity [mS/cm]
# name 3 = t090C: Temperature [ITS-90, deg C]
# name 4 = sbeox0ML/L: Oxygen, SBE 43 [ml/l]
# name 5 = depSM: Depth [salt water, m], lat = 47.5
# name 6 = sal00: Salinity, Practical [PSU]
# name 7 = sigma-é00: Density [sigma-theta, kg/m^3]
# name 8 = flag: flag
# span 0 = 207.886146, 207.891568       
# span 1 =     -4.833,     13.211       
# span 2 =   0.573538,  38.273971       
# span 3 =     8.3529,    16.6161       
# span 4 =    -1.8723,    10.1217       
# span 5 =     -4.793,     13.100       
# span 6 =     0.3424,    34.2147       
# span 7 =    -0.8316,    26.1602       
# span 8 = 0.0000e+00, 0.0000e+00       
# interval = seconds: 0.5
# start_time = Jul 26 2017 21:16:03 [Instrument's time stamp, header]
# bad_flag = -9.990e-29
*END*
 207.886146     -4.833 -9.990e-29    15.9975    -1.8523     -4.793 -9.990e-29 -9.990e-29 -9.990e-29
 207.886152     -4.825   1.107015    15.9941    -1.8514     -4.785     0.6729    -0.5351 -9.990e-29
 207.886157     -4.816   1.109682    16.0012    -1.8508     -4.776     0.6745    -0.5351 -9.990e-29
 207.886163     -4.803   1.116388    16.0168    -1.8501     -4.763     0.6785    -0.5346 -9.990e-29
 207.886169     -4.787   1.122769    16.0334    -1.8498     -4.747     0.6823    -0.5344 -9.990e-29
 207.886175     -4.767   1.122738    16.0427    -1.8492     -4.727     0.6821    -0.5361 -9.990e-29
 207.886181     -4.745   1.117365    16.0387    -1.8488     -4.705     0.6787    -0.5380 -9.990e-29
 207.886186     -4.724   1.109838    16.0281    -1.8486     -4.685     0.6741    -0.5398 -9.990e-29
 207.886192     -4.699   1.103423    16.0252    -1.8484     -4.660     0.6701    -0.5424 -9.990e-29
 207.886198     -4.668   1.102688    16.0352    -1.8479     -4.629     0.6695    -0.5445 -9.990e-29
 207.886204     -4.638   1.105546    16.0532    -1.8475     -4.599     0.6710    -0.5463 -9.990e-29
 207.886209     -4.611   1.103614    16.0728    -1.8471     -4.573     0.6695    -0.5507 -9.990e-29
 207.886215     -4.585   1.093209    16.0901    -1.8464     -4.547     0.6626    -0.5589 -9.990e-29
 207.886221     -4.559   1.078756    16.1045    -1.8467     -4.521     0.6532    -0.5685 -9.990e-29
 207.886227     -4.531   1.067595    16.1172    -1.8476     -4.493     0.6460    -0.5762 -9.990e-29
 207.886233     -4.500   1.063695    16.1286    -1.8476     -4.462     0.6433    -0.5801 -9.990e-29
 207.886238     -4.467   1.064075    16.1386    -1.8474     -4.430     0.6434    -0.5817 -9.990e-29
 207.886244     -4.439   1.062037    16.1491    -1.8469     -4.402     0.6420    -0.5845 -9.990e-29
 207.886250     -4.414   1.054311    16.1610    -1.8462     -4.377     0.6369    -0.5904 -9.990e-29
 207.886256     -4.387   1.043349    16.1728    -1.8456     -4.350     0.6298    -0.5978 -9.990e-29
 207.886262     -4.359   1.033941    16.1834    -1.8451     -4.323     0.6237    -0.6042 -9.990e-29
 207.886267     -4.335   1.029065    16.1903    -1.8451     -4.299     0.6206    -0.6078 -9.990e-29
 207.886273     -4.311   1.027211    16.1893    -1.8446     -4.275     0.6194    -0.6085 -9.990e-29
 207.886279     -4.286   1.023692    16.1841    -1.8441     -4.250     0.6173    -0.6093 -9.990e-29
 207.886285     -4.260   1.016035    16.1835    -1.8437     -4.224     0.6125    -0.6129 -9.990e-29
 207.886291     -4.229   1.006230    16.1899    -1.8432     -4.194     0.6062    -0.6188 -9.990e-29
 207.886296     -4.197   0.997280    16.2020    -1.8428     -4.162     0.6004    -0.6253 -9.990e-29
 207.886302     -4.166   0.990559    16.2177    -1.8422     -4.131     0.5960    -0.6313 -9.990e-29
 207.886308     -4.134   0.985424    16.2333    -1.8416     -4.100     0.5925    -0.6366 -9.990e-29
 207.886314     -4.103   0.980019    16.2458    -1.8411     -4.069     0.5890    -0.6414 -9.990e-29
 207.886319     -4.075   0.973789    16.2564    -1.8409     -4.041     0.5849    -0.6463 -9.990e-29
 207.886325     -4.048   0.967854    16.2684    -1.8418     -4.014     0.5810    -0.6513 -9.990e-29
 207.886331     -4.022   0.962619    16.2817    -1.8428     -3.988     0.5776    -0.6562 -9.990e-29
 207.886337     -3.998   0.957202    16.2945    -1.8424     -3.965     0.5740    -0.6610 -9.990e-29
 207.886343     -3.979   0.951035    16.3074    -1.8418     -3.946     0.5700    -0.6663 -9.990e-29
 207.886348     -3.960   0.944766    16.3213    -1.8413     -3.927     0.5659    -0.6718 -9.990e-29
 207.886354     -3.940   0.939461    16.3357    -1.8408     -3.907     0.5624    -0.6769 -9.990e-29
 207.886360     -3.921   0.935256    16.3492    -1.8405     -3.888     0.5596    -0.6813 -9.990e-29
 207.886366     -3.898   0.931534    16.3589    -1.8401     -3.866     0.5571    -0.6848 -9.990e-29
 207.886372     -3.870   0.927769    16.3600    -1.8397     -3.838     0.5548    -0.6868 -9.990e-29
 207.886377     -3.844   0.923379    16.3516    -1.8392     -3.812     0.5522    -0.6874 -9.990e-29
 207.886383     -3.821   0.918053    16.3434    -1.8387     -3.789     0.5489    -0.6885 -9.990e-29
 207.886389     -3.801   0.912453    16.3453    -1.8383     -3.769     0.5454    -0.6916 -9.990e-29
 207.886395     -3.782   0.907429    16.3556    -1.8384     -3.750     0.5422    -0.6958 -9.990e-29
 207.886400     -3.763   0.903492    16.3682    -1.8384     -3.732     0.5396    -0.6999 -9.990e-29
 207.886406     -3.743   0.900935    16.3802    -1.8379     -3.712     0.5378    -0.7033 -9.990e-29
 207.886412     -3.720   0.899122    16.3913    -1.8383     -3.689     0.5366    -0.7061 -9.990e-29
 207.886418     -3.694   0.896746    16.4028    -1.8386     -3.663     0.5349    -0.7093 -9.990e-29
 207.886424     -3.662   0.893414    16.4152    -1.8383     -3.631     0.5327    -0.7131 -9.990e-29
 207.886429     -3.627   0.889673    16.4283    -1.8382     -3.597     0.5302    -0.7172 -9.990e-29
 207.886435     -3.594   0.885526    16.4406    -1.8387     -3.564     0.5275    -0.7214 -9.990e-29
 207.886441     -3.567   0.880435    16.4489    -1.8387     -3.537     0.5242    -0.7253 -9.990e-29
 207.886447     -3.544   0.874819    16.4528    -1.8385     -3.514     0.5207    -0.7287 -9.990e-29
 207.886453     -3.522   0.870615    16.4559    -1.8390     -3.493     0.5181    -0.7312 -9.990e-29
 207.886458     -3.501   0.869425    16.4586    -1.8392     -3.472     0.5173    -0.7323 -9.990e-29
 207.886464     -3.480   0.869663    16.4580    -1.8397     -3.451     0.5174    -0.7321 -9.990e-29
 207.886470     -3.456   0.867770    16.4570    -1.8401     -3.427     0.5163    -0.7328 -9.990e-29
 207.886476     -3.429   0.862887    16.4578    -1.8407     -3.400     0.5133    -0.7353 -9.990e-29
 207.886481     -3.401   0.857373    16.4570    -1.8413     -3.373     0.5099    -0.7377 -9.990e-29
 207.886487     -3.374   0.853853    16.4540    -1.8413     -3.346     0.5077    -0.7389 -9.990e-29
 207.886493     -3.348   0.852626    16.4520    -1.8415     -3.320     0.5070    -0.7391 -9.990e-29
 207.886499     -3.323   0.851503    16.4495    -1.8414     -3.295     0.5063    -0.7392 -9.990e-29
 207.886505     -3.304   0.848988    16.4440    -1.8415     -3.276     0.5048    -0.7394 -9.990e-29
 207.886510     -3.289   0.845610    16.4359    -1.8419     -3.262     0.5028    -0.7396 -9.990e-29
 207.886516     -3.276   0.842409    16.4257    -1.8423     -3.249     0.5010    -0.7393 -9.990e-29
 207.886522     -3.266   0.839552    16.4139    -1.8425     -3.239     0.4994    -0.7386 -9.990e-29
 207.886528     -3.257   0.836557    16.4019    -1.8421     -3.230     0.4977    -0.7379 -9.990e-29
 207.886534     -3.249   0.833314    16.3920    -1.8420     -3.222     0.4958    -0.7376 -9.990e-29
 207.886539     -3.242   0.829934    16.3859    -1.8421     -3.215     0.4938    -0.7382 -9.990e-29
 207.886545     -3.234   0.826901    16.3824    -1.8423     -3.207     0.4919    -0.7390 -9.990e-29
 207.886551     -3.227   0.825161    16.3797    -1.8427     -3.200     0.4909    -0.7393 -9.990e-29
 207.886557     -3.218   0.824612    16.3756    -1.8422     -3.191     0.4906    -0.7389 -9.990e-29
 207.886563     -3.208   0.823971    16.3693    -1.8417     -3.181     0.4903    -0.7381 -9.990e-29
 207.886568     -3.195   0.822385    16.3635    -1.8413     -3.168     0.4894    -0.7378 -9.990e-29
 207.886574     -3.180   0.819958    16.3616    -1.8408     -3.153     0.4879    -0.7386 -9.990e-29
 207.886580     -3.160   0.817334    16.3637    -1.8401     -3.134     0.4862    -0.7402 -9.990e-29
 207.886586     -3.136   0.815451    16.3658    -1.8395     -3.110     0.4850    -0.7415 -9.990e-29
 207.886591     -3.108   0.814572    16.3653    -1.8389     -3.082     0.4845    -0.7418 -9.990e-29
 207.886597     -3.081   0.813526    16.3633    -1.8384     -3.055     0.4839    -0.7420 -9.990e-29
 207.886603     -3.053   0.810921    16.3638    -1.8382     -3.028     0.4823    -0.7433 -9.990e-29
 207.886609     -3.025   0.806611    16.3707    -1.8379     -3.000     0.4795    -0.7466 -9.990e-29
 207.886615     -3.000   0.802054    16.3816    -1.8382     -2.975     0.4766    -0.7507 -9.990e-29
 207.886620     -2.977   0.798937    16.3937    -1.8382     -2.952     0.4745    -0.7543 -9.990e-29
 207.886626     -2.954   0.798095    16.4075    -1.8383     -2.929     0.4739    -0.7571 -9.990e-29
 207.886632     -2.930   0.799513    16.4230    -1.8381     -2.906     0.4745    -0.7592 -9.990e-29
 207.886638     -2.908   0.801759    16.4387    -1.8381     -2.884     0.4758    -0.7609 -9.990e-29
 207.886644     -2.890   0.802840    16.4533    -1.8381     -2.866     0.4762    -0.7630 -9.990e-29
 207.886649     -2.871   0.801984    16.4657    -1.8382     -2.847     0.4756    -0.7656 -9.990e-29
 207.886655     -2.850   0.799713    16.4744    -1.8384     -2.826     0.4741    -0.7682 -9.990e-29
 207.886661     -2.834   0.796882    16.4786    -1.8382     -2.810     0.4723    -0.7703 -9.990e-29
 207.886667     -2.823   0.794153    16.4792    -1.8383     -2.799     0.4706    -0.7717 -9.990e-29
 207.886672     -2.805   0.791766    16.4792    -1.8380     -2.782     0.4691    -0.7728 -9.990e-29
 207.886678     -2.782   0.789313    16.4802    -1.8376     -2.759     0.4676    -0.7742 -9.990e-29
 207.886684     -2.759   0.786295    16.4814    -1.8374     -2.736     0.4657    -0.7758 -9.990e-29
 207.886690     -2.740   0.783124    16.4817    -1.8371     -2.717     0.4638    -0.7774 -9.990e-29
 207.886696     -2.723   0.781118    16.4806    -1.8367     -2.700     0.4626    -0.7781 -9.990e-29
 207.886701     -2.708   0.781481    16.4786    -1.8364     -2.685     0.4628    -0.7776 -9.990e-29
 207.886707     -2.693   0.784148    16.4777    -1.8369     -2.671     0.4645    -0.7762 -9.990e-29
 207.886713     -2.677   0.787134    16.4794    -1.8364     -2.655     0.4663    -0.7751 -9.990e-29
 207.886719     -2.659   0.787770    16.4831    -1.8358     -2.637     0.4666    -0.7754 -9.990e-29
 207.886725     -2.643   0.785244    16.4891    -1.8355     -2.621     0.4650    -0.7777 -9.990e-29
 207.886730     -2.631   0.781176    16.4967    -1.8347     -2.609     0.4624    -0.7810 -9.990e-29
 207.886736     -2.620   0.777349    16.5045    -1.8343     -2.598     0.4600    -0.7842 -9.990e-29
 207.886742     -2.603   0.774204    16.5131    -1.8346     -2.581     0.4580    -0.7872 -9.990e-29
 207.886748     -2.580   0.771430    16.5220    -1.8352     -2.558     0.4562    -0.7901 -9.990e-29
 207.886753     -2.553   0.768656    16.5276    -1.8356     -2.532     0.4544    -0.7924 -9.990e-29
 207.886759     -2.530   0.766064    16.5311    -1.8359     -2.509     0.4528    -0.7942 -9.990e-29
 207.886765     -2.512   0.764080    16.5388    -1.8356     -2.491     0.4515    -0.7965 -9.990e-29
 207.886771     -2.500   0.762831    16.5502    -1.8353     -2.479     0.4506    -0.7992 -9.990e-29
 207.886777     -2.491   0.762314    16.5620    -1.8350     -2.470     0.4501    -0.8015 -9.990e-29
 207.886782     -2.487   0.762396    16.5734    -1.8345     -2.466     0.4501    -0.8035 -9.990e-29
 207.886788     -2.481   0.762636    16.5802    -1.8341     -2.460     0.4501    -0.8046 -9.990e-29
 207.886794     -2.470   0.762245    16.5783    -1.8340     -2.449     0.4499    -0.8044 -9.990e-29
 207.886800     -2.457   0.760706    16.5703    -1.8341     -2.437     0.4491    -0.8037 -9.990e-29
 207.886806     -2.445   0.758185    16.5623    -1.8343     -2.425     0.4476    -0.8035 -9.990e-29
 207.886811     -2.434   0.755201    16.5589    -1.8344     -2.414     0.4458    -0.8043 -9.990e-29
 207.886817     -2.423   0.752210    16.5618    -1.8345     -2.403     0.4440    -0.8062 -9.990e-29
 207.886823     -2.411   0.749661    16.5690    -1.8347     -2.391     0.4423    -0.8087 -9.990e-29
 207.886829     -2.398   0.748036    16.5778    -1.8352     -2.378     0.4412    -0.8110 -9.990e-29
 207.886834     -2.383   0.747388    16.5874    -1.8358     -2.363     0.4407    -0.8131 -9.990e-29
 207.886840     -2.364   0.747408    16.5957    -1.8361     -2.344     0.4407    -0.8145 -9.990e-29
 207.886846     -2.341   0.747571    16.6001    -1.8361     -2.321     0.4407    -0.8152 -9.990e-29
 207.886852     -2.316   0.746987    16.6000    -1.8361     -2.297     0.4404    -0.8155 -9.990e-29
 207.886858     -2.296   0.745434    16.5973    -1.8364     -2.277     0.4394    -0.8157 -9.990e-29
 207.886863     -2.285   0.743612    16.5935    -1.8366     -2.266     0.4384    -0.8159 -9.990e-29
 207.886869     -2.281   0.741865    16.5888    -1.8367     -2.262     0.4373    -0.8159 -9.990e-29
 207.886875     -2.281   0.740082    16.5822    -1.8365     -2.262     0.4363    -0.8156 -9.990e-29
 207.886881     -2.275   0.738101    16.5724    -1.8365     -2.256     0.4352    -0.8148 -9.990e-29
 207.886887     -2.263   0.736051    16.5617    -1.8370     -2.244     0.4341    -0.8138 -9.990e-29
 207.886892     -2.249   0.734524    16.5544    -1.8373     -2.230     0.4332    -0.8132 -9.990e-29
 207.886898     -2.232   0.733700    16.5506    -1.8374     -2.213     0.4328    -0.8130 -9.990e-29
 207.886904     -2.215   0.733034    16.5473    -1.8368     -2.197     0.4324    -0.8127 -9.990e-29
 207.886910     -2.201   0.732193    16.5430    -1.8364     -2.183     0.4319    -0.8123 -9.990e-29
 207.886916     -2.189   0.731715    16.5389    -1.8356     -2.171     0.4317    -0.8118 -9.990e-29
 207.886921     -2.179   0.732073    16.5369    -1.8349     -2.161     0.4319    -0.8113 -9.990e-29
 207.886927     -2.169   0.732632    16.5366    -1.8345     -2.151     0.4322    -0.8110 -9.990e-29
 207.886933     -2.160   0.732477    16.5342    -1.8342     -2.142     0.4322    -0.8106 -9.990e-29
 207.886939     -2.150   0.731400    16.5286    -1.8341     -2.132     0.4316    -0.8101 -9.990e-29
 207.886944     -2.140   0.729626    16.5242    -1.8338     -2.122     0.4305    -0.8102 -9.990e-29
 207.886950     -2.128   0.727559    16.5262    -1.8337     -2.110     0.4293    -0.8115 -9.990e-29
 207.886956     -2.114   0.725769    16.5354    -1.8335     -2.096     0.4281    -0.8140 -9.990e-29
 207.886962     -2.096   0.724637    16.5492    -1.8341     -2.079     0.4272    -0.8170 -9.990e-29
 207.886968     -2.078   0.724317    16.5652    -1.8346     -2.061     0.4269    -0.8200 -9.990e-29
 207.886973     -2.063   0.724382    16.5806    -1.8349     -2.046     0.4268    -0.8227 -9.990e-29
 207.886979     -2.051   0.723808    16.5928    -1.8357     -2.034     0.4263    -0.8251 -9.990e-29
 207.886985     -2.040   0.722385    16.6014    -1.8357     -2.023     0.4253    -0.8273 -9.990e-29
 207.886991     -2.025   0.720985    16.6081    -1.8355     -2.008     0.4244    -0.8292 -9.990e-29
 207.886997     -2.005   0.719958    16.6134    -1.8353     -1.988     0.4237    -0.8306 -9.990e-29
 207.887002     -1.988   0.719043    16.6161    -1.8357     -1.971     0.4231    -0.8315 -9.990e-29
 207.887008     -1.977   0.718127    16.6141    -1.8363     -1.961     0.4226    -0.8316 -9.990e-29
 207.887014     -1.967   0.717096    16.6064    -1.8362     -1.951     0.4220    -0.8307 -9.990e-29
 207.887020     -1.953   0.716239    16.5956    -1.8359     -1.937     0.4216    -0.8292 -9.990e-29
 207.887025     -1.938   0.716074    16.5842    -1.8362     -1.922     0.4216    -0.8272 -9.990e-29
 207.887031     -1.927   0.716379    16.5744    -1.8365     -1.911     0.4219    -0.8253 -9.990e-29
 207.887037     -1.917   0.716453    16.5703    -1.8366     -1.901     0.4220    -0.8246 -9.990e-29
 207.887043     -1.908   0.715840    16.5710    -1.8368     -1.892     0.4216    -0.8250 -9.990e-29
 207.887049     -1.901   0.714277    16.5706    -1.8364     -1.885     0.4207    -0.8256 -9.990e-29
 207.887054     -1.893   0.711893    16.5653    -1.8366     -1.877     0.4193    -0.8258 -9.990e-29
 207.887060     -1.886   0.709389    16.5586    -1.8376     -1.870     0.4178    -0.8258 -9.990e-29
 207.887066     -1.878   0.707859    16.5556    -1.8386     -1.862     0.4169    -0.8260 -9.990e-29
