data/oxygen options/OCNMS/OCNMS1/raw_data/2017/CAST_MB015_170627faed.cnv
* Sea-Bird SBE19 Data File:
* FileName = C:\2017 Mooring Data\Casts\CAST_MB015_170627.hex
* Software Version 1.59
* Temperature SN = 2997
* Conductivity SN = 2997
* System UpLoad Time = Jun 27 2017 19:23:48
** CAST_MB015_170627
* ds
# nquan = 9                                 
# nvalues = 481                         
# units = specified
# name 0 = timeJ: Julian Days
# name 1 = prSM: Pressure, Strain Gauge [db]
# name 2 = c0mS/cm: Conductivity [mS/cm]
# name 3 = t090C: Temperature [ITS-90, deg C]
# name 4 = sbeox0ML/L: Oxygen, SBE 43 [ml/l]
# name 5 = depSM: Depth [salt water, m], lat = 47.5
# name 6 = sal00: Salinity, Practical [PSU]
# name 7 = sigma-é00: Density [sigma-theta, kg/m^3]
# name 8 = flag: flag
# span 0 = 178.783808, 178.786586       
# span 1 =     -1.921,     13.135       
# span 2 =   1.793921,  37.207498       
# span 3 =     9.8010,    13.2242       
# span 4 =    -1.9861,    16.6680       
# span 5 =     -1.905,     13.025       
# span 6 =     1.2930,    32.8354       
# span 7 =     0.4935,    25.2926       
# span 8 = 0.0000e+00, 0.0000e+00       
# interval = seconds: 0.5
# start_time = Jun 27 2017 18:48:41 [Instrument's time stamp, header]
# bad_flag = -9.990e-29
*END*
 178.783808     -1.919 -9.990e-29    12.6371    -1.9702     -1.903 -9.990e-29 -9.990e-29 -9.990e-29
 178.783814     -1.921   3.193669    12.6517    -1.9768     -1.905     2.2330     1.1584 -9.990e-29
 178.783819     -1.917   3.037014    12.6631    -1.9739     -1.901     2.1165     1.0666 -9.990e-29
 178.783825     -1.909   2.833977    12.6687    -1.9657     -1.893     1.9667     0.9497 -9.990e-29
 178.783831     -1.903   2.744457    12.6716    -1.9679     -1.887     1.9009     0.8983 -9.990e-29
 178.783837     -1.897   2.817015    12.6778    -1.9629     -1.881     1.9538     0.9385 -9.990e-29
 178.783843     -1.892   2.951165    12.6904    -1.9646     -1.876     2.0517     1.0129 -9.990e-29
 178.783848     -1.886   3.017986    12.7071    -1.9725     -1.870     2.1000     1.0482 -9.990e-29
 178.783854     -1.879   2.988067    12.7222    -1.9668     -1.863     2.0772     1.0285 -9.990e-29
 178.783860     -1.871   2.966951    12.7307    -1.9667     -1.855     2.0611     1.0150 -9.990e-29
 178.783866     -1.862   2.952572    12.7324    -1.9693     -1.846     2.0505     1.0065 -9.990e-29
 178.783872     -1.851   2.827538    12.7341    -1.9746     -1.836     1.9586     0.9351 -9.990e-29
 178.783877     -1.837   2.706449    12.7415    -1.9729     -1.822     1.8696     0.8651 -9.990e-29
 178.783883     -1.820   2.836237    12.7529    -1.9702     -1.805     1.9640     0.9369 -9.990e-29
 178.783889     -1.797   3.097521    12.7615    -1.9671     -1.782     2.1556     1.0843 -9.990e-29
 178.783895     -1.773   3.262143    12.7622    -1.9685     -1.758     2.2772     1.1784 -9.990e-29
 178.783900     -1.754   3.329290    12.7553    -1.9714     -1.739     2.3274     1.2182 -9.990e-29
 178.783906     -1.743   3.240857    12.7456    -1.9731     -1.728     2.2624     1.1691 -9.990e-29
 178.783912     -1.735   3.112568    12.7390    -1.9709     -1.721     2.1680     1.0968 -9.990e-29
 178.783918     -1.725   3.144093    12.7375    -1.9739     -1.711     2.1914     1.1151 -9.990e-29
 178.783924     -1.713   3.155504    12.7374    -1.9702     -1.699     2.1998     1.1216 -9.990e-29
 178.783929     -1.698   2.987779    12.7353    -1.9693     -1.684     2.0762     1.0261 -9.990e-29
 178.783935     -1.684   2.810175    12.7315    -1.9758     -1.670     1.9460     0.9257 -9.990e-29
 178.783941     -1.673   2.820940    12.7280    -1.9744     -1.659     1.9541     0.9324 -9.990e-29
 178.783947     -1.665   2.986169    12.7293    -1.9778     -1.651     2.0754     1.0262 -9.990e-29
 178.783953     -1.659   3.119424    12.7361    -1.9707     -1.645     2.1732     1.1012 -9.990e-29
 178.783958     -1.656   3.079286    12.7391    -1.9690     -1.642     2.1434     1.0777 -9.990e-29
 178.783964     -1.650   2.909359    12.7308    -1.9743     -1.636     2.0188     0.9822 -9.990e-29
 178.783970     -1.637   2.798167    12.7156    -1.9794     -1.623     1.9380     0.9215 -9.990e-29
 178.783976     -1.621   2.807211    12.7013    -1.9819     -1.607     1.9454     0.9290 -9.990e-29
 178.783981     -1.604   2.885301    12.6904    -1.9768     -1.591     2.0032     0.9753 -9.990e-29
 178.783987     -1.586   2.999498    12.6808    -1.9717     -1.573     2.0878     1.0421 -9.990e-29
 178.783993     -1.569   3.002958    12.6703    -1.9755     -1.556     2.0909     1.0459 -9.990e-29
 178.783999     -1.558   2.879757    12.6601    -1.9786     -1.545     2.0008     0.9772 -9.990e-29
 178.784005     -1.546   2.807465    12.6525    -1.9841     -1.533     1.9480     0.9373 -9.990e-29
 178.784010     -1.529   2.883364    12.6470    -1.9861     -1.516     2.0041     0.9815 -9.990e-29
 178.784016     -1.507   3.076567    12.6416    -1.9838     -1.494     2.1469     1.0929 -9.990e-29
 178.784022     -1.481   3.139689    12.6343    -1.9736     -1.469     2.1940     1.1304 -9.990e-29
 178.784028     -1.458   2.936592    12.6257    -1.9740     -1.446     2.0444     1.0155 -9.990e-29
 178.784034     -1.442   2.675392    12.6183    -1.9776     -1.430     1.8529     0.8679 -9.990e-29
 178.784039     -1.431   2.619306    12.6139    -1.9822     -1.419     1.8120     0.8367 -9.990e-29
 178.784045     -1.425   2.808960    12.6123    -1.9808     -1.413     1.9512     0.9449 -9.990e-29
 178.784051     -1.419   2.968437    12.6125    -1.9769     -1.407     2.0686     1.0359 -9.990e-29
 178.784057     -1.409   2.867025    12.6137    -1.9774     -1.397     1.9938     0.9778 -9.990e-29
 178.784063     -1.397   2.573731    12.6147    -1.9758     -1.385     1.7787     0.8108 -9.990e-29
 178.784068     -1.388   2.270112    12.6130    -1.9726     -1.376     1.5579     0.6396 -9.990e-29
 178.784074     -1.381   2.161025    12.6077    -1.9766     -1.369     1.4793     0.5792 -9.990e-29
 178.784080     -1.375   2.385593    12.6013    -1.9762     -1.364     1.6422     0.7065 -9.990e-29
 178.784086     -1.371   2.761131    12.5985    -1.9723     -1.360     1.9167     0.9199 -9.990e-29
 178.784091     -1.367   2.916199    12.6012    -1.9739     -1.356     2.0307     1.0079 -9.990e-29
 178.784097     -1.364   2.782389    12.6078    -1.9737     -1.353     1.9319     0.9305 -9.990e-29
 178.784103     -1.362   2.604667    12.6179    -1.9731     -1.351     1.8011     0.8278 -9.990e-29
 178.784109     -1.360   2.589403    12.6303    -1.9715     -1.349     1.7894     0.8171 -9.990e-29
 178.784115     -1.358   2.681855    12.6400    -1.9667     -1.347     1.8565     0.8680 -9.990e-29
 178.784120     -1.356   2.752303    12.6435    -1.9669     -1.345     1.9080     0.9074 -9.990e-29
 178.784126     -1.354   2.832543    12.6430    -1.9720     -1.343     1.9669     0.9532 -9.990e-29
 178.784132     -1.351   2.892505    12.6425    -1.9718     -1.340     2.0111     0.9875 -9.990e-29
 178.784138     -1.349   2.880074    12.6453    -1.9651     -1.338     2.0018     0.9799 -9.990e-29
 178.784144     -1.345   2.916295    12.6504    -1.9661     -1.334     2.0282     0.9997 -9.990e-29
 178.784149     -1.342   3.001744    12.6531    -1.9683     -1.331     2.0910     1.0481 -9.990e-29
 178.784155     -1.337   3.027839    12.6517    -1.9726     -1.326     2.1103     1.0633 -9.990e-29
 178.784161     -1.331   3.052133    12.6503    -1.9753     -1.320     2.1283     1.0774 -9.990e-29
 178.784167     -1.323   3.155305    12.6533    -1.9724     -1.312     2.2045     1.1360 -9.990e-29
 178.784172     -1.313   3.338957    12.6589    -1.9675     -1.302     2.3404     1.2407 -9.990e-29
 178.784178     -1.304   3.504965    12.6598    -1.9642     -1.293     2.4640     1.3363 -9.990e-29
 178.784184     -1.301   3.496698    12.6546    -1.9680     -1.290     2.4582     1.3325 -9.990e-29
 178.784190     -1.298   3.395825    12.6495    -1.9704     -1.287     2.3833     1.2751 -9.990e-29
 178.784196     -1.292   3.458599    12.6504    -1.9730     -1.281     2.4300     1.3112 -9.990e-29
 178.784201     -1.282   3.639941    12.6602    -1.9733     -1.271     2.5648     1.4144 -9.990e-29
 178.784207     -1.267   3.662107    12.6750    -1.9690     -1.256     2.5804     1.4246 -9.990e-29
 178.784213     -1.246   3.451427    12.6886    -1.9688     -1.236     2.4223     1.3003 -9.990e-29
 178.784219     -1.222   3.154398    12.6995    -1.9717     -1.212     2.2011     1.1275 -9.990e-29
 178.784225     -1.203   2.987697    12.7084    -1.9740     -1.193     2.0776     1.0307 -9.990e-29
 178.784230     -1.186   3.069795    12.7165    -1.9762     -1.176     2.1377     1.0762 -9.990e-29
 178.784236     -1.167   3.285414    12.7249    -1.9778     -1.157     2.2967     1.1983 -9.990e-29
 178.784242     -1.150   3.383173    12.7300    12.7985     -1.140     2.3689     1.2536 -9.990e-29
 178.784248     -1.136   3.252549    12.7300    16.5658     -1.127     2.2720     1.1785 -9.990e-29
 178.784253     -1.125   3.032962    12.7289    16.6680     -1.116     2.1098     1.0530 -9.990e-29
 178.784259     -1.117   2.884492    12.7311    13.3584     -1.108     2.0005     0.9680 -9.990e-29
 178.784265     -1.110   2.884970    12.7389     6.6313     -1.101     2.0004     0.9669 -9.990e-29
 178.784271     -1.105   2.968444    12.7488     6.4178     -1.096     2.0612     1.0128 -9.990e-29
 178.784277     -1.101   2.935469    12.7541     6.3947     -1.092     2.0367     0.9931 -9.990e-29
 178.784282     -1.098   2.742085    12.7521     6.3988     -1.089     1.8951     0.8836 -9.990e-29
 178.784288     -1.095   2.518312    12.7466     6.4007     -1.086     1.7322     0.7580 -9.990e-29
 178.784294     -1.093   2.373033    12.7432     6.4062     -1.084     1.6270     0.6768 -9.990e-29
 178.784300     -1.091   2.394362    12.7457     6.4004     -1.082     1.6423     0.6884 -9.990e-29
 178.784306     -1.090   2.579108    12.7538     6.4043     -1.081     1.7761     0.7911 -9.990e-29
 178.784311     -1.089   2.744201    12.7613     6.4082     -1.080     1.8962     0.8832 -9.990e-29
 178.784317     -1.088   2.738602    12.7641     6.4046     -1.079     1.8920     0.8796 -9.990e-29
 178.784323     -1.087   2.612555    12.7640     6.3759     -1.078     1.8000     0.8083 -9.990e-29
 178.784329     -1.086   2.537552    12.7629     6.3839     -1.077     1.7455     0.7662 -9.990e-29
 178.784334     -1.085   2.650495    12.7601     6.3881     -1.076     1.8278     0.8304 -9.990e-29
 178.784340     -1.084   2.852849    12.7561     6.3826     -1.075     1.9760     0.9458 -9.990e-29
 178.784346     -1.083   2.907294    12.7529     6.3969     -1.074     2.0161     0.9773 -9.990e-29
 178.784352     -1.081   2.830951    12.7526     6.4049     -1.072     1.9601     0.9339 -9.990e-29
 178.784358     -1.079   2.816124    12.7586     6.4148     -1.070     1.9490     0.9245 -9.990e-29
 178.784363     -1.077   2.864136    12.7710     6.4026     -1.068     1.9835     0.9497 -9.990e-29
 178.784369     -1.074   2.862559    12.7832     6.3996     -1.065     1.9817     0.9467 -9.990e-29
 178.784375     -1.070   2.830381    12.7903     6.4011     -1.061     1.9578     0.9272 -9.990e-29
 178.784381     -1.065   2.904479    12.7932     6.3911     -1.056     2.0119     0.9688 -9.990e-29
 178.784387     -1.059   3.076544    12.7937     6.3909     -1.050     2.1383     1.0667 -9.990e-29
 178.784392     -1.051   3.169249    12.7915     6.3823     -1.042     2.2068     1.1201 -9.990e-29
 178.784398     -1.041   3.147513    12.7868     6.3970     -1.032     2.1910     1.1085 -9.990e-29
 178.784404     -1.028   3.067824    12.7814     6.3990     -1.019     2.1326     1.0639 -9.990e-29
 178.784410     -1.011   2.924379    12.7787     6.4049     -1.003     2.0273     0.9826 -9.990e-29
 178.784416     -0.993   2.748990    12.7797     6.3935     -0.985     1.8988     0.8829 -9.990e-29
 178.784421     -0.982   2.642943    12.7795     6.3828     -0.974     1.8214     0.8229 -9.990e-29
 178.784427     -0.978   2.667361    12.7745     6.3819     -0.970     1.8394     0.8375 -9.990e-29
 178.784433     -0.970   2.777688    12.7689     6.3991     -0.962     1.9203     0.9009 -9.990e-29
 178.784439     -0.960   2.941822    12.7697     6.3968     -0.952     2.0406     0.9941 -9.990e-29
 178.784444     -0.950   3.120033    12.7803     6.3767     -0.942     2.1711     1.0939 -9.990e-29
 178.784450     -0.936   3.182022    12.7966     6.3581     -0.928     2.2159     1.1265 -9.990e-29
 178.784456     -0.916   3.058947    12.8131     6.3671     -0.908     2.1243     1.0534 -9.990e-29
 178.784462     -0.899   2.815904    12.8292     6.3828     -0.891     1.9452     0.9125 -9.990e-29
 178.784468     -0.886   2.577193    12.8476     6.3833     -0.879     1.7704     0.7746 -9.990e-29
 178.784473     -0.878   2.486701    12.8675     6.3836     -0.871     1.7039     0.7205 -9.990e-29
 178.784479     -0.873   2.593533    12.8823     6.3841     -0.866     1.7806     0.7781 -9.990e-29
 178.784485     -0.872   2.730561    12.8894     6.3651     -0.865     1.8799     0.8541 -9.990e-29
 178.784491     -0.875   2.714876    12.8943     6.3723     -0.868     1.8683     0.8444 -9.990e-29
 178.784497     -0.877   2.602692    12.9018     6.3846     -0.870     1.7864     0.7800 -9.990e-29
 178.784502     -0.874   2.606172    12.9112     6.3885     -0.867     1.7885     0.7804 -9.990e-29
 178.784508     -0.870   2.810397    12.9167     6.3706     -0.863     1.9367     0.8946 -9.990e-29
 178.784514     -0.870   2.991079    12.9145     6.3661     -0.863     2.0689     0.9973 -9.990e-29
 178.784520     -0.873   2.939686    12.9078     6.3737     -0.866     2.0316     0.9693 -9.990e-29
 178.784525     -0.879   2.791912    12.9015     6.3769     -0.872     1.9240     0.8867 -9.990e-29
 178.784531     -0.885   2.727710    12.9004     6.3699     -0.878     1.8773     0.8506 -9.990e-29
 178.784537     -0.883   2.751415    12.9058     6.3690     -0.876     1.8943     0.8631 -9.990e-29
 178.784543     -0.872   2.853207    12.9088     6.3817     -0.865     1.9684     0.9201 -9.990e-29
 178.784549     -0.860   2.952911    12.9024     6.3863     -0.853     2.0416     0.9777 -9.990e-29
 178.784554     -0.851   2.908955    12.8932     6.3841     -0.844     2.0099     0.9543 -9.990e-29
 178.784560     -0.843   2.801457    12.8917     6.3944     -0.836     1.9315     0.8937 -9.990e-29
 178.784566     -0.838   2.826117    12.9002     6.3829     -0.831     1.9490     0.9062 -9.990e-29
 178.784572     -0.833   2.932019    12.9110     6.3693     -0.826     2.0259     0.9644 -9.990e-29
 178.784578     -0.830   2.914123    12.9159     6.3708     -0.823     2.0125     0.9534 -9.990e-29
 178.784583     -0.827   2.824040    12.9168     6.3714     -0.820     1.9467     0.9023 -9.990e-29
 178.784589     -0.825   2.851282    12.9217     6.3574     -0.818     1.9663     0.9168 -9.990e-29
 178.784595     -0.824   2.928964    12.9328     6.3549     -0.817     2.0225     0.9589 -9.990e-29
 178.784601     -0.822   2.868242    12.9456     6.3707     -0.815     1.9775     0.9223 -9.990e-29
 178.784606     -0.821   2.663621    12.9572     6.3817     -0.814     1.8280     0.8050 -9.990e-29
 178.784612     -0.820   2.440098    12.9694     6.3662     -0.813     1.6657     0.6777 -9.990e-29
 178.784618     -0.820   2.286334    12.9830     6.3461     -0.813     1.5546     0.5897 -9.990e-29
 178.784624     -0.819   2.260803    12.9941     6.3515     -0.812     1.5358     0.5737 -9.990e-29
 178.784630     -0.819   2.391034    12.9998     6.3688     -0.812     1.6291     0.6453 -9.990e-29
 178.784635     -0.819   2.576630    13.0048     6.3726     -0.812     1.7627     0.7482 -9.990e-29
 178.784641     -0.819   2.674502    13.0145     6.3663     -0.812     1.8331     0.8015 -9.990e-29
 178.784647     -0.818   2.691432    13.0259     6.3399     -0.811     1.8449     0.8091 -9.990e-29
 178.784653     -0.818   2.681620    13.0322     6.3361     -0.811     1.8375     0.8025 -9.990e-29
 178.784659     -0.818   2.613673    13.0326     6.3462     -0.811     1.7882     0.7643 -9.990e-29
 178.784664     -0.818   2.509062    13.0327     6.3630     -0.811     1.7127     0.7058 -9.990e-29
 178.784670     -0.817   2.530656    13.0374     6.3673     -0.810     1.7281     0.7171 -9.990e-29
 178.784676     -0.817   2.721657    13.0458     6.3653     -0.810     1.8658     0.8227 -9.990e-29
 178.784682     -0.817   2.837398    13.0547     6.3598     -0.810     1.9494     0.8863 -9.990e-29
 178.784687     -0.817   2.732599    13.0627     6.3571     -0.810     1.8729     0.8260 -9.990e-29
 178.784693     -0.816   2.575470    13.0691     6.3603     -0.809     1.7590     0.7368 -9.990e-29
 178.784699     -0.816   2.562638    13.0723     6.3596     -0.809     1.7496     0.7291 -9.990e-29
 178.784705     -0.815   2.730254    13.0719     6.3501     -0.808     1.8708     0.8231 -9.990e-29
 178.784711     -0.814   2.930071    13.0690     6.3465     -0.807     2.0161     0.9361 -9.990e-29
 178.784716     -0.813   2.969092    13.0670     6.3611     -0.806     2.0447     0.9584 -9.990e-29
 178.784722     -0.812   2.853295    13.0708     6.3556     -0.805     1.9602     0.8925 -9.990e-29
 178.784728     -0.810   2.726260    13.0804     6.3582     -0.803     1.8675     0.8194 -9.990e-29
