data/oxygen options/OCNMS/OCNMS1/raw_data/2017/CAST_TH042_170711faed.cnv
* Sea-Bird SBE19 Data File:
* FileName = C:\2017 Mooring Data\Casts\CAST_TH042_170711.hex
* Software Version 1.59
* Temperature SN = 2997
* Conductivity SN = 2997
* System UpLoad Time = Jul 11 2017 22:40:26
** CAST_TH042_170711
* ds
# nquan = 9                                 
# nvalues = 868                         
# units = specified
# name 0 = timeJ: Julian Days
# name 1 = prSM: Pressure, Strain Gauge [db]
# name 2 = c0mS/cm: Conductivity [mS/cm]
# name 3 = t090C: Temperature [ITS-90, deg C]
# name 4 = sbeox0ML/L: Oxygen, SBE 43 [ml/l]
# name 5 = depSM: Depth [salt water, m], lat = 47.5
# name 6 = sal00: Salinity, Practical [PSU]
# name 7 = sigma-é00: Density [sigma-theta, kg/m^3]
# name 8 = flag: flag
# span 0 = 192.936690, 192.941707       
# span 1 =     -3.921,     43.342       
# span 2 =   0.005655,  37.999908       
# span 3 =     7.7348,    16.2082       
# span 4 =    -1.9059,    16.2846       
# span 5 =     -3.888,     42.976       
# span 6 =     0.0098,    33.7376       
# span 7 =    -1.0810,    26.3212       
# span 8 = 0.0000e+00, 0.0000e+00       
# interval = seconds: 0.5
# start_time = Jul 11 2017 22:28:50 [Instrument's time stamp, header]
# bad_flag = -9.990e-29
*END*
[from data line 481]
 192.939473     -0.012  37.614841    12.8223     7.8858     -0.012    31.9742    24.0844 -9.990e-29
 192.939479     -0.012  37.588109    12.7998     7.8604     -0.012    31.9680    24.0839 -9.990e-29
 192.939485     -0.011  37.569958    12.7898     7.8485     -0.011    31.9592    24.0791 -9.990e-29
 192.939491     -0.011  37.565452    12.7906     7.8318     -0.011    31.9543    24.0751 -9.990e-29
 192.939497     -0.010  37.570391    12.7985     7.8286     -0.010    31.9523    24.0720 -9.990e-29
 192.939502     -0.010  37.579700    12.8090     7.8290     -0.010    31.9522    24.0699 -9.990e-29
 192.939508     -0.010  37.585756    12.8108     7.8593     -0.010    31.9564    24.0728 -9.990e-29
 192.939514     -0.010  37.579424    12.7995     7.8568     -0.010    31.9600    24.0778 -9.990e-29
 192.939520     -0.009  37.558538    12.7816     7.8613     -0.009    31.9554    24.0776 -9.990e-29
 192.939525     -0.009  37.534529    12.7690     7.8713     -0.009    31.9433    24.0707 -9.990e-29
 192.939531     -0.009  37.523059    12.7664     7.8342     -0.009    31.9346    24.0645 -9.990e-29
 192.939537     -0.008  37.524600    12.7639     7.8326     -0.008    31.9382    24.0678 -9.990e-29
 192.939543     -0.008  37.525065    12.7563     7.8338     -0.008    31.9451    24.0746 -9.990e-29
 192.939549     -0.007  37.523493    12.7500     7.8180     -0.007    31.9489    24.0788 -9.990e-29
 192.939554     -0.006  37.527399    12.7500     7.8242     -0.006    31.9526    24.0816 -9.990e-29
 192.939560     -0.005  37.535927    12.7555     7.8205     -0.005    31.9561    24.0832 -9.990e-29
 192.939566     -0.004  37.543190    12.7623     7.8223     -0.004    31.9572    24.0828 -9.990e-29
 192.939572     -0.002  37.544413    12.7646     7.8325     -0.002    31.9564    24.0817 -9.990e-29
 192.939578      0.000  37.539085    12.7606     7.8114      0.000    31.9547    24.0812 -9.990e-29
 192.939583      0.003  37.527477    12.7558     7.7870      0.003    31.9478    24.0768 -9.990e-29
 192.939589      0.007  37.522194    12.7568     7.7761      0.007    31.9419    24.0720 -9.990e-29
 192.939595      0.012  37.533640    12.7624     7.7805      0.012    31.9480    24.0757 -9.990e-29
 192.939601      0.018  37.542464    12.7672     7.8070      0.018    31.9523    24.0781 -9.990e-29
 192.939606      0.022  37.541497    12.7734     7.8008      0.022    31.9462    24.0721 -9.990e-29
 192.939612      0.019  37.545218    12.7827     7.7834      0.019    31.9418    24.0669 -9.990e-29
 192.939618      0.014  37.549171    12.7875     7.7615      0.014    31.9415    24.0658 -9.990e-29
 192.939624      0.011  37.540810    12.7808     7.7461      0.011    31.9393    24.0653 -9.990e-29
 192.939630      0.009  37.523079    12.7645     7.7552      0.009    31.9363    24.0661 -9.990e-29
 192.939635      0.007  37.502659    12.7492     7.7649      0.007    31.9299    24.0641 -9.990e-29
 192.939641      0.007  37.486003    12.7438     7.7535      0.007    31.9187    24.0565 -9.990e-29
 192.939647      0.008  37.475624    12.7405     7.7568      0.008    31.9116    24.0517 -9.990e-29
 192.939653      0.011  37.457214    12.7212     7.7632      0.011    31.9105    24.0545 -9.990e-29
 192.939659      0.014  37.427593    12.6843     7.7816      0.014    31.9136    24.0640 -9.990e-29
 192.939664      0.019  37.404456    12.6513     7.7921      0.019    31.9196    24.0750 -9.990e-29
 192.939670      0.026  37.398464    12.6402     7.7820      0.026    31.9233    24.0800 -9.990e-29
 192.939676      0.032  37.409551    12.6505     7.7740      0.032    31.9251    24.0794 -9.990e-29
 192.939682      0.031  37.426840    12.6704     7.7730      0.031    31.9247    24.0753 -9.990e-29
 192.939687      0.028  37.434856    12.6840     7.7956      0.028    31.9208    24.0696 -9.990e-29
 192.939693      0.028  37.436549    12.6856     7.8164      0.028    31.9210    24.0695 -9.990e-29
 192.939699      0.030  37.443792    12.6830     7.8178      0.030    31.9301    24.0770 -9.990e-29
 192.939705      0.035  37.455145    12.6838     7.8169      0.035    31.9402    24.0847 -9.990e-29
 192.939711      0.043  37.462331    12.6887     7.8096      0.043    31.9428    24.0858 -9.990e-29
 192.939716      0.054  37.467750    12.6968     7.7969      0.054    31.9411    24.0829 -9.990e-29
 192.939722      0.064  37.477044    12.7059     7.8001      0.063    31.9422    24.0820 -9.990e-29
 192.939728      0.071  37.485909    12.7134     7.8027      0.070    31.9443    24.0822 -9.990e-29
 192.939734      0.075  37.491150    12.7197     7.7963      0.074    31.9439    24.0807 -9.990e-29
 192.939740      0.071  37.496493    12.7252     7.7794      0.070    31.9443    24.0800 -9.990e-29
 192.939745      0.059  37.501884    12.7296     7.7654      0.059    31.9457    24.0802 -9.990e-29
 192.939751      0.047  37.502850    12.7325     7.7660      0.047    31.9442    24.0784 -9.990e-29
 192.939757      0.039  37.498538    12.7336     7.7771      0.039    31.9392    24.0743 -9.990e-29
 192.939763      0.035  37.488893    12.7313     7.7913      0.035    31.9320    24.0692 -9.990e-29
 192.939769      0.033  37.467310    12.7201     7.7968      0.033    31.9210    24.0629 -9.990e-29
 192.939774      0.033  37.435889    12.6969     7.7717      0.033    31.9108    24.0595 -9.990e-29
 192.939780      0.037  37.408803    12.6708     7.7415      0.037    31.9072    24.0617 -9.990e-29
 192.939786      0.043  37.392008    12.6521     7.7319      0.043    31.9071    24.0652 -9.990e-29
 192.939792      0.053  37.390627    12.6419     7.7455      0.053    31.9144    24.0728 -9.990e-29
 192.939797      0.063  37.404588    12.6414     7.7651      0.062    31.9281    24.0835 -9.990e-29
 192.939803      0.068  37.421815    12.6468     7.7647      0.067    31.9399    24.0916 -9.990e-29
 192.939809      0.070  37.425631    12.6461     7.7618      0.069    31.9441    24.0950 -9.990e-29
 192.939815      0.069  37.410585    12.6247     7.7543      0.068    31.9480    24.1021 -9.990e-29
 192.939821      0.068  37.371825    12.5791     7.7621      0.067    31.9498    24.1122 -9.990e-29
 192.939826      0.072  37.313179    12.5387     7.7620      0.071    31.9283    24.1033 -9.990e-29
 192.939832      0.078  37.273517    12.5309     7.7560      0.077    31.8972    24.0806 -9.990e-29
 192.939838      0.076  37.269443    12.5425     7.7540      0.075    31.8835    24.0678 -9.990e-29
 192.939844      0.066  37.281618    12.5456     7.7521      0.065    31.8924    24.0741 -9.990e-29
 192.939850      0.057  37.286633    12.5270     7.7434      0.057    31.9130    24.0936 -9.990e-29
 192.939855      0.057  37.273364    12.4941     7.7298      0.057    31.9283    24.1117 -9.990e-29
 192.939861      0.069  37.250524    12.4631     7.7273      0.068    31.9328    24.1211 -9.990e-29
 192.939867      0.086  37.230285    12.4413     7.7430      0.085    31.9321    24.1247 -9.990e-29
 192.939873      0.101  37.214851    12.4265     7.7451      0.100    31.9299    24.1258 -9.990e-29
 192.939878      0.114  37.202762    12.4203     7.7363      0.113    31.9236    24.1221 -9.990e-29
 192.939884      0.122  37.205414    12.4283     7.6896      0.121    31.9194    24.1173 -9.990e-29
 192.939890      0.122  37.225314    12.4487     7.6903      0.121    31.9210    24.1147 -9.990e-29
 192.939896      0.117  37.243197    12.4725     7.7015      0.116    31.9178    24.1077 -9.990e-29
 192.939902      0.111  37.252222    12.4936     7.6935      0.110    31.9085    24.0965 -9.990e-29
 192.939907      0.105  37.267878    12.5091     7.6912      0.104    31.9103    24.0949 -9.990e-29
 192.939913      0.101  37.286516    12.5152     7.6947      0.100    31.9229    24.1035 -9.990e-29
 192.939919      0.101  37.286073    12.5077     7.7006      0.100    31.9288    24.1095 -9.990e-29
 192.939925      0.099  37.265495    12.4729     7.7078      0.098    31.9388    24.1239 -9.990e-29
 192.939931      0.099  37.229343    12.4226     7.7099      0.098    31.9471    24.1398 -9.990e-29
 192.939936      0.107  37.197789    12.3899     7.6968      0.106    31.9448    24.1442 -9.990e-29
 192.939942      0.117  37.189292    12.3698     7.6937      0.116    31.9537    24.1550 -9.990e-29
 192.939948      0.123  37.180852    12.3500     7.6970      0.122    31.9625    24.1656 -9.990e-29
 192.939954      0.120  37.161863    12.3339     7.7108      0.119    31.9581    24.1652 -9.990e-29
 192.939959      0.112  37.144597    12.3207     7.7331      0.111    31.9528    24.1636 -9.990e-29
 192.939965      0.108  37.129070    12.3091     7.7228      0.107    31.9479    24.1619 -9.990e-29
 192.939971      0.112  37.111460    12.2961     7.7044      0.111    31.9421    24.1599 -9.990e-29
 192.939977      0.123  37.097484    12.2801     7.7050      0.122    31.9424    24.1631 -9.990e-29
 192.939983      0.138  37.094900    12.2635     7.6977      0.137    31.9540    24.1752 -9.990e-29
 192.939988      0.150  37.093082    12.2540     7.6900      0.149    31.9604    24.1820 -9.990e-29
 192.939994      0.155  37.079061    12.2557     7.6920      0.154    31.9455    24.1701 -9.990e-29
 192.940000      0.157  37.067811    12.2587     7.6827      0.156    31.9322    24.1592 -9.990e-29
 192.940006      0.162  37.067371    12.2473     7.6676      0.161    31.9415    24.1685 -9.990e-29
 192.940012      0.165  37.061021    12.2113     7.6678      0.164    31.9661    24.1944 -9.990e-29
 192.940017      0.165  37.038713    12.1678     7.6718      0.164    31.9819    24.2148 -9.990e-29
 192.940023      0.173  37.008850    12.1478     7.6753      0.172    31.9703    24.2095 -9.990e-29
 192.940029      0.188  36.991580    12.1525     7.6900      0.186    31.9497    24.1926 -9.990e-29
 192.940035      0.203  36.989704    12.1654     7.7187      0.201    31.9368    24.1803 -9.990e-29
 192.940041      0.214  36.987940    12.1684     7.7507      0.212    31.9326    24.1764 -9.990e-29
 192.940046      0.222  36.978995    12.1592     7.7695      0.220    31.9318    24.1776 -9.990e-29
 192.940052      0.232  36.971746    12.1592     7.7686      0.230    31.9249    24.1722 -9.990e-29
 192.940058      0.254  36.981805    12.1739     7.7718      0.252    31.9220    24.1672 -9.990e-29
 192.940064      0.287  37.010924    12.1901     7.7902      0.285    31.9361    24.1751 -9.990e-29
 192.940069      0.327  37.055490    12.2085     7.7388      0.324    31.9631    24.1926 -9.990e-29
 192.940075      0.371  37.097796    12.2331     7.6720      0.368    31.9827    24.2032 -9.990e-29
 192.940081      0.427  37.120478    12.2546     7.5825      0.423    31.9860    24.2017 -9.990e-29
 192.940087      0.501  37.128693    12.2679     7.4855      0.497    31.9825    24.1965 -9.990e-29
 192.940093      0.599  37.120061    12.2716     7.4279      0.594    31.9710    24.1869 -9.990e-29
 192.940098      0.728  37.096043    12.2592     7.3441      0.722    31.9586    24.1796 0.0000e+00
 192.940104      0.890  37.063885    12.2260     7.2377      0.883    31.9560    24.1838 0.0000e+00
 192.940110      1.092  37.023336    12.1396     7.1346      1.083    31.9909    24.2270 0.0000e+00
 192.940116      1.343  36.923222    11.9720     6.9860      1.332    32.0381    24.2948 0.0000e+00
 192.940122      1.637  36.745985    11.7789     6.8106      1.623    32.0327    24.3262 0.0000e+00
 192.940127      1.959  36.592260    11.6257     6.6172      1.943    32.0155    24.3407 0.0000e+00
 192.940133      2.304  36.498877    11.5093     6.4381      2.285    32.0250    24.3692 0.0000e+00
 192.940139      2.675  36.423632    11.3817     6.3120      2.653    32.0619    24.4208 0.0000e+00
 192.940145      3.071  36.326696    11.1850     6.2362      3.045    32.1379    24.5150 0.0000e+00
 192.940150      3.479  36.176819    10.9188     6.2111      3.450    32.2229    24.6280 0.0000e+00
 192.940156      3.887  36.013714    10.6496     6.1797      3.855    32.2981    24.7333 0.0000e+00
 192.940162      4.289  35.891886    10.4396     6.1532      4.253    32.3625    24.8193 0.0000e+00
 192.940168      4.687  35.815666    10.3095     6.1179      4.648    32.4017    24.8720 0.0000e+00
 192.940174      5.079  35.774662    10.2300     6.0823      5.037    32.4313    24.9085 0.0000e+00
 192.940179      5.469  35.744470    10.1584     6.0619      5.423    32.4648    24.9466 0.0000e+00
 192.940185      5.865  35.700569    10.0833     6.0464      5.816    32.4877    24.9770 0.0000e+00
 192.940191      6.271  35.646981    10.0109     6.0120      6.219    32.4983    24.9973 0.0000e+00
 192.940197      6.681  35.592846     9.9446     5.9556      6.625    32.5029    25.0119 0.0000e+00
 192.940203      7.090  35.541221     9.8865     5.9007      7.031    32.5027    25.0213 0.0000e+00
 192.940208      7.487  35.498588     9.8414     5.8283      7.424    32.4998    25.0265 0.0000e+00
 192.940214      7.872  35.470359     9.8093     5.7757      7.806    32.4999    25.0318 0.0000e+00
 192.940220      8.253  35.455631     9.7852     5.7333      8.184    32.5065    25.0409 0.0000e+00
 192.940226      8.633  35.452479     9.7619     5.6760      8.561    32.5241    25.0585 0.0000e+00
 192.940231      9.015  35.453160     9.7346     5.6419      8.940    32.5493    25.0827 0.0000e+00
 192.940237      9.401  35.451126     9.7077     5.5952      9.322    32.5714    25.1043 0.0000e+00
 192.940243      9.790  35.450195     9.6839     5.5392      9.708    32.5919    25.1242 0.0000e+00
 192.940249     10.181  35.447821     9.6595     5.5040     10.096    32.6114    25.1434 0.0000e+00
 192.940255     10.569  35.440094     9.6363     5.4790     10.481    32.6244    25.1574 0.0000e+00
 192.940260     10.944  35.436670     9.6211     5.4427     10.852    32.6346    25.1678 0.0000e+00
 192.940266     11.301  35.446223     9.6156     5.3878     11.206    32.6492    25.1801 0.0000e+00
 192.940272     11.637  35.465642     9.6164     5.2409     11.540    32.6682    25.1948 0.0000e+00
 192.940278     11.950  35.489305     9.6186     5.0174     11.850    32.6903    25.2117 0.0000e+00
 192.940284     12.249  35.506063     9.6190     4.7928     12.146    32.7069    25.2246 0.0000e+00
 192.940289     12.544  35.507867     9.6153     4.5943     12.439    32.7120    25.2292 0.0000e+00
 192.940295     12.845  35.500862     9.5945     4.4784     12.737    32.7237    25.2417 0.0000e+00
 192.940301     13.162  35.483361     9.5256     4.4161     13.052    32.7685    25.2879 0.0000e+00
 192.940307     13.512  35.432968     9.3749     4.3959     13.399    32.8546    25.3794 0.0000e+00
 192.940313     13.908  35.319799     9.1418     4.3499     13.791    32.9523    25.4929 0.0000e+00
 192.940318     14.346  35.140475     8.8838     4.2861     14.226    33.0049    25.5744 0.0000e+00
 192.940324     14.809  34.956683     8.6809     4.1486     14.685    33.0015    25.6030 0.0000e+00
 192.940330     15.290  34.842589     8.5600     3.9577     15.162    32.9943    25.6159 0.0000e+00
 192.940336     15.785  34.798564     8.4964     3.7536     15.653    33.0072    25.6356 0.0000e+00
 192.940341     16.291  34.792549     8.4611     3.5468     16.154    33.0337    25.6617 0.0000e+00
 192.940347     16.805  34.812412     8.4372     3.3896     16.664    33.0769    25.6991 0.0000e+00
 192.940353     17.331  34.846415     8.4176     3.2780     17.186    33.1310    25.7445 0.0000e+00
 192.940359     17.863  34.879293     8.3995     3.1910     17.713    33.1825    25.7876 0.0000e+00
 192.940365     18.388  34.906593     8.3793     3.1638     18.234    33.2302    25.8281 0.0000e+00
 192.940370     18.909  34.929846     8.3552     3.1614     18.750    33.2773    25.8687 0.0000e+00
 192.940376     19.435  34.948545     8.3287     3.1504     19.272    33.3220    25.9077 0.0000e+00
 192.940382     19.964  34.963385     8.3034     3.1622     19.796    33.3614    25.9424 0.0000e+00
 192.940388     20.495  34.975511     8.2828     3.1490     20.323    33.3936    25.9708 0.0000e+00
