data/oxygen options/OCNMS/OCNMS1/raw_data/2017/CAST_TH042_170727faed.cnv
* Sea-Bird SBE 19 Data File:
* FileName = C:\2017 Mooring Data\Casts\CAST_TH042_170727.hex
* Software Version SeatermAF 2.1.2
* Temperature SN = 2997
* Conductivity SN = 2997
* System UpLoad Time = Jul 27 2017 21:38:27 (localtime) = Jul 27 2017 21:38:27 (UTC)
** CAST_TH042_170727
* ds
# nquan = 9                                 
# nvalues = 969                         
# units = specified
# name 0 = timeJ: Julian Days
# name 1 = prSM: Pressure, Strain Gauge [db]
# name 2 = c0mS/cm: Conductivity [mS/cm]
# name 3 = t090C: Temperature [ITS-90, deg C]
# name 4 = sbeox0ML/L: Oxygen, SBE 43 [ml/l]
# name 5 = depSM: Depth [salt water, m], lat = 47.5
# name 6 = sal00: Salinity, Practical [PSU]
# name 7 = sigma-é00: Density [sigma-theta, kg/m^3]
# name 8 = flag: flag
# span 0 = 208.828900, 208.834502       
# span 1 =     -5.381,     41.692       
# span 2 =   0.012232,  37.641918       
# span 3 =     7.6781,    16.8797       
# span 4 =    -1.8409,    15.6226       
# span 5 =     -5.336,     41.340       
# span 6 =     0.0128,    33.8473       
# span 7 =    -1.1930,    26.4160       
# span 8 = 0.0000e+00, 0.0000e+00       
# interval = seconds: 0.5
# start_time = Jul 27 2017 19:53:37 [Instrument's time stamp, header]
# bad_flag = -9.990e-29
*END*
[from data line 801]
 208.833536     22.241  34.908443     7.9377     2.6887     22.054    33.6515    26.2243 0.0000e+00
 208.833542     22.072  34.909504     7.9391     2.7009     21.887    33.6514    26.2240 0.0000e+00
 208.833547     21.903  34.910413     7.9408     2.6966     21.719    33.6508    26.2233 0.0000e+00
 208.833553     21.727  34.911265     7.9425     2.7048     21.545    33.6502    26.2225 0.0000e+00
 208.833559     21.545  34.912078     7.9444     2.7108     21.364    33.6493    26.2216 0.0000e+00
 208.833565     21.364  34.913382     7.9466     2.7045     21.185    33.6487    26.2207 0.0000e+00
 208.833571     21.184  34.915241     7.9486     2.7107     21.006    33.6488    26.2206 0.0000e+00
 208.833576     21.007  34.916776     7.9501     2.7147     20.831    33.6491    26.2206 0.0000e+00
 208.833582     20.839  34.918359     7.9515     2.7207     20.664    33.6495    26.2207 0.0000e+00
 208.833588     20.678  34.920423     7.9530     2.7123     20.504    33.6504    26.2211 0.0000e+00
 208.833594     20.514  34.921805     7.9543     2.7200     20.342    33.6507    26.2212 0.0000e+00
 208.833600     20.339  34.922111     7.9553     2.7179     20.168    33.6501    26.2206 0.0000e+00
 208.833605     20.157  34.922314     7.9562     2.7158     19.988    33.6495    26.2200 0.0000e+00
 208.833611     19.968  34.922687     7.9570     2.7156     19.800    33.6493    26.2197 0.0000e+00
 208.833617     19.774  34.922612     7.9573     2.7069     19.608    33.6490    26.2194 0.0000e+00
 208.833623     19.578  34.921993     7.9575     2.7234     19.414    33.6482    26.2188 0.0000e+00
 208.833628     19.382  34.921126     7.9584     2.7272     19.219    33.6465    26.2173 0.0000e+00
 208.833634     19.185  34.919980     7.9601     2.7270     19.024    33.6438    26.2149 0.0000e+00
 208.833640     18.993  34.918709     7.9624     2.7390     18.834    33.6403    26.2118 0.0000e+00
 208.833646     18.806  34.917862     7.9651     2.7264     18.648    33.6369    26.2087 0.0000e+00
 208.833652     18.624  34.917994     7.9673     2.7407     18.468    33.6350    26.2069 0.0000e+00
 208.833657     18.455  34.918722     7.9695     2.7319     18.300    33.6337    26.2056 0.0000e+00
 208.833663     18.294  34.918783     7.9723     2.7315     18.141    33.6312    26.2032 0.0000e+00
 208.833669     18.133  34.918262     7.9758     2.7499     17.981    33.6273    26.1996 0.0000e+00
 208.833675     17.964  34.918146     7.9795     2.7392     17.813    33.6237    26.1963 0.0000e+00
 208.833681     17.786  34.918286     7.9835     2.7639     17.637    33.6201    26.1928 0.0000e+00
 208.833686     17.601  34.918312     7.9875     2.7534     17.453    33.6164    26.1893 0.0000e+00
 208.833692     17.414  34.918261     7.9916     2.7696     17.268    33.6125    26.1856 0.0000e+00
 208.833698     17.230  34.918068     7.9959     2.7896     17.085    33.6082    26.1817 0.0000e+00
 208.833704     17.055  34.917482     8.0007     2.7822     16.912    33.6030    26.1769 0.0000e+00
 208.833709     16.885  34.916845     8.0065     2.7960     16.743    33.5969    26.1712 0.0000e+00
 208.833715     16.715  34.916989     8.0127     2.7829     16.575    33.5912    26.1658 0.0000e+00
 208.833721     16.542  34.917551     8.0181     2.7991     16.403    33.5866    26.1615 0.0000e+00
 208.833727     16.359  34.917606     8.0222     2.8008     16.222    33.5829    26.1579 0.0000e+00
 208.833733     16.160  34.917231     8.0251     2.8086     16.025    33.5798    26.1550 0.0000e+00
 208.833738     15.943  34.917047     8.0284     2.8311     15.809    33.5765    26.1520 0.0000e+00
 208.833744     15.714  34.917374     8.0345     2.8328     15.582    33.5711    26.1468 0.0000e+00
 208.833750     15.473  34.918093     8.0443     2.8635     15.343    33.5626    26.1387 0.0000e+00
 208.833756     15.228  34.919045     8.0562     2.8653     15.100    33.5523    26.1289 0.0000e+00
 208.833762     14.993  34.920387     8.0673     2.8853     14.867    33.5432    26.1201 0.0000e+00
 208.833767     14.782  34.922234     8.0760     2.9055     14.658    33.5370    26.1139 0.0000e+00
 208.833773     14.600  34.924815     8.0827     2.9005     14.478    33.5334    26.1101 0.0000e+00
 208.833779     14.439  34.928218     8.0888     2.9142     14.318    33.5312    26.1075 0.0000e+00
 208.833785     14.288  34.931387     8.0948     2.8972     14.168    33.5289    26.1048 0.0000e+00
 208.833791     14.143  34.933324     8.1004     2.9059     14.024    33.5257    26.1015 0.0000e+00
 208.833796     13.999  34.934388     8.1053     2.9088     13.882    33.5222    26.0980 0.0000e+00
 208.833802     13.842  34.935306     8.1096     2.9383     13.726    33.5192    26.0950 0.0000e+00
 208.833808     13.662  34.936271     8.1139     2.9586     13.548    33.5162    26.0920 0.0000e+00
 208.833814     13.457  34.937351     8.1182     2.9804     13.344    33.5133    26.0891 0.0000e+00
 208.833819     13.225  34.938948     8.1231     2.9980     13.114    33.5104    26.0861 0.0000e+00
 208.833825     12.979  34.941591     8.1293     3.0034     12.870    33.5074    26.0828 0.0000e+00
 208.833831     12.733  34.946648     8.1370     3.0331     12.626    33.5056    26.0802 0.0000e+00
 208.833837     12.495  34.954225     8.1477     3.0429     12.390    33.5035    26.0770 0.0000e+00
 208.833843     12.278  34.961631     8.1631     3.0698     12.175    33.4968    26.0694 0.0000e+00
 208.833848     12.084  34.969308     8.1809     3.0852     11.983    33.4881    26.0599 0.0000e+00
 208.833854     11.905  34.978615     8.1968     3.1031     11.805    33.4829    26.0535 0.0000e+00
 208.833860     11.731  34.986369     8.2085     3.1523     11.633    33.4800    26.0495 0.0000e+00
 208.833866     11.549  34.991235     8.2182     3.2008     11.452    33.4760    26.0449 0.0000e+00
 208.833872     11.356  34.995303     8.2284     3.2755     11.261    33.4707    26.0392 0.0000e+00
 208.833877     11.163  35.000162     8.2400     3.3386     11.070    33.4649    26.0329 0.0000e+00
 208.833883     10.978  35.007333     8.2572     3.4205     10.886    33.4562    26.0236 0.0000e+00
 208.833889     10.803  35.020303     8.2839     3.4970     10.713    33.4446    26.0105 0.0000e+00
 208.833895     10.629  35.040212     8.3242     3.5467     10.540    33.4275    25.9910 0.0000e+00
 208.833900     10.447  35.064017     8.3809     3.6286     10.360    33.3989    25.9600 0.0000e+00
 208.833906     10.249  35.086591     8.4433     3.6808     10.163    33.3637    25.9230 0.0000e+00
 208.833912     10.031  35.103968     8.5015     3.7941      9.947    33.3271    25.8855 0.0000e+00
 208.833918      9.792  35.119813     8.5566     3.9029      9.710    33.2919    25.8495 0.0000e+00
 208.833924      9.543  35.138547     8.6075     4.0257      9.463    33.2637    25.8196 0.0000e+00
 208.833929      9.302  35.158930     8.6484     4.1067      9.224    33.2468    25.8001 0.0000e+00
 208.833935      9.083  35.181355     8.6802     4.1726      9.007    33.2405    25.7903 0.0000e+00
 208.833941      8.889  35.216780     8.7231     4.2517      8.815    33.2375    25.7813 0.0000e+00
 208.833947      8.713  35.269976     8.7862     4.3107      8.640    33.2340    25.7689 0.0000e+00
 208.833953      8.540  35.317896     8.8571     4.3794      8.469    33.2178    25.7452 0.0000e+00
 208.833958      8.353  35.346141     8.9322     4.4484      8.283    33.1771    25.7016 0.0000e+00
 208.833964      8.155  35.371745     9.0035     4.5277      8.087    33.1373    25.6593 0.0000e+00
 208.833970      7.957  35.405427     9.0676     4.5900      7.890    33.1127    25.6300 0.0000e+00
 208.833976      7.765  35.442922     9.1369     4.6391      7.700    33.0873    25.5992 0.0000e+00
 208.833981      7.579  35.481690     9.2159     4.6650      7.516    33.0543    25.5608 0.0000e+00
 208.833987      7.400  35.525362     9.2980     4.6811      7.338    33.0235    25.5237 0.0000e+00
 208.833993      7.221  35.568992     9.3765     4.7327      7.161    32.9961    25.4897 0.0000e+00
 208.833999      7.036  35.595265     9.4506     4.7681      6.977    32.9550    25.4456 0.0000e+00
 208.834005      6.840  35.607952     9.5186     4.8460      6.783    32.9056    25.3961 0.0000e+00
 208.834010      6.639  35.623504     9.5657     4.9176      6.583    32.8785    25.3672 0.0000e+00
 208.834016      6.441  35.639235     9.5851     4.9863      6.387    32.8769    25.3628 0.0000e+00
 208.834022      6.246  35.653821     9.6045     5.0571      6.194    32.8742    25.3576 0.0000e+00
 208.834028      6.050  35.677281     9.6586     5.1245      5.999    32.8488    25.3289 0.0000e+00
 208.834034      5.850  35.710183     9.7447     5.1609      5.801    32.8039    25.2798 0.0000e+00
 208.834039      5.646  35.747208     9.8290     5.1730      5.599    32.7650    25.2355 0.0000e+00
 208.834045      5.442  35.780144     9.8898     5.2003      5.397    32.7433    25.2086 0.0000e+00
 208.834051      5.242  35.804856     9.9259     5.1736      5.198    32.7358    25.1967 0.0000e+00
 208.834057      5.046  35.831435     9.9509     5.1849      5.004    32.7402    25.1960 0.0000e+00
 208.834062      4.850  35.859019     9.9795     5.1861      4.809    32.7423    25.1929 0.0000e+00
 208.834068      4.659  35.875762    10.0100     5.2135      4.620    32.7318    25.1796 0.0000e+00
 208.834074      4.479  35.883356    10.0383     5.2552      4.442    32.7139    25.1610 0.0000e+00
 208.834080      4.301  35.885857    10.0631     5.3011      4.265    32.6941    25.1414 0.0000e+00
 208.834086      4.123  35.887245    10.0871     5.3843      4.089    32.6739    25.1216 0.0000e+00
 208.834091      3.946  35.910736    10.1110     5.4655      3.913    32.6761    25.1193 0.0000e+00
 208.834097      3.769  35.947984    10.1203     5.5462      3.738    32.7055    25.1407 0.0000e+00
 208.834103      3.587  35.961953    10.1176     5.5994      3.557    32.7221    25.1541 0.0000e+00
 208.834109      3.399  35.975839    10.1369     5.6595      3.371    32.7188    25.1483 0.0000e+00
 208.834115      3.205  36.009359    10.1883     5.7077      3.178    32.7063    25.1299 0.0000e+00
 208.834120      3.009  36.037296    10.2432     5.7441      2.984    32.6851    25.1041 0.0000e+00
 208.834126      2.818  36.063391    10.2782     5.7561      2.794    32.6799    25.0941 0.0000e+00
 208.834132      2.634  36.109654    10.2994     5.7711      2.612    32.7075    25.1121 0.0000e+00
 208.834138      2.461  36.170114    10.3304     5.7990      2.440    32.7405    25.1325 0.0000e+00
 208.834144      2.294  36.202851    10.3772     5.7953      2.275    32.7313    25.1174 0.0000e+00
 208.834149      2.133  36.197846    10.4274     5.8203      2.115    32.6812    25.0698 0.0000e+00
 208.834155      1.975  36.198907    10.4716     5.7777      1.959    32.6427    25.0322 0.0000e+00
 208.834161      1.823  36.227137    10.5083     5.7419      1.808    32.6381    25.0223 0.0000e+00
 208.834167      1.681  36.259797    10.5343     5.7493      1.667    32.6476    25.0253 0.0000e+00
 208.834172      1.547  36.272776    10.5441     5.7718      1.534    32.6519    25.0269 -9.990e-29
 208.834178      1.427  36.281230    10.5436     5.8029      1.415    32.6608    25.0340 -9.990e-29
 208.834184      1.326  36.302116    10.5408     5.8617      1.315    32.6843    25.0527 -9.990e-29
 208.834190      1.241  36.305695    10.5357     5.9156      1.231    32.6925    25.0600 -9.990e-29
 208.834196      1.167  36.283382    10.5254     5.9641      1.157    32.6794    25.0516 -9.990e-29
 208.834201      1.103  36.281099    10.5254     6.1267      1.094    32.6772    25.0498 -9.990e-29
 208.834207      1.055  36.309883    10.5616     6.2356      1.046    32.6735    25.0407 -9.990e-29
 208.834213      1.018  36.344362    10.6122     6.3800      1.010    32.6627    25.0236 -9.990e-29
 208.834219      0.983  36.368437    10.6348     6.4809      0.975    32.6665    25.0227 -9.990e-29
 208.834225      0.946  36.371747    10.6381     6.5220      0.938    32.6669    25.0224 -9.990e-29
 208.834230      0.914  36.380076    10.6613     6.5568      0.906    32.6545    25.0087 -9.990e-29
 208.834236      0.890  36.438211    10.7250     6.5766      0.883    32.6555    24.9984 -9.990e-29
 208.834242      0.872  36.521837    10.8178     6.5905      0.865    32.6559    24.9826 -9.990e-29
 208.834248      0.858  36.586879    10.8875     6.6147      0.851    32.6583    24.9723 -9.990e-29
 208.834253      0.848  36.619925    10.8850     6.7079      0.841    32.6934    25.0000 -9.990e-29
 208.834259      0.841  36.604666    10.8521     6.7449      0.834    32.7076    25.0169 -9.990e-29
 208.834265      0.836  36.585251    10.8736     6.8053      0.829    32.6691    24.9831 -9.990e-29
 208.834271      0.834  36.605307    10.9660     6.8659      0.827    32.6068    24.9183 -9.990e-29
 208.834277      0.835  36.640690    11.0791     6.9036      0.828    32.5414    24.8475 -9.990e-29
 208.834282      0.837  36.691626    11.1746     6.9311      0.830    32.5072    24.8040 -9.990e-29
 208.834288      0.838  36.757820    11.2646     6.9238      0.831    32.4929    24.7768 -9.990e-29
 208.834294      0.833  36.795489    11.3638     6.9160      0.826    32.4426    24.7199 -9.990e-29
 208.834300      0.825  36.819117    11.4555     6.8883      0.818    32.3853    24.6588 -9.990e-29
 208.834306      0.820  36.855268    11.5312     6.8754      0.813    32.3544    24.6211 -9.990e-29
 208.834311      0.815  36.871611    11.5996     6.8100      0.808    32.3106    24.5747 -9.990e-29
 208.834317      0.812  36.869317    11.6510     6.7612      0.805    32.2636    24.5288 -9.990e-29
 208.834323      0.809  36.866144    11.6714     6.7417      0.802    32.2428    24.5089 -9.990e-29
 208.834329      0.807  36.868594    11.6657     6.7384      0.800    32.2501    24.5157 -9.990e-29
 208.834334      0.806  36.879471    11.6439     6.7562      0.799    32.2797    24.5426 -9.990e-29
 208.834340      0.804  36.880324    11.6190     6.7857      0.797    32.3022    24.5646 -9.990e-29
 208.834346      0.804  36.865656    11.6080     6.8612      0.797    32.2975    24.5630 -9.990e-29
 208.834352      0.803  36.850704    11.6152     6.8910      0.796    32.2767    24.5455 -9.990e-29
 208.834358      0.803  36.840250    11.6383     6.9142      0.796    32.2464    24.5178 -9.990e-29
 208.834363      0.804  36.830514    11.6717     6.9108      0.797    32.2079    24.4818 -9.990e-29
 208.834369      0.804  36.827641    11.7033     6.8914      0.797    32.1777    24.4525 -9.990e-29
 208.834375      0.801  36.837966    11.7331     6.8882      0.794    32.1619    24.4348 -9.990e-29
 208.834381      0.789  36.855748    11.7755     6.8845      0.782    32.1424    24.4120 -9.990e-29
 208.834387      0.772  36.875668    11.8194     6.9239      0.766    32.1238    24.3895 -9.990e-29
 208.834392      0.753  36.903098    11.8268     6.9370      0.747    32.1440    24.4038 -9.990e-29
 208.834398      0.736  36.917587    11.8022     6.9582      0.730    32.1793    24.4357 -9.990e-29
 208.834404      0.723  36.901595    11.7951     6.9555      0.717    32.1700    24.4298 -9.990e-29
 208.834410      0.710  36.893239    11.8229     6.9397      0.704    32.1378    24.3997 -9.990e-29
 208.834416      0.691  36.908889    11.8565     6.9250      0.685    32.1240    24.3828 -9.990e-29
 208.834421      0.665  36.928617    11.8766     6.8410      0.659    32.1257    24.3804 -9.990e-29
 208.834427      0.631  36.949701    11.8875     6.7346      0.626    32.1367    24.3870 -9.990e-29
 208.834433      0.590  36.966749    11.8891     6.6392      0.585    32.1519    24.3984 -9.990e-29
 208.834439      0.549  36.962823    11.8845     7.5879      0.544    32.1521    24.3994 -9.990e-29
 208.834444      0.504  36.947893    11.8917     7.8109      0.500    32.1314    24.3821 -9.990e-29
 208.834450      0.450  36.946371    11.9145 -9.990e-29      0.446    32.1103    24.3615 -9.990e-29
