data/oxygen options/OCNMS/OCNMS1/raw_data/2017/CAST_TH015_170727faed.cnv
* Sea-Bird SBE 19 Data File:
* FileName = C:\2017 Mooring Data\Casts\CAST_TH015_170727.hex
* Software Version SeatermAF 2.1.2
* Temperature SN = 2997
* Conductivity SN = 2997
* System UpLoad Time = Jul 27 2017 22:37:52 (localtime) = Jul 27 2017 22:37:52 (UTC)
** CAST_TH015_170727
* ds
# nquan = 9                                 
# nvalues = 838                         
# units = specified
# name 0 = timeJ: Julian Days
# name 1 = prSM: Pressure, Strain Gauge [db]
# name 2 = c0mS/cm: Conductivity [mS/cm]
# name 3 = t090C: Temperature [ITS-90, deg C]
# name 4 = sbeox0ML/L: Oxygen, SBE 43 [ml/l]
# name 5 = depSM: Depth [salt water, m], lat = 47.5
# name 6 = sal00: Salinity, Practical [PSU]
# name 7 = sigma-é00: Density [sigma-theta, kg/m^3]
# name 8 = flag: flag
# span 0 = 208.927303, 208.932147       
# span 1 =     -5.310,     17.113       
# span 2 =   0.435471,  38.197056       
# span 3 =     8.2563,    17.2090       
# span 4 =   -13.4948,    14.3712       
# span 5 =     -5.266,     16.969       
# span 6 =     0.2525,    34.6363       
# span 7 =    -1.0616,    26.5828       
# span 8 = 0.0000e+00, 0.0000e+00       
# interval = seconds: 0.5
# start_time = Jul 27 2017 22:15:19 [Instrument's time stamp, header]
# bad_flag = -9.990e-29
*END*
[from data line 161]
 208.928235     -2.197   0.447174    17.0463    -1.8205     -2.179     0.2567    -1.0340 -9.990e-29
 208.928241     -2.187   0.446261    17.0488    -1.8206     -2.169     0.2562    -1.0348 -9.990e-29
 208.928247     -2.179   0.445919    17.0528    -1.8206     -2.161     0.2559    -1.0357 -9.990e-29
 208.928252     -2.172   0.446802    17.0555    -1.8207     -2.154     0.2564    -1.0358 -9.990e-29
 208.928258     -2.165   0.448423    17.0540    -1.8213     -2.147     0.2574    -1.0348 -9.990e-29
 208.928264     -2.158   0.449619    17.0477    -1.8216     -2.140     0.2581    -1.0331 -9.990e-29
 208.928270     -2.151   0.449767    17.0404    -1.8213     -2.133     0.2583    -1.0317 -9.990e-29
 208.928275     -2.142   0.449065    17.0362    -1.8210     -2.124     0.2579    -1.0313 -9.990e-29
 208.928281     -2.133   0.448239    17.0337    -1.8208     -2.115     0.2574    -1.0312 -9.990e-29
 208.928287     -2.121   0.447849    17.0308    -1.8209     -2.103     0.2572    -1.0309 -9.990e-29
 208.928293     -2.106   0.447927    17.0283    -1.8215     -2.088     0.2573    -1.0304 -9.990e-29
 208.928299     -2.092   0.448025    17.0257    -1.8222     -2.075     0.2573    -1.0299 -9.990e-29
 208.928304     -2.082   0.447718    17.0206    -1.8222     -2.065     0.2572    -1.0291 -9.990e-29
 208.928310     -2.071   0.447150    17.0137    -1.8217     -2.054     0.2569    -1.0281 -9.990e-29
 208.928316     -2.058   0.446672    17.0097    -1.8215     -2.041     0.2566    -1.0276 -9.990e-29
 208.928322     -2.052   0.446754    17.0108    -1.8215     -2.035     0.2567    -1.0278 -9.990e-29
 208.928328     -2.051   0.447505    17.0144    -1.8212     -2.034     0.2571    -1.0281 -9.990e-29
 208.928333     -2.047   0.448261    17.0164    -1.8213     -2.030     0.2575    -1.0281 -9.990e-29
 208.928339     -2.035   0.448368    17.0128    -1.8212     -2.018     0.2576    -1.0274 -9.990e-29
 208.928345     -2.019   0.447968    17.0036    -1.8208     -2.002     0.2574    -1.0259 -9.990e-29
 208.928351     -2.003   0.447637    16.9951    -1.8206     -1.986     0.2573    -1.0246 -9.990e-29
 208.928356     -1.985   0.447487    16.9935    -1.8204     -1.968     0.2572    -1.0243 -9.990e-29
 208.928362     -1.969   0.447320    16.9976    -1.8202     -1.953     0.2571    -1.0252 -9.990e-29
 208.928368     -1.957   0.446912    17.0022    -1.8199     -1.941     0.2568    -1.0262 -9.990e-29
 208.928374     -1.950   0.446271    17.0058    -1.8203     -1.934     0.2564    -1.0271 -9.990e-29
 208.928380     -1.945   0.445651    17.0088    -1.8209     -1.929     0.2560    -1.0279 -9.990e-29
 208.928385     -1.944   0.445331    17.0114    -1.8220     -1.928     0.2558    -1.0285 -9.990e-29
 208.928391     -1.942   0.445440    17.0157    -1.8230     -1.926     0.2559    -1.0292 -9.990e-29
 208.928397     -1.935   0.445567    17.0221    -1.8236     -1.919     0.2559    -1.0303 -9.990e-29
 208.928403     -1.925   0.445328    17.0284    -1.8235     -1.909     0.2557    -1.0316 -9.990e-29
 208.928409     -1.917   0.444959    17.0337    -1.8234     -1.901     0.2555    -1.0327 -9.990e-29
 208.928414     -1.911   0.445073    17.0377    -1.8233     -1.895     0.2555    -1.0334 -9.990e-29
 208.928420     -1.906   0.445824    17.0377    -1.8231     -1.890     0.2560    -1.0330 -9.990e-29
 208.928426     -1.901   0.446548    17.0299    -1.8231     -1.885     0.2564    -1.0313 -9.990e-29
 208.928432     -1.897   0.446548    17.0135    -1.8236     -1.881     0.2565    -1.0284 -9.990e-29
 208.928438     -1.893   0.445825    16.9916    -1.8241     -1.877     0.2562    -1.0248 -9.990e-29
 208.928443     -1.889   0.445077    16.9706    -1.8243     -1.873     0.2559    -1.0213 -9.990e-29
 208.928449     -1.884   0.444967    16.9568    -1.8240     -1.868     0.2559    -1.0189 -9.990e-29
 208.928455     -1.879   0.445903    16.9516    -1.8237     -1.863     0.2565    -1.0176 -9.990e-29
 208.928461     -1.873   0.448579    16.9516    -1.8234     -1.857     0.2581    -1.0164 -9.990e-29
 208.928466     -1.865   0.452128    16.9535    -1.8231     -1.849     0.2602    -1.0151 -9.990e-29
 208.928472     -1.856   0.454078    16.9547    -1.8231     -1.841     0.2613    -1.0144 -9.990e-29
 208.928478     -1.844   0.454261    16.9519    -1.8234     -1.829     0.2615    -1.0138 -9.990e-29
 208.928484     -1.828   0.454028    16.9447    -1.8235     -1.813     0.2614    -1.0127 -9.990e-29
 208.928490     -1.809   0.453622    16.9377    -1.8238     -1.794     0.2612    -1.0116 -9.990e-29
 208.928495     -1.784   0.453054    16.9355    -1.8241     -1.769     0.2608    -1.0115 -9.990e-29
 208.928501     -1.756   0.452676    16.9388    -1.8246     -1.741     0.2606    -1.0122 -9.990e-29
 208.928507     -1.733   0.452536    16.9452    -1.8254     -1.719     0.2605    -1.0134 -9.990e-29
 208.928513     -1.716   0.452446    16.9519    -1.8263     -1.702     0.2604    -1.0147 -9.990e-29
 208.928519     -1.704   0.452286    16.9566    -1.8269     -1.690     0.2603    -1.0156 -9.990e-29
 208.928524     -1.698   0.451844    16.9567    -1.8268     -1.684     0.2600    -1.0158 -9.990e-29
 208.928530     -1.697   0.451082    16.9526    -1.8269     -1.683     0.2596    -1.0154 -9.990e-29
 208.928536     -1.699   0.450646    16.9463    -1.8274     -1.685     0.2594    -1.0145 -9.990e-29
 208.928542     -1.703   0.451064    16.9387    -1.8281     -1.689     0.2596    -1.0129 -9.990e-29
 208.928547     -1.698   0.451784    16.9288    -1.8286     -1.684     0.2601    -1.0108 -9.990e-29
 208.928553     -1.685   0.452103    16.9148    -1.8290     -1.671     0.2604    -1.0082 -9.990e-29
 208.928559     -1.672   0.451894    16.8967    -1.8294     -1.658     0.2604    -1.0051 -9.990e-29
 208.928565     -1.661   0.451430    16.8781    -1.8298     -1.647     0.2602    -1.0020 -9.990e-29
 208.928571     -1.653   0.451200    16.8647    -1.8300     -1.639     0.2602    -0.9997 -9.990e-29
 208.928576     -1.646   0.451452    16.8575    -1.8301     -1.632     0.2604    -0.9983 -9.990e-29
 208.928582     -1.641   0.451966    16.8502    -1.8302     -1.627     0.2607    -0.9968 -9.990e-29
 208.928588     -1.637   0.452318    16.8384    -1.8301     -1.623     0.2610    -0.9945 -9.990e-29
 208.928594     -1.633   0.452423    16.8242    -1.8300     -1.619     0.2611    -0.9920 -9.990e-29
 208.928600     -1.630   0.452422    16.8111    -1.8298     -1.616     0.2612    -0.9896 -9.990e-29
 208.928605     -1.627   0.452312    16.7997    -1.8295     -1.613     0.2612    -0.9877 -9.990e-29
 208.928611     -1.625   0.451947    16.7893    -1.8293     -1.611     0.2611    -0.9860 -9.990e-29
 208.928617     -1.622   0.451395    16.7802    -1.8287     -1.608     0.2608    -0.9846 -9.990e-29
 208.928623     -1.619   0.451025    16.7737    -1.8281     -1.605     0.2606    -0.9837 -9.990e-29
 208.928628     -1.615   0.450899    16.7701    -1.8281     -1.602     0.2606    -0.9831 -9.990e-29
 208.928634     -1.610   0.450846    16.7690    -1.8286     -1.597     0.2606    -0.9829 -9.990e-29
 208.928640     -1.605   0.450796    16.7706    -1.8290     -1.592     0.2605    -0.9832 -9.990e-29
 208.928646     -1.598   0.450682    16.7744    -1.8290     -1.585     0.2604    -0.9839 -9.990e-29
 208.928652     -1.594   0.450352    16.7794    -1.8290     -1.581     0.2602    -0.9850 -9.990e-29
 208.928657     -1.596   0.449919    16.7857    -1.8293     -1.583     0.2599    -0.9863 -9.990e-29
 208.928663     -1.601   0.449915    16.7943    -1.8296     -1.588     0.2598    -0.9878 -9.990e-29
 208.928669     -1.604   0.450332    16.8049    -1.8299     -1.591     0.2600    -0.9895 -9.990e-29
 208.928675     -1.605   0.450620    16.8134    -1.8296     -1.592     0.2601    -0.9909 -9.990e-29
 208.928681     -1.605   0.450606    16.8148    -1.8294     -1.592     0.2601    -0.9911 -9.990e-29
 208.928686     -1.604   0.450273    16.8096    -1.8291     -1.591     0.2600    -0.9904 -9.990e-29
 208.928692     -1.602   0.449729    16.8033    -1.8298     -1.589     0.2597    -0.9895 -9.990e-29
 208.928698     -1.598   0.449358    16.7991    -1.8308     -1.585     0.2595    -0.9889 -9.990e-29
 208.928704     -1.592   0.449217    16.7952    -1.8319     -1.579     0.2594    -0.9883 -9.990e-29
 208.928709     -1.584   0.449117    16.7900    -1.8321     -1.571     0.2594    -0.9874 -9.990e-29
 208.928715     -1.574   0.448926    16.7846    -1.8322     -1.561     0.2593    -0.9865 -9.990e-29
 208.928721     -1.560   0.448573    16.7817    -1.8325     -1.547     0.2591    -0.9862 -9.990e-29
 208.928727     -1.546   0.448142    16.7829    -1.8326     -1.533     0.2589    -0.9866 -9.990e-29
 208.928733     -1.535   0.447794    16.7852    -1.8329     -1.522     0.2586    -0.9872 -9.990e-29
 208.928738     -1.528   0.447617    16.7823    -1.8331     -1.515     0.2586    -0.9867 -9.990e-29
 208.928744     -1.522   0.447557    16.7697    -1.8334     -1.509     0.2586    -0.9845 -9.990e-29
 208.928750     -1.519   0.447534    16.7497    -1.8333     -1.506     0.2587    -0.9810 -9.990e-29
 208.928756     -1.517   0.447513    16.7304    -1.8332     -1.504     0.2588    -0.9776 -9.990e-29
 208.928762     -1.513   0.447466    16.7182    -1.8334     -1.500     0.2589    -0.9755 -9.990e-29
 208.928767     -1.501   0.447329    16.7117    -1.8335     -1.488     0.2588    -0.9744 -9.990e-29
 208.928773     -1.482   0.446916    16.7066    -1.8337     -1.470     0.2586    -0.9737 -9.990e-29
 208.928779     -1.457   0.446228    16.7015    -1.8338     -1.445     0.2582    -0.9731 -9.990e-29
 208.928785     -1.435   0.445456    16.6958    -1.8338     -1.423     0.2578    -0.9725 -9.990e-29
 208.928791     -1.417   0.444676    16.6900    -1.8339     -1.405     0.2574    -0.9718 -9.990e-29
 208.928796     -1.404   0.443953    16.6858    -1.8339     -1.392     0.2570    -0.9714 -9.990e-29
 208.928802     -1.393   0.443430    16.6839    -1.8339     -1.381     0.2567    -0.9713 -9.990e-29
 208.928808     -1.385   0.443518    16.6829    -1.8340     -1.373     0.2567    -0.9711 -9.990e-29
 208.928814     -1.379   0.444332    16.6807    -1.8345     -1.367     0.2572    -0.9704 -9.990e-29
 208.928819     -1.374   0.445292    16.6774    -1.8350     -1.363     0.2578    -0.9693 -9.990e-29
 208.928825     -1.370   0.446015    16.6738    -1.8353     -1.359     0.2583    -0.9684 -9.990e-29
 208.928831     -1.367   0.446353    16.6711    -1.8355     -1.356     0.2585    -0.9677 -9.990e-29
 208.928837     -1.364   0.446202    16.6696    -1.8358     -1.353     0.2584    -0.9676 -9.990e-29
 208.928843     -1.362   0.445914    16.6685    -1.8362     -1.351     0.2582    -0.9675 -9.990e-29
 208.928848     -1.361   0.445656    16.6672    -1.8368     -1.350     0.2581    -0.9674 -9.990e-29
 208.928854     -1.359   0.445083    16.6647    -1.8367     -1.348     0.2578    -0.9672 -9.990e-29
 208.928860     -1.358   0.443982    16.6592    -1.8364     -1.347     0.2571    -0.9667 -9.990e-29
 208.928866     -1.356   0.442546    16.6501    -1.8363     -1.345     0.2563    -0.9658 -9.990e-29
 208.928872     -1.355   0.441075    16.6400    -1.8366     -1.344     0.2555    -0.9647 -9.990e-29
 208.928877     -1.353   0.439822    16.6315    -1.8371     -1.342     0.2548    -0.9638 -9.990e-29
 208.928883     -1.351   0.438774    16.6241    -1.8376     -1.340     0.2543    -0.9630 -9.990e-29
 208.928889     -1.349   0.437642    16.6157    -1.8383     -1.338     0.2536    -0.9620 -9.990e-29
 208.928895     -1.346   0.436578    16.6063    -1.8387     -1.335     0.2531    -0.9609 -9.990e-29
 208.928900     -1.343   0.435821    16.5988    -1.8389     -1.332     0.2527    -0.9599 -9.990e-29
 208.928906     -1.339   0.435471    16.5964    -1.8392     -1.328     0.2525    -0.9597 -9.990e-29
 208.928912     -1.333   0.435612    16.5973    -1.8397     -1.322     0.2525    -0.9598 -9.990e-29
 208.928918     -1.326   0.435877    16.5963    -1.8406     -1.315     0.2527    -0.9595 -9.990e-29
 208.928924     -1.317   0.436061    16.5901    -1.7809     -1.306     0.2529    -0.9583 -9.990e-29
 208.928929     -1.306   0.436409    16.5792    -1.5847     -1.295     0.2531    -0.9562 -9.990e-29
 208.928935     -1.291   0.437383    16.5658    -1.6498     -1.280     0.2538    -0.9535 -9.990e-29
 208.928941     -1.272   0.439727    16.5517    -1.6707     -1.261     0.2553    -0.9499 -9.990e-29
 208.928947     -1.253   0.445455    16.5377    -1.6728     -1.243     0.2588    -0.9449 -9.990e-29
 208.928953     -1.235   0.461648    16.5203    -1.6723     -1.225     0.2685    -0.9344 -9.990e-29
 208.928958     -1.213   0.510449    16.4869    -1.6855     -1.203     0.2980    -0.9060 -9.990e-29
 208.928964     -1.182   0.657479    16.4049    -1.6843     -1.172     0.3876    -0.8231 -9.990e-29
 208.928970     -1.145   1.098223    16.1848    -1.6853     -1.135     0.6642    -0.5732 -9.990e-29
 208.928976     -1.102   2.420337    15.5651    -1.6870     -1.093     1.5459     0.2068 -9.990e-29
 208.928981     -1.052   6.387745    14.3384    -1.6950     -1.043     4.4725     2.6501 -9.990e-29
 208.928987     -0.996  15.575515    12.8989    -1.6901     -0.988    12.1310     8.7614 -9.990e-29
 208.928993     -0.934  27.061293    11.8838    -1.6890     -0.926    22.7790    17.1382 -9.990e-29
 208.928999     -0.866  34.077607    11.3902    -1.6875     -0.859    29.7721    22.6407 -9.990e-29
 208.929005     -0.797  36.429938    11.1161    -1.6863     -0.790    32.3015    24.6543 -9.990e-29
 208.929010     -0.727  37.255655    10.8566    -1.6854     -0.721    33.3521    25.5178 -9.990e-29
 208.929016     -0.651  37.551504    10.6286    -1.6853     -0.646    33.8578    25.9518 -9.990e-29
 208.929022     -0.569  37.761196    10.4927    -1.6844     -0.564    34.1958    26.2391 -9.990e-29
 208.929028     -0.488  38.034893    10.4467    -1.6883     -0.484    34.5157    26.4966 -9.990e-29
 208.929034     -0.420  38.197056    10.4922    -1.6926     -0.416    34.6363    26.5828 -9.990e-29
 208.929039     -0.375  38.091457    10.5878    -1.6967     -0.372    34.4390    26.4121 -9.990e-29
 208.929045     -0.348  37.796800    10.6493    -1.6939     -0.345    34.0847    26.1251 -9.990e-29
 208.929051     -0.329  37.564778    10.6732    -1.6942     -0.326    33.8296    25.9220 -9.990e-29
 208.929057     -0.314  37.526199    10.6892    -1.6972     -0.311    33.7761    25.8775 -9.990e-29
 208.929062     -0.301  37.579790    10.6768    -1.7014     -0.298    33.8413    25.9305 -9.990e-29
 208.929068     -0.290  37.637402    10.6209    -1.7019     -0.288    33.9511    26.0259 -9.990e-29
 208.929074     -0.279  37.731045    10.5693    -1.7015     -0.277    34.0934    26.1459 -9.990e-29
 208.929080     -0.268  37.884206    10.5494    -1.6977     -0.266    34.2663    26.2842 -9.990e-29
 208.929086     -0.257  37.935387    10.5133    -1.6951     -0.255    34.3520    26.3573 -9.990e-29
 208.929091     -0.244  37.775839    10.4358    -1.7006     -0.242    34.2640    26.3022 -9.990e-29
 208.929097     -0.229  37.590983    10.3408    -1.7001     -0.227    34.1665    26.2427 -9.990e-29
 208.929103     -0.210  37.590162    10.2614    -1.6904     -0.208    34.2405    26.3142 -9.990e-29
 208.929109     -0.192  37.754891    10.2345    -1.6884     -0.190    34.4333    26.4692 -9.990e-29
 208.929115     -0.180  37.871348    10.2577    -1.6899     -0.178    34.5295    26.5403 -9.990e-29
 208.929120     -0.180  37.763819    10.2829    -1.6909     -0.178    34.3964    26.4321 -9.990e-29
 208.929126     -0.186  37.521312    10.2837    -1.6919     -0.184    34.1496    26.2394 -9.990e-29
 208.929132     -0.190  37.374864    10.2745    -1.6950     -0.188    34.0099    26.1319 -9.990e-29
 208.929138     -0.189  37.424313    10.2805    -1.6992     -0.187    34.0543    26.1656 -9.990e-29
 208.929144     -0.182  37.579347    10.3218    -1.6982     -0.180    34.1726    26.2507 -9.990e-29
 208.929149     -0.174  37.633401    10.4001    -1.6979     -0.173    34.1536    26.2223 -9.990e-29
