data/oxygen options/OCNMS/OCNMS1/raw_data/2017/CAST_KL015_170527faed.cnv
* Sea-Bird SBE19 Data File:
* FileName = C:\2017 Mooring Data\Casts\CAST_KL015_170527.hex
* Software Version 1.59
* Temperature SN = 2997
* Conductivity SN = 2997
* System UpLoad Time = May 27 2017 18:00:12
** CAST_KL015_170527
* ds
# nquan = 9                                 
# nvalues = 717                         
# units = specified
# name 0 = timeJ: Julian Days
# name 1 = prSM: Pressure, Strain Gauge [db]
# name 2 = c0mS/cm: Conductivity [mS/cm]
# name 3 = t090C: Temperature [ITS-90, deg C]
# name 4 = sbeox0ML/L: Oxygen, SBE 43 [ml/l]
# name 5 = depSM: Depth [salt water, m], lat = 47.5
# name 6 = sal00: Salinity, Practical [PSU]
# name 7 = sigma-é00: Density [sigma-theta, kg/m^3]
# name 8 = flag: flag
# span 0 = 147.744618, 147.748762       
# span 1 =     -5.625,     14.055       
# span 2 =   0.316231,  37.023463       
# span 3 =     9.0832,    12.8617       
# span 4 =    -2.0163,    14.8442       
# span 5 =     -5.578,     13.937       
# span 6 =     0.1995,    33.1080       
# span 7 =    -0.4386,    25.6235       
# span 8 = 0.0000e+00, 0.0000e+00       
# interval = seconds: 0.5
# start_time = May 27 2017 17:52:15 [Instrument's time stamp, header]
# bad_flag = -9.990e-29
*END*
[from data line 481]
 147.747402      0.227  36.968208    11.8032     6.7085      0.225    32.2278    24.4731 -9.990e-29
 147.747407      0.234  36.969598    11.8032     6.7324      0.232    32.2291    24.4742 -9.990e-29
 147.747413      0.240  36.968223    11.8032     6.7307      0.238    32.2278    24.4731 -9.990e-29
 147.747419      0.244  36.957783    11.8017     6.7451      0.242    32.2189    24.4666 -9.990e-29
 147.747425      0.248  36.938934    11.7960     6.7336      0.246    32.2056    24.4572 -9.990e-29
 147.747431      0.250  36.919040    11.7871     6.7138      0.248    32.1940    24.4499 -9.990e-29
 147.747436      0.252  36.911903    11.7824     6.7025      0.250    32.1912    24.4485 -9.990e-29
 147.747442      0.253  36.920876    11.7841     6.6825      0.251    32.1984    24.4538 -9.990e-29
 147.747448      0.254  36.933268    11.7879     6.6797      0.252    32.2071    24.4599 -9.990e-29
 147.747454      0.255  36.942631    11.7932     6.6860      0.253    32.2116    24.4624 -9.990e-29
 147.747459      0.255  36.953602    11.8022     6.6964      0.253    32.2145    24.4630 -9.990e-29
 147.747465      0.255  36.969042    11.8130     6.6974      0.253    32.2201    24.4653 -9.990e-29
 147.747471      0.255  36.982650    11.8225     6.7195      0.253    32.2250    24.4675 -9.990e-29
 147.747477      0.254  36.989602    11.8297     6.7088      0.252    32.2255    24.4665 -9.990e-29
 147.747483      0.253  36.989080    11.8330     6.7327      0.251    32.2222    24.4633 -9.990e-29
 147.747488      0.252  36.984305    11.8318     6.7312      0.250    32.2186    24.4607 -9.990e-29
 147.747494      0.250  36.982905    11.8286     6.7220      0.248    32.2200    24.4624 -9.990e-29
 147.747500      0.247  36.980769    11.8229     6.7230      0.245    32.2229    24.4657 -9.990e-29
 147.747506      0.243  36.966641    11.8158     6.7118      0.241    32.2153    24.4611 -9.990e-29
 147.747512      0.239  36.946880    11.8149     6.7075      0.237    32.1969    24.4470 -9.990e-29
 147.747517      0.233  36.944977    11.8206     6.7054      0.231    32.1902    24.4407 -9.990e-29
 147.747523      0.230  36.960064    11.8257     6.7056      0.228    32.2004    24.4477 -9.990e-29
 147.747529      0.233  36.970806    11.8270     6.7149      0.231    32.2097    24.4547 -9.990e-29
 147.747535      0.239  36.973601    11.8260     6.7271      0.237    32.2132    24.4576 -9.990e-29
 147.747541      0.244  36.973289    11.8255     6.7435      0.242    32.2134    24.4578 -9.990e-29
 147.747546      0.247  36.970569    11.8247     6.7309      0.245    32.2114    24.4565 -9.990e-29
 147.747552      0.250  36.967968    11.8218     6.7155      0.248    32.2114    24.4570 -9.990e-29
 147.747558      0.252  36.969292    11.8192     6.7071      0.250    32.2149    24.4602 -9.990e-29
 147.747564      0.254  36.973500    11.8191     6.7040      0.252    32.2191    24.4635 -9.990e-29
 147.747569      0.255  36.978353    11.8204     6.6986      0.253    32.2227    24.4660 -9.990e-29
 147.747575      0.256  36.982475    11.8205     6.7124      0.254    32.2266    24.4690 -9.990e-29
 147.747581      0.257  36.982952    11.8183     6.6882      0.255    32.2290    24.4713 -9.990e-29
 147.747587      0.258  36.980415    11.8151     6.6923      0.256    32.2293    24.4721 -9.990e-29
 147.747593      0.258  36.978198    11.8127     6.7117      0.256    32.2292    24.4725 -9.990e-29
 147.747598      0.259  36.976698    11.8118     6.7219      0.257    32.2285    24.4721 -9.990e-29
 147.747604      0.259  36.975588    11.8120     6.7069      0.257    32.2273    24.4711 -9.990e-29
 147.747610      0.259  36.976181    11.8129     6.7009      0.257    32.2271    24.4708 -9.990e-29
 147.747616      0.260  36.977581    11.8138     6.7010      0.258    32.2276    24.4711 -9.990e-29
 147.747622      0.260  36.976607    11.8132     6.7201      0.258    32.2272    24.4709 -9.990e-29
 147.747627      0.260  36.971955    11.8108     6.7346      0.258    32.2248    24.4694 -9.990e-29
 147.747633      0.261  36.968616    11.8079     6.7296      0.259    32.2241    24.4694 -9.990e-29
 147.747639      0.261  36.969413    11.8057     6.7223      0.259    32.2267    24.4719 -9.990e-29
 147.747645      0.261  36.969240    11.8046     6.7079      0.259    32.2275    24.4727 -9.990e-29
 147.747650      0.262  36.966739    11.8042     6.7062      0.260    32.2255    24.4712 -9.990e-29
 147.747656      0.262  36.963610    11.8035     6.7050      0.260    32.2230    24.4694 -9.990e-29
 147.747662      0.263  36.961276    11.8027     6.7122      0.261    32.2215    24.4683 -9.990e-29
 147.747668      0.263  36.962218    11.8026     6.7180      0.261    32.2225    24.4691 -9.990e-29
 147.747674      0.264  36.966006    11.8030     6.7311      0.262    32.2258    24.4716 -9.990e-29
 147.747679      0.265  36.969284    11.8036     6.7118      0.263    32.2284    24.4736 -9.990e-29
 147.747685      0.267  36.970814    11.8051     6.7102      0.265    32.2286    24.4734 -9.990e-29
 147.747691      0.269  36.972631    11.8084     6.7004      0.267    32.2275    24.4720 -9.990e-29
 147.747697      0.272  36.976589    11.8134     6.6961      0.270    32.2270    24.4707 -9.990e-29
 147.747703      0.275  36.981240    11.8185     6.7176      0.273    32.2271    24.4698 -9.990e-29
 147.747708      0.279  36.983819    11.8244     6.7117      0.277    32.2245    24.4667 -9.990e-29
 147.747714      0.285  36.986637    11.8309     6.7199      0.283    32.2216    24.4632 -9.990e-29
 147.747720      0.292  36.990644    11.8352     6.7045      0.290    32.2218    24.4626 -9.990e-29
 147.747726      0.301  36.989977    11.8368     6.7076      0.298    32.2197    24.4607 -9.990e-29
 147.747731      0.313  36.987662    11.8380     6.7012      0.310    32.2164    24.4579 -9.990e-29
 147.747737      0.324  36.991810    11.8409     6.6779      0.321    32.2179    24.4586 -9.990e-29
 147.747743      0.326  36.998981    11.8458     6.6788      0.323    32.2206    24.4598 -9.990e-29
 147.747749      0.319  37.005290    11.8514     6.6770      0.316    32.2219    24.4597 -9.990e-29
 147.747755      0.312  37.010740    11.8557     6.6984      0.309    32.2235    24.4601 -9.990e-29
 147.747760      0.308  37.015313    11.8584     6.7125      0.305    32.2255    24.4612 -9.990e-29
 147.747766      0.308  37.020060    11.8605     6.7122      0.305    32.2283    24.4630 -9.990e-29
 147.747772      0.310  37.023463    11.8611     6.7233      0.307    32.2311    24.4651 -9.990e-29
 147.747778      0.311  37.019973    11.8588     6.7134      0.308    32.2297    24.4644 -9.990e-29
 147.747784      0.307  37.003250    11.8561     6.7200      0.304    32.2159    24.4541 -9.990e-29
 147.747789      0.302  36.989073    11.8544     6.6816      0.299    32.2036    24.4449 -9.990e-29
 147.747795      0.299  36.995499    11.8527     6.7040      0.297    32.2113    24.4512 -9.990e-29
 147.747801      0.299  37.007006    11.8520     6.7074      0.297    32.2230    24.4605 -9.990e-29
 147.747807      0.301  37.011487    11.8519     6.6976      0.298    32.2275    24.4639 -9.990e-29
 147.747813      0.306  37.013788    11.8511     6.7034      0.303    32.2304    24.4664 -9.990e-29
 147.747818      0.310  37.014732    11.8502     6.6749      0.307    32.2321    24.4678 -9.990e-29
 147.747824      0.308  37.012769    11.8489     6.6887      0.305    32.2313    24.4675 -9.990e-29
 147.747830      0.305  37.009755    11.8477     6.6951      0.302    32.2294    24.4662 -9.990e-29
 147.747836      0.300  37.007267    11.8479     6.6877      0.297    32.2269    24.4642 -9.990e-29
 147.747841      0.294  37.001422    11.8491     6.7130      0.292    32.2202    24.4588 -9.990e-29
 147.747847      0.295  36.995061    11.8494     6.7244      0.293    32.2137    24.4537 -9.990e-29
 147.747853      0.301  36.994819    11.8491     6.7394      0.298    32.2138    24.4538 -9.990e-29
 147.747859      0.311  36.993086    11.8481     6.7202      0.308    32.2129    24.4534 -9.990e-29
 147.747865      0.324  36.981385    11.8448     6.7179      0.321    32.2045    24.4474 -9.990e-29
 147.747870      0.340  36.965389    11.8359     6.7170      0.337    32.1967    24.4430 -9.990e-29
 147.747876      0.358  36.955129    11.8245     6.7126      0.355    32.1966    24.4450 -9.990e-29
 147.747882      0.369  36.957080    11.8231     6.7066      0.366    32.1997    24.4477 -9.990e-29
 147.747888      0.370  36.969353    11.8291     6.7089      0.367    32.2064    24.4518 -9.990e-29
 147.747894      0.365  36.980860    11.8283     6.7027      0.362    32.2182    24.4611 -9.990e-29
 147.747899      0.363  36.982294    11.8161     6.7132      0.360    32.2302    24.4726 -9.990e-29
 147.747905      0.366  36.971642    11.7970     6.7158      0.363    32.2364    24.4810 -9.990e-29
 147.747911      0.373  36.953740    11.7818     6.7052      0.370    32.2322    24.4805 -9.990e-29
 147.747917      0.378  36.939993    11.7748     6.7330      0.375    32.2250    24.4762 -9.990e-29
 147.747922      0.386  36.931102    11.7674     6.7292      0.383    32.2227    24.4758 -9.990e-29
 147.747928      0.398  36.921365    11.7554     6.7536      0.395    32.2237    24.4787 -9.990e-29
 147.747934      0.406  36.915715    11.7415     6.7745      0.403    32.2303    24.4864 -9.990e-29
 147.747940      0.411  36.907733    11.7295     6.7570      0.408    32.2329    24.4907 -9.990e-29
 147.747946      0.420  36.886207    11.7233     6.7482      0.416    32.2174    24.4797 -9.990e-29
 147.747951      0.436  36.870032    11.7202     6.7228      0.432    32.2044    24.4702 -9.990e-29
 147.747957      0.450  36.875157    11.7147     6.7187      0.446    32.2141    24.4787 -9.990e-29
 147.747963      0.464  36.880963    11.7101     6.7309      0.460    32.2237    24.4871 -9.990e-29
 147.747969      0.481  36.880626    11.7112     6.7444      0.477    32.2224    24.4859 -9.990e-29
 147.747975      0.500  36.885450    11.7153     6.7439      0.496    32.2236    24.4860 -9.990e-29
 147.747980      0.518  36.888976    11.7131     6.7693      0.514    32.2289    24.4905 -9.990e-29
 147.747986      0.534  36.882457    11.6983     6.7884      0.530    32.2354    24.4983 -9.990e-29
 147.747992      0.551  36.864477    11.6824     6.7502      0.546    32.2317    24.4983 -9.990e-29
 147.747998      0.573  36.847462    11.6841     6.7598      0.568    32.2137    24.4840 -9.990e-29
 147.748003      0.611  36.850161    11.6974     6.7631      0.606    32.2048    24.4747 -9.990e-29
 147.748009      0.671  36.863842    11.6997     6.8374      0.665    32.2160    24.4830 -9.990e-29
 147.748015      0.758  36.861935    11.6816     6.9805      0.752    32.2299    24.4970 -9.990e-29
 147.748021      0.876  36.835734    11.6520     7.1150      0.869    32.2300    24.5026 -9.990e-29
 147.748027      1.028  36.799586    11.6136     7.1572      1.019    32.2282    24.5081 0.0000e+00
 147.748032      1.213  36.755128    11.5333     7.0184      1.203    32.2546    24.5433 0.0000e+00
 147.748038      1.428  36.666032    11.3953     6.7233      1.416    32.2879    24.5940 0.0000e+00
 147.748044      1.678  36.529985    11.2442     6.3540      1.664    32.2865    24.6200 0.0000e+00
 147.748050      1.963  36.396869    11.1188     6.0160      1.947    32.2653    24.6258 0.0000e+00
 147.748056      2.275  36.294693    11.0231     5.7208      2.256    32.2484    24.6295 0.0000e+00
 147.748061      2.608  36.227188    10.9565     5.5047      2.586    32.2400    24.6347 0.0000e+00
 147.748067      2.958  36.200080    10.9104     5.3175      2.933    32.2536    24.6533 0.0000e+00
 147.748073      3.320  36.197363    10.8678     5.1087      3.292    32.2883    24.6877 0.0000e+00
 147.748079      3.689  36.186277    10.8284     4.9304      3.658    32.3119    24.7130 0.0000e+00
 147.748084      4.053  36.171065    10.7928     4.8028      4.019    32.3280    24.7318 0.0000e+00
 147.748090      4.410  36.161670    10.7361     4.7209      4.373    32.3687    24.7733 0.0000e+00
 147.748096      4.765  36.129870    10.6359     4.7157      4.725    32.4257    24.8350 0.0000e+00
 147.748102      5.120  36.048936    10.5077     4.7187      5.077    32.4588    24.8828 0.0000e+00
 147.748108      5.476  35.947019    10.3812     4.6668      5.430    32.4693    24.9126 0.0000e+00
 147.748113      5.837  35.876917    10.2667     4.5803      5.788    32.5011    24.9567 0.0000e+00
 147.748119      6.211  35.842942    10.1715     4.4641      6.159    32.5521    25.0125 0.0000e+00
 147.748125      6.599  35.823288    10.1009     4.3730      6.544    32.5956    25.0583 0.0000e+00
 147.748131      6.997  35.808899    10.0300     4.3022      6.938    32.6449    25.1085 0.0000e+00
 147.748137      7.394  35.787291     9.9354     4.2610      7.332    32.7084    25.1738 0.0000e+00
 147.748142      7.787  35.751851     9.8404     4.2182      7.722    32.7584    25.2285 0.0000e+00
 147.748148      8.171  35.719712     9.7756     4.1562      8.103    32.7844    25.2595 0.0000e+00
 147.748154      8.535  35.701199     9.7393     4.1010      8.464    32.7984    25.2764 0.0000e+00
 147.748160      8.877  35.690083     9.7139     4.0261      8.803    32.8101    25.2897 0.0000e+00
 147.748166      9.202  35.681050     9.6879     3.9428      9.125    32.8245    25.3052 0.0000e+00
 147.748171      9.513  35.671012     9.6594     3.8733      9.433    32.8401    25.3220 0.0000e+00
 147.748177      9.813  35.658900     9.6292     3.8084      9.731    32.8552    25.3388 0.0000e+00
 147.748183     10.104  35.644237     9.5969     3.7516     10.019    32.8696    25.3553 0.0000e+00
 147.748189     10.388  35.628187     9.5618     3.7115     10.301    32.8852    25.3731 0.0000e+00
 147.748194     10.664  35.612299     9.5249     3.6811     10.575    32.9026    25.3927 0.0000e+00
 147.748200     10.934  35.594983     9.4880     3.6418     10.842    32.9186    25.4112 0.0000e+00
 147.748206     11.197  35.573863     9.4505     3.5783     11.103    32.9312    25.4271 0.0000e+00
 147.748212     11.454  35.545968     9.4113     3.5157     11.358    32.9384    25.4391 0.0000e+00
 147.748218     11.702  35.513854     9.3735     3.4528     11.604    32.9401    25.4464 0.0000e+00
 147.748223     11.947  35.486770     9.3387     3.3981     11.847    32.9441    25.4551 0.0000e+00
 147.748229     12.189  35.465550     9.3043     3.3715     12.087    32.9538    25.4682 0.0000e+00
 147.748235     12.423  35.450451     9.2690     3.3733     12.319    32.9707    25.4871 0.0000e+00
 147.748241     12.647  35.443733     9.2317     3.3744     12.541    32.9981    25.5144 0.0000e+00
 147.748247     12.863  35.436992     9.1951     3.3592     12.755    33.0249    25.5412 0.0000e+00
 147.748252     13.061  35.429073     9.1718     3.3305     12.952    33.0382    25.5553 0.0000e+00
 147.748258     13.239  35.429565     9.1680     3.2823     13.128    33.0421    25.5590 0.0000e+00
 147.748264     13.398  35.436319     9.1688     3.2538     13.286    33.0483    25.5637 0.0000e+00
 147.748270     13.541  35.438175     9.1585     3.2475     13.428    33.0597    25.5743 0.0000e+00
 147.748275     13.672  35.431450     9.1356     3.2501     13.557    33.0740    25.5890 -9.990e-29
 147.748281     13.794  35.421738     9.1094     3.2460     13.678    33.0882    25.6043 -9.990e-29
 147.748287     13.904  35.415685     9.0908     3.2599     13.787    33.0991    25.6158 -9.990e-29
 147.748293     13.991  35.414735     9.0832     3.2746     13.874    33.1052    25.6217 -9.990e-29
 147.748299     14.043  35.417612     9.0838     3.2937     13.925    33.1076    25.6235 -9.990e-29
 147.748304     14.055  35.422550     9.0888     3.3166     13.937    33.1080    25.6231 -9.990e-29
 147.748310     14.032  35.426052     9.0940     3.3414     13.914    33.1068    25.6213 -9.990e-29
 147.748316     13.978  35.426629     9.0966     3.3665     13.861    33.1051    25.6195 -9.990e-29
