data/oxygen options/OCNMS/OCNMS1/raw_data/2017/CAST_MB042_170725faed.cnv
* Sea-Bird SBE 19 Data File:
* FileName = C:\2017 Mooring Data\Casts\CAST_MB042_170725.hex
* Software Version SeatermAF 2.1.2
* Temperature SN = 2997
* Conductivity SN = 2997
* System UpLoad Time = Jul 25 2017 21:54:23 (localtime) = Jul 25 2017 21:54:23 (UTC)
** CAST_MB042_170725
* ds
# nquan = 9                                 
# nvalues = 1473                        
# units = specified
# name 0 = timeJ: Julian Days
# name 1 = prSM: Pressure, Strain Gauge [db]
# name 2 = c0mS/cm: Conductivity [mS/cm]
# name 3 = t090C: Temperature [ITS-90, deg C]
# name 4 = sbeox0ML/L: Oxygen, SBE 43 [ml/l]
# name 5 = depSM: Depth [salt water, m], lat = 47.5
# name 6 = sal00: Salinity, Practical [PSU]
# name 7 = sigma-é00: Density [sigma-theta, kg/m^3]
# name 8 = flag: flag
# span 0 = 206.834907, 206.843426       
# span 1 =     -5.351,     42.877       
# span 2 =   0.432279,  37.396121       
# span 3 =     7.3162,    15.1316       
# span 4 =    -1.9942,    12.5079       
# span 5 =     -5.306,     42.515       
# span 6 =     0.2595,    33.9035       
# span 7 =    -0.7160,    26.5113       
# span 8 = 0.0000e+00, 0.0000e+00       
# interval = seconds: 0.5
# start_time = Jul 25 2017 20:02:16 [Instrument's time stamp, header]
# bad_flag = -9.990e-29
*END*
[from data line 1441]
 206.843247      1.097  36.870540    11.5072     5.2903      1.088    32.3902    24.6533 -9.990e-29
 206.843252      1.090  36.896647    11.5353     5.2874      1.081    32.3911    24.6489 -9.990e-29
 206.843258      1.084  36.881750    11.5304     5.2674      1.075    32.3808    24.6418 -9.990e-29
 206.843264      1.079  36.846927    11.5126     5.2819      1.070    32.3624    24.6307 -9.990e-29
 206.843270      1.074  36.831659    11.5069     5.3088      1.065    32.3525    24.6240 -9.990e-29
 206.843275      1.070  36.836889    11.5115     6.2441      1.061    32.3536    24.6241 -9.990e-29
 206.843281      1.062  36.856907    11.5045     6.2795      1.053    32.3792    24.6453 -9.990e-29
 206.843287      1.040  36.874175    11.4892     6.2518      1.031    32.4095    24.6716 -9.990e-29
 206.843293      1.000  36.868793    11.4680     5.6293      0.992    32.4229    24.6858 -9.990e-29
 206.843299      0.943  36.850383    11.4493     5.6742      0.935    32.4213    24.6879 -9.990e-29
 206.843304      0.877  36.823512    11.4684     5.2676      0.870    32.3783    24.6511 -9.990e-29
 206.843310      0.813  36.776428    11.5207     6.2968      0.806    32.2866    24.5703 -9.990e-29
 206.843316      0.749  36.599309    11.5538     6.4019      0.743    32.0850    24.4078 -9.990e-29
 206.843322      0.683  35.917683    11.5341     6.2559      0.677    31.4383    23.9090 -9.990e-29
 206.843328      0.608  33.795851    11.4796     6.2478      0.603    29.4277    22.3577 -9.990e-29
 206.843333      0.526  27.513349    11.4331     6.1450      0.522    23.4800    17.7543 -9.990e-29
 206.843339      0.444  18.240011    11.4203     5.9196      0.440    14.9809    11.1792 -9.990e-29
 206.843345      0.369  12.858090    11.4336     5.9022      0.366    10.2467     7.5160 -9.990e-29
 206.843351      0.306  14.324362    11.4555     5.8856      0.303    11.5111     8.4910 -9.990e-29
 206.843356      0.254  19.301020    11.4762     5.8829      0.252    15.9089    11.8888 -9.990e-29
 206.843362      0.210  23.233466    11.4910     5.8876      0.208    19.4735    14.6437 -9.990e-29
 206.843368      0.175  21.809868    11.5030     5.8988      0.174    18.1661    13.6305 -9.990e-29
 206.843374      0.149  14.749378    11.5178 -9.990e-29      0.148    11.8620     8.7539 -9.990e-29
 206.843380      0.124   8.883222    11.5367 -9.990e-29      0.123     6.8568     4.8795 -9.990e-29
 206.843385      0.103   6.733396    11.5559 -9.990e-29      0.102     5.0899     3.5086 -9.990e-29
 206.843391      0.089   5.389870    11.5700 -9.990e-29      0.088     4.0101     2.6696 -9.990e-29
 206.843397      0.081   4.842666    11.5776 -9.990e-29      0.080     3.5765     2.3322 -9.990e-29
 206.843403      0.079   5.114825    11.5827 -9.990e-29      0.078     3.7908     2.4979 -9.990e-29
 206.843409      0.083   5.061397    11.5891 -9.990e-29      0.082     3.7479     2.4639 -9.990e-29
 206.843414      0.089   4.622165    11.5939 -9.990e-29      0.088     3.4017     2.1946 -9.990e-29
 206.843420      0.092   4.200270    11.5949 -9.990e-29      0.091     3.0719     1.9385 -9.990e-29
 206.843426      0.093   3.843425 -9.990e-29 -9.990e-29      0.092 -9.990e-29 -9.990e-29 -9.990e-29
