data/oxygen options/OCNMS/OCNMS1/raw_data/2017/CAST_MB042_170526faed.cnv
* Sea-Bird SBE19 Data File:
* FileName = C:\2017 Mooring Data\Casts\CAST_MB042_170526.hex
* Software Version 1.59
* Temperature SN = 2997
* Conductivity SN = 2997
* System UpLoad Time = May 26 2017 20:41:49
** CAST_MB042_170526
* ds
# nquan = 9                                 
# nvalues = 1057                        
# units = specified
# name 0 = timeJ: Julian Days
# name 1 = prSM: Pressure, Strain Gauge [db]
# name 2 = c0mS/cm: Conductivity [mS/cm]
# name 3 = t090C: Temperature [ITS-90, deg C]
# name 4 = sbeox0ML/L: Oxygen, SBE 43 [ml/l]
# name 5 = depSM: Depth [salt water, m], lat = 47.5
# name 6 = sal00: Salinity, Practical [PSU]
# name 7 = sigma-é00: Density [sigma-theta, kg/m^3]
# name 8 = flag: flag
# span 0 = 146.853588, 146.859699       
# span 1 =     -5.824,     42.243       
# span 2 =   0.271894,  36.800146       
# span 3 =     7.2267,    14.9265       
# span 4 =    -1.9560,    12.5276       
# span 5 =     -5.775,     41.886       
# span 6 =     0.1665,    33.8154       
# span 7 =    -0.7212,    26.4549       
# span 8 = 0.0000e+00, 0.0000e+00       
# interval = seconds: 0.5
# start_time = May 26 2017 20:29:10 [Instrument's time stamp, header]
# bad_flag = -9.990e-29
*END*
[from data line 641]
 146.857297      0.339  35.883203    10.2561     5.2077      0.336    32.5194    24.9726 -9.990e-29
 146.857303      0.329  35.891296    10.2491     5.1808      0.326    32.5338    24.9851 -9.990e-29
 146.857309      0.319  35.896439    10.2489     5.1645      0.316    32.5392    24.9893 -9.990e-29
 146.857315      0.313  35.904353    10.2541     5.1705      0.310    32.5425    24.9910 -9.990e-29
 146.857321      0.310  35.903732    10.2548     5.1948      0.307    32.5412    24.9899 -9.990e-29
 146.857326      0.310  35.890931    10.2561     5.2253      0.307    32.5272    24.9787 -9.990e-29
 146.857332      0.313  35.895331    10.2683     5.2055      0.310    32.5206    24.9716 -9.990e-29
 146.857338      0.320  35.919980    10.2777     5.1573      0.317    32.5370    24.9828 -9.990e-29
 146.857344      0.330  35.917103    10.2594     5.1173      0.327    32.5505    24.9964 -9.990e-29
 146.857350      0.341  35.878367    10.2281     5.0962      0.338    32.5396    24.9931 -9.990e-29
 146.857355      0.344  35.857364    10.2207     5.1044      0.341    32.5251    24.9830 -9.990e-29
 146.857361      0.340  35.879256    10.2341     5.1280      0.337    32.5351    24.9886 -9.990e-29
 146.857367      0.336  35.911056    10.2436     5.1140      0.333    32.5586    25.0054 -9.990e-29
 146.857373      0.337  35.922919    10.2418     5.1039      0.334    32.5722    25.0162 -9.990e-29
 146.857378      0.343  35.917212    10.2341     5.1055      0.340    32.5734    25.0184 -9.990e-29
 146.857384      0.350  35.903666    10.2374     5.1250      0.347    32.5567    25.0049 -9.990e-29
 146.857390      0.350  35.899469    10.2575     5.1433      0.347    32.5345    24.9842 -9.990e-29
 146.857396      0.343  35.912439    10.2723     5.0918      0.340    32.5343    24.9815 -9.990e-29
 146.857402      0.337  35.925138    10.2664     5.0348      0.334    32.5524    24.9966 -9.990e-29
 146.857407      0.335  35.928171    10.2541     5.0199      0.332    32.5665    25.0097 -9.990e-29
 146.857413      0.334  35.927247    10.2671     5.0619      0.331    32.5539    24.9977 -9.990e-29
 146.857419      0.330  35.941826    10.3232     5.1606      0.327    32.5182    24.9604 -9.990e-29
 146.857425      0.325  35.979566    10.4171     5.2278      0.322    32.4722    24.9086 -9.990e-29
 146.857431      0.325  36.026379    10.4907     5.2207      0.322    32.4534    24.8814 -9.990e-29
 146.857436      0.329  36.035494    10.4602     5.1463      0.326    32.4898    24.9149 -9.990e-29
 146.857442      0.337  35.973151    10.3684     5.0420      0.334    32.5093    24.9457 -9.990e-29
 146.857448      0.346  35.915797    10.3464     4.9666      0.343    32.4713    24.9199 -9.990e-29
 146.857454      0.348  35.934743    10.4449     5.0157      0.345    32.4024    24.8495 -9.990e-29
 146.857459      0.342  36.014327    10.5989     5.0988      0.339    32.3452    24.7785 -9.990e-29
 146.857465      0.337  36.130180    10.7001     5.1961      0.334    32.3710    24.7812 -9.990e-29
 146.857471      0.337  36.229053    10.7019     5.2423      0.334    32.4679    24.8563 -9.990e-29
 146.857477      0.343  36.214350    10.6188     5.1932      0.340    32.5272    24.9169 -9.990e-29
 146.857483      0.353  36.089982    10.4985     5.0914      0.350    32.5102    24.9243 -9.990e-29
 146.857488      0.365  35.975660    10.4292     5.0111      0.362    32.4574    24.8950 -9.990e-29
 146.857494      0.371  35.943436    10.4723     5.0030      0.368    32.3867    24.8326 -9.990e-29
 146.857500      0.367  35.999004    10.6078     5.0438      0.364    32.3220    24.7589 -9.990e-29
 146.857506      0.356  36.118436    10.7606     5.0981      0.353    32.3058    24.7199 -9.990e-29
 146.857512      0.348  36.251002    10.8517     5.1824      0.345    32.3569    24.7440 -9.990e-29
 146.857517      0.345  36.331025    10.8318     5.2241      0.342    32.4540    24.8230 -9.990e-29
 146.857523      0.348  36.296679    10.6977     5.1681      0.345    32.5390    24.9125 -9.990e-29
 146.857529      0.356  36.160402    10.5240     5.1262      0.353    32.5579    24.9571 -9.990e-29
 146.857535      0.366  36.023228    10.4161     5.0712      0.363    32.5169    24.9436 -9.990e-29
 146.857541      0.370  35.976560    10.4011     5.0759      0.367    32.4834    24.9201 -9.990e-29
 146.857546      0.364  36.007385    10.4499     5.1229      0.361    32.4708    24.9019 -9.990e-29
 146.857552      0.351  36.066064    10.5400     5.1355      0.348    32.4492    24.8697 -9.990e-29
 146.857558      0.340  36.177626    10.6382     5.1356      0.337    32.4732    24.8715 -9.990e-29
 146.857564      0.334  36.306036    10.6821     5.0831      0.331    32.5623    24.9333 -9.990e-29
 146.857569      0.333  36.312869    10.6624     5.0155      0.330    32.5866    24.9557 -9.990e-29
 146.857575      0.337  36.231318    10.6382     5.0058      0.334    32.5268    24.9133 -9.990e-29
 146.857581      0.345  36.185566    10.6236     5.0122      0.342    32.4942    24.8903 -9.990e-29
 146.857587      0.359  36.192411    10.6081     5.0718      0.356    32.5148    24.9091 -9.990e-29
 146.857593      0.375  36.244717    10.5963     5.0562      0.372    32.5776    24.9600 -9.990e-29
 146.857598      0.386  36.279503    10.5710     5.0154      0.383    32.6350    25.0091 -9.990e-29
 146.857604      0.391  36.241223    10.5288     5.0168      0.388    32.6345    25.0160 -9.990e-29
 146.857610      0.396  36.159445    10.5013     5.0198      0.393    32.5772    24.9760 -9.990e-29
 146.857616      0.398  36.088604    10.5196     5.0747      0.395    32.4899    24.9049 -9.990e-29
 146.857622      0.395  36.094350    10.5960     5.0743      0.392    32.4276    24.8433 -9.990e-29
 146.857627      0.392  36.180955    10.7003     5.0479      0.389    32.4214    24.8204 -9.990e-29
 146.857633      0.389  36.271265    10.7668     4.9809      0.386    32.4522    24.8329 -9.990e-29
 146.857639      0.390  36.286360    10.7704     4.9648      0.387    32.4641    24.8415 -9.990e-29
 146.857645      0.395  36.246930    10.7629     5.0199      0.392    32.4315    24.8174 -9.990e-29
 146.857650      0.400  36.262213    10.7876     5.0956      0.397    32.4248    24.8079 -9.990e-29
 146.857656      0.410  36.338003    10.8224     5.1555      0.407    32.4693    24.8365 -9.990e-29
 146.857662      0.425  36.386631    10.8316     5.1643      0.421    32.5094    24.8661 -9.990e-29
 146.857668      0.442  36.374934    10.7887     5.1435      0.438    32.5359    24.8942 -9.990e-29
 146.857674      0.462  36.281144    10.7000     5.1254      0.458    32.5214    24.8984 -9.990e-29
 146.857679      0.482  36.143690    10.6531     5.1131      0.478    32.4261    24.8322 -9.990e-29
 146.857685      0.499  36.115786    10.7168     5.0791      0.495    32.3418    24.7556 -9.990e-29
 146.857691      0.515  36.227931    10.8362     5.0598      0.511    32.3477    24.7394 -9.990e-29
 146.857697      0.529  36.369258    10.9323     5.0430      0.525    32.4029    24.7656 -9.990e-29
 146.857703      0.547  36.479592    10.9833     5.0347      0.542    32.4670    24.8066 -9.990e-29
 146.857708      0.580  36.532471    10.9947     5.0606      0.575    32.5093    24.8374 -9.990e-29
 146.857714      0.632  36.540165    10.9778     5.1186      0.627    32.5318    24.8580 -9.990e-29
 146.857720      0.704  36.537557    10.9315     5.1355      0.698    32.5703    24.8961 -9.990e-29
 146.857726      0.792  36.507152    10.8347     5.1454      0.785    32.6262    24.9566 -9.990e-29
 146.857731      0.896  36.393828    10.6833     5.0894      0.889    32.6485    25.0002 -9.990e-29
 146.857737      1.020  36.193724    10.4960     4.9930      1.011    32.6160    25.0072 -9.990e-29
 146.857743      1.161  35.994439    10.2862     4.8852      1.151    32.6040    25.0336 0.0000e+00
 146.857749      1.322  35.837049    10.0882     4.7791      1.311    32.6233    25.0819 0.0000e+00
 146.857755      1.494  35.708731     9.9386     4.7159      1.482    32.6283    25.1106 0.0000e+00
 146.857760      1.667  35.629255     9.8267     4.6741      1.653    32.6487    25.1450 0.0000e+00
 146.857766      1.844  35.578815     9.7255     4.6597      1.829    32.6890    25.1931 0.0000e+00
 146.857772      2.037  35.520349     9.6258     4.6275      2.020    32.7199    25.2335 0.0000e+00
 146.857778      2.248  35.468807     9.5313     4.5995      2.229    32.7532    25.2748 0.0000e+00
 146.857784      2.469  35.433259     9.4545     4.5276      2.448    32.7868    25.3135 0.0000e+00
 146.857789      2.695  35.404349     9.4077     4.4536      2.672    32.7999    25.3312 0.0000e+00
 146.857795      2.921  35.383785     9.3836     4.3496      2.897    32.8007    25.3357 0.0000e+00
 146.857801      3.149  35.372062     9.3569     4.2742      3.123    32.8130    25.3496 0.0000e+00
 146.857807      3.386  35.355166     9.2995     4.2453      3.358    32.8482    25.3863 0.0000e+00
 146.857812      3.632  35.314440     9.2031     4.2130      3.602    32.8948    25.4380 0.0000e+00
 146.857818      3.888  35.251520     9.0923     4.2262      3.856    32.9318    25.4845 0.0000e+00
 146.857824      4.147  35.187146     8.9999     4.2017      4.112    32.9504    25.5135 0.0000e+00
 146.857830      4.401  35.137872     8.9432     4.1653      4.364    32.9515    25.5233 0.0000e+00
 146.857836      4.644  35.109025     8.9235     4.1010      4.605    32.9396    25.5170 0.0000e+00
 146.857841      4.875  35.099029     8.9282     4.0195      4.834    32.9248    25.5046 0.0000e+00
 146.857847      5.103  35.104576     8.9345     3.9552      5.060    32.9246    25.5035 0.0000e+00
 146.857853      5.349  35.112299     8.9100     3.8999      5.304    32.9553    25.5314 0.0000e+00
 146.857859      5.613  35.092148     8.8420     3.8811      5.566    32.9973    25.5748 0.0000e+00
 146.857865      5.889  35.041286     8.7614     3.8295      5.840    33.0191    25.6043 0.0000e+00
 146.857870      6.163  34.990372     8.7033     3.7793      6.111    33.0198    25.6139 0.0000e+00
 146.857876      6.422  34.959912     8.6753     3.6910      6.368    33.0139    25.6135 0.0000e+00
 146.857882      6.666  34.949533     8.6597     3.5905      6.610    33.0175    25.6187 0.0000e+00
 146.857888      6.903  34.939742     8.6313     3.4657      6.845    33.0336    25.6357 0.0000e+00
 146.857894      7.138  34.915758     8.5845     3.3283      7.078    33.0521    25.6573 0.0000e+00
 146.857899      7.378  34.885300     8.5326     3.1810      7.316    33.0686    25.6781 0.0000e+00
 146.857905      7.625  34.860891     8.4804     3.0638      7.561    33.0917    25.7041 0.0000e+00
 146.857911      7.877  34.839038     8.4161     2.9984      7.811    33.1290    25.7430 0.0000e+00
 146.857917      8.135  34.807905     8.3326     2.9293      8.067    33.1746    25.7913 0.0000e+00
 146.857922      8.396  34.769031     8.2437     2.9032      8.326    33.2173    25.8381 0.0000e+00
 146.857928      8.661  34.732106     8.1675     2.8938      8.589    33.2501    25.8752 0.0000e+00
 146.857934      8.929  34.706053     8.1051     2.9067      8.854    33.2815    25.9090 0.0000e+00
 146.857940      9.201  34.694699     8.0555     2.9241      9.124    33.3164    25.9437 0.0000e+00
 146.857946      9.471  34.695720     8.0259     2.9397      9.392    33.3456    25.9710 0.0000e+00
 146.857951      9.732  34.702585     8.0149     2.9425      9.651    33.3633    25.9865 0.0000e+00
 146.857957      9.979  34.709278     8.0116     2.9578      9.895    33.3734    25.9950 0.0000e+00
 146.857963     10.214  34.712916     8.0088     2.9645     10.129    33.3799    26.0004 0.0000e+00
 146.857969     10.444  34.712705     8.0052     2.9730     10.357    33.3830    26.0034 0.0000e+00
 146.857975     10.670  34.713357     8.0035     2.9791     10.581    33.3852    26.0054 0.0000e+00
 146.857980     10.891  34.719611     8.0066     2.9677     10.800    33.3888    26.0078 0.0000e+00
 146.857986     11.102  34.729124     8.0130     2.9708     11.009    33.3928    26.0099 0.0000e+00
 146.857992     11.305  34.736619     8.0180     2.9520     11.210    33.3959    26.0117 0.0000e+00
 146.857998     11.507  34.740288     8.0179     2.9476     11.411    33.3998    26.0148 0.0000e+00
 146.858003     11.723  34.739940     8.0138     2.9063     11.625    33.4033    26.0181 0.0000e+00
 146.858009     11.961  34.740105     8.0098     2.8755     11.861    33.4072    26.0217 0.0000e+00
 146.858015     12.223  34.745994     8.0080     2.8465     12.121    33.4150    26.0282 0.0000e+00
 146.858021     12.510  34.754776     8.0069     2.8266     12.405    33.4253    26.0364 0.0000e+00
 146.858027     12.817  34.765239     8.0034     2.8235     12.710    33.4397    26.0482 0.0000e+00
 146.858032     13.131  34.780088     7.9962     2.8186     13.021    33.4623    26.0670 0.0000e+00
 146.858038     13.432  34.795563     7.9899     2.8346     13.319    33.4848    26.0856 0.0000e+00
 146.858044     13.711  34.804820     7.9888     2.8250     13.596    33.4956    26.0942 0.0000e+00
 146.858050     13.962  34.808953     7.9906     2.8149     13.845    33.4982    26.0960 0.0000e+00
 146.858056     14.190  34.812306     7.9906     2.7823     14.071    33.5016    26.0987 0.0000e+00
 146.858061     14.400  34.814826     7.9880     2.7603     14.279    33.5067    26.1031 0.0000e+00
 146.858067     14.601  34.814787     7.9829     2.7365     14.479    33.5115    26.1076 0.0000e+00
 146.858073     14.806  34.813212     7.9739     2.7248     14.682    33.5183    26.1143 0.0000e+00
 146.858079     15.024  34.811314     7.9610     2.7040     14.898    33.5286    26.1242 0.0000e+00
 146.858084     15.260  34.808194     7.9460     2.7000     15.132    33.5395    26.1350 0.0000e+00
 146.858090     15.517  34.804125     7.9314     2.6821     15.387    33.5490    26.1447 0.0000e+00
 146.858096     15.784  34.799791     7.9201     2.6706     15.652    33.5551    26.1511 0.0000e+00
 146.858102     16.054  34.796079     7.9119     2.6569     15.919    33.5589    26.1553 0.0000e+00
 146.858108     16.334  34.793589     7.9028     2.6348     16.197    33.5649    26.1613 0.0000e+00
 146.858113     16.630  34.791192     7.8911     2.6459     16.491    33.5734    26.1697 0.0000e+00
 146.858119     16.930  34.787883     7.8787     2.6406     16.788    33.5816    26.1780 0.0000e+00
 146.858125     17.225  34.783682     7.8695     2.6447     17.081    33.5858    26.1826 0.0000e+00
 146.858131     17.506  34.780774     7.8657     2.6282     17.359    33.5862    26.1835 0.0000e+00
 146.858137     17.774  34.780269     7.8632     2.6157     17.625    33.5880    26.1852 0.0000e+00
 146.858142     18.039  34.779207     7.8571     2.6045     17.888    33.5926    26.1897 0.0000e+00
 146.858148     18.304  34.775565     7.8473     2.5992     18.150    33.5980    26.1954 0.0000e+00
 146.858154     18.568  34.769480     7.8362     2.5665     18.412    33.6020    26.2002 0.0000e+00
 146.858160     18.831  34.762308     7.8255     2.5525     18.673    33.6045    26.2037 0.0000e+00
 146.858166     19.090  34.755634     7.8144     2.5239     18.930    33.6079    26.2080 0.0000e+00
 146.858171     19.342  34.748350     7.7993     2.5014     19.180    33.6145    26.2154 0.0000e+00
 146.858177     19.600  34.738530     7.7775     2.4985     19.435    33.6249    26.2267 0.0000e+00
 146.858183     19.868  34.724231     7.7499     2.4698     19.701    33.6360    26.2394 0.0000e+00
 146.858189     20.136  34.703133     7.7208     2.4728     19.967    33.6413    26.2477 0.0000e+00
 146.858194     20.396  34.678965     7.6962     2.4587     20.225    33.6389    26.2494 0.0000e+00
 146.858200     20.643  34.660317     7.6779     2.4660     20.470    33.6364    26.2501 0.0000e+00
 146.858206     20.881  34.648586     7.6626     2.4565     20.706    33.6384    26.2539 0.0000e+00
 146.858212     21.114  34.639276     7.6476     2.4572     20.937    33.6428    26.2594 0.0000e+00
