data/oxygen options/OCNMS/OCNMS1/raw_data/2017/CAST_KL015_170829faed.cnv
* Sea-Bird SBE 19 Data File:
* FileName = C:\2017 Mooring Data\Casts\CAST_KL015_082917.hex
* Software Version SeatermAF 2.1.2
* Temperature SN = 2997
* Conductivity SN = 2997
* System UpLoad Time = Aug 29 2017 19:20:09 (localtime) = Aug 29 2017 19:20:09 (UTC)
** CAST_KL015_082917
* ds
# nquan = 9                                 
# nvalues = 895                         
# units = specified
# name 0 = timeJ: Julian Days
# name 1 = prSM: Pressure, Strain Gauge [db]
# name 2 = c0mS/cm: Conductivity [mS/cm]
# name 3 = t090C: Temperature [ITS-90, deg C]
# name 4 = sbeox0ML/L: Oxygen, SBE 43 [ml/l]
# name 5 = depSM: Depth [salt water, m], lat = 47.5
# name 6 = sal00: Salinity, Practical [PSU]
# name 7 = sigma-é00: Density [sigma-theta, kg/m^3]
# name 8 = flag: flag
# span 0 = 241.796123, 241.801296       
# span 1 =     -4.966,     15.376       
# span 2 =   0.334514,  37.740379       
# span 3 =     8.5950,    13.4520       
# span 4 =    -1.9675,    19.8398       
# span 5 =     -4.925,     15.247       
# span 6 =     0.2083,    33.7494       
# span 7 =    -0.5153,    26.1153       
# span 8 = 0.0000e+00, 0.0000e+00       
# interval = seconds: 0.5
# start_time = Aug 29 2017 19:06:25 [Instrument's time stamp, header]
# bad_flag = -9.990e-29
*END*
 241.796123     -4.966 -9.990e-29    13.3475    -1.9664     -4.925 -9.990e-29 -9.990e-29 -9.990e-29
 241.796128     -4.924   0.341327    13.3341    -1.9666     -4.883     0.2128    -0.4984 -9.990e-29
 241.796134     -4.882   0.340612    13.3227    -1.9667     -4.841     0.2124    -0.4972 -9.990e-29
 241.796140     -4.842   0.339759    13.3171    -1.9667     -4.802     0.2119    -0.4969 -9.990e-29
 241.796146     -4.800   0.338741    13.3163    -1.9665     -4.760     0.2112    -0.4973 -9.990e-29
 241.796152     -4.758   0.337679    13.3179    -1.9667     -4.718     0.2105    -0.4980 -9.990e-29
 241.796157     -4.723   0.336820    13.3215    -1.9666     -4.684     0.2100    -0.4989 -9.990e-29
 241.796163     -4.697   0.336497    13.3262    -1.9660     -4.658     0.2097    -0.4997 -9.990e-29
 241.796169     -4.673   0.336834    13.3295    -1.9654     -4.634     0.2099    -0.5000 -9.990e-29
 241.796175     -4.646   0.337540    13.3296    -1.9651     -4.607     0.2104    -0.4996 -9.990e-29
 241.796181     -4.619   0.338447    13.3277    -1.9651     -4.581     0.2110    -0.4989 -9.990e-29
 241.796186     -4.593   0.339104    13.3265    -1.9650     -4.555     0.2114    -0.4985 -9.990e-29
 241.796192     -4.568   0.338725    13.3269    -1.9653     -4.530     0.2111    -0.4987 -9.990e-29
 241.796198     -4.541   0.337358    13.3280    -1.9656     -4.503     0.2103    -0.4995 -9.990e-29
 241.796204     -4.512   0.335954    13.3297    -1.9657     -4.474     0.2094    -0.5004 -9.990e-29
 241.796209     -4.477   0.335410    13.3344    -1.9657     -4.440     0.2090    -0.5014 -9.990e-29
 241.796215     -4.439   0.336108    13.3428    -1.9655     -4.402     0.2094    -0.5021 -9.990e-29
 241.796221     -4.405   0.337317    13.3517    -1.9656     -4.368     0.2101    -0.5028 -9.990e-29
 241.796227     -4.377   0.337880    13.3581    -1.9654     -4.341     0.2104    -0.5033 -9.990e-29
 241.796233     -4.351   0.337993    13.3611    -1.9653     -4.315     0.2105    -0.5037 -9.990e-29
 241.796238     -4.328   0.338363    13.3609    -1.9651     -4.292     0.2107    -0.5035 -9.990e-29
 241.796244     -4.305   0.338927    13.3578    -1.9651     -4.269     0.2111    -0.5028 -9.990e-29
 241.796250     -4.282   0.339331    13.3542    -1.9651     -4.246     0.2114    -0.5021 -9.990e-29
 241.796256     -4.256   0.339006    13.3524    -1.9652     -4.221     0.2112    -0.5020 -9.990e-29
 241.796262     -4.226   0.338071    13.3528    -1.9655     -4.191     0.2106    -0.5025 -9.990e-29
 241.796267     -4.194   0.337499    13.3540    -1.9656     -4.159     0.2102    -0.5030 -9.990e-29
 241.796273     -4.167   0.337634    13.3552    -1.9656     -4.132     0.2103    -0.5031 -9.990e-29
 241.796279     -4.147   0.338101    13.3571    -1.9656     -4.112     0.2106    -0.5031 -9.990e-29
 241.796285     -4.130   0.338416    13.3598    -1.9659     -4.096     0.2108    -0.5033 -9.990e-29
 241.796291     -4.108   0.338444    13.3618    -1.9661     -4.074     0.2108    -0.5036 -9.990e-29
 241.796296     -4.087   0.338224    13.3626    -1.9665     -4.053     0.2106    -0.5038 -9.990e-29
 241.796302     -4.067   0.338016    13.3621    -1.9670     -4.033     0.2105    -0.5038 -9.990e-29
 241.796308     -4.049   0.338100    13.3598    -1.9674     -4.015     0.2106    -0.5035 -9.990e-29
 241.796314     -4.031   0.338032    13.3565    -1.9671     -3.997     0.2105    -0.5030 -9.990e-29
 241.796319     -4.011   0.337724    13.3541    -1.9672     -3.978     0.2104    -0.5029 -9.990e-29
 241.796325     -3.989   0.337871    13.3523    -1.9670     -3.956     0.2105    -0.5026 -9.990e-29
 241.796331     -3.963   0.338671    13.3495    -1.9667     -3.930     0.2110    -0.5018 -9.990e-29
 241.796337     -3.931   0.339527    13.3452    -1.9664     -3.898     0.2116    -0.5008 -9.990e-29
 241.796343     -3.897   0.339920    13.3394    -1.9665     -3.865     0.2118    -0.4998 -9.990e-29
 241.796348     -3.865   0.339820    13.3320    -1.9665     -3.833     0.2118    -0.4988 -9.990e-29
 241.796354     -3.838   0.339647    13.3243    -1.9664     -3.806     0.2117    -0.4979 -9.990e-29
 241.796360     -3.816   0.339726    13.3196    -1.9664     -3.784     0.2118    -0.4972 -9.990e-29
 241.796366     -3.795   0.339607    13.3188    -1.9663     -3.763     0.2117    -0.4972 -9.990e-29
 241.796372     -3.776   0.339133    13.3204    -1.9660     -3.745     0.2114    -0.4976 -9.990e-29
 241.796377     -3.756   0.338781    13.3239    -1.9656     -3.725     0.2112    -0.4983 -9.990e-29
 241.796383     -3.734   0.338636    13.3287    -1.9655     -3.703     0.2111    -0.4990 -9.990e-29
 241.796389     -3.710   0.338504    13.3324    -1.9651     -3.679     0.2110    -0.4995 -9.990e-29
 241.796395     -3.681   0.338211    13.3339    -1.9650     -3.650     0.2108    -0.4999 -9.990e-29
 241.796400     -3.649   0.337920    13.3347    -1.9651     -3.619     0.2106    -0.5001 -9.990e-29
 241.796406     -3.622   0.338352    13.3360    -1.9653     -3.592     0.2109    -0.5001 -9.990e-29
 241.796412     -3.603   0.339529    13.3381    -1.9655     -3.573     0.2116    -0.4998 -9.990e-29
 241.796418     -3.585   0.340249    13.3418    -1.9659     -3.555     0.2120    -0.4999 -9.990e-29
 241.796424     -3.562   0.339810    13.3473    -1.9664     -3.532     0.2117    -0.5009 -9.990e-29
 241.796429     -3.539   0.338734    13.3535    -1.9671     -3.509     0.2110    -0.5023 -9.990e-29
 241.796435     -3.518   0.337804    13.3592    -1.9675     -3.489     0.2104    -0.5035 -9.990e-29
 241.796441     -3.497   0.337443    13.3639    -1.9673     -3.468     0.2101    -0.5043 -9.990e-29
 241.796447     -3.474   0.337725    13.3663    -1.9670     -3.445     0.2103    -0.5045 -9.990e-29
 241.796453     -3.450   0.338472    13.3655    -1.9670     -3.421     0.2108    -0.5040 -9.990e-29
 241.796458     -3.426   0.339020    13.3615    -1.9666     -3.397     0.2111    -0.5032 -9.990e-29
 241.796464     -3.409   0.338991    13.3549    -1.9662     -3.381     0.2112    -0.5023 -9.990e-29
 241.796470     -3.399   0.338901    13.3461    -1.9659     -3.371     0.2112    -0.5012 -9.990e-29
 241.796476     -3.385   0.339184    13.3359    -1.9655     -3.357     0.2114    -0.4997 -9.990e-29
 241.796481     -3.364   0.339661    13.3263    -1.9651     -3.336     0.2117    -0.4981 -9.990e-29
 241.796487     -3.337   0.339863    13.3207    -1.9647     -3.309     0.2119    -0.4973 -9.990e-29
 241.796493     -3.312   0.339503    13.3203    -1.9648     -3.284     0.2117    -0.4974 -9.990e-29
 241.796499     -3.292   0.338658    13.3236    -1.9649     -3.265     0.2111    -0.4983 -9.990e-29
 241.796505     -3.270   0.337863    13.3289    -1.9646     -3.243     0.2106    -0.4994 -9.990e-29
 241.796510     -3.246   0.337719    13.3356    -1.9645     -3.219     0.2105    -0.5004 -9.990e-29
 241.796516     -3.226   0.338035    13.3433    -1.9645     -3.199     0.2106    -0.5012 -9.990e-29
 241.796522     -3.210   0.338126    13.3515    -1.9645     -3.183     0.2106    -0.5023 -9.990e-29
 241.796528     -3.192   0.337559    13.3599    -1.9645     -3.165     0.2102    -0.5037 -9.990e-29
 241.796534     -3.171   0.336686    13.3675    -1.9642     -3.145     0.2096    -0.5052 -9.990e-29
 241.796539     -3.149   0.336562    13.3728    -1.9639     -3.123     0.2095    -0.5060 -9.990e-29
 241.796545     -3.130   0.337576    13.3756    -1.9636     -3.104     0.2102    -0.5059 -9.990e-29
 241.796551     -3.108   0.338861    13.3777    -1.9634     -3.082     0.2110    -0.5055 -9.990e-29
 241.796557     -3.082   0.339361    13.3804    -1.9632     -3.056     0.2113    -0.5056 -9.990e-29
 241.796562     -3.058   0.339189    13.3827    -1.9629     -3.033     0.2111    -0.5060 -9.990e-29
 241.796568     -3.040   0.339223    13.3841    -1.9628     -3.015     0.2112    -0.5062 -9.990e-29
 241.796574     -3.026   0.339509    13.3853    -1.9629     -3.001     0.2113    -0.5062 -9.990e-29
 241.796580     -3.016   0.339321    13.3879    -1.9633     -2.991     0.2112    -0.5067 -9.990e-29
 241.796586     -3.008   0.338409    13.3925    -1.9636     -2.983     0.2106    -0.5077 -9.990e-29
 241.796591     -2.998   0.337218    13.3984    -1.9635     -2.973     0.2098    -0.5091 -9.990e-29
 241.796597     -2.981   0.336379    13.4042    -1.9635     -2.956     0.2092    -0.5103 -9.990e-29
 241.796603     -2.961   0.336435    13.4096    -1.9634     -2.936     0.2093    -0.5110 -9.990e-29
 241.796609     -2.939   0.337461    13.4148    -1.9632     -2.914     0.2099    -0.5112 -9.990e-29
 241.796615     -2.920   0.338611    13.4193    -1.9631     -2.896     0.2106    -0.5113 -9.990e-29
 241.796620     -2.906   0.338646    13.4212    -1.9633     -2.882     0.2106    -0.5115 -9.990e-29
 241.796626     -2.892   0.337613    13.4191    -1.9629     -2.868     0.2100    -0.5118 -9.990e-29
 241.796632     -2.878   0.336906    13.4142    -1.9625     -2.854     0.2095    -0.5114 -9.990e-29
 241.796638     -2.865   0.337244    13.4101    -1.9621     -2.841     0.2098    -0.5107 -9.990e-29
 241.796644     -2.855   0.337972    13.4089    -1.9620     -2.831     0.2102    -0.5102 -9.990e-29
 241.796649     -2.845   0.338398    13.4099    -1.9619     -2.821     0.2105    -0.5101 -9.990e-29
 241.796655     -2.832   0.338534    13.4121    -1.9623     -2.808     0.2106    -0.5103 -9.990e-29
 241.796661     -2.814   0.338564    13.4143    -1.9629     -2.791     0.2106    -0.5106 -9.990e-29
 241.796667     -2.799   0.338527    13.4160    -1.9629     -2.776     0.2105    -0.5109 -9.990e-29
 241.796672     -2.781   0.338374    13.4189    -1.9629     -2.758     0.2104    -0.5113 -9.990e-29
 241.796678     -2.755   0.337904    13.4245    -1.9633     -2.732     0.2101    -0.5123 -9.990e-29
 241.796684     -2.733   0.337043    13.4316    -1.9634     -2.710     0.2095    -0.5137 -9.990e-29
 241.796690     -2.717   0.336305    13.4375    -1.9636     -2.694     0.2090    -0.5149 -9.990e-29
 241.796696     -2.702   0.336371    13.4406    -1.9639     -2.679     0.2091    -0.5153 -9.990e-29
 241.796701     -2.687   0.337328    13.4400    -1.9643     -2.665     0.2097    -0.5147 -9.990e-29
 241.796707     -2.670   0.338235    13.4351    -1.9644     -2.648     0.2103    -0.5136 -9.990e-29
 241.796713     -2.652   0.338086    13.4289    -1.9646     -2.630     0.2102    -0.5129 -9.990e-29
 241.796719     -2.634   0.337236    13.4244    -1.9644     -2.612     0.2097    -0.5127 -9.990e-29
 241.796725     -2.621   0.336771    13.4205    -1.9643     -2.599     0.2094    -0.5124 -9.990e-29
 241.796730     -2.607   0.337178    13.4161    -1.9643     -2.585     0.2097    -0.5116 -9.990e-29
 241.796736     -2.587   0.337892    13.4119    -1.9643     -2.565     0.2102    -0.5106 -9.990e-29
 241.796742     -2.563   0.338204    13.4071    -1.9641     -2.542     0.2104    -0.5098 -9.990e-29
 241.796748     -2.544   0.337975    13.4010    -1.9641     -2.523     0.2103    -0.5091 -9.990e-29
 241.796753     -2.527   0.337453    13.3952    -1.9641     -2.506     0.2100    -0.5086 -9.990e-29
 241.796759     -2.508   0.337053    13.3912    -1.9638     -2.487     0.2097    -0.5082 -9.990e-29
 241.796765     -2.489   0.336794    13.3895    -1.9637     -2.468     0.2096    -0.5081 -9.990e-29
 241.796771     -2.473   0.336334    13.3902    -1.9637     -2.452     0.2093    -0.5084 -9.990e-29
 241.796777     -2.460   0.335611    13.3916    -1.9639     -2.439     0.2088    -0.5090 -9.990e-29
 241.796782     -2.448   0.335325    13.3926    -1.9640     -2.428     0.2086    -0.5093 -9.990e-29
 241.796788     -2.438   0.336203    13.3938    -1.9641     -2.418     0.2092    -0.5090 -9.990e-29
 241.796794     -2.428   0.337752    13.3957    -1.9643     -2.408     0.2102    -0.5085 -9.990e-29
 241.796800     -2.417   0.338714    13.3978    -1.9644     -2.397     0.2108    -0.5083 -9.990e-29
 241.796806     -2.405   0.338155    13.4003    -1.9647     -2.385     0.2104    -0.5089 -9.990e-29
 241.796811     -2.392   0.336438    13.4033    -1.9648     -2.372     0.2093    -0.5102 -9.990e-29
 241.796817     -2.380   0.335154    13.4047    -1.9648     -2.360     0.2085    -0.5110 -9.990e-29
 241.796823     -2.373   0.335364    13.4037    -1.9647     -2.353     0.2086    -0.5108 -9.990e-29
 241.796829     -2.366   0.336792    13.4015    -1.9644     -2.346     0.2095    -0.5098 -9.990e-29
 241.796834     -2.356   0.338018    13.3993    -1.9648     -2.336     0.2103    -0.5088 -9.990e-29
 241.796840     -2.340   0.337906    13.3972    -1.9651     -2.320     0.2103    -0.5086 -9.990e-29
 241.796846     -2.318   0.336859    13.3947    -1.9651     -2.299     0.2096    -0.5088 -9.990e-29
 241.796852     -2.293   0.335701    13.3913    -1.9652     -2.274     0.2089    -0.5089 -9.990e-29
 241.796858     -2.272   0.335102    13.3871    -1.9652     -2.253     0.2085    -0.5086 -9.990e-29
 241.796863     -2.258   0.335371    13.3841    -1.9652     -2.239     0.2087    -0.5081 -9.990e-29
 241.796869     -2.245   0.335760    13.3838    -1.9653     -2.226     0.2090    -0.5079 -9.990e-29
 241.796875     -2.229   0.335676    13.3852    -1.9653     -2.210     0.2089    -0.5081 -9.990e-29
 241.796881     -2.213   0.335561    13.3852    -1.9652     -2.195     0.2088    -0.5081 -9.990e-29
 241.796887     -2.200   0.335817    13.3822    -1.9651     -2.182     0.2090    -0.5076 -9.990e-29
 241.796892     -2.189   0.336228    13.3783    -1.9652     -2.171     0.2093    -0.5069 -9.990e-29
 241.796898     -2.180   0.336235    13.3758    -1.9651     -2.162     0.2093    -0.5065 -9.990e-29
 241.796904     -2.172   0.335846    13.3743    -1.9657     -2.154     0.2091    -0.5065 -9.990e-29
 241.796910     -2.164   0.335650    13.3734    -1.9662     -2.146     0.2089    -0.5065 -9.990e-29
 241.796916     -2.156   0.335940    13.3728    -1.9664     -2.138     0.2091    -0.5063 -9.990e-29
 241.796921     -2.148   0.336547    13.3725    -1.9664     -2.130     0.2095    -0.5059 -9.990e-29
 241.796927     -2.138   0.336615    13.3729    -1.9665     -2.120     0.2096    -0.5060 -9.990e-29
 241.796933     -2.127   0.335683    13.3736    -1.9663     -2.109     0.2090    -0.5065 -9.990e-29
 241.796939     -2.117   0.334723    13.3737    -1.9659     -2.099     0.2083    -0.5070 -9.990e-29
 241.796944     -2.113   0.334669    13.3726    -1.9658     -2.095     0.2083    -0.5069 -9.990e-29
 241.796950     -2.110   0.335450    13.3689    -1.9658     -2.092     0.2088    -0.5060 -9.990e-29
 241.796956     -2.104   0.336444    13.3616    -1.9658     -2.086     0.2095    -0.5045 -9.990e-29
 241.796962     -2.094   0.336757    13.3538    -1.9658     -2.077     0.2097    -0.5033 -9.990e-29
 241.796968     -2.079   0.336252    13.3490    -1.9660     -2.062     0.2094    -0.5029 -9.990e-29
 241.796973     -2.059   0.335918    13.3469    -1.9660     -2.042     0.2092    -0.5028 -9.990e-29
 241.796979     -2.036   0.336418    13.3471    -1.9660     -2.019     0.2096    -0.5025 -9.990e-29
 241.796985     -2.013   0.337308    13.3503    -1.9659     -1.996     0.2101    -0.5025 -9.990e-29
 241.796991     -1.990   0.337559    13.3550    -1.9659     -1.973     0.2102    -0.5031 -9.990e-29
 241.796997     -1.968   0.336950    13.3584    -1.9660     -1.952     0.2098    -0.5038 -9.990e-29
 241.797002     -1.951   0.336330    13.3598    -1.9661     -1.935     0.2094    -0.5043 -9.990e-29
 241.797008     -1.937   0.336535    13.3601    -1.9663     -1.921     0.2096    -0.5043 -9.990e-29
 241.797014     -1.926   0.337282    13.3595    -1.9664     -1.910     0.2100    -0.5038 -9.990e-29
 241.797020     -1.917   0.337352    13.3583    -1.9664     -1.901     0.2101    -0.5036 -9.990e-29
 241.797025     -1.909   0.336282    13.3575    -1.9662     -1.893     0.2094    -0.5040 -9.990e-29
 241.797031     -1.903   0.334860    13.3573    -1.9663     -1.887     0.2085    -0.5047 -9.990e-29
 241.797037     -1.897   0.334514    13.3573    -1.9661     -1.881     0.2083    -0.5049 -9.990e-29
 241.797043     -1.890   0.335891    13.3568    -1.9658     -1.874     0.2092    -0.5041 -9.990e-29
