data/oxygen options/OCNMS/OCNMS1/raw_data/2017/CAST_CE015_170926faed.cnv
* Sea-Bird SBE 19 Data File:
* FileName = C:\2017 Mooring Data\Casts\CAST_CE015_170926.hex
* Software Version SeatermAF 2.1.2
* Temperature SN = 2997
* Conductivity SN = 2997
* System UpLoad Time = Sep 26 2017 18:20:59 (localtime) = Sep 26 2017 18:20:59 (UTC)
** CAST_CE015_170926
* ds
# nquan = 9                                 
# nvalues = 970                         
# units = specified
# name 0 = timeJ: Julian Days
# name 1 = prSM: Pressure, Strain Gauge [db]
# name 2 = c0mS/cm: Conductivity [mS/cm]
# name 3 = t090C: Temperature [ITS-90, deg C]
# name 4 = sbeox0ML/L: Oxygen, SBE 43 [ml/l]
# name 5 = depSM: Depth [salt water, m], lat = 47.5
# name 6 = sal00: Salinity, Practical [PSU]
# name 7 = sigma-é00: Density [sigma-theta, kg/m^3]
# name 8 = flag: flag
# span 0 = 269.738264, 269.743872       
# span 1 =     -4.736,     14.624       
# span 2 =   0.477030,  38.034091       
# span 3 =    13.0295,    17.6326       
# span 4 =   -11.0302,    12.5008       
# span 5 =     -4.697,     14.501       
# span 6 =     0.2722,    31.8400       
# span 7 =    -1.1197,    23.9406       
# span 8 = 0.0000e+00, 0.0000e+00       
# interval = seconds: 0.5
# start_time = Sep 26 2017 17:43:06 [Instrument's time stamp, header]
# bad_flag = -9.990e-29
*END*
[from data line 161]
 269.739196     -1.819   0.572199    17.3106    -1.8142     -1.804     0.3287    -1.0252 -9.990e-29
 269.739201     -1.807   0.570893    17.2883    -1.8134     -1.792     0.3281    -1.0217 -9.990e-29
 269.739207     -1.799   0.569894    17.2630    -1.8119     -1.784     0.3277    -1.0175 -9.990e-29
 269.739213     -1.792   0.568427    17.2386    -1.8108     -1.777     0.3270    -1.0137 -9.990e-29
 269.739219     -1.788   0.566753    17.2169    -1.8096     -1.773     0.3262    -1.0105 -9.990e-29
 269.739225     -1.781   0.565964    17.2015    -1.8083     -1.766     0.3258    -1.0080 -9.990e-29
 269.739230     -1.767   0.566673    17.1930    -1.8070     -1.752     0.3263    -1.0061 -9.990e-29
 269.739236     -1.750   0.568163    17.1900    -1.8058     -1.735     0.3272    -1.0049 -9.990e-29
 269.739242     -1.731   0.569096    17.1925    -1.8055     -1.717     0.3278    -1.0049 -9.990e-29
 269.739248     -1.711   0.569055    17.2020    -1.8054     -1.697     0.3277    -1.0067 -9.990e-29
 269.739253     -1.692   0.568539    17.2221    -1.8067     -1.678     0.3272    -1.0106 -9.990e-29
 269.739259     -1.677   0.567971    17.2518    -1.8070     -1.663     0.3266    -1.0163 -9.990e-29
 269.739265     -1.665   0.567702    17.2848    -1.8071     -1.651     0.3262    -1.0225 -9.990e-29
 269.739271     -1.656   0.567374    17.3187    -1.8080     -1.642     0.3258    -1.0289 -9.990e-29
 269.739277     -1.648   0.565996    17.3531    -1.8091     -1.634     0.3247    -1.0358 -9.990e-29
 269.739282     -1.642   0.563393    17.3853    -1.8092     -1.628     0.3229    -1.0429 -9.990e-29
 269.739288     -1.637   0.560529    17.4101    -1.8089     -1.623     0.3210    -1.0488 -9.990e-29
 269.739294     -1.633   0.558574    17.4225    -1.8088     -1.619     0.3198    -1.0520 -9.990e-29
 269.739300     -1.629   0.557695    17.4202    -1.8090     -1.615     0.3193    -1.0520 -9.990e-29
 269.739306     -1.625   0.557273    17.4076    -1.8101     -1.611     0.3191    -1.0498 -9.990e-29
 269.739311     -1.622   0.556745    17.3941    -1.8108     -1.608     0.3189    -1.0476 -9.990e-29
 269.739317     -1.618   0.555962    17.3804    -1.8101     -1.605     0.3186    -1.0454 -9.990e-29
 269.739323     -1.613   0.555545    17.3624    -1.8092     -1.600     0.3185    -1.0423 -9.990e-29
 269.739329     -1.608   0.556599    17.3453    -1.8085     -1.595     0.3192    -1.0386 -9.990e-29
 269.739334     -1.601   0.559423    17.3372    -1.8074     -1.588     0.3209    -1.0359 -9.990e-29
 269.739340     -1.593   0.562241    17.3365    -1.8065     -1.580     0.3226    -1.0345 -9.990e-29
 269.739346     -1.583   0.562716    17.3350    -1.8061     -1.570     0.3229    -1.0340 -9.990e-29
 269.739352     -1.574   0.560929    17.3261    -1.8066     -1.561     0.3219    -1.0331 -9.990e-29
 269.739358     -1.571   0.558929    17.3121    -1.8080     -1.558     0.3208    -1.0315 -9.990e-29
 269.739363     -1.569   0.557930    17.3055    -1.8095     -1.556     0.3203    -1.0307 -9.990e-29
 269.739369     -1.558   0.557711    17.3144    -1.8109     -1.545     0.3201    -1.0325 -9.990e-29
 269.739375     -1.539   0.557425    17.3331    -1.8123     -1.526     0.3198    -1.0360 -9.990e-29
 269.739381     -1.523   0.556137    17.3549    -1.8138     -1.510     0.3189    -1.0406 -9.990e-29
 269.739387     -1.513   0.553793    17.3775    -1.8151     -1.500     0.3173    -1.0459 -9.990e-29
 269.739392     -1.500   0.551147    17.3953    -1.8161     -1.487     0.3156    -1.0503 -9.990e-29
 269.739398     -1.484   0.549105    17.4005    -1.8165     -1.472     0.3144    -1.0522 -9.990e-29
 269.739404     -1.467   0.548271    17.3881    -1.8159     -1.455     0.3140    -1.0503 -9.990e-29
 269.739410     -1.448   0.548640    17.3597    -1.8150     -1.436     0.3144    -1.0449 -9.990e-29
 269.739416     -1.431   0.549598    17.3228    -1.8139     -1.419     0.3152    -1.0377 -9.990e-29
 269.739421     -1.415   0.550207    17.2843    -1.8133     -1.403     0.3159    -1.0303 -9.990e-29
 269.739427     -1.393   0.550171    17.2462    -1.8134     -1.381     0.3161    -1.0234 -9.990e-29
 269.739433     -1.370   0.549996    17.2097    -1.8132     -1.359     0.3163    -1.0168 -9.990e-29
 269.739439     -1.356   0.550006    17.1779    -1.8124     -1.345     0.3165    -1.0110 -9.990e-29
 269.739444     -1.359   0.549659    17.1554    -1.8115     -1.348     0.3165    -1.0070 -9.990e-29
 269.739450     -1.367   0.548494    17.1477    -1.8105     -1.356     0.3159    -1.0062 -9.990e-29
 269.739456     -1.366   0.547173    17.1557    -1.8092     -1.355     0.3150    -1.0082 -9.990e-29
 269.739462     -1.362   0.546708    17.1740    -1.8084     -1.351     0.3146    -1.0118 -9.990e-29
 269.739468     -1.358   0.547032    17.1944    -1.8078     -1.347     0.3147    -1.0153 -9.990e-29
 269.739473     -1.355   0.546918    17.2099    -1.8063     -1.344     0.3145    -1.0182 -9.990e-29
 269.739479     -1.351   0.545658    17.2196    -1.8049     -1.340     0.3137    -1.0206 -9.990e-29
 269.739485     -1.347   0.544344    17.2305    -1.8043     -1.336     0.3128    -1.0232 -9.990e-29
 269.739491     -1.342   0.544551    17.2483    -1.8047     -1.331     0.3128    -1.0263 -9.990e-29
 269.739497     -1.336   0.546553    17.2724    -1.8063     -1.325     0.3138    -1.0298 -9.990e-29
 269.739502     -1.328   0.548588    17.3003    -1.8080     -1.317     0.3148    -1.0340 -9.990e-29
 269.739508     -1.323   0.548383    17.3290    -1.8096     -1.312     0.3145    -1.0394 -9.990e-29
 269.739514     -1.325   0.546222    17.3555    -1.8113     -1.314     0.3130    -1.0452 -9.990e-29
 269.739520     -1.324   0.544209    17.3825    -1.8131     -1.313     0.3116    -1.0511 -9.990e-29
 269.739525     -1.313   0.543540    17.4126    -1.8143     -1.302     0.3110    -1.0570 -9.990e-29
 269.739531     -1.299   0.543879    17.4385    -1.8138     -1.288     0.3110    -1.0616 -9.990e-29
 269.739537     -1.290   0.544015    17.4493    -1.8130     -1.279     0.3110    -1.0635 -9.990e-29
 269.739543     -1.281   0.543022    17.4387    -1.8118     -1.270     0.3105    -1.0620 -9.990e-29
 269.739549     -1.268   0.541242    17.4087    -1.8109     -1.257     0.3097    -1.0573 -9.990e-29
 269.739554     -1.253   0.539625    17.3678    -1.8101     -1.243     0.3090    -1.0505 -9.990e-29
 269.739560     -1.244   0.538788    17.3237    -1.8106     -1.234     0.3088    -1.0428 -9.990e-29
 269.739566     -1.241   0.538723    17.2802    -1.8116     -1.231     0.3091    -1.0348 -9.990e-29
 269.739572     -1.234   0.538789    17.2428    -1.8120     -1.224     0.3094    -1.0279 -9.990e-29
 269.739578     -1.220   0.538522    17.2214    -1.8116     -1.210     0.3094    -1.0241 -9.990e-29
 269.739583     -1.202   0.538121    17.2212    -1.8113     -1.192     0.3092    -1.0243 -9.990e-29
 269.739589     -1.186   0.538159    17.2368    -1.8122     -1.176     0.3091    -1.0271 -9.990e-29
 269.739595     -1.177   0.538688    17.2593    -1.8130     -1.167     0.3093    -1.0310 -9.990e-29
 269.739601     -1.170   0.538751    17.2806    -1.8134     -1.160     0.3091    -1.0349 -9.990e-29
 269.739606     -1.159   0.537326    17.2919    -1.8133     -1.149     0.3082    -1.0376 -9.990e-29
 269.739612     -1.148   0.534729    17.2884    -1.8127     -1.138     0.3067    -1.0381 -9.990e-29
 269.739618     -1.141   0.532485    17.2768    -1.8140     -1.131     0.3055    -1.0370 -9.990e-29
 269.739624     -1.138   0.531483    17.2689    -1.8154     -1.129     0.3049    -1.0360 -9.990e-29
 269.739630     -1.137   0.531497    17.2673    -1.8167     -1.128     0.3049    -1.0357 -9.990e-29
 269.739635     -1.140   0.531992    17.2637    -1.8163     -1.130     0.3053    -1.0348 -9.990e-29
 269.739641     -1.143   0.531965    17.2523    -1.8157     -1.133     0.3053    -1.0328 -9.990e-29
 269.739647     -1.140   0.530826    17.2381    -1.8152     -1.130     0.3048    -1.0307 -9.990e-29
 269.739653     -1.136   0.529275    17.2280    -1.8149     -1.127     0.3039    -1.0296 -9.990e-29
 269.739659     -1.135   0.528015    17.2240    -1.8148     -1.126     0.3032    -1.0294 -9.990e-29
 269.739664     -1.133   0.527030    17.2172    -1.8150     -1.124     0.3027    -1.0286 -9.990e-29
 269.739670     -1.125   0.526115    17.1977    -1.8157     -1.116     0.3023    -1.0255 -9.990e-29
 269.739676     -1.116   0.525713    17.1710    -1.8162     -1.107     0.3022    -1.0208 -9.990e-29
 269.739682     -1.108   0.526398    17.1518    -1.8159     -1.099     0.3028    -1.0170 -9.990e-29
 269.739688     -1.102   0.527974    17.1485    -1.8148     -1.093     0.3037    -1.0157 -9.990e-29
 269.739693     -1.096   0.530327    17.1561    -1.8139     -1.087     0.3051    -1.0160 -9.990e-29
 269.739699     -1.091   0.532713    17.1656    -1.8127     -1.082     0.3064    -1.0166 -9.990e-29
 269.739705     -1.087   0.533326    17.1726    -1.8114     -1.078     0.3067    -1.0176 -9.990e-29
 269.739711     -1.082   0.531876    17.1745    -1.8106     -1.073     0.3058    -1.0186 -9.990e-29
 269.739716     -1.077   0.529753    17.1701    -1.8116     -1.068     0.3046    -1.0188 -9.990e-29
 269.739722     -1.072   0.528005    17.1617    -1.8136     -1.063     0.3036    -1.0181 -9.990e-29
 269.739728     -1.066   0.527071    17.1578    -1.8153     -1.057     0.3031    -1.0178 -9.990e-29
 269.739734     -1.058   0.526813    17.1662    -1.8171     -1.049     0.3029    -1.0194 -9.990e-29
 269.739740     -1.052   0.526332    17.1857    -1.8186     -1.043     0.3025    -1.0232 -9.990e-29
 269.739745     -1.053   0.524987    17.2110    -1.8200     -1.044     0.3015    -1.0284 -9.990e-29
 269.739751     -1.056   0.523201    17.2385    -1.8212     -1.047     0.3003    -1.0342 -9.990e-29
 269.739757     -1.057   0.521917    17.2618    -1.8223     -1.048     0.2993    -1.0391 -9.990e-29
 269.739763     -1.057   0.521637    17.2690    -1.8233     -1.048     0.2991    -1.0405 -9.990e-29
 269.739769     -1.054   0.521990    17.2509    -1.8238     -1.045     0.2995    -1.0370 -9.990e-29
 269.739774     -1.049   0.522335    17.2130    -1.8237     -1.040     0.2999    -1.0300 -9.990e-29
 269.739780     -1.042   0.522578    17.1676    -1.8229     -1.033     0.3004    -1.0216 -9.990e-29
 269.739786     -1.032   0.523045    17.1221    -1.8227     -1.023     0.3010    -1.0131 -9.990e-29
 269.739792     -1.023   0.523803    17.0797    -1.8221     -1.014     0.3017    -1.0051 -9.990e-29
 269.739797     -1.018   0.524198    17.0418    -1.8215     -1.010     0.3022    -0.9981 -9.990e-29
 269.739803     -1.013   0.523649    17.0086    -1.8216     -1.005     0.3021    -0.9924 -9.990e-29
 269.739809     -1.003   0.522531    16.9804    -1.8227     -0.995     0.3017    -0.9878 -9.990e-29
 269.739815     -0.988   0.521568    16.9586    -1.8243     -0.980     0.3013    -0.9843 -9.990e-29
 269.739821     -0.971   0.521139    16.9467    -1.8253     -0.963     0.3011    -0.9824 -9.990e-29
 269.739826     -0.960   0.521225    16.9469    -1.8264     -0.952     0.3011    -0.9824 -9.990e-29
 269.739832     -0.958   0.521387    16.9555    -1.8276     -0.950     0.3012    -0.9838 -9.990e-29
 269.739838     -0.960   0.520732    16.9665    -1.8280     -0.952     0.3007    -0.9861 -9.990e-29
 269.739844     -0.958   0.518939    16.9775    -1.8271     -0.950     0.2996    -0.9889 -9.990e-29
 269.739850     -0.948   0.516944    16.9837    -1.8259     -0.940     0.2983    -0.9909 -9.990e-29
 269.739855     -0.934   0.515963    16.9772    -1.8247     -0.926     0.2978    -0.9902 -9.990e-29
 269.739861     -0.923   0.516352    16.9551    -1.8237     -0.915     0.2982    -0.9861 -9.990e-29
 269.739867     -0.914   0.517519    16.9244    -1.8241     -0.906     0.2991    -0.9800 -9.990e-29
 269.739873     -0.906   0.518803    16.8935    -1.8252     -0.898     0.3001    -0.9739 -9.990e-29
 269.739878     -0.905   0.519699    16.8662    -1.8263     -0.897     0.3008    -0.9686 -9.990e-29
 269.739884     -0.900   0.519739    16.8463    -1.8272     -0.892     0.3010    -0.9651 -9.990e-29
 269.739890     -0.888   0.518976    16.8413    -1.8278     -0.881     0.3006    -0.9645 -9.990e-29
 269.739896     -0.877   0.518055    16.8541    -1.8281     -0.870     0.2999    -0.9672 -9.990e-29
 269.739902     -0.868   0.517408    16.8776    -1.8282     -0.861     0.2994    -0.9717 -9.990e-29
 269.739907     -0.864   0.516728    16.9019    -1.8273     -0.857     0.2988    -0.9764 -9.990e-29
 269.739913     -0.862   0.515661    16.9159    -1.8260     -0.855     0.2981    -0.9794 -9.990e-29
 269.739919     -0.862   0.514445    16.9116    -1.8248     -0.855     0.2974    -0.9792 -9.990e-29
 269.739925     -0.862   0.513677    16.8928    -1.8239     -0.855     0.2970    -0.9761 -9.990e-29
 269.739931     -0.855   0.513992    16.8691    -1.8235     -0.848     0.2974    -0.9718 -9.990e-29
 269.739936     -0.847   0.515256    16.8480    -1.8233     -0.840     0.2983    -0.9674 -9.990e-29
 269.739942     -0.840   0.516384    16.8332    -1.8242     -0.833     0.2991    -0.9643 -9.990e-29
 269.739948     -0.835   0.516662    16.8264    -1.8254     -0.828     0.2993    -0.9629 -9.990e-29
 269.739954     -0.831   0.516460    16.8306    -1.8263     -0.824     0.2991    -0.9638 -9.990e-29
 269.739959     -0.828   0.516618    16.8481    -1.8268     -0.821     0.2991    -0.9668 -9.990e-29
 269.739965     -0.826   0.517345    16.8745    -1.8263     -0.819     0.2993    -0.9712 -9.990e-29
 269.739971     -0.824   0.517948    16.9013    -1.8252     -0.817     0.2995    -0.9757 -9.990e-29
 269.739977     -0.822   0.517567    16.9218    -1.8241     -0.815     0.2991    -0.9795 -9.990e-29
 269.739983     -0.821   0.516248    16.9327    -1.8230     -0.814     0.2983    -0.9821 -9.990e-29
 269.739988     -0.819   0.515003    16.9312    -1.8220     -0.812     0.2976    -0.9824 -9.990e-29
 269.739994     -0.818   0.514941    16.9162    -1.8226     -0.811     0.2976    -0.9797 -9.990e-29
 269.740000     -0.817   0.516533    16.8945    -1.8235     -0.810     0.2987    -0.9751 -9.990e-29
 269.740006     -0.816   0.518579    16.8765    -1.8245     -0.809     0.3001    -0.9710 -9.990e-29
 269.740012     -0.814   0.519372    16.8701    -1.8252     -0.807     0.3006    -0.9695 -9.990e-29
 269.740017     -0.813   0.518860    16.8791    -1.8254     -0.806     0.3002    -0.9713 -9.990e-29
 269.740023     -0.811   0.518022    16.9000    -1.8252     -0.804     0.2996    -0.9754 -9.990e-29
 269.740029     -0.809   0.517403    16.9254    -1.8251     -0.802     0.2990    -0.9803 -9.990e-29
 269.740035     -0.806   0.516732    16.9487    -1.8253     -0.799     0.2985    -0.9847 -9.990e-29
 269.740041     -0.802   0.515668    16.9614    -1.8252     -0.795     0.2977    -0.9875 -9.990e-29
 269.740046     -0.797   0.514453    16.9572    -1.8248     -0.790     0.2970    -0.9873 -9.990e-29
 269.740052     -0.791   0.513682    16.9405    -1.8245     -0.784     0.2967    -0.9847 -9.990e-29
 269.740058     -0.784   0.513991    16.9207    -1.8244     -0.777     0.2970    -0.9810 -9.990e-29
 269.740064     -0.774   0.515236    16.9055    -1.8232     -0.768     0.2979    -0.9777 -9.990e-29
 269.740069     -0.761   0.516306    16.8984    -1.8220     -0.755     0.2986    -0.9759 -9.990e-29
 269.740075     -0.749   0.516411    16.8975    -1.8210     -0.743     0.2986    -0.9757 -9.990e-29
 269.740081     -0.741   0.515690    16.8984    -1.8199     -0.735     0.2982    -0.9762 -9.990e-29
 269.740087     -0.737   0.514843    16.8992    -1.8202     -0.731     0.2977    -0.9768 -9.990e-29
 269.740093     -0.736   0.514403    16.9026    -1.8216     -0.730     0.2974    -0.9776 -9.990e-29
 269.740098     -0.739   0.514336    16.9092    -1.8230     -0.733     0.2973    -0.9788 -9.990e-29
 269.740104     -0.746   0.514554    16.9184    -1.8237     -0.740     0.2974    -0.9803 -9.990e-29
 269.740110     -0.747   0.514791    16.9334    -1.8229     -0.741     0.2974    -0.9829 -9.990e-29
