data/oxygen options/OCNMS/OCNMS1/raw_data/2017/CAST_CE042_170726faed.cnv
* Sea-Bird SBE 19 Data File:
* FileName = C:\2017 Mooring Data\Casts\CAST_CE042_170726.hex
* Software Version SeatermAF 2.1.2
* Temperature SN = 2997
* Conductivity SN = 2997
* System UpLoad Time = Jul 26 2017 20:59:32 (localtime) = Jul 26 2017 20:59:32 (UTC)
** CAST_CE042_170726
* ds
# nquan = 9                                 
# nvalues = 1112                        
# units = specified
# name 0 = timeJ: Julian Days
# name 1 = prSM: Pressure, Strain Gauge [db]
# name 2 = c0mS/cm: Conductivity [mS/cm]
# name 3 = t090C: Temperature [ITS-90, deg C]
# name 4 = sbeox0ML/L: Oxygen, SBE 43 [ml/l]
# name 5 = depSM: Depth [salt water, m], lat = 47.5
# name 6 = sal00: Salinity, Practical [PSU]
# name 7 = sigma-é00: Density [sigma-theta, kg/m^3]
# name 8 = flag: flag
# span 0 = 207.813634, 207.820064       
# span 1 =     -4.566,     42.737       
# span 2 =   0.295059,  38.529081       
# span 3 =     7.8876,    17.3361       
# span 4 =    -1.8533,    17.4534       
# span 5 =     -4.528,     42.376       
# span 6 =     0.1676,    33.8309       
# span 7 =    -1.1286,    26.3719       
# span 8 = 0.0000e+00, 0.0000e+00       
# interval = seconds: 0.5
# start_time = Jul 26 2017 19:31:38 [Instrument's time stamp, header]
# bad_flag = -9.990e-29
*END*
[from data line 641]
 207.817344      0.934  37.908221    12.5013     8.6860      0.926    32.5275    24.5747 -9.990e-29
 207.817350      0.935  37.898284    12.4845     8.6956      0.927    32.5325    24.5818 -9.990e-29
 207.817355      0.927  37.896628    12.4745     8.7277      0.919    32.5396    24.5892 -9.990e-29
 207.817361      0.915  37.895410    12.4721     8.7198      0.907    32.5405    24.5904 -9.990e-29
 207.817367      0.905  37.888494    12.4665     8.6743      0.897    32.5388    24.5901 -9.990e-29
 207.817373      0.903  37.871666    12.4553     8.6477      0.895    32.5324    24.5873 -9.990e-29
 207.817378      0.907  37.863343    12.4499     8.6335      0.899    32.5291    24.5858 -9.990e-29
 207.817384      0.913  37.870315    12.4542     8.6231      0.905    32.5320    24.5872 -9.990e-29
 207.817390      0.918  37.883925    12.4690     8.6096      0.910    32.5322    24.5845 -9.990e-29
 207.817396      0.922  37.911088    12.4954     8.6013      0.914    32.5353    24.5819 -9.990e-29
 207.817402      0.921  37.953267    12.5240     8.6340      0.913    32.5508    24.5885 -9.990e-29
 207.817407      0.916  37.985468    12.5446     8.6700      0.908    32.5638    24.5945 -9.990e-29
 207.817413      0.909  37.992919    12.5564     8.6821      0.901    32.5607    24.5898 -9.990e-29
 207.817419      0.900  37.989450    12.5609     8.6505      0.892    32.5534    24.5834 -9.990e-29
 207.817425      0.894  37.985529    12.5571     8.6565      0.887    32.5530    24.5838 -9.990e-29
 207.817431      0.893  37.974219    12.5456     8.6722      0.886    32.5522    24.5853 -9.990e-29
 207.817436      0.899  37.944893    12.5293     8.6780      0.891    32.5383    24.5777 -9.990e-29
 207.817442      0.907  37.913301    12.5160     8.6673      0.899    32.5196    24.5658 -9.990e-29
 207.817448      0.908  37.908412    12.5103     8.6536      0.900    32.5199    24.5671 -9.990e-29
 207.817454      0.904  37.917511    12.5080     8.6418      0.896    32.5306    24.5758 -9.990e-29
 207.817459      0.902  37.920216    12.5036     8.6412      0.894    32.5370    24.5816 -9.990e-29
 207.817465      0.907  37.920102    12.4982     8.6353      0.899    32.5415    24.5862 -9.990e-29
 207.817471      0.919  37.919789    12.4955     8.6329      0.911    32.5436    24.5883 -9.990e-29
 207.817477      0.934  37.918828    12.4959     8.6471      0.926    32.5423    24.5872 -9.990e-29
 207.817483      0.944  37.917585    12.5020     8.6475      0.936    32.5358    24.5810 -9.990e-29
 207.817488      0.947  37.918851    12.5188     8.6712      0.939    32.5225    24.5675 -9.990e-29
 207.817494      0.946  37.927085    12.5350     8.6816      0.938    32.5163    24.5596 -9.990e-29
 207.817500      0.947  37.930273    12.5360     8.6605      0.939    32.5185    24.5611 -9.990e-29
 207.817506      0.943  37.920318    12.5383     8.6544      0.935    32.5070    24.5517 -9.990e-29
 207.817512      0.932  37.922005    12.5578     8.6272      0.924    32.4918    24.5362 -9.990e-29
 207.817517      0.917  37.944271    12.5817     8.6166      0.909    32.4924    24.5321 -9.990e-29
 207.817523      0.904  37.973648    12.5979     8.6128      0.896    32.5064    24.5398 -9.990e-29
 207.817529      0.899  38.001117    12.6069     8.6371      0.891    32.5248    24.5524 -9.990e-29
 207.817535      0.899  38.016794    12.6101     8.6701      0.891    32.5370    24.5612 -9.990e-29
 207.817541      0.906  38.014674    12.6025     8.6938      0.898    32.5415    24.5662 -9.990e-29
 207.817546      0.920  37.984060    12.5765     8.7016      0.912    32.5348    24.5660 -9.990e-29
 207.817552      0.938  37.932825    12.5325     8.6799      0.930    32.5240    24.5660 -9.990e-29
 207.817558      0.951  37.891753    12.4889     8.6612      0.943    32.5225    24.5732 -9.990e-29
 207.817564      0.957  37.872132    12.4740     8.6346      0.949    32.5166    24.5715 -9.990e-29
 207.817569      0.956  37.874082    12.4965     8.6146      0.948    32.4990    24.5535 -9.990e-29
 207.817575      0.948  37.894001    12.5365     8.5947      0.940    32.4834    24.5338 -9.990e-29
 207.817581      0.937  37.924252    12.5713     8.5916      0.929    32.4823    24.5262 -9.990e-29
 207.817587      0.930  37.963703    12.5952     8.6081      0.922    32.4992    24.5348 -9.990e-29
 207.817593      0.931  38.004448    12.6115     8.6376      0.923    32.5240    24.5508 -9.990e-29
 207.817598      0.941  38.030784    12.6210     8.6365      0.933    32.5409    24.5621 -9.990e-29
 207.817604      0.955  38.039717    12.6239     8.6057      0.947    32.5469    24.5662 -9.990e-29
 207.817610      0.967  38.036966    12.6227     8.6103      0.959    32.5453    24.5652 -9.990e-29
 207.817616      0.972  38.024996    12.6217     8.6470      0.964    32.5347    24.5572 -9.990e-29
 207.817622      0.971  38.013020    12.6224     8.6957      0.963    32.5227    24.5478 -9.990e-29
 207.817627      0.964  38.011919    12.6188     8.7291      0.956    32.5248    24.5501 -9.990e-29
 207.817633      0.955  38.014036    12.6028     8.7009      0.947    32.5406    24.5654 -9.990e-29
 207.817639      0.951  38.005922    12.5713     8.6745      0.943    32.5601    24.5866 -9.990e-29
 207.817645      0.956  37.977287    12.5342     8.6631      0.948    32.5649    24.5974 -9.990e-29
 207.817650      0.968  37.923523    12.5144     8.6375      0.960    32.5307    24.5747 -9.990e-29
 207.817656      0.977  37.888836    12.5186     8.6474      0.969    32.4940    24.5454 -9.990e-29
 207.817662      0.981  37.904785    12.5292     8.6764      0.973    32.5000    24.5481 -9.990e-29
 207.817668      0.979  37.929315    12.5321     8.6914      0.971    32.5209    24.5637 -9.990e-29
 207.817674      0.976  37.937979    12.5235     8.6779      0.968    32.5367    24.5776 -9.990e-29
 207.817679      0.976  37.933342    12.5064     8.6676      0.968    32.5470    24.5889 -9.990e-29
 207.817685      0.978  37.915353    12.4867     8.6588      0.970    32.5469    24.5925 -9.990e-29
 207.817691      0.987  37.895840    12.4696     8.6647      0.979    32.5431    24.5928 -9.990e-29
 207.817697      1.004  37.880113    12.4633     8.6793      0.996    32.5335    24.5866 -9.990e-29
 207.817703      1.022  37.876292    12.4716     8.6840      1.013    32.5226    24.5766 -9.990e-29
 207.817708      1.036  37.892686    12.4858     8.6521      1.027    32.5260    24.5765 -9.990e-29
 207.817714      1.049  37.913600    12.4953     8.6346      1.040    32.5378    24.5838 -9.990e-29
 207.817720      1.060  37.924329    12.5008     8.6542      1.051    32.5432    24.5870 -9.990e-29
 207.817726      1.071  37.932431    12.5100     8.6799      1.062    32.5430    24.5851 -9.990e-29
 207.817731      1.081  37.944199    12.5234     8.6746      1.072    32.5426    24.5822 -9.990e-29
 207.817737      1.097  37.956810    12.5390     8.6269      1.088    32.5412    24.5781 -9.990e-29
 207.817743      1.128  37.972488    12.5554     8.6037      1.119    32.5419    24.5755 -9.990e-29
 207.817749      1.175  37.989149    12.5669     8.6180      1.165    32.5479    24.5779 -9.990e-29
 207.817755      1.234  37.997615    12.5702     8.6999      1.224    32.5531    24.5813 -9.990e-29
 207.817760      1.303  37.994586    12.5658     8.8006      1.292    32.5539    24.5828 -9.990e-29
 207.817766      1.386  37.983836    12.5448     8.8484      1.374    32.5618    24.5930 -9.990e-29
 207.817772      1.490  37.954362    12.4790     8.8470      1.478    32.5907    24.6279 -9.990e-29
 207.817778      1.621  37.860673    12.3476     8.8319      1.607    32.6151    24.6719 0.0000e+00
 207.817784      1.783  37.690950    12.1758     8.8030      1.768    32.6015    24.6939 0.0000e+00
 207.817789      1.973  37.512877    12.0115     8.7579      1.957    32.5731    24.7026 0.0000e+00
 207.817795      2.186  37.387461    11.8830     8.7119      2.168    32.5639    24.7194 0.0000e+00
 207.817801      2.419  37.319341    11.7972     8.6500      2.399    32.5729    24.7422 0.0000e+00
 207.817807      2.673  37.287626    11.7431     8.5391      2.651    32.5894    24.7650 0.0000e+00
 207.817813      2.953  37.263418    11.7012     8.3150      2.928    32.6025    24.7829 0.0000e+00
 207.817818      3.253  37.228956    11.6612     8.0252      3.226    32.6040    24.7914 0.0000e+00
 207.817824      3.569  37.191453    11.6206     7.7437      3.539    32.6030    24.7980 0.0000e+00
 207.817830      3.894  37.158366    11.5770     7.5040      3.861    32.6089    24.8106 0.0000e+00
 207.817836      4.227  37.125869    11.5258     7.3621      4.192    32.6221    24.8302 0.0000e+00
 207.817841      4.572  37.087882    11.4650     7.2648      4.534    32.6384    24.8539 0.0000e+00
 207.817847      4.927  37.043470    11.4031     7.1603      4.886    32.6494    24.8737 0.0000e+00
 207.817853      5.278  36.999192    11.3517     7.0424      5.234    32.6513    24.8844 0.0000e+00
 207.817859      5.623  36.961419    11.3102     6.8618      5.576    32.6508    24.8915 0.0000e+00
 207.817865      5.966  36.928400    11.2664     6.6273      5.916    32.6570    24.9041 0.0000e+00
 207.817870      6.312  36.891284    11.2116     6.3314      6.259    32.6689    24.9232 0.0000e+00
 207.817876      6.662  36.847519    11.1445     5.9997      6.606    32.6851    24.9478 0.0000e+00
 207.817882      7.013  36.794648    11.0631     5.6691      6.954    32.7051    24.9779 0.0000e+00
 207.817888      7.364  36.725907    10.9552     5.3352      7.302    32.7331    25.0187 0.0000e+00
 207.817894      7.718  36.626251    10.8126     5.0859      7.653    32.7614    25.0658 0.0000e+00
 207.817899      8.071  36.495406    10.6517     4.9034      8.003    32.7751    25.1045 0.0000e+00
 207.817905      8.419  36.362617    10.4931     4.7985      8.349    32.7847    25.1393 0.0000e+00
 207.817911      8.755  36.235491    10.3355     4.7230      8.682    32.7990    25.1773 0.0000e+00
 207.817917      9.075  36.098381    10.1639     4.6605      8.999    32.8158    25.2195 0.0000e+00
 207.817922      9.385  35.970476     9.9902     4.6040      9.306    32.8438    25.2704 0.0000e+00
 207.817928      9.693  35.886600     9.8526     4.5464      9.612    32.8837    25.3244 0.0000e+00
 207.817934     10.011  35.829979     9.7583     4.5058      9.927    32.9119    25.3620 0.0000e+00
 207.817940     10.353  35.778183     9.6845     4.4510     10.266    32.9264    25.3854 0.0000e+00
 207.817946     10.720  35.735939     9.6165     4.4351     10.630    32.9453    25.4113 0.0000e+00
 207.817951     11.097  35.700566     9.5520     4.4142     11.004    32.9681    25.4396 0.0000e+00
 207.817957     11.469  35.667347     9.4994     4.3777     11.373    32.9822    25.4591 0.0000e+00
 207.817963     11.830  35.640034     9.4704     4.3576     11.731    32.9807    25.4626 0.0000e+00
 207.817969     12.178  35.622418     9.4504     4.3416     12.076    32.9808    25.4659 0.0000e+00
 207.817975     12.513  35.607145     9.4144     4.3222     12.408    32.9981    25.4853 0.0000e+00
 207.817980     12.839  35.589431     9.3669     4.2612     12.731    33.0236    25.5128 0.0000e+00
 207.817986     13.159  35.572999     9.3256     4.1791     13.049    33.0446    25.5359 0.0000e+00
 207.817992     13.474  35.561035     9.2968     4.0652     13.361    33.0588    25.5515 0.0000e+00
 207.817998     13.781  35.553163     9.2761     3.9407     13.666    33.0697    25.5634 0.0000e+00
 207.818003     14.087  35.545505     9.2523     3.8422     13.969    33.0837    25.5781 0.0000e+00
 207.818009     14.398  35.532795     9.2138     3.7474     14.277    33.1061    25.6018 0.0000e+00
 207.818015     14.714  35.510310     9.1574     3.6851     14.591    33.1350    25.6334 0.0000e+00
 207.818021     15.028  35.478768     9.0938     3.5860     14.902    33.1613    25.6640 0.0000e+00
 207.818027     15.339  35.446961     9.0354     3.4921     15.210    33.1826    25.6898 0.0000e+00
 207.818032     15.653  35.421088     8.9822     3.4125     15.522    33.2052    25.7159 0.0000e+00
 207.818038     15.983  35.396780     8.9296     3.3301     15.849    33.2289    25.7427 0.0000e+00
 207.818044     16.332  35.368960     8.8764     3.2545     16.195    33.2495    25.7671 0.0000e+00
 207.818050     16.693  35.336267     8.8216     3.1608     16.553    33.2665    25.7890 0.0000e+00
 207.818056     17.053  35.298677     8.7661     3.0613     16.910    33.2791    25.8075 0.0000e+00
 207.818061     17.406  35.260277     8.7141     2.9761     17.260    33.2876    25.8221 0.0000e+00
 207.818067     17.754  35.227429     8.6582     2.9295     17.605    33.3056    25.8448 0.0000e+00
 207.818073     18.100  35.193745     8.5779     2.9154     17.948    33.3458    25.8886 0.0000e+00
 207.818079     18.450  35.141089     8.4774     2.9302     18.295    33.3852    25.9348 0.0000e+00
 207.818084     18.805  35.079211     8.3945     2.9393     18.647    33.3982    25.9575 0.0000e+00
 207.818090     19.158  35.039148     8.3497     2.9422     18.997    33.3981    25.9643 0.0000e+00
 207.818096     19.496  35.022794     8.3314     2.9549     19.332    33.3980    25.9669 0.0000e+00
 207.818102     19.819  35.016077     8.3225     2.9613     19.653    33.3992    25.9692 0.0000e+00
 207.818108     20.144  35.013303     8.3145     2.9635     19.975    33.4037    25.9739 0.0000e+00
 207.818113     20.479  35.011804     8.3080     2.9598     20.307    33.4082    25.9784 0.0000e+00
 207.818119     20.819  35.010611     8.3050     2.9625     20.644    33.4096    25.9800 0.0000e+00
 207.818125     21.161  35.010280     8.3061     2.9615     20.983    33.4080    25.9786 0.0000e+00
 207.818131     21.499  35.012517     8.3082     2.9569     21.318    33.4083    25.9785 0.0000e+00
 207.818137     21.835  35.014617     8.3067     2.9626     21.652    33.4118    25.9814 0.0000e+00
 207.818142     22.172  35.013130     8.3033     2.9655     21.986    33.4132    25.9831 0.0000e+00
 207.818148     22.512  35.011025     8.3015     2.9481     22.323    33.4126    25.9829 0.0000e+00
 207.818154     22.848  35.010443     8.3017     2.9102     22.656    33.4116    25.9821 0.0000e+00
 207.818160     23.182  35.011077     8.3021     2.8530     22.987    33.4117    25.9821 0.0000e+00
 207.818166     23.518  35.012561     8.2997     2.7752     23.320    33.4154    25.9854 0.0000e+00
 207.818171     23.864  35.012305     8.2921     2.6884     23.663    33.4222    25.9919 0.0000e+00
 207.818177     24.224  35.009319     8.2774     2.5956     24.020    33.4329    26.0024 0.0000e+00
 207.818183     24.588  35.004012     8.2508     2.5443     24.381    33.4524    26.0217 0.0000e+00
 207.818189     24.941  34.993693     8.2094     2.5182     24.731    33.4807    26.0501 0.0000e+00
 207.818194     25.274  34.976267     8.1589     2.4945     25.062    33.5103    26.0808 0.0000e+00
 207.818200     25.588  34.959196     8.1104     2.4729     25.373    33.5383    26.1100 0.0000e+00
 207.818206     25.884  34.952652     8.0731     2.4360     25.666    33.5669    26.1380 0.0000e+00
 207.818212     26.171  34.954529     8.0467     2.4010     25.951    33.5941    26.1633 0.0000e+00
 207.818218     26.456  34.957154     8.0265     2.3600     26.234    33.6162    26.1836 0.0000e+00
 207.818223     26.749  34.957775     8.0108     2.3199     26.524    33.6318    26.1982 0.0000e+00
 207.818229     27.065  34.958246     7.9983     2.2911     26.837    33.6442    26.2097 0.0000e+00
 207.818235     27.416  34.960224     7.9879     2.2594     27.185    33.6561    26.2206 0.0000e+00
 207.818241     27.793  34.962895     7.9781     2.2443     27.559    33.6683    26.2316 0.0000e+00
 207.818247     28.178  34.965809     7.9676     2.2600     27.941    33.6813    26.2434 0.0000e+00
 207.818252     28.557  34.968840     7.9579     2.2653     28.317    33.6937    26.2546 0.0000e+00
 207.818258     28.919  34.972018     7.9527     2.2579     28.676    33.7020    26.2618 0.0000e+00
