data/oxygen options/OCNMS/OCNMS1/raw_data/2017/CAST_CE042_170926faed.cnv
* Sea-Bird SBE 19 Data File:
* FileName = C:\2017 Mooring Data\Casts\CAST_CE042_170926.hex
* Software Version SeatermAF 2.1.2
* Temperature SN = 2997
* Conductivity SN = 2997
* System UpLoad Time = Sep 26 2017 17:12:36 (localtime) = Sep 26 2017 17:12:36 (UTC)
** CAST_CE042_170926
* ds
# nquan = 9                                 
# nvalues = 1247                        
# units = specified
# name 0 = timeJ: Julian Days
# name 1 = prSM: Pressure, Strain Gauge [db]
# name 2 = c0mS/cm: Conductivity [mS/cm]
# name 3 = t090C: Temperature [ITS-90, deg C]
# name 4 = sbeox0ML/L: Oxygen, SBE 43 [ml/l]
# name 5 = depSM: Depth [salt water, m], lat = 47.5
# name 6 = sal00: Salinity, Practical [PSU]
# name 7 = sigma-é00: Density [sigma-theta, kg/m^3]
# name 8 = flag: flag
# span 0 = 269.684456, 269.691667       
# span 1 =     -5.083,     46.798       
# span 2 =   0.007670,  38.634921       
# span 3 =     8.2993,    15.0789       
# span 4 =    -1.9086,    13.2011       
# span 5 =     -5.041,     46.402       
# span 6 =     0.0103,    33.6477       
# span 7 =    -0.9017,    26.1667       
# span 8 = 0.0000e+00, 0.0000e+00       
# interval = seconds: 0.5
# start_time = Sep 26 2017 16:25:37 [Instrument's time stamp, header]
# bad_flag = -9.990e-29
*END*
[from data line 801]
 269.689091      1.139  37.584523    14.3467     6.4560      1.129    30.6967    22.7933 -9.990e-29
 269.689097      1.215  37.586347    14.3421     6.4712      1.205    30.7019    22.7984 -9.990e-29
 269.689103      1.300  37.589593    14.3335     6.4802      1.289    30.7117    22.8076 -9.990e-29
 269.689109      1.401  37.594560    14.3225     6.5019      1.389    30.7249    22.8201 -9.990e-29
 269.689115      1.518  37.599923    14.3133     6.5628      1.505    30.7370    22.8313 -9.990e-29
 269.689120      1.646  37.605444    14.3064     6.6119      1.632    30.7475    22.8408 0.0000e+00
 269.689126      1.782  37.613333    14.2979     6.6222      1.767    30.7614    22.8533 0.0000e+00
 269.689132      1.928  37.628956    14.2859     6.6157      1.912    30.7851    22.8740 0.0000e+00
 269.689138      2.091  37.659599    14.2721     6.6049      2.074    30.8239    22.9068 0.0000e+00
 269.689144      2.267  37.716895    14.2607     6.6003      2.248    30.8851    22.9563 0.0000e+00
 269.689149      2.447  37.792595    14.2556     6.6006      2.427    30.9581    23.0136 0.0000e+00
 269.689155      2.616  37.849799    14.2562     6.5976      2.594    31.0097    23.0533 0.0000e+00
 269.689161      2.768  37.868931    14.2590     6.6047      2.745    31.0248    23.0644 0.0000e+00
 269.689167      2.908  37.870349    14.2616     6.6006      2.884    31.0239    23.0632 0.0000e+00
 269.689172      3.040  37.872069    14.2637     6.5894      3.015    31.0238    23.0626 0.0000e+00
 269.689178      3.166  37.871794    14.2663     6.5807      3.140    31.0214    23.0603 -9.990e-29
 269.689184      3.288  37.885283    14.2692     6.5915      3.261    31.0313    23.0673 -9.990e-29
 269.689190      3.413  37.904657    14.2711     6.6286      3.384    31.0474    23.0793 0.0000e+00
 269.689196      3.547  37.897972    14.2716     6.6444      3.517    31.0408    23.0742 0.0000e+00
 269.689201      3.689  37.876920    14.2718     6.6595      3.658    31.0215    23.0592 0.0000e+00
 269.689207      3.842  37.868185    14.2720     6.6649      3.810    31.0133    23.0529 0.0000e+00
 269.689213      4.019  37.879605    14.2736     6.6650      3.985    31.0223    23.0595 0.0000e+00
 269.689219      4.220  37.910618    14.2776     6.6785      4.185    31.0473    23.0780 0.0000e+00
 269.689225      4.441  37.949837    14.2827     6.6628      4.404    31.0789    23.1012 0.0000e+00
 269.689230      4.680  37.978901    14.2872     6.6486      4.641    31.1016    23.1179 0.0000e+00
 269.689236      4.931  37.995018    14.2912     6.6384      4.890    31.1130    23.1258 0.0000e+00
 269.689242      5.183  38.005010    14.2952     6.6400      5.140    31.1188    23.1295 0.0000e+00
 269.689248      5.431  38.012010    14.2997     6.6471      5.386    31.1214    23.1306 0.0000e+00
 269.689253      5.678  38.019640    14.3060     6.6473      5.631    31.1232    23.1307 0.0000e+00
 269.689259      5.927  38.033483    14.3152     6.6242      5.877    31.1283    23.1328 0.0000e+00
 269.689265      6.177  38.057889    14.3268     6.5738      6.125    31.1411    23.1402 0.0000e+00
 269.689271      6.426  38.086095    14.3380     6.5043      6.372    31.1577    23.1507 0.0000e+00
 269.689277      6.674  38.106887    14.3466     6.4386      6.618    31.1696    23.1581 0.0000e+00
 269.689282      6.922  38.121003    14.3524     6.3860      6.864    31.1777    23.1632 0.0000e+00
 269.689288      7.179  38.135397    14.3535     6.3264      7.119    31.1898    23.1723 0.0000e+00
 269.689294      7.443  38.148994    14.3462     6.2571      7.381    31.2080    23.1878 0.0000e+00
 269.689300      7.706  38.152936    14.3327     6.2314      7.642    31.2224    23.2017 0.0000e+00
 269.689306      7.967  38.146207    14.3162     6.2692      7.900    31.2295    23.2106 0.0000e+00
 269.689311      8.234  38.138757    14.2970     6.3797      8.165    31.2381    23.2212 0.0000e+00
 269.689317      8.511  38.133415    14.2743     6.5339      8.440    31.2514    23.2362 0.0000e+00
 269.689323      8.799  38.122942    14.2496     6.6580      8.725    31.2618    23.2492 0.0000e+00
 269.689329      9.094  38.114534    14.2325     6.7544      9.018    31.2678    23.2574 0.0000e+00
 269.689334      9.395  38.128218    14.2296     6.8303      9.316    31.2825    23.2694 0.0000e+00
 269.689340      9.703  38.170921    14.2364     6.8567      9.622    31.3159    23.2937 0.0000e+00
 269.689346     10.016  38.234373    14.2501     6.8639      9.932    31.3626    23.3269 0.0000e+00
 269.689352     10.329  38.306276    14.2682     6.8541     10.243    31.4134    23.3624 0.0000e+00
 269.689358     10.635  38.376345    14.2833     6.8506     10.546    31.4650    23.3990 0.0000e+00
 269.689363     10.928  38.434170    14.2918     6.8591     10.837    31.5107    23.4326 0.0000e+00
 269.689369     11.207  38.474147    14.2961     6.8394     11.113    31.5436    23.4570 0.0000e+00
 269.689375     11.474  38.503504    14.2962     6.8135     11.378    31.5702    23.4776 0.0000e+00
 269.689381     11.740  38.532105    14.2867     6.7789     11.642    31.6040    23.5056 0.0000e+00
 269.689387     12.012  38.568246    14.2659     6.7428     11.911    31.6539    23.5484 0.0000e+00
 269.689392     12.294  38.606198    14.2398     6.6996     12.191    31.7099    23.5970 0.0000e+00
 269.689398     12.588  38.628084    14.2100     6.5753     12.483    31.7543    23.6374 0.0000e+00
 269.689404     12.900  38.634921    14.1636     6.3672     12.792    31.7986    23.6812 0.0000e+00
 269.689410     13.231  38.629499    14.0806     6.1088     13.120    31.8621    23.7472 0.0000e+00
 269.689416     13.570  38.601063    13.9658     5.8599     13.456    31.9309    23.8238 0.0000e+00
 269.689421     13.898  38.550727    13.8475     5.6697     13.782    31.9827    23.8880 0.0000e+00
 269.689427     14.207  38.491834    13.7315     5.5496     14.088    32.0249    23.9441 0.0000e+00
 269.689433     14.499  38.425192    13.6059     5.4816     14.377    32.0681    24.0028 0.0000e+00
 269.689439     14.785  38.342395    13.4780     5.4122     14.661    32.0983    24.0518 0.0000e+00
 269.689444     15.073  38.256621    13.3692     5.2584     14.947    32.1097    24.0823 0.0000e+00
 269.689450     15.370  38.194989    13.2903     4.9773     15.241    32.1185    24.1048 0.0000e+00
 269.689456     15.673  38.160812    13.2326     4.6372     15.542    32.1351    24.1291 0.0000e+00
 269.689462     15.983  38.136896    13.1788     4.3369     15.849    32.1581    24.1574 0.0000e+00
 269.689468     16.313  38.110221    13.1159     4.1275     16.176    32.1862    24.1916 0.0000e+00
 269.689473     16.666  38.074168    13.0405     4.0219     16.526    32.2161    24.2295 0.0000e+00
 269.689479     17.034  38.022496    12.9525     3.9754     16.891    32.2421    24.2669 0.0000e+00
 269.689485     17.406  37.953332    12.8455     3.9570     17.260    32.2678    24.3076 0.0000e+00
 269.689491     17.773  37.876751    12.7225     3.9616     17.624    32.3002    24.3566 0.0000e+00
 269.689497     18.123  37.807497    12.6089     3.9882     17.971    32.3317    24.4028 0.0000e+00
 269.689502     18.448  37.753279    12.5244     4.0111     18.293    32.3525    24.4351 0.0000e+00
 269.689508     18.747  37.714971    12.4690     4.0157     18.590    32.3635    24.4542 0.0000e+00
 269.689514     19.024  37.686111    12.4371     4.0162     18.864    32.3633    24.4601 0.0000e+00
 269.689520     19.281  37.663881    12.4241     4.0283     19.119    32.3532    24.4548 0.0000e+00
 269.689525     19.528  37.654309    12.4175     4.0693     19.364    32.3496    24.4533 0.0000e+00
 269.689531     19.771  37.645590    12.3819     4.1024     19.605    32.3718    24.4773 0.0000e+00
 269.689537     20.021  37.616420    12.2953     4.0951     19.853    32.4186    24.5299 0.0000e+00
 269.689543     20.290  37.572546    12.1851     4.0543     20.120    32.4719    24.5920 0.0000e+00
 269.689549     20.582  37.528658    12.0764     3.9575     20.409    32.5240    24.6529 0.0000e+00
 269.689554     20.891  37.474215    11.9792     3.8093     20.716    32.5561    24.6959 0.0000e+00
 269.689560     21.201  37.409236    11.9094     3.6485     21.023    32.5540    24.7073 0.0000e+00
 269.689566     21.506  37.354966    11.8529     3.5215     21.325    32.5507    24.7152 0.0000e+00
 269.689572     21.814  37.311656    11.7582     3.4323     21.631    32.5915    24.7643 0.0000e+00
 269.689578     22.134  37.253867    11.5895     3.3890     21.948    32.6835    24.8667 0.0000e+00
 269.689583     22.475  37.154779    11.3773     3.3814     22.286    32.7741    24.9756 0.0000e+00
 269.689589     22.837  37.039998    11.1936     3.4090     22.645    32.8244    25.0478 0.0000e+00
 269.689595     23.213  36.959531    11.0743     3.4415     23.018    32.8513    25.0900 0.0000e+00
 269.689601     23.588  36.913945    11.0085     3.4529     23.390    32.8649    25.1122 0.0000e+00
 269.689606     23.943  36.884259    10.9869     3.4012     23.742    32.8546    25.1081 0.0000e+00
 269.689612     24.267  36.874385    11.0084     3.2770     24.063    32.8255    25.0816 0.0000e+00
 269.689618     24.558  36.888910    11.0533     3.1525     24.352    32.7996    25.0535 0.0000e+00
 269.689624     24.823  36.907290    11.0913     3.0303     24.614    32.7838    25.0344 0.0000e+00
 269.689630     25.074  36.908533    11.0944     2.9277     24.863    32.7821    25.0326 0.0000e+00
 269.689635     25.323  36.883513    11.0275     2.8370     25.110    32.8170    25.0716 0.0000e+00
 269.689641     25.577  36.827279    10.8938     2.7726     25.362    32.8809    25.1449 0.0000e+00
 269.689647     25.843  36.751485    10.7450     2.7430     25.626    32.9391    25.2163 0.0000e+00
 269.689653     26.126  36.667440    10.5898     2.7133     25.906    32.9951    25.2870 0.0000e+00
 269.689659     26.426  36.566476    10.4242     2.6669     26.204    33.0439    25.3535 0.0000e+00
 269.689664     26.741  36.463277    10.2908     2.5909     26.516    33.0612    25.3897 0.0000e+00
 269.689670     27.066  36.394738    10.2093     2.5236     26.838    33.0661    25.4074 0.0000e+00
 269.689676     27.396  36.359982    10.1587     2.4657     27.166    33.0770    25.4245 0.0000e+00
 269.689682     27.725  36.336006    10.1229     2.3961     27.492    33.0853    25.4370 0.0000e+00
 269.689687     28.049  36.313068    10.0951     2.3435     27.813    33.0874    25.4433 0.0000e+00
 269.689693     28.362  36.287859    10.0593     2.2957     28.123    33.0944    25.4548 0.0000e+00
 269.689699     28.669  36.256840     9.9976     2.2755     28.428    33.1193    25.4846 0.0000e+00
 269.689705     28.979  36.214886     9.9139     2.2825     28.735    33.1533    25.5251 0.0000e+00
 269.689711     29.299  36.164124     9.8278     2.2808     29.052    33.1807    25.5607 0.0000e+00
 269.689716     29.629  36.113966     9.7492     2.2861     29.380    33.2017    25.5902 0.0000e+00
 269.689722     29.963  36.063988     9.6712     2.2798     29.711    33.2225    25.6192 0.0000e+00
 269.689728     30.298  36.008405     9.5939     2.2962     30.043    33.2369    25.6431 0.0000e+00
 269.689734     30.620  35.955235     9.5383     2.3245     30.362    33.2336    25.6496 0.0000e+00
 269.689740     30.911  35.922989     9.5242     2.3163     30.651    33.2134    25.6361 0.0000e+00
 269.689745     31.164  35.921128     9.5511     2.3027     30.902    33.1865    25.6107 0.0000e+00
 269.689751     31.387  35.938612     9.5888     2.2750     31.123    33.1695    25.5913 0.0000e+00
 269.689757     31.597  35.952696     9.5963     2.2414     31.331    33.1769    25.5958 0.0000e+00
 269.689763     31.818  35.945627     9.5645     2.2092     31.550    33.1989    25.6183 0.0000e+00
 269.689769     32.067  35.917359     9.5112     2.1542     31.797    33.2191    25.6427 0.0000e+00
 269.689774     32.348  35.884917     9.4555     2.1047     32.076    33.2373    25.6659 0.0000e+00
 269.689780     32.647  35.857509     9.4066     2.0796     32.372    33.2543    25.6871 0.0000e+00
 269.689786     32.959  35.833137     9.3602     2.0668     32.681    33.2722    25.7086 0.0000e+00
 269.689792     33.286  35.807136     9.3048     2.0524     33.006    33.2968    25.7367 0.0000e+00
 269.689797     33.627  35.769870     9.2272     2.0362     33.344    33.3304    25.7755 0.0000e+00
 269.689803     33.983  35.710124     9.1291     2.0143     33.697    33.3601    25.8143 0.0000e+00
 269.689809     34.351  35.637645     9.0382     1.9919     34.061    33.3697    25.8362 0.0000e+00
 269.689815     34.715  35.581590     8.9752     1.9537     34.422    33.3703    25.8466 0.0000e+00
 269.689821     35.065  35.548222     8.9370     1.8763     34.769    33.3712    25.8533 0.0000e+00
 269.689826     35.402  35.525909     8.9102     1.7941     35.104    33.3729    25.8588 0.0000e+00
 269.689832     35.729  35.506016     8.8813     1.7088     35.428    33.3792    25.8682 0.0000e+00
 269.689838     36.050  35.484815     8.8438     1.6598     35.746    33.3922    25.8842 0.0000e+00
 269.689844     36.365  35.462995     8.7978     1.6405     36.058    33.4125    25.9073 0.0000e+00
 269.689850     36.667  35.439859     8.7476     1.5841     36.358    33.4355    25.9331 0.0000e+00
 269.689855     36.955  35.416313     8.7051     1.5149     36.643    33.4508    25.9517 0.0000e+00
 269.689861     37.229  35.397753     8.6888     1.4227     36.915    33.4466    25.9509 0.0000e+00
 269.689867     37.491  35.393980     8.6980     1.3345     37.175    33.4339    25.9395 0.0000e+00
 269.689873     37.743  35.402045     8.6945     1.2421     37.425    33.4455    25.9492 0.0000e+00
 269.689878     37.998  35.393923     8.6377     1.1702     37.677    33.4906    25.9933 0.0000e+00
 269.689884     38.267  35.356406     8.5401     1.1170     37.944    33.5436    26.0498 0.0000e+00
 269.689890     38.550  35.310420     8.4486     1.1050     38.225    33.5820    26.0938 0.0000e+00
 269.689896     38.840  35.275105     8.3846     1.1073     38.512    33.6056    26.1220 0.0000e+00
 269.689902     39.138  35.254145     8.3433     1.1199     38.808    33.6227    26.1416 0.0000e+00
 269.689907     39.450  35.244059     8.3196     1.1263     39.117    33.6345    26.1545 0.0000e+00
 269.689913     39.770  35.240197     8.3093     1.1495     39.434    33.6401    26.1604 0.0000e+00
 269.689919     40.081  35.240054     8.3083     1.1830     39.743    33.6408    26.1611 0.0000e+00
 269.689925     40.358  35.242727     8.3175     1.2145     40.017    33.6347    26.1550 0.0000e+00
 269.689931     40.586  35.250509     8.3385     1.2392     40.243    33.6227    26.1424 0.0000e+00
 269.689936     40.762  35.262432     8.3632     1.2373     40.418    33.6117    26.1300 0.0000e+00
 269.689942     40.897  35.271294     8.3805     1.2351     40.552    33.6045    26.1218 -9.990e-29
 269.689948     41.008  35.274773     8.3889     1.2231     40.662    33.6001    26.1171 -9.990e-29
 269.689954     41.106  35.277925     8.3926     1.2113     40.759    33.5999    26.1163 -9.990e-29
 269.689959     41.202  35.282569     8.3925     1.2015     40.854    33.6048    26.1202 -9.990e-29
 269.689965     41.311  35.282994     8.3837     1.1893     40.962    33.6136    26.1285 -9.990e-29
 269.689971     41.440  35.273465     8.3646     1.1894     41.090    33.6217    26.1377 0.0000e+00
 269.689977     41.583  35.260161     8.3462     1.1831     41.232    33.6252    26.1432 0.0000e+00
 269.689983     41.733  35.256545     8.3378     1.1749     41.381    33.6293    26.1477 0.0000e+00
 269.689988     41.886  35.262122     8.3370     1.1562     41.532    33.6359    26.1530 0.0000e+00
 269.689994     42.049  35.266821     8.3381     1.1335     41.694    33.6397    26.1558 0.0000e+00
 269.690000     42.231  35.266122     8.3348     1.1395     41.874    33.6421    26.1582 0.0000e+00
 269.690006     42.435  35.258388     8.3238     1.1457     42.077    33.6443    26.1616 0.0000e+00
