data/oxygen options/OCNMS/OCNMS1/raw_data/2017/CAST_CA015_170627faed.cnv
* Sea-Bird SBE19 Data File:
* FileName = C:\2017 Mooring Data\Casts\CAST_CA015_170627.hex
* Software Version 1.59
* Temperature SN = 2997
* Conductivity SN = 2997
* System UpLoad Time = Jun 27 2017 22:28:20
** CAST_CA015_170627
* ds
# nquan = 9                                 
# nvalues = 1653                        
# units = specified
# name 0 = timeJ: Julian Days
# name 1 = prSM: Pressure, Strain Gauge [db]
# name 2 = c0mS/cm: Conductivity [mS/cm]
# name 3 = t090C: Temperature [ITS-90, deg C]
# name 4 = sbeox0ML/L: Oxygen, SBE 43 [ml/l]
# name 5 = depSM: Depth [salt water, m], lat = 47.5
# name 6 = sal00: Salinity, Practical [PSU]
# name 7 = sigma-é00: Density [sigma-theta, kg/m^3]
# name 8 = flag: flag
# span 0 = 178.907049, 178.916609       
# span 1 =     -5.633,     14.927       
# span 2 =   0.328294,  37.771511       
# span 3 =     9.8890,    15.6863       
# span 4 =   -13.1302,    13.7040       
# span 5 =     -5.586,     14.802       
# span 6 =     0.1967,    33.4072       
# span 7 =    -0.8157,    25.4922       
# span 8 = 0.0000e+00, 0.0000e+00       
# interval = seconds: 0.5
# start_time = Jun 27 2017 21:46:09 [Instrument's time stamp, header]
# bad_flag = -9.990e-29
*END*
[from data line 1441]
 178.915388      1.505  37.083140    11.3771     5.7193      1.492    32.7128    24.9276 -9.990e-29
 178.915394      1.486  37.100846    11.3819     5.6586      1.474    32.7260    24.9369 -9.990e-29
 178.915399      1.476  37.117625    11.3789     5.6364      1.464    32.7451    24.9523 -9.990e-29
 178.915405      1.488  37.121122    11.3701     5.6337      1.476    32.7563    24.9627 -9.990e-29
 178.915411      1.522  37.103307    11.3529     5.6573      1.509    32.7541    24.9640 -9.990e-29
 178.915417      1.563  37.072348    11.3266     5.6896      1.550    32.7470    24.9632 -9.990e-29
 178.915422      1.594  37.036971    11.3053     5.7265      1.581    32.7311    24.9547 -9.990e-29
 178.915428      1.606  37.012123    11.3050     5.7590      1.593    32.7069    24.9360 -9.990e-29
 178.915434      1.601  37.015221    11.3202     5.7973      1.588    32.6965    24.9251 -9.990e-29
 178.915440      1.588  37.038049    11.3353     5.8120      1.575    32.7056    24.9295 -9.990e-29
 178.915446      1.577  37.063426    11.3440     5.8169      1.564    32.7228    24.9413 -9.990e-29
 178.915451      1.569  37.078132    11.3510     5.8276      1.556    32.7310    24.9464 -9.990e-29
 178.915457      1.558  37.080478    11.3641     5.8348      1.545    32.7217    24.9368 -9.990e-29
 178.915463      1.544  37.087008    11.3783     5.8357      1.531    32.7155    24.9295 -9.990e-29
 178.915469      1.531  37.100250    11.3861     5.8103      1.518    32.7216    24.9328 -9.990e-29
 178.915475      1.525  37.110402    11.3893     5.7766      1.512    32.7288    24.9378 -9.990e-29
 178.915480      1.528  37.113062    11.3908     5.7478      1.515    32.7300    24.9385 -9.990e-29
 178.915486      1.529  37.112876    11.3911     5.7445      1.516    32.7296    24.9381 -9.990e-29
 178.915492      1.530  37.115171    11.3877     5.7315      1.517    32.7349    24.9428 -9.990e-29
 178.915498      1.539  37.113465    11.3779     5.7510      1.526    32.7419    24.9500 -9.990e-29
 178.915503      1.556  37.101543    11.3639     5.7604      1.543    32.7426    24.9531 -9.990e-29
 178.915509      1.574  37.080848    11.3532     5.7703      1.561    32.7317    24.9466 -9.990e-29
 178.915515      1.587  37.065200    11.3509     5.7769      1.574    32.7184    24.9366 -9.990e-29
 178.915521      1.589  37.067310    11.3542     5.7638      1.576    32.7175    24.9354 -9.990e-29
 178.915527      1.586  37.077645    11.3578     5.7838      1.573    32.7245    24.9401 -9.990e-29
 178.915532      1.585  37.085884    11.3607     5.7921      1.572    32.7300    24.9439 -9.990e-29
 178.915538      1.592  37.091232    11.3651     5.8095      1.579    32.7314    24.9442 -9.990e-29
 178.915544      1.603  37.092401    11.3701     5.8024      1.590    32.7281    24.9407 -9.990e-29
 178.915550      1.608  37.093167    11.3740     5.7982      1.595    32.7254    24.9379 -9.990e-29
 178.915556      1.601  37.097889    11.3794     5.8029      1.588    32.7252    24.9368 -9.990e-29
 178.915561      1.581  37.104440    11.3877     5.7924      1.568    32.7243    24.9346 -9.990e-29
 178.915567      1.559  37.112015    11.3958     5.7988      1.546    32.7246    24.9333 -9.990e-29
 178.915573      1.547  37.121172    11.3996     5.7899      1.534    32.7302    24.9370 -9.990e-29
 178.915579      1.549  37.122824    11.3976     5.7869      1.536    32.7336    24.9400 -9.990e-29
 178.915584      1.559  37.112994    11.3949     5.7807      1.546    32.7263    24.9349 -9.990e-29
 178.915590      1.571  37.107111    11.3958     5.7701      1.558    32.7198    24.9296 -9.990e-29
 178.915596      1.581  37.110747    11.3959     5.7647      1.568    32.7232    24.9323 -9.990e-29
 178.915602      1.589  37.114170    11.3892     5.7646      1.576    32.7325    24.9407 -9.990e-29
 178.915608      1.596  37.112961    11.3793     5.7693      1.583    32.7401    24.9484 -9.990e-29
 178.915613      1.602  37.107167    11.3742     5.7668      1.589    32.7389    24.9484 -9.990e-29
 178.915619      1.608  37.100799    11.3718     5.7524      1.595    32.7348    24.9456 -9.990e-29
 178.915625      1.613  37.097101    11.3673     5.7559      1.600    32.7352    24.9467 -9.990e-29
 178.915631      1.619  37.094478    11.3639     5.7670      1.605    32.7356    24.9477 -9.990e-29
 178.915637      1.626  37.093331    11.3642     5.7824      1.612    32.7342    24.9465 -9.990e-29
 178.915642      1.634  37.094349    11.3654     5.7959      1.620    32.7341    24.9463 -9.990e-29
 178.915648      1.644  37.095507    11.3662     5.8159      1.630    32.7346    24.9464 -9.990e-29
 178.915654      1.656  37.096087    11.3677     5.8292      1.642    32.7338    24.9456 -9.990e-29
 178.915660      1.672  37.096839    11.3705     5.8144      1.658    32.7321    24.9437 -9.990e-29
 178.915666      1.691  37.098184    11.3751     5.7515      1.677    32.7293    24.9407 -9.990e-29
 178.915671      1.716  37.100776    11.3812     5.6633      1.702    32.7264    24.9374 -9.990e-29
 178.915677      1.748  37.105247    11.3852     5.5064      1.733    32.7272    24.9373 -9.990e-29
 178.915683      1.788  37.108578    11.3850     5.3429      1.773    32.7307    24.9400 -9.990e-29
 178.915689      1.841  37.106231    11.3811     5.2269      1.826    32.7318    24.9416 -9.990e-29
 178.915694      1.908  37.097855    11.3654     5.1451      1.892    32.7375    24.9489 -9.990e-29
 178.915700      1.994  37.077861    11.3182     5.1232      1.977    32.7597    24.9746 -9.990e-29
 178.915706      2.100  37.027967    11.2367     5.1223      2.082    32.7830    25.0074 -9.990e-29
 178.915712      2.221  36.953864    11.1570     5.1244      2.202    32.7808    25.0200 -9.990e-29
 178.915718      2.346  36.898390    11.1056     5.1097      2.326    32.7718    25.0221 0.0000e+00
 178.915723      2.472  36.877137    11.0627     5.0914      2.451    32.7890    25.0431 0.0000e+00
 178.915729      2.601  36.867328    11.0144     5.0612      2.579    32.8224    25.0777 0.0000e+00
 178.915735      2.741  36.857536    10.9711     5.0338      2.718    32.8514    25.1079 0.0000e+00
 178.915741      2.903  36.849799    10.9353     4.9934      2.879    32.8757    25.1331 0.0000e+00
 178.915747      3.091  36.848327    10.9080     4.8986      3.065    32.8987    25.1558 0.0000e+00
 178.915752      3.301  36.859528    10.8911     4.7707      3.273    32.9249    25.1792 0.0000e+00
 178.915758      3.520  36.874227    10.8800     4.6042      3.491    32.9494    25.2002 0.0000e+00
 178.915764      3.741  36.876157    10.8717     4.4355      3.710    32.9587    25.2089 0.0000e+00
 178.915770      3.960  36.872348    10.8555     4.2962      3.927    32.9694    25.2201 0.0000e+00
 178.915775      4.179  36.864974    10.8030     4.2157      4.144    33.0093    25.2604 0.0000e+00
 178.915781      4.408  36.821783    10.6905     4.1789      4.371    33.0678    25.3256 0.0000e+00
 178.915787      4.656  36.723243    10.5290     4.1703      4.617    33.1156    25.3909 0.0000e+00
 178.915793      4.923  36.592488    10.3655     4.1832      4.882    33.1329    25.4325 0.0000e+00
 178.915799      5.195  36.469596    10.2434     4.1811      5.152    33.1203    25.4435 0.0000e+00
 178.915804      5.459  36.388875    10.1683     4.1755      5.413    33.1072    25.4460 0.0000e+00
 178.915810      5.716  36.352388    10.1209     4.1837      5.668    33.1135    25.4589 0.0000e+00
 178.915816      5.977  36.326560    10.0834     4.1846      5.927    33.1215    25.4715 0.0000e+00
 178.915822      6.251  36.293719    10.0509     4.1836      6.199    33.1178    25.4741 0.0000e+00
 178.915828      6.533  36.265483    10.0249     4.1934      6.478    33.1129    25.4746 0.0000e+00
 178.915833      6.816  36.244487    10.0053     4.2022      6.759    33.1094    25.4751 0.0000e+00
 178.915839      7.091  36.227904     9.9926     4.2058      7.032    33.1041    25.4731 0.0000e+00
 178.915845      7.356  36.217671     9.9874     4.2024      7.294    33.0983    25.4695 0.0000e+00
 178.915851      7.609  36.214677     9.9855     4.2076      7.545    33.0969    25.4687 0.0000e+00
 178.915856      7.854  36.217145     9.9814     4.2079      7.788    33.1030    25.4742 0.0000e+00
 178.915862      8.103  36.217144     9.9743     4.2038      8.035    33.1094    25.4804 0.0000e+00
 178.915868      8.362  36.210732     9.9661     4.2013      8.292    33.1103    25.4824 0.0000e+00
 178.915874      8.631  36.202776     9.9594     4.1915      8.559    33.1083    25.4819 0.0000e+00
 178.915880      8.909  36.197201     9.9557     4.1790      8.834    33.1059    25.4807 0.0000e+00
 178.915885      9.199  36.194946     9.9537     4.1740      9.122    33.1053    25.4806 0.0000e+00
 178.915891      9.499  36.192981     9.9498     4.1668      9.420    33.1067    25.4824 0.0000e+00
 178.915897      9.805  36.186425     9.9440     4.1616      9.723    33.1052    25.4822 0.0000e+00
 178.915903     10.106  36.178270     9.9411     4.1494     10.021    33.0995    25.4782 0.0000e+00
 178.915909     10.394  36.176095     9.9420     4.1467     10.307    33.0963    25.4755 0.0000e+00
 178.915914     10.672  36.179775     9.9404     4.1404     10.583    33.1014    25.4798 0.0000e+00
 178.915920     10.957  36.178516     9.9309     4.1347     10.865    33.1087    25.4871 0.0000e+00
 178.915926     11.262  36.168381     9.9178     4.1373     11.168    33.1103    25.4905 0.0000e+00
 178.915932     11.582  36.158230     9.9070     4.1354     11.485    33.1097    25.4919 0.0000e+00
 178.915938     11.907  36.149620     9.8987     4.1366     11.807    33.1084    25.4922 0.0000e+00
 178.915943     12.231  36.140004     9.8926     4.1437     12.129    33.1041    25.4899 0.0000e+00
 178.915949     12.546  36.133333     9.8893     4.1488     12.441    33.1002    25.4874 0.0000e+00
 178.915955     12.841  36.129088     9.8890     4.1390     12.733    33.0960    25.4842 0.0000e+00
 178.915961     13.115  36.127741     9.8915     4.1311     13.005    33.0922    25.4808 0.0000e+00
 178.915966     13.370  36.132512     9.8940     4.1368     13.258    33.0947    25.4823 0.0000e+00
 178.915972     13.620  36.136862     9.8939     4.1422     13.506    33.0991    25.4858 0.0000e+00
 178.915978     13.876  36.136492     9.8923     4.1360     13.760    33.1000    25.4868 0.0000e+00
 178.915984     14.132  36.134807     9.8921     4.1419     14.014    33.0984    25.4855 0.0000e+00
 178.915990     14.368  36.134576     9.8944     4.1478     14.248    33.0959    25.4833 0.0000e+00
 178.915995     14.562  36.137144     9.8978     4.1453     14.440    33.0954    25.4822 0.0000e+00
 178.916001     14.711  36.140875     9.9014     4.1487     14.588    33.0958    25.4820 -9.990e-29
 178.916007     14.820  36.144001     9.9045     4.1511     14.696    33.0961    25.4817 -9.990e-29
 178.916013     14.891  36.146191     9.9066     4.1358     14.766    33.0963    25.4815 -9.990e-29
 178.916019     14.924  36.147544     9.9081     4.1360     14.799    33.0963    25.4813 -9.990e-29
 178.916024     14.927  36.148721     9.9094     4.1496     14.802    33.0963    25.4811 -9.990e-29
 178.916030     14.903  36.149593     9.9105     4.1456     14.778    33.0962    25.4808 -9.990e-29
 178.916036     14.851  36.150179     9.9112     4.1433     14.727    33.0962    25.4807 -9.990e-29
 178.916042     14.768  36.150120     9.9114     4.1445     14.644    33.0960    25.4805 -9.990e-29
 178.916047     14.648  36.148756     9.9114     4.1399     14.525    33.0947    25.4794 -9.990e-29
 178.916053     14.488  36.148167     9.9109     4.1371     14.367    33.0946    25.4795 0.0000e+00
 178.916059     14.296  36.148665     9.9092     4.1367     14.176    33.0967    25.4814 0.0000e+00
 178.916065     14.083  36.147535     9.9069     4.1402     13.965    33.0978    25.4826 0.0000e+00
 178.916071     13.859  36.145492     9.9046     4.1357     13.743    33.0979    25.4831 0.0000e+00
 178.916076     13.621  36.144271     9.9022     4.1443     13.507    33.0990    25.4843 0.0000e+00
 178.916082     13.360  36.143343     9.9001     4.1514     13.248    33.1001    25.4855 0.0000e+00
 178.916088     13.067  36.143126     9.9003     4.1514     12.958    33.0998    25.4853 0.0000e+00
 178.916094     12.749  36.144992     9.9037     4.1606     12.642    33.0987    25.4839 0.0000e+00
 178.916100     12.420  36.148608     9.9088     4.1717     12.316    33.0979    25.4823 0.0000e+00
 178.916105     12.093  36.153368     9.9138     4.1710     11.992    33.0983    25.4818 0.0000e+00
 178.916111     11.778  36.158891     9.9181     4.1681     11.679    33.1001    25.4825 0.0000e+00
 178.916117     11.471  36.164326     9.9222     4.1756     11.375    33.1020    25.4833 0.0000e+00
 178.916123     11.163  36.169077     9.9266     4.1719     11.070    33.1029    25.4833 0.0000e+00
 178.916128     10.845  36.172947     9.9308     4.1716     10.754    33.1032    25.4828 0.0000e+00
 178.916134     10.519  36.176057     9.9337     4.1742     10.431    33.1038    25.4828 0.0000e+00
 178.916140     10.200  36.178078     9.9359     4.1806     10.115    33.1040    25.4826 0.0000e+00
 178.916146      9.900  36.178907     9.9385     4.1741      9.817    33.1026    25.4810 0.0000e+00
 178.916152      9.613  36.180212     9.9423     4.1841      9.533    33.1006    25.4788 0.0000e+00
 178.916157      9.321  36.183173     9.9473     4.1954      9.243    33.0991    25.4768 0.0000e+00
 178.916163      9.015  36.186701     9.9528     4.2017      8.940    33.0978    25.4749 0.0000e+00
 178.916169      8.700  36.189903     9.9569     4.2259      8.627    33.0974    25.4739 0.0000e+00
 178.916175      8.387  36.192570     9.9598     4.2336      8.317    33.0976    25.4736 0.0000e+00
 178.916181      8.077  36.194902     9.9654     4.2292      8.009    33.0950    25.4706 0.0000e+00
 178.916186      7.767  36.198892     9.9787     4.2325      7.702    33.0870    25.4621 0.0000e+00
 178.916192      7.454  36.207621    10.0004     4.2428      7.392    33.0761    25.4500 0.0000e+00
 178.916198      7.141  36.222090    10.0238     4.2503      7.081    33.0695    25.4409 0.0000e+00
 178.916204      6.833  36.236959    10.0417     4.2740      6.776    33.0684    25.4370 0.0000e+00
 178.916209      6.537  36.245184    10.0519     4.3386      6.482    33.0675    25.4347 0.0000e+00
 178.916215      6.253  36.244858    10.0558     4.4060      6.201    33.0638    25.4311 0.0000e+00
 178.916221      5.979  36.240032    10.0618     4.5076      5.929    33.0535    25.4220 0.0000e+00
 178.916227      5.708  36.243869    10.0835     4.6225      5.660    33.0377    25.4060 0.0000e+00
 178.916233      5.441  36.267086    10.1269     4.7341      5.396    33.0217    25.3863 0.0000e+00
 178.916238      5.179  36.309845    10.1922     4.8414      5.136    33.0055    25.3626 0.0000e+00
 178.916244      4.920  36.364770    10.2839     4.9555      4.879    32.9777    25.3254 0.0000e+00
 178.916250      4.667  36.423912    10.3943     5.0327      4.628    32.9371    25.2750 0.0000e+00
 178.916256      4.424  36.488865    10.4907     5.0779      4.387    32.9152    25.2414 0.0000e+00
 178.916262      4.198  36.558340    10.5534     5.1088      4.163    32.9283    25.2407 0.0000e+00
 178.916267      3.991  36.632603    10.6028     5.1124      3.958    32.9581    25.2554 0.0000e+00
 178.916273      3.802  36.712138    10.6552     5.1006      3.770    32.9904    25.2715 0.0000e+00
 178.916279      3.621  36.778128    10.7043     5.1087      3.591    33.0120    25.2798 0.0000e+00
 178.916285      3.431  36.807692    10.7458     5.1266      3.402    33.0041    25.2664 0.0000e+00
 178.916291      3.228  36.808337    10.7746     5.1270      3.201    32.9789    25.2417 0.0000e+00
 178.916296      3.021  36.807253    10.7889     5.1107      2.996    32.9650    25.2284 0.0000e+00
 178.916302      2.818  36.809722    10.8028     5.1332      2.794    32.9550    25.2182 0.0000e+00
