data/oxygen options/OCNMS/OCNMS1/raw_data/2017/CAST_TH015_170630faed.cnv
* Sea-Bird SBE 19 Data File:
* FileName = C:\2017 Mooring Data\Casts\CAST_TH015_170630.hex
* Software Version SeatermAF 2.1.2
* Temperature SN = 2997
* Conductivity SN = 2997
* System UpLoad Time = Jun 30 2017 22:06:59 (localtime) = Jun 30 2017 22:06:59 (UTC)
** CAST_TH015_170630
* ds
# nquan = 9                                 
# nvalues = 882                         
# units = specified
# name 0 = timeJ: Julian Days
# name 1 = prSM: Pressure, Strain Gauge [db]
# name 2 = c0mS/cm: Conductivity [mS/cm]
# name 3 = t090C: Temperature [ITS-90, deg C]
# name 4 = sbeox0ML/L: Oxygen, SBE 43 [ml/l]
# name 5 = depSM: Depth [salt water, m], lat = 47.5
# name 6 = sal00: Salinity, Practical [PSU]
# name 7 = sigma-é00: Density [sigma-theta, kg/m^3]
# name 8 = flag: flag
# span 0 = 181.912685, 181.917784       
# span 1 =     -5.637,     14.517       
# span 2 =   0.268354,  37.177073       
# span 3 =     8.7189,    13.8938       
# span 4 =    -1.9596,    16.6924       
# span 5 =     -5.590,     14.395       
# span 6 =     0.1657,    33.3584       
# span 7 =    -0.5799,    25.8756       
# span 8 = 0.0000e+00, 0.0000e+00       
# interval = seconds: 0.5
# start_time = Jun 30 2017 21:54:16 [Instrument's time stamp, header]
# bad_flag = -9.990e-29
*END*
 181.912685     -5.637 -9.990e-29    13.5261    -1.9583     -5.590 -9.990e-29 -9.990e-29 -9.990e-29
 181.912691     -5.629   0.268706    13.5280    -1.9583     -5.582     0.1659    -0.5606 -9.990e-29
 181.912697     -5.618   0.268479    13.5302    -1.9582     -5.571     0.1658    -0.5610 -9.990e-29
 181.912703     -5.603   0.268354    13.5313    -1.9581     -5.556     0.1657    -0.5612 -9.990e-29
 181.912708     -5.585   0.268716    13.5315    -1.9581     -5.538     0.1659    -0.5610 -9.990e-29
 181.912714     -5.562   0.269310    13.5314    -1.9583     -5.516     0.1663    -0.5607 -9.990e-29
 181.912720     -5.532   0.269822    13.5312    -1.9584     -5.486     0.1666    -0.5604 -9.990e-29
 181.912726     -5.498   0.270194    13.5305    -1.9585     -5.452     0.1669    -0.5602 -9.990e-29
 181.912731     -5.465   0.270368    13.5293    -1.9584     -5.419     0.1670    -0.5599 -9.990e-29
 181.912737     -5.437   0.270393    13.5285    -1.9584     -5.392     0.1670    -0.5598 -9.990e-29
 181.912743     -5.412   0.270303    13.5290    -1.9584     -5.367     0.1669    -0.5599 -9.990e-29
 181.912749     -5.388   0.269979    13.5301    -1.9585     -5.343     0.1667    -0.5602 -9.990e-29
 181.912755     -5.363   0.269545    13.5307    -1.9585     -5.318     0.1664    -0.5605 -9.990e-29
 181.912760     -5.336   0.269532    13.5303    -1.9586     -5.292     0.1664    -0.5605 -9.990e-29
 181.912766     -5.305   0.269923    13.5290    -1.9586     -5.261     0.1667    -0.5601 -9.990e-29
 181.912772     -5.272   0.270129    13.5275    -1.9586     -5.228     0.1668    -0.5598 -9.990e-29
 181.912778     -5.240   0.269873    13.5267    -1.9586     -5.196     0.1667    -0.5598 -9.990e-29
 181.912784     -5.207   0.269368    13.5266    -1.9587     -5.164     0.1663    -0.5600 -9.990e-29
 181.912789     -5.174   0.269051    13.5264    -1.9587     -5.131     0.1661    -0.5602 -9.990e-29
 181.912795     -5.144   0.269053    13.5258    -1.9587     -5.101     0.1662    -0.5601 -9.990e-29
 181.912801     -5.116   0.269378    13.5251    -1.9587     -5.073     0.1664    -0.5598 -9.990e-29
 181.912807     -5.087   0.269906    13.5245    -1.9586     -5.045     0.1667    -0.5595 -9.990e-29
 181.912813     -5.055   0.270234    13.5240    -1.9587     -5.013     0.1669    -0.5593 -9.990e-29
 181.912818     -5.022   0.270246    13.5235    -1.9587     -4.980     0.1669    -0.5592 -9.990e-29
 181.912824     -4.996   0.269957    13.5227    -1.9586     -4.954     0.1667    -0.5592 -9.990e-29
 181.912830     -4.974   0.269539    13.5221    -1.9586     -4.933     0.1665    -0.5593 -9.990e-29
 181.912836     -4.947   0.269544    13.5219    -1.9586     -4.906     0.1665    -0.5593 -9.990e-29
 181.912841     -4.912   0.269976    13.5219    -1.9586     -4.871     0.1667    -0.5591 -9.990e-29
 181.912847     -4.876   0.270304    13.5221    -1.9587     -4.835     0.1670    -0.5590 -9.990e-29
 181.912853     -4.842   0.270413    13.5224    -1.9586     -4.802     0.1670    -0.5589 -9.990e-29
 181.912859     -4.807   0.270449    13.5227    -1.9586     -4.767     0.1670    -0.5590 -9.990e-29
 181.912865     -4.768   0.270460    13.5229    -1.9586     -4.728     0.1670    -0.5590 -9.990e-29
 181.912870     -4.727   0.270464    13.5235    -1.9585     -4.688     0.1670    -0.5591 -9.990e-29
 181.912876     -4.691   0.270465    13.5244    -1.9586     -4.652     0.1670    -0.5592 -9.990e-29
 181.912882     -4.662   0.270465    13.5251    -1.9586     -4.623     0.1670    -0.5593 -9.990e-29
 181.912888     -4.637   0.270464    13.5253    -1.9587     -4.598     0.1670    -0.5593 -9.990e-29
 181.912894     -4.615   0.270463    13.5251    -1.9588     -4.577     0.1670    -0.5593 -9.990e-29
 181.912899     -4.595   0.270463    13.5250    -1.9589     -4.557     0.1670    -0.5593 -9.990e-29
 181.912905     -4.575   0.270462    13.5254    -1.9589     -4.537     0.1670    -0.5593 -9.990e-29
 181.912911     -4.555   0.270462    13.5257    -1.9588     -4.517     0.1670    -0.5594 -9.990e-29
 181.912917     -4.532   0.270461    13.5259    -1.9589     -4.494     0.1670    -0.5594 -9.990e-29
 181.912922     -4.505   0.270460    13.5260    -1.9588     -4.467     0.1670    -0.5594 -9.990e-29
 181.912928     -4.474   0.270460    13.5257    -1.9588     -4.437     0.1670    -0.5594 -9.990e-29
 181.912934     -4.439   0.270460    13.5250    -1.9586     -4.402     0.1670    -0.5593 -9.990e-29
 181.912940     -4.407   0.270461    13.5239    -1.9587     -4.370     0.1670    -0.5591 -9.990e-29
 181.912946     -4.381   0.270464    13.5224    -1.9587     -4.344     0.1670    -0.5589 -9.990e-29
 181.912951     -4.359   0.270476    13.5210    -1.9587     -4.323     0.1671    -0.5587 -9.990e-29
 181.912957     -4.340   0.270513    13.5206    -1.9587     -4.304     0.1671    -0.5586 -9.990e-29
 181.912963     -4.322   0.270623    13.5209    -1.9588     -4.286     0.1672    -0.5586 -9.990e-29
 181.912969     -4.303   0.270955    13.5212    -1.9588     -4.267     0.1674    -0.5585 -9.990e-29
 181.912975     -4.284   0.271399    13.5217    -1.9587     -4.248     0.1676    -0.5584 -9.990e-29
 181.912980     -4.263   0.271440    13.5231    -1.9586     -4.227     0.1677    -0.5585 -9.990e-29
 181.912986     -4.237   0.271131    13.5247    -1.9585     -4.202     0.1675    -0.5589 -9.990e-29
 181.912992     -4.207   0.271172    13.5255    -1.9584     -4.172     0.1675    -0.5590 -9.990e-29
 181.912998     -4.174   0.271616    13.5257    -1.9583     -4.139     0.1678    -0.5588 -9.990e-29
 181.913003     -4.144   0.271948    13.5257    -1.9583     -4.109     0.1680    -0.5586 -9.990e-29
 181.913009     -4.120   0.272059    13.5252    -1.9582     -4.086     0.1680    -0.5585 -9.990e-29
 181.913015     -4.101   0.272095    13.5246    -1.9581     -4.067     0.1681    -0.5584 -9.990e-29
 181.913021     -4.085   0.272107    13.5247    -1.9582     -4.051     0.1681    -0.5584 -9.990e-29
 181.913027     -4.071   0.272110    13.5261    -1.9581     -4.037     0.1681    -0.5586 -9.990e-29
 181.913032     -4.058   0.272111    13.5281    -1.9581     -4.024     0.1681    -0.5589 -9.990e-29
 181.913038     -4.046   0.272111    13.5302    -1.9581     -4.012     0.1681    -0.5592 -9.990e-29
 181.913044     -4.034   0.272111    13.5323    -1.9581     -4.000     0.1680    -0.5595 -9.990e-29
 181.913050     -4.021   0.272111    13.5340    -1.9581     -3.987     0.1680    -0.5597 -9.990e-29
 181.913056     -4.006   0.272112    13.5355    -1.9583     -3.973     0.1680    -0.5599 -9.990e-29
 181.913061     -3.988   0.272116    13.5372    -1.9584     -3.955     0.1680    -0.5601 -9.990e-29
 181.913067     -3.966   0.272129    13.5388    -1.9584     -3.933     0.1680    -0.5603 -9.990e-29
 181.913073     -3.939   0.272169    13.5398    -1.9583     -3.906     0.1680    -0.5605 -9.990e-29
 181.913079     -3.909   0.272292    13.5402    -1.9584     -3.876     0.1681    -0.5604 -9.990e-29
 181.913084     -3.883   0.272661    13.5403    -1.9583     -3.851     0.1684    -0.5603 -9.990e-29
 181.913090     -3.859   0.273215    13.5404    -1.9582     -3.827     0.1687    -0.5600 -9.990e-29
 181.913096     -3.831   0.273584    13.5405    -1.9581     -3.799     0.1689    -0.5599 -9.990e-29
 181.913102     -3.802   0.273707    13.5396    -1.9581     -3.770     0.1690    -0.5597 -9.990e-29
 181.913108     -3.775   0.273749    13.5374    -1.9581     -3.744     0.1690    -0.5594 -9.990e-29
 181.913113     -3.747   0.273766    13.5358    -1.9582     -3.716     0.1691    -0.5591 -9.990e-29
 181.913119     -3.717   0.273782    13.5355    -1.9582     -3.686     0.1691    -0.5591 -9.990e-29
 181.913125     -3.688   0.273820    13.5359    -1.9582     -3.657     0.1691    -0.5591 -9.990e-29
 181.913131     -3.661   0.273930    13.5368    -1.9581     -3.630     0.1692    -0.5592 -9.990e-29
 181.913137     -3.634   0.274259    13.5382    -1.9581     -3.604     0.1694    -0.5592 -9.990e-29
 181.913142     -3.612   0.274694    13.5400    -1.9580     -3.582     0.1696    -0.5592 -9.990e-29
 181.913148     -3.596   0.274707    13.5414    -1.9581     -3.566     0.1696    -0.5594 -9.990e-29
 181.913154     -3.585   0.274317    13.5418    -1.9581     -3.555     0.1694    -0.5597 -9.990e-29
 181.913160     -3.578   0.274111    13.5415    -1.9580     -3.548     0.1693    -0.5597 -9.990e-29
 181.913166     -3.572   0.274372    13.5410    -1.9580     -3.542     0.1694    -0.5595 -9.990e-29
 181.913171     -3.561   0.274894    13.5408    -1.9579     -3.531     0.1698    -0.5593 -9.990e-29
 181.913177     -3.548   0.275264    13.5413    -1.9579     -3.518     0.1700    -0.5591 -9.990e-29
 181.913183     -3.538   0.275424    13.5420    -1.9579     -3.509     0.1701    -0.5592 -9.990e-29
 181.913189     -3.530   0.275586    13.5425    -1.9579     -3.501     0.1702    -0.5592 -9.990e-29
 181.913194     -3.523   0.275968    13.5427    -1.9578     -3.494     0.1704    -0.5590 -9.990e-29
 181.913200     -3.512   0.276526    13.5429    -1.9578     -3.483     0.1708    -0.5587 -9.990e-29
 181.913206     -3.493   0.276896    13.5434    -1.9576     -3.464     0.1710    -0.5586 -9.990e-29
 181.913212     -3.468   0.277019    13.5445    -1.9576     -3.439     0.1711    -0.5587 -9.990e-29
 181.913218     -3.440   0.277060    13.5458    -1.9576     -3.411     0.1711    -0.5589 -9.990e-29
 181.913223     -3.412   0.277074    13.5469    -1.9577     -3.384     0.1711    -0.5590 -9.990e-29
 181.913229     -3.386   0.277078    13.5477    -1.9577     -3.358     0.1711    -0.5591 -9.990e-29
 181.913235     -3.361   0.277079    13.5485    -1.9576     -3.333     0.1711    -0.5592 -9.990e-29
 181.913241     -3.339   0.277079    13.5495    -1.9577     -3.311     0.1711    -0.5594 -9.990e-29
 181.913247     -3.324   0.277078    13.5508    -1.9578     -3.296     0.1711    -0.5596 -9.990e-29
 181.913252     -3.313   0.277077    13.5519    -1.9576     -3.285     0.1711    -0.5597 -9.990e-29
 181.913258     -3.307   0.277077    13.5527    -1.9578     -3.279     0.1711    -0.5598 -9.990e-29
 181.913264     -3.301   0.277076    13.5533    -1.9577     -3.273     0.1711    -0.5599 -9.990e-29
 181.913270     -3.286   0.277076    13.5534    -1.9578     -3.259     0.1711    -0.5599 -9.990e-29
 181.913275     -3.261   0.277075    13.5533    -1.9580     -3.234     0.1711    -0.5599 -9.990e-29
 181.913281     -3.232   0.277074    13.5534    -1.9579     -3.205     0.1711    -0.5599 -9.990e-29
 181.913287     -3.203   0.277074    13.5538    -1.9577     -3.176     0.1711    -0.5600 -9.990e-29
 181.913293     -3.172   0.277075    13.5540    -1.9577     -3.146     0.1711    -0.5600 -9.990e-29
 181.913299     -3.140   0.277079    13.5541    -1.9578     -3.114     0.1711    -0.5600 -9.990e-29
 181.913304     -3.115   0.277092    13.5541    -1.9578     -3.089     0.1711    -0.5600 -9.990e-29
 181.913310     -3.099   0.277131    13.5533    -1.9578     -3.073     0.1711    -0.5599 -9.990e-29
 181.913316     -3.091   0.277250    13.5519    -1.9578     -3.065     0.1712    -0.5596 -9.990e-29
 181.913322     -3.086   0.277609    13.5505    -1.9578     -3.060     0.1714    -0.5593 -9.990e-29
 181.913328     -3.075   0.278132    13.5499    -1.9577     -3.049     0.1717    -0.5589 -9.990e-29
 181.913333     -3.058   0.278408    13.5508    -1.9579     -3.033     0.1719    -0.5589 -9.990e-29
 181.913339     -3.042   0.278253    13.5520    -1.9581     -3.017     0.1718    -0.5591 -9.990e-29
 181.913345     -3.031   0.278013    13.5524    -1.9584     -3.006     0.1717    -0.5593 -9.990e-29
 181.913351     -3.018   0.277925    13.5524    -1.9586     -2.993     0.1716    -0.5594 -9.990e-29
 181.913356     -3.001   0.277872    13.5524    -1.9587     -2.976     0.1716    -0.5594 -9.990e-29
 181.913362     -2.980   0.277784    13.5524    -1.9588     -2.955     0.1715    -0.5594 -9.990e-29
 181.913368     -2.961   0.277545    13.5521    -1.9588     -2.936     0.1714    -0.5595 -9.990e-29
 181.913374     -2.940   0.277389    13.5518    -1.9587     -2.915     0.1713    -0.5595 -9.990e-29
 181.913380     -2.918   0.277665    13.5511    -1.9585     -2.894     0.1715    -0.5593 -9.990e-29
 181.913385     -2.891   0.278187    13.5487    -1.9585     -2.867     0.1718    -0.5587 -9.990e-29
 181.913391     -2.864   0.278546    13.5446    -1.9587     -2.840     0.1720    -0.5580 -9.990e-29
 181.913397     -2.839   0.278665    13.5402    -1.9590     -2.815     0.1721    -0.5573 -9.990e-29
 181.913403     -2.813   0.278705    13.5363    -1.9591     -2.790     0.1722    -0.5568 -9.990e-29
 181.913409     -2.791   0.278718    13.5333    -1.9590     -2.768     0.1722    -0.5564 -9.990e-29
 181.913414     -2.774   0.278722    13.5317    -1.9589     -2.751     0.1722    -0.5561 -9.990e-29
 181.913420     -2.761   0.278724    13.5318    -1.9588     -2.738     0.1722    -0.5561 -9.990e-29
 181.913426     -2.752   0.278725    13.5334    -1.9587     -2.729     0.1722    -0.5564 -9.990e-29
 181.913432     -2.746   0.278726    13.5348    -1.9586     -2.723     0.1722    -0.5566 -9.990e-29
 181.913437     -2.743   0.278730    13.5341    -1.9587     -2.720     0.1722    -0.5565 -9.990e-29
 181.913443     -2.743   0.278739    13.5312    -1.9589     -2.720     0.1722    -0.5561 -9.990e-29
 181.913449     -2.741   0.278766    13.5278    -1.9590     -2.718     0.1722    -0.5556 -9.990e-29
 181.913455     -2.732   0.278849    13.5259    -1.9593     -2.709     0.1723    -0.5553 -9.990e-29
 181.913461     -2.721   0.279098    13.5261    -1.9596     -2.698     0.1725    -0.5552 -9.990e-29
 181.913466     -2.712   0.279289    13.5276    -1.9596     -2.689     0.1726    -0.5553 -9.990e-29
 181.913472     -2.702   0.279123    13.5297    -1.9594     -2.679     0.1725    -0.5557 -9.990e-29
 181.913478     -2.693   0.278931    13.5315    -1.9589     -2.671     0.1723    -0.5560 -9.990e-29
 181.913484     -2.683   0.279013    13.5318    -1.9585     -2.661     0.1724    -0.5560 -9.990e-29
 181.913490     -2.672   0.279478    13.5301    -1.9582     -2.650     0.1727    -0.5555 -9.990e-29
 181.913495     -2.659   0.280391    13.5270    -1.9579     -2.637     0.1733    -0.5547 -9.990e-29
 181.913501     -2.643   0.281307    13.5230    -1.9577     -2.621     0.1739    -0.5537 -9.990e-29
 181.913507     -2.623   0.281785    13.5187    -1.9578     -2.601     0.1742    -0.5529 -9.990e-29
 181.913513     -2.598   0.281908    13.5159    -1.9579     -2.576     0.1743    -0.5524 -9.990e-29
 181.913519     -2.571   0.281840    13.5164    -1.9580     -2.550     0.1742    -0.5525 -9.990e-29
 181.913524     -2.548   0.281489    13.5209    -1.9582     -2.527     0.1740    -0.5533 -9.990e-29
 181.913530     -2.532   0.280941    13.5284    -1.9583     -2.511     0.1736    -0.5546 -9.990e-29
 181.913536     -2.518   0.280574    13.5367    -1.9586     -2.497     0.1733    -0.5559 -9.990e-29
 181.913542     -2.501   0.280454    13.5441    -1.9588     -2.480     0.1732    -0.5570 -9.990e-29
 181.913547     -2.484   0.280418    13.5496    -1.9589     -2.463     0.1732    -0.5577 -9.990e-29
 181.913553     -2.471   0.280418    13.5525    -1.9588     -2.450     0.1732    -0.5581 -9.990e-29
 181.913559     -2.459   0.280454    13.5527    -1.9584     -2.438     0.1732    -0.5582 -9.990e-29
 181.913565     -2.449   0.280576    13.5509    -1.9582     -2.429     0.1733    -0.5579 -9.990e-29
 181.913571     -2.440   0.280945    13.5480    -1.9581     -2.420     0.1735    -0.5573 -9.990e-29
 181.913576     -2.432   0.281499    13.5445    -1.9581     -2.412     0.1739    -0.5565 -9.990e-29
 181.913582     -2.423   0.281869    13.5407    -1.9578     -2.403     0.1741    -0.5558 -9.990e-29
 181.913588     -2.414   0.281992    13.5366    -1.9576     -2.394     0.1742    -0.5552 -9.990e-29
 181.913594     -2.403   0.282033    13.5334    -1.9577     -2.383     0.1743    -0.5547 -9.990e-29
 181.913600     -2.390   0.282047    13.5326    -1.9578     -2.370     0.1743    -0.5546 -9.990e-29
 181.913605     -2.375   0.282052    13.5350    -1.9576     -2.355     0.1743    -0.5549 -9.990e-29
