data/oxygen options/OCNMS/OCNMS1/raw_data/2017/CAST_CE042_170926faedb.cnv
* Sea-Bird SBE 19 Data File:
* FileName = C:\2017 Mooring Data\Casts\CAST_CE042_170926.hex
* Software Version SeatermAF 2.1.2
* Temperature SN = 2997
* Conductivity SN = 2997
* System UpLoad Time = Sep 26 2017 17:12:36 (localtime) = Sep 26 2017 17:12:36 (UTC)
** CAST_CE042_170926
* ds
# nquan = 9
# nvalues = 45                          
# units = specified
# name 0 = timeJ: Julian Days
# name 1 = prSM: Pressure, Strain Gauge [db]
# name 2 = c0mS/cm: Conductivity [mS/cm]
# name 3 = t090C: Temperature [ITS-90, deg C]
# name 4 = sbeox0ML/L: Oxygen, SBE 43 [ml/l]
# name 5 = depSM: Depth [salt water, m], lat = 47.5
# name 6 = sal00: Salinity, Practical [PSU]
# name 7 = sigma-é00: Density [sigma-theta, kg/m^3]
# name 8 = flag: flag
# span 0 = 269.689134, 269.690164       
# span 1 =      2.000,     46.000       
# span 2 =  35.240756,  38.637351       
# span 3 =     8.3036,    14.3481       
# span 4 =     1.1143,     6.8558       
# span 5 =      1.983,     45.611       
# span 6 =    30.8211,    33.6437       
# span 7 =    22.9029,    26.1642       
# span 8 = 0.0000e+00, 0.0000e+00       
# interval = decibars: 1                
# start_time = Sep 26 2017 16:25:37 [Instrument's time stamp, header]
# bad_flag = -9.990e-29
*END*
 269.689134      2.000  37.663543    14.2803     6.6094      1.983    30.8211    22.9029 0.0000e+00
 269.689171      3.000  37.884426    14.2614     6.6039      2.975    31.0369    23.0732 0.0000e+00
 269.689212      4.000  37.898148    14.2754     6.6648      3.966    31.0378    23.0711 0.0000e+00
 269.689238      5.000  37.992577    14.2924     6.6445      4.958    31.1098    23.1231 0.0000e+00
 269.689261      6.000  38.046585    14.3200     6.5903      5.950    31.1363    23.1379 0.0000e+00
 269.689284      7.000  38.123787    14.3481     6.3648      6.941    31.1836    23.1686 0.0000e+00
 269.689306      8.000  38.146573    14.3141     6.2914      7.933    31.2315    23.2126 0.0000e+00
 269.689327      9.000  38.123692    14.2430     6.7147      8.925    31.2677    23.2552 0.0000e+00
 269.689346     10.000  38.235503    14.2515     6.8558      9.916    31.3625    23.3265 0.0000e+00
 269.689365     11.000  38.434792    14.2895     6.8417     10.908    31.5131    23.4349 0.0000e+00
 269.689386     12.000  38.566893    14.2646     6.7420     11.899    31.6538    23.5486 0.0000e+00
 269.689406     13.000  38.637351    14.1395     6.3094     12.891    31.8207    23.7031 0.0000e+00
 269.689423     14.000  38.521551    13.8016     5.6674     13.883    31.9941    23.9060 0.0000e+00
 269.689443     15.000  38.283257    13.4092     5.2472     14.874    32.1009    24.0675 0.0000e+00
 269.689462     16.000  38.134521    13.1735     4.3576     15.866    32.1604    24.1603 0.0000e+00
 269.689478     17.000  38.020697    12.9539     3.9977     16.857    32.2392    24.2643 0.0000e+00
 269.689495     18.000  37.834198    12.6534     3.9867     17.849    32.3190    24.3843 0.0000e+00
 269.689514     19.000  37.690706    12.4468     4.0194     18.840    32.3594    24.4552 0.0000e+00
 269.689536     20.000  37.614935    12.3064     4.0869     19.832    32.4077    24.5194 0.0000e+00
 269.689557     21.000  37.454053    11.9519     3.7749     20.824    32.5603    24.7043 0.0000e+00
 269.689575     22.000  37.265532    11.6389     3.4250     21.815    32.6517    24.8328 0.0000e+00
 269.689592     23.000  37.006215    11.1462     3.4254     22.807    32.8333    25.0632 0.0000e+00
 269.689607     24.000  36.882784    10.9914     3.3735     23.798    32.8491    25.1030 0.0000e+00
 269.689628     25.000  36.897401    11.0702     2.9655     24.790    32.7927    25.0451 0.0000e+00
 269.689650     26.000  36.701876    10.6605     2.7222     25.781    32.9659    25.2518 0.0000e+00
 269.689669     27.000  36.424710    10.2475     2.5392     26.773    33.0616    25.3973 0.0000e+00
 269.689687     28.000  36.316655    10.0983     2.3535     27.764    33.0881    25.4433 0.0000e+00
 269.689705     29.000  36.210058     9.9097     2.2784     28.756    33.1523    25.5249 0.0000e+00
 269.689723     30.000  36.056519     9.6624     2.2877     29.748    33.2230    25.6210 0.0000e+00
 269.689742     31.000  35.936966     9.5529     2.3043     30.739    33.2011    25.6218 0.0000e+00
 269.689767     32.000  35.924726     9.5310     2.1716     31.731    33.2084    25.6311 0.0000e+00
 269.689787     33.000  35.829284     9.3510     2.0623     32.722    33.2768    25.7137 0.0000e+00
 269.689803     34.000  35.704269     9.1286     2.0135     33.714    33.3544    25.8099 0.0000e+00
 269.689820     35.000  35.560607     8.9516     1.8826     34.705    33.3704    25.8504 0.0000e+00
 269.689837     36.000  35.487880     8.8458     1.6797     35.696    33.3935    25.8849 0.0000e+00
 269.689857     37.000  35.417962     8.7207     1.4810     36.688    33.4378    25.9391 0.0000e+00
 269.689878     38.000  35.384206     8.6243     1.1773     37.679    33.4931    25.9973 0.0000e+00
 269.689899     39.000  35.270305     8.3726     1.1143     38.671    33.6119    26.1287 0.0000e+00
 269.689918     40.000  35.242933     8.3157     1.1779     39.662    33.6368    26.1568 0.0000e+00
 269.689948     41.000  35.263873     8.3590     1.2252     40.654    33.6171    26.1349 0.0000e+00
 269.689992     42.000  35.261687     8.3360     1.1546     41.645    33.6363    26.1535 0.0000e+00
 269.690021     43.000  35.242739     8.3082     1.1435     42.637    33.6423    26.1624 0.0000e+00
 269.690058     44.000  35.248358     8.3182     1.1307     43.628    33.6382    26.1577 0.0000e+00
 269.690099     45.000  35.240756     8.3036     1.1261     44.620    33.6437    26.1642 0.0000e+00
 269.690164     46.000  35.243813     8.3066     1.1145     45.611    33.6436    26.1637 0.0000e+00
