data/oxygen options/OCNMS/OCNMS1/raw_data/2017/CAST_TH042_170727faed.cnv
* Sea-Bird SBE 19 Data File:
* FileName = C:\2017 Mooring Data\Casts\CAST_TH042_170727.hex
* Software Version SeatermAF 2.1.2
* Temperature SN = 2997
* Conductivity SN = 2997
* System UpLoad Time = Jul 27 2017 21:38:27 (localtime) = Jul 27 2017 21:38:27 (UTC)
** CAST_TH042_170727
* ds
# nquan = 9                                 
# nvalues = 969                         
# units = specified
# name 0 = timeJ: Julian Days
# name 1 = prSM: Pressure, Strain Gauge [db]
# name 2 = c0mS/cm: Conductivity [mS/cm]
# name 3 = t090C: Temperature [ITS-90, deg C]
# name 4 = sbeox0ML/L: Oxygen, SBE 43 [ml/l]
# name 5 = depSM: Depth [salt water, m], lat = 47.5
# name 6 = sal00: Salinity, Practical [PSU]
# name 7 = sigma-é00: Density [sigma-theta, kg/m^3]
# name 8 = flag: flag
# span 0 = 208.828900, 208.834502       
# span 1 =     -5.381,     41.692       
# span 2 =   0.012232,  37.641918       
# span 3 =     7.6781,    16.8797       
# span 4 =    -1.8409,    15.6226       
# span 5 =     -5.336,     41.340       
# span 6 =     0.0128,    33.8473       
# span 7 =    -1.1930,    26.4160       
# span 8 = 0.0000e+00, 0.0000e+00       
# interval = seconds: 0.5
# start_time = Jul 27 2017 19:53:37 [Instrument's time stamp, header]
# bad_flag = -9.990e-29
*END*
[from data line 161]
 208.829832     -2.332   0.012257    16.8382    -1.8317     -2.313     0.0129    -1.1859 -9.990e-29
 208.829838     -2.321   0.012257    16.8379    -1.8317     -2.302     0.0129    -1.1858 -9.990e-29
 208.829844     -2.311   0.012258    16.8370    -1.8316     -2.292     0.0129    -1.1857 -9.990e-29
 208.829850     -2.302   0.012259    16.8335    -1.8315     -2.283     0.0129    -1.1851 -9.990e-29
 208.829855     -2.294   0.012260    16.8262    -1.8313     -2.275     0.0129    -1.1838 -9.990e-29
 208.829861     -2.284   0.012260    16.8172    -1.8310     -2.265     0.0129    -1.1823 -9.990e-29
 208.829867     -2.270   0.012261    16.8092    -1.8309     -2.251     0.0129    -1.1809 -9.990e-29
 208.829873     -2.250   0.012262    16.8028    -1.8309     -2.231     0.0129    -1.1798 -9.990e-29
 208.829878     -2.230   0.012262    16.7985    -1.8311     -2.211     0.0129    -1.1791 -9.990e-29
 208.829884     -2.215   0.012263    16.7969    -1.8315     -2.197     0.0129    -1.1788 -9.990e-29
 208.829890     -2.203   0.012264    16.7975    -1.8319     -2.185     0.0129    -1.1789 -9.990e-29
 208.829896     -2.193   0.012265    16.7997    -1.8324     -2.175     0.0129    -1.1793 -9.990e-29
 208.829902     -2.185   0.012265    16.8031    -1.8326     -2.167     0.0129    -1.1799 -9.990e-29
 208.829907     -2.178   0.012266    16.8074    -1.8329     -2.160     0.0129    -1.1806 -9.990e-29
 208.829913     -2.172   0.012267    16.8116    -1.8330     -2.154     0.0129    -1.1813 -9.990e-29
 208.829919     -2.166   0.012267    16.8141    -1.8329     -2.148     0.0129    -1.1817 -9.990e-29
 208.829925     -2.161   0.012268    16.8135    -1.8329     -2.143     0.0129    -1.1816 -9.990e-29
 208.829931     -2.155   0.012269    16.8089    -1.8327     -2.137     0.0129    -1.1808 -9.990e-29
 208.829936     -2.149   0.012269    16.8006    -1.8327     -2.131     0.0129    -1.1794 -9.990e-29
 208.829942     -2.142   0.012270    16.7905    -1.8326     -2.124     0.0129    -1.1777 -9.990e-29
 208.829948     -2.133   0.012271    16.7807    -1.8326     -2.115     0.0129    -1.1760 -9.990e-29
 208.829954     -2.122   0.012272    16.7727    -1.8327     -2.104     0.0129    -1.1746 -9.990e-29
 208.829959     -2.108   0.012272    16.7672    -1.8326     -2.090     0.0129    -1.1737 -9.990e-29
 208.829965     -2.091   0.012273    16.7644    -1.8327     -2.074     0.0129    -1.1732 -9.990e-29
 208.829971     -2.073   0.012274    16.7641    -1.8329     -2.056     0.0129    -1.1732 -9.990e-29
 208.829977     -2.058   0.012274    16.7657    -1.8333     -2.041     0.0129    -1.1734 -9.990e-29
 208.829983     -2.045   0.012275    16.7681    -1.8340     -2.028     0.0129    -1.1739 -9.990e-29
 208.829988     -2.033   0.012276    16.7699    -1.8345     -2.016     0.0129    -1.1742 -9.990e-29
 208.829994     -2.021   0.012277    16.7710    -1.8347     -2.004     0.0129    -1.1744 -9.990e-29
 208.830000     -2.009   0.012277    16.7715    -1.8349     -1.992     0.0129    -1.1744 -9.990e-29
 208.830006     -1.995   0.012278    16.7712    -1.8349     -1.978     0.0129    -1.1744 -9.990e-29
 208.830012     -1.983   0.012279    16.7700    -1.8349     -1.966     0.0129    -1.1742 -9.990e-29
 208.830017     -1.972   0.012279    16.7668    -1.8350     -1.956     0.0129    -1.1736 -9.990e-29
 208.830023     -1.958   0.012280    16.7601    -1.8352     -1.942     0.0129    -1.1725 -9.990e-29
 208.830029     -1.944   0.012281    16.7495    -1.8354     -1.928     0.0129    -1.1707 -9.990e-29
 208.830035     -1.932   0.012281    16.7366    -1.8355     -1.916     0.0129    -1.1685 -9.990e-29
 208.830041     -1.924   0.012282    16.7252    -1.8356     -1.908     0.0129    -1.1665 -9.990e-29
 208.830046     -1.916   0.012283    16.7174    -1.8355     -1.900     0.0129    -1.1652 -9.990e-29
 208.830052     -1.911   0.012284    16.7129    -1.8353     -1.895     0.0129    -1.1644 -9.990e-29
 208.830058     -1.906   0.012284    16.7108    -1.8349     -1.890     0.0129    -1.1641 -9.990e-29
 208.830064     -1.902   0.012285    16.7093    -1.8348     -1.886     0.0129    -1.1638 -9.990e-29
 208.830069     -1.899   0.012286    16.7066    -1.8349     -1.883     0.0129    -1.1634 -9.990e-29
 208.830075     -1.895   0.012286    16.7025    -1.8348     -1.879     0.0129    -1.1627 -9.990e-29
 208.830081     -1.892   0.012287    16.6987    -1.8348     -1.876     0.0129    -1.1620 -9.990e-29
 208.830087     -1.889   0.012288    16.6959    -1.8348     -1.873     0.0129    -1.1615 -9.990e-29
 208.830093     -1.885   0.012288    16.6951    -1.8348     -1.869     0.0129    -1.1614 -9.990e-29
 208.830098     -1.880   0.012289    16.6974    -1.8347     -1.864     0.0129    -1.1618 -9.990e-29
 208.830104     -1.875   0.012290    16.7023    -1.8345     -1.859     0.0129    -1.1626 -9.990e-29
 208.830110     -1.872   0.012291    16.7071    -1.8344     -1.856     0.0129    -1.1634 -9.990e-29
 208.830116     -1.877   0.012291    16.7097    -1.8344     -1.861     0.0129    -1.1639 -9.990e-29
 208.830122     -1.881   0.012292    16.7112    -1.8344     -1.865     0.0129    -1.1641 -9.990e-29
 208.830127     -1.875   0.012293    16.7125    -1.8345     -1.859     0.0129    -1.1644 -9.990e-29
 208.830133     -1.863   0.012293    16.7133    -1.8345     -1.847     0.0129    -1.1645 -9.990e-29
 208.830139     -1.849   0.012294    16.7138    -1.8343     -1.834     0.0129    -1.1646 -9.990e-29
 208.830145     -1.833   0.012295    16.7154    -1.8340     -1.818     0.0129    -1.1648 -9.990e-29
 208.830150     -1.812   0.012296    16.7183    -1.8338     -1.797     0.0129    -1.1653 -9.990e-29
 208.830156     -1.791   0.012296    16.7215    -1.8335     -1.776     0.0129    -1.1659 -9.990e-29
 208.830162     -1.771   0.012297    16.7237    -1.8334     -1.756     0.0129    -1.1663 -9.990e-29
 208.830168     -1.752   0.012298    16.7245    -1.8336     -1.737     0.0129    -1.1664 -9.990e-29
 208.830174     -1.737   0.012298    16.7245    -1.8334     -1.723     0.0129    -1.1664 -9.990e-29
 208.830179     -1.724   0.012299    16.7249    -1.8333     -1.710     0.0129    -1.1665 -9.990e-29
 208.830185     -1.710   0.012300    16.7269    -1.8333     -1.696     0.0129    -1.1668 -9.990e-29
 208.830191     -1.696   0.012300    16.7311    -1.8337     -1.682     0.0129    -1.1675 -9.990e-29
 208.830197     -1.687   0.012301    16.7368    -1.8339     -1.673     0.0129    -1.1685 -9.990e-29
 208.830203     -1.681   0.012302    16.7425    -1.8340     -1.667     0.0129    -1.1695 -9.990e-29
 208.830208     -1.680   0.012303    16.7471    -1.8341     -1.666     0.0129    -1.1702 -9.990e-29
 208.830214     -1.677   0.012303    16.7497    -1.8345     -1.663     0.0129    -1.1707 -9.990e-29
 208.830220     -1.669   0.012304    16.7509    -1.8344     -1.655     0.0129    -1.1709 -9.990e-29
 208.830226     -1.659   0.012305    16.7523    -1.8344     -1.645     0.0129    -1.1711 -9.990e-29
 208.830231     -1.652   0.012305    16.7529    -1.8345     -1.638     0.0129    -1.1712 -9.990e-29
 208.830237     -1.646   0.012306    16.7505    -1.8348     -1.632     0.0129    -1.1708 -9.990e-29
 208.830243     -1.641   0.012307    16.7456    -1.8349     -1.627     0.0129    -1.1700 -9.990e-29
 208.830249     -1.638   0.012308    16.7408    -1.8349     -1.624     0.0129    -1.1692 -9.990e-29
 208.830255     -1.635   0.012309    16.7366    -1.8349     -1.621     0.0129    -1.1685 -9.990e-29
 208.830260     -1.632   0.012311    16.7322    -1.8350     -1.618     0.0129    -1.1677 -9.990e-29
 208.830266     -1.630   0.012317    16.7283    -1.8350     -1.616     0.0129    -1.1670 -9.990e-29
 208.830272     -1.629   0.012331    16.7263    -1.8353     -1.615     0.0129    -1.1667 -9.990e-29
 208.830278     -1.627   0.012372    16.7246    -1.8357     -1.613     0.0130    -1.1664 -9.990e-29
 208.830284     -1.626   0.012496    16.7213    -1.8359     -1.612     0.0130    -1.1658 -9.990e-29
 208.830289     -1.625   0.012866    16.7172    -1.8361     -1.611     0.0132    -1.1649 -9.990e-29
 208.830295     -1.623   0.013421    16.7140    -1.8365     -1.609     0.0134    -1.1642 -9.990e-29
 208.830301     -1.621   0.013791    16.7122    -1.8371     -1.607     0.0136    -1.1638 -9.990e-29
 208.830307     -1.619   0.013915    16.7109    -1.8376     -1.605     0.0137    -1.1635 -9.990e-29
 208.830312     -1.617   0.013957    16.7091    -1.8375     -1.604     0.0137    -1.1632 -9.990e-29
 208.830318     -1.614   0.013971    16.7057    -1.8374     -1.601     0.0137    -1.1626 -9.990e-29
 208.830324     -1.610   0.013977    16.6994    -1.8372     -1.597     0.0137    -1.1615 -9.990e-29
 208.830330     -1.605   0.013980    16.6916    -1.8373     -1.592     0.0137    -1.1602 -9.990e-29
 208.830336     -1.599   0.013982    16.6841    -1.8373     -1.586     0.0137    -1.1589 -9.990e-29
 208.830341     -1.591   0.013984    16.6761    -1.8376     -1.578     0.0137    -1.1575 -9.990e-29
 208.830347     -1.581   0.013985    16.6661    -1.8379     -1.568     0.0137    -1.1558 -9.990e-29
 208.830353     -1.569   0.013987    16.6553    -1.8382     -1.556     0.0137    -1.1540 -9.990e-29
 208.830359     -1.552   0.013988    16.6476    -1.8383     -1.539     0.0137    -1.1527 -9.990e-29
 208.830365     -1.536   0.013990    16.6448    -1.8381     -1.523     0.0137    -1.1522 -9.990e-29
 208.830370     -1.522   0.013992    16.6452    -1.8380     -1.509     0.0137    -1.1523 -9.990e-29
 208.830376     -1.510   0.013994    16.6463    -1.8384     -1.497     0.0137    -1.1525 -9.990e-29
 208.830382     -1.499   0.013997    16.6461    -1.8395     -1.486     0.0137    -1.1524 -9.990e-29
 208.830388     -1.488   0.014003    16.6435    -1.8406     -1.476     0.0137    -1.1520 -9.990e-29
 208.830394     -1.478   0.014020    16.6383    -1.8409     -1.466     0.0137    -1.1511 -9.990e-29
 208.830399     -1.466   0.014067    16.6317    -1.8407     -1.454     0.0137    -1.1500 -9.990e-29
 208.830405     -1.457   0.014204    16.6258    -1.5591     -1.445     0.0138    -1.1489 -9.990e-29
 208.830411     -1.450   0.014614    16.6231    -1.6075     -1.438     0.0140    -1.1483 -9.990e-29
 208.830417     -1.437   0.015840    16.6227    -1.6384     -1.425     0.0146    -1.1478 -9.990e-29
 208.830422     -1.415   0.019516    16.6188    -1.6452     -1.403     0.0163    -1.1458 -9.990e-29
 208.830428     -1.393   0.030541    16.6046    -1.6427     -1.381     0.0218    -1.1391 -9.990e-29
 208.830434     -1.374   0.063613    16.5770    -1.6446     -1.363     0.0391    -1.1211 -9.990e-29
 208.830440     -1.355   0.162825    16.5333    -1.6460     -1.344     0.0940    -1.0713 -9.990e-29
 208.830446     -1.332   0.460459    16.4486    -1.6460     -1.321     0.2683    -0.9225 -9.990e-29
 208.830451     -1.299   1.353356    16.2234    -1.6503     -1.288     0.8255    -0.4555 -9.990e-29
 208.830457     -1.257   4.032044    15.5605    -1.6485     -1.247     2.6546     1.0599 -9.990e-29
 208.830463     -1.210  12.068107    14.4082    -1.6478     -1.200     8.8487     5.9999 -9.990e-29
 208.830469     -1.153  24.261593    13.3386    -1.6474     -1.143    19.4430    14.3182 -9.990e-29
 208.830475     -1.088  32.661996    12.7547    -1.6469     -1.079    27.3878    20.5496 -9.990e-29
 208.830480     -1.023  35.692788    12.5151    -1.6468     -1.014    30.4106    22.9322 -9.990e-29
 208.830486     -0.966  36.789105    12.4026    -1.6480     -0.958    31.5444    23.8316 -9.990e-29
 208.830492     -0.914  37.210022    12.3212    -1.6519     -0.906    32.0154    24.2120 -9.990e-29
 208.830498     -0.861  37.376850    12.2417    -1.6547     -0.854    32.2435    24.4038 -9.990e-29
 208.830503     -0.805  37.464516    12.1775    -1.6557     -0.798    32.3832    24.5242 -9.990e-29
 208.830509     -0.753  37.541836    12.1666    -1.6526     -0.747    32.4670    24.5912 -9.990e-29
 208.830515     -0.710  37.594385    12.1970    -1.6487     -0.704    32.4912    24.6042 -9.990e-29
 208.830521     -0.673  37.600471    12.2229    -1.6485     -0.667    32.4745    24.5865 -9.990e-29
 208.830527     -0.635  37.562139    12.2289    -1.6486     -0.630    32.4325    24.5527 -9.990e-29
 208.830532     -0.594  37.532539    12.2153    -1.6499     -0.589    32.4158    24.5423 -9.990e-29
 208.830538     -0.543  37.531103    12.1672    -1.6509     -0.538    32.4561    24.5826 -9.990e-29
 208.830544     -0.478  37.523531    12.0736    -1.6506     -0.474    32.5302    24.6577 -9.990e-29
 208.830550     -0.410  37.509899    11.9776    -1.6511     -0.407    32.6008    24.7304 -9.990e-29
 208.830556     -0.350  37.540989    11.9650    -1.6509     -0.347    32.6419    24.7646 -9.990e-29
 208.830561     -0.307  37.613530    12.0510    -1.6492     -0.304    32.6367    24.7446 -9.990e-29
 208.830567     -0.282  37.618239    12.1451    -1.6489     -0.280    32.5591    24.6667 -9.990e-29
 208.830573     -0.271  37.534603    12.1727    -1.6491     -0.269    32.4546    24.5804 -9.990e-29
 208.830579     -0.264  37.472972    12.1461    -1.6503     -0.262    32.4183    24.5573 -9.990e-29
 208.830584     -0.256  37.496321    12.1104    -1.6489     -0.254    32.4718    24.6055 -9.990e-29
 208.830590     -0.246  37.563082    12.0977    -1.6470     -0.244    32.5472    24.6664 -9.990e-29
 208.830596     -0.234  37.601648    12.1129    -1.6490     -0.232    32.5712    24.6821 -9.990e-29
 208.830602     -0.224  37.582887    12.1313    -1.6490     -0.222    32.5370    24.6522 -9.990e-29
 208.830608     -0.218  37.519952    12.1333    -1.6497     -0.216    32.4747    24.6034 -9.990e-29
 208.830613     -0.218  37.469576    12.1236    -1.6499     -0.216    32.4346    24.5741 -9.990e-29
 208.830619     -0.222  37.495718    12.1186    -1.6487     -0.220    32.4641    24.5980 -9.990e-29
 208.830625     -0.226  37.579572    12.1299    -1.6499     -0.224    32.5351    24.6509 -9.990e-29
 208.830631     -0.227  37.630328    12.1531    -1.6497     -0.225    32.5638    24.6688 -9.990e-29
 208.830637     -0.225  37.600964    12.1701    -1.6520     -0.223    32.5207    24.6322 -9.990e-29
 208.830642     -0.220  37.545375    12.1635    -1.6530     -0.218    32.4729    24.5964 -9.990e-29
 208.830648     -0.211  37.550245    12.1426    -1.6543     -0.209    32.4958    24.6180 -9.990e-29
 208.830654     -0.201  37.608168    12.1349    -1.6572     -0.199    32.5583    24.6680 -9.990e-29
 208.830660     -0.200  37.641918    12.1445    -1.6547     -0.198    32.5824    24.6849 -9.990e-29
 208.830666     -0.206  37.618749    12.1480    -1.6556     -0.204    32.5570    24.6646 -9.990e-29
 208.830671     -0.212  37.561054    12.1310    -1.6565     -0.210    32.5163    24.6361 -9.990e-29
 208.830677     -0.214  37.541511    12.1100    -1.6595     -0.212    32.5157    24.6396 -9.990e-29
 208.830683     -0.212  37.580634    12.1040    -1.6626     -0.210    32.5587    24.6741 -9.990e-29
 208.830689     -0.205  37.598527    12.1032    -1.6650     -0.203    32.5766    24.6882 -9.990e-29
 208.830694     -0.194  37.536825    12.0850    -1.6631     -0.192    32.5330    24.6577 -9.990e-29
 208.830700     -0.177  37.423099    12.0372    -1.6607     -0.176    32.4648    24.6138 -9.990e-29
 208.830706     -0.159  37.340982    11.9871    -1.6610     -0.158    32.4291    24.5954 -9.990e-29
 208.830712     -0.145  37.333932    11.9725    -1.6607     -0.144    32.4350    24.6027 -9.990e-29
 208.830718     -0.140  37.369673    11.9774    -1.6604     -0.139    32.4653    24.6252 -9.990e-29
 208.830723     -0.143  37.376119    11.9616    -1.6600     -0.142    32.4853    24.6437 -9.990e-29
 208.830729     -0.150  37.311563    11.9027    -1.6605     -0.149    32.4741    24.6460 -9.990e-29
 208.830735     -0.153  37.217688    11.8143    -1.6609     -0.152    32.4603    24.6516 -9.990e-29
 208.830741     -0.148  37.166507    11.7485    -1.6612     -0.147    32.4681    24.6697 -9.990e-29
 208.830747     -0.140  37.185603    11.7397    -1.6597     -0.139    32.4943    24.6917 -9.990e-29
