data/oxygen options/OCNMS/OCNMS1/raw_data/2017/CAST_CE042_170926faed.cnv
* Sea-Bird SBE 19 Data File:
* FileName = C:\2017 Mooring Data\Casts\CAST_CE042_170926.hex
* Software Version SeatermAF 2.1.2
* Temperature SN = 2997
* Conductivity SN = 2997
* System UpLoad Time = Sep 26 2017 17:12:36 (localtime) = Sep 26 2017 17:12:36 (UTC)
** CAST_CE042_170926
* ds
# nquan = 9                                 
# nvalues = 1247                        
# units = specified
# name 0 = timeJ: Julian Days
# name 1 = prSM: Pressure, Strain Gauge [db]
# name 2 = c0mS/cm: Conductivity [mS/cm]
# name 3 = t090C: Temperature [ITS-90, deg C]
# name 4 = sbeox0ML/L: Oxygen, SBE 43 [ml/l]
# name 5 = depSM: Depth [salt water, m], lat = 47.5
# name 6 = sal00: Salinity, Practical [PSU]
# name 7 = sigma-é00: Density [sigma-theta, kg/m^3]
# name 8 = flag: flag
# span 0 = 269.684456, 269.691667       
# span 1 =     -5.083,     46.798       
# span 2 =   0.007670,  38.634921       
# span 3 =     8.2993,    15.0789       
# span 4 =    -1.9086,    13.2011       
# span 5 =     -5.041,     46.402       
# span 6 =     0.0103,    33.6477       
# span 7 =    -0.9017,    26.1667       
# span 8 = 0.0000e+00, 0.0000e+00       
# interval = seconds: 0.5
# start_time = Sep 26 2017 16:25:37 [Instrument's time stamp, header]
# bad_flag = -9.990e-29
*END*
[from data line 161]
 269.685388     -2.037   0.008123    14.8262    -1.9076     -2.020     0.0105    -0.8648 -9.990e-29
 269.685394     -2.025   0.008398    14.8265    -1.9075     -2.008     0.0106    -0.8648 -9.990e-29
 269.685399     -2.008   0.008560    14.8252    -1.9074     -1.991     0.0107    -0.8645 -9.990e-29
 269.685405     -1.994   0.008825    14.8224    -1.9072     -1.977     0.0108    -0.8640 -9.990e-29
 269.685411     -1.987   0.008989    14.8200    -1.9071     -1.970     0.0109    -0.8636 -9.990e-29
 269.685417     -1.981   0.008716    14.8190    -1.9071     -1.964     0.0107    -0.8635 -9.990e-29
 269.685422     -1.967   0.008195    14.8181    -1.9073     -1.951     0.0105    -0.8636 -9.990e-29
 269.685428     -1.946   0.007840    14.8167    -1.9074     -1.930     0.0103    -0.8635 -9.990e-29
 269.685434     -1.923   0.007731    14.8163    -1.9074     -1.907     0.0103    -0.8635 -9.990e-29
 269.685440     -1.902   0.007723    14.8180    -1.9073     -1.886     0.0103    -0.8637 -9.990e-29
 269.685446     -1.882   0.007802    14.8212    -1.9071     -1.866     0.0103    -0.8642 -9.990e-29
 269.685451     -1.861   0.008076    14.8243    -1.9070     -1.845     0.0104    -0.8646 -9.990e-29
 269.685457     -1.846   0.008354    14.8265    -1.9069     -1.831     0.0106    -0.8648 -9.990e-29
 269.685463     -1.845   0.008453    14.8276    -1.9067     -1.830     0.0106    -0.8649 -9.990e-29
 269.685469     -1.849   0.008502    14.8271    -1.9065     -1.834     0.0106    -0.8648 -9.990e-29
 269.685475     -1.850   0.008568    14.8254    -1.9063     -1.835     0.0107    -0.8645 -9.990e-29
 269.685480     -1.849   0.008736    14.8240    -1.9061     -1.834     0.0107    -0.8643 -9.990e-29
 269.685486     -1.844   0.008677    14.8243    -1.9060     -1.829     0.0107    -0.8643 -9.990e-29
 269.685492     -1.837   0.008312    14.8264    -1.9058     -1.822     0.0105    -0.8648 -9.990e-29
 269.685498     -1.826   0.008260    14.8296    -1.9058     -1.811     0.0105    -0.8653 -9.990e-29
 269.685503     -1.810   0.008452    14.8333    -1.9057     -1.795     0.0106    -0.8658 -9.990e-29
 269.685509     -1.789   0.008589    14.8374    -1.9055     -1.774     0.0107    -0.8663 -9.990e-29
 269.685515     -1.765   0.008854    14.8417    -1.9054     -1.750     0.0108    -0.8669 -9.990e-29
 269.685521     -1.746   0.009045    14.8461    -1.9055     -1.731     0.0109    -0.8675 -9.990e-29
 269.685527     -1.735   0.008861    14.8506    -1.9057     -1.721     0.0108    -0.8682 -9.990e-29
 269.685532     -1.731   0.008613    14.8549    -1.9059     -1.717     0.0107    -0.8689 -9.990e-29
 269.685538     -1.729   0.008521    14.8587    -1.9060     -1.715     0.0106    -0.8695 -9.990e-29
 269.685544     -1.724   0.008464    14.8618    -1.9060     -1.710     0.0106    -0.8700 -9.990e-29
 269.685550     -1.718   0.008363    14.8647    -1.9061     -1.704     0.0106    -0.8705 -9.990e-29
 269.685556     -1.709   0.008083    14.8674    -1.9059     -1.695     0.0105    -0.8710 -9.990e-29
 269.685561     -1.701   0.007805    14.8697    -1.9058     -1.687     0.0103    -0.8714 -9.990e-29
 269.685567     -1.694   0.007713    14.8706    -1.9056     -1.680     0.0103    -0.8716 -9.990e-29
 269.685573     -1.682   0.007683    14.8695    -1.9055     -1.668     0.0103    -0.8714 -9.990e-29
 269.685579     -1.669   0.007674    14.8667    -1.9053     -1.655     0.0103    -0.8710 -9.990e-29
 269.685584     -1.659   0.007671    14.8635    -1.9052     -1.645     0.0103    -0.8705 -9.990e-29
 269.685590     -1.652   0.007670    14.8613    -1.9050     -1.638     0.0103    -0.8702 -9.990e-29
 269.685596     -1.646   0.007670    14.8603    -1.9048     -1.632     0.0103    -0.8701 -9.990e-29
 269.685602     -1.641   0.007670    14.8604    -1.9046     -1.627     0.0103    -0.8701 -9.990e-29
 269.685608     -1.637   0.007671    14.8621    -1.9046     -1.623     0.0103    -0.8703 -9.990e-29
 269.685613     -1.634   0.007671    14.8651    -1.9045     -1.620     0.0103    -0.8708 -9.990e-29
 269.685619     -1.631   0.007672    14.8687    -1.9044     -1.617     0.0103    -0.8713 -9.990e-29
 269.685625     -1.628   0.007672    14.8725    -1.9042     -1.614     0.0103    -0.8719 -9.990e-29
 269.685631     -1.626   0.007673    14.8763    -1.9043     -1.612     0.0103    -0.8724 -9.990e-29
 269.685637     -1.624   0.007675    14.8803    -1.9044     -1.610     0.0103    -0.8730 -9.990e-29
 269.685642     -1.622   0.007678    14.8845    -1.9046     -1.608     0.0103    -0.8737 -9.990e-29
 269.685648     -1.619   0.007688    14.8887    -1.9046     -1.605     0.0103    -0.8743 -9.990e-29
 269.685654     -1.616   0.007717    14.8922    -1.9047     -1.603     0.0103    -0.8748 -9.990e-29
 269.685660     -1.613   0.007803    14.8949    -1.9047     -1.600     0.0103    -0.8752 -9.990e-29
 269.685666     -1.608   0.008059    14.8973    -1.9045     -1.595     0.0105    -0.8754 -9.990e-29
 269.685671     -1.602   0.008271    14.8995    -1.9046     -1.589     0.0105    -0.8757 -9.990e-29
 269.685677     -1.595   0.008169    14.9009    -1.9045     -1.582     0.0105    -0.8759 -9.990e-29
 269.685683     -1.586   0.008170    14.9006    -1.9045     -1.573     0.0105    -0.8759 -9.990e-29
 269.685689     -1.574   0.008274    14.8988    -1.9045     -1.561     0.0105    -0.8756 -9.990e-29
 269.685694     -1.559   0.008063    14.8965    -1.9044     -1.546     0.0105    -0.8753 -9.990e-29
 269.685700     -1.544   0.007811    14.8946    -1.9044     -1.531     0.0103    -0.8751 -9.990e-29
 269.685706     -1.532   0.007736    14.8935    -1.9046     -1.519     0.0103    -0.8750 -9.990e-29
 269.685712     -1.523   0.007737    14.8934    -1.9047     -1.510     0.0103    -0.8750 -9.990e-29
 269.685718     -1.520   0.007813    14.8943    -1.9049     -1.507     0.0103    -0.8751 -9.990e-29
 269.685723     -1.519   0.008066    14.8955    -1.9050     -1.506     0.0105    -0.8752 -9.990e-29
 269.685729     -1.511   0.008277    14.8967    -1.9054     -1.498     0.0106    -0.8753 -9.990e-29
 269.685735     -1.500   0.008175    14.8977    -1.9055     -1.487     0.0105    -0.8755 -9.990e-29
 269.685741     -1.490   0.008175    14.8983    -1.9056     -1.478     0.0105    -0.8755 -9.990e-29
 269.685747     -1.484   0.008278    14.8982    -1.9057     -1.472     0.0106    -0.8755 -9.990e-29
 269.685752     -1.482   0.008067    14.8973    -1.9057     -1.470     0.0105    -0.8754 -9.990e-29
 269.685758     -1.474   0.007814    14.8952    -1.9057     -1.462     0.0103    -0.8752 -9.990e-29
 269.685764     -1.462   0.007734    14.8919    -1.9055     -1.450     0.0103    -0.8747 -9.990e-29
 269.685770     -1.452   0.007720    14.8877    -1.9054     -1.440     0.0103    -0.8741 -9.990e-29
 269.685775     -1.447   0.007752    14.8827    -1.9053     -1.435     0.0103    -0.8734 -9.990e-29
 269.685781     -1.445   0.007873    14.8775    -1.9054     -1.433     0.0104    -0.8725 -9.990e-29
 269.685787     -1.439   0.008242    14.8733    -1.9053     -1.427     0.0105    -0.8718 -9.990e-29
 269.685793     -1.430   0.008798    14.8708    -1.9054     -1.418     0.0108    -0.8712 -9.990e-29
 269.685799     -1.417   0.009173    14.8696    -1.9056     -1.405     0.0110    -0.8709 -9.990e-29
 269.685804     -1.404   0.009312    14.8694    -1.9058     -1.392     0.0110    -0.8708 -9.990e-29
 269.685810     -1.393   0.009399    14.8704    -1.9058     -1.381     0.0111    -0.8709 -9.990e-29
 269.685816     -1.385   0.009550    14.8723    -1.9059     -1.373     0.0111    -0.8712 -9.990e-29
 269.685822     -1.379   0.009967    14.8743    -1.9059     -1.367     0.0113    -0.8713 -9.990e-29
 269.685828     -1.374   0.010651    14.8756    -1.9057     -1.363     0.0117    -0.8713 -9.990e-29
 269.685833     -1.370   0.011404    14.8760    -1.9056     -1.359     0.0120    -0.8710 -9.990e-29
 269.685839     -1.367   0.012123    14.8754    -1.9054     -1.356     0.0124    -0.8707 -9.990e-29
 269.685845     -1.365   0.012657    14.8735    -1.9053     -1.354     0.0126    -0.8702 -9.990e-29
 269.685851     -1.363   0.013164    14.8705    -1.9053     -1.352     0.0129    -0.8695 -9.990e-29
 269.685856     -1.361   0.013764    14.8674    -1.9053     -1.350     0.0132    -0.8689 -9.990e-29
 269.685862     -1.359   0.014148    14.8653    -1.9054     -1.348     0.0133    -0.8684 -9.990e-29
 269.685868     -1.358   0.014273    14.8643    -1.9053     -1.347     0.0134    -0.8682 -9.990e-29
 269.685874     -1.357   0.014307    14.8648    -1.9052     -1.346     0.0134    -0.8683 -9.990e-29
 269.685880     -1.355   0.014294    14.8669    -1.9050     -1.344     0.0134    -0.8686 -9.990e-29
 269.685885     -1.354   0.014216    14.8700    -1.9048     -1.343     0.0134    -0.8691 -9.990e-29
 269.685891     -1.352   0.013968    14.8732    -1.9046     -1.341     0.0133    -0.8696 -9.990e-29
 269.685897     -1.350   0.013775    14.8757    -1.9045     -1.339     0.0132    -0.8701 -9.990e-29
 269.685903     -1.348   0.013933    14.8768    -1.9042     -1.337     0.0132    -0.8702 -9.990e-29
 269.685909     -1.345   0.014097    14.8769    -1.9042     -1.334     0.0133    -0.8701 -9.990e-29
 269.685914     -1.341   0.013932    14.8770    -1.9041     -1.330     0.0132    -0.8702 -9.990e-29
 269.685920     -1.337   0.013775    14.8783    -1.9041     -1.326     0.0132    -0.8705 -9.990e-29
 269.685926     -1.331   0.013969    14.8814    -1.9039     -1.320     0.0133    -0.8709 -9.990e-29
 269.685932     -1.323   0.014218    14.8857    -1.9040     -1.312     0.0134    -0.8714 -9.990e-29
 269.685938     -1.313   0.014301    14.8901    -1.9041     -1.302     0.0134    -0.8720 -9.990e-29
 269.685943     -1.305   0.014329    14.8942    -1.9041     -1.294     0.0134    -0.8726 -9.990e-29
 269.685949     -1.302   0.014338    14.8984    -1.9040     -1.291     0.0135    -0.8733 -9.990e-29
 269.685955     -1.300   0.014341    14.9023    -1.9040     -1.289     0.0135    -0.8738 -9.990e-29
 269.685961     -1.294   0.014342    14.9051    -1.9039     -1.283     0.0135    -0.8743 -9.990e-29
 269.685966     -1.289   0.014342    14.9069    -1.9037     -1.278     0.0135    -0.8745 -9.990e-29
 269.685972     -1.288   0.014342    14.9086    -1.9036     -1.277     0.0135    -0.8748 -9.990e-29
 269.685978     -1.287   0.014342    14.9098    -1.9034     -1.276     0.0135    -0.8750 -9.990e-29
 269.685984     -1.281   0.014342    14.9096    -1.9033     -1.270     0.0135    -0.8749 -9.990e-29
 269.685990     -1.270   0.014342    14.9089    -1.9032     -1.259     0.0135    -0.8748 -9.990e-29
 269.685995     -1.254   0.014342    14.9090    -1.9030     -1.244     0.0135    -0.8748 -9.990e-29
 269.686001     -1.236   0.014342    14.9101    -1.9028     -1.226     0.0135    -0.8750 -9.990e-29
 269.686007     -1.219   0.014342    14.9119    -1.9026     -1.209     0.0135    -0.8753 -9.990e-29
 269.686013     -1.201   0.014342    14.9143    -1.9026     -1.191     0.0135    -0.8756 -9.990e-29
 269.686019     -1.186   0.014342    14.9173    -1.9026     -1.176     0.0135    -0.8761 -9.990e-29
 269.686024     -1.173   0.014342    14.9213    -1.9029     -1.163     0.0135    -0.8767 -9.990e-29
 269.686030     -1.157   0.014342    14.9256    -1.9033     -1.147     0.0135    -0.8773 -9.990e-29
 269.686036     -1.142   0.014342    14.9293    -1.9036     -1.132     0.0135    -0.8779 -9.990e-29
 269.686042     -1.129   0.014342    14.9326    -1.9037     -1.120     0.0135    -0.8784 -9.990e-29
 269.686047     -1.120   0.014342    14.9363    -1.9038     -1.111     0.0135    -0.8789 -9.990e-29
 269.686053     -1.113   0.014342    14.9402    -1.9038     -1.104     0.0135    -0.8795 -9.990e-29
 269.686059     -1.107   0.014342    14.9433    -1.9037     -1.098     0.0135    -0.8800 -9.990e-29
 269.686065     -1.102   0.014342    14.9443    -1.9036     -1.093     0.0135    -0.8801 -9.990e-29
 269.686071     -1.099   0.014342    14.9422    -1.9036     -1.090     0.0135    -0.8798 -9.990e-29
 269.686076     -1.096   0.014342    14.9369    -1.9035     -1.087     0.0135    -0.8790 -9.990e-29
 269.686082     -1.094   0.014342    14.9301    -1.9033     -1.085     0.0135    -0.8780 -9.990e-29
 269.686088     -1.092   0.014342    14.9242    -1.9033     -1.083     0.0135    -0.8771 -9.990e-29
 269.686094     -1.090   0.014342    14.9200    -1.9031     -1.081     0.0135    -0.8765 -9.990e-29
 269.686100     -1.089   0.014342    14.9178    -1.9030     -1.080     0.0135    -0.8762 -9.990e-29
 269.686105     -1.088   0.014341    14.9174    -1.9030     -1.079     0.0135    -0.8761 -9.990e-29
 269.686111     -1.086   0.014340    14.9186    -1.9032     -1.077     0.0135    -0.8763 -9.990e-29
 269.686117     -1.085   0.014337    14.9206    -1.9035     -1.076     0.0135    -0.8766 -9.990e-29
 269.686123     -1.084   0.014328    14.9228    -1.9040     -1.075     0.0135    -0.8769 -9.990e-29
 269.686128     -1.082   0.014301    14.9253    -1.9041     -1.073     0.0134    -0.8773 -9.990e-29
 269.686134     -1.080   0.014219    14.9278    -1.9042     -1.071     0.0134    -0.8777 -9.990e-29
 269.686140     -1.078   0.013972    14.9301    -1.9043     -1.069     0.0133    -0.8781 -9.990e-29
 269.686146     -1.075   0.013786    14.9322    -1.9044     -1.066     0.0132    -0.8785 -9.990e-29
 269.686152     -1.071   0.013966    14.9335    -1.9043     -1.062     0.0133    -0.8787 -9.990e-29
 269.686157     -1.067   0.014199    14.9328    -1.9043     -1.058     0.0134    -0.8785 -9.990e-29
 269.686163     -1.061   0.014240    14.9294    -1.9043     -1.052     0.0134    -0.8779 -9.990e-29
 269.686169     -1.053   0.014144    14.9235    -1.9043     -1.044     0.0134    -0.8771 -9.990e-29
 269.686175     -1.044   0.013783    14.9167    -1.9043     -1.035     0.0132    -0.8762 -9.990e-29
 269.686181     -1.036   0.013232    14.9112    -1.9041     -1.027     0.0129    -0.8756 -9.990e-29
 269.686186     -1.033   0.012864    14.9077    -1.9040     -1.024     0.0127    -0.8752 -9.990e-29
 269.686192     -1.031   0.012742    14.9054    -1.9036     -1.022     0.0127    -0.8749 -9.990e-29
 269.686198     -1.025   0.012701    14.9042    -1.9033     -1.016     0.0126    -0.8748 -9.990e-29
 269.686204     -1.020   0.012687    14.9038    -1.9030     -1.011     0.0126    -0.8747 -9.990e-29
 269.686209     -1.019   0.012683    14.9038    -1.9028     -1.010     0.0126    -0.8747 -9.990e-29
 269.686215     -1.018   0.012681    14.9040    -1.9029     -1.010     0.0126    -0.8747 -9.990e-29
 269.686221     -1.013   0.012680    14.9051    -1.9029     -1.005     0.0126    -0.8749 -9.990e-29
 269.686227     -1.002   0.012680    14.9074    -1.9029     -0.994     0.0126    -0.8752 -9.990e-29
 269.686233     -0.991   0.012680    14.9109    -1.9029     -0.983     0.0126    -0.8758 -9.990e-29
 269.686238     -0.982   0.012680    14.9158    -1.9028     -0.974     0.0126    -0.8765 -9.990e-29
 269.686244     -0.975   0.012680    14.9219    -1.9027     -0.967     0.0126    -0.8774 -9.990e-29
 269.686250     -0.970   0.012680    14.9286    -1.9025     -0.962     0.0126    -0.8784 -9.990e-29
 269.686256     -0.961   0.012680    14.9348    -1.9025     -0.953     0.0126    -0.8793 -9.990e-29
 269.686262     -0.949   0.012680    14.9388    -1.9025     -0.941     0.0126    -0.8799 -9.990e-29
 269.686267     -0.936   0.012680    14.9404    -1.9026     -0.928     0.0126    -0.8802 -9.990e-29
 269.686273     -0.923   0.012680    14.9408    -1.9029     -0.915     0.0126    -0.8802 -9.990e-29
 269.686279     -0.911   0.012680    14.9411    -1.9030     -0.903     0.0126    -0.8803 -9.990e-29
 269.686285     -0.906   0.012680    14.9419    -1.9029     -0.898     0.0126    -0.8804 -9.990e-29
 269.686291     -0.906   0.012680    14.9436    -1.9029     -0.898     0.0126    -0.8807 -9.990e-29
 269.686296     -0.908   0.012680    14.9460    -1.9028     -0.900     0.0127    -0.8810 -9.990e-29
 269.686302     -0.907   0.012680    14.9484    -1.9027     -0.899     0.0127    -0.8814 -9.990e-29
