data/oxygen options/OCNMS/OCNMS1/raw_data/2017/CAST_MB042_170725faed.cnv
* Sea-Bird SBE 19 Data File:
* FileName = C:\2017 Mooring Data\Casts\CAST_MB042_170725.hex
* Software Version SeatermAF 2.1.2
* Temperature SN = 2997
* Conductivity SN = 2997
* System UpLoad Time = Jul 25 2017 21:54:23 (localtime) = Jul 25 2017 21:54:23 (UTC)
** CAST_MB042_170725
* ds
# nquan = 9                                 
# nvalues = 1473                        
# units = specified
# name 0 = timeJ: Julian Days
# name 1 = prSM: Pressure, Strain Gauge [db]
# name 2 = c0mS/cm: Conductivity [mS/cm]
# name 3 = t090C: Temperature [ITS-90, deg C]
# name 4 = sbeox0ML/L: Oxygen, SBE 43 [ml/l]
# name 5 = depSM: Depth [salt water, m], lat = 47.5
# name 6 = sal00: Salinity, Practical [PSU]
# name 7 = sigma-é00: Density [sigma-theta, kg/m^3]
# name 8 = flag: flag
# span 0 = 206.834907, 206.843426       
# span 1 =     -5.351,     42.877       
# span 2 =   0.432279,  37.396121       
# span 3 =     7.3162,    15.1316       
# span 4 =    -1.9942,    12.5079       
# span 5 =     -5.306,     42.515       
# span 6 =     0.2595,    33.9035       
# span 7 =    -0.7160,    26.5113       
# span 8 = 0.0000e+00, 0.0000e+00       
# interval = seconds: 0.5
# start_time = Jul 25 2017 20:02:16 [Instrument's time stamp, header]
# bad_flag = -9.990e-29
*END*
 206.834907     -5.351 -9.990e-29    14.4838    -1.9145     -5.306 -9.990e-29 -9.990e-29 -9.990e-29
 206.834913     -5.338   0.540953    14.4847    -1.9142     -5.294     0.3320    -0.5650 -9.990e-29
 206.834919     -5.321   0.542763    14.4864    -1.9140     -5.277     0.3332    -0.5644 -9.990e-29
 206.834925     -5.299   0.544499    14.4896    -1.9141     -5.255     0.3342    -0.5640 -9.990e-29
 206.834931     -5.272   0.545147    14.4940    -1.9146     -5.228     0.3346    -0.5644 -9.990e-29
 206.834936     -5.240   0.544833    14.4997    -1.9146     -5.196     0.3344    -0.5654 -9.990e-29
 206.834942     -5.211   0.544249    14.5067    -1.9146     -5.168     0.3339    -0.5668 -9.990e-29
 206.834948     -5.188   0.544095    14.5144    -1.9150     -5.145     0.3338    -0.5680 -9.990e-29
 206.834954     -5.168   0.544719    14.5224    -1.9157     -5.125     0.3341    -0.5689 -9.990e-29
 206.834959     -5.151   0.545662    14.5308    -1.9159     -5.108     0.3346    -0.5697 -9.990e-29
 206.834965     -5.135   0.545964    14.5380    -1.9157     -5.092     0.3348    -0.5707 -9.990e-29
 206.834971     -5.120   0.544918    14.5416    -1.9154     -5.077     0.3341    -0.5718 -9.990e-29
 206.834977     -5.104   0.542792    14.5403    -1.9150     -5.061     0.3327    -0.5726 -9.990e-29
 206.834983     -5.087   0.540634    14.5359    -1.9149     -5.045     0.3314    -0.5730 -9.990e-29
 206.834988     -5.067   0.539444    14.5319    -1.9146     -5.025     0.3307    -0.5730 -9.990e-29
 206.834994     -5.043   0.539300    14.5274    -1.9144     -5.001     0.3306    -0.5723 -9.990e-29
 206.835000     -5.014   0.539456    14.5200    -1.9146     -4.972     0.3308    -0.5711 -9.990e-29
 206.835006     -4.978   0.539565    14.5121    -1.9146     -4.937     0.3309    -0.5699 -9.990e-29
 206.835012     -4.936   0.539772    14.5082    -1.9147     -4.895     0.3311    -0.5692 -9.990e-29
 206.835017     -4.895   0.540355    14.5098    -1.9150     -4.854     0.3315    -0.5691 -9.990e-29
 206.835023     -4.857   0.541536    14.5150    -1.9156     -4.817     0.3322    -0.5694 -9.990e-29
 206.835029     -4.818   0.542673    14.5217    -1.9157     -4.778     0.3328    -0.5698 -9.990e-29
 206.835035     -4.777   0.542511    14.5282    -1.9157     -4.737     0.3327    -0.5709 -9.990e-29
 206.835041     -4.734   0.540835    14.5337    -1.9154     -4.695     0.3316    -0.5726 -9.990e-29
 206.835046     -4.697   0.538737    14.5368    -1.9151     -4.658     0.3302    -0.5741 -9.990e-29
 206.835052     -4.666   0.537299    14.5367    -1.9150     -4.627     0.3293    -0.5747 -9.990e-29
 206.835058     -4.641   0.536822    14.5348    -1.9146     -4.602     0.3290    -0.5747 -9.990e-29
 206.835064     -4.618   0.536671    14.5310    -1.9144     -4.580     0.3289    -0.5742 -9.990e-29
 206.835069     -4.598   0.536089    14.5242    -1.9142     -4.560     0.3286    -0.5734 -9.990e-29
 206.835075     -4.578   0.535409    14.5169    -1.9140     -4.540     0.3283    -0.5727 -9.990e-29
 206.835081     -4.558   0.535387    14.5130    -1.9137     -4.520     0.3283    -0.5721 -9.990e-29
 206.835087     -4.535   0.535993    14.5139    -1.9137     -4.497     0.3287    -0.5719 -9.990e-29
 206.835093     -4.509   0.536373    14.5183    -1.9138     -4.471     0.3289    -0.5724 -9.990e-29
 206.835098     -4.478   0.535928    14.5240    -1.9139     -4.441     0.3285    -0.5735 -9.990e-29
 206.835104     -4.444   0.535172    14.5299    -1.9140     -4.407     0.3280    -0.5747 -9.990e-29
 206.835110     -4.414   0.534760    14.5360    -1.9140     -4.377     0.3277    -0.5759 -9.990e-29
 206.835116     -4.390   0.534696    14.5422    -1.9141     -4.353     0.3276    -0.5769 -9.990e-29
 206.835122     -4.370   0.534343    14.5480    -1.9143     -4.334     0.3273    -0.5779 -9.990e-29
 206.835127     -4.353   0.533230    14.5529    -1.9143     -4.317     0.3266    -0.5792 -9.990e-29
 206.835133     -4.338   0.532089    14.5564    -1.9140     -4.302     0.3258    -0.5803 -9.990e-29
 206.835139     -4.321   0.531615    14.5580    -1.9141     -4.285     0.3255    -0.5808 -9.990e-29
 206.835145     -4.294   0.531732    14.5577    -1.9141     -4.258     0.3256    -0.5807 -9.990e-29
 206.835150     -4.262   0.532041    14.5568    -1.9141     -4.226     0.3258    -0.5804 -9.990e-29
 206.835156     -4.226   0.531846    14.5561    -1.9139     -4.191     0.3257    -0.5804 -9.990e-29
 206.835162     -4.189   0.530887    14.5551    -1.9139     -4.154     0.3251    -0.5807 -9.990e-29
 206.835168     -4.156   0.529550    14.5532    -1.9138     -4.121     0.3243    -0.5810 -9.990e-29
 206.835174     -4.130   0.528267    14.5512    -1.9137     -4.096     0.3235    -0.5814 -9.990e-29
 206.835179     -4.108   0.527546    14.5511    -1.9135     -4.074     0.3230    -0.5817 -9.990e-29
 206.835185     -4.091   0.527536    14.5526    -1.9132     -4.057     0.3230    -0.5819 -9.990e-29
 206.835191     -4.076   0.527669    14.5535    -1.9132     -4.042     0.3231    -0.5820 -9.990e-29
 206.835197     -4.063   0.527568    14.5539    -1.9132     -4.029     0.3230    -0.5821 -9.990e-29
 206.835203     -4.050   0.527098    14.5551    -1.9131     -4.016     0.3227    -0.5825 -9.990e-29
 206.835208     -4.038   0.526188    14.5572    -1.9133     -4.004     0.3221    -0.5833 -9.990e-29
 206.835214     -4.025   0.525288    14.5591    -1.9133     -3.991     0.3215    -0.5840 -9.990e-29
 206.835220     -4.010   0.524859    14.5612    -1.9133     -3.977     0.3212    -0.5846 -9.990e-29
 206.835226     -3.992   0.524885    14.5647    -1.9132     -3.959     0.3212    -0.5851 -9.990e-29
 206.835231     -3.971   0.524847    14.5694    -1.9133     -3.938     0.3212    -0.5858 -9.990e-29
 206.835237     -3.950   0.524142    14.5737    -1.9134     -3.917     0.3207    -0.5868 -9.990e-29
 206.835243     -3.930   0.522936    14.5763    -1.9134     -3.897     0.3199    -0.5878 -9.990e-29
 206.835249     -3.907   0.521839    14.5777    -1.9134     -3.874     0.3192    -0.5886 -9.990e-29
 206.835255     -3.880   0.521606    14.5778    -1.9136     -3.848     0.3191    -0.5887 -9.990e-29
 206.835260     -3.854   0.522481    14.5767    -1.9137     -3.822     0.3196    -0.5881 -9.990e-29
 206.835266     -3.833   0.523414    14.5758    -1.9141     -3.801     0.3202    -0.5875 -9.990e-29
 206.835272     -3.815   0.523434    14.5758    -1.9137     -3.783     0.3202    -0.5875 -9.990e-29
 206.835278     -3.800   0.522566    14.5761    -1.9138     -3.768     0.3197    -0.5880 -9.990e-29
 206.835284     -3.785   0.521317    14.5756    -1.9138     -3.753     0.3189    -0.5885 -9.990e-29
 206.835289     -3.771   0.520236    14.5745    -1.9136     -3.740     0.3182    -0.5889 -9.990e-29
 206.835295     -3.757   0.519547    14.5733    -1.9134     -3.726     0.3178    -0.5890 -9.990e-29
 206.835301     -3.740   0.518883    14.5716    -1.9129     -3.709     0.3174    -0.5891 -9.990e-29
 206.835307     -3.722   0.517914    14.5691    -1.9127     -3.691     0.3168    -0.5892 -9.990e-29
 206.835312     -3.699   0.517011    14.5661    -1.9125     -3.668     0.3162    -0.5891 -9.990e-29
 206.835318     -3.676   0.516634    14.5641    -1.9125     -3.645     0.3160    -0.5890 -9.990e-29
 206.835324     -3.654   0.516835    14.5648    -1.9122     -3.624     0.3161    -0.5890 -9.990e-29
 206.835330     -3.629   0.517327    14.5665    -1.9118     -3.599     0.3164    -0.5891 -9.990e-29
 206.835336     -3.598   0.517658    14.5687    -1.9116     -3.568     0.3166    -0.5892 -9.990e-29
 206.835341     -3.568   0.517717    14.5731    -1.9115     -3.538     0.3166    -0.5899 -9.990e-29
 206.835347     -3.542   0.517582    14.5794    -1.9114     -3.512     0.3165    -0.5909 -9.990e-29
 206.835353     -3.522   0.517074    14.5863    -1.9113     -3.493     0.3161    -0.5922 -9.990e-29
 206.835359     -3.512   0.516071    14.5923    -1.9109     -3.483     0.3155    -0.5936 -9.990e-29
 206.835365     -3.506   0.514896    14.5969    -1.9110     -3.477     0.3147    -0.5949 -9.990e-29
 206.835370     -3.499   0.514201    14.6015    -1.9108     -3.470     0.3142    -0.5959 -9.990e-29
 206.835376     -3.491   0.514169    14.6074    -1.9108     -3.462     0.3141    -0.5968 -9.990e-29
 206.835382     -3.482   0.514201    14.6137    -1.9107     -3.453     0.3141    -0.5978 -9.990e-29
 206.835388     -3.472   0.513786    14.6190    -1.9105     -3.443     0.3138    -0.5988 -9.990e-29
 206.835394     -3.458   0.512926    14.6229    -1.9105     -3.429     0.3132    -0.5998 -9.990e-29
 206.835399     -3.442   0.512136    14.6266    -1.9111     -3.413     0.3127    -0.6008 -9.990e-29
 206.835405     -3.421   0.512028    14.6312    -1.9113     -3.392     0.3126    -0.6015 -9.990e-29
 206.835411     -3.398   0.512457    14.6353    -1.9115     -3.370     0.3128    -0.6019 -9.990e-29
 206.835417     -3.381   0.512888    14.6377    -1.9122     -3.353     0.3131    -0.6021 -9.990e-29
 206.835422     -3.368   0.513339    14.6396    -1.9126     -3.340     0.3134    -0.6022 -9.990e-29
 206.835428     -3.351   0.513860    14.6419    -1.9125     -3.323     0.3137    -0.6023 -9.990e-29
 206.835434     -3.327   0.514035    14.6444    -1.9120     -3.299     0.3138    -0.6026 -9.990e-29
 206.835440     -3.305   0.513545    14.6458    -1.9116     -3.277     0.3134    -0.6030 -9.990e-29
 206.835446     -3.287   0.512291    14.6432    -1.9111     -3.260     0.3127    -0.6032 -9.990e-29
 206.835451     -3.271   0.510817    14.6362    -1.9110     -3.244     0.3118    -0.6029 -9.990e-29
 206.835457     -3.258   0.510485    14.6285    -1.9107     -3.231     0.3117    -0.6019 -9.990e-29
 206.835463     -3.245   0.511960    14.6205    -1.9103     -3.218     0.3126    -0.5999 -9.990e-29
 206.835469     -3.233   0.513886    14.6117    -1.9105     -3.206     0.3139    -0.5976 -9.990e-29
 206.835475     -3.219   0.514397    14.6061    -1.9107     -3.192     0.3143    -0.5965 -9.990e-29
 206.835480     -3.205   0.513620    14.6073    -1.9108     -3.178     0.3138    -0.5971 -9.990e-29
 206.835486     -3.188   0.512735    14.6143    -1.9108     -3.161     0.3132    -0.5986 -9.990e-29
 206.835492     -3.168   0.512226    14.6235    -1.9104     -3.142     0.3128    -0.6002 -9.990e-29
 206.835498     -3.147   0.511969    14.6322    -1.9101     -3.121     0.3126    -0.6017 -9.990e-29
 206.835503     -3.128   0.511622    14.6394    -1.9103     -3.102     0.3123    -0.6030 -9.990e-29
 206.835509     -3.111   0.511274    14.6453    -1.9105     -3.085     0.3120    -0.6041 -9.990e-29
 206.835515     -3.099   0.511017    14.6489    -1.9103     -3.073     0.3118    -0.6047 -9.990e-29
 206.835521     -3.086   0.510509    14.6494    -1.9103     -3.060     0.3115    -0.6051 -9.990e-29
 206.835527     -3.063   0.509627    14.6480    -1.9105     -3.037     0.3110    -0.6053 -9.990e-29
 206.835532     -3.037   0.508858    14.6470    -1.9104     -3.012     0.3105    -0.6055 -9.990e-29
 206.835538     -3.015   0.508838    14.6488    -1.9105     -2.990     0.3105    -0.6058 -9.990e-29
 206.835544     -2.996   0.509542    14.6532    -1.9105     -2.971     0.3109    -0.6061 -9.990e-29
 206.835550     -2.978   0.510245    14.6566    -1.9108     -2.953     0.3113    -0.6063 -9.990e-29
 206.835556     -2.961   0.510222    14.6567    -1.9115     -2.936     0.3113    -0.6063 -9.990e-29
 206.835561     -2.942   0.509443    14.6559    -1.9116     -2.917     0.3108    -0.6066 -9.990e-29
 206.835567     -2.926   0.508532    14.6559    -1.9115     -2.902     0.3102    -0.6070 -9.990e-29
 206.835573     -2.916   0.507937    14.6558    -1.9114     -2.892     0.3098    -0.6073 -9.990e-29
 206.835579     -2.906   0.507421    14.6550    -1.9113     -2.882     0.3095    -0.6074 -9.990e-29
 206.835584     -2.897   0.506849    14.6538    -1.9112     -2.873     0.3092    -0.6075 -9.990e-29
 206.835590     -2.891   0.506567    14.6516    -1.9113     -2.867     0.3090    -0.6073 -9.990e-29
 206.835596     -2.884   0.506756    14.6478    -1.9117     -2.860     0.3092    -0.6066 -9.990e-29
 206.835602     -2.872   0.507111    14.6414    -1.9118     -2.848     0.3094    -0.6055 -9.990e-29
 206.835608     -2.853   0.506998    14.6343    -1.9117     -2.829     0.3094    -0.6044 -9.990e-29
 206.835613     -2.830   0.506268    14.6302    -1.9117     -2.806     0.3090    -0.6042 -9.990e-29
 206.835619     -2.812   0.505611    14.6299    -1.9121     -2.789     0.3086    -0.6045 -9.990e-29
 206.835625     -2.796   0.505811    14.6312    -1.9124     -2.773     0.3087    -0.6046 -9.990e-29
 206.835631     -2.778   0.506951    14.6328    -1.9128     -2.755     0.3094    -0.6042 -9.990e-29
 206.835637     -2.759   0.508336    14.6335    -1.9130     -2.736     0.3103    -0.6037 -9.990e-29
 206.835642     -2.745   0.508856    14.6315    -1.9133     -2.722     0.3106    -0.6031 -9.990e-29
 206.835648     -2.733   0.508095    14.6273    -1.9132     -2.710     0.3102    -0.6028 -9.990e-29
 206.835654     -2.723   0.507070    14.6241    -1.9130     -2.700     0.3095    -0.6029 -9.990e-29
 206.835660     -2.714   0.506629    14.6225    -1.9129     -2.691     0.3093    -0.6028 -9.990e-29
 206.835666     -2.706   0.506739    14.6198    -1.9127     -2.683     0.3094    -0.6024 -9.990e-29
 206.835671     -2.698   0.506993    14.6145    -1.9125     -2.676     0.3096    -0.6014 -9.990e-29
 206.835677     -2.690   0.506620    14.6074    -1.9126     -2.668     0.3094    -0.6005 -9.990e-29
 206.835683     -2.681   0.505676    14.6000    -1.9125     -2.659     0.3088    -0.5998 -9.990e-29
 206.835689     -2.671   0.505121    14.5937    -1.9127     -2.649     0.3085    -0.5992 -9.990e-29
 206.835694     -2.658   0.505320    14.5900    -1.9128     -2.636     0.3087    -0.5985 -9.990e-29
 206.835700     -2.643   0.505984    14.5900    -1.9132     -2.621     0.3091    -0.5982 -9.990e-29
 206.835706     -2.623   0.506336    14.5930    -1.9137     -2.601     0.3093    -0.5985 -9.990e-29
 206.835712     -2.599   0.505737    14.5972    -1.9137     -2.577     0.3089    -0.5994 -9.990e-29
 206.835718     -2.572   0.504494    14.6013    -1.9135     -2.551     0.3081    -0.6006 -9.990e-29
 206.835723     -2.550   0.503169    14.6037    -1.9130     -2.529     0.3072    -0.6016 -9.990e-29
 206.835729     -2.535   0.502209    14.6039    -1.9128     -2.514     0.3066    -0.6021 -9.990e-29
 206.835735     -2.523   0.501996    14.6030    -1.9129     -2.502     0.3065    -0.6021 -9.990e-29
 206.835741     -2.507   0.502246    14.6004    -1.9124     -2.486     0.3067    -0.6016 -9.990e-29
 206.835747     -2.492   0.502184    14.5956    -1.9123     -2.471     0.3067    -0.6009 -9.990e-29
 206.835752     -2.481   0.501727    14.5888    -1.9122     -2.460     0.3064    -0.6001 -9.990e-29
 206.835758     -2.472   0.501374    14.5830    -1.9120     -2.451     0.3063    -0.5994 -9.990e-29
 206.835764     -2.466   0.501208    14.5819    -1.9117     -2.445     0.3062    -0.5993 -9.990e-29
 206.835770     -2.462   0.501007    14.5860    -1.9118     -2.441     0.3060    -0.6000 -9.990e-29
 206.835775     -2.460   0.500502    14.5923    -1.9118     -2.439     0.3056    -0.6012 -9.990e-29
 206.835781     -2.459   0.499573    14.5977    -1.9115     -2.438     0.3050    -0.6025 -9.990e-29
 206.835787     -2.460   0.498644    14.6023    -1.9112     -2.439     0.3044    -0.6036 -9.990e-29
 206.835793     -2.463   0.498137    14.6075    -1.9111     -2.442     0.3040    -0.6047 -9.990e-29
 206.835799     -2.463   0.497932    14.6124    -1.9112     -2.442     0.3039    -0.6055 -9.990e-29
 206.835804     -2.457   0.497754    14.6165    -1.9112     -2.437     0.3037    -0.6062 -9.990e-29
 206.835810     -2.448   0.497365    14.6208    -1.9112     -2.428     0.3035    -0.6071 -9.990e-29
 206.835816     -2.439   0.496800    14.6244    -1.9110     -2.419     0.3031    -0.6079 -9.990e-29
 206.835822     -2.431   0.496415    14.6265    -1.9111     -2.411     0.3028    -0.6084 -9.990e-29
 206.835828     -2.423   0.496251    14.6290    -1.9111     -2.403     0.3027    -0.6089 -9.990e-29
