data/oxygen options/OCNMS/OCNMS1/raw_data/2017/CAST_TH015_170727faed.cnv
* Sea-Bird SBE 19 Data File:
* FileName = C:\2017 Mooring Data\Casts\CAST_TH015_170727.hex
* Software Version SeatermAF 2.1.2
* Temperature SN = 2997
* Conductivity SN = 2997
* System UpLoad Time = Jul 27 2017 22:37:52 (localtime) = Jul 27 2017 22:37:52 (UTC)
** CAST_TH015_170727
* ds
# nquan = 9                                 
# nvalues = 838                         
# units = specified
# name 0 = timeJ: Julian Days
# name 1 = prSM: Pressure, Strain Gauge [db]
# name 2 = c0mS/cm: Conductivity [mS/cm]
# name 3 = t090C: Temperature [ITS-90, deg C]
# name 4 = sbeox0ML/L: Oxygen, SBE 43 [ml/l]
# name 5 = depSM: Depth [salt water, m], lat = 47.5
# name 6 = sal00: Salinity, Practical [PSU]
# name 7 = sigma-é00: Density [sigma-theta, kg/m^3]
# name 8 = flag: flag
# span 0 = 208.927303, 208.932147       
# span 1 =     -5.310,     17.113       
# span 2 =   0.435471,  38.197056       
# span 3 =     8.2563,    17.2090       
# span 4 =   -13.4948,    14.3712       
# span 5 =     -5.266,     16.969       
# span 6 =     0.2525,    34.6363       
# span 7 =    -1.0616,    26.5828       
# span 8 = 0.0000e+00, 0.0000e+00       
# interval = seconds: 0.5
# start_time = Jul 27 2017 22:15:19 [Instrument's time stamp, header]
# bad_flag = -9.990e-29
*END*
[from data line 641]
 208.931013     13.993  35.187821     8.3123     3.0310     13.876    33.5938    26.1233 0.0000e+00
 208.931019     14.215  35.187398     8.3080     3.0394     14.096    33.5974    26.1267 0.0000e+00
 208.931024     14.434  35.184854     8.3042     3.0255     14.313    33.5982    26.1279 0.0000e+00
 208.931030     14.650  35.182349     8.3011     3.0137     14.527    33.5984    26.1286 0.0000e+00
 208.931036     14.869  35.180973     8.2984     2.9953     14.744    33.5994    26.1298 0.0000e+00
 208.931042     15.092  35.179402     8.2958     2.9794     14.965    33.6001    26.1307 0.0000e+00
 208.931047     15.317  35.177732     8.2934     2.9636     15.189    33.6006    26.1314 0.0000e+00
 208.931053     15.539  35.176490     8.2904     2.9186     15.409    33.6020    26.1330 0.0000e+00
 208.931059     15.757  35.175089     8.2868     2.8937     15.625    33.6038    26.1350 0.0000e+00
 208.931065     15.966  35.173293     8.2836     2.8562     15.832    33.6049    26.1363 0.0000e+00
 208.931071     16.164  35.172018     8.2805     2.8416     16.028    33.6064    26.1380 0.0000e+00
 208.931076     16.345  35.171193     8.2763     2.8373     16.208    33.6095    26.1410 0.0000e+00
 208.931082     16.509  35.170231     8.2719     2.8250     16.371    33.6126    26.1441 0.0000e+00
 208.931088     16.656  35.169479     8.2678     2.8491     16.516    33.6156    26.1471 0.0000e+00
 208.931094     16.789  35.169006     8.2626     2.8404     16.648    33.6201    26.1514 -9.990e-29
 208.931100     16.906  35.168693     8.2576     2.8647     16.764    33.6245    26.1556 -9.990e-29
 208.931105     17.002  35.169755     8.2563     2.8921     16.859    33.6268    26.1576 -9.990e-29
 208.931111     17.071  35.172441     8.2599     2.9189     16.928    33.6262    26.1566 -9.990e-29
 208.931117     17.109  35.175805     8.2665     2.9702     16.966    33.6234    26.1534 -9.990e-29
 208.931123     17.113  35.179806     8.2731     2.9722     16.969    33.6213    26.1508 -9.990e-29
 208.931128     17.088  35.184134     8.2782     2.9966     16.945    33.6211    26.1498 -9.990e-29
 208.931134     17.041  35.188355     8.2831     2.9883     16.898    33.6209    26.1489 -9.990e-29
 208.931140     16.974  35.193015     8.2901     2.9799     16.832    33.6192    26.1465 -9.990e-29
 208.931146     16.882  35.198122     8.2976     2.9900     16.740    33.6174    26.1441 -9.990e-29
 208.931152     16.764  35.200923     8.2999     2.9776     16.623    33.6183    26.1444 -9.990e-29
 208.931157     16.620  35.200070     8.2971     2.9917     16.481    33.6201    26.1462 0.0000e+00
 208.931163     16.458  35.197181     8.2949     2.9873     16.320    33.6192    26.1459 0.0000e+00
 208.931169     16.295  35.192275     8.2945     2.9954     16.158    33.6145    26.1422 0.0000e+00
 208.931175     16.137  35.186043     8.2942     3.0035     16.002    33.6082    26.1373 0.0000e+00
 208.931181     15.977  35.181887     8.2937     3.0137     15.843    33.6044    26.1344 0.0000e+00
 208.931186     15.811  35.181496     8.2937     3.0298     15.678    33.6040    26.1341 0.0000e+00
 208.931192     15.640  35.182623     8.2946     3.0236     15.509    33.6044    26.1343 0.0000e+00
 208.931198     15.470  35.182806     8.2958     3.0315     15.340    33.6036    26.1334 0.0000e+00
 208.931204     15.304  35.182244     8.2970     3.0312     15.176    33.6019    26.1319 0.0000e+00
 208.931209     15.136  35.182379     8.2983     3.0331     15.009    33.6009    26.1309 0.0000e+00
 208.931215     14.958  35.183346     8.2994     3.0469     14.833    33.6009    26.1308 0.0000e+00
 208.931221     14.778  35.184148     8.3004     3.0322     14.654    33.6009    26.1307 0.0000e+00
 208.931227     14.604  35.184690     8.3013     3.0399     14.482    33.6007    26.1304 0.0000e+00
 208.931233     14.434  35.184531     8.3019     3.0352     14.313    33.6001    26.1297 0.0000e+00
 208.931238     14.262  35.183412     8.3028     3.0273     14.142    33.5981    26.1281 0.0000e+00
 208.931244     14.090  35.183155     8.3040     3.0424     13.972    33.5967    26.1268 0.0000e+00
 208.931250     13.919  35.184490     8.3055     3.0375     13.802    33.5968    26.1266 0.0000e+00
 208.931256     13.747  35.186353     8.3076     3.0775     13.632    33.5969    26.1264 0.0000e+00
 208.931262     13.577  35.187822     8.3111     3.1153     13.463    33.5952    26.1245 0.0000e+00
 208.931267     13.414  35.188572     8.3167     3.1557     13.302    33.5907    26.1201 0.0000e+00
 208.931273     13.261  35.188998     8.3230     3.1955     13.150    33.5852    26.1149 0.0000e+00
 208.931279     13.117  35.189621     8.3301     3.2088     13.007    33.5791    26.1091 0.0000e+00
 208.931285     12.981  35.192905     8.3420     3.2383     12.872    33.5713    26.1011 0.0000e+00
 208.931291     12.849  35.200947     8.3595     3.2520     12.741    33.5632    26.0921 0.0000e+00
 208.931296     12.712  35.210986     8.3774     3.2645     12.606    33.5568    26.0844 0.0000e+00
 208.931302     12.566  35.219009     8.3924     3.3012     12.461    33.5511    26.0776 0.0000e+00
 208.931308     12.415  35.223912     8.4053     3.3070     12.311    33.5440    26.0702 0.0000e+00
 208.931314     12.266  35.227154     8.4154     3.3452     12.163    33.5379    26.0638 0.0000e+00
 208.931319     12.122  35.230214     8.4231     3.3529     12.020    33.5339    26.0595 0.0000e+00
 208.931325     11.979  35.236007     8.4316     3.3403     11.879    33.5320    26.0567 0.0000e+00
 208.931331     11.827  35.244936     8.4417     3.3420     11.728    33.5319    26.0551 0.0000e+00
 208.931337     11.662  35.252624     8.4505     3.3058     11.564    33.5317    26.0536 0.0000e+00
 208.931343     11.485  35.257521     8.4551     3.3031     11.389    33.5326    26.0536 0.0000e+00
 208.931348     11.306  35.259953     8.4556     3.2682     11.211    33.5348    26.0553 0.0000e+00
 208.931354     11.137  35.260320     8.4553     3.2513     11.044    33.5355    26.0559 0.0000e+00
 208.931360     10.978  35.259627     8.4563     3.2507     10.886    33.5339    26.0545 0.0000e+00
 208.931366     10.828  35.259702     8.4587     3.2246     10.737    33.5318    26.0524 0.0000e+00
 208.931372     10.687  35.262279     8.4622     3.2310     10.598    33.5312    26.0515 0.0000e+00
 208.931377     10.553  35.266826     8.4662     3.2233     10.465    33.5323    26.0517 0.0000e+00
 208.931383     10.423  35.271523     8.4691     3.2272     10.336    33.5346    26.0530 0.0000e+00
 208.931389     10.288  35.274749     8.4714     3.2460     10.202    33.5358    26.0537 0.0000e+00
 208.931395     10.140  35.276280     8.4756     3.2504     10.055    33.5335    26.0512 0.0000e+00
 208.931400      9.978  35.276991     8.4813     3.2690      9.894    33.5289    26.0468 0.0000e+00
 208.931406      9.809  35.277784     8.4872     3.2793      9.727    33.5242    26.0422 0.0000e+00
 208.931412      9.639  35.279113     8.4917     3.2839      9.558    33.5214    26.0393 0.0000e+00
 208.931418      9.478  35.279905     8.4921     3.3201      9.399    33.5220    26.0397 0.0000e+00
 208.931424      9.334  35.278375     8.4883     3.3265      9.256    33.5240    26.0419 0.0000e+00
 208.931429      9.202  35.276356     8.4849     3.3711      9.125    33.5252    26.0433 0.0000e+00
 208.931435      9.073  35.277829     8.4863     3.3998      8.997    33.5255    26.0433 0.0000e+00
 208.931441      8.943  35.281909     8.4908     3.4083      8.868    33.5256    26.0427 0.0000e+00
 208.931447      8.818  35.288950     8.4975     3.4529      8.744    33.5267    26.0425 -9.990e-29
 208.931453      8.697  35.301017     8.5076     3.4809      8.624    33.5299    26.0435 -9.990e-29
 208.931458      8.569  35.311760     8.5191     3.5407      8.497    33.5303    26.0421 0.0000e+00
 208.931464      8.425  35.316982     8.5351     3.6012      8.355    33.5207    26.0321 0.0000e+00
 208.931470      8.269  35.321919     8.5554     3.6363      8.200    33.5067    26.0180 0.0000e+00
 208.931476      8.109  35.329749     8.5704     3.6951      8.041    33.5008    26.0111 0.0000e+00
 208.931481      7.951  35.340234     8.5802     3.7515      7.884    33.5026    26.0110 0.0000e+00
 208.931487      7.799  35.356113     8.5951     3.8348      7.734    33.5053    26.0108 0.0000e+00
 208.931493      7.646  35.373882     8.6163     3.9236      7.582    33.5039    26.0065 0.0000e+00
 208.931499      7.487  35.385095     8.6383     3.9629      7.424    33.4950    25.9961 0.0000e+00
 208.931505      7.326  35.392367     8.6584     3.9884      7.265    33.4836    25.9841 0.0000e+00
 208.931510      7.172  35.406875     8.6807     3.9945      7.112    33.4778    25.9761 0.0000e+00
 208.931516      7.039  35.437319     8.7057     3.9908      6.980    33.4862    25.9788 -9.990e-29
 208.931522      6.925  35.470355     8.7244     4.0148      6.867    33.5032    25.9893 -9.990e-29
 208.931528      6.820  35.481733     8.7345     4.0431      6.763    33.5057    25.9896 -9.990e-29
 208.931534      6.708  35.478791     8.7416     4.1033      6.652    33.4959    25.9809 -9.990e-29
 208.931539      6.582  35.481682     8.7514     4.1798      6.527    33.4897    25.9745 0.0000e+00
 208.931545      6.443  35.489782     8.7672     4.2358      6.389    33.4833    25.9671 0.0000e+00
 208.931551      6.291  35.498778     8.7884     4.3004      6.238    33.4728    25.9555 0.0000e+00
 208.931557      6.128  35.511708     8.8114     4.3311      6.077    33.4647    25.9456 0.0000e+00
 208.931563      5.961  35.530137     8.8341     4.3788      5.911    33.4626    25.9405 0.0000e+00
 208.931568      5.797  35.553449     8.8601     4.4519      5.749    33.4626    25.9363 0.0000e+00
 208.931574      5.638  35.577458     8.8914     4.5117      5.591    33.4582    25.9281 0.0000e+00
 208.931580      5.479  35.593869     8.9266     4.5981      5.433    33.4423    25.9100 0.0000e+00
 208.931586      5.317  35.606651     8.9630     4.6515      5.273    33.4214    25.8880 0.0000e+00
 208.931591      5.160  35.626135     8.9956     4.6880      5.117    33.4111    25.8748 0.0000e+00
 208.931597      5.011  35.656472     9.0216     4.7221      4.969    33.4184    25.8764 0.0000e+00
 208.931603      4.869  35.697245     9.0422     4.7341      4.828    33.4416    25.8913 0.0000e+00
 208.931609      4.728  35.732839     9.0616     4.7793      4.688    33.4604    25.9030 0.0000e+00
 208.931615      4.584  35.751367     9.0831     4.8340      4.546    33.4596    25.8989 0.0000e+00
 208.931620      4.438  35.760179     9.1037     4.8965      4.401    33.4494    25.8877 0.0000e+00
 208.931626      4.282  35.765989     9.1184     4.9677      4.246    33.4417    25.8794 0.0000e+00
 208.931632      4.117  35.770946     9.1264     5.0072      4.083    33.4395    25.8763 0.0000e+00
 208.931638      3.954  35.777187     9.1311     5.0523      3.921    33.4416    25.8772 0.0000e+00
 208.931644      3.798  35.785198     9.1377     5.1212      3.766    33.4438    25.8779 0.0000e+00
 208.931649      3.644  35.793905     9.1510     5.1763      3.614    33.4404    25.8732 0.0000e+00
 208.931655      3.483  35.804279     9.1704     5.2533      3.454    33.4331    25.8643 0.0000e+00
 208.931661      3.313  35.816714     9.1875     5.3221      3.285    33.4300    25.8592 0.0000e+00
 208.931667      3.144  35.829317     9.1970     5.3779      3.118    33.4343    25.8610 0.0000e+00
 208.931672      2.988  35.853858     9.2106     5.4265      2.963    33.4470    25.8688 0.0000e+00
 208.931678      2.846  35.893388     9.2364     5.4647      2.822    33.4639    25.8779 0.0000e+00
 208.931684      2.710  35.930627     9.2663     5.4866      2.687    33.4745    25.8814 0.0000e+00
 208.931690      2.568  35.956995     9.3056     5.5252      2.547    33.4650    25.8676 0.0000e+00
 208.931696      2.418  35.975741     9.3634     5.5274      2.398    33.4304    25.8312 0.0000e+00
 208.931701      2.264  35.998426     9.4271     5.5325      2.245    33.3943    25.7928 0.0000e+00
 208.931707      2.105  36.025627     9.4801     5.5158      2.087    33.3730    25.7675 0.0000e+00
 208.931713      1.947  36.047707     9.5119     5.5011      1.931    33.3662    25.7570 0.0000e+00
 208.931719      1.807  36.065564     9.5289     5.5076      1.792    33.3688    25.7563 -9.990e-29
 208.931725      1.692  36.092382     9.5520     5.4800      1.678    33.3749    25.7573 -9.990e-29
 208.931730      1.600  36.132005     9.5819     5.4841      1.587    33.3879    25.7625 -9.990e-29
 208.931736      1.524  36.164473     9.6020     5.4773      1.511    33.4026    25.7707 -9.990e-29
 208.931742      1.460  36.174288     9.6061     5.4636      1.448    33.4089    25.7750 -9.990e-29
 208.931748      1.405  36.171185     9.6075     5.4545      1.393    33.4044    25.7713 -9.990e-29
 208.931753      1.353  36.175665     9.6249     5.4437      1.342    33.3928    25.7594 -9.990e-29
 208.931759      1.302  36.193142     9.6532     5.4631      1.291    33.3845    25.7482 -9.990e-29
 208.931765      1.250  36.211641     9.6726     5.5283      1.240    33.3854    25.7458 -9.990e-29
 208.931771      1.196  36.218312     9.6805     5.5719      1.186    33.3850    25.7441 -9.990e-29
 208.931777      1.146  36.214221     9.6860     5.6101      1.136    33.3757    25.7359 -9.990e-29
 208.931782      1.100  36.213513     9.6953     5.6148      1.091    33.3663    25.7271 -9.990e-29
 208.931788      1.057  36.226444     9.7164     5.6237      1.048    33.3600    25.7187 -9.990e-29
 208.931794      1.013  36.250097     9.7584     5.6663      1.005    33.3453    25.7002 -9.990e-29
 208.931800      0.970  36.286893     9.8247     5.6566      0.962    33.3215    25.6707 -9.990e-29
 208.931806      0.934  36.358459     9.9095     5.6619      0.926    33.3162    25.6524 -9.990e-29
 208.931811      0.906  36.456069     9.9870     5.6555      0.898    33.3440    25.6612 -9.990e-29
 208.931817      0.885  36.524534    10.0291     5.6379      0.878    33.3747    25.6781 -9.990e-29
 208.931823      0.869  36.536444    10.0488     5.6448      0.862    33.3686    25.6700 -9.990e-29
 208.931829      0.858  36.522813    10.0777     5.6385      0.851    33.3281    25.6336 -9.990e-29
 208.931834      0.850  36.530430    10.1197     5.6230      0.843    33.2972    25.6023 -9.990e-29
 208.931840      0.846  36.557689    10.1548     5.6233      0.839    33.2925    25.5928 -9.990e-29
 208.931846      0.845  36.568143    10.1689     5.6176      0.838    33.2902    25.5885 -9.990e-29
 208.931852      0.842  36.559502    10.1711     5.6010      0.835    33.2794    25.5797 -9.990e-29
 208.931858      0.829  36.549368    10.1719     5.5983      0.822    33.2684    25.5710 -9.990e-29
 208.931863      0.806  36.546069    10.1716     5.5883      0.799    33.2653    25.5687 -9.990e-29
 208.931869      0.778  36.549126    10.1687     5.5958      0.772    33.2711    25.5737 -9.990e-29
 208.931875      0.754  36.550296    10.1615     5.5896      0.748    33.2789    25.5810 -9.990e-29
 208.931881      0.739  36.544981    10.1492     5.5959      0.733    33.2849    25.5877 -9.990e-29
 208.931887      0.734  36.533373    10.1337     5.6143      0.728    33.2873    25.5923 -9.990e-29
 208.931892      0.728  36.516794    10.1191     6.7446      0.722    33.2840    25.5921 -9.990e-29
 208.931898      0.719  36.500575    10.1081     6.8360      0.713    33.2776    25.5890 -9.990e-29
 208.931904      0.704  36.488286    10.1018     6.2820      0.698    33.2710    25.5849 -9.990e-29
 208.931910      0.683  36.480897    10.0997     6.1991      0.677    33.2654    25.5809 -9.990e-29
 208.931916      0.654  36.476393    10.1027     6.2800      0.649    33.2581    25.5747 -9.990e-29
 208.931921      0.617  36.458128    10.1180     6.6985      0.612    33.2255    25.5467 -9.990e-29
 208.931927      0.568  36.389431    10.1444     6.6891      0.563    33.1318    25.4691 -9.990e-29
