data/oxygen options/OCNMS/OCNMS1/raw_data/2017/CAST_CA042_170828faed.cnv
* Sea-Bird SBE19 Data File:
* FileName = C:\2017 Mooring Data\Casts\CAST_CA042_170828.hex
* Software Version 1.59
* Temperature SN = 2997
* Conductivity SN = 2997
* System UpLoad Time = Aug 28 2017 18:49:38
** CAST_CA042_170828
* ds
# nquan = 9                                 
# nvalues = 2410                        
# units = specified
# name 0 = timeJ: Julian Days
# name 1 = prSM: Pressure, Strain Gauge [db]
# name 2 = c0mS/cm: Conductivity [mS/cm]
# name 3 = t090C: Temperature [ITS-90, deg C]
# name 4 = sbeox0ML/L: Oxygen, SBE 43 [ml/l]
# name 5 = depSM: Depth [salt water, m], lat = 47.5
# name 6 = sal00: Salinity, Practical [PSU]
# name 7 = sigma-é00: Density [sigma-theta, kg/m^3]
# name 8 = flag: flag
# span 0 = 240.744063, 240.758003       
# span 1 =     -5.117,     42.915       
# span 2 =  -0.000907,  36.415928       
# span 3 =     7.8436,    16.0846       
# span 4 =   -13.5749,    17.3438       
# span 5 =     -5.074,     42.552       
# span 6 =     0.0000,    33.8468       
# span 7 =    -1.0695,    26.3915       
# span 8 = 0.0000e+00, 0.0000e+00       
# interval = seconds: 0.5
# start_time = Aug 28 2017 17:51:27 [Instrument's time stamp, header]
# bad_flag = -9.990e-29
*END*
[from data line 1441]
 240.752402     26.035  35.214928     8.5741     3.4051     25.816    33.3680    25.9067 0.0000e+00
 240.752407     25.850  35.245724     8.6079     3.4003     25.633    33.3685    25.9020 0.0000e+00
 240.752413     25.686  35.265372     8.6224     3.4011     25.470    33.3756    25.9053 0.0000e+00
 240.752419     25.537  35.268720     8.6223     3.4068     25.322    33.3793    25.9082 0.0000e+00
 240.752425     25.390  35.263408     8.6204     3.4048     25.177    33.3756    25.9056 0.0000e+00
 240.752431     25.226  35.256353     8.6214     3.4104     25.014    33.3673    25.8989 0.0000e+00
 240.752436     25.040  35.250836     8.6248     3.4086     24.830    33.3583    25.8914 0.0000e+00
 240.752442     24.845  35.249577     8.6319     3.4212     24.636    33.3504    25.8841 0.0000e+00
 240.752448     24.654  35.253512     8.6444     3.4190     24.447    33.3428    25.8762 0.0000e+00
 240.752454     24.473  35.263974     8.6591     3.4252     24.267    33.3400    25.8718 0.0000e+00
 240.752459     24.302  35.276996     8.6684     3.4270     24.098    33.3450    25.8743 0.0000e+00
 240.752465     24.140  35.283632     8.6711     3.4080     23.937    33.3495    25.8774 0.0000e+00
 240.752471     23.985  35.283775     8.6719     3.4009     23.783    33.3490    25.8768 0.0000e+00
 240.752477     23.836  35.282098     8.6727     3.4068     23.636    33.3466    25.8748 0.0000e+00
 240.752483     23.695  35.281405     8.6734     3.4167     23.496    33.3452    25.8736 0.0000e+00
 240.752488     23.567  35.283014     8.6729     3.4306     23.369    33.3475    25.8754 -9.990e-29
 240.752494     23.449  35.285153     8.6717     3.4281     23.252    33.3509    25.8783 -9.990e-29
 240.752500     23.327  35.286195     8.6715     3.4260     23.131    33.3522    25.8794 -9.990e-29
 240.752506     23.186  35.285851     8.6718     3.4293     22.991    33.3516    25.8789 0.0000e+00
 240.752512     23.016  35.284223     8.6734     3.4356     22.823    33.3485    25.8762 0.0000e+00
 240.752517     22.825  35.284178     8.6782     3.4357     22.633    33.3440    25.8719 0.0000e+00
 240.752523     22.630  35.288458     8.6852     3.4380     22.440    33.3420    25.8693 0.0000e+00
 240.752529     22.445  35.295496     8.6913     3.4339     22.256    33.3437    25.8697 0.0000e+00
 240.752535     22.265  35.300679     8.6951     3.4299     22.078    33.3457    25.8706 0.0000e+00
 240.752541     22.084  35.301404     8.6973     3.4274     21.899    33.3444    25.8693 0.0000e+00
 240.752546     21.904  35.300321     8.6987     3.4388     21.720    33.3421    25.8672 0.0000e+00
 240.752552     21.734  35.301027     8.7013     3.4415     21.551    33.3404    25.8656 0.0000e+00
 240.752558     21.588  35.304465     8.7054     3.4390     21.407    33.3402    25.8648 -9.990e-29
 240.752564     21.472  35.307944     8.7077     3.4334     21.292    33.3418    25.8656 -9.990e-29
 240.752569     21.372  35.308265     8.7075     3.4408     21.193    33.3424    25.8661 -9.990e-29
 240.752575     21.275  35.306977     8.7066     3.4534     21.096    33.3419    25.8659 -9.990e-29
 240.752581     21.165  35.306284     8.7063     3.4798     20.987    33.3415    25.8656 -9.990e-29
 240.752587     21.035  35.305821     8.7073     3.4811     20.858    33.3401    25.8644 0.0000e+00
 240.752593     20.886  35.306091     8.7107     3.4855     20.711    33.3373    25.8616 0.0000e+00
 240.752598     20.721  35.308575     8.7175     3.4882     20.547    33.3336    25.8577 0.0000e+00
 240.752604     20.551  35.315469     8.7306     3.4882     20.378    33.3285    25.8517 0.0000e+00
 240.752610     20.386  35.329809     8.7513     3.4873     20.215    33.3242    25.8451 0.0000e+00
 240.752616     20.230  35.348882     8.7721     3.5002     20.060    33.3246    25.8422 0.0000e+00
 240.752622     20.075  35.361726     8.7834     3.4986     19.906    33.3275    25.8427 0.0000e+00
 240.752627     19.918  35.363076     8.7843     3.4851     19.751    33.3282    25.8431 0.0000e+00
 240.752633     19.760  35.359775     8.7820     3.4769     19.594    33.3270    25.8425 0.0000e+00
 240.752639     19.612  35.359185     8.7851     3.4793     19.447    33.3235    25.8393 -9.990e-29
 240.752645     19.488  35.365000     8.7933     3.4851     19.324    33.3219    25.8368 -9.990e-29
 240.752650     19.387  35.372656     8.7944     3.4961     19.224    33.3290    25.8421 -9.990e-29
 240.752656     19.299  35.368847     8.7847     3.5020     19.137    33.3341    25.8477 -9.990e-29
 240.752662     19.210  35.356897     8.7772     3.5122     19.049    33.3287    25.8446 -9.990e-29
 240.752668     19.101  35.352230     8.7813     3.5221     18.941    33.3200    25.8372 -9.990e-29
 240.752674     18.962  35.355897     8.7939     3.5344     18.803    33.3121    25.8290 0.0000e+00
 240.752679     18.804  35.362149     8.8074     3.5312     18.646    33.3060    25.8221 0.0000e+00
 240.752685     18.643  35.369247     8.8186     3.5296     18.487    33.3030    25.8180 0.0000e+00
 240.752691     18.482  35.377142     8.8283     3.5238     18.327    33.3022    25.8159 0.0000e+00
 240.752697     18.323  35.385726     8.8365     3.5224     18.169    33.3035    25.8157 0.0000e+00
 240.752703     18.174  35.394688     8.8439     3.5183     18.022    33.3060    25.8165 0.0000e+00
 240.752708     18.038  35.400865     8.8486     3.5104     17.887    33.3081    25.8174 -9.990e-29
 240.752714     17.914  35.401297     8.8488     3.5121     17.764    33.3085    25.8176 -9.990e-29
 240.752720     17.800  35.399362     8.8470     3.5209     17.651    33.3082    25.8177 -9.990e-29
 240.752726     17.687  35.399762     8.8443     3.5479     17.539    33.3112    25.8205 -9.990e-29
 240.752731     17.573  35.399673     8.8403     3.5835     17.426    33.3149    25.8240 -9.990e-29
 240.752737     17.456  35.395615     8.8377     3.6471     17.310    33.3132    25.8230 -9.990e-29
 240.752743     17.323  35.393379     8.8422     3.6970     17.178    33.3067    25.8172 0.0000e+00
 240.752749     17.161  35.397260     8.8591     3.7535     17.017    33.2949    25.8054 0.0000e+00
 240.752755     16.966  35.408515     8.8905     3.7860     16.824    33.2773    25.7867 0.0000e+00
 240.752760     16.745  35.433193     8.9325     3.7873     16.605    33.2638    25.7696 0.0000e+00
 240.752766     16.523  35.469487     8.9827     3.7790     16.384    33.2547    25.7546 0.0000e+00
 240.752772     16.324  35.508124     9.0317     3.7581     16.187    33.2492    25.7426 0.0000e+00
 240.752778     16.162  35.536239     9.0608     3.7376     16.026    33.2514    25.7397 0.0000e+00
 240.752784     16.030  35.545417     9.0695     3.7173     15.896    33.2528    25.7395 -9.990e-29
 240.752789     15.912  35.546785     9.0694     3.7180     15.779    33.2544    25.7407 -9.990e-29
 240.752795     15.799  35.547212     9.0653     3.7107     15.667    33.2587    25.7447 -9.990e-29
 240.752801     15.694  35.543349     9.0591     3.7124     15.562    33.2606    25.7472 -9.990e-29
 240.752807     15.595  35.536765     9.0523     3.7158     15.464    33.2601    25.7479 -9.990e-29
 240.752813     15.494  35.529879     9.0474     3.7142     15.364    33.2576    25.7467 -9.990e-29
 240.752818     15.385  35.525270     9.0454     3.7185     15.256    33.2547    25.7447 -9.990e-29
 240.752824     15.266  35.524631     9.0457     3.7347     15.138    33.2538    25.7440 -9.990e-29
 240.752830     15.142  35.527112     9.0495     3.7546     15.015    33.2529    25.7427 -9.990e-29
 240.752836     15.018  35.532661     9.0559     3.8000     14.892    33.2527    25.7415 -9.990e-29
 240.752841     14.890  35.539722     9.0641     3.8541     14.765    33.2525    25.7400 0.0000e+00
 240.752847     14.750  35.544271     9.0785     3.9283     14.626    33.2438    25.7310 0.0000e+00
 240.752853     14.594  35.548457     9.0992     3.9718     14.472    33.2289    25.7160 0.0000e+00
 240.752859     14.424  35.559541     9.1244     4.0259     14.303    33.2170    25.7027 0.0000e+00
 240.752865     14.247  35.584467     9.1587     4.0539     14.128    33.2110    25.6926 0.0000e+00
 240.752870     14.069  35.622880     9.2026     4.0648     13.951    33.2100    25.6848 0.0000e+00
 240.752876     13.891  35.657689     9.2470     4.0644     13.775    33.2048    25.6737 0.0000e+00
 240.752882     13.715  35.676519     9.2844     4.0424     13.600    33.1896    25.6558 0.0000e+00
 240.752888     13.551  35.689927     9.3147     4.0323     13.437    33.1753    25.6398 0.0000e+00
 240.752894     13.406  35.705723     9.3383     4.0132     13.294    33.1698    25.6317 0.0000e+00
 240.752899     13.274  35.715857     9.3503     4.0169     13.163    33.1692    25.6293 0.0000e+00
 240.752905     13.143  35.715930     9.3506     4.0215     13.033    33.1691    25.6292 0.0000e+00
 240.752911     13.005  35.711644     9.3462     4.0359     12.896    33.1688    25.6296 0.0000e+00
 240.752917     12.864  35.707925     9.3420     4.0633     12.756    33.1689    25.6304 0.0000e+00
 240.752922     12.719  35.707094     9.3411     4.0628     12.612    33.1689    25.6306 0.0000e+00
 240.752928     12.565  35.709165     9.3459     4.0747     12.460    33.1667    25.6281 0.0000e+00
 240.752934     12.411  35.712979     9.3556     4.0608     12.307    33.1617    25.6226 0.0000e+00
 240.752940     12.267  35.719706     9.3680     4.0435     12.164    33.1572    25.6171 0.0000e+00
 240.752946     12.137  35.729358     9.3818     4.0574     12.035    33.1544    25.6127 -9.990e-29
 240.752951     12.021  35.739130     9.3912     4.0595     11.920    33.1558    25.6123 -9.990e-29
 240.752957     11.912  35.744694     9.3929     4.0766     11.812    33.1601    25.6153 -9.990e-29
 240.752963     11.794  35.745076     9.3910     4.0825     11.695    33.1623    25.6173 -9.990e-29
 240.752969     11.661  35.743024     9.3906     4.0789     11.563    33.1606    25.6161 0.0000e+00
 240.752975     11.516  35.740285     9.3927     4.0891     11.420    33.1559    25.6121 0.0000e+00
 240.752980     11.368  35.738247     9.3954     4.0910     11.273    33.1513    25.6081 0.0000e+00
 240.752986     11.219  35.738114     9.3985     4.0950     11.125    33.1484    25.6053 0.0000e+00
 240.752992     11.064  35.739713     9.4014     4.0972     10.971    33.1474    25.6040 0.0000e+00
 240.752998     10.895  35.740135     9.4023     4.0972     10.804    33.1471    25.6036 0.0000e+00
 240.753003     10.703  35.737145     9.4020     4.0929     10.613    33.1444    25.6016 0.0000e+00
 240.753009     10.495  35.732919     9.4018     4.0876     10.407    33.1403    25.5984 0.0000e+00
 240.753015     10.287  35.729664     9.4022     4.0975     10.201    33.1367    25.5955 0.0000e+00
 240.753021     10.095  35.726964     9.4030     4.1056     10.011    33.1332    25.5927 0.0000e+00
 240.753027      9.925  35.722900     9.4035     4.0996      9.842    33.1287    25.5890 0.0000e+00
 240.753032      9.770  35.716534     9.4029     4.1018      9.688    33.1227    25.5845 0.0000e+00
 240.753038      9.620  35.711139     9.4016     4.0942      9.539    33.1184    25.5813 0.0000e+00
 240.753044      9.470  35.709603     9.3998     4.1001      9.391    33.1186    25.5817 0.0000e+00
 240.753050      9.319  35.710439     9.3983     4.1038      9.241    33.1209    25.5838 0.0000e+00
 240.753056      9.166  35.713082     9.3976     4.1000      9.089    33.1243    25.5866 0.0000e+00
 240.753061      9.010  35.717700     9.3974     4.0979      8.935    33.1294    25.5905 0.0000e+00
 240.753067      8.849  35.719252     9.3966     4.0940      8.775    33.1318    25.5925 0.0000e+00
 240.753073      8.686  35.714209     9.3951     4.0941      8.613    33.1280    25.5899 0.0000e+00
 240.753079      8.528  35.707607     9.3941     4.1017      8.457    33.1222    25.5855 0.0000e+00
 240.753084      8.378  35.704085     9.3941     4.1093      8.308    33.1187    25.5827 0.0000e+00
 240.753090      8.230  35.702308     9.3939     4.1109      8.161    33.1171    25.5815 0.0000e+00
 240.753096      8.075  35.699910     9.3935     4.1072      8.007    33.1150    25.5799 0.0000e+00
 240.753102      7.907  35.697053     9.3939     4.1173      7.841    33.1118    25.5773 0.0000e+00
 240.753108      7.733  35.693848     9.3959     4.1324      7.668    33.1067    25.5731 0.0000e+00
 240.753113      7.563  35.689385     9.3989     4.1504      7.500    33.0994    25.5669 0.0000e+00
 240.753119      7.399  35.683314     9.4019     4.1636      7.337    33.0905    25.5594 0.0000e+00
 240.753125      7.239  35.676503     9.4051     4.1686      7.178    33.0806    25.5511 0.0000e+00
 240.753131      7.078  35.671072     9.4123     4.1886      7.019    33.0684    25.5404 0.0000e+00
 240.753137      6.914  35.668181     9.4244     4.2049      6.856    33.0543    25.5275 0.0000e+00
 240.753142      6.757  35.667335     9.4382     4.2161      6.700    33.0407    25.5146 0.0000e+00
 240.753148      6.611  35.667970     9.4506     4.2304      6.556    33.0300    25.5043 0.0000e+00
 240.753154      6.462  35.668697     9.4586     4.2298      6.408    33.0235    25.4978 0.0000e+00
 240.753160      6.296  35.668810     9.4659     4.2403      6.243    33.0169    25.4915 0.0000e+00
 240.753166      6.112  35.670701     9.4784     4.2376      6.061    33.0074    25.4821 0.0000e+00
 240.753171      5.918  35.676893     9.4966     4.2418      5.869    32.9971    25.4711 0.0000e+00
 240.753177      5.725  35.690608     9.5218     4.2292      5.677    32.9881    25.4600 0.0000e+00
 240.753183      5.537  35.713896     9.5534     4.2393      5.491    32.9830    25.4509 0.0000e+00
 240.753189      5.354  35.736937     9.5779     4.2511      5.309    32.9842    25.4478 0.0000e+00
 240.753194      5.174  35.743983     9.5818     4.2734      5.131    32.9879    25.4501 0.0000e+00
 240.753200      4.994  35.737158     9.5757     4.2963      4.952    32.9866    25.4501 0.0000e+00
 240.753206      4.811  35.731445     9.5781     4.3104      4.771    32.9786    25.4434 0.0000e+00
 240.753212      4.627  35.732668     9.5941     4.3077      4.588    32.9653    25.4304 0.0000e+00
 240.753218      4.446  35.740216     9.6220     4.3012      4.409    32.9475    25.4119 0.0000e+00
 240.753223      4.274  35.755197     9.6613     4.3002      4.238    32.9268    25.3894 0.0000e+00
 240.753229      4.117  35.784710     9.7016     4.3057      4.083    32.9202    25.3776 0.0000e+00
 240.753235      3.979  35.817159     9.7256     4.3251      3.946    32.9315    25.3825 0.0000e+00
 240.753241      3.850  35.828622     9.7364     4.3431      3.818    32.9333    25.3822 0.0000e+00
 240.753247      3.718  35.827670     9.7471     4.3681      3.687    32.9226    25.3721 0.0000e+00
 240.753252      3.575  35.829278     9.7577     4.3844      3.545    32.9146    25.3641 0.0000e+00
 240.753258      3.416  35.832792     9.7661     4.3878      3.387    32.9106    25.3595 0.0000e+00
 240.753264      3.248  35.836742     9.7784     4.3943      3.221    32.9035    25.3519 0.0000e+00
 240.753270      3.082  35.843600     9.7996     4.4026      3.056    32.8912    25.3388 0.0000e+00
 240.753275      2.923  35.858031     9.8232     4.4240      2.899    32.8844    25.3297 0.0000e+00
 240.753281      2.776  35.875203     9.8388     4.4404      2.753    32.8877    25.3297 0.0000e+00
 240.753287      2.634  35.883858     9.8443     4.4675      2.612    32.8916    25.3318 0.0000e+00
 240.753293      2.489  35.882105     9.8448     4.4795      2.468    32.8894    25.3300 0.0000e+00
 240.753299      2.336  35.876008     9.8468     4.4861      2.316    32.8814    25.3234 0.0000e+00
 240.753304      2.183  35.870879     9.8537     4.4935      2.165    32.8700    25.3134 0.0000e+00
 240.753310      2.040  35.868841     9.8642     4.4983      2.023    32.8584    25.3026 0.0000e+00
 240.753316      1.912  35.868860     9.8748     4.5019      1.896    32.8488    25.2933 -9.990e-29
