data/oxygen options/OCNMS/OCNMS1/raw_data/2017/CAST_CE015_170926faed.cnv
* Sea-Bird SBE 19 Data File:
* FileName = C:\2017 Mooring Data\Casts\CAST_CE015_170926.hex
* Software Version SeatermAF 2.1.2
* Temperature SN = 2997
* Conductivity SN = 2997
* System UpLoad Time = Sep 26 2017 18:20:59 (localtime) = Sep 26 2017 18:20:59 (UTC)
** CAST_CE015_170926
* ds
# nquan = 9                                 
# nvalues = 970                         
# units = specified
# name 0 = timeJ: Julian Days
# name 1 = prSM: Pressure, Strain Gauge [db]
# name 2 = c0mS/cm: Conductivity [mS/cm]
# name 3 = t090C: Temperature [ITS-90, deg C]
# name 4 = sbeox0ML/L: Oxygen, SBE 43 [ml/l]
# name 5 = depSM: Depth [salt water, m], lat = 47.5
# name 6 = sal00: Salinity, Practical [PSU]
# name 7 = sigma-é00: Density [sigma-theta, kg/m^3]
# name 8 = flag: flag
# span 0 = 269.738264, 269.743872       
# span 1 =     -4.736,     14.624       
# span 2 =   0.477030,  38.034091       
# span 3 =    13.0295,    17.6326       
# span 4 =   -11.0302,    12.5008       
# span 5 =     -4.697,     14.501       
# span 6 =     0.2722,    31.8400       
# span 7 =    -1.1197,    23.9406       
# span 8 = 0.0000e+00, 0.0000e+00       
# interval = seconds: 0.5
# start_time = Sep 26 2017 17:43:06 [Instrument's time stamp, header]
# bad_flag = -9.990e-29
*END*
 269.738264     -4.736 -9.990e-29    17.6308    -1.8010     -4.697 -9.990e-29 -9.990e-29 -9.990e-29
 269.738270     -4.705   0.490274    17.6205    -1.8012     -4.666     0.2784    -1.1196 -9.990e-29
 269.738275     -4.677   0.491771    17.6186    -1.8007     -4.638     0.2793    -1.1186 -9.990e-29
 269.738281     -4.655   0.493863    17.6222    -1.8009     -4.616     0.2805    -1.1183 -9.990e-29
 269.738287     -4.637   0.495459    17.6276    -1.8014     -4.598     0.2814    -1.1186 -9.990e-29
 269.738293     -4.623   0.495733    17.6326    -1.8013     -4.584     0.2815    -1.1194 -9.990e-29
 269.738299     -4.610   0.495050    17.6326    -1.8020     -4.572     0.2811    -1.1197 -9.990e-29
 269.738304     -4.594   0.493977    17.6196    -1.8029     -4.556     0.2805    -1.1178 -9.990e-29
 269.738310     -4.570   0.492744    17.5945    -1.8024     -4.532     0.2800    -1.1137 -9.990e-29
 269.738316     -4.541   0.491742    17.5719    -1.8019     -4.503     0.2795    -1.1099 -9.990e-29
 269.738322     -4.508   0.491296    17.5615    -1.8017     -4.470     0.2794    -1.1082 -9.990e-29
 269.738328     -4.475   0.491366    17.5590    -1.8013     -4.438     0.2794    -1.1077 -9.990e-29
 269.738333     -4.443   0.491491    17.5556    -1.8007     -4.406     0.2795    -1.1070 -9.990e-29
 269.738339     -4.410   0.491282    17.5493    -1.8007     -4.373     0.2794    -1.1059 -9.990e-29
 269.738345     -4.378   0.491016    17.5409    -1.8024     -4.342     0.2793    -1.1045 -9.990e-29
 269.738351     -4.350   0.490893    17.5296    -1.8045     -4.314     0.2793    -1.1024 -9.990e-29
 269.738356     -4.324   0.490750    17.5212    -1.8066     -4.288     0.2793    -1.1009 -9.990e-29
 269.738362     -4.299   0.490396    17.5226    -1.8082     -4.263     0.2791    -1.1014 -9.990e-29
 269.738368     -4.272   0.489912    17.5301    -1.8090     -4.236     0.2788    -1.1030 -9.990e-29
 269.738374     -4.242   0.489764    17.5386    -1.8092     -4.207     0.2786    -1.1046 -9.990e-29
 269.738380     -4.211   0.490308    17.5470    -1.8095     -4.176     0.2789    -1.1059 -9.990e-29
 269.738385     -4.182   0.491161    17.5508    -1.8094     -4.147     0.2793    -1.1062 -9.990e-29
 269.738391     -4.152   0.491242    17.5392    -1.8092     -4.117     0.2795    -1.1040 -9.990e-29
 269.738397     -4.125   0.490108    17.5062    -1.8089     -4.091     0.2790    -1.0984 -9.990e-29
 269.738403     -4.102   0.488462    17.4592    -1.8081     -4.068     0.2784    -1.0905 -9.990e-29
 269.738409     -4.083   0.487435    17.4106    -1.8075     -4.049     0.2781    -1.0820 -9.990e-29
 269.738414     -4.067   0.487876    17.3709    -1.8084     -4.033     0.2786    -1.0745 -9.990e-29
 269.738420     -4.051   0.489817    17.3453    -1.8098     -4.017     0.2799    -1.0689 -9.990e-29
 269.738426     -4.035   0.491968    17.3317    -1.8100     -4.001     0.2812    -1.0655 -9.990e-29
 269.738432     -4.018   0.492765    17.3258    -1.8088     -3.985     0.2818    -1.0640 -9.990e-29
 269.738437     -3.999   0.492162    17.3261    -1.8072     -3.966     0.2814    -1.0644 -9.990e-29
 269.738443     -3.977   0.491018    17.3314    -1.8058     -3.944     0.2807    -1.0659 -9.990e-29
 269.738449     -3.951   0.490024    17.3406    -1.8055     -3.918     0.2800    -1.0680 -9.990e-29
 269.738455     -3.922   0.489517    17.3514    -1.8053     -3.889     0.2797    -1.0702 -9.990e-29
 269.738461     -3.894   0.489377    17.3551    -1.8061     -3.862     0.2796    -1.0709 -9.990e-29
 269.738466     -3.865   0.489415    17.3450    -1.8079     -3.833     0.2797    -1.0691 -9.990e-29
 269.738472     -3.836   0.489684    17.3309    -1.8095     -3.804     0.2799    -1.0664 -9.990e-29
 269.738478     -3.811   0.490543    17.3308    -1.8109     -3.779     0.2804    -1.0660 -9.990e-29
 269.738484     -3.788   0.491476    17.3507    -1.8124     -3.756     0.2808    -1.0692 -9.990e-29
 269.738490     -3.765   0.491509    17.3811    -1.8131     -3.734     0.2807    -1.0747 -9.990e-29
 269.738495     -3.742   0.491241    17.4077    -1.8140     -3.711     0.2803    -1.0798 -9.990e-29
 269.738501     -3.720   0.490867    17.4213    -1.8153     -3.689     0.2800    -1.0824 -9.990e-29
 269.738507     -3.703   0.489890    17.4190    -1.8166     -3.672     0.2795    -1.0824 -9.990e-29
 269.738513     -3.685   0.489226    17.3980    -1.8177     -3.654     0.2792    -1.0789 -9.990e-29
 269.738519     -3.666   0.490204    17.3610    -1.8184     -3.635     0.2800    -1.0716 -9.990e-29
 269.738524     -3.647   0.493575    17.3187    -1.8187     -3.617     0.2823    -1.0624 -9.990e-29
 269.738530     -3.625   0.499955    17.2781    -1.8193     -3.595     0.2863    -1.0521 -9.990e-29
 269.738536     -3.596   0.509537    17.2417    -1.8197     -3.566     0.2922    -1.0411 -9.990e-29
 269.738542     -3.569   0.520689    17.2098    -1.8193     -3.539     0.2990    -1.0302 -9.990e-29
 269.738547     -3.546   0.531655    17.1785    -1.8179     -3.516     0.3057    -1.0195 -9.990e-29
 269.738553     -3.524   0.542651    17.1448    -1.8164     -3.495     0.3124    -1.0084 -9.990e-29
 269.738559     -3.504   0.553930    17.1109    -1.8149     -3.475     0.3194    -0.9970 -9.990e-29
 269.738565     -3.483   0.565566    17.0810    -1.8139     -3.454     0.3265    -0.9863 -9.990e-29
 269.738571     -3.460   0.578667    17.0580    -1.8129     -3.431     0.3345    -0.9761 -9.990e-29
 269.738576     -3.433   0.594074    17.0417    -1.8122     -3.404     0.3438    -0.9661 -9.990e-29
 269.738582     -3.402   0.610163    17.0309    -1.8124     -3.374     0.3535    -0.9567 -9.990e-29
 269.738588     -3.368   0.622892    17.0286    -1.8137     -3.340     0.3612    -0.9505 -9.990e-29
 269.738594     -3.338   0.629838    17.0411    -1.8153     -3.310     0.3652    -0.9495 -9.990e-29
 269.738600     -3.313   0.632503    17.0684    -1.8168     -3.285     0.3666    -0.9533 -9.990e-29
 269.738605     -3.294   0.633335    17.1033    -1.8179     -3.267     0.3668    -0.9592 -9.990e-29
 269.738611     -3.277   0.633442    17.1380    -1.8184     -3.250     0.3665    -0.9655 -9.990e-29
 269.738617     -3.263   0.633521    17.1680    -1.8188     -3.236     0.3663    -0.9710 -9.990e-29
 269.738623     -3.246   0.634235    17.1912    -1.8198     -3.219     0.3666    -0.9749 -9.990e-29
 269.738628     -3.220   0.635427    17.2024    -1.8208     -3.193     0.3672    -0.9764 -9.990e-29
 269.738634     -3.193   0.636469    17.1950    -1.8219     -3.166     0.3679    -0.9746 -9.990e-29
 269.738640     -3.171   0.637088    17.1697    -1.8228     -3.145     0.3684    -0.9696 -9.990e-29
 269.738646     -3.150   0.637556    17.1352    -1.8233     -3.124     0.3690    -0.9631 -9.990e-29
 269.738652     -3.122   0.637941    17.1007    -1.8229     -3.096     0.3696    -0.9566 -9.990e-29
 269.738657     -3.091   0.638203    17.0721    -1.8216     -3.065     0.3700    -0.9513 -9.990e-29
 269.738663     -3.063   0.639248    17.0502    -1.8204     -3.037     0.3708    -0.9468 -9.990e-29
 269.738669     -3.041   0.641913    17.0302    -1.8193     -3.016     0.3726    -0.9420 -9.990e-29
 269.738675     -3.024   0.645320    17.0071    -1.8185     -2.999     0.3748    -0.9362 -9.990e-29
 269.738681     -3.009   0.647362    16.9810    -1.8177     -2.984     0.3763    -0.9305 -9.990e-29
 269.738686     -2.997   0.647991    16.9551    -1.8176     -2.972     0.3769    -0.9255 -9.990e-29
 269.738692     -2.987   0.650262    16.9345    -1.8173     -2.962     0.3784    -0.9208 -9.990e-29
 269.738698     -2.977   0.656094    16.9262    -1.8182     -2.952     0.3820    -0.9165 -9.990e-29
 269.738704     -2.967   0.663290    16.9355    -1.8186     -2.942     0.3863    -0.9149 -9.990e-29
 269.738709     -2.958   0.667589    16.9594    -1.8178     -2.933     0.3886    -0.9172 -9.990e-29
 269.738715     -2.947   0.666965    16.9887    -1.8178     -2.922     0.3880    -0.9228 -9.990e-29
 269.738721     -2.934   0.662803    17.0165    -1.8184     -2.910     0.3852    -0.9298 -9.990e-29
 269.738727     -2.919   0.657314    17.0402    -1.8177     -2.895     0.3817    -0.9367 -9.990e-29
 269.738733     -2.901   0.652046    17.0575    -1.8169     -2.877     0.3784    -0.9422 -9.990e-29
 269.738738     -2.878   0.647733    17.0668    -1.8162     -2.854     0.3757    -0.9459 -9.990e-29
 269.738744     -2.853   0.644723    17.0672    -1.8151     -2.829     0.3739    -0.9474 -9.990e-29
 269.738750     -2.830   0.643435    17.0612    -1.8139     -2.806     0.3732    -0.9469 -9.990e-29
 269.738756     -2.805   0.643262    17.0581    -1.8131     -2.782     0.3731    -0.9464 -9.990e-29
 269.738762     -2.783   0.642864    17.0612    -1.8127     -2.760     0.3729    -0.9472 -9.990e-29
 269.738767     -2.767   0.641713    17.0632    -1.8121     -2.744     0.3721    -0.9481 -9.990e-29
 269.738773     -2.749   0.640490    17.0654    -1.8112     -2.726     0.3714    -0.9490 -9.990e-29
 269.738779     -2.727   0.640337    17.0758    -1.8099     -2.704     0.3712    -0.9510 -9.990e-29
 269.738785     -2.701   0.641603    17.0943    -1.8093     -2.678     0.3718    -0.9538 -9.990e-29
 269.738791     -2.676   0.643760    17.1178    -1.8084     -2.654     0.3729    -0.9571 -9.990e-29
 269.738796     -2.652   0.645250    17.1449    -1.8071     -2.630     0.3735    -0.9613 -9.990e-29
 269.738802     -2.639   0.643629    17.1719    -1.8058     -2.617     0.3723    -0.9670 -9.990e-29
 269.738808     -2.634   0.638398    17.1947    -1.8048     -2.612     0.3690    -0.9736 -9.990e-29
 269.738814     -2.629   0.632004    17.2142    -1.8043     -2.607     0.3650    -0.9801 -9.990e-29
 269.738819     -2.619   0.627004    17.2351    -1.8039     -2.597     0.3619    -0.9863 -9.990e-29
 269.738825     -2.604   0.623937    17.2605    -1.8032     -2.582     0.3598    -0.9923 -9.990e-29
 269.738831     -2.587   0.621486    17.2880    -1.8023     -2.565     0.3581    -0.9985 -9.990e-29
 269.738837     -2.571   0.618600    17.3147    -1.8020     -2.550     0.3562    -1.0048 -9.990e-29
 269.738843     -2.556   0.615864    17.3422    -1.8020     -2.535     0.3543    -1.0111 -9.990e-29
 269.738848     -2.544   0.614618    17.3730    -1.8010     -2.523     0.3533    -1.0174 -9.990e-29
 269.738854     -2.534   0.614864    17.4044    -1.8005     -2.513     0.3532    -1.0231 -9.990e-29
 269.738860     -2.522   0.614713    17.4307    -1.8006     -2.501     0.3529    -1.0280 -9.990e-29
 269.738866     -2.512   0.612856    17.4503    -1.8008     -2.491     0.3516    -1.0325 -9.990e-29
 269.738872     -2.502   0.610144    17.4671    -1.8008     -2.481     0.3499    -1.0369 -9.990e-29
 269.738877     -2.488   0.608501    17.4848    -1.8013     -2.467     0.3488    -1.0409 -9.990e-29
 269.738883     -2.473   0.609062    17.5020    -1.8018     -2.452     0.3490    -1.0439 -9.990e-29
 269.738889     -2.461   0.610914    17.5154    -1.8024     -2.440     0.3500    -1.0455 -9.990e-29
 269.738895     -2.450   0.612094    17.5277    -1.8036     -2.430     0.3506    -1.0473 -9.990e-29
 269.738900     -2.441   0.611402    17.5418    -1.8048     -2.421     0.3500    -1.0502 -9.990e-29
 269.738906     -2.431   0.609025    17.5522    -1.8048     -2.411     0.3485    -1.0532 -9.990e-29
 269.738912     -2.422   0.606782    17.5548    -1.8052     -2.402     0.3472    -1.0547 -9.990e-29
 269.738918     -2.412   0.606670    17.5525    -1.8053     -2.392     0.3472    -1.0544 -9.990e-29
 269.738924     -2.400   0.608542    17.5473    -1.8057     -2.380     0.3483    -1.0525 -9.990e-29
 269.738929     -2.387   0.609905    17.5377    -1.8062     -2.367     0.3492    -1.0501 -9.990e-29
 269.738935     -2.375   0.608699    17.5229    -1.8066     -2.355     0.3486    -1.0479 -9.990e-29
 269.738941     -2.367   0.605531    17.5025    -1.8074     -2.347     0.3469    -1.0456 -9.990e-29
 269.738947     -2.360   0.602274    17.4779    -1.8087     -2.340     0.3452    -1.0424 -9.990e-29
 269.738953     -2.347   0.600128    17.4564    -1.8101     -2.327     0.3441    -1.0394 -9.990e-29
 269.738958     -2.329   0.599003    17.4429    -1.8112     -2.310     0.3435    -1.0374 -9.990e-29
 269.738964     -2.305   0.597953    17.4339    -1.8109     -2.286     0.3430    -1.0362 -9.990e-29
 269.738970     -2.277   0.596688    17.4254    -1.8110     -2.258     0.3423    -1.0352 -9.990e-29
 269.738976     -2.251   0.596291    17.4151    -1.8115     -2.232     0.3421    -1.0335 -9.990e-29
 269.738981     -2.231   0.596789    17.4023    -1.8115     -2.212     0.3425    -1.0309 -9.990e-29
 269.738987     -2.215   0.596630    17.3857    -1.8113     -2.197     0.3426    -1.0279 -9.990e-29
 269.738993     -2.203   0.595601    17.3627    -1.8112     -2.185     0.3421    -1.0241 -9.990e-29
 269.738999     -2.193   0.594547    17.3333    -1.8110     -2.175     0.3418    -1.0192 -9.990e-29
 269.739005     -2.184   0.594280    17.3034    -1.8110     -2.166     0.3418    -1.0138 -9.990e-29
 269.739010     -2.177   0.595000    17.2823    -1.8113     -2.159     0.3424    -1.0096 -9.990e-29
 269.739016     -2.170   0.595449    17.2726    -1.8106     -2.152     0.3428    -1.0076 -9.990e-29
 269.739022     -2.164   0.594565    17.2671    -1.8114     -2.146     0.3423    -1.0070 -9.990e-29
 269.739028     -2.158   0.592831    17.2620    -1.8120     -2.140     0.3413    -1.0068 -9.990e-29
 269.739034     -2.151   0.591262    17.2603    -1.8115     -2.133     0.3404    -1.0072 -9.990e-29
 269.739039     -2.144   0.589984    17.2622    -1.8108     -2.126     0.3396    -1.0082 -9.990e-29
 269.739045     -2.135   0.588402    17.2653    -1.8101     -2.117     0.3387    -1.0095 -9.990e-29
 269.739051     -2.124   0.586624    17.2679    -1.8104     -2.106     0.3376    -1.0108 -9.990e-29
 269.739057     -2.111   0.585603    17.2685    -1.8115     -2.093     0.3370    -1.0113 -9.990e-29
 269.739062     -2.094   0.585644    17.2688    -1.8115     -2.077     0.3370    -1.0114 -9.990e-29
 269.739068     -2.073   0.585692    17.2687    -1.8123     -2.056     0.3370    -1.0113 -9.990e-29
 269.739074     -2.045   0.584704    17.2640    -1.8134     -2.028     0.3365    -1.0109 -9.990e-29
 269.739080     -2.015   0.583027    17.2601    -1.8144     -1.998     0.3355    -1.0110 -9.990e-29
 269.739086     -1.988   0.581752    17.2655    -1.8141     -1.971     0.3347    -1.0125 -9.990e-29
 269.739091     -1.967   0.581396    17.2767    -1.8132     -1.951     0.3344    -1.0148 -9.990e-29
 269.739097     -1.950   0.581482    17.2839    -1.8125     -1.934     0.3344    -1.0160 -9.990e-29
 269.739103     -1.937   0.581018    17.2795    -1.8124     -1.921     0.3342    -1.0154 -9.990e-29
 269.739109     -1.926   0.579386    17.2665    -1.8124     -1.910     0.3333    -1.0138 -9.990e-29
 269.739115     -1.917   0.577183    17.2512    -1.8120     -1.901     0.3321    -1.0120 -9.990e-29
 269.739120     -1.910   0.575904    17.2325    -1.8110     -1.894     0.3315    -1.0091 -9.990e-29
 269.739126     -1.903   0.576616    17.2117    -1.8099     -1.887     0.3321    -1.0050 -9.990e-29
 269.739132     -1.898   0.578606    17.1984    -1.8092     -1.882     0.3334    -1.0017 -9.990e-29
 269.739138     -1.892   0.579541    17.2000    -1.8086     -1.876     0.3339    -1.0015 -9.990e-29
 269.739144     -1.886   0.578451    17.2122    -1.8094     -1.870     0.3332    -1.0043 -9.990e-29
 269.739149     -1.880   0.576656    17.2248    -1.8105     -1.864     0.3320    -1.0074 -9.990e-29
 269.739155     -1.872   0.575643    17.2332    -1.8116     -1.856     0.3313    -1.0094 -9.990e-29
 269.739161     -1.864   0.576277    17.2415    -1.8123     -1.848     0.3316    -1.0106 -9.990e-29
 269.739167     -1.853   0.578295    17.2555    -1.8134     -1.838     0.3327    -1.0123 -9.990e-29
 269.739172     -1.844   0.579957    17.2760    -1.8139     -1.829     0.3336    -1.0153 -9.990e-29
 269.739178     -1.840   0.579601    17.2983    -1.8141     -1.825     0.3332    -1.0195 -9.990e-29
 269.739184     -1.837   0.577306    17.3157    -1.8143     -1.822     0.3317    -1.0238 -9.990e-29
