data/oxygen options/OCNMS/OCNMS1/raw_data/2017/CAST_CA015_170725faed.cnv
* Sea-Bird SBE 19 Data File:
* FileName = C:\2017 Mooring Data\Casts\CAST_CA015_170725.hex
* Software Version SeatermAF 2.1.2
* Temperature SN = 2997
* Conductivity SN = 2997
* System UpLoad Time = Jul 25 2017 17:45:28 (localtime) = Jul 25 2017 17:45:28 (UTC)
** CAST_CA015_170725
* ds
# nquan = 9                                 
# nvalues = 957                         
# units = specified
# name 0 = timeJ: Julian Days
# name 1 = prSM: Pressure, Strain Gauge [db]
# name 2 = c0mS/cm: Conductivity [mS/cm]
# name 3 = t090C: Temperature [ITS-90, deg C]
# name 4 = sbeox0ML/L: Oxygen, SBE 43 [ml/l]
# name 5 = depSM: Depth [salt water, m], lat = 47.5
# name 6 = sal00: Salinity, Practical [PSU]
# name 7 = sigma-é00: Density [sigma-theta, kg/m^3]
# name 8 = flag: flag
# span 0 = 206.722118, 206.727650       
# span 1 =     -5.134,     17.295       
# span 2 =   0.008713,  37.590169       
# span 3 =     8.4395,    16.1048       
# span 4 =    -9.0951,    17.3470       
# span 5 =     -5.091,     17.150       
# span 6 =     0.0110,    33.3565       
# span 7 =    -1.0641,    25.9181       
# span 8 = 0.0000e+00, 0.0000e+00       
# interval = seconds: 0.5
# start_time = Jul 25 2017 17:19:51 [Instrument's time stamp, header]
# bad_flag = -9.990e-29
*END*
[from data line 161]
 206.723050     -2.162   0.008731    15.8195    -1.8667     -2.144     0.0111    -1.0180 -9.990e-29
 206.723056     -2.156   0.008732    15.8200    -1.8666     -2.138     0.0111    -1.0181 -9.990e-29
 206.723061     -2.149   0.008732    15.8236    -1.8665     -2.131     0.0111    -1.0186 -9.990e-29
 206.723067     -2.141   0.008733    15.8273    -1.8667     -2.123     0.0111    -1.0192 -9.990e-29
 206.723073     -2.132   0.008733    15.8281    -1.8668     -2.114     0.0111    -1.0194 -9.990e-29
 206.723079     -2.120   0.008734    15.8274    -1.8664     -2.102     0.0111    -1.0192 -9.990e-29
 206.723084     -2.106   0.008734    15.8305    -1.8664     -2.088     0.0111    -1.0197 -9.990e-29
 206.723090     -2.088   0.008735    15.8401    -1.8661     -2.071     0.0111    -1.0213 -9.990e-29
 206.723096     -2.064   0.008735    15.8513    -1.8656     -2.047     0.0111    -1.0231 -9.990e-29
 206.723102     -2.039   0.008736    15.8588    -1.8651     -2.022     0.0111    -1.0243 -9.990e-29
 206.723108     -2.019   0.008736    15.8624    -1.8651     -2.002     0.0111    -1.0249 -9.990e-29
 206.723113     -2.002   0.008737    15.8635    -1.8662     -1.985     0.0111    -1.0250 -9.990e-29
 206.723119     -1.984   0.008737    15.8633    -1.8678     -1.967     0.0111    -1.0250 -9.990e-29
 206.723125     -1.967   0.008738    15.8647    -1.8681     -1.951     0.0111    -1.0252 -9.990e-29
 206.723131     -1.954   0.008738    15.8687    -1.8680     -1.938     0.0111    -1.0259 -9.990e-29
 206.723137     -1.945   0.008739    15.8736    -1.8684     -1.929     0.0111    -1.0267 -9.990e-29
 206.723142     -1.940   0.008739    15.8799    -1.8685     -1.924     0.0111    -1.0277 -9.990e-29
 206.723148     -1.937   0.008740    15.8877    -1.8680     -1.921     0.0111    -1.0289 -9.990e-29
 206.723154     -1.937   0.008740    15.8924    -1.8677     -1.921     0.0111    -1.0297 -9.990e-29
 206.723160     -1.935   0.008741    15.8872    -1.8674     -1.919     0.0111    -1.0288 -9.990e-29
 206.723166     -1.927   0.008741    15.8695    -1.8671     -1.911     0.0111    -1.0260 -9.990e-29
 206.723171     -1.917   0.008742    15.8478    -1.8669     -1.901     0.0111    -1.0225 -9.990e-29
 206.723177     -1.908   0.008742    15.8337    -1.8670     -1.892     0.0111    -1.0202 -9.990e-29
 206.723183     -1.900   0.008743    15.8269    -1.8671     -1.884     0.0111    -1.0192 -9.990e-29
 206.723189     -1.892   0.008743    15.8229    -1.8671     -1.876     0.0111    -1.0185 -9.990e-29
 206.723194     -1.884   0.008744    15.8230    -1.8675     -1.868     0.0111    -1.0185 -9.990e-29
 206.723200     -1.876   0.008744    15.8283    -1.8682     -1.860     0.0111    -1.0194 -9.990e-29
 206.723206     -1.866   0.008745    15.8359    -1.8686     -1.850     0.0111    -1.0206 -9.990e-29
 206.723212     -1.854   0.008745    15.8433    -1.8687     -1.839     0.0111    -1.0218 -9.990e-29
 206.723218     -1.840   0.008746    15.8495    -1.8686     -1.825     0.0111    -1.0228 -9.990e-29
 206.723223     -1.826   0.008746    15.8531    -1.8686     -1.811     0.0111    -1.0234 -9.990e-29
 206.723229     -1.817   0.008747    15.8532    -1.8688     -1.802     0.0111    -1.0234 -9.990e-29
 206.723235     -1.807   0.008747    15.8510    -1.8690     -1.792     0.0111    -1.0230 -9.990e-29
 206.723241     -1.792   0.008748    15.8467    -1.8690     -1.777     0.0111    -1.0223 -9.990e-29
 206.723247     -1.770   0.008748    15.8386    -1.8686     -1.755     0.0111    -1.0210 -9.990e-29
 206.723252     -1.744   0.008749    15.8280    -1.8689     -1.729     0.0111    -1.0193 -9.990e-29
 206.723258     -1.722   0.008749    15.8193    -1.8687     -1.708     0.0111    -1.0179 -9.990e-29
 206.723264     -1.705   0.008750    15.8149    -1.8687     -1.691     0.0111    -1.0172 -9.990e-29
 206.723270     -1.694   0.008750    15.8133    -1.8689     -1.680     0.0111    -1.0170 -9.990e-29
 206.723275     -1.687   0.008751    15.8114    -1.8693     -1.673     0.0111    -1.0167 -9.990e-29
 206.723281     -1.684   0.008751    15.8085    -1.8694     -1.670     0.0111    -1.0162 -9.990e-29
 206.723287     -1.680   0.008752    15.8064    -1.8697     -1.666     0.0111    -1.0159 -9.990e-29
 206.723293     -1.671   0.008752    15.8069    -1.8700     -1.657     0.0111    -1.0159 -9.990e-29
 206.723299     -1.661   0.008753    15.8085    -1.8702     -1.647     0.0111    -1.0162 -9.990e-29
 206.723304     -1.653   0.008753    15.8089    -1.8704     -1.639     0.0111    -1.0163 -9.990e-29
 206.723310     -1.646   0.008754    15.8087    -1.8708     -1.632     0.0111    -1.0162 -9.990e-29
 206.723316     -1.641   0.008754    15.8075    -1.8713     -1.627     0.0111    -1.0160 -9.990e-29
 206.723322     -1.637   0.008755    15.8035    -1.8719     -1.623     0.0111    -1.0154 -9.990e-29
 206.723328     -1.634   0.008755    15.7975    -1.8719     -1.620     0.0111    -1.0144 -9.990e-29
 206.723333     -1.631   0.008756    15.7913    -1.8713     -1.617     0.0111    -1.0134 -9.990e-29
 206.723339     -1.628   0.008756    15.7849    -1.8706     -1.614     0.0111    -1.0124 -9.990e-29
 206.723345     -1.626   0.008757    15.7780    -1.8698     -1.612     0.0111    -1.0113 -9.990e-29
 206.723351     -1.623   0.008757    15.7712    -1.8689     -1.609     0.0111    -1.0102 -9.990e-29
 206.723356     -1.620   0.008758    15.7638    -1.8685     -1.606     0.0111    -1.0091 -9.990e-29
 206.723362     -1.617   0.008758    15.7548    -1.8684     -1.604     0.0110    -1.0076 -9.990e-29
 206.723368     -1.614   0.008759    15.7449    -1.8686     -1.601     0.0110    -1.0060 -9.990e-29
 206.723374     -1.609   0.008759    15.7376    -1.8683     -1.596     0.0110    -1.0049 -9.990e-29
 206.723380     -1.608   0.008760    15.7380    -1.8680     -1.595     0.0110    -1.0049 -9.990e-29
 206.723385     -1.614   0.008760    15.7475    -1.8680     -1.601     0.0110    -1.0065 -9.990e-29
 206.723391     -1.624   0.008761    15.7631    -1.8681     -1.610     0.0111    -1.0089 -9.990e-29
 206.723397     -1.629   0.008761    15.7812    -1.8692     -1.615     0.0111    -1.0118 -9.990e-29
 206.723403     -1.626   0.008762    15.7981    -1.8698     -1.612     0.0111    -1.0145 -9.990e-29
 206.723409     -1.619   0.008762    15.8096    -1.8696     -1.605     0.0111    -1.0164 -9.990e-29
 206.723414     -1.611   0.008763    15.8150    -1.8692     -1.598     0.0111    -1.0172 -9.990e-29
 206.723420     -1.602   0.008763    15.8178    -1.8687     -1.589     0.0111    -1.0177 -9.990e-29
 206.723426     -1.592   0.008764    15.8215    -1.8685     -1.579     0.0111    -1.0183 -9.990e-29
 206.723432     -1.580   0.008764    15.8250    -1.8684     -1.567     0.0111    -1.0188 -9.990e-29
 206.723437     -1.565   0.008765    15.8248    -1.8681     -1.552     0.0111    -1.0188 -9.990e-29
 206.723443     -1.550   0.008765    15.8174    -1.8676     -1.537     0.0111    -1.0176 -9.990e-29
 206.723449     -1.543   0.008766    15.8043    -1.8672     -1.530     0.0111    -1.0155 -9.990e-29
 206.723455     -1.544   0.008766    15.7946    -1.8664     -1.531     0.0111    -1.0140 -9.990e-29
 206.723461     -1.543   0.008767    15.7941    -1.8664     -1.530     0.0111    -1.0139 -9.990e-29
 206.723466     -1.537   0.008767    15.8005    -1.8665     -1.524     0.0111    -1.0149 -9.990e-29
 206.723472     -1.530   0.008768    15.8089    -1.8660     -1.517     0.0111    -1.0163 -9.990e-29
 206.723478     -1.526   0.008768    15.8162    -1.8655     -1.513     0.0111    -1.0174 -9.990e-29
 206.723484     -1.519   0.008769    15.8230    -1.8649     -1.506     0.0111    -1.0185 -9.990e-29
 206.723490     -1.510   0.008769    15.8310    -1.8649     -1.497     0.0111    -1.0198 -9.990e-29
 206.723495     -1.502   0.008770    15.8411    -1.8647     -1.489     0.0111    -1.0214 -9.990e-29
 206.723501     -1.491   0.008771    15.8528    -1.8640     -1.479     0.0111    -1.0233 -9.990e-29
 206.723507     -1.475   0.008771    15.8633    -1.8637     -1.463     0.0111    -1.0250 -9.990e-29
 206.723513     -1.458   0.008772    15.8700    -1.8636     -1.446     0.0111    -1.0261 -9.990e-29
 206.723519     -1.439   0.008772    15.8758    -1.8634     -1.427     0.0111    -1.0270 -9.990e-29
 206.723524     -1.421   0.008773    15.8849    -1.8631     -1.409     0.0111    -1.0284 -9.990e-29
 206.723530     -1.406   0.008773    15.8962    -1.8627     -1.394     0.0111    -1.0303 -9.990e-29
 206.723536     -1.395   0.008773    15.9062    -1.8622     -1.383     0.0111    -1.0319 -9.990e-29
 206.723542     -1.387   0.008773    15.9138    -1.8616     -1.375     0.0111    -1.0331 -9.990e-29
 206.723547     -1.380   0.008773    15.9219    -1.8608     -1.368     0.0111    -1.0344 -9.990e-29
 206.723553     -1.375   0.008773    15.9316    -1.8603     -1.364     0.0111    -1.0360 -9.990e-29
 206.723559     -1.371   0.008773    15.9399    -1.8600     -1.360     0.0111    -1.0373 -9.990e-29
 206.723565     -1.367   0.008773    15.9463    -1.8604     -1.356     0.0111    -1.0384 -9.990e-29
 206.723571     -1.365   0.008773    15.9529    -1.8605     -1.354     0.0111    -1.0394 -9.990e-29
 206.723576     -1.363   0.008773    15.9611    -1.8599     -1.352     0.0111    -1.0407 -9.990e-29
 206.723582     -1.361   0.008773    15.9718    -1.8597     -1.350     0.0111    -1.0425 -9.990e-29
 206.723588     -1.360   0.008773    15.9852    -1.8596     -1.349     0.0111    -1.0446 -9.990e-29
 206.723594     -1.359   0.008772    16.0007    -1.8597     -1.348     0.0111    -1.0472 -9.990e-29
 206.723600     -1.357   0.008772    16.0161    -1.8603     -1.346     0.0111    -1.0497 -9.990e-29
 206.723605     -1.356   0.008772    16.0278    -1.8602     -1.345     0.0111    -1.0516 -9.990e-29
 206.723611     -1.355   0.008772    16.0334    -1.8598     -1.344     0.0111    -1.0525 -9.990e-29
 206.723617     -1.354   0.008772    16.0342    -1.8596     -1.343     0.0111    -1.0526 -9.990e-29
 206.723623     -1.352   0.008772    16.0359    -1.8598     -1.341     0.0111    -1.0529 -9.990e-29
 206.723628     -1.350   0.008772    16.0412    -1.8607     -1.339     0.0111    -1.0537 -9.990e-29
 206.723634     -1.348   0.008772    16.0463    -1.8613     -1.337     0.0111    -1.0546 -9.990e-29
 206.723640     -1.345   0.008772    16.0477    -1.8619     -1.334     0.0111    -1.0548 -9.990e-29
 206.723646     -1.342   0.008772    16.0446    -1.8622     -1.331     0.0111    -1.0543 -9.990e-29
 206.723652     -1.337   0.008771    16.0402    -1.8632     -1.326     0.0111    -1.0536 -9.990e-29
 206.723657     -1.331   0.008771    16.0398    -1.8639     -1.320     0.0111    -1.0535 -9.990e-29
 206.723663     -1.324   0.008771    16.0428    -1.8644     -1.313     0.0111    -1.0540 -9.990e-29
 206.723669     -1.314   0.008771    16.0434    -1.8648     -1.303     0.0111    -1.0541 -9.990e-29
 206.723675     -1.302   0.008771    16.0367    -1.8649     -1.291     0.0111    -1.0530 -9.990e-29
 206.723681     -1.287   0.008771    16.0232    -1.8647     -1.276     0.0111    -1.0508 -9.990e-29
 206.723686     -1.271   0.008771    16.0076    -1.8646     -1.260     0.0111    -1.0483 -9.990e-29
 206.723692     -1.258   0.008771    15.9928    -1.8649     -1.248     0.0111    -1.0459 -9.990e-29
 206.723698     -1.247   0.008771    15.9774    -1.8648     -1.237     0.0111    -1.0434 -9.990e-29
 206.723704     -1.239   0.008771    15.9601    -1.8643     -1.229     0.0111    -1.0406 -9.990e-29
 206.723709     -1.231   0.008770    15.9434    -1.8639     -1.221     0.0111    -1.0379 -9.990e-29
 206.723715     -1.228   0.008770    15.9299    -1.8643     -1.218     0.0111    -1.0357 -9.990e-29
 206.723721     -1.230   0.008770    15.9209    -1.8646     -1.220     0.0111    -1.0342 -9.990e-29
 206.723727     -1.227   0.008770    15.9173    -1.8649     -1.217     0.0111    -1.0337 -9.990e-29
 206.723733     -1.221   0.008770    15.9174    -1.8649     -1.211     0.0111    -1.0337 -9.990e-29
 206.723738     -1.215   0.008770    15.9176    -1.8642     -1.205     0.0111    -1.0337 -9.990e-29
 206.723744     -1.205   0.008770    15.9178    -1.8637     -1.195     0.0111    -1.0337 -9.990e-29
 206.723750     -1.189   0.008770    15.9211    -1.8636     -1.179     0.0111    -1.0343 -9.990e-29
 206.723756     -1.175   0.008770    15.9273    -1.8639     -1.165     0.0111    -1.0353 -9.990e-29
 206.723762     -1.166   0.008770    15.9306    -1.8639     -1.156     0.0111    -1.0358 -9.990e-29
 206.723767     -1.163   0.008769    15.9278    -1.8635     -1.153     0.0111    -1.0354 -9.990e-29
 206.723773     -1.160   0.008769    15.9225    -1.8633     -1.150     0.0111    -1.0345 -9.990e-29
 206.723779     -1.153   0.008769    15.9196    -1.8632     -1.143     0.0111    -1.0340 -9.990e-29
 206.723785     -1.146   0.008769    15.9223    -1.8630     -1.136     0.0111    -1.0345 -9.990e-29
 206.723791     -1.143   0.008769    15.9304    -1.8626     -1.133     0.0111    -1.0358 -9.990e-29
 206.723796     -1.144   0.008769    15.9386    -1.8620     -1.134     0.0111    -1.0371 -9.990e-29
 206.723802     -1.148   0.008769    15.9423    -1.8614     -1.138     0.0111    -1.0377 -9.990e-29
 206.723808     -1.156   0.008769    15.9426    -1.8615     -1.146     0.0111    -1.0378 -9.990e-29
 206.723814     -1.164   0.008769    15.9442    -1.8618     -1.154     0.0111    -1.0380 -9.990e-29
 206.723819     -1.169   0.008769    15.9486    -1.8618     -1.159     0.0111    -1.0387 -9.990e-29
 206.723825     -1.170   0.008768    15.9539    -1.8616     -1.160     0.0111    -1.0396 -9.990e-29
 206.723831     -1.163   0.008768    15.9594    -1.8616     -1.153     0.0111    -1.0405 -9.990e-29
 206.723837     -1.148   0.008768    15.9666    -1.8619     -1.138     0.0111    -1.0416 -9.990e-29
 206.723843     -1.133   0.008768    15.9768    -1.8624     -1.124     0.0111    -1.0433 -9.990e-29
 206.723848     -1.121   0.008768    15.9884    -1.8627     -1.112     0.0111    -1.0452 -9.990e-29
 206.723854     -1.111   0.008768    15.9969    -1.8633     -1.102     0.0111    -1.0465 -9.990e-29
 206.723860     -1.103   0.008768    15.9992    -1.8638     -1.094     0.0111    -1.0469 -9.990e-29
 206.723866     -1.095   0.008768    15.9977    -1.8642     -1.086     0.0111    -1.0467 -9.990e-29
 206.723872     -1.089   0.008768    15.9969    -1.8642     -1.080     0.0111    -1.0465 -9.990e-29
 206.723877     -1.082   0.008768    15.9972    -1.8642     -1.073     0.0111    -1.0466 -9.990e-29
 206.723883     -1.075   0.008767    15.9953    -1.8645     -1.066     0.0111    -1.0463 -9.990e-29
 206.723889     -1.067   0.008767    15.9895    -1.8649     -1.058     0.0111    -1.0453 -9.990e-29
 206.723895     -1.058   0.008767    15.9806    -1.8652     -1.049     0.0111    -1.0439 -9.990e-29
 206.723900     -1.052   0.008767    15.9696    -1.8654     -1.043     0.0111    -1.0421 -9.990e-29
 206.723906     -1.051   0.008767    15.9573    -1.8656     -1.042     0.0111    -1.0401 -9.990e-29
 206.723912     -1.053   0.008767    15.9459    -1.8660     -1.044     0.0111    -1.0383 -9.990e-29
 206.723918     -1.053   0.008767    15.9378    -1.8669     -1.044     0.0111    -1.0370 -9.990e-29
 206.723924     -1.050   0.008767    15.9332    -1.8675     -1.041     0.0111    -1.0362 -9.990e-29
 206.723929     -1.045   0.008767    15.9296    -1.8683     -1.036     0.0111    -1.0357 -9.990e-29
 206.723935     -1.037   0.008766    15.9237    -1.8684     -1.028     0.0111    -1.0347 -9.990e-29
 206.723941     -1.031   0.008766    15.9156    -1.8680     -1.022     0.0111    -1.0334 -9.990e-29
 206.723947     -1.029   0.008766    15.9075    -1.8678     -1.020     0.0111    -1.0321 -9.990e-29
 206.723953     -1.028   0.008766    15.8997    -1.8675     -1.019     0.0111    -1.0308 -9.990e-29
 206.723958     -1.023   0.008766    15.8909    -1.8674     -1.014     0.0111    -1.0294 -9.990e-29
 206.723964     -1.014   0.008766    15.8790    -1.8680     -1.006     0.0111    -1.0275 -9.990e-29
