data/oxygen options/OCNMS/OCNMS1/raw_data/2017/CAST_MB042_170526faed.cnv
* Sea-Bird SBE19 Data File:
* FileName = C:\2017 Mooring Data\Casts\CAST_MB042_170526.hex
* Software Version 1.59
* Temperature SN = 2997
* Conductivity SN = 2997
* System UpLoad Time = May 26 2017 20:41:49
** CAST_MB042_170526
* ds
# nquan = 9                                 
# nvalues = 1057                        
# units = specified
# name 0 = timeJ: Julian Days
# name 1 = prSM: Pressure, Strain Gauge [db]
# name 2 = c0mS/cm: Conductivity [mS/cm]
# name 3 = t090C: Temperature [ITS-90, deg C]
# name 4 = sbeox0ML/L: Oxygen, SBE 43 [ml/l]
# name 5 = depSM: Depth [salt water, m], lat = 47.5
# name 6 = sal00: Salinity, Practical [PSU]
# name 7 = sigma-é00: Density [sigma-theta, kg/m^3]
# name 8 = flag: flag
# span 0 = 146.853588, 146.859699       
# span 1 =     -5.824,     42.243       
# span 2 =   0.271894,  36.800146       
# span 3 =     7.2267,    14.9265       
# span 4 =    -1.9560,    12.5276       
# span 5 =     -5.775,     41.886       
# span 6 =     0.1665,    33.8154       
# span 7 =    -0.7212,    26.4549       
# span 8 = 0.0000e+00, 0.0000e+00       
# interval = seconds: 0.5
# start_time = May 26 2017 20:29:10 [Instrument's time stamp, header]
# bad_flag = -9.990e-29
*END*
[from data line 481]
 146.856372      0.101  36.663714    10.9085    -1.6898      0.100    32.7162    25.0136 -9.990e-29
 146.856377      0.097  36.719546    10.9058    -1.6865      0.096    32.7741    25.0591 -9.990e-29
 146.856383      0.087  36.782454    10.9116    -1.6895      0.086    32.8313    25.1027 -9.990e-29
 146.856389      0.078  36.796316    10.9083    -1.6905      0.077    32.8481    25.1163 -9.990e-29
 146.856395      0.075  36.738440    10.8713    -1.6882      0.074    32.8237    25.1039 -9.990e-29
 146.856400      0.078  36.646605    10.7874    -1.6905      0.077    32.8076    25.1060 -9.990e-29
 146.856406      0.086  36.587250    10.7115    -1.6932      0.085    32.8166    25.1262 -9.990e-29
 146.856412      0.096  36.602565    10.7234    -1.6946      0.095    32.8211    25.1277 -9.990e-29
 146.856418      0.100  36.655374    10.8238    -1.6949      0.099    32.7837    25.0810 -9.990e-29
 146.856424      0.098  36.665440    10.9391    -1.6935      0.097    32.6906    24.9883 -9.990e-29
 146.856429      0.098  36.628823    10.9924    -1.6934      0.097    32.6069    24.9138 -9.990e-29
 146.856435      0.101  36.608709    10.9759    -1.6916      0.100    32.6016    24.9126 -9.990e-29
 146.856441      0.099  36.636535    10.9556    -1.6910      0.098    32.6473    24.9517 -9.990e-29
 146.856447      0.090  36.681655    10.9535    -1.6916      0.089    32.6939    24.9883 -9.990e-29
 146.856453      0.079  36.698945    10.9336    -1.6917      0.078    32.7288    25.0190 -9.990e-29
 146.856458      0.066  36.676173    10.8876     9.2374      0.065    32.7473    25.0415 -9.990e-29
 146.856464      0.053  36.626649    10.8375    12.3456      0.053    32.7429    25.0468 -9.990e-29
 146.856470      0.043  36.594642    10.8128    12.5276      0.043    32.7331    25.0436 -9.990e-29
 146.856476      0.037  36.614172    10.8262    10.0931      0.037    32.7406    25.0470 -9.990e-29
 146.856481      0.034  36.650232    10.8665     4.9854      0.034    32.7404    25.0398 -9.990e-29
 146.856487      0.034  36.651781    10.9069     4.9942      0.034    32.7058    25.0058 -9.990e-29
 146.856493      0.037  36.613047    10.9173     5.1752      0.037    32.6581    24.9669 -9.990e-29
 146.856499      0.043  36.580378    10.9033     5.2587      0.043    32.6382    24.9538 -9.990e-29
 146.856505      0.048  36.589729    10.8842     5.2373      0.048    32.6645    24.9776 -9.990e-29
 146.856510      0.048  36.599252    10.8524     5.1621      0.048    32.7023    25.0127 -9.990e-29
 146.856516      0.047  36.546601    10.8032     5.1187      0.047    32.6939    25.0147 -9.990e-29
 146.856522      0.050  36.434920    10.7490     5.0934      0.050    32.6311    24.9753 -9.990e-29
 146.856528      0.057  36.321905    10.7184     5.1135      0.057    32.5458    24.9142 -9.990e-29
 146.856534      0.063  36.274660    10.7342     5.1505      0.062    32.4847    24.8639 -9.990e-29
 146.856539      0.066  36.295683    10.7687     5.1488      0.065    32.4750    24.8503 -9.990e-29
 146.856545      0.069  36.327887    10.7727     5.1277      0.068    32.5035    24.8718 -9.990e-29
 146.856551      0.077  36.321829    10.7324     5.1020      0.076    32.5333    24.9020 -9.990e-29
 146.856557      0.091  36.238643    10.6914     5.0696      0.090    32.4869    24.8730 -9.990e-29
 146.856563      0.107  36.156094    10.6996     5.0760      0.106    32.3973    24.8018 -9.990e-29
 146.856568      0.118  36.177421    10.7479     5.0613      0.117    32.3758    24.7766 -9.990e-29
 146.856574      0.119  36.250980    10.8000     5.0281      0.118    32.4028    24.7886 -9.990e-29
 146.856580      0.116  36.317519    10.8263     5.0590      0.115    32.4456    24.8174 -9.990e-29
 146.856586      0.116  36.355462    10.8240     5.0548      0.115    32.4853    24.8487 -9.990e-29
 146.856591      0.121  36.357737    10.8269     5.0896      0.120    32.4850    24.8479 -9.990e-29
 146.856597      0.120  36.371050    10.8593     5.0840      0.119    32.4695    24.8302 -9.990e-29
 146.856603      0.115  36.410902    10.9039     5.0627      0.114    32.4695    24.8224 -9.990e-29
 146.856609      0.114  36.432998    10.9247     5.0642      0.113    32.4730    24.8215 -9.990e-29
 146.856615      0.121  36.419209    10.9245     5.0652      0.120    32.4595    24.8110 -9.990e-29
 146.856620      0.132  36.420585    10.9389     5.0773      0.131    32.4481    24.7996 -9.990e-29
 146.856626      0.139  36.465834    10.9683     5.0549      0.138    32.4669    24.8091 -9.990e-29
 146.856632      0.142  36.510576    10.9863     5.0291      0.141    32.4952    24.8280 -9.990e-29
 146.856638      0.147  36.523196    10.9765     5.0056      0.146    32.5164    24.8462 -9.990e-29
 146.856644      0.153  36.507086    10.9510     5.0056      0.152    32.5230    24.8558 -9.990e-29
 146.856649      0.160  36.478840    10.9461     5.0286      0.159    32.4994    24.8383 -9.990e-29
 146.856655      0.166  36.473579    10.9638     5.0296      0.165    32.4785    24.8189 -9.990e-29
 146.856661      0.170  36.494915    10.9676     5.0352      0.169    32.4963    24.8321 -9.990e-29
 146.856667      0.176  36.492342    10.9350     5.0337      0.175    32.5226    24.8583 -9.990e-29
 146.856672      0.182  36.432193    10.8778     5.0483      0.180    32.5137    24.8614 -9.990e-29
 146.856678      0.183  36.351291    10.8372     5.0418      0.181    32.4694    24.8340 -9.990e-29
 146.856684      0.179  36.320928    10.8370     5.0702      0.178    32.4394    24.8107 -9.990e-29
 146.856690      0.170  36.348196    10.8487     5.0731      0.169    32.4562    24.8217 -9.990e-29
 146.856696      0.160  36.379851    10.8417     5.0714      0.159    32.4938    24.8522 -9.990e-29
 146.856701      0.156  36.381392    10.8176     5.0801      0.155    32.5167    24.8743 -9.990e-29
 146.856707      0.162  36.358233    10.8015     5.0678      0.161    32.5080    24.8703 -9.990e-29
 146.856713      0.176  36.353398    10.8145     5.0619      0.175    32.4917    24.8553 -9.990e-29
 146.856719      0.188  36.385626    10.8403     5.0570      0.186    32.5008    24.8579 -9.990e-29
 146.856725      0.195  36.426208    10.8568     5.0656      0.193    32.5264    24.8750 -9.990e-29
 146.856730      0.199  36.451984    10.8658     5.0722      0.197    32.5440    24.8871 -9.990e-29
 146.856736      0.198  36.464288    10.8744     5.0585      0.196    32.5486    24.8891 -9.990e-29
 146.856742      0.198  36.473365    10.8828     5.0351      0.196    32.5501    24.8889 -9.990e-29
 146.856748      0.203  36.481235    10.8853     5.0410      0.201    32.5557    24.8928 -9.990e-29
 146.856753      0.208  36.475431    10.8775     5.0447      0.206    32.5569    24.8951 -9.990e-29
 146.856759      0.210  36.448212    10.8736     5.0568      0.208    32.5333    24.8774 -9.990e-29
 146.856765      0.208  36.427111    10.8954     5.0419      0.206    32.4930    24.8422 -9.990e-29
 146.856771      0.204  36.436060    10.9249     5.0276      0.202    32.4758    24.8236 -9.990e-29
 146.856777      0.200  36.455067    10.9199     5.0178      0.198    32.4990    24.8426 -9.990e-29
 146.856782      0.201  36.432768    10.8818     5.0228      0.199    32.5107    24.8584 -9.990e-29
 146.856788      0.202  36.377506    10.8611     5.0463      0.200    32.4742    24.8336 -9.990e-29
 146.856794      0.200  36.369012    10.8851     5.0503      0.198    32.4445    24.8063 -9.990e-29
 146.856800      0.194  36.407701    10.9187     5.0535      0.192    32.4532    24.8071 -9.990e-29
 146.856806      0.188  36.432606    10.9105     5.0458      0.186    32.4851    24.8334 -9.990e-29
 146.856811      0.190  36.413106    10.8618     5.0498      0.188    32.5090    24.8605 -9.990e-29
 146.856817      0.200  36.372480    10.8283     5.0305      0.198    32.4984    24.8581 -9.990e-29
 146.856823      0.212  36.369099    10.8409     5.0194      0.210    32.4838    24.8446 -9.990e-29
 146.856829      0.220  36.407954    10.8738     5.0343      0.218    32.4932    24.8461 -9.990e-29
 146.856834      0.225  36.448450    10.8930     5.0578      0.223    32.5163    24.8608 -9.990e-29
 146.856840      0.228  36.468433    10.8952     5.0906      0.226    32.5342    24.8743 -9.990e-29
 146.856846      0.230  36.469356    10.8923     5.0612      0.228    32.5377    24.8775 -9.990e-29
 146.856852      0.229  36.463088    10.8842     5.0233      0.227    32.5387    24.8797 -9.990e-29
 146.856858      0.227  36.447422    10.8531     4.9972      0.225    32.5508    24.8946 -9.990e-29
 146.856863      0.222  36.386910    10.8019     4.9996      0.220    32.5361    24.8921 -9.990e-29
 146.856869      0.215  36.310045    10.7652     5.0063      0.213    32.4923    24.8644 -9.990e-29
 146.856875      0.206  36.289025    10.7491     4.9742      0.204    32.4857    24.8620 -9.990e-29
 146.856881      0.197  36.298606    10.7327     4.9526      0.195    32.5098    24.8837 -9.990e-29
 146.856887      0.197  36.286602    10.7076     4.9928      0.195    32.5202    24.8961 -9.990e-29
 146.856892      0.205  36.251002    10.6901     5.0595      0.203    32.5003    24.8836 -9.990e-29
 146.856898      0.215  36.229438    10.6954     5.1272      0.213    32.4741    24.8623 -9.990e-29
 146.856904      0.221  36.239058    10.7048     5.1724      0.219    32.4753    24.8616 -9.990e-29
 146.856910      0.226  36.241731    10.6963     5.1023      0.224    32.4855    24.8711 -9.990e-29
 146.856916      0.228  36.205743    10.6727     5.0302      0.226    32.4707    24.8636 -9.990e-29
 146.856921      0.228  36.125102    10.6569     4.9909      0.226    32.4043    24.8146 -9.990e-29
 146.856927      0.226  36.068646    10.6706     5.0139      0.224    32.3359    24.7589 -9.990e-29
 146.856933      0.222  36.113934    10.7059     5.1016      0.220    32.3497    24.7636 -9.990e-29
 146.856939      0.215  36.204327    10.7333     5.1745      0.213    32.4154    24.8101 -9.990e-29
 146.856944      0.209  36.260467    10.7273     5.1606      0.207    32.4767    24.8588 -9.990e-29
 146.856950      0.214  36.266509    10.6635     5.0945      0.212    32.5395    24.9187 -9.990e-29
 146.856956      0.228  36.198038    10.5558     5.0432      0.226    32.5672    24.9589 -9.990e-29
 146.856962      0.245  36.094210    10.4921     5.0438      0.243    32.5201    24.9332 -9.990e-29
 146.856968      0.256  36.061802    10.5374     5.1161      0.254    32.4473    24.8686 -9.990e-29
 146.856973      0.258  36.107965    10.6489     5.1628      0.256    32.3943    24.8082 -9.990e-29
 146.856979      0.256  36.178330    10.7283     5.1194      0.254    32.3940    24.7942 -9.990e-29
 146.856985      0.254  36.228991    10.7225     5.0574      0.252    32.4496    24.8385 -9.990e-29
 146.856991      0.252  36.202662    10.6711     5.0067      0.250    32.4690    24.8625 -9.990e-29
 146.856997      0.248  36.139838    10.6534     5.0093      0.246    32.4221    24.8291 -9.990e-29
 146.857002      0.240  36.143189    10.6994     5.0296      0.238    32.3846    24.7919 -9.990e-29
 146.857008      0.223  36.215482    10.7894     5.0369      0.221    32.3768    24.7703 -9.990e-29
 146.857014      0.203  36.337757    10.8814     5.0684      0.201    32.4168    24.7854 -9.990e-29
 146.857020      0.192  36.439571    10.9220     5.0902      0.190    32.4818    24.8289 -9.990e-29
 146.857025      0.193  36.417605    10.9091     5.0552      0.191    32.4715    24.8231 -9.990e-29
 146.857031      0.204  36.348973    10.8973     5.0032      0.202    32.4139    24.7803 -9.990e-29
 146.857037      0.215  36.354378    10.9124     4.9900      0.213    32.4059    24.7714 -9.990e-29
 146.857043      0.223  36.421977    10.9262     5.0123      0.221    32.4607    24.8116 -9.990e-29
 146.857049      0.229  36.484555    10.9116     5.0548      0.227    32.5356    24.8726 -9.990e-29
 146.857054      0.233  36.505727    10.8895     5.0729      0.231    32.5763    24.9081 -9.990e-29
 146.857060      0.235  36.505886    10.8934     5.0869      0.233    32.5730    24.9048 -9.990e-29
 146.857066      0.241  36.493632    10.9001     5.1029      0.239    32.5549    24.8895 -9.990e-29
 146.857072      0.253  36.403340    10.8841     5.1089      0.251    32.4795    24.8337 -9.990e-29
 146.857078      0.265  36.249557    10.8684     5.0691      0.263    32.3408    24.7285 -9.990e-29
 146.857083      0.269  36.166544    10.8640     5.0034      0.267    32.2623    24.6682 -9.990e-29
 146.857089      0.269  36.187354    10.8596     5.0144      0.267    32.2869    24.6880 -9.990e-29
 146.857095      0.269  36.250212    10.8498     5.0627      0.267    32.3579    24.7450 -9.990e-29
 146.857101      0.270  36.314992    10.8407     5.0922      0.268    32.4302    24.8029 -9.990e-29
 146.857106      0.272  36.370548    10.8411     5.0723      0.270    32.4850    24.8455 -9.990e-29
 146.857112      0.275  36.407284    10.8374     5.0366      0.273    32.5248    24.8771 -9.990e-29
 146.857118      0.278  36.387929    10.7905     5.0651      0.276    32.5473    24.9028 -9.990e-29
 146.857124      0.283  36.278260    10.6926     5.1663      0.281    32.5252    24.9026 -9.990e-29
 146.857130      0.289  36.131922    10.6117     5.2413      0.287    32.4512    24.8589 -9.990e-29
 146.857135      0.297  36.079633    10.5872     5.1840      0.295    32.4208    24.8395 -9.990e-29
 146.857141      0.307  36.109861    10.5549     5.1022      0.304    32.4798    24.8909 -9.990e-29
 146.857147      0.320  36.083148    10.4762     5.0665      0.317    32.5232    24.9383 -9.990e-29
 146.857153      0.333  35.998016    10.4197     5.0867      0.330    32.4884    24.9207 -9.990e-29
 146.857159      0.338  35.973847    10.4608     5.1547      0.335    32.4275    24.8663 -9.990e-29
 146.857164      0.335  36.041080    10.5652     5.1850      0.332    32.4018    24.8284 -9.990e-29
 146.857170      0.332  36.125278    10.6212     5.1462      0.329    32.4361    24.8455 -9.990e-29
 146.857176      0.334  36.152813    10.5616     5.1162      0.331    32.5167    24.9186 -9.990e-29
 146.857182      0.340  36.085381    10.4358     5.1377      0.337    32.5616    24.9751 -9.990e-29
 146.857188      0.347  35.986481    10.3563     5.1694      0.344    32.5335    24.9667 -9.990e-29
 146.857193      0.347  35.964400    10.3674     5.1963      0.344    32.5014    24.9398 -9.990e-29
 146.857199      0.340  36.004204    10.4227     5.1823      0.337    32.4919    24.9230 -9.990e-29
 146.857205      0.334  36.033514    10.4567     5.1274      0.331    32.4909    24.9164 -9.990e-29
 146.857211      0.332  36.028691    10.4478     5.0915      0.329    32.4940    24.9204 -9.990e-29
 146.857216      0.335  35.990022    10.4279     5.1036      0.332    32.4730    24.9074 -9.990e-29
 146.857222      0.338  35.962796    10.4301     5.1631      0.335    32.4437    24.8842 -9.990e-29
 146.857228      0.338  35.996346    10.4474     5.1934      0.335    32.4619    24.8954 -9.990e-29
 146.857234      0.338  36.049718    10.4555     5.1696      0.335    32.5082    24.9301 -9.990e-29
 146.857240      0.343  36.068643    10.4453     5.1330      0.340    32.5363    24.9537 -9.990e-29
 146.857245      0.354  36.049786    10.4137     5.1234      0.351    32.5457    24.9664 -9.990e-29
 146.857251      0.366  35.997660    10.3808     5.1449      0.363    32.5228    24.9542 -9.990e-29
 146.857257      0.372  35.953041    10.3808     5.1772      0.369    32.4780    24.9192 -9.990e-29
 146.857263      0.368  35.959986    10.4089     5.1971      0.365    32.4598    24.9003 -9.990e-29
 146.857269      0.359  35.984616    10.4258     5.1898      0.356    32.4695    24.9050 -9.990e-29
 146.857274      0.351  35.972972    10.3915     5.1931      0.348    32.4884    24.9256 -9.990e-29
 146.857280      0.349  35.921836    10.3184     5.1685      0.346    32.5024    24.9489 -9.990e-29
 146.857286      0.349  35.877228    10.2682     5.1739      0.346    32.5025    24.9574 -9.990e-29
