data/oxygen options/OCNMS/OCNMS1/raw_data/2017/CAST_MB015_170928faed.cnv
* Sea-Bird SBE 19 Data File:
* FileName = C:\2017 Mooring Data\Casts\CAST_MB015_170928.hex
* Software Version SeatermAF 2.1.2
* Temperature SN = 2997
* Conductivity SN = 2997
* System UpLoad Time = Sep 28 2017 20:55:26 (localtime) = Sep 28 2017 20:55:26 (UTC)
** CAST_MB015_170928
* ds
# nquan = 9                                 
# nvalues = 907                         
# units = specified
# name 0 = timeJ: Julian Days
# name 1 = prSM: Pressure, Strain Gauge [db]
# name 2 = c0mS/cm: Conductivity [mS/cm]
# name 3 = t090C: Temperature [ITS-90, deg C]
# name 4 = sbeox0ML/L: Oxygen, SBE 43 [ml/l]
# name 5 = depSM: Depth [salt water, m], lat = 47.5
# name 6 = sal00: Salinity, Practical [PSU]
# name 7 = sigma-é00: Density [sigma-theta, kg/m^3]
# name 8 = flag: flag
# span 0 = 271.849815, 271.855058       
# span 1 =     -5.632,     15.191       
# span 2 =   0.017747,  40.288629       
# span 3 =    12.2838,    19.8555       
# span 4 =    -1.7528,    11.5173       
# span 5 =     -5.585,     15.064       
# span 6 =     0.0160,    33.5389       
# span 7 =    -1.7520,    25.0753       
# span 8 = 0.0000e+00, 0.0000e+00       
# interval = seconds: 0.5
# start_time = Sep 28 2017 20:23:44 [Instrument's time stamp, header]
# bad_flag = -9.990e-29
*END*
 271.849815     -5.632 -9.990e-29    19.5149    -1.7418     -5.585 -9.990e-29 -9.990e-29 -9.990e-29
 271.849821     -5.622   0.023306    19.4995    -1.7422     -5.575     0.0184    -1.6787 -9.990e-29
 271.849826     -5.609   0.023306    19.4827    -1.7427     -5.562     0.0184    -1.6753 -9.990e-29
 271.849832     -5.592   0.023306    19.4654    -1.7435     -5.545     0.0184    -1.6718 -9.990e-29
 271.849838     -5.571   0.023306    19.4481    -1.7440     -5.525     0.0184    -1.6684 -9.990e-29
 271.849844     -5.543   0.023306    19.4320    -1.7442     -5.497     0.0184    -1.6651 -9.990e-29
 271.849850     -5.512   0.023306    19.4178    -1.7447     -5.466     0.0184    -1.6623 -9.990e-29
 271.849855     -5.484   0.023306    19.4047    -1.7454     -5.438     0.0184    -1.6597 -9.990e-29
 271.849861     -5.457   0.023306    19.3921    -1.7458     -5.412     0.0184    -1.6572 -9.990e-29
 271.849867     -5.426   0.023306    19.3797    -1.7461     -5.381     0.0184    -1.6547 -9.990e-29
 271.849873     -5.392   0.023306    19.3663    -1.7466     -5.347     0.0184    -1.6520 -9.990e-29
 271.849878     -5.358   0.023306    19.3505    -1.7468     -5.313     0.0184    -1.6488 -9.990e-29
 271.849884     -5.321   0.023305    19.3334    -1.7473     -5.277     0.0184    -1.6454 -9.990e-29
 271.849890     -5.284   0.023304    19.3178    -1.7478     -5.240     0.0184    -1.6423 -9.990e-29
 271.849896     -5.252   0.023299    19.3042    -1.7484     -5.208     0.0184    -1.6396 -9.990e-29
 271.849902     -5.225   0.023285    19.2901    -1.7487     -5.181     0.0184    -1.6368 -9.990e-29
 271.849907     -5.194   0.023244    19.2755    -1.7489     -5.151     0.0184    -1.6339 -9.990e-29
 271.849913     -5.164   0.023121    19.2622    -1.7494     -5.121     0.0183    -1.6313 -9.990e-29
 271.849919     -5.136   0.022752    19.2500    -1.7500     -5.093     0.0182    -1.6290 -9.990e-29
 271.849925     -5.108   0.022198    19.2384    -1.7508     -5.065     0.0179    -1.6269 -9.990e-29
 271.849931     -5.079   0.021829    19.2267    -1.7516     -5.037     0.0177    -1.6247 -9.990e-29
 271.849936     -5.047   0.021706    19.2135    -1.7520     -5.005     0.0177    -1.6222 -9.990e-29
 271.849942     -5.015   0.021665    19.1989    -1.7526     -4.973     0.0177    -1.6193 -9.990e-29
 271.849948     -4.983   0.021651    19.1850    -1.7528     -4.941     0.0177    -1.6165 -9.990e-29
 271.849954     -4.951   0.021647    19.1735    -1.7528     -4.910     0.0177    -1.6143 -9.990e-29
 271.849959     -4.920   0.021645    19.1624    -1.7528     -4.879     0.0177    -1.6121 -9.990e-29
 271.849965     -4.894   0.021644    19.1481    -1.7523     -4.853     0.0177    -1.6093 -9.990e-29
 271.849971     -4.869   0.021644    19.1300    -1.7519     -4.828     0.0176    -1.6057 -9.990e-29
 271.849977     -4.846   0.021644    19.1097    -1.7517     -4.806     0.0176    -1.6017 -9.990e-29
 271.849983     -4.821   0.021644    19.0905    -1.7517     -4.781     0.0176    -1.5979 -9.990e-29
 271.849988     -4.794   0.021644    19.0746    -1.7516     -4.754     0.0176    -1.5948 -9.990e-29
 271.849994     -4.767   0.021644    19.0620    -1.7514     -4.727     0.0176    -1.5923 -9.990e-29
 271.850000     -4.743   0.021644    19.0546    -1.7514     -4.703     0.0176    -1.5909 -9.990e-29
 271.850006     -4.715   0.021644    19.0533    -1.7512     -4.676     0.0176    -1.5906 -9.990e-29
 271.850012     -4.683   0.021643    19.0573    -1.7513     -4.644     0.0176    -1.5914 -9.990e-29
 271.850017     -4.652   0.021643    19.0653    -1.7511     -4.613     0.0176    -1.5930 -9.990e-29
 271.850023     -4.626   0.021643    19.0742    -1.7510     -4.587     0.0176    -1.5947 -9.990e-29
 271.850029     -4.602   0.021643    19.0809    -1.7509     -4.564     0.0176    -1.5960 -9.990e-29
 271.850035     -4.578   0.021643    19.0851    -1.7511     -4.540     0.0176    -1.5968 -9.990e-29
 271.850041     -4.554   0.021643    19.0884    -1.7510     -4.516     0.0176    -1.5975 -9.990e-29
 271.850046     -4.532   0.021643    19.0916    -1.7510     -4.494     0.0176    -1.5981 -9.990e-29
 271.850052     -4.515   0.021643    19.0944    -1.7511     -4.477     0.0176    -1.5987 -9.990e-29
 271.850058     -4.497   0.021643    19.0972    -1.7514     -4.460     0.0176    -1.5992 -9.990e-29
 271.850064     -4.474   0.021643    19.1002    -1.7517     -4.437     0.0176    -1.5998 -9.990e-29
 271.850069     -4.447   0.021643    19.1031    -1.7518     -4.410     0.0176    -1.6004 -9.990e-29
 271.850075     -4.425   0.021643    19.1052    -1.7516     -4.388     0.0176    -1.6008 -9.990e-29
 271.850081     -4.405   0.021643    19.1060    -1.7515     -4.368     0.0176    -1.6009 -9.990e-29
 271.850087     -4.381   0.021643    19.1058    -1.7513     -4.344     0.0176    -1.6009 -9.990e-29
 271.850093     -4.358   0.021643    19.1053    -1.7511     -4.322     0.0176    -1.6008 -9.990e-29
 271.850098     -4.337   0.021643    19.1042    -1.7510     -4.301     0.0176    -1.6006 -9.990e-29
 271.850104     -4.317   0.021643    19.1009    -1.7506     -4.281     0.0176    -1.5999 -9.990e-29
 271.850110     -4.296   0.021643    19.0953    -1.7500     -4.260     0.0176    -1.5988 -9.990e-29
 271.850116     -4.275   0.021643    19.0903    -1.7493     -4.239     0.0176    -1.5979 -9.990e-29
 271.850122     -4.250   0.021643    19.0885    -1.7483     -4.215     0.0176    -1.5975 -9.990e-29
 271.850127     -4.225   0.021643    19.0903    -1.7476     -4.190     0.0176    -1.5979 -9.990e-29
 271.850133     -4.203   0.021643    19.0945    -1.7470     -4.168     0.0176    -1.5987 -9.990e-29
 271.850139     -4.182   0.021643    19.0997    -1.7465     -4.147     0.0176    -1.5997 -9.990e-29
 271.850145     -4.165   0.021643    19.1059    -1.7459     -4.130     0.0176    -1.6009 -9.990e-29
 271.850150     -4.151   0.021643    19.1139    -1.7456     -4.116     0.0176    -1.6025 -9.990e-29
 271.850156     -4.135   0.021643    19.1260    -1.7450     -4.101     0.0176    -1.6049 -9.990e-29
 271.850162     -4.116   0.021643    19.1433    -1.7446     -4.082     0.0176    -1.6083 -9.990e-29
 271.850168     -4.092   0.021643    19.1646    -1.7442     -4.058     0.0177    -1.6125 -9.990e-29
 271.850174     -4.071   0.021643    19.1874    -1.7438     -4.037     0.0177    -1.6170 -9.990e-29
 271.850179     -4.060   0.021643    19.2091    -1.7436     -4.026     0.0177    -1.6213 -9.990e-29
 271.850185     -4.049   0.021643    19.2285    -1.7432     -4.015     0.0177    -1.6251 -9.990e-29
 271.850191     -4.030   0.021643    19.2458    -1.7427     -3.996     0.0177    -1.6286 -9.990e-29
 271.850197     -4.005   0.021643    19.2613    -1.7421     -3.972     0.0177    -1.6316 -9.990e-29
 271.850203     -3.977   0.021643    19.2759    -1.7416     -3.944     0.0177    -1.6345 -9.990e-29
 271.850208     -3.945   0.021643    19.2903    -1.7410     -3.912     0.0177    -1.6374 -9.990e-29
 271.850214     -3.910   0.021643    19.3041    -1.7405     -3.877     0.0177    -1.6401 -9.990e-29
 271.850220     -3.880   0.021643    19.3168    -1.7398     -3.848     0.0177    -1.6427 -9.990e-29
 271.850226     -3.855   0.021643    19.3284    -1.7390     -3.823     0.0177    -1.6450 -9.990e-29
 271.850231     -3.836   0.021643    19.3395    -1.7381     -3.804     0.0177    -1.6472 -9.990e-29
 271.850237     -3.819   0.021643    19.3518    -1.7375     -3.787     0.0177    -1.6496 -9.990e-29
 271.850243     -3.806   0.021643    19.3664    -1.7367     -3.774     0.0177    -1.6526 -9.990e-29
 271.850249     -3.793   0.021643    19.3825    -1.7359     -3.761     0.0177    -1.6558 -9.990e-29
 271.850255     -3.782   0.021643    19.3990    -1.7352     -3.750     0.0177    -1.6591 -9.990e-29
 271.850260     -3.770   0.021643    19.4161    -1.7346     -3.739     0.0177    -1.6625 -9.990e-29
 271.850266     -3.758   0.021642    19.4345    -1.7343     -3.727     0.0177    -1.6662 -9.990e-29
 271.850272     -3.745   0.021641    19.4555    -1.7339     -3.714     0.0177    -1.6704 -9.990e-29
 271.850278     -3.729   0.021638    19.4790    -1.7335     -3.698     0.0177    -1.6751 -9.990e-29
 271.850284     -3.710   0.021628    19.5030    -1.7331     -3.679     0.0177    -1.6799 -9.990e-29
 271.850289     -3.686   0.021597    19.5263    -1.7329     -3.655     0.0177    -1.6846 -9.990e-29
 271.850295     -3.660   0.021506    19.5497    -1.7326     -3.629     0.0176    -1.6894 -9.990e-29
 271.850301     -3.636   0.021233    19.5731    -1.7323     -3.606     0.0175    -1.6942 -9.990e-29
 271.850307     -3.611   0.020966    19.5941    -1.7321     -3.581     0.0174    -1.6985 -9.990e-29
 271.850312     -3.587   0.020904    19.6110    -1.7318     -3.557     0.0174    -1.7020 -9.990e-29
 271.850318     -3.568   0.020966    19.6245    -1.7317     -3.538     0.0174    -1.7047 -9.990e-29
 271.850324     -3.553   0.021232    19.6365    -1.7316     -3.523     0.0175    -1.7070 -9.990e-29
 271.850330     -3.541   0.021506    19.6481    -1.7315     -3.511     0.0176    -1.7093 -9.990e-29
 271.850336     -3.531   0.021597    19.6589    -1.7312     -3.502     0.0177    -1.7114 -9.990e-29
 271.850341     -3.521   0.021627    19.6685    -1.7307     -3.492     0.0177    -1.7133 -9.990e-29
 271.850347     -3.513   0.021636    19.6774    -1.7300     -3.484     0.0177    -1.7151 -9.990e-29
 271.850353     -3.504   0.021636    19.6861    -1.7294     -3.475     0.0177    -1.7169 -9.990e-29
 271.850359     -3.495   0.021627    19.6943    -1.7286     -3.466     0.0177    -1.7186 -9.990e-29
 271.850365     -3.484   0.021595    19.7010    -1.7281     -3.455     0.0177    -1.7200 -9.990e-29
 271.850370     -3.472   0.021499    19.7059    -1.7279     -3.443     0.0177    -1.7210 -9.990e-29
 271.850376     -3.458   0.021212    19.7104    -1.7279     -3.429     0.0175    -1.7220 -9.990e-29
 271.850382     -3.440   0.020904    19.7170    -1.7281     -3.411     0.0174    -1.7234 -9.990e-29
 271.850388     -3.417   0.020719    19.7277    -1.7282     -3.389     0.0173    -1.7257 -9.990e-29
 271.850394     -3.388   0.020412    19.7427    -1.7283     -3.360     0.0172    -1.7288 -9.990e-29
 271.850399     -3.356   0.020125    19.7609    -1.7285     -3.328     0.0171    -1.7326 -9.990e-29
 271.850405     -3.326   0.020029    19.7805    -1.7287     -3.298     0.0170    -1.7367 -9.990e-29
 271.850411     -3.302   0.019997    19.7989    -1.7290     -3.274     0.0170    -1.7404 -9.990e-29
 271.850417     -3.282   0.019987    19.8129    -1.7291     -3.255     0.0170    -1.7433 -9.990e-29
 271.850422     -3.265   0.019983    19.8207    -1.7293     -3.238     0.0170    -1.7449 -9.990e-29
 271.850428     -3.249   0.019981    19.8226    -1.7294     -3.222     0.0170    -1.7453 -9.990e-29
 271.850434     -3.233   0.019981    19.8206    -1.7296     -3.206     0.0170    -1.7449 -9.990e-29
 271.850440     -3.217   0.019981    19.8172    -1.7297     -3.190     0.0170    -1.7442 -9.990e-29
 271.850446     -3.199   0.019981    19.8131    -1.7296     -3.172     0.0170    -1.7433 -9.990e-29
 271.850451     -3.182   0.019981    19.8078    -1.7290     -3.155     0.0170    -1.7423 -9.990e-29
 271.850457     -3.171   0.019981    19.8014    -1.7286     -3.145     0.0170    -1.7409 -9.990e-29
 271.850463     -3.159   0.019981    19.7948    -1.7281     -3.133     0.0170    -1.7396 -9.990e-29
 271.850469     -3.146   0.019981    19.7889    -1.7275     -3.120     0.0170    -1.7384 -9.990e-29
 271.850475     -3.136   0.019981    19.7842    -1.7273     -3.110     0.0170    -1.7374 -9.990e-29
 271.850480     -3.123   0.019981    19.7807    -1.7270     -3.097     0.0170    -1.7367 -9.990e-29
 271.850486     -3.102   0.019981    19.7781    -1.7268     -3.076     0.0170    -1.7362 -9.990e-29
 271.850492     -3.077   0.019981    19.7779    -1.7270     -3.051     0.0170    -1.7361 -9.990e-29
 271.850498     -3.054   0.019981    19.7829    -1.7273     -3.029     0.0170    -1.7372 -9.990e-29
 271.850503     -3.037   0.019981    19.7935    -1.7276     -3.012     0.0170    -1.7393 -9.990e-29
 271.850509     -3.023   0.019980    19.8068    -1.7280     -2.998     0.0170    -1.7420 -9.990e-29
 271.850515     -3.013   0.019980    19.8211    -1.7285     -2.988     0.0170    -1.7450 -9.990e-29
 271.850521     -3.005   0.019980    19.8346    -1.7291     -2.980     0.0170    -1.7477 -9.990e-29
 271.850527     -2.999   0.019980    19.8452    -1.7295     -2.974     0.0170    -1.7499 -9.990e-29
 271.850532     -2.995   0.019980    19.8525    -1.7299     -2.970     0.0170    -1.7514 -9.990e-29
 271.850538     -2.992   0.019980    19.8555    -1.7302     -2.967     0.0170    -1.7520 -9.990e-29
 271.850544     -2.991   0.019979    19.8525    -1.7304     -2.966     0.0170    -1.7514 -9.990e-29
 271.850550     -2.990   0.019978    19.8447    -1.7306     -2.965     0.0170    -1.7498 -9.990e-29
 271.850556     -2.991   0.019977    19.8341    -1.7304     -2.966     0.0170    -1.7476 -9.990e-29
 271.850561     -2.993   0.019976    19.8215    -1.7300     -2.968     0.0170    -1.7451 -9.990e-29
 271.850567     -2.987   0.019975    19.8076    -1.7294     -2.962     0.0170    -1.7422 -9.990e-29
 271.850573     -2.965   0.019974    19.7936    -1.7289     -2.940     0.0170    -1.7394 -9.990e-29
 271.850579     -2.934   0.019973    19.7808    -1.7285     -2.910     0.0170    -1.7367 -9.990e-29
 271.850584     -2.905   0.019972    19.7695    -1.7283     -2.881     0.0170    -1.7344 -9.990e-29
 271.850590     -2.880   0.019971    19.7604    -1.7283     -2.856     0.0170    -1.7326 -9.990e-29
 271.850596     -2.858   0.019970    19.7544    -1.7287     -2.834     0.0170    -1.7314 -9.990e-29
 271.850602     -2.838   0.019969    19.7531    -1.7293     -2.814     0.0170    -1.7311 -9.990e-29
 271.850608     -2.817   0.019968    19.7578    -1.7298     -2.794     0.0170    -1.7320 -9.990e-29
 271.850613     -2.799   0.019967    19.7682    -1.7301     -2.776     0.0170    -1.7342 -9.990e-29
 271.850619     -2.787   0.019966    19.7816    -1.7304     -2.764     0.0170    -1.7369 -9.990e-29
 271.850625     -2.781   0.019965    19.7949    -1.7308     -2.758     0.0170    -1.7396 -9.990e-29
 271.850631     -2.776   0.019964    19.8056    -1.7312     -2.753     0.0170    -1.7418 -9.990e-29
 271.850637     -2.766   0.019963    19.8106    -1.7316     -2.743     0.0170    -1.7428 -9.990e-29
 271.850642     -2.756   0.019962    19.8083    -1.7319     -2.733     0.0170    -1.7424 -9.990e-29
 271.850648     -2.745   0.019961    19.7997    -1.7321     -2.722     0.0170    -1.7406 -9.990e-29
 271.850654     -2.729   0.019960    19.7874    -1.7324     -2.706     0.0170    -1.7381 -9.990e-29
 271.850660     -2.709   0.019959    19.7744    -1.7326     -2.686     0.0170    -1.7354 -9.990e-29
 271.850666     -2.694   0.019958    19.7622    -1.7325     -2.672     0.0170    -1.7329 -9.990e-29
 271.850671     -2.688   0.019957    19.7504    -1.7323     -2.666     0.0170    -1.7305 -9.990e-29
 271.850677     -2.684   0.019956    19.7386    -1.7322     -2.662     0.0170    -1.7281 -9.990e-29
 271.850683     -2.679   0.019955    19.7269    -1.7323     -2.657     0.0170    -1.7258 -9.990e-29
 271.850689     -2.673   0.019954    19.7163    -1.7323     -2.651     0.0170    -1.7236 -9.990e-29
 271.850694     -2.665   0.019953    19.7071    -1.7325     -2.643     0.0170    -1.7217 -9.990e-29
 271.850700     -2.655   0.019952    19.6993    -1.7327     -2.633     0.0170    -1.7201 -9.990e-29
 271.850706     -2.641   0.019951    19.6933    -1.7329     -2.619     0.0170    -1.7189 -9.990e-29
 271.850712     -2.624   0.019950    19.6901    -1.7329     -2.602     0.0170    -1.7183 -9.990e-29
 271.850718     -2.606   0.019949    19.6903    -1.7331     -2.584     0.0170    -1.7183 -9.990e-29
 271.850723     -2.594   0.019948    19.6923    -1.7333     -2.572     0.0170    -1.7187 -9.990e-29
 271.850729     -2.588   0.019947    19.6938    -1.7336     -2.566     0.0170    -1.7190 -9.990e-29
 271.850735     -2.579   0.019946    19.6933    -1.7338     -2.557     0.0170    -1.7189 -9.990e-29
