data/oxygen options/OCNMS/OCNMS1/raw_data/2017/CAST_TH042_170927faed.cnv
* Sea-Bird SBE 19 Data File:
* FileName = C:\2017 Mooring Data\Casts\CAST_TH042_170927.hex
* Software Version SeatermAF 2.1.2
* Temperature SN = 2997
* Conductivity SN = 2997
* System UpLoad Time = Sep 27 2017 22:27:48 (localtime) = Sep 27 2017 22:27:48 (UTC)
** CAST_TH042_170927
* ds
# nquan = 9                                 
# nvalues = 1153                        
# units = specified
# name 0 = timeJ: Julian Days
# name 1 = prSM: Pressure, Strain Gauge [db]
# name 2 = c0mS/cm: Conductivity [mS/cm]
# name 3 = t090C: Temperature [ITS-90, deg C]
# name 4 = sbeox0ML/L: Oxygen, SBE 43 [ml/l]
# name 5 = depSM: Depth [salt water, m], lat = 47.5
# name 6 = sal00: Salinity, Practical [PSU]
# name 7 = sigma-é00: Density [sigma-theta, kg/m^3]
# name 8 = flag: flag
# span 0 = 270.915035, 270.921701       
# span 1 =     -5.411,     42.547       
# span 2 =   0.514163,  40.043951       
# span 3 =     8.2459,    16.6277       
# span 4 =    -1.8454,    13.6615       
# span 5 =     -5.366,     42.188       
# span 6 =     0.2998,    33.7298       
# span 7 =    -0.9190,    26.2388       
# span 8 = 0.0000e+00, 0.0000e+00       
# interval = seconds: 0.5
# start_time = Sep 27 2017 21:57:39 [Instrument's time stamp, header]
# bad_flag = -9.990e-29
*END*
[from data line 1121]
 270.921522      1.341  39.370333    14.5706     6.8904      1.330    32.1383    23.8580 -9.990e-29
 270.921528      1.242  39.388830    14.5921     6.9097      1.232    32.1373    23.8527 -9.990e-29
 270.921534      1.150  39.411550    14.6119     6.9018      1.140    32.1416    23.8519 -9.990e-29
 270.921539      1.063  39.433504    14.6251     6.8983      1.054    32.1507    23.8561 -9.990e-29
 270.921545      0.977  39.447000    14.6299     6.8863      0.969    32.1590    23.8615 -9.990e-29
 270.921551      0.884  39.445951    14.6323     6.8345      0.877    32.1561    23.8587 -9.990e-29
 270.921557      0.784  39.442403    14.6401     6.7388      0.777    32.1465    23.8496 -9.990e-29
 270.921562      0.683  39.452351    14.6566     6.6192      0.677    32.1419    23.8426 -9.990e-29
 270.921568      0.587  39.476177    14.6775     6.5731      0.582    32.1463    23.8416 -9.990e-29
 270.921574      0.495  39.500279    14.6911     6.5626      0.491    32.1569    23.8469 -9.990e-29
 270.921580      0.405  39.509747    14.6936     7.0362      0.402    32.1635    23.8514 -9.990e-29
 270.921586      0.320  39.507689    14.6937     7.1898      0.317    32.1616    23.8499 -9.990e-29
 270.921591      0.239  39.510409    14.6972     6.6839      0.237    32.1612    23.8489 -9.990e-29
 270.921597      0.161  39.518172    14.7030     6.2116      0.160    32.1634    23.8494 -9.990e-29
 270.921603      0.090  39.512761    14.7071     6.0066      0.089    32.1552    23.8422 -9.990e-29
 270.921609      0.029  39.479121    14.7098     5.9921      0.029    32.1225    23.8164 -9.990e-29
 270.921615     -0.021  39.400966    14.7147     6.0584     -0.021    32.0476    23.7576 -9.990e-29
 270.921620     -0.063  39.206579    14.7219     6.1423     -0.062    31.8656    23.6159 -9.990e-29
 270.921626     -0.095  38.649102    14.7296     6.2044     -0.094    31.3552    23.2211 -9.990e-29
 270.921632     -0.120  36.989153    14.7372     6.2215     -0.119    29.8553    22.0645 -9.990e-29
 270.921638     -0.144  32.020752    14.7442     6.2601     -0.143    25.4415    18.6687 -9.990e-29
 270.921644     -0.163  22.744690    14.7506     6.2756     -0.162    17.4666    12.5476 -9.990e-29
 270.921649     -0.175  13.407353    14.7562 -9.990e-29     -0.174     9.8274     6.6927 -9.990e-29
 270.921655     -0.180   8.275906    14.7612 -9.990e-29     -0.178     5.8405     3.6347 -9.990e-29
 270.921661     -0.179   6.382874    14.7661 -9.990e-29     -0.178     4.4203     2.5435 -9.990e-29
 270.921667     -0.176   5.446974    14.7715 -9.990e-29     -0.175     3.7307     2.0127 -9.990e-29
 270.921672     -0.176   4.751297    14.7777 -9.990e-29     -0.175     3.2242     1.6223 -9.990e-29
 270.921678     -0.172   4.194025    14.7842 -9.990e-29     -0.171     2.8227     1.3124 -9.990e-29
 270.921684     -0.167   3.855417    14.7904 -9.990e-29     -0.166     2.5807     1.1252 -9.990e-29
 270.921690     -0.167   3.885688    14.7952 -9.990e-29     -0.166     2.6019     1.1408 -9.990e-29
 270.921696     -0.173   4.137580    14.7971 -9.990e-29     -0.172     2.7814     1.2787 -9.990e-29
 270.921701     -0.176   4.324174 -9.990e-29 -9.990e-29     -0.175 -9.990e-29 -9.990e-29 -9.990e-29
