data/oxygen options/OCNMS/OCNMS1/raw_data/2017/CAST_MB015_170928faed.cnv
* Sea-Bird SBE 19 Data File:
* FileName = C:\2017 Mooring Data\Casts\CAST_MB015_170928.hex
* Software Version SeatermAF 2.1.2
* Temperature SN = 2997
* Conductivity SN = 2997
* System UpLoad Time = Sep 28 2017 20:55:26 (localtime) = Sep 28 2017 20:55:26 (UTC)
** CAST_MB015_170928
* ds
# nquan = 9                                 
# nvalues = 907                         
# units = specified
# name 0 = timeJ: Julian Days
# name 1 = prSM: Pressure, Strain Gauge [db]
# name 2 = c0mS/cm: Conductivity [mS/cm]
# name 3 = t090C: Temperature [ITS-90, deg C]
# name 4 = sbeox0ML/L: Oxygen, SBE 43 [ml/l]
# name 5 = depSM: Depth [salt water, m], lat = 47.5
# name 6 = sal00: Salinity, Practical [PSU]
# name 7 = sigma-é00: Density [sigma-theta, kg/m^3]
# name 8 = flag: flag
# span 0 = 271.849815, 271.855058       
# span 1 =     -5.632,     15.191       
# span 2 =   0.017747,  40.288629       
# span 3 =    12.2838,    19.8555       
# span 4 =    -1.7528,    11.5173       
# span 5 =     -5.585,     15.064       
# span 6 =     0.0160,    33.5389       
# span 7 =    -1.7520,    25.0753       
# span 8 = 0.0000e+00, 0.0000e+00       
# interval = seconds: 0.5
# start_time = Sep 28 2017 20:23:44 [Instrument's time stamp, header]
# bad_flag = -9.990e-29
*END*
[from data line 481]
 271.852598     -0.090  40.262612    13.9167    -1.5826     -0.089    33.5150    25.0569 -9.990e-29
 271.852604     -0.082  40.225692    13.8987    -1.5835     -0.081    33.4964    25.0463 -9.990e-29
 271.852610     -0.075  40.210898    13.8961    -1.5819     -0.074    33.4850    25.0380 -9.990e-29
 271.852616     -0.072  40.251215    13.9032    -1.5819     -0.071    33.5162    25.0606 -9.990e-29
 271.852622     -0.072  40.288629    13.9170    -1.5828     -0.071    33.5389    25.0753 -9.990e-29
 271.852627     -0.077  40.283468    13.9282    -1.5859     -0.076    33.5244    25.0617 -9.990e-29
 271.852633     -0.086  40.218492    13.9186    -1.5867     -0.085    33.4724    25.0236 -9.990e-29
 271.852639     -0.095  40.118645    13.8948    -1.5838     -0.094    33.4004    24.9729 -9.990e-29
 271.852645     -0.098  40.098648    13.8838    -1.5834     -0.097    33.3914    24.9682 -9.990e-29
 271.852650     -0.092  40.168902    13.8927    -1.5851     -0.091    33.4489    25.0108 -9.990e-29
 271.852656     -0.088  40.198594    13.9011    -1.5846     -0.087    33.4692    25.0247 -9.990e-29
 271.852662     -0.089  40.140046    13.8939    -1.5836     -0.088    33.4211    24.9890 -9.990e-29
 271.852668     -0.095  40.097871    13.8854    -1.5845     -0.094    33.3893    24.9662 -9.990e-29
 271.852674     -0.106  40.130191    13.8892    -1.5860     -0.105    33.4160    24.9861 -9.990e-29
 271.852679     -0.119  40.132908    13.8927    -1.5855     -0.118    33.4155    24.9850 -9.990e-29
 271.852685     -0.126  40.022378    13.8845    -1.5844     -0.125    33.3200    24.9129 -9.990e-29
 271.852691     -0.124  39.881502    13.8728    -1.5860     -0.123    33.1993    24.8220 -9.990e-29
 271.852697     -0.112  39.860241    13.8695    -1.5888     -0.111    33.1824    24.8097 -9.990e-29
 271.852703     -0.093  39.948828    13.8751    -1.5865     -0.092    33.2598    24.8683 -9.990e-29
 271.852708     -0.075  39.994427    13.8803    -1.5854     -0.074    33.2976    24.8965 -9.990e-29
 271.852714     -0.062  39.966096    13.8794    -1.5862     -0.061    33.2721    24.8769 -9.990e-29
 271.852720     -0.051  39.953850    13.8749    -1.5882     -0.051    33.2646    24.8721 -9.990e-29
 271.852726     -0.044  39.961063    13.8659    -1.5898     -0.044    33.2791    24.8851 -9.990e-29
 271.852731     -0.038  39.931372    13.8534    -1.5875     -0.038    33.2624    24.8748 -9.990e-29
 271.852737     -0.034  39.899772    13.8444    -1.5868     -0.034    33.2408    24.8600 -9.990e-29
 271.852743     -0.032  39.917189    13.8399    -1.5891     -0.032    33.2609    24.8764 -9.990e-29
 271.852749     -0.031  39.923502    13.8341     8.7717     -0.031    33.2718    24.8860 -9.990e-29
 271.852755     -0.032  39.854987    13.8267    11.3767     -0.032    33.2145    24.8433 -9.990e-29
 271.852760     -0.034  39.797910    13.8265    11.5173     -0.034    33.1616    24.8025 -9.990e-29
 271.852766     -0.037  39.836427    13.8394     9.5388     -0.037    33.1863    24.8189 -9.990e-29
 271.852772     -0.042  39.869114    13.8537     5.3411     -0.042    33.2043    24.8298 -9.990e-29
 271.852778     -0.045  39.787338    13.8532     5.5551     -0.045    33.1288    24.7716 -9.990e-29
 271.852784     -0.042  39.648485    13.8406     5.7584     -0.042    33.0107    24.6830 -9.990e-29
 271.852789     -0.036  39.594551    13.8310     5.7877     -0.036    32.9689    24.6526 -9.990e-29
 271.852795     -0.032  39.646678    13.8333     5.7388     -0.032    33.0153    24.6880 -9.990e-29
 271.852801     -0.029  39.653277    13.8409     5.6831     -0.029    33.0149    24.6861 -9.990e-29
 271.852807     -0.028  39.516850    13.8422     5.6450     -0.028    32.8871    24.5872 -9.990e-29
 271.852813     -0.028  39.327736    13.8409     5.6104     -0.028    32.7129    24.4528 -9.990e-29
 271.852818     -0.029  39.215211    13.8452     5.5791     -0.029    32.6049    24.3686 -9.990e-29
 271.852824     -0.031  39.191724    13.8528     5.5504     -0.031    32.5767    24.3452 -9.990e-29
 271.852830     -0.035  39.198061    13.8563     5.5261     -0.035    32.5796    24.3467 -9.990e-29
 271.852836     -0.040  39.198538    13.8541     5.5202     -0.040    32.5819    24.3490 -9.990e-29
 271.852841     -0.042  39.189412    13.8512     5.5197     -0.042    32.5759    24.3449 -9.990e-29
 271.852847     -0.038  39.180453    13.8527     5.5187     -0.038    32.5663    24.3372 -9.990e-29
 271.852853     -0.032  39.181089    13.8565     5.5133     -0.032    32.5637    24.3344 -9.990e-29
 271.852859     -0.027  39.179949    13.8509     5.5288     -0.027    32.5674    24.3384 -9.990e-29
 271.852865     -0.024  39.162732    13.8323     5.5267     -0.024    32.5672    24.3421 -9.990e-29
 271.852870     -0.021  39.141298    13.8165     5.5183     -0.021    32.5608    24.3403 -9.990e-29
 271.852876     -0.018  39.134202    13.8191     5.5083     -0.018    32.5520    24.3330 -9.990e-29
 271.852882     -0.017  39.143833    13.8341     5.4964     -0.017    32.5482    24.3270 -9.990e-29
 271.852888     -0.015  39.157930    13.8427     5.4827     -0.015    32.5539    24.3297 -9.990e-29
 271.852894     -0.014  39.161797    13.8406     5.4893     -0.014    32.5593    24.3343 -9.990e-29
 271.852899     -0.013  39.157333    13.8408     5.4855     -0.013    32.5550    24.3309 -9.990e-29
 271.852905     -0.012  39.162764    13.8495     5.4863     -0.012    32.5527    24.3273 -9.990e-29
 271.852911     -0.012  39.177589    13.8583     5.4917     -0.012    32.5589    24.3304 -9.990e-29
 271.852917     -0.011  39.182482    13.8639     5.5016     -0.011    32.5587    24.3290 -9.990e-29
 271.852922     -0.011  39.178467    13.8732     5.5021     -0.011    32.5471    24.3182 -9.990e-29
 271.852928     -0.011  39.176529    13.8836     5.5211     -0.011    32.5365    24.3079 -9.990e-29
 271.852934     -0.010  39.170824    13.8776     5.5209     -0.010    32.5363    24.3089 -9.990e-29
 271.852940     -0.010  39.156646    13.8499     5.5068     -0.010    32.5466    24.3226 -9.990e-29
 271.852946     -0.010  39.142070    13.8187     5.5034     -0.010    32.5596    24.3390 -9.990e-29
 271.852951     -0.010  39.130713    13.8017     5.5029     -0.010    32.5635    24.3455 -9.990e-29
 271.852957     -0.010  39.124882    13.8013     5.4997     -0.010    32.5585    24.3416 -9.990e-29
 271.852963     -0.010  39.130893    13.8092     5.4883     -0.010    32.5573    24.3392 -9.990e-29
 271.852969     -0.010  39.144537    13.8155     5.4879     -0.010    32.5646    24.3435 -9.990e-29
 271.852975     -0.009  39.156671    13.8171     5.4875     -0.009    32.5745    24.3508 -9.990e-29
 271.852980     -0.009  39.162300    13.8193     5.5227     -0.009    32.5779    24.3530 -9.990e-29
 271.852986     -0.009  39.160072    13.8287     5.5161     -0.009    32.5678    24.3433 -9.990e-29
 271.852992     -0.009  39.159434    13.8440     5.5118     -0.009    32.5542    24.3297 -9.990e-29
 271.852998     -0.008  39.167471    13.8567     5.5064     -0.008    32.5509    24.3245 -9.990e-29
 271.853003     -0.008  39.172605    13.8627     5.4997     -0.008    32.5506    24.3230 -9.990e-29
 271.853009     -0.007  39.161627    13.8641     5.4946     -0.007    32.5392    24.3140 -9.990e-29
 271.853015     -0.007  39.141837    13.8645     5.4989     -0.007    32.5206    24.2995 -9.990e-29
 271.853021     -0.006  39.132298    13.8656     5.5060     -0.006    32.5108    24.2917 -9.990e-29
 271.853027     -0.005  39.140547    13.8620     5.5038     -0.005    32.5215    24.3007 -9.990e-29
 271.853032     -0.003  39.154166    13.8484     5.4933     -0.003    32.5456    24.3221 -9.990e-29
 271.853038     -0.001  39.149982    13.8275     5.4854     -0.001    32.5595    24.3371 -9.990e-29
 271.853044      0.001  39.126996    13.8077     5.4898      0.001    32.5550    24.3376 -9.990e-29
 271.853050      0.005  39.106723    13.7952     5.4898      0.005    32.5468    24.3339 -9.990e-29
 271.853056      0.009  39.098060    13.7896     5.5125      0.009    32.5435    24.3325 -9.990e-29
 271.853061      0.014  39.096831    13.7875     5.5029      0.014    32.5441    24.3334 -9.990e-29
 271.853067      0.021  39.099252    13.7868     5.5001      0.021    32.5470    24.3357 -9.990e-29
 271.853073      0.026  39.103052    13.7872     5.5127      0.026    32.5502    24.3381 -9.990e-29
 271.853079      0.024  39.107237    13.7894     5.5039      0.024    32.5522    24.3392 -9.990e-29
 271.853084      0.020  39.111885    13.7943     5.5072      0.020    32.5523    24.3383 -9.990e-29
 271.853090      0.018  39.115457    13.8015     5.4974      0.018    32.5495    24.3347 -9.990e-29
 271.853096      0.018  39.116657    13.8085     5.4979      0.018    32.5447    24.3296 -9.990e-29
 271.853102      0.020  39.116624    13.8142     5.4900      0.020    32.5398    24.3246 -9.990e-29
 271.853108      0.024  39.117653    13.8176     5.4946      0.024    32.5379    24.3224 -9.990e-29
 271.853113      0.030  39.120098    13.8157     5.4964      0.030    32.5418    24.3258 -9.990e-29
 271.853119      0.038  39.120601    13.8082     5.4949      0.038    32.5486    24.3326 -9.990e-29
 271.853125      0.045  39.117691    13.7993     5.4916      0.045    32.5535    24.3382 -9.990e-29
 271.853131      0.047  39.114307    13.7940     5.4947      0.047    32.5548    24.3403 -9.990e-29
 271.853137      0.044  39.114432    13.7943     5.5089      0.044    32.5547    24.3402 -9.990e-29
 271.853142      0.036  39.118886    13.7969     5.4938      0.036    32.5566    24.3411 -9.990e-29
 271.853148      0.026  39.123629    13.7972     5.4987      0.026    32.5608    24.3443 -9.990e-29
 271.853154      0.019  39.126688    13.7958     5.5101      0.019    32.5648    24.3477 -9.990e-29
 271.853160      0.014  39.130561    13.7965     5.4994      0.014    32.5678    24.3498 -9.990e-29
 271.853166      0.010  39.136593    13.8016     5.5029      0.010    32.5690    24.3498 -9.990e-29
 271.853171      0.007  39.146768    13.8111     5.4956      0.007    32.5704    24.3489 -9.990e-29
 271.853177      0.005  39.158515    13.8194     5.4912      0.005    32.5743    24.3502 -9.990e-29
 271.853183      0.005  39.163522    13.8224     5.4877      0.005    32.5764    24.3512 -9.990e-29
 271.853189      0.005  39.160730    13.8228     5.4945      0.005    32.5734    24.3488 -9.990e-29
 271.853194      0.006  39.154916    13.8218     5.5084      0.006    32.5689    24.3455 -9.990e-29
 271.853200      0.008  39.147385    13.8160     5.5128      0.008    32.5668    24.3451 -9.990e-29
 271.853206      0.012  39.134352    13.8051     5.5008      0.012    32.5640    24.3452 -9.990e-29
 271.853212      0.012  39.116451    13.7963     5.4928      0.012    32.5549    24.3399 -9.990e-29
 271.853218      0.006  39.105185    13.7972     5.4887      0.006    32.5437    24.3311 -9.990e-29
 271.853223     -0.004  39.106901    13.8069     5.4844     -0.004    32.5370    24.3239 -9.990e-29
 271.853229     -0.014  39.115028    13.8180     5.4882     -0.014    32.5351    24.3202 -9.990e-29
 271.853235     -0.019  39.123704    13.8236     5.4891     -0.019    32.5384    24.3216 -9.990e-29
 271.853241     -0.017  39.138441    13.8243     5.4926     -0.017    32.5515    24.3316 -9.990e-29
 271.853247     -0.011  39.157158    13.8251     5.5035     -0.011    32.5682    24.3443 -9.990e-29
 271.853252     -0.005  39.164603    13.8262     5.4971     -0.005    32.5741    24.3487 -9.990e-29
 271.853258      0.002  39.162403    13.8271     5.4945      0.002    32.5713    24.3463 -9.990e-29
 271.853264      0.009  39.160600    13.8265     5.4919      0.009    32.5702    24.3455 -9.990e-29
 271.853270      0.017  39.156329    13.8236     5.4912      0.017    32.5687    24.3450 -9.990e-29
 271.853275      0.028  39.146792    13.8219     5.5026      0.028    32.5613    24.3396 -9.990e-29
 271.853281      0.036  39.140649    13.8211     5.5049      0.036    32.5562    24.3359 -9.990e-29
 271.853287      0.039  39.139883    13.8158     5.4961      0.039    32.5600    24.3399 -9.990e-29
 271.853293      0.040  39.135172    13.8055     5.4918      0.040    32.5644    24.3454 -9.990e-29
 271.853299      0.045  39.125372    13.7975     5.4895      0.045    32.5621    24.3452 -9.990e-29
 271.853304      0.049  39.118229    13.7987     5.4865      0.049    32.5545    24.3391 -9.990e-29
 271.853310      0.048  39.118311    13.8058     5.4959      0.048    32.5485    24.3330 -9.990e-29
 271.853316      0.046  39.121891    13.8115     5.4905      0.046    32.5470    24.3307 -9.990e-29
 271.853322      0.048  39.124256    13.8101     5.5017      0.048    32.5504    24.3336 -9.990e-29
 271.853328      0.054  39.121807    13.8021     5.5126      0.054    32.5549    24.3387 -9.990e-29
 271.853333      0.063  39.115106    13.7978     5.5055      0.062    32.5523    24.3376 -9.990e-29
 271.853339      0.073  39.113585    13.8043     5.5039      0.072    32.5454    24.3309 -9.990e-29
 271.853345      0.076  39.120707    13.8140     5.4907      0.075    32.5438    24.3277 -9.990e-29
 271.853351      0.071  39.124583    13.8144     5.4808      0.070    32.5470    24.3301 -9.990e-29
 271.853356      0.067  39.116841    13.8037     5.4819      0.066    32.5489    24.3338 -9.990e-29
 271.853362      0.067  39.106090    13.7909     5.4899      0.066    32.5498    24.3371 -9.990e-29
 271.853368      0.073  39.104203    13.7853     5.4988      0.072    32.5528    24.3406 -9.990e-29
 271.853374      0.080  39.114151    13.7878     5.5021      0.079    32.5599    24.3455 -9.990e-29
 271.853380      0.084  39.130055    13.7938     5.4934      0.083    32.5696    24.3518 -9.990e-29
 271.853385      0.085  39.139981    13.7981     5.4886      0.084    32.5751    24.3552 -9.990e-29
 271.853391      0.083  39.138582    13.7989     5.4878      0.082    32.5732    24.3535 -9.990e-29
 271.853397      0.084  39.136765    13.7998     5.4853      0.083    32.5707    24.3514 -9.990e-29
 271.853403      0.090  39.140400    13.8043     5.4929      0.089    32.5703    24.3501 -9.990e-29
 271.853409      0.102  39.141910    13.8100     5.4941      0.101    32.5668    24.3463 -9.990e-29
 271.853414      0.118  39.135923    13.8094     5.4956      0.117    32.5618    24.3425 -9.990e-29
 271.853420      0.129  39.121627    13.8007     5.5150      0.128    32.5559    24.3398 -9.990e-29
 271.853426      0.131  39.103369    13.7925     5.5155      0.130    32.5459    24.3338 -9.990e-29
 271.853432      0.125  39.090851    13.7910     5.5141      0.124    32.5356    24.3261 -9.990e-29
 271.853437      0.115  39.089665    13.7932     5.5032      0.114    32.5326    24.3233 -9.990e-29
 271.853443      0.108  39.093083    13.7911     5.4983      0.107    32.5376    24.3276 -9.990e-29
 271.853449      0.109  39.094359    13.7804     5.4852      0.108    32.5478    24.3377 -9.990e-29
 271.853455      0.118  39.095651    13.7677     5.4830      0.117    32.5598    24.3496 -9.990e-29
 271.853461      0.135  39.106411    13.7626     5.4864      0.134    32.5741    24.3617 -9.990e-29
 271.853466      0.157  39.130239    13.7668     5.4935      0.156    32.5927    24.3751 -9.990e-29
 271.853472      0.176  39.148409    13.7770     5.5027      0.175    32.6009    24.3794 -9.990e-29
 271.853478      0.190  39.152568    13.7906     5.4961      0.188    32.5931    24.3706 -9.990e-29
 271.853484      0.200  39.152075    13.8019     5.4862      0.198    32.5831    24.3605 -9.990e-29
 271.853490      0.206  39.148407    13.8097     5.4821      0.204    32.5730    24.3512 -9.990e-29
 271.853495      0.209  39.149445    13.8200     5.5031      0.207    32.5653    24.3431 -9.990e-29
 271.853501      0.208  39.158150    13.8318     5.5062      0.206    32.5633    24.3392 -9.990e-29
 271.853507      0.204  39.163626    13.8387     5.5207      0.202    32.5625    24.3372 -9.990e-29
 271.853513      0.201  39.161314    13.8376     5.4992      0.199    32.5613    24.3365 -9.990e-29
