data/oxygen options/OCNMS/OCNMS1/raw_data/2017/CAST_KL015_170926faed.cnv
* Sea-Bird SBE 19 Data File:
* FileName = C:\2017 Mooring Data\Casts\CAST_KL015_170926.hex
* Software Version SeatermAF 2.1.2
* Temperature SN = 2997
* Conductivity SN = 2997
* System UpLoad Time = Sep 26 2017 22:15:41 (localtime) = Sep 26 2017 22:15:41 (UTC)
** CAST_KL015_170926
* ds
# nquan = 9                                 
# nvalues = 1488                        
# units = specified
# name 0 = timeJ: Julian Days
# name 1 = prSM: Pressure, Strain Gauge [db]
# name 2 = c0mS/cm: Conductivity [mS/cm]
# name 3 = t090C: Temperature [ITS-90, deg C]
# name 4 = sbeox0ML/L: Oxygen, SBE 43 [ml/l]
# name 5 = depSM: Depth [salt water, m], lat = 47.5
# name 6 = sal00: Salinity, Practical [PSU]
# name 7 = sigma-é00: Density [sigma-theta, kg/m^3]
# name 8 = flag: flag
# span 0 = 269.917234, 269.925839       
# span 1 =     -4.788,     16.373       
# span 2 =   0.362726,  38.722511       
# span 3 =    13.8149,    17.4069       
# span 4 =   -11.4176,    15.5477       
# span 5 =     -4.748,     16.236       
# span 6 =     0.2065,    31.8885       
# span 7 =    -1.1356,    23.8219       
# span 8 = 0.0000e+00, 0.0000e+00       
# interval = seconds: 0.5
# start_time = Sep 26 2017 22:00:49 [Instrument's time stamp, header]
# bad_flag = -9.990e-29
*END*
[from data line 641]
 269.920943     -0.526   0.370692    16.8832    -1.5573     -0.522     0.2127    -1.0394 -9.990e-29
 269.920949     -0.520   0.373241    16.8742    -1.5617     -0.516     0.2143    -1.0367 -9.990e-29
 269.920955     -0.513   0.380332    16.8654    -1.5626     -0.509     0.2185    -1.0319 -9.990e-29
 269.920961     -0.503   0.400314    16.8548    -1.5607     -0.499     0.2302    -1.0210 -9.990e-29
 269.920966     -0.490   0.459273    16.8384    -1.5602     -0.486     0.2651    -0.9913 -9.990e-29
 269.920972     -0.474   0.635822    16.8046    -1.5615     -0.470     0.3709    -0.9040 -9.990e-29
 269.920978     -0.453   1.165358    16.7176    -1.5626     -0.449     0.6975    -0.6376 -9.990e-29
 269.920984     -0.425   2.753929    16.4764    -1.5625     -0.421     1.7322     0.1986 -9.990e-29
 269.920990     -0.390   7.519629    16.0869    -1.5621     -0.387     5.0966     2.8428 -9.990e-29
 269.920995     -0.345  16.397439    15.7472    -1.5621     -0.342    11.9223     8.1209 -9.990e-29
 269.921001     -0.292  26.256497    15.5518    -1.5627     -0.290    20.0312    14.3592 -9.990e-29
 269.921007     -0.235  33.382129    15.4595    -1.5620     -0.233    26.1590    19.0737 -9.990e-29
 269.921013     -0.179  36.813596    15.4324    -1.5618     -0.178    29.1756    21.3954 -9.990e-29
 269.921019     -0.130  37.988359    15.4301    -1.5623     -0.129    30.2138    22.1937 -9.990e-29
 269.921024     -0.088  38.414532    15.4242    -1.5628     -0.087    30.5957    22.4885 -9.990e-29
 269.921030     -0.052  38.541078    15.4070    -1.5627     -0.052    30.7212    22.5888 -9.990e-29
 269.921036     -0.018  38.540664    15.3899    -1.5636     -0.018    30.7342    22.6024 -9.990e-29
 269.921042      0.015  38.535965    15.3888    -1.5635      0.015    30.7309    22.6001 -9.990e-29
 269.921047      0.046  38.562170    15.3978    -1.5636      0.046    30.7471    22.6106 -9.990e-29
 269.921053      0.068  38.569669    15.4018    -1.5625      0.067    30.7506    22.6125 -9.990e-29
 269.921059      0.077  38.543275    15.3971    -1.5619      0.076    30.7309    22.5983 -9.990e-29
 269.921065      0.079  38.528461    15.3879    -1.5629      0.078    30.7249    22.5957 -9.990e-29
 269.921071      0.082  38.551414    15.3816    -1.5635      0.081    30.7502    22.6165 -9.990e-29
 269.921076      0.091  38.577795    15.3778    -1.5627      0.090    30.7766    22.6376 -9.990e-29
 269.921082      0.107  38.569428    15.3718    -1.5621      0.106    30.7739    22.6368 -9.990e-29
 269.921088      0.125  38.546536    15.3644    -1.5624      0.124    30.7593    22.6272 -9.990e-29
 269.921094      0.140  38.530138    15.3579    -1.5633      0.139    30.7498    22.6213 -9.990e-29
 269.921100      0.151  38.517427    15.3534    -1.5638      0.150    30.7421    22.6163 -9.990e-29
 269.921105      0.163  38.521711    15.3561    -1.5627      0.162    30.7438    22.6171 -9.990e-29
 269.921111      0.174  38.557119    15.3671    -1.5626      0.173    30.7666    22.6322 -9.990e-29
 269.921117      0.180  38.598073    15.3744    -1.5640      0.178    30.7972    22.6542 -9.990e-29
 269.921123      0.180  38.591674    15.3713    -1.5638      0.178    30.7940    22.6524 -9.990e-29
 269.921128      0.175  38.548451    15.3646    -1.5630      0.174    30.7608    22.6284 -9.990e-29
 269.921134      0.169  38.537356    15.3603    -1.5630      0.168    30.7544    22.6243 -9.990e-29
 269.921140      0.166  38.574416    15.3599    -1.5636      0.165    30.7876    22.6499 -9.990e-29
 269.921146      0.161  38.607136    15.3602    -1.5646      0.160    30.8164    22.6720 -9.990e-29
 269.921152      0.155  38.590675    15.3564    -1.5646      0.154    30.8048    22.6639 -9.990e-29
 269.921157      0.150  38.547904    15.3516    -1.5638      0.149    30.7705    22.6386 -9.990e-29
 269.921163      0.147  38.539979    15.3496    -1.5634      0.146    30.7651    22.6348 -9.990e-29
 269.921169      0.145  38.566431    15.3482    -1.5636      0.144    30.7897    22.6541 -9.990e-29
 269.921175      0.144  38.565659    15.3460    -1.5641      0.143    30.7907    22.6553 -9.990e-29
 269.921181      0.149  38.536092    15.3447    -1.5641      0.148    30.7654    22.6362 -9.990e-29
 269.921186      0.160  38.534650    15.3454    -1.5635      0.159    30.7636    22.6346 -9.990e-29
 269.921192      0.169  38.556627    15.3463    -1.5634      0.168    30.7824    22.6489 -9.990e-29
 269.921198      0.172  38.550140    15.3455    -1.5633      0.171    30.7773    22.6451 -9.990e-29
 269.921204      0.173  38.505998    15.3447    -1.5635      0.172    30.7387    22.6156 -9.990e-29
 269.921209      0.178  38.462805    15.3458    -1.5639      0.177    30.6995    22.5852 -9.990e-29
 269.921215      0.182  38.459310    15.3483    -1.5632      0.180    30.6944    22.5808 -9.990e-29
 269.921221      0.181  38.487512    15.3497    -1.5631      0.179    30.7184    22.5989 -9.990e-29
 269.921227      0.174  38.506067    15.3486    -1.5632      0.173    30.7357    22.6125 -9.990e-29
 269.921233      0.167  38.497735    15.3451    -1.5629      0.166    30.7311    22.6097 -9.990e-29
 269.921238      0.166  38.484465    15.3409    -1.5629      0.165    30.7226    22.6040 -9.990e-29
 269.921244      0.177  38.496182    15.3386    -1.5639      0.176    30.7348    22.6139 -9.990e-29
 269.921250      0.195  38.530606    15.3391    -1.5638      0.193    30.7649    22.6370 -9.990e-29
 269.921256      0.214  38.558047    15.3414    -1.5637      0.212    30.7875    22.6539 -9.990e-29
 269.921262      0.230  38.563029    15.3430    -1.5631      0.228    30.7907    22.6560 -9.990e-29
 269.921267      0.243  38.551652    15.3429    -1.5629      0.241    30.7806    22.6483 -9.990e-29
 269.921273      0.256  38.547968    15.3430    -1.5626      0.254    30.7773    22.6457 -9.990e-29
 269.921279      0.268  38.566123    15.3438    -1.5640      0.266    30.7928    22.6574 -9.990e-29
 269.921285      0.272  38.585539    15.3444    -1.5641      0.270    30.8096    22.6702 -9.990e-29
 269.921291      0.260  38.593481    15.3445    -1.5631      0.258    30.8166    22.6755 -9.990e-29
 269.921296      0.240  38.592713    15.3449    -1.5629      0.238    30.8156    22.6747 -9.990e-29
 269.921302      0.222  38.572151    15.3454    -1.5636      0.220    30.7969    22.6602 -9.990e-29
 269.921308      0.215  38.537438    15.3451    -1.5642      0.213    30.7663    22.6368 -9.990e-29
 269.921314      0.218  38.522391    15.3445    -1.5637      0.216    30.7534    22.6270 -9.990e-29
 269.921319      0.222  38.540005    15.3445    -1.5632      0.220    30.7691    22.6390 -9.990e-29
 269.921325      0.224  38.571782    15.3451    -1.5619      0.222    30.7968    22.6602 -9.990e-29
 269.921331      0.224  38.592345    15.3456    -1.5631      0.222    30.8147    22.6739 -9.990e-29
 269.921337      0.221  38.577048    15.3454    -1.5633      0.219    30.8013    22.6636 -9.990e-29
 269.921343      0.221  38.535755    15.3451    -1.5618      0.219    30.7648    22.6356 -9.990e-29
 269.921348      0.226  38.524310    15.3459    -1.5615      0.224    30.7540    22.6271 -9.990e-29
 269.921354      0.234  38.550989    15.3473    -1.5630      0.232    30.7766    22.6442 -9.990e-29
 269.921360      0.239  38.559541    15.3464    -1.5639      0.237    30.7849    22.6508 -9.990e-29
 269.921366      0.244  38.532823    15.3427    -1.5635      0.242    30.7641    22.6356 -9.990e-29
 269.921372      0.248  38.517553    15.3400    -1.5631      0.246    30.7526    22.6273 -9.990e-29
 269.921377      0.250  38.548268    15.3410    -1.5627      0.248    30.7791    22.6475 -9.990e-29
 269.921383      0.253  38.606019    15.3423    -1.5622      0.251    30.8294    22.6859 -9.990e-29
 269.921389      0.254  38.639580    15.3412    -1.5630      0.252    30.8601    22.7098 -9.990e-29
 269.921395      0.256  38.633235    15.3393    -1.5630      0.254    30.8560    22.7070 -9.990e-29
 269.921400      0.257  38.645183    15.3385    -1.5628      0.255    30.8672    22.7158 -9.990e-29
 269.921406      0.257  38.689693    15.3385    -1.5613      0.255    30.9068    22.7462 -9.990e-29
 269.921412      0.258  38.694521    15.3375    -1.5608      0.256    30.9119    22.7503 -9.990e-29
 269.921418      0.258  38.638681    15.3345    -1.5627      0.256    30.8646    22.7146 -9.990e-29
 269.921424      0.259  38.589425    15.3308     9.5026      0.257    30.8237    22.6840 -9.990e-29
 269.921429      0.259  38.593298    15.3297    12.2605      0.257    30.8280    22.6875 -9.990e-29
 269.921435      0.259  38.630304    15.3330    12.4314      0.257    30.8583    22.7101 -9.990e-29
 269.921441      0.260  38.665422    15.3387    10.4841      0.258    30.8851    22.7295 -9.990e-29
 269.921447      0.260  38.670981    15.3433     6.2798      0.258    30.8864    22.7295 -9.990e-29
 269.921453      0.260  38.648416    15.3448     6.5789      0.258    30.8651    22.7128 -9.990e-29
 269.921458      0.260  38.638216    15.3445     6.8423      0.258    30.8563    22.7061 -9.990e-29
 269.921464      0.260  38.671596    15.3454     6.8757      0.258    30.8853    22.7282 -9.990e-29
 269.921470      0.260  38.722511    15.3466     6.8045      0.258    30.9296    22.7620 -9.990e-29
 269.921476      0.261  38.708210    15.3469     6.7130      0.259    30.9166    22.7520 -9.990e-29
 269.921481      0.261  38.588918    15.3468     6.6466      0.259    30.8107    22.6705 -9.990e-29
 269.921487      0.261  38.441917    15.3469     6.6057      0.259    30.6800    22.5700 -9.990e-29
 269.921493      0.261  38.356262    15.3476     6.5686      0.259    30.6034    22.5110 -9.990e-29
 269.921499      0.261  38.327520    15.3484     6.5412      0.259    30.5773    22.4907 -9.990e-29
 269.921505      0.262  38.318499    15.3493     6.5230      0.260    30.5686    22.4838 -9.990e-29
 269.921510      0.262  38.314943    15.3500     6.4977      0.260    30.5649    22.4809 -9.990e-29
 269.921516      0.263  38.311562    15.3499     6.4720      0.261    30.5620    22.4786 -9.990e-29
 269.921522      0.264  38.306098    15.3495     6.4798      0.262    30.5574    22.4752 -9.990e-29
 269.921528      0.265  38.300797    15.3496     6.4854      0.263    30.5527    22.4715 -9.990e-29
 269.921534      0.266  38.300363    15.3486     6.5048      0.264    30.5530    22.4720 -9.990e-29
 269.921539      0.268  38.301988    15.3443     6.5241      0.266    30.5578    22.4766 -9.990e-29
 269.921545      0.271  38.300010    15.3378     6.5207      0.269    30.5611    22.4806 -9.990e-29
 269.921551      0.274  38.294603    15.3320     6.5257      0.272    30.5608    22.4816 -9.990e-29
 269.921557      0.278  38.290330    15.3298     6.5164      0.276    30.5588    22.4805 -9.990e-29
 269.921562      0.283  38.289901    15.3309     6.5133      0.281    30.5575    22.4793 -9.990e-29
 269.921568      0.289  38.290516    15.3326     6.4854      0.287    30.5567    22.4783 -9.990e-29
 269.921574      0.298  38.289647    15.3339     6.4742      0.296    30.5550    22.4767 -9.990e-29
 269.921580      0.308  38.288945    15.3358     6.4912      0.305    30.5528    22.4746 -9.990e-29
 269.921586      0.318  38.290848    15.3385     6.4921      0.315    30.5524    22.4737 -9.990e-29
 269.921591      0.319  38.294542    15.3415     6.5013      0.316    30.5534    22.4738 -9.990e-29
 269.921597      0.306  38.297125    15.3433     6.4852      0.303    30.5543    22.4741 -9.990e-29
 269.921603      0.283  38.297573    15.3433     6.4760      0.281    30.5547    22.4744 -9.990e-29
 269.921609      0.257  38.296494    15.3426     6.4855      0.255    30.5543    22.4743 -9.990e-29
 269.921615      0.236  38.295263    15.3422     6.4901      0.234    30.5535    22.4738 -9.990e-29
 269.921620      0.230  38.295609    15.3430     6.5018      0.228    30.5532    22.4734 -9.990e-29
 269.921626      0.239  38.297448    15.3451     6.5014      0.237    30.5532    22.4729 -9.990e-29
 269.921632      0.247  38.299320    15.3465     6.4984      0.245    30.5538    22.4730 -9.990e-29
 269.921638      0.250  38.299812    15.3460     6.4898      0.248    30.5546    22.4738 -9.990e-29
 269.921644      0.252  38.297914    15.3445     6.4861      0.250    30.5541    22.4737 -9.990e-29
 269.921649      0.254  38.295025    15.3430     6.4923      0.252    30.5527    22.4729 -9.990e-29
 269.921655      0.255  38.294027    15.3413     6.5015      0.253    30.5531    22.4736 -9.990e-29
 269.921661      0.256  38.294159    15.3385     6.5053      0.254    30.5554    22.4760 -9.990e-29
 269.921667      0.257  38.292249    15.3347     6.4850      0.255    30.5567    22.4778 -9.990e-29
 269.921672      0.258  38.288561    15.3322     6.4769      0.256    30.5553    22.4773 -9.990e-29
 269.921678      0.258  38.286589    15.3327     6.4618      0.256    30.5532    22.4756 -9.990e-29
 269.921684      0.259  38.287634    15.3359     6.4816      0.257    30.5516    22.4737 -9.990e-29
 269.921690      0.259  38.290298    15.3402     6.4685      0.257    30.5506    22.4720 -9.990e-29
 269.921696      0.259  38.293107    15.3428     6.4724      0.257    30.5511    22.4718 -9.990e-29
 269.921701      0.260  38.293656    15.3424     6.4753      0.258    30.5519    22.4725 -9.990e-29
 269.921707      0.260  38.292130    15.3409     6.4914      0.258    30.5517    22.4727 -9.990e-29
 269.921713      0.260  38.292106    15.3410     6.4924      0.258    30.5516    22.4726 -9.990e-29
 269.921719      0.261  38.294126    15.3432     6.4756      0.259    30.5517    22.4722 -9.990e-29
 269.921725      0.261  38.296413    15.3455     6.4631      0.259    30.5520    22.4719 -9.990e-29
 269.921730      0.261  38.298107    15.3468     6.4688      0.259    30.5524    22.4720 -9.990e-29
 269.921736      0.261  38.299239    15.3473     6.4908      0.259    30.5531    22.4723 -9.990e-29
 269.921742      0.262  38.300212    15.3474     6.5122      0.260    30.5538    22.4729 -9.990e-29
 269.921748      0.262  38.300652    15.3465     6.5205      0.260    30.5549    22.4739 -9.990e-29
 269.921753      0.263  38.299480    15.3445     6.5135      0.261    30.5555    22.4748 -9.990e-29
 269.921759      0.264  38.296823    15.3417     6.5120      0.262    30.5553    22.4752 -9.990e-29
 269.921765      0.265  38.294749    15.3384     6.5067      0.263    30.5560    22.4765 -9.990e-29
 269.921771      0.266  38.293866    15.3354     6.5161      0.264    30.5575    22.4783 -9.990e-29
 269.921777      0.268  38.292444    15.3337     6.5050      0.266    30.5576    22.4787 -9.990e-29
 269.921782      0.270  38.290840    15.3341     6.4875      0.268    30.5559    22.4773 -9.990e-29
 269.921788      0.273  38.291405    15.3362     6.4764      0.271    30.5547    22.4760 -9.990e-29
 269.921794      0.277  38.293785    15.3384     6.4785      0.275    30.5551    22.4758 -9.990e-29
 269.921800      0.281  38.295563    15.3406     6.4815      0.279    30.5550    22.4753 -9.990e-29
 269.921806      0.287  38.297441    15.3434     6.4744      0.285    30.5545    22.4743 -9.990e-29
 269.921811      0.295  38.300256    15.3456     6.4612      0.293    30.5553    22.4744 -9.990e-29
 269.921817      0.301  38.301615    15.3469     6.4637      0.298    30.5555    22.4743 -9.990e-29
 269.921823      0.301  38.301660    15.3482     6.4765      0.298    30.5545    22.4732 -9.990e-29
 269.921829      0.299  38.302142    15.3491     6.4985      0.297    30.5542    22.4728 -9.990e-29
 269.921834      0.300  38.302595    15.3491     6.5054      0.297    30.5546    22.4731 -9.990e-29
 269.921840      0.303  38.302515    15.3486     6.4942      0.300    30.5549    22.4735 -9.990e-29
 269.921846      0.309  38.302368    15.3486     6.4874      0.306    30.5548    22.4734 -9.990e-29
 269.921852      0.319  38.302529    15.3489     6.4760      0.316    30.5547    22.4733 -9.990e-29
 269.921858      0.332  38.302105    15.3482     6.4828      0.329    30.5549    22.4735 -9.990e-29
