data/oxygen options/OCNMS/OCNMS1/raw_data/2017/CAST_TH015_170630faed.cnv
* Sea-Bird SBE 19 Data File:
* FileName = C:\2017 Mooring Data\Casts\CAST_TH015_170630.hex
* Software Version SeatermAF 2.1.2
* Temperature SN = 2997
* Conductivity SN = 2997
* System UpLoad Time = Jun 30 2017 22:06:59 (localtime) = Jun 30 2017 22:06:59 (UTC)
** CAST_TH015_170630
* ds
# nquan = 9                                 
# nvalues = 882                         
# units = specified
# name 0 = timeJ: Julian Days
# name 1 = prSM: Pressure, Strain Gauge [db]
# name 2 = c0mS/cm: Conductivity [mS/cm]
# name 3 = t090C: Temperature [ITS-90, deg C]
# name 4 = sbeox0ML/L: Oxygen, SBE 43 [ml/l]
# name 5 = depSM: Depth [salt water, m], lat = 47.5
# name 6 = sal00: Salinity, Practical [PSU]
# name 7 = sigma-é00: Density [sigma-theta, kg/m^3]
# name 8 = flag: flag
# span 0 = 181.912685, 181.917784       
# span 1 =     -5.637,     14.517       
# span 2 =   0.268354,  37.177073       
# span 3 =     8.7189,    13.8938       
# span 4 =    -1.9596,    16.6924       
# span 5 =     -5.590,     14.395       
# span 6 =     0.1657,    33.3584       
# span 7 =    -0.5799,    25.8756       
# span 8 = 0.0000e+00, 0.0000e+00       
# interval = seconds: 0.5
# start_time = Jun 30 2017 21:54:16 [Instrument's time stamp, header]
# bad_flag = -9.990e-29
*END*
[from data line 801]
 181.917321     13.159  35.365942     8.8059     2.9127     13.049    33.3140    25.8285 0.0000e+00
 181.917326     12.933  35.371352     8.8273     3.1842     12.825    33.2996    25.8140 0.0000e+00
 181.917332     12.678  35.389522     8.8740     3.4684     12.572    33.2749    25.7873 0.0000e+00
 181.917338     12.398  35.420592     8.9508     3.7883     12.294    33.2355    25.7445 0.0000e+00
 181.917344     12.116  35.467913     9.0683     4.1690     12.015    33.1751    25.6788 0.0000e+00
 181.917350     11.846  35.541392     9.2542     4.6965     11.747    33.0787    25.5739 0.0000e+00
 181.917355     11.590  35.657264     9.4851     5.3061     11.493    32.9850    25.4636 0.0000e+00
 181.917361     11.334  35.789190     9.7243     5.8883     11.239    32.9008    25.3589 0.0000e+00
 181.917367     11.068  35.903695     9.9928     6.2827     10.975    32.7729    25.2147 0.0000e+00
 181.917373     10.791  36.021907    10.2740     6.4435     10.701    32.6385    25.0627 0.0000e+00
 181.917378     10.511  36.164850    10.5432     6.4546     10.423    32.5408    24.9407 0.0000e+00
 181.917384     10.240  36.332218    10.8091     6.4190     10.154    32.4711    24.8404 0.0000e+00
 181.917390      9.988  36.486271    11.0273     6.4282      9.904    32.4307    24.7708 0.0000e+00
 181.917396      9.746  36.573749    11.1623     6.4710      9.664    32.3981    24.7215 0.0000e+00
 181.917402      9.503  36.603251    11.2494     6.5521      9.423    32.3507    24.6691 0.0000e+00
 181.917407      9.258  36.616383    11.3111     6.6681      9.181    32.3096    24.6262 0.0000e+00
 181.917413      9.010  36.632900    11.3485     6.7706      8.935    32.2932    24.6067 0.0000e+00
 181.917419      8.758  36.648507    11.3830     6.8889      8.685    32.2784    24.5890 0.0000e+00
 181.917425      8.499  36.655454    11.4329     6.9943      8.428    32.2417    24.5515 0.0000e+00
 181.917431      8.236  36.659078    11.4928     7.0598      8.167    32.1932    24.5030 0.0000e+00
 181.917436      7.976  36.669804    11.5512     7.0962      7.909    32.1530    24.4612 0.0000e+00
 181.917442      7.713  36.690172    11.6095     7.1114      7.648    32.1224    24.4269 0.0000e+00
 181.917448      7.445  36.715984    11.6694     7.1375      7.383    32.0958    24.3953 0.0000e+00
 181.917454      7.175  36.745255    11.7227     7.1553      7.115    32.0782    24.3719 0.0000e+00
 181.917459      6.913  36.782852    11.7681     7.1803      6.855    32.0756    24.3616 0.0000e+00
 181.917465      6.663  36.837467    11.8126     7.2017      6.607    32.0903    24.3648 0.0000e+00
 181.917471      6.421  36.905759    11.8526     7.2128      6.367    32.1220    24.3821 0.0000e+00
 181.917477      6.182  36.961180    11.8853     7.2623      6.130    32.1475    24.3958 0.0000e+00
 181.917483      5.938  36.985220    11.9187     7.3769      5.888    32.1420    24.3854 0.0000e+00
 181.917488      5.682  36.992010    11.9496     7.5320      5.635    32.1220    24.3642 0.0000e+00
 181.917494      5.416  36.997316    11.9683     7.7108      5.371    32.1111    24.3523 0.0000e+00
 181.917500      5.148  37.000368    11.9778     7.8463      5.105    32.1060    24.3465 0.0000e+00
 181.917506      4.883  36.996273    11.9889     7.9386      4.842    32.0926    24.3341 0.0000e+00
 181.917512      4.621  36.981804    12.0204     7.9912      4.582    32.0517    24.2964 0.0000e+00
 181.917517      4.361  36.966217    12.1128     8.0063      4.325    31.9575    24.2063 0.0000e+00
 181.917523      4.101  36.970163    12.2915     7.9813      4.067    31.8092    24.0578 0.0000e+00
 181.917529      3.838  37.005612    12.5043     7.9452      3.806    31.6632    23.9045 0.0000e+00
 181.917535      3.570  37.058790    12.6677     7.9206      3.540    31.5765    23.8063 0.0000e+00
 181.917541      3.299  37.102621    12.7531     7.8798      3.271    31.5467    23.7668 0.0000e+00
 181.917546      3.032  37.132860    12.7870     7.8708      3.007    31.5470    23.7606 0.0000e+00
 181.917552      2.779  37.159605    12.8115     8.4694      2.756    31.5519    23.7596 0.0000e+00
 181.917558      2.536  37.177073    12.8424     9.3537      2.515    31.5427    23.7465 0.0000e+00
 181.917564      2.297  37.176625    12.8674     8.9113      2.278    31.5215    23.7253 0.0000e+00
 181.917569      2.055  37.160454    12.8828     7.9805      2.038    31.4936    23.7007 0.0000e+00
 181.917575      1.807  37.130708    12.8923     8.6857      1.792    31.4577    23.6711 0.0000e+00
 181.917581      1.558  37.084135    12.8970     8.8640      1.545    31.4100    23.6333 0.0000e+00
 181.917587      1.324  37.001946    12.9015     8.5514      1.313    31.3290    23.5697 0.0000e+00
 181.917593      1.115  36.819350    12.9074     7.9275      1.106    31.1524    23.4319 0.0000e+00
 181.917598      0.925  36.337871    12.9095     7.3078      0.917    30.6984    23.0803 0.0000e+00
 181.917604      0.748  34.950259    12.9038     6.7392      0.742    29.4043    22.0806 0.0000e+00
 181.917610      0.585  30.824289    12.8922     6.3270      0.580    25.5964    19.1408 0.0000e+00
 181.917616      0.442  22.929606    12.8807     6.1507      0.438    18.4976    13.6680 -9.990e-29
 181.917622      0.324  16.269003    12.8710     6.0574      0.321    12.7278     9.2253 -9.990e-29
 181.917627      0.227  16.604570    12.8611     5.9995      0.225    13.0167     9.4493 -9.990e-29
 181.917633      0.150  18.755820    12.8511     5.9635      0.149    14.8657    10.8749 -9.990e-29
 181.917639      0.095  15.615670    12.8406     5.9570      0.094    12.1835     8.8107 -9.990e-29
 181.917645      0.060  10.269930    12.8283     5.9431      0.059     7.7456     5.3932 -9.990e-29
 181.917650      0.034   7.026257    12.8129     5.9547      0.034     5.1528     3.3952 -9.990e-29
 181.917656      0.010   5.539851    12.7948     5.9699      0.010     3.9975     2.5052 -9.990e-29
 181.917662     -0.012   4.787213    12.7764     5.9280     -0.012     3.4224     2.0630 -9.990e-29
 181.917668     -0.030   4.599537    12.7598     5.9197     -0.030     3.2810     1.9558 -9.990e-29
 181.917674     -0.041   4.643873    12.7461     5.9143     -0.041     3.3159     1.9846 -9.990e-29
 181.917679     -0.049   4.393433    12.7354     5.9193     -0.049     3.1267     1.8396 -9.990e-29
 181.917685     -0.060   4.065208    12.7262     5.9473     -0.059     2.8794     1.6494 -9.990e-29
 181.917691     -0.070   3.943490    12.7167     5.9621     -0.069     2.7885     1.5803 -9.990e-29
 181.917697     -0.076   3.908750    12.7058     5.9992     -0.075     2.7632     1.5621 -9.990e-29
 181.917703     -0.081   3.861927    12.6942     6.0110     -0.080     2.7288     1.5370 -9.990e-29
 181.917708     -0.086   3.783338    12.6841     6.0113     -0.085     2.6706     1.4932 -9.990e-29
 181.917714     -0.088   3.664236    12.6764     6.0085     -0.087     2.5819     1.4255 -9.990e-29
 181.917720     -0.090   3.722727    12.6703     5.9943     -0.089     2.6261     1.4606 -9.990e-29
 181.917726     -0.098   4.086714    12.6649     5.9799     -0.097     2.9003     1.6736 -9.990e-29
 181.917731     -0.111   4.476483    12.6606 -9.990e-29     -0.110     3.1959     1.9030 -9.990e-29
 181.917737     -0.126   4.654398    12.6581 -9.990e-29     -0.125     3.3316     2.0083 -9.990e-29
 181.917743     -0.135   4.587778    12.6566 -9.990e-29     -0.134     3.2810     1.9693 -9.990e-29
 181.917749     -0.140   4.313865    12.6544 -9.990e-29     -0.139     3.0729     1.8086 -9.990e-29
 181.917755     -0.145   3.911701    12.6515 -9.990e-29     -0.144     2.7693     1.5739 -9.990e-29
 181.917760     -0.149   3.486355    12.6487 -9.990e-29     -0.148     2.4508     1.3275 -9.990e-29
 181.917766     -0.154   3.127979    12.6456 -9.990e-29     -0.153     2.1847     1.1217 -9.990e-29
 181.917772     -0.159   2.857159    12.6423 -9.990e-29     -0.158     1.9850     0.9673 -9.990e-29
 181.917778     -0.166   2.666296    12.6408 -9.990e-29     -0.165     1.8451     0.8590 -9.990e-29
 181.917784     -0.169   2.581118 -9.990e-29 -9.990e-29     -0.168 -9.990e-29 -9.990e-29 -9.990e-29
