data/oxygen options/OCNMS/OCNMS1/raw_data/2017/CAST_CA042_170725faed.cnv
* Sea-Bird SBE 19 Data File:
* FileName = C:\2017 Mooring Data\Casts\CAST_CA042_170725.hex
* Software Version SeatermAF 2.1.2
* Temperature SN = 2997
* Conductivity SN = 2997
* System UpLoad Time = Jul 25 2017 19:24:24 (localtime) = Jul 25 2017 19:24:24 (UTC)
** CAST_CA042_170725
* ds
# nquan = 9                                 
# nvalues = 1462                        
# units = specified
# name 0 = timeJ: Julian Days
# name 1 = prSM: Pressure, Strain Gauge [db]
# name 2 = c0mS/cm: Conductivity [mS/cm]
# name 3 = t090C: Temperature [ITS-90, deg C]
# name 4 = sbeox0ML/L: Oxygen, SBE 43 [ml/l]
# name 5 = depSM: Depth [salt water, m], lat = 47.5
# name 6 = sal00: Salinity, Practical [PSU]
# name 7 = sigma-é00: Density [sigma-theta, kg/m^3]
# name 8 = flag: flag
# span 0 = 206.751146, 206.759601       
# span 1 =     -4.580,     41.395       
# span 2 =   0.431248,  37.725100       
# span 3 =     8.0335,    16.1076       
# span 4 =   -11.6014,    17.4651       
# span 5 =     -4.542,     41.045       
# span 6 =     0.2569,    33.6779       
# span 7 =    -0.8501,    26.2300       
# span 8 = 0.0000e+00, 0.0000e+00       
# interval = seconds: 0.5
# start_time = Jul 25 2017 18:01:39 [Instrument's time stamp, header]
# bad_flag = -9.990e-29
*END*
[from data line 321]
 206.753003     -0.934   0.465510    15.4441    -1.8750     -0.926     0.2779    -0.7519 -9.990e-29
 206.753009     -0.938   0.465081    15.4465    -1.8753     -0.930     0.2776    -0.7525 -9.990e-29
 206.753015     -0.937   0.465049    15.4526    -1.8760     -0.929     0.2775    -0.7535 -9.990e-29
 206.753021     -0.927   0.465371    15.4658    -1.8762     -0.919     0.2776    -0.7555 -9.990e-29
 206.753027     -0.911   0.465370    15.4871    -1.8755     -0.903     0.2775    -0.7590 -9.990e-29
 206.753032     -0.896   0.465044    15.5125    -1.8748     -0.889     0.2771    -0.7632 -9.990e-29
 206.753038     -0.886   0.465066    15.5355    -1.8736     -0.879     0.2770    -0.7670 -9.990e-29
 206.753044     -0.881   0.465465    15.5514    -1.8720     -0.874     0.2771    -0.7694 -9.990e-29
 206.753050     -0.879   0.465665    15.5607    -1.8713     -0.872     0.2772    -0.7708 -9.990e-29
 206.753056     -0.882   0.465379    15.5644    -1.8705     -0.875     0.2770    -0.7715 -9.990e-29
 206.753061     -0.884   0.464780    15.5618    -1.8699     -0.877     0.2766    -0.7714 -9.990e-29
 206.753067     -0.882   0.464177    15.5563    -1.8692     -0.875     0.2763    -0.7708 -9.990e-29
 206.753073     -0.879   0.463874    15.5567    -1.8691     -0.872     0.2761    -0.7710 -9.990e-29
 206.753079     -0.881   0.464019    15.5674    -1.8707     -0.874     0.2761    -0.7727 -9.990e-29
 206.753084     -0.886   0.464252    15.5869    -1.8724     -0.879     0.2761    -0.7757 -9.990e-29
 206.753090     -0.896   0.464330    15.6133    -1.8738     -0.889     0.2760    -0.7800 -9.990e-29
 206.753096     -0.907   0.464355    15.6415    -1.8738     -0.899     0.2758    -0.7846 -9.990e-29
 206.753102     -0.910   0.464362    15.6655    -1.8734     -0.902     0.2757    -0.7886 -9.990e-29
 206.753108     -0.902   0.464359    15.6850    -1.8727     -0.894     0.2756    -0.7918 -9.990e-29
 206.753113     -0.887   0.464342    15.7006    -1.8721     -0.880     0.2754    -0.7943 -9.990e-29
 206.753119     -0.871   0.464288    15.7090    -1.8714     -0.864     0.2754    -0.7958 -9.990e-29
 206.753125     -0.860   0.464126    15.7030    -1.8705     -0.853     0.2753    -0.7948 -9.990e-29
 206.753131     -0.850   0.463638    15.6799    -1.8696     -0.843     0.2751    -0.7913 -9.990e-29
 206.753137     -0.843   0.462728    15.6493    -1.8683     -0.836     0.2748    -0.7867 -9.990e-29
 206.753142     -0.838   0.461846    15.6257    -1.8674     -0.831     0.2744    -0.7832 -9.990e-29
 206.753148     -0.833   0.461477    15.6175    -1.8670     -0.826     0.2742    -0.7821 -9.990e-29
 206.753154     -0.830   0.461682    15.6228    -1.8672     -0.823     0.2743    -0.7828 -9.990e-29
 206.753160     -0.828   0.462181    15.6356    -1.8677     -0.821     0.2745    -0.7847 -9.990e-29
 206.753166     -0.826   0.462532    15.6520    -1.8674     -0.819     0.2747    -0.7872 -9.990e-29
 206.753171     -0.824   0.462648    15.6711    -1.8668     -0.817     0.2746    -0.7903 -9.990e-29
 206.753177     -0.823   0.462683    15.6929    -1.8663     -0.816     0.2745    -0.7939 -9.990e-29
 206.753183     -0.823   0.462682    15.7172    -1.8660     -0.816     0.2743    -0.7979 -9.990e-29
 206.753189     -0.822   0.462646    15.7419    -1.8656     -0.815     0.2741    -0.8020 -9.990e-29
 206.753194     -0.822   0.462524    15.7616    -1.8655     -0.815     0.2739    -0.8053 -9.990e-29
 206.753200     -0.822   0.462155    15.7720    -1.8655     -0.815     0.2736    -0.8072 -9.990e-29
 206.753206     -0.823   0.461601    15.7737    -1.8655     -0.816     0.2733    -0.8077 -9.990e-29
 206.753212     -0.824   0.461231    15.7733    -1.8658     -0.817     0.2731    -0.8078 -9.990e-29
 206.753218     -0.825   0.461108    15.7781    -1.8662     -0.818     0.2730    -0.8087 -9.990e-29
 206.753223     -0.827   0.461067    15.7879    -1.8662     -0.820     0.2729    -0.8103 -9.990e-29
 206.753229     -0.829   0.461051    15.7984    -1.8659     -0.822     0.2728    -0.8121 -9.990e-29
 206.753235     -0.832   0.461041    15.8076    -1.8660     -0.825     0.2727    -0.8136 -9.990e-29
 206.753241     -0.836   0.461021    15.8146    -1.8664     -0.829     0.2727    -0.8148 -9.990e-29
 206.753247     -0.841   0.460966    15.8184    -1.8665     -0.834     0.2726    -0.8154 -9.990e-29
 206.753252     -0.843   0.460801    15.8195    -1.8671     -0.836     0.2725    -0.8157 -9.990e-29
 206.753258     -0.839   0.460491    15.8178    -1.8675     -0.832     0.2723    -0.8155 -9.990e-29
 206.753264     -0.831   0.460179    15.8130    -1.8678     -0.824     0.2722    -0.8149 -9.990e-29
 206.753270     -0.824   0.460186    15.8082    -1.8683     -0.817     0.2722    -0.8141 -9.990e-29
 206.753275     -0.818   0.460521    15.8069    -1.8685     -0.811     0.2724    -0.8137 -9.990e-29
 206.753281     -0.811   0.460706    15.8073    -1.8687     -0.804     0.2725    -0.8137 -9.990e-29
 206.753287     -0.804   0.460435    15.8052    -1.8693     -0.797     0.2724    -0.8135 -9.990e-29
 206.753293     -0.796   0.459901    15.7999    -1.8697     -0.789     0.2721    -0.8128 -9.990e-29
 206.753299     -0.792   0.459502    15.7921    -1.8707     -0.785     0.2719    -0.8117 -9.990e-29
 206.753304     -0.794   0.459260    15.7819    -1.8723     -0.787     0.2718    -0.8102 -9.990e-29
 206.753310     -0.798   0.458851    15.7714    -1.8737     -0.791     0.2716    -0.8086 -9.990e-29
 206.753316     -0.802   0.458283    15.7615    -1.8741     -0.795     0.2714    -0.8072 -9.990e-29
 206.753322     -0.804   0.457910    15.7520    -1.8738     -0.797     0.2712    -0.8059 -9.990e-29
 206.753328     -0.806   0.457787    15.7431    -1.8739     -0.799     0.2712    -0.8044 -9.990e-29
 206.753333     -0.807   0.457749    15.7333    -1.8746     -0.800     0.2712    -0.8028 -9.990e-29
 206.753339     -0.807   0.457747    15.7206    -1.8752     -0.800     0.2713    -0.8007 -9.990e-29
 206.753345     -0.806   0.457779    15.7033    -1.8762     -0.799     0.2714    -0.7979 -9.990e-29
 206.753351     -0.805   0.457887    15.6791    -1.8763     -0.798     0.2716    -0.7939 -9.990e-29
 206.753356     -0.803   0.458214    15.6498    -1.8759     -0.796     0.2720    -0.7889 -9.990e-29
 206.753362     -0.799   0.458643    15.6243    -1.8756     -0.792     0.2725    -0.7845 -9.990e-29
 206.753368     -0.795   0.458638    15.6098    -1.8756     -0.788     0.2726    -0.7821 -9.990e-29
 206.753374     -0.789   0.458192    15.6036    -1.8758     -0.782     0.2723    -0.7813 -9.990e-29
 206.753380     -0.782   0.457820    15.5966    -1.8761     -0.775     0.2721    -0.7804 -9.990e-29
 206.753385     -0.776   0.457580    15.5844    -1.8763     -0.770     0.2721    -0.7785 -9.990e-29
 206.753391     -0.776   0.457151    15.5691    -1.8764     -0.770     0.2719    -0.7762 -9.990e-29
 206.753397     -0.778   0.456516    15.5559    -1.8762     -0.772     0.2716    -0.7743 -9.990e-29
 206.753403     -0.777   0.455937    15.5502    -1.8756     -0.771     0.2713    -0.7737 -9.990e-29
 206.753409     -0.774   0.455749    15.5520    -1.8750     -0.768     0.2712    -0.7741 -9.990e-29
 206.753414     -0.768   0.456257    15.5557    -1.8744     -0.762     0.2715    -0.7744 -9.990e-29
 206.753420     -0.758   0.457029    15.5564    -1.8741     -0.752     0.2719    -0.7742 -9.990e-29
 206.753426     -0.749   0.457435    15.5531    -1.8741     -0.743     0.2722    -0.7734 -9.990e-29
 206.753432     -0.745   0.457461    15.5482    -1.8745     -0.739     0.2722    -0.7726 -9.990e-29
 206.753437     -0.740   0.457141    15.5451    -1.8747     -0.734     0.2721    -0.7723 -9.990e-29
 206.753443     -0.730   0.456603    15.5459    -1.8745     -0.724     0.2717    -0.7727 -9.990e-29
 206.753449     -0.715   0.456239    15.5520    -1.8740     -0.709     0.2715    -0.7738 -9.990e-29
 206.753455     -0.697   0.456116    15.5630    -1.8733     -0.691     0.2713    -0.7757 -9.990e-29
 206.753461     -0.684   0.456071    15.5757    -1.8727     -0.678     0.2712    -0.7778 -9.990e-29
 206.753466     -0.680   0.456044    15.5867    -1.8724     -0.674     0.2711    -0.7796 -9.990e-29
 206.753472     -0.681   0.455999    15.5935    -1.8718     -0.675     0.2710    -0.7807 -9.990e-29
 206.753478     -0.676   0.455875    15.5949    -1.8714     -0.670     0.2710    -0.7810 -9.990e-29
 206.753484     -0.667   0.455509    15.5926    -1.8710     -0.661     0.2708    -0.7808 -9.990e-29
 206.753490     -0.662   0.454967    15.5915    -1.8705     -0.656     0.2704    -0.7809 -9.990e-29
 206.753495     -0.663   0.454634    15.5956    -1.8701     -0.657     0.2702    -0.7817 -9.990e-29
 206.753501     -0.668   0.454620    15.6058    -1.8696     -0.662     0.2701    -0.7834 -9.990e-29
 206.753507     -0.667   0.454907    15.6197    -1.8692     -0.661     0.2702    -0.7855 -9.990e-29
 206.753513     -0.657   0.455324    15.6338    -1.8694     -0.652     0.2704    -0.7876 -9.990e-29
 206.753519     -0.640   0.455319    15.6465    -1.8691     -0.635     0.2703    -0.7897 -9.990e-29
 206.753524     -0.625   0.454885    15.6587    -1.8683     -0.620     0.2699    -0.7919 -9.990e-29
 206.753530     -0.616   0.454552    15.6703    -1.8675     -0.611     0.2697    -0.7940 -9.990e-29
 206.753536     -0.610   0.454430    15.6812    -1.8670     -0.605     0.2695    -0.7958 -9.990e-29
 206.753542     -0.609   0.454356    15.6924    -1.8666     -0.604     0.2694    -0.7977 -9.990e-29
 206.753547     -0.611   0.454232    15.7038    -1.8666     -0.606     0.2693    -0.7996 -9.990e-29
 206.753553     -0.613   0.453895    15.7145    -1.8669     -0.608     0.2690    -0.8016 -9.990e-29
 206.753559     -0.610   0.453449    15.7223    -1.8678     -0.605     0.2687    -0.8030 -9.990e-29
 206.753565     -0.608   0.453407    15.7281    -1.8683     -0.603     0.2686    -0.8040 -9.990e-29
 206.753571     -0.609   0.453713    15.7376    -1.8680     -0.604     0.2687    -0.8054 -9.990e-29
 206.753576     -0.609   0.453668    15.7526    -1.8675     -0.604     0.2686    -0.8079 -9.990e-29
 206.753582     -0.605   0.453210    15.7684    -1.8684     -0.600     0.2682    -0.8108 -9.990e-29
 206.753588     -0.600   0.452837    15.7809    -1.8686     -0.595     0.2679    -0.8130 -9.990e-29
 206.753594     -0.599   0.452607    15.7883    -1.8691     -0.594     0.2677    -0.8143 -9.990e-29
 206.753600     -0.600   0.452214    15.7884    -1.8694     -0.595     0.2675    -0.8145 -9.990e-29
 206.753605     -0.605   0.451688    15.7808    -1.8692     -0.600     0.2672    -0.8135 -9.990e-29
 206.753611     -0.610   0.451436    15.7695    -1.8694     -0.605     0.2671    -0.8118 -9.990e-29
 206.753617     -0.610   0.451676    15.7619    -1.8690     -0.605     0.2673    -0.8104 -9.990e-29
 206.753623     -0.609   0.452175    15.7606    -1.8685     -0.604     0.2676    -0.8100 -9.990e-29
 206.753628     -0.612   0.452490    15.7590    -1.8680     -0.607     0.2678    -0.8096 -9.990e-29
 206.753634     -0.615   0.452487    15.7520    -1.8682     -0.610     0.2679    -0.8084 -9.990e-29
 206.753640     -0.614   0.452161    15.7426    -1.8687     -0.609     0.2678    -0.8070 -9.990e-29
 206.753646     -0.612   0.451632    15.7341    -1.8687     -0.607     0.2675    -0.8058 -9.990e-29
 206.753652     -0.610   0.451303    15.7291    -1.8682     -0.605     0.2673    -0.8052 -9.990e-29
 206.753657     -0.604   0.451291    15.7281    -1.8677     -0.599     0.2673    -0.8050 -9.990e-29
 206.753663     -0.597   0.451579    15.7300    -1.8672     -0.592     0.2675    -0.8052 -9.990e-29
 206.753669     -0.593   0.451996    15.7360    -1.8666     -0.588     0.2677    -0.8060 -9.990e-29
 206.753675     -0.592   0.451991    15.7446    -1.8665     -0.587     0.2676    -0.8074 -9.990e-29
 206.753681     -0.594   0.451559    15.7505    -1.8663     -0.589     0.2673    -0.8086 -9.990e-29
 206.753686     -0.594   0.451230    15.7508    -1.8660     -0.589     0.2671    -0.8088 -9.990e-29
 206.753692     -0.589   0.451120    15.7487    -1.8656     -0.584     0.2671    -0.8085 -9.990e-29
 206.753698     -0.582   0.451083    15.7503    -1.8658     -0.577     0.2670    -0.8088 -9.990e-29
 206.753704     -0.577   0.451070    15.7576    -1.8659     -0.572     0.2670    -0.8100 -9.990e-29
 206.753709     -0.574   0.451064    15.7682    -1.8659     -0.569     0.2669    -0.8117 -9.990e-29
 206.753715     -0.572   0.451058    15.7799    -1.8658     -0.567     0.2668    -0.8137 -9.990e-29
 206.753721     -0.572   0.451044    15.7904    -1.8658     -0.567     0.2668    -0.8154 -9.990e-29
 206.753727     -0.574   0.451002    15.7982    -1.8657     -0.569     0.2667    -0.8167 -9.990e-29
 206.753733     -0.577   0.450879    15.8047    -1.8655     -0.572     0.2666    -0.8179 -9.990e-29
 206.753738     -0.582   0.450510    15.8112    -1.8652     -0.577     0.2663    -0.8191 -9.990e-29
 206.753744     -0.589   0.449956    15.8156    -1.8657     -0.584     0.2659    -0.8201 -9.990e-29
 206.753750     -0.599   0.449586    15.8163    -1.8666     -0.594     0.2657    -0.8204 -9.990e-29
 206.753756     -0.611   0.449462    15.8156    -1.8667     -0.606     0.2656    -0.8203 -9.990e-29
 206.753762     -0.620   0.449420    15.8162    -1.8665     -0.615     0.2656    -0.8205 -9.990e-29
 206.753767     -0.616   0.449402    15.8177    -1.8662     -0.611     0.2656    -0.8207 -9.990e-29
 206.753773     -0.608   0.449385    15.8193    -1.8660     -0.603     0.2656    -0.8210 -9.990e-29
 206.753779     -0.603   0.449347    15.8215    -1.8656     -0.598     0.2655    -0.8214 -9.990e-29
 206.753785     -0.602   0.449237    15.8240    -1.8654     -0.597     0.2655    -0.8218 -9.990e-29
 206.753791     -0.600   0.448908    15.8235    -1.8657     -0.595     0.2653    -0.8219 -9.990e-29
 206.753796     -0.593   0.448475    15.8166    -1.8665     -0.588     0.2650    -0.8210 -9.990e-29
 206.753802     -0.585   0.448470    15.8068    -1.8680     -0.580     0.2651    -0.8194 -9.990e-29
 206.753808     -0.578   0.448887    15.8019    -1.8692     -0.573     0.2654    -0.8183 -9.990e-29
 206.753814     -0.574   0.449175    15.8033    -1.8699     -0.569     0.2656    -0.8184 -9.990e-29
 206.753819     -0.571   0.449162    15.8081    -1.8706     -0.566     0.2655    -0.8192 -9.990e-29
 206.753825     -0.570   0.448832    15.8141    -1.8708     -0.565     0.2653    -0.8204 -9.990e-29
 206.753831     -0.570   0.448299    15.8191    -1.8705     -0.565     0.2649    -0.8215 -9.990e-29
 206.753837     -0.571   0.447959    15.8190    -1.8699     -0.566     0.2647    -0.8216 -9.990e-29
 206.753843     -0.574   0.447915    15.8095    -1.8691     -0.569     0.2647    -0.8201 -9.990e-29
 206.753848     -0.579   0.448109    15.7894    -1.8683     -0.574     0.2650    -0.8166 -9.990e-29
 206.753854     -0.582   0.448245    15.7628    -1.8678     -0.577     0.2652    -0.8122 -9.990e-29
 206.753860     -0.577   0.447950    15.7371    -1.8683     -0.572     0.2652    -0.8081 -9.990e-29
 206.753866     -0.571   0.447386    15.7169    -1.8688     -0.566     0.2650    -0.8050 -9.990e-29
 206.753872     -0.566   0.446909    15.7032    -1.8689     -0.561     0.2648    -0.8030 -9.990e-29
 206.753877     -0.562   0.446991    15.6981    -1.8686     -0.557     0.2649    -0.8021 -9.990e-29
 206.753883     -0.559   0.447741    15.7029    -1.8685     -0.554     0.2653    -0.8025 -9.990e-29
 206.753889     -0.556   0.448497    15.7150    -1.8693     -0.551     0.2657    -0.8042 -9.990e-29
 206.753895     -0.554   0.448606    15.7305    -1.8702     -0.549     0.2657    -0.8067 -9.990e-29
 206.753900     -0.553   0.448212    15.7447    -1.8710     -0.548     0.2653    -0.8092 -9.990e-29
 206.753906     -0.552   0.447900    15.7519    -1.8715     -0.547     0.2651    -0.8105 -9.990e-29
 206.753912     -0.551   0.447806    15.7500    -1.8717     -0.546     0.2651    -0.8103 -9.990e-29
 206.753918     -0.550   0.447807    15.7444    -1.8718     -0.545     0.2651    -0.8093 -9.990e-29
