data/oxygen options/OCNMS/OCNMS1/raw_data/2017/CAST_TH042_170927faed.cnv
* Sea-Bird SBE 19 Data File:
* FileName = C:\2017 Mooring Data\Casts\CAST_TH042_170927.hex
* Software Version SeatermAF 2.1.2
* Temperature SN = 2997
* Conductivity SN = 2997
* System UpLoad Time = Sep 27 2017 22:27:48 (localtime) = Sep 27 2017 22:27:48 (UTC)
** CAST_TH042_170927
* ds
# nquan = 9                                 
# nvalues = 1153                        
# units = specified
# name 0 = timeJ: Julian Days
# name 1 = prSM: Pressure, Strain Gauge [db]
# name 2 = c0mS/cm: Conductivity [mS/cm]
# name 3 = t090C: Temperature [ITS-90, deg C]
# name 4 = sbeox0ML/L: Oxygen, SBE 43 [ml/l]
# name 5 = depSM: Depth [salt water, m], lat = 47.5
# name 6 = sal00: Salinity, Practical [PSU]
# name 7 = sigma-é00: Density [sigma-theta, kg/m^3]
# name 8 = flag: flag
# span 0 = 270.915035, 270.921701       
# span 1 =     -5.411,     42.547       
# span 2 =   0.514163,  40.043951       
# span 3 =     8.2459,    16.6277       
# span 4 =    -1.8454,    13.6615       
# span 5 =     -5.366,     42.188       
# span 6 =     0.2998,    33.7298       
# span 7 =    -0.9190,    26.2388       
# span 8 = 0.0000e+00, 0.0000e+00       
# interval = seconds: 0.5
# start_time = Sep 27 2017 21:57:39 [Instrument's time stamp, header]
# bad_flag = -9.990e-29
*END*
[from data line 161]
 270.915966     -2.532   0.680051    16.4658    -1.8401     -2.511     0.4008    -0.8232 -9.990e-29
 270.915972     -2.512   0.679552    16.4644    -1.8401     -2.491     0.4005    -0.8232 -9.990e-29
 270.915978     -2.498   0.677863    16.4618    -1.8401     -2.477     0.3995    -0.8235 -9.990e-29
 270.915984     -2.487   0.675504    16.4580    -1.8400     -2.466     0.3981    -0.8240 -9.990e-29
 270.915990     -2.480   0.672654    16.4540    -1.8400     -2.459     0.3964    -0.8246 -9.990e-29
 270.915995     -2.476   0.669392    16.4506    -1.8399     -2.455     0.3945    -0.8255 -9.990e-29
 270.916001     -2.475   0.666357    16.4488    -1.8400     -2.454     0.3926    -0.8267 -9.990e-29
 270.916007     -2.476   0.664492    16.4490    -1.8400     -2.455     0.3915    -0.8276 -9.990e-29
 270.916013     -2.476   0.664080    16.4501    -1.8401     -2.455     0.3912    -0.8280 -9.990e-29
 270.916019     -2.469   0.664019    16.4513    -1.8401     -2.448     0.3912    -0.8282 -9.990e-29
 270.916024     -2.461   0.663117    16.4524    -1.8400     -2.440     0.3906    -0.8288 -9.990e-29
 270.916030     -2.454   0.661835    16.4535    -1.8399     -2.434     0.3898    -0.8296 -9.990e-29
 270.916036     -2.448   0.661237    16.4546    -1.8400     -2.428     0.3895    -0.8301 -9.990e-29
 270.916042     -2.443   0.661079    16.4556    -1.8398     -2.423     0.3894    -0.8303 -9.990e-29
 270.916047     -2.439   0.660594    16.4561    -1.8396     -2.419     0.3891    -0.8306 -9.990e-29
 270.916053     -2.436   0.660246    16.4562    -1.8396     -2.416     0.3889    -0.8308 -9.990e-29
 270.916059     -2.432   0.660124    16.4558    -1.8396     -2.412     0.3888    -0.8308 -9.990e-29
 270.916065     -2.428   0.658957    16.4557    -1.8397     -2.408     0.3881    -0.8313 -9.990e-29
 270.916071     -2.424   0.656300    16.4566    -1.8398     -2.404     0.3864    -0.8327 -9.990e-29
 270.916076     -2.419   0.653042    16.4581    -1.8399     -2.399     0.3844    -0.8345 -9.990e-29
 270.916082     -2.413   0.650383    16.4595    -1.8399     -2.393     0.3828    -0.8360 -9.990e-29
 270.916088     -2.406   0.648656    16.4610    -1.8399     -2.386     0.3818    -0.8371 -9.990e-29
 270.916094     -2.396   0.647221    16.4637    -1.8402     -2.376     0.3809    -0.8383 -9.990e-29
 270.916100     -2.385   0.645828    16.4666    -1.8404     -2.365     0.3800    -0.8394 -9.990e-29
 270.916105     -2.370   0.644837    16.4683    -1.8405     -2.350     0.3794    -0.8402 -9.990e-29
 270.916111     -2.356   0.644589    16.4681    -1.8405     -2.336     0.3792    -0.8403 -9.990e-29
 270.916117     -2.346   0.644752    16.4667    -1.8407     -2.326     0.3793    -0.8399 -9.990e-29
 270.916123     -2.334   0.644438    16.4653    -1.8408     -2.315     0.3791    -0.8398 -9.990e-29
 270.916128     -2.315   0.643228    16.4643    -1.8406     -2.296     0.3784    -0.8402 -9.990e-29
 270.916134     -2.294   0.641725    16.4631    -1.8409     -2.275     0.3775    -0.8407 -9.990e-29
 270.916140     -2.276   0.640697    16.4606    -1.8409     -2.257     0.3769    -0.8408 -9.990e-29
 270.916146     -2.261   0.639882    16.4567    -1.8409     -2.242     0.3765    -0.8405 -9.990e-29
 270.916152     -2.243   0.638746    16.4524    -1.8407     -2.224     0.3758    -0.8402 -9.990e-29
 270.916157     -2.227   0.637437    16.4489    -1.8406     -2.208     0.3750    -0.8402 -9.990e-29
 270.916163     -2.214   0.636428    16.4465    -1.8407     -2.196     0.3744    -0.8403 -9.990e-29
 270.916169     -2.204   0.636038    16.4445    -1.8408     -2.186     0.3742    -0.8401 -9.990e-29
 270.916175     -2.197   0.635747    16.4432    -1.8407     -2.179     0.3741    -0.8400 -9.990e-29
 270.916181     -2.191   0.634612    16.4424    -1.8405     -2.173     0.3734    -0.8404 -9.990e-29
 270.916186     -2.188   0.632784    16.4411    -1.8404     -2.170     0.3723    -0.8411 -9.990e-29
 270.916192     -2.186   0.631150    16.4403    -1.8407     -2.168     0.3713    -0.8417 -9.990e-29
 270.916198     -2.185   0.630301    16.4409    -1.8410     -2.167     0.3708    -0.8422 -9.990e-29
 270.916204     -2.185   0.630213    16.4422    -1.8410     -2.167     0.3707    -0.8425 -9.990e-29
 270.916209     -2.187   0.630216    16.4430    -1.8409     -2.169     0.3707    -0.8426 -9.990e-29
 270.916215     -2.186   0.629759    16.4431    -1.8409     -2.168     0.3704    -0.8428 -9.990e-29
 270.916221     -2.177   0.628790    16.4434    -1.8410     -2.159     0.3698    -0.8433 -9.990e-29
 270.916227     -2.165   0.627678    16.4452    -1.8410     -2.147     0.3691    -0.8442 -9.990e-29
 270.916233     -2.153   0.626603    16.4477    -1.8409     -2.135     0.3685    -0.8451 -9.990e-29
 270.916238     -2.141   0.625240    16.4480    -1.8410     -2.123     0.3676    -0.8458 -9.990e-29
 270.916244     -2.127   0.623434    16.4453    -1.8408     -2.109     0.3666    -0.8462 -9.990e-29
 270.916250     -2.110   0.621548    16.4417    -1.8407     -2.092     0.3654    -0.8464 -9.990e-29
 270.916256     -2.094   0.620393    16.4397    -1.8405     -2.077     0.3648    -0.8466 -9.990e-29
 270.916262     -2.083   0.620647    16.4395    -1.8406     -2.066     0.3649    -0.8465 -9.990e-29
 270.916267     -2.070   0.622094    16.4396    -1.8405     -2.053     0.3658    -0.8458 -9.990e-29
 270.916273     -2.056   0.623338    16.4394    -1.8406     -2.039     0.3665    -0.8452 -9.990e-29
 270.916279     -2.043   0.623267    16.4394    -1.8404     -2.026     0.3665    -0.8452 -9.990e-29
 270.916285     -2.031   0.622342    16.4398    -1.8404     -2.014     0.3659    -0.8457 -9.990e-29
 270.916291     -2.019   0.621546    16.4412    -1.8402     -2.002     0.3654    -0.8463 -9.990e-29
 270.916296     -2.006   0.620926    16.4439    -1.8401     -1.989     0.3650    -0.8471 -9.990e-29
 270.916302     -1.997   0.619655    16.4470    -1.8401     -1.980     0.3642    -0.8482 -9.990e-29
 270.916308     -1.993   0.617703    16.4494    -1.8400     -1.976     0.3630    -0.8496 -9.990e-29
 270.916314     -1.992   0.615793    16.4509    -1.8400     -1.975     0.3619    -0.8507 -9.990e-29
 270.916319     -1.988   0.614147    16.4519    -1.8401     -1.971     0.3609    -0.8517 -9.990e-29
 270.916325     -1.981   0.612789    16.4531    -1.8402     -1.964     0.3600    -0.8525 -9.990e-29
 270.916331     -1.972   0.612125    16.4552    -1.8401     -1.956     0.3596    -0.8532 -9.990e-29
 270.916337     -1.963   0.612377    16.4580    -1.8398     -1.947     0.3597    -0.8536 -9.990e-29
 270.916343     -1.958   0.612774    16.4611    -1.8396     -1.942     0.3599    -0.8539 -9.990e-29
 270.916348     -1.953   0.612737    16.4636    -1.8394     -1.937     0.3599    -0.8544 -9.990e-29
 270.916354     -1.943   0.612770    16.4648    -1.8396     -1.927     0.3599    -0.8546 -9.990e-29
 270.916360     -1.932   0.613473    16.4654    -1.8396     -1.916     0.3603    -0.8543 -9.990e-29
 270.916366     -1.924   0.614674    16.4657    -1.8397     -1.908     0.3611    -0.8538 -9.990e-29
 270.916372     -1.917   0.615205    16.4657    -1.8397     -1.901     0.3614    -0.8536 -9.990e-29
 270.916377     -1.911   0.614110    16.4664    -1.8398     -1.895     0.3607    -0.8542 -9.990e-29
 270.916383     -1.907   0.611593    16.4688    -1.8398     -1.891     0.3592    -0.8558 -9.990e-29
 270.916389     -1.903   0.608731    16.4730    -1.8398     -1.887     0.3574    -0.8579 -9.990e-29
 270.916395     -1.900   0.606698    16.4775    -1.8399     -1.884     0.3561    -0.8596 -9.990e-29
 270.916400     -1.897   0.605551    16.4800    -1.8399     -1.881     0.3554    -0.8606 -9.990e-29
 270.916406     -1.895   0.604871    16.4800    -1.8399     -1.879     0.3550    -0.8609 -9.990e-29
 270.916412     -1.892   0.604859    16.4789    -1.8397     -1.876     0.3550    -0.8607 -9.990e-29
 270.916418     -1.889   0.605500    16.4776    -1.8397     -1.873     0.3554    -0.8602 -9.990e-29
 270.916424     -1.886   0.605987    16.4764    -1.8397     -1.870     0.3557    -0.8598 -9.990e-29
 270.916429     -1.882   0.605860    16.4754    -1.8399     -1.866     0.3556    -0.8597 -9.990e-29
 270.916435     -1.877   0.605504    16.4746    -1.8397     -1.861     0.3554    -0.8597 -9.990e-29
 270.916441     -1.872   0.604998    16.4738    -1.8396     -1.856     0.3551    -0.8598 -9.990e-29
 270.916447     -1.864   0.604223    16.4731    -1.8399     -1.848     0.3547    -0.8600 -9.990e-29
 270.916453     -1.855   0.603440    16.4731    -1.8397     -1.840     0.3542    -0.8604 -9.990e-29
 270.916458     -1.844   0.602714    16.4745    -1.8398     -1.829     0.3537    -0.8610 -9.990e-29
 270.916464     -1.833   0.601814    16.4765    -1.8397     -1.818     0.3532    -0.8617 -9.990e-29
 270.916470     -1.827   0.600649    16.4775    -1.8397     -1.812     0.3525    -0.8625 -9.990e-29
 270.916476     -1.820   0.599515    16.4773    -1.8397     -1.805     0.3518    -0.8630 -9.990e-29
 270.916481     -1.810   0.598561    16.4772    -1.8397     -1.795     0.3512    -0.8634 -9.990e-29
 270.916487     -1.798   0.597623    16.4779    -1.8396     -1.783     0.3506    -0.8639 -9.990e-29
 270.916493     -1.788   0.597114    16.4780    -1.8394     -1.773     0.3503    -0.8642 -9.990e-29
 270.916499     -1.776   0.597466    16.4775    -1.8392     -1.761     0.3505    -0.8639 -9.990e-29
 270.916505     -1.760   0.598039    16.4779    -1.8392     -1.745     0.3509    -0.8637 -9.990e-29
 270.916510     -1.744   0.597935    16.4790    -1.8391     -1.729     0.3508    -0.8640 -9.990e-29
 270.916516     -1.728   0.597014    16.4801    -1.8390     -1.714     0.3502    -0.8646 -9.990e-29
 270.916522     -1.713   0.595711    16.4808    -1.8389     -1.699     0.3494    -0.8653 -9.990e-29
 270.916528     -1.705   0.594506    16.4813    -1.8389     -1.691     0.3487    -0.8660 -9.990e-29
 270.916534     -1.701   0.593456    16.4825    -1.8389     -1.687     0.3481    -0.8667 -9.990e-29
 270.916539     -1.701   0.592270    16.4849    -1.8387     -1.687     0.3473    -0.8677 -9.990e-29
 270.916545     -1.703   0.591027    16.4886    -1.8386     -1.689     0.3465    -0.8689 -9.990e-29
 270.916551     -1.700   0.590288    16.4925    -1.8385     -1.686     0.3461    -0.8699 -9.990e-29
 270.916557     -1.694   0.590176    16.4956    -1.8382     -1.680     0.3460    -0.8705 -9.990e-29
 270.916563     -1.684   0.589989    16.4981    -1.8383     -1.670     0.3458    -0.8710 -9.990e-29
 270.916568     -1.673   0.589478    16.5002    -1.8384     -1.659     0.3455    -0.8716 -9.990e-29
 270.916574     -1.665   0.589070    16.5020    -1.8384     -1.651     0.3452    -0.8722 -9.990e-29
 270.916580     -1.659   0.588776    16.5037    -1.8383     -1.645     0.3450    -0.8726 -9.990e-29
 270.916586     -1.655   0.588203    16.5058    -1.8381     -1.641     0.3447    -0.8732 -9.990e-29
 270.916591     -1.654   0.587142    16.5089    -1.8380     -1.640     0.3440    -0.8743 -9.990e-29
 270.916597     -1.654   0.585839    16.5124    -1.8379     -1.640     0.3432    -0.8755 -9.990e-29
 270.916603     -1.655   0.584777    16.5158    -1.8379     -1.641     0.3425    -0.8766 -9.990e-29
 270.916609     -1.659   0.584201    16.5185    -1.8379     -1.645     0.3422    -0.8773 -9.990e-29
 270.916615     -1.661   0.583898    16.5194    -1.8380     -1.647     0.3420    -0.8776 -9.990e-29
 270.916620     -1.656   0.583464    16.5193    -1.8380     -1.642     0.3417    -0.8778 -9.990e-29
 270.916626     -1.649   0.582876    16.5203    -1.8379     -1.635     0.3413    -0.8783 -9.990e-29
 270.916632     -1.643   0.582457    16.5228    -1.8377     -1.629     0.3411    -0.8789 -9.990e-29
 270.916638     -1.639   0.582203    16.5261    -1.8378     -1.625     0.3409    -0.8796 -9.990e-29
 270.916644     -1.635   0.581776    16.5291    -1.8377     -1.621     0.3406    -0.8803 -9.990e-29
 270.916649     -1.632   0.581160    16.5309    -1.8377     -1.618     0.3402    -0.8809 -9.990e-29
 270.916655     -1.629   0.580644    16.5314    -1.8378     -1.615     0.3399    -0.8812 -9.990e-29
 270.916661     -1.626   0.580095    16.5315    -1.8379     -1.612     0.3396    -0.8815 -9.990e-29
 270.916667     -1.624   0.579333    16.5316    -1.8376     -1.610     0.3391    -0.8819 -9.990e-29
 270.916672     -1.621   0.578452    16.5322    -1.8374     -1.607     0.3386    -0.8824 -9.990e-29
 270.916678     -1.618   0.577387    16.5338    -1.8375     -1.605     0.3379    -0.8832 -9.990e-29
 270.916684     -1.614   0.576379    16.5354    -1.8377     -1.601     0.3373    -0.8839 -9.990e-29
 270.916690     -1.610   0.575747    16.5365    -1.8376     -1.597     0.3369    -0.8844 -9.990e-29
 270.916696     -1.605   0.575204    16.5376    -1.8377     -1.592     0.3366    -0.8849 -9.990e-29
 270.916701     -1.598   0.574579    16.5382    -1.8376     -1.585     0.3362    -0.8853 -9.990e-29
 270.916707     -1.590   0.574148    16.5381    -1.8376     -1.577     0.3359    -0.8854 -9.990e-29
 270.916713     -1.579   0.573891    16.5388    -1.8376     -1.566     0.3358    -0.8857 -9.990e-29
 270.916719     -1.570   0.573464    16.5414    -1.8376     -1.557     0.3355    -0.8863 -9.990e-29
 270.916725     -1.565   0.572854    16.5439    -1.8377     -1.552     0.3351    -0.8871 -9.990e-29
 270.916730     -1.561   0.572356    16.5440    -1.8377     -1.548     0.3348    -0.8873 -9.990e-29
 270.916736     -1.553   0.571860    16.5425    -1.8378     -1.540     0.3345    -0.8873 -9.990e-29
 270.916742     -1.544   0.571259    16.5413    -1.8379     -1.531     0.3342    -0.8873 -9.990e-29
 270.916748     -1.539   0.570862    16.5408    -1.8382     -1.526     0.3339    -0.8874 -9.990e-29
 270.916753     -1.537   0.570694    16.5411    -1.8385     -1.524     0.3338    -0.8876 -9.990e-29
 270.916759     -1.537   0.570529    16.5417    -1.8386     -1.524     0.3337    -0.8877 -9.990e-29
 270.916765     -1.536   0.570149    16.5418    -1.8384     -1.523     0.3335    -0.8879 -9.990e-29
 270.916771     -1.530   0.569602    16.5414    -1.8385     -1.517     0.3332    -0.8881 -9.990e-29
 270.916777     -1.518   0.569265    16.5405    -1.8385     -1.505     0.3330    -0.8881 -9.990e-29
 270.916782     -1.503   0.569246    16.5389    -1.8386     -1.490     0.3330    -0.8879 -9.990e-29
 270.916788     -1.492   0.569519    16.5365    -1.8387     -1.480     0.3331    -0.8873 -9.990e-29
 270.916794     -1.487   0.569895    16.5328    -1.8388     -1.475     0.3334    -0.8865 -9.990e-29
 270.916800     -1.476   0.569765    16.5278    -1.8389     -1.464     0.3334    -0.8857 -9.990e-29
 270.916806     -1.461   0.568959    16.5233    -1.8390     -1.449     0.3329    -0.8853 -9.990e-29
 270.916811     -1.447   0.568062    16.5210    -1.8390     -1.435     0.3324    -0.8853 -9.990e-29
 270.916817     -1.440   0.567541    16.5205    -1.8388     -1.428     0.3321    -0.8854 -9.990e-29
 270.916823     -1.433   0.567256    16.5201    -1.8387     -1.421     0.3319    -0.8855 -9.990e-29
 270.916829     -1.423   0.566829    16.5188    -1.8387     -1.411     0.3317    -0.8855 -9.990e-29
 270.916834     -1.413   0.566243    16.5167    -1.8386     -1.401     0.3313    -0.8854 -9.990e-29
 270.916840     -1.406   0.565825    16.5142    -1.8384     -1.394     0.3311    -0.8851 -9.990e-29
 270.916846     -1.403   0.565575    16.5117    -1.8379     -1.391     0.3310    -0.8848 -9.990e-29
 270.916852     -1.402   0.565159    16.5094    -1.8378     -1.390     0.3307    -0.8846 -9.990e-29
 270.916858     -1.405   0.564575    16.5082    -1.8378     -1.393     0.3304    -0.8846 -9.990e-29
 270.916863     -1.406   0.564155    16.5091    -1.8379     -1.394     0.3301    -0.8850 -9.990e-29
 270.916869     -1.401   0.563893    16.5121    -1.8379     -1.389     0.3299    -0.8856 -9.990e-29
 270.916875     -1.395   0.563440    16.5151    -1.8379     -1.383     0.3296    -0.8864 -9.990e-29
 270.916881     -1.392   0.562746    16.5177    -1.8379     -1.380     0.3292    -0.8872 -9.990e-29
