data/oxygen options/OCNMS/OCNMS1/raw_data/2017/CAST_TH042_170830faed.cnv
* Sea-Bird SBE 19 Data File:
* FileName = C:\2017 Mooring Data\Casts\CAST_TH042_170830.hex
* Software Version SeatermAF 2.1.2
* Temperature SN = 2997
* Conductivity SN = 2997
* System UpLoad Time = Aug 30 2017 18:01:38 (localtime) = Aug 30 2017 18:01:38 (UTC)
** CAST_TH042_170830
* ds
# nquan = 9                                 
# nvalues = 1278                        
# units = specified
# name 0 = timeJ: Julian Days
# name 1 = prSM: Pressure, Strain Gauge [db]
# name 2 = c0mS/cm: Conductivity [mS/cm]
# name 3 = t090C: Temperature [ITS-90, deg C]
# name 4 = sbeox0ML/L: Oxygen, SBE 43 [ml/l]
# name 5 = depSM: Depth [salt water, m], lat = 47.5
# name 6 = sal00: Salinity, Practical [PSU]
# name 7 = sigma-é00: Density [sigma-theta, kg/m^3]
# name 8 = flag: flag
# span 0 = 242.696343, 242.703733       
# span 1 =     -5.027,     42.291       
# span 2 =   0.005693,  37.730284       
# span 3 =     8.1879,    15.1209       
# span 4 =   -12.1991,    16.4663       
# span 5 =     -4.985,     41.934       
# span 6 =     0.0094,    33.6855       
# span 7 =    -0.9100,    26.2134       
# span 8 = 0.0000e+00, 0.0000e+00       
# interval = seconds: 0.5
# start_time = Aug 30 2017 16:42:44 [Instrument's time stamp, header]
# bad_flag = -9.990e-29
*END*
 242.696343     -5.027 -9.990e-29    15.0432    -1.8967     -4.985 -9.990e-29 -9.990e-29 -9.990e-29
 242.696348     -5.002   0.005705    15.0471    -1.8965     -4.960     0.0095    -0.8988 -9.990e-29
 242.696354     -4.982   0.005705    15.0493    -1.8964     -4.940     0.0095    -0.8991 -9.990e-29
 242.696360     -4.966   0.005705    15.0503    -1.8963     -4.925     0.0095    -0.8993 -9.990e-29
 242.696366     -4.943   0.005705    15.0511    -1.8961     -4.902     0.0095    -0.8994 -9.990e-29
 242.696372     -4.914   0.005705    15.0528    -1.8960     -4.873     0.0095    -0.8997 -9.990e-29
 242.696377     -4.883   0.005705    15.0563    -1.8957     -4.842     0.0095    -0.9002 -9.990e-29
 242.696383     -4.854   0.005705    15.0619    -1.8955     -4.814     0.0095    -0.9010 -9.990e-29
 242.696389     -4.824   0.005705    15.0684    -1.8952     -4.784     0.0095    -0.9020 -9.990e-29
 242.696395     -4.792   0.005704    15.0740    -1.8952     -4.752     0.0095    -0.9029 -9.990e-29
 242.696400     -4.756   0.005704    15.0785    -1.8952     -4.716     0.0095    -0.9036 -9.990e-29
 242.696406     -4.718   0.005704    15.0824    -1.8950     -4.679     0.0095    -0.9041 -9.990e-29
 242.696412     -4.684   0.005704    15.0861    -1.8949     -4.645     0.0095    -0.9047 -9.990e-29
 242.696418     -4.656   0.005704    15.0902    -1.8949     -4.617     0.0095    -0.9053 -9.990e-29
 242.696424     -4.632   0.005704    15.0950    -1.8949     -4.593     0.0095    -0.9061 -9.990e-29
 242.696429     -4.610   0.005704    15.1004    -1.8951     -4.572     0.0095    -0.9069 -9.990e-29
 242.696435     -4.590   0.005704    15.1059    -1.8953     -4.552     0.0095    -0.9077 -9.990e-29
 242.696441     -4.570   0.005704    15.1104    -1.8953     -4.532     0.0095    -0.9084 -9.990e-29
 242.696447     -4.549   0.005704    15.1131    -1.8954     -4.511     0.0095    -0.9088 -9.990e-29
 242.696453     -4.525   0.005703    15.1149    -1.8956     -4.487     0.0095    -0.9091 -9.990e-29
 242.696458     -4.497   0.005703    15.1174    -1.8958     -4.460     0.0095    -0.9095 -9.990e-29
 242.696464     -4.464   0.005703    15.1199    -1.8959     -4.427     0.0095    -0.9098 -9.990e-29
 242.696470     -4.426   0.005703    15.1209    -1.8961     -4.389     0.0095    -0.9100 -9.990e-29
 242.696476     -4.392   0.005703    15.1196    -1.8961     -4.355     0.0095    -0.9098 -9.990e-29
 242.696481     -4.361   0.005703    15.1168    -1.8962     -4.325     0.0095    -0.9094 -9.990e-29
 242.696487     -4.334   0.005703    15.1139    -1.8961     -4.298     0.0095    -0.9089 -9.990e-29
 242.696493     -4.307   0.005703    15.1113    -1.8961     -4.271     0.0095    -0.9085 -9.990e-29
 242.696499     -4.279   0.005703    15.1081    -1.8963     -4.243     0.0095    -0.9080 -9.990e-29
 242.696505     -4.249   0.005703    15.1045    -1.8967     -4.214     0.0095    -0.9075 -9.990e-29
 242.696510     -4.215   0.005702    15.1012    -1.8967     -4.180     0.0095    -0.9070 -9.990e-29
 242.696516     -4.178   0.005702    15.0980    -1.8965     -4.143     0.0095    -0.9065 -9.990e-29
 242.696522     -4.145   0.005702    15.0956    -1.8965     -4.110     0.0095    -0.9061 -9.990e-29
 242.696528     -4.117   0.005702    15.0942    -1.8968     -4.083     0.0095    -0.9059 -9.990e-29
 242.696534     -4.095   0.005702    15.0932    -1.8974     -4.061     0.0095    -0.9058 -9.990e-29
 242.696539     -4.075   0.005702    15.0925    -1.8977     -4.041     0.0095    -0.9057 -9.990e-29
 242.696545     -4.056   0.005702    15.0909    -1.8979     -4.022     0.0095    -0.9054 -9.990e-29
 242.696551     -4.038   0.005702    15.0874    -1.8980     -4.004     0.0095    -0.9049 -9.990e-29
 242.696557     -4.019   0.005702    15.0835    -1.8981     -3.985     0.0095    -0.9043 -9.990e-29
 242.696563     -4.003   0.005701    15.0814    -1.8984     -3.970     0.0095    -0.9040 -9.990e-29
 242.696568     -3.992   0.005701    15.0804    -1.8987     -3.959     0.0095    -0.9038 -9.990e-29
 242.696574     -3.982   0.005701    15.0778    -1.8987     -3.949     0.0095    -0.9034 -9.990e-29
 242.696580     -3.967   0.005701    15.0718    -1.8988     -3.934     0.0095    -0.9025 -9.990e-29
 242.696586     -3.947   0.005701    15.0638    -1.8987     -3.914     0.0095    -0.9013 -9.990e-29
 242.696591     -3.921   0.005701    15.0566    -1.8987     -3.888     0.0095    -0.9002 -9.990e-29
 242.696597     -3.890   0.005701    15.0512    -1.8987     -3.858     0.0095    -0.8994 -9.990e-29
 242.696603     -3.863   0.005701    15.0469    -1.8985     -3.831     0.0095    -0.8988 -9.990e-29
 242.696609     -3.840   0.005701    15.0428    -1.8983     -3.808     0.0095    -0.8981 -9.990e-29
 242.696615     -3.822   0.005701    15.0380    -1.8983     -3.790     0.0095    -0.8974 -9.990e-29
 242.696620     -3.805   0.005700    15.0336    -1.8984     -3.773     0.0095    -0.8968 -9.990e-29
 242.696626     -3.791   0.005700    15.0309    -1.8986     -3.759     0.0095    -0.8963 -9.990e-29
 242.696632     -3.777   0.005700    15.0297    -1.8989     -3.746     0.0095    -0.8962 -9.990e-29
 242.696638     -3.763   0.005700    15.0299    -1.8991     -3.732     0.0095    -0.8962 -9.990e-29
 242.696644     -3.747   0.005700    15.0309    -1.8991     -3.716     0.0095    -0.8963 -9.990e-29
 242.696649     -3.730   0.005700    15.0326    -1.8992     -3.699     0.0095    -0.8966 -9.990e-29
 242.696655     -3.709   0.005700    15.0352    -1.8993     -3.678     0.0095    -0.8970 -9.990e-29
 242.696661     -3.684   0.005700    15.0376    -1.8996     -3.653     0.0095    -0.8974 -9.990e-29
 242.696667     -3.656   0.005700    15.0380    -1.8993     -3.626     0.0095    -0.8974 -9.990e-29
 242.696672     -3.630   0.005700    15.0359    -1.8993     -3.600     0.0095    -0.8971 -9.990e-29
 242.696678     -3.602   0.005699    15.0321    -1.8991     -3.572     0.0095    -0.8965 -9.990e-29
 242.696684     -3.576   0.005699    15.0276    -1.8990     -3.546     0.0095    -0.8958 -9.990e-29
 242.696690     -3.553   0.005699    15.0235    -1.8991     -3.523     0.0095    -0.8952 -9.990e-29
 242.696696     -3.534   0.005699    15.0205    -1.8992     -3.505     0.0095    -0.8948 -9.990e-29
 242.696701     -3.515   0.005699    15.0181    -1.8988     -3.486     0.0095    -0.8944 -9.990e-29
 242.696707     -3.497   0.005699    15.0157    -1.8989     -3.468     0.0095    -0.8940 -9.990e-29
 242.696713     -3.479   0.005699    15.0144    -1.8987     -3.450     0.0094    -0.8939 -9.990e-29
 242.696719     -3.462   0.005699    15.0155    -1.8988     -3.433     0.0095    -0.8940 -9.990e-29
 242.696725     -3.451   0.005699    15.0177    -1.8988     -3.422     0.0095    -0.8943 -9.990e-29
 242.696730     -3.444   0.005698    15.0194    -1.8987     -3.415     0.0095    -0.8946 -9.990e-29
 242.696736     -3.441   0.005698    15.0204    -1.8987     -3.412     0.0095    -0.8948 -9.990e-29
 242.696742     -3.434   0.005698    15.0212    -1.8985     -3.405     0.0095    -0.8949 -9.990e-29
 242.696748     -3.414   0.005698    15.0230    -1.8985     -3.386     0.0095    -0.8951 -9.990e-29
 242.696753     -3.388   0.005698    15.0260    -1.8986     -3.360     0.0095    -0.8956 -9.990e-29
 242.696759     -3.362   0.005698    15.0287    -1.8986     -3.334     0.0095    -0.8960 -9.990e-29
 242.696765     -3.335   0.005698    15.0302    -1.8985     -3.307     0.0095    -0.8962 -9.990e-29
 242.696771     -3.309   0.005698    15.0307    -1.8983     -3.281     0.0095    -0.8963 -9.990e-29
 242.696777     -3.288   0.005698    15.0313    -1.8980     -3.261     0.0095    -0.8964 -9.990e-29
 242.696782     -3.270   0.005698    15.0325    -1.8984     -3.243     0.0095    -0.8966 -9.990e-29
 242.696788     -3.253   0.005697    15.0340    -1.8988     -3.226     0.0095    -0.8968 -9.990e-29
 242.696794     -3.238   0.005697    15.0355    -1.8988     -3.211     0.0095    -0.8970 -9.990e-29
 242.696800     -3.222   0.005697    15.0363    -1.8987     -3.195     0.0095    -0.8972 -9.990e-29
 242.696806     -3.204   0.005697    15.0368    -1.8988     -3.177     0.0095    -0.8972 -9.990e-29
 242.696811     -3.185   0.005697    15.0380    -1.8990     -3.158     0.0095    -0.8974 -9.990e-29
 242.696817     -3.166   0.005697    15.0402    -1.8990     -3.140     0.0095    -0.8977 -9.990e-29
 242.696823     -3.151   0.005697    15.0428    -1.8989     -3.125     0.0095    -0.8981 -9.990e-29
 242.696829     -3.134   0.005697    15.0435    -1.8990     -3.108     0.0095    -0.8982 -9.990e-29
 242.696834     -3.110   0.005697    15.0402    -1.8989     -3.084     0.0095    -0.8977 -9.990e-29
 242.696840     -3.083   0.005697    15.0356    -1.8988     -3.057     0.0095    -0.8970 -9.990e-29
 242.696846     -3.057   0.005696    15.0330    -1.8990     -3.032     0.0095    -0.8967 -9.990e-29
 242.696852     -3.038   0.005696    15.0322    -1.8992     -3.013     0.0095    -0.8965 -9.990e-29
 242.696858     -3.022   0.005696    15.0312    -1.8995     -2.997     0.0095    -0.8964 -9.990e-29
 242.696863     -3.010   0.005696    15.0296    -1.8994     -2.985     0.0095    -0.8961 -9.990e-29
 242.696869     -3.000   0.005696    15.0287    -1.8992     -2.975     0.0095    -0.8960 -9.990e-29
 242.696875     -2.991   0.005696    15.0285    -1.8991     -2.966     0.0095    -0.8960 -9.990e-29
 242.696881     -2.984   0.005696    15.0285    -1.8993     -2.959     0.0095    -0.8960 -9.990e-29
 242.696887     -2.977   0.005696    15.0286    -1.8996     -2.952     0.0095    -0.8960 -9.990e-29
 242.696892     -2.971   0.005696    15.0281    -1.8997     -2.946     0.0095    -0.8959 -9.990e-29
 242.696898     -2.965   0.005696    15.0257    -1.8995     -2.940     0.0095    -0.8955 -9.990e-29
 242.696904     -2.958   0.005695    15.0218    -1.8993     -2.933     0.0095    -0.8950 -9.990e-29
 242.696910     -2.950   0.005695    15.0187    -1.8991     -2.925     0.0094    -0.8945 -9.990e-29
 242.696916     -2.940   0.005695    15.0184    -1.8995     -2.915     0.0094    -0.8944 -9.990e-29
 242.696921     -2.929   0.005695    15.0198    -1.8998     -2.905     0.0095    -0.8947 -9.990e-29
 242.696927     -2.914   0.005695    15.0206    -1.8997     -2.890     0.0095    -0.8948 -9.990e-29
 242.696933     -2.896   0.005695    15.0189    -1.8997     -2.872     0.0094    -0.8945 -9.990e-29
 242.696939     -2.878   0.005695    15.0156    -1.8995     -2.854     0.0094    -0.8940 -9.990e-29
 242.696944     -2.866   0.005695    15.0138    -1.8994     -2.842     0.0094    -0.8938 -9.990e-29
 242.696950     -2.860   0.005695    15.0152    -1.8995     -2.836     0.0094    -0.8940 -9.990e-29
 242.696956     -2.847   0.005694    15.0183    -1.8995     -2.823     0.0094    -0.8944 -9.990e-29
 242.696962     -2.822   0.005694    15.0190    -1.8994     -2.798     0.0094    -0.8945 -9.990e-29
 242.696968     -2.796   0.005694    15.0162    -1.8994     -2.773     0.0094    -0.8941 -9.990e-29
 242.696973     -2.776   0.005694    15.0132    -1.8994     -2.753     0.0094    -0.8937 -9.990e-29
 242.696979     -2.760   0.005694    15.0124    -1.8994     -2.737     0.0094    -0.8935 -9.990e-29
 242.696985     -2.748   0.005694    15.0132    -1.8993     -2.725     0.0094    -0.8937 -9.990e-29
 242.696991     -2.739   0.005694    15.0148    -1.8993     -2.716     0.0094    -0.8939 -9.990e-29
 242.696997     -2.733   0.005694    15.0162    -1.8994     -2.710     0.0094    -0.8941 -9.990e-29
 242.697002     -2.728   0.005694    15.0164    -1.8993     -2.705     0.0094    -0.8941 -9.990e-29
 242.697008     -2.721   0.005694    15.0165    -1.8992     -2.698     0.0094    -0.8942 -9.990e-29
 242.697014     -2.706   0.005693    15.0173    -1.8991     -2.683     0.0094    -0.8943 -9.990e-29
 242.697020     -2.687   0.005693    15.0183    -1.8989     -2.665     0.0094    -0.8944 -9.990e-29
 242.697025     -2.667   0.005693    15.0189    -1.8989     -2.645     0.0094    -0.8945 -9.990e-29
 242.697031     -2.648   0.005693    15.0193    -1.8989     -2.626     0.0094    -0.8946 -9.990e-29
 242.697037     -2.635   0.005693    15.0198    -1.8987     -2.613     0.0094    -0.8947 -9.990e-29
 242.697043     -2.622   0.005693    15.0203    -1.8986     -2.600     0.0094    -0.8947 -9.990e-29
 242.697049     -2.604   0.005693    15.0211    -1.8985     -2.582     0.0094    -0.8949 -9.990e-29
 242.697054     -2.580   0.005693    15.0229    -1.8985     -2.558     0.0095    -0.8951 -9.990e-29
 242.697060     -2.552   0.005693    15.0255    -1.8986     -2.531     0.0095    -0.8955 -9.990e-29
 242.697066     -2.527   0.005693    15.0283    -1.8985     -2.506     0.0095    -0.8959 -9.990e-29
 242.697072     -2.508   0.005693    15.0306    -1.8985     -2.487     0.0095    -0.8963 -9.990e-29
 242.697078     -2.494   0.005693    15.0325    -1.8984     -2.473     0.0095    -0.8966 -9.990e-29
 242.697083     -2.484   0.005693    15.0345    -1.8983     -2.463     0.0095    -0.8969 -9.990e-29
 242.697089     -2.477   0.005693    15.0372    -1.8982     -2.456     0.0095    -0.8973 -9.990e-29
 242.697095     -2.472   0.005693    15.0397    -1.8981     -2.451     0.0095    -0.8977 -9.990e-29
 242.697101     -2.470   0.005693    15.0409    -1.8981     -2.449     0.0095    -0.8978 -9.990e-29
 242.697106     -2.471   0.005693    15.0408    -1.8981     -2.450     0.0095    -0.8978 -9.990e-29
 242.697112     -2.469   0.005693    15.0410    -1.8981     -2.448     0.0095    -0.8979 -9.990e-29
 242.697118     -2.461   0.005693    15.0422    -1.8980     -2.440     0.0095    -0.8980 -9.990e-29
 242.697124     -2.450   0.005694    15.0440    -1.8980     -2.430     0.0095    -0.8983 -9.990e-29
 242.697130     -2.441   0.005694    15.0460    -1.8978     -2.421     0.0095    -0.8986 -9.990e-29
 242.697135     -2.432   0.005694    15.0482    -1.8977     -2.412     0.0095    -0.8989 -9.990e-29
 242.697141     -2.422   0.005694    15.0504    -1.8974     -2.402     0.0095    -0.8993 -9.990e-29
 242.697147     -2.412   0.005694    15.0521    -1.8972     -2.392     0.0095    -0.8995 -9.990e-29
 242.697153     -2.401   0.005694    15.0528    -1.8972     -2.381     0.0095    -0.8996 -9.990e-29
 242.697159     -2.388   0.005694    15.0532    -1.8974     -2.368     0.0095    -0.8997 -9.990e-29
 242.697164     -2.371   0.005694    15.0543    -1.8975     -2.351     0.0095    -0.8999 -9.990e-29
 242.697170     -2.355   0.005694    15.0562    -1.8976     -2.335     0.0095    -0.9001 -9.990e-29
 242.697176     -2.342   0.005694    15.0585    -1.8977     -2.322     0.0095    -0.9005 -9.990e-29
 242.697182     -2.332   0.005695    15.0612    -1.8978     -2.313     0.0095    -0.9009 -9.990e-29
 242.697188     -2.324   0.005695    15.0648    -1.8979     -2.305     0.0095    -0.9014 -9.990e-29
 242.697193     -2.318   0.005695    15.0692    -1.8981     -2.299     0.0095    -0.9021 -9.990e-29
 242.697199     -2.313   0.005695    15.0728    -1.8981     -2.294     0.0095    -0.9027 -9.990e-29
 242.697205     -2.304   0.005695    15.0734    -1.8982     -2.285     0.0095    -0.9027 -9.990e-29
 242.697211     -2.292   0.005695    15.0710    -1.8981     -2.273     0.0095    -0.9024 -9.990e-29
 242.697216     -2.283   0.005695    15.0678    -1.8981     -2.264     0.0095    -0.9019 -9.990e-29
 242.697222     -2.277   0.005695    15.0652    -1.8981     -2.258     0.0095    -0.9015 -9.990e-29
 242.697228     -2.266   0.005695    15.0631    -1.8980     -2.247     0.0095    -0.9012 -9.990e-29
 242.697234     -2.249   0.005695    15.0609    -1.8981     -2.230     0.0095    -0.9009 -9.990e-29
 242.697240     -2.232   0.005696    15.0586    -1.8980     -2.213     0.0095    -0.9005 -9.990e-29
 242.697245     -2.220   0.005696    15.0565    -1.8981     -2.201     0.0095    -0.9002 -9.990e-29
 242.697251     -2.211   0.005696    15.0550    -1.8981     -2.193     0.0095    -0.9000 -9.990e-29
 242.697257     -2.206   0.005696    15.0541    -1.8981     -2.188     0.0095    -0.8998 -9.990e-29
 242.697263     -2.203   0.005696    15.0539    -1.8981     -2.185     0.0095    -0.8998 -9.990e-29
