data/oxygen options/OCNMS/OCNMS1/raw_data/2017/CAST_CE015_170630faed.cnv
* Sea-Bird SBE19 Data File:
* FileName = C:\2017 Mooring Data\Casts\CAST_CE015_170630.hex
* Software Version 1.59
* Temperature SN = 2997
* Conductivity SN = 2997
* System UpLoad Time = Jun 30 2017 18:01:42
** CAST_CE015_170630
* ds
# nquan = 9                                 
# nvalues = 828                         
# units = specified
# name 0 = timeJ: Julian Days
# name 1 = prSM: Pressure, Strain Gauge [db]
# name 2 = c0mS/cm: Conductivity [mS/cm]
# name 3 = t090C: Temperature [ITS-90, deg C]
# name 4 = sbeox0ML/L: Oxygen, SBE 43 [ml/l]
# name 5 = depSM: Depth [salt water, m], lat = 47.5
# name 6 = sal00: Salinity, Practical [PSU]
# name 7 = sigma-é00: Density [sigma-theta, kg/m^3]
# name 8 = flag: flag
# span 0 = 181.704757, 181.709543       
# span 1 =     -5.355,     13.551       
# span 2 =   0.288922,  36.771353       
# span 3 =     9.5289,    12.7960       
# span 4 =    -1.9969,    12.6944       
# span 5 =     -5.310,     13.437       
# span 6 =     0.1824,    32.7570       
# span 7 =    -0.4390,    25.2779       
# span 8 = 0.0000e+00, 0.0000e+00       
# interval = seconds: 0.5
# start_time = Jun 30 2017 16:54:51 [Instrument's time stamp, header]
# bad_flag = -9.990e-29
*END*
 181.704757     -5.355 -9.990e-29    12.6658    -1.9948     -5.310 -9.990e-29 -9.990e-29 -9.990e-29
 181.704763     -5.343   0.288922    12.6701    -1.9948     -5.298     0.1824    -0.4376 -9.990e-29
 181.704769     -5.328   0.288942    12.6743    -1.9946     -5.284     0.1824    -0.4381 -9.990e-29
 181.704774     -5.308   0.289001    12.6778    -1.9945     -5.264     0.1824    -0.4385 -9.990e-29
 181.704780     -5.283   0.289179    12.6806    -1.9946     -5.239     0.1825    -0.4388 -9.990e-29
 181.704786     -5.255   0.289529    12.6824    -1.9947     -5.211     0.1827    -0.4388 -9.990e-29
 181.704792     -5.226   0.289961    12.6830    -1.9946     -5.182     0.1830    -0.4387 -9.990e-29
 181.704797     -5.195   0.290314    12.6835    -1.9946     -5.152     0.1832    -0.4386 -9.990e-29
 181.704803     -5.164   0.290504    12.6846    -1.9946     -5.121     0.1833    -0.4386 -9.990e-29
 181.704809     -5.135   0.290603    12.6861    -1.9947     -5.092     0.1834    -0.4388 -9.990e-29
 181.704815     -5.106   0.290743    12.6879    -1.9948     -5.063     0.1835    -0.4389 -9.990e-29
 181.704821     -5.076   0.291110    12.6904    -1.9949     -5.034     0.1837    -0.4390 -9.990e-29
 181.704826     -5.043   0.291640    12.6923    -1.9949     -5.001     0.1840    -0.4390 -9.990e-29
 181.704832     -5.009   0.291932    12.6925    -1.9950     -4.967     0.1842    -0.4389 -9.990e-29
 181.704838     -4.976   0.291821    12.6921    -1.9950     -4.935     0.1842    -0.4389 -9.990e-29
 181.704844     -4.942   0.291714    12.6922    -1.9949     -4.901     0.1841    -0.4390 -9.990e-29
 181.704850     -4.908   0.292023    12.6922    -1.9950     -4.867     0.1843    -0.4388 -9.990e-29
 181.704855     -4.878   0.292605    12.6918    -1.9950     -4.837     0.1847    -0.4385 -9.990e-29
 181.704861     -4.849   0.293130    12.6905    -1.9950     -4.809     0.1850    -0.4380 -9.990e-29
 181.704867     -4.824   0.293190    12.6886    -1.9950     -4.784     0.1851    -0.4378 -9.990e-29
 181.704873     -4.805   0.292863    12.6868    -1.9949     -4.765     0.1849    -0.4377 -9.990e-29
 181.704878     -4.787   0.292823    12.6855    -1.9949     -4.747     0.1848    -0.4376 -9.990e-29
 181.704884     -4.764   0.293572    12.6848    -1.9952     -4.724     0.1853    -0.4371 -9.990e-29
 181.704890     -4.735   0.294999    12.6849    -1.9953     -4.696     0.1862    -0.4364 -9.990e-29
 181.704896     -4.703   0.296239    12.6853    -1.9955     -4.664     0.1870    -0.4358 -9.990e-29
 181.704902     -4.674   0.296728    12.6853    -1.9956     -4.635     0.1874    -0.4356 -9.990e-29
 181.704907     -4.645   0.296563    12.6853    -1.9957     -4.606     0.1872    -0.4357 -9.990e-29
 181.704913     -4.612   0.296081    12.6857    -1.9957     -4.574     0.1869    -0.4359 -9.990e-29
 181.704919     -4.576   0.295748    12.6861    -1.9957     -4.538     0.1867    -0.4362 -9.990e-29
 181.704925     -4.543   0.295673    12.6859    -1.9957     -4.505     0.1867    -0.4362 -9.990e-29
 181.704931     -4.516   0.295757    12.6845    -1.9958     -4.478     0.1867    -0.4360 -9.990e-29
 181.704936     -4.489   0.296114    12.6818    -1.9959     -4.452     0.1870    -0.4354 -9.990e-29
 181.704942     -4.459   0.296664    12.6787    -1.9959     -4.422     0.1873    -0.4348 -9.990e-29
 181.704948     -4.430   0.297033    12.6759    -1.9958     -4.393     0.1876    -0.4342 -9.990e-29
 181.704954     -4.400   0.297160    12.6737    -1.9954     -4.363     0.1877    -0.4339 -9.990e-29
 181.704959     -4.370   0.297214    12.6722    -1.9953     -4.334     0.1877    -0.4337 -9.990e-29
 181.704965     -4.343   0.297268    12.6711    -1.9952     -4.307     0.1878    -0.4335 -9.990e-29
 181.704971     -4.318   0.297396    12.6701    -1.9952     -4.282     0.1879    -0.4333 -9.990e-29
 181.704977     -4.292   0.297766    12.6693    -1.9950     -4.256     0.1881    -0.4330 -9.990e-29
 181.704983     -4.265   0.298319    12.6685    -1.9950     -4.229     0.1885    -0.4326 -9.990e-29
 181.704988     -4.234   0.298683    12.6678    -1.9951     -4.199     0.1887    -0.4324 -9.990e-29
 181.704994     -4.202   0.298792    12.6685    -1.9953     -4.167     0.1888    -0.4324 -9.990e-29
 181.705000     -4.171   0.298792    12.6717    -1.9954     -4.136     0.1887    -0.4328 -9.990e-29
 181.705006     -4.140   0.298683    12.6762    -1.9954     -4.105     0.1887    -0.4334 -9.990e-29
 181.705012     -4.110   0.298319    12.6797    -1.9955     -4.076     0.1884    -0.4341 -9.990e-29
 181.705017     -4.083   0.297770    12.6822    -1.9954     -4.049     0.1880    -0.4346 -9.990e-29
 181.705023     -4.059   0.297415    12.6843    -1.9953     -4.025     0.1878    -0.4351 -9.990e-29
 181.705029     -4.035   0.297333    12.6859    -1.9952     -4.001     0.1877    -0.4353 -9.990e-29
 181.705035     -4.010   0.297415    12.6862    -1.9950     -3.977     0.1878    -0.4353 -9.990e-29
 181.705041     -3.983   0.297771    12.6850    -1.9949     -3.950     0.1880    -0.4350 -9.990e-29
 181.705046     -3.952   0.298322    12.6830    -1.9949     -3.919     0.1884    -0.4345 -9.990e-29
 181.705052     -3.918   0.298696    12.6813    -1.9948     -3.885     0.1886    -0.4341 -9.990e-29
 181.705058     -3.889   0.298836    12.6801    -1.9948     -3.857     0.1887    -0.4338 -9.990e-29
 181.705064     -3.867   0.298931    12.6794    -1.9948     -3.835     0.1888    -0.4337 -9.990e-29
 181.705069     -3.850   0.299109    12.6797    -1.9948     -3.818     0.1889    -0.4337 -9.990e-29
 181.705075     -3.838   0.299607    12.6812    -1.9948     -3.806     0.1892    -0.4336 -9.990e-29
 181.705081     -3.829   0.300533    12.6836    -1.9949     -3.797     0.1898    -0.4334 -9.990e-29
 181.705087     -3.819   0.301461    12.6866    -1.9949     -3.787     0.1904    -0.4333 -9.990e-29
 181.705093     -3.803   0.301967    12.6890    -1.9948     -3.771     0.1907    -0.4334 -9.990e-29
 181.705098     -3.785   0.302172    12.6904    -1.9948     -3.753     0.1908    -0.4335 -9.990e-29
 181.705104     -3.766   0.302350    12.6915    -1.9949     -3.735     0.1909    -0.4335 -9.990e-29
 181.705110     -3.746   0.302737    12.6925    -1.9950     -3.715     0.1912    -0.4334 -9.990e-29
 181.705116     -3.725   0.303297    12.6929    -1.9951     -3.694     0.1915    -0.4332 -9.990e-29
 181.705122     -3.704   0.303668    12.6927    -1.9952     -3.673     0.1918    -0.4330 -9.990e-29
 181.705127     -3.686   0.303791    12.6922    -1.9953     -3.655     0.1919    -0.4329 -9.990e-29
 181.705133     -3.667   0.303832    12.6918    -1.9954     -3.636     0.1919    -0.4328 -9.990e-29
 181.705139     -3.641   0.303846    12.6921    -1.9954     -3.611     0.1919    -0.4328 -9.990e-29
 181.705145     -3.610   0.303850    12.6926    -1.9954     -3.580     0.1919    -0.4329 -9.990e-29
 181.705150     -3.581   0.303851    12.6923    -1.9953     -3.551     0.1919    -0.4329 -9.990e-29
 181.705156     -3.556   0.303851    12.6911    -1.9953     -3.526     0.1919    -0.4327 -9.990e-29
 181.705162     -3.534   0.303850    12.6894    -1.9953     -3.505     0.1919    -0.4325 -9.990e-29
 181.705168     -3.514   0.303847    12.6874    -1.9953     -3.485     0.1919    -0.4322 -9.990e-29
 181.705174     -3.493   0.303840    12.6853    -1.9954     -3.464     0.1919    -0.4320 -9.990e-29
 181.705179     -3.471   0.303818    12.6835    -1.9954     -3.442     0.1919    -0.4318 -9.990e-29
 181.705185     -3.447   0.303753    12.6826    -1.9951     -3.418     0.1919    -0.4317 -9.990e-29
 181.705191     -3.423   0.303560    12.6821    -1.9946     -3.394     0.1918    -0.4317 -9.990e-29
 181.705197     -3.406   0.303535    12.6817    -1.9943     -3.378     0.1918    -0.4317 -9.990e-29
 181.705203     -3.396   0.304198    12.6816    -1.9942     -3.368     0.1922    -0.4313 -9.990e-29
 181.705208     -3.382   0.305327    12.6819    -1.9941     -3.354     0.1929    -0.4308 -9.990e-29
 181.705214     -3.360   0.306209    12.6824    -1.9935     -3.332     0.1935    -0.4304 -9.990e-29
 181.705220     -3.332   0.306359    12.6827    -1.9933     -3.304     0.1936    -0.4304 -9.990e-29
 181.705226     -3.306   0.305980    12.6832    -1.9930     -3.278     0.1933    -0.4306 -9.990e-29
 181.705231     -3.284   0.305674    12.6854    -1.9930     -3.257     0.1931    -0.4311 -9.990e-29
 181.705237     -3.265   0.305586    12.6904    -1.9928     -3.238     0.1930    -0.4317 -9.990e-29
 181.705243     -3.247   0.305599    12.6974    -1.9927     -3.220     0.1930    -0.4326 -9.990e-29
 181.705249     -3.230   0.305732    12.7039    -1.9927     -3.203     0.1931    -0.4334 -9.990e-29
 181.705255     -3.212   0.306163    12.7082    -1.9926     -3.185     0.1933    -0.4337 -9.990e-29
 181.705260     -3.196   0.308023    12.7099    -1.9926     -3.169     0.1945    -0.4330 -9.990e-29
 181.705266     -3.185   0.314898    12.7098    -1.9923     -3.158     0.1990    -0.4295 -9.990e-29
 181.705272     -3.176   0.336512    12.7089    -1.9919     -3.150     0.2129    -0.4185 -9.990e-29
 181.705278     -3.162   0.374526    12.7077    -1.9915     -3.136     0.2377    -0.3991 -9.990e-29
 181.705284     -3.143   0.413676    12.7062    -1.9910     -3.117     0.2632    -0.3789 -9.990e-29
 181.705289     -3.122   0.445751    12.7048    -1.9908     -3.096     0.2843    -0.3623 -9.990e-29
 181.705295     -3.102   0.473058    12.7036    -1.9907     -3.076     0.3023    -0.3482 -9.990e-29
 181.705301     -3.082   0.495980    12.7025    -1.9909     -3.056     0.3174    -0.3362 -9.990e-29
 181.705307     -3.064   0.514042    12.7014    -1.9908     -3.038     0.3294    -0.3268 -9.990e-29
 181.705312     -3.048   0.528603    12.7008    -1.9909     -3.023     0.3390    -0.3192 -9.990e-29
 181.705318     -3.028   0.544115    12.7014    -1.9908     -3.003     0.3493    -0.3112 -9.990e-29
 181.705324     -3.007   0.565742    12.7030    -1.9909     -2.982     0.3637    -0.3002 -9.990e-29
 181.705330     -2.989   0.594605    12.7044    -1.9907     -2.964     0.3829    -0.2854 -9.990e-29
 181.705336     -2.971   0.628725    12.7050    -1.9907     -2.946     0.4057    -0.2677 -9.990e-29
 181.705341     -2.953   0.667036    12.7049    -1.9906     -2.928     0.4313    -0.2477 -9.990e-29
 181.705347     -2.934   0.705189    12.7045    -1.9904     -2.910     0.4570    -0.2277 -9.990e-29
 181.705353     -2.912   0.734189    12.7039    -1.9903     -2.888     0.4765    -0.2124 -9.990e-29
 181.705359     -2.891   0.748912    12.7036    -1.9902     -2.867     0.4865    -0.2046 -9.990e-29
 181.705365     -2.874   0.752360    12.7038    -1.9902     -2.850     0.4888    -0.2028 -9.990e-29
 181.705370     -2.854   0.751351    12.7047    -1.9902     -2.830     0.4881    -0.2035 -9.990e-29
 181.705376     -2.831   0.750636    12.7062    -1.9904     -2.807     0.4876    -0.2041 -9.990e-29
 181.705382     -2.812   0.749819    12.7085    -1.9908     -2.789     0.4870    -0.2048 -9.990e-29
 181.705388     -2.795   0.746146    12.7115    -1.9910     -2.772     0.4845    -0.2071 -9.990e-29
 181.705394     -2.776   0.739710    12.7151    -1.9907     -2.753     0.4801    -0.2110 -9.990e-29
 181.705399     -2.757   0.733017    12.7192    -1.9906     -2.734     0.4755    -0.2151 -9.990e-29
 181.705405     -2.741   0.727123    12.7230    -1.9907     -2.718     0.4715    -0.2187 -9.990e-29
 181.705411     -2.728   0.721379    12.7256    -1.9907     -2.705     0.4676    -0.2220 -9.990e-29
 181.705417     -2.716   0.715333    12.7264    -1.9905     -2.693     0.4635    -0.2253 -9.990e-29
 181.705422     -2.705   0.709238    12.7252    -1.9903     -2.682     0.4595    -0.2283 -9.990e-29
 181.705428     -2.694   0.704391    12.7220    -1.9901     -2.672     0.4562    -0.2305 -9.990e-29
 181.705434     -2.683   0.701537    12.7183    -1.9898     -2.661     0.4544    -0.2315 -9.990e-29
 181.705440     -2.670   0.699090    12.7163    -1.9897     -2.648     0.4527    -0.2325 -9.990e-29
 181.705446     -2.656   0.696559    12.7165    -1.9898     -2.634     0.4510    -0.2338 -9.990e-29
 181.705451     -2.638   0.696670    12.7172    -1.9898     -2.616     0.4511    -0.2339 -9.990e-29
 181.705457     -2.616   0.700679    12.7178    -1.9897     -2.594     0.4538    -0.2318 -9.990e-29
 181.705463     -2.593   0.705617    12.7191    -1.9899     -2.571     0.4571    -0.2294 -9.990e-29
 181.705469     -2.576   0.708093    12.7215    -1.9899     -2.555     0.4587    -0.2285 -9.990e-29
 181.705475     -2.563   0.709191    12.7246    -1.9899     -2.542     0.4594    -0.2283 -9.990e-29
 181.705480     -2.551   0.712225    12.7281    -1.9899     -2.530     0.4614    -0.2272 -9.990e-29
 181.705486     -2.537   0.717363    12.7312    -1.9902     -2.516     0.4648    -0.2249 -9.990e-29
 181.705492     -2.521   0.723328    12.7329    -1.9904     -2.500     0.4688    -0.2220 -9.990e-29
 181.705498     -2.506   0.728645    12.7329    -1.9907     -2.485     0.4724    -0.2192 -9.990e-29
 181.705503     -2.496   0.731720    12.7323    -1.9909     -2.475     0.4745    -0.2175 -9.990e-29
 181.705509     -2.489   0.733326    12.7315    -1.9908     -2.468     0.4756    -0.2166 -9.990e-29
 181.705515     -2.482   0.735048    12.7303    -1.9909     -2.461     0.4768    -0.2155 -9.990e-29
 181.705521     -2.470   0.736968    12.7287    -1.9907     -2.449     0.4781    -0.2143 -9.990e-29
 181.705527     -2.455   0.739428    12.7269    -1.9908     -2.435     0.4798    -0.2127 -9.990e-29
 181.705532     -2.442   0.744047    12.7243    -1.9911     -2.422     0.4829    -0.2100 -9.990e-29
 181.705538     -2.430   0.750331    12.7208    -1.9911     -2.410     0.4872    -0.2062 -9.990e-29
 181.705544     -2.417   0.754463    12.7168    -1.9909     -2.397     0.4900    -0.2035 -9.990e-29
 181.705550     -2.402   0.753637    12.7129    -1.9911     -2.382     0.4895    -0.2034 -9.990e-29
 181.705556     -2.386   0.748971    12.7099    -1.9913     -2.366     0.4864    -0.2054 -9.990e-29
 181.705561     -2.367   0.744221    12.7082    -1.9914     -2.347     0.4832    -0.2077 -9.990e-29
 181.705567     -2.344   0.743585    12.7077    -1.9916     -2.324     0.4828    -0.2080 -9.990e-29
 181.705573     -2.319   0.747325    12.7081    -1.9915     -2.300     0.4853    -0.2061 -9.990e-29
 181.705579     -2.295   0.749894    12.7084    -1.9914     -2.276     0.4871    -0.2047 -9.990e-29
 181.705584     -2.271   0.746403    12.7080    -1.9912     -2.252     0.4847    -0.2065 -9.990e-29
 181.705590     -2.250   0.737741    12.7079    -1.9909     -2.231     0.4789    -0.2111 -9.990e-29
 181.705596     -2.234   0.728990    12.7076    -1.9910     -2.215     0.4730    -0.2156 -9.990e-29
 181.705602     -2.222   0.724555    12.7060    -1.9913     -2.203     0.4700    -0.2177 -9.990e-29
 181.705608     -2.214   0.723514    12.7041    -1.9912     -2.196     0.4693    -0.2180 -9.990e-29
 181.705613     -2.205   0.721152    12.7029    -1.9911     -2.187     0.4677    -0.2191 -9.990e-29
 181.705619     -2.189   0.715428    12.7021    -1.9908     -2.171     0.4639    -0.2220 -9.990e-29
 181.705625     -2.172   0.709243    12.7019    -1.9910     -2.154     0.4597    -0.2252 -9.990e-29
 181.705631     -2.154   0.707099    12.7028    -1.9911     -2.136     0.4583    -0.2265 -9.990e-29
 181.705637     -2.136   0.711127    12.7050    -1.9913     -2.118     0.4610    -0.2247 -9.990e-29
 181.705642     -2.120   0.718937    12.7078    -1.9917     -2.102     0.4662    -0.2209 -9.990e-29
 181.705648     -2.110   0.724312    12.7098    -1.9916     -2.092     0.4698    -0.2184 -9.990e-29
 181.705654     -2.101   0.721671    12.7107    -1.9915     -2.083     0.4680    -0.2199 -9.990e-29
 181.705660     -2.092   0.711929    12.7118    -1.9915     -2.075     0.4614    -0.2251 -9.990e-29
 181.705666     -2.087   0.701496    12.7140    -1.9916     -2.070     0.4544    -0.2309 -9.990e-29
 181.705671     -2.081   0.694753    12.7162    -1.9916     -2.064     0.4498    -0.2347 -9.990e-29
 181.705677     -2.070   0.691026    12.7168    -1.9917     -2.053     0.4473    -0.2368 -9.990e-29
