data/oxygen options/OCNMS/OCNMS1/raw_data/2017/CAST_CE015_170726faed.cnv
* Sea-Bird SBE 19 Data File:
* FileName = C:\2017 Mooring Data\Casts\CAST_CE015_170726.hex
* Software Version SeatermAF 2.1.2
* Temperature SN = 2997
* Conductivity SN = 2997
* System UpLoad Time = Jul 26 2017 22:11:52 (localtime) = Jul 26 2017 22:11:52 (UTC)
** CAST_CE015_170726
* ds
# nquan = 9                                 
# nvalues = 938                         
# units = specified
# name 0 = timeJ: Julian Days
# name 1 = prSM: Pressure, Strain Gauge [db]
# name 2 = c0mS/cm: Conductivity [mS/cm]
# name 3 = t090C: Temperature [ITS-90, deg C]
# name 4 = sbeox0ML/L: Oxygen, SBE 43 [ml/l]
# name 5 = depSM: Depth [salt water, m], lat = 47.5
# name 6 = sal00: Salinity, Practical [PSU]
# name 7 = sigma-é00: Density [sigma-theta, kg/m^3]
# name 8 = flag: flag
# span 0 = 207.886146, 207.891568       
# span 1 =     -4.833,     13.211       
# span 2 =   0.573538,  38.273971       
# span 3 =     8.3529,    16.6161       
# span 4 =    -1.8723,    10.1217       
# span 5 =     -4.793,     13.100       
# span 6 =     0.3424,    34.2147       
# span 7 =    -0.8316,    26.1602       
# span 8 = 0.0000e+00, 0.0000e+00       
# interval = seconds: 0.5
# start_time = Jul 26 2017 21:16:03 [Instrument's time stamp, header]
# bad_flag = -9.990e-29
*END*
[from data line 321]
 207.888003     -0.728   0.610646    16.2071    -1.8494     -0.722     0.3608    -0.8108 -9.990e-29
 207.888009     -0.710   0.610003    16.2289    -1.8503     -0.704     0.3603    -0.8148 -9.990e-29
 207.888015     -0.699   0.608517    16.2458    -1.8522     -0.693     0.3592    -0.8185 -9.990e-29
 207.888021     -0.692   0.606975    16.2559    -1.8545     -0.686     0.3582    -0.8209 -9.990e-29
 207.888027     -0.687   0.606091    16.2621    -1.8556     -0.681     0.3576    -0.8224 -9.990e-29
 207.888032     -0.681   0.605795    16.2660    -1.8558     -0.675     0.3574    -0.8232 -9.990e-29
 207.888038     -0.675   0.605692    16.2629    -1.8553     -0.669     0.3573    -0.8227 -9.990e-29
 207.888044     -0.674   0.605644    16.2502    -1.8550     -0.668     0.3574    -0.8206 -9.990e-29
 207.888050     -0.680   0.605587    16.2325    -1.8547     -0.674     0.3575    -0.8175 -9.990e-29
 207.888056     -0.690   0.605446    16.2123    -1.8546     -0.684     0.3576    -0.8141 -9.990e-29
 207.888061     -0.697   0.605033    16.1842    -1.8541     -0.691     0.3576    -0.8095 -9.990e-29
 207.888067     -0.695   0.604349    16.1453    -1.8552     -0.689     0.3575    -0.8031 -9.990e-29
 207.888073     -0.690   0.603591    16.1051    -1.8570     -0.684     0.3574    -0.7966 -9.990e-29
 207.888079     -0.686   0.602856    16.0775    -1.8579     -0.680     0.3572    -0.7922 -9.990e-29
 207.888084     -0.682   0.602272    16.0670    -1.8592     -0.676     0.3569    -0.7907 -9.990e-29
 207.888090     -0.678   0.601616    16.0685    -1.8608     -0.672     0.3565    -0.7913 -9.990e-29
 207.888096     -0.673   0.600565    16.0745    -1.8616     -0.667     0.3558    -0.7928 -9.990e-29
 207.888102     -0.668   0.599379    16.0800    -1.8608     -0.662     0.3550    -0.7943 -9.990e-29
 207.888108     -0.662   0.598695    16.0831    -1.8608     -0.656     0.3546    -0.7951 -9.990e-29
 207.888113     -0.655   0.598708    16.0783    -1.8609     -0.650     0.3546    -0.7943 -9.990e-29
 207.888119     -0.646   0.598881    16.0586    -1.8603     -0.641     0.3549    -0.7909 -9.990e-29
 207.888125     -0.639   0.598891    16.0282    -1.8596     -0.634     0.3552    -0.7857 -9.990e-29
 207.888131     -0.637   0.598750    15.9962    -1.8594     -0.632     0.3554    -0.7803 -9.990e-29
 207.888137     -0.642   0.598269    15.9644    -1.8591     -0.637     0.3554    -0.7751 -9.990e-29
 207.888142     -0.648   0.597361    15.9362    -1.8587     -0.643     0.3550    -0.7708 -9.990e-29
 207.888148     -0.647   0.596477    15.9210    -1.8583     -0.642     0.3546    -0.7687 -9.990e-29
 207.888154     -0.640   0.596100    15.9195    -1.8576     -0.635     0.3544    -0.7686 -9.990e-29
 207.888160     -0.630   0.596281    15.9227    -1.8572     -0.625     0.3545    -0.7690 -9.990e-29
 207.888166     -0.616   0.596708    15.9282    -1.8569     -0.611     0.3547    -0.7698 -9.990e-29
 207.888171     -0.603   0.596843    15.9386    -1.8567     -0.598     0.3547    -0.7715 -9.990e-29
 207.888177     -0.593   0.596310    15.9510    -1.8567     -0.588     0.3543    -0.7738 -9.990e-29
 207.888183     -0.582   0.594951    15.9617    -1.8570     -0.577     0.3533    -0.7763 -9.990e-29
 207.888189     -0.568   0.593172    15.9711    -1.8567     -0.563     0.3522    -0.7787 -9.990e-29
 207.888194     -0.561   0.591924    15.9810    -1.8566     -0.556     0.3513    -0.7810 -9.990e-29
 207.888200     -0.558   0.591761    15.9924    -1.8564     -0.553     0.3511    -0.7830 -9.990e-29
 207.888206     -0.556   0.592464    16.0049    -1.8563     -0.551     0.3515    -0.7848 -9.990e-29
 207.888212     -0.554   0.593308    16.0158    -1.8558     -0.549     0.3519    -0.7862 -9.990e-29
 207.888218     -0.552   0.593757    16.0235    -1.8557     -0.547     0.3521    -0.7873 -9.990e-29
 207.888223     -0.551   0.593855    16.0283    -1.8557     -0.546     0.3521    -0.7881 -9.990e-29
 207.888229     -0.551   0.593731    16.0298    -1.8550     -0.546     0.3520    -0.7884 -9.990e-29
 207.888235     -0.550   0.593221    16.0302    -1.8547     -0.545     0.3517    -0.7887 -9.990e-29
 207.888241     -0.549   0.592198    16.0327    -1.8546     -0.544     0.3511    -0.7896 -9.990e-29
 207.888247     -0.549   0.590960    16.0367    -1.8546     -0.544     0.3503    -0.7909 -9.990e-29
 207.888252     -0.548   0.590073    16.0412    -1.8545     -0.543     0.3497    -0.7921 -9.990e-29
 207.888258     -0.548   0.589831    16.0470    -1.8541     -0.543     0.3495    -0.7932 -9.990e-29
 207.888264     -0.548   0.589911    16.0538    -1.8545     -0.543     0.3495    -0.7943 -9.990e-29
 207.888270     -0.547   0.589682    16.0598    -1.8550     -0.542     0.3493    -0.7954 -9.990e-29
 207.888275     -0.547   0.588837    16.0664    -1.8554     -0.542     0.3487    -0.7969 -9.990e-29
 207.888281     -0.546   0.587725    16.0751    -1.8558     -0.541     0.3480    -0.7989 -9.990e-29
 207.888287     -0.545   0.587082    16.0826    -1.8563     -0.540     0.3475    -0.8005 -9.990e-29
 207.888293     -0.544   0.587156    16.0869    -1.8559     -0.539     0.3475    -0.8012 -9.990e-29
 207.888299     -0.543   0.587494    16.0892    -1.8553     -0.538     0.3477    -0.8015 -9.990e-29
 207.888304     -0.542   0.587991    16.0914    -1.8544     -0.537     0.3480    -0.8016 -9.990e-29
 207.888310     -0.540   0.588753    16.0918    -1.8546     -0.535     0.3484    -0.8013 -9.990e-29
 207.888316     -0.538   0.589133    16.0870    -1.8544     -0.534     0.3487    -0.8003 -9.990e-29
 207.888322     -0.536   0.588529    16.0782    -1.8545     -0.532     0.3484    -0.7991 -9.990e-29
 207.888328     -0.532   0.587243    16.0690    -1.8552     -0.528     0.3477    -0.7981 -9.990e-29
 207.888333     -0.527   0.585779    16.0611    -1.8558     -0.523     0.3469    -0.7975 -9.990e-29
 207.888339     -0.521   0.584400    16.0575    -1.8561     -0.517     0.3461    -0.7975 -9.990e-29
 207.888345     -0.518   0.583483    16.0617    -1.8566     -0.514     0.3455    -0.7987 -9.990e-29
 207.888351     -0.521   0.583467    16.0724    -1.8566     -0.517     0.3454    -0.8005 -9.990e-29
 207.888356     -0.527   0.584328    16.0827    -1.8563     -0.523     0.3458    -0.8018 -9.990e-29
 207.888362     -0.532   0.585552    16.0874    -1.8568     -0.528     0.3465    -0.8021 -9.990e-29
 207.888368     -0.535   0.586554    16.0877    -1.8573     -0.531     0.3471    -0.8016 -9.990e-29
 207.888374     -0.538   0.587009    16.0831    -1.8579     -0.534     0.3475    -0.8007 -9.990e-29
 207.888380     -0.540   0.586966    16.0725    -1.8586     -0.535     0.3475    -0.7989 -9.990e-29
 207.888385     -0.542   0.586369    16.0605    -1.8595     -0.537     0.3473    -0.7971 -9.990e-29
 207.888391     -0.543   0.584975    16.0503    -1.8602     -0.538     0.3465    -0.7960 -9.990e-29
 207.888397     -0.544   0.583141    16.0425    -1.8608     -0.539     0.3454    -0.7956 -9.990e-29
 207.888403     -0.544   0.581745    16.0386    -1.8616     -0.539     0.3446    -0.7956 -9.990e-29
 207.888409     -0.545   0.581143    16.0355    -1.8624     -0.540     0.3443    -0.7953 -9.990e-29
 207.888414     -0.545   0.581087    16.0276    -1.8629     -0.540     0.3443    -0.7940 -9.990e-29
 207.888420     -0.545   0.581501    16.0148    -1.8634     -0.540     0.3447    -0.7916 -9.990e-29
 207.888426     -0.544   0.582382    15.9990    -1.8629     -0.539     0.3453    -0.7885 -9.990e-29
 207.888432     -0.544   0.583241    15.9805    -1.8627     -0.539     0.3460    -0.7850 -9.990e-29
 207.888438     -0.543   0.583561    15.9610    -1.8627     -0.538     0.3464    -0.7815 -9.990e-29
 207.888443     -0.542   0.583213    15.9424    -1.8631     -0.537     0.3463    -0.7786 -9.990e-29
 207.888449     -0.540   0.582287    15.9245    -1.8637     -0.535     0.3459    -0.7760 -9.990e-29
 207.888455     -0.538   0.581210    15.9065    -1.8643     -0.534     0.3454    -0.7734 -9.990e-29
 207.888461     -0.536   0.580210    15.8896    -1.8648     -0.532     0.3449    -0.7711 -9.990e-29
 207.888466     -0.532   0.579061    15.8762    -1.8654     -0.528     0.3443    -0.7694 -9.990e-29
 207.888472     -0.528   0.577891    15.8693    -1.8656     -0.524     0.3436    -0.7687 -9.990e-29
 207.888478     -0.522   0.577357    15.8692    -1.8668     -0.518     0.3433    -0.7690 -9.990e-29
 207.888484     -0.514   0.577856    15.8708    -1.8679     -0.510     0.3436    -0.7690 -9.990e-29
 207.888490     -0.505   0.578942    15.8685    -1.8693     -0.501     0.3443    -0.7681 -9.990e-29
 207.888495     -0.493   0.579847    15.8608    -1.8701     -0.489     0.3449    -0.7664 -9.990e-29
 207.888501     -0.481   0.580112    15.8487    -1.8696     -0.477     0.3452    -0.7642 -9.990e-29
 207.888507     -0.474   0.579536    15.8350    -1.8699     -0.470     0.3449    -0.7622 -9.990e-29
 207.888513     -0.466   0.578459    15.8211    -1.8707     -0.462     0.3444    -0.7604 -9.990e-29
 207.888519     -0.457   0.577662    15.8068    -1.8706     -0.453     0.3440    -0.7584 -9.990e-29
 207.888524     -0.456   0.577744    15.7897    -1.8708     -0.452     0.3442    -0.7555 -9.990e-29
 207.888530     -0.461   0.578260    15.7669    -1.8707     -0.457     0.3447    -0.7514 -9.990e-29
 207.888536     -0.465   0.577681    15.7401    -1.8714     -0.461     0.3446    -0.7472 -9.990e-29
 207.888542     -0.464   0.575789    15.7151    -1.8723     -0.460     0.3436    -0.7440 -9.990e-29
 207.888547     -0.457   0.573938    15.6989    -1.8721     -0.453     0.3426    -0.7421 -9.990e-29
 207.888553     -0.449   0.573538    15.6913    -1.8720     -0.445     0.3424    -0.7411 -9.990e-29
 207.888559     -0.444   0.575164    15.6834    -1.8723     -0.440     0.3435    -0.7390 -9.990e-29
 207.888565     -0.440   0.578214    15.6727    -1.7100     -0.436     0.3455    -0.7358 -9.990e-29
 207.888571     -0.438   0.583430    15.6629    -1.6276     -0.434     0.3488    -0.7316 -9.990e-29
 207.888576     -0.433   0.594995    15.6541    -1.6622     -0.429     0.3560    -0.7247 -9.990e-29
 207.888582     -0.421   0.616136    15.6432    -1.6705     -0.417     0.3692    -0.7127 -9.990e-29
 207.888588     -0.400   0.645668    15.6268    -1.6735     -0.397     0.3877    -0.6959 -9.990e-29
 207.888594     -0.370   0.688053    15.6054    -1.6709     -0.367     0.4142    -0.6719 -9.990e-29
 207.888600     -0.334   0.773202    15.5723    -1.6690     -0.331     0.4679    -0.6252 -9.990e-29
 207.888605     -0.296   0.996357    15.4887    -1.6656     -0.294     0.6104    -0.5020 -9.990e-29
 207.888611     -0.259   1.640651    15.2460    -1.6691     -0.257     1.0348    -0.1364 -9.990e-29
 207.888617     -0.222   3.550732    14.5304    -1.6698     -0.220     2.3803     1.0105 -9.990e-29
 207.888623     -0.180   9.255082    13.3009    -1.6703     -0.178     6.8393     4.6266 -9.990e-29
 207.888628     -0.133  19.721783    12.1734    -1.6675     -0.132    15.9863    11.8446 -9.990e-29
 207.888634     -0.076  29.891616    11.5479    -1.6699     -0.075    25.6460    19.4135 -9.990e-29
 207.888640     -0.006  35.193080    11.2758    -1.6718     -0.006    30.9505    23.5760 -9.990e-29
 207.888646      0.077  36.967305    11.1641    -1.6721      0.076    32.7887    25.0248 -9.990e-29
 207.888652      0.166  37.625160    11.1278    -1.6708      0.165    33.4718    25.5628 -9.990e-29
 207.888657      0.248  37.981000    11.1370    -1.6702      0.246    33.8161    25.8290 -9.990e-29
 207.888663      0.317  38.212959    11.1723    -1.6712      0.314    34.0136    25.9764 -9.990e-29
 207.888669      0.373  38.272386    11.2074    -1.6729      0.370    34.0401    25.9906 -9.990e-29
 207.888675      0.418  38.149987    11.2235    -1.6736      0.415    33.9039    25.8817 -9.990e-29
 207.888681      0.457  37.998976    11.2275    -1.6754      0.453    33.7507    25.7618 -9.990e-29
 207.888686      0.486  37.951774    11.2170    -1.6772      0.482    33.7136    25.7348 -9.990e-29
 207.888692      0.500  37.947089    11.1883    -1.6779      0.496    33.7353    25.7569 -9.990e-29
 207.888698      0.500  37.909752    11.1494    -1.6773      0.496    33.7340    25.7629 -9.990e-29
 207.888704      0.497  37.887947    11.0987    -1.6718      0.493    33.7589    25.7914 -9.990e-29
 207.888709      0.501  37.950005    11.0416    -1.6705      0.497    33.8731    25.8906 -9.990e-29
 207.888715      0.508  38.095177    11.0042    -1.6752      0.504    34.0523    26.0367 -9.990e-29
 207.888721      0.513  38.239745    11.0050    -1.6788      0.509    34.1956    26.1482 -9.990e-29
 207.888727      0.517  38.273971    11.0210    -1.6794      0.513    34.2147    26.1602 -9.990e-29
 207.888733      0.520  38.172872    11.0179    -1.6727      0.516    34.1169    26.0846 -9.990e-29
 207.888738      0.523  38.020605    11.0006    -1.6721      0.519    33.9813    25.9821 -9.990e-29
 207.888744      0.525  37.905913    10.9895    -1.6749      0.521    33.8774    25.9032 -9.990e-29
 207.888750      0.528  37.846651    10.9885    -1.6781      0.524    33.8193    25.8582 -9.990e-29
 207.888756      0.530  37.848886    10.9888    -1.6788      0.526    33.8212    25.8596 -9.990e-29
 207.888762      0.532  37.950281    10.9868    -1.6748      0.528    33.9240    25.9400 -9.990e-29
 207.888767      0.534  38.112371    10.9861    -1.6743      0.530    34.0862    26.0664 -9.990e-29
 207.888773      0.537  38.153586    10.9841    -1.6737      0.533    34.1291    26.1002 -9.990e-29
 207.888779      0.541  38.008422    10.9838    -1.6773      0.536    33.9847    25.9878 -9.990e-29
 207.888785      0.545  37.856296    10.9897    -1.6790      0.540    33.8278    25.8646 -9.990e-29
 207.888791      0.550  37.872934    10.9994    -1.6800      0.545    33.8354    25.8688 -9.990e-29
 207.888796      0.556  38.007670    11.0070    -1.6790      0.551    33.9625    25.9663 -9.990e-29
 207.888802      0.564  38.046393    11.0050    -1.6773      0.559    34.0029    25.9982 -9.990e-29
 207.888808      0.574  37.931488    10.9952    -1.6765      0.569    33.8975    25.9179 -9.990e-29
 207.888814      0.588  37.810466    10.9859    -1.6762      0.583    33.7856    25.8324 -9.990e-29
 207.888819      0.605  37.818194    10.9833    -1.6785      0.600    33.7957    25.8407 -9.990e-29
 207.888825      0.622  37.931328    10.9875    -1.6800      0.617    33.9045    25.9247 -9.990e-29
 207.888831      0.632  38.007766    10.9960    -1.6771      0.627    33.9727    25.9763 -9.990e-29
 207.888837      0.632  37.961205    11.0060    -1.6762      0.627    33.9171    25.9312 -9.990e-29
 207.888843      0.625  37.810734    11.0072    -1.6758      0.620    33.7663    25.8136 -9.990e-29
 207.888848      0.621  37.655318    10.9988    -1.6781      0.616    33.6194    25.7007 -9.990e-29
 207.888854      0.622  37.596842    10.9940    -1.6805      0.617    33.5657    25.6597 -9.990e-29
 207.888860      0.629  37.648585    10.9989    -1.6804      0.624    33.6126    25.6954 -9.990e-29
 207.888866      0.638  37.735007    11.0042    -1.6770      0.633    33.6937    25.7576 -9.990e-29
 207.888872      0.641  37.775285    10.9998    -1.6765      0.636    33.7378    25.7927 -9.990e-29
 207.888877      0.638  37.749159    10.9901    -1.6761      0.633    33.7207    25.7812 -9.990e-29
 207.888883      0.638  37.694565    10.9830    -1.6778      0.633    33.6730    25.7452 -9.990e-29
 207.888889      0.641  37.696600    10.9815    -1.6783      0.636    33.6764    25.7481 -9.990e-29
 207.888895      0.643  37.776419    10.9849    -1.6787      0.638    33.7527    25.8069 -9.990e-29
 207.888900      0.647  37.841589    10.9890    -1.6792      0.642    33.8137    25.8538 -9.990e-29
 207.888906      0.654  37.817109    10.9917    -1.6763      0.649    33.7869    25.8324 -9.990e-29
 207.888912      0.661  37.712305    10.9944    -1.6765      0.655    33.6801    25.7488 -9.990e-29
 207.888918      0.668  37.614218    10.9991    -1.6759      0.662    33.5783    25.6686 -9.990e-29
