data/oxygen options/OCNMS/OCNMS1/raw_data/2017/CAST_CA042_170627faed.cnv
* Sea-Bird SBE19 Data File:
* FileName = C:\2017 Mooring Data\Casts\CAST_CA042_170627.hex
* Software Version 1.59
* Temperature SN = 2997
* Conductivity SN = 2997
* System UpLoad Time = Jun 27 2017 21:07:42
** CAST_CA042_170627
* ds
# nquan = 9                                 
# nvalues = 1323                        
# units = specified
# name 0 = timeJ: Julian Days
# name 1 = prSM: Pressure, Strain Gauge [db]
# name 2 = c0mS/cm: Conductivity [mS/cm]
# name 3 = t090C: Temperature [ITS-90, deg C]
# name 4 = sbeox0ML/L: Oxygen, SBE 43 [ml/l]
# name 5 = depSM: Depth [salt water, m], lat = 47.5
# name 6 = sal00: Salinity, Practical [PSU]
# name 7 = sigma-é00: Density [sigma-theta, kg/m^3]
# name 8 = flag: flag
# span 0 = 178.851111, 178.858762       
# span 1 =     -5.904,     42.546       
# span 2 =   0.247365,  36.701726       
# span 3 =     8.3905,    14.0453       
# span 4 =    -1.9973,    14.6834       
# span 5 =     -5.855,     42.187       
# span 6 =     0.1515,    33.1996       
# span 7 =    -0.6331,    25.8021       
# span 8 = 0.0000e+00, 0.0000e+00       
# interval = seconds: 0.5
# start_time = Jun 27 2017 20:25:36 [Instrument's time stamp, header]
# bad_flag = -9.990e-29
*END*
[from data line 481]
 178.853895     -0.812   0.309724    13.8574    -1.9459     -0.805     0.1902    -0.5863 -9.990e-29
 178.853900     -0.810   0.308649    13.8602    -1.9463     -0.803     0.1895    -0.5872 -9.990e-29
 178.853906     -0.809   0.307618    13.8644    -1.9465     -0.802     0.1889    -0.5883 -9.990e-29
 178.853912     -0.806   0.306917    13.8693    -1.9463     -0.799     0.1884    -0.5893 -9.990e-29
 178.853918     -0.803   0.306353    13.8738    -1.9462     -0.796     0.1880    -0.5902 -9.990e-29
 178.853924     -0.799   0.305728    13.8761    -1.9461     -0.792     0.1876    -0.5909 -9.990e-29
 178.853929     -0.794   0.304946    13.8743    -1.9461     -0.787     0.1871    -0.5910 -9.990e-29
 178.853935     -0.787   0.304072    13.8678    -1.9461     -0.780     0.1866    -0.5905 -9.990e-29
 178.853941     -0.782   0.303230    13.8575    -1.9458     -0.775     0.1862    -0.5894 -9.990e-29
 178.853947     -0.784   0.302407    13.8461    -1.9451     -0.777     0.1857    -0.5882 -9.990e-29
 178.853953     -0.787   0.301610    13.8373    -1.9445     -0.780     0.1852    -0.5874 -9.990e-29
 178.853958     -0.789   0.300886    13.8332    -1.9441     -0.782     0.1848    -0.5872 -9.990e-29
 178.853964     -0.789   0.300375    13.8332    -1.9438     -0.782     0.1845    -0.5874 -9.990e-29
 178.853970     -0.787   0.299950    13.8349    -1.9438     -0.780     0.1842    -0.5879 -9.990e-29
 178.853976     -0.783   0.299595    13.8368    -1.9439     -0.776     0.1840    -0.5883 -9.990e-29
 178.853981     -0.777   0.299391    13.8389    -1.9441     -0.771     0.1838    -0.5887 -9.990e-29
 178.853987     -0.768   0.299065    13.8426    -1.9442     -0.762     0.1836    -0.5894 -9.990e-29
 178.853993     -0.756   0.298734    13.8502    -1.9441     -0.750     0.1834    -0.5906 -9.990e-29
 178.853999     -0.745   0.298511    13.8616    -1.9441     -0.739     0.1832    -0.5923 -9.990e-29
 178.854005     -0.738   0.298097    13.8736    -1.9441     -0.732     0.1829    -0.5942 -9.990e-29
 178.854010     -0.734   0.297491    13.8828    -1.9439     -0.728     0.1825    -0.5958 -9.990e-29
 178.854016     -0.733   0.296994    13.8884    -1.9437     -0.727     0.1821    -0.5968 -9.990e-29
 178.854022     -0.731   0.296497    13.8903    -1.9435     -0.725     0.1818    -0.5974 -9.990e-29
 178.854028     -0.728   0.295888    13.8891    -1.9431     -0.722     0.1814    -0.5975 -9.990e-29
 178.854034     -0.727   0.295464    13.8872    -1.9431     -0.721     0.1812    -0.5974 -9.990e-29
 178.854039     -0.726   0.295209    13.8864    -1.9428     -0.720     0.1810    -0.5974 -9.990e-29
 178.854045     -0.722   0.294784    13.8868    -1.9428     -0.716     0.1807    -0.5977 -9.990e-29
 178.854051     -0.721   0.294173    13.8878    -1.9428     -0.715     0.1804    -0.5981 -9.990e-29
 178.854057     -0.723   0.293672    13.8895    -1.9427     -0.717     0.1800    -0.5986 -9.990e-29
 178.854063     -0.727   0.293164    13.8927    -1.9427     -0.721     0.1797    -0.5993 -9.990e-29
 178.854068     -0.730   0.292523    13.8973    -1.9426     -0.724     0.1793    -0.6003 -9.990e-29
 178.854074     -0.731   0.292004    13.9026    -1.9427     -0.725     0.1789    -0.6013 -9.990e-29
 178.854080     -0.735   0.291466    13.9081    -1.9429     -0.729     0.1786    -0.6023 -9.990e-29
 178.854086     -0.738   0.290746    13.9125    -1.9426     -0.732     0.1781    -0.6033 -9.990e-29
 178.854091     -0.741   0.289989    13.9156    -1.9421     -0.735     0.1776    -0.6041 -9.990e-29
 178.854097     -0.747   0.289294    13.9175    -1.9419     -0.741     0.1772    -0.6047 -9.990e-29
 178.854103     -0.753   0.288840    13.9189    -1.9415     -0.747     0.1769    -0.6051 -9.990e-29
 178.854109     -0.755   0.288576    13.9204    -1.9411     -0.749     0.1767    -0.6055 -9.990e-29
 178.854115     -0.753   0.288148    13.9216    -1.9406     -0.747     0.1765    -0.6058 -9.990e-29
 178.854120     -0.746   0.287538    13.9221    -1.9403     -0.740     0.1761    -0.6062 -9.990e-29
 178.854126     -0.740   0.287040    13.9214    -1.9399     -0.734     0.1758    -0.6063 -9.990e-29
 178.854132     -0.737   0.286542    13.9220    -1.9397     -0.731     0.1755    -0.6067 -9.990e-29
 178.854138     -0.733   0.285933    13.9269    -1.9400     -0.727     0.1751    -0.6077 -9.990e-29
 178.854144     -0.727   0.285508    13.9348    -1.9401     -0.721     0.1748    -0.6090 -9.990e-29
 178.854149     -0.725   0.285254    13.9429    -1.9402     -0.719     0.1746    -0.6103 -9.990e-29
 178.854155     -0.725   0.284829    13.9512    -1.9402     -0.719     0.1743    -0.6116 -9.990e-29
 178.854161     -0.728   0.284220    13.9608    -1.9400     -0.722     0.1739    -0.6133 -9.990e-29
 178.854167     -0.730   0.283722    13.9706    -1.9397     -0.724     0.1735    -0.6149 -9.990e-29
 178.854172     -0.730   0.283224    13.9790    -1.9395     -0.724     0.1732    -0.6164 -9.990e-29
 178.854178     -0.733   0.282615    13.9854    -1.9391     -0.727     0.1728    -0.6176 -9.990e-29
 178.854184     -0.736   0.282191    13.9884    -1.9388     -0.730     0.1725    -0.6182 -9.990e-29
 178.854190     -0.733   0.281940    13.9876    -1.9385     -0.727     0.1723    -0.6182 -9.990e-29
 178.854196     -0.728   0.281524    13.9855    -1.9386     -0.722     0.1721    -0.6181 -9.990e-29
 178.854201     -0.727   0.280943    13.9844    -1.9388     -0.721     0.1717    -0.6182 -9.990e-29
 178.854207     -0.724   0.280529    13.9854    -1.9389     -0.718     0.1715    -0.6186 -9.990e-29
 178.854213     -0.720   0.280282    13.9889    -1.9388     -0.714     0.1713    -0.6192 -9.990e-29
 178.854219     -0.718   0.279871    13.9942    -1.9388     -0.712     0.1710    -0.6201 -9.990e-29
 178.854225     -0.713   0.279299    14.0008    -1.9387     -0.707     0.1706    -0.6214 -9.990e-29
 178.854230     -0.707   0.278912    14.0080    -1.9386     -0.701     0.1704    -0.6226 -9.990e-29
 178.854236     -0.702   0.278747    14.0146    -1.9387     -0.696     0.1702    -0.6236 -9.990e-29
 178.854242     -0.698   0.278583    14.0184    -1.9389     -0.692     0.1701    -0.6242 -9.990e-29
 178.854248     -0.695   0.278199    14.0187    -1.9392     -0.689     0.1699    -0.6244 -9.990e-29
 178.854253     -0.688   0.277636    14.0171    -1.9393     -0.682     0.1695    -0.6245 -9.990e-29
 178.854259     -0.678   0.277252    14.0161    -1.9391     -0.672     0.1693    -0.6245 -9.990e-29
 178.854265     -0.667   0.277087    14.0165    -1.9390     -0.661     0.1692    -0.6247 -9.990e-29
 178.854271     -0.655   0.276919    14.0178    -1.9391     -0.650     0.1691    -0.6249 -9.990e-29
 178.854277     -0.646   0.276523    14.0192    -1.9392     -0.641     0.1688    -0.6253 -9.990e-29
 178.854282     -0.643   0.275924    14.0195    -1.9392     -0.638     0.1685    -0.6257 -9.990e-29
 178.854288     -0.646   0.275431    14.0174    -1.9390     -0.641     0.1682    -0.6256 -9.990e-29
 178.854294     -0.651   0.274939    14.0138    -1.9389     -0.646     0.1679    -0.6253 -9.990e-29
 178.854300     -0.650   0.274344    14.0106    -1.9391     -0.645     0.1675    -0.6251 -9.990e-29
 178.854306     -0.642   0.273960    14.0094    -1.9393     -0.637     0.1673    -0.6252 -9.990e-29
 178.854311     -0.636   0.273829    14.0100    -1.9395     -0.631     0.1672    -0.6253 -9.990e-29
 178.854317     -0.635   0.273774    14.0102    -1.9397     -0.630     0.1672    -0.6254 -9.990e-29
 178.854323     -0.636   0.273720    14.0097    -1.9398     -0.631     0.1671    -0.6253 -9.990e-29
 178.854329     -0.630   0.273593    14.0096    -1.9400     -0.625     0.1671    -0.6254 -9.990e-29
 178.854334     -0.616   0.273222    14.0105    -1.9402     -0.611     0.1668    -0.6257 -9.990e-29
 178.854340     -0.602   0.272668    14.0118    -1.9398     -0.597     0.1665    -0.6261 -9.990e-29
 178.854346     -0.591   0.272298    14.0121    -1.9393     -0.586     0.1662    -0.6263 -9.990e-29
 178.854352     -0.583   0.272171    14.0101    -1.9388     -0.578     0.1662    -0.6261 -9.990e-29
 178.854358     -0.577   0.272117    14.0062    -1.9384     -0.572     0.1662    -0.6256 -9.990e-29
 178.854363     -0.573   0.272064    14.0019    -1.9384     -0.568     0.1661    -0.6250 -9.990e-29
 178.854369     -0.571   0.271937    13.9981    -1.9385     -0.566     0.1661    -0.6245 -9.990e-29
 178.854375     -0.570   0.271567    13.9947    -1.9383     -0.565     0.1659    -0.6242 -9.990e-29
 178.854381     -0.570   0.271013    13.9918    -1.9381     -0.565     0.1655    -0.6241 -9.990e-29
 178.854387     -0.572   0.270644    13.9922    -1.9378     -0.567     0.1653    -0.6243 -9.990e-29
 178.854392     -0.576   0.270520    13.9978    -1.9381     -0.571     0.1652    -0.6252 -9.990e-29
 178.854398     -0.581   0.270476    14.0068    -1.9382     -0.576     0.1651    -0.6265 -9.990e-29
 178.854404     -0.588   0.270449    14.0159    -1.9382     -0.583     0.1651    -0.6278 -9.990e-29
 178.854410     -0.598   0.270404    14.0223    -1.9377     -0.593     0.1650    -0.6287 -9.990e-29
 178.854416     -0.607   0.270280    14.0254    -1.9377     -0.602     0.1649    -0.6292 -9.990e-29
 178.854421     -0.607   0.269911    14.0278    -1.9375     -0.602     0.1647    -0.6297 -9.990e-29
 178.854427     -0.597   0.269358    14.0312    -1.9378     -0.592     0.1643    -0.6305 -9.990e-29
 178.854433     -0.587   0.268989    14.0350    -1.9378     -0.582     0.1641    -0.6312 -9.990e-29
 178.854439     -0.579   0.268867    14.0370    -1.9378     -0.574     0.1640    -0.6316 -9.990e-29
 178.854444     -0.572   0.268825    14.0362    -1.9382     -0.567     0.1640    -0.6315 -9.990e-29
 178.854450     -0.568   0.268808    14.0354    -1.9386     -0.563     0.1640    -0.6314 -9.990e-29
 178.854456     -0.564   0.268791    14.0375    -1.9389     -0.559     0.1640    -0.6317 -9.990e-29
 178.854462     -0.562   0.268750    14.0415    -1.9386     -0.557     0.1639    -0.6323 -9.990e-29
 178.854468     -0.560   0.268627    14.0446    -1.9385     -0.555     0.1638    -0.6328 -9.990e-29
 178.854473     -0.559   0.268258    14.0453    -1.9387     -0.554     0.1636    -0.6330 -9.990e-29
 178.854479     -0.559   0.267705    14.0440    -1.9390     -0.554     0.1633    -0.6331 -9.990e-29
 178.854485     -0.560   0.267336    14.0421    -1.9395     -0.555     0.1631    -0.6330 -9.990e-29
 178.854491     -0.561   0.267214    14.0390    -1.9398     -0.556     0.1630    -0.6326 -9.990e-29
 178.854497     -0.563   0.267174    14.0333    -1.9398     -0.558     0.1630    -0.6318 -9.990e-29
 178.854502     -0.566   0.267161    14.0270    -1.9395     -0.561     0.1630    -0.6309 -9.990e-29
 178.854508     -0.570   0.267157    14.0231    -1.9392     -0.565     0.1630    -0.6304 -9.990e-29
 178.854514     -0.576   0.267156    14.0224    -1.9391     -0.571     0.1630    -0.6303 -9.990e-29
 178.854520     -0.579   0.267155    14.0221    -1.9390     -0.574     0.1630    -0.6302 -9.990e-29
 178.854525     -0.576   0.267151    14.0187    -1.9387     -0.571     0.1630    -0.6298 -9.990e-29
 178.854531     -0.570   0.267139    14.0121    -1.9387     -0.565     0.1630    -0.6288 -9.990e-29
 178.854537     -0.565   0.267099    14.0047    -1.9388     -0.560     0.1631    -0.6278 -9.990e-29
 178.854543     -0.561   0.266979    14.0000    -1.9388     -0.556     0.1630    -0.6272 -9.990e-29
 178.854549     -0.559   0.266615    13.9999    -1.9389     -0.554     0.1628    -0.6273 -9.990e-29
 178.854554     -0.556   0.266075    14.0032    -1.9389     -0.551     0.1624    -0.6281 -9.990e-29
 178.854560     -0.555   0.265746    14.0073    -1.9389     -0.550     0.1622    -0.6288 -9.990e-29
 178.854566     -0.554   0.265744    14.0110    -1.9393     -0.549     0.1622    -0.6293 -9.990e-29
 178.854572     -0.553   0.266063    14.0146    -1.9397     -0.548     0.1624    -0.6297 -9.990e-29
 178.854578     -0.553   0.266573    14.0178    -1.9400     -0.548     0.1627    -0.6299 -9.990e-29
 178.854583     -0.553   0.266845    14.0191    -1.9404     -0.548     0.1628    -0.6300 -9.990e-29
 178.854589     -0.553   0.266686    14.0187    -1.9408     -0.548     0.1627    -0.6300 -9.990e-29
 178.854595     -0.554   0.266438    14.0176    -1.9409     -0.549     0.1626    -0.6300 -9.990e-29
 178.854601     -0.555   0.266876    14.0164    -1.9409     -0.550     0.1629    -0.6296 -9.990e-29
 178.854606     -0.556   0.268581    14.0144    -1.9409     -0.551     0.1639    -0.6285 -9.990e-29
 178.854612     -0.558   0.271428    14.0103    -1.9408     -0.553     0.1657    -0.6265 -9.990e-29
 178.854618     -0.561   0.274780    14.0031    -1.9407     -0.556     0.1678    -0.6239 -9.990e-29
 178.854624     -0.565   0.277934    13.9943    -1.9405     -0.560     0.1698    -0.6211 -9.990e-29
 178.854630     -0.569   0.280663    13.9854    -1.9406     -0.564     0.1715    -0.6185 -9.990e-29
 178.854635     -0.575   0.283095    13.9769    -1.9409     -0.570     0.1731    -0.6161 -9.990e-29
 178.854641     -0.578   0.285149    13.9701    -1.9412     -0.573     0.1744    -0.6142 -9.990e-29
 178.854647     -0.575   0.286796    13.9663    -1.9418     -0.570     0.1754    -0.6128 -9.990e-29
 178.854653     -0.569   0.288014    13.9650    -1.9423     -0.564     0.1762    -0.6121 -9.990e-29
 178.854659     -0.564   0.288769    13.9652    -1.9426     -0.559     0.1767    -0.6117 -9.990e-29
 178.854664     -0.561   0.289512    13.9666    -1.9428     -0.556     0.1771    -0.6116 -9.990e-29
 178.854670     -0.558   0.290681    13.9686    -1.9430     -0.553     0.1778    -0.6113 -9.990e-29
 178.854676     -0.556   0.292175    13.9694    -1.9430     -0.551     0.1788    -0.6107 -9.990e-29
 178.854682     -0.554   0.293768    13.9670    -1.9427     -0.549     0.1798    -0.6096 -9.990e-29
 178.854688     -0.553   0.295370    13.9609    -1.9422     -0.548     0.1808    -0.6079 -9.990e-29
 178.854693     -0.552   0.296902    13.9521    -1.9415     -0.547     0.1818    -0.6059 -9.990e-29
 178.854699     -0.551   0.298190    13.9416    -1.9411     -0.546     0.1826    -0.6038 -9.990e-29
 178.854705     -0.550   0.299291    13.9316    -1.9413     -0.545     0.1834    -0.6018 -9.990e-29
 178.854711     -0.550   0.300563    13.9238    -1.9411     -0.545     0.1842    -0.6001 -9.990e-29
 178.854716     -0.549   0.302042    13.9183    -1.9411     -0.544     0.1851    -0.5986 -9.990e-29
 178.854722     -0.549   0.303485    13.9155    -1.9415     -0.544     0.1861    -0.5975 -9.990e-29
 178.854728     -0.549   0.304599    13.9168    -1.9420     -0.544     0.1867    -0.5972 -9.990e-29
 178.854734     -0.548   0.305208    13.9227    -1.9423     -0.543     0.1871    -0.5977 -9.990e-29
 178.854740     -0.548   0.305573    13.9325    -1.9426     -0.543     0.1873    -0.5989 -9.990e-29
 178.854745     -0.548   0.306181    13.9429    -1.9429     -0.543     0.1876    -0.6001 -9.990e-29
 178.854751     -0.548   0.307288    13.9497    -1.9429     -0.543     0.1883    -0.6005 -9.990e-29
 178.854757     -0.548   0.308711    13.9523    -1.9429     -0.543     0.1891    -0.6002 -9.990e-29
 178.854763     -0.548   0.310130    13.9527    -1.9428     -0.543     0.1900    -0.5996 -9.990e-29
 178.854769     -0.547   0.311222    13.9501    -1.9424     -0.542     0.1907    -0.5987 -9.990e-29
 178.854774     -0.547   0.311783    13.9438    -1.9420     -0.542     0.1911    -0.5975 -9.990e-29
 178.854780     -0.547   0.312006    13.9357    -1.9418     -0.542     0.1913    -0.5963 -9.990e-29
 178.854786     -0.547   0.312189    13.9277    -1.9416     -0.542     0.1914    -0.5950 -9.990e-29
 178.854792     -0.546   0.312578    13.9209    -1.9416     -0.541     0.1917    -0.5939 -9.990e-29
 178.854797     -0.546   0.313138    13.9162    -1.9417     -0.541     0.1921    -0.5929 -9.990e-29
 178.854803     -0.545   0.313509    13.9141    -1.9419     -0.540     0.1923    -0.5925 -9.990e-29
 178.854809     -0.545   0.313632    13.9149    -1.9421     -0.540     0.1924    -0.5925 -9.990e-29
