data/oxygen options/OCNMS/OCNMS1/raw_data/2017/CAST_CE015_170527faed.cnv
* Sea-Bird SBE19 Data File:
* FileName = C:\2017 Mooring Data\Casts\CAST_CE015_170527.hex
* Software Version 1.59
* Temperature SN = 2997
* Conductivity SN = 2997
* System UpLoad Time = May 27 2017 20:28:23
** CAST_CE015_170527
* ds
# nquan = 9                                 
# nvalues = 752                         
# units = specified
# name 0 = timeJ: Julian Days
# name 1 = prSM: Pressure, Strain Gauge [db]
# name 2 = c0mS/cm: Conductivity [mS/cm]
# name 3 = t090C: Temperature [ITS-90, deg C]
# name 4 = sbeox0ML/L: Oxygen, SBE 43 [ml/l]
# name 5 = depSM: Depth [salt water, m], lat = 47.5
# name 6 = sal00: Salinity, Practical [PSU]
# name 7 = sigma-é00: Density [sigma-theta, kg/m^3]
# name 8 = flag: flag
# span 0 = 147.845926, 147.850272       
# span 1 =     -5.431,     12.771       
# span 2 =   0.200035,  36.371378       
# span 3 =     9.6159,    12.2911       
# span 4 =   -13.8205,    13.1845       
# span 5 =     -5.386,     12.664       
# span 6 =     0.1274,    32.5506       
# span 7 =    -0.4275,    25.1027       
# span 8 = 0.0000e+00, 0.0000e+00       
# interval = seconds: 0.5
# start_time = May 27 2017 20:18:08 [Instrument's time stamp, header]
# bad_flag = -9.990e-29
*END*
[from data line 641]
 147.849635      6.352  35.424091     9.9549     4.4366      6.299    32.3227    24.8695 0.0000e+00
 147.849641      6.630  35.408255     9.9263     4.4364      6.575    32.3321    24.8816 0.0000e+00
 147.849647      6.907  35.391523     9.8882     4.4268      6.849    32.3491    24.9012 0.0000e+00
 147.849653      7.186  35.363911     9.8357     4.3960      7.126    32.3681    24.9246 0.0000e+00
 147.849659      7.464  35.325004     9.7849     4.3418      7.402    32.3740    24.9376 0.0000e+00
 147.849664      7.738  35.295154     9.7538     4.2933      7.673    32.3715    24.9407 0.0000e+00
 147.849670      8.013  35.286073     9.7389     4.2511      7.946    32.3755    24.9462 0.0000e+00
 147.849676      8.296  35.286214     9.7316     4.2216      8.227    32.3821    24.9526 0.0000e+00
 147.849682      8.594  35.295770     9.7336     4.2304      8.522    32.3899    24.9584 0.0000e+00
 147.849687      8.899  35.324689     9.7392     4.2454      8.825    32.4142    24.9764 0.0000e+00
 147.849693      9.192  35.354426     9.7416     4.2569      9.115    32.4422    24.9979 0.0000e+00
 147.849699      9.463  35.369211     9.7432     4.2544      9.384    32.4558    25.0082 0.0000e+00
 147.849705      9.719  35.375329     9.7400     4.2576      9.638    32.4648    25.0158 0.0000e+00
 147.849711      9.973  35.374787     9.7277     4.2500      9.890    32.4752    25.0259 0.0000e+00
 147.849716     10.228  35.368554     9.7125     4.2329     10.142    32.4825    25.0341 0.0000e+00
 147.849722     10.483  35.362325     9.7021     4.2047     10.395    32.4854    25.0381 0.0000e+00
 147.849728     10.737  35.359559     9.6973     4.1884     10.647    32.4868    25.0400 0.0000e+00
 147.849734     10.989  35.358814     9.6933     4.1646     10.897    32.4895    25.0428 0.0000e+00
 147.849740     11.238  35.357985     9.6860     4.1564     11.144    32.4952    25.0484 0.0000e+00
 147.849745     11.483  35.357093     9.6732     4.1502     11.387    32.5057    25.0587 0.0000e+00
 147.849751     11.718  35.356080     9.6559     4.1148     11.620    32.5202    25.0728 0.0000e+00
 147.849757     11.936  35.354720     9.6400     4.1117     11.836    32.5332    25.0855 0.0000e+00
 147.849763     12.135  35.353449     9.6288     4.1089     12.033    32.5419    25.0942 0.0000e+00
 147.849769     12.309  35.352257     9.6211     4.1121     12.206    32.5476    25.0998 0.0000e+00
 147.849774     12.458  35.350681     9.6167     4.1034     12.354    32.5499    25.1024 -9.990e-29
 147.849780     12.581  35.347186     9.6159     4.0913     12.476    32.5470    25.1002 -9.990e-29
 147.849786     12.678  35.344960     9.6167     4.1063     12.572    32.5440    25.0977 -9.990e-29
 147.849792     12.743  35.348323     9.6172     4.1307     12.636    32.5469    25.1000 -9.990e-29
 147.849797     12.771  35.352810     9.6182     4.1511     12.664    32.5506    25.1027 -9.990e-29
 147.849803     12.764  35.355453     9.6213     4.1798     12.657    32.5505    25.1021 -9.990e-29
 147.849809     12.717  35.358107     9.6264     4.2024     12.610    32.5486    25.0998 -9.990e-29
 147.849815     12.623  35.360961     9.6315     4.2024     12.517    32.5469    25.0976 -9.990e-29
 147.849821     12.484  35.362793     9.6355     4.2028     12.379    32.5452    25.0957 0.0000e+00
 147.849826     12.313  35.362137     9.6390     4.2178     12.210    32.5415    25.0922 0.0000e+00
 147.849832     12.120  35.359252     9.6419     4.2053     12.018    32.5360    25.0874 0.0000e+00
 147.849838     11.911  35.356462     9.6441     4.2085     11.811    32.5312    25.0833 0.0000e+00
 147.849844     11.690  35.355657     9.6461     4.2214     11.592    32.5287    25.0810 0.0000e+00
 147.849850     11.458  35.356338     9.6487     4.2209     11.362    32.5271    25.0794 0.0000e+00
 147.849855     11.224  35.356625     9.6529     4.2397     11.130    32.5237    25.0760 0.0000e+00
 147.849861     10.997  35.356352     9.6620     4.2505     10.905    32.5153    25.0680 0.0000e+00
 147.849867     10.780  35.358528     9.6772     4.2658     10.690    32.5039    25.0566 0.0000e+00
 147.849873     10.564  35.363265     9.6929     4.2885     10.476    32.4946    25.0468 0.0000e+00
 147.849878     10.336  35.367372     9.7054     4.2918     10.249    32.4876    25.0393 0.0000e+00
 147.849884     10.093  35.370738     9.7162     4.3192     10.009    32.4814    25.0327 0.0000e+00
 147.849890      9.846  35.373389     9.7266     4.3341      9.764    32.4748    25.0258 0.0000e+00
 147.849896      9.600  35.373834     9.7370     4.3530      9.520    32.4660    25.0172 0.0000e+00
 147.849902      9.362  35.370998     9.7451     4.3720      9.284    32.4559    25.0080 0.0000e+00
 147.849907      9.129  35.365593     9.7473     4.3959      9.053    32.4485    25.0019 0.0000e+00
 147.849913      8.890  35.358823     9.7434     4.4301      8.816    32.4452    25.0000 0.0000e+00
 147.849919      8.647  35.348393     9.7361     4.4464      8.575    32.4413    24.9981 0.0000e+00
 147.849925      8.406  35.330488     9.7274     4.4566      8.336    32.4310    24.9914 0.0000e+00
 147.849931      8.170  35.307000     9.7206     4.4669      8.102    32.4133    24.9787 0.0000e+00
 147.849936      7.936  35.287494     9.7216     4.4747      7.870    32.3926    24.9624 0.0000e+00
 147.849942      7.697  35.279005     9.7382     4.4871      7.633    32.3691    24.9413 0.0000e+00
 147.849948      7.451  35.281421     9.7746     4.5050      7.389    32.3389    24.9119 0.0000e+00
 147.849954      7.201  35.292934     9.8234     4.5282      7.141    32.3069    24.8789 0.0000e+00
 147.849959      6.946  35.314352     9.8735     4.5498      6.888    32.2839    24.8527 0.0000e+00
 147.849965      6.688  35.344018     9.9182     4.5776      6.632    32.2741    24.8378 0.0000e+00
 147.849971      6.428  35.372233     9.9536     4.6166      6.374    32.2712    24.8296 0.0000e+00
 147.849977      6.166  35.392405     9.9801     4.6732      6.114    32.2681    24.8228 0.0000e+00
 147.849983      5.899  35.407373    10.0032     4.7340      5.850    32.2627    24.8148 0.0000e+00
 147.849988      5.626  35.421994    10.0295     4.7829      5.579    32.2542    24.8038 0.0000e+00
 147.849994      5.351  35.438981    10.0615     4.8234      5.306    32.2429    24.7897 0.0000e+00
 147.850000      5.071  35.458604    10.1010     4.8687      5.029    32.2277    24.7712 0.0000e+00
 147.850006      4.788  35.480163    10.1476     4.9188      4.748    32.2081    24.7482 0.0000e+00
 147.850012      4.515  35.504985    10.1938     4.9658      4.477    32.1921    24.7280 0.0000e+00
 147.850017      4.251  35.532030    10.2329     5.0360      4.215    32.1848    24.7157 0.0000e+00
 147.850023      3.989  35.556505    10.2678     5.1380      3.956    32.1785    24.7050 0.0000e+00
 147.850029      3.723  35.576907    10.3046     5.2249      3.692    32.1665    24.6895 0.0000e+00
 147.850035      3.456  35.593578    10.3532     5.2992      3.427    32.1404    24.6609 0.0000e+00
 147.850041      3.190  35.611406    10.4255     5.3873      3.163    32.0945    24.6129 0.0000e+00
 147.850046      2.935  35.641299    10.5181     5.4584      2.910    32.0429    24.5570 0.0000e+00
 147.850052      2.691  35.686740    10.6128     6.6013      2.669    32.0052    24.5114 0.0000e+00
 147.850058      2.453  35.736667    10.7008     6.5356      2.433    31.9779    24.4750 0.0000e+00
 147.850064      2.212  35.775927    10.7862     6.4074      2.194    31.9423    24.4326 0.0000e+00
 147.850069      1.967  35.802021    10.8735     6.2297      1.951    31.8922    24.3785 0.0000e+00
 147.850075      1.723  35.824007    10.9660     5.7780      1.709    31.8336    24.3168 0.0000e+00
 147.850081      1.492  35.842669    11.0631     6.6219      1.480    31.7680    24.2488 0.0000e+00
 147.850087      1.278  35.833079    11.1486     6.7693      1.267    31.6849    24.1692 0.0000e+00
 147.850093      1.082  35.673846    11.2068     6.7760      1.073    31.4788    23.9987 0.0000e+00
 147.850098      0.900  35.018298    11.2404     6.7336      0.892    30.8092    23.4723 0.0000e+00
 147.850104      0.729  32.928560    11.2574     6.6933      0.723    28.7647    21.8815 0.0000e+00
 147.850110      0.570  26.599857    11.2650     6.6090      0.565    22.7272    17.1980 0.0000e+00
 147.850116      0.431  17.805773    11.2678     6.6315      0.427    14.6532    10.9473 -9.990e-29
 147.850122      0.315  13.916388    11.2635     6.5945      0.312    11.2141     8.2869 -9.990e-29
 147.850127      0.225  15.689173    11.2481     6.6251      0.223    12.7768     9.4982 -9.990e-29
 147.850133      0.158  19.152600    11.2259     6.6393      0.157    15.8824    11.9043 -9.990e-29
 147.850139      0.105  19.372761    11.2056     6.6517      0.104    16.0904    12.0682 -9.990e-29
 147.850145      0.061  14.009206    11.1882     6.6698      0.060    11.3182     8.3774 -9.990e-29
 147.850150      0.020   8.541632    11.1703     6.6693      0.020     6.6389     4.7556 -9.990e-29
 147.850156     -0.014   6.219138    11.1514    -9.8980     -0.014     4.7260     3.2741 -9.990e-29
 147.850162     -0.039   5.407129    11.1315   -13.8136     -0.039     4.0716     2.7682 -9.990e-29
 147.850168     -0.058   5.122917    11.1090   -13.8205     -0.058     3.8458     2.5953 -9.990e-29
 147.850174     -0.072   4.913088    11.0847    -9.9020     -0.071     3.6804     2.4695 -9.990e-29
 147.850179     -0.086   4.528365    11.0616    -2.0587     -0.085     3.3761     2.2355 -9.990e-29
 147.850185     -0.099   3.977362    11.0403    -2.0639     -0.098     2.9423     1.9004 -9.990e-29
 147.850191     -0.106   3.249013    11.0175    -2.0536     -0.105     2.3750     1.4612 -9.990e-29
 147.850197     -0.102   2.496858    10.9909    -2.0618     -0.101     1.7985     1.0148 -9.990e-29
 147.850203     -0.091   1.957329    10.9641    -2.0657     -0.090     1.3920     0.7005 -9.990e-29
 147.850208     -0.080   1.642264    10.9410    -2.0680     -0.079     1.1580     0.5201 -9.990e-29
 147.850214     -0.074   1.478238    10.9218    -2.0693     -0.073     1.0374     0.4278 -9.990e-29
 147.850220     -0.072   1.390740    10.9046 -9.990e-29     -0.071     0.9735     0.3796 -9.990e-29
 147.850226     -0.075   1.365141    10.8891 -9.990e-29     -0.074     0.9551     0.3669 -9.990e-29
 147.850231     -0.077   1.446607    10.8765 -9.990e-29     -0.076     1.0153     0.4152 -9.990e-29
 147.850237     -0.074   1.724905    10.8673 -9.990e-29     -0.073     1.2218     0.5775 -9.990e-29
 147.850243     -0.068   2.091299    10.8614 -9.990e-29     -0.067     1.4968     0.7929 -9.990e-29
 147.850249     -0.056   2.365369    10.8575 -9.990e-29     -0.056     1.7047     0.9556 -9.990e-29
 147.850255     -0.043   2.486461    10.8546 -9.990e-29     -0.043     1.7971     1.0280 -9.990e-29
 147.850260     -0.032   2.344683    10.8541 -9.990e-29     -0.032     1.6891     0.9438 -9.990e-29
 147.850266     -0.022   2.062852    10.8547 -9.990e-29     -0.022     1.4756     0.7771 -9.990e-29
 147.850272     -0.018   1.854977 -9.990e-29 -9.990e-29     -0.018 -9.990e-29 -9.990e-29 -9.990e-29
