data/oxygen options/OCNMS/OCNMS1/raw_data/2017/CAST_CA042_170725faed.cnv
* Sea-Bird SBE 19 Data File:
* FileName = C:\2017 Mooring Data\Casts\CAST_CA042_170725.hex
* Software Version SeatermAF 2.1.2
* Temperature SN = 2997
* Conductivity SN = 2997
* System UpLoad Time = Jul 25 2017 19:24:24 (localtime) = Jul 25 2017 19:24:24 (UTC)
** CAST_CA042_170725
* ds
# nquan = 9                                 
# nvalues = 1462                        
# units = specified
# name 0 = timeJ: Julian Days
# name 1 = prSM: Pressure, Strain Gauge [db]
# name 2 = c0mS/cm: Conductivity [mS/cm]
# name 3 = t090C: Temperature [ITS-90, deg C]
# name 4 = sbeox0ML/L: Oxygen, SBE 43 [ml/l]
# name 5 = depSM: Depth [salt water, m], lat = 47.5
# name 6 = sal00: Salinity, Practical [PSU]
# name 7 = sigma-é00: Density [sigma-theta, kg/m^3]
# name 8 = flag: flag
# span 0 = 206.751146, 206.759601       
# span 1 =     -4.580,     41.395       
# span 2 =   0.431248,  37.725100       
# span 3 =     8.0335,    16.1076       
# span 4 =   -11.6014,    17.4651       
# span 5 =     -4.542,     41.045       
# span 6 =     0.2569,    33.6779       
# span 7 =    -0.8501,    26.2300       
# span 8 = 0.0000e+00, 0.0000e+00       
# interval = seconds: 0.5
# start_time = Jul 25 2017 18:01:39 [Instrument's time stamp, header]
# bad_flag = -9.990e-29
*END*
[from data line 481]
 206.753929     -0.549   0.448220    15.7407    -1.8712     -0.544     0.2654    -0.8085 -9.990e-29
 206.753935     -0.548   0.448630    15.7358    -1.8709     -0.543     0.2656    -0.8075 -9.990e-29
 206.753941     -0.547   0.448571    15.7227    -1.8709     -0.542     0.2657    -0.8054 -9.990e-29
 206.753947     -0.547   0.447964    15.7049    -1.8710     -0.542     0.2654    -0.8028 -9.990e-29
 206.753953     -0.546   0.447293    15.6877    -1.8708     -0.541     0.2651    -0.8002 -9.990e-29
 206.753958     -0.546   0.446770    15.6749    -1.8701     -0.541     0.2649    -0.7984 -9.990e-29
 206.753964     -0.545   0.446438    15.6677    -1.8696     -0.540     0.2647    -0.7974 -9.990e-29
 206.753970     -0.543   0.446407    15.6654    -1.8691     -0.538     0.2647    -0.7970 -9.990e-29
 206.753976     -0.542   0.446823    15.6681    -1.8686     -0.537     0.2650    -0.7972 -9.990e-29
 206.753981     -0.540   0.447684    15.6745    -1.8681     -0.535     0.2655    -0.7979 -9.990e-29
 206.753987     -0.538   0.448477    15.6806    -1.8676     -0.534     0.2659    -0.7985 -9.990e-29
 206.753993     -0.535   0.448597    15.6841    -1.8673     -0.531     0.2660    -0.7990 -9.990e-29
 206.753999     -0.532   0.448202    15.6872    -1.8669     -0.528     0.2657    -0.7997 -9.990e-29
 206.754005     -0.527   0.447874    15.6945    -1.8671     -0.523     0.2654    -0.8011 -9.990e-29
 206.754010     -0.521   0.447728    15.7063    -1.8674     -0.517     0.2653    -0.8031 -9.990e-29
 206.754016     -0.518   0.447570    15.7191    -1.8674     -0.514     0.2651    -0.8053 -9.990e-29
 206.754022     -0.521   0.447188    15.7321    -1.8671     -0.517     0.2648    -0.8076 -9.990e-29
 206.754028     -0.526   0.446627    15.7452    -1.8667     -0.522     0.2644    -0.8100 -9.990e-29
 206.754034     -0.531   0.446249    15.7577    -1.8662     -0.527     0.2641    -0.8123 -9.990e-29
 206.754039     -0.534   0.446103    15.7688    -1.8666     -0.530     0.2639    -0.8142 -9.990e-29
 206.754045     -0.532   0.445993    15.7775    -1.8668     -0.528     0.2638    -0.8157 -9.990e-29
 206.754051     -0.525   0.445774    15.7821    -1.8673     -0.521     0.2636    -0.8165 -9.990e-29
 206.754057     -0.520   0.445706    15.7819    -1.8676     -0.516     0.2636    -0.8165 -9.990e-29
 206.754063     -0.518   0.446254    15.7800    -1.8677     -0.514     0.2639    -0.8160 -9.990e-29
 206.754068     -0.514   0.447041    15.7808    -1.8680     -0.510     0.2644    -0.8157 -9.990e-29
 206.754074     -0.508   0.447451    15.7860    -1.8676     -0.504     0.2646    -0.8164 -9.990e-29
 206.754080     -0.499   0.447479    15.7933    -1.8671     -0.495     0.2646    -0.8176 -9.990e-29
 206.754086     -0.492   0.447160    15.7976    -1.8665     -0.488     0.2644    -0.8184 -9.990e-29
 206.754091     -0.489   0.446623    15.7955    -1.8664     -0.485     0.2641    -0.8183 -9.990e-29
 206.754097     -0.487   0.446259    15.7891    -1.8662     -0.483     0.2639    -0.8175 -9.990e-29
 206.754103     -0.481   0.446137    15.7817    -1.8658     -0.477     0.2638    -0.8163 -9.990e-29
 206.754109     -0.471   0.446097    15.7754    -1.8657     -0.467     0.2639    -0.8153 -9.990e-29
 206.754115     -0.465   0.446084    15.7709    -1.8659     -0.461     0.2639    -0.8145 -9.990e-29
 206.754120     -0.470   0.446080    15.7700    -1.8657     -0.466     0.2639    -0.8144 -9.990e-29
 206.754126     -0.479   0.446078    15.7753    -1.8655     -0.475     0.2638    -0.8153 -9.990e-29
 206.754132     -0.483   0.446078    15.7853    -1.8653     -0.479     0.2638    -0.8169 -9.990e-29
 206.754138     -0.488   0.446077    15.7951    -1.8649     -0.484     0.2637    -0.8185 -9.990e-29
 206.754144     -0.498   0.446076    15.8022    -1.8644     -0.494     0.2637    -0.8197 -9.990e-29
 206.754149     -0.508   0.446072    15.8083    -1.8642     -0.504     0.2636    -0.8207 -9.990e-29
 206.754155     -0.516   0.446059    15.8141    -1.8647     -0.512     0.2636    -0.8217 -9.990e-29
 206.754161     -0.522   0.446020    15.8178    -1.8649     -0.518     0.2635    -0.8223 -9.990e-29
 206.754167     -0.526   0.445901    15.8199    -1.8648     -0.522     0.2635    -0.8227 -9.990e-29
 206.754172     -0.529   0.445545    15.8233    -1.8654     -0.525     0.2632    -0.8235 -9.990e-29
 206.754178     -0.531   0.445030    15.8285    -1.8656     -0.527     0.2629    -0.8246 -9.990e-29
 206.754184     -0.531   0.444779    15.8349    -1.8658     -0.527     0.2627    -0.8257 -9.990e-29
 206.754190     -0.531   0.445012    15.8428    -1.8656     -0.527     0.2628    -0.8269 -9.990e-29
 206.754196     -0.529   0.445483    15.8500    -1.8654     -0.525     0.2630    -0.8279 -9.990e-29
 206.754201     -0.526   0.445713    15.8523    -1.8649     -0.522     0.2631    -0.8282 -9.990e-29
 206.754207     -0.522   0.445453    15.8490    -1.8646     -0.518     0.2630    -0.8278 -9.990e-29
 206.754213     -0.516   0.444911    15.8444    -1.8643     -0.512     0.2627    -0.8273 -9.990e-29
 206.754219     -0.508   0.444473    15.8395    -1.8648     -0.504     0.2625    -0.8266 -9.990e-29
 206.754225     -0.498   0.444108    15.8330    -1.8652     -0.494     0.2623    -0.8257 -9.990e-29
 206.754230     -0.484   0.443884    15.8274    -1.8654     -0.480     0.2622    -0.8249 -9.990e-29
 206.754236     -0.466   0.444055    15.8255    -1.8658     -0.462     0.2623    -0.8245 -9.990e-29
 206.754242     -0.448   0.444296    15.8278    -1.8661     -0.444     0.2624    -0.8248 -9.990e-29
 206.754248     -0.435   0.444374    15.8335    -1.8663     -0.431     0.2624    -0.8257 -9.990e-29
 206.754253     -0.433   0.444392    15.8410    -1.8669     -0.429     0.2624    -0.8269 -9.990e-29
 206.754259     -0.436   0.444374    15.8474    -1.8668     -0.432     0.2624    -0.8280 -9.990e-29
 206.754265     -0.441   0.444295    15.8487    -1.8665     -0.437     0.2623    -0.8283 -9.990e-29
 206.754271     -0.447   0.444048    15.8439    -1.8664     -0.443     0.2622    -0.8276 -9.990e-29
 206.754277     -0.451   0.443860    15.8364    -1.8663     -0.447     0.2621    -0.8264 -9.990e-29
 206.754282     -0.450   0.444032    15.8288    -1.8666     -0.446     0.2623    -0.8251 -9.990e-29
 206.754288     -0.446   0.444242    15.8207    -1.8662     -0.442     0.2624    -0.8236 -9.990e-29
 206.754294     -0.444   0.444215    15.8128    -1.8662     -0.440     0.2625    -0.8223 -9.990e-29
 206.754300     -0.440   0.443913    15.8055    -1.8660     -0.436     0.2623    -0.8213 -9.990e-29
 206.754306     -0.433   0.443488    15.7996    -1.8659     -0.429     0.2621    -0.8205 -9.990e-29
 206.754311     -0.432   0.443482    15.7979    -1.8659     -0.428     0.2621    -0.8202 -9.990e-29
 206.754317     -0.436   0.443887    15.8002    -1.8659     -0.432     0.2624    -0.8204 -9.990e-29
 206.754323     -0.437   0.444134    15.8030    -1.8657     -0.433     0.2625    -0.8208 -9.990e-29
 206.754329     -0.435   0.443997    15.8039    -1.8656     -0.431     0.2624    -0.8210 -9.990e-29
 206.754334     -0.435   0.443849    15.8044    -1.8653     -0.431     0.2623    -0.8211 -9.990e-29
 206.754340     -0.436   0.444045    15.8069    -1.8651     -0.432     0.2624    -0.8214 -9.990e-29
 206.754346     -0.439   0.444291    15.8102    -1.8656     -0.435     0.2625    -0.8219 -9.990e-29
 206.754352     -0.439   0.444361    15.8132    -1.8659     -0.435     0.2626    -0.8223 -9.990e-29
 206.754358     -0.432   0.444348    15.8156    -1.8663     -0.428     0.2625    -0.8227 -9.990e-29
 206.754363     -0.422   0.444234    15.8173    -1.8671     -0.418     0.2625    -0.8231 -9.990e-29
 206.754369     -0.417   0.443868    15.8193    -1.8682     -0.414     0.2622    -0.8236 -9.990e-29
 206.754375     -0.416   0.443317    15.8226    -1.8690     -0.413     0.2619    -0.8244 -9.990e-29
 206.754381     -0.412   0.442952    15.8267    -1.8690     -0.409     0.2616    -0.8252 -9.990e-29
 206.754387     -0.403   0.442841    15.8300    -1.8688     -0.400     0.2615    -0.8258 -9.990e-29
 206.754392     -0.397   0.442836    15.8294    -1.8684     -0.394     0.2615    -0.8257 -9.990e-29
 206.754398     -0.395   0.442932    15.8235    -1.8683     -0.392     0.2616    -0.8247 -9.990e-29
 206.754404     -0.391   0.443256    15.8142    -1.8690     -0.388     0.2619    -0.8230 -9.990e-29
 206.754410     -0.391   0.443686    15.8012    -1.8694     -0.388     0.2622    -0.8207 -9.990e-29
 206.754416     -0.397   0.443685    15.7830    -1.8693     -0.394     0.2623    -0.8177 -9.990e-29
 206.754421     -0.407   0.443254    15.7631    -1.8688     -0.404     0.2622    -0.8146 -9.990e-29
 206.754427     -0.412   0.442926    15.7483    -1.8686     -0.409     0.2621    -0.8123 -9.990e-29
 206.754433     -0.412   0.442815    15.7427    -1.8684     -0.409     0.2621    -0.8114 -9.990e-29
 206.754439     -0.413   0.442774    15.7441    -1.8685     -0.410     0.2620    -0.8117 -9.990e-29
 206.754444     -0.414   0.442749    15.7467    -1.8693     -0.411     0.2620    -0.8121 -9.990e-29
 206.754450     -0.418   0.442704    15.7449    -1.8694     -0.415     0.2620    -0.8118 -9.990e-29
 206.754456     -0.428   0.442580    15.7384    -1.8696     -0.424     0.2620    -0.8108 -9.990e-29
 206.754462     -0.434   0.442213    15.7332    -1.8700     -0.430     0.2618    -0.8101 -9.990e-29
 206.754468     -0.433   0.441665    15.7340    -1.8710     -0.429     0.2614    -0.8105 -9.990e-29
 206.754473     -0.424   0.441314    15.7392    -1.8719     -0.420     0.2612    -0.8115 -9.990e-29
 206.754479     -0.412   0.441245    15.7440    -1.8724     -0.409     0.2611    -0.8124 -9.990e-29
 206.754485     -0.400   0.441367    15.7453    -1.8727     -0.397     0.2612    -0.8125 -9.990e-29
 206.754491     -0.387   0.441841    15.7411    -1.8728     -0.384     0.2615    -0.8116 -9.990e-29
 206.754497     -0.372   0.442746    15.7329    -1.8729     -0.369     0.2621    -0.8098 -9.990e-29
 206.754502     -0.355   0.443627    15.7250    -1.8728     -0.352     0.2627    -0.8081 -9.990e-29
 206.754508     -0.338   0.443996    15.7165    -1.8725     -0.335     0.2630    -0.8065 -9.990e-29
 206.754514     -0.325   0.443791    15.7034    -1.8721     -0.322     0.2629    -0.8045 -9.990e-29
 206.754520     -0.315   0.443292    15.6854    -1.8717     -0.312     0.2627    -0.8017 -9.990e-29
 206.754525     -0.307   0.442941    15.6670    -1.8714     -0.304     0.2626    -0.7989 -9.990e-29
 206.754531     -0.301   0.442824    15.6529    -1.8712     -0.298     0.2626    -0.7966 -9.990e-29
 206.754537     -0.296   0.442785    15.6441    -1.8708     -0.294     0.2627    -0.7952 -9.990e-29
 206.754543     -0.292   0.442772    15.6396    -1.8710     -0.290     0.2627    -0.7945 -9.990e-29
 206.754549     -0.289   0.442768    15.6385    -1.8716     -0.287     0.2627    -0.7943 -9.990e-29
 206.754554     -0.287   0.442767    15.6411    -1.8717     -0.285     0.2627    -0.7947 -9.990e-29
 206.754560     -0.285   0.442765    15.6476    -1.8720     -0.283     0.2626    -0.7958 -9.990e-29
 206.754566     -0.284   0.442760    15.6564    -1.8718     -0.282     0.2626    -0.7972 -9.990e-29
 206.754572     -0.283   0.442746    15.6653    -1.8712     -0.281     0.2625    -0.7987 -9.990e-29
 206.754578     -0.282   0.442705    15.6729    -1.8713     -0.280     0.2624    -0.8000 -9.990e-29
 206.754583     -0.282   0.442582    15.6792    -1.8711     -0.280     0.2623    -0.8011 -9.990e-29
 206.754589     -0.281   0.442212    15.6825    -1.8709     -0.279     0.2621    -0.8018 -9.990e-29
 206.754595     -0.281   0.441657    15.6796    -1.8707     -0.279     0.2618    -0.8016 -9.990e-29
 206.754601     -0.281   0.441284    15.6729    -1.8704     -0.279     0.2616    -0.8006 -9.990e-29
 206.754606     -0.281   0.441149    15.6676    -1.8708     -0.279     0.2615    -0.7998 -9.990e-29
 206.754612     -0.281   0.441072    15.6661    -1.8718     -0.279     0.2615    -0.7996 -9.990e-29
 206.754618     -0.281   0.440949    15.6693    -1.8725     -0.279     0.2614    -0.8002 -9.990e-29
 206.754624     -0.282   0.440616    15.6747    -1.8722     -0.280     0.2612    -0.8012 -9.990e-29
 206.754630     -0.282   0.440184    15.6789    -1.8719     -0.280     0.2609    -0.8021 -9.990e-29
 206.754635     -0.283   0.440183    15.6828    -1.8717     -0.281     0.2608    -0.8028 -9.990e-29
 206.754641     -0.284   0.440614    15.6872    -1.8715     -0.282     0.2611    -0.8033 -9.990e-29
 206.754647     -0.285   0.440942    15.6909    -1.8712     -0.283     0.2613    -0.8038 -9.990e-29
 206.754653     -0.287   0.441050    15.6909    -1.8707     -0.285     0.2613    -0.8037 -9.990e-29
 206.754659     -0.290   0.441082    15.6830    -1.8702     -0.288     0.2614    -0.8024 -9.990e-29
 206.754664     -0.293   0.441081    15.6694    -1.8702     -0.291     0.2615    -0.8002 -9.990e-29
 206.754670     -0.297   0.441046    15.6594    -1.8699     -0.295     0.2615    -0.7985 -9.990e-29
 206.754676     -0.302   0.440928    15.6579    -1.8696     -0.299     0.2615    -0.7983 -9.990e-29
 206.754682     -0.308   0.440572    15.6618    -1.8690     -0.305     0.2612    -0.7992 -9.990e-29
 206.754687     -0.312   0.440055    15.6672    -1.8689     -0.309     0.2609    -0.8003 -9.990e-29
 206.754693     -0.310   0.439795    15.6735    -1.8686     -0.307     0.2607    -0.8014 -9.990e-29
 206.754699     -0.305   0.440000    15.6817    -1.8681     -0.302     0.2607    -0.8027 -9.990e-29
 206.754705     -0.303   0.440390    15.6917    -1.8678     -0.300     0.2609    -0.8041 -9.990e-29
 206.754711     -0.301   0.440375    15.7006    -1.8675     -0.298     0.2608    -0.8056 -9.990e-29
 206.754716     -0.301   0.439937    15.7075    -1.8671     -0.298     0.2605    -0.8070 -9.990e-29
 206.754722     -0.303   0.439598    15.7147    -1.8669     -0.300     0.2603    -0.8083 -9.990e-29
 206.754728     -0.306   0.439461    15.7236    -1.8663     -0.303     0.2602    -0.8098 -9.990e-29
 206.754734     -0.310   0.439341    15.7329    -1.8662     -0.307     0.2600    -0.8114 -9.990e-29
 206.754740     -0.313   0.439081    15.7414    -1.8663     -0.310     0.2598    -0.8129 -9.990e-29
 206.754745     -0.308   0.438888    15.7502    -1.8664     -0.305     0.2596    -0.8145 -9.990e-29
 206.754751     -0.302   0.439058    15.7596    -1.8666     -0.299     0.2597    -0.8160 -9.990e-29
 206.754757     -0.297   0.439263    15.7686    -1.8664     -0.295     0.2598    -0.8173 -9.990e-29
 206.754763     -0.293   0.439222    15.7772    -1.8660     -0.291     0.2597    -0.8188 -9.990e-29
 206.754769     -0.290   0.438880    15.7860    -1.8661     -0.288     0.2594    -0.8204 -9.990e-29
 206.754774     -0.288   0.438335    15.7950    -1.8666     -0.286     0.2590    -0.8221 -9.990e-29
 206.754780     -0.286   0.437969    15.8030    -1.8671     -0.284     0.2588    -0.8236 -9.990e-29
 206.754786     -0.284   0.437847    15.8071    -1.8668     -0.282     0.2587    -0.8244 -9.990e-29
 206.754792     -0.283   0.437807    15.8074    -1.8663     -0.281     0.2586    -0.8244 -9.990e-29
 206.754797     -0.282   0.437793    15.8061    -1.8662     -0.280     0.2586    -0.8242 -9.990e-29
 206.754803     -0.282   0.437789    15.8058    -1.8670     -0.280     0.2586    -0.8242 -9.990e-29
 206.754809     -0.281   0.437787    15.8080    -1.8670     -0.279     0.2586    -0.8246 -9.990e-29
 206.754815     -0.281   0.437786    15.8102    -1.8668     -0.279     0.2586    -0.8249 -9.990e-29
 206.754821     -0.281   0.437785    15.8078    -1.8667     -0.279     0.2586    -0.8245 -9.990e-29
 206.754826     -0.281   0.437780    15.8015    -1.8668     -0.279     0.2586    -0.8235 -9.990e-29
 206.754832     -0.281   0.437767    15.7972    -1.8677     -0.279     0.2587    -0.8228 -9.990e-29
 206.754838     -0.282   0.437728    15.7990    -1.8688     -0.280     0.2586    -0.8231 -9.990e-29
 206.754844     -0.282   0.437609    15.8029    -1.8694     -0.280     0.2585    -0.8238 -9.990e-29
