data/oxygen options/OCNMS/OCNMS1/raw_data/2017/CAST_TH042_170528faed.cnv
* Sea-Bird SBE19 Data File:
* FileName = C:\2017 Mooring Data\Casts\CAST_TH042_170528.hex
* Software Version 1.59
* Temperature SN = 2997
* Conductivity SN = 2997
* System UpLoad Time = May 28 2017 17:08:02
** CAST_TH042_170528
* ds
# nquan = 9                                 
# nvalues = 888                         
# units = specified
# name 0 = timeJ: Julian Days
# name 1 = prSM: Pressure, Strain Gauge [db]
# name 2 = c0mS/cm: Conductivity [mS/cm]
# name 3 = t090C: Temperature [ITS-90, deg C]
# name 4 = sbeox0ML/L: Oxygen, SBE 43 [ml/l]
# name 5 = depSM: Depth [salt water, m], lat = 47.5
# name 6 = sal00: Salinity, Practical [PSU]
# name 7 = sigma-é00: Density [sigma-theta, kg/m^3]
# name 8 = flag: flag
# span 0 = 148.705891, 148.711024       
# span 1 =     -5.511,     39.730       
# span 2 =   0.257026,  36.190712       
# span 3 =     8.4026,    11.0869       
# span 4 =   -14.7742,    17.6590       
# span 5 =     -5.465,     39.395       
# span 6 =     0.1690,    33.5496       
# span 7 =    -0.2575,    26.0751       
# span 8 = 0.0000e+00, 0.0000e+00       
# interval = seconds: 0.5
# start_time = May 28 2017 16:56:29 [Instrument's time stamp, header]
# bad_flag = -9.990e-29
*END*
[from data line 641]
 148.709601     10.441  36.188179    10.5116     7.0562     10.354    32.5924    24.9863 0.0000e+00
 148.709606     10.758  36.184883    10.4997     6.9026     10.668    32.5996    24.9940 0.0000e+00
 148.709612     11.091  36.182535    10.4746     6.7899     10.998    32.6196    25.0139 0.0000e+00
 148.709618     11.440  36.170666    10.4297     6.7236     11.344    32.6478    25.0435 0.0000e+00
 148.709624     11.802  36.144031    10.3643     6.6828     11.703    32.6797    25.0795 0.0000e+00
 148.709630     12.170  36.109060    10.2916     6.6537     12.068    32.7098    25.1153 0.0000e+00
 148.709635     12.534  36.076745    10.2296     6.6418     12.429    32.7330    25.1439 0.0000e+00
 148.709641     12.890  36.054893    10.1820     6.6319     12.782    32.7538    25.1682 0.0000e+00
 148.709647     13.243  36.040058    10.1437     6.6398     13.132    32.7733    25.1898 0.0000e+00
 148.709653     13.596  36.027514    10.1143     6.6397     13.482    32.7871    25.2055 0.0000e+00
 148.709659     13.945  36.018393    10.0941     6.6269     13.828    32.7960    25.2159 0.0000e+00
 148.709664     14.290  36.012232    10.0810     6.5983     14.170    32.8015    25.2223 0.0000e+00
 148.709670     14.637  36.007476    10.0721     6.5652     14.514    32.8046    25.2262 0.0000e+00
 148.709676     14.986  36.003883    10.0650     6.5375     14.860    32.8072    25.2295 0.0000e+00
 148.709682     15.334  36.001083    10.0579     6.4971     15.205    32.8107    25.2334 0.0000e+00
 148.709688     15.681  35.998086    10.0488     6.4239     15.550    32.8157    25.2389 0.0000e+00
 148.709693     16.032  35.993638    10.0351     6.3396     15.898    32.8235    25.2472 0.0000e+00
 148.709699     16.388  35.986231    10.0175     6.2424     16.251    32.8318    25.2567 0.0000e+00
 148.709705     16.742  35.976572     9.9998     6.1169     16.602    32.8380    25.2644 0.0000e+00
 148.709711     17.086  35.966285     9.9807     5.9741     16.943    32.8447    25.2729 0.0000e+00
 148.709716     17.421  35.952234     9.9560     5.8050     17.275    32.8528    25.2833 0.0000e+00
 148.709722     17.751  35.932424     9.9222     5.6484     17.602    32.8633    25.2971 0.0000e+00
 148.709728     18.080  35.906705     9.8745     5.5171     17.928    32.8805    25.3184 0.0000e+00
 148.709734     18.411  35.870407     9.8140     5.3507     18.257    32.8985    25.3425 0.0000e+00
 148.709740     18.749  35.828272     9.7485     5.1878     18.592    32.9153    25.3664 0.0000e+00
 148.709745     19.098  35.788459     9.6816     4.9878     18.938    32.9357    25.3933 0.0000e+00
 148.709751     19.458  35.747659     9.6153     4.7978     19.295    32.9546    25.4188 0.0000e+00
 148.709757     19.828  35.706848     9.5499     4.6318     19.662    32.9726    25.4436 0.0000e+00
 148.709763     20.204  35.666422     9.4817     4.5191     20.034    32.9937    25.4711 0.0000e+00
 148.709769     20.581  35.622816     9.4098     4.4655     20.408    33.0149    25.4992 0.0000e+00
 148.709774     20.952  35.576622     9.3305     4.4328     20.776    33.0403    25.5319 0.0000e+00
 148.709780     21.316  35.524419     9.2485     4.4008     21.137    33.0621    25.5620 0.0000e+00
 148.709786     21.670  35.473258     9.1854     4.3488     21.488    33.0675    25.5762 0.0000e+00
 148.709792     22.010  35.440532     9.1492     4.3057     21.825    33.0670    25.5816 0.0000e+00
 148.709797     22.334  35.426213     9.1258     4.2783     22.146    33.0737    25.5905 0.0000e+00
 148.709803     22.639  35.417304     9.1028     4.2118     22.449    33.0857    25.6035 0.0000e+00
 148.709809     22.933  35.405784     9.0757     4.1566     22.740    33.0988    25.6180 0.0000e+00
 148.709815     23.220  35.391358     9.0481     4.0191     23.025    33.1093    25.6306 0.0000e+00
 148.709821     23.504  35.378811     9.0273     3.8236     23.307    33.1155    25.6388 0.0000e+00
 148.709826     23.788  35.372633     9.0081     3.6498     23.588    33.1268    25.6506 0.0000e+00
 148.709832     24.082  35.366769     8.9788     3.5000     23.880    33.1479    25.6717 0.0000e+00
 148.709838     24.396  35.352780     8.9300     3.4257     24.191    33.1787    25.7035 0.0000e+00
 148.709844     24.738  35.328759     8.8514     3.3958     24.530    33.2270    25.7536 0.0000e+00
 148.709850     25.108  35.293977     8.7553     3.3718     24.897    33.2807    25.8105 0.0000e+00
 148.709855     25.498  35.259114     8.6784     3.3623     25.284    33.3163    25.8502 0.0000e+00
 148.709861     25.901  35.237533     8.6351     3.3486     25.683    33.3342    25.8709 0.0000e+00
 148.709867     26.306  35.227264     8.6120     3.3374     26.085    33.3450    25.8829 0.0000e+00
 148.709873     26.711  35.221824     8.5951     3.3157     26.486    33.3551    25.8934 0.0000e+00
 148.709878     27.110  35.218940     8.5799     3.2794     26.882    33.3662    25.9045 0.0000e+00
 148.709884     27.495  35.218068     8.5647     3.2429     27.264    33.3795    25.9172 0.0000e+00
 148.709890     27.864  35.218546     8.5487     3.2086     27.630    33.3950    25.9318 0.0000e+00
 148.709896     28.225  35.219271     8.5345     3.1846     27.988    33.4090    25.9449 0.0000e+00
 148.709902     28.578  35.220035     8.5220     3.1852     28.338    33.4215    25.9566 0.0000e+00
 148.709907     28.916  35.221797     8.5090     3.1857     28.673    33.4355    25.9696 0.0000e+00
 148.709913     29.235  35.224608     8.4958     3.1963     28.989    33.4509    25.9836 0.0000e+00
 148.709919     29.542  35.227120     8.4835     3.1924     29.293    33.4650    25.9966 0.0000e+00
 148.709925     29.844  35.228145     8.4740     3.1748     29.593    33.4750    26.0059 0.0000e+00
 148.709931     30.143  35.227872     8.4682     3.1696     29.889    33.4801    26.0108 0.0000e+00
 148.709936     30.441  35.227559     8.4641     3.1537     30.185    33.4835    26.0141 0.0000e+00
 148.709942     30.739  35.227852     8.4597     3.1316     30.480    33.4879    26.0182 0.0000e+00
 148.709948     31.040  35.228525     8.4543     3.1031     30.779    33.4936    26.0235 0.0000e+00
 148.709954     31.346  35.229300     8.4486     3.0520     31.082    33.4997    26.0291 0.0000e+00
 148.709959     31.658  35.230036     8.4439     3.0116     31.391    33.5048    26.0338 0.0000e+00
 148.709965     31.980  35.230536     8.4405     2.9770     31.711    33.5084    26.0372 0.0000e+00
 148.709971     32.310  35.230853     8.4361     2.9546     32.038    33.5127    26.0413 0.0000e+00
 148.709977     32.644  35.231353     8.4286     2.9651     32.369    33.5202    26.0483 0.0000e+00
 148.709983     32.977  35.232086     8.4196     2.9696     32.699    33.5294    26.0569 0.0000e+00
 148.709988     33.306  35.232852     8.4128     2.9697     33.025    33.5366    26.0635 0.0000e+00
 148.709994     33.628  35.233497     8.4091     2.9761     33.345    33.5406    26.0672 0.0000e+00
 148.710000     33.949  35.233703     8.4076     2.9599     33.663    33.5421    26.0687 0.0000e+00
 148.710006     34.271  35.233688     8.4067     2.9518     33.982    33.5428    26.0693 0.0000e+00
 148.710012     34.596  35.233935     8.4056     2.9579     34.304    33.5440    26.0704 0.0000e+00
 148.710017     34.926  35.234158     8.4052     2.9564     34.632    33.5444    26.0708 0.0000e+00
 148.710023     35.250  35.234039     8.4052     2.9750     34.953    33.5441    26.0706 0.0000e+00
 148.710029     35.564  35.233923     8.4047     2.9811     35.264    33.5444    26.0709 0.0000e+00
 148.710035     35.874  35.234160     8.4045     2.9709     35.572    33.5447    26.0711 0.0000e+00
 148.710041     36.184  35.234453     8.4048     2.9669     35.879    33.5445    26.0710 0.0000e+00
 148.710046     36.487  35.234576     8.4051     2.9588     36.179    33.5442    26.0707 0.0000e+00
 148.710052     36.781  35.234635     8.4054     2.9491     36.471    33.5439    26.0704 0.0000e+00
 148.710058     37.068  35.234655     8.4060     2.9474     36.755    33.5432    26.0698 0.0000e+00
 148.710064     37.348  35.234606     8.4062     2.9761     37.033    33.5428    26.0695 0.0000e+00
 148.710069     37.627  35.234368     8.4057     2.9658     37.310    33.5429    26.0696 0.0000e+00
 148.710075     37.910  35.234130     8.4057     2.9616     37.590    33.5425    26.0693 0.0000e+00
 148.710081     38.189  35.234638     8.4064     2.9576     37.867    33.5423    26.0690 0.0000e+00
 148.710087     38.451  35.236150     8.4071     2.9428     38.127    33.5431    26.0696 0.0000e+00
 148.710093     38.693  35.237862     8.4071     2.9470     38.366    33.5448    26.0709 0.0000e+00
 148.710098     38.916  35.238347     8.4060     2.9407     38.588    33.5462    26.0722 0.0000e+00
 148.710104     39.131  35.237179     8.4041     2.9486     38.801    33.5467    26.0729 0.0000e+00
 148.710110     39.337  35.235850     8.4026     2.9650     39.005    33.5466    26.0730 0.0000e+00
 148.710116     39.515  35.235445     8.4027     2.9649     39.181    33.5460    26.0725 0.0000e+00
 148.710122     39.646  35.236042     8.4042     2.9649     39.311    33.5452    26.0716 -9.990e-29
 148.710127     39.720  35.237375     8.4054     2.9504     39.385    33.5454    26.0716 -9.990e-29
 148.710133     39.730  35.238480     8.4060     2.9463     39.395    33.5460    26.0720 -9.990e-29
 148.710139     39.676  35.238648     8.4065     2.9420     39.341    33.5457    26.0717 -9.990e-29
 148.710145     39.567  35.238723     8.4070     2.9500     39.233    33.5454    26.0714 -9.990e-29
 148.710150     39.415  35.239427     8.4077     2.9563     39.082    33.5455    26.0714 0.0000e+00
 148.710156     39.221  35.240079     8.4082     2.9583     38.890    33.5458    26.0716 0.0000e+00
 148.710162     38.987  35.240489     8.4077     2.9684     38.658    33.5468    26.0724 0.0000e+00
 148.710168     38.719  35.240706     8.4065     2.9500     38.392    33.5483    26.0738 0.0000e+00
 148.710174     38.430  35.240521     8.4053     2.9373     38.106    33.5494    26.0748 0.0000e+00
 148.710179     38.131  35.239749     8.4044     2.9249     37.809    33.5496    26.0751 0.0000e+00
 148.710185     37.830  35.238542     8.4043     2.9227     37.511    33.5486    26.0743 0.0000e+00
 148.710191     37.532  35.237592     8.4049     2.9328     37.215    33.5471    26.0730 0.0000e+00
 148.710197     37.240  35.236814     8.4050     2.9469     36.926    33.5463    26.0724 0.0000e+00
 148.710203     36.953  35.235793     8.4044     2.9530     36.641    33.5460    26.0722 0.0000e+00
 148.710208     36.670  35.234909     8.4039     2.9530     36.361    33.5456    26.0720 0.0000e+00
 148.710214     36.381  35.234724     8.4033     2.9507     36.074    33.5462    26.0725 0.0000e+00
 148.710220     36.072  35.235052     8.4030     2.9465     35.768    33.5469    26.0732 0.0000e+00
 148.710226     35.745  35.235269     8.4037     2.9464     35.444    33.5466    26.0728 0.0000e+00
 148.710231     35.408  35.235165     8.4045     2.9380     35.109    33.5459    26.0721 0.0000e+00
 148.710237     35.068  35.234666     8.4049     2.9438     34.772    33.5452    26.0715 0.0000e+00
 148.710243     34.726  35.233726     8.4056     2.9539     34.433    33.5437    26.0702 0.0000e+00
 148.710249     34.388  35.232834     8.4064     2.9655     34.098    33.5421    26.0689 0.0000e+00
 148.710255     34.058  35.232542     8.4067     2.9774     33.771    33.5417    26.0685 0.0000e+00
 148.710260     33.735  35.232524     8.4067     2.9730     33.451    33.5418    26.0686 0.0000e+00
 148.710266     33.413  35.232255     8.4066     2.9748     33.131    33.5418    26.0685 0.0000e+00
 148.710272     33.083  35.232000     8.4067     2.9867     32.804    33.5416    26.0684 0.0000e+00
 148.710278     32.751  35.232038     8.4078     3.0108     32.475    33.5407    26.0675 0.0000e+00
 148.710284     32.425  35.231923     8.4103     3.0554     32.152    33.5384    26.0653 0.0000e+00
 148.710289     32.106  35.231002     8.4136     3.0889     31.836    33.5344    26.0617 0.0000e+00
 148.710295     31.790  35.229789     8.4182     3.1230     31.522    33.5289    26.0566 0.0000e+00
 148.710301     31.475  35.228969     8.4242     3.1427     31.210    33.5225    26.0507 0.0000e+00
 148.710307     31.154  35.228069     8.4297     3.1708     30.892    33.5164    26.0451 0.0000e+00
 148.710312     30.819  35.227072     8.4338     3.1807     30.560    33.5116    26.0407 0.0000e+00
 148.710318     30.470  35.226389     8.4374     3.1981     30.213    33.5076    26.0371 0.0000e+00
 148.710324     30.111  35.225731     8.4414     3.2118     29.858    33.5033    26.0330 0.0000e+00
 148.710330     29.744  35.224844     8.4466     3.2209     29.494    33.4976    26.0278 0.0000e+00
 148.710336     29.372  35.223726     8.4544     3.2463     29.125    33.4892    26.0200 0.0000e+00
 148.710341     28.998  35.222069     8.4643     3.2589     28.754    33.4782    26.0099 0.0000e+00
 148.710347     28.622  35.219966     8.4734     3.2910     28.381    33.4675    26.0001 0.0000e+00
 148.710353     28.246  35.218036     8.4801     3.3247     28.008    33.4593    25.9926 0.0000e+00
 148.710359     27.873  35.216571     8.4858     3.3490     27.639    33.4525    25.9864 0.0000e+00
 148.710365     27.517  35.215359     8.4935     3.3788     27.286    33.4441    25.9787 0.0000e+00
 148.710370     27.190  35.213969     8.5039     3.3944     26.961    33.4329    25.9683 0.0000e+00
 148.710376     26.875  35.212289     8.5157     3.4178     26.649    33.4201    25.9565 0.0000e+00
 148.710382     26.557  35.210381     8.5295     3.4412     26.334    33.4051    25.9426 0.0000e+00
 148.710388     26.233  35.208562     8.5450     3.4506     26.012    33.3887    25.9274 0.0000e+00
 148.710394     25.899  35.207269     8.5592     3.4729     25.681    33.3741    25.9138 0.0000e+00
 148.710399     25.554  35.206522     8.5695     3.5106     25.339    33.3637    25.9041 0.0000e+00
 148.710405     25.208  35.205950     8.5770     3.5596     24.996    33.3562    25.8970 0.0000e+00
 148.710411     24.868  35.205413     8.5841     3.6619     24.659    33.3491    25.8903 0.0000e+00
 148.710417     24.530  35.205379     8.5932     3.8092     24.324    33.3406    25.8823 0.0000e+00
 148.710422     24.181  35.205865     8.6081     3.9897     23.978    33.3272    25.8695 0.0000e+00
 148.710428     23.811  35.207580     8.6379     4.1852     23.611    33.3011    25.8445 0.0000e+00
 148.710434     23.418  35.212873     8.6926     4.3521     23.221    33.2553    25.8002 0.0000e+00
 148.710440     23.012  35.224943     8.7614     4.4864     22.819    33.2036    25.7491 0.0000e+00
 148.710446     22.610  35.247070     8.8210     4.6000     22.420    33.1711    25.7144 0.0000e+00
 148.710451     22.224  35.276910     8.8720     4.7085     22.037    33.1547    25.6937 0.0000e+00
 148.710457     21.856  35.307292     8.9262     4.8460     21.672    33.1360    25.6706 0.0000e+00
 148.710463     21.495  35.331758     8.9787     5.0045     21.314    33.1127    25.6442 0.0000e+00
 148.710469     21.131  35.343802     9.0315     5.1482     20.954    33.0763    25.6074 0.0000e+00
 148.710475     20.763  35.351150     9.0966     5.2819     20.589    33.0236    25.5559 0.0000e+00
 148.710480     20.396  35.369830     9.1619     5.3856     20.225    32.9826    25.5135 0.0000e+00
 148.710486     20.038  35.402419     9.2128     5.4906     19.870    32.9695    25.4952 0.0000e+00
 148.710492     19.687  35.446527     9.2626     5.5970     19.522    32.9692    25.4871 0.0000e+00
 148.710498     19.333  35.492160     9.3205     5.7029     19.171    32.9631    25.4730 0.0000e+00
 148.710503     18.968  35.524074     9.3840     5.8194     18.809    32.9377    25.4430 0.0000e+00
 148.710509     18.589  35.545691     9.4552     5.9445     18.433    32.8946    25.3979 0.0000e+00
 148.710515     18.198  35.572466     9.5260     6.0789     18.045    32.8573    25.3573 0.0000e+00
