data/oxygen options/OCNMS/OCNMS1/raw_data/2017/CAST_KL015_170829faed.cnv
* Sea-Bird SBE 19 Data File:
* FileName = C:\2017 Mooring Data\Casts\CAST_KL015_082917.hex
* Software Version SeatermAF 2.1.2
* Temperature SN = 2997
* Conductivity SN = 2997
* System UpLoad Time = Aug 29 2017 19:20:09 (localtime) = Aug 29 2017 19:20:09 (UTC)
** CAST_KL015_082917
* ds
# nquan = 9                                 
# nvalues = 895                         
# units = specified
# name 0 = timeJ: Julian Days
# name 1 = prSM: Pressure, Strain Gauge [db]
# name 2 = c0mS/cm: Conductivity [mS/cm]
# name 3 = t090C: Temperature [ITS-90, deg C]
# name 4 = sbeox0ML/L: Oxygen, SBE 43 [ml/l]
# name 5 = depSM: Depth [salt water, m], lat = 47.5
# name 6 = sal00: Salinity, Practical [PSU]
# name 7 = sigma-é00: Density [sigma-theta, kg/m^3]
# name 8 = flag: flag
# span 0 = 241.796123, 241.801296       
# span 1 =     -4.966,     15.376       
# span 2 =   0.334514,  37.740379       
# span 3 =     8.5950,    13.4520       
# span 4 =    -1.9675,    19.8398       
# span 5 =     -4.925,     15.247       
# span 6 =     0.2083,    33.7494       
# span 7 =    -0.5153,    26.1153       
# span 8 = 0.0000e+00, 0.0000e+00       
# interval = seconds: 0.5
# start_time = Aug 29 2017 19:06:25 [Instrument's time stamp, header]
# bad_flag = -9.990e-29
*END*
[from data line 801]
 241.800758     10.621  35.593785     8.7797     0.4463     10.532    33.5787    26.0399 -9.990e-29
 241.800764     10.505  35.604094     8.7965     0.4780     10.417    33.5736    26.0333 -9.990e-29
 241.800770     10.385  35.617855     8.8059     0.5246     10.298    33.5792    26.0362 -9.990e-29
 241.800775     10.262  35.633289     8.8080     0.5878     10.176    33.5934    26.0470 -9.990e-29
 241.800781     10.137  35.648050     8.8079     0.6842     10.052    33.6090    26.0593 0.0000e+00
 241.800787     10.011  35.666728     8.8101     0.7778      9.927    33.6266    26.0727 0.0000e+00
 241.800793      9.884  35.688501     8.8194     0.8547      9.801    33.6406    26.0822 0.0000e+00
 241.800799      9.756  35.703789     8.8408     0.8969      9.674    33.6364    26.0756 0.0000e+00
 241.800804      9.628  35.722365     8.8731     1.0556      9.547    33.6253    26.0618 0.0000e+00
 241.800810      9.501  35.758387     8.9078     1.3201      9.421    33.6301    26.0601 0.0000e+00
 241.800816      9.375  35.789362     8.9432     1.5869      9.297    33.6290    26.0537 0.0000e+00
 241.800822      9.246  35.797832     8.9803     1.8238      9.169    33.6028    26.0274 0.0000e+00
 241.800828      9.110  35.802400     9.0087     2.1074      9.034    33.5808    26.0056 0.0000e+00
 241.800833      8.972  35.820952     9.0352     2.6527      8.897    33.5752    25.9970 0.0000e+00
 241.800839      8.836  35.868739     9.0735     3.3369      8.762    33.5888    26.0017 0.0000e+00
 241.800845      8.697  35.924396     9.1275     3.9631      8.624    33.5959    25.9986 0.0000e+00
 241.800851      8.559  35.952971     9.1987     4.3184      8.487    33.5585    25.9580 0.0000e+00
 241.800856      8.434  35.983638     9.2776     4.4878      8.363    33.5162    25.9123 -9.990e-29
 241.800862      8.324  36.059564     9.3820     4.6548      8.254    33.4969    25.8803 -9.990e-29
 241.800868      8.222  36.178431     9.5168     4.9485      8.153    33.4934    25.8557 -9.990e-29
 241.800874      8.117  36.278692     9.6252     5.3888      8.049    33.4953    25.8395 -9.990e-29
 241.800880      7.997  36.314873     9.6865     5.8115      7.930    33.4753    25.8138 -9.990e-29
 241.800885      7.859  36.325752     9.7397     6.1243      7.793    33.4370    25.7751 0.0000e+00
 241.800891      7.708  36.360603     9.8080     6.3293      7.644    33.4093    25.7421 0.0000e+00
 241.800897      7.552  36.431209     9.8898     6.5371      7.489    33.4056    25.7257 0.0000e+00
 241.800903      7.396  36.527025     9.9769     6.7885      7.334    33.4226    25.7244 0.0000e+00
 241.800909      7.244  36.621841    10.0502     7.0549      7.183    33.4513    25.7344 0.0000e+00
 241.800914      7.096  36.681953    10.1050     7.2250      7.037    33.4617    25.7333 0.0000e+00
 241.800920      6.949  36.708033    10.1582     7.3332      6.891    33.4390    25.7066 0.0000e+00
 241.800926      6.808  36.741614    10.2258     7.3898      6.751    33.4107    25.6730 0.0000e+00
 241.800932      6.682  36.812386    10.3109     7.4938      6.626    33.4039    25.6532 -9.990e-29
 241.800938      6.565  36.891537    10.3841     7.6256      6.510    33.4165    25.6505 -9.990e-29
 241.800943      6.442  36.929507    10.4250     7.7336      6.388    33.4172    25.6440 -9.990e-29
 241.800949      6.306  36.940006    10.4492     7.8255      6.253    33.4056    25.6307 0.0000e+00
 241.800955      6.160  36.958357    10.4734     7.8675      6.108    33.4019    25.6237 0.0000e+00
 241.800961      6.012  36.992259    10.5108     7.9028      5.962    33.4017    25.6171 0.0000e+00
 241.800966      5.870  37.039341    10.5576     7.9542      5.821    33.4062    25.6124 0.0000e+00
 241.800972      5.738  37.081203    10.5913     8.0269      5.690    33.4173    25.6153 0.0000e+00
 241.800978      5.612  37.100887    10.6069     8.0802      5.565    33.4228    25.6168 0.0000e+00
 241.800984      5.484  37.105076    10.6182     8.1251      5.438    33.4167    25.6101 0.0000e+00
 241.800990      5.350  37.110032    10.6328     8.1312      5.305    33.4084    25.6010 0.0000e+00
 241.800995      5.214  37.125751    10.6486     8.1316      5.170    33.4097    25.5993 0.0000e+00
 241.801001      5.076  37.150822    10.6624     8.1514      5.034    33.4223    25.6067 0.0000e+00
 241.801007      4.932  37.174459    10.6742     8.2049      4.891    33.4352    25.6147 0.0000e+00
 241.801013      4.785  37.188065    10.6844     8.2567      4.745    33.4395    25.6163 0.0000e+00
 241.801019      4.640  37.194119    10.6944     8.2843      4.601    33.4365    25.6122 0.0000e+00
 241.801024      4.498  37.199211    10.7079     8.3332      4.460    33.4293    25.6042 0.0000e+00
 241.801030      4.361  37.204539    10.7245     8.3446      4.325    33.4195    25.5936 0.0000e+00
 241.801036      4.218  37.211797    10.7376     8.3834      4.183    33.4148    25.5877 0.0000e+00
 241.801042      4.071  37.222824    10.7451     8.3932      4.037    33.4190    25.5897 0.0000e+00
 241.801047      3.926  37.231044    10.7526     8.4032      3.893    33.4205    25.5895 0.0000e+00
 241.801053      3.787  37.236778    10.7628     8.4060      3.755    33.4169    25.5849 0.0000e+00
 241.801059      3.650  37.248792    10.7718     8.4125      3.620    33.4208    25.5863 0.0000e+00
 241.801065      3.510  37.261264    10.7779     8.4538      3.481    33.4277    25.5906 0.0000e+00
 241.801071      3.366  37.263940    10.7845     8.4848      3.338    33.4244    25.5869 0.0000e+00
 241.801076      3.219  37.261511    10.7938     8.5127      3.192    33.4135    25.5768 0.0000e+00
 241.801082      3.072  37.263623    10.8060     8.5083      3.046    33.4046    25.5677 0.0000e+00
 241.801088      2.928  37.273653    10.8193     8.5183      2.904    33.4025    25.5637 0.0000e+00
 241.801094      2.787  37.287613    10.8279     8.5411      2.764    33.4086    25.5670 0.0000e+00
 241.801100      2.648  37.297236    10.8298     8.6015      2.626    33.4165    25.5728 0.0000e+00
 241.801105      2.507  37.297433    10.8317     8.6504      2.486    33.4151    25.5713 0.0000e+00
 241.801111      2.359  37.292948    10.8381     8.6716      2.339    33.4048    25.5622 0.0000e+00
 241.801117      2.211  37.294605    10.8478     8.6537      2.193    33.3977    25.5549 0.0000e+00
 241.801123      2.076  37.306295    10.8600     8.6210      2.059    33.3983    25.5532 -9.990e-29
 241.801128      1.954  37.322885    10.8725     8.6226      1.938    33.4034    25.5550 -9.990e-29
 241.801134      1.837  37.335132    10.8804     8.6281      1.822    33.4085    25.5576 -9.990e-29
 241.801140      1.718  37.338642    10.8834     8.6585      1.704    33.4093    25.5577 -9.990e-29
 241.801146      1.592  37.338100    10.8851     8.6585      1.579    33.4073    25.5558 0.0000e+00
 241.801152      1.466  37.338943    10.8883     8.6524      1.454    33.4052    25.5536 -9.990e-29
 241.801157      1.348  37.342297    10.8929     8.6448      1.337    33.4044    25.5522 -9.990e-29
 241.801163      1.248  37.347034    10.8966     8.6347      1.238    33.4058    25.5526 -9.990e-29
 241.801169      1.168  37.351072    10.8978     8.6220      1.158    33.4088    25.5547 -9.990e-29
 241.801175      1.098  37.351954    10.8974     8.6044      1.089    33.4101    25.5558 -9.990e-29
 241.801181      1.030  37.350858    10.8978     8.6256      1.021    33.4086    25.5546 -9.990e-29
 241.801186      0.964  37.350801    10.8999     8.6299      0.956    33.4067    25.5527 -9.990e-29
 241.801192      0.905  37.352827    10.9027     8.6002      0.897    33.4062    25.5518 -9.990e-29
 241.801198      0.852  37.356277    10.9052     8.4898      0.845    33.4074    25.5523 -9.990e-29
 241.801204      0.802  37.359033    10.9064     8.3707      0.795    33.4090    25.5534 -9.990e-29
 241.801209      0.752  37.359169    10.9060     8.9928      0.746    33.4095    25.5538 -9.990e-29
 241.801215      0.700  37.357986    10.9055     9.6663      0.694    33.4088    25.5534 -9.990e-29
 241.801221      0.641  37.358389    10.9072     9.2884      0.636    33.4077    25.5522 -9.990e-29
 241.801227      0.577  37.359235    10.9137     8.5350      0.572    33.4027    25.5471 -9.990e-29
 241.801233      0.511  37.354369    10.9298     7.7784      0.507    33.3832    25.5291 -9.990e-29
 241.801238      0.449  37.334505    10.9684     6.9939      0.445    33.3283    25.4795 -9.990e-29
 241.801244      0.394  37.277639    11.0402 -9.990e-29      0.391    33.2068    25.3722 -9.990e-29
 241.801250      0.352  37.116353    11.1355 -9.990e-29      0.349    32.9613    25.1642 -9.990e-29
 241.801256      0.324  36.645124    11.2353 -9.990e-29      0.321    32.4081    24.7161 -9.990e-29
 241.801262      0.305  35.242944    11.3308 -9.990e-29      0.302    30.9529    23.5682 -9.990e-29
 241.801267      0.288  31.045857    11.4212 -9.990e-29      0.286    26.8327    20.3546 -9.990e-29
 241.801273      0.274  22.899768    11.5059 -9.990e-29      0.272    19.1598    14.3987 -9.990e-29
 241.801279      0.260  14.214937    11.5811 -9.990e-29      0.258    11.3774     8.3706 -9.990e-29
 241.801285      0.246   9.121621    11.6411 -9.990e-29      0.244     7.0352     5.0045 -9.990e-29
 241.801291      0.235   7.043198    11.6665 -9.990e-29      0.233     5.3255     3.6776 -9.990e-29
 241.801296      0.232   6.145972 -9.990e-29 -9.990e-29      0.230 -9.990e-29 -9.990e-29 -9.990e-29
