data/oxygen options/OCNMS/OCNMS1/raw_data/2017/CAST_TH042_170528faed.cnv
* Sea-Bird SBE19 Data File:
* FileName = C:\2017 Mooring Data\Casts\CAST_TH042_170528.hex
* Software Version 1.59
* Temperature SN = 2997
* Conductivity SN = 2997
* System UpLoad Time = May 28 2017 17:08:02
** CAST_TH042_170528
* ds
# nquan = 9                                 
# nvalues = 888                         
# units = specified
# name 0 = timeJ: Julian Days
# name 1 = prSM: Pressure, Strain Gauge [db]
# name 2 = c0mS/cm: Conductivity [mS/cm]
# name 3 = t090C: Temperature [ITS-90, deg C]
# name 4 = sbeox0ML/L: Oxygen, SBE 43 [ml/l]
# name 5 = depSM: Depth [salt water, m], lat = 47.5
# name 6 = sal00: Salinity, Practical [PSU]
# name 7 = sigma-é00: Density [sigma-theta, kg/m^3]
# name 8 = flag: flag
# span 0 = 148.705891, 148.711024       
# span 1 =     -5.511,     39.730       
# span 2 =   0.257026,  36.190712       
# span 3 =     8.4026,    11.0869       
# span 4 =   -14.7742,    17.6590       
# span 5 =     -5.465,     39.395       
# span 6 =     0.1690,    33.5496       
# span 7 =    -0.2575,    26.0751       
# span 8 = 0.0000e+00, 0.0000e+00       
# interval = seconds: 0.5
# start_time = May 28 2017 16:56:29 [Instrument's time stamp, header]
# bad_flag = -9.990e-29
*END*
[from data line 321]
 148.707749     -0.824   0.276658    11.0460    -2.0737     -0.817     0.1817    -0.2548 -9.990e-29
 148.707755     -0.823   0.277058    11.0353    -2.0740     -0.816     0.1820    -0.2535 -9.990e-29
 148.707760     -0.821   0.277329    11.0258    -2.0744     -0.814     0.1822    -0.2524 -9.990e-29
 148.707766     -0.820   0.277277    11.0197    -2.0746     -0.813     0.1822    -0.2517 -9.990e-29
 148.707772     -0.820   0.276831    11.0174    -2.0746     -0.813     0.1819    -0.2517 -9.990e-29
 148.707778     -0.819   0.275947    11.0167    -2.0748     -0.812     0.1813    -0.2521 -9.990e-29
 148.707784     -0.818   0.275109    11.0155    -2.0750     -0.811     0.1808    -0.2524 -9.990e-29
 148.707789     -0.817   0.274863    11.0140    -2.0751     -0.810     0.1806    -0.2524 -9.990e-29
 148.707795     -0.816   0.274880    11.0128    -2.0751     -0.809     0.1806    -0.2523 -9.990e-29
 148.707801     -0.816   0.274627    11.0107    -2.0752     -0.809     0.1805    -0.2522 -9.990e-29
 148.707807     -0.815   0.274318    11.0065    -2.0754     -0.808     0.1803    -0.2519 -9.990e-29
 148.707812     -0.813   0.274095    11.0014    -2.0759     -0.806     0.1801    -0.2515 -9.990e-29
 148.707818     -0.812   0.273660    10.9975    -2.0760     -0.805     0.1799    -0.2513 -9.990e-29
 148.707824     -0.810   0.272987    10.9947    -2.0760     -0.803     0.1794    -0.2514 -9.990e-29
 148.707830     -0.807   0.272285    10.9917    -2.0760     -0.800     0.1790    -0.2514 -9.990e-29
 148.707836     -0.804   0.271724    10.9884    -2.0761     -0.797     0.1786    -0.2514 -9.990e-29
 148.707841     -0.801   0.271666    10.9860    -2.0765     -0.794     0.1786    -0.2511 -9.990e-29
 148.707847     -0.796   0.272031    10.9843    -2.0766     -0.789     0.1788    -0.2508 -9.990e-29
 148.707853     -0.789   0.272196    10.9820    -2.0763     -0.782     0.1790    -0.2504 -9.990e-29
 148.707859     -0.781   0.271826    10.9782    -2.0762     -0.774     0.1787    -0.2502 -9.990e-29
 148.707865     -0.770   0.270980    10.9737    -2.0762     -0.764     0.1782    -0.2502 -9.990e-29
 148.707870     -0.761   0.270190    10.9701    -2.0761     -0.755     0.1777    -0.2503 -9.990e-29
 148.707876     -0.761   0.270067    10.9676    -2.0761     -0.755     0.1776    -0.2501 -9.990e-29
 148.707882     -0.770   0.270443    10.9655    -2.0760     -0.764     0.1779    -0.2496 -9.990e-29
 148.707888     -0.781   0.270712    10.9628    -2.0764     -0.774     0.1780    -0.2492 -9.990e-29
 148.707894     -0.789   0.270675    10.9600    -2.0764     -0.782     0.1780    -0.2489 -9.990e-29
 148.707899     -0.795   0.270283    10.9591    -2.0766     -0.788     0.1778    -0.2491 -9.990e-29
 148.707905     -0.800   0.269568    10.9605    -2.0764     -0.793     0.1773    -0.2496 -9.990e-29
 148.707911     -0.804   0.268683    10.9623    -2.0765     -0.797     0.1767    -0.2502 -9.990e-29
 148.707917     -0.806   0.267555    10.9636    -2.0767     -0.799     0.1759    -0.2510 -9.990e-29
 148.707922     -0.808   0.266339    10.9647    -2.0768     -0.801     0.1751    -0.2517 -9.990e-29
 148.707928     -0.810   0.265631    10.9652    -2.0769     -0.803     0.1746    -0.2521 -9.990e-29
 148.707934     -0.811   0.265593    10.9643    -2.0769     -0.804     0.1746    -0.2521 -9.990e-29
 148.707940     -0.811   0.265619    10.9621    -2.0770     -0.804     0.1746    -0.2518 -9.990e-29
 148.707946     -0.811   0.265190    10.9600    -2.0770     -0.804     0.1743    -0.2518 -9.990e-29
 148.707951     -0.811   0.264286    10.9590    -2.0770     -0.804     0.1737    -0.2522 -9.990e-29
 148.707957     -0.811   0.263363    10.9585    -2.0773     -0.804     0.1731    -0.2526 -9.990e-29
 148.707963     -0.809   0.262854    10.9572    -2.0775     -0.802     0.1728    -0.2528 -9.990e-29
 148.707969     -0.808   0.262632    10.9549    -2.0776     -0.801     0.1727    -0.2526 -9.990e-29
 148.707975     -0.805   0.262401    10.9529    -2.0781     -0.798     0.1725    -0.2526 -9.990e-29
 148.707980     -0.802   0.261850    10.9515    -2.0782     -0.795     0.1721    -0.2527 -9.990e-29
 148.707986     -0.798   0.260797    10.9505    -2.0781     -0.791     0.1714    -0.2532 -9.990e-29
 148.707992     -0.792   0.259502    10.9495    -2.0783     -0.785     0.1706    -0.2537 -9.990e-29
 148.707998     -0.785   0.258452    10.9484    -2.0782     -0.778     0.1699    -0.2542 -9.990e-29
 148.708003     -0.776   0.257909    10.9465    -2.0784     -0.770     0.1695    -0.2543 -9.990e-29
 148.708009     -0.764   0.257702    10.9434    -2.0785     -0.758     0.1694    -0.2540 -9.990e-29
 148.708015     -0.749   0.257555    10.9398    -2.0784     -0.743     0.1693    -0.2537 -9.990e-29
 148.708021     -0.729   0.257271    10.9356    -1.7012     -0.723     0.1691    -0.2535 -9.990e-29
 148.708027     -0.704   0.257026    10.9312    -1.7068     -0.698     0.1690    -0.2531 -9.990e-29
 148.708032     -0.675   0.257602    10.9280    -1.7094     -0.669     0.1694    -0.2525 -9.990e-29
 148.708038     -0.651   0.260873    10.9262    -1.7103     -0.646     0.1716    -0.2506 -9.990e-29
 148.708044     -0.628   0.271757    10.9249    -1.7106     -0.623     0.1789    -0.2447 -9.990e-29
 148.708050     -0.602   0.304210    10.9232    -1.7107     -0.597     0.2008    -0.2273 -9.990e-29
 148.708056     -0.572   0.400949    10.9201    -1.7105     -0.567     0.2668    -0.1753 -9.990e-29
 148.708061     -0.534   0.691512    10.9138    -1.7105     -0.530     0.4692    -0.0160 -9.990e-29
 148.708067     -0.490   1.564981    10.8971    -1.7107     -0.486     1.1021     0.4810 -9.990e-29
 148.708073     -0.443   4.188198    10.8490    -1.7109     -0.439     3.1246     2.0630 -9.990e-29
 148.708079     -0.390  12.060446    10.7676    -1.7110     -0.387     9.7351     7.2045 -9.990e-29
 148.708084     -0.326  23.861682    10.6922    -1.7110     -0.323    20.4899    15.5509 -9.990e-29
 148.708090     -0.253  31.714306    10.6466    -1.7106     -0.251    28.0565    21.4332 -9.990e-29
 148.708096     -0.174  34.320261    10.6229    -1.7105     -0.173    30.6403    23.4470 -9.990e-29
 148.708102     -0.092  35.189981    10.6126    -1.7107     -0.091    31.5120    24.1274 -9.990e-29
 148.708108     -0.016  35.487013    10.6110    -1.7109     -0.016    31.8089    24.3589 -9.990e-29
 148.708113      0.047  35.591726    10.6121    -1.7108      0.047    31.9122    24.4391 -9.990e-29
 148.708119      0.097  35.624702    10.6111    -1.7110      0.096    31.9459    24.4655 -9.990e-29
 148.708125      0.136  35.627677    10.6081    -1.7111      0.135    31.9515    24.4704 -9.990e-29
 148.708131      0.168  35.622545    10.6056    -1.7112      0.167    31.9486    24.4685 -9.990e-29
 148.708137      0.194  35.619828    10.6063    -1.7111      0.192    31.9452    24.4658 -9.990e-29
 148.708142      0.215  35.620391    10.6095    -1.7111      0.213    31.9430    24.4635 -9.990e-29
 148.708148      0.234  35.622190    10.6100    -1.7112      0.232    31.9443    24.4645 -9.990e-29
 148.708154      0.251  35.624830    10.6062    -1.7115      0.249    31.9503    24.4698 -9.990e-29
 148.708160      0.267  35.629041    10.6026    -1.7116      0.265    31.9576    24.4761 -9.990e-29
 148.708166      0.280  35.634285    10.6023    -1.7114      0.278    31.9631    24.4804 -9.990e-29
 148.708171      0.285  35.636922    10.6030    -1.7115      0.283    31.9651    24.4819 -9.990e-29
 148.708177      0.288  35.632072    10.6017    -1.7114      0.286    31.9614    24.4792 -9.990e-29
 148.708183      0.292  35.622796    10.5980    -1.7118      0.290    31.9554    24.4752 -9.990e-29
 148.708189      0.298  35.618012    10.5939    -1.7118      0.296    31.9543    24.4749 -9.990e-29
 148.708194      0.303  35.622548    10.5927    -1.7116      0.300    31.9598    24.4795 -9.990e-29
 148.708200      0.302  35.630699    10.5938    -1.7116      0.299    31.9670    24.4849 -9.990e-29
 148.708206      0.299  35.629818    10.5938    -1.7116      0.297    31.9661    24.4842 -9.990e-29
 148.708212      0.299  35.618738    10.5923    -1.7118      0.297    31.9564    24.4769 -9.990e-29
 148.708218      0.301  35.607892    10.5899    -1.7120      0.298    31.9477    24.4705 -9.990e-29
 148.708223      0.306  35.605784    10.5880    -1.7119      0.303    31.9472    24.4705 -9.990e-29
 148.708229      0.310  35.611851    10.5872    -1.7116      0.307    31.9540    24.4759 -9.990e-29
 148.708235      0.308  35.615710    10.5864    -1.7116      0.305    31.9585    24.4795 -9.990e-29
 148.708241      0.305  35.610754    10.5851    -1.7116      0.302    31.9547    24.4768 -9.990e-29
 148.708247      0.305  35.602699    10.5837    -1.7118      0.302    31.9479    24.4717 -9.990e-29
 148.708252      0.307  35.601533    10.5826    -1.7116      0.304    31.9477    24.4718 -9.990e-29
 148.708258      0.309  35.607947    10.5820    -1.7115      0.306    31.9546    24.4773 -9.990e-29
 148.708264      0.305  35.612581    10.5810    -1.7114      0.302    31.9601    24.4817 -9.990e-29
 148.708270      0.299  35.609863    10.5796    -1.7114      0.297    31.9587    24.4808 -9.990e-29
 148.708275      0.296  35.604015    10.5784    -1.7115      0.294    31.9539    24.4773 -9.990e-29
 148.708281      0.295  35.602926    10.5778    -1.7118      0.293    31.9533    24.4770 -9.990e-29
 148.708287      0.297  35.609630    10.5780    -1.7119      0.295    31.9598    24.4820 -9.990e-29
 148.708293      0.300  35.619073    10.5788    -1.7118      0.297    31.9685    24.4886 -9.990e-29
 148.708299      0.307  35.623694    10.5795    -1.7117      0.304    31.9725    24.4916 -9.990e-29
 148.708304      0.312  35.622382    10.5798    -1.7115      0.309    31.9710    24.4904 -9.990e-29
 148.708310      0.312  35.621792    10.5804    -1.7116      0.309    31.9698    24.4894 -9.990e-29
 148.708316      0.310  35.625625    10.5820    -1.7117      0.307    31.9723    24.4910 -9.990e-29
 148.708322      0.312  35.629481    10.5845    -1.7117      0.309    31.9739    24.4919 -9.990e-29
 148.708328      0.318  35.628430    10.5859    -1.7116      0.315    31.9716    24.4898 -9.990e-29
 148.708333      0.327  35.620518    10.5840    -1.7114      0.324    31.9654    24.4853 -9.990e-29
 148.708339      0.340  35.609200    10.5801    -1.7114      0.337    31.9575    24.4799 -9.990e-29
 148.708345      0.358  35.604033    10.5775    -1.7114      0.355    31.9547    24.4781 -9.990e-29
 148.708351      0.378  35.609332    10.5775    -1.7114      0.375    31.9599    24.4822 -9.990e-29
 148.708356      0.393  35.619289    10.5796    -1.7113      0.390    31.9680    24.4881 -9.990e-29
 148.708362      0.400  35.627028    10.5827    -1.7113      0.397    31.9730    24.4915 -9.990e-29
 148.708368      0.398  35.627194    10.5854    -1.7118      0.395    31.9708    24.4893 -9.990e-29
 148.708374      0.392  35.617779    10.5859    -1.7116      0.389    31.9610    24.4816 -9.990e-29
 148.708380      0.390  35.606953    10.5844    -1.7115      0.387    31.9515    24.4744 -9.990e-29
 148.708385      0.392  35.606608    10.5836    -1.7112      0.389    31.9519    24.4748 -9.990e-29
 148.708391      0.394  35.616853    10.5842    -1.7112      0.391    31.9616    24.4823 -9.990e-29
 148.708397      0.395  35.626714    10.5850    -1.7118      0.392    31.9707    24.4893 -9.990e-29
 148.708403      0.397  35.630868    10.5859    -1.7122      0.394    31.9740    24.4917 -9.990e-29
 148.708409      0.404  35.632061    10.5871    -1.7121      0.401    31.9742    24.4916 -9.990e-29
 148.708414      0.415  35.631893    10.5872    -1.7119      0.412    31.9739    24.4914 -9.990e-29
 148.708420      0.427  35.629028    10.5853    -1.7119      0.423    31.9727    24.4908 -9.990e-29
 148.708426      0.442  35.622450    10.5827    -1.7122      0.438    31.9684    24.4879 -9.990e-29
 148.708432      0.455  35.618514    10.5818    -1.7123      0.451    31.9653    24.4856 -9.990e-29
 148.708438      0.464  35.624297    10.5824    -1.7125      0.460    31.9705    24.4896 -9.990e-29
 148.708443      0.468  35.634077    10.5813    -1.7121      0.464    31.9812    24.4981 -9.990e-29
 148.708449      0.469  35.639063    10.5773    -1.7121      0.465    31.9897    24.5054 -9.990e-29
 148.708455      0.470  35.634712    10.5724    -1.7123      0.466    31.9897    24.5062 -9.990e-29
 148.708461      0.475  35.622509    10.5683    -1.7125      0.471    31.9811    24.5002 -9.990e-29
 148.708466      0.482  35.615869    10.5660    -1.7125      0.478    31.9765    24.4970 -9.990e-29
 148.708472      0.485  35.622182    10.5656    -1.7121      0.481    31.9831    24.5023 -9.990e-29
 148.708478      0.486  35.629714    10.5660    -1.7120      0.482    31.9903    24.5078 -9.990e-29
 148.708484      0.484  35.625556    10.5659    -1.7121      0.480    31.9862    24.5046 -9.990e-29
 148.708490      0.484  35.612011    10.5648    -1.7123      0.480    31.9737    24.4951 -9.990e-29
 148.708495      0.489  35.601822    10.5638    -1.7125      0.485    31.9644    24.4880 -9.990e-29
 148.708501      0.496  35.604371    10.5637    13.2670      0.492    31.9670    24.4901 -9.990e-29
 148.708507      0.501  35.614102    10.5641    17.4577      0.497    31.9764    24.4973 -9.990e-29
 148.708513      0.504  35.615999    10.5645    17.6590      0.500    31.9779    24.4984 -9.990e-29
 148.708519      0.505  35.606999    10.5648    14.3637      0.501    31.9687    24.4912 -9.990e-29
 148.708524      0.505  35.597509    10.5652     7.5232      0.501    31.9589    24.4834 -9.990e-29
 148.708530      0.504  35.598400    10.5657     7.6319      0.500    31.9593    24.4837 -9.990e-29
 148.708536      0.501  35.608625    10.5666     7.9314      0.497    31.9687    24.4909 -9.990e-29
 148.708542      0.496  35.614390    10.5681     8.0424      0.492    31.9732    24.4941 -9.990e-29
 148.708547      0.493  35.607150    10.5701     8.0263      0.489    31.9642    24.4868 -9.990e-29
 148.708553      0.497  35.591816    10.5722     7.9764      0.493    31.9471    24.4730 -9.990e-29
 148.708559      0.502  35.578187    10.5739     7.9177      0.498    31.9320    24.4610 -9.990e-29
 148.708565      0.506  35.570496    10.5755     7.8677      0.502    31.9229    24.4537 -9.990e-29
 148.708571      0.509  35.567456    10.5774     7.8371      0.505    31.9182    24.4497 -9.990e-29
 148.708576      0.511  35.566701    10.5787     7.8105      0.507    31.9163    24.4480 -9.990e-29
 148.708582      0.511  35.566112    10.5793     7.7869      0.507    31.9152    24.4470 -9.990e-29
 148.708588      0.510  35.564911    10.5799     7.7771      0.506    31.9135    24.4456 -9.990e-29
 148.708594      0.508  35.563743    10.5812     7.7706      0.504    31.9112    24.4436 -9.990e-29
 148.708600      0.504  35.563859    10.5846     7.7663      0.500    31.9083    24.4408 -9.990e-29
 148.708605      0.499  35.565420    10.5902     7.7611      0.495    31.9050    24.4372 -9.990e-29
 148.708611      0.497  35.567154    10.5944     7.7468      0.493    31.9030    24.4350 -9.990e-29
 148.708617      0.501  35.567461    10.5943     7.7357      0.497    31.9034    24.4353 -9.990e-29
 148.708623      0.507  35.566758    10.5929     7.7231      0.503    31.9040    24.4359 -9.990e-29
 148.708628      0.512  35.566918    10.5945     7.7294      0.508    31.9027    24.4347 -9.990e-29
 148.708634      0.515  35.568158    10.5989     7.7350      0.511    31.9001    24.4319 -9.990e-29
 148.708640      0.518  35.569898    10.6040     7.7407      0.514    31.8974    24.4289 -9.990e-29
 148.708646      0.521  35.571667    10.6081     7.7389      0.517    31.8956    24.4268 -9.990e-29
 148.708652      0.523  35.573591    10.6097     7.7303      0.519    31.8961    24.4269 -9.990e-29
 148.708657      0.524  35.574882    10.6094     7.7399      0.520    31.8976    24.4282 -9.990e-29
 148.708663      0.525  35.574472    10.6104     7.7473      0.521    31.8963    24.4270 -9.990e-29
