data/oxygen options/OCNMS/OCNMS1/raw_data/2017/CAST_CA015_170925faed.cnv
* Sea-Bird SBE 19 Data File:
* FileName = C:\2017 Mooring Data\Casts\CAST_CA015_170925.hex
* Software Version SeatermAF 2.1.2
* Temperature SN = 2997
* Conductivity SN = 2997
* System UpLoad Time = Sep 25 2017 19:54:00 (localtime) = Sep 25 2017 19:54:00 (UTC)
** CAST_CA015_170925
* ds
# nquan = 9                                 
# nvalues = 5401                        
# units = specified
# name 0 = timeJ: Julian Days
# name 1 = prSM: Pressure, Strain Gauge [db]
# name 2 = c0mS/cm: Conductivity [mS/cm]
# name 3 = t090C: Temperature [ITS-90, deg C]
# name 4 = sbeox0ML/L: Oxygen, SBE 43 [ml/l]
# name 5 = depSM: Depth [salt water, m], lat = 47.5
# name 6 = sal00: Salinity, Practical [PSU]
# name 7 = sigma-é00: Density [sigma-theta, kg/m^3]
# name 8 = flag: flag
# span 0 = 268.796400, 268.827650       
# span 1 =     -4.808,     17.656       
# span 2 =   0.456768,  39.509818       
# span 3 =    11.6688,    15.4555       
# span 4 =   -11.5268,    15.6805       
# span 5 =     -4.768,     17.508       
# span 6 =     0.2728,    33.0083       
# span 7 =    -0.7563,    25.1010       
# span 8 = 0.0000e+00, 0.0000e+00       
# interval = seconds: 0.5
# start_time = Sep 25 2017 19:06:49 [Instrument's time stamp, header]
# bad_flag = -9.990e-29
*END*
[from data line 1121]
 268.802888      2.818  39.097091    13.6556     5.7466      2.794    32.6556    24.4464 0.0000e+00
 268.802894      2.643  39.103825    13.6691     5.7547      2.621    32.6504    24.4396 0.0000e+00
 268.802899      2.469  39.112012    13.6798     5.7708      2.448    32.6489    24.4363 0.0000e+00
 268.802905      2.299  39.121924    13.6888     5.7682      2.280    32.6505    24.4357 0.0000e+00
 268.802911      2.139  39.134450    13.6966     5.7516      2.121    32.6556    24.4381 0.0000e+00
 268.802917      1.992  39.147242    13.7047     5.7293      1.975    32.6606    24.4403 0.0000e+00
 268.802922      1.852  39.156063    13.7146     5.7357      1.837    32.6604    24.4382 0.0000e+00
 268.802928      1.714  39.161467    13.7235     5.7480      1.700    32.6579    24.4344 0.0000e+00
 268.802934      1.588  39.166175    13.7293     5.7474      1.575    32.6574    24.4328 -9.990e-29
 268.802940      1.486  39.171981    13.7327     5.7315      1.474    32.6599    24.4341 -9.990e-29
 268.802946      1.410  39.177099    13.7339     5.7265      1.398    32.6637    24.4367 -9.990e-29
 268.802951      1.356  39.178267    13.7335     5.7387      1.345    32.6652    24.4379 -9.990e-29
 268.802957      1.321  39.177600    13.7330     5.7478      1.310    32.6650    24.4379 -9.990e-29
 268.802963      1.297  39.178122    13.7337     5.7515      1.286    32.6649    24.4377 -9.990e-29
 268.802969      1.280  39.179405    13.7352     5.7393      1.269    32.6648    24.4373 -9.990e-29
 268.802975      1.263  39.180351    13.7357     5.7386      1.252    32.6653    24.4376 -9.990e-29
 268.802980      1.241  39.180537    13.7351     5.7461      1.231    32.6660    24.4382 -9.990e-29
 268.802986      1.221  39.179645    13.7341     5.7489      1.211    32.6660    24.4384 -9.990e-29
 268.802992      1.212  39.178163    13.7329     5.7440      1.202    32.6656    24.4384 -9.990e-29
 268.802998      1.211  39.176349    13.7309     5.7445      1.201    32.6657    24.4388 -9.990e-29
 268.803003      1.220  39.171782    13.7284     5.7429      1.210    32.6635    24.4377 -9.990e-29
 268.803009      1.238  39.168450    13.7271     5.7443      1.228    32.6615    24.4364 -9.990e-29
 268.803015      1.263  39.172547    13.7278     5.7518      1.252    32.6647    24.4388 -9.990e-29
 268.803021      1.287  39.178327    13.7292     5.7513      1.276    32.6689    24.4417 -9.990e-29
 268.803027      1.308  39.181166    13.7306     5.7462      1.297    32.6703    24.4425 -9.990e-29
 268.803032      1.327  39.182602    13.7326     5.7440      1.316    32.6700    24.4418 -9.990e-29
 268.803038      1.345  39.183426    13.7343     5.7357      1.334    32.6693    24.4410 -9.990e-29
 268.803044      1.364  39.183609    13.7355     5.7284      1.353    32.6684    24.4400 -9.990e-29
 268.803050      1.380  39.183391    13.7366     5.7306      1.368    32.6673    24.4389 -9.990e-29
 268.803056      1.387  39.184159    13.7381     5.7321      1.375    32.6667    24.4382 -9.990e-29
 268.803061      1.384  39.184688    13.7397     5.7290      1.372    32.6658    24.4372 -9.990e-29
 268.803067      1.379  39.182880    13.7400     5.7226      1.367    32.6639    24.4356 -9.990e-29
 268.803073      1.377  39.179119    13.7366     5.7212      1.366    32.6633    24.4359 -9.990e-29
 268.803079      1.377  39.172867    13.7303     5.7361      1.366    32.6629    24.4368 -9.990e-29
 268.803084      1.381  39.163627    13.7234     5.7428      1.369    32.6602    24.4361 -9.990e-29
 268.803090      1.386  39.154761    13.7182     5.7387      1.374    32.6564    24.4342 -9.990e-29
 268.803096      1.395  39.150126    13.7153     5.7404      1.383    32.6545    24.4334 -9.990e-29
 268.803102      1.404  39.150258    13.7128     5.7425      1.392    32.6568    24.4357 -9.990e-29
 268.803108      1.408  39.152524    13.7124     5.7513      1.396    32.6592    24.4376 -9.990e-29
 268.803113      1.412  39.154901    13.7169     5.7540      1.400    32.6576    24.4355 -9.990e-29
 268.803119      1.421  39.158871    13.7235     5.7501      1.409    32.6556    24.4326 -9.990e-29
 268.803125      1.432  39.163561    13.7262     5.7460      1.420    32.6577    24.4337 -9.990e-29
 268.803131      1.435  39.166255    13.7255     5.7557      1.423    32.6608    24.4362 -9.990e-29
 268.803137      1.427  39.168860    13.7259     5.7519      1.415    32.6629    24.4377 -9.990e-29
 268.803142      1.412  39.172604    13.7283     5.7500      1.400    32.6643    24.4383 -9.990e-29
 268.803148      1.398  39.176310    13.7310     5.7536      1.386    32.6655    24.4387 -9.990e-29
 268.803154      1.388  39.179873    13.7334     5.7573      1.376    32.6667    24.4392 -9.990e-29
 268.803160      1.381  39.183558    13.7361     5.7609      1.369    32.6678    24.4395 -9.990e-29
 268.803166      1.376  39.186672    13.7383     5.7398      1.365    32.6689    24.4398 -9.990e-29
 268.803171      1.375  39.187759    13.7392     5.7316      1.364    32.6691    24.4398 -9.990e-29
 268.803177      1.371  39.186585    13.7393     5.7413      1.360    32.6679    24.4389 -9.990e-29
 268.803183      1.356  39.184940    13.7397     5.7486      1.345    32.6661    24.4374 -9.990e-29
 268.803189      1.330  39.184547    13.7408     5.7570      1.319    32.6648    24.4362 -9.990e-29
 268.803194      1.303  39.185437    13.7426     5.7543      1.292    32.6641    24.4352 -9.990e-29
 268.803200      1.283  39.187671    13.7443     5.7495      1.272    32.6647    24.4354 -9.990e-29
 268.803206      1.264  39.190303    13.7456     5.7557      1.253    32.6661    24.4362 -9.990e-29
 268.803212      1.240  39.191793    13.7471     5.7637      1.230    32.6662    24.4359 -9.990e-29
 268.803218      1.214  39.193564    13.7491     5.7653      1.204    32.6661    24.4355 -9.990e-29
 268.803223      1.193  39.195732    13.7509     5.7708      1.183    32.6666    24.4355 -9.990e-29
 268.803229      1.180  39.195020    13.7515     5.7676      1.170    32.6654    24.4345 -9.990e-29
 268.803235      1.174  39.192715    13.7512     5.7710      1.164    32.6636    24.4331 -9.990e-29
 268.803241      1.175  39.193023    13.7511     5.7773      1.165    32.6639    24.4334 -9.990e-29
 268.803247      1.179  39.194669    13.7502     5.7629      1.169    32.6662    24.4354 -9.990e-29
 268.803252      1.181  39.193678    13.7480     5.7585      1.171    32.6672    24.4365 -9.990e-29
 268.803258      1.181  39.189845    13.7459     5.7542      1.171    32.6654    24.4356 -9.990e-29
 268.803264      1.180  39.187016    13.7443     5.7547      1.170    32.6641    24.4350 -9.990e-29
 268.803270      1.183  39.187018    13.7430     5.7540      1.173    32.6653    24.4361 -9.990e-29
 268.803275      1.192  39.187607    13.7426     5.7590      1.182    32.6661    24.4368 -9.990e-29
 268.803281      1.205  39.187323    13.7434     5.7546      1.195    32.6652    24.4359 -9.990e-29
 268.803287      1.213  39.187462    13.7447     5.7545      1.203    32.6642    24.4349 -9.990e-29
 268.803293      1.214  39.188764    13.7454     5.7558      1.204    32.6648    24.4352 -9.990e-29
 268.803299      1.207  39.190159    13.7453     5.7544      1.197    32.6662    24.4363 -9.990e-29
 268.803304      1.197  39.191259    13.7453     5.7631      1.187    32.6672    24.4371 -9.990e-29
 268.803310      1.190  39.192408    13.7452     5.7708      1.180    32.6684    24.4380 -9.990e-29
 268.803316      1.190  39.192890    13.7444     5.7720      1.180    32.6695    24.4391 -9.990e-29
 268.803322      1.195  39.191664    13.7432     5.7704      1.185    32.6694    24.4392 -9.990e-29
 268.803328      1.194  39.189890    13.7416     5.7603      1.184    32.6691    24.4393 -9.990e-29
 268.803333      1.189  39.188559    13.7397     5.7504      1.179    32.6695    24.4400 -9.990e-29
 268.803339      1.183  39.187012    13.7386     5.7485      1.173    32.6690    24.4399 -9.990e-29
 268.803345      1.175  39.185980    13.7387     5.7437      1.165    32.6680    24.4390 -9.990e-29
 268.803351      1.166  39.186323    13.7398     5.7468      1.156    32.6673    24.4383 -9.990e-29
 268.803356      1.155  39.187373    13.7420     5.7567      1.145    32.6665    24.4372 -9.990e-29
 268.803362      1.144  39.188845    13.7445     5.7530      1.134    32.6657    24.4361 -9.990e-29
 268.803368      1.139  39.190457    13.7463     5.7422      1.129    32.6657    24.4357 -9.990e-29
 268.803374      1.138  39.191367    13.7470     5.7321      1.128    32.6659    24.4358 -9.990e-29
 268.803380      1.142  39.191107    13.7466     5.7290      1.132    32.6660    24.4359 -9.990e-29
 268.803385      1.146  39.188596    13.7458     5.7407      1.136    32.6644    24.4348 -9.990e-29
 268.803391      1.142  39.181626    13.7442     5.7487      1.132    32.6592    24.4312 -9.990e-29
 268.803397      1.130  39.173622    13.7413     5.7511      1.121    32.6543    24.4279 -9.990e-29
 268.803403      1.118  39.171296    13.7377     5.7555      1.109    32.6552    24.4294 -9.990e-29
 268.803409      1.109  39.172688    13.7341     5.7541      1.100    32.6596    24.4335 -9.990e-29
 268.803414      1.103  39.172952    13.7305     5.7669      1.094    32.6629    24.4368 -9.990e-29
 268.803420      1.099  39.172458    13.7267     5.7618      1.090    32.6657    24.4397 -9.990e-29
 268.803426      1.097  39.171687    13.7235     5.7576      1.088    32.6677    24.4419 -9.990e-29
 268.803432      1.096  39.169631    13.7225     5.7547      1.087    32.6666    24.4413 -9.990e-29
 268.803437      1.098  39.169167    13.7239     5.7637      1.089    32.6650    24.4398 -9.990e-29
 268.803443      1.101  39.173059    13.7274     5.7759      1.092    32.6656    24.4395 -9.990e-29
 268.803449      1.107  39.178672    13.7318     5.7703      1.098    32.6671    24.4398 -9.990e-29
 268.803455      1.114  39.182865    13.7354     5.7595      1.105    32.6679    24.4397 -9.990e-29
 268.803461      1.121  39.186207    13.7374     5.7577      1.112    32.6693    24.4403 -9.990e-29
 268.803466      1.122  39.189252    13.7383     5.7708      1.113    32.6714    24.4417 -9.990e-29
 268.803472      1.123  39.190477    13.7391     5.7713      1.114    32.6718    24.4419 -9.990e-29
 268.803478      1.127  39.190978    13.7399     5.7645      1.118    32.6716    24.4416 -9.990e-29
 268.803484      1.135  39.190882    13.7402     5.7634      1.126    32.6713    24.4413 -9.990e-29
 268.803490      1.147  39.189519    13.7402     5.7598      1.137    32.6700    24.4403 -9.990e-29
 268.803495      1.159  39.188452    13.7403     5.7708      1.149    32.6689    24.4394 -9.990e-29
 268.803501      1.165  39.187959    13.7408     5.7735      1.155    32.6680    24.4387 -9.990e-29
 268.803507      1.164  39.189082    13.7417     5.7705      1.154    32.6683    24.4387 -9.990e-29
 268.803513      1.165  39.191098    13.7422     5.7691      1.155    32.6697    24.4397 -9.990e-29
 268.803519      1.167  39.191112    13.7422     5.7662      1.157    32.6697    24.4397 -9.990e-29
 268.803524      1.164  39.190281    13.7427     5.7531      1.154    32.6686    24.4387 -9.990e-29
 268.803530      1.149  39.190320    13.7442     5.7370      1.139    32.6673    24.4374 -9.990e-29
 268.803536      1.126  39.191298    13.7471     5.7215      1.117    32.6658    24.4356 -9.990e-29
 268.803542      1.103  39.193980    13.7507     5.7080      1.094    32.6652    24.4345 -9.990e-29
 268.803547      1.082  39.197479    13.7531     5.6941      1.073    32.6664    24.4349 -9.990e-29
 268.803553      1.058  39.199200    13.7541     5.6386      1.049    32.6672    24.4353 -9.990e-29
 268.803559      1.021  39.199214    13.7539     5.5678      1.012    32.6674    24.4355 -9.990e-29
 268.803565      0.967  39.199240    13.7532     5.4977      0.959    32.6680    24.4361 -9.990e-29
 268.803571      0.907  39.199332    13.7531     6.4924      0.899    32.6682    24.4363 -9.990e-29
 268.803576      0.850  39.199075    13.7541     6.5036      0.843    32.6671    24.4352 -9.990e-29
 268.803582      0.801  39.198146    13.7559     6.4485      0.794    32.6647    24.4330 -9.990e-29
 268.803588      0.760  39.195327    13.7582     6.4061      0.754    32.6602    24.4290 -9.990e-29
 268.803594      0.721  39.185759    13.7625     6.2065      0.715    32.6477    24.4185 -9.990e-29
 268.803600      0.681  39.155584    13.7716     6.1538      0.675    32.6119    24.3890 -9.990e-29
 268.803605      0.646  39.065148    13.7864     6.1220      0.641    32.5154    24.3115 -9.990e-29
 268.803611      0.619  38.796691    13.8040     6.1265      0.614    32.2518    24.1042 -9.990e-29
 268.803617      0.598  37.997895    13.8205     6.1248      0.593    31.4998    23.5202 -9.990e-29
 268.803623      0.581  35.606520    13.8347     6.0489      0.576    29.2939    21.8151 -9.990e-29
 268.803628      0.567  28.432971    13.8470     6.0577      0.562    22.8388    16.8403 -9.990e-29
 268.803634      0.556  17.568573    13.8584     6.1489      0.551    13.4848     9.6491 -9.990e-29
 268.803640      0.546  10.039663    13.8695     6.1702      0.541     7.3562     4.9391 -9.990e-29
 268.803646      0.537   7.011775    13.8812     6.1807      0.533     5.0003     3.1252 -9.990e-29
 268.803652      0.529   5.682220    13.8935     6.1881      0.525     3.9917     2.3466 -9.990e-29
 268.803657      0.521   5.168712    13.9052     6.1807      0.517     3.6066     2.0482 -9.990e-29
 268.803663      0.513   4.637223    13.9158     6.1967      0.509     3.2117     1.7423 -9.990e-29
 268.803669      0.503   4.060070    13.9254     6.1939      0.499     2.7874     1.4136 -9.990e-29
 268.803675      0.492   3.934934    13.9339     6.1944      0.488     2.6955     1.3415 -9.990e-29
 268.803681      0.479   4.534077    13.9415     6.2041      0.475     3.1336     1.6783 -9.990e-29
 268.803686      0.466   5.430559    13.9486     6.2014      0.462     3.7977     2.1891 -9.990e-29
 268.803692      0.463   5.521282    13.9557     6.2082      0.459     3.8648     2.2398 -9.990e-29
 268.803698      0.468   4.731232    13.9631     6.2211      0.464     3.2772     1.7858 -9.990e-29
 268.803704      0.473   3.929618    13.9711     6.2270      0.469     2.6891     1.3312 -9.990e-29
 268.803709      0.475   3.411677    13.9793     6.2253      0.471     2.3138     1.0404 -9.990e-29
 268.803715      0.474   3.038012    13.9873     6.2312      0.470     2.0457     0.8323 -9.990e-29
 268.803721      0.469   2.763261    13.9953     6.2310      0.465     1.8501     0.6800 -9.990e-29
 268.803727      0.464   2.623381    14.0033     6.2402      0.460     1.7508     0.6022 -9.990e-29
 268.803733      0.464   2.614963    14.0108    -8.1799      0.460     1.7446     0.5963 -9.990e-29
 268.803738      0.464   2.619707    14.0183   -11.3026      0.460     1.7476     0.5975 -9.990e-29
 268.803744      0.464   2.558501    14.0276   -11.2739      0.460     1.7040     0.5626 -9.990e-29
 268.803750      0.469   2.442947    14.0393    -8.1447      0.465     1.6224     0.4978 -9.990e-29
 268.803756      0.474   2.303168    14.0518    -1.9176      0.470     1.5241     0.4200 -9.990e-29
 268.803762      0.475   2.156944    14.0633    -1.9167      0.471     1.4218     0.3393 -9.990e-29
 268.803767      0.474   2.009010    14.0742    -1.9165      0.470     1.3189     0.2581 -9.990e-29
 268.803773      0.468   1.872343    14.0861    -1.9162      0.464     1.2242     0.1833 -9.990e-29
 268.803779      0.463   1.757182    14.1001    -1.9167      0.459     1.1447     0.1198 -9.990e-29
 268.803785      0.463   1.669147    14.1161    -1.9177      0.459     1.0841     0.0706 -9.990e-29
 268.803791      0.462   1.622292    14.1327    -1.9175      0.458     1.0517     0.0432 -9.990e-29
 268.803796      0.457   1.630115    14.1485    -1.9163      0.453     1.0566     0.0447 -9.990e-29
 268.803802      0.452   1.722458    14.1625    -1.9158      0.448     1.1192     0.0911 -9.990e-29
