data/oxygen options/OCNMS/OCNMS1/raw_data/2017/CAST_CE042_170726faed.cnv
* Sea-Bird SBE 19 Data File:
* FileName = C:\2017 Mooring Data\Casts\CAST_CE042_170726.hex
* Software Version SeatermAF 2.1.2
* Temperature SN = 2997
* Conductivity SN = 2997
* System UpLoad Time = Jul 26 2017 20:59:32 (localtime) = Jul 26 2017 20:59:32 (UTC)
** CAST_CE042_170726
* ds
# nquan = 9                                 
# nvalues = 1112                        
# units = specified
# name 0 = timeJ: Julian Days
# name 1 = prSM: Pressure, Strain Gauge [db]
# name 2 = c0mS/cm: Conductivity [mS/cm]
# name 3 = t090C: Temperature [ITS-90, deg C]
# name 4 = sbeox0ML/L: Oxygen, SBE 43 [ml/l]
# name 5 = depSM: Depth [salt water, m], lat = 47.5
# name 6 = sal00: Salinity, Practical [PSU]
# name 7 = sigma-é00: Density [sigma-theta, kg/m^3]
# name 8 = flag: flag
# span 0 = 207.813634, 207.820064       
# span 1 =     -4.566,     42.737       
# span 2 =   0.295059,  38.529081       
# span 3 =     7.8876,    17.3361       
# span 4 =    -1.8533,    17.4534       
# span 5 =     -4.528,     42.376       
# span 6 =     0.1676,    33.8309       
# span 7 =    -1.1286,    26.3719       
# span 8 = 0.0000e+00, 0.0000e+00       
# interval = seconds: 0.5
# start_time = Jul 26 2017 19:31:38 [Instrument's time stamp, header]
# bad_flag = -9.990e-29
*END*
[from data line 161]
 207.814566     -1.834   0.742164    17.2337    -1.8101     -1.819     0.4308    -0.9329 -9.990e-29
 207.814572     -1.816   0.739988    17.2449    -1.8105     -1.801     0.4294    -0.9360 -9.990e-29
 207.814578     -1.793   0.735395    17.2535    -1.8110     -1.778     0.4266    -0.9397 -9.990e-29
 207.814583     -1.768   0.731129    17.2588    -1.8111     -1.753     0.4239    -0.9427 -9.990e-29
 207.814589     -1.752   0.731480    17.2623    -1.8109     -1.737     0.4241    -0.9432 -9.990e-29
 207.814595     -1.748   0.736915    17.2661    -1.8102     -1.733     0.4273    -0.9414 -9.990e-29
 207.814601     -1.747   0.741933    17.2690    -1.8096     -1.732     0.4303    -0.9396 -9.990e-29
 207.814606     -1.746   0.741031    17.2689    -1.8098     -1.731     0.4298    -0.9400 -9.990e-29
 207.814612     -1.743   0.734670    17.2681    -1.8096     -1.728     0.4260    -0.9428 -9.990e-29
 207.814618     -1.740   0.727116    17.2667    -1.8097     -1.725     0.4215    -0.9460 -9.990e-29
 207.814624     -1.735   0.722152    17.2614    -1.8097     -1.721     0.4185    -0.9473 -9.990e-29
 207.814630     -1.729   0.720919    17.2553    -1.8095     -1.715     0.4178    -0.9468 -9.990e-29
 207.814635     -1.720   0.721221    17.2545    -1.8087     -1.706     0.4180    -0.9465 -9.990e-29
 207.814641     -1.714   0.720135    17.2608    -1.8082     -1.700     0.4173    -0.9481 -9.990e-29
 207.814647     -1.712   0.717322    17.2715    -1.8078     -1.698     0.4155    -0.9514 -9.990e-29
 207.814653     -1.713   0.714019    17.2808    -1.8076     -1.699     0.4135    -0.9547 -9.990e-29
 207.814659     -1.705   0.711363    17.2852    -1.8082     -1.691     0.4118    -0.9567 -9.990e-29
 207.814664     -1.691   0.710802    17.2873    -1.8088     -1.677     0.4115    -0.9574 -9.990e-29
 207.814670     -1.675   0.712694    17.2894    -1.8090     -1.661     0.4126    -0.9569 -9.990e-29
 207.814676     -1.663   0.714577    17.2937    -1.8094     -1.649     0.4137    -0.9568 -9.990e-29
 207.814682     -1.654   0.713419    17.3025    -1.8094     -1.640     0.4129    -0.9590 -9.990e-29
 207.814687     -1.646   0.709338    17.3149    -1.8095     -1.632     0.4103    -0.9632 -9.990e-29
 207.814693     -1.640   0.705760    17.3266    -1.8096     -1.626     0.4081    -0.9670 -9.990e-29
 207.814699     -1.634   0.706228    17.3345    -1.8106     -1.620     0.4083    -0.9682 -9.990e-29
 207.814705     -1.629   0.709704    17.3361    -1.8106     -1.615     0.4103    -0.9669 -9.990e-29
 207.814711     -1.624   0.710291    17.3300    -1.8107     -1.610     0.4107    -0.9655 -9.990e-29
 207.814716     -1.618   0.704893    17.3200    -1.8110     -1.605     0.4076    -0.9661 -9.990e-29
 207.814722     -1.613   0.697397    17.3099    -1.8116     -1.600     0.4032    -0.9677 -9.990e-29
 207.814728     -1.606   0.693881    17.3010    -1.8119     -1.593     0.4012    -0.9677 -9.990e-29
 207.814734     -1.599   0.697971    17.2946    -1.8119     -1.586     0.4037    -0.9646 -9.990e-29
 207.814740     -1.589   0.707916    17.2897    -1.8114     -1.576     0.4097    -0.9591 -9.990e-29
 207.814745     -1.577   0.715916    17.2823    -1.8111     -1.564     0.4146    -0.9541 -9.990e-29
 207.814751     -1.563   0.716010    17.2731    -1.8113     -1.550     0.4147    -0.9523 -9.990e-29
 207.814757     -1.544   0.709985    17.2668    -1.8110     -1.531     0.4112    -0.9539 -9.990e-29
 207.814763     -1.520   0.702555    17.2620    -1.8107     -1.507     0.4068    -0.9565 -9.990e-29
 207.814769     -1.493   0.696562    17.2544    -1.8103     -1.481     0.4033    -0.9578 -9.990e-29
 207.814774     -1.471   0.692328    17.2454    -1.8108     -1.459     0.4008    -0.9581 -9.990e-29
 207.814780     -1.456   0.688643    17.2394    -1.8118     -1.444     0.3986    -0.9587 -9.990e-29
 207.814786     -1.447   0.685026    17.2394    -1.8122     -1.435     0.3965    -0.9604 -9.990e-29
 207.814792     -1.444   0.682753    17.2438    -1.8121     -1.432     0.3951    -0.9622 -9.990e-29
 207.814797     -1.446   0.683780    17.2484    -1.8118     -1.434     0.3957    -0.9626 -9.990e-29
 207.814803     -1.450   0.687815    17.2525    -1.8120     -1.438     0.3980    -0.9615 -9.990e-29
 207.814809     -1.451   0.690816    17.2580    -1.8129     -1.439     0.3998    -0.9611 -9.990e-29
 207.814815     -1.450   0.689023    17.2642    -1.8135     -1.438     0.3986    -0.9631 -9.990e-29
 207.814821     -1.442   0.683373    17.2657    -1.8137     -1.430     0.3952    -0.9660 -9.990e-29
 207.814826     -1.426   0.677971    17.2578    -1.8142     -1.414     0.3921    -0.9670 -9.990e-29
 207.814832     -1.411   0.675588    17.2445    -1.8145     -1.399     0.3908    -0.9657 -9.990e-29
 207.814838     -1.399   0.675820    17.2349    -1.8144     -1.387     0.3910    -0.9638 -9.990e-29
 207.814844     -1.390   0.676205    17.2319    -1.8146     -1.378     0.3913    -0.9630 -9.990e-29
 207.814850     -1.383   0.675040    17.2305    -1.8158     -1.371     0.3906    -0.9633 -9.990e-29
 207.814855     -1.377   0.672988    17.2236    -1.8178     -1.366     0.3894    -0.9630 -9.990e-29
 207.814861     -1.372   0.670639    17.2108    -1.8198     -1.361     0.3881    -0.9617 -9.990e-29
 207.814867     -1.369   0.667078    17.1978    -1.8217     -1.358     0.3861    -0.9610 -9.990e-29
 207.814873     -1.366   0.661990    17.1866    -1.8230     -1.355     0.3832    -0.9613 -9.990e-29
 207.814878     -1.364   0.656905    17.1764    -1.8242     -1.353     0.3802    -0.9617 -9.990e-29
 207.814884     -1.362   0.653909    17.1683    -1.8250     -1.351     0.3785    -0.9616 -9.990e-29
 207.814890     -1.361   0.653442    17.1601    -1.8256     -1.350     0.3783    -0.9603 -9.990e-29
 207.814896     -1.360   0.654325    17.1438    -1.8264     -1.349     0.3790    -0.9569 -9.990e-29
 207.814902     -1.359   0.655521    17.1130    -1.8273     -1.348     0.3800    -0.9507 -9.990e-29
 207.814907     -1.358   0.656408    17.0695    -1.8284     -1.347     0.3809    -0.9424 -9.990e-29
 207.814913     -1.358   0.656505    17.0211    -1.8291     -1.347     0.3814    -0.9335 -9.990e-29
 207.814919     -1.357   0.655386    16.9756    -1.8297     -1.346     0.3811    -0.9258 -9.990e-29
 207.814925     -1.357   0.652668    16.9370    -1.8306     -1.346     0.3798    -0.9201 -9.990e-29
 207.814931     -1.356   0.648608    16.9055    -1.8317     -1.345     0.3777    -0.9162 -9.990e-29
 207.814936     -1.355   0.644443    16.8800    -1.8322     -1.344     0.3754    -0.9136 -9.990e-29
 207.814942     -1.355   0.641825    16.8577    -1.8326     -1.344     0.3740    -0.9108 -9.990e-29
 207.814948     -1.354   0.641695    16.8350    -1.8332     -1.343     0.3742    -0.9068 -9.990e-29
 207.814954     -1.353   0.642773    16.8107    -1.8336     -1.342     0.3750    -0.9019 -9.990e-29
 207.814959     -1.351   0.642617    16.7862    -1.8330     -1.340     0.3751    -0.8976 -9.990e-29
 207.814965     -1.350   0.641571    16.7638    -1.8323     -1.339     0.3747    -0.8941 -9.990e-29
 207.814971     -1.347   0.642121    16.7428    -1.8316     -1.336     0.3752    -0.8901 -9.990e-29
 207.814977     -1.345   0.644448    16.7208    -1.8310     -1.334     0.3768    -0.8850 -9.990e-29
 207.814983     -1.341   0.645555    16.6996    -1.8313     -1.330     0.3777    -0.8807 -9.990e-29
 207.814988     -1.337   0.643039    16.6828    -1.8312     -1.326     0.3763    -0.8789 -9.990e-29
 207.814994     -1.331   0.638535    16.6694    -1.8313     -1.320     0.3737    -0.8786 -9.990e-29
 207.815000     -1.323   0.635456    16.6587    -1.8314     -1.312     0.3720    -0.8782 -9.990e-29
 207.815006     -1.314   0.635242    16.6556    -1.8319     -1.303     0.3719    -0.8777 -9.990e-29
 207.815012     -1.301   0.636499    16.6633    -1.8321     -1.290     0.3725    -0.8785 -9.990e-29
 207.815017     -1.285   0.636468    16.6777    -1.8323     -1.274     0.3724    -0.8811 -9.990e-29
 207.815023     -1.265   0.634553    16.6926    -1.8327     -1.254     0.3711    -0.8846 -9.990e-29
 207.815029     -1.242   0.632636    16.7025    -1.8318     -1.232     0.3699    -0.8873 -9.990e-29
 207.815035     -1.226   0.632041    16.7054    -1.8307     -1.216     0.3695    -0.8881 -9.990e-29
 207.815041     -1.218   0.632528    16.7047    -1.8296     -1.208     0.3698    -0.8877 -9.990e-29
 207.815046     -1.215   0.633084    16.7028    -1.8294     -1.205     0.3701    -0.8871 -9.990e-29
 207.815052     -1.206   0.632973    16.6989    -1.8304     -1.196     0.3701    -0.8865 -9.990e-29
 207.815058     -1.192   0.632045    16.6927    -1.8309     -1.182     0.3696    -0.8858 -9.990e-29
 207.815064     -1.181   0.629804    16.6867    -1.8312     -1.171     0.3683    -0.8858 -9.990e-29
 207.815069     -1.176   0.626032    16.6830    -1.8307     -1.166     0.3660    -0.8869 -9.990e-29
 207.815075     -1.172   0.622537    16.6856    -1.8296     -1.162     0.3639    -0.8890 -9.990e-29
 207.815081     -1.164   0.621863    16.6986    -1.8293     -1.154     0.3634    -0.8916 -9.990e-29
 207.815087     -1.158   0.625330    16.7190    -1.8293     -1.148     0.3653    -0.8936 -9.990e-29
 207.815093     -1.151   0.630909    16.7369    -1.8296     -1.141     0.3685    -0.8942 -9.990e-29
 207.815098     -1.140   0.633848    16.7419    -1.8304     -1.130     0.3702    -0.8937 -9.990e-29
 207.815104     -1.129   0.632524    16.7344    -1.8299     -1.120     0.3695    -0.8930 -9.990e-29
 207.815110     -1.119   0.629051    16.7251    -1.8291     -1.110     0.3675    -0.8930 -9.990e-29
 207.815116     -1.112   0.625450    16.7233    -1.8289     -1.103     0.3653    -0.8943 -9.990e-29
 207.815122     -1.107   0.623014    16.7321    -1.8298     -1.098     0.3638    -0.8970 -9.990e-29
 207.815127     -1.103   0.621821    16.7460    -1.8305     -1.094     0.3630    -0.9001 -9.990e-29
 207.815133     -1.100   0.620280    16.7555    -1.8300     -1.091     0.3619    -0.9025 -9.990e-29
 207.815139     -1.097   0.617447    16.7570    -1.8295     -1.088     0.3602    -0.9040 -9.990e-29
 207.815145     -1.096   0.614531    16.7523    -1.8301     -1.087     0.3585    -0.9046 -9.990e-29
 207.815150     -1.095   0.613188    16.7482    -1.8317     -1.086     0.3577    -0.9045 -9.990e-29
 207.815156     -1.094   0.613842    16.7522    -1.8331     -1.085     0.3581    -0.9049 -9.990e-29
 207.815162     -1.093   0.615149    16.7602    -1.8336     -1.084     0.3588    -0.9057 -9.990e-29
 207.815168     -1.094   0.614973    16.7608    -1.8328     -1.085     0.3587    -0.9059 -9.990e-29
 207.815174     -1.094   0.613081    16.7522    -1.8318     -1.085     0.3576    -0.9052 -9.990e-29
 207.815179     -1.095   0.611385    16.7444    -1.8321     -1.086     0.3567    -0.9046 -9.990e-29
 207.815185     -1.097   0.611501    16.7437    -1.8321     -1.088     0.3568    -0.9044 -9.990e-29
 207.815191     -1.095   0.613032    16.7423    -1.8320     -1.086     0.3577    -0.9035 -9.990e-29
 207.815197     -1.085   0.613585    16.7286    -1.8318     -1.076     0.3581    -0.9008 -9.990e-29
 207.815203     -1.074   0.611680    16.7030    -1.8309     -1.065     0.3572    -0.8971 -9.990e-29
 207.815208     -1.072   0.608658    16.6786    -1.8300     -1.063     0.3556    -0.8942 -9.990e-29
 207.815214     -1.072   0.606586    16.6687    -1.8298     -1.063     0.3544    -0.8934 -9.990e-29
 207.815220     -1.072   0.606027    16.6749    -1.8300     -1.063     0.3540    -0.8947 -9.990e-29
 207.815226     -1.071   0.605681    16.6855    -1.8303     -1.062     0.3537    -0.8968 -9.990e-29
 207.815231     -1.069   0.603980    16.6903    -1.8305     -1.060     0.3527    -0.8984 -9.990e-29
 207.815237     -1.065   0.601425    16.6921    -1.8301     -1.056     0.3511    -0.8999 -9.990e-29
 207.815243     -1.061   0.600153    16.6964    -1.8296     -1.052     0.3503    -0.9013 -9.990e-29
 207.815249     -1.054   0.601239    16.7063    -1.8291     -1.045     0.3509    -0.9025 -9.990e-29
 207.815255     -1.045   0.603915    16.7222    -1.8282     -1.036     0.3524    -0.9041 -9.990e-29
 207.815260     -1.034   0.606208    16.7376    -1.8280     -1.025     0.3536    -0.9058 -9.990e-29
 207.815266     -1.024   0.606188    16.7451    -1.8281     -1.015     0.3535    -0.9071 -9.990e-29
 207.815272     -1.018   0.603828    16.7450    -1.8276     -1.010     0.3521    -0.9082 -9.990e-29
 207.815278     -1.012   0.600969    16.7426    -1.8268     -1.004     0.3504    -0.9091 -9.990e-29
 207.815284     -1.002   0.599340    16.7431    -1.8267     -0.994     0.3494    -0.9100 -9.990e-29
 207.815289     -0.990   0.598987    16.7498    -1.8266     -0.982     0.3492    -0.9113 -9.990e-29
 207.815295     -0.980   0.598334    16.7620    -1.8270     -0.972     0.3487    -0.9138 -9.990e-29
 207.815301     -0.969   0.595956    16.7771    -1.8281     -0.961     0.3471    -0.9176 -9.990e-29
 207.815307     -0.949   0.592562    16.7915    -1.8294     -0.941     0.3450    -0.9217 -9.990e-29
 207.815313     -0.925   0.590276    16.8008    -1.8298     -0.917     0.3435    -0.9245 -9.990e-29
 207.815318     -0.904   0.590484    16.8073    -1.8297     -0.896     0.3436    -0.9255 -9.990e-29
 207.815324     -0.888   0.593465    16.8170    -1.8291     -0.881     0.3453    -0.9259 -9.990e-29
 207.815330     -0.876   0.597651    16.8279    -1.8287     -0.869     0.3477    -0.9259 -9.990e-29
 207.815336     -0.869   0.599758    16.8341    -1.8286     -0.862     0.3489    -0.9260 -9.990e-29
 207.815341     -0.864   0.598715    16.8324    -1.8283     -0.857     0.3483    -0.9262 -9.990e-29
 207.815347     -0.862   0.596457    16.8207    -1.8275     -0.855     0.3471    -0.9251 -9.990e-29
 207.815353     -0.864   0.594407    16.8002    -1.8265     -0.857     0.3460    -0.9224 -9.990e-29
 207.815359     -0.868   0.592603    16.7796    -1.8256     -0.861     0.3451    -0.9196 -9.990e-29
 207.815365     -0.871   0.590856    16.7687    -1.8249     -0.864     0.3441    -0.9185 -9.990e-29
 207.815370     -0.869   0.589054    16.7692    -1.8253     -0.862     0.3430    -0.9194 -9.990e-29
 207.815376     -0.866   0.587011    16.7767    -1.8258     -0.859     0.3417    -0.9217 -9.990e-29
 207.815382     -0.866   0.584776    16.7857    -1.8254     -0.859     0.3403    -0.9243 -9.990e-29
 207.815388     -0.864   0.582694    16.7944    -1.8248     -0.857     0.3390    -0.9268 -9.990e-29
 207.815394     -0.857   0.581313    16.8060    -1.8246     -0.850     0.3381    -0.9295 -9.990e-29
 207.815399     -0.848   0.581564    16.8234    -1.8240     -0.841     0.3381    -0.9325 -9.990e-29
 207.815405     -0.842   0.583784    16.8447    -1.8238     -0.835     0.3393    -0.9353 -9.990e-29
 207.815411     -0.836   0.587052    16.8645    -1.8234     -0.829     0.3411    -0.9373 -9.990e-29
 207.815417     -0.832   0.589629    16.8765    -1.8227     -0.825     0.3425    -0.9383 -9.990e-29
 207.815422     -0.829   0.589964    16.8788    -1.8222     -0.822     0.3427    -0.9386 -9.990e-29
 207.815428     -0.826   0.587952    16.8789    -1.8218     -0.819     0.3415    -0.9395 -9.990e-29
 207.815434     -0.824   0.584790    16.8844    -1.8212     -0.817     0.3395    -0.9419 -9.990e-29
 207.815440     -0.822   0.581804    16.8940    -1.8209     -0.815     0.3377    -0.9450 -9.990e-29
 207.815446     -0.820   0.579998    16.9045    -1.8214     -0.813     0.3365    -0.9478 -9.990e-29
 207.815451     -0.819   0.579738    16.9153    -1.8214     -0.812     0.3363    -0.9498 -9.990e-29
 207.815457     -0.818   0.580121    16.9264    -1.8213     -0.811     0.3364    -0.9516 -9.990e-29
 207.815463     -0.816   0.579997    16.9389    -1.8207     -0.809     0.3362    -0.9540 -9.990e-29
 207.815469     -0.815   0.579200    16.9530    -1.8204     -0.808     0.3357    -0.9569 -9.990e-29
 207.815475     -0.813   0.578333    16.9666    -1.8202     -0.806     0.3350    -0.9597 -9.990e-29
 207.815480     -0.811   0.577900    16.9791    -1.8201     -0.804     0.3347    -0.9622 -9.990e-29
