data/oxygen options/OCNMS/OCNMS1/raw_data/2017/CAST_CA015_170627faed.cnv
* Sea-Bird SBE19 Data File:
* FileName = C:\2017 Mooring Data\Casts\CAST_CA015_170627.hex
* Software Version 1.59
* Temperature SN = 2997
* Conductivity SN = 2997
* System UpLoad Time = Jun 27 2017 22:28:20
** CAST_CA015_170627
* ds
# nquan = 9                                 
# nvalues = 1653                        
# units = specified
# name 0 = timeJ: Julian Days
# name 1 = prSM: Pressure, Strain Gauge [db]
# name 2 = c0mS/cm: Conductivity [mS/cm]
# name 3 = t090C: Temperature [ITS-90, deg C]
# name 4 = sbeox0ML/L: Oxygen, SBE 43 [ml/l]
# name 5 = depSM: Depth [salt water, m], lat = 47.5
# name 6 = sal00: Salinity, Practical [PSU]
# name 7 = sigma-é00: Density [sigma-theta, kg/m^3]
# name 8 = flag: flag
# span 0 = 178.907049, 178.916609       
# span 1 =     -5.633,     14.927       
# span 2 =   0.328294,  37.771511       
# span 3 =     9.8890,    15.6863       
# span 4 =   -13.1302,    13.7040       
# span 5 =     -5.586,     14.802       
# span 6 =     0.1967,    33.4072       
# span 7 =    -0.8157,    25.4922       
# span 8 = 0.0000e+00, 0.0000e+00       
# interval = seconds: 0.5
# start_time = Jun 27 2017 21:46:09 [Instrument's time stamp, header]
# bad_flag = -9.990e-29
*END*
[from data line 481]
 178.909832     -0.549   0.342135    14.8995    -1.9023     -0.544     0.2054    -0.7245 -9.990e-29
 178.909838     -0.549   0.341689    14.9202    -1.9025     -0.544     0.2050    -0.7279 -9.990e-29
 178.909844     -0.548   0.341321    14.9362    -1.9019     -0.543     0.2047    -0.7305 -9.990e-29
 178.909850     -0.548   0.341096    14.9500    -1.9015     -0.543     0.2045    -0.7328 -9.990e-29
 178.909855     -0.548   0.341452    14.9602    -1.9015     -0.543     0.2046    -0.7342 -9.990e-29
 178.909861     -0.548   0.342310    14.9624    -1.9017     -0.543     0.2052    -0.7341 -9.990e-29
 178.909867     -0.548   0.343334    14.9516    -1.9017     -0.543     0.2058    -0.7320 -9.990e-29
 178.909873     -0.548   0.344230    14.9315    -1.9017     -0.543     0.2065    -0.7284 -9.990e-29
 178.909878     -0.548   0.344714    14.9142    -1.9015     -0.543     0.2069    -0.7255 -9.990e-29
 178.909884     -0.547   0.344877    14.9057    -1.9014     -0.542     0.2070    -0.7242 -9.990e-29
 178.909890     -0.547   0.344935    14.9048    -1.9019     -0.542     0.2070    -0.7240 -9.990e-29
 178.909896     -0.547   0.344965    14.9096    -1.9028     -0.542     0.2070    -0.7247 -9.990e-29
 178.909902     -0.547   0.345008    14.9154    -1.9031     -0.542     0.2070    -0.7256 -9.990e-29
 178.909907     -0.546   0.345120    14.9178    -1.9031     -0.541     0.2071    -0.7259 -9.990e-29
 178.909913     -0.546   0.345450    14.9176    -1.9032     -0.541     0.2073    -0.7257 -9.990e-29
 178.909919     -0.545   0.345886    14.9173    -1.9043     -0.540     0.2076    -0.7255 -9.990e-29
 178.909925     -0.545   0.345899    14.9179    -1.9059     -0.540     0.2076    -0.7256 -9.990e-29
 178.909931     -0.544   0.345508    14.9182    -1.9076     -0.539     0.2073    -0.7258 -9.990e-29
 178.909936     -0.543   0.345300    14.9150    -1.9092     -0.538     0.2072    -0.7254 -9.990e-29
 178.909942     -0.541   0.345552    14.9055    -1.9109     -0.536     0.2074    -0.7238 -9.990e-29
 178.909948     -0.539   0.346044    14.8933    -1.9119     -0.535     0.2078    -0.7217 -9.990e-29
 178.909954     -0.537   0.346324    14.8840    -1.9124     -0.533     0.2080    -0.7201 -9.990e-29
 178.909959     -0.533   0.346211    14.8763    -1.9127     -0.529     0.2080    -0.7190 -9.990e-29
 178.909965     -0.529   0.346107    14.8632    -1.9125     -0.525     0.2080    -0.7170 -9.990e-29
 178.909971     -0.524   0.346430    14.8395    -1.9118     -0.520     0.2083    -0.7132 -9.990e-29
 178.909977     -0.517   0.347055    14.8062    -1.9108     -0.513     0.2088    -0.7079 -9.990e-29
 178.909983     -0.512   0.347706    14.7682    -1.9099     -0.508     0.2094    -0.7017 -9.990e-29
 178.909988     -0.514   0.348143    14.7301    -1.9091     -0.510     0.2099    -0.6957 -9.990e-29
 178.909994     -0.517   0.348393    14.6966    -1.9089     -0.513     0.2102    -0.6905 -9.990e-29
 178.910000     -0.519   0.348792    14.6720    -1.9100     -0.515     0.2106    -0.6866 -9.990e-29
 178.910006     -0.519   0.349316    14.6574    -1.9116     -0.515     0.2110    -0.6841 -9.990e-29
 178.910012     -0.517   0.349554    14.6518    -1.9132     -0.513     0.2111    -0.6832 -9.990e-29
 178.910017     -0.513   0.349270    14.6559    -1.9146     -0.509     0.2109    -0.6839 -9.990e-29
 178.910023     -0.507   0.348640    14.6693    -1.9155     -0.503     0.2105    -0.6863 -9.990e-29
 178.910029     -0.498   0.347934    14.6878    -1.9163     -0.494     0.2100    -0.6894 -9.990e-29
 178.910035     -0.486   0.347316    14.7055    -1.9174     -0.482     0.2095    -0.6924 -9.990e-29
 178.910041     -0.474   0.347072    14.7164    -1.9187     -0.470     0.2093    -0.6942 -9.990e-29
 178.910046     -0.466   0.347430    14.7141    -1.9195     -0.462     0.2095    -0.6936 -9.990e-29
 178.910052     -0.457   0.348313    14.6957    -1.9197     -0.453     0.2102    -0.6904 -9.990e-29
 178.910058     -0.447   0.349235    14.6656    -1.9196     -0.443     0.2109    -0.6854 -9.990e-29
 178.910064     -0.439   0.349763    14.6321    -1.9195     -0.435     0.2114    -0.6801 -9.990e-29
 178.910069     -0.432   0.350049    14.6011    -1.9191     -0.428     0.2117    -0.6753 -9.990e-29
 178.910075     -0.431   0.350472    14.5743    -1.9180     -0.427     0.2121    -0.6711 -9.990e-29
 178.910081     -0.435   0.351041    14.5497    -1.9172     -0.431     0.2126    -0.6671 -9.990e-29
 178.910087     -0.436   0.351407    14.5248    -1.9169     -0.432     0.2129    -0.6632 -9.990e-29
 178.910093     -0.430   0.351504    14.5015    -1.9177     -0.426     0.2131    -0.6597 -9.990e-29
 178.910098     -0.421   0.351463    14.4844    -1.9195     -0.417     0.2132    -0.6571 -9.990e-29
 178.910104     -0.417   0.351226    14.4758    -1.9205     -0.414     0.2131    -0.6560 -9.990e-29
 178.910110     -0.421   0.351033    14.4746    -1.9201     -0.417     0.2130    -0.6559 -9.990e-29
 178.910116     -0.430   0.351181    14.4794    -1.9190     -0.426     0.2130    -0.6565 -9.990e-29
 178.910122     -0.436   0.351313    14.4905    -1.9180     -0.432     0.2131    -0.6581 -9.990e-29
 178.910127     -0.439   0.351050    14.5056    -1.9169     -0.435     0.2128    -0.6605 -9.990e-29
 178.910133     -0.444   0.350594    14.5178    -1.9159     -0.440     0.2125    -0.6625 -9.990e-29
 178.910139     -0.446   0.350448    14.5190    -1.9149     -0.442     0.2124    -0.6628 -9.990e-29
 178.910145     -0.446   0.350969    14.5051    -1.9143     -0.442     0.2128    -0.6605 -9.990e-29
 178.910150     -0.449   0.352300    14.4832    -1.9135     -0.445     0.2137    -0.6565 -9.990e-29
 178.910156     -0.449   0.353997    14.4692    -1.9123     -0.445     0.2148    -0.6536 -9.990e-29
 178.910162     -0.443   0.354999    14.4725    -1.9114     -0.439     0.2154    -0.6537 -9.990e-29
 178.910168     -0.434   0.354979    14.4892    -1.9107     -0.430     0.2153    -0.6562 -9.990e-29
 178.910174     -0.427   0.354463    14.5117    -1.9103     -0.423     0.2149    -0.6598 -9.990e-29
 178.910179     -0.421   0.353873    14.5360    -1.9096     -0.417     0.2144    -0.6637 -9.990e-29
 178.910185     -0.419   0.353530    14.5599    -1.9088     -0.416     0.2141    -0.6674 -9.990e-29
 178.910191     -0.422   0.353529    14.5821    -1.9080     -0.418     0.2140    -0.6708 -9.990e-29
 178.910197     -0.421   0.353869    14.6030    -1.9076     -0.417     0.2141    -0.6738 -9.990e-29
 178.910203     -0.417   0.354450    14.6246    -1.9072     -0.414     0.2143    -0.6767 -9.990e-29
 178.910208     -0.417   0.354939    14.6469    -1.9069     -0.414     0.2145    -0.6799 -9.990e-29
 178.910214     -0.421   0.355435    14.6679    -1.9066     -0.417     0.2147    -0.6828 -9.990e-29
 178.910220     -0.421   0.356043    14.6863    -1.9062     -0.417     0.2150    -0.6853 -9.990e-29
 178.910226     -0.414   0.356466    14.7028    -1.9060     -0.411     0.2151    -0.6876 -9.990e-29
 178.910231     -0.402   0.356712    14.7192    -1.9062     -0.399     0.2152    -0.6900 -9.990e-29
 178.910237     -0.394   0.357112    14.7359    -1.9063     -0.391     0.2154    -0.6923 -9.990e-29
 178.910243     -0.389   0.357643    14.7516    -1.9059     -0.386     0.2156    -0.6945 -9.990e-29
 178.910249     -0.378   0.357906    14.7647    -1.9045     -0.375     0.2157    -0.6963 -9.990e-29
 178.910255     -0.361   0.357698    14.7752    -1.9033     -0.358     0.2155    -0.6980 -9.990e-29
 178.910260     -0.344   0.357296    14.7841    -1.9031     -0.341     0.2152    -0.6996 -9.990e-29
 178.910266     -0.332   0.357270    14.7922    -1.9027     -0.329     0.2152    -0.7008 -9.990e-29
 178.910272     -0.323   0.357587    14.7989    -1.9023     -0.320     0.2153    -0.7017 -9.990e-29
 178.910278     -0.317   0.357560    14.8030    -1.9017     -0.314     0.2153    -0.7024 -9.990e-29
 178.910284     -0.313   0.357153    14.8047    -1.9010     -0.310     0.2150    -0.7028 -9.990e-29
 178.910289     -0.311   0.356930    14.8092    -1.9006     -0.308     0.2149    -0.7036 -9.990e-29
 178.910295     -0.311   0.357150    14.8225    -1.9003     -0.308     0.2150    -0.7055 -9.990e-29
 178.910301     -0.314   0.357550    14.8440    -1.8999     -0.311     0.2151    -0.7086 -9.990e-29
 178.910307     -0.318   0.357555    14.8649    -1.8992     -0.315     0.2150    -0.7118 -9.990e-29
 178.910313     -0.325   0.357174    14.8793    -1.8990     -0.322     0.2147    -0.7142 -9.990e-29
 178.910318     -0.335   0.357004    14.8902    -1.8992     -0.332     0.2145    -0.7160 -9.990e-29
 178.910324     -0.344   0.357374    14.9019    -1.8986     -0.341     0.2147    -0.7176 -9.990e-29
 178.910330     -0.349   0.358224    14.9154    -1.8978     -0.346     0.2151    -0.7193 -9.990e-29
 178.910336     -0.350   0.359024    14.9292    -1.8969     -0.347     0.2156    -0.7211 -9.990e-29
 178.910341     -0.347   0.359180    14.9409    -1.8967     -0.344     0.2156    -0.7228 -9.990e-29
 178.910347     -0.343   0.358897    14.9508    -1.8972     -0.340     0.2154    -0.7245 -9.990e-29
 178.910353     -0.344   0.358907    14.9613    -1.8972     -0.341     0.2153    -0.7261 -9.990e-29
 178.910359     -0.349   0.359224    14.9715    -1.8973     -0.346     0.2155    -0.7275 -9.990e-29
 178.910365     -0.358   0.359161    14.9786    -1.8974     -0.355     0.2154    -0.7286 -9.990e-29
 178.910370     -0.373   0.358635    14.9849    -1.8972     -0.370     0.2150    -0.7299 -9.990e-29
 178.910376     -0.389   0.358052    14.9958    -1.8973     -0.386     0.2146    -0.7318 -9.990e-29
 178.910382     -0.399   0.357744    15.0111    -1.8977     -0.396     0.2144    -0.7344 -9.990e-29
 178.910388     -0.400   0.357852    15.0247    -1.8978     -0.397     0.2143    -0.7364 -9.990e-29
 178.910394     -0.396   0.357967    15.0304    -1.8971     -0.393     0.2144    -0.7373 -9.990e-29
 178.910399     -0.391   0.357690    15.0296    -1.8967     -0.388     0.2142    -0.7373 -9.990e-29
 178.910405     -0.384   0.357203    15.0277    -1.8960     -0.381     0.2139    -0.7372 -9.990e-29
 178.910411     -0.375   0.356966    15.0263    -1.8954     -0.372     0.2138    -0.7371 -9.990e-29
 178.910417     -0.364   0.357216    15.0256    -1.8954     -0.361     0.2140    -0.7369 -9.990e-29
 178.910422     -0.354   0.357735    15.0254    -1.8952     -0.351     0.2143    -0.7366 -9.990e-29
 178.910428     -0.349   0.358105    15.0237    -1.8947     -0.346     0.2145    -0.7361 -9.990e-29
 178.910434     -0.348   0.358263    15.0209    -1.8943     -0.345     0.2146    -0.7356 -9.990e-29
 178.910440     -0.351   0.358421    15.0224    -1.8937     -0.348     0.2147    -0.7358 -9.990e-29
 178.910446     -0.355   0.358790    15.0305    -1.8931     -0.352     0.2149    -0.7369 -9.990e-29
 178.910451     -0.351   0.359308    15.0427    -1.8928     -0.348     0.2151    -0.7385 -9.990e-29
 178.910457     -0.339   0.359556    15.0562    -1.8929     -0.336     0.2152    -0.7405 -9.990e-29
 178.910463     -0.326   0.359310    15.0676    -1.8923     -0.323     0.2150    -0.7424 -9.990e-29
 178.910469     -0.316   0.358798    15.0753    -1.8917     -0.313     0.2147    -0.7439 -9.990e-29
 178.910475     -0.309   0.358443    15.0825    -1.8916     -0.306     0.2144    -0.7452 -9.990e-29
 178.910480     -0.304   0.358326    15.0917    -1.8914     -0.301     0.2143    -0.7466 -9.990e-29
 178.910486     -0.300   0.358291    15.1028    -1.8911     -0.297     0.2142    -0.7484 -9.990e-29
 178.910492     -0.297   0.358291    15.1155    -1.8906     -0.295     0.2142    -0.7504 -9.990e-29
 178.910498     -0.296   0.358328    15.1274    -1.8902     -0.294     0.2141    -0.7522 -9.990e-29
 178.910503     -0.296   0.358450    15.1356    -1.8898     -0.294     0.2141    -0.7535 -9.990e-29
 178.910509     -0.296   0.358820    15.1426    -1.8905     -0.294     0.2143    -0.7544 -9.990e-29
 178.910515     -0.298   0.359378    15.1523    -1.8912     -0.296     0.2146    -0.7556 -9.990e-29
 178.910521     -0.301   0.359759    15.1620    -1.8909     -0.298     0.2148    -0.7570 -9.990e-29
 178.910527     -0.306   0.359917    15.1689    -1.8901     -0.303     0.2149    -0.7580 -9.990e-29
 178.910532     -0.312   0.360060    15.1755    -1.8894     -0.309     0.2149    -0.7590 -9.990e-29
 178.910538     -0.316   0.360381    15.1840    -1.8888     -0.313     0.2151    -0.7602 -9.990e-29
 178.910544     -0.314   0.360754    15.1933    -1.8887     -0.311     0.2153    -0.7614 -9.990e-29
 178.910550     -0.310   0.360753    15.2009    -1.8892     -0.307     0.2152    -0.7626 -9.990e-29
 178.910556     -0.308   0.360377    15.2030    -1.8896     -0.305     0.2150    -0.7632 -9.990e-29
 178.910561     -0.308   0.359863    15.1979    -1.8893     -0.305     0.2147    -0.7626 -9.990e-29
 178.910567     -0.309   0.359633    15.1928    -1.8884     -0.306     0.2146    -0.7619 -9.990e-29
 178.910573     -0.313   0.360119    15.1964    -1.8888     -0.310     0.2149    -0.7622 -9.990e-29
 178.910579     -0.314   0.360860    15.2085    -1.8896     -0.311     0.2152    -0.7638 -9.990e-29
 178.910584     -0.310   0.361182    15.2224    -1.8892     -0.307     0.2154    -0.7658 -9.990e-29
 178.910590     -0.302   0.360961    15.2322    -1.8885     -0.299     0.2152    -0.7675 -9.990e-29
 178.910596     -0.297   0.360456    15.2347    -1.8883     -0.295     0.2149    -0.7681 -9.990e-29
 178.910602     -0.292   0.360103    15.2314    -1.8878     -0.290     0.2147    -0.7678 -9.990e-29
 178.910608     -0.288   0.359985    15.2292    -1.8876     -0.286     0.2146    -0.7675 -9.990e-29
 178.910613     -0.285   0.359945    15.2331    -1.8880     -0.283     0.2146    -0.7681 -9.990e-29
 178.910619     -0.282   0.359932    15.2383    -1.8887     -0.280     0.2145    -0.7689 -9.990e-29
 178.910625     -0.279   0.359928    15.2372    -1.8886     -0.277     0.2145    -0.7688 -9.990e-29
 178.910631     -0.276   0.359926    15.2338    -1.8880     -0.274     0.2145    -0.7682 -9.990e-29
 178.910637     -0.273   0.359925    15.2372    -1.8874     -0.271     0.2145    -0.7688 -9.990e-29
 178.910642     -0.270   0.359924    15.2461    -1.8875     -0.268     0.2145    -0.7702 -9.990e-29
 178.910648     -0.266   0.359921    15.2550    -1.8887     -0.264     0.2144    -0.7716 -9.990e-29
 178.910654     -0.261   0.359912    15.2620    -1.8895     -0.259     0.2144    -0.7727 -9.990e-29
 178.910660     -0.255   0.359885    15.2639    -1.8902     -0.253     0.2144    -0.7730 -9.990e-29
 178.910666     -0.252   0.359802    15.2590    -1.8911     -0.250     0.2143    -0.7723 -9.990e-29
 178.910671     -0.256   0.359554    15.2530    -1.8920     -0.254     0.2142    -0.7714 -9.990e-29
 178.910677     -0.263   0.359365    15.2534    -1.8927     -0.261     0.2141    -0.7716 -9.990e-29
 178.910683     -0.268   0.359536    15.2598    -1.8931     -0.266     0.2142    -0.7725 -9.990e-29
 178.910689     -0.273   0.359742    15.2647    -1.8928     -0.271     0.2143    -0.7732 -9.990e-29
 178.910694     -0.277   0.359703    15.2597    -1.8925     -0.275     0.2143    -0.7724 -9.990e-29
 178.910700     -0.281   0.359366    15.2439    -1.8922     -0.279     0.2142    -0.7701 -9.990e-29
 178.910706     -0.286   0.358839    15.2241    -1.8924     -0.284     0.2139    -0.7672 -9.990e-29
 178.910712     -0.291   0.358527    15.2040    -1.8927     -0.289     0.2138    -0.7642 -9.990e-29
 178.910718     -0.296   0.358568    15.1831    -1.8932     -0.294     0.2140    -0.7609 -9.990e-29
 178.910723     -0.303   0.359016    15.1631    -1.8938     -0.300     0.2144    -0.7575 -9.990e-29
 178.910729     -0.307   0.359912    15.1481    -1.8938     -0.304     0.2150    -0.7547 -9.990e-29
 178.910735     -0.304   0.360790    15.1411    -1.8934     -0.301     0.2155    -0.7532 -9.990e-29
 178.910741     -0.298   0.361158    15.1415    -1.8937     -0.296     0.2158    -0.7531 -9.990e-29
 178.910747     -0.294   0.360953    15.1452    -1.8945     -0.292     0.2156    -0.7538 -9.990e-29
