data/oxygen options/OCNMS/OCNMS1/raw_data/2017/CAST_KL027_170726faedb.cnv
* Sea-Bird SBE 19 Data File:
* FileName = C:\2017 Mooring Data\Casts\CAST_KL027_170726.hex
* Software Version SeatermAF 2.1.2
* Temperature SN = 2997
* Conductivity SN = 2997
* System UpLoad Time = Jul 26 2017 17:49:14 (localtime) = Jul 26 2017 17:49:14 (UTC)
** CAST_KL027_170726
* ds
# nquan = 9
# nvalues = 24                          
# units = specified
# name 0 = timeJ: Julian Days
# name 1 = prSM: Pressure, Strain Gauge [db]
# name 2 = c0mS/cm: Conductivity [mS/cm]
# name 3 = t090C: Temperature [ITS-90, deg C]
# name 4 = sbeox0ML/L: Oxygen, SBE 43 [ml/l]
# name 5 = depSM: Depth [salt water, m], lat = 47.5
# name 6 = sal00: Salinity, Practical [PSU]
# name 7 = sigma-é00: Density [sigma-theta, kg/m^3]
# name 8 = flag: flag
# span 0 = 207.697908, 207.698292       
# span 1 =      1.000,     24.000       
# span 2 =  34.953622,  37.038885       
# span 3 =     7.8771,    11.0662       
# span 4 =     2.0694,     6.2556       
# span 5 =      0.991,     23.798       
# span 6 =    32.9466,    33.7669       
# span 7 =    25.1652,    26.3239       
# span 8 = 0.0000e+00, 0.0000e+00       
# interval = decibars: 1                
# start_time = Jul 26 2017 16:39:22 [Instrument's time stamp, header]
# bad_flag = -9.990e-29
*END*
 207.697908      1.000  37.038885    11.0662     6.2556      0.991    32.9466    25.1652 0.0000e+00
 207.697936      2.000  36.883663    10.8285     5.6184      1.983    33.0058    25.2532 0.0000e+00
 207.697959      3.000  36.760469    10.4889     5.1866      2.975    33.1903    25.4559 0.0000e+00
 207.697978      4.000  36.568936    10.0896     5.1511      3.967    33.3626    25.6585 0.0000e+00
 207.697995      5.000  36.514156    10.0029     4.9506      4.958    33.3865    25.6918 0.0000e+00
 207.698013      6.000  36.476084     9.9462     4.2642      5.950    33.3998    25.7117 0.0000e+00
 207.698028      7.000  36.411071     9.8385     2.9775      6.942    33.4329    25.7555 0.0000e+00
 207.698042      8.000  36.241949     9.5211     2.2457      7.933    33.5550    25.9032 0.0000e+00
 207.698056      9.000  35.622240     8.7522     2.2194      8.925    33.6350    26.0880 0.0000e+00
 207.698072     10.000  35.233596     8.3865     2.3042      9.916    33.5733    26.0958 0.0000e+00
 207.698087     11.000  35.123674     8.2588     2.3664     10.908    33.5783    26.1191 0.0000e+00
 207.698103     12.000  35.092590     8.2042     2.3969     11.900    33.5970    26.1419 0.0000e+00
 207.698117     13.000  35.068730     8.1625     2.4046     12.891    33.6111    26.1592 0.0000e+00
 207.698132     14.000  35.049167     8.1356     2.3788     13.883    33.6156    26.1667 0.0000e+00
 207.698146     15.000  35.035637     8.1217     2.3485     14.874    33.6140    26.1676 0.0000e+00
 207.698161     16.000  35.016654     8.0765     2.3251     15.866    33.6367    26.1921 0.0000e+00
 207.698175     17.000  34.999706     8.0426     2.2643     16.857    33.6507    26.2082 0.0000e+00
 207.698190     18.000  34.988582     8.0176     2.2159     17.849    33.6624    26.2211 0.0000e+00
 207.698204     19.000  34.975213     7.9858     2.1578     18.841    33.6782    26.2381 0.0000e+00
 207.698218     20.000  34.963407     7.9529     2.1265     19.832    33.6968    26.2577 0.0000e+00
 207.698232     21.000  34.954789     7.9293     2.0930     20.823    33.7098    26.2713 0.0000e+00
 207.698249     22.000  34.953622     7.9063     2.0694     21.815    33.7303    26.2908 0.0000e+00
 207.698269     23.000  34.958282     7.8834     2.0712     22.807    33.7570    26.3151 0.0000e+00
 207.698292     24.000  34.962299     7.8771     2.0810     23.798    33.7669    26.3239 0.0000e+00
