data/oxygen options/OCNMS/OCNMS1/raw_data/2017/CAST_MB015_170627faed.cnv
* Sea-Bird SBE19 Data File:
* FileName = C:\2017 Mooring Data\Casts\CAST_MB015_170627.hex
* Software Version 1.59
* Temperature SN = 2997
* Conductivity SN = 2997
* System UpLoad Time = Jun 27 2017 19:23:48
** CAST_MB015_170627
* ds
# nquan = 9                                 
# nvalues = 481                         
# units = specified
# name 0 = timeJ: Julian Days
# name 1 = prSM: Pressure, Strain Gauge [db]
# name 2 = c0mS/cm: Conductivity [mS/cm]
# name 3 = t090C: Temperature [ITS-90, deg C]
# name 4 = sbeox0ML/L: Oxygen, SBE 43 [ml/l]
# name 5 = depSM: Depth [salt water, m], lat = 47.5
# name 6 = sal00: Salinity, Practical [PSU]
# name 7 = sigma-é00: Density [sigma-theta, kg/m^3]
# name 8 = flag: flag
# span 0 = 178.783808, 178.786586       
# span 1 =     -1.921,     13.135       
# span 2 =   1.793921,  37.207498       
# span 3 =     9.8010,    13.2242       
# span 4 =    -1.9861,    16.6680       
# span 5 =     -1.905,     13.025       
# span 6 =     1.2930,    32.8354       
# span 7 =     0.4935,    25.2926       
# span 8 = 0.0000e+00, 0.0000e+00       
# interval = seconds: 0.5
# start_time = Jun 27 2017 18:48:41 [Instrument's time stamp, header]
# bad_flag = -9.990e-29
*END*
[from data line 321]
 178.785666      0.326  37.198175    12.5411     4.9156      0.323    31.8167    24.0164 -9.990e-29
 178.785671      0.322  37.199339    12.5630     4.9524      0.319    31.7993    23.9987 -9.990e-29
 178.785677      0.321  37.198647    12.5736     4.9338      0.318    31.7897    23.9892 -9.990e-29
 178.785683      0.325  37.198532    12.5729     4.8822      0.322    31.7902    23.9897 -9.990e-29
 178.785689      0.333  37.200515    12.5669     4.8249      0.330    31.7971    23.9963 -9.990e-29
 178.785694      0.341  37.204430    12.5666     4.7797      0.338    31.8011    23.9994 -9.990e-29
 178.785700      0.342  37.205403    12.5732     4.7346      0.339    31.7965    23.9945 -9.990e-29
 178.785706      0.339  37.204720    12.5764     4.7139      0.336    31.7931    23.9913 -9.990e-29
 178.785712      0.345  37.206497    12.5701     4.7232      0.342    31.8001    23.9980 -9.990e-29
 178.785718      0.362  37.207498    12.5589     4.7388      0.359    31.8105    24.0082 -9.990e-29
 178.785723      0.380  37.206246    12.5524     4.7292      0.377    31.8148    24.0127 -9.990e-29
 178.785729      0.394  37.203858    12.5529     4.6977      0.391    31.8121    24.0106 -9.990e-29
 178.785735      0.398  37.202177    12.5553     4.6473      0.395    31.8085    24.0073 -9.990e-29
 178.785741      0.399  37.202309    12.5496     4.6155      0.396    31.8134    24.0122 -9.990e-29
 178.785747      0.404  37.199939    12.5299     4.6291      0.401    31.8279    24.0271 -9.990e-29
 178.785752      0.419  37.194698    12.5098     4.6717      0.416    31.8399    24.0402 -9.990e-29
 178.785758      0.439  37.188546    12.5038     4.7645      0.435    31.8391    24.0408 -9.990e-29
 178.785764      0.457  37.182786    12.5094     4.9015      0.453    31.8289    24.0318 -9.990e-29
 178.785770      0.472  37.179240    12.5202     5.0080      0.468    31.8163    24.0200 -9.990e-29
 178.785775      0.482  37.176529    12.5295     5.0747      0.478    31.8059    24.0102 -9.990e-29
 178.785781      0.489  37.172709    12.5313     5.1218      0.485    31.8007    24.0058 -9.990e-29
 178.785787      0.499  37.165477    12.5217     5.1847      0.495    31.8020    24.0086 -9.990e-29
 178.785793      0.515  37.156941    12.4989     5.2861      0.511    31.8131    24.0216 -9.990e-29
 178.785799      0.534  37.149712    12.4798     5.3919      0.530    31.8224    24.0324 -9.990e-29
 178.785804      0.553  37.143657    12.4826     5.5126      0.548    31.8142    24.0256 -9.990e-29
 178.785810      0.574  37.137405    12.4893     5.6642      0.569    31.8026    24.0153 -9.990e-29
 178.785816      0.598  37.130444    12.4784     5.8361      0.593    31.8052    24.0193 -9.990e-29
 178.785822      0.627  37.125244    12.4575     5.9673      0.622    31.8179    24.0332 -9.990e-29
 178.785828      0.661  37.121025    12.4392     6.0060      0.655    31.8294    24.0455 -9.990e-29
 178.785833      0.704  37.114388    12.4259     5.9574      0.698    31.8343    24.0518 -9.990e-29
 178.785839      0.758  37.105428    12.4084     5.8529      0.752    31.8406    24.0600 -9.990e-29
 178.785845      0.827  37.098425    12.3846     5.7344      0.820    31.8541    24.0750 -9.990e-29
 178.785851      0.914  37.095788    12.3550     5.6338      0.906    31.8766    24.0981 -9.990e-29
 178.785856      1.022  37.092307    12.2802     5.5476      1.013    31.9369    24.1589 -9.990e-29
 178.785862      1.143  37.073804    12.1360     5.4990      1.133    32.0424    24.2677 -9.990e-29
 178.785868      1.274  37.026238    11.9715     5.4573      1.263    32.1380    24.3724 0.0000e+00
 178.785874      1.409  36.956724    11.8540     5.4191      1.397    32.1722    24.4206 0.0000e+00
 178.785880      1.541  36.893494    11.8163     5.4024      1.528    32.1435    24.4053 0.0000e+00
 178.785885      1.668  36.857470    11.8244     5.3761      1.654    32.1015    24.3712 0.0000e+00
 178.785891      1.799  36.848183    11.8103     5.3550      1.784    32.1046    24.3763 0.0000e+00
 178.785897      1.942  36.848197    11.7486     5.3364      1.926    32.1579    24.4290 0.0000e+00
 178.785903      2.106  36.835129    11.6511     5.3148      2.088    32.2297    24.5025 0.0000e+00
 178.785909      2.303  36.796028    11.5363     5.3069      2.284    32.2915    24.5714 0.0000e+00
 178.785914      2.539  36.745371    11.4226     5.2717      2.518    32.3412    24.6306 0.0000e+00
 178.785920      2.817  36.711529    11.3339     5.2116      2.793    32.3857    24.6811 0.0000e+00
 178.785926      3.137  36.695828    11.2852     5.1318      3.111    32.4129    24.7110 0.0000e+00
 178.785932      3.500  36.684773    11.2598     5.0283      3.471    32.4242    24.7243 0.0000e+00
 178.785937      3.897  36.670884    11.2335     4.9152      3.864    32.4335    24.7363 0.0000e+00
 178.785943      4.324  36.645898    11.1929     4.8018      4.288    32.4445    24.7521 0.0000e+00
 178.785949      4.778  36.601696    11.1353     4.6722      4.738    32.4516    24.7678 0.0000e+00
 178.785955      5.250  36.543170    11.0704     4.5533      5.206    32.4509    24.7788 0.0000e+00
 178.785961      5.731  36.488027    11.0027     4.4572      5.683    32.4560    24.7947 0.0000e+00
 178.785966      6.217  36.437764    10.9286     4.3721      6.165    32.4716    24.8199 0.0000e+00
 178.785972      6.705  36.385261    10.8457     4.3076      6.649    32.4928    24.8509 0.0000e+00
 178.785978      7.196  36.329934    10.7545     4.2333      7.136    32.5186    24.8869 0.0000e+00
 178.785984      7.691  36.282545    10.6755     4.1340      7.627    32.5415    24.9184 0.0000e+00
 178.785990      8.183  36.262764    10.6260     4.0372      8.115    32.5657    24.9458 0.0000e+00
 178.785995      8.666  36.260993    10.5899     3.9641      8.593    32.5960    24.9756 0.0000e+00
 178.786001      9.134  36.253018    10.5394     3.9208      9.058    32.6330    25.0132 0.0000e+00
 178.786007      9.585  36.226517    10.4634     3.8942      9.505    32.6744    25.0585 0.0000e+00
 178.786013     10.012  36.179743    10.3762     3.8580      9.928    32.7057    25.0977 0.0000e+00
 178.786019     10.408  36.128709    10.3006     3.8207     10.321    32.7222    25.1235 0.0000e+00
 178.786024     10.768  36.091020    10.2433     3.7543     10.678    32.7358    25.1437 0.0000e+00
 178.786030     11.095  36.063996    10.1972     3.7088     11.002    32.7500    25.1626 0.0000e+00
 178.786036     11.391  36.038467    10.1564     3.6660     11.296    32.7610    25.1781 0.0000e+00
 178.786042     11.662  36.013977    10.1163     3.6347     11.564    32.7724    25.1937 0.0000e+00
 178.786047     11.918  35.986420    10.0657     3.6348     11.818    32.7902    25.2161 0.0000e+00
 178.786053     12.162  35.945362     9.9962     3.6259     12.060    32.8116    25.2443 0.0000e+00
 178.786059     12.392  35.894280     9.9231     3.6354     12.288    32.8261    25.2678 0.0000e+00
 178.786065     12.605  35.852399     9.8689     3.6442     12.499    32.8327    25.2819 0.0000e+00
 178.786071     12.794  35.824889     9.8351     3.6514     12.687    32.8354    25.2896 0.0000e+00
 178.786076     12.944  35.804169     9.8128     3.6722     12.836    32.8345    25.2926 -9.990e-29
 178.786082     13.050  35.791154     9.8010     3.7104     12.941    32.8320    25.2926 -9.990e-29
 178.786088     13.112  35.790320     9.8055     3.7394     13.002    32.8270    25.2879 -9.990e-29
 178.786094     13.135  35.799433     9.8240     3.7683     13.025    32.8194    25.2790 -9.990e-29
 178.786100     13.120  35.813843     9.8460     3.7951     13.010    32.8141    25.2712 -9.990e-29
 178.786105     13.067  35.830930     9.8680     3.8120     12.958    32.8115    25.2655 -9.990e-29
 178.786111     12.971  35.848847     9.8948     3.8278     12.862    32.8053    25.2563 -9.990e-29
 178.786117     12.828  35.868534     9.9261     3.8347     12.721    32.7970    25.2446 0.0000e+00
 178.786123     12.635  35.888249     9.9525     3.8473     12.529    32.7931    25.2372 0.0000e+00
 178.786128     12.403  35.904050     9.9613     3.8794     12.299    32.8012    25.2421 0.0000e+00
 178.786134     12.139  35.911817     9.9540     3.9446     12.037    32.8159    25.2547 0.0000e+00
 178.786140     11.846  35.909596     9.9580     4.0294     11.747    32.8101    25.2495 0.0000e+00
 178.786146     11.536  35.907866     9.9949     4.1284     11.439    32.7750    25.2160 0.0000e+00
 178.786152     11.219  35.918874    10.0609     4.2410     11.125    32.7265    25.1671 0.0000e+00
 178.786157     10.897  35.943861    10.1471     4.3483     10.806    32.6740    25.1118 0.0000e+00
 178.786163     10.571  35.979200    10.2432     4.4357     10.483    32.6232    25.0560 0.0000e+00
 178.786169     10.245  36.021632    10.3355     4.4944     10.159    32.5832    25.0091 0.0000e+00
 178.786175      9.920  36.069523    10.4141     4.5277      9.837    32.5610    24.9785 0.0000e+00
 178.786181      9.592  36.117319    10.4754     4.5354      9.512    32.5542    24.9627 0.0000e+00
 178.786186      9.259  36.154297    10.5233     4.5582      9.182    32.5486    24.9501 0.0000e+00
 178.786192      8.915  36.179944    10.5592     4.5769      8.840    32.5423    24.9391 0.0000e+00
 178.786198      8.565  36.201592    10.5805     4.6199      8.493    32.5451    24.9376 0.0000e+00
 178.786204      8.221  36.218439    10.5922     4.6788      8.152    32.5516    24.9407 0.0000e+00
 178.786209      7.882  36.226081    10.6097     4.7402      7.816    32.5438    24.9315 0.0000e+00
 178.786215      7.539  36.226873    10.6510     4.8313      7.476    32.5079    24.8965 0.0000e+00
 178.786221      7.197  36.230270    10.7157     4.9059      7.137    32.4539    24.8432 0.0000e+00
 178.786227      6.859  36.243602    10.7815     4.9738      6.802    32.4089    24.7968 0.0000e+00
 178.786233      6.521  36.265056    10.8372     5.0192      6.466    32.3811    24.7654 0.0000e+00
 178.786238      6.183  36.293016    10.8877     5.0609      6.131    32.3643    24.7435 0.0000e+00
 178.786244      5.845  36.323903    10.9349     5.0961      5.796    32.3534    24.7268 0.0000e+00
 178.786250      5.506  36.350197    10.9811     5.1188      5.460    32.3388    24.7073 0.0000e+00
 178.786256      5.171  36.373929    11.0327     5.1439      5.128    32.3170    24.6813 0.0000e+00
 178.786262      4.840  36.401555    11.0872     5.1618      4.800    32.2965    24.6557 0.0000e+00
 178.786267      4.510  36.434644    11.1320     5.1761      4.472    32.2899    24.6426 0.0000e+00
 178.786273      4.179  36.471408    11.1619     5.1419      4.144    32.3000    24.6452 0.0000e+00
 178.786279      3.854  36.509364    11.1823     5.1015      3.822    32.3196    24.6568 0.0000e+00
 178.786285      3.535  36.544817    11.2001     5.0520      3.505    32.3390    24.6687 0.0000e+00
 178.786291      3.218  36.570728    11.2186     4.9919      3.191    32.3484    24.6727 0.0000e+00
 178.786296      2.901  36.585815    11.2366     4.9240      2.877    32.3476    24.6688 0.0000e+00
 178.786302      2.585  36.596197    11.2526     5.7348      2.563    32.3439    24.6631 0.0000e+00
 178.786308      2.275  36.603963    11.2744     5.7976      2.256    32.3325    24.6504 0.0000e+00
 178.786314      1.974  36.608835    11.3288     5.8010      1.958    32.2898    24.6074 0.0000e+00
 178.786319      1.679  36.612832    11.4497     5.9085      1.665    32.1883    24.5068 0.0000e+00
 178.786325      1.392  36.617365    11.6354     5.9386      1.380    32.0317    24.3516 0.0000e+00
 178.786331      1.122  36.612244    11.8343     5.9950      1.113    31.8558    24.1787 0.0000e+00
 178.786337      0.877  36.545867    11.9753     6.0474      0.870    31.6716    24.0098 0.0000e+00
 178.786343      0.667  36.291133    12.0330     6.0938      0.661    31.3778    23.7713 0.0000e+00
 178.786348      0.495  35.545394    12.0464     6.1177      0.491    30.6515    23.2056 0.0000e+00
 178.786354      0.359  33.396113    12.0478     6.1444      0.356    28.6022    21.6173 -9.990e-29
 178.786360      0.256  27.024060    12.0422     6.1483      0.254    22.6480    17.0107 -9.990e-29
 178.786366      0.174  17.230985    12.0309     6.1538      0.173    13.8528    10.2192 -9.990e-29
 178.786372      0.103  10.294397    12.0107     6.1401      0.102     7.9354     5.6525 -9.990e-29
 178.786377      0.044   7.515365    11.9831     6.1312      0.044     5.6613     3.8978 -9.990e-29
 178.786383      0.002   6.108426    11.9594     6.1313      0.002     4.5367     3.0303 -9.990e-29
 178.786389     -0.028   5.268393    11.9449     6.1161     -0.028     3.8747     2.5193 -9.990e-29
 178.786395     -0.050   4.648674    11.9357     6.1251     -0.050     3.3914     2.1457 -9.990e-29
 178.786400     -0.066   3.954435    11.9277     6.1314     -0.065     2.8556     1.7311 -9.990e-29
 178.786406     -0.081   3.293279    11.9185     6.1345     -0.080     2.3519     1.3411 -9.990e-29
 178.786412     -0.096   2.835556    11.9091     6.1323     -0.095     2.0076     1.0747 -9.990e-29
 178.786418     -0.108   2.574210    11.9017     6.1161     -0.107     1.8127     0.9241 -9.990e-29
 178.786424     -0.118   2.450950    11.8965     6.1253     -0.117     1.7214     0.8537 -9.990e-29
 178.786429     -0.127   2.495044    11.8922     6.1248     -0.126     1.7543     0.8798 -9.990e-29
 178.786435     -0.138   2.696479    11.8877     6.1489     -0.137     1.9046     0.9972 -9.990e-29
 178.786441     -0.154   2.948236    11.8828     6.1689     -0.153     2.0936     1.1447 -9.990e-29
 178.786447     -0.165   3.175949    11.8782     6.1782     -0.164     2.2656     1.2789 -9.990e-29
 178.786453     -0.170   3.279782    11.8746     6.1651     -0.169     2.3444     1.3405 -9.990e-29
 178.786458     -0.171   3.188947    11.8722     6.1241     -0.170     2.2758     1.2875 -9.990e-29
 178.786464     -0.175   3.037623    11.8705     6.1163     -0.174     2.1616     1.1990 -9.990e-29
 178.786470     -0.176   3.022503    11.8689     6.1352     -0.175     2.1503     1.1904 -9.990e-29
 178.786476     -0.171   3.184470    11.8672     6.1567     -0.170     2.2727     1.2857 -9.990e-29
 178.786481     -0.159   3.353780    11.8662     6.1690     -0.158     2.4011     1.3856 -9.990e-29
 178.786487     -0.143   3.329950    11.8655     6.1723     -0.142     2.3831     1.3716 -9.990e-29
 178.786493     -0.132   3.100080    11.8645     6.1823     -0.131     2.2091     1.2366 -9.990e-29
 178.786499     -0.128   2.796111    11.8635     6.1909     -0.127     1.9804     1.0590 -9.990e-29
 178.786505     -0.132   2.552684    11.8636     6.1934     -0.131     1.7985     0.9176 -9.990e-29
 178.786510     -0.139   2.516823    11.8650     6.1950     -0.138     1.7718     0.8966 -9.990e-29
 178.786516     -0.142   2.806587    11.8668     6.2007     -0.141     1.9881     1.0646 -9.990e-29
 178.786522     -0.140   3.259562    11.8696     6.1922     -0.139     2.3294     1.3295 -9.990e-29
 178.786528     -0.138   3.485273    11.8739     6.2001     -0.137     2.5006     1.4619 -9.990e-29
 178.786534     -0.132   3.345121    11.8786 -9.990e-29     -0.131     2.3938     1.3784 -9.990e-29
 178.786539     -0.120   3.061307    11.8834 -9.990e-29     -0.119     2.1787     1.2107 -9.990e-29
 178.786545     -0.111   2.820413    11.8886 -9.990e-29     -0.110     1.9973     1.0692 -9.990e-29
 178.786551     -0.109   2.625876    11.8941 -9.990e-29     -0.108     1.8516     0.9552 -9.990e-29
 178.786557     -0.109   2.449680    11.8990 -9.990e-29     -0.108     1.7203     0.8526 -9.990e-29
 178.786563     -0.106   2.281037    11.9029 -9.990e-29     -0.105     1.5954     0.7549 -9.990e-29
 178.786568     -0.101   2.120315    11.9059 -9.990e-29     -0.100     1.4769     0.6624 -9.990e-29
 178.786574     -0.092   1.979539    11.9081 -9.990e-29     -0.091     1.3737     0.5818 -9.990e-29
 178.786580     -0.085   1.869020    11.9090 -9.990e-29     -0.084     1.2930     0.5189 -9.990e-29
 178.786586     -0.083   1.793921 -9.990e-29 -9.990e-29     -0.082 -9.990e-29 -9.990e-29 -9.990e-29
