data/oxygen options/OCNMS/OCNMS1/raw_data/2017/CAST_KL027_170630faed.cnv
* Sea-Bird SBE19 Data File:
* FileName = C:\2017 Mooring Data\Casts\CAST_KL027_170630.hex
* Software Version 1.59
* Temperature SN = 2997
* Conductivity SN = 2997
* System UpLoad Time = Jun 30 2017 20:09:51
** CAST_KL027_170630
* ds
# nquan = 9                                 
# nvalues = 1208                        
# units = specified
# name 0 = timeJ: Julian Days
# name 1 = prSM: Pressure, Strain Gauge [db]
# name 2 = c0mS/cm: Conductivity [mS/cm]
# name 3 = t090C: Temperature [ITS-90, deg C]
# name 4 = sbeox0ML/L: Oxygen, SBE 43 [ml/l]
# name 5 = depSM: Depth [salt water, m], lat = 47.5
# name 6 = sal00: Salinity, Practical [PSU]
# name 7 = sigma-é00: Density [sigma-theta, kg/m^3]
# name 8 = flag: flag
# span 0 = 181.791400, 181.798385       
# span 1 =     -5.561,     26.303       
# span 2 =   0.212365,  37.947789       
# span 3 =     8.5437,    14.1348       
# span 4 =   -12.1253,    16.6367       
# span 5 =     -5.515,     26.082       
# span 6 =     0.1311,    33.4786       
# span 7 =    -0.5777,    25.9971       
# span 8 = 0.0000e+00, 0.0000e+00       
# interval = seconds: 0.5
# start_time = Jun 30 2017 18:59:37 [Instrument's time stamp, header]
# bad_flag = -9.990e-29
*END*
[from data line 481]
 181.794184     -0.499   0.522389    13.0935    -1.9740     -0.495     0.3316    -0.3745 -9.990e-29
 181.794190     -0.492   0.520447    13.0974    -1.9737     -0.488     0.3303    -0.3761 -9.990e-29
 181.794196     -0.490   0.520224    13.1022    -1.9733     -0.486     0.3301    -0.3768 -9.990e-29
 181.794201     -0.494   0.520314    13.1075    -1.9730     -0.490     0.3301    -0.3775 -9.990e-29
 181.794207     -0.502   0.519727    13.1139    -1.9728     -0.498     0.3297    -0.3787 -9.990e-29
 181.794213     -0.512   0.518789    13.1216    -1.9734     -0.508     0.3290    -0.3802 -9.990e-29
 181.794219     -0.519   0.518464    13.1293    -1.9742     -0.515     0.3287    -0.3814 -9.990e-29
 181.794225     -0.525   0.518875    13.1357    -1.9746     -0.521     0.3289    -0.3820 -9.990e-29
 181.794230     -0.529   0.518352    13.1415    -1.9750     -0.525     0.3285    -0.3831 -9.990e-29
 181.794236     -0.532   0.515646    13.1479    -1.9753     -0.528     0.3267    -0.3853 -9.990e-29
 181.794242     -0.534   0.511583    13.1552    -1.9754     -0.530     0.3240    -0.3884 -9.990e-29
 181.794248     -0.535   0.507395    13.1624    -1.9754     -0.531     0.3212    -0.3915 -9.990e-29
 181.794253     -0.535   0.503597    13.1671    -1.9753     -0.531     0.3187    -0.3941 -9.990e-29
 181.794259     -0.534   0.500669    13.1659    -1.9750     -0.530     0.3168    -0.3954 -9.990e-29
 181.794265     -0.533   0.499696    13.1576    -1.9747     -0.529     0.3162    -0.3948 -9.990e-29
 181.794271     -0.530   0.501043    13.1458    -1.9746     -0.526     0.3172    -0.3925 -9.990e-29
 181.794277     -0.526   0.503180    13.1351    -1.9747     -0.522     0.3187    -0.3900 -9.990e-29
 181.794282     -0.521   0.504523    13.1267    -1.9746     -0.517     0.3196    -0.3881 -9.990e-29
 181.794288     -0.515   0.505202    13.1209    -1.9747     -0.511     0.3201    -0.3870 -9.990e-29
 181.794294     -0.506   0.505569    13.1186    -1.9746     -0.502     0.3203    -0.3865 -9.990e-29
 181.794300     -0.494   0.505004    13.1195    -1.9742     -0.490     0.3200    -0.3869 -9.990e-29
 181.794306     -0.479   0.502755    13.1233    -1.9740     -0.475     0.3185    -0.3886 -9.990e-29
 181.794311     -0.460   0.499152    13.1288    -1.9736     -0.456     0.3161    -0.3912 -9.990e-29
 181.794317     -0.439   0.495486    13.1339    -1.9730     -0.435     0.3136    -0.3937 -9.990e-29
 181.794323     -0.425   0.492413    13.1368    -1.9725     -0.421     0.3116    -0.3957 -9.990e-29
 181.794329     -0.419   0.489715    13.1379    -1.9719     -0.416     0.3098    -0.3972 -9.990e-29
 181.794334     -0.423   0.487120    13.1384    -1.9715     -0.419     0.3081    -0.3986 -9.990e-29
 181.794340     -0.431   0.484496    13.1392    -1.9715     -0.427     0.3064    -0.4000 -9.990e-29
 181.794346     -0.436   0.482224    13.1418    -1.9719     -0.432     0.3049    -0.4015 -9.990e-29
 181.794352     -0.434   0.481707    13.1469    -1.9719     -0.430     0.3045    -0.4025 -9.990e-29
 181.794358     -0.425   0.483921    13.1543    -1.9721     -0.421     0.3059    -0.4023 -9.990e-29
 181.794363     -0.412   0.487384    13.1640    -1.9723     -0.409     0.3081    -0.4019 -9.990e-29
 181.794369     -0.403   0.488954    13.1757    -1.9725     -0.400     0.3090    -0.4027 -9.990e-29
 181.794375     -0.398   0.487399    13.1879    -1.9721     -0.395     0.3079    -0.4051 -9.990e-29
 181.794381     -0.392   0.484528    13.1985    -1.9717     -0.389     0.3060    -0.4080 -9.990e-29
 181.794387     -0.388   0.482057    13.2053    -1.9715     -0.385     0.3043    -0.4102 -9.990e-29
 181.794392     -0.388   0.480015    13.2069    -1.9715     -0.385     0.3030    -0.4115 -9.990e-29
 181.794398     -0.386   0.477896    13.2045    -1.9718     -0.383     0.3016    -0.4122 -9.990e-29
 181.794404     -0.386   0.475649    13.2015    -1.9722     -0.383     0.3002    -0.4129 -9.990e-29
 181.794410     -0.389   0.473603    13.1986    -1.9722     -0.386     0.2989    -0.4136 -9.990e-29
 181.794416     -0.391   0.472356    13.1958    -1.9719     -0.388     0.2981    -0.4138 -9.990e-29
 181.794421     -0.395   0.472463    13.1955    -1.9718     -0.392     0.2981    -0.4137 -9.990e-29
 181.794427     -0.402   0.472957    13.1994    -1.9718     -0.399     0.2984    -0.4140 -9.990e-29
 181.794433     -0.404   0.472283    13.2051    -1.9716     -0.401     0.2980    -0.4151 -9.990e-29
 181.794439     -0.397   0.470650    13.2091    -1.9717     -0.394     0.2969    -0.4165 -9.990e-29
 181.794444     -0.385   0.469206    13.2094    -1.9724     -0.382     0.2959    -0.4173 -9.990e-29
 181.794450     -0.375   0.468244    13.2063    -1.9727     -0.372     0.2953    -0.4173 -9.990e-29
 181.794456     -0.372   0.467035    13.2029    -1.9729     -0.369     0.2946    -0.4175 -9.990e-29
 181.794462     -0.374   0.465077    13.2023    -1.9731     -0.371     0.2933    -0.4184 -9.990e-29
 181.794468     -0.378   0.463085    13.2045    -1.9736     -0.375     0.2920    -0.4197 -9.990e-29
 181.794473     -0.380   0.461730    13.2070    -1.9744     -0.377     0.2911    -0.4207 -9.990e-29
 181.794479     -0.380   0.460315    13.2089    -1.9746     -0.377     0.2902    -0.4217 -9.990e-29
 181.794485     -0.377   0.458061    13.2090    -1.9745     -0.374     0.2887    -0.4229 -9.990e-29
 181.794491     -0.377   0.455290    13.2050    -1.9743     -0.374     0.2869    -0.4237 -9.990e-29
 181.794497     -0.379   0.452739    13.1977    -1.9748     -0.376     0.2853    -0.4240 -9.990e-29
 181.794502     -0.374   0.450888    13.1904    -1.9752     -0.371     0.2842    -0.4240 -9.990e-29
 181.794508     -0.362   0.450041    13.1841    -1.9753     -0.359     0.2837    -0.4235 -9.990e-29
 181.794514     -0.351   0.450179    13.1767    -1.9751     -0.348     0.2838    -0.4225 -9.990e-29
 181.794520     -0.345   0.450376    13.1666    -1.9747     -0.342     0.2840    -0.4210 -9.990e-29
 181.794525     -0.343   0.449787    13.1564    -1.9743     -0.340     0.2837    -0.4199 -9.990e-29
 181.794531     -0.345   0.448736    13.1500    -1.9738     -0.342     0.2831    -0.4196 -9.990e-29
 181.794537     -0.351   0.448039    13.1477    -1.9732     -0.348     0.2826    -0.4196 -9.990e-29
 181.794543     -0.358   0.447878    13.1458    -1.9724     -0.355     0.2825    -0.4195 -9.990e-29
 181.794549     -0.356   0.447483    13.1418    -1.9716     -0.353     0.2823    -0.4191 -9.990e-29
 181.794554     -0.347   0.446329    13.1377    -1.9715     -0.344     0.2816    -0.4192 -9.990e-29
 181.794560     -0.338   0.444540    13.1366    -1.9715     -0.335     0.2804    -0.4199 -9.990e-29
 181.794566     -0.332   0.442504    13.1395    -1.9713     -0.329     0.2791    -0.4213 -9.990e-29
 181.794572     -0.330   0.440830    13.1462    -1.9708     -0.327     0.2779    -0.4231 -9.990e-29
 181.794578     -0.331   0.440059    13.1556    -1.9701     -0.328     0.2774    -0.4247 -9.990e-29
 181.794583     -0.336   0.440271    13.1672    -1.9697     -0.333     0.2774    -0.4262 -9.990e-29
 181.794589     -0.340   0.440640    13.1809    -1.9697     -0.337     0.2776    -0.4279 -9.990e-29
 181.794595     -0.339   0.440550    13.1957    -1.9698     -0.336     0.2774    -0.4299 -9.990e-29
 181.794601     -0.337   0.440437    13.2082    -1.9696     -0.334     0.2773    -0.4317 -9.990e-29
 181.794606     -0.335   0.440706    13.2158    -1.9695     -0.332     0.2774    -0.4325 -9.990e-29
 181.794612     -0.329   0.441161    13.2210    -1.9696     -0.326     0.2776    -0.4330 -9.990e-29
 181.794618     -0.321   0.441301    13.2279    -1.9699     -0.318     0.2777    -0.4339 -9.990e-29
 181.794624     -0.315   0.440760    13.2379    -1.9699     -0.312     0.2773    -0.4355 -9.990e-29
 181.794630     -0.312   0.439371    13.2486    -1.9698     -0.309     0.2763    -0.4377 -9.990e-29
 181.794635     -0.311   0.437500    13.2562    -1.9698     -0.308     0.2750    -0.4396 -9.990e-29
 181.794641     -0.312   0.435978    13.2595    -1.9699     -0.309     0.2740    -0.4409 -9.990e-29
 181.794647     -0.316   0.434992    13.2610    -1.9700     -0.313     0.2734    -0.4416 -9.990e-29
 181.794653     -0.321   0.434337    13.2626    -1.9702     -0.318     0.2729    -0.4421 -9.990e-29
 181.794659     -0.329   0.434249    13.2632    -1.9699     -0.326     0.2729    -0.4422 -9.990e-29
 181.794664     -0.341   0.434611    13.2616    -1.9697     -0.338     0.2731    -0.4418 -9.990e-29
 181.794670     -0.348   0.434800    13.2595    -1.9695     -0.345     0.2733    -0.4415 -9.990e-29
 181.794676     -0.342   0.434512    13.2585    -1.9690     -0.339     0.2731    -0.4415 -9.990e-29
 181.794682     -0.331   0.433920    13.2587    -1.9685     -0.328     0.2727    -0.4418 -9.990e-29
 181.794688     -0.324   0.433343    13.2587    -1.9679     -0.321     0.2723    -0.4421 -9.990e-29
 181.794693     -0.320   0.432567    13.2576    -1.9676     -0.317     0.2718    -0.4423 -9.990e-29
 181.794699     -0.318   0.431111    13.2562    -1.9673     -0.315     0.2709    -0.4429 -9.990e-29
 181.794705     -0.318   0.429251    13.2563    -1.9673     -0.315     0.2697    -0.4438 -9.990e-29
 181.794711     -0.321   0.427834    13.2590    -1.9674     -0.318     0.2688    -0.4449 -9.990e-29
 181.794716     -0.323   0.427186    13.2640    -1.9676     -0.320     0.2683    -0.4459 -9.990e-29
 181.794722     -0.319   0.426999    13.2712    -1.9676     -0.316     0.2681    -0.4470 -9.990e-29
 181.794728     -0.313   0.427024    13.2806    -1.9675     -0.310     0.2681    -0.4482 -9.990e-29
 181.794734     -0.309   0.427294    13.2913    -1.9673     -0.306     0.2682    -0.4496 -9.990e-29
 181.794740     -0.307   0.427616    13.3015    -1.9672     -0.304     0.2683    -0.4508 -9.990e-29
 181.794745     -0.307   0.427314    13.3096    -1.9673     -0.304     0.2681    -0.4520 -9.990e-29
 181.794751     -0.309   0.425985    13.3145    -1.9672     -0.306     0.2672    -0.4534 -9.990e-29
 181.794757     -0.313   0.424072    13.3161    -1.9672     -0.310     0.2659    -0.4546 -9.990e-29
 181.794763     -0.315   0.422352    13.3153    -1.9670     -0.312     0.2648    -0.4553 -9.990e-29
 181.794769     -0.310   0.421303    13.3139    -1.9668     -0.307     0.2642    -0.4556 -9.990e-29
 181.794774     -0.303   0.421189    13.3138    -1.9667     -0.300     0.2641    -0.4557 -9.990e-29
 181.794780     -0.298   0.421860    13.3158    -1.9668     -0.296     0.2645    -0.4556 -9.990e-29
 181.794786     -0.294   0.422549    13.3187    -1.9668     -0.292     0.2649    -0.4557 -9.990e-29
 181.794792     -0.290   0.422512    13.3206    -1.9667     -0.288     0.2649    -0.4560 -9.990e-29
 181.794797     -0.288   0.421700    13.3214    -1.9665     -0.286     0.2644    -0.4565 -9.990e-29
 181.794803     -0.286   0.420694    13.3223    -1.9664     -0.284     0.2637    -0.4571 -9.990e-29
 181.794809     -0.284   0.419815    13.3242    -1.9662     -0.282     0.2631    -0.4578 -9.990e-29
 181.794815     -0.283   0.419001    13.3273    -1.9660     -0.281     0.2626    -0.4586 -9.990e-29
 181.794821     -0.282   0.418275    13.3305    -1.9659     -0.280     0.2621    -0.4594 -9.990e-29
 181.794826     -0.282   0.417778    13.3321    -1.9657     -0.280     0.2618    -0.4599 -9.990e-29
 181.794832     -0.281   0.417958    13.3323    -1.9656     -0.279     0.2619    -0.4598 -9.990e-29
 181.794838     -0.281   0.419053    13.3327    -1.9652     -0.279     0.2626    -0.4593 -9.990e-29
 181.794844     -0.280   0.420310    13.3347    -1.9649     -0.278     0.2634    -0.4590 -9.990e-29
 181.794850     -0.280   0.420632    13.3381    -1.9646     -0.278     0.2636    -0.4593 -9.990e-29
 181.794855     -0.280   0.419896    13.3421    -1.9644     -0.278     0.2631    -0.4602 -9.990e-29
 181.794861     -0.280   0.418784    13.3465    -1.9643     -0.278     0.2623    -0.4614 -9.990e-29
 181.794867     -0.280   0.418031    13.3506    -1.9643     -0.278     0.2618    -0.4623 -9.990e-29
 181.794873     -0.280   0.417743    13.3542    -1.9647     -0.278     0.2616    -0.4629 -9.990e-29
 181.794878     -0.280   0.417534    13.3578    -1.9650     -0.278     0.2615    -0.4635 -9.990e-29
 181.794884     -0.280   0.417680    13.3625    -1.9651     -0.278     0.2615    -0.4641 -9.990e-29
 181.794890     -0.280   0.418376    13.3685    -1.9650     -0.278     0.2619    -0.4646 -9.990e-29
 181.794896     -0.280   0.418890    13.3752    -1.9651     -0.278     0.2622    -0.4652 -9.990e-29
 181.794902     -0.280   0.418613    13.3812    -1.9651     -0.278     0.2620    -0.4662 -9.990e-29
 181.794907     -0.281   0.417734    13.3857    -1.9647     -0.279     0.2614    -0.4673 -9.990e-29
 181.794913     -0.281   0.416558    13.3879    -1.9642     -0.279     0.2606    -0.4681 -9.990e-29
 181.794919     -0.282   0.415178    13.3867    -1.9640     -0.280     0.2598    -0.4687 -9.990e-29
 181.794925     -0.283   0.413787    13.3824    -1.9640     -0.281     0.2589    -0.4688 -9.990e-29
 181.794931     -0.284   0.412748    13.3778    -1.9638     -0.282     0.2582    -0.4687 -9.990e-29
 181.794936     -0.285   0.412338    13.3751    -1.9640     -0.283     0.2580    -0.4685 -9.990e-29
 181.794942     -0.287   0.412566    13.3741    -1.9640     -0.285     0.2582    -0.4683 -9.990e-29
 181.794948     -0.289   0.413182    13.3744    -1.9639     -0.287     0.2585    -0.4680 -9.990e-29
 181.794954     -0.291   0.413900    13.3772    -1.9638     -0.289     0.2590    -0.4680 -9.990e-29
 181.794959     -0.295   0.414569    13.3830    -1.9642     -0.293     0.2594    -0.4685 -9.990e-29
 181.794965     -0.300   0.414974    13.3896    -1.9643     -0.297     0.2596    -0.4692 -9.990e-29
 181.794971     -0.305   0.415099    13.3945    -1.9642     -0.302     0.2597    -0.4698 -9.990e-29
 181.794977     -0.309   0.415112    13.3975    -1.9640     -0.306     0.2596    -0.4702 -9.990e-29
 181.794983     -0.305   0.415029    13.3989    -1.9637     -0.302     0.2596    -0.4704 -9.990e-29
 181.794988     -0.300   0.414741    13.3992    -1.9637     -0.297     0.2594    -0.4706 -9.990e-29
 181.794994     -0.295   0.413867    13.3995    -1.9635     -0.293     0.2588    -0.4711 -9.990e-29
 181.795000     -0.291   0.412349    13.4002    -1.9637     -0.289     0.2578    -0.4719 -9.990e-29
 181.795006     -0.289   0.410934    13.3995    -1.9638     -0.287     0.2569    -0.4725 -9.990e-29
 181.795012     -0.287   0.409953    13.3968    -1.9641     -0.285     0.2563    -0.4727 -9.990e-29
 181.795017     -0.285   0.409207    13.3948    -1.9644     -0.283     0.2559    -0.4728 -9.990e-29
 181.795023     -0.284   0.408810    13.3958    -1.9649     -0.282     0.2556    -0.4731 -9.990e-29
 181.795029     -0.283   0.408785    13.3993    -1.9653     -0.281     0.2556    -0.4736 -9.990e-29
 181.795035     -0.282   0.409099    13.4032    -1.9655     -0.280     0.2557    -0.4740 -9.990e-29
 181.795041     -0.281   0.409618    13.4059    -1.9657     -0.279     0.2561    -0.4741 -9.990e-29
 181.795046     -0.281   0.409927    13.4068    -1.9659     -0.279     0.2563    -0.4741 -9.990e-29
 181.795052     -0.280   0.409882    13.4055    -1.9660     -0.278     0.2562    -0.4739 -9.990e-29
 181.795058     -0.280   0.409424    13.4019    -1.9663     -0.278     0.2560    -0.4736 -9.990e-29
 181.795064     -0.280   0.408498    13.3961    -1.9669     -0.278     0.2554    -0.4733 -9.990e-29
 181.795069     -0.279   0.407531    13.3882    -1.9682     -0.277     0.2548    -0.4727 -9.990e-29
 181.795075     -0.279   0.406899    13.3792    -1.9693     -0.277     0.2545    -0.4718 -9.990e-29
 181.795081     -0.279   0.406312    13.3712    -1.9702     -0.277     0.2542    -0.4710 -9.990e-29
 181.795087     -0.279   0.405541    13.3653    -1.9708     -0.277     0.2537    -0.4706 -9.990e-29
 181.795093     -0.278   0.404669    13.3606    -1.9713     -0.276     0.2532    -0.4704 -9.990e-29
 181.795098     -0.278   0.403641    13.3559    -1.9720     -0.276     0.2525    -0.4702 -9.990e-29
