data/oxygen options/OCNMS/OCNMS1/raw_data/2017/CAST_CA015_170925faed.cnv
* Sea-Bird SBE 19 Data File:
* FileName = C:\2017 Mooring Data\Casts\CAST_CA015_170925.hex
* Software Version SeatermAF 2.1.2
* Temperature SN = 2997
* Conductivity SN = 2997
* System UpLoad Time = Sep 25 2017 19:54:00 (localtime) = Sep 25 2017 19:54:00 (UTC)
** CAST_CA015_170925
* ds
# nquan = 9                                 
# nvalues = 5401                        
# units = specified
# name 0 = timeJ: Julian Days
# name 1 = prSM: Pressure, Strain Gauge [db]
# name 2 = c0mS/cm: Conductivity [mS/cm]
# name 3 = t090C: Temperature [ITS-90, deg C]
# name 4 = sbeox0ML/L: Oxygen, SBE 43 [ml/l]
# name 5 = depSM: Depth [salt water, m], lat = 47.5
# name 6 = sal00: Salinity, Practical [PSU]
# name 7 = sigma-é00: Density [sigma-theta, kg/m^3]
# name 8 = flag: flag
# span 0 = 268.796400, 268.827650       
# span 1 =     -4.808,     17.656       
# span 2 =   0.456768,  39.509818       
# span 3 =    11.6688,    15.4555       
# span 4 =   -11.5268,    15.6805       
# span 5 =     -4.768,     17.508       
# span 6 =     0.2728,    33.0083       
# span 7 =    -0.7563,    25.1010       
# span 8 = 0.0000e+00, 0.0000e+00       
# interval = seconds: 0.5
# start_time = Sep 25 2017 19:06:49 [Instrument's time stamp, header]
# bad_flag = -9.990e-29
*END*
[from data line 641]
 268.800110      0.340  37.413596    13.8166    -1.5919      0.337    30.9647    23.1079 -9.990e-29
 268.800116      0.405  38.748544    13.7977    -1.5921      0.402    32.2126    24.0752 -9.990e-29
 268.800122      0.468  39.221679    13.7928    -1.5912      0.464    32.6553    24.4182 -9.990e-29
 268.800127      0.526  39.385976    13.7945    -1.5915      0.522    32.8063    24.5345 -9.990e-29
 268.800133      0.580  39.415123    13.7910    -1.5921      0.575    32.8363    24.5584 -9.990e-29
 268.800139      0.624  39.382160    13.7839    -1.5928      0.619    32.8118    24.5409 -9.990e-29
 268.800145      0.657  39.347340    13.7855    -1.5928      0.652    32.7781    24.5146 -9.990e-29
 268.800150      0.682  39.333706    13.7970    -1.5929      0.676    32.7556    24.4948 -9.990e-29
 268.800156      0.698  39.330924    13.8054    -1.5932      0.692    32.7458    24.4856 -9.990e-29
 268.800162      0.709  39.333047    13.8034    -1.5924      0.703    32.7495    24.4888 -9.990e-29
 268.800168      0.718  39.337872    13.7937    -1.5922      0.712    32.7623    24.5007 -9.990e-29
 268.800174      0.730  39.350160    13.7830    -1.5929      0.724    32.7828    24.5187 -9.990e-29
 268.800179      0.742  39.385180    13.7776    -1.5932      0.736    32.8199    24.5485 -9.990e-29
 268.800185      0.751  39.426883    13.7771    -1.5932      0.745    32.8591    24.5789 -9.990e-29
 268.800191      0.757  39.429478    13.7769    -1.5929      0.751    32.8617    24.5809 -9.990e-29
 268.800197      0.759  39.390266    13.7733    -1.5931      0.753    32.8283    24.5559 -9.990e-29
 268.800203      0.760  39.348842    13.7662    -1.5929      0.754    32.7959    24.5323 -9.990e-29
 268.800208      0.758  39.332891    13.7600    -1.5920      0.752    32.7864    24.5262 -9.990e-29
 268.800214      0.758  39.338516    13.7574    -1.5929      0.752    32.7939    24.5325 -9.990e-29
 268.800220      0.763  39.358095    13.7577    -1.5932      0.757    32.8118    24.5463 -9.990e-29
 268.800226      0.771  39.384683    13.7591    -1.5923      0.765    32.8353    24.5642 -9.990e-29
 268.800231      0.777  39.388191    13.7603    -1.5921      0.771    32.8376    24.5657 -9.990e-29
 268.800237      0.781  39.362099    13.7620    -1.5918      0.774    32.8118    24.5454 -9.990e-29
 268.800243      0.784  39.337166    13.7645    -1.5925      0.777    32.7865    24.5254 -9.990e-29
 268.800249      0.786  39.327768    13.7668    -1.5934      0.779    32.7758    24.5166 -9.990e-29
 268.800255      0.788  39.325864    13.7677    -1.5933      0.781    32.7733    24.5145 -9.990e-29
 268.800260      0.789  39.328918    13.7669    -1.5927      0.782    32.7768    24.5174 -9.990e-29
 268.800266      0.789  39.346610    13.7645    -1.5926      0.782    32.7953    24.5322 -9.990e-29
 268.800272      0.788  39.364441    13.7616    -1.5922      0.781    32.8144    24.5475 -9.990e-29
 268.800278      0.787  39.361933    13.7604    -1.5917      0.780    32.8131    24.5467 -9.990e-29
 268.800284      0.785  39.367117    13.7620    -1.5915      0.778    32.8165    24.5490 -9.990e-29
 268.800289      0.782  39.394752    13.7643    -1.5915      0.775    32.8402    24.5669 -9.990e-29
 268.800295      0.778  39.414465    13.7646    -1.5929      0.772    32.8583    24.5808 -9.990e-29
 268.800301      0.773  39.406608    13.7632    -1.5937      0.767    32.8522    24.5764 -9.990e-29
 268.800307      0.770  39.372475    13.7600    -1.5936      0.764    32.8232    24.5546 -9.990e-29
 268.800313      0.774  39.339389    13.7552    -1.5920      0.768    32.7966    24.5350 -9.990e-29
 268.800318      0.781  39.343348    13.7506    -1.5920      0.774    32.8042    24.5419 -9.990e-29
 268.800324      0.787  39.378991    13.7471    -1.5912      0.780    32.8403    24.5705 -9.990e-29
 268.800330      0.792  39.420457    13.7445    -1.5907      0.785    32.8811    24.6025 -9.990e-29
 268.800336      0.796  39.461977    13.7434    -1.5920      0.789    32.9206    24.6333 -9.990e-29
 268.800341      0.800  39.497853    13.7441    -1.5936      0.793    32.9534    24.6585 -9.990e-29
 268.800347      0.805  39.509818    13.7463    -1.5940      0.798    32.9626    24.6652 -9.990e-29
 268.800353      0.810  39.479655    13.7498    -1.5932      0.803    32.9316    24.6405 -9.990e-29
 268.800359      0.815  39.414212    13.7529    -1.5931      0.808    32.8681    24.5907 -9.990e-29
 268.800365      0.821  39.360124    13.7542    -1.5919      0.814    32.8167    24.5508 -9.990e-29
 268.800370      0.829  39.365165    13.7562    -1.5933      0.822    32.8196    24.5527 -9.990e-29
 268.800376      0.839  39.418134    13.7607    -1.5939      0.832    32.8650    24.5868 -9.990e-29
 268.800382      0.847  39.469776    13.7648    -1.5941      0.840    32.9095    24.6203 -9.990e-29
 268.800388      0.849  39.498759    13.7657    -1.5938      0.842    32.9357    24.6404 -9.990e-29
 268.800394      0.850  39.484349    13.7631    -1.5936      0.843    32.9245    24.6323 -9.990e-29
 268.800399      0.855  39.414062    13.7582    -1.5926      0.848    32.8634    24.5860 -9.990e-29
 268.800405      0.863  39.335360    13.7526    -1.5920      0.856    32.7950    24.5344 -9.990e-29
 268.800411      0.875  39.308011    13.7495    -1.5928      0.868    32.7722    24.5174 -9.990e-29
 268.800417      0.888  39.334206    13.7509    -1.5934      0.881    32.7954    24.5350 -9.990e-29
 268.800422      0.893  39.374932    13.7547    -1.5932      0.886    32.8300    24.5610 -9.990e-29
 268.800428      0.892  39.381975    13.7571    -1.5930      0.885    32.8345    24.5639 -9.990e-29
 268.800434      0.893  39.335038    13.7572    -1.5925      0.886    32.7908    24.5301 -9.990e-29
 268.800440      0.899  39.281345    13.7563    -1.5922      0.891    32.7416    24.4924 -9.990e-29
 268.800446      0.912  39.263593    13.7554    -1.5921      0.904    32.7259    24.4804 -9.990e-29
 268.800451      0.928  39.279404    13.7552    -1.5917      0.920    32.7408    24.4919 -9.990e-29
 268.800457      0.939  39.320172    13.7553    -1.5913      0.931    32.7786    24.5211 -9.990e-29
 268.800463      0.942  39.370236    13.7556    -1.5917      0.934    32.8248    24.5568 -9.990e-29
 268.800469      0.941  39.393835    13.7571    -1.5930      0.933    32.8455    24.5724 -9.990e-29
 268.800475      0.941  39.375381    13.7598    -1.5938      0.933    32.8260    24.5568 -9.990e-29
 268.800480      0.941  39.346296    13.7622    -1.5922      0.933    32.7969    24.5339 -9.990e-29
 268.800486      0.947  39.336707    13.7630    -1.5921      0.939    32.7873    24.5263 -9.990e-29
 268.800492      0.957  39.351763    13.7619    -1.5924      0.949    32.8023    24.5381 -9.990e-29
 268.800498      0.964  39.383532    13.7598    -1.5933      0.956    32.8336    24.5627 -9.990e-29
 268.800503      0.965  39.417798    13.7582    -1.5938      0.957    32.8668    24.5887 -9.990e-29
 268.800509      0.963  39.448715    13.7574    -1.5928      0.955    32.8962    24.6116 -9.990e-29
 268.800515      0.963  39.476053    13.7568     9.2351      0.955    32.9222    24.6317 -9.990e-29
 268.800521      0.966  39.483609    13.7553    12.0565      0.958    32.9305    24.6385 -9.990e-29
 268.800527      0.970  39.450649    13.7524    12.1857      0.962    32.9023    24.6173 -9.990e-29
 268.800532      0.977  39.394855    13.7494    10.0575      0.969    32.8530    24.5798 -9.990e-29
 268.800538      0.986  39.376849    13.7482     5.5879      0.978    32.8373    24.5679 -9.990e-29
 268.800544      0.994  39.409601    13.7490     5.7406      0.986    32.8671    24.5908 -9.990e-29
 268.800550      0.998  39.430344    13.7503     5.9757      0.990    32.8852    24.6045 -9.990e-29
 268.800556      1.002  39.404556    13.7513     6.0334      0.994    32.8604    24.5851 -9.990e-29
 268.800561      1.009  39.356120    13.7523     6.0044      1.001    32.8145    24.5495 -9.990e-29
 268.800567      1.018  39.324099    13.7536     5.9479      1.010    32.7836    24.5254 -9.990e-29
 268.800573      1.023  39.299413    13.7547     5.9012      1.014    32.7598    24.5067 -9.990e-29
 268.800579      1.026  39.255314    13.7559     5.8675      1.017    32.7178    24.4740 -9.990e-29
 268.800584      1.025  39.220398    13.7575     5.8332      1.016    32.6840    24.4476 -9.990e-29
 268.800590      1.022  39.209178    13.7591     5.8098      1.013    32.6722    24.4381 -9.990e-29
 268.800596      1.016  39.205578    13.7605     5.8083      1.008    32.6676    24.4343 -9.990e-29
 268.800602      1.007  39.204237    13.7613     5.7911      0.999    32.6657    24.4327 -9.990e-29
 268.800608      0.994  39.203363    13.7617     5.7786      0.986    32.6646    24.4317 -9.990e-29
 268.800613      0.980  39.202343    13.7617     5.7669      0.972    32.6636    24.4310 -9.990e-29
 268.800619      0.974  39.201487    13.7606     5.7568      0.966    32.6638    24.4313 -9.990e-29
 268.800625      0.979  39.200767    13.7590     5.7604      0.971    32.6645    24.4322 -9.990e-29
 268.800631      0.991  39.199772    13.7575     5.7701      0.983    32.6648    24.4328 -9.990e-29
 268.800637      1.002  39.198288    13.7555     5.7757      0.994    32.6651    24.4334 -9.990e-29
 268.800642      1.010  39.196006    13.7522     5.7731      1.002    32.6658    24.4346 -9.990e-29
 268.800648      1.013  39.193795    13.7487     5.7803      1.005    32.6668    24.4361 -9.990e-29
 268.800654      1.013  39.191496    13.7469     5.7690      1.005    32.6662    24.4360 -9.990e-29
 268.800660      1.010  39.187717    13.7464     5.7509      1.002    32.6631    24.4337 -9.990e-29
 268.800666      1.003  39.184130    13.7450     5.7510      0.995    32.6609    24.4323 -9.990e-29
 268.800671      0.992  39.182103    13.7426     5.7540      0.984    32.6611    24.4329 -9.990e-29
 268.800677      0.980  39.180607    13.7415     5.7612      0.972    32.6607    24.4328 -9.990e-29
 268.800683      0.975  39.179877    13.7416     5.7783      0.967    32.6599    24.4322 -9.990e-29
 268.800689      0.982  39.180052    13.7412     5.7768      0.974    32.6604    24.4327 -9.990e-29
 268.800694      0.996  39.180236    13.7408     5.7674      0.988    32.6609    24.4332 -9.990e-29
 268.800700      1.006  39.180102    13.7413     5.7762      0.998    32.6604    24.4326 -9.990e-29
 268.800706      1.002  39.180021    13.7436     5.7672      0.994    32.6583    24.4306 -9.990e-29
 268.800712      0.995  39.181556    13.7484     5.7737      0.987    32.6557    24.4275 -9.990e-29
 268.800718      0.996  39.186184    13.7544     5.7686      0.988    32.6548    24.4257 -9.990e-29
 268.800723      1.005  39.192227    13.7592     5.7630      0.997    32.6564    24.4259 -9.990e-29
 268.800729      1.015  39.196530    13.7616     5.7645      1.007    32.6583    24.4269 -9.990e-29
 268.800735      1.021  39.198660    13.7628     5.7568      1.012    32.6593    24.4274 -9.990e-29
 268.800741      1.024  39.199767    13.7636     5.7646      1.015    32.6596    24.4275 -9.990e-29
 268.800747      1.024  39.200196    13.7642     5.7657      1.015    32.6595    24.4273 -9.990e-29
 268.800752      1.022  39.199950    13.7644     5.7669      1.013    32.6591    24.4269 -9.990e-29
 268.800758      1.021  39.197572    13.7635     5.7682      1.012    32.6576    24.4260 -9.990e-29
 268.800764      1.025  39.193804    13.7622     5.7593      1.016    32.6553    24.4244 -9.990e-29
 268.800770      1.031  39.193134    13.7618     5.7707      1.022    32.6550    24.4243 -9.990e-29
 268.800775      1.035  39.194660    13.7613     5.7737      1.026    32.6568    24.4258 -9.990e-29
 268.800781      1.037  39.194806    13.7601     5.7688      1.028    32.6580    24.4270 -9.990e-29
 268.800787      1.036  39.194875    13.7591     5.7676      1.027    32.6589    24.4279 -9.990e-29
 268.800793      1.034  39.196072    13.7592     5.7561      1.025    32.6599    24.4286 -9.990e-29
 268.800799      1.029  39.197183    13.7602     5.7629      1.020    32.6601    24.4286 -9.990e-29
 268.800804      1.026  39.197999    13.7618     5.7673      1.017    32.6595    24.4278 -9.990e-29
 268.800810      1.029  39.199037    13.7629     5.7815      1.020    32.6595    24.4276 -9.990e-29
 268.800816      1.034  39.199432    13.7629     5.7724      1.025    32.6599    24.4279 -9.990e-29
 268.800822      1.037  39.198020    13.7622     5.7726      1.028    32.6592    24.4275 -9.990e-29
 268.800828      1.038  39.196272    13.7612     5.7648      1.029    32.6584    24.4271 -9.990e-29
 268.800833      1.037  39.195766    13.7597     5.7680      1.028    32.6592    24.4280 -9.990e-29
 268.800839      1.033  39.194698    13.7575     5.7673      1.024    32.6601    24.4291 -9.990e-29
 268.800845      1.032  39.191637    13.7549     5.7649      1.023    32.6595    24.4292 -9.990e-29
 268.800851      1.038  39.187532    13.7526     5.7725      1.029    32.6576    24.4282 -9.990e-29
 268.800856      1.045  39.184184    13.7512     5.7652      1.036    32.6557    24.4270 -9.990e-29
 268.800862      1.047  39.183278    13.7511     5.7723      1.038    32.6549    24.4264 -9.990e-29
 268.800868      1.039  39.184718    13.7525     5.7726      1.030    32.6551    24.4263 -9.990e-29
 268.800874      1.025  39.187052    13.7541     5.7711      1.016    32.6559    24.4266 -9.990e-29
 268.800880      1.012  39.188903    13.7537     5.7603      1.004    32.6580    24.4282 -9.990e-29
 268.800885      1.009  39.189367    13.7512     5.7547      1.001    32.6605    24.4307 -9.990e-29
 268.800891      1.015  39.187934    13.7483     5.7547      1.007    32.6617    24.4322 -9.990e-29
 268.800897      1.021  39.186047    13.7471     5.7700      1.012    32.6609    24.4319 -9.990e-29
 268.800903      1.025  39.185661    13.7490     5.7781      1.016    32.6589    24.4300 -9.990e-29
 268.800909      1.026  39.186250    13.7533     5.7715      1.017    32.6558    24.4267 -9.990e-29
 268.800914      1.024  39.187469    13.7570     5.7616      1.015    32.6538    24.4244 -9.990e-29
 268.800920      1.019  39.189254    13.7579     5.7611      1.010    32.6547    24.4249 -9.990e-29
 268.800926      1.016  39.190053    13.7566     5.7641      1.008    32.6565    24.4266 -9.990e-29
 268.800932      1.022  39.189804    13.7547     5.7619      1.013    32.6579    24.4280 -9.990e-29
 268.800937      1.038  39.189849    13.7536     5.7569      1.029    32.6589    24.4290 -9.990e-29
 268.800943      1.052  39.190235    13.7542     5.7594      1.043    32.6587    24.4288 -9.990e-29
 268.800949      1.057  39.190908    13.7566     5.7563      1.048    32.6573    24.4272 -9.990e-29
 268.800955      1.057  39.191634    13.7593     5.7518      1.048    32.6557    24.4254 -9.990e-29
 268.800961      1.056  39.191692    13.7593     5.7508      1.047    32.6558    24.4254 -9.990e-29
 268.800966      1.054  39.190591    13.7567     5.7504      1.045    32.6569    24.4269 -9.990e-29
 268.800972      1.051  39.189095    13.7542     5.7560      1.042    32.6577    24.4279 -9.990e-29
 268.800978      1.048  39.187440    13.7518     5.7475      1.039    32.6582    24.4288 -9.990e-29
 268.800984      1.042  39.185089    13.7482     5.7454      1.033    32.6591    24.4302 -9.990e-29
 268.800990      1.040  39.182818    13.7437     5.7453      1.031    32.6608    24.4325 -9.990e-29
 268.800995      1.044  39.178710    13.7394     5.7544      1.035    32.6607    24.4333 -9.990e-29
 268.801001      1.051  39.172880    13.7372     5.7549      1.042    32.6571    24.4310 -9.990e-29
 268.801007      1.053  39.170988    13.7388     5.7527      1.044    32.6540    24.4282 -9.990e-29
 268.801013      1.045  39.173303    13.7411     5.7383      1.036    32.6542    24.4279 -9.990e-29
 268.801019      1.036  39.174496    13.7386     5.7407      1.027    32.6574    24.4309 -9.990e-29
 268.801024      1.034  39.169989    13.7303     5.7521      1.025    32.6603    24.4348 -9.990e-29
