data/oxygen options/OCNMS/OCNMS1/raw_data/2017/CAST_CA015_170725faed.cnv
* Sea-Bird SBE 19 Data File:
* FileName = C:\2017 Mooring Data\Casts\CAST_CA015_170725.hex
* Software Version SeatermAF 2.1.2
* Temperature SN = 2997
* Conductivity SN = 2997
* System UpLoad Time = Jul 25 2017 17:45:28 (localtime) = Jul 25 2017 17:45:28 (UTC)
** CAST_CA015_170725
* ds
# nquan = 9                                 
# nvalues = 957                         
# units = specified
# name 0 = timeJ: Julian Days
# name 1 = prSM: Pressure, Strain Gauge [db]
# name 2 = c0mS/cm: Conductivity [mS/cm]
# name 3 = t090C: Temperature [ITS-90, deg C]
# name 4 = sbeox0ML/L: Oxygen, SBE 43 [ml/l]
# name 5 = depSM: Depth [salt water, m], lat = 47.5
# name 6 = sal00: Salinity, Practical [PSU]
# name 7 = sigma-é00: Density [sigma-theta, kg/m^3]
# name 8 = flag: flag
# span 0 = 206.722118, 206.727650       
# span 1 =     -5.134,     17.295       
# span 2 =   0.008713,  37.590169       
# span 3 =     8.4395,    16.1048       
# span 4 =    -9.0951,    17.3470       
# span 5 =     -5.091,     17.150       
# span 6 =     0.0110,    33.3565       
# span 7 =    -1.0641,    25.9181       
# span 8 = 0.0000e+00, 0.0000e+00       
# interval = seconds: 0.5
# start_time = Jul 25 2017 17:19:51 [Instrument's time stamp, header]
# bad_flag = -9.990e-29
*END*
[from data line 801]
 206.726753      6.892  35.183144     8.7242     3.7085      6.834    33.2021    25.7534 0.0000e+00
 206.726759      6.622  35.191289     8.7377     3.6779      6.567    33.1981    25.7482 0.0000e+00
 206.726765      6.350  35.194764     8.7474     3.7344      6.297    33.1927    25.7425 0.0000e+00
 206.726771      6.071  35.197598     8.7569     3.9107      6.020    33.1869    25.7365 0.0000e+00
 206.726777      5.788  35.204085     8.7710     4.1970      5.740    33.1806    25.7294 0.0000e+00
 206.726782      5.511  35.216115     8.7939     4.6249      5.465    33.1719    25.7190 0.0000e+00
 206.726788      5.233  35.230659     8.8311     5.1281      5.189    33.1524    25.6980 0.0000e+00
 206.726794      4.938  35.249156     8.9035     5.5257      4.897    33.1043    25.6490 0.0000e+00
 206.726800      4.623  35.295107     9.0531     5.7971      4.584    33.0131    25.5542 0.0000e+00
 206.726806      4.312  35.415745     9.3723     5.9247      4.276    32.8434    25.3709 0.0000e+00
 206.726811      4.023  35.672273     9.8709     6.0345      3.989    32.6514    25.1399 0.0000e+00
 206.726817      3.754  36.025025    10.3552     6.1521      3.723    32.5717    24.9967 0.0000e+00
 206.726823      3.498  36.284501    10.7126     6.2680      3.469    32.5123    24.8891 0.0000e+00
 206.726829      3.247  36.375844    10.9965     6.3926      3.220    32.3516    24.7145 0.0000e+00
 206.726834      3.001  36.413612    11.2004     6.5178      2.976    32.2099    24.5682 0.0000e+00
 206.726840      2.767  36.475592    11.3211     6.6134      2.744    32.1655    24.5122 0.0000e+00
 206.726846      2.543  36.581173    11.4127     6.7393      2.522    32.1892    24.5142 0.0000e+00
 206.726852      2.323  36.712712    11.4975     6.8577      2.304    32.2440    24.5415 0.0000e+00
 206.726858      2.101  36.809909    11.5807     6.9698      2.083    32.2664    24.5438 0.0000e+00
 206.726863      1.876  36.861269    11.6485     7.0999      1.860    32.2575    24.5246 0.0000e+00
 206.726869      1.651  36.894371    11.6906     7.2548      1.637    32.2532    24.5135 0.0000e+00
 206.726875      1.434  36.923651    11.7220     7.3735      1.422    32.2545    24.5088 0.0000e+00
 206.726881      1.235  36.956769    11.7526     7.4689      1.225    32.2602    24.5076 0.0000e+00
 206.726887      1.064  36.994177    11.7894     7.5269      1.055    32.2646    24.5043 0.0000e+00
 206.726892      0.926  37.030849    11.8383     7.5345      0.918    32.2578    24.4900 -9.990e-29
 206.726898      0.827  37.061338    11.8984     7.5010      0.820    32.2352    24.4614 -9.990e-29
 206.726904      0.764  37.084830    11.9664     7.4531      0.758    32.1992    24.4208 -9.990e-29
 206.726910      0.729  37.119731    12.0257     7.3962      0.723    32.1817    24.3962 -9.990e-29
 206.726916      0.710  37.154317    12.0453     7.3353      0.704    32.1981    24.4054 -9.990e-29
 206.726921      0.699  37.138941    12.0290     7.2429      0.693    32.1974    24.4078 -9.990e-29
 206.726927      0.690  37.092809    12.0168     7.1699      0.684    32.1634    24.3837 -9.990e-29
 206.726933      0.687  37.083678    12.0235     7.1855      0.681    32.1488    24.3712 -9.990e-29
 206.726939      0.695  37.118349    12.0341     7.2766      0.689    32.1731    24.3880 -9.990e-29
 206.726944      0.712  37.152869    12.0337     7.4201      0.706    32.2067    24.4142 -9.990e-29
 206.726950      0.737  37.155407    12.0158     7.5522      0.731    32.2246    24.4314 -9.990e-29
 206.726956      0.762  37.137138    11.9991     7.5971      0.756    32.2214    24.4320 -9.990e-29
 206.726962      0.785  37.135790    12.0101     7.6075      0.778    32.2106    24.4216 -9.990e-29
 206.726968      0.808  37.164626    12.0417     7.5697      0.801    32.2111    24.4161 -9.990e-29
 206.726973      0.830  37.198223    12.0674     7.4137      0.823    32.2213    24.4192 -9.990e-29
 206.726979      0.855  37.214153    12.0763     7.2113      0.848    32.2290    24.4235 -9.990e-29
 206.726985      0.879  37.220179    12.0749     6.9846      0.872    32.2360    24.4292 -9.990e-29
 206.726991      0.895  37.222053    12.0642     6.7705      0.888    32.2470    24.4398 -9.990e-29
 206.726997      0.905  37.216065    12.0379     6.6507      0.897    32.2640    24.4578 -9.990e-29
 206.727002      0.917  37.204818    12.0006     6.6440      0.909    32.2854    24.4814 -9.990e-29
 206.727008      0.932  37.187458    11.9613     6.7666      0.924    32.3027    24.5021 -9.990e-29
 206.727014      0.942  37.162082    11.9242     6.9125      0.934    32.3103    24.5149 -9.990e-29
 206.727020      0.945  37.124688    11.8946     7.1142      0.937    32.2998    24.5122 -9.990e-29
 206.727025      0.940  37.083054    11.8822     7.2701      0.932    32.2703    24.4916 -9.990e-29
 206.727031      0.923  37.061894    11.8865     7.3466      0.915    32.2461    24.4720 -9.990e-29
 206.727037      0.892  37.058177    11.8954     7.3301      0.885    32.2348    24.4616 -9.990e-29
 206.727043      0.858  37.055192    11.9103     7.2369      0.851    32.2190    24.4466 -9.990e-29
 206.727049      0.828  37.063515    11.9427     7.1799      0.821    32.1990    24.4251 -9.990e-29
 206.727054      0.800  37.084728    11.9822     7.1879      0.793    32.1854    24.4072 -9.990e-29
 206.727060      0.773  37.074345    12.0003     7.2310      0.767    32.1598    24.3840 -9.990e-29
 206.727066      0.743  36.963107    11.9886     7.2552      0.737    32.0625    24.3107 -9.990e-29
 206.727072      0.714  36.838370    11.9694     7.2928      0.708    31.9587    24.2337 -9.990e-29
 206.727078      0.693  36.857370    11.9670     7.3378      0.687    31.9791    24.2499 -9.990e-29
 206.727083      0.682  36.954758    11.9775     7.4317      0.676    32.0641    24.3139 -9.990e-29
 206.727089      0.681  37.022480    11.9906     7.5209      0.675    32.1181    24.3535 -9.990e-29
 206.727095      0.685  37.048953    12.0108     7.5928      0.679    32.1263    24.3560 -9.990e-29
 206.727101      0.690  37.059958    12.0367     7.5812      0.684    32.1146    24.3421 -9.990e-29
 206.727106      0.698  37.088085    12.0597     7.5017      0.692    32.1219    24.3435 -9.990e-29
 206.727112      0.707  37.113738    12.0841     7.4018      0.701    32.1256    24.3419 -9.990e-29
 206.727118      0.723  37.139219    12.1130     7.2954      0.717    32.1253    24.3362 -9.990e-29
 206.727124      0.752  37.182274    12.1286     7.2206      0.746    32.1533    24.3550 -9.990e-29
 206.727130      0.786  37.210183    12.1188     7.1967      0.779    32.1885    24.3842 -9.990e-29
 206.727135      0.811  37.199707    12.0861     7.2362      0.804    32.2066    24.4044 -9.990e-29
 206.727141      0.820  37.150874    12.0430     7.2807      0.813    32.1967    24.4047 -9.990e-29
 206.727147      0.817  37.056792    12.0150     7.3100      0.810    32.1302    24.3583 -9.990e-29
 206.727153      0.811  36.916846    12.0144     7.3086      0.804    31.9957    24.2541 -9.990e-29
 206.727159      0.805  36.798572    12.0283     7.2687      0.798    31.8699    24.1539 -9.990e-29
 206.727164      0.800  36.795602    12.0417     7.2282      0.793    31.8556    24.1403 -9.990e-29
 206.727170      0.795  36.901182    12.0469     7.2060      0.788    31.9528    24.2148 -9.990e-29
 206.727176      0.790  37.029382    12.0381     7.1917      0.783    32.0839    24.3181 -9.990e-29
 206.727182      0.785  37.102035    12.0211     7.2090      0.778    32.1686    24.3869 -9.990e-29
 206.727188      0.778  37.104613    12.0077     7.3012      0.772    32.1826    24.4003 -9.990e-29
 206.727193      0.770  37.084218    12.0002     7.3270      0.764    32.1694    24.3915 -9.990e-29
 206.727199      0.761  37.078586    11.9980     7.3035      0.755    32.1659    24.3891 -9.990e-29
 206.727205      0.744  37.077969    12.0031     7.2545      0.738    32.1609    24.3843 -9.990e-29
 206.727211      0.716  37.078183    12.0126     7.1753      0.710    32.1529    24.3764 -9.990e-29
 206.727216      0.678  37.085112    12.0226     7.0586      0.672    32.1510    24.3730 -9.990e-29
 206.727222      0.632  37.087842    12.0305     6.9616      0.627    32.1468    24.3683 -9.990e-29
 206.727228      0.576  37.085537    12.0308     8.0889      0.571    32.1444    24.3663 -9.990e-29
 206.727234      0.510  37.058893    12.0198     7.9904      0.506    32.1282    24.3558 -9.990e-29
 206.727240      0.438  36.933759    12.0003     7.5752      0.434    32.0243    24.2789 -9.990e-29
 206.727245      0.365  36.586396    11.9842     7.2944      0.362    31.7033    24.0328 -9.990e-29
 206.727251      0.294  36.152557    11.9842     6.9629      0.292    31.2857    23.7089 -9.990e-29
 206.727257      0.230  36.037769    11.9998     6.7060      0.228    31.1624    23.6103 -9.990e-29
 206.727263      0.177  36.263630    12.0213     6.6207      0.176    31.3614    23.7608 -9.990e-29
 206.727269      0.135  36.396956    12.0416     6.5981      0.134    31.4725    23.8432 -9.990e-29
 206.727274      0.103  35.883947    12.0597     6.6193      0.102    30.9650    23.4463 -9.990e-29
 206.727280      0.078  33.764634    12.0779     6.6360      0.077    28.9288    21.8649 -9.990e-29
 206.727286      0.058  27.198155    12.0978     6.6545      0.058    22.7747    17.0994 -9.990e-29
 206.727292      0.043  17.167332    12.1198     6.6442      0.043    13.7645    10.1379 -9.990e-29
 206.727297      0.031  10.387114    12.1412     6.6587      0.031     7.9847     5.6731 -9.990e-29
 206.727303      0.022   7.867679    12.1584     6.6673      0.022     5.9190     4.0745 -9.990e-29
 206.727309      0.015   6.199513    12.1715     6.6717      0.015     4.5832     3.0396 -9.990e-29
 206.727315      0.010   4.918254    12.1838     6.6887      0.010     3.5778     2.2596 -9.990e-29
 206.727321      0.006   4.176923    12.1972     6.7037      0.006     3.0052     1.8142 -9.990e-29
 206.727326      0.002   3.577129    12.2112     6.7057      0.002     2.5478     1.4577 -9.990e-29
 206.727332     -0.000   3.021100    12.2248     6.7144     -0.000     2.1291     1.1312 -9.990e-29
 206.727338     -0.002   2.596891    12.2374     6.7163     -0.002     1.8135     0.8845 -9.990e-29
 206.727344     -0.003   2.355123    12.2492     6.7261     -0.003     1.6351     0.7445 -9.990e-29
 206.727350     -0.004   2.316724    12.2605     6.7238     -0.004     1.6065     0.7209 -9.990e-29
 206.727355     -0.005   2.414958    12.2718     6.7271     -0.005     1.6780     0.7751 -9.990e-29
 206.727361     -0.005   2.522942    12.2845     6.7256     -0.005     1.7567     0.8348 -9.990e-29
 206.727367     -0.005   2.591672    12.2991     6.6793     -0.005     1.8067     0.8717 -9.990e-29
 206.727373     -0.005   2.592437    12.3144     6.6612     -0.005     1.8065     0.8697 -9.990e-29
 206.727378     -0.004   2.506291    12.3297     6.6614     -0.004     1.7424     0.8181 -9.990e-29
 206.727384     -0.003   2.391409    12.3438     6.6837     -0.003     1.6575     0.7505 -9.990e-29
 206.727390     -0.002   2.286504    12.3543     6.6941     -0.002     1.5804     0.6893 -9.990e-29
 206.727396      0.001   2.163166    12.3613     6.6934      0.001     1.4904     0.6184 -9.990e-29
 206.727402      0.003   2.027177    12.3678     6.7001      0.003     1.3915     0.5408 -9.990e-29
 206.727407      0.007   1.924556    12.3755     6.6957      0.007     1.3172     0.4821 -9.990e-29
 206.727413      0.011   1.881482    12.3841     6.6976      0.011     1.2859     0.4567 -9.990e-29
 206.727419      0.017   1.971915    12.3937     6.7007      0.017     1.3507     0.5059 -9.990e-29
 206.727425      0.021   2.364665    12.4043     6.6946      0.021     1.6354     0.7258 -9.990e-29
 206.727431      0.018   3.046013    12.4152     6.6940      0.018     2.1369     1.1137 -9.990e-29
 206.727436      0.012   3.549362    12.4281     6.6948      0.012     2.5124     1.4033 -9.990e-29
 206.727442      0.008   3.512873    12.4465     6.6986      0.008     2.4837     1.3788 -9.990e-29
 206.727448      0.005   3.157595    12.4677     6.7029      0.005     2.2169     1.1692 -9.990e-29
 206.727454      0.003   2.824900    12.4834     6.6953      0.003     1.9695     0.9753 -9.990e-29
 206.727459      0.001   2.593217    12.4913     6.6822      0.001     1.7987     0.8418 -9.990e-29
 206.727465      0.001   2.407109    12.4965     6.6700      0.001     1.6624     0.7353 -9.990e-29
 206.727471      0.001   2.245253    12.5036     6.6689      0.001     1.5443     0.6428 -9.990e-29
 206.727477      0.002   2.126411    12.5144     6.6642      0.002     1.4578     0.5743 -9.990e-29
 206.727483      0.003   2.063469    12.5273     6.6665      0.003     1.4119     0.5370 -9.990e-29
 206.727488      0.006   2.039596    12.5388     6.6693      0.006     1.3943     0.5219 -9.990e-29
 206.727494      0.009   2.010766    12.5471     6.6766      0.009     1.3732     0.5045 -9.990e-29
 206.727500      0.014   1.957387    12.5540     6.6790      0.014     1.3346     0.4736 -9.990e-29
 206.727506      0.020   1.904761    12.5630     6.6773      0.020     1.2965     0.4429 -9.990e-29
 206.727512      0.023   1.885845    12.5767     6.6751      0.023     1.2825     0.4303 -9.990e-29
 206.727517      0.020   1.941392    12.5924     6.6821      0.020     1.3218     0.4589 -9.990e-29
 206.727523      0.015   2.086139    12.6029     6.6770      0.015     1.4254     0.5381 -9.990e-29
 206.727529      0.011   2.241396    12.6062     6.6793      0.011     1.5374     0.6246 -9.990e-29
 206.727535      0.009   2.325840    12.6061     6.6622      0.009     1.5986     0.6721 -9.990e-29
 206.727541      0.008   2.330622    12.6055     6.6572      0.008     1.6021     0.6749 -9.990e-29
 206.727546      0.008   2.274872    12.6057     6.6584      0.008     1.5616     0.6435 -9.990e-29
 206.727552      0.009   2.189064    12.6087     6.6503      0.009     1.4994     0.5948 -9.990e-29
 206.727558      0.011   2.115716    12.6170     6.6636      0.011     1.4462     0.5524 -9.990e-29
 206.727564      0.015   2.085117    12.6303     6.6721      0.015     1.4237     0.5333 -9.990e-29
 206.727569      0.020   2.075324    12.6437     6.6694      0.020     1.4161     0.5257 -9.990e-29
 206.727575      0.028   2.051656    12.6522     6.6797      0.028     1.3988     0.5112 -9.990e-29
 206.727581      0.037   2.013049    12.6546     6.6798      0.037     1.3710     0.4893 -9.990e-29
 206.727587      0.046   1.983435    12.6539     6.6836      0.046     1.3498     0.4729 -9.990e-29
 206.727593      0.049   2.043640    12.6547    -9.0951      0.049     1.3929     0.5063 -9.990e-29
 206.727598      0.052   2.210164    12.6584 -9.990e-29      0.052     1.5127     0.5989 -9.990e-29
 206.727604      0.058   2.352940    12.6625 -9.990e-29      0.058     1.6158     0.6784 -9.990e-29
 206.727610      0.065   2.396175    12.6649 -9.990e-29      0.064     1.6471     0.7023 -9.990e-29
 206.727616      0.068   2.341506    12.6660 -9.990e-29      0.067     1.6074     0.6714 -9.990e-29
 206.727622      0.071   2.203106    12.6680 -9.990e-29      0.070     1.5072     0.5934 -9.990e-29
 206.727627      0.076   2.041541    12.6717 -9.990e-29      0.075     1.3908     0.5025 -9.990e-29
 206.727633      0.077   1.904222    12.6751 -9.990e-29      0.076     1.2924     0.4257 -9.990e-29
 206.727639      0.080   1.793794    12.6770 -9.990e-29      0.079     1.2135     0.3642 -9.990e-29
 206.727645      0.084   1.708274    12.6777 -9.990e-29      0.083     1.1528     0.3169 -9.990e-29
 206.727650      0.085   1.652273 -9.990e-29 -9.990e-29      0.084 -9.990e-29 -9.990e-29 -9.990e-29
