data/oxygen options/OCNMS/OCNMS1/raw_data/2017/CAST_CE015_170527faed.cnv
* Sea-Bird SBE19 Data File:
* FileName = C:\2017 Mooring Data\Casts\CAST_CE015_170527.hex
* Software Version 1.59
* Temperature SN = 2997
* Conductivity SN = 2997
* System UpLoad Time = May 27 2017 20:28:23
** CAST_CE015_170527
* ds
# nquan = 9                                 
# nvalues = 752                         
# units = specified
# name 0 = timeJ: Julian Days
# name 1 = prSM: Pressure, Strain Gauge [db]
# name 2 = c0mS/cm: Conductivity [mS/cm]
# name 3 = t090C: Temperature [ITS-90, deg C]
# name 4 = sbeox0ML/L: Oxygen, SBE 43 [ml/l]
# name 5 = depSM: Depth [salt water, m], lat = 47.5
# name 6 = sal00: Salinity, Practical [PSU]
# name 7 = sigma-é00: Density [sigma-theta, kg/m^3]
# name 8 = flag: flag
# span 0 = 147.845926, 147.850272       
# span 1 =     -5.431,     12.771       
# span 2 =   0.200035,  36.371378       
# span 3 =     9.6159,    12.2911       
# span 4 =   -13.8205,    13.1845       
# span 5 =     -5.386,     12.664       
# span 6 =     0.1274,    32.5506       
# span 7 =    -0.4275,    25.1027       
# span 8 = 0.0000e+00, 0.0000e+00       
# interval = seconds: 0.5
# start_time = May 27 2017 20:18:08 [Instrument's time stamp, header]
# bad_flag = -9.990e-29
*END*
[from data line 481]
 147.848709      0.559  36.118309    11.2069     5.6216      0.554    31.9150    24.3378 -9.990e-29
 147.848715      0.576  36.107436    11.1969     5.6269      0.571    31.9130    24.3380 -9.990e-29
 147.848721      0.578  36.102987    11.1975     5.6347      0.573    31.9081    24.3341 -9.990e-29
 147.848727      0.571  36.105179    11.2037     5.6493      0.566    31.9049    24.3305 -9.990e-29
 147.848733      0.561  36.110395    11.2114     5.6462      0.556    31.9034    24.3279 -9.990e-29
 147.848738      0.554  36.116067    11.2193     5.6397      0.549    31.9021    24.3255 -9.990e-29
 147.848744      0.549  36.121551    11.2265     5.6408      0.544    31.9013    24.3236 -9.990e-29
 147.848750      0.545  36.126884    11.2321     5.6450      0.540    31.9016    24.3229 -9.990e-29
 147.848756      0.541  36.132093    11.2355     5.6352      0.536    31.9038    24.3240 -9.990e-29
 147.848762      0.539  36.135173    11.2368     5.6367      0.535    31.9057    24.3252 -9.990e-29
 147.848767      0.537  36.135197    11.2370     5.6330      0.533    31.9056    24.3251 -9.990e-29
 147.848773      0.536  36.133887    11.2361     5.6258      0.532    31.9051    24.3248 -9.990e-29
 147.848779      0.535  36.131743    11.2355     5.6290      0.531    31.9035    24.3237 -9.990e-29
 147.848785      0.535  36.130952    11.2368     5.6398      0.531    31.9016    24.3220 -9.990e-29
 147.848791      0.535  36.133266    11.2372     5.6448      0.531    31.9035    24.3234 -9.990e-29
 147.848796      0.535  36.133937    11.2348     5.6474      0.531    31.9062    24.3260 -9.990e-29
 147.848802      0.536  36.131628    11.2329     5.6434      0.532    31.9056    24.3258 -9.990e-29
 147.848808      0.537  36.131109    11.2340     5.6368      0.533    31.9042    24.3245 -9.990e-29
 147.848814      0.538  36.133373    11.2371     5.6443      0.534    31.9037    24.3236 -9.990e-29
 147.848819      0.541  36.135847    11.2398     5.6460      0.536    31.9038    24.3232 -9.990e-29
 147.848825      0.544  36.137355    11.2418     5.6457      0.539    31.9035    24.3226 -9.990e-29
 147.848831      0.548  36.138238    11.2437     5.6369      0.543    31.9027    24.3217 -9.990e-29
 147.848837      0.553  36.138559    11.2458     5.6390      0.548    31.9012    24.3201 -9.990e-29
 147.848843      0.559  36.139313    11.2487     5.6335      0.554    31.8995    24.3183 -9.990e-29
 147.848848      0.563  36.140953    11.2524     5.6329      0.558    31.8979    24.3164 -9.990e-29
 147.848854      0.561  36.142873    11.2557     5.6488      0.556    31.8969    24.3150 -9.990e-29
 147.848860      0.556  36.144841    11.2569     5.6577      0.551    31.8978    24.3155 -9.990e-29
 147.848866      0.553  36.145569    11.2564     5.6555      0.548    31.8989    24.3165 -9.990e-29
 147.848872      0.552  36.144918    11.2561     5.6646      0.547    31.8986    24.3162 -9.990e-29
 147.848877      0.553  36.144825    11.2565     5.6451      0.548    31.8981    24.3158 -9.990e-29
 147.848883      0.554  36.145735    11.2567     5.6399      0.549    31.8988    24.3164 -9.990e-29
 147.848889      0.558  36.146626    11.2572     5.6401      0.553    31.8993    24.3166 -9.990e-29
 147.848895      0.563  36.147574    11.2586     5.6222      0.558    31.8990    24.3161 -9.990e-29
 147.848900      0.566  36.148731    11.2606     5.6399      0.561    31.8984    24.3153 -9.990e-29
 147.848906      0.563  36.149967    11.2623     5.6432      0.558    31.8981    24.3148 -9.990e-29
 147.848912      0.557  36.151258    11.2635     5.6470      0.552    31.8984    24.3148 -9.990e-29
 147.848918      0.554  36.152091    11.2643     5.6583      0.549    31.8985    24.3147 -9.990e-29
 147.848924      0.552  36.152466    11.2651     5.6398      0.547    31.8982    24.3143 -9.990e-29
 147.848929      0.551  36.153448    11.2661     5.6454      0.546    31.8983    24.3142 -9.990e-29
 147.848935      0.552  36.154674    11.2668     5.6398      0.547    31.8989    24.3146 -9.990e-29
 147.848941      0.554  36.154426    11.2669     5.6306      0.549    31.8985    24.3143 -9.990e-29
 147.848947      0.558  36.153502    11.2670     5.6411      0.553    31.8975    24.3135 -9.990e-29
 147.848953      0.563  36.153478    11.2677     5.6242      0.558    31.8969    24.3129 -9.990e-29
 147.848958      0.571  36.153768    11.2678     5.6303      0.566    31.8971    24.3130 -9.990e-29
 147.848964      0.581  36.152527    11.2655     5.6252      0.576    31.8979    24.3140 -9.990e-29
 147.848970      0.591  36.149227    11.2595     5.6162      0.586    31.8998    24.3166 -9.990e-29
 147.848976      0.596  36.144515    11.2499     5.6268      0.591    31.9035    24.3212 -9.990e-29
 147.848981      0.600  36.139394    11.2384     5.6190      0.595    31.9084    24.3271 -9.990e-29
 147.848987      0.609  36.134884    11.2288     5.6380      0.604    31.9123    24.3318 -9.990e-29
 147.848993      0.620  36.131697    11.2251     5.6374      0.615    31.9124    24.3325 -9.990e-29
 147.848999      0.623  36.132869    11.2297     5.6480      0.618    31.9096    24.3295 -9.990e-29
 147.849005      0.619  36.138287    11.2429     5.6503      0.614    31.9035    24.3224 -9.990e-29
 147.849010      0.616  36.145102    11.2600     5.6524      0.611    31.8953    24.3130 -9.990e-29
 147.849016      0.619  36.153450    11.2730     5.6558      0.614    31.8923    24.3084 -9.990e-29
 147.849022      0.624  36.160471    11.2789     5.6444      0.619    31.8941    24.3087 -9.990e-29
 147.849028      0.626  36.163216    11.2810     5.6413      0.621    31.8949    24.3090 -9.990e-29
 147.849034      0.629  36.163676    11.2818     5.6301      0.624    31.8947    24.3087 -9.990e-29
 147.849039      0.639  36.163590    11.2788     5.6237      0.634    31.8972    24.3111 -9.990e-29
 147.849045      0.652  36.159491    11.2731     5.6150      0.647    31.8981    24.3129 -9.990e-29
 147.849051      0.660  36.153202    11.2712     5.6160      0.654    31.8936    24.3097 -9.990e-29
 147.849057      0.659  36.152581    11.2733     5.6051      0.653    31.8912    24.3074 -9.990e-29
 147.849063      0.653  36.154569    11.2725     5.6078      0.648    31.8938    24.3096 -9.990e-29
 147.849068      0.651  36.151744    11.2638     5.6017      0.646    31.8986    24.3149 -9.990e-29
 147.849074      0.657  36.143146    11.2506     5.6012      0.652    31.9015    24.3195 -9.990e-29
 147.849080      0.666  36.135240    11.2414     5.5923      0.660    31.9017    24.3213 -9.990e-29
 147.849086      0.676  36.133729    11.2368     5.6006      0.670    31.9042    24.3241 -9.990e-29
 147.849091      0.686  36.134362    11.2272     5.5891      0.680    31.9132    24.3327 -9.990e-29
 147.849097      0.698  36.128470    11.2081     5.5958      0.692    31.9239    24.3445 -9.990e-29
 147.849103      0.712  36.116042    11.1915     5.5883      0.706    31.9261    24.3491 -9.990e-29
 147.849109      0.724  36.107956    11.1871     5.5940      0.718    31.9220    24.3467 -9.990e-29
 147.849115      0.732  36.107993    11.1869     5.5900      0.726    31.9222    24.3469 -9.990e-29
 147.849120      0.736  36.108925    11.1846     5.5879      0.730    31.9251    24.3495 -9.990e-29
 147.849126      0.740  36.107522    11.1845     5.5872      0.734    31.9238    24.3485 -9.990e-29
 147.849132      0.749  36.106960    11.1856     5.5785      0.743    31.9223    24.3472 -9.990e-29
 147.849138      0.759  36.107619    11.1814     5.5756      0.753    31.9266    24.3513 -9.990e-29
 147.849144      0.766  36.105904    11.1727     5.5738      0.760    31.9324    24.3573 -9.990e-29
 147.849149      0.771  36.100656    11.1647     5.5649      0.765    31.9342    24.3601 -9.990e-29
 147.849155      0.775  36.094402    11.1596     5.5601      0.769    31.9325    24.3597 -9.990e-29
 147.849161      0.772  36.090010    11.1563     5.5620      0.766    31.9310    24.3592 -9.990e-29
 147.849167      0.759  36.087229    11.1527     5.5587      0.753    31.9314    24.3601 -9.990e-29
 147.849172      0.744  36.082358    11.1461     5.5650      0.738    31.9324    24.3620 -9.990e-29
 147.849178      0.734  36.073388    11.1373     5.5459      0.728    31.9312    24.3626 -9.990e-29
 147.849184      0.724  36.066287    11.1326     5.5495      0.718    31.9283    24.3612 -9.990e-29
 147.849190      0.710  36.066713    11.1344     5.5611      0.704    31.9271    24.3600 -9.990e-29
 147.849196      0.694  36.070760    11.1391     5.5676      0.688    31.9270    24.3591 -9.990e-29
 147.849201      0.684  36.075428    11.1409     5.5684      0.678    31.9301    24.3611 -9.990e-29
 147.849207      0.684  36.077431    11.1382     5.5756      0.678    31.9344    24.3650 -9.990e-29
 147.849213      0.690  36.075527    11.1345     5.5753      0.684    31.9357    24.3667 -9.990e-29
 147.849219      0.693  36.075586    11.1327     5.5836      0.687    31.9373    24.3682 -9.990e-29
 147.849225      0.693  36.077132    11.1343     5.5850      0.687    31.9375    24.3681 -9.990e-29
 147.849230      0.696  36.078312    11.1383     5.5778      0.690    31.9352    24.3656 -9.990e-29
 147.849236      0.700  36.080148    11.1430     5.5836      0.694    31.9329    24.3630 -9.990e-29
 147.849242      0.707  36.082294    11.1479     5.5741      0.701    31.9307    24.3604 -9.990e-29
 147.849248      0.712  36.084821    11.1523     5.5866      0.706    31.9294    24.3586 -9.990e-29
 147.849253      0.711  36.086625    11.1557     5.5807      0.705    31.9282    24.3571 -9.990e-29
 147.849259      0.710  36.087880    11.1591     5.5917      0.704    31.9265    24.3552 -9.990e-29
 147.849265      0.715  36.090828    11.1633     5.5956      0.709    31.9258    24.3538 -9.990e-29
 147.849271      0.728  36.094928    11.1677     5.5979      0.722    31.9260    24.3532 -9.990e-29
 147.849277      0.741  36.097814    11.1716     5.5993      0.735    31.9254    24.3521 -9.990e-29
 147.849282      0.750  36.099420    11.1748     5.5916      0.744    31.9242    24.3506 -9.990e-29
 147.849288      0.756  36.100215    11.1772     5.5964      0.750    31.9229    24.3492 -9.990e-29
 147.849294      0.759  36.099589    11.1792     5.5876      0.753    31.9206    24.3470 -9.990e-29
 147.849300      0.760  36.099512    11.1812     5.5858      0.754    31.9188    24.3452 -9.990e-29
 147.849306      0.758  36.102130    11.1829     5.5985      0.752    31.9199    24.3458 -9.990e-29
 147.849311      0.754  36.104783    11.1833     5.5853      0.748    31.9221    24.3475 -9.990e-29
 147.849317      0.750  36.105413    11.1826     5.5925      0.744    31.9234    24.3485 -9.990e-29
 147.849323      0.753  36.104870    11.1825     5.5983      0.747    31.9229    24.3482 -9.990e-29
 147.849329      0.757  36.104678    11.1848     5.6040      0.751    31.9207    24.3461 -9.990e-29
 147.849334      0.758  36.106265    11.1890     5.6191      0.752    31.9186    24.3438 -9.990e-29
 147.849340      0.756  36.108956    11.1928     5.6048      0.750    31.9180    24.3426 -9.990e-29
 147.849346      0.756  36.111867    11.1951     5.6050      0.750    31.9189    24.3428 -9.990e-29
 147.849352      0.762  36.114407    11.1967     5.6086      0.756    31.9200    24.3434 -9.990e-29
 147.849358      0.769  36.115491    11.1980     5.5957      0.763    31.9199    24.3431 -9.990e-29
 147.849363      0.775  36.116013    11.1991     5.5903      0.769    31.9195    24.3426 -9.990e-29
 147.849369      0.780  36.117235    11.1995     5.5619      0.773    31.9203    24.3432 -9.990e-29
 147.849375      0.783  36.117993    11.1982     5.5569      0.776    31.9222    24.3449 -9.990e-29
 147.849381      0.785  36.116507    11.1948     5.5502      0.778    31.9237    24.3466 -9.990e-29
 147.849387      0.786  36.112483    11.1856     5.5472      0.779    31.9277    24.3514 -9.990e-29
 147.849392      0.786  36.103360    11.1696     5.5694      0.779    31.9326    24.3580 -9.990e-29
 147.849398      0.785  36.089861    11.1557     5.5623      0.778    31.9314    24.3595 -9.990e-29
 147.849404      0.784  36.081433    11.1500     5.5680      0.777    31.9280    24.3580 -9.990e-29
 147.849410      0.782  36.080283    11.1485     5.5753      0.775    31.9282    24.3584 -9.990e-29
 147.849416      0.779  36.080401    11.1474     5.5736      0.772    31.9293    24.3594 -9.990e-29
 147.849421      0.774  36.080272    11.1465     5.5877      0.768    31.9299    24.3600 -9.990e-29
 147.849427      0.768  36.080664    11.1471     5.5942      0.762    31.9298    24.3598 -9.990e-29
 147.849433      0.760  36.081545    11.1502     5.5851      0.754    31.9280    24.3579 -9.990e-29
 147.849439      0.749  36.083351    11.1550     5.5956      0.743    31.9256    24.3552 -9.990e-29
 147.849444      0.740  36.085703    11.1586     5.5861      0.734    31.9248    24.3539 -9.990e-29
 147.849450      0.739  36.087085    11.1588     5.5762      0.733    31.9260    24.3548 -9.990e-29
 147.849456      0.752  36.086550    11.1570     5.5895      0.746    31.9270    24.3559 -9.990e-29
 147.849462      0.775  36.084517    11.1553     5.5834      0.769    31.9265    24.3558 -9.990e-29
 147.849468      0.800  36.083324    11.1546     5.5860      0.793    31.9259    24.3555 -9.990e-29
 147.849473      0.826  36.084191    11.1553     5.5945      0.819    31.9261    24.3555 -9.990e-29
 147.849479      0.853  36.086044    11.1578     5.5904      0.846    31.9258    24.3548 -9.990e-29
 147.849485      0.884  36.089123    11.1616     5.5945      0.877    31.9255    24.3539 -9.990e-29
 147.849491      0.920  36.091944    11.1655     5.5902      0.912    31.9249    24.3528 -9.990e-29
 147.849497      0.964  36.092121    11.1682     5.5415      0.956    31.9227    24.3506 -9.990e-29
 147.849502      1.018  36.091021    11.1667     5.4871      1.010    31.9229    24.3510 -9.990e-29
 147.849508      1.087  36.086069    11.1575     5.4251      1.078    31.9260    24.3550 -9.990e-29
 147.849514      1.173  36.077953    11.1452     5.3290      1.163    31.9286    24.3593 -9.990e-29
 147.849520      1.283  36.073222    11.1346     5.2542      1.272    31.9331    24.3646 -9.990e-29
 147.849525      1.420  36.067256    11.1139     5.1752      1.408    31.9452    24.3777 0.0000e+00
 147.849531      1.583  36.047069    11.0580     5.0852      1.570    31.9738    24.4098 0.0000e+00
 147.849537      1.775  35.999754    10.9581     5.0147      1.760    32.0141    24.4586 0.0000e+00
 147.849543      1.990  35.930550    10.8455     4.9245      1.973    32.0439    24.5014 0.0000e+00
 147.849549      2.216  35.867580    10.7569     4.8413      2.197    32.0589    24.5285 0.0000e+00
 147.849554      2.448  35.825987    10.6916     4.7824      2.428    32.0748    24.5521 0.0000e+00
 147.849560      2.685  35.796777    10.6215     4.7412      2.663    32.1072    24.5894 0.0000e+00
 147.849566      2.936  35.763396    10.5304     4.6971      2.911    32.1541    24.6414 0.0000e+00
 147.849572      3.202  35.717737    10.4322     4.6596      3.175    32.1950    24.6901 0.0000e+00
 147.849578      3.480  35.669474    10.3500     4.6217      3.451    32.2194    24.7230 0.0000e+00
 147.849583      3.762  35.629280    10.2917     4.5590      3.731    32.2306    24.7416 0.0000e+00
 147.849589      4.043  35.599551    10.2508     4.5240      4.009    32.2369    24.7534 0.0000e+00
 147.849595      4.325  35.577598    10.2156     4.4898      4.289    32.2460    24.7664 0.0000e+00
 147.849601      4.609  35.557109    10.1775     4.4598      4.570    32.2591    24.7830 0.0000e+00
 147.849606      4.895  35.534844    10.1370     4.4319      4.854    32.2726    24.8003 0.0000e+00
 147.849612      5.185  35.510239    10.0958     4.4082      5.142    32.2844    24.8163 0.0000e+00
 147.849618      5.479  35.484646    10.0542     4.3981      5.433    32.2955    24.8320 0.0000e+00
 147.849624      5.776  35.461456    10.0164     4.4036      5.728    32.3057    24.8462 0.0000e+00
