data/oxygen options/OCNMS/OCNMS1/raw_data/2017/CAST_KL027_170630faed.cnv
* Sea-Bird SBE19 Data File:
* FileName = C:\2017 Mooring Data\Casts\CAST_KL027_170630.hex
* Software Version 1.59
* Temperature SN = 2997
* Conductivity SN = 2997
* System UpLoad Time = Jun 30 2017 20:09:51
** CAST_KL027_170630
* ds
# nquan = 9                                 
# nvalues = 1208                        
# units = specified
# name 0 = timeJ: Julian Days
# name 1 = prSM: Pressure, Strain Gauge [db]
# name 2 = c0mS/cm: Conductivity [mS/cm]
# name 3 = t090C: Temperature [ITS-90, deg C]
# name 4 = sbeox0ML/L: Oxygen, SBE 43 [ml/l]
# name 5 = depSM: Depth [salt water, m], lat = 47.5
# name 6 = sal00: Salinity, Practical [PSU]
# name 7 = sigma-é00: Density [sigma-theta, kg/m^3]
# name 8 = flag: flag
# span 0 = 181.791400, 181.798385       
# span 1 =     -5.561,     26.303       
# span 2 =   0.212365,  37.947789       
# span 3 =     8.5437,    14.1348       
# span 4 =   -12.1253,    16.6367       
# span 5 =     -5.515,     26.082       
# span 6 =     0.1311,    33.4786       
# span 7 =    -0.5777,    25.9971       
# span 8 = 0.0000e+00, 0.0000e+00       
# interval = seconds: 0.5
# start_time = Jun 30 2017 18:59:37 [Instrument's time stamp, header]
# bad_flag = -9.990e-29
*END*
[from data line 641]
 181.795110     -0.278   0.402464    13.3407    -1.9733     -0.276     0.2519    -0.4687 -9.990e-29
 181.795116     -0.277   0.402411    13.3247    -1.9734     -0.275     0.2519    -0.4666 -9.990e-29
 181.795122     -0.277   0.401964    13.3031    -1.9735     -0.275     0.2518    -0.4639 -9.990e-29
 181.795127     -0.276   0.401081    13.2807    -1.9738     -0.274     0.2514    -0.4613 -9.990e-29
 181.795133     -0.275   0.399694    13.2613    -1.9740     -0.273     0.2506    -0.4593 -9.990e-29
 181.795139     -0.274   0.398171    13.2453    -1.9740     -0.272     0.2497    -0.4579 -9.990e-29
 181.795145     -0.273   0.397252    13.2308    -1.9738     -0.271     0.2492    -0.4564 -9.990e-29
 181.795150     -0.271   0.396819    13.2161    -1.9735     -0.269     0.2490    -0.4547 -9.990e-29
 181.795156     -0.269   0.396297    13.2022    -1.9733     -0.267     0.2488    -0.4531 -9.990e-29
 181.795162     -0.266   0.395544    13.1917    -1.9732     -0.264     0.2483    -0.4520 -9.990e-29
 181.795168     -0.263   0.394665    13.1852    -1.7998     -0.261     0.2478    -0.4516 -9.990e-29
 181.795174     -0.258   0.393596    13.1809    -1.9410     -0.256     0.2471    -0.4516 -9.990e-29
 181.795179     -0.252   0.392576    13.1769    -1.7736     -0.250     0.2465    -0.4515 -9.990e-29
 181.795185     -0.244   0.392459    13.1743    -1.5978     -0.242     0.2465    -0.4512 -9.990e-29
 181.795191     -0.234   0.395308    13.1751    -1.5978     -0.232     0.2483    -0.4499 -9.990e-29
 181.795197     -0.221   0.407693    13.1801    -1.5992     -0.219     0.2563    -0.4444 -9.990e-29
 181.795203     -0.205   0.449450    13.1904    -1.5998     -0.203     0.2832    -0.4247 -9.990e-29
 181.795208     -0.183   0.576813    13.2124    -1.6002     -0.181     0.3662    -0.3629 -9.990e-29
 181.795214     -0.156   0.957382    13.2699    -1.5996     -0.155     0.6191    -0.1738 -9.990e-29
 181.795220     -0.121   2.098029    13.4183    -1.6306     -0.120     1.4039     0.4152 -9.990e-29
 181.795226     -0.076   5.520170    13.6684    -1.5996     -0.075     3.8928     2.3031 -9.990e-29
 181.795231     -0.018   9.608854    13.9182    -1.5995     -0.018     7.0079     4.6639 -9.990e-29
 181.795237      0.053  13.198246    14.0719    -1.5995      0.053     9.8326     6.8097 -9.990e-29
 181.795243      0.131  20.651913    14.1290    -1.5993      0.130    15.9710    11.5119 -9.990e-29
 181.795249      0.219  29.923473    14.1348    -1.5997      0.217    23.9818    17.6655 -9.990e-29
 181.795255      0.313  35.093725    14.1284    -1.6001      0.310    28.6074    21.2275 -9.990e-29
 181.795260      0.397  36.787076    14.1254    -1.6000      0.394    30.1460    22.4140 -9.990e-29
 181.795266      0.460  37.288242    14.1270    -1.5996      0.456    30.6015    22.7649 -9.990e-29
 181.795272      0.501  37.301881    14.1297    -1.5995      0.497    30.6117    22.7723 -9.990e-29
 181.795278      0.528  36.860215    14.1301    -1.5997      0.524    30.2088    22.4615 -9.990e-29
 181.795284      0.550  36.501972    14.1283    -1.6003      0.545    29.8842    22.2116 -9.990e-29
 181.795289      0.574  36.891670    14.1260    -1.6003      0.569    30.2407    22.4869 -9.990e-29
 181.795295      0.601  37.409045    14.1243    -1.5999      0.596    30.7138    22.8521 -9.990e-29
 181.795301      0.632  37.586709    14.1231    -1.5998      0.627    30.8770    22.9782 -9.990e-29
 181.795307      0.665  37.644782    14.1225    -1.6001      0.659    30.9305    23.0196 -9.990e-29
 181.795312      0.695  37.652891    14.1220    -1.6001      0.689    30.9383    23.0257 -9.990e-29
 181.795318      0.717  37.645966    14.1215    -1.5997      0.711    30.9324    23.0212 -9.990e-29
 181.795324      0.735  37.649533    14.1211    -1.5996      0.729    30.9360    23.0241 -9.990e-29
 181.795330      0.748  37.662223    14.1202    -1.6001      0.742    30.9483    23.0337 -9.990e-29
 181.795336      0.758  37.666830    14.1183    -1.6002      0.752    30.9540    23.0386 -9.990e-29
 181.795341      0.766  37.655533    14.1163    -1.5997      0.760    30.9453    23.0322 -9.990e-29
 181.795347      0.771  37.640187    14.1148    -1.5994      0.765    30.9325    23.0226 -9.990e-29
 181.795353      0.775  37.639570    14.1142    -1.5995      0.769    30.9324    23.0227 -9.990e-29
 181.795359      0.778  37.651778    14.1151    -1.5994      0.772    30.9428    23.0306 -9.990e-29
 181.795365      0.779  37.657840    14.1168    -1.5997      0.772    30.9470    23.0334 -9.990e-29
 181.795370      0.778  37.652995    14.1184    -1.5999      0.772    30.9413    23.0287 -9.990e-29
 181.795376      0.777  37.652661    14.1200    -1.5997      0.771    30.9397    23.0272 -9.990e-29
 181.795382      0.773  37.660348    14.1214    -1.5996      0.767    30.9456    23.0314 -9.990e-29
 181.795388      0.769  37.657783    14.1226    -1.5998      0.763    30.9423    23.0286 -9.990e-29
 181.795394      0.762  37.643821    14.1242    -1.5999      0.756    30.9283    23.0175 -9.990e-29
 181.795399      0.753  37.641329    14.1262    -1.5999      0.747    30.9244    23.0141 -9.990e-29
 181.795405      0.746  37.655419    14.1279    -1.5999      0.740    30.9359    23.0226 -9.990e-29
 181.795411      0.743  37.667953    14.1290    -1.5997      0.737    30.9465    23.0305 -9.990e-29
 181.795417      0.746  37.669920    14.1293    -1.5993      0.740    30.9480    23.0317 -9.990e-29
 181.795422      0.754  37.662860    14.1286    -1.5996      0.748    30.9421    23.0273 -9.990e-29
 181.795428      0.763  37.650277    14.1279    -1.5997      0.757    30.9312    23.0190 -9.990e-29
 181.795434      0.770  37.643431    14.1277    -1.5998      0.764    30.9251    23.0143 -9.990e-29
 181.795440      0.775  37.646114    14.1277    -1.5998      0.769    30.9275    23.0162 -9.990e-29
 181.795446      0.778  37.647936    14.1279    -1.5997      0.772    30.9290    23.0173 -9.990e-29
 181.795451      0.780  37.642965    14.1282    -1.5996      0.773    30.9243    23.0136 -9.990e-29
 181.795457      0.781  37.636369    14.1282    -1.5994      0.774    30.9182    23.0089 -9.990e-29
 181.795463      0.781  37.635071    14.1279    -1.5998      0.774    30.9173    23.0083 -9.990e-29
 181.795469      0.780  37.641300    14.1272    -1.5997      0.773    30.9235    23.0132 -9.990e-29
 181.795475      0.777  37.654996    14.1261    -1.5997      0.771    30.9369    23.0238 -9.990e-29
 181.795480      0.773  37.667016    14.1250    -1.5996      0.767    30.9488    23.0332 -9.990e-29
 181.795486      0.768  37.666539    14.1243    -1.5997      0.762    30.9489    23.0334 -9.990e-29
 181.795492      0.760  37.659689    14.1243    -1.5997      0.754    30.9427    23.0286 -9.990e-29
 181.795498      0.750  37.655289    14.1246    -1.5996      0.744    30.9384    23.0252 -9.990e-29
 181.795503      0.741  37.654787    14.1250    -1.5996      0.735    30.9376    23.0246 -9.990e-29
 181.795509      0.742  37.658674    14.1253    -1.5995      0.736    30.9410    23.0271 -9.990e-29
 181.795515      0.751  37.665447    14.1255    -1.5995      0.745    30.9470    23.0317 -9.990e-29
 181.795521      0.762  37.667934    14.1255    -1.5995      0.756    30.9492    23.0334 -9.990e-29
 181.795527      0.770  37.663886    14.1255    -1.5995      0.764    30.9455    23.0306 -9.990e-29
 181.795532      0.776  37.661386    14.1255    -1.5995      0.770    30.9433    23.0288 -9.990e-29
 181.795538      0.781  37.661617    14.1253    -1.5995      0.774    30.9436    23.0291 -9.990e-29
 181.795544      0.785  37.661003    14.1249    -1.5995      0.778    30.9434    23.0290 -9.990e-29
 181.795550      0.788  37.661003    14.1244    -1.5994      0.781    30.9438    23.0294 -9.990e-29
 181.795556      0.791  37.663893    14.1240    -1.5994      0.784    30.9467    23.0318 -9.990e-29
 181.795561      0.792  37.669643    14.1238    -1.5994      0.785    30.9522    23.0360 -9.990e-29
 181.795567      0.794  37.676436    14.1236    -1.5995      0.787    30.9585    23.0410 -9.990e-29
 181.795573      0.795  37.682164    14.1234    -1.5995      0.788    30.9639    23.0452 -9.990e-29
 181.795579      0.796  37.685543    14.1232    -1.5995      0.789    30.9672    23.0477 -9.990e-29
 181.795584      0.796  37.687192    14.1228    -1.5995      0.789    30.9690    23.0492 -9.990e-29
 181.795590      0.797  37.688787    14.1223    -1.5995      0.790    30.9709    23.0507 -9.990e-29
 181.795596      0.797  37.690994    14.1220    -1.5995      0.790    30.9731    23.0525 -9.990e-29
 181.795602      0.798  37.693415    14.1217    -1.5994      0.791    30.9756    23.0545 -9.990e-29
 181.795608      0.798  37.695562    14.1206    -1.5994      0.791    30.9784    23.0569 -9.990e-29
 181.795613      0.798  37.697519    14.1192    -1.5994      0.791    30.9813    23.0594 -9.990e-29
 181.795619      0.798  37.699858    14.1179    -1.5994      0.791    30.9845    23.0622 -9.990e-29
 181.795625      0.798  37.702349    14.1170    -1.5994      0.791    30.9875    23.0647 -9.990e-29
 181.795631      0.798  37.704401    14.1167    -1.5994      0.791    30.9896    23.0664 -9.990e-29
 181.795637      0.798  37.705402    14.1172    -1.5995      0.791    30.9901    23.0666 -9.990e-29
 181.795642      0.798  37.705016    14.1182    -1.5994      0.791    30.9890    23.0656 -9.990e-29
 181.795648      0.798  37.703861    14.1192    -1.5995      0.791    30.9871    23.0639 -9.990e-29
 181.795654      0.797  37.702645    14.1201    -1.5995      0.790    30.9853    23.0623 -9.990e-29
 181.795660      0.797  37.702000    14.1207    12.5477      0.790    30.9842    23.0614 -9.990e-29
 181.795666      0.796  37.702194    14.1212    16.3596      0.789    30.9840    23.0611 -9.990e-29
 181.795671      0.796  37.702939    14.1216    16.6367      0.789    30.9844    23.0613 -9.990e-29
 181.795677      0.795  37.703559    14.1217    13.9119      0.788    30.9848    23.0616 -9.990e-29
 181.795683      0.793  37.703212    14.1215     8.0774      0.786    30.9847    23.0616 -9.990e-29
 181.795689      0.792  37.702004    14.1209     8.1586      0.785    30.9841    23.0612 -9.990e-29
 181.795694      0.790  37.700578    14.1201     8.3829      0.783    30.9834    23.0609 -9.990e-29
 181.795700      0.787  37.699841    14.1194     8.4147      0.780    30.9833    23.0609 -9.990e-29
 181.795706      0.784  37.700500    14.1188     8.3585      0.777    30.9844    23.0619 -9.990e-29
 181.795712      0.779  37.702326    14.1187     8.2933      0.772    30.9861    23.0632 -9.990e-29
 181.795718      0.774  37.706645    14.1191     8.2402      0.768    30.9898    23.0660 -9.990e-29
 181.795723      0.771  37.713064    14.1199     8.1908      0.765    30.9950    23.0698 -9.990e-29
 181.795729      0.775  37.717271    14.1207     8.1462      0.769    30.9982    23.0721 -9.990e-29
 181.795735      0.781  37.718167    14.1213     8.1198      0.774    30.9985    23.0723 -9.990e-29
 181.795741      0.786  37.718078    14.1220     8.1179      0.779    30.9979    23.0716 -9.990e-29
 181.795747      0.791  37.718014    14.1227     8.1099      0.784    30.9973    23.0710 -9.990e-29
 181.795752      0.795  37.717901    14.1234     8.1046      0.788    30.9966    23.0704 -9.990e-29
 181.795758      0.799  37.717600    14.1237     8.0849      0.792    30.9961    23.0699 -9.990e-29
 181.795764      0.803  37.717279    14.1234     8.0718      0.796    30.9960    23.0699 -9.990e-29
 181.795770      0.807  37.717083    14.1230     8.0713      0.800    30.9962    23.0701 -9.990e-29
 181.795775      0.812  37.716759    14.1230     8.0737      0.805    30.9959    23.0699 -9.990e-29
 181.795781      0.817  37.716448    14.1230     8.0737      0.810    30.9956    23.0697 -9.990e-29
 181.795787      0.824  37.716306    14.1227     8.0632      0.817    30.9957    23.0698 -9.990e-29
 181.795793      0.827  37.716154    14.1221     8.0513      0.820    30.9960    23.0702 -9.990e-29
 181.795799      0.824  37.715799    14.1215     8.0535      0.817    30.9962    23.0704 -9.990e-29
 181.795804      0.819  37.715338    14.1214     8.0626      0.812    30.9958    23.0702 -9.990e-29
 181.795810      0.814  37.715287    14.1215     8.0740      0.807    30.9957    23.0701 -9.990e-29
 181.795816      0.811  37.715590    14.1214     8.0832      0.804    30.9961    23.0704 -9.990e-29
 181.795822      0.808  37.715542    14.1209     8.0803      0.801    30.9964    23.0707 -9.990e-29
 181.795828      0.806  37.715089    14.1204     8.0825      0.799    30.9964    23.0708 -9.990e-29
 181.795833      0.805  37.714757    14.1198     8.0861      0.798    30.9966    23.0711 -9.990e-29
 181.795839      0.803  37.714676    14.1191     8.0846      0.796    30.9971    23.0716 -9.990e-29
 181.795845      0.802  37.714747    14.1185     8.0705      0.795    30.9976    23.0722 -9.990e-29
 181.795851      0.802  37.715077    14.1187     8.0505      0.795    30.9978    23.0722 -9.990e-29
 181.795856      0.801  37.715556    14.1202     8.0383      0.794    30.9970    23.0713 -9.990e-29
 181.795862      0.801  37.715713    14.1221     8.0526      0.794    30.9956    23.0699 -9.990e-29
 181.795868      0.800  37.715766    14.1234     8.0766      0.793    30.9946    23.0688 -9.990e-29
 181.795874      0.800  37.716359    14.1241     8.0993      0.793    30.9946    23.0687 -9.990e-29
 181.795880      0.800  37.717171    14.1247     8.1084      0.793    30.9949    23.0688 -9.990e-29
 181.795885      0.800  37.717616    14.1253     8.0949      0.793    30.9948    23.0686 -9.990e-29
 181.795891      0.800  37.717738    14.1256     8.0914      0.793    30.9947    23.0684 -9.990e-29
 181.795897      0.800  37.717712    14.1257     8.0924      0.793    30.9946    23.0683 -9.990e-29
 181.795903      0.800  37.717513    14.1258     8.0922      0.793    30.9943    23.0681 -9.990e-29
 181.795909      0.800  37.717449    14.1261     8.0872      0.793    30.9940    23.0678 -9.990e-29
 181.795914      0.800  37.718003    14.1265     8.0753      0.793    30.9942    23.0679 -9.990e-29
 181.795920      0.800  37.718806    14.1268     8.0515      0.793    30.9947    23.0682 -9.990e-29
 181.795926      0.800  37.719259    14.1271     8.0492      0.793    30.9949    23.0683 -9.990e-29
 181.795932      0.801  37.719417    14.1276     8.0597      0.794    30.9946    23.0680 -9.990e-29
 181.795938      0.801  37.719500    14.1282     8.0681      0.794    30.9942    23.0675 -9.990e-29
 181.795943      0.802  37.719631    14.1285     8.0700      0.795    30.9941    23.0674 -9.990e-29
 181.795949      0.803  37.719994    14.1286     8.0679      0.796    30.9943    23.0675 -9.990e-29
 181.795955      0.804  37.720523    14.1289     8.0712      0.797    30.9946    23.0677 -9.990e-29
 181.795961      0.805  37.720815    14.1290     8.0870      0.798    30.9947    23.0678 -9.990e-29
 181.795966      0.807  37.720711    14.1288     8.0924      0.800    30.9948    23.0679 -9.990e-29
 181.795972      0.809  37.720641    14.1283     8.0910      0.802    30.9952    23.0682 -9.990e-29
 181.795978      0.811  37.721083    14.1276     8.0918      0.804    30.9961    23.0691 -9.990e-29
 181.795984      0.815  37.721519    14.1271     8.0878      0.808    30.9969    23.0698 -9.990e-29
 181.795990      0.820  37.721418    14.1268     8.0875      0.813    30.9971    23.0700 -9.990e-29
 181.795995      0.826  37.721218    14.1261     8.0796      0.819    30.9974    23.0705 -9.990e-29
 181.796001      0.833  37.721220    14.1250     8.0824      0.826    30.9983    23.0714 -9.990e-29
 181.796007      0.839  37.721439    14.1244     8.0839      0.832    30.9990    23.0720 -9.990e-29
 181.796013      0.838  37.721617    14.1244     8.0726      0.831    30.9992    23.0721 -9.990e-29
 181.796019      0.836  37.721441    14.1247     8.0585      0.829    30.9988    23.0718 -9.990e-29
 181.796024      0.836  37.721250    14.1251     8.0592      0.829    30.9983    23.0713 -9.990e-29
