data/oxygen options/ONMS/Olympic_Coast_National_Marine_Sanctuary_Hypoxia_Survey_CTD_Data_2004_2015/raw_data/2013/CAST_CE100_11SEP13faedb.cnv
* Sea-Bird SBE19 Data File:
* FileName = C:\Documents and Settings\OCNMS\Desktop\2013 Data\11SEP13 Casts\CE100_11SEP13.hex
* Software Version 1.59
* Temperature SN = 2997
* Conductivity SN = 2997
* System UpLoad Time = Sep 12 2013 14:20:45
** CE100
* ds
# nquan = 9
# nvalues = 101                         
# units = specified
# name 0 = timeJ: Julian Days
# name 1 = prSM: Pressure, Strain Gauge [db]
# name 2 = c0mS/cm: Conductivity [mS/cm]
# name 3 = t090C: Temperature [ITS-90, deg C]
# name 4 = sbeox0ML/L: Oxygen, SBE 43 [ml/l]
# name 5 = depSM: Depth [salt water, m], lat = 47.5
# name 6 = sal00: Salinity, Practical [PSU]
# name 7 = sigma-é00: Density [sigma-theta, kg/m^3]
# name 8 = flag: flag
# span 0 = 254.496998, 254.498569       
# span 1 =      2.000,    102.000       
# span 2 =  34.044461,  41.574912       
# span 3 =     7.0875,    17.6984       
# span 4 =     1.3302,     6.9369       
# span 5 =      1.983,    101.124       
# span 6 =    29.9038,    33.9338       
# span 7 =    21.4630,    26.5677       
# span 8 = 0.0000e+00, 0.0000e+00       
# interval = decibars: 1                
# start_time = Sep 11 2013 11:46:03 [Instrument's time stamp, header]
# bad_flag = -9.990e-29
*END*
 254.496998      2.000  39.537503    17.6219     6.0242      1.983    29.9038    21.4630 0.0000e+00
 254.497018      3.000  40.313144    17.6739     6.2402      2.975    30.5186    21.9209 0.0000e+00
 254.497033      4.000  40.997146    17.6984     6.0572      3.966    31.0772    22.3425 0.0000e+00
 254.497048      5.000  41.319612    17.6756     6.1153      4.958    31.3669    22.5695 0.0000e+00
 254.497061      6.000  41.493427    17.6233     6.2244      5.950    31.5544    22.7255 0.0000e+00
 254.497075      7.000  41.574912    17.5660     6.4970      6.942    31.6678    22.8259 0.0000e+00
 254.497089      8.000  41.564911    17.3984     6.3265      7.933    31.7900    22.9591 0.0000e+00
 254.497102      9.000  41.489609    17.2069     6.3725      8.925    31.8759    23.0700 0.0000e+00
 254.497116     10.000  41.382645    17.0378     6.9369      9.916    31.9173    23.1413 0.0000e+00
 254.497130     11.000  41.248254    16.8936     6.5825     10.908    31.9155    23.1734 0.0000e+00
 254.497145     12.000  40.995926    16.4606     6.3299     11.900    32.0416    23.3696 0.0000e+00
 254.497159     13.000  40.179064    15.4112     5.7723     12.891    32.1702    23.7022 0.0000e+00
 254.497173     14.000  39.397368    14.4807     5.4421     13.883    32.2330    23.9503 0.0000e+00
 254.497188     15.000  38.229858    12.8722     5.3660     14.874    32.5065    24.4865 0.0000e+00
 254.497203     16.000  37.284863    11.9811     5.5209     15.866    32.3736    24.5540 0.0000e+00
 254.497217     17.000  37.056822    11.7091     5.1463     16.858    32.3887    24.6158 0.0000e+00
 254.497232     18.000  36.842289    11.4803     4.8597     17.849    32.3791    24.6500 0.0000e+00
 254.497246     19.000  36.656299    11.2389     4.8465     18.841    32.4081    24.7158 0.0000e+00
 254.497261     20.000  36.466133    11.0222     4.8615     19.832    32.4111    24.7566 0.0000e+00
 254.497276     21.000  36.237799    10.6915     4.7133     20.824    32.4770    24.8656 0.0000e+00
 254.497291     22.000  36.078814    10.4636     4.6238     21.815    32.5208    24.9389 0.0000e+00
 254.497305     23.000  35.958866    10.2673     4.7677     22.807    32.5757    25.0151 0.0000e+00
 254.497320     24.000  35.681619     9.8796     4.2728     23.798    32.6442    25.1331 0.0000e+00
 254.497336     25.000  35.303907     9.4294     4.6535     24.790    32.6667    25.2240 0.0000e+00
 254.497352     26.000  35.086532     9.1837     4.8384     25.782    32.6668    25.2632 0.0000e+00
 254.497368     27.000  34.972217     9.0116     4.3270     26.773    32.7058    25.3206 0.0000e+00
 254.497381     28.000  34.738726     8.7068     4.8587     27.765    32.7429    25.3968 0.0000e+00
 254.497396     29.000  34.586478     8.5563     4.4381     28.756    32.7223    25.4035 0.0000e+00
 254.497411     30.000  34.504700     8.4171     4.7511     29.748    32.7649    25.4578 0.0000e+00
 254.497427     31.000  34.411127     8.2849     4.4774     30.739    32.7888    25.4963 0.0000e+00
 254.497442     32.000  34.370938     8.2013     4.6236     31.731    32.8239    25.5361 0.0000e+00
 254.497459     33.000  34.256592     8.0384     4.5327     32.722    32.8546    25.5841 0.0000e+00
 254.497476     34.000  34.167897     7.9368     4.7688     33.713    32.8550    25.5992 0.0000e+00
 254.497493     35.000  34.113777     7.8581     4.5073     34.705    32.8707    25.6228 0.0000e+00
 254.497509     36.000  34.044461     7.7662     4.2759     35.696    32.8826    25.6454 0.0000e+00
 254.497524     37.000  34.145656     7.8292     4.0798     36.688    32.9311    25.6744 0.0000e+00
 254.497540     38.000  34.315517     7.9207     4.0078     37.679    33.0260    25.7358 0.0000e+00
 254.497557     39.000  34.350404     7.9139     3.9170     38.671    33.0692    25.7707 0.0000e+00
 254.497574     40.000  34.343296     7.8817     3.6868     39.662    33.0916    25.7930 0.0000e+00
 254.497592     41.000  34.367330     7.8717     3.7419     40.654    33.1264    25.8218 0.0000e+00
 254.497610     42.000  34.434146     7.8934     3.6539     41.645    33.1768    25.8582 0.0000e+00
 254.497626     43.000  34.436482     7.8519     3.7426     42.636    33.2183    25.8968 0.0000e+00
 254.497643     44.000  34.350185     7.7159     3.7182     43.628    33.2549    25.9451 0.0000e+00
 254.497659     45.000  34.259512     7.5814     3.6859     44.619    33.2853    25.9882 0.0000e+00
 254.497676     46.000  34.237096     7.5375     3.6465     45.611    33.3028    26.0082 0.0000e+00
 254.497692     47.000  34.239064     7.5221     3.4641     46.602    33.3193    26.0233 0.0000e+00
 254.497710     48.000  34.239706     7.5113     3.7437     47.594    33.3298    26.0332 0.0000e+00
 254.497729     49.000  34.239192     7.4982     3.5190     48.585    33.3413    26.0440 0.0000e+00
 254.497753     50.000  34.242597     7.4928     3.4426     49.576    33.3497    26.0515 0.0000e+00
 254.497775     51.000  34.233198     7.4463     3.4659     50.568    33.3838    26.0848 0.0000e+00
 254.497794     52.000  34.239265     7.4314     3.4174     51.559    33.4043    26.1030 0.0000e+00
 254.497811     53.000  34.253304     7.4178     3.4208     52.551    33.4321    26.1268 0.0000e+00
 254.497826     54.000  34.278023     7.4187     3.4265     53.542    33.4575    26.1467 0.0000e+00
 254.497842     55.000  34.297358     7.4264     3.4368     54.534    33.4706    26.1559 0.0000e+00
 254.497859     56.000  34.322135     7.4419     3.4743     55.525    33.4820    26.1627 0.0000e+00
 254.497876     57.000  34.362843     7.4604     3.4706     56.516    33.5078    26.1804 0.0000e+00
 254.497893     58.000  34.373841     7.4670     3.4556     57.508    33.5128    26.1834 0.0000e+00
 254.497907     59.000  34.392714     7.4789     3.4612     58.499    33.5213    26.1883 0.0000e+00
 254.497919     60.000  34.414079     7.4884     3.4294     59.490    33.5347    26.1976 0.0000e+00
 254.497931     61.000  34.426684     7.4927     3.3258     60.482    33.5437    26.2041 0.0000e+00
 254.497943     62.000  34.434428     7.4893     3.2292     61.473    33.5549    26.2134 0.0000e+00
 254.497955     63.000  34.440503     7.4805     3.1881     62.464    33.5695    26.2262 0.0000e+00
 254.497968     64.000  34.452991     7.4752     3.1195     63.456    33.5877    26.2412 0.0000e+00
 254.497982     65.000  34.469794     7.4776     3.0803     64.447    33.6031    26.2530 0.0000e+00
 254.497997     66.000  34.488565     7.4836     3.0671     65.439    33.6172    26.2632 0.0000e+00
 254.498012     67.000  34.510064     7.4904     3.0005     66.430    33.6334    26.2751 0.0000e+00
 254.498028     68.000  34.521158     7.4980     2.9486     67.421    33.6374    26.2772 0.0000e+00
 254.498042     69.000  34.542191     7.5056     2.8379     68.413    33.6524    26.2879 0.0000e+00
 254.498057     70.000  34.553008     7.5073     2.6415     69.404    33.6620    26.2952 0.0000e+00
 254.498072     71.000  34.561360     7.4941     2.5202     70.395    33.6834    26.3140 0.0000e+00
 254.498084     72.000  34.561222     7.4626     2.4518     71.386    33.7133    26.3419 0.0000e+00
 254.498097     73.000  34.556348     7.4405     2.3065     72.378    33.7290    26.3574 0.0000e+00
 254.498110     74.000  34.552586     7.4204     2.1347     73.369    33.7440    26.3720 0.0000e+00
 254.498123     75.000  34.551087     7.3915     2.0091     74.360    33.7700    26.3966 0.0000e+00
 254.498136     76.000  34.553211     7.3706     1.9353     75.352    33.7923    26.4171 0.0000e+00
 254.498149     77.000  34.556453     7.3532     1.9101     76.343    33.8123    26.4353 0.0000e+00
 254.498163     78.000  34.558447     7.3402     1.8932     77.334    33.8267    26.4484 0.0000e+00
 254.498175     79.000  34.559782     7.3330     1.8586     78.325    33.8347    26.4557 0.0000e+00
 254.498187     80.000  34.562833     7.3265     1.8492     79.317    33.8439    26.4639 0.0000e+00
 254.498200     81.000  34.564922     7.3218     1.8326     80.308    33.8503    26.4696 0.0000e+00
 254.498214     82.000  34.566308     7.3207     1.7923     81.300    33.8524    26.4714 0.0000e+00
 254.498228     83.000  34.566334     7.3155     1.7574     82.291    33.8570    26.4758 0.0000e+00
 254.498242     84.000  34.565883     7.3080     1.7125     83.282    33.8633    26.4818 0.0000e+00
 254.498255     85.000  34.565225     7.3002     1.6793     84.273    33.8698    26.4880 0.0000e+00
 254.498269     86.000  34.561710     7.2902     1.6378     85.265    33.8752    26.4937 0.0000e+00
 254.498284     87.000  34.557137     7.2811     1.5827     86.256    33.8787    26.4978 0.0000e+00
 254.498299     88.000  34.548619     7.2639     1.5470     87.247    33.8858    26.5058 0.0000e+00
 254.498315     89.000  34.536730     7.2444     1.5110     88.238    33.8915    26.5129 0.0000e+00
 254.498330     90.000  34.528671     7.2293     1.4658     89.229    33.8971    26.5194 0.0000e+00
 254.498345     91.000  34.519949     7.2131     1.4608     90.221    33.9030    26.5264 0.0000e+00
 254.498360     92.000  34.510902     7.2019     1.4528     91.212    33.9036    26.5284 0.0000e+00
 254.498377     93.000  34.503692     7.1895     1.4413     92.203    33.9074    26.5331 0.0000e+00
 254.498395     94.000  34.498161     7.1812     1.4345     93.194    33.9090    26.5356 0.0000e+00
 254.498414     95.000  34.492204     7.1724     1.3989     94.186    33.9106    26.5381 0.0000e+00
 254.498432     96.000  34.481978     7.1509     1.3658     95.177    33.9201    26.5485 0.0000e+00
 254.498448     97.000  34.463525     7.1229     1.3443     96.168    33.9270    26.5578 0.0000e+00
 254.498464     98.000  34.445905     7.0958     1.3401     97.159    33.9338    26.5670 0.0000e+00
 254.498480     99.000  34.438457     7.0879     1.3302     98.150    33.9330    26.5674 0.0000e+00
 254.498497    100.000  34.438736     7.0875     1.3524     99.141    33.9332    26.5677 0.0000e+00
 254.498516    101.000  34.439127     7.0878     1.3353    100.132    33.9328    26.5673 0.0000e+00
 254.498569    102.000  34.440224     7.0893     1.3542    101.124    33.9321    26.5665 0.0000e+00
