data/oxygen options/ONMS/Olympic_Coast_National_Marine_Sanctuary_Hypoxia_Survey_CTD_Data_2004_2015/raw_data/2013/CAST_CE100_11SEP13faed.cnv
* Sea-Bird SBE19 Data File:
* FileName = C:\Documents and Settings\OCNMS\Desktop\2013 Data\11SEP13 Casts\CE100_11SEP13.hex
* Software Version 1.59
* Temperature SN = 2997
* Conductivity SN = 2997
* System UpLoad Time = Sep 12 2013 14:20:45
** CE100
* ds
# nquan = 9                                 
# nvalues = 2079                        
# units = specified
# name 0 = timeJ: Julian Days
# name 1 = prSM: Pressure, Strain Gauge [db]
# name 2 = c0mS/cm: Conductivity [mS/cm]
# name 3 = t090C: Temperature [ITS-90, deg C]
# name 4 = sbeox0ML/L: Oxygen, SBE 43 [ml/l]
# name 5 = depSM: Depth [salt water, m], lat = 47.5
# name 6 = sal00: Salinity, Practical [PSU]
# name 7 = sigma-é00: Density [sigma-theta, kg/m^3]
# name 8 = flag: flag
# span 0 = 254.490312, 254.502338       
# span 1 =     -6.211,    102.877       
# span 2 =   0.126772,  41.579532       
# span 3 =     7.0872,    17.7010       
# span 4 =    -7.5766,    12.4326       
# span 5 =     -6.159,    101.993       
# span 6 =     0.0726,    33.9346       
# span 7 =    -1.2674,    26.5684       
# span 8 = 0.0000e+00, 0.0000e+00       
# interval = seconds: 0.5
# start_time = Sep 11 2013 11:46:03 [Instrument's time stamp, header]
# bad_flag = -9.990e-29
*END*
[from data line 1921]
 254.501429      2.281  39.498777    17.6076     6.1265      2.262    29.8817    21.4495 -9.990e-29
 254.501435      2.282  39.467738    17.6064     6.1946      2.263    29.8564    21.4304 -9.990e-29
 254.501441      2.270  39.414305    17.6063     6.2015      2.251    29.8115    21.3961 -9.990e-29
 254.501447      2.257  39.389381    17.6072     6.1866      2.238    29.7899    21.3794 -9.990e-29
 254.501453      2.255  39.381569    17.6070     6.1621      2.236    29.7835    21.3745 -9.990e-29
 254.501458      2.263  39.381003    17.6054     6.1156      2.244    29.7842    21.3754 -9.990e-29
 254.501464      2.274  39.391418    17.6042     6.1084      2.255    29.7938    21.3831 -9.990e-29
 254.501470      2.283  39.400940    17.6036     6.3008      2.264    29.8023    21.3897 -9.990e-29
 254.501476      2.292  39.385856    17.6026     6.1237      2.273    29.7903    21.3807 -9.990e-29
 254.501481      2.302  39.358580    17.6016     6.0785      2.283    29.7681    21.3640 -9.990e-29
 254.501487      2.311  39.341049    17.6012     6.0782      2.292    29.7536    21.3530 -9.990e-29
 254.501493      2.318  39.330645    17.6010     6.1349      2.299    29.7450    21.3465 -9.990e-29
 254.501499      2.318  39.322482    17.6006     6.5942      2.299    29.7384    21.3415 -9.990e-29
 254.501505      2.316  39.319148    17.6005     6.3793      2.297    29.7357    21.3395 -9.990e-29
 254.501510      2.315  39.331348    17.6014     6.1415      2.296    29.7453    21.3466 -9.990e-29
 254.501516      2.316  39.380415    17.6035     5.9815      2.297    29.7850    21.3765 -9.990e-29
 254.501522      2.319  39.461745    17.6056     5.9044      2.300    29.8520    21.4272 -9.990e-29
 254.501528      2.319  39.501663    17.6056     6.1288      2.300    29.8856    21.4529 -9.990e-29
 254.501534      2.307  39.461509    17.6040     6.2599      2.288    29.8529    21.4283 -9.990e-29
 254.501539      2.285  39.402089    17.6030     6.3827      2.266    29.8037    21.3909 -9.990e-29
 254.501545      2.261  39.368610    17.6038     6.5377      2.242    29.7749    21.3687 -9.990e-29
 254.501551      2.249  39.380903    17.6059     6.3703      2.230    29.7837    21.3749 -9.990e-29
 254.501557      2.251  39.439689    17.6075     6.1966      2.232    29.8320    21.4115 -9.990e-29
 254.501563      2.259  39.480465    17.6072     6.0671      2.240    29.8666    21.4380 -9.990e-29
 254.501568      2.257  39.461233    17.6056     6.0333      2.238    29.8516    21.4269 -9.990e-29
 254.501574      2.239  39.418014    17.6043     6.1565      2.220    29.8161    21.4001 -9.990e-29
 254.501580      2.219  39.395761    17.6041     6.4493      2.200    29.7975    21.3859 -9.990e-29
 254.501586      2.206  39.395645    17.6041     6.2571      2.188    29.7975    21.3859 -9.990e-29
 254.501591      2.206  39.399602    17.6038     6.1552      2.188    29.8010    21.3887 -9.990e-29
 254.501597      2.213  39.412930    17.6036     6.0805      2.195    29.8124    21.3974 -9.990e-29
 254.501603      2.219  39.429883    17.6034     6.0734      2.200    29.8268    21.4085 -9.990e-29
 254.501609      2.220  39.424331    17.6034     6.5900      2.201    29.8221    21.4049 -9.990e-29
 254.501615      2.217  39.414672    17.6039     6.2966      2.198    29.8136    21.3983 -9.990e-29
 254.501620      2.214  39.427276    17.6055     6.4010      2.196    29.8231    21.4051 -9.990e-29
 254.501626      2.219  39.449269    17.6075     6.1815      2.200    29.8401    21.4177 -9.990e-29
 254.501632      2.231  39.465724    17.6086     6.0910      2.212    29.8531    21.4274 -9.990e-29
 254.501638      2.245  39.457693    17.6082     6.2014      2.226    29.8467    21.4225 -9.990e-29
 254.501644      2.255  39.422896    17.6070     6.8798      2.236    29.8183    21.4011 -9.990e-29
 254.501649      2.263  39.395658    17.6064     6.4378      2.244    29.7958    21.3840 -9.990e-29
 254.501655      2.269  39.398525    17.6069     6.1956      2.250    29.7978    21.3855 -9.990e-29
 254.501661      2.274  39.417968    17.6075     6.1576      2.255    29.8137    21.3975 -9.990e-29
 254.501667      2.278  39.422211    17.6071     6.0199      2.259    29.8176    21.4006 -9.990e-29
 254.501672      2.281  39.403486    17.6060     6.2169      2.262    29.8026    21.3894 -9.990e-29
 254.501678      2.284  39.377195    17.6050     6.2398      2.265    29.7812    21.3733 -9.990e-29
 254.501684      2.290  39.360423    17.6045     6.3871      2.271    29.7675    21.3629 -9.990e-29
 254.501690      2.305  39.373418    17.6045     6.3861      2.286    29.7784    21.3712 -9.990e-29
 254.501696      2.321  39.413916    17.6044     6.2917      2.302    29.8126    21.3974 -9.990e-29
 254.501701      2.326  39.433380    17.6030     6.2167      2.307    29.8300    21.4110 -9.990e-29
 254.501707      2.315  39.396699    17.6009     6.1244      2.296    29.8007    21.3891 -9.990e-29
 254.501713      2.294  39.341288    17.5994     6.1803      2.275    29.7551    21.3546 -9.990e-29
 254.501719      2.273  39.304807    17.5986     6.2489      2.254    29.7250    21.3318 -9.990e-29
 254.501725      2.263  39.287391    17.5982     6.6270      2.244    29.7106    21.3209 -9.990e-29
 254.501730      2.269  39.286576    17.5984     6.6708      2.250    29.7098    21.3202 -9.990e-29
 254.501736      2.286  39.299054    17.5987     6.2408      2.267    29.7201    21.3280 -9.990e-29
 254.501742      2.303  39.310103    17.5988     6.2043      2.284    29.7293    21.3350 -9.990e-29
 254.501748      2.308  39.301413    17.5987     6.0905      2.289    29.7221    21.3295 -9.990e-29
 254.501753      2.297  39.279909    17.5983     6.1499      2.278    29.7043    21.3160 -9.990e-29
 254.501759      2.278  39.260092    17.5976     6.3007      2.259    29.6881    21.3038 -9.990e-29
 254.501765      2.266  39.241900    17.5974     6.2189      2.247    29.6729    21.2922 -9.990e-29
 254.501771      2.271  39.230798    17.5975     6.2269      2.252    29.6635    21.2850 -9.990e-29
 254.501777      2.286  39.239467    17.5977     6.1099      2.267    29.6707    21.2904 -9.990e-29
 254.501782      2.302  39.254269    17.5979     6.1460      2.283    29.6830    21.2998 -9.990e-29
 254.501788      2.305  39.245085    17.5980     6.4025      2.286    29.6752    21.2938 -9.990e-29
 254.501794      2.297  39.221544    17.5978     6.6070      2.278    29.6555    21.2788 -9.990e-29
 254.501800      2.284  39.214482    17.5977     6.7830      2.265    29.6497    21.2744 -9.990e-29
 254.501806      2.275  39.223473    17.5979     6.4932      2.256    29.6571    21.2800 -9.990e-29
 254.501811      2.278  39.230267    17.5981     6.1070      2.259    29.6626    21.2842 -9.990e-29
 254.501817      2.294  39.233296    17.5982     6.0358      2.275    29.6651    21.2861 -9.990e-29
 254.501823      2.309  39.233820    17.5981     6.2925      2.290    29.6656    21.2865 -9.990e-29
 254.501829      2.313  39.225272    17.5978     6.7290      2.294    29.6587    21.2812 -9.990e-29
 254.501834      2.306  39.215328    17.5976     6.5978      2.287    29.6504    21.2750 -9.990e-29
 254.501840      2.299  39.216530    17.5979     6.2361      2.280    29.6512    21.2755 -9.990e-29
 254.501846      2.306  39.231060    17.5986     6.0717      2.287    29.6629    21.2843 -9.990e-29
 254.501852      2.326  39.250857    17.5989     5.9853      2.307    29.6794    21.2968 -9.990e-29
 254.501858      2.349  39.262552    17.5983     6.6485      2.329    29.6896    21.3048 -9.990e-29
 254.501863      2.362  39.256540    17.5976     6.5765      2.342    29.6851    21.3015 -9.990e-29
 254.501869      2.363  39.235474    17.5973     6.2678      2.343    29.6676    21.2882 -9.990e-29
 254.501875      2.356  39.214997    17.5971     6.1253      2.336    29.6505    21.2751 -9.990e-29
 254.501881      2.349  39.200891    17.5970     6.5443      2.329    29.6387    21.2662 -9.990e-29
 254.501887      2.341  39.192861    17.5971     6.1987      2.321    29.6319    21.2609 -9.990e-29
 254.501892      2.328  39.192551    17.5972     6.5300      2.309    29.6316    21.2606 -9.990e-29
 254.501898      2.313  39.195646    17.5978     6.0860      2.294    29.6337    21.2622 -9.990e-29
 254.501904      2.299  39.216940    17.5989     5.9213      2.280    29.6508    21.2750 -9.990e-29
 254.501910      2.286  39.259070    17.5995     6.2525      2.267    29.6859    21.3016 -9.990e-29
 254.501916      2.268  39.281846    17.5993     6.1898      2.249    29.7052    21.3164 -9.990e-29
 254.501921      2.236  39.269706    17.5991     6.2117      2.217    29.6951    21.3088 -9.990e-29
 254.501927      2.192  39.249634    17.5998     6.1067      2.174    29.6777    21.2953 -9.990e-29
 254.501933      2.150  39.253728    17.6022     6.2082      2.132    29.6794    21.2961 -9.990e-29
 254.501939      2.112  39.310445    17.6056     6.2943      2.094    29.7247    21.3299 -9.990e-29
 254.501944      2.063  39.398484    17.6074     6.2895      2.046    29.7975    21.3851 -9.990e-29
 254.501950      1.987  39.435191    17.6063     6.1899      1.970    29.8292    21.4096 -9.990e-29
 254.501956      1.878  39.395000    17.6038     6.0165      1.862    29.7972    21.3858 -9.990e-29
 254.501962      1.748  39.337544    17.6021     5.9975      1.733    29.7502    21.3502 0.0000e+00
 254.501968      1.604  39.299997    17.6014     6.1278      1.591    29.7191    21.3266 0.0000e+00
 254.501973      1.442  39.274908    17.6004     6.0506      1.430    29.6988    21.3113 0.0000e+00
 254.501979      1.266  39.250139    17.5992     6.8027      1.255    29.6789    21.2963 0.0000e+00
 254.501985      1.088  39.222950    17.5983     6.8908      1.079    29.6567    21.2796 0.0000e+00
 254.501991      0.919  39.197459    17.5968     6.8048      0.911    29.6364    21.2644 0.0000e+00
 254.501997      0.766  39.175005    17.5902     6.8567      0.760    29.6224    21.2552 0.0000e+00
 254.502002      0.635  39.159853    17.5691     6.8661      0.630    29.6251    21.2622 -9.990e-29
 254.502008      0.532  39.145833    17.5246     6.8986      0.528    29.6457    21.2884 -9.990e-29
 254.502014      0.454  39.089058    17.4599     6.9026      0.450    29.6451    21.3030 -9.990e-29
 254.502020      0.397  38.871260    17.3883     6.9197      0.394    29.5134    21.2189 -9.990e-29
 254.502025      0.351  38.167872    17.3161     6.9296      0.348    28.9718    20.8213 -9.990e-29
 254.502031      0.311  36.027603    17.2443     6.8974      0.308    27.2220    19.4998 -9.990e-29
 254.502037      0.278  29.598449    17.1752     6.8937      0.276    21.9448    15.4852 -9.990e-29
 254.502043      0.254  19.073290    17.1087     6.8958      0.252    13.5854     9.1276 -9.990e-29
 254.502049      0.237  10.576024    17.0468     6.9067      0.235     7.1820     4.2613 -9.990e-29
 254.502054      0.222   6.788941    16.9889     6.9367      0.220     4.4671     2.2007 -9.990e-29
 254.502060      0.205   5.434318    16.9350     6.9488      0.203     3.5259     1.4914 -9.990e-29
 254.502066      0.187   4.921436    16.8924     6.9588      0.185     3.1754     1.2311 -9.990e-29
 254.502072      0.177   4.632537    16.8618     6.9619      0.176     2.9795     1.0867 -9.990e-29
 254.502078      0.174   4.301246    16.8362     6.9680      0.173     2.7549     0.9195 -9.990e-29
 254.502083      0.168   3.925466    16.8099     6.9690      0.167     2.5014     0.7301 -9.990e-29
 254.502089      0.161   3.783380    16.7809     6.9691      0.160     2.4071     0.6629 -9.990e-29
 254.502095      0.155   3.935285    16.7511     6.9740      0.154     2.5117     0.7483 -9.990e-29
 254.502101      0.151   4.039325    16.7220     6.9777      0.150     2.5841     0.8089 -9.990e-29
 254.502106      0.147   3.910706    16.6930    -5.5945      0.146     2.4986     0.7485 -9.990e-29
 254.502112      0.144   3.546665    16.6629    -7.5496      0.143     2.2541     0.5664 -9.990e-29
 254.502118      0.142   3.042230    16.6352    -7.5766      0.141     1.9171     0.3130 -9.990e-29
 254.502124      0.140   2.596947    16.6154    -5.6319      0.139     1.6225     0.0904 -9.990e-29
 254.502130      0.138   2.279369    16.6017    -1.7129      0.137     1.4143    -0.0670 -9.990e-29
 254.502135      0.137   2.051418    16.5887    -1.7082      0.136     1.2661    -0.1785 -9.990e-29
 254.502141      0.135   1.889126    16.5756    -1.7015      0.134     1.1613    -0.2568 -9.990e-29
 254.502147      0.133   1.768688    16.5652    -1.7017      0.132     1.0839    -0.3145 -9.990e-29
 254.502153      0.132   1.668566    16.5591    -1.7028      0.131     1.0197    -0.3628 -9.990e-29
 254.502159      0.130   1.577191    16.5556    -1.7040      0.129     0.9613    -0.4071 -9.990e-29
 254.502164      0.127   1.495836    16.5519    -1.7049      0.126     0.9094    -0.4463 -9.990e-29
 254.502170      0.124   1.431610    16.5474    -1.7052      0.123     0.8686    -0.4769 -9.990e-29
 254.502176      0.121   1.399171    16.5436    -1.6995      0.120     0.8481    -0.4920 -9.990e-29
 254.502182      0.116   1.442262    16.5413    -1.6985      0.115     0.8755    -0.4706 -9.990e-29
 254.502187      0.110   1.670974    16.5383    -1.6994      0.109     1.0218    -0.3576 -9.990e-29
 254.502193      0.106   2.041617    16.5318    -1.7002      0.105     1.2615    -0.1723 -9.990e-29
 254.502199      0.110   2.272946    16.5229    -1.7009      0.109     1.4128    -0.0546 -9.990e-29
 254.502205      0.115   2.264884    16.5148    -1.6998      0.114     1.4078    -0.0570 -9.990e-29
 254.502211      0.120   2.144188    16.5067    -1.6979      0.119     1.3292    -0.1161 -9.990e-29
 254.502216      0.124   2.008290    16.4990    -1.6934      0.123     1.2408    -0.1826 -9.990e-29
 254.502222      0.126   1.908270    16.4966    -1.6911      0.125     1.1760    -0.2320 -9.990e-29
 254.502228      0.128   1.888699    16.5015    -1.6895      0.127     1.1631    -0.2427 -9.990e-29
 254.502234      0.130   2.028238    16.5100    -1.6884      0.129     1.2535    -0.1747 -9.990e-29
 254.502240      0.131   2.286189    16.5170    -1.6886      0.130     1.4217    -0.0467 -9.990e-29
 254.502245      0.132   2.446001    16.5199    -1.6887      0.131     1.5267     0.0333 -9.990e-29
 254.502251      0.133   2.444672    16.5206    -1.6901      0.132     1.5258     0.0325 -9.990e-29
 254.502257      0.134   2.399095    16.5232    -1.6922      0.133     1.4957     0.0090 -9.990e-29
 254.502263      0.134   2.410966    16.5306    -1.6942      0.133     1.5032     0.0135 -9.990e-29
 254.502269      0.135   2.542687    16.5437    -1.6958      0.134     1.5895     0.0775 -9.990e-29
 254.502274      0.135   2.812412    16.5625    -1.6971      0.134     1.7674     0.2107 -9.990e-29
 254.502280      0.135   3.151632    16.5846    -1.6978      0.134     1.9927     0.3797 -9.990e-29
 254.502286      0.135   3.426905    16.6060 -9.990e-29      0.134     2.1765     0.5169 -9.990e-29
 254.502292      0.136   3.584205    16.6227 -9.990e-29      0.135     2.2816     0.5946 -9.990e-29
 254.502297      0.136   3.637955    16.6315 -9.990e-29      0.135     2.3175     0.6205 -9.990e-29
 254.502303      0.136   3.605444    16.6302 -9.990e-29      0.135     2.2956     0.6039 -9.990e-29
 254.502309      0.136   3.507690    16.6187 -9.990e-29      0.135     2.2302     0.5559 -9.990e-29
 254.502315      0.136   3.350300    16.6027 -9.990e-29      0.135     2.1251     0.4781 -9.990e-29
 254.502321      0.136   3.157553    16.5904 -9.990e-29      0.135     1.9964     0.3815 -9.990e-29
 254.502326      0.136   2.967591    16.5849 -9.990e-29      0.135     1.8697     0.2853 -9.990e-29
 254.502332      0.136   2.797270    16.5838 -9.990e-29      0.135     1.7564     0.1986 -9.990e-29
 254.502338      0.136   2.662982 -9.990e-29 -9.990e-29      0.135 -9.990e-29 -9.990e-29 -9.990e-29
