data/oxygen options/ONMS/Olympic_Coast_National_Marine_Sanctuary_Hypoxia_Survey_CTD_Data_2004_2015/raw_data/2013/CAST_RR042_11SEP13faedb.cnv
* Sea-Bird SBE19 Data File:
* FileName = C:\Documents and Settings\OCNMS\Desktop\2013 Data\11SEP13 Casts\RR042_11SEP13.hex
* Software Version 1.59
* Temperature SN = 2997
* Conductivity SN = 2997
* System UpLoad Time = Sep 12 2013 14:05:15
** RR042
* ds
# nquan = 9
# nvalues = 41                          
# units = specified
# name 0 = timeJ: Julian Days
# name 1 = prSM: Pressure, Strain Gauge [db]
# name 2 = c0mS/cm: Conductivity [mS/cm]
# name 3 = t090C: Temperature [ITS-90, deg C]
# name 4 = sbeox0ML/L: Oxygen, SBE 43 [ml/l]
# name 5 = depSM: Depth [salt water, m], lat = 47.5
# name 6 = sal00: Salinity, Practical [PSU]
# name 7 = sigma-é00: Density [sigma-theta, kg/m^3]
# name 8 = flag: flag
# span 0 =  41.830775, 256.421050       
# span 1 =      0.489,     42.000       
# span 2 =   6.752025,  41.552449       
# span 3 =     2.9037,    17.7996       
# span 4 =     1.0327,     6.6999       
# span 5 =      0.485,     41.645       
# span 6 =     5.1231,    33.5876       
# span 7 =     3.6850,    26.2466       
# span 8 = 0.0000e+00, 0.0000e+00       
# interval = decibars: 1                
# start_time = Sep 11 2013 13:31:35 [Instrument's time stamp, header]
# bad_flag = -9.990e-29
*END*
  41.830775      1.000   6.752025     2.9037     1.0327      0.485     5.1231     3.6850 0.0000e+00
 256.421050      3.000  41.389654    17.7996     6.3306      2.975    31.4043    22.5888 0.0000e+00
 254.569141      4.000  41.396406    17.6296     6.1951      3.967    31.4679    22.6578 0.0000e+00
 254.569154      5.000  41.495477    17.5921     6.4934      4.958    31.5807    22.7530 0.0000e+00
 254.569167      6.000  41.548174    17.5469     6.2579      5.950    31.6603    22.8246 0.0000e+00
 254.569180      7.000  41.552449    17.4689     6.2761      6.942    31.7245    22.8923 0.0000e+00
 254.569193      8.000  41.519631    17.3693     6.3754      7.933    31.7742    22.9539 0.0000e+00
 254.569204      9.000  41.399529    17.0559     6.3919      8.925    31.9179    23.1374 0.0000e+00
 254.569217     10.000  40.920723    16.3381     6.6999      9.917    32.0749    23.4229 0.0000e+00
 254.569228     11.000  40.356782    15.7538     6.4753     10.908    32.0505    23.5352 0.0000e+00
 254.569241     12.000  39.915739    15.1862     5.7733     11.900    32.1198    23.7129 0.0000e+00
 254.569254     13.000  39.463722    14.6628     5.2219     12.891    32.1425    23.8420 0.0000e+00
 254.569266     14.000  39.092040    14.0822     5.1381     13.883    32.2859    24.0736 0.0000e+00
 254.569279     15.000  38.526366    13.3975     5.4743     14.875    32.3378    24.2528 0.0000e+00
 254.569291     16.000  38.126388    12.9717     4.9670     15.866    32.3242    24.3267 0.0000e+00
 254.569303     17.000  37.979012    12.7395     4.4983     16.858    32.3831    24.4174 0.0000e+00
 254.569315     18.000  37.838783    12.5118     4.7762     17.849    32.4451    24.5093 0.0000e+00
 254.569328     19.000  37.645039    12.2171     4.3163     18.840    32.5144    24.6190 0.0000e+00
 254.569340     20.000  37.312543    11.5762     4.2043     19.832    32.7531    24.9234 0.0000e+00
 254.569352     21.000  36.731481    10.7927     3.8503     20.824    32.8780    25.1610 0.0000e+00
 254.569363     22.000  36.440755    10.5291     3.4682     21.815    32.8247    25.1645 0.0000e+00
 254.569376     23.000  36.292363    10.3074     3.6991     22.806    32.8755    25.2420 0.0000e+00
 254.569388     24.000  36.081294     9.9030     3.5723     23.798    33.0297    25.4302 0.0000e+00
 254.569400     25.000  35.782850     9.4689     2.8574     24.789    33.1231    25.5743 0.0000e+00
 254.569414     26.000  35.559250     9.2706     2.4525     25.781    33.0756    25.5691 0.0000e+00
 254.569427     27.000  35.467888     9.0884     2.0604     26.773    33.1497    25.6560 0.0000e+00
 254.569440     28.000  35.305510     8.7840     2.2905     27.765    33.2645    25.7933 0.0000e+00
 254.569453     29.000  35.129284     8.5504     2.0474     28.756    33.2988    25.8562 0.0000e+00
 254.569467     30.000  35.007340     8.3513     1.9935     29.748    33.3578    25.9326 0.0000e+00
 254.569480     31.000  34.906488     8.1689     2.3675     30.739    33.4239    26.0116 0.0000e+00
 254.569493     32.000  34.710984     7.8346     1.8993     31.730    33.5344    26.1474 0.0000e+00
 254.569506     33.000  34.510760     7.6101     2.1650     32.722    33.5347    26.1800 0.0000e+00
 254.569519     34.000  34.451110     7.5408     1.8374     33.714    33.5366    26.1914 0.0000e+00
 254.569531     35.000  34.426289     7.4835     1.7916     34.705    33.5646    26.2215 0.0000e+00
 254.569544     36.000  34.409638     7.4593     1.8911     35.697    33.5696    26.2289 0.0000e+00
 254.569556     37.000  34.405364     7.4593     2.0502     36.688    33.5645    26.2249 0.0000e+00
 254.569570     38.000  34.404472     7.4435     1.8262     37.679    33.5783    26.2380 0.0000e+00
 254.569584     39.000  34.402500     7.4319     1.7046     38.671    33.5870    26.2464 0.0000e+00
 254.569598     40.000  34.400697     7.4296     1.7841     39.662    33.5867    26.2466 0.0000e+00
 254.569614     41.000  34.400685     7.4324     1.7950     40.654    33.5835    26.2437 0.0000e+00
 254.569674     42.000  34.423973     7.4538     1.7355     41.645    33.5876    26.2439 0.0000e+00
