data/oxygen options/ONMS/Olympic_Coast_National_Marine_Sanctuary_Hypoxia_Survey_CTD_Data_2004_2015/raw_data/2013/CAST_RR042_11SEP13faed.cnv
* Sea-Bird SBE19 Data File:
* FileName = C:\Documents and Settings\OCNMS\Desktop\2013 Data\11SEP13 Casts\RR042_11SEP13.hex
* Software Version 1.59
* Temperature SN = 2997
* Conductivity SN = 2997
* System UpLoad Time = Sep 12 2013 14:05:15
** RR042
* ds
# nquan = 9                                 
# nvalues = 1229                        
# units = specified
# name 0 = timeJ: Julian Days
# name 1 = prSM: Pressure, Strain Gauge [db]
# name 2 = c0mS/cm: Conductivity [mS/cm]
# name 3 = t090C: Temperature [ITS-90, deg C]
# name 4 = sbeox0ML/L: Oxygen, SBE 43 [ml/l]
# name 5 = depSM: Depth [salt water, m], lat = 47.5
# name 6 = sal00: Salinity, Practical [PSU]
# name 7 = sigma-é00: Density [sigma-theta, kg/m^3]
# name 8 = flag: flag
# span 0 = 254.563600, 254.570706       
# span 1 =     -5.677,     42.297       
# span 2 =   0.335233,  41.561471       
# span 3 =     7.4294,    17.7136       
# span 4 =    -1.7064,    10.0847       
# span 5 =     -5.630,     41.940       
# span 6 =     0.1925,    33.5945       
# span 7 =    -1.0786,    26.2490       
# span 8 = 0.0000e+00, 0.0000e+00       
# interval = seconds: 0.5
# start_time = Sep 11 2013 13:31:35 [Instrument's time stamp, header]
# bad_flag = -9.990e-29
*END*
[from data line 161]
 254.564531     -2.287   0.355328    16.9923    -1.7013     -2.268     0.2032    -1.0657 -9.990e-29
 254.564537     -2.281   0.354500    16.9888    -1.7015     -2.262     0.2028    -1.0655 -9.990e-29
 254.564543     -2.274   0.353753    16.9883    -1.7014     -2.255     0.2023    -1.0657 -9.990e-29
 254.564549     -2.266   0.353752    16.9888    -1.7014     -2.247     0.2023    -1.0658 -9.990e-29
 254.564554     -2.257   0.354495    16.9881    -1.7014     -2.238     0.2028    -1.0653 -9.990e-29
 254.564560     -2.246   0.355310    16.9852    -1.7014     -2.227     0.2033    -1.0645 -9.990e-29
 254.564566     -2.233   0.355622    16.9812    -1.7012     -2.214     0.2035    -1.0636 -9.990e-29
 254.564572     -2.215   0.355293    16.9771    -1.7011     -2.197     0.2033    -1.0630 -9.990e-29
 254.564578     -2.193   0.354437    16.9724    -1.7012     -2.175     0.2028    -1.0626 -9.990e-29
 254.564583     -2.170   0.353573    16.9675    -1.7010     -2.152     0.2023    -1.0621 -9.990e-29
 254.564589     -2.147   0.353208    16.9648    -1.7010     -2.129     0.2021    -1.0618 -9.990e-29
 254.564595     -2.123   0.353411    16.9645    -1.7009     -2.105     0.2023    -1.0616 -9.990e-29
 254.564601     -2.102   0.353898    16.9652    -1.7008     -2.084     0.2025    -1.0615 -9.990e-29
 254.564606     -2.087   0.354210    16.9664    -1.7009     -2.070     0.2027    -1.0616 -9.990e-29
 254.564612     -2.075   0.354209    16.9685    -1.7010     -2.058     0.2027    -1.0620 -9.990e-29
 254.564618     -2.067   0.353892    16.9713    -1.7010     -2.050     0.2025    -1.0626 -9.990e-29
 254.564624     -2.062   0.353391    16.9736    -1.7011     -2.045     0.2022    -1.0633 -9.990e-29
 254.564630     -2.059   0.353144    16.9753    -1.7011     -2.042     0.2021    -1.0637 -9.990e-29
 254.564635     -2.059   0.353376    16.9777    -1.7011     -2.042     0.2022    -1.0640 -9.990e-29
 254.564641     -2.057   0.353840    16.9810    -1.7011     -2.040     0.2024    -1.0644 -9.990e-29
 254.564647     -2.049   0.354047    16.9839    -1.7011     -2.032     0.2025    -1.0648 -9.990e-29
 254.564653     -2.039   0.353719    16.9847    -1.7011     -2.022     0.2023    -1.0651 -9.990e-29
 254.564659     -2.029   0.352971    16.9830    -1.7011     -2.012     0.2019    -1.0651 -9.990e-29
 254.564664     -2.021   0.352466    16.9808    -1.7009     -2.004     0.2016    -1.0650 -9.990e-29
 254.564670     -2.012   0.352637    16.9793    -1.7008     -1.995     0.2017    -1.0646 -9.990e-29
 254.564676     -2.003   0.353159    16.9783    -1.7008     -1.986     0.2020    -1.0642 -9.990e-29
 254.564682     -1.993   0.353619    16.9781    -1.7007     -1.976     0.2023    -1.0640 -9.990e-29
 254.564687     -1.981   0.353524    16.9785    -1.7006     -1.964     0.2023    -1.0641 -9.990e-29
 254.564693     -1.966   0.352746    16.9787    -1.7006     -1.950     0.2018    -1.0645 -9.990e-29
 254.564699     -1.953   0.351907    16.9783    -1.7006     -1.937     0.2013    -1.0648 -9.990e-29
 254.564705     -1.943   0.351551    16.9785    -1.7007     -1.927     0.2011    -1.0650 -9.990e-29
 254.564711     -1.933   0.351756    16.9807    -1.7007     -1.917     0.2012    -1.0653 -9.990e-29
 254.564716     -1.922   0.352241    16.9844    -1.7008     -1.906     0.2015    -1.0657 -9.990e-29
 254.564722     -1.914   0.352544    16.9881    -1.7007     -1.898     0.2016    -1.0662 -9.990e-29
 254.564728     -1.903   0.352512    16.9914    -1.7007     -1.887     0.2016    -1.0668 -9.990e-29
 254.564734     -1.888   0.352104    16.9944    -1.7007     -1.872     0.2014    -1.0675 -9.990e-29
 254.564740     -1.879   0.351330    16.9968    -1.7008     -1.863     0.2009    -1.0683 -9.990e-29
 254.564745     -1.873   0.350816    16.9979    -1.7009     -1.857     0.2006    -1.0687 -9.990e-29
 254.564751     -1.866   0.350984    16.9973    -1.7008     -1.850     0.2007    -1.0685 -9.990e-29
 254.564757     -1.858   0.351505    16.9958    -1.7008     -1.843     0.2010    -1.0680 -9.990e-29
 254.564763     -1.848   0.351965    16.9946    -1.7007     -1.833     0.2013    -1.0676 -9.990e-29
 254.564769     -1.840   0.351870    16.9943    -1.7007     -1.825     0.2012    -1.0676 -9.990e-29
 254.564774     -1.838   0.351091    16.9939    -1.7006     -1.823     0.2008    -1.0679 -9.990e-29
 254.564780     -1.842   0.350252    16.9927    -1.7006     -1.827     0.2003    -1.0681 -9.990e-29
 254.564786     -1.847   0.349893    16.9910    -1.7004     -1.832     0.2001    -1.0679 -9.990e-29
 254.564792     -1.845   0.350090    16.9896    -1.7003     -1.830     0.2002    -1.0676 -9.990e-29
 254.564797     -1.832   0.350550    16.9894    -1.7002     -1.817     0.2005    -1.0673 -9.990e-29
 254.564803     -1.812   0.350779    16.9909    -1.7001     -1.797     0.2006    -1.0675 -9.990e-29
 254.564809     -1.791   0.350527    16.9929    -1.6999     -1.776     0.2004    -1.0680 -9.990e-29
 254.564815     -1.773   0.350013    16.9948    -1.6999     -1.758     0.2001    -1.0685 -9.990e-29
 254.564821     -1.757   0.349657    16.9969    -1.6999     -1.742     0.1999    -1.0691 -9.990e-29
 254.564826     -1.741   0.349537    16.9996    -1.6998     -1.726     0.1998    -1.0696 -9.990e-29
 254.564832     -1.724   0.349494    17.0030    -1.6997     -1.710     0.1998    -1.0702 -9.990e-29
 254.564838     -1.710   0.349468    17.0072    -1.6996     -1.696     0.1998    -1.0710 -9.990e-29
 254.564844     -1.701   0.349423    17.0118    -1.6996     -1.687     0.1997    -1.0718 -9.990e-29
 254.564850     -1.694   0.349299    17.0166    -1.6999     -1.680     0.1996    -1.0727 -9.990e-29
 254.564855     -1.684   0.348931    17.0212    -1.7003     -1.670     0.1994    -1.0737 -9.990e-29
 254.564861     -1.669   0.348382    17.0255    -1.7002     -1.655     0.1991    -1.0747 -9.990e-29
 254.564867     -1.649   0.348025    17.0290    -1.7002     -1.635     0.1988    -1.0755 -9.990e-29
 254.564873     -1.627   0.347939    17.0316    -1.7001     -1.613     0.1988    -1.0760 -9.990e-29
 254.564878     -1.610   0.348008    17.0342    -1.7001     -1.597     0.1988    -1.0764 -9.990e-29
 254.564884     -1.601   0.348323    17.0369    -1.7000     -1.588     0.1990    -1.0768 -9.990e-29
 254.564890     -1.596   0.348750    17.0378    -1.6996     -1.583     0.1992    -1.0768 -9.990e-29
 254.564896     -1.589   0.348751    17.0346    -1.6994     -1.576     0.1992    -1.0762 -9.990e-29
 254.564902     -1.580   0.348325    17.0277    -1.6995     -1.567     0.1990    -1.0751 -9.990e-29
 254.564907     -1.570   0.348010    17.0209    -1.6995     -1.557     0.1989    -1.0741 -9.990e-29
 254.564913     -1.560   0.347940    17.0179    -1.6996     -1.547     0.1988    -1.0736 -9.990e-29
 254.564919     -1.552   0.348023    17.0190    -1.6996     -1.539     0.1989    -1.0737 -9.990e-29
 254.564925     -1.539   0.348367    17.0216    -1.6997     -1.526     0.1991    -1.0740 -9.990e-29
 254.564931     -1.526   0.348876    17.0249    -1.6996     -1.513     0.1993    -1.0744 -9.990e-29
 254.564936     -1.516   0.349121    17.0308    -1.6996     -1.503     0.1995    -1.0753 -9.990e-29
 254.564942     -1.508   0.348875    17.0389    -1.6996     -1.495     0.1993    -1.0769 -9.990e-29
 254.564948     -1.502   0.348362    17.0447    -1.6996     -1.489     0.1990    -1.0782 -9.990e-29
 254.564954     -1.497   0.348007    17.0461    -1.6997     -1.485     0.1987    -1.0786 -9.990e-29
 254.564959     -1.493   0.347889    17.0452    -1.6997     -1.481     0.1987    -1.0785 -9.990e-29
 254.564965     -1.490   0.347849    17.0439    -1.6998     -1.478     0.1987    -1.0782 -9.990e-29
 254.564971     -1.488   0.347835    17.0427    -1.6998     -1.476     0.1987    -1.0780 -9.990e-29
 254.564977     -1.486   0.347827    17.0418    -1.6999     -1.474     0.1987    -1.0779 -9.990e-29
 254.564983     -1.484   0.347813    17.0417    -1.7001     -1.472     0.1986    -1.0779 -9.990e-29
 254.564988     -1.483   0.347774    17.0418    -1.7001     -1.471     0.1986    -1.0779 -9.990e-29
 254.564994     -1.482   0.347658    17.0415    -1.7000     -1.470     0.1986    -1.0779 -9.990e-29
 254.565000     -1.480   0.347309    17.0404    -1.7000     -1.468     0.1984    -1.0779 -9.990e-29
 254.565006     -1.479   0.346814    17.0386    -1.6999     -1.467     0.1981    -1.0778 -9.990e-29
 254.565012     -1.478   0.346620    17.0366    -1.6999     -1.466     0.1980    -1.0775 -9.990e-29
 254.565017     -1.476   0.346837    17.0347    -1.6999     -1.464     0.1981    -1.0771 -9.990e-29
 254.565023     -1.474   0.347199    17.0324    -1.6999     -1.462     0.1983    -1.0765 -9.990e-29
 254.565029     -1.472   0.347451    17.0289    -1.7000     -1.460     0.1985    -1.0757 -9.990e-29
 254.565035     -1.469   0.347376    17.0257    -1.7002     -1.457     0.1985    -1.0752 -9.990e-29
 254.565041     -1.465   0.347244    17.0251    -1.7004     -1.453     0.1984    -1.0752 -9.990e-29
 254.565046     -1.460   0.347435    17.0263    -1.7005     -1.448     0.1985    -1.0753 -9.990e-29
 254.565052     -1.454   0.347650    17.0279    -1.7006     -1.442     0.1986    -1.0755 -9.990e-29
 254.565058     -1.446   0.347623    17.0296    -1.7009     -1.434     0.1986    -1.0758 -9.990e-29
 254.565064     -1.436   0.347318    17.0304    -1.7011     -1.424     0.1984    -1.0761 -9.990e-29
 254.565069     -1.424   0.346883    17.0300    -1.7015     -1.412     0.1982    -1.0762 -9.990e-29
 254.565075     -1.407   0.346846    17.0285    -1.7016     -1.395     0.1981    -1.0759 -9.990e-29
 254.565081     -1.386   0.347158    17.0253    -1.7017     -1.374     0.1983    -1.0752 -9.990e-29
 254.565087     -1.363   0.347129    17.0200    -1.7019     -1.352     0.1983    -1.0743 -9.990e-29
 254.565093     -1.346   0.346720    17.0137    -1.7021     -1.335     0.1981    -1.0734 -9.990e-29
 254.565098     -1.337   0.346495    17.0072    -1.7022     -1.326     0.1980    -1.0723 -9.990e-29
 254.565104     -1.332   0.346707    17.0004    -1.7022     -1.321     0.1982    -1.0710 -9.990e-29
 254.565110     -1.322   0.347087    16.9928    -1.7021     -1.311     0.1984    -1.0695 -9.990e-29
 254.565116     -1.305   0.347034    16.9841    -1.7019     -1.294     0.1985    -1.0680 -9.990e-29
 254.565122     -1.291   0.346477    16.9750    -1.7018     -1.280     0.1982    -1.0666 -9.990e-29
 254.565127     -1.282   0.345783    16.9671    -1.7018     -1.271     0.1978    -1.0655 -9.990e-29
 254.565133     -1.277   0.345132    16.9599    -1.7018     -1.266     0.1975    -1.0645 -9.990e-29
 254.565139     -1.276   0.344765    16.9526    -1.7018     -1.265     0.1973    -1.0634 -9.990e-29
 254.565145     -1.275   0.344749    16.9472    -1.7018     -1.264     0.1973    -1.0624 -9.990e-29
 254.565150     -1.269   0.345060    16.9449    -1.7017     -1.258     0.1975    -1.0619 -9.990e-29
 254.565156     -1.263   0.345562    16.9454    -1.7017     -1.252     0.1978    -1.0618 -9.990e-29
 254.565162     -1.261   0.345816    16.9480    -1.7016     -1.250     0.1979    -1.0621 -9.990e-29
 254.565168     -1.261   0.345608    16.9515    -1.7015     -1.250     0.1978    -1.0628 -9.990e-29
 254.565174     -1.264   0.345216    16.9546    -1.7014     -1.253     0.1975    -1.0635 -9.990e-29
 254.565179     -1.267   0.345225    16.9566    -1.7015     -1.256     0.1975    -1.0639 -9.990e-29
 254.565185     -1.265   0.345648    16.9574    -1.7014     -1.254     0.1978    -1.0638 -9.990e-29
 254.565191     -1.262   0.345941    16.9577    -1.7015     -1.251     0.1979    -1.0638 -9.990e-29
 254.565197     -1.258   0.345942    16.9588    -1.7016     -1.248     0.1979    -1.0640 -9.990e-29
 254.565203     -1.248   0.345652    16.9608    -1.7018     -1.238     0.1978    -1.0644 -9.990e-29
 254.565208     -1.236   0.345241    16.9633    -1.7018     -1.226     0.1975    -1.0651 -9.990e-29
 254.565214     -1.226   0.345268    16.9661    -1.7021     -1.216     0.1975    -1.0656 -9.990e-29
 254.565220     -1.217   0.345768    16.9688    -1.7023     -1.207     0.1978    -1.0658 -9.990e-29
 254.565226     -1.208   0.346302    16.9709    -1.7023     -1.198     0.1981    -1.0659 -9.990e-29
 254.565231     -1.199   0.346477    16.9719    -1.7024     -1.189     0.1982    -1.0660 -9.990e-29
 254.565237     -1.193   0.345971    16.9711    -1.7024     -1.183     0.1979    -1.0661 -9.990e-29
 254.565243     -1.195   0.345220    16.9681    -1.7025     -1.185     0.1975    -1.0659 -9.990e-29
 254.565249     -1.200   0.344882    16.9632    -1.7023     -1.190     0.1973    -1.0652 -9.990e-29
 254.565255     -1.205   0.345060    16.9577    -1.7023     -1.195     0.1974    -1.0642 -9.990e-29
 254.565260     -1.209   0.345441    16.9524    -1.7023     -1.199     0.1977    -1.0631 -9.990e-29
 254.565266     -1.208   0.345424    16.9468    -1.7025     -1.198     0.1977    -1.0621 -9.990e-29
 254.565272     -1.199   0.344988    16.9416    -1.7026     -1.189     0.1975    -1.0613 -9.990e-29
 254.565278     -1.185   0.344657    16.9381    -1.7027     -1.175     0.1973    -1.0609 -9.990e-29
 254.565284     -1.169   0.344545    16.9360    -1.7027     -1.159     0.1972    -1.0605 -9.990e-29
 254.565289     -1.150   0.344505    16.9349    -1.7027     -1.140     0.1972    -1.0604 -9.990e-29
 254.565295     -1.128   0.344483    16.9356    -1.7025     -1.119     0.1972    -1.0605 -9.990e-29
 254.565301     -1.104   0.344451    16.9373    -1.7025     -1.095     0.1972    -1.0608 -9.990e-29
 254.565307     -1.087   0.344367    16.9379    -1.7026     -1.078     0.1971    -1.0610 -9.990e-29
 254.565313     -1.074   0.344120    16.9363    -1.7026     -1.065     0.1970    -1.0608 -9.990e-29
 254.565318     -1.062   0.343933    16.9325    -1.7026     -1.053     0.1969    -1.0602 -9.990e-29
 254.565324     -1.053   0.344112    16.9284    -1.7026     -1.044     0.1970    -1.0594 -9.990e-29
 254.565330     -1.046   0.344344    16.9262    -1.7026     -1.037     0.1972    -1.0589 -9.990e-29
 254.565336     -1.037   0.344385    16.9261    -1.7025     -1.028     0.1972    -1.0589 -9.990e-29
 254.565341     -1.031   0.344290    16.9271    -1.7023     -1.022     0.1971    -1.0591 -9.990e-29
 254.565347     -1.030   0.343933    16.9283    -1.7022     -1.021     0.1969    -1.0595 -9.990e-29
 254.565353     -1.030   0.343390    16.9289    -1.7021     -1.021     0.1966    -1.0598 -9.990e-29
 254.565359     -1.023   0.343047    16.9286    -1.7021     -1.014     0.1964    -1.0599 -9.990e-29
 254.565365     -1.008   0.343002    16.9285    -1.7022     -1.000     0.1964    -1.0599 -9.990e-29
 254.565370     -0.993   0.343193    16.9291    -1.7022     -0.985     0.1965    -1.0599 -9.990e-29
 254.565376     -0.982   0.343324    16.9300    -1.7021     -0.974     0.1965    -1.0600 -9.990e-29
 254.565382     -0.973   0.343016    16.9315    -1.7021     -0.965     0.1964    -1.0604 -9.990e-29
 254.565388     -0.966   0.342412    16.9345    -1.7021     -0.958     0.1960    -1.0612 -9.990e-29
 254.565394     -0.960   0.341815    16.9388    -1.7023     -0.952     0.1956    -1.0623 -9.990e-29
 254.565399     -0.955   0.341537    16.9429    -1.7024     -0.947     0.1954    -1.0631 -9.990e-29
 254.565405     -0.952   0.341759    16.9455    -1.7025     -0.944     0.1956    -1.0635 -9.990e-29
 254.565411     -0.949   0.342227    16.9466    -1.7025     -0.941     0.1958    -1.0635 -9.990e-29
 254.565417     -0.946   0.342458    16.9469    -1.7025     -0.938     0.1960    -1.0634 -9.990e-29
 254.565422     -0.944   0.342207    16.9471    -1.7024     -0.936     0.1958    -1.0636 -9.990e-29
 254.565428     -0.941   0.341691    16.9472    -1.7024     -0.933     0.1955    -1.0638 -9.990e-29
 254.565434     -0.939   0.341331    16.9467    -1.7026     -0.931     0.1953    -1.0639 -9.990e-29
 254.565440     -0.937   0.341204    16.9447    -1.7027     -0.929     0.1952    -1.0636 -9.990e-29
 254.565446     -0.934   0.341140    16.9413    -1.7026     -0.926     0.1952    -1.0630 -9.990e-29
