data/oxygen options/ONMS/Olympic_Coast_National_Marine_Sanctuary_Hypoxia_Survey_CTD_Data_2004_2015/raw_data/2013/CAST_CE030_130828faedb.cnv
* Sea-Bird SBE19 Data File:
* FileName = C:\2013 Mooring Data\2nd Service\Casts\CAST_CE030_130828.hex
* Software Version 1.59
* Temperature SN = 2997
* Conductivity SN = 2997
* System UpLoad Time = Aug 28 2013 15:48:32
** CAST_CE030_130828
* ds
# nquan = 9
# nvalues = 29                          
# units = specified
# name 0 = timeJ: Julian Days
# name 1 = prSM: Pressure, Strain Gauge [db]
# name 2 = c0mS/cm: Conductivity [mS/cm]
# name 3 = t090C: Temperature [ITS-90, deg C]
# name 4 = sbeox0ML/L: Oxygen, SBE 43 [ml/l]
# name 5 = depSM: Depth [salt water, m], lat = 47.5
# name 6 = sal00: Salinity, Practical [PSU]
# name 7 = sigma-é00: Density [sigma-theta, kg/m^3]
# name 8 = flag: flag
# span 0 = 240.540864, 240.541273       
# span 1 =      2.000,     30.000       
# span 2 =  36.539503,  38.520349       
# span 3 =    10.7624,    14.3843       
# span 4 =     3.6074,     5.8444       
# span 5 =      1.983,     29.747       
# span 6 =    31.4792,    32.7203       
# span 7 =    23.4183,    25.0430       
# span 8 = 0.0000e+00, 0.0000e+00       
# interval = decibars: 1                
# start_time = Aug 28 2013 12:52:36 [Instrument's time stamp, header]
# bad_flag = -9.990e-29
*END*
 240.540864      2.000  38.520349    14.3843     5.8241      1.983    31.5173    23.4183 0.0000e+00
 240.540888      3.000  38.171900    14.0401     5.8389      2.975    31.4792    23.4598 0.0000e+00
 240.540904      4.000  38.136946    13.9776     5.8444      3.966    31.4977    23.4868 0.0000e+00
 240.540918      5.000  38.131620    13.9555     5.7828      4.958    31.5106    23.5013 0.0000e+00
 240.540931      6.000  38.147205    13.9549     5.6781      5.950    31.5250    23.5126 0.0000e+00
 240.540944      7.000  38.152399    13.9336     5.6237      6.942    31.5469    23.5338 0.0000e+00
 240.540956      8.000  38.105918    13.8383     5.5872      7.933    31.5820    23.5802 0.0000e+00
 240.540968      9.000  38.015931    13.7400     5.5779      8.925    31.5795    23.5982 0.0000e+00
 240.540980     10.000  37.954063    13.6776     5.6056      9.917    31.5732    23.6060 0.0000e+00
 240.540992     11.000  37.909242    13.6380     5.5845     10.908    31.5640    23.6068 0.0000e+00
 240.541004     12.000  37.888158    13.6234     5.4632     11.899    31.5561    23.6036 0.0000e+00
 240.541016     13.000  37.873132    13.6033     5.2806     12.891    31.5584    23.6095 0.0000e+00
 240.541028     14.000  37.842051    13.5002     5.2362     13.883    31.6143    23.6733 0.0000e+00
 240.541041     15.000  37.743078    13.2706     5.1769     14.874    31.7123    23.7946 0.0000e+00
 240.541051     16.000  37.630958    13.0985     5.0683     15.866    31.7507    23.8581 0.0000e+00
 240.541064     17.000  37.582231    12.9692     5.1099     16.858    31.8128    23.9313 0.0000e+00
 240.541075     18.000  37.536559    12.8281     5.0804     17.849    31.8881    24.0171 0.0000e+00
 240.541088     19.000  37.512959    12.8205     4.9313     18.840    31.8718    24.0059 0.0000e+00
 240.541102     20.000  37.509033    12.7651     4.8354     19.832    31.9145    24.0497 0.0000e+00
 240.541115     21.000  37.429010    12.5498     4.8576     20.824    32.0207    24.1733 0.0000e+00
 240.541128     22.000  37.319643    12.3563     4.8931     21.815    32.0810    24.2567 0.0000e+00
 240.541141     23.000  37.321762    12.3237     4.9209     22.807    32.1106    24.2859 0.0000e+00
 240.541156     24.000  37.377545    12.3518     4.8174     23.798    32.1395    24.3030 0.0000e+00
 240.541171     25.000  37.417731    12.3616     4.3261     24.790    32.1691    24.3241 0.0000e+00
 240.541185     26.000  37.423476    12.2965     3.7463     25.781    32.2301    24.3837 0.0000e+00
 240.541199     27.000  37.232304    11.8031     3.6181     26.773    32.4732    24.6642 0.0000e+00
 240.541212     28.000  36.804075    11.0966     3.6074     27.765    32.6758    24.9495 0.0000e+00
 240.541227     29.000  36.549030    10.7624     3.7396     28.756    32.7203    25.0430 0.0000e+00
 240.541273     30.000  36.539503    10.7675     3.8279     29.747    32.7059    25.0309 0.0000e+00
