data/oxygen options/ONMS/Olympic_Coast_National_Marine_Sanctuary_Hypoxia_Survey_CTD_Data_2004_2015/raw_data/2013/CAST_CE030_130828faed.cnv
* Sea-Bird SBE19 Data File:
* FileName = C:\2013 Mooring Data\2nd Service\Casts\CAST_CE030_130828.hex
* Software Version 1.59
* Temperature SN = 2997
* Conductivity SN = 2997
* System UpLoad Time = Aug 28 2013 15:48:32
** CAST_CE030_130828
* ds
# nquan = 9                                 
# nvalues = 966                         
# units = specified
# name 0 = timeJ: Julian Days
# name 1 = prSM: Pressure, Strain Gauge [db]
# name 2 = c0mS/cm: Conductivity [mS/cm]
# name 3 = t090C: Temperature [ITS-90, deg C]
# name 4 = sbeox0ML/L: Oxygen, SBE 43 [ml/l]
# name 5 = depSM: Depth [salt water, m], lat = 47.5
# name 6 = sal00: Salinity, Practical [PSU]
# name 7 = sigma-é00: Density [sigma-theta, kg/m^3]
# name 8 = flag: flag
# span 0 = 240.536528, 240.542112       
# span 1 =     -5.482,     30.631       
# span 2 =   0.289331,  38.995625       
# span 3 =    10.7092,    16.6026       
# span 4 =    -1.7169,    10.9569       
# span 5 =     -5.436,     30.373       
# span 6 =     0.1670,    32.7281       
# span 7 =    -1.0232,    25.0550       
# span 8 = 0.0000e+00, 0.0000e+00       
# interval = seconds: 0.5
# start_time = Aug 28 2013 12:52:36 [Instrument's time stamp, header]
# bad_flag = -9.990e-29
*END*
[from data line 801]
 240.541163     24.495  37.404958    12.3660     4.6651     24.289    32.1534    24.3110 0.0000e+00
 240.541169     24.888  37.416873    12.3665     4.4160     24.679    32.1642    24.3193 0.0000e+00
 240.541175     25.291  37.425288    12.3579     4.1401     25.078    32.1794    24.3328 0.0000e+00
 240.541181     25.701  37.427897    12.3337     3.8857     25.485    32.2025    24.3553 0.0000e+00
 240.541186     26.114  37.418569    12.2727     3.7150     25.894    32.2459    24.4004 0.0000e+00
 240.541192     26.530  37.380862    12.1172     3.6663     26.307    32.3437    24.5055 0.0000e+00
 240.541198     26.949  37.266098    11.8420     3.6113     26.722    32.4718    24.6561 0.0000e+00
 240.541204     27.373  37.075816    11.5178     3.6015     27.143    32.5705    24.7921 0.0000e+00
 240.541209     27.799  36.883411    11.2127     3.5992     27.565    32.6510    24.9096 0.0000e+00
 240.541215     28.220  36.716830    10.9672     3.6152     27.983    32.7045    24.9948 0.0000e+00
 240.541221     28.628  36.594736    10.8165     3.6638     28.387    32.7176    25.0315 0.0000e+00
 240.541227     29.015  36.535722    10.7471     3.7316     28.771    32.7208    25.0460 0.0000e+00
 240.541233     29.371  36.513083    10.7191     3.8254     29.124    32.7232    25.0527 0.0000e+00
 240.541238     29.688  36.502693    10.7092     3.9465     29.438    32.7215    25.0532 0.0000e+00
 240.541244     29.962  36.499576    10.7149     3.9826     29.710    32.7132    25.0457 0.0000e+00
 240.541250     30.189  36.505657    10.7456     3.9372     29.935    32.6917    25.0237 0.0000e+00
 240.541256     30.365  36.524479    10.8135     3.8401     30.109    32.6497    24.9791 -9.990e-29
 240.541262     30.489  36.564254    10.9021     3.7499     30.232    32.6102    24.9329 -9.990e-29
 240.541267     30.569  36.615189    10.9643     3.7680     30.312    32.6054    24.9182 -9.990e-29
 240.541273     30.614  36.647090    10.9796     3.7633     30.356    32.6234    24.9295 -9.990e-29
 240.541279     30.631  36.653690    10.9578     3.7544     30.373    32.6493    24.9535 -9.990e-29
 240.541285     30.630  36.639801    10.9171     3.7337     30.372    32.6718    24.9782 -9.990e-29
 240.541291     30.612  36.614282    10.8832     3.7157     30.354    32.6767    24.9879 -9.990e-29
 240.541296     30.565  36.601290    10.8678     3.6924     30.308    32.6775    24.9913 -9.990e-29
 240.541302     30.483  36.603582    10.8627     3.6967     30.226    32.6844    24.9975 -9.990e-29
 240.541308     30.362  36.605082    10.8568     3.6664     30.106    32.6912    25.0039 -9.990e-29
 240.541314     30.200  36.599866    10.8446     3.6385     29.946    32.6970    25.0105 0.0000e+00
 240.541319     30.011  36.589306    10.8235     3.6389     29.758    32.7054    25.0207 0.0000e+00
 240.541325     29.798  36.573812    10.7947     3.6387     29.547    32.7158    25.0339 0.0000e+00
 240.541331     29.562  36.555056    10.7645     3.6679     29.313    32.7243    25.0457 0.0000e+00
 240.541337     29.312  36.535401    10.7384     3.7443     29.065    32.7281    25.0533 0.0000e+00
 240.541343     29.063  36.516572    10.7197     3.7605     28.818    32.7262    25.0550 0.0000e+00
 240.541348     28.816  36.504197    10.7133     3.8157     28.574    32.7197    25.0511 0.0000e+00
 240.541354     28.564  36.503544    10.7222     3.8721     28.324    32.7112    25.0429 0.0000e+00
 240.541360     28.304  36.511423    10.7475     3.9681     28.066    32.6965    25.0271 0.0000e+00
 240.541366     28.037  36.525934    10.7916     4.0925     27.801    32.6717    25.0000 0.0000e+00
 240.541372     27.758  36.551220    10.8498     4.1707     27.524    32.6450    24.9691 0.0000e+00
 240.541377     27.466  36.586187    10.9193     4.2270     27.235    32.6180    24.9358 0.0000e+00
 240.541383     27.178  36.629764    11.0164     4.2763     26.949    32.5750    24.8853 0.0000e+00
 240.541389     26.906  36.694609    11.1430     4.3884     26.680    32.5270    24.8256 0.0000e+00
 240.541395     26.644  36.780271    11.2585     4.5206     26.420    32.5095    24.7914 0.0000e+00
 240.541400     26.384  36.844583    11.3425     4.6483     26.162    32.4988    24.7679 0.0000e+00
 240.541406     26.115  36.876312    11.4230     4.7463     25.895    32.4592    24.7227 0.0000e+00
 240.541412     25.827  36.923871    11.5181     4.7957     25.610    32.4224    24.6769 0.0000e+00
 240.541418     25.528  37.004533    11.6360     4.8314     25.313    32.3981    24.6366 0.0000e+00
 240.541424     25.234  37.093707    11.7739     4.8420     25.022    32.3647    24.5854 0.0000e+00
 240.541429     24.951  37.161679    11.9157     4.8711     24.741    32.3074    24.5148 0.0000e+00
 240.541435     24.675  37.209997    12.0506     4.8629     24.468    32.2374    24.4354 0.0000e+00
 240.541441     24.404  37.263752    12.1569     4.8152     24.199    32.1976    24.3847 0.0000e+00
 240.541447     24.143  37.310132    12.2239     4.7800     23.940    32.1846    24.3620 0.0000e+00
 240.541453     23.893  37.328736    12.2583     4.7273     23.692    32.1730    24.3466 0.0000e+00
 240.541458     23.655  37.325438    12.2687     4.7050     23.456    32.1610    24.3353 0.0000e+00
 240.541464     23.422  37.315001    12.2668     4.7005     23.225    32.1527    24.3292 0.0000e+00
 240.541470     23.187  37.305469    12.2615     4.7556     22.992    32.1482    24.3267 0.0000e+00
 240.541476     22.959  37.293759    12.2572     4.8410     22.766    32.1408    24.3218 0.0000e+00
 240.541481     22.738  37.273882    12.2524     4.9032     22.547    32.1259    24.3112 0.0000e+00
 240.541487     22.515  37.241287    12.2446     4.9059     22.326    32.1015    24.2936 0.0000e+00
 240.541493     22.281  37.206964    12.2385     4.9200     22.094    32.0739    24.2734 0.0000e+00
 240.541499     22.033  37.192485    12.2418     4.9512     21.848    32.0573    24.2599 0.0000e+00
 240.541505     21.768  37.196015    12.2598     5.0095     21.585    32.0453    24.2472 0.0000e+00
 240.541510     21.483  37.204991    12.2936     5.0589     21.303    32.0252    24.2252 0.0000e+00
 240.541516     21.185  37.221954    12.3400     5.0915     21.007    32.0019    24.1984 0.0000e+00
 240.541522     20.890  37.252257    12.4002     5.1243     20.715    31.9796    24.1698 0.0000e+00
 240.541528     20.612  37.303914    12.4796     5.1354     20.439    31.9615    24.1407 0.0000e+00
 240.541534     20.360  37.373071    12.5610     5.1267     20.189    31.9582    24.1227 0.0000e+00
 240.541539     20.126  37.425975    12.6191     5.1285     19.957    31.9593    24.1124 0.0000e+00
 240.541545     19.896  37.444752    12.6646     5.1696     19.729    31.9387    24.0877 0.0000e+00
 240.541551     19.658  37.452313    12.7141     5.1931     19.493    31.9040    24.0514 0.0000e+00
 240.541557     19.408  37.465013    12.7557     5.2408     19.245    31.8810    24.0255 0.0000e+00
 240.541563     19.141  37.478598    12.7825     5.3690     18.980    31.8713    24.0129 0.0000e+00
 240.541568     18.862  37.490561    12.8045     5.3859     18.704    31.8642    24.0031 0.0000e+00
 240.541574     18.578  37.500151    12.8309     5.3513     18.422    31.8511    23.9879 0.0000e+00
 240.541580     18.294  37.507933    12.8684     5.3443     18.141    31.8270    23.9620 0.0000e+00
 240.541586     18.009  37.520468    12.9178     5.3212     17.858    31.7974    23.9295 0.0000e+00
 240.541591     17.725  37.541125    12.9685     5.3595     17.576    31.7744    23.9018 0.0000e+00
 240.541597     17.446  37.558894    13.0128     5.3872     17.300    31.7541    23.8775 0.0000e+00
 240.541603     17.171  37.568441    13.0572     5.4229     17.027    31.7260    23.8471 0.0000e+00
 240.541609     16.901  37.580926    13.1046     5.4405     16.759    31.6982    23.8163 0.0000e+00
 240.541615     16.638  37.603576    13.1492     5.4626     16.498    31.6823    23.7953 0.0000e+00
 240.541620     16.389  37.629160    13.1835     5.4859     16.252    31.6778    23.7851 0.0000e+00
 240.541626     16.141  37.642594    13.2072     5.5350     16.006    31.6707    23.7750 0.0000e+00
 240.541632     15.874  37.646769    13.2306     5.5662     15.741    31.6553    23.7584 0.0000e+00
 240.541638     15.585  37.656323    13.2596     5.5891     15.454    31.6402    23.7410 0.0000e+00
 240.541644     15.284  37.675695    13.2957     5.5646     15.156    31.6284    23.7248 0.0000e+00
 240.541649     14.988  37.707285    13.3390     5.5534     14.862    31.6221    23.7113 0.0000e+00
 240.541655     14.702  37.741773    13.3808     5.5264     14.579    31.6197    23.7012 0.0000e+00
 240.541661     14.422  37.760814    13.4191     5.5381     14.301    31.6057    23.6828 0.0000e+00
 240.541667     14.142  37.768616    13.4588     5.5616     14.023    31.5802    23.6552 0.0000e+00
 240.541672     13.866  37.781852    13.4961     5.5807     13.750    31.5618    23.6335 0.0000e+00
 240.541678     13.603  37.802030    13.5264     5.5930     13.489    31.5556    23.6227 0.0000e+00
 240.541684     13.352  37.820864    13.5467     5.5913     13.240    31.5565    23.6193 0.0000e+00
 240.541690     13.102  37.832195    13.5577     5.5915     12.992    31.5580    23.6183 0.0000e+00
 240.541696     12.837  37.835551    13.5673     5.6142     12.729    31.5533    23.6127 0.0000e+00
 240.541701     12.550  37.837192    13.5786     5.6442     12.445    31.5456    23.6045 0.0000e+00
 240.541707     12.246  37.841090    13.5886     5.6492     12.143    31.5411    23.5990 0.0000e+00
 240.541713     11.942  37.846382    13.5964     5.6512     11.842    31.5397    23.5964 0.0000e+00
 240.541719     11.647  37.852945    13.6019     5.6415     11.549    31.5413    23.5965 0.0000e+00
 240.541725     11.361  37.858429    13.6058     5.6399     11.266    31.5433    23.5973 0.0000e+00
 240.541730     11.074  37.861287    13.6113     5.6413     10.981    31.5415    23.5948 0.0000e+00
 240.541736     10.784  37.865432    13.6196     5.6420     10.694    31.5387    23.5909 0.0000e+00
 240.541742     10.498  37.873692    13.6293     5.6698     10.410    31.5384    23.5888 0.0000e+00
 240.541748     10.221  37.885977    13.6408     5.6623     10.135    31.5404    23.5880 0.0000e+00
 240.541753      9.951  37.901403    13.6531     5.7176      9.868    31.5447    23.5888 0.0000e+00
 240.541759      9.689  37.914305    13.6615     5.7638      9.608    31.5498    23.5911 0.0000e+00
 240.541765      9.430  37.920141    13.6670     5.7962      9.351    31.5508    23.5907 0.0000e+00
 240.541771      9.171  37.923434    13.6763     5.8145      9.094    31.5463    23.5854 0.0000e+00
 240.541777      8.912  37.929798    13.6920     5.8198      8.837    31.5393    23.5769 0.0000e+00
 240.541782      8.647  37.939978    13.7186     5.8281      8.575    31.5270    23.5619 0.0000e+00
 240.541788      8.366  37.959246    13.7638     5.8532      8.296    31.5077    23.5380 0.0000e+00
 240.541794      8.073  37.994345    13.8172     5.8677      8.005    31.4964    23.5184 0.0000e+00
 240.541800      7.775  38.037271    13.8612     5.8619      7.710    31.5000    23.5123 0.0000e+00
 240.541806      7.483  38.077571    13.8945     5.8426      7.420    31.5099    23.5132 0.0000e+00
 240.541811      7.204  38.110260    13.9180     5.8263      7.144    31.5208    23.5169 0.0000e+00
 240.541817      6.929  38.126925    13.9295     5.8335      6.871    31.5268    23.5192 0.0000e+00
 240.541823      6.650  38.128603    13.9335     5.8454      6.594    31.5252    23.5171 0.0000e+00
 240.541829      6.369  38.126601    13.9367     5.8641      6.316    31.5209    23.5131 0.0000e+00
 240.541834      6.091  38.126200    13.9402     5.8684      6.040    31.5177    23.5099 0.0000e+00
 240.541840      5.819  38.125850    13.9421     5.8819      5.770    31.5159    23.5082 0.0000e+00
 240.541846      5.562  38.124068    13.9423     5.8942      5.516    31.5142    23.5068 0.0000e+00
 240.541852      5.319  38.121385    13.9415     5.8954      5.275    31.5125    23.5056 0.0000e+00
 240.541858      5.085  38.117689    13.9401     5.9009      5.042    31.5104    23.5042 0.0000e+00
 240.541863      4.853  38.113195    13.9390     5.8950      4.812    31.5072    23.5020 0.0000e+00
 240.541869      4.617  38.109298    13.9388     5.8982      4.578    31.5039    23.4995 0.0000e+00
 240.541875      4.379  38.105947    13.9401     5.9005      4.342    31.4998    23.4961 0.0000e+00
 240.541881      4.154  38.103822    13.9437     5.9032      4.119    31.4950    23.4916 0.0000e+00
 240.541887      3.953  38.104114    13.9499     5.9092      3.920    31.4903    23.4867 0.0000e+00
 240.541892      3.777  38.107317    13.9585     5.9171      3.745    31.4862    23.4818 0.0000e+00
 240.541898      3.622  38.113884    13.9682     5.9312      3.592    31.4844    23.4784 0.0000e+00
 240.541904      3.483  38.120348    13.9761     5.9351      3.454    31.4839    23.4765 0.0000e+00
 240.541910      3.352  38.123665    13.9837     5.9231      3.324    31.4808    23.4725 0.0000e+00
 240.541916      3.223  38.130603    13.9989     5.9164      3.196    31.4748    23.4648 -9.990e-29
 240.541921      3.099  38.149956    14.0209     5.9504      3.073    31.4746    23.4601 -9.990e-29
 240.541927      2.978  38.169529    14.0361     6.0277      2.953    31.4802    23.4614 -9.990e-29
 240.541933      2.863  38.172381    14.0398     6.0724      2.839    31.4799    23.4603 -9.990e-29
 240.541939      2.750  38.170267    14.0411     6.0657      2.727    31.4769    23.4578 -9.990e-29
 240.541944      2.632  38.179525    14.0459     6.0561      2.610    31.4815    23.4603 -9.990e-29
 240.541950      2.505  38.194673    14.0558     6.0877      2.484    31.4874    23.4628 0.0000e+00
 240.541956      2.371  38.205753    14.0770     6.1243      2.351    31.4803    23.4530 0.0000e+00
 240.541962      2.229  38.221477    14.1212     6.1788      2.210    31.4586    23.4273 0.0000e+00
 240.541968      2.083  38.267958    14.1942     6.2492      2.066    31.4417    23.3992 0.0000e+00
 240.541973      1.941  38.355727    14.2903     6.2223      1.925    31.4437    23.3810 0.0000e+00
 240.541979      1.806  38.448957    14.3873     6.4538      1.791    31.4499    23.3657 0.0000e+00
 240.541985      1.676  38.507337    14.4565     6.1789      1.662    31.4469    23.3489 0.0000e+00
 240.541991      1.540  38.533187    14.5027     6.1598      1.527    31.4330    23.3286 0.0000e+00
 240.541997      1.395  38.553812    14.5566     6.0915      1.383    31.4081    23.2982 0.0000e+00
 240.542002      1.245  38.593466    14.6223     5.9920      1.235    31.3910    23.2712 0.0000e+00
 240.542008      1.100  38.649655    14.6798     5.9220      1.091    31.3954    23.2626 0.0000e+00
 240.542014      0.975  38.693750    14.7200     6.7621      0.967    31.4029    23.2599 -9.990e-29
 240.542020      0.868  38.688849    14.7420     7.0095      0.861    31.3808    23.2382 -9.990e-29
 240.542025      0.769  38.577539    14.7489     7.2104      0.763    31.2748    23.1551 -9.990e-29
 240.542031      0.668  38.206474    14.7471     7.2608      0.662    30.9416    22.8989 -9.990e-29
 240.542037      0.566  37.098379    14.7463     7.3239      0.561    29.9461    22.1325 -9.990e-29
 240.542043      0.475  36.245493    14.7566     7.4114      0.471    29.1747    21.5367 -9.990e-29
 240.542049      0.401  36.976407    14.7758     7.4169      0.398    29.8142    22.0248 -9.990e-29
 240.542054      0.344  37.825320    14.7977     7.4027      0.341    30.5589    22.5935 -9.990e-29
 240.542060      0.300  37.486567    14.8236 -9.990e-29      0.297    30.2346    22.3385 -9.990e-29
 240.542066      0.266  35.527637    14.8542 -9.990e-29      0.264    28.4630    20.9690 -9.990e-29
 240.542072      0.241  29.358585    14.8864 -9.990e-29      0.239    23.0343    16.7920 -9.990e-29
 240.542078      0.222  19.359787    14.9166 -9.990e-29      0.220    14.5867    10.3106 -9.990e-29
