data/oxygen options/ONMS/Olympic_Coast_National_Marine_Sanctuary_Hypoxia_Survey_CTD_Data_2004_2015/raw_data/2013/CAST_CE065_130828faed.cnv
* Sea-Bird SBE19 Data File:
* FileName = C:\2013 Mooring Data\2nd Service\Casts\CAST_CE065_130828.hex
* Software Version 1.59
* Temperature SN = 2997
* Conductivity SN = 2997
* System UpLoad Time = Aug 28 2013 15:52:31
** CAST_CE065_130828
* ds
# nquan = 9                                 
# nvalues = 1097                        
# units = specified
# name 0 = timeJ: Julian Days
# name 1 = prSM: Pressure, Strain Gauge [db]
# name 2 = c0mS/cm: Conductivity [mS/cm]
# name 3 = t090C: Temperature [ITS-90, deg C]
# name 4 = sbeox0ML/L: Oxygen, SBE 43 [ml/l]
# name 5 = depSM: Depth [salt water, m], lat = 47.5
# name 6 = sal00: Salinity, Practical [PSU]
# name 7 = sigma-é00: Density [sigma-theta, kg/m^3]
# name 8 = flag: flag
# span 0 = 240.645185, 240.651528       
# span 1 =     -5.648,     66.725       
# span 2 =   0.236231,  39.671624       
# span 3 =     7.1236,    18.1970       
# span 4 =    -1.6859,    10.5720       
# span 5 =     -5.601,     66.157       
# span 6 =     0.1312,    33.8604       
# span 7 =    -1.3385,    26.5037       
# span 8 = 0.0000e+00, 0.0000e+00       
# interval = seconds: 0.5
# start_time = Aug 28 2013 15:29:04 [Instrument's time stamp, header]
# bad_flag = -9.990e-29
*END*
[from data line 801]
 240.649821     35.314  34.318064     7.2481     1.9962     35.016    33.6756    26.3418 0.0000e+00
 240.649826     35.720  34.322176     7.2546     1.9231     35.419    33.6735    26.3393 0.0000e+00
 240.649832     36.132  34.327702     7.2554     1.8915     35.827    33.6786    26.3432 0.0000e+00
 240.649838     36.562  34.326190     7.2447     1.8935     36.254    33.6871    26.3514 0.0000e+00
 240.649844     37.018  34.320533     7.2301     1.8784     36.706    33.6950    26.3596 0.0000e+00
 240.649850     37.498  34.318731     7.2195     1.8227     37.182    33.7031    26.3675 0.0000e+00
 240.649855     37.993  34.320483     7.2136     1.7889     37.672    33.7106    26.3742 0.0000e+00
 240.649861     38.494  34.322944     7.2102     1.7550     38.169    33.7163    26.3792 0.0000e+00
 240.649867     38.988  34.325334     7.2084     1.7414     38.659    33.7205    26.3827 0.0000e+00
 240.649873     39.469  34.327898     7.2077     1.7345     39.136    33.7237    26.3853 0.0000e+00
 240.649878     39.932  34.331116     7.2088     1.7191     39.595    33.7259    26.3869 0.0000e+00
 240.649884     40.378  34.334659     7.2126     1.7067     40.037    33.7259    26.3864 0.0000e+00
 240.649890     40.809  34.338073     7.2172     1.6714     40.464    33.7249    26.3850 0.0000e+00
 240.649896     41.227  34.341291     7.2178     1.6371     40.879    33.7276    26.3870 0.0000e+00
 240.649902     41.637  34.343428     7.2123     1.6015     41.285    33.7351    26.3937 0.0000e+00
 240.649907     42.048  34.343836     7.2037     1.5640     41.693    33.7438    26.4017 0.0000e+00
 240.649913     42.464  34.344045     7.1953     1.5320     42.105    33.7520    26.4094 0.0000e+00
 240.649919     42.886  34.346433     7.1886     1.5036     42.524    33.7609    26.4173 0.0000e+00
 240.649925     43.321  34.351806     7.1853     1.4711     42.955    33.7698    26.4248 0.0000e+00
 240.649931     43.773  34.359346     7.1849     1.3471     43.403    33.7782    26.4315 0.0000e+00
 240.649936     44.242  34.367208     7.1852     1.2159     43.868    33.7863    26.4378 0.0000e+00
 240.649942     44.719  34.373973     7.1856     1.1063     44.341    33.7931    26.4431 0.0000e+00
 240.649948     45.192  34.381801     7.1870     1.0358     44.810    33.8000    26.4483 0.0000e+00
 240.649954     45.656  34.394272     7.1872     0.9969     45.270    33.8132    26.4587 0.0000e+00
 240.649959     46.115  34.407710     7.1823     0.9670     45.725    33.8325    26.4745 0.0000e+00
 240.649965     46.569  34.414133     7.1745     0.9301     46.175    33.8469    26.4870 0.0000e+00
 240.649971     47.012  34.413565     7.1693     0.8892     46.614    33.8512    26.4911 0.0000e+00
 240.649977     47.438  34.411830     7.1686     0.8469     47.037    33.8497    26.4901 0.0000e+00
 240.649983     47.843  34.411516     7.1703     0.8162     47.438    33.8475    26.4881 0.0000e+00
 240.649988     48.238  34.410944     7.1694     0.8295     47.830    33.8476    26.4883 0.0000e+00
 240.649994     48.638  34.408094     7.1628     0.8311     48.226    33.8508    26.4917 0.0000e+00
 240.650000     49.055  34.401270     7.1524     0.8178     48.640    33.8533    26.4951 0.0000e+00
 240.650006     49.495  34.391881     7.1432     0.7933     49.076    33.8519    26.4953 0.0000e+00
 240.650012     49.956  34.385190     7.1378     0.7644     49.533    33.8496    26.4943 0.0000e+00
 240.650017     50.433  34.382218     7.1354     0.7599     50.006    33.8485    26.4937 0.0000e+00
 240.650023     50.922  34.380544     7.1338     0.7861     50.491    33.8480    26.4935 0.0000e+00
 240.650029     51.416  34.378917     7.1318     0.7938     50.981    33.8479    26.4938 0.0000e+00
 240.650035     51.898  34.377270     7.1301     0.7917     51.458    33.8476    26.4937 0.0000e+00
 240.650041     52.353  34.376625     7.1294     0.7787     51.909    33.8473    26.4936 0.0000e+00
 240.650046     52.775  34.377103     7.1303     0.7588     52.328    33.8468    26.4931 0.0000e+00
 240.650052     53.169  34.378084     7.1321     0.7604     52.718    33.8459    26.4921 0.0000e+00
 240.650058     53.544  34.379618     7.1327     0.7582     53.090    33.8468    26.4928 0.0000e+00
 240.650064     53.906  34.380811     7.1324     0.7546     53.449    33.8482    26.4939 0.0000e+00
 240.650069     54.266  34.380319     7.1317     0.7482     53.806    33.8482    26.4940 0.0000e+00
 240.650075     54.637  34.378678     7.1296     0.7510     54.174    33.8483    26.4944 0.0000e+00
 240.650081     55.026  34.376993     7.1264     0.7193     54.559    33.8494    26.4957 0.0000e+00
 240.650087     55.428  34.375961     7.1242     0.7126     54.958    33.8502    26.4967 0.0000e+00
 240.650093     55.838  34.375858     7.1236     0.7101     55.364    33.8505    26.4970 0.0000e+00
 240.650098     56.257  34.376163     7.1238     0.7103     55.780    33.8504    26.4969 0.0000e+00
 240.650104     56.681  34.376725     7.1241     0.7402     56.200    33.8505    26.4970 0.0000e+00
 240.650110     57.103  34.377737     7.1242     0.7605     56.619    33.8513    26.4976 0.0000e+00
 240.650116     57.521  34.378873     7.1245     0.7674     57.033    33.8521    26.4981 0.0000e+00
 240.650122     57.934  34.379968     7.1252     0.7675     57.442    33.8524    26.4983 0.0000e+00
 240.650127     58.340  34.381368     7.1262     0.7526     57.845    33.8527    26.4984 0.0000e+00
 240.650133     58.730  34.383262     7.1276     0.7391     58.232    33.8532    26.4986 0.0000e+00
 240.650139     59.098  34.385376     7.1294     0.7377     58.596    33.8536    26.4987 0.0000e+00
 240.650145     59.450  34.387173     7.1309     0.7392     58.945    33.8539    26.4987 0.0000e+00
 240.650150     59.802  34.388254     7.1316     0.7500     59.294    33.8542    26.4989 0.0000e+00
 240.650156     60.166  34.388385     7.1314     0.7475     59.655    33.8544    26.4990 0.0000e+00
 240.650162     60.553  34.388306     7.1309     0.7462     60.039    33.8546    26.4993 0.0000e+00
 240.650168     60.961  34.389034     7.1304     0.7448     60.443    33.8557    26.5002 0.0000e+00
 240.650174     61.379  34.389864     7.1302     0.7435     60.858    33.8566    26.5010 0.0000e+00
 240.650179     61.793  34.390226     7.1300     0.7463     61.268    33.8570    26.5013 0.0000e+00
 240.650185     62.206  34.390605     7.1297     0.7463     61.678    33.8575    26.5017 0.0000e+00
 240.650191     62.621  34.390950     7.1296     0.7463     62.089    33.8578    26.5020 0.0000e+00
 240.650197     63.039  34.391163     7.1293     0.7396     62.503    33.8581    26.5023 0.0000e+00
 240.650203     63.457  34.391534     7.1290     0.7382     62.918    33.8586    26.5027 0.0000e+00
 240.650208     63.867  34.391998     7.1290     0.7382     63.324    33.8589    26.5030 0.0000e+00
 240.650214     64.266  34.392618     7.1295     0.7396     63.720    33.8589    26.5029 0.0000e+00
 240.650220     64.648  34.393665     7.1303     0.7424     64.098    33.8591    26.5029 0.0000e+00
 240.650226     65.008  34.394858     7.1311     0.7424     64.455    33.8594    26.5031 0.0000e+00
 240.650231     65.344  34.396108     7.1317     0.7491     64.788    33.8600    26.5035 0.0000e+00
 240.650237     65.646  34.397406     7.1326     0.7505     65.088    33.8604    26.5037 0.0000e+00
 240.650243     65.904  34.398245     7.1338     0.7438     65.344    33.8600    26.5032 0.0000e+00
 240.650249     66.117  34.398629     7.1350     0.7410     65.555    33.8592    26.5024 0.0000e+00
 240.650255     66.291  34.399073     7.1359     0.7316     65.727    33.8587    26.5019 0.0000e+00
 240.650260     66.427  34.399612     7.1361     0.7316     65.862    33.8590    26.5021 -9.990e-29
 240.650266     66.530  34.399852     7.1357     0.7344     65.964    33.8596    26.5026 -9.990e-29
 240.650272     66.606  34.399557     7.1350     0.7357     66.039    33.8599    26.5030 -9.990e-29
 240.650278     66.661  34.398901     7.1341     0.7384     66.094    33.8601    26.5032 -9.990e-29
 240.650284     66.698  34.398133     7.1333     0.7384     66.131    33.8600    26.5033 -9.990e-29
 240.650289     66.719  34.397354     7.1325     0.7450     66.151    33.8599    26.5033 -9.990e-29
 240.650295     66.725  34.396653     7.1320     0.7397     66.157    33.8597    26.5032 -9.990e-29
 240.650301     66.718  34.396220     7.1321     0.7383     66.150    33.8591    26.5027 -9.990e-29
 240.650307     66.696  34.396043     7.1326     0.7302     66.129    33.8584    26.5021 -9.990e-29
 240.650313     66.658  34.395893     7.1333     0.7275     66.091    33.8576    26.5014 -9.990e-29
 240.650318     66.606  34.395575     7.1342     0.7236     66.039    33.8564    26.5003 -9.990e-29
 240.650324     66.540  34.395230     7.1352     0.7302     65.974    33.8550    26.4991 -9.990e-29
 240.650330     66.454  34.395525     7.1361     0.7343     65.889    33.8545    26.4986 -9.990e-29
 240.650336     66.340  34.396856     7.1372     0.7357     65.776    33.8550    26.4988 -9.990e-29
 240.650341     66.200  34.398766     7.1387     0.7371     65.637    33.8556    26.4991 0.0000e+00
 240.650347     66.034  34.400445     7.1399     0.7410     65.472    33.8564    26.4995 0.0000e+00
 240.650353     65.845  34.401336     7.1401     0.7356     65.285    33.8573    26.5002 0.0000e+00
 240.650359     65.637  34.400955     7.1393     0.7342     65.079    33.8577    26.5006 0.0000e+00
 240.650365     65.414  34.399360     7.1379     0.7195     64.858    33.8575    26.5006 0.0000e+00
 240.650370     65.180  34.397794     7.1365     0.7153     64.626    33.8572    26.5006 0.0000e+00
 240.650376     64.936  34.396973     7.1356     0.7181     64.384    33.8573    26.5008 0.0000e+00
 240.650382     64.683  34.396371     7.1355     0.7208     64.133    33.8569    26.5005 0.0000e+00
 240.650388     64.424  34.395751     7.1354     0.7263     63.876    33.8565    26.5002 0.0000e+00
 240.650394     64.159  34.395412     7.1348     0.7263     63.614    33.8568    26.5005 0.0000e+00
 240.650399     63.888  34.395469     7.1343     0.7262     63.345    33.8575    26.5011 0.0000e+00
 240.650405     63.606  34.395444     7.1341     0.7196     63.065    33.8578    26.5014 0.0000e+00
 240.650411     63.309  34.394752     7.1341     0.7182     62.771    33.8572    26.5009 0.0000e+00
 240.650417     63.004  34.393594     7.1338     0.7115     62.469    33.8564    26.5003 0.0000e+00
 240.650422     62.700  34.392677     7.1334     0.7115     62.167    33.8559    26.5000 0.0000e+00
 240.650428     62.405  34.391905     7.1333     0.7076     61.875    33.8553    26.4995 0.0000e+00
 240.650434     62.124  34.390814     7.1330     0.7075     61.596    33.8545    26.4990 0.0000e+00
 240.650440     61.859  34.389639     7.1326     0.7103     61.334    33.8538    26.4984 0.0000e+00
 240.650446     61.595  34.389059     7.1324     0.7183     61.072    33.8535    26.4982 0.0000e+00
 240.650451     61.320  34.389428     7.1325     0.7224     60.799    33.8539    26.4985 0.0000e+00
 240.650457     61.035  34.390124     7.1323     0.7224     60.517    33.8550    26.4994 0.0000e+00
 240.650463     60.747  34.390400     7.1320     0.7143     60.231    33.8557    26.5000 0.0000e+00
 240.650469     60.458  34.390070     7.1318     0.7036     59.945    33.8557    26.5000 0.0000e+00
 240.650475     60.167  34.389262     7.1315     0.6955     59.656    33.8553    26.4997 0.0000e+00
 240.650480     59.874  34.388586     7.1314     0.6955     59.366    33.8548    26.4993 0.0000e+00
 240.650486     59.577  34.388267     7.1315     0.6930     59.071    33.8545    26.4991 0.0000e+00
 240.650492     59.281  34.387884     7.1313     0.6957     58.778    33.8544    26.4990 0.0000e+00
 240.650498     59.000  34.386936     7.1308     0.6984     58.499    33.8540    26.4988 0.0000e+00
 240.650503     58.731  34.384727     7.1302     0.6998     58.233    33.8523    26.4975 0.0000e+00
 240.650509     58.471  34.382237     7.1299     0.7026     57.975    33.8500    26.4958 0.0000e+00
 240.650515     58.220  34.381195     7.1298     0.6959     57.726    33.8491    26.4950 0.0000e+00
 240.650521     57.976  34.380778     7.1294     0.6879     57.484    33.8491    26.4951 0.0000e+00
 240.650527     57.730  34.379875     7.1290     0.6798     57.240    33.8486    26.4948 0.0000e+00
 240.650532     57.485  34.378969     7.1287     0.6798     56.997    33.8481    26.4944 0.0000e+00
 240.650538     57.246  34.377980     7.1281     0.6772     56.760    33.8477    26.4942 0.0000e+00
 240.650544     57.007  34.376715     7.1275     0.6799     56.523    33.8470    26.4937 0.0000e+00
 240.650550     56.762  34.375733     7.1272     0.6826     56.281    33.8464    26.4932 0.0000e+00
 240.650556     56.511  34.375411     7.1270     0.6840     56.032    33.8463    26.4932 0.0000e+00
 240.650561     56.256  34.375329     7.1266     0.6867     55.779    33.8467    26.4936 0.0000e+00
 240.650567     55.997  34.374261     7.1258     0.6867     55.522    33.8465    26.4935 0.0000e+00
 240.650573     55.732  34.372471     7.1254     0.6933     55.259    33.8451    26.4925 0.0000e+00
 240.650579     55.457  34.371500     7.1256     0.7013     54.987    33.8439    26.4915 0.0000e+00
 240.650584     55.170  34.371178     7.1259     0.7026     54.702    33.8434    26.4911 0.0000e+00
 240.650590     54.875  34.370524     7.1262     0.7144     54.410    33.8426    26.4904 0.0000e+00
 240.650596     54.583  34.369792     7.1269     0.7197     54.120    33.8412    26.4892 0.0000e+00
 240.650602     54.307  34.369694     7.1279     0.7249     53.847    33.8403    26.4883 0.0000e+00
 240.650608     54.044  34.370106     7.1287     0.7367     53.586    33.8401    26.4880 0.0000e+00
 240.650613     53.783  34.370464     7.1291     0.7326     53.327    33.8402    26.4881 0.0000e+00
 240.650619     53.511  34.370693     7.1295     0.7351     53.058    33.8402    26.4880 0.0000e+00
 240.650625     53.220  34.371102     7.1300     0.7309     52.769    33.8403    26.4880 0.0000e+00
 240.650631     52.905  34.371684     7.1304     0.7320     52.457    33.8407    26.4883 0.0000e+00
 240.650637     52.566  34.372099     7.1310     0.7452     52.121    33.8407    26.4882 0.0000e+00
 240.650642     52.207  34.372349     7.1322     0.7518     51.765    33.8400    26.4875 0.0000e+00
 240.650648     51.836  34.372774     7.1334     0.7649     51.397    33.8394    26.4869 0.0000e+00
 240.650654     51.460  34.373388     7.1340     0.7753     51.024    33.8397    26.4870 0.0000e+00
 240.650660     51.079  34.373898     7.1343     0.7844     50.646    33.8402    26.4873 0.0000e+00
 240.650666     50.700  34.374432     7.1347     0.7881     50.271    33.8405    26.4875 0.0000e+00
 240.650671     50.329  34.375149     7.1354     0.7943     49.903    33.8408    26.4877 0.0000e+00
 240.650677     49.963  34.375892     7.1364     0.8020     49.540    33.8408    26.4875 0.0000e+00
 240.650683     49.597  34.376537     7.1378     0.8243     49.177    33.8403    26.4869 0.0000e+00
 240.650689     49.223  34.377390     7.1396     0.8708     48.806    33.8397    26.4862 0.0000e+00
 240.650694     48.841  34.379037     7.1418     0.9316     48.428    33.8395    26.4857 0.0000e+00
 240.650700     48.450  34.380880     7.1442     1.0124     48.040    33.8394    26.4853 0.0000e+00
 240.650706     48.053  34.382581     7.1470     1.0877     47.646    33.8387    26.4843 0.0000e+00
 240.650712     47.653  34.385296     7.1512     1.1653     47.250    33.8377    26.4830 0.0000e+00
 240.650718     47.259  34.389295     7.1573     1.2492     46.859    33.8363    26.4810 0.0000e+00
 240.650723     46.877  34.394316     7.1645     1.3214     46.480    33.8349    26.4789 0.0000e+00
 240.650729     46.504  34.399218     7.1708     1.0912     46.111    33.8343    26.4776 0.0000e+00
 240.650735     46.133  34.400464     7.1751     1.2018     45.743    33.8316    26.4749 0.0000e+00
