data/oxygen options/ONMS/Olympic_Coast_National_Marine_Sanctuary_Hypoxia_Survey_CTD_Data_2004_2015/raw_data/2013/CAST_CE100_11SEP13faed.cnv
* Sea-Bird SBE19 Data File:
* FileName = C:\Documents and Settings\OCNMS\Desktop\2013 Data\11SEP13 Casts\CE100_11SEP13.hex
* Software Version 1.59
* Temperature SN = 2997
* Conductivity SN = 2997
* System UpLoad Time = Sep 12 2013 14:20:45
** CE100
* ds
# nquan = 9                                 
# nvalues = 2079                        
# units = specified
# name 0 = timeJ: Julian Days
# name 1 = prSM: Pressure, Strain Gauge [db]
# name 2 = c0mS/cm: Conductivity [mS/cm]
# name 3 = t090C: Temperature [ITS-90, deg C]
# name 4 = sbeox0ML/L: Oxygen, SBE 43 [ml/l]
# name 5 = depSM: Depth [salt water, m], lat = 47.5
# name 6 = sal00: Salinity, Practical [PSU]
# name 7 = sigma-é00: Density [sigma-theta, kg/m^3]
# name 8 = flag: flag
# span 0 = 254.490312, 254.502338       
# span 1 =     -6.211,    102.877       
# span 2 =   0.126772,  41.579532       
# span 3 =     7.0872,    17.7010       
# span 4 =    -7.5766,    12.4326       
# span 5 =     -6.159,    101.993       
# span 6 =     0.0726,    33.9346       
# span 7 =    -1.2674,    26.5684       
# span 8 = 0.0000e+00, 0.0000e+00       
# interval = seconds: 0.5
# start_time = Sep 11 2013 11:46:03 [Instrument's time stamp, header]
# bad_flag = -9.990e-29
*END*
[from data line 961]
 254.495874      1.045  39.092976    17.5914     6.1711      1.036    29.5524    21.2015 -9.990e-29
 254.495880      1.034  39.091597    17.5907     6.1768      1.025    29.5518    21.2011 -9.990e-29
 254.495885      1.025  39.080685    17.5881     6.1498      1.016    29.5445    21.1962 -9.990e-29
 254.495891      1.021  39.059837    17.5848     6.1654      1.012    29.5294    21.1854 -9.990e-29
 254.495897      1.021  39.043011    17.5836     6.2277      1.012    29.5161    21.1755 -9.990e-29
 254.495903      1.027  39.033043    17.5847     6.2292      1.018    29.5069    21.1682 -9.990e-29
 254.495909      1.038  39.024138    17.5856     6.1617      1.029    29.4988    21.1618 -9.990e-29
 254.495914      1.051  39.017867    17.5859     6.0867      1.042    29.4933    21.1575 -9.990e-29
 254.495920      1.058  39.025079    17.5872     6.0892      1.049    29.4984    21.1611 -9.990e-29
 254.495926      1.059  39.051998    17.5901     6.1893      1.050    29.5189    21.1761 -9.990e-29
 254.495932      1.059  39.093596    17.5947     6.2307      1.050    29.5506    21.1992 -9.990e-29
 254.495938      1.057  39.161614    17.6031     6.2146      1.048    29.6017    21.2363 -9.990e-29
 254.495943      1.059  39.351754    17.6126     6.1712      1.050    29.7547    21.3511 -9.990e-29
 254.495949      1.064  39.557296    17.6141     6.1231      1.055    29.9266    21.4822 -9.990e-29
 254.495955      1.063  39.553695    17.6095     6.1203      1.054    29.9269    21.4836 -9.990e-29
 254.495961      1.057  39.482352    17.6081     6.1377      1.048    29.8679    21.4388 -9.990e-29
 254.495966      1.054  39.523176    17.6129     6.1398      1.045    29.8987    21.4612 -9.990e-29
 254.495972      1.058  39.636452    17.6191     6.1403      1.049    29.9896    21.5292 -9.990e-29
 254.495978      1.065  39.695328    17.6200     6.1393      1.056    30.0385    21.5664 -9.990e-29
 254.495984      1.067  39.639907    17.6156     6.1425      1.058    29.9951    21.5342 -9.990e-29
 254.495990      1.064  39.564326    17.6134     6.1597      1.055    29.9330    21.4873 -9.990e-29
 254.495995      1.064  39.567209    17.6176     6.1685      1.055    29.9324    21.4858 -9.990e-29
 254.496001      1.072  39.642285    17.6250     6.1723      1.063    29.9901    21.5283 -9.990e-29
 254.496007      1.084  39.723807    17.6290     6.2512      1.075    30.0558    21.5776 -9.990e-29
 254.496013      1.092  39.751259    17.6271     6.2686      1.083    30.0804    21.5968 -9.990e-29
 254.496019      1.092  39.694546    17.6226     6.2176      1.083    30.0359    21.5638 -9.990e-29
 254.496024      1.084  39.606311    17.6183     6.1124      1.075    29.9648    21.5104 -9.990e-29
 254.496030      1.073  39.501645    17.6127     6.1058      1.064    29.8808    21.4475 -9.990e-29
 254.496036      1.065  39.341235    17.6053     6.2336      1.056    29.7512    21.3501 -9.990e-29
 254.496042      1.065  39.189583    17.5988     6.2517      1.056    29.6283    21.2577 -9.990e-29
 254.496047      1.073  39.127905    17.5956     6.2273      1.064    29.5788    21.2206 -9.990e-29
 254.496053      1.085  39.143394    17.5951     6.2001      1.076    29.5921    21.2309 -9.990e-29
 254.496059      1.093  39.176005    17.5952     6.1648      1.084    29.6195    21.2518 -9.990e-29
 254.496065      1.093  39.176200    17.5952     6.1791      1.084    29.6197    21.2520 -9.990e-29
 254.496071      1.090  39.148130    17.5950     6.1958      1.081    29.5962    21.2341 -9.990e-29
 254.496076      1.092  39.124921    17.5945     6.2090      1.083    29.5770    21.2195 -9.990e-29
 254.496082      1.099  39.133295    17.5941     6.1895      1.090    29.5844    21.2252 -9.990e-29
 254.496088      1.103  39.158617    17.5938     6.1804      1.094    29.6059    21.2418 -9.990e-29
 254.496094      1.099  39.156197    17.5932     6.1470      1.090    29.6043    21.2407 -9.990e-29
 254.496100      1.093  39.127818    17.5922     6.1688      1.084    29.5811    21.2232 -9.990e-29
 254.496105      1.093  39.089948    17.5909     6.1987      1.084    29.5502    21.1999 -9.990e-29
 254.496111      1.101  39.049762    17.5896     6.1940      1.092    29.5174    21.1751 -9.990e-29
 254.496117      1.116  39.024789    17.5888     6.1803      1.107    29.4970    21.1597 -9.990e-29
 254.496123      1.128  39.017550    17.5886     6.1621      1.119    29.4910    21.1552 -9.990e-29
 254.496128      1.135  39.018363    17.5884     6.1723      1.126    29.4918    21.1558 -9.990e-29
 254.496134      1.138  39.024359    17.5882     6.1888      1.128    29.4970    21.1598 -9.990e-29
 254.496140      1.135  39.032299    17.5885     6.1990      1.126    29.5035    21.1647 -9.990e-29
 254.496146      1.128  39.037616    17.5893     6.2150      1.119    29.5074    21.1675 -9.990e-29
 254.496152      1.119  39.047369    17.5909     6.1769      1.110    29.5144    21.1725 -9.990e-29
 254.496157      1.117  39.071730    17.5931     6.1631      1.108    29.5333    21.1864 -9.990e-29
 254.496163      1.122  39.114022    17.5949     6.1397      1.113    29.5676    21.2122 -9.990e-29
 254.496169      1.125  39.181870    17.5958     6.1550      1.116    29.6240    21.2551 -9.990e-29
 254.496175      1.123  39.289526    17.5969     6.1753      1.114    29.7138    21.3235 -9.990e-29
 254.496181      1.115  39.416366    17.5997     6.1691      1.106    29.8185    21.4029 -9.990e-29
 254.496186      1.105  39.481635    17.6035     6.1799      1.096    29.8707    21.4419 -9.990e-29
 254.496192      1.101  39.436200    17.6063     6.1776      1.092    29.8303    21.4105 -9.990e-29
 254.496198      1.106  39.344935    17.6079     6.1618      1.097    29.7524    21.3505 -9.990e-29
 254.496204      1.118  39.304039    17.6097     6.1132      1.109    29.7166    21.3227 -9.990e-29
 254.496209      1.129  39.346906    17.6128     6.1122      1.120    29.7504    21.3478 -9.990e-29
 254.496215      1.134  39.455594    17.6177     6.1666      1.125    29.8383    21.4139 -9.990e-29
 254.496221      1.133  39.586765    17.6228     6.2609      1.124    29.9450    21.4943 -9.990e-29
 254.496227      1.128  39.677756    17.6258     6.3317      1.119    30.0194    21.5505 -9.990e-29
 254.496233      1.118  39.675632    17.6254     6.2816      1.109    30.0179    21.5494 -9.990e-29
 254.496238      1.101  39.604982    17.6227     6.1354      1.092    29.9604    21.5061 -9.990e-29
 254.496244      1.081  39.546362    17.6207     6.0608      1.072    29.9125    21.4699 -9.990e-29
 254.496250      1.066  39.539788    17.6220     6.0893      1.057    29.9060    21.4647 -9.990e-29
 254.496256      1.059  39.582065    17.6257     6.2994      1.050    29.9389    21.4889 -9.990e-29
 254.496262      1.059  39.639338    17.6286     6.3802      1.050    29.9850    21.5235 -9.990e-29
 254.496267      1.062  39.672537    17.6299     6.3094      1.053    30.0120    21.5438 -9.990e-29
 254.496273      1.060  39.680520    17.6307     6.1688      1.051    30.0181    21.5483 -9.990e-29
 254.496279      1.048  39.678942    17.6311     6.1056      1.039    30.0165    21.5470 -9.990e-29
 254.496285      1.030  39.677993    17.6315     6.1234      1.021    30.0154    21.5461 -9.990e-29
 254.496291      1.013  39.683099    17.6329     6.2305      1.005    30.0187    21.5482 -9.990e-29
 254.496296      1.005  39.706081    17.6350     6.1879      0.997    30.0365    21.5614 -9.990e-29
 254.496302      1.009  39.743937    17.6361     6.1740      1.001    30.0676    21.5849 -9.990e-29
 254.496308      1.018  39.762516    17.6359     6.1702      1.010    30.0834    21.5970 -9.990e-29
 254.496314      1.018  39.755749    17.6353     6.3887      1.010    30.0781    21.5931 -9.990e-29
 254.496319      1.010  39.753796    17.6358     6.5074      1.002    30.0761    21.5915 -9.990e-29
 254.496325      1.002  39.770270    17.6370     6.2445      0.994    30.0891    21.6011 -9.990e-29
 254.496331      0.998  39.800773    17.6381     6.1261      0.990    30.1140    21.6199 -9.990e-29
 254.496337      0.997  39.828241    17.6388     6.0520      0.989    30.1366    21.6370 -9.990e-29
 254.496343      0.999  39.829884    17.6388     6.0862      0.991    30.1380    21.6381 -9.990e-29
 254.496348      1.005  39.814023    17.6383     6.1991      0.997    30.1250    21.6283 -9.990e-29
 254.496354      1.015  39.802060    17.6375     6.3089      1.007    30.1155    21.6212 -9.990e-29
 254.496360      1.025  39.790896    17.6367     6.3190      1.016    30.1067    21.6146 -9.990e-29
 254.496366      1.027  39.776820    17.6361     6.2684      1.018    30.0953    21.6060 -9.990e-29
 254.496372      1.017  39.763442    17.6360     6.1969      1.009    30.0841    21.5975 -9.990e-29
 254.496377      1.000  39.748581    17.6363     6.1490      0.992    30.0713    21.5877 -9.990e-29
 254.496383      0.986  39.724718    17.6364     6.1908      0.978    30.0512    21.5723 -9.990e-29
 254.496389      0.987  39.689135    17.6357     6.2819      0.979    30.0217    21.5499 -9.990e-29
 254.496395      1.004  39.658227    17.6344     6.6597      0.996    29.9967    21.5310 -9.990e-29
 254.496400      1.025  39.643413    17.6338     6.6917      1.016    29.9846    21.5220 -9.990e-29
 254.496406      1.039  39.636674    17.6340     6.5139      1.030    29.9788    21.5175 -9.990e-29
 254.496412      1.041  39.629552    17.6341     6.3451      1.032    29.9727    21.5128 -9.990e-29
 254.496418      1.036  39.622044    17.6337     6.2111      1.027    29.9667    21.5083 -9.990e-29
 254.496424      1.033  39.627640    17.6331     6.2226      1.024    29.9719    21.5124 -9.990e-29
 254.496429      1.036  39.653209    17.6324     6.2687      1.027    29.9939    21.5294 -9.990e-29
 254.496435      1.045  39.678471    17.6322     6.3596      1.036    30.0153    21.5458 -9.990e-29
 254.496441      1.055  39.687219    17.6325     6.3970      1.046    30.0225    21.5512 -9.990e-29
 254.496447      1.060  39.684922    17.6327     6.3786      1.051    30.0204    21.5496 -9.990e-29
 254.496453      1.055  39.677450    17.6327     6.2978      1.046    30.0141    21.5448 -9.990e-29
 254.496458      1.045  39.668813    17.6327     6.2510      1.036    30.0068    21.5392 -9.990e-29
 254.496464      1.037  39.655869    17.6320     6.2368      1.028    29.9964    21.5314 -9.990e-29
 254.496470      1.034  39.629174    17.6307     6.3159      1.025    29.9749    21.5153 -9.990e-29
 254.496476      1.037  39.602404    17.6297     6.3151      1.028    29.9531    21.4988 -9.990e-29
 254.496481      1.047  39.595858    17.6297     6.2935      1.038    29.9476    21.4946 -9.990e-29
 254.496487      1.058  39.601336    17.6296     6.2268      1.049    29.9523    21.4982 -9.990e-29
 254.496493      1.064  39.599220    17.6288     6.2108      1.055    29.9511    21.4975 -9.990e-29
 254.496499      1.064  39.581616    17.6271     6.2245      1.055    29.9375    21.4875 -9.990e-29
 254.496505      1.068  39.553594    17.6250     6.4104      1.059    29.9155    21.4712 -9.990e-29
 254.496510      1.080  39.524820    17.6232     6.4540      1.071    29.8926    21.4541 -9.990e-29
 254.496516      1.097  39.504517    17.6224     6.3387      1.088    29.8760    21.4416 -9.990e-29
 254.496522      1.106  39.500875    17.6221     6.2541      1.097    29.8732    21.4395 -9.990e-29
 254.496528      1.099  39.507888    17.6221     6.1684      1.090    29.8791    21.4440 -9.990e-29
 254.496534      1.086  39.510224    17.6218     6.2301      1.077    29.8813    21.4458 -9.990e-29
 254.496539      1.077  39.502563    17.6205     6.4342      1.068    29.8758    21.4419 -9.990e-29
 254.496545      1.076  39.490347    17.6190     6.4294      1.067    29.8666    21.4352 -9.990e-29
 254.496551      1.079  39.480228    17.6183     6.2977      1.070    29.8586    21.4293 -9.990e-29
 254.496557      1.079  39.472128    17.6182     6.2119      1.070    29.8519    21.4241 -9.990e-29
 254.496563      1.070  39.463060    17.6180     6.1628      1.061    29.8444    21.4185 -9.990e-29
 254.496568      1.056  39.449304    17.6174     6.2088      1.047    29.8333    21.4101 -9.990e-29
 254.496574      1.044  39.446661    17.6170     6.2848      1.035    29.8313    21.4087 -9.990e-29
 254.496580      1.044  39.494154    17.6174     6.2978      1.035    29.8710    21.4390 -9.990e-29
 254.496586      1.054  39.562641    17.6180     6.2601      1.045    29.9282    21.4826 -9.990e-29
 254.496591      1.062  39.572943    17.6183     6.2167      1.053    29.9367    21.4890 -9.990e-29
 254.496597      1.061  39.529849    17.6176     6.2515      1.052    29.9009    21.4618 -9.990e-29
 254.496603      1.055  39.489344    17.6166     6.2522      1.046    29.8675    21.4365 -9.990e-29
 254.496609      1.052  39.478451    17.6166     6.5577      1.043    29.8584    21.4295 -9.990e-29
 254.496615      1.055  39.490131    17.6174     6.5475      1.046    29.8676    21.4364 -9.990e-29
 254.496620      1.065  39.501170    17.6176     6.4156      1.056    29.8768    21.4433 -9.990e-29
 254.496626      1.079  39.497026    17.6167     6.3043      1.070    29.8739    21.4414 -9.990e-29
 254.496632      1.089  39.474284    17.6153     6.2873      1.080    29.8558    21.4278 -9.990e-29
 254.496638      1.090  39.451790    17.6148     6.2088      1.081    29.8372    21.4137 -9.990e-29
 254.496644      1.088  39.464968    17.6157     6.2843      1.079    29.8477    21.4215 -9.990e-29
 254.496649      1.091  39.509970    17.6173     6.4266      1.082    29.8844    21.4492 -9.990e-29
 254.496655      1.099  39.541906    17.6184     6.4185      1.090    29.9105    21.4689 -9.990e-29
 254.496661      1.104  39.533757    17.6187     6.3681      1.095    29.9034    21.4634 -9.990e-29
 254.496667      1.103  39.496936    17.6185     6.2646      1.094    29.8725    21.4399 -9.990e-29
 254.496672      1.098  39.461213    17.6185     6.2595      1.089    29.8425    21.4169 -9.990e-29
 254.496678      1.100  39.451096    17.6189     6.2472      1.091    29.8337    21.4100 -9.990e-29
 254.496684      1.110  39.461370    17.6194     6.5319      1.101    29.8419    21.4162 -9.990e-29
 254.496690      1.127  39.466388    17.6193     6.5490      1.118    29.8462    21.4196 -9.990e-29
 254.496696      1.139  39.462626    17.6187     6.3553      1.129    29.8435    21.4176 -9.990e-29
 254.496701      1.138  39.453341    17.6181     6.2539      1.128    29.8361    21.4121 -9.990e-29
 254.496707      1.127  39.436666    17.6178     6.2015      1.118    29.8223    21.4016 -9.990e-29
 254.496713      1.115  39.424973    17.6174     6.2345      1.106    29.8128    21.3944 -9.990e-29
 254.496719      1.110  39.427751    17.6165     6.2677      1.101    29.8158    21.3969 -9.990e-29
 254.496725      1.116  39.440173    17.6156     6.3333      1.107    29.8269    21.4056 -9.990e-29
 254.496730      1.128  39.451779    17.6151     6.2913      1.119    29.8370    21.4135 -9.990e-29
 254.496736      1.134  39.451582    17.6150     6.4235      1.125    29.8369    21.4134 -9.990e-29
 254.496742      1.128  39.440867    17.6150     6.4123      1.119    29.8279    21.4065 -9.990e-29
 254.496748      1.111  39.432670    17.6153     6.4852      1.102    29.8208    21.4010 -9.990e-29
 254.496753      1.092  39.432740    17.6159     6.3876      1.083    29.8204    21.4006 -9.990e-29
 254.496759      1.083  39.451124    17.6165     6.2276      1.074    29.8354    21.4120 -9.990e-29
 254.496765      1.090  39.492037    17.6169     6.1481      1.081    29.8696    21.4380 -9.990e-29
 254.496771      1.108  39.525860    17.6168     6.5373      1.099    29.8981    21.4598 -9.990e-29
 254.496777      1.123  39.530887    17.6163     6.4773      1.114    29.9027    21.4635 -9.990e-29
 254.496782      1.132  39.522654    17.6163     6.4938      1.123    29.8958    21.4582 -9.990e-29
 254.496788      1.136  39.524230    17.6169     6.4554      1.127    29.8967    21.4587 -9.990e-29
