data/oxygen options/ONMS/Olympic_Coast_National_Marine_Sanctuary_Hypoxia_Survey_CTD_Data_2004_2015/raw_data/2013/CAST_CE065_130828faed.cnv
* Sea-Bird SBE19 Data File:
* FileName = C:\2013 Mooring Data\2nd Service\Casts\CAST_CE065_130828.hex
* Software Version 1.59
* Temperature SN = 2997
* Conductivity SN = 2997
* System UpLoad Time = Aug 28 2013 15:52:31
** CAST_CE065_130828
* ds
# nquan = 9                                 
# nvalues = 1097                        
# units = specified
# name 0 = timeJ: Julian Days
# name 1 = prSM: Pressure, Strain Gauge [db]
# name 2 = c0mS/cm: Conductivity [mS/cm]
# name 3 = t090C: Temperature [ITS-90, deg C]
# name 4 = sbeox0ML/L: Oxygen, SBE 43 [ml/l]
# name 5 = depSM: Depth [salt water, m], lat = 47.5
# name 6 = sal00: Salinity, Practical [PSU]
# name 7 = sigma-é00: Density [sigma-theta, kg/m^3]
# name 8 = flag: flag
# span 0 = 240.645185, 240.651528       
# span 1 =     -5.648,     66.725       
# span 2 =   0.236231,  39.671624       
# span 3 =     7.1236,    18.1970       
# span 4 =    -1.6859,    10.5720       
# span 5 =     -5.601,     66.157       
# span 6 =     0.1312,    33.8604       
# span 7 =    -1.3385,    26.5037       
# span 8 = 0.0000e+00, 0.0000e+00       
# interval = seconds: 0.5
# start_time = Aug 28 2013 15:29:04 [Instrument's time stamp, header]
# bad_flag = -9.990e-29
*END*
[from data line 961]
 240.650747     45.370  34.388738     7.1811     1.5288     44.986    33.8133    26.4596 0.0000e+00
 240.650752     44.969  34.379751     7.1833     1.7000     44.589    33.8015    26.4500 0.0000e+00
 240.650758     44.562  34.370868     7.1851     1.6904     44.185    33.7902    26.4409 0.0000e+00
 240.650764     44.162  34.363135     7.1868     1.6812     43.789    33.7803    26.4329 0.0000e+00
 240.650770     43.769  34.357080     7.1876     1.6793     43.399    33.7731    26.4271 0.0000e+00
 240.650775     43.375  34.351945     7.1883     1.6949     43.008    33.7670    26.4222 0.0000e+00
 240.650781     42.973  34.346235     7.1909     1.7082     42.610    33.7584    26.4151 0.0000e+00
 240.650787     42.558  34.339817     7.1950     1.7296     42.198    33.7476    26.4060 0.0000e+00
 240.650793     42.139  34.334038     7.1985     1.7551     41.783    33.7381    26.3980 0.0000e+00
 240.650799     41.731  34.329218     7.2005     1.7740     41.379    33.7311    26.3922 0.0000e+00
 240.650804     41.342  34.324719     7.2015     1.7905     40.993    33.7254    26.3875 0.0000e+00
 240.650810     40.974  34.320325     7.2022     1.7988     40.628    33.7201    26.3833 0.0000e+00
 240.650816     40.625  34.316523     7.2035     1.8137     40.282    33.7148    26.3790 0.0000e+00
 240.650822     40.285  34.314028     7.2053     1.8274     39.945    33.7105    26.3753 0.0000e+00
 240.650828     39.941  34.311935     7.2069     1.8504     39.604    33.7068    26.3722 0.0000e+00
 240.650833     39.581  34.309314     7.2080     1.8828     39.247    33.7031    26.3691 0.0000e+00
 240.650839     39.197  34.306774     7.2088     1.9213     38.866    33.6997    26.3663 0.0000e+00
 240.650845     38.796  34.304471     7.2094     1.9628     38.469    33.6968    26.3639 0.0000e+00
 240.650851     38.387  34.302317     7.2102     1.9923     38.063    33.6939    26.3615 0.0000e+00
 240.650856     37.974  34.300424     7.2118     2.0095     37.654    33.6905    26.3586 0.0000e+00
 240.650862     37.555  34.298132     7.2147     2.0164     37.238    33.6853    26.3541 0.0000e+00
 240.650868     37.134  34.295367     7.2190     2.0038     36.821    33.6783    26.3480 0.0000e+00
 240.650874     36.720  34.293107     7.2242     1.9914     36.410    33.6710    26.3415 0.0000e+00
 240.650880     36.315  34.291881     7.2296     1.9551     36.009    33.6646    26.3357 0.0000e+00
 240.650885     35.919  34.291918     7.2369     1.8999     35.616    33.6577    26.3293 0.0000e+00
 240.650891     35.533  34.294014     7.2483     1.8480     35.233    33.6491    26.3209 0.0000e+00
 240.650897     35.153  34.299465     7.2667     1.8019     34.857    33.6373    26.3091 0.0000e+00
 240.650903     34.773  34.308440     7.2949     1.7805     34.480    33.6198    26.2914 0.0000e+00
 240.650909     34.390  34.320209     7.3302     1.7743     34.100    33.5985    26.2697 0.0000e+00
 240.650914     34.006  34.336646     7.3682     1.7875     33.719    33.5796    26.2496 0.0000e+00
 240.650920     33.612  34.356895     7.4070     1.8164     33.329    33.5642    26.2320 0.0000e+00
 240.650926     33.198  34.374538     7.4538     1.8555     32.918    33.5382    26.2049 0.0000e+00
 240.650932     32.761  34.393686     7.5195     1.8882     32.485    33.4957    26.1622 0.0000e+00
 240.650938     32.314  34.424376     7.6015     1.9295     32.042    33.4500    26.1147 0.0000e+00
 240.650943     31.869  34.472996     7.6986     1.9636     31.601    33.4093    26.0688 0.0000e+00
 240.650949     31.434  34.551362     7.7995     1.9931     31.169    33.3970    26.0446 0.0000e+00
 240.650955     31.002  34.635346     7.8743     2.0471     30.741    33.4156    26.0484 0.0000e+00
 240.650961     30.563  34.679191     7.9269     2.0998     30.306    33.4125    26.0383 0.0000e+00
 240.650966     30.110  34.699554     7.9810     2.1560     29.857    33.3828    26.0070 0.0000e+00
 240.650972     29.649  34.730502     8.0391     2.1993     29.399    33.3606    25.9811 0.0000e+00
 240.650978     29.197  34.773166     8.1097     2.2312     28.951    33.3391    25.9538 0.0000e+00
 240.650984     28.773  34.839258     8.2074     2.2722     28.531    33.3167    25.9218 0.0000e+00
 240.650990     28.380  34.935326     8.3169     2.3187     28.141    33.3150    25.9041 0.0000e+00
 240.650995     28.001  35.026675     8.4047     2.3810     27.765    33.3287    25.9016 0.0000e+00
 240.651001     27.617  35.075682     8.4687     2.4698     27.385    33.3201    25.8852 0.0000e+00
 240.651007     27.216  35.095248     8.5385     2.5949     26.987    33.2750    25.8393 0.0000e+00
 240.651013     26.794  35.128463     8.6228     2.7200     26.569    33.2307    25.7917 0.0000e+00
 240.651019     26.354  35.180601     8.7043     2.8259     26.132    33.2091    25.7623 0.0000e+00
 240.651024     25.907  35.228964     8.7722     2.8874     25.689    33.1963    25.7418 0.0000e+00
 240.651030     25.471  35.275509     8.8332     2.9060     25.257    33.1881    25.7259 0.0000e+00
 240.651036     25.058  35.332650     8.8965     2.9514     24.847    33.1887    25.7166 0.0000e+00
 240.651042     24.666  35.396682     8.9531     3.0632     24.459    33.2028    25.7187 0.0000e+00
 240.651047     24.296  35.456841     8.9959     3.2308     24.092    33.2257    25.7299 0.0000e+00
 240.651053     23.942  35.505042     9.0313     3.4224     23.741    33.2429    25.7379 0.0000e+00
 240.651059     23.590  35.530136     9.0769     3.6078     23.392    33.2266    25.7179 0.0000e+00
 240.651065     23.226  35.539451     9.1581     3.7460     23.031    33.1607    25.6535 0.0000e+00
 240.651071     22.841  35.564082     9.2828     3.8403     22.649    33.0707    25.5632 0.0000e+00
 240.651076     22.430  35.612978     9.4504     3.9223     22.242    32.9665    25.4549 0.0000e+00
 240.651082     21.998  35.683204     9.6558     3.9816     21.813    32.8503    25.3308 0.0000e+00
 240.651088     21.555  35.775624     9.8596     4.0329     21.374    32.7591    25.2261 0.0000e+00
 240.651094     21.117  35.883178    10.0160     4.1038     20.940    32.7266    25.1749 0.0000e+00
 240.651100     20.695  35.998831    10.1327     4.1835     20.521    32.7383    25.1645 0.0000e+00
 240.651105     20.294  36.111216    10.2341     4.2523     20.124    32.7603    25.1646 0.0000e+00
 240.651111     19.917  36.193956    10.3084     4.3415     19.750    32.7768    25.1649 0.0000e+00
 240.651117     19.546  36.220343    10.3628     4.4479     19.382    32.7544    25.1382 0.0000e+00
 240.651123     19.164  36.218487    10.4282     4.5526     19.003    32.6938    25.0798 0.0000e+00
 240.651128     18.763  36.239890    10.5027     4.6467     18.606    32.6486    25.0318 0.0000e+00
 240.651134     18.347  36.282480    10.5715     4.7408     18.193    32.6298    25.0053 0.0000e+00
 240.651140     17.924  36.337150    10.6475     4.8026     17.774    32.6166    24.9819 0.0000e+00
 240.651146     17.501  36.422669    10.7489     4.8359     17.354    32.6115    24.9604 0.0000e+00
 240.651152     17.082  36.513788    10.9011     4.8808     16.939    32.5668    24.8990 0.0000e+00
 240.651157     16.666  36.600007    11.1349     4.9357     16.526    32.4452    24.7632 0.0000e+00
 240.651163     16.256  36.737117    11.4076     4.9946     16.120    32.3405    24.6330 0.0000e+00
 240.651169     15.860  36.916569    11.6499     5.0710     15.727    32.3043    24.5610 0.0000e+00
 240.651175     15.484  37.106192    11.8494     5.1646     15.354    32.3151    24.5328 0.0000e+00
 240.651181     15.124  37.292415    12.0019     5.2894     14.997    32.3630    24.5417 0.0000e+00
 240.651186     14.770  37.416221    12.1173     5.4586     14.646    32.3825    24.5353 0.0000e+00
 240.651192     14.410  37.473169    12.2555     5.6368     14.289    32.3178    24.4592 0.0000e+00
 240.651198     14.036  37.537173    12.4453     5.8046     13.918    32.2160    24.3443 0.0000e+00
 240.651204     13.651  37.638318    12.6520     5.9545     13.537    32.1357    24.2426 0.0000e+00
 240.651209     13.252  37.757063    12.8610     6.0361     13.141    32.0706    24.1518 0.0000e+00
 240.651215     12.835  37.873256    13.0951     6.0650     12.727    31.9823    24.0379 0.0000e+00
 240.651221     12.402  37.994154    13.3473     6.0619     12.298    31.8840    23.9121 0.0000e+00
 240.651227     11.967  38.127679    13.5721     6.0603     11.867    31.8209    23.8185 0.0000e+00
 240.651233     11.547  38.284031    13.7508     6.0846     11.450    31.8175    23.7799 0.0000e+00
 240.651238     11.158  38.466312    13.8882     6.1445     11.065    31.8720    23.7941 0.0000e+00
 240.651244     10.798  38.595647    13.9685     6.2173     10.708    31.9247    23.8185 0.0000e+00
 240.651250     10.448  38.630127    13.9944     6.2952     10.361    31.9351    23.8212 0.0000e+00
 240.651256     10.090  38.624917    14.0052     6.3432     10.006    31.9215    23.8084 0.0000e+00
 240.651262      9.719  38.623715    14.0255     6.3689      9.638    31.9037    23.7905 0.0000e+00
 240.651267      9.336  38.632969    14.0627     6.3675      9.258    31.8816    23.7658 0.0000e+00
 240.651273      8.942  38.657379    14.1217     6.3695      8.867    31.8553    23.7334 0.0000e+00
 240.651279      8.543  38.697762    14.1839     6.3827      8.472    31.8412    23.7097 0.0000e+00
 240.651285      8.148  38.741500    14.2318     6.4099      8.080    31.8418    23.7003 0.0000e+00
 240.651291      7.765  38.789979    14.2680     6.4388      7.700    31.8565    23.7041 0.0000e+00
 240.651296      7.401  38.836342    14.2911     6.4662      7.339    31.8800    23.7174 0.0000e+00
 240.651302      7.054  38.858576    14.2986     6.4911      6.995    31.8943    23.7269 0.0000e+00
 240.651308      6.718  38.854605    14.3002     6.4973      6.662    31.8894    23.7228 0.0000e+00
 240.651314      6.389  38.846236    14.3075     6.4963      6.336    31.8759    23.7108 0.0000e+00
 240.651319      6.069  38.853893    14.3213     6.4991      6.018    31.8716    23.7047 0.0000e+00
 240.651325      5.761  38.875666    14.3408     6.5076      5.713    31.8756    23.7036 0.0000e+00
 240.651331      5.473  38.908298    14.3667     6.5329      5.427    31.8841    23.7049 0.0000e+00
 240.651337      5.207  38.947883    14.3963     6.5384      5.163    31.8960    23.7078 0.0000e+00
 240.651343      4.960  38.980178    14.4234     6.5334      4.919    31.9032    23.7077 0.0000e+00
 240.651348      4.724  38.998028    14.4375     6.5152      4.685    31.9079    23.7084 0.0000e+00
 240.651354      4.493  38.996870    14.4412     6.5048      4.455    31.9039    23.7045 0.0000e+00
 240.651360      4.260  38.984897    14.4502     6.5050      4.224    31.8857    23.6886 0.0000e+00
 240.651366      4.020  38.986133    14.4695     6.5102      3.986    31.8710    23.6733 0.0000e+00
 240.651372      3.774  39.006355    14.4952     6.5096      3.742    31.8684    23.6659 0.0000e+00
 240.651377      3.537  39.043598    14.5254     6.5095      3.507    31.8776    23.6666 0.0000e+00
 240.651383      3.323  39.087782    14.5511     6.5123      3.295    31.8967    23.6759 0.0000e+00
 240.651389      3.136  39.113430    14.5641     6.4925      3.110    31.9094    23.6830 0.0000e+00
 240.651395      2.965  39.117975    14.5675     6.4676      2.940    31.9108    23.6833 0.0000e+00
 240.651400      2.794  39.112171    14.5674     6.4546      2.771    31.9057    23.6794 0.0000e+00
 240.651406      2.620  39.103615    14.5696     6.4583      2.598    31.8961    23.6716 0.0000e+00
 240.651412      2.450  39.104077    14.5748     6.4825      2.430    31.8923    23.6676 0.0000e+00
 240.651418      2.290  39.113820    14.5815     6.5073      2.271    31.8958    23.6688 0.0000e+00
 240.651424      2.143  39.125312    14.5944     6.5104      2.125    31.8957    23.6660 0.0000e+00
 240.651429      2.008  39.138958    14.6127     6.5011      1.991    31.8931    23.6601 0.0000e+00
 240.651435      1.881  39.153552    14.6255     6.4783      1.865    31.8958    23.6596 0.0000e+00
 240.651441      1.753  39.159068    14.6291     6.4407      1.738    31.8979    23.6604 0.0000e+00
 240.651447      1.621  39.154107    14.6323     6.4125      1.607    31.8909    23.6543 0.0000e+00
 240.651453      1.489  39.150752    14.6413     6.3763      1.477    31.8805    23.6444 -9.990e-29
 240.651458      1.366  39.158184    14.6543     6.3092      1.355    31.8766    23.6387 -9.990e-29
 240.651464      1.258  39.175283    14.6675     6.2753      1.247    31.8813    23.6395 -9.990e-29
 240.651470      1.160  39.194705    14.6777     6.2473      1.150    31.8906    23.6445 -9.990e-29
 240.651476      1.068  39.206561    14.6822 -9.990e-29      1.059    31.8977    23.6490 -9.990e-29
 240.651481      0.980  39.208218    14.6821 -9.990e-29      0.972    31.8993    23.6503 -9.990e-29
 240.651487      0.893  39.207507    14.6809 -9.990e-29      0.886    31.8997    23.6508 -9.990e-29
 240.651493      0.808  39.204599    14.6807 -9.990e-29      0.801    31.8972    23.6490 -9.990e-29
 240.651499      0.732  39.194499    14.6844 -9.990e-29      0.726    31.8851    23.6388 -9.990e-29
 240.651505      0.671  39.179425    14.6958 -9.990e-29      0.665    31.8621    23.6187 -9.990e-29
 240.651510      0.628  39.162810    14.7134 -9.990e-29      0.623    31.8327    23.5923 -9.990e-29
 240.651516      0.599  39.144913    14.7307 -9.990e-29      0.594    31.8023    23.5653 -9.990e-29
 240.651522      0.582  39.125964    14.7384 -9.990e-29      0.577    31.7789    23.5456 -9.990e-29
 240.651528      0.577  39.110396 -9.990e-29 -9.990e-29      0.572 -9.990e-29 -9.990e-29 -9.990e-29
