data/oxygen options/ONMS/Olympic_Coast_National_Marine_Sanctuary_Hypoxia_Survey_CTD_Data_2004_2015/raw_data/2013/CAST_RR042_11SEP13faed.cnv
* Sea-Bird SBE19 Data File:
* FileName = C:\Documents and Settings\OCNMS\Desktop\2013 Data\11SEP13 Casts\RR042_11SEP13.hex
* Software Version 1.59
* Temperature SN = 2997
* Conductivity SN = 2997
* System UpLoad Time = Sep 12 2013 14:05:15
** RR042
* ds
# nquan = 9                                 
# nvalues = 1229                        
# units = specified
# name 0 = timeJ: Julian Days
# name 1 = prSM: Pressure, Strain Gauge [db]
# name 2 = c0mS/cm: Conductivity [mS/cm]
# name 3 = t090C: Temperature [ITS-90, deg C]
# name 4 = sbeox0ML/L: Oxygen, SBE 43 [ml/l]
# name 5 = depSM: Depth [salt water, m], lat = 47.5
# name 6 = sal00: Salinity, Practical [PSU]
# name 7 = sigma-é00: Density [sigma-theta, kg/m^3]
# name 8 = flag: flag
# span 0 = 254.563600, 254.570706       
# span 1 =     -5.677,     42.297       
# span 2 =   0.335233,  41.561471       
# span 3 =     7.4294,    17.7136       
# span 4 =    -1.7064,    10.0847       
# span 5 =     -5.630,     41.940       
# span 6 =     0.1925,    33.5945       
# span 7 =    -1.0786,    26.2490       
# span 8 = 0.0000e+00, 0.0000e+00       
# interval = seconds: 0.5
# start_time = Sep 11 2013 13:31:35 [Instrument's time stamp, header]
# bad_flag = -9.990e-29
*END*
[from data line 801]
 254.568235      1.891  41.249526    17.6593     6.2153      1.875    31.3213    22.5384 -9.990e-29
 254.568241      1.895  41.261386    17.6592     6.2284      1.879    31.3314    22.5461 -9.990e-29
 254.568247      1.891  41.260083    17.6590     6.2498      1.875    31.3304    22.5455 -9.990e-29
 254.568252      1.883  41.260691    17.6590     6.2038      1.867    31.3309    22.5459 -9.990e-29
 254.568258      1.880  41.258410    17.6595     6.3836      1.864    31.3286    22.5440 -9.990e-29
 254.568264      1.884  41.251319    17.6604     6.3538      1.868    31.3219    22.5386 -9.990e-29
 254.568270      1.896  41.246216    17.6613     6.2305      1.880    31.3169    22.5346 -9.990e-29
 254.568275      1.918  41.247503    17.6616     6.2182      1.902    31.3178    22.5352 -9.990e-29
 254.568281      1.946  41.252969    17.6615     6.1348      1.930    31.3225    22.5388 -9.990e-29
 254.568287      1.969  41.256446    17.6615     6.4409      1.953    31.3254    22.5410 -9.990e-29
 254.568293      1.976  41.256962    17.6616     6.5824      1.959    31.3258    22.5413 -9.990e-29
 254.568299      1.968  41.254637    17.6618     6.4302      1.952    31.3236    22.5396 -9.990e-29
 254.568304      1.951  41.249731    17.6618     6.2676      1.935    31.3195    22.5364 -9.990e-29
 254.568310      1.935  41.246351    17.6615     6.1811      1.919    31.3169    22.5345 -9.990e-29
 254.568316      1.926  41.245593    17.6616     6.1102      1.910    31.3161    22.5339 -9.990e-29
 254.568322      1.923  41.245321    17.6619     6.1492      1.907    31.3157    22.5335 -9.990e-29
 254.568328      1.919  41.244609    17.6619     6.1480      1.903    31.3151    22.5330 -9.990e-29
 254.568333      1.908  41.244746    17.6616     6.1585      1.892    31.3154    22.5334 -9.990e-29
 254.568339      1.894  41.244791    17.6617     6.1764      1.878    31.3154    22.5333 -9.990e-29
 254.568345      1.885  41.238072    17.6621     6.1787      1.869    31.3094    22.5286 -9.990e-29
 254.568351      1.884  41.226280    17.6627     6.1990      1.868    31.2990    22.5205 -9.990e-29
 254.568356      1.888  41.220034    17.6634     6.2024      1.872    31.2931    22.5159 -9.990e-29
 254.568362      1.887  41.220530    17.6640     6.2070      1.871    31.2931    22.5157 -9.990e-29
 254.568368      1.882  41.221140    17.6643     6.2064      1.866    31.2934    22.5159 -9.990e-29
 254.568374      1.882  41.219871    17.6644     6.1740      1.866    31.2922    22.5150 -9.990e-29
 254.568380      1.889  41.218953    17.6644     6.1630      1.873    31.2915    22.5144 -9.990e-29
 254.568385      1.905  41.217718    17.6644     6.1797      1.889    31.2904    22.5136 -9.990e-29
 254.568391      1.926  41.214517    17.6648     6.2653      1.910    31.2874    22.5111 -9.990e-29
 254.568397      1.946  41.211244    17.6655     6.2407      1.930    31.2841    22.5084 -9.990e-29
 254.568403      1.960  41.210255    17.6660     6.2559      1.944    31.2828    22.5074 -9.990e-29
 254.568409      1.971  41.213033    17.6658     6.2227      1.955    31.2853    22.5093 -9.990e-29
 254.568414      1.979  41.224959    17.6650     6.5397      1.962    31.2960    22.5177 -9.990e-29
 254.568420      1.984  41.242874    17.6640     6.5786      1.967    31.3120    22.5302 -9.990e-29
 254.568426      1.987  41.253103    17.6631     6.4317      1.970    31.3213    22.5375 -9.990e-29
 254.568432      1.988  41.255270    17.6621     6.2448      1.971    31.3239    22.5398 -9.990e-29
 254.568437      1.987  41.260105    17.6608     6.1937      1.970    31.3290    22.5440 -9.990e-29
 254.568443      1.983  41.275736    17.6591     6.1112      1.966    31.3436    22.5555 -9.990e-29
 254.568449      1.977  41.297774    17.6581     6.4036      1.960    31.3630    22.5706 -9.990e-29
 254.568455      1.969  41.310758    17.6586     6.5773      1.953    31.3736    22.5786 -9.990e-29
 254.568461      1.957  41.310695    17.6586     6.4236      1.941    31.3736    22.5786 -9.990e-29
 254.568466      1.945  41.312632    17.6553     6.2224      1.929    31.3778    22.5826 -9.990e-29
 254.568472      1.941  41.336525    17.6497     6.0865      1.925    31.4023    22.6027 -9.990e-29
 254.568478      1.945  41.376114    17.6447     6.0764      1.929    31.4397    22.6325 -9.990e-29
 254.568484      1.949  41.400657    17.6415     6.1490      1.933    31.4630    22.6511 -9.990e-29
 254.568490      1.943  41.402330    17.6407     6.2145      1.927    31.4651    22.6528 -9.990e-29
 254.568495      1.924  41.393450    17.6432     6.2263      1.908    31.4556    22.6450 -9.990e-29
 254.568501      1.899  41.379362    17.6473     6.2187      1.883    31.4405    22.6325 -9.990e-29
 254.568507      1.879  41.369304    17.6492     6.2170      1.863    31.4305    22.6244 -9.990e-29
 254.568513      1.876  41.374897    17.6481     6.2145      1.860    31.4361    22.6289 -9.990e-29
 254.568519      1.893  41.382297    17.6464     6.2193      1.877    31.4437    22.6351 -9.990e-29
 254.568524      1.915  41.379506    17.6450     6.2274      1.899    31.4424    22.6345 -9.990e-29
 254.568530      1.931  41.376250    17.6446     6.2140      1.915    31.4399    22.6327 -9.990e-29
 254.568536      1.940  41.370422    17.6467     6.2065      1.924    31.4334    22.6271 -9.990e-29
 254.568542      1.949  41.358170    17.6506     6.2049      1.933    31.4200    22.6160 -9.990e-29
 254.568547      1.962  41.336608    17.6542     6.2012      1.946    31.3989    22.5990 -9.990e-29
 254.568553      1.975  41.306130    17.6569     6.2193      1.959    31.3710    22.5770 -9.990e-29
 254.568559      1.985  41.281588    17.6588     6.2183      1.968    31.3488    22.5595 -9.990e-29
 254.568565      1.993  41.267812    17.6600     6.1950      1.976    31.3362    22.5496 -9.990e-29
 254.568571      1.999  41.256519    17.6611     6.1864      1.982    31.3258    22.5414 -9.990e-29
 254.568576      2.004  41.243858    17.6620     6.1825      1.987    31.3143    22.5324 -9.990e-29
 254.568582      2.007  41.234246    17.6623     6.2249      1.990    31.3060    22.5260 -9.990e-29
 254.568588      2.010  41.229994    17.6621     6.2288      1.993    31.3025    22.5234 -9.990e-29
 254.568594      2.012  41.227113    17.6625     6.2153      1.995    31.2998    22.5212 -9.990e-29
 254.568600      2.013  41.218954    17.6641     6.2028      1.996    31.2916    22.5146 -9.990e-29
 254.568605      2.014  41.204161    17.6658     6.2614      1.997    31.2778    22.5036 -9.990e-29
 254.568611      2.015  41.191033    17.6673     6.2772      1.998    31.2655    22.4939 -9.990e-29
 254.568617      2.015  41.183360    17.6685     6.2456      1.998    31.2581    22.4879 -9.990e-29
 254.568623      2.015  41.177637    17.6692     6.2167      1.998    31.2528    22.4836 -9.990e-29
 254.568628      2.014  41.171832    17.6697     6.1979      1.997    31.2475    22.4794 -9.990e-29
 254.568634      2.013  41.164928    17.6702     6.2046      1.996    31.2412    22.4746 -9.990e-29
 254.568640      2.012  41.157243    17.6705     6.2130      1.995    31.2345    22.4693 -9.990e-29
 254.568646      2.010  41.150858    17.6711     6.2160      1.993    31.2286    22.4647 -9.990e-29
 254.568652      2.007  41.145663    17.6721     6.2520      1.990    31.2235    22.4605 -9.990e-29
 254.568657      2.003  41.141456    17.6729     6.2493      1.986    31.2193    22.4571 -9.990e-29
 254.568663      2.003  41.141589    17.6731     6.2261      1.986    31.2193    22.4571 -9.990e-29
 254.568669      2.009  41.143995    17.6731     6.2126      1.992    31.2213    22.4586 -9.990e-29
 254.568675      2.020  41.141229    17.6733     6.1881      2.003    31.2188    22.4567 -9.990e-29
 254.568681      2.026  41.135763    17.6732     6.1827      2.009    31.2142    22.4532 -9.990e-29
 254.568686      2.024  41.134877    17.6730     6.2267      2.007    31.2136    22.4528 -9.990e-29
 254.568692      2.017  41.135703    17.6731     6.2779      2.000    31.2143    22.4532 -9.990e-29
 254.568698      2.011  41.134294    17.6735     6.2526      1.994    31.2128    22.4520 -9.990e-29
 254.568704      2.004  41.132132    17.6741     6.2116      1.987    31.2105    22.4501 -9.990e-29
 254.568709      1.995  41.128570    17.6747     6.1939      1.978    31.2070    22.4473 -9.990e-29
 254.568715      1.985  41.122778    17.6753     6.2342      1.968    31.2017    22.4431 -9.990e-29
 254.568721      1.973  41.115999    17.6760     6.2992      1.957    31.1954    22.4381 -9.990e-29
 254.568727      1.958  41.109278    17.6765     6.2398      1.942    31.1893    22.4334 -9.990e-29
 254.568733      1.939  41.103741    17.6768     6.1971      1.923    31.1844    22.4295 -9.990e-29
 254.568738      1.918  41.099848    17.6769     6.1688      1.902    31.1811    22.4269 -9.990e-29
 254.568744      1.909  41.095207    17.6770     6.1519      1.893    31.1771    22.4238 -9.990e-29
 254.568750      1.918  41.089791    17.6775     6.1576      1.902    31.1721    22.4199 -9.990e-29
 254.568756      1.937  41.087024    17.6781     6.1442      1.921    31.1693    22.4176 -9.990e-29
 254.568762      1.956  41.086015    17.6788     6.1403      1.940    31.1679    22.4164 -9.990e-29
 254.568767      1.970  41.084851    17.6794     6.1499      1.954    31.1664    22.4152 -9.990e-29
 254.568773      1.981  41.084220    17.6797     6.1679      1.964    31.1657    22.4145 -9.990e-29
 254.568779      1.990  41.084395    17.6798     6.1855      1.973    31.1657    22.4145 -9.990e-29
 254.568785      1.996  41.085048    17.6797     6.1970      1.979    31.1664    22.4150 -9.990e-29
 254.568791      2.001  41.085361    17.6796     6.1820      1.984    31.1667    22.4153 -9.990e-29
 254.568796      2.005  41.085189    17.6797     6.1998      1.988    31.1665    22.4151 -9.990e-29
 254.568802      2.008  41.087099    17.6797     6.1991      1.991    31.1681    22.4164 -9.990e-29
 254.568808      2.009  41.089151    17.6793     6.2024      1.992    31.1701    22.4180 -9.990e-29
 254.568814      2.010  41.086229    17.6787     6.3094      1.993    31.1681    22.4166 -9.990e-29
 254.568819      2.011  41.083400    17.6779     6.3282      1.994    31.1664    22.4154 -9.990e-29
 254.568825      2.010  41.090340    17.6771     6.2547      1.993    31.1728    22.4206 -9.990e-29
 254.568831      2.009  41.105649    17.6769     6.2728      1.992    31.1859    22.4307 -9.990e-29
 254.568837      2.007  41.115542    17.6773     6.1543      1.990    31.1940    22.4367 -9.990e-29
 254.568843      2.004  41.113587    17.6786     6.4182      1.987    31.1914    22.4344 -9.990e-29
 254.568848      2.001  41.105581    17.6804     6.3306      1.984    31.1832    22.4277 -9.990e-29
 254.568854      2.000  41.093175    17.6813     6.2061      1.983    31.1720    22.4190 -9.990e-29
 254.568860      2.006  41.081126    17.6806     6.1921      1.989    31.1624    22.4117 -9.990e-29
 254.568866      2.016  41.081950    17.6788     6.1165      1.999    31.1644    22.4138 -9.990e-29
 254.568872      2.026  41.099544    17.6768     6.2384      2.009    31.1808    22.4268 -9.990e-29
 254.568877      2.035  41.120926    17.6748     6.2339      2.018    31.2005    22.4423 -9.990e-29
 254.568883      2.042  41.130320    17.6731     6.2120      2.025    31.2097    22.4498 -9.990e-29
 254.568889      2.041  41.127915    17.6723     6.1966      2.024    31.2083    22.4489 -9.990e-29
 254.568895      2.037  41.118348    17.6724     6.1726      2.020    31.2001    22.4426 -9.990e-29
 254.568900      2.034  41.107914    17.6727     6.1995      2.017    31.1911    22.4356 -9.990e-29
 254.568906      2.032  41.101757    17.6733     6.2071      2.015    31.1854    22.4311 -9.990e-29
 254.568912      2.030  41.095026    17.6744     6.2023      2.013    31.1789    22.4258 -9.990e-29
 254.568918      2.030  41.088270    17.6761     6.2057      2.013    31.1718    22.4201 -9.990e-29
 254.568924      2.029  41.082006    17.6789     6.2028      2.012    31.1644    22.4137 -9.990e-29
 254.568929      2.030  41.072923    17.6821     6.2079      2.013    31.1543    22.4052 -9.990e-29
 254.568935      2.031  41.066282    17.6837     6.2138      2.014    31.1474    22.3996 -9.990e-29
 254.568941      2.032  41.067238    17.6831     6.2048      2.015    31.1487    22.4007 -9.990e-29
 254.568947      2.034  41.070896    17.6817     6.1946      2.017    31.1529    22.4042 -9.990e-29
 254.568953      2.037  41.073720    17.6806     6.2609      2.020    31.1561    22.4070 -9.990e-29
 254.568958      2.041  41.078351    17.6802     6.2238      2.024    31.1603    22.4103 -9.990e-29
 254.568964      2.046  41.084233    17.6800     6.2587      2.029    31.1654    22.4142 -9.990e-29
 254.568970      2.049  41.087993    17.6801     6.2849      2.032    31.1685    22.4166 -9.990e-29
 254.568976      2.045  41.090157    17.6802     6.2517      2.028    31.1703    22.4179 -9.990e-29
 254.568981      2.038  41.091922    17.6792     6.2194      2.021    31.1726    22.4199 -9.990e-29
 254.568987      2.033  41.097318    17.6764     6.1896      2.016    31.1793    22.4257 -9.990e-29
 254.568993      2.027  41.113537    17.6726     6.1836      2.010    31.1959    22.4393 -9.990e-29
 254.568999      2.023  41.130250    17.6707     6.1873      2.006    31.2115    22.4517 -9.990e-29
 254.569005      2.018  41.130501    17.6719     6.2502      2.001    31.2108    22.4509 -9.990e-29
 254.569010      2.013  41.120784    17.6738     6.2649      1.996    31.2011    22.4430 -9.990e-29
 254.569016      2.008  41.116723    17.6738     6.2062      1.991    31.1977    22.4404 -9.990e-29
 254.569022      2.007  41.117384    17.6722     6.1740      1.990    31.1995    22.4421 -9.990e-29
 254.569028      2.012  41.116359    17.6709     6.1409      1.995    31.1996    22.4425 -9.990e-29
 254.569034      2.022  41.115642    17.6704     6.1423      2.005    31.1994    22.4425 -9.990e-29
 254.569039      2.032  41.114830    17.6702     6.1906      2.015    31.1988    22.4421 -9.990e-29
 254.569045      2.042  41.109474    17.6705     6.2165      2.025    31.1941    22.4384 -9.990e-29
 254.569051      2.054  41.099715    17.6715     6.2185      2.037    31.1850    22.4313 -9.990e-29
 254.569057      2.072  41.087670    17.6732     6.1922      2.055    31.1735    22.4221 -9.990e-29
 254.569063      2.101  41.075772    17.6752     6.3823      2.083    31.1619    22.4127 -9.990e-29
 254.569068      2.141  41.069452    17.6766     6.6572      2.123    31.1555    22.4075 -9.990e-29
 254.569074      2.183  41.069810    17.6772     6.7765      2.165    31.1553    22.4072 -9.990e-29
 254.569080      2.223  41.070030    17.6776     6.5279      2.204    31.1552    22.4070 -9.990e-29
 254.569086      2.263  41.065919    17.6784     6.3620      2.244    31.1511    22.4037 -9.990e-29
 254.569091      2.314  41.059275    17.6798     6.1998      2.295    31.1444    22.3982 -9.990e-29
 254.569097      2.384  41.052448    17.6811     6.3348      2.364    31.1376    22.3927 -9.990e-29
 254.569103      2.477  41.048101    17.6816     6.5393      2.456    31.1335    22.3895 -9.990e-29
 254.569109      2.598  41.048841    17.6810     6.4262      2.576    31.1346    22.3904 -9.990e-29
 254.569115      2.756  41.055650    17.6784     6.3595      2.733    31.1422    22.3969 0.0000e+00
 254.569120      2.961  41.077605    17.6721     6.2892      2.936    31.1656    22.4163 0.0000e+00
 254.569126      3.218  41.138930    17.6625     6.2058      3.191    31.2247    22.4638 0.0000e+00
 254.569132      3.520  41.252441    17.6508     6.1936      3.491    31.3297    22.5469 0.0000e+00
 254.569138      3.861  41.374413    17.6354     6.2025      3.829    31.4448    22.6387 0.0000e+00
 254.569144      4.234  41.447174    17.6181     6.2229      4.199    31.5198    22.7002 0.0000e+00
 254.569149      4.632  41.478042    17.6027     6.6791      4.593    31.5578    22.7329 0.0000e+00
