data/oxygen options/ONMS/Olympic_Coast_National_Marine_Sanctuary_Hypoxia_Survey_CTD_Data_2004_2015/raw_data/2013/CAST_CE030_130828faed.cnv
* Sea-Bird SBE19 Data File:
* FileName = C:\2013 Mooring Data\2nd Service\Casts\CAST_CE030_130828.hex
* Software Version 1.59
* Temperature SN = 2997
* Conductivity SN = 2997
* System UpLoad Time = Aug 28 2013 15:48:32
** CAST_CE030_130828
* ds
# nquan = 9                                 
# nvalues = 966                         
# units = specified
# name 0 = timeJ: Julian Days
# name 1 = prSM: Pressure, Strain Gauge [db]
# name 2 = c0mS/cm: Conductivity [mS/cm]
# name 3 = t090C: Temperature [ITS-90, deg C]
# name 4 = sbeox0ML/L: Oxygen, SBE 43 [ml/l]
# name 5 = depSM: Depth [salt water, m], lat = 47.5
# name 6 = sal00: Salinity, Practical [PSU]
# name 7 = sigma-é00: Density [sigma-theta, kg/m^3]
# name 8 = flag: flag
# span 0 = 240.536528, 240.542112       
# span 1 =     -5.482,     30.631       
# span 2 =   0.289331,  38.995625       
# span 3 =    10.7092,    16.6026       
# span 4 =    -1.7169,    10.9569       
# span 5 =     -5.436,     30.373       
# span 6 =     0.1670,    32.7281       
# span 7 =    -1.0232,    25.0550       
# span 8 = 0.0000e+00, 0.0000e+00       
# interval = seconds: 0.5
# start_time = Aug 28 2013 12:52:36 [Instrument's time stamp, header]
# bad_flag = -9.990e-29
*END*
[from data line 161]
 240.537459     -2.236   0.301644    16.4455    -1.7148     -2.217     0.1743    -0.9945 -9.990e-29
 240.537465     -2.230   0.301397    16.4475    -1.7150     -2.211     0.1741    -0.9950 -9.990e-29
 240.537471     -2.223   0.301324    16.4493    -1.7152     -2.204     0.1741    -0.9953 -9.990e-29
 240.537477     -2.213   0.301327    16.4508    -1.7153     -2.195     0.1741    -0.9956 -9.990e-29
 240.537483     -2.198   0.301412    16.4526    -1.7152     -2.180     0.1741    -0.9958 -9.990e-29
 240.537488     -2.177   0.301694    16.4549    -1.7153     -2.159     0.1743    -0.9961 -9.990e-29
 240.537494     -2.153   0.301995    16.4562    -1.7152     -2.135     0.1744    -0.9962 -9.990e-29
 240.537500     -2.133   0.302165    16.4561    -1.7151     -2.115     0.1745    -0.9961 -9.990e-29
 240.537506     -2.116   0.302430    16.4550    -1.7148     -2.098     0.1747    -0.9958 -9.990e-29
 240.537512     -2.097   0.302590    16.4521    -1.7146     -2.080     0.1748    -0.9952 -9.990e-29
 240.537517     -2.078   0.302304    16.4477    -1.7147     -2.061     0.1747    -0.9946 -9.990e-29
 240.537523     -2.063   0.301747    16.4434    -1.7148     -2.046     0.1743    -0.9941 -9.990e-29
 240.537529     -2.051   0.301283    16.4406    -1.7147     -2.034     0.1741    -0.9939 -9.990e-29
 240.537535     -2.040   0.300848    16.4397    -1.7148     -2.023     0.1738    -0.9939 -9.990e-29
 240.537541     -2.031   0.300417    16.4401    -1.7147     -2.014     0.1736    -0.9942 -9.990e-29
 240.537546     -2.023   0.300525    16.4424    -1.7146     -2.006     0.1736    -0.9945 -9.990e-29
 240.537552     -2.014   0.301316    16.4473    -1.7142     -1.997     0.1741    -0.9950 -9.990e-29
 240.537558     -2.006   0.302182    16.4533    -1.7142     -1.989     0.1746    -0.9956 -9.990e-29
 240.537564     -1.996   0.302619    16.4577    -1.7140     -1.979     0.1748    -0.9962 -9.990e-29
 240.537569     -1.985   0.302657    16.4590    -1.7140     -1.968     0.1748    -0.9964 -9.990e-29
 240.537575     -1.972   0.302346    16.4585    -1.7140     -1.956     0.1746    -0.9964 -9.990e-29
 240.537581     -1.960   0.301826    16.4581    -1.7139     -1.944     0.1743    -0.9966 -9.990e-29
 240.537587     -1.952   0.301512    16.4587    -1.7138     -1.936     0.1741    -0.9968 -9.990e-29
 240.537593     -1.945   0.301541    16.4612    -1.7136     -1.929     0.1742    -0.9973 -9.990e-29
 240.537598     -1.933   0.301951    16.4668    -1.7135     -1.917     0.1744    -0.9980 -9.990e-29
 240.537604     -1.915   0.302737    16.4742    -1.7134     -1.899     0.1748    -0.9989 -9.990e-29
 240.537610     -1.891   0.303286    16.4806    -1.7133     -1.875     0.1751    -0.9998 -9.990e-29
 240.537616     -1.863   0.303222    16.4850    -1.7134     -1.847     0.1750    -1.0006 -9.990e-29
 240.537622     -1.837   0.303016    16.4879    -1.7133     -1.822     0.1749    -1.0012 -9.990e-29
 240.537627     -1.818   0.302946    16.4901    -1.7131     -1.803     0.1749    -1.0016 -9.990e-29
 240.537633     -1.802   0.302920    16.4929    -1.7128     -1.787     0.1748    -1.0021 -9.990e-29
 240.537639     -1.790   0.302903    16.4970    -1.7127     -1.775     0.1748    -1.0028 -9.990e-29
 240.537645     -1.780   0.302874    16.5020    -1.7127     -1.765     0.1748    -1.0036 -9.990e-29
 240.537650     -1.773   0.302795    16.5069    -1.7127     -1.758     0.1747    -1.0045 -9.990e-29
 240.537656     -1.766   0.302562    16.5110    -1.7127     -1.751     0.1746    -1.0053 -9.990e-29
 240.537662     -1.761   0.302417    16.5134    -1.7127     -1.746     0.1745    -1.0058 -9.990e-29
 240.537668     -1.757   0.302722    16.5149    -1.7125     -1.742     0.1746    -1.0059 -9.990e-29
 240.537674     -1.753   0.303332    16.5181    -1.7125     -1.738     0.1750    -1.0062 -9.990e-29
 240.537679     -1.749   0.303953    16.5241    -1.7126     -1.734     0.1753    -1.0070 -9.990e-29
 240.537685     -1.745   0.304308    16.5305    -1.7127     -1.730     0.1755    -1.0079 -9.990e-29
 240.537691     -1.741   0.304317    16.5347    -1.7128     -1.726     0.1755    -1.0086 -9.990e-29
 240.537697     -1.736   0.303992    16.5364    -1.7129     -1.722     0.1753    -1.0091 -9.990e-29
 240.537703     -1.730   0.303452    16.5371    -1.7130     -1.716     0.1750    -1.0094 -9.990e-29
 240.537708     -1.723   0.303088    16.5382    -1.7129     -1.709     0.1748    -1.0098 -9.990e-29
 240.537714     -1.715   0.302966    16.5404    -1.7131     -1.701     0.1747    -1.0102 -9.990e-29
 240.537720     -1.708   0.302925    16.5427    -1.7130     -1.694     0.1746    -1.0106 -9.990e-29
 240.537726     -1.707   0.302911    16.5432    -1.7130     -1.693     0.1746    -1.0107 -9.990e-29
 240.537731     -1.708   0.302906    16.5415    -1.7129     -1.694     0.1746    -1.0104 -9.990e-29
 240.537737     -1.706   0.302904    16.5383    -1.7129     -1.692     0.1746    -1.0099 -9.990e-29
 240.537743     -1.701   0.302903    16.5345    -1.7129     -1.687     0.1747    -1.0092 -9.990e-29
 240.537749     -1.693   0.302904    16.5311    -1.7129     -1.679     0.1747    -1.0086 -9.990e-29
 240.537755     -1.681   0.302907    16.5290    -1.7129     -1.667     0.1747    -1.0083 -9.990e-29
 240.537760     -1.665   0.302919    16.5282    -1.7130     -1.651     0.1747    -1.0081 -9.990e-29
 240.537766     -1.644   0.302955    16.5280    -1.7130     -1.630     0.1747    -1.0081 -9.990e-29
 240.537772     -1.621   0.303064    16.5284    -1.7129     -1.607     0.1748    -1.0081 -9.990e-29
 240.537778     -1.601   0.303391    16.5293    -1.7128     -1.588     0.1750    -1.0081 -9.990e-29
 240.537784     -1.590   0.303821    16.5303    -1.7128     -1.577     0.1752    -1.0081 -9.990e-29
 240.537789     -1.581   0.303820    16.5309    -1.7127     -1.568     0.1752    -1.0082 -9.990e-29
 240.537795     -1.570   0.303389    16.5312    -1.7126     -1.557     0.1750    -1.0084 -9.990e-29
 240.537801     -1.561   0.303061    16.5314    -1.7126     -1.548     0.1748    -1.0086 -9.990e-29
 240.537807     -1.552   0.302951    16.5310    -1.7125     -1.539     0.1747    -1.0086 -9.990e-29
 240.537813     -1.539   0.302914    16.5301    -1.7123     -1.526     0.1747    -1.0085 -9.990e-29
 240.537818     -1.526   0.302901    16.5307    -1.7121     -1.513     0.1747    -1.0086 -9.990e-29
 240.537824     -1.516   0.302897    16.5333    -1.7119     -1.503     0.1747    -1.0090 -9.990e-29
 240.537830     -1.507   0.302895    16.5362    -1.7121     -1.494     0.1746    -1.0095 -9.990e-29
 240.537836     -1.501   0.302893    16.5386    -1.7122     -1.488     0.1746    -1.0099 -9.990e-29
 240.537841     -1.496   0.302891    16.5409    -1.7124     -1.484     0.1746    -1.0103 -9.990e-29
 240.537847     -1.491   0.302887    16.5431    -1.7125     -1.479     0.1746    -1.0107 -9.990e-29
 240.537853     -1.487   0.302874    16.5457    -1.7125     -1.475     0.1746    -1.0112 -9.990e-29
 240.537859     -1.484   0.302837    16.5498    -1.7126     -1.472     0.1746    -1.0119 -9.990e-29
 240.537865     -1.481   0.302727    16.5553    -1.7128     -1.469     0.1745    -1.0129 -9.990e-29
 240.537870     -1.478   0.302398    16.5610    -1.7129     -1.466     0.1743    -1.0140 -9.990e-29
 240.537876     -1.474   0.301966    16.5640    -1.7129     -1.462     0.1740    -1.0147 -9.990e-29
 240.537882     -1.471   0.301964    16.5624    -1.7129     -1.459     0.1740    -1.0144 -9.990e-29
 240.537888     -1.466   0.302390    16.5581    -1.7129     -1.454     0.1743    -1.0135 -9.990e-29
 240.537894     -1.461   0.302705    16.5537    -1.7129     -1.449     0.1745    -1.0126 -9.990e-29
 240.537899     -1.454   0.302776    16.5502    -1.7127     -1.442     0.1745    -1.0120 -9.990e-29
 240.537905     -1.450   0.302698    16.5471    -1.7125     -1.438     0.1745    -1.0115 -9.990e-29
 240.537911     -1.452   0.302369    16.5430    -1.7124     -1.440     0.1743    -1.0109 -9.990e-29
 240.537917     -1.457   0.301903    16.5384    -1.7123     -1.445     0.1741    -1.0103 -9.990e-29
 240.537922     -1.460   0.301787    16.5355    -1.7121     -1.448     0.1740    -1.0099 -9.990e-29
 240.537928     -1.462   0.301868    16.5347    -1.7122     -1.450     0.1741    -1.0097 -9.990e-29
 240.537934     -1.463   0.301701    16.5347    -1.7124     -1.451     0.1740    -1.0098 -9.990e-29
 240.537940     -1.463   0.301617    16.5353    -1.7125     -1.451     0.1739    -1.0099 -9.990e-29
 240.537946     -1.461   0.301875    16.5375    -1.7126     -1.449     0.1740    -1.0102 -9.990e-29
 240.537951     -1.459   0.302264    16.5419    -1.7127     -1.447     0.1743    -1.0108 -9.990e-29
 240.537957     -1.454   0.302565    16.5470    -1.7129     -1.442     0.1744    -1.0115 -9.990e-29
 240.537963     -1.449   0.302622    16.5511    -1.7127     -1.437     0.1744    -1.0122 -9.990e-29
 240.537969     -1.441   0.302325    16.5546    -1.7124     -1.429     0.1742    -1.0129 -9.990e-29
 240.537975     -1.430   0.301831    16.5570    -1.7122     -1.418     0.1739    -1.0136 -9.990e-29
 240.537980     -1.416   0.301588    16.5565    -1.7121     -1.404     0.1738    -1.0136 -9.990e-29
 240.537986     -1.398   0.301824    16.5531    -1.7121     -1.386     0.1740    -1.0129 -9.990e-29
 240.537992     -1.380   0.302299    16.5489    -1.7121     -1.368     0.1742    -1.0120 -9.990e-29
 240.537998     -1.363   0.302536    16.5453    -1.7121     -1.352     0.1744    -1.0112 -9.990e-29
 240.538003     -1.348   0.302299    16.5427    -1.7120     -1.337     0.1743    -1.0109 -9.990e-29
 240.538009     -1.332   0.301822    16.5424    -1.7119     -1.321     0.1740    -1.0111 -9.990e-29
 240.538015     -1.316   0.301578    16.5462    -1.7118     -1.305     0.1738    -1.0118 -9.990e-29
 240.538021     -1.302   0.301793    16.5527    -1.7119     -1.291     0.1739    -1.0128 -9.990e-29
 240.538027     -1.294   0.302198    16.5588    -1.7123     -1.283     0.1741    -1.0137 -9.990e-29
 240.538032     -1.286   0.302226    16.5627    -1.7125     -1.275     0.1741    -1.0144 -9.990e-29
 240.538038     -1.275   0.301911    16.5643    -1.7126     -1.264     0.1740    -1.0148 -9.990e-29
 240.538044     -1.264   0.301940    16.5654    -1.7130     -1.253     0.1740    -1.0150 -9.990e-29
 240.538050     -1.256   0.302348    16.5671    -1.7131     -1.246     0.1742    -1.0151 -9.990e-29
 240.538056     -1.251   0.302572    16.5695    -1.7130     -1.241     0.1743    -1.0154 -9.990e-29
 240.538061     -1.248   0.302355    16.5716    -1.7132     -1.238     0.1742    -1.0158 -9.990e-29
 240.538067     -1.248   0.301961    16.5711    -1.7132     -1.238     0.1740    -1.0159 -9.990e-29
 240.538073     -1.250   0.301972    16.5663    -1.7132     -1.240     0.1740    -1.0151 -9.990e-29
 240.538079     -1.250   0.302398    16.5588    -1.7132     -1.240     0.1743    -1.0136 -9.990e-29
 240.538084     -1.244   0.302701    16.5514    -1.7132     -1.234     0.1745    -1.0122 -9.990e-29
 240.538090     -1.236   0.302728    16.5439    -1.7132     -1.226     0.1745    -1.0109 -9.990e-29
 240.538096     -1.230   0.302515    16.5364    -1.7135     -1.220     0.1744    -1.0097 -9.990e-29
 240.538102     -1.224   0.302332    16.5314    -1.7136     -1.214     0.1743    -1.0089 -9.990e-29
 240.538108     -1.220   0.302486    16.5288    -1.7137     -1.210     0.1744    -1.0084 -9.990e-29
 240.538113     -1.216   0.302625    16.5266    -1.7137     -1.206     0.1745    -1.0080 -9.990e-29
 240.538119     -1.212   0.302380    16.5250    -1.7138     -1.202     0.1744    -1.0078 -9.990e-29
 240.538125     -1.209   0.301977    16.5240    -1.7139     -1.199     0.1742    -1.0078 -9.990e-29
 240.538131     -1.205   0.301985    16.5232    -1.7139     -1.195     0.1742    -1.0077 -9.990e-29
 240.538137     -1.201   0.302415    16.5219    -1.7139     -1.191     0.1744    -1.0073 -9.990e-29
 240.538142     -1.197   0.302731    16.5185    -1.7138     -1.187     0.1746    -1.0065 -9.990e-29
 240.538148     -1.191   0.302801    16.5136    -1.7138     -1.181     0.1747    -1.0057 -9.990e-29
 240.538154     -1.185   0.302717    16.5097    -1.7138     -1.175     0.1746    -1.0050 -9.990e-29
 240.538160     -1.176   0.302366    16.5068    -1.7138     -1.166     0.1745    -1.0047 -9.990e-29
 240.538166     -1.170   0.301831    16.5038    -1.7140     -1.160     0.1742    -1.0044 -9.990e-29
 240.538171     -1.170   0.301506    16.5008    -1.7139     -1.160     0.1740    -1.0040 -9.990e-29
 240.538177     -1.171   0.301507    16.4986    -1.7138     -1.161     0.1740    -1.0037 -9.990e-29
 240.538183     -1.170   0.301835    16.4975    -1.7139     -1.160     0.1742    -1.0033 -9.990e-29
 240.538189     -1.166   0.302374    16.4975    -1.7138     -1.156     0.1745    -1.0031 -9.990e-29
 240.538194     -1.159   0.302735    16.4986    -1.7137     -1.149     0.1747    -1.0031 -9.990e-29
 240.538200     -1.149   0.302844    16.5000    -1.7137     -1.139     0.1748    -1.0033 -9.990e-29
 240.538206     -1.135   0.302845    16.5006    -1.7136     -1.126     0.1748    -1.0034 -9.990e-29
 240.538212     -1.120   0.302737    16.5000    -1.7135     -1.111     0.1747    -1.0034 -9.990e-29
 240.538218     -1.108   0.302375    16.4988    -1.7137     -1.099     0.1745    -1.0033 -9.990e-29
 240.538223     -1.098   0.301829    16.4987    -1.7137     -1.089     0.1742    -1.0035 -9.990e-29
 240.538229     -1.094   0.301475    16.4993    -1.7137     -1.085     0.1740    -1.0038 -9.990e-29
 240.538235     -1.095   0.301393    16.5000    -1.7136     -1.086     0.1739    -1.0040 -9.990e-29
 240.538241     -1.094   0.301475    16.5016    -1.7135     -1.085     0.1740    -1.0042 -9.990e-29
 240.538247     -1.084   0.301827    16.5042    -1.7135     -1.075     0.1741    -1.0045 -9.990e-29
 240.538252     -1.067   0.302363    16.5067    -1.7136     -1.058     0.1745    -1.0047 -9.990e-29
 240.538258     -1.045   0.302690    16.5088    -1.7136     -1.036     0.1746    -1.0049 -9.990e-29
 240.538264     -1.025   0.302691    16.5093    -1.7137     -1.016     0.1746    -1.0050 -9.990e-29
 240.538270     -1.010   0.302364    16.5078    -1.7139     -1.002     0.1744    -1.0049 -9.990e-29
 240.538275     -1.000   0.301826    16.5068    -1.7137     -0.992     0.1741    -1.0049 -9.990e-29
 240.538281     -0.993   0.301463    16.5077    -1.7134     -0.985     0.1739    -1.0052 -9.990e-29
 240.538287     -0.990   0.301347    16.5097    -1.7132     -0.982     0.1738    -1.0056 -9.990e-29
 240.538293     -0.989   0.301320    16.5112    -1.7130     -0.981     0.1738    -1.0059 -9.990e-29
 240.538299     -0.988   0.301347    16.5114    -1.7129     -0.980     0.1738    -1.0059 -9.990e-29
 240.538304     -0.981   0.301462    16.5103    -1.7131     -0.973     0.1739    -1.0057 -9.990e-29
 240.538310     -0.972   0.301817    16.5084    -1.7132     -0.964     0.1741    -1.0052 -9.990e-29
 240.538316     -0.964   0.302331    16.5063    -1.7134     -0.956     0.1744    -1.0046 -9.990e-29
 240.538322     -0.959   0.302579    16.5060    -1.7135     -0.951     0.1746    -1.0045 -9.990e-29
 240.538328     -0.954   0.302338    16.5098    -1.7136     -0.946     0.1744    -1.0052 -9.990e-29
 240.538333     -0.950   0.301838    16.5171    -1.7137     -0.942     0.1741    -1.0067 -9.990e-29
 240.538339     -0.946   0.301520    16.5248    -1.7137     -0.938     0.1739    -1.0082 -9.990e-29
 240.538345     -0.943   0.301512    16.5301    -1.7137     -0.935     0.1739    -1.0091 -9.990e-29
 240.538351     -0.940   0.301802    16.5312    -1.7134     -0.932     0.1740    -1.0091 -9.990e-29
 240.538356     -0.936   0.302221    16.5285    -1.7132     -0.928     0.1743    -1.0085 -9.990e-29
 240.538362     -0.932   0.302218    16.5239    -1.7130     -0.924     0.1743    -1.0077 -9.990e-29
 240.538368     -0.928   0.301788    16.5192    -1.7127     -0.920     0.1741    -1.0071 -9.990e-29
 240.538374     -0.923   0.301463    16.5154    -1.7124     -0.915     0.1739    -1.0066 -9.990e-29
