data/oxygen options/ONMS/Olympic_Coast_National_Marine_Sanctuary_CTD_Data_2005_2023/raw_data/2014/CAST_KL027_141008faedb.cnv
* Sea-Bird SBE19 Data File:
* FileName = C:\2014 Mooring Data\Casts\CAST_KL027_141008.hex
* Software Version 1.59
* Temperature SN = 2997
* Conductivity SN = 2997
* System UpLoad Time = Oct 08 2014 20:42:25
** CAST_KL027_141008
* ds
# nquan = 9
# nvalues = 27                          
# units = specified
# name 0 = timeJ: Julian Days
# name 1 = prSM: Pressure, Strain Gauge [db]
# name 2 = c0mS/cm: Conductivity [mS/cm]
# name 3 = t090C: Temperature [ITS-90, deg C]
# name 4 = sbeox0ML/L: Oxygen, SBE 43 [ml/l]
# name 5 = depSM: Depth [salt water, m], lat = 47.5
# name 6 = sal00: Salinity, Practical [PSU]
# name 7 = sigma-é00: Density [sigma-theta, kg/m^3]
# name 8 = flag: flag
# span 0 = 281.717873, 281.718447       
# span 1 =      2.000,     28.000       
# span 2 =  35.157693,  39.702179       
# span 3 =     9.1208,    15.6171       
# span 4 =     3.2100,     6.2842       
# span 5 =      1.984,     27.764       
# span 6 =    30.7769,    32.8045       
# span 7 =    22.5871,    25.3786       
# span 8 = 0.0000e+00, 0.0000e+00       
# interval = decibars: 1                
# start_time = Oct 08 2014 17:04:34 [Instrument's time stamp, header]
# bad_flag = -9.990e-29
*END*
 281.717873      2.000  38.785588    15.6121     6.2787      1.984    30.7769    22.5871 0.0000e+00
 281.717899      3.000  38.993365    15.6171     6.2430      2.975    30.9562    22.7239 0.0000e+00
 281.717920      4.000  39.071868    15.5987     6.2608      3.967    31.0397    22.7921 0.0000e+00
 281.717940      5.000  39.105970    15.5780     6.2842      4.958    31.0857    22.8321 0.0000e+00
 281.717959      6.000  39.137795    15.5637     6.2474      5.950    31.1249    22.8653 0.0000e+00
 281.717978      7.000  39.166825    15.5569     6.2366      6.941    31.1556    22.8904 0.0000e+00
 281.717997      8.000  39.188652    15.5548     6.2491      7.933    31.1762    22.9067 0.0000e+00
 281.718017      9.000  39.212862    15.5549     6.2483      8.925    31.1973    22.9229 0.0000e+00
 281.718037     10.000  39.244279    15.5550     6.2061      9.916    31.2247    22.9440 0.0000e+00
 281.718058     11.000  39.261503    15.5552     6.2529     10.908    31.2394    22.9553 0.0000e+00
 281.718081     12.000  39.264734    15.5550     6.2546     11.899    31.2421    22.9574 0.0000e+00
 281.718107     13.000  39.270832    15.5550     6.1848     12.891    31.2471    22.9613 0.0000e+00
 281.718131     14.000  39.360959    15.5365     6.0986     13.883    31.3413    23.0378 0.0000e+00
 281.718155     15.000  39.547816    15.4756     5.9962     14.875    31.5555    23.2159 0.0000e+00
 281.718180     16.000  39.688325    15.3415     5.9429     15.866    31.7883    23.4242 0.0000e+00
 281.718203     17.000  39.702179    15.2344     5.9043     16.857    31.8871    23.5234 0.0000e+00
 281.718226     18.000  39.678879    15.1117     5.8846     17.849    31.9659    23.6105 0.0000e+00
 281.718248     19.000  39.452740    14.7265     5.6776     18.840    32.0777    23.7788 0.0000e+00
 281.718269     20.000  38.881378    13.9370     5.2882     19.832    32.2108    24.0458 0.0000e+00
 281.718289     21.000  38.120126    12.9319     4.6078     20.824    32.3502    24.3538 0.0000e+00
 281.718308     22.000  37.320088    11.9418     4.1464     21.815    32.4393    24.6114 0.0000e+00
 281.718327     23.000  36.478982    10.7837     4.1147     22.807    32.6340    24.9712 0.0000e+00
 281.718345     24.000  35.792714    10.0020     3.6375     23.798    32.6464    25.1148 0.0000e+00
 281.718365     25.000  35.537349     9.6191     3.2100     24.790    32.7333    25.2453 0.0000e+00
 281.718385     26.000  35.227243     9.2176     3.3703     25.782    32.7811    25.3472 0.0000e+00
 281.718405     27.000  35.157693     9.1208     3.4879     26.773    32.7977    25.3755 0.0000e+00
 281.718447     28.000  35.177037     9.1348     3.5397     27.764    32.8045    25.3786 0.0000e+00
