data/oxygen options/ONMS/Olympic_Coast_National_Marine_Sanctuary_CTD_Data_2005_2023/raw_data/2014/CAST_KL015_140521faed.cnv
* Sea-Bird SBE19 Data File:
* FileName = C:\2014 Mooring Data\Casts\CAST_KL015_140521.hex
* Software Version 1.59
* Temperature SN = 2997
* Conductivity SN = 2997
* System UpLoad Time = May 23 2014 23:27:21
** CAST_KL015_140521
* ds
# nquan = 9                                 
# nvalues = 1295                        
# units = specified
# name 0 = timeJ: Julian Days
# name 1 = prSM: Pressure, Strain Gauge [db]
# name 2 = c0mS/cm: Conductivity [mS/cm]
# name 3 = t090C: Temperature [ITS-90, deg C]
# name 4 = sbeox0ML/L: Oxygen, SBE 43 [ml/l]
# name 5 = depSM: Depth [salt water, m], lat = 47.5
# name 6 = sal00: Salinity, Practical [PSU]
# name 7 = sigma-é00: Density [sigma-theta, kg/m^3]
# name 8 = flag: flag
# span 0 = 141.796215, 141.803704       
# span 1 =     -5.600,     14.727       
# span 2 =   0.118627,  35.372153       
# span 3 =     9.7185,    15.1320       
# span 4 =    -1.7921,    17.3583       
# span 5 =     -5.553,     14.604       
# span 6 =     0.0713,    32.4600       
# span 7 =    -0.8576,    25.0148       
# span 8 = 0.0000e+00, 0.0000e+00       
# interval = seconds: 0.5
# start_time = May 21 2014 19:06:33 [Instrument's time stamp, header]
# bad_flag = -9.990e-29
*END*
[from data line 481]
 141.798999      0.478  34.148086    14.0977     4.9157      0.474    27.7764    20.5934 -9.990e-29
 141.799005      0.481  34.150697    14.0975     4.8275      0.477    27.7789    20.5953 -9.990e-29
 141.799010      0.480  34.155140    14.0969     4.8159      0.476    27.7833    20.5989 -9.990e-29
 141.799016      0.476  34.155597    14.0961     4.8736      0.472    27.7843    20.5998 -9.990e-29
 141.799022      0.471  34.152875    14.0957     4.9405      0.467    27.7821    20.5982 -9.990e-29
 141.799028      0.475  34.150072    14.0959     4.9612      0.471    27.7794    20.5961 -9.990e-29
 141.799034      0.487  34.150920    14.0960     4.9376      0.483    27.7801    20.5966 -9.990e-29
 141.799039      0.499  34.155990    14.0958     4.9218      0.495    27.7848    20.6003 -9.990e-29
 141.799045      0.509  34.161025    14.0956     4.9118      0.505    27.7895    20.6039 -9.990e-29
 141.799051      0.517  34.162658    14.0954     4.9170      0.513    27.7911    20.6052 -9.990e-29
 141.799057      0.522  34.160263    14.0955     4.9727      0.518    27.7889    20.6035 -9.990e-29
 141.799062      0.527  34.156802    14.0959     5.0663      0.523    27.7855    20.6008 -9.990e-29
 141.799068      0.530  34.157176    14.0963     5.1706      0.526    27.7855    20.6007 -9.990e-29
 141.799074      0.533  34.161318    14.0964     5.2286      0.529    27.7892    20.6035 -9.990e-29
 141.799080      0.534  34.162988    14.0964     5.2353      0.530    27.7907    20.6047 -9.990e-29
 141.799086      0.535  34.161051    14.0964     5.2019      0.531    27.7890    20.6033 -9.990e-29
 141.799091      0.536  34.161320    14.0964     5.1497      0.532    27.7892    20.6035 -9.990e-29
 141.799097      0.536  34.163028    14.0963     5.1006      0.532    27.7908    20.6048 -9.990e-29
 141.799103      0.535  34.159492    14.0959     5.1007      0.531    27.7879    20.6026 -9.990e-29
 141.799109      0.534  34.152150    14.0947     5.1413      0.530    27.7822    20.5984 -9.990e-29
 141.799115      0.533  34.150806    14.0937     5.1764      0.529    27.7817    20.5982 -9.990e-29
 141.799120      0.530  34.155905    14.0937     5.1361      0.526    27.7863    20.6018 -9.990e-29
 141.799126      0.527  34.156883    14.0939     5.0688      0.523    27.7870    20.6023 -9.990e-29
 141.799132      0.523  34.152802    14.0938     5.0318      0.519    27.7834    20.5996 -9.990e-29
 141.799138      0.517  34.152214    14.0936     5.0074      0.513    27.7830    20.5993 -9.990e-29
 141.799144      0.514  34.155450    14.0931     5.0551      0.510    27.7863    20.6019 -9.990e-29
 141.799149      0.517  34.155625    14.0918     5.1360      0.513    27.7874    20.6030 -9.990e-29
 141.799155      0.523  34.152407    14.0907     5.2098      0.519    27.7853    20.6016 -9.990e-29
 141.799161      0.528  34.151582    14.0909     5.2588      0.524    27.7844    20.6009 -9.990e-29
 141.799167      0.531  34.152604    14.0919     5.2554      0.527    27.7846    20.6008 -9.990e-29
 141.799172      0.539  34.150112    14.0926     5.2048      0.535    27.7818    20.5986 -9.990e-29
 141.799178      0.554  34.145261    14.0928     5.1554      0.549    27.7773    20.5951 -9.990e-29
 141.799184      0.570  34.144457    14.0928     5.1696      0.565    27.7766    20.5945 -9.990e-29
 141.799190      0.579  34.148303    14.0931     5.1889      0.574    27.7798    20.5969 -9.990e-29
 141.799196      0.585  34.149605    14.0937     5.1677      0.580    27.7806    20.5974 -9.990e-29
 141.799201      0.595  34.145615    14.0939     5.1361      0.590    27.7768    20.5945 -9.990e-29
 141.799207      0.604  34.142207    14.0936     5.1027      0.599    27.7740    20.5923 -9.990e-29
 141.799213      0.603  34.143794    14.0936     5.0674      0.598    27.7754    20.5934 -9.990e-29
 141.799219      0.594  34.148006    14.0937     5.0461      0.589    27.7791    20.5963 -9.990e-29
 141.799225      0.583  34.149819    14.0934     5.0563      0.578    27.7810    20.5978 -9.990e-29
 141.799230      0.575  34.148287    14.0931     5.0844      0.570    27.7798    20.5969 -9.990e-29
 141.799236      0.569  34.146962    14.0932     5.1214      0.564    27.7786    20.5959 -9.990e-29
 141.799242      0.564  34.147435    14.0932     5.1111      0.559    27.7790    20.5963 -9.990e-29
 141.799248      0.561  34.148092    14.0926     5.0617      0.556    27.7800    20.5972 -9.990e-29
 141.799253      0.559  34.148685    14.0919     5.0087      0.554    27.7810    20.5981 -9.990e-29
 141.799259      0.557  34.149999    14.0923     4.9895      0.552    27.7819    20.5987 -9.990e-29
 141.799265      0.557  34.150984    14.0937     4.9665      0.552    27.7818    20.5984 -9.990e-29
 141.799271      0.557  34.150151    14.0950     4.9540      0.552    27.7801    20.5968 -9.990e-29
 141.799277      0.558  34.148624    14.0962     5.0037      0.553    27.7779    20.5948 -9.990e-29
 141.799282      0.561  34.148843    14.0973     5.0512      0.556    27.7773    20.5942 -9.990e-29
 141.799288      0.564  34.149976    14.0977     5.0915      0.559    27.7780    20.5947 -9.990e-29
 141.799294      0.568  34.149051    14.0978     5.0782      0.563    27.7771    20.5939 -9.990e-29
 141.799300      0.574  34.145392    14.0978     5.0158      0.569    27.7738    20.5914 -9.990e-29
 141.799306      0.582  34.141394    14.0972     4.9953      0.577    27.7707    20.5891 -9.990e-29
 141.799311      0.588  34.141243    14.0965     5.0673      0.583    27.7710    20.5895 -9.990e-29
 141.799317      0.584  34.144172    14.0963     5.1671      0.579    27.7738    20.5917 -9.990e-29
 141.799323      0.569  34.144005    14.0959     5.2144      0.564    27.7739    20.5919 -9.990e-29
 141.799329      0.557  34.139953    14.0948     5.1719      0.552    27.7711    20.5899 -9.990e-29
 141.799334      0.557  34.135572    14.0929     5.0783      0.552    27.7685    20.5883 -9.990e-29
 141.799340      0.572  34.133415    14.0892     4.9709      0.567    27.7692    20.5895 -9.990e-29
 141.799346      0.588  34.135642    14.0829     4.8916      0.583    27.7758    20.5958 -9.990e-29
 141.799352      0.599  34.139057    14.0756     4.8567      0.594    27.7841    20.6037 -9.990e-29
 141.799358      0.605  34.138692    14.0706     4.8799      0.600    27.7874    20.6072 -9.990e-29
 141.799363      0.606  34.136852    14.0706     4.9564      0.601    27.7857    20.6059 -9.990e-29
 141.799369      0.606  34.137238    14.0741     5.1051      0.601    27.7835    20.6035 -9.990e-29
 141.799375      0.611  34.139239    14.0780     5.2500      0.606    27.7825    20.6020 -9.990e-29
 141.799381      0.620  34.140482    14.0809     5.3385      0.615    27.7816    20.6007 -9.990e-29
 141.799387      0.629  34.140382    14.0824     5.4372      0.624    27.7804    20.5995 -9.990e-29
 141.799392      0.635  34.141041    14.0823     5.5480      0.630    27.7810    20.6000 -9.990e-29
 141.799398      0.639  34.143336    14.0804     5.5902      0.634    27.7845    20.6030 -9.990e-29
 141.799404      0.635  34.145283    14.0764     5.5498      0.630    27.7891    20.6074 -9.990e-29
 141.799410      0.625  34.144436    14.0707     5.4253      0.620    27.7925    20.6111 -9.990e-29
 141.799416      0.616  34.141341    14.0635     5.3374      0.611    27.7949    20.6144 -9.990e-29
 141.799421      0.611  34.139146    14.0570     5.3179      0.606    27.7976    20.6177 -9.990e-29
 141.799427      0.610  34.139958    14.0535     5.3252      0.605    27.8008    20.6209 -9.990e-29
 141.799433      0.614  34.142615    14.0530     5.3358      0.609    27.8036    20.6232 -9.990e-29
 141.799439      0.618  34.143938    14.0545     5.3606      0.613    27.8037    20.6229 -9.990e-29
 141.799444      0.617  34.144005    14.0574     5.3833      0.612    27.8017    20.6208 -9.990e-29
 141.799450      0.618  34.145141    14.0600     5.3812      0.613    27.8008    20.6196 -9.990e-29
 141.799456      0.623  34.146618    14.0608     5.3772      0.618    27.8016    20.6201 -9.990e-29
 141.799462      0.633  34.146482    14.0598     5.3839      0.628    27.8022    20.6207 -9.990e-29
 141.799468      0.644  34.145669    14.0589     5.3970      0.639    27.8021    20.6208 -9.990e-29
 141.799473      0.649  34.146450    14.0586     5.3870      0.644    27.8030    20.6216 -9.990e-29
 141.799479      0.644  34.148183    14.0580     5.3158      0.639    27.8050    20.6233 -9.990e-29
 141.799485      0.632  34.148133    14.0576     5.2492      0.627    27.8052    20.6235 -9.990e-29
 141.799491      0.621  34.146232    14.0582     5.2579      0.616    27.8031    20.6218 -9.990e-29
 141.799497      0.616  34.144980    14.0599     5.3269      0.611    27.8007    20.6196 -9.990e-29
 141.799502      0.611  34.146063    14.0631     5.4027      0.606    27.7994    20.6179 -9.990e-29
 141.799508      0.601  34.148121    14.0680     5.4220      0.596    27.7977    20.6157 -9.990e-29
 141.799514      0.591  34.147736    14.0735     5.4150      0.586    27.7934    20.6113 -9.990e-29
 141.799520      0.588  34.143272    14.0790     5.4469      0.583    27.7854    20.6041 -9.990e-29
 141.799525      0.596  34.134373    14.0837     5.5311      0.591    27.7740    20.5943 -9.990e-29
 141.799531      0.612  34.126529    14.0862     5.6050      0.607    27.7652    20.5870 -9.990e-29
 141.799537      0.628  34.128875    14.0867     5.6478      0.623    27.7669    20.5883 -9.990e-29
 141.799543      0.636  34.136697    14.0865     5.6672      0.631    27.7741    20.5938 -9.990e-29
 141.799549      0.637  34.139704    14.0855     5.6535      0.632    27.7775    20.5967 -9.990e-29
 141.799554      0.640  34.138541    14.0842     5.6273      0.635    27.7774    20.5968 -9.990e-29
 141.799560      0.645  34.138375    14.0840     5.5831      0.640    27.7774    20.5969 -9.990e-29
 141.799566      0.644  34.140100    14.0850     5.4898      0.639    27.7782    20.5973 -9.990e-29
 141.799572      0.636  34.139852    14.0866     5.3541      0.631    27.7769    20.5960 -9.990e-29
 141.799578      0.629  34.136736    14.0883     5.2132      0.624    27.7728    20.5925 -9.990e-29
 141.799583      0.628  34.134433    14.0889     5.0615      0.623    27.7703    20.5905 -9.990e-29
 141.799589      0.632  34.134908    14.0888     4.9254      0.627    27.7708    20.5909 -9.990e-29
 141.799595      0.638  34.136552    14.0887     4.8262      0.633    27.7724    20.5921 -9.990e-29
 141.799601      0.636  34.137073    14.0883     4.7834      0.631    27.7731    20.5927 -9.990e-29
 141.799606      0.628  34.136042    14.0880     4.8392      0.623    27.7724    20.5923 -9.990e-29
 141.799612      0.621  34.134319    14.0881     4.9448      0.616    27.7708    20.5910 -9.990e-29
 141.799618      0.619  34.133522    14.0880     5.0608      0.614    27.7702    20.5905 -9.990e-29
 141.799624      0.621  34.134267    14.0875     5.2141      0.616    27.7712    20.5914 -9.990e-29
 141.799630      0.628  34.135303    14.0871     5.4064      0.623    27.7724    20.5924 -9.990e-29
 141.799635      0.637  34.136326    14.0874     5.6018      0.632    27.7731    20.5929 -9.990e-29
 141.799641      0.638  34.137577    14.0889     5.6936      0.633    27.7732    20.5926 -9.990e-29
 141.799647      0.633  34.137920    14.0913     5.6385      0.628    27.7718    20.5911 -9.990e-29
 141.799653      0.629  34.136688    14.0935     5.5385      0.624    27.7691    20.5886 -9.990e-29
 141.799659      0.630  34.135036    14.0944     5.5057      0.625    27.7669    20.5867 -9.990e-29
 141.799664      0.637  34.134678    14.0941     5.5432      0.632    27.7668    20.5867 -9.990e-29
 141.799670      0.645  34.135693    14.0931     5.5595      0.640    27.7684    20.5882 -9.990e-29
 141.799676      0.647  34.136070    14.0921     5.4675      0.642    27.7695    20.5892 -9.990e-29
 141.799682      0.643  34.134628    14.0916     5.2919      0.638    27.7686    20.5886 -9.990e-29
 141.799688      0.641  34.132239    14.0917     5.1174      0.636    27.7663    20.5868 -9.990e-29
 141.799693      0.645  34.130194    14.0922     4.9745      0.640    27.7641    20.5850 -9.990e-29
 141.799699      0.651  34.126884    14.0930     4.8612      0.646    27.7606    20.5821 -9.990e-29
 141.799705      0.652  34.113970    14.0939     4.7845      0.647    27.7483    20.5725 -9.990e-29
 141.799711      0.646  34.082068    14.0947     4.7211      0.641    27.7190    20.5498 -9.990e-29
 141.799716      0.642  34.033452    14.0947     4.6966      0.637    27.6752    20.5160 -9.990e-29
 141.799722      0.645  33.983405    14.0935     4.7683      0.640    27.6310    20.4822 -9.990e-29
 141.799728      0.650  33.957013    14.0916     4.9023      0.645    27.6086    20.4653 -9.990e-29
 141.799734      0.653  33.987901    14.0896     5.0584      0.648    27.6378    20.4882 -9.990e-29
 141.799740      0.654  34.060115    14.0883     5.2984      0.649    27.7038    20.5393 -9.990e-29
 141.799745      0.654  34.110359    14.0874     5.6667      0.649    27.7497    20.5749 -9.990e-29
 141.799751      0.657  34.126673    14.0843     6.0221      0.652    27.7666    20.5885 -9.990e-29
 141.799757      0.667  34.131917    14.0788     6.2209      0.661    27.7753    20.5963 -9.990e-29
 141.799763      0.680  34.134198    14.0769     6.1714      0.674    27.7787    20.5993 -9.990e-29
 141.799769      0.685  34.135988    14.0808     5.9684      0.679    27.7775    20.5976 -9.990e-29
 141.799774      0.677  34.136863    14.0851     5.8474      0.671    27.7752    20.5950 -9.990e-29
 141.799780      0.670  34.136300    14.0874     5.8285      0.664    27.7731    20.5929 -9.990e-29
 141.799786      0.670  34.134660    14.0885     5.8431      0.664    27.7708    20.5909 -9.990e-29
 141.799792      0.674  34.134232    14.0891     5.7798      0.668    27.7700    20.5902 -9.990e-29
 141.799797      0.673  34.136673    14.0904     5.6054      0.667    27.7713    20.5909 -9.990e-29
 141.799803      0.664  34.139632    14.0924     5.3765      0.658    27.7725    20.5914 -9.990e-29
 141.799809      0.649  34.141445    14.0930     5.1611      0.644    27.7737    20.5922 -9.990e-29
 141.799815      0.642  34.142282    14.0915     5.0543      0.637    27.7755    20.5940 -9.990e-29
 141.799821      0.648  34.142132    14.0897     5.0324      0.643    27.7767    20.5952 -9.990e-29
 141.799826      0.662  34.141907    14.0888     5.0390      0.656    27.7771    20.5957 -9.990e-29
 141.799832      0.670  34.142418    14.0877     5.0579      0.664    27.7784    20.5969 -9.990e-29
 141.799838      0.673  34.142654    14.0855     5.0824      0.667    27.7802    20.5987 -9.990e-29
 141.799844      0.676  34.142362    14.0832     5.1032      0.670    27.7816    20.6002 -9.990e-29
 141.799850      0.678  34.143384    14.0819     5.1363      0.672    27.7834    20.6019 -9.990e-29
 141.799855      0.685  34.145394    14.0815     5.1962      0.679    27.7855    20.6036 -9.990e-29
 141.799861      0.697  34.146585    14.0799     5.3058      0.691    27.7877    20.6057 -9.990e-29
 141.799867      0.706  34.146858    14.0771     5.3980      0.700    27.7900    20.6079 -9.990e-29
 141.799873      0.707  34.147127    14.0757     5.4297      0.701    27.7913    20.6092 -9.990e-29
 141.799878      0.702  34.147742    14.0753     5.4454      0.696    27.7921    20.6099 -9.990e-29
 141.799884      0.694  34.148394    14.0753     5.4615      0.688    27.7927    20.6104 -9.990e-29
 141.799890      0.692  34.149384    14.0759     5.5262      0.686    27.7932    20.6106 -9.990e-29
 141.799896      0.695  34.150343    14.0762     5.5490      0.689    27.7938    20.6110 -9.990e-29
 141.799902      0.694  34.150861    14.0758     5.4763      0.688    27.7946    20.6117 -9.990e-29
 141.799907      0.691  34.151622    14.0745     5.3329      0.685    27.7962    20.6132 -9.990e-29
 141.799913      0.692  34.152512    14.0722     5.1623      0.686    27.7986    20.6156 -9.990e-29
