data/oxygen options/ONMS/Olympic_Coast_National_Marine_Sanctuary_CTD_Data_2005_2023/raw_data/2014/CAST_KL027_140624faed.cnv
* Sea-Bird SBE19 Data File:
* FileName = C:\2014 Mooring Data\CAST_KL027_140624.hex
* Software Version 1.59
* Temperature SN = 2997
* Conductivity SN = 2997
* System UpLoad Time = Jun 25 2014 00:06:18
** CAST_KL027_140624
* ds
# nquan = 9                                 
# nvalues = 1223                        
# units = specified
# name 0 = timeJ: Julian Days
# name 1 = prSM: Pressure, Strain Gauge [db]
# name 2 = c0mS/cm: Conductivity [mS/cm]
# name 3 = t090C: Temperature [ITS-90, deg C]
# name 4 = sbeox0ML/L: Oxygen, SBE 43 [ml/l]
# name 5 = depSM: Depth [salt water, m], lat = 47.5
# name 6 = sal00: Salinity, Practical [PSU]
# name 7 = sigma-é00: Density [sigma-theta, kg/m^3]
# name 8 = flag: flag
# span 0 = 175.773275, 175.780347       
# span 1 =     -5.868,     28.380       
# span 2 =   0.046590,  37.753727       
# span 3 =     7.7281,    16.0354       
# span 4 =    -1.7644,    17.0444       
# span 5 =     -5.819,     28.141       
# span 6 =     0.0303,    33.4747       
# span 7 =    -1.0127,    26.1137       
# span 8 = 0.0000e+00, 0.0000e+00       
# interval = seconds: 0.5
# start_time = Jun 24 2014 18:33:31 [Instrument's time stamp, header]
# bad_flag = -9.990e-29
*END*
[from data line 641]
 175.776985      0.925  37.537994    12.5049     9.1949      0.917    32.1710    24.2977 -9.990e-29
 175.776991      0.923  37.503583    12.5057     9.4387      0.915    32.1375    24.2716 -9.990e-29
 175.776997      0.924  37.464509    12.5045     9.6124      0.916    32.1013    24.2438 -9.990e-29
 175.777002      0.932  37.419024    12.5017     9.5180      0.924    32.0603    24.2126 -9.990e-29
 175.777008      0.943  37.386021    12.5015     9.3518      0.935    32.0290    24.1884 -9.990e-29
 175.777014      0.949  37.376334    12.5053     9.2938      0.941    32.0165    24.1780 -9.990e-29
 175.777020      0.947  37.371248    12.5105     9.3876      0.939    32.0072    24.1698 -9.990e-29
 175.777025      0.941  37.360986    12.5153     9.5547      0.933    31.9934    24.1581 -9.990e-29
 175.777031      0.938  37.362558    12.5174     9.6453      0.930    31.9931    24.1575 -9.990e-29
 175.777037      0.944  37.378437    12.5163     9.6184      0.936    32.0092    24.1702 -9.990e-29
 175.777043      0.953  37.391995    12.5161     9.5638      0.945    32.0222    24.1804 -9.990e-29
 175.777049      0.959  37.396422    12.5176     9.5604      0.951    32.0252    24.1823 -9.990e-29
 175.777054      0.961  37.394625    12.5185     9.5763      0.953    32.0227    24.1803 -9.990e-29
 175.777060      0.968  37.390197    12.5186     9.5456      0.960    32.0184    24.1769 -9.990e-29
 175.777066      0.980  37.384911    12.5194     9.4742      0.972    32.0127    24.1723 -9.990e-29
 175.777072      0.990  37.379953    12.5213     9.4336      0.982    32.0063    24.1670 -9.990e-29
 175.777078      0.995  37.376947    12.5236     9.4677      0.987    32.0015    24.1629 -9.990e-29
 175.777083      0.993  37.376752    12.5259     9.4769      0.985    31.9994    24.1608 -9.990e-29
 175.777089      0.991  37.376675    12.5279     9.4167      0.983    31.9976    24.1590 -9.990e-29
 175.777095      0.995  37.373061    12.5294     9.3685      0.987    31.9929    24.1551 -9.990e-29
 175.777101      1.007  37.367079    12.5305     9.3730      0.999    31.9862    24.1497 -9.990e-29
 175.777106      1.018  37.362358    12.5315     9.4308      1.010    31.9809    24.1454 -9.990e-29
 175.777112      1.020  37.359152    12.5320     9.4770      1.011    31.9774    24.1426 -9.990e-29
 175.777118      1.015  37.357491    12.5305     9.4689      1.007    31.9771    24.1426 -9.990e-29
 175.777124      1.013  37.358343    12.5276     9.4425      1.005    31.9804    24.1457 -9.990e-29
 175.777130      1.016  37.358729    12.5263     9.4395      1.008    31.9818    24.1471 -9.990e-29
 175.777135      1.010  37.356732    12.5270     9.4465      1.002    31.9793    24.1450 -9.990e-29
 175.777141      1.000  37.352869    12.5279     9.4641      0.992    31.9749    24.1414 -9.990e-29
 175.777147      0.997  37.347978    12.5284     9.4578      0.989    31.9698    24.1374 -9.990e-29
 175.777153      1.002  37.346020    12.5287     9.4237      0.994    31.9677    24.1357 -9.990e-29
 175.777159      1.006  37.348689    12.5285     9.3886      0.998    31.9704    24.1378 -9.990e-29
 175.777164      1.005  37.350936    12.5276     9.3923      0.997    31.9733    24.1403 -9.990e-29
 175.777170      0.999  37.350516    12.5273     9.4376      0.991    31.9732    24.1402 -9.990e-29
 175.777176      0.987  37.350053    12.5279     9.4925      0.979    31.9722    24.1394 -9.990e-29
 175.777182      0.974  37.349303    12.5287     9.5510      0.966    31.9708    24.1381 -9.990e-29
 175.777188      0.967  37.348204    12.5294     9.5546      0.959    31.9692    24.1367 -9.990e-29
 175.777193      0.970  37.348472    12.5288     9.5487      0.962    31.9700    24.1374 -9.990e-29
 175.777199      0.978  37.347473    12.5277     9.5266      0.970    31.9699    24.1376 -9.990e-29
 175.777205      0.984  37.343687    12.5271     9.5103      0.976    31.9668    24.1353 -9.990e-29
 175.777211      0.983  37.339739    12.5254     9.5641      0.975    31.9645    24.1339 -9.990e-29
 175.777216      0.980  37.336350    12.5208     9.5740      0.972    31.9652    24.1353 -9.990e-29
 175.777222      0.984  37.333309    12.5144     9.5730      0.976    31.9678    24.1385 -9.990e-29
 175.777228      0.994  37.331426    12.5102     9.5667      0.986    31.9695    24.1406 -9.990e-29
 175.777234      1.003  37.330807    12.5093     9.5252      0.995    31.9697    24.1409 -9.990e-29
 175.777240      1.007  37.331001    12.5092     9.5305      0.999    31.9700    24.1412 -9.990e-29
 175.777245      1.007  37.331519    12.5086     9.5534      0.999    31.9710    24.1421 -9.990e-29
 175.777251      1.001  37.330619    12.5068     9.5770      0.993    31.9717    24.1429 -9.990e-29
 175.777257      0.990  37.326352    12.5029     9.6103      0.982    31.9709    24.1431 -9.990e-29
 175.777263      0.973  37.319578    12.4971     9.6062      0.965    31.9694    24.1430 -9.990e-29
 175.777269      0.954  37.313990    12.4913     9.5963      0.946    31.9690    24.1438 -9.990e-29
 175.777274      0.939  37.309246    12.4882     9.5726      0.931    31.9671    24.1430 -9.990e-29
 175.777280      0.932  37.304445    12.4884     9.5661      0.924    31.9624    24.1392 -9.990e-29
 175.777286      0.933  37.303661    12.4884     9.5588      0.925    31.9616    24.1387 -9.990e-29
 175.777292      0.941  37.305662    12.4848     9.5408      0.933    31.9666    24.1432 -9.990e-29
 175.777297      0.954  37.303389    12.4790     9.5470      0.946    31.9694    24.1464 -9.990e-29
 175.777303      0.962  37.296991    12.4752     9.5764      0.954    31.9665    24.1449 -9.990e-29
 175.777309      0.963  37.293464    12.4742     9.6211      0.955    31.9640    24.1432 -9.990e-29
 175.777315      0.956  37.294652    12.4746     9.6329      0.948    31.9648    24.1437 -9.990e-29
 175.777321      0.945  37.296898    12.4766     9.5992      0.937    31.9652    24.1437 -9.990e-29
 175.777326      0.938  37.297962    12.4798     9.5711      0.930    31.9635    24.1418 -9.990e-29
 175.777332      0.939  37.298513    12.4826     9.5793      0.931    31.9617    24.1398 -9.990e-29
 175.777338      0.948  37.299103    12.4838     9.6128      0.940    31.9612    24.1392 -9.990e-29
 175.777344      0.966  37.298648    12.4836     9.6142      0.958    31.9609    24.1390 -9.990e-29
 175.777350      0.989  37.296916    12.4830     9.5975      0.981    31.9598    24.1383 -9.990e-29
 175.777355      1.011  37.294777    12.4832     9.5856      1.003    31.9576    24.1365 -9.990e-29
 175.777361      1.024  37.293684    12.4844     9.6093      1.015    31.9555    24.1347 -9.990e-29
 175.777367      1.020  37.294235    12.4861     9.6479      1.011    31.9546    24.1336 -9.990e-29
 175.777373      1.003  37.295292    12.4869     9.6634      0.995    31.9549    24.1337 -9.990e-29
 175.777378      0.991  37.295833    12.4859     9.6628      0.983    31.9563    24.1350 -9.990e-29
 175.777384      0.989  37.295273    12.4842     9.6820      0.981    31.9572    24.1360 -9.990e-29
 175.777390      0.994  37.293803    12.4839     9.7005      0.986    31.9560    24.1352 -9.990e-29
 175.777396      0.998  37.292642    12.4850     9.6998      0.990    31.9540    24.1334 -9.990e-29
 175.777402      0.997  37.292861    12.4861     9.6785      0.989    31.9533    24.1326 -9.990e-29
 175.777407      0.994  37.293441    12.4870     9.6591      0.986    31.9531    24.1323 -9.990e-29
 175.777413      0.995  37.293285    12.4876     9.6421      0.987    31.9524    24.1317 -9.990e-29
 175.777419      0.994  37.293684    12.4881     9.6423      0.986    31.9524    24.1315 -9.990e-29
 175.777425      0.991  37.294421    12.4872     9.6385      0.983    31.9538    24.1328 -9.990e-29
 175.777431      0.996  37.292364    12.4837     9.6638      0.988    31.9548    24.1343 -9.990e-29
 175.777436      1.008  37.287390    12.4797     9.6977      1.000    31.9535    24.1340 -9.990e-29
 175.777442      1.019  37.283343    12.4780     9.7263      1.010    31.9511    24.1325 -9.990e-29
 175.777448      1.022  37.281934    12.4784     9.7061      1.013    31.9494    24.1311 -9.990e-29
 175.777454      1.013  37.282217    12.4796     9.6793      1.005    31.9486    24.1303 -9.990e-29
 175.777459      1.000  37.282698    12.4810     9.6614      0.992    31.9479    24.1294 -9.990e-29
 175.777465      0.993  37.282149    12.4818     9.6546      0.985    31.9467    24.1284 -9.990e-29
 175.777471      0.999  37.280524    12.4808     9.6362      0.991    31.9460    24.1280 -9.990e-29
 175.777477      1.012  37.278635    12.4782     9.6149      1.004    31.9464    24.1288 -9.990e-29
 175.777483      1.020  37.277767    12.4760     9.6186      1.011    31.9475    24.1300 -9.990e-29
 175.777488      1.012  37.278436    12.4746     9.6283      1.004    31.9493    24.1317 -9.990e-29
 175.777494      0.986  37.279592    12.4744     9.6559      0.978    31.9506    24.1328 -9.990e-29
 175.777500      0.963  37.281000    12.4755     9.6630      0.955    31.9510    24.1329 -9.990e-29
 175.777506      0.962  37.283321    12.4781     9.6740      0.954    31.9510    24.1324 -9.990e-29
 175.777512      0.979  37.286193    12.4824     9.6903      0.971    31.9501    24.1308 -9.990e-29
 175.777517      1.002  37.288301    12.4868     9.6891      0.994    31.9483    24.1287 -9.990e-29
 175.777523      1.024  37.288994    12.4884     9.6774      1.015    31.9476    24.1278 -9.990e-29
 175.777529      1.042  37.288543    12.4870     9.6475      1.033    31.9484    24.1287 -9.990e-29
 175.777535      1.058  37.287374    12.4848     9.6440      1.049    31.9491    24.1297 -9.990e-29
 175.777541      1.073  37.286642    12.4827     9.6632      1.064    31.9502    24.1309 -9.990e-29
 175.777546      1.086  37.286401    12.4808     9.6672      1.077    31.9516    24.1323 -9.990e-29
 175.777552      1.100  37.285673    12.4806     9.6714      1.091    31.9511    24.1320 -9.990e-29
 175.777558      1.115  37.285074    12.4823     9.6638      1.106    31.9490    24.1301 -9.990e-29
 175.777564      1.128  37.285396    12.4850     9.6639      1.119    31.9470    24.1280 -9.990e-29
 175.777569      1.131  37.285854    12.4883     9.6912      1.122    31.9447    24.1255 -9.990e-29
 175.777575      1.124  37.286964    12.4924     9.7107      1.115    31.9422    24.1229 -9.990e-29
 175.777581      1.116  37.289550    12.4966     9.7190      1.107    31.9411    24.1212 -9.990e-29
 175.777587      1.109  37.291920    12.4981     9.7103      1.100    31.9421    24.1217 -9.990e-29
 175.777593      1.104  37.292091    12.4968     9.6804      1.095    31.9434    24.1229 -9.990e-29
 175.777598      1.101  37.290759    12.4953     9.6598      1.092    31.9434    24.1232 -9.990e-29
 175.777604      1.098  37.290544    12.4946     9.6540      1.089    31.9438    24.1237 -9.990e-29
 175.777610      1.097  37.291625    12.4956     9.6783      1.088    31.9440    24.1236 -9.990e-29
 175.777616      1.096  37.293106    12.4989     9.6932      1.087    31.9426    24.1219 -9.990e-29
 175.777622      1.097  37.296306    12.5034     9.6897      1.088    31.9418    24.1205 -9.990e-29
 175.777627      1.098  37.300349    12.5080     9.6680      1.089    31.9418    24.1195 -9.990e-29
 175.777633      1.100  37.303237    12.5127     9.6553      1.091    31.9405    24.1177 -9.990e-29
 175.777639      1.103  37.305923    12.5165     9.6596      1.094    31.9398    24.1164 -9.990e-29
 175.777645      1.108  37.308529    12.5187     9.6425      1.099    31.9405    24.1165 -9.990e-29
 175.777650      1.114  37.310510    12.5201     9.6135      1.105    31.9411    24.1168 -9.990e-29
 175.777656      1.118  37.312167    12.5222     9.5868      1.109    31.9409    24.1162 -9.990e-29
 175.777662      1.111  37.313932    12.5248     9.6000      1.102    31.9404    24.1153 -9.990e-29
 175.777668      1.094  37.315819    12.5260     9.6195      1.085    31.9412    24.1157 -9.990e-29
 175.777674      1.076  37.316885    12.5250     9.6452      1.067    31.9431    24.1173 -9.990e-29
 175.777679      1.072  37.316777    12.5215     9.6688      1.063    31.9459    24.1202 -9.990e-29
 175.777685      1.079  37.315257    12.5147     9.6534      1.070    31.9503    24.1249 -9.990e-29
 175.777691      1.091  37.311327    12.5092     9.6257      1.082    31.9512    24.1266 -9.990e-29
 175.777697      1.099  37.308070    12.5093     9.5754      1.090    31.9480    24.1241 -9.990e-29
 175.777703      1.099  37.308904    12.5090     9.5472      1.090    31.9491    24.1250 -9.990e-29
 175.777708      1.096  37.309794    12.5001     9.5592      1.087    31.9575    24.1332 -9.990e-29
 175.777714      1.094  37.305661    12.4882     9.5756      1.085    31.9636    24.1403 -9.990e-29
 175.777720      1.092  37.298197    12.4857     9.5996      1.083    31.9587    24.1369 -9.990e-29
 175.777726      1.092  37.294751    12.4930     9.6109      1.083    31.9492    24.1281 -9.990e-29
 175.777731      1.091  37.297364    12.5020     9.6370      1.082    31.9440    24.1224 -9.990e-29
 175.777737      1.091  37.301571    12.5075     9.6529      1.082    31.9433    24.1209 -9.990e-29
 175.777743      1.092  37.305032    12.5092     9.6244      1.083    31.9452    24.1220 -9.990e-29
 175.777749      1.093  37.307222    12.5088     9.5527      1.084    31.9476    24.1239 -9.990e-29
 175.777755      1.095  37.308162    12.5053     9.4737      1.086    31.9515    24.1276 -9.990e-29
 175.777760      1.098  37.307328    12.4954     9.4205      1.089    31.9591    24.1354 -9.990e-29
 175.777766      1.102  37.302952    12.4800     9.3869      1.093    31.9680    24.1452 -9.990e-29
 175.777772      1.107  37.297523    12.4639     9.3495      1.098    31.9766    24.1549 -9.990e-29
 175.777778      1.114  37.293247    12.4502     9.2888      1.105    31.9841    24.1634 -9.990e-29
 175.777784      1.122  37.286010    12.4419     9.2467      1.113    31.9843    24.1651 -9.990e-29
 175.777789      1.133  37.276728    12.4397     9.2605      1.124    31.9773    24.1601 -9.990e-29
 175.777795      1.143  37.272009    12.4392     9.3339      1.133    31.9732    24.1570 -9.990e-29
 175.777801      1.144  37.272199    12.4361     9.4189      1.134    31.9761    24.1598 -9.990e-29
 175.777807      1.136  37.272405    12.4316     9.4585      1.127    31.9801    24.1637 -9.990e-29
 175.777813      1.127  37.271128    12.4294     9.4670      1.118    31.9807    24.1647 -9.990e-29
 175.777818      1.120  37.269937    12.4313     9.4582      1.111    31.9780    24.1622 -9.990e-29
 175.777824      1.116  37.269954    12.4352     9.4782      1.107    31.9747    24.1589 -9.990e-29
 175.777830      1.115  37.271109    12.4368     9.5126      1.106    31.9744    24.1584 -9.990e-29
 175.777836      1.119  37.270921    12.4355     9.5285      1.110    31.9754    24.1593 -9.990e-29
 175.777841      1.134  37.268487    12.4349     9.5196      1.125    31.9735    24.1580 -9.990e-29
 175.777847      1.157  37.266641    12.4363     9.5184      1.147    31.9706    24.1555 -9.990e-29
 175.777853      1.180  37.266755    12.4384     9.5344      1.170    31.9689    24.1538 -9.990e-29
 175.777859      1.197  37.267764    12.4410     9.5712      1.187    31.9676    24.1523 -9.990e-29
 175.777865      1.204  37.269237    12.4443     9.5977      1.194    31.9662    24.1506 -9.990e-29
 175.777870      1.201  37.271360    12.4476     9.6357      1.191    31.9654    24.1494 -9.990e-29
 175.777876      1.194  37.273504    12.4507     9.6829      1.184    31.9648    24.1483 -9.990e-29
 175.777882      1.184  37.275068    12.4541     9.7254      1.174    31.9634    24.1466 -9.990e-29
 175.777888      1.173  37.276361    12.4579     9.7524      1.163    31.9615    24.1443 -9.990e-29
 175.777894      1.163  37.277893    12.4617     9.7609      1.153    31.9597    24.1422 -9.990e-29
 175.777899      1.162  37.279930    12.4651     9.7589      1.152    31.9587    24.1409 -9.990e-29
