data/oxygen options/ONMS/Olympic_Coast_National_Marine_Sanctuary_CTD_Data_2005_2023/raw_data/2014/CAST_TH042_140612faed.cnv
* Sea-Bird SBE19 Data File:
* FileName = C:\2014 Mooring Data\Casts\CAST_TH042_140612.hex
* Software Version 1.59
* Temperature SN = 2997
* Conductivity SN = 2997
* System UpLoad Time = Jun 12 2014 19:22:26
** CAST_TH042_140612
* ds
# nquan = 9                                 
# nvalues = 1005                        
# units = specified
# name 0 = timeJ: Julian Days
# name 1 = prSM: Pressure, Strain Gauge [db]
# name 2 = c0mS/cm: Conductivity [mS/cm]
# name 3 = t090C: Temperature [ITS-90, deg C]
# name 4 = sbeox0ML/L: Oxygen, SBE 43 [ml/l]
# name 5 = depSM: Depth [salt water, m], lat = 47.5
# name 6 = sal00: Salinity, Practical [PSU]
# name 7 = sigma-é00: Density [sigma-theta, kg/m^3]
# name 8 = flag: flag
# span 0 = 163.794815, 163.800625       
# span 1 =     -5.899,     44.609       
# span 2 =   0.019753,  36.448297       
# span 3 =     7.0174,    16.2041       
# span 4 =    -1.7520,    15.6107       
# span 5 =     -5.850,     44.232       
# span 6 =     0.0163,    33.8032       
# span 7 =    -1.0750,    26.4735       
# span 8 = 0.0000e+00, 0.0000e+00       
# interval = seconds: 0.5
# start_time = Jun 12 2014 19:04:32 [Instrument's time stamp, header]
# bad_flag = -9.990e-29
*END*
[from data line 961]
 163.800376      4.185  35.566204     9.8188     8.6816      4.150    32.5905    25.1010 0.0000e+00
 163.800382      4.038  35.739171    10.0258     8.5738      4.004    32.5793    25.0580 0.0000e+00
 163.800388      3.895  35.870448    10.1593     8.4134      3.862    32.5919    25.0455 0.0000e+00
 163.800394      3.755  35.917468    10.2282     8.2364      3.724    32.5774    25.0227 0.0000e+00
 163.800399      3.614  35.936443    10.2789     8.0700      3.584    32.5511    24.9936 0.0000e+00
 163.800405      3.462  35.963934    10.3452     7.9031      3.433    32.5194    24.9577 0.0000e+00
 163.800411      3.300  35.994721    10.4394     7.8226      3.272    32.4662    24.9002 0.0000e+00
 163.800417      3.137  36.013755    10.5111     7.7859      3.111    32.4214    24.8530 0.0000e+00
 163.800422      2.984  36.010702    10.5137     7.7619      2.959    32.4161    24.8485 0.0000e+00
 163.800428      2.846  36.010129    10.4728     7.6629      2.822    32.4520    24.8834 0.0000e+00
 163.800434      2.716  36.028117    10.4355     7.5739      2.693    32.5034    24.9298 0.0000e+00
 163.800440      2.588  36.046010    10.4164     7.5192      2.566    32.5385    24.9604 0.0000e+00
 163.800446      2.457  36.046701    10.4110     7.5028      2.436    32.5441    24.9657 0.0000e+00
 163.800451      2.324  36.026054    10.4194     7.5427      2.305    32.5159    24.9423 0.0000e+00
 163.800457      2.188  35.982345    10.4423     7.5017      2.170    32.4517    24.8883 0.0000e+00
 163.800463      2.050  35.929105    10.4711     7.4319      2.033    32.3727    24.8219 0.0000e+00
 163.800469      1.905  35.889040    10.5065     7.3153      1.889    32.3012    24.7602 0.0000e+00
 163.800475      1.747  35.859785    10.5685     7.2369      1.732    32.2172    24.6841 0.0000e+00
 163.800480      1.581  35.827024    10.6551     7.3022      1.568    32.1082    24.5844 0.0000e+00
 163.800486      1.412  35.797569    10.7356     7.3955      1.400    32.0084    24.4928 0.0000e+00
 163.800492      1.247  35.773673    10.7944     7.3373      1.237    31.9333    24.4242 0.0000e+00
 163.800498      1.088  35.748737    10.8331     7.1731      1.079    31.8749    24.3721 0.0000e+00
 163.800503      0.933  35.734409    10.8603     7.2212      0.925    31.8372    24.3379 0.0000e+00
 163.800509      0.782  35.718324    10.9065     7.9514      0.775    31.7812    24.2864 0.0000e+00
 163.800515      0.634  35.683530    11.0244     7.7584      0.629    31.6450    24.1599 0.0000e+00
 163.800521      0.495  35.655443    11.2451     7.1552      0.491    31.4284    23.9527 -9.990e-29
 163.800527      0.378  35.660567    11.4943     6.4629      0.375    31.2221    23.7482 -9.990e-29
 163.800532      0.282  35.686117    11.6367     5.8975      0.280    31.1271    23.6489 -9.990e-29
 163.800538      0.189  35.659052    11.6514     5.6224      0.187    31.0886    23.6164 -9.990e-29
 163.800544      0.100  35.508559    11.6253     5.5437      0.099    30.9647    23.5249 -9.990e-29
 163.800550      0.026  35.140032    11.6082     5.6148      0.026    30.6223    23.2622 -9.990e-29
 163.800556     -0.030  34.153533    11.5988     5.7084     -0.030    29.6777    22.5308 -9.990e-29
 163.800561     -0.071  31.278038    11.5908     5.8159     -0.070    26.9311    20.4022 -9.990e-29
 163.800567     -0.105  24.493289    11.5810     5.9031     -0.104    20.5835    15.4885 -9.990e-29
 163.800573     -0.136  15.378575    11.5700 -9.990e-29     -0.135    12.3946     9.1585 -9.990e-29
 163.800579     -0.164   9.019906    11.5585 -9.990e-29     -0.163     6.9663     4.9616 -9.990e-29
 163.800584     -0.185   6.560514    11.5457 -9.990e-29     -0.183     4.9515     3.4025 -9.990e-29
 163.800590     -0.202   5.693585    11.5321 -9.990e-29     -0.200     4.2564     2.8651 -9.990e-29
 163.800596     -0.214   5.121776    11.5182 -9.990e-29     -0.212     3.8029     2.5149 -9.990e-29
 163.800602     -0.223   4.645011    11.5043 -9.990e-29     -0.221     3.4278     2.2254 -9.990e-29
 163.800608     -0.230   4.277882    11.4907 -9.990e-29     -0.228     3.1411     2.0043 -9.990e-29
 163.800613     -0.234   3.900500    11.4789 -9.990e-29     -0.232     2.8481     1.7780 -9.990e-29
 163.800619     -0.237   3.498920    11.4738 -9.990e-29     -0.235     2.5380     1.5375 -9.990e-29
 163.800625     -0.238   3.129273 -9.990e-29 -9.990e-29     -0.236 -9.990e-29 -9.990e-29 -9.990e-29
