data/oxygen options/ONMS/Olympic_Coast_National_Marine_Sanctuary_CTD_Data_2005_2023/raw_data/2014/CAST_CE015_140802faed.cnv
* Sea-Bird SBE19 Data File:
* FileName = C:\2014 Mooring Data\Casts\CAST_CE015_140802.hex
* Software Version 1.59
* Temperature SN = 2997
* Conductivity SN = 2997
* System UpLoad Time = Aug 03 2014 01:03:27
** CAST_CE015_140802
* ds
# nquan = 9                                 
# nvalues = 947                         
# units = specified
# name 0 = timeJ: Julian Days
# name 1 = prSM: Pressure, Strain Gauge [db]
# name 2 = c0mS/cm: Conductivity [mS/cm]
# name 3 = t090C: Temperature [ITS-90, deg C]
# name 4 = sbeox0ML/L: Oxygen, SBE 43 [ml/l]
# name 5 = depSM: Depth [salt water, m], lat = 47.5
# name 6 = sal00: Salinity, Practical [PSU]
# name 7 = sigma-é00: Density [sigma-theta, kg/m^3]
# name 8 = flag: flag
# span 0 = 214.810556, 214.816030       
# span 1 =     -5.654,     15.879       
# span 2 =   0.416672,  37.115913       
# span 3 =     7.7746,    14.2373       
# span 4 =    -1.8348,    18.7625       
# span 5 =     -5.607,     15.746       
# span 6 =     0.2562,    33.6744       
# span 7 =    -0.5723,    26.0907       
# span 8 = 0.0000e+00, 0.0000e+00       
# interval = seconds: 0.5
# start_time = Aug 02 2014 19:27:12 [Instrument's time stamp, header]
# bad_flag = -9.990e-29
*END*
[from data line 481]
 214.813339     -0.635   0.832800    14.1995     6.3266     -0.630     0.5230    -0.3759 -9.990e-29
 214.813345     -0.629   0.834110    14.1976     6.3343     -0.624     0.5238    -0.3749 -9.990e-29
 214.813351     -0.626   0.838685    14.1967     6.3269     -0.621     0.5268    -0.3725 -9.990e-29
 214.813356     -0.624   0.841502    14.1973     6.3260     -0.619     0.5287    -0.3711 -9.990e-29
 214.813362     -0.619   0.839090    14.2000     6.3257     -0.614     0.5271    -0.3728 -9.990e-29
 214.813368     -0.615   0.833241    14.2055     6.3263     -0.610     0.5232    -0.3766 -9.990e-29
 214.813374     -0.616   0.827279    14.2127     6.3333     -0.611     0.5192    -0.3807 -9.990e-29
 214.813380     -0.623   0.823257    14.2182     6.3346     -0.618     0.5165    -0.3836 -9.990e-29
 214.813385     -0.630   0.821372    14.2206     6.3399     -0.625     0.5152    -0.3849 -9.990e-29
 214.813391     -0.636   0.820775    14.2222     5.9005     -0.631     0.5148    -0.3854 -9.990e-29
 214.813397     -0.643   0.821224    14.2247     6.7128     -0.638     0.5151    -0.3856 -9.990e-29
 214.813403     -0.654   0.821090    14.2250     6.8225     -0.649     0.5150    -0.3857 -9.990e-29
 214.813409     -0.659   0.819083    14.2186     6.8307     -0.654     0.5138    -0.3857 -9.990e-29
 214.813414     -0.655   0.818641    14.2034     6.2082     -0.650     0.5137    -0.3836 -9.990e-29
 214.813420     -0.645   0.826960    14.1762     5.5716     -0.640     0.5194    -0.3753 -9.990e-29
 214.813426     -0.635   0.857353    14.1229     5.5852     -0.630     0.5400    -0.3517 -9.990e-29
 214.813432     -0.622   0.953123    13.9927     5.5820     -0.617     0.6050    -0.2830 -9.990e-29
 214.813437     -0.610   1.254196    13.6362     5.5966     -0.605     0.8133    -0.0722 -9.990e-29
 214.813443     -0.604   2.179239    12.8548     5.5915     -0.599     1.4828     0.5506 -9.990e-29
 214.813449     -0.597   4.973320    11.8396     5.5920     -0.592     3.6539     2.3609 -9.990e-29
 214.813455     -0.582   7.384869    11.1158     5.6195     -0.577     5.6867     4.0238 -9.990e-29
 214.813461     -0.556   6.245634    10.8081     5.6590     -0.551     4.7919     3.3641 -9.990e-29
 214.813466     -0.528   5.396196    10.6670     5.6991     -0.524     4.1143     2.8527 -9.990e-29
 214.813472     -0.500   9.710505    10.5409     5.6010     -0.496     7.7529     5.6938 -9.990e-29
 214.813478     -0.469  19.319373    10.4442     5.2281     -0.465    16.3780    12.3964 -9.990e-29
 214.813484     -0.435  29.165431    10.3921     4.9799     -0.431    25.7568    19.6859 -9.990e-29
 214.813490     -0.394  34.373986    10.3443     4.7689     -0.391    30.9292    23.7186 -9.990e-29
 214.813495     -0.348  36.017218    10.2980     4.6222     -0.345    32.6170    25.0417 -9.990e-29
 214.813501     -0.303  36.534744    10.2722     4.4671     -0.300    33.1622    25.4711 -9.990e-29
 214.813507     -0.261  36.751272    10.2611     4.1968     -0.259    33.3911    25.6516 -9.990e-29
 214.813513     -0.219  36.837560    10.2504     3.9606     -0.217    33.4882    25.7292 -9.990e-29
 214.813519     -0.174  36.810926    10.2361     3.7812     -0.173    33.4745    25.7209 -9.990e-29
 214.813524     -0.124  36.757628    10.2152     3.7465     -0.123    33.4398    25.6974 -9.990e-29
 214.813530     -0.068  36.719951    10.1937     3.8001     -0.067    33.4215    25.6867 -9.990e-29
 214.813536     -0.013  36.711043    10.1865     3.8833     -0.013    33.4191    25.6861 -9.990e-29
 214.813542      0.041  36.741428    10.1972     3.9414      0.041    33.4399    25.7006 -9.990e-29
 214.813547      0.093  36.794866    10.2255     3.9140      0.092    33.4679    25.7175 -9.990e-29
 214.813553      0.137  36.848808    10.2650     3.8753      0.136    33.4860    25.7249 -9.990e-29
 214.813559      0.173  36.869030    10.3068     3.8655      0.172    33.4678    25.7036 -9.990e-29
 214.813565      0.202  36.851573    10.3466     3.8963      0.200    33.4135    25.6544 -9.990e-29
 214.813571      0.227  36.842171    10.3768     3.9402      0.225    33.3762    25.6202 -9.990e-29
 214.813576      0.249  36.879892    10.3946     3.9736      0.247    33.3979    25.6340 -9.990e-29
 214.813582      0.268  36.943695    10.3970     3.9622      0.266    33.4600    25.6820 -9.990e-29
 214.813588      0.284  36.968152    10.3797     3.9390      0.282    33.5006    25.7167 -9.990e-29
 214.813594      0.291  36.948774    10.3542     3.9076      0.289    33.5046    25.7241 -9.990e-29
 214.813600      0.295  36.948938    10.3382     3.8800      0.293    33.5195    25.7385 -9.990e-29
 214.813605      0.301  36.969932    10.3332     3.8291      0.298    33.5453    25.7595 -9.990e-29
 214.813611      0.308  36.959415    10.3303     3.7767      0.305    33.5374    25.7538 -9.990e-29
 214.813617      0.317  36.898822    10.3246     3.7197      0.314    33.4814    25.7112 -9.990e-29
 214.813623      0.328  36.831380    10.3205     3.6634      0.325    33.4171    25.6617 -9.990e-29
 214.813628      0.339  36.833291    10.3236     3.6218      0.336    33.4162    25.6605 -9.990e-29
 214.813634      0.341  36.883472    10.3306     3.5973      0.338    33.4604    25.6937 -9.990e-29
 214.813640      0.334  36.925278    10.3354     3.5506      0.331    33.4982    25.7224 -9.990e-29
 214.813646      0.327  36.958823    10.3359     3.5152      0.324    33.5316    25.7484 -9.990e-29
 214.813652      0.324  36.970399    10.3329     3.4675      0.321    33.5460    25.7601 -9.990e-29
 214.813657      0.323  36.971465    10.3284     3.4756      0.320    33.5513    25.7650 -9.990e-29
 214.813663      0.325  36.991463    10.3272     3.5475      0.322    33.5726    25.7818 -9.990e-29
 214.813669      0.330  37.018834    10.3310     3.6720      0.327    33.5967    25.8000 -9.990e-29
 214.813675      0.339  37.036686    10.3368     3.8148      0.336    33.6094    25.8089 -9.990e-29
 214.813681      0.348  37.057547    10.3430     3.9466      0.345    33.6247    25.8198 -9.990e-29
 214.813686      0.353  37.093461    10.3491     3.9950      0.350    33.6553    25.8426 -9.990e-29
 214.813692      0.355  37.115913    10.3530     3.9342      0.352    33.6744    25.8568 -9.990e-29
 214.813698      0.352  37.084611    10.3508     3.8137      0.349    33.6448    25.8341 -9.990e-29
 214.813704      0.351  36.990896    10.3413     3.6893      0.348    33.5590    25.7688 -9.990e-29
 214.813709      0.354  36.883806    10.3300     3.5976      0.351    33.4613    25.6945 -9.990e-29
 214.813715      0.363  36.846191    10.3236     3.5648      0.360    33.4292    25.6706 -9.990e-29
 214.813721      0.373  36.858723    10.3246     3.5681      0.370    33.4409    25.6796 -9.990e-29
 214.813727      0.376  36.838692    10.3293     3.5865      0.373    33.4164    25.6596 -9.990e-29
 214.813733      0.372  36.793025    10.3305     3.6292      0.369    33.3692    25.6226 -9.990e-29
 214.813738      0.371  36.748363    10.3231     3.8020      0.368    33.3309    25.5940 -9.990e-29
 214.813744      0.376  36.724827    10.3094     4.0274      0.373    33.3197    25.5877 -9.990e-29
 214.813750      0.387  36.735336    10.2961     4.1737      0.384    33.3425    25.6077 -9.990e-29
 214.813756      0.401  36.751190    10.2901     4.2054      0.398    33.3641    25.6255 -9.990e-29
 214.813762      0.410  36.759792    10.2954     4.1625      0.407    33.3679    25.6276 -9.990e-29
 214.813767      0.411  36.752909    10.3099     4.1671      0.408    33.3476    25.6093 -9.990e-29
 214.813773      0.403  36.731418    10.3311     4.1931      0.400    33.3064    25.5736 -9.990e-29
 214.813779      0.390  36.722758    10.3652     4.1828      0.387    33.2664    25.5366 -9.990e-29
 214.813785      0.381  36.740036    10.4098     4.1248      0.378    33.2430    25.5107 -9.990e-29
 214.813791      0.378  36.777614    10.4440     4.0749      0.375    33.2496    25.5099 -9.990e-29
 214.813796      0.382  36.814818    10.4612     4.0747      0.379    33.2713    25.5238 -9.990e-29
 214.813802      0.388  36.832723    10.4692     4.1066      0.385    33.2820    25.5308 -9.990e-29
 214.813808      0.389  36.835510    10.4666     4.1094      0.386    33.2871    25.5353 -9.990e-29
 214.813814      0.384  36.830217    10.4552     4.1033      0.381    33.2922    25.5412 -9.990e-29
 214.813819      0.382  36.818719    10.4474     4.0741      0.379    33.2878    25.5391 -9.990e-29
 214.813825      0.386  36.813709    10.4480     4.0792      0.383    33.2822    25.5347 -9.990e-29
 214.813831      0.398  36.822490    10.4511     4.0887      0.395    33.2882    25.5388 -9.990e-29
 214.813837      0.413  36.833702    10.4534     4.0923      0.410    33.2974    25.5455 -9.990e-29
 214.813843      0.424  36.837543    10.4555     4.0603      0.420    33.2993    25.5467 -9.990e-29
 214.813848      0.427  36.835157    10.4567     4.0288      0.423    33.2958    25.5438 -9.990e-29
 214.813854      0.423  36.830613    10.4564     4.0034      0.419    33.2915    25.5405 -9.990e-29
 214.813860      0.416  36.826784    10.4563     4.0436      0.413    33.2878    25.5375 -9.990e-29
 214.813866      0.409  36.824131    10.4567     4.0743      0.406    33.2847    25.5351 -9.990e-29
 214.813872      0.402  36.820192    10.4552     4.0657      0.399    33.2822    25.5334 -9.990e-29
 214.813877      0.399  36.815281    10.4531     4.0344      0.396    33.2791    25.5314 -9.990e-29
 214.813883      0.400  36.813468    10.4533     4.0214      0.397    33.2771    25.5298 -9.990e-29
 214.813889      0.395  36.816217    10.4550     4.0375      0.392    33.2783    25.5304 -9.990e-29
 214.813895      0.386  36.819282    10.4563     4.0709      0.383    33.2802    25.5317 -9.990e-29
 214.813900      0.379  36.817719    10.4566     4.0599      0.376    33.2784    25.5302 -9.990e-29
 214.813906      0.379  36.813328    10.4571     4.0350      0.376    33.2735    25.5263 -9.990e-29
 214.813912      0.385  36.813680    10.4589     4.0082      0.382    33.2722    25.5250 -9.990e-29
 214.813918      0.394  36.818632    10.4619     3.9935      0.391    33.2745    25.5262 -9.990e-29
 214.813924      0.398  36.820703    10.4670     3.9831      0.395    33.2719    25.5233 -9.990e-29
 214.813929      0.397  36.823165    10.4744     3.9454      0.394    33.2676    25.5187 -9.990e-29
 214.813935      0.400  36.832061    10.4829     3.9379      0.397    33.2688    25.5181 -9.990e-29
 214.813941      0.406  36.842362    10.4891     3.9238      0.403    33.2734    25.5207 -9.990e-29
 214.813947      0.412  36.848107    10.4911     3.9521      0.409    33.2774    25.5234 -9.990e-29
 214.813953      0.418  36.850169    10.4901     3.9933      0.415    33.2804    25.5259 -9.990e-29
 214.813958      0.424  36.851250    10.4886     4.0151      0.420    33.2828    25.5281 -9.990e-29
 214.813964      0.432  36.851622    10.4881     3.9857      0.428    33.2836    25.5288 -9.990e-29
 214.813970      0.436  36.850046    10.4874     3.9739      0.432    33.2827    25.5282 -9.990e-29
 214.813976      0.438  36.846056    10.4844     3.9739      0.434    33.2814    25.5278 -9.990e-29
 214.813981      0.442  36.840460    10.4791     4.0162      0.438    33.2806    25.5281 -9.990e-29
 214.813987      0.448  36.834168    10.4719     4.0522      0.444    33.2809    25.5295 -9.990e-29
 214.813993      0.457  36.827724    10.4618     4.0644      0.453    33.2837    25.5334 -9.990e-29
 214.813999      0.464  36.816416    10.4502     4.0402      0.460    33.2829    25.5348 -9.990e-29
 214.814005      0.466  36.796909    10.4463     4.0168      0.462    33.2668    25.5230 -9.990e-29
 214.814010      0.462  36.786369    10.4548     4.0095      0.458    33.2485    25.5072 -9.990e-29
 214.814016      0.454  36.795396    10.4668     4.0288      0.450    33.2466    25.5036 -9.990e-29
 214.814022      0.444  36.808466    10.4729     4.0266      0.440    33.2542    25.5085 -9.990e-29
 214.814028      0.441  36.817134    10.4709     4.0213      0.437    33.2647    25.5170 -9.990e-29
 214.814034      0.449  36.819439    10.4643     3.9905      0.445    33.2730    25.5247 -9.990e-29
 214.814039      0.463  36.814478    10.4588     3.9920      0.459    33.2731    25.5257 -9.990e-29
 214.814045      0.476  36.809621    10.4555     4.0130      0.472    33.2712    25.5248 -9.990e-29
 214.814051      0.485  36.805637    10.4522     4.0293      0.481    33.2702    25.5246 -9.990e-29
 214.814057      0.490  36.797737    10.4461     4.0165      0.486    33.2678    25.5238 -9.990e-29
 214.814063      0.492  36.787719    10.4387     3.9988      0.488    33.2645    25.5225 -9.990e-29
 214.814068      0.491  36.782432    10.4378     3.9837      0.487    33.2600    25.5191 -9.990e-29
 214.814074      0.486  36.786060    10.4444     3.9752      0.482    33.2577    25.5161 -9.990e-29
 214.814080      0.478  36.794470    10.4515     3.9882      0.474    33.2596    25.5164 -9.990e-29
 214.814086      0.470  36.801489    10.4550     4.0104      0.466    33.2635    25.5188 -9.990e-29
 214.814091      0.470  36.805830    10.4552     4.0292      0.466    33.2677    25.5221 -9.990e-29
 214.814097      0.477  36.807127    10.4550     4.0352      0.473    33.2692    25.5233 -9.990e-29
 214.814103      0.485  36.807126    10.4564     4.0286      0.481    33.2679    25.5220 -9.990e-29
 214.814109      0.490  36.808089    10.4584     4.0081      0.486    33.2670    25.5210 -9.990e-29
 214.814115      0.490  36.806827    10.4601     3.9774      0.486    33.2642    25.5185 -9.990e-29
 214.814120      0.488  36.803922    10.4613     3.9635      0.484    33.2602    25.5152 -9.990e-29
 214.814126      0.482  36.804503    10.4579     3.9720      0.478    33.2639    25.5186 -9.990e-29
 214.814132      0.476  36.804310    10.4447     4.0086      0.472    33.2757    25.5302 -9.990e-29
 214.814138      0.478  36.793561    10.4263     4.0220      0.474    33.2818    25.5380 -9.990e-29
 214.814144      0.489  36.771416    10.4157     4.0299      0.485    33.2692    25.5300 -9.990e-29
 214.814149      0.502  36.754963    10.4199     4.0303      0.498    33.2488    25.5134 -9.990e-29
 214.814155      0.511  36.755961    10.4322     4.0291      0.507    33.2385    25.5033 -9.990e-29
 214.814161      0.518  36.763967    10.4423     4.0427      0.514    33.2373    25.5007 -9.990e-29
 214.814167      0.524  36.776201    10.4467     4.0299      0.520    33.2456    25.5063 -9.990e-29
 214.814172      0.528  36.790471    10.4467     4.0292      0.524    33.2600    25.5175 -9.990e-29
 214.814178      0.532  36.794945    10.4455     4.0166      0.528    33.2656    25.5221 -9.990e-29
 214.814184      0.534  36.791678    10.4457     4.0224      0.530    33.2621    25.5194 -9.990e-29
 214.814190      0.536  36.790368    10.4466     4.0223      0.532    33.2600    25.5175 -9.990e-29
 214.814196      0.538  36.792653    10.4464     4.0273      0.534    33.2624    25.5195 -9.990e-29
 214.814201      0.539  36.794302    10.4451     4.0127      0.535    33.2653    25.5220 -9.990e-29
 214.814207      0.540  36.791356    10.4432     4.0044      0.535    33.2641    25.5213 -9.990e-29
 214.814213      0.540  36.785520    10.4407     3.9749      0.535    33.2605    25.5190 -9.990e-29
 214.814219      0.540  36.780257    10.4389     3.9777      0.535    33.2568    25.5164 -9.990e-29
 214.814225      0.540  36.775868    10.4384     3.9838      0.535    33.2529    25.5134 -9.990e-29
 214.814230      0.540  36.773817    10.4355     3.9812      0.535    33.2535    25.5144 -9.990e-29
 214.814236      0.539  36.769142    10.4232     3.9841      0.535    33.2600    25.5216 -9.990e-29
 214.814242      0.538  36.751696    10.4014     3.9700      0.534    33.2624    25.5272 -9.990e-29
 214.814248      0.537  36.725186    10.3855     3.9818      0.533    33.2502    25.5205 -9.990e-29
 214.814253      0.536  36.712667    10.3873     3.9911      0.532    33.2360    25.5090 -9.990e-29
