data/oxygen options/ONMS/Olympic_Coast_National_Marine_Sanctuary_CTD_Data_2005_2023/raw_data/2014/CAST_KL027_140624faedb.cnv
* Sea-Bird SBE19 Data File:
* FileName = C:\2014 Mooring Data\CAST_KL027_140624.hex
* Software Version 1.59
* Temperature SN = 2997
* Conductivity SN = 2997
* System UpLoad Time = Jun 25 2014 00:06:18
** CAST_KL027_140624
* ds
# nquan = 9
# nvalues = 27                          
# units = specified
# name 0 = timeJ: Julian Days
# name 1 = prSM: Pressure, Strain Gauge [db]
# name 2 = c0mS/cm: Conductivity [mS/cm]
# name 3 = t090C: Temperature [ITS-90, deg C]
# name 4 = sbeox0ML/L: Oxygen, SBE 43 [ml/l]
# name 5 = depSM: Depth [salt water, m], lat = 47.5
# name 6 = sal00: Salinity, Practical [PSU]
# name 7 = sigma-é00: Density [sigma-theta, kg/m^3]
# name 8 = flag: flag
# span 0 = 175.777961, 175.778654       
# span 1 =      2.000,     28.000       
# span 2 =  34.555395,  37.518975       
# span 3 =     7.7413,    12.4133       
# span 4 =     1.7312,     8.3400       
# span 5 =      1.983,     27.765       
# span 6 =    31.9792,    33.4712       
# span 7 =    24.1666,    26.1109       
# span 8 = 0.0000e+00, 0.0000e+00       
# interval = decibars: 1                
# start_time = Jun 24 2014 18:33:31 [Instrument's time stamp, header]
# bad_flag = -9.990e-29
*END*
 175.777961      2.000  37.255507    12.4133     8.3400      1.983    31.9792    24.1666 0.0000e+00
 175.777988      3.000  37.278808    12.3135     6.9646      2.975    32.0863    24.2685 0.0000e+00
 175.778012      4.000  37.506934    12.2859     7.0488      3.967    32.3283    24.4613 0.0000e+00
 175.778036      5.000  37.518975    12.2257     6.2328      4.958    32.3914    24.5216 0.0000e+00
 175.778061      6.000  37.187396    11.7160     4.1237      5.950    32.5144    24.7113 0.0000e+00
 175.778086      7.000  36.091106    10.2034     3.8152      6.941    32.7730    25.1783 0.0000e+00
 175.778117      8.000  35.602102     9.6590     3.6625      7.933    32.7707    25.2679 0.0000e+00
 175.778148      9.000  35.506970     9.4671     3.5777      8.925    32.8482    25.3595 0.0000e+00
 175.778180     10.000  35.409454     9.3109     3.5973      9.916    32.8908    25.4179 0.0000e+00
 175.778213     11.000  35.208453     9.0599     3.5575     10.908    32.9138    25.4755 0.0000e+00
 175.778247     12.000  34.997092     8.8231     3.2092     11.900    32.9126    25.5115 0.0000e+00
 175.778282     13.000  34.929703     8.6696     2.0295     12.891    32.9846    25.5915 0.0000e+00
 175.778316     14.000  34.994541     8.6290     1.8795     13.883    33.0901    25.6804 0.0000e+00
 175.778350     15.000  35.008520     8.5904     1.7312     14.874    33.1405    25.7258 0.0000e+00
 175.778378     16.000  34.913586     8.4126     1.7924     15.866    33.2073    25.8051 0.0000e+00
 175.778402     17.000  34.775781     8.1902     2.0832     16.857    33.2711    25.8884 0.0000e+00
 175.778424     18.000  34.677937     8.0219     2.2265     17.849    33.3263    25.9566 0.0000e+00
 175.778444     19.000  34.602706     7.9108     2.1023     18.841    33.3515    25.9925 0.0000e+00
 175.778464     20.000  34.561783     7.8202     2.0095     19.832    33.3938    26.0389 0.0000e+00
 175.778487     21.000  34.564958     7.7871     1.9716     20.824    33.4284    26.0709 0.0000e+00
 175.778512     22.000  34.555395     7.7630     1.8803     21.815    33.4408    26.0842 0.0000e+00
 175.778533     23.000  34.557011     7.7466     1.8436     22.807    33.4578    26.0999 0.0000e+00
 175.778554     24.000  34.563582     7.7413     1.8470     23.798    33.4695    26.1098 0.0000e+00
 175.778576     25.000  34.565593     7.7416     1.8611     24.790    33.4709    26.1109 0.0000e+00
 175.778599     26.000  34.568129     7.7436     1.8654     25.781    33.4712    26.1109 0.0000e+00
 175.778626     27.000  34.570656     7.7461     1.8589     26.773    33.4710    26.1104 0.0000e+00
 175.778654     28.000  34.568748     7.7443     1.8398     27.765    33.4703    26.1101 0.0000e+00
