data/oxygen options/ONMS/Olympic_Coast_National_Marine_Sanctuary_CTD_Data_2005_2023/raw_data/2014/CAST_CE015_140521faed.cnv
* Sea-Bird SBE19 Data File:
* FileName = C:\2014 Mooring Data\Casts\CAST_CE015_140521.hex
* Software Version 1.59
* Temperature SN = 2997
* Conductivity SN = 2997
* System UpLoad Time = May 23 2014 23:30:05
** CAST_CE015_140521
* ds
# nquan = 9                                 
# nvalues = 753                         
# units = specified
# name 0 = timeJ: Julian Days
# name 1 = prSM: Pressure, Strain Gauge [db]
# name 2 = c0mS/cm: Conductivity [mS/cm]
# name 3 = t090C: Temperature [ITS-90, deg C]
# name 4 = sbeox0ML/L: Oxygen, SBE 43 [ml/l]
# name 5 = depSM: Depth [salt water, m], lat = 47.5
# name 6 = sal00: Salinity, Practical [PSU]
# name 7 = sigma-é00: Density [sigma-theta, kg/m^3]
# name 8 = flag: flag
# span 0 = 141.895938, 141.900289       
# span 1 =     -5.614,     14.289       
# span 2 =   0.003787,  35.739180       
# span 3 =     9.7415,    16.3230       
# span 4 =    -1.7617,    14.7555       
# span 5 =     -5.567,     14.169       
# span 6 =     0.0090,    32.6352       
# span 7 =    -1.1011,    25.1487       
# span 8 = 0.0000e+00, 0.0000e+00       
# interval = seconds: 0.5
# start_time = May 21 2014 21:30:09 [Instrument's time stamp, header]
# bad_flag = -9.990e-29
*END*
[from data line 641]
 141.899647     12.723  35.399828    10.0994     3.9256     12.616    32.1664    24.7239 0.0000e+00
 141.899653     12.580  35.392435    10.1635     4.0163     12.475    32.1022    24.6631 0.0000e+00
 141.899659     12.445  35.385598    10.2209     4.0497     12.341    32.0445    24.6086 0.0000e+00
 141.899664     12.312  35.398760    10.2634     3.9860     12.209    32.0203    24.5826 0.0000e+00
 141.899670     12.170  35.415867    10.3014     3.8778     12.068    32.0040    24.5635 0.0000e+00
 141.899676     12.005  35.425561    10.3473     3.7553     11.904    31.9734    24.5319 0.0000e+00
 141.899682     11.819  35.426194    10.4045     3.6692     11.720    31.9239    24.4836 0.0000e+00
 141.899688     11.631  35.429805    10.4759     3.7005     11.534    31.8650    24.4257 0.0000e+00
 141.899693     11.454  35.441204    10.5464     3.8062     11.358    31.8148    24.3747 0.0000e+00
 141.899699     11.290  35.450943    10.5938     3.9202     11.195    31.7833    24.3420 0.0000e+00
 141.899705     11.137  35.455207    10.6249     3.9758     11.044    31.7605    24.3190 0.0000e+00
 141.899711     10.989  35.460240    10.6542     3.9221     10.897    31.7401    24.2981 0.0000e+00
 141.899716     10.842  35.468266    10.6816     3.8158     10.751    31.7243    24.2811 0.0000e+00
 141.899722     10.699  35.478217    10.7092     3.8007     10.609    31.7103    24.2655 0.0000e+00
 141.899728     10.563  35.491030    10.7412     3.8931     10.475    31.6953    24.2483 0.0000e+00
 141.899734     10.435  35.501376    10.7709     4.0243     10.348    31.6799    24.2312 0.0000e+00
 141.899740     10.306  35.503439    10.7908     4.1101     10.220    31.6648    24.2160 0.0000e+00
 141.899745     10.160  35.499963    10.8056     4.0789     10.075    31.6486    24.2008 0.0000e+00
 141.899751      9.992  35.498065    10.8204     3.9755      9.908    31.6340    24.1869 0.0000e+00
 141.899757      9.808  35.501925    10.8359     3.8366      9.726    31.6245    24.1769 0.0000e+00
 141.899763      9.618  35.511079    10.8563     3.7218      9.538    31.6160    24.1667 0.0000e+00
 141.899769      9.439  35.520359    10.8849     3.7100      9.360    31.6006    24.1498 0.0000e+00
 141.899774      9.282  35.522527    10.9124     3.8295      9.204    31.5791    24.1283 0.0000e+00
 141.899780      9.137  35.517101    10.9277     4.0231      9.061    31.5606    24.1113 0.0000e+00
 141.899786      8.990  35.509723    10.9347     4.1839      8.915    31.5474    24.0998 0.0000e+00
 141.899792      8.837  35.502868    10.9406     4.2421      8.763    31.5356    24.0896 0.0000e+00
 141.899797      8.679  35.496346    10.9488     4.2006      8.606    31.5222    24.0777 0.0000e+00
 141.899803      8.526  35.488729    10.9635     4.1584      8.455    31.5021    24.0595 0.0000e+00
 141.899809      8.382  35.474331    10.9944     4.1988      8.312    31.4615    24.0226 0.0000e+00
 141.899815      8.254  35.453546    11.0505     4.2758      8.185    31.3931    23.9596 -9.990e-29
 141.899821      8.136  35.433372    11.1137     4.3336      8.068    31.3195    23.8913 -9.990e-29
 141.899826      8.017  35.422746    11.1547     4.3161      7.950    31.2742    23.8489 -9.990e-29
 141.899832      7.881  35.423739    11.1747     4.2150      7.815    31.2583    23.8330 0.0000e+00
 141.899838      7.719  35.415830    11.1903     4.1314      7.654    31.2373    23.8140 0.0000e+00
 141.899844      7.537  35.389027    11.2068     4.1333      7.474    31.1972    23.7799 0.0000e+00
 141.899850      7.351  35.360787    11.2246     4.1827      7.290    31.1546    23.7437 0.0000e+00
 141.899855      7.169  35.339931    11.2412     4.2200      7.109    31.1202    23.7141 0.0000e+00
 141.899861      6.998  35.323844    11.2531     4.2031      6.939    31.0945    23.6920 0.0000e+00
 141.899867      6.839  35.312352    11.2634     4.1340      6.782    31.0747    23.6748 0.0000e+00
 141.899873      6.690  35.307483    11.2778     4.0786      6.634    31.0579    23.6591 0.0000e+00
 141.899878      6.555  35.310012    11.2961     4.1310      6.500    31.0450    23.6459 -9.990e-29
 141.899884      6.434  35.312660    11.3116     4.3239      6.380    31.0346    23.6351 -9.990e-29
 141.899890      6.319  35.307746    11.3193     4.5565      6.266    31.0234    23.6250 -9.990e-29
 141.899896      6.203  35.296548    11.3220     4.7158      6.151    31.0102    23.6143 -9.990e-29
 141.899902      6.074  35.287649    11.3263     4.7248      6.023    30.9980    23.6041 0.0000e+00
 141.899907      5.925  35.287651    11.3381     4.5847      5.875    30.9881    23.5943 0.0000e+00
 141.899913      5.762  35.296540    11.3661     4.3933      5.714    30.9734    23.5779 0.0000e+00
 141.899919      5.606  35.309355    11.4244     4.1864      5.559    30.9371    23.5394 0.0000e+00
 141.899925      5.476  35.315731    11.5098     4.0222      5.430    30.8720    23.4737 -9.990e-29
 141.899931      5.377  35.310160    11.5880     3.9143      5.332    30.8016    23.4051 -9.990e-29
 141.899936      5.290  35.295291    11.6354     3.8770      5.246    30.7479    23.3549 -9.990e-29
 141.899942      5.192  35.278744    11.6610     3.8760      5.149    30.7107    23.3215 -9.990e-29
 141.899948      5.077  35.267017    11.6813     3.8746      5.035    30.6827    23.2961 -9.990e-29
 141.899954      4.946  35.257909    11.7049     3.8678      4.905    30.6544    23.2699 0.0000e+00
 141.899959      4.804  35.250468    11.7362     3.8629      4.764    30.6215    23.2387 0.0000e+00
 141.899965      4.654  35.244842    11.7847     3.8378      4.615    30.5762    23.1949 0.0000e+00
 141.899971      4.496  35.240241    11.8696     3.8229      4.458    30.5022    23.1221 0.0000e+00
 141.899977      4.332  35.237800    12.0085     3.9266      4.296    30.3865    23.0072 0.0000e+00
 141.899983      4.170  35.231457    12.1689     4.1692      4.135    30.2504    22.8724 0.0000e+00
 141.899988      4.011  35.220034    12.2760     4.4553      3.977    30.1532    22.7774 0.0000e+00
 141.899994      3.850  35.213514    12.3257     4.6282      3.818    30.1072    22.7326 0.0000e+00
 141.900000      3.681  35.212745    12.3791     4.6294      3.650    30.0637    22.6890 0.0000e+00
 141.900006      3.505  35.203825    12.4671     4.5356      3.476    29.9850    22.6118 0.0000e+00
 141.900012      3.330  35.170929    12.5895     4.4185      3.302    29.8568    22.4897 0.0000e+00
 141.900017      3.164  35.116670    12.7460     4.3910      3.138    29.6823    22.3254 0.0000e+00
 141.900023      3.020  35.053829    12.9082     4.4099      2.995    29.4967    22.1512 0.0000e+00
 141.900029      2.892  34.986550    13.0181     4.4358      2.868    29.3488    22.0160 0.0000e+00
 141.900035      2.763  34.929863    13.0646     4.4290      2.740    29.2602    21.9387 0.0000e+00
 141.900041      2.621  34.903967    13.0825     4.3676      2.599    29.2224    21.9061 0.0000e+00
 141.900046      2.466  34.891698    13.0952     4.2682      2.445    29.2013    21.8874 0.0000e+00
 141.900052      2.308  34.877806    13.1074     4.1683      2.289    29.1791    21.8679 0.0000e+00
 141.900058      2.156  34.873438    13.1168     4.1276      2.138    29.1679    21.8574 0.0000e+00
 141.900064      2.008  34.857639    13.1213     4.1371      1.991    29.1498    21.8426 0.0000e+00
 141.900069      1.867  34.818291    13.1219     4.2113      1.851    29.1129    21.8140 0.0000e+00
 141.900075      1.738  34.779640    13.1229     4.2965      1.723    29.0764    21.7856 -9.990e-29
 141.900081      1.616  34.751179    13.1282     4.3668      1.603    29.0460    21.7611 -9.990e-29
 141.900087      1.493  34.734145    13.1374     4.3886      1.481    29.0232    21.7417 -9.990e-29
 141.900093      1.371  34.725971    13.1491     4.3503      1.360    29.0068    21.7268 -9.990e-29
 141.900098      1.259  34.728626    13.1620     4.2941      1.248    28.9994    21.7186 -9.990e-29
 141.900104      1.162  34.759639    13.1753     4.2868      1.152    29.0180    21.7305 -9.990e-29
 141.900110      1.084  34.806591    13.1879     4.3478      1.075    29.0519    21.7542 -9.990e-29
 141.900116      1.022  34.834636    13.1969     4.5802      1.013    29.0710    21.7673 -9.990e-29
 141.900122      0.974  34.844758    13.2015     4.8687      0.966    29.0769    21.7709 -9.990e-29
 141.900127      0.936  34.848763    13.2033     5.0965      0.928    29.0792    21.7724 -9.990e-29
 141.900133      0.905  34.838919    13.2022     5.1604      0.897    29.0710    21.7662 -9.990e-29
 141.900139      0.881  34.820585    13.1990     5.0523      0.874    29.0565    21.7556 -9.990e-29
 141.900145      0.861  34.817844    13.1972     4.8540      0.854    29.0553    21.7551 -9.990e-29
 141.900150      0.848  34.849987    13.1977     4.6412      0.841    29.0847    21.7777 -9.990e-29
 141.900156      0.846  34.900319    13.1977     4.4976      0.839    29.1313    21.8136 -9.990e-29
 141.900162      0.846  34.921706    13.1958     4.4408      0.839    29.1525    21.8304 -9.990e-29
 141.900168      0.835  34.905145    13.1940     4.4702      0.828    29.1386    21.8200 -9.990e-29
 141.900174      0.808  34.883995    13.1945     4.5160      0.801    29.1186    21.8045 -9.990e-29
 141.900179      0.769  34.881574    13.1977     4.5304      0.763    29.1139    21.8003 -9.990e-29
 141.900185      0.726  34.898017    13.2035     4.5454      0.720    29.1247    21.8075 -9.990e-29
 141.900191      0.687  34.909887    13.2102     4.6730      0.681    29.1306    21.8107 -9.990e-29
 141.900197      0.644  34.894931    13.2148     5.4020      0.639    29.1133    21.7965 -9.990e-29
 141.900203      0.590  34.870730    13.2160     5.7780      0.585    29.0900    21.7782 -9.990e-29
 141.900208      0.522  34.865498    13.2159     5.9197      0.518    29.0852    21.7746 -9.990e-29
 141.900214      0.443  34.880659    13.2162     5.9437      0.439    29.0991    21.7852 -9.990e-29
 141.900220      0.367  34.894986    13.2164     5.8638      0.364    29.1122    21.7953 -9.990e-29
 141.900226      0.297  34.889503    13.2155     6.0176      0.295    29.1078    21.7921 -9.990e-29
 141.900231      0.233  34.872581    13.2116     6.0011      0.231    29.0952    21.7831 -9.990e-29
 141.900237      0.179  34.792538    13.2003 -9.990e-29      0.178    29.0298    21.7347 -9.990e-29
 141.900243      0.136  34.385843    13.1789 -9.990e-29      0.135    28.6700    21.4609 -9.990e-29
 141.900249      0.101  32.881185    13.1482 -9.990e-29      0.100    27.3061    20.4135 -9.990e-29
 141.900255      0.072  28.060652    13.1123 -9.990e-29      0.071    22.9459    17.0564 -9.990e-29
 141.900260      0.047  19.840691    13.0796 -9.990e-29      0.047    15.7108    11.4889 -9.990e-29
 141.900266      0.030  12.618501    13.0533 -9.990e-29      0.030     9.6175     6.8026 -9.990e-29
 141.900272      0.022   8.831020    13.0271 -9.990e-29      0.022     6.5494     4.4428 -9.990e-29
 141.900278      0.020   7.452800    13.0001 -9.990e-29      0.020     5.4620     3.6080 -9.990e-29
 141.900284      0.018   6.817461    12.9872 -9.990e-29      0.018     4.9661     3.2271 -9.990e-29
 141.900289      0.018   5.931652 -9.990e-29 -9.990e-29      0.018 -9.990e-29 -9.990e-29 -9.990e-29
