data/oxygen options/ONMS/Olympic_Coast_National_Marine_Sanctuary_CTD_Data_2005_2023/raw_data/2014/CAST_MB015_141007faed.cnv
* Sea-Bird SBE19 Data File:
* FileName = C:\2014 Mooring Data\Casts\CAST_MB015_141007.hex
* Software Version 1.59
* Temperature SN = 2997
* Conductivity SN = 2997
* System UpLoad Time = Oct 07 2014 19:58:42
** CAST_MB015_141007
* ds
# nquan = 9                                 
# nvalues = 1123                        
# units = specified
# name 0 = timeJ: Julian Days
# name 1 = prSM: Pressure, Strain Gauge [db]
# name 2 = c0mS/cm: Conductivity [mS/cm]
# name 3 = t090C: Temperature [ITS-90, deg C]
# name 4 = sbeox0ML/L: Oxygen, SBE 43 [ml/l]
# name 5 = depSM: Depth [salt water, m], lat = 47.5
# name 6 = sal00: Salinity, Practical [PSU]
# name 7 = sigma-é00: Density [sigma-theta, kg/m^3]
# name 8 = flag: flag
# span 0 = 280.824016, 280.830509       
# span 1 =     -4.824,     13.410       
# span 2 =   0.478843,  38.579404       
# span 3 =    13.3235,    15.7367       
# span 4 =    -1.7810,    18.3743       
# span 5 =     -4.784,     13.298       
# span 6 =     0.2869,    31.9321       
# span 7 =    -0.7265,    23.9474       
# span 8 = 0.0000e+00, 0.0000e+00       
# interval = seconds: 0.5
# start_time = Oct 07 2014 19:46:35 [Instrument's time stamp, header]
# bad_flag = -9.990e-29
*END*
[from data line 161]
 280.824948     -1.616   0.482265    15.2551     6.5949     -1.603     0.2895    -0.7135 -9.990e-29
 280.824954     -1.610   0.482619    15.2554     6.5901     -1.597     0.2897    -0.7134 -9.990e-29
 280.824959     -1.603   0.482737    15.2576     6.5936     -1.590     0.2897    -0.7137 -9.990e-29
 280.824965     -1.596   0.482777    15.2609     6.5967     -1.583     0.2897    -0.7142 -9.990e-29
 280.824971     -1.588   0.482791    15.2650     6.5913     -1.575     0.2897    -0.7149 -9.990e-29
 280.824977     -1.578   0.482797    15.2697     6.5992     -1.565     0.2897    -0.7156 -9.990e-29
 280.824983     -1.566   0.482800    15.2743     6.5965     -1.553     0.2897    -0.7164 -9.990e-29
 280.824988     -1.556   0.482805    15.2778     6.5975     -1.543     0.2896    -0.7169 -9.990e-29
 280.824994     -1.550   0.482819    15.2788     6.5996     -1.537     0.2896    -0.7171 -9.990e-29
 280.825000     -1.545   0.482859    15.2759     6.5886     -1.532     0.2897    -0.7166 -9.990e-29
 280.825006     -1.536   0.482976    15.2695     6.5867     -1.523     0.2898    -0.7155 -9.990e-29
 280.825012     -1.522   0.483328    15.2621     6.5861     -1.509     0.2901    -0.7142 -9.990e-29
 280.825017     -1.503   0.483827    15.2560     6.5952     -1.490     0.2904    -0.7129 -9.990e-29
 280.825023     -1.481   0.484026    15.2526     6.6003     -1.469     0.2906    -0.7123 -9.990e-29
 280.825029     -1.459   0.483633    15.2529     6.5997     -1.447     0.2903    -0.7125 -9.990e-29
 280.825035     -1.436   0.482679    15.2559     6.5970     -1.424     0.2897    -0.7135 -9.990e-29
 280.825041     -1.415   0.481559    15.2585     6.5848     -1.403     0.2890    -0.7144 -9.990e-29
 280.825046     -1.399   0.481005    15.2587     6.5907     -1.387     0.2887    -0.7147 -9.990e-29
 280.825052     -1.386   0.481387    15.2576     6.5923     -1.374     0.2889    -0.7144 -9.990e-29
 280.825058     -1.376   0.482104    15.2580     6.5936     -1.365     0.2893    -0.7141 -9.990e-29
 280.825064     -1.368   0.482441    15.2608     6.5952     -1.357     0.2895    -0.7144 -9.990e-29
 280.825069     -1.361   0.482292    15.2650     6.5919     -1.350     0.2894    -0.7151 -9.990e-29
 280.825075     -1.356   0.482012    15.2695     6.5924     -1.345     0.2892    -0.7160 -9.990e-29
 280.825081     -1.352   0.482342    15.2741     6.5925     -1.341     0.2894    -0.7165 -9.990e-29
 280.825087     -1.348   0.483164    15.2786     6.5925     -1.337     0.2899    -0.7169 -9.990e-29
 280.825093     -1.345   0.483350    15.2821     6.5999     -1.334     0.2899    -0.7173 -9.990e-29
 280.825098     -1.342   0.482590    15.2845     6.6015     -1.331     0.2895    -0.7181 -9.990e-29
 280.825104     -1.339   0.481536    15.2868     6.6011     -1.328     0.2888    -0.7190 -9.990e-29
 280.825110     -1.335   0.481008    15.2891     6.5988     -1.324     0.2885    -0.7196 -9.990e-29
 280.825116     -1.332   0.481412    15.2899     6.5946     -1.321     0.2887    -0.7195 -9.990e-29
 280.825122     -1.327   0.482175    15.2886     6.5944     -1.316     0.2892    -0.7189 -9.990e-29
 280.825127     -1.322   0.482648    15.2867     6.5939     -1.311     0.2895    -0.7184 -9.990e-29
 280.825133     -1.315   0.482903    15.2858     6.5864     -1.304     0.2896    -0.7181 -9.990e-29
 280.825139     -1.307   0.483279    15.2866     6.5845     -1.296     0.2899    -0.7181 -9.990e-29
 280.825145     -1.296   0.483721    15.2890     6.5842     -1.285     0.2901    -0.7183 -9.990e-29
 280.825150     -1.283   0.483705    15.2919     6.5850     -1.272     0.2901    -0.7187 -9.990e-29
 280.825156     -1.270   0.483211    15.2946     6.5878     -1.259     0.2898    -0.7194 -9.990e-29
 280.825162     -1.261   0.482691    15.2970     6.5864     -1.250     0.2894    -0.7200 -9.990e-29
 280.825168     -1.255   0.482562    15.2987     6.5815     -1.245     0.2893    -0.7204 -9.990e-29
 280.825174     -1.253   0.483764    15.3001     6.5745     -1.243     0.2901    -0.7200 -9.990e-29
 280.825179     -1.249   0.486229    15.3014     6.5492     -1.239     0.2916    -0.7191 -9.990e-29
 280.825185     -1.239   0.488241    15.3020     6.5435     -1.229     0.2928    -0.7182 -9.990e-29
 280.825191     -1.228   0.489146    15.3027     6.5429     -1.218     0.2934    -0.7179 -9.990e-29
 280.825197     -1.217   0.490148    15.3052     6.5562     -1.207     0.2940    -0.7178 -9.990e-29
 280.825203     -1.207   0.493140    15.3097     6.5684     -1.197     0.2958    -0.7171 -9.990e-29
 280.825208     -1.197   0.499887    15.3152     6.5762     -1.187     0.2999    -0.7148 -9.990e-29
 280.825214     -1.182   0.512710    15.3199     6.5594     -1.172     0.3078    -0.7094 -9.990e-29
 280.825220     -1.161   0.542032    15.3229     6.5496     -1.151     0.3260    -0.6958 -9.990e-29
 280.825226     -1.141   0.615273    15.3258     6.5469     -1.131     0.3715    -0.6610 -9.990e-29
 280.825231     -1.126   0.747788    15.3302     6.5463     -1.117     0.4547    -0.5974 -9.990e-29
 280.825237     -1.115   0.887709    15.3351     6.5540     -1.106     0.5433    -0.5297 -9.990e-29
 280.825243     -1.106   0.965222    15.3398     6.5464     -1.097     0.5927    -0.4923 -9.990e-29
 280.825249     -1.099   0.985798    15.3447     6.5454     -1.090     0.6058    -0.4829 -9.990e-29
 280.825255     -1.094   0.988551    15.3491     6.5529     -1.085     0.6075    -0.4823 -9.990e-29
 280.825260     -1.090   0.988831    15.3524     6.5565     -1.081     0.6076    -0.4827 -9.990e-29
 280.825266     -1.087   0.992573    15.3555     6.5604     -1.078     0.6100    -0.4814 -9.990e-29
 280.825272     -1.086   1.004208    15.3588     6.5573     -1.077     0.6174    -0.4762 -9.990e-29
 280.825278     -1.085   1.027568    15.3615     6.5446     -1.076     0.6323    -0.4650 -9.990e-29
 280.825284     -1.085   1.057650    15.3625     6.5412     -1.076     0.6517    -0.4503 -9.990e-29
 280.825289     -1.086   1.081169    15.3615     6.5400     -1.077     0.6668    -0.4384 -9.990e-29
 280.825295     -1.088   1.095555    15.3591     6.5331     -1.079     0.6761    -0.4309 -9.990e-29
 280.825301     -1.090   1.104975    15.3578     6.5424     -1.081     0.6822    -0.4260 -9.990e-29
 280.825307     -1.094   1.109193    15.3601     6.5433     -1.085     0.6849    -0.4243 -9.990e-29
 280.825313     -1.095   1.105492    15.3654     6.5428     -1.086     0.6824    -0.4270 -9.990e-29
 280.825318     -1.089   1.092827    15.3725     6.5355     -1.080     0.6741    -0.4345 -9.990e-29
 280.825324     -1.080   1.073779    15.3812     6.5378     -1.071     0.6617    -0.4454 -9.990e-29
 280.825330     -1.072   1.053537    15.3904     6.5392     -1.063     0.6486    -0.4570 -9.990e-29
 280.825336     -1.063   1.037929    15.3993     6.5410     -1.054     0.6384    -0.4663 -9.990e-29
 280.825341     -1.054   1.030615    15.4077     6.5504     -1.045     0.6336    -0.4713 -9.990e-29
 280.825347     -1.043   1.030183    15.4162     6.5484     -1.034     0.6332    -0.4730 -9.990e-29
 280.825353     -1.031   1.029941    15.4254     6.5401     -1.022     0.6329    -0.4747 -9.990e-29
 280.825359     -1.016   1.024003    15.4362     6.5437     -1.008     0.6289    -0.4794 -9.990e-29
 280.825365     -1.002   1.013351    15.4473     6.5337     -0.994     0.6219    -0.4866 -9.990e-29
 280.825370     -0.992   1.003804    15.4554     6.5332     -0.984     0.6157    -0.4927 -9.990e-29
 280.825376     -0.981   0.999314    15.4604     6.5345     -0.973     0.6127    -0.4957 -9.990e-29
 280.825382     -0.964   0.998344    15.4646     6.5321     -0.956     0.6120    -0.4969 -9.990e-29
 280.825388     -0.941   0.996265    15.4690     6.5439     -0.933     0.6106    -0.4987 -9.990e-29
 280.825394     -0.913   0.990301    15.4733     6.5468     -0.905     0.6068    -0.5023 -9.990e-29
 280.825399     -0.888   0.981399    15.4776     6.5472     -0.881     0.6010    -0.5075 -9.990e-29
 280.825405     -0.869   0.971038    15.4821     6.5451     -0.862     0.5943    -0.5133 -9.990e-29
 280.825411     -0.853   0.959863    15.4864     6.5410     -0.846     0.5872    -0.5196 -9.990e-29
 280.825417     -0.841   0.949658    15.4902     6.5398     -0.834     0.5806    -0.5252 -9.990e-29
 280.825422     -0.832   0.942387    15.4941     6.5307     -0.825     0.5759    -0.5294 -9.990e-29
 280.825428     -0.824   0.937809    15.4980     6.5353     -0.817     0.5730    -0.5324 -9.990e-29
 280.825434     -0.818   0.933899    15.5008     6.5284     -0.811     0.5704    -0.5347 -9.990e-29
 280.825440     -0.812   0.929339    15.5014     6.5267     -0.805     0.5675    -0.5371 -9.990e-29
 280.825446     -0.807   0.923239    15.5002     6.5355     -0.800     0.5637    -0.5399 -9.990e-29
 280.825451     -0.802   0.915250    15.4997     6.5274     -0.795     0.5586    -0.5437 -9.990e-29
 280.825457     -0.798   0.907141    15.5018     6.5364     -0.791     0.5534    -0.5480 -9.990e-29
 280.825463     -0.793   0.900337    15.5068     6.5359     -0.786     0.5490    -0.5522 -9.990e-29
 280.825469     -0.787   0.894107    15.5143     6.5334     -0.780     0.5450    -0.5565 -9.990e-29
 280.825475     -0.780   0.887933    15.5232     6.5346     -0.773     0.5409    -0.5611 -9.990e-29
 280.825480     -0.772   0.883036    15.5325     6.5302     -0.766     0.5377    -0.5650 -9.990e-29
 280.825486     -0.762   0.880674    15.5421     6.5297     -0.756     0.5361    -0.5678 -9.990e-29
 280.825492     -0.754   0.879924    15.5515     6.5297     -0.748     0.5355    -0.5697 -9.990e-29
 280.825498     -0.751   0.878117    15.5595     6.5221     -0.745     0.5342    -0.5720 -9.990e-29
 280.825503     -0.749   0.873957    15.5656     6.5199     -0.743     0.5315    -0.5750 -9.990e-29
 280.825509     -0.747   0.868570    15.5706     6.5283     -0.741     0.5280    -0.5785 -9.990e-29
 280.825515     -0.751   0.863673    15.5754     6.5321     -0.745     0.5249    -0.5817 -9.990e-29
 280.825521     -0.756   0.859966    15.5808     6.5358     -0.750     0.5225    -0.5844 -9.990e-29
 280.825527     -0.758   0.856401    15.5865     6.5347     -0.752     0.5202    -0.5871 -9.990e-29
 280.825532     -0.757   0.851561    15.5917     6.5300     -0.751     0.5170    -0.5904 -9.990e-29
 280.825538     -0.753   0.845668    15.5952     6.5293     -0.747     0.5133    -0.5938 -9.990e-29
 280.825544     -0.746   0.840320    15.5969     6.5289     -0.740     0.5099    -0.5967 -9.990e-29
 280.825550     -0.735   0.836729    15.5976     6.5290     -0.729     0.5076    -0.5986 -9.990e-29
 280.825556     -0.724   0.834554    15.5977     6.5293     -0.718     0.5062    -0.5997 -9.990e-29
 280.825561     -0.717   0.832566    15.5969     6.5294     -0.711     0.5050    -0.6005 -9.990e-29
 280.825567     -0.712   0.830337    15.5960     6.5297     -0.706     0.5036    -0.6014 -9.990e-29
 280.825573     -0.711   0.828234    15.5956     6.5303     -0.705     0.5023    -0.6024 -9.990e-29
 280.825579     -0.708   0.825677    15.5966     6.5297     -0.702     0.5006    -0.6038 -9.990e-29
 280.825584     -0.698   0.821483    15.6002     6.5296     -0.692     0.4980    -0.6065 -9.990e-29
 280.825590     -0.683   0.816177    15.6048     6.5371     -0.677     0.4946    -0.6098 -9.990e-29
 280.825596     -0.663   0.811583    15.6077     6.5386     -0.657     0.4916    -0.6125 -9.990e-29
 280.825602     -0.648   0.808249    15.6086     6.5383     -0.643     0.4895    -0.6143 -9.990e-29
 280.825608     -0.636   0.805068    15.6086     6.5373     -0.631     0.4875    -0.6158 -9.990e-29
 280.825613     -0.621   0.801135    15.6079     6.5344     -0.616     0.4851    -0.6176 -9.990e-29
 280.825619     -0.608   0.797324    15.6065     6.5269     -0.603     0.4827    -0.6193 -9.990e-29
 280.825625     -0.600   0.795228    15.6056     6.5327     -0.595     0.4814    -0.6201 -9.990e-29
 280.825631     -0.595   0.794834    15.6066     6.5268     -0.590     0.4811    -0.6205 -9.990e-29
 280.825637     -0.595   0.794503    15.6087     6.5336     -0.590     0.4809    -0.6210 -9.990e-29
 280.825642     -0.598   0.792683    15.6109     6.5366     -0.593     0.4797    -0.6222 -9.990e-29
 280.825648     -0.606   0.789174    15.6126     6.5269     -0.601     0.4775    -0.6242 -9.990e-29
 280.825654     -0.614   0.784858    15.6128     6.5343     -0.609     0.4748    -0.6264 -9.990e-29
 280.825660     -0.614   0.780653    15.6109     6.5323     -0.609     0.4721    -0.6281 -9.990e-29
 280.825666     -0.606   0.777071    15.6082     6.5325     -0.601     0.4699    -0.6294 -9.990e-29
 280.825671     -0.599   0.773785    15.6068     6.5319     -0.594     0.4679    -0.6307 -9.990e-29
 280.825677     -0.596   0.770307    15.6071     6.5274     -0.591     0.4657    -0.6325 -9.990e-29
 280.825683     -0.596   0.767004    15.6088     6.5195     -0.591     0.4636    -0.6343 -9.990e-29
 280.825689     -0.601   0.764479    15.6121     6.5255     -0.596     0.4620    -0.6361 -9.990e-29
 280.825694     -0.606   0.763257    15.6160     6.5194     -0.601     0.4612    -0.6374 -9.990e-29
 280.825700     -0.603   0.763379    15.6195     6.5195     -0.598     0.4612    -0.6379 -9.990e-29
 280.825706     -0.591   0.763895    15.6225     6.5219     -0.586     0.4615    -0.6381 -9.990e-29
 280.825712     -0.578   0.764382    15.6256     6.5204     -0.573     0.4618    -0.6384 -9.990e-29
 280.825718     -0.568   0.767713    15.6297     6.5322     -0.563     0.4638    -0.6375 -9.990e-29
 280.825723     -0.561   0.781112    15.6337     6.5344     -0.556     0.4722    -0.6317 -9.990e-29
 280.825729     -0.555   0.808542    15.6351     6.5350     -0.550     0.4894    -0.6186 -9.990e-29
 280.825735     -0.550   0.842642    15.6336     6.5341     -0.545     0.5109    -0.6018 -9.990e-29
 280.825741     -0.547   0.873267    15.6308     6.5307     -0.542     0.5302    -0.5864 -9.990e-29
 280.825747     -0.544   0.897873    15.6273     6.5389     -0.539     0.5458    -0.5738 -9.990e-29
 280.825752     -0.541   0.918682    15.6229     6.5409     -0.536     0.5591    -0.5629 -9.990e-29
 280.825758     -0.540   0.937857    15.6180     6.5409     -0.535     0.5713    -0.5527 -9.990e-29
 280.825764     -0.538   0.955383    15.6137     6.5227     -0.534     0.5825    -0.5434 -9.990e-29
 280.825770     -0.537   0.969047    15.6101     6.5225     -0.533     0.5912    -0.5360 -9.990e-29
 280.825775     -0.536   0.977602    15.6060     6.5241     -0.532     0.5967    -0.5311 -9.990e-29
 280.825781     -0.536   0.982998    15.6011     6.5276     -0.532     0.6002    -0.5277 -9.990e-29
 280.825787     -0.535   0.987984    15.5966     6.5413     -0.531     0.6035    -0.5244 -9.990e-29
 280.825793     -0.535   0.991976    15.5937     6.5316     -0.531     0.6060    -0.5220 -9.990e-29
 280.825799     -0.534   0.992513    15.5924     6.5297     -0.530     0.6064    -0.5215 -9.990e-29
 280.825804     -0.534   0.989198    15.5920     6.5274     -0.530     0.6043    -0.5231 -9.990e-29
 280.825810     -0.533   0.984287    15.5923     6.5252     -0.529     0.6012    -0.5255 -9.990e-29
 280.825816     -0.533   0.981797    15.5932     6.5287     -0.529     0.5996    -0.5269 -9.990e-29
 280.825822     -0.532   0.985084    15.5945     6.5288     -0.528     0.6016    -0.5255 -9.990e-29
 280.825828     -0.531   0.993526    15.5960     6.5287     -0.527     0.6070    -0.5216 -9.990e-29
 280.825833     -0.530   1.002252    15.5974     6.5286     -0.526     0.6125    -0.5176 -9.990e-29
 280.825839     -0.529   1.006209    15.5983     6.5277     -0.525     0.6150    -0.5158 -9.990e-29
 280.825845     -0.528   1.004559    15.5986     6.5350     -0.524     0.6140    -0.5166 -9.990e-29
 280.825851     -0.526   1.001219    15.5988     6.5366     -0.522     0.6119    -0.5183 -9.990e-29
 280.825856     -0.523   1.001192    15.5996     6.5363     -0.519     0.6118    -0.5185 -9.990e-29
 280.825862     -0.520   1.005554    15.6014     6.5338     -0.516     0.6146    -0.5166 -9.990e-29
