data/oxygen options/ONMS/Olympic_Coast_National_Marine_Sanctuary_CTD_Data_2005_2023/raw_data/2014/CAST_CA015_140623faed.cnv
* Sea-Bird SBE19 Data File:
* FileName = C:\2014 Mooring Data\Casts\CAST_CA015_140623.hex
* Software Version 1.59
* Temperature SN = 2997
* Conductivity SN = 2997
* System UpLoad Time = Jun 24 2014 00:12:22
** CAST_CA015_140623
* ds
# nquan = 9                                 
# nvalues = 772                         
# units = specified
# name 0 = timeJ: Julian Days
# name 1 = prSM: Pressure, Strain Gauge [db]
# name 2 = c0mS/cm: Conductivity [mS/cm]
# name 3 = t090C: Temperature [ITS-90, deg C]
# name 4 = sbeox0ML/L: Oxygen, SBE 43 [ml/l]
# name 5 = depSM: Depth [salt water, m], lat = 47.5
# name 6 = sal00: Salinity, Practical [PSU]
# name 7 = sigma-é00: Density [sigma-theta, kg/m^3]
# name 8 = flag: flag
# span 0 = 174.794537, 174.798999       
# span 1 =     -5.954,     17.028       
# span 2 =   0.009995,  37.155297       
# span 3 =     9.1684,    15.1922       
# span 4 =    -1.7863,    19.7281       
# span 5 =     -5.904,     16.885       
# span 6 =     0.0114,    32.7898       
# span 7 =    -0.9189,    25.3563       
# span 8 = 0.0000e+00, 0.0000e+00       
# interval = seconds: 0.5
# start_time = Jun 23 2014 19:04:08 [Instrument's time stamp, header]
# bad_flag = -9.990e-29
*END*
[from data line 641]
 174.798247     16.216  35.198396     9.1849     4.5454     16.080    32.7858    25.3558 0.0000e+00
 174.798252     16.050  35.179853     9.1732     4.5702     15.915    32.7774    25.3512 0.0000e+00
 174.798258     15.882  35.174401     9.1684     4.5710     15.749    32.7763    25.3510 0.0000e+00
 174.798264     15.712  35.179826     9.1756     4.5671     15.580    32.7753    25.3491 0.0000e+00
 174.798270     15.547  35.188224     9.1945     4.5377     15.417    32.7667    25.3394 0.0000e+00
 174.798275     15.395  35.195656     9.2155     4.5323     15.266    32.7552    25.3271 0.0000e+00
 174.798281     15.257  35.199142     9.2281     4.6065     15.129    32.7473    25.3189 0.0000e+00
 174.798287     15.126  35.198297     9.2341     4.7478     14.999    32.7410    25.3130 0.0000e+00
 174.798293     14.989  35.200423     9.2437     5.0241     14.863    32.7344    25.3064 0.0000e+00
 174.798299     14.841  35.211169     9.2627     5.4665     14.717    32.7282    25.2985 0.0000e+00
 174.798304     14.677  35.224680     9.3014     6.0300     14.554    32.7067    25.2756 0.0000e+00
 174.798310     14.491  35.242712     9.3894     6.5841     14.370    32.6450    25.2132 0.0000e+00
 174.798316     14.288  35.279224     9.5708     6.9985     14.168    32.5176    25.0846 0.0000e+00
 174.798322     14.077  35.354860     9.8373     7.2058     13.959    32.3544    24.9138 0.0000e+00
 174.798328     13.862  35.479606    10.1001     7.2709     13.746    32.2459    24.7857 0.0000e+00
 174.798333     13.650  35.646478    10.3108     7.2813     13.536    32.2267    24.7355 0.0000e+00
 174.798339     13.449  35.824446    10.4874     7.2956     13.336    32.2486    24.7227 0.0000e+00
 174.798345     13.259  35.959675    10.6235     7.3377     13.148    32.2633    24.7108 0.0000e+00
 174.798351     13.073  36.032772    10.7043     7.3503     12.963    32.2649    24.6981 0.0000e+00
 174.798356     12.887  36.057638    10.7477     7.3366     12.779    32.2514    24.6801 0.0000e+00
 174.798362     12.710  36.063532    10.7933     7.3179     12.604    32.2171    24.6455 0.0000e+00
 174.798368     12.549  36.086390    10.8662     7.2773     12.444    32.1757    24.6006 0.0000e+00
 174.798374     12.402  36.128088    10.9497     7.2519     12.298    32.1438    24.5612 0.0000e+00
 174.798380     12.264  36.164003    11.0098     7.2127     12.161    32.1268    24.5374 0.0000e+00
 174.798385     12.122  36.176960    11.0371     7.1701     12.020    32.1157    24.5241 0.0000e+00
 174.798391     11.963  36.173040    11.0476     7.1540     11.863    32.1028    24.5121 0.0000e+00
 174.798397     11.784  36.170042    11.0568     7.1678     11.685    32.0918    24.5020 0.0000e+00
 174.798403     11.597  36.172958    11.0700     7.1942     11.500    32.0833    24.4930 0.0000e+00
 174.798409     11.409  36.183446    11.0846     7.2089     11.313    32.0810    24.4886 0.0000e+00
 174.798414     11.224  36.196984    11.0958     7.2111     11.130    32.0846    24.4895 0.0000e+00
 174.798420     11.036  36.199096    11.1039     7.2045     10.944    32.0797    24.4842 0.0000e+00
 174.798426     10.844  36.193171    11.1133     7.1954     10.753    32.0657    24.4717 0.0000e+00
 174.798432     10.642  36.192083    11.1279     7.1551     10.553    32.0520    24.4585 0.0000e+00
 174.798438     10.436  36.201127    11.1476     7.1487     10.349    32.0439    24.4486 0.0000e+00
 174.798443     10.238  36.217785    11.1641     7.1494     10.152    32.0460    24.4473 0.0000e+00
 174.798449     10.053  36.227812    11.1709     7.1155      9.969    32.0500    24.4493 0.0000e+00
 174.798455      9.873  36.224954    11.1751     7.1182      9.790    32.0436    24.4435 0.0000e+00
 174.798461      9.692  36.220004    11.1806     7.1166      9.611    32.0340    24.4351 0.0000e+00
 174.798466      9.509  36.219277    11.1813     7.1782      9.429    32.0328    24.4340 0.0000e+00
 174.798472      9.331  36.221815    11.1755     7.3224      9.253    32.0404    24.4410 0.0000e+00
 174.798478      9.160  36.224845    11.1689     7.5095      9.083    32.0492    24.4490 0.0000e+00
 174.798484      8.988  36.225684    11.1676     7.7222      8.913    32.0512    24.4508 0.0000e+00
 174.798490      8.809  36.224338    11.1769     7.8924      8.735    32.0419    24.4419 0.0000e+00
 174.798495      8.625  36.222391    11.2060     7.9988      8.553    32.0147    24.4156 0.0000e+00
 174.798501      8.437  36.224551    11.2587     8.0614      8.366    31.9712    24.3724 0.0000e+00
 174.798507      8.245  36.235391    11.3241     8.0883      8.176    31.9252    24.3250 0.0000e+00
 174.798513      8.059  36.258720    11.3871     8.1048      7.992    31.8937    24.2893 0.0000e+00
 174.798519      7.884  36.286389    11.4354     8.0972      7.818    31.8791    24.2693 0.0000e+00
 174.798524      7.713  36.299765    11.4674     8.0780      7.648    31.8647    24.2523 0.0000e+00
 174.798530      7.540  36.298749    11.4915     8.0448      7.477    31.8430    24.2311 0.0000e+00
 174.798536      7.367  36.296591    11.5069     7.9898      7.305    31.8277    24.2165 0.0000e+00
 174.798542      7.199  36.301654    11.5114     7.9470      7.139    31.8288    24.2166 0.0000e+00
 174.798547      7.043  36.311727    11.5102     7.9255      6.984    31.8397    24.2253 0.0000e+00
 174.798553      6.898  36.318371    11.5066     7.9339      6.840    31.8494    24.2334 0.0000e+00
 174.798559      6.754  36.318674    11.5044     7.9849      6.698    31.8516    24.2355 0.0000e+00
 174.798565      6.612  36.316975    11.5060     8.0567      6.557    31.8487    24.2329 0.0000e+00
 174.798571      6.469  36.317753    11.5084     8.1424      6.415    31.8474    24.2315 0.0000e+00
 174.798576      6.318  36.318128    11.5118     8.2374      6.265    31.8449    24.2290 0.0000e+00
 174.798582      6.154  36.314685    11.5198     8.2968      6.103    31.8347    24.2196 0.0000e+00
 174.798588      5.973  36.310137    11.5332     8.3470      5.923    31.8189    24.2049 0.0000e+00
 174.798594      5.778  36.309654    11.5506     8.3946      5.730    31.8035    24.1898 0.0000e+00
 174.798600      5.573  36.313728    11.5698     8.4343      5.526    31.7911    24.1767 0.0000e+00
 174.798605      5.362  36.319389    11.5877     8.4579      5.317    31.7813    24.1659 0.0000e+00
 174.798611      5.150  36.326343    11.6011     8.4315      5.107    31.7767    24.1598 0.0000e+00
 174.798617      4.943  36.333779    11.6090     8.3785      4.902    31.7772    24.1588 0.0000e+00
 174.798623      4.751  36.339280    11.6128     8.3547      4.711    31.7794    24.1598 0.0000e+00
 174.798628      4.573  36.343462    11.6154     8.3505      4.535    31.7813    24.1608 0.0000e+00
 174.798634      4.407  36.347426    11.6178     8.3536      4.370    31.7832    24.1618 0.0000e+00
 174.798640      4.252  36.349736    11.6191     8.3389      4.216    31.7844    24.1625 0.0000e+00
 174.798646      4.101  36.348994    11.6191     8.3329      4.067    31.7837    24.1620 0.0000e+00
 174.798652      3.945  36.345344    11.6186     8.3335      3.912    31.7807    24.1597 0.0000e+00
 174.798657      3.783  36.341786    11.6189     8.3283      3.751    31.7770    24.1568 0.0000e+00
 174.798663      3.621  36.342004    11.6196     8.3292      3.591    31.7767    24.1565 0.0000e+00
 174.798669      3.463  36.345180    11.6194     8.3429      3.434    31.7800    24.1591 0.0000e+00
 174.798675      3.301  36.346582    11.6186     8.3937      3.273    31.7821    24.1609 0.0000e+00
 174.798681      3.131  36.344722    11.6182     8.4492      3.105    31.7807    24.1598 0.0000e+00
 174.798686      2.953  36.342743    11.6189     8.4943      2.928    31.7783    24.1578 0.0000e+00
 174.798692      2.775  36.342505    11.6210     8.5194      2.752    31.7763    24.1559 0.0000e+00
 174.798698      2.597  36.343142    11.6239     8.5778      2.575    31.7745    24.1540 0.0000e+00
 174.798704      2.418  36.343832    11.6274     8.7224      2.398    31.7723    24.1516 0.0000e+00
 174.798709      2.237  36.344946    11.6324     8.9421      2.218    31.7691    24.1482 0.0000e+00
 174.798715      2.061  36.347419    11.6396     9.1988      2.044    31.7655    24.1441 0.0000e+00
 174.798721      1.892  36.351756    11.6493     9.4051      1.876    31.7614    24.1392 0.0000e+00
 174.798727      1.727  36.360385    11.6622     9.4914      1.713    31.7588    24.1348 0.0000e+00
 174.798733      1.569  36.376408    11.6816     9.4749      1.556    31.7578    24.1305 0.0000e+00
 174.798738      1.421  36.398195    11.7089     9.4124      1.409    31.7557    24.1239 0.0000e+00
 174.798744      1.281  36.423380    11.7381     9.3809      1.270    31.7552    24.1182 0.0000e+00
 174.798750      1.149  36.447389    11.7613     9.3946      1.139    31.7587    24.1167 0.0000e+00
 174.798756      1.022  36.462958    11.7726     9.4208      1.013    31.7642    24.1189 0.0000e+00
 174.798762      0.895  36.468967    11.7756     9.4231      0.888    31.7675    24.1209 -9.990e-29
 174.798767      0.773  36.468944    11.7847     9.3739      0.767    31.7597    24.1132 -9.990e-29
 174.798773      0.666  36.472962    11.8101     9.3214      0.660    31.7419    24.0948 -9.990e-29
 174.798779      0.580  36.488622    11.8457     9.3003      0.575    31.7268    24.0765 -9.990e-29
 174.798785      0.512  36.504824    11.8745     9.3170      0.508    31.7179    24.0643 -9.990e-29
 174.798791      0.460  36.511752    11.8842     9.3545      0.456    31.7163    24.0613 -9.990e-29
 174.798796      0.419  36.510794    11.8774     9.3575      0.416    31.7212    24.0664 -9.990e-29
 174.798802      0.388  36.505730    11.8704     9.3435      0.385    31.7223    24.0685 -9.990e-29
 174.798808      0.364  36.506081    11.8749     9.3471      0.361    31.7188    24.0649 -9.990e-29
 174.798814      0.341  36.515118    11.8887     9.3809      0.338    31.7158    24.0601 -9.990e-29
 174.798819      0.314  36.525809    11.9059     9.4371      0.311    31.7115    24.0536 -9.990e-29
 174.798825      0.284  36.532769    11.9198     9.4710      0.282    31.7064    24.0470 -9.990e-29
 174.798831      0.256  36.535742    11.9281     9.5031      0.254    31.7022    24.0423 -9.990e-29
 174.798837      0.226  36.540380    11.9347     9.5249      0.224    31.7011    24.0402 -9.990e-29
 174.798843      0.194  36.550625    11.9428     9.5093      0.192    31.7041    24.0410 -9.990e-29
 174.798848      0.156  36.562181    11.9519     9.4150      0.155    31.7075    24.0420 -9.990e-29
 174.798854      0.110  36.571941    11.9609     9.2897      0.109    31.7093    24.0417 -9.990e-29
 174.798860      0.059  36.580574    11.9701    10.7370      0.059    31.7098    24.0404 -9.990e-29
 174.798866      0.002  36.588930    11.9784    10.3073      0.002    31.7108    24.0397 -9.990e-29
 174.798872     -0.064  36.594686    11.9878     9.3650     -0.063    31.7084    24.0361 -9.990e-29
 174.798877     -0.133  36.592611    11.9991     8.2000     -0.132    31.6968    24.0250 -9.990e-29
 174.798883     -0.199  36.584429    12.0053     7.1722     -0.197    31.6837    24.0137 -9.990e-29
 174.798889     -0.261  36.559236    12.0086     6.5561     -0.259    31.6566    23.9921 -9.990e-29
 174.798895     -0.318  36.470535    12.0178     6.4016     -0.315    31.5635    23.9181 -9.990e-29
 174.798900     -0.366  36.209039    12.0314     6.4515     -0.363    31.3007    23.7118 -9.990e-29
 174.798906     -0.403  35.451899    12.0472     6.5264     -0.400    30.5617    23.1359 -9.990e-29
 174.798912     -0.432  33.212602    12.0650     6.6441     -0.428    28.4155    21.4695 -9.990e-29
 174.798918     -0.455  26.520573    12.0818     6.7499     -0.451    22.1615    16.6280 -9.990e-29
 174.798924     -0.473  16.134875    12.0947     6.8323     -0.469    12.8759     9.4557 -9.990e-29
 174.798929     -0.486   8.440881    12.1036     6.9513     -0.482     6.3928     4.4480 -9.990e-29
 174.798935     -0.497   5.102226    12.1098     7.0176     -0.493     3.7281     2.3852 -9.990e-29
 174.798941     -0.505   3.760858    12.1148     7.0633     -0.501     2.6939     1.5829 -9.990e-29
 174.798947     -0.511   3.533788    12.1199 -9.990e-29     -0.507     2.5211     1.4482 -9.990e-29
 174.798953     -0.516   3.729220    12.1258 -9.990e-29     -0.512     2.6690     1.5622 -9.990e-29
 174.798958     -0.520   3.706177    12.1343 -9.990e-29     -0.516     2.6509     1.5472 -9.990e-29
 174.798964     -0.523   3.538613    12.1472 -9.990e-29     -0.519     2.5229     1.4463 -9.990e-29
 174.798970     -0.525   3.524055    12.1634 -9.990e-29     -0.521     2.5108     1.4349 -9.990e-29
 174.798976     -0.527   3.572431    12.1789 -9.990e-29     -0.523     2.5464     1.4606 -9.990e-29
 174.798981     -0.528   3.593542    12.1897 -9.990e-29     -0.524     2.5617     1.4711 -9.990e-29
 174.798987     -0.528   3.512017    12.1957 -9.990e-29     -0.524     2.4996     1.4223 -9.990e-29
 174.798993     -0.529   3.246416    12.1978 -9.990e-29     -0.525     2.2994     1.2666 -9.990e-29
 174.798999     -0.529   2.951784 -9.990e-29 -9.990e-29     -0.525 -9.990e-29 -9.990e-29 -9.990e-29
