data/oxygen options/ONMS/Olympic_Coast_National_Marine_Sanctuary_CTD_Data_2005_2023/raw_data/2014/CAST_CE042_140521faedb.cnv
* Sea-Bird SBE19 Data File:
* FileName = C:\2014 Mooring Data\Casts\CAST_CE042_140521.hex
* Software Version 1.59
* Temperature SN = 2997
* Conductivity SN = 2997
* System UpLoad Time = May 23 2014 23:32:33
** CAST_CE042_140521
* ds
# nquan = 9
# nvalues = 36                          
# units = specified
# name 0 = timeJ: Julian Days
# name 1 = prSM: Pressure, Strain Gauge [db]
# name 2 = c0mS/cm: Conductivity [mS/cm]
# name 3 = t090C: Temperature [ITS-90, deg C]
# name 4 = sbeox0ML/L: Oxygen, SBE 43 [ml/l]
# name 5 = depSM: Depth [salt water, m], lat = 47.5
# name 6 = sal00: Salinity, Practical [PSU]
# name 7 = sigma-é00: Density [sigma-theta, kg/m^3]
# name 8 = flag: flag
# span 0 = 141.979679, 141.980586       
# span 1 =      1.000,     36.000       
# span 2 =  33.658383,  34.886735       
# span 3 =     8.3653,    15.4062       
# span 4 =     3.8587,     7.3892       
# span 5 =      0.992,     35.696       
# span 6 =    26.4398,    32.8639       
# span 7 =    19.3004,    25.5432       
# span 8 = 0.0000e+00, 0.0000e+00       
# interval = decibars: 1                
# start_time = May 21 2014 23:25:20 [Instrument's time stamp, header]
# bad_flag = -9.990e-29
*END*
 141.979679      1.000  33.664417    15.4031     5.4346      0.992    26.4413    19.3021 0.0000e+00
 141.979710      2.000  33.665523    15.4062     6.0441      1.983    26.4398    19.3004 0.0000e+00
 141.979735      3.000  33.665451    15.4020     5.8186      2.975    26.4423    19.3032 0.0000e+00
 141.979757      4.000  33.658383    15.3597     6.2346      3.966    26.4642    19.3288 0.0000e+00
 141.979777      5.000  33.757872    14.9911     5.9392      4.958    26.8028    19.6646 0.0000e+00
 141.979797      6.000  34.510657    13.4057     6.8560      5.950    28.6190    21.3778 0.0000e+00
 141.979821      7.000  34.886735    12.3674     7.2517      6.942    29.7631    22.4582 0.0000e+00
 141.979845      8.000  34.587540    11.4661     7.0068      7.933    30.2020    22.9609 0.0000e+00
 141.979868      9.000  34.562082    11.2236     7.2747      8.925    30.3748    23.1379 0.0000e+00
 141.979891     10.000  34.550628    11.2104     7.3892      9.916    30.3740    23.1397 0.0000e+00
 141.979913     11.000  34.517234    11.1680     7.2909     10.908    30.3760    23.1486 0.0000e+00
 141.979937     12.000  34.564480    10.9315     6.7438     11.900    30.6181    23.3776 0.0000e+00
 141.979960     13.000  34.436161    10.5667     6.4897     12.891    30.7973    23.5788 0.0000e+00
 141.979982     14.000  34.353134    10.4005     6.2070     13.883    30.8547    23.6515 0.0000e+00
 141.980005     15.000  34.362880    10.3442     6.3627     14.874    30.9118    23.7053 0.0000e+00
 141.980031     16.000  34.384315    10.2848     6.7328     15.866    30.9834    23.7710 0.0000e+00
 141.980057     17.000  34.308785    10.2130     6.5572     16.857    30.9687    23.7714 0.0000e+00
 141.980079     18.000  34.324487    10.0433     5.9578     17.849    31.1296    23.9246 0.0000e+00
 141.980103     19.000  34.415584     9.9551     6.0341     18.840    31.2970    24.0696 0.0000e+00
 141.980128     20.000  34.409134     9.8191     5.6993     19.832    31.4084    24.1786 0.0000e+00
 141.980153     21.000  34.483638     9.7283     5.3578     20.823    31.5628    24.3137 0.0000e+00
 141.980180     22.000  34.526794     9.7168     5.4072     21.815    31.6163    24.3574 0.0000e+00
 141.980205     23.000  34.464811     9.6974     5.2341     22.807    31.5699    24.3243 0.0000e+00
 141.980230     24.000  34.493824     9.6711     5.2497     23.798    31.6221    24.3692 0.0000e+00
 141.980258     25.000  34.467619     9.5572     5.3557     24.790    31.6954    24.4447 0.0000e+00
 141.980289     26.000  34.411102     9.3224     5.0537     25.781    31.8455    24.5991 0.0000e+00
 141.980315     27.000  34.338636     9.0286     4.8335     26.773    32.0332    24.7917 0.0000e+00
 141.980340     28.000  34.314405     8.9095     4.7798     27.764    32.1152    24.8742 0.0000e+00
 141.980367     29.000  34.269067     8.7902     4.7496     28.756    32.1755    24.9398 0.0000e+00
 141.980397     30.000  34.269497     8.7610     4.7786     29.748    32.2021    24.9650 0.0000e+00
 141.980426     31.000  34.305168     8.7866     4.7253     30.739    32.2156    24.9717 0.0000e+00
 141.980454     32.000  34.387186     8.7696     4.6582     31.730    32.3161    25.0530 0.0000e+00
 141.980488     33.000  34.431977     8.6843     4.7414     32.722    32.4405    25.1634 0.0000e+00
 141.980519     34.000  34.440254     8.5777     4.4921     33.713    32.5467    25.2627 0.0000e+00
 141.980548     35.000  34.473028     8.4600     4.3590     34.705    32.6895    25.3923 0.0000e+00
 141.980586     36.000  34.555311     8.3653     3.8587     35.696    32.8639    25.5432 0.0000e+00
