data/oxygen options/ONMS/Olympic_Coast_National_Marine_Sanctuary_CTD_Data_2005_2023/raw_data/2014/CAST_MB015_140730faed.cnv
* Sea-Bird SBE19 Data File:
* FileName = C:\2014 Mooring Data\Casts\CAST_MB015_140730.hex
* Software Version 1.59
* Temperature SN = 2997
* Conductivity SN = 2997
* System UpLoad Time = Aug 03 2014 00:50:44
** CAST_MB015_140730
* ds
# nquan = 9                                 
# nvalues = 1149                        
# units = specified
# name 0 = timeJ: Julian Days
# name 1 = prSM: Pressure, Strain Gauge [db]
# name 2 = c0mS/cm: Conductivity [mS/cm]
# name 3 = t090C: Temperature [ITS-90, deg C]
# name 4 = sbeox0ML/L: Oxygen, SBE 43 [ml/l]
# name 5 = depSM: Depth [salt water, m], lat = 47.5
# name 6 = sal00: Salinity, Practical [PSU]
# name 7 = sigma-é00: Density [sigma-theta, kg/m^3]
# name 8 = flag: flag
# span 0 = 211.825058, 211.831701       
# span 1 =     -5.629,     14.727       
# span 2 =   0.385432,  38.645168       
# span 3 =     7.8656,    17.8905       
# span 4 =    -1.6941,    13.4340       
# span 5 =     -5.582,     14.604       
# span 6 =     0.2167,    33.5268       
# span 7 =    -1.2152,    26.1307       
# span 8 = 0.0000e+00, 0.0000e+00       
# interval = seconds: 0.5
# start_time = Jul 30 2014 19:48:05 [Instrument's time stamp, header]
# bad_flag = -9.990e-29
*END*
[from data line 161]
 211.825990     -2.389   0.395459    17.4896     5.0492     -2.369     0.2241    -1.1377 -9.990e-29
 211.825995     -2.379   0.395447    17.4783     5.0444     -2.359     0.2241    -1.1356 -9.990e-29
 211.826001     -2.365   0.395443    17.4724     5.0480     -2.345     0.2242    -1.1345 -9.990e-29
 211.826007     -2.353   0.395441    17.4722     5.0498     -2.333     0.2242    -1.1345 -9.990e-29
 211.826013     -2.345   0.395440    17.4753     5.0439     -2.325     0.2242    -1.1351 -9.990e-29
 211.826019     -2.336   0.395439    17.4806     5.0527     -2.317     0.2241    -1.1360 -9.990e-29
 211.826024     -2.322   0.395437    17.4868     5.0526     -2.303     0.2241    -1.1372 -9.990e-29
 211.826030     -2.302   0.395432    17.4917     5.0544     -2.283     0.2241    -1.1381 -9.990e-29
 211.826036     -2.279   0.395418    17.4942     5.0555     -2.260     0.2240    -1.1385 -9.990e-29
 211.826042     -2.260   0.395378    17.4938     5.0530     -2.241     0.2240    -1.1385 -9.990e-29
 211.826047     -2.243   0.395259    17.4894     5.0524     -2.224     0.2240    -1.1377 -9.990e-29
 211.826053     -2.224   0.394901    17.4831     5.0530     -2.205     0.2238    -1.1367 -9.990e-29
 211.826059     -2.205   0.394386    17.4784     5.0533     -2.187     0.2235    -1.1361 -9.990e-29
 211.826065     -2.190   0.394139    17.4733     5.0547     -2.172     0.2234    -1.1353 -9.990e-29
 211.826071     -2.178   0.394385    17.4647     5.0490     -2.160     0.2236    -1.1336 -9.990e-29
 211.826076     -2.167   0.394898    17.4560     5.0544     -2.149     0.2239    -1.1318 -9.990e-29
 211.826082     -2.157   0.395250    17.4518     5.0552     -2.139     0.2242    -1.1308 -9.990e-29
 211.826088     -2.148   0.395355    17.4503     5.0553     -2.130     0.2242    -1.1305 -9.990e-29
 211.826094     -2.138   0.395353    17.4490     5.0549     -2.120     0.2242    -1.1303 -9.990e-29
 211.826100     -2.128   0.395244    17.4477     5.0507     -2.110     0.2242    -1.1301 -9.990e-29
 211.826105     -2.116   0.394882    17.4447     5.0422     -2.098     0.2240    -1.1297 -9.990e-29
 211.826111     -2.107   0.394340    17.4384     5.0535     -2.089     0.2237    -1.1288 -9.990e-29
 211.826117     -2.103   0.394006    17.4295     5.0494     -2.085     0.2236    -1.1273 -9.990e-29
 211.826123     -2.101   0.393993    17.4224     5.0480     -2.083     0.2236    -1.1260 -9.990e-29
 211.826128     -2.095   0.394284    17.4222     5.0461     -2.078     0.2238    -1.1258 -9.990e-29
 211.826134     -2.086   0.394711    17.4296     5.0407     -2.069     0.2240    -1.1270 -9.990e-29
 211.826140     -2.073   0.394734    17.4423     5.0424     -2.056     0.2239    -1.1293 -9.990e-29
 211.826146     -2.060   0.394382    17.4564     5.0416     -2.043     0.2236    -1.1321 -9.990e-29
 211.826152     -2.049   0.394298    17.4695     5.0408     -2.032     0.2235    -1.1345 -9.990e-29
 211.826157     -2.036   0.394373    17.4820     5.0392     -2.019     0.2235    -1.1368 -9.990e-29
 211.826163     -2.020   0.394151    17.4933     5.0370     -2.003     0.2233    -1.1389 -9.990e-29
 211.826169     -2.004   0.393891    17.5038     5.0359     -1.987     0.2231    -1.1410 -9.990e-29
 211.826175     -1.988   0.393805    17.5156     5.0344     -1.971     0.2230    -1.1432 -9.990e-29
 211.826181     -1.974   0.393776    17.5282     5.0331     -1.958     0.2229    -1.1455 -9.990e-29
 211.826186     -1.962   0.393766    17.5401     5.0326     -1.946     0.2229    -1.1477 -9.990e-29
 211.826192     -1.946   0.393762    17.5517     5.0308     -1.930     0.2228    -1.1499 -9.990e-29
 211.826198     -1.931   0.393760    17.5625     5.0292     -1.915     0.2227    -1.1518 -9.990e-29
 211.826204     -1.918   0.393760    17.5741     5.0281     -1.902     0.2227    -1.1540 -9.990e-29
 211.826209     -1.908   0.393759    17.5888     5.0270     -1.892     0.2226    -1.1567 -9.990e-29
 211.826215     -1.900   0.393759    17.6049     5.0187     -1.884     0.2225    -1.1597 -9.990e-29
 211.826221     -1.892   0.393758    17.6197     5.0163     -1.876     0.2224    -1.1624 -9.990e-29
 211.826227     -1.886   0.393757    17.6333     5.0161     -1.870     0.2224    -1.1649 -9.990e-29
 211.826233     -1.880   0.393755    17.6457     5.0179     -1.864     0.2223    -1.1672 -9.990e-29
 211.826238     -1.874   0.393750    17.6576     5.0351     -1.858     0.2222    -1.1694 -9.990e-29
 211.826244     -1.867   0.393736    17.6712     5.0307     -1.851     0.2222    -1.1720 -9.990e-29
 211.826250     -1.859   0.393695    17.6853     5.0292     -1.843     0.2221    -1.1746 -9.990e-29
 211.826256     -1.850   0.393571    17.6979     5.0252     -1.835     0.2219    -1.1770 -9.990e-29
 211.826262     -1.839   0.393200    17.7092     5.0196     -1.824     0.2217    -1.1793 -9.990e-29
 211.826267     -1.825   0.392644    17.7192     5.0223     -1.810     0.2213    -1.1814 -9.990e-29
 211.826273     -1.808   0.392274    17.7265     5.0219     -1.793     0.2210    -1.1829 -9.990e-29
 211.826279     -1.790   0.392153    17.7305     5.0230     -1.775     0.2210    -1.1837 -9.990e-29
 211.826285     -1.776   0.392121    17.7328     5.0242     -1.761     0.2209    -1.1841 -9.990e-29
 211.826291     -1.763   0.392134    17.7354     5.0254     -1.748     0.2209    -1.1846 -9.990e-29
 211.826296     -1.755   0.392212    17.7381     5.0270     -1.740     0.2210    -1.1851 -9.990e-29
 211.826302     -1.753   0.392457    17.7412     5.0275     -1.738     0.2211    -1.1856 -9.990e-29
 211.826308     -1.746   0.392642    17.7461     5.0205     -1.731     0.2212    -1.1864 -9.990e-29
 211.826314     -1.731   0.392456    17.7519     5.0271     -1.717     0.2210    -1.1875 -9.990e-29
 211.826319     -1.711   0.392208    17.7559     5.0310     -1.697     0.2209    -1.1884 -9.990e-29
 211.826325     -1.693   0.392126    17.7555     5.0342     -1.679     0.2208    -1.1884 -9.990e-29
 211.826331     -1.680   0.392098    17.7493     5.0377     -1.666     0.2208    -1.1872 -9.990e-29
 211.826337     -1.671   0.392088    17.7391     5.0292     -1.657     0.2209    -1.1853 -9.990e-29
 211.826343     -1.666   0.392084    17.7274     5.0354     -1.652     0.2209    -1.1831 -9.990e-29
 211.826348     -1.661   0.392083    17.7166     5.0362     -1.647     0.2210    -1.1811 -9.990e-29
 211.826354     -1.650   0.392082    17.7083     5.0358     -1.636     0.2210    -1.1796 -9.990e-29
 211.826360     -1.637   0.392082    17.7003     5.0354     -1.623     0.2211    -1.1781 -9.990e-29
 211.826366     -1.626   0.392081    17.6884     5.0380     -1.612     0.2211    -1.1759 -9.990e-29
 211.826372     -1.616   0.392081    17.6724     5.0310     -1.603     0.2212    -1.1729 -9.990e-29
 211.826377     -1.607   0.392081    17.6553     5.0282     -1.594     0.2213    -1.1697 -9.990e-29
 211.826383     -1.597   0.392080    17.6393     5.0264     -1.584     0.2214    -1.1668 -9.990e-29
 211.826389     -1.586   0.392080    17.6267     5.0335     -1.573     0.2214    -1.1644 -9.990e-29
 211.826395     -1.577   0.392080    17.6219     5.0383     -1.564     0.2215    -1.1636 -9.990e-29
 211.826400     -1.576   0.392079    17.6274     5.0306     -1.563     0.2214    -1.1646 -9.990e-29
 211.826406     -1.576   0.392078    17.6411     5.0278     -1.563     0.2214    -1.1671 -9.990e-29
 211.826412     -1.574   0.392076    17.6575     5.0319     -1.561     0.2213    -1.1702 -9.990e-29
 211.826418     -1.570   0.392071    17.6725     5.0282     -1.557     0.2212    -1.1729 -9.990e-29
 211.826424     -1.567   0.392057    17.6847     5.0372     -1.554     0.2211    -1.1752 -9.990e-29
 211.826429     -1.570   0.392016    17.6926     5.0296     -1.557     0.2211    -1.1767 -9.990e-29
 211.826435     -1.575   0.391892    17.6941     5.0273     -1.562     0.2210    -1.1770 -9.990e-29
 211.826441     -1.577   0.391521    17.6910     5.0288     -1.564     0.2208    -1.1766 -9.990e-29
 211.826447     -1.577   0.390965    17.6890     5.0267     -1.564     0.2205    -1.1765 -9.990e-29
 211.826453     -1.575   0.390594    17.6888     5.0368     -1.562     0.2203    -1.1766 -9.990e-29
 211.826458     -1.571   0.390470    17.6877     5.0377     -1.558     0.2202    -1.1765 -9.990e-29
 211.826464     -1.564   0.390428    17.6858     5.0297     -1.551     0.2202    -1.1761 -9.990e-29
 211.826470     -1.554   0.390414    17.6841     5.0265     -1.541     0.2202    -1.1758 -9.990e-29
 211.826476     -1.541   0.390410    17.6832     5.0227     -1.528     0.2202    -1.1757 -9.990e-29
 211.826481     -1.523   0.390408    17.6824     5.0315     -1.510     0.2202    -1.1755 -9.990e-29
 211.826487     -1.500   0.390407    17.6812     5.0287     -1.487     0.2202    -1.1753 -9.990e-29
 211.826493     -1.474   0.390406    17.6818     5.0259     -1.462     0.2202    -1.1754 -9.990e-29
 211.826499     -1.452   0.390401    17.6849     5.0235     -1.440     0.2202    -1.1760 -9.990e-29
 211.826505     -1.437   0.390387    17.6894     5.0223     -1.425     0.2201    -1.1768 -9.990e-29
 211.826510     -1.428   0.390346    17.6948     5.0325     -1.416     0.2201    -1.1778 -9.990e-29
 211.826516     -1.424   0.390223    17.6996     5.0335     -1.412     0.2200    -1.1788 -9.990e-29
 211.826522     -1.425   0.389853    17.7029     5.0254     -1.413     0.2198    -1.1796 -9.990e-29
 211.826528     -1.428   0.389297    17.7062     5.0220     -1.416     0.2194    -1.1804 -9.990e-29
 211.826534     -1.423   0.388927    17.7102     5.0178     -1.411     0.2192    -1.1813 -9.990e-29
 211.826539     -1.411   0.388804    17.7159     5.0185     -1.399     0.2191    -1.1824 -9.990e-29
 211.826545     -1.398   0.388763    17.7228     5.0274     -1.386     0.2190    -1.1837 -9.990e-29
 211.826551     -1.390   0.388749    17.7280     5.0200     -1.378     0.2190    -1.1847 -9.990e-29
 211.826557     -1.384   0.388745    17.7307     5.0176     -1.372     0.2190    -1.1852 -9.990e-29
 211.826562     -1.381   0.388743    17.7338     5.0148     -1.369     0.2190    -1.1858 -9.990e-29
 211.826568     -1.380   0.388743    17.7389     5.0192     -1.368     0.2190    -1.1868 -9.990e-29
 211.826574     -1.382   0.388744    17.7449     5.0234     -1.370     0.2189    -1.1879 -9.990e-29
 211.826580     -1.382   0.388744    17.7516     5.0230     -1.370     0.2189    -1.1891 -9.990e-29
 211.826586     -1.376   0.388744    17.7601     5.0200     -1.365     0.2188    -1.1907 -9.990e-29
 211.826591     -1.368   0.388744    17.7711     5.0159     -1.357     0.2188    -1.1928 -9.990e-29
 211.826597     -1.362   0.388743    17.7844     5.0076     -1.351     0.2187    -1.1952 -9.990e-29
 211.826603     -1.357   0.388740    17.7980     5.0119     -1.346     0.2187    -1.1978 -9.990e-29
 211.826609     -1.352   0.388731    17.8099     5.0135     -1.341     0.2186    -1.2000 -9.990e-29
 211.826615     -1.349   0.388703    17.8209     5.0154     -1.338     0.2185    -1.2021 -9.990e-29
 211.826620     -1.346   0.388620    17.8310     5.0170     -1.335     0.2184    -1.2040 -9.990e-29
 211.826626     -1.343   0.388370    17.8395     5.0146     -1.332     0.2182    -1.2057 -9.990e-29
 211.826632     -1.340   0.388174    17.8479     5.0154     -1.329     0.2181    -1.2074 -9.990e-29
 211.826638     -1.338   0.388328    17.8576     5.0150     -1.327     0.2181    -1.2091 -9.990e-29
 211.826644     -1.335   0.388479    17.8678     5.0147     -1.324     0.2182    -1.2110 -9.990e-29
 211.826649     -1.331   0.388274    17.8777     5.0073     -1.320     0.2180    -1.2129 -9.990e-29
 211.826655     -1.327   0.387993    17.8853     5.0128     -1.316     0.2178    -1.2145 -9.990e-29
 211.826661     -1.322   0.387817    17.8884     5.0140     -1.311     0.2177    -1.2151 -9.990e-29
 211.826667     -1.315   0.387511    17.8880     5.0156     -1.304     0.2175    -1.2152 -9.990e-29
 211.826672     -1.307   0.387224    17.8855     5.0186     -1.296     0.2174    -1.2149 -9.990e-29
 211.826678     -1.297   0.387129    17.8814     5.0160     -1.286     0.2173    -1.2141 -9.990e-29
 211.826684     -1.283   0.387097    17.8785     5.0086     -1.272     0.2173    -1.2136 -9.990e-29
 211.826690     -1.266   0.387087    17.8787     5.0129     -1.255     0.2173    -1.2136 -9.990e-29
 211.826696     -1.249   0.387083    17.8807     5.0133     -1.239     0.2173    -1.2140 -9.990e-29
 211.826701     -1.234   0.387082    17.8828     5.0155     -1.224     0.2173    -1.2144 -9.990e-29
 211.826707     -1.221   0.387082    17.8842     5.0194     -1.211     0.2173    -1.2147 -9.990e-29
 211.826713     -1.213   0.387082    17.8845     5.0181     -1.203     0.2173    -1.2147 -9.990e-29
 211.826719     -1.209   0.387082    17.8821     5.0216     -1.199     0.2173    -1.2143 -9.990e-29
 211.826725     -1.206   0.387081    17.8768     5.0242     -1.196     0.2173    -1.2133 -9.990e-29
 211.826730     -1.203   0.387077    17.8734     5.0241     -1.193     0.2173    -1.2126 -9.990e-29
 211.826736     -1.195   0.387065    17.8755     5.0235     -1.185     0.2173    -1.2130 -9.990e-29
 211.826742     -1.183   0.387029    17.8810     5.0150     -1.173     0.2173    -1.2141 -9.990e-29
 211.826748     -1.173   0.386919    17.8837     5.0196     -1.163     0.2172    -1.2146 -9.990e-29
 211.826753     -1.169   0.386590    17.8772     5.0200     -1.159     0.2170    -1.2136 -9.990e-29
 211.826759     -1.167   0.386157    17.8616     5.0218     -1.157     0.2169    -1.2108 -9.990e-29
 211.826765     -1.159   0.386157    17.8404     5.0247     -1.149     0.2170    -1.2069 -9.990e-29
 211.826771     -1.143   0.386588    17.8172     5.0205     -1.133     0.2173    -1.2023 -9.990e-29
 211.826777     -1.127   0.386914    17.7997     5.0196     -1.118     0.2176    -1.1989 -9.990e-29
 211.826782     -1.115   0.387011    17.7938     5.0190     -1.106     0.2177    -1.1978 -9.990e-29
 211.826788     -1.105   0.387008    17.7973     5.0112     -1.096     0.2177    -1.1984 -9.990e-29
 211.826794     -1.098   0.386902    17.8054     5.0097     -1.089     0.2176    -1.2000 -9.990e-29
 211.826800     -1.092   0.386549    17.8142     5.0110     -1.083     0.2173    -1.2018 -9.990e-29
 211.826806     -1.088   0.386035    17.8202     5.0220     -1.079     0.2170    -1.2031 -9.990e-29
 211.826811     -1.084   0.385787    17.8213     5.0312     -1.075     0.2169    -1.2034 -9.990e-29
 211.826817     -1.081   0.386030    17.8208     5.0334     -1.072     0.2170    -1.2032 -9.990e-29
 211.826823     -1.079   0.386531    17.8242     5.0326     -1.070     0.2173    -1.2037 -9.990e-29
 211.826829     -1.078   0.386847    17.8303     5.0321     -1.069     0.2174    -1.2047 -9.990e-29
 211.826834     -1.076   0.386843    17.8356     5.0322     -1.067     0.2174    -1.2057 -9.990e-29
 211.826840     -1.075   0.386512    17.8378     5.0385     -1.066     0.2172    -1.2062 -9.990e-29
 211.826846     -1.075   0.385970    17.8336     5.0401     -1.066     0.2169    -1.2057 -9.990e-29
 211.826852     -1.074   0.385604    17.8206     5.0457     -1.065     0.2167    -1.2034 -9.990e-29
 211.826858     -1.074   0.385483    17.7984     5.0438     -1.065     0.2168    -1.1993 -9.990e-29
 211.826863     -1.073   0.385443    17.7715     5.0464     -1.064     0.2169    -1.1943 -9.990e-29
 211.826869     -1.073   0.385432    17.7483     5.0450     -1.064     0.2170    -1.1900 -9.990e-29
 211.826875     -1.072   0.385434    17.7305     5.0470     -1.063     0.2171    -1.1866 -9.990e-29
 211.826881     -1.072   0.385453    17.7171     5.0463     -1.063     0.2172    -1.1841 -9.990e-29
 211.826887     -1.072   0.385514    17.7115     5.0428     -1.063     0.2172    -1.1831 -9.990e-29
 211.826892     -1.071   0.385697    17.7132     5.0400     -1.062     0.2173    -1.1833 -9.990e-29
 211.826898     -1.071   0.386245    17.7195     5.0357     -1.062     0.2176    -1.1842 -9.990e-29
 211.826904     -1.071   0.387334    17.7303     5.0350     -1.062     0.2182    -1.1858 -9.990e-29
