data/oxygen options/ONMS/Olympic_Coast_National_Marine_Sanctuary_CTD_Data_2005_2023/raw_data/2014/CAST_KL050_140722faed.cnv
* Sea-Bird SBE19 Data File:
* FileName = C:\2014 Mooring Data\Casts\CAST_KL050_140722.hex
* Software Version 1.59
* Temperature SN = 2997
* Conductivity SN = 2997
* System UpLoad Time = Jul 22 2014 23:14:02
** CAST_KL050_140722
* ds
# nquan = 9                                 
# nvalues = 1187                        
# units = specified
# name 0 = timeJ: Julian Days
# name 1 = prSM: Pressure, Strain Gauge [db]
# name 2 = c0mS/cm: Conductivity [mS/cm]
# name 3 = t090C: Temperature [ITS-90, deg C]
# name 4 = sbeox0ML/L: Oxygen, SBE 43 [ml/l]
# name 5 = depSM: Depth [salt water, m], lat = 47.5
# name 6 = sal00: Salinity, Practical [PSU]
# name 7 = sigma-é00: Density [sigma-theta, kg/m^3]
# name 8 = flag: flag
# span 0 = 203.959387, 203.966250       
# span 1 =     -6.695,     49.671       
# span 2 =   0.321879,  40.609367       
# span 3 =     7.3303,    18.8470       
# span 4 =    -1.6740,    14.7696       
# span 5 =     -6.639,     49.251       
# span 6 =     0.1775,    33.6632       
# span 7 =    -1.3951,    26.3032       
# span 8 = 0.0000e+00, 0.0000e+00       
# interval = seconds: 0.5
# start_time = Jul 22 2014 23:01:31 [Instrument's time stamp, header]
# bad_flag = -9.990e-29
*END*
[from data line 641]
 203.963096      0.591  39.700866    15.1949    10.9925      0.586    31.9242    23.5600 -9.990e-29
 203.963102      0.685  39.616611    15.0264    10.9970      0.679    31.9861    23.6439 -9.990e-29
 203.963108      0.805  39.462213    14.8065    10.9271      0.798    32.0272    23.7225 -9.990e-29
 203.963113      0.955  39.254601    14.5845    10.7558      0.947    32.0217    23.7652 0.0000e+00
 203.963119      1.131  39.062155    14.3941    10.4967      1.122    32.0036    23.7911 0.0000e+00
 203.963125      1.326  38.913369    14.2178    10.1350      1.315    32.0134    23.8354 0.0000e+00
 203.963131      1.542  38.775334    14.0217     9.7415      1.529    32.0495    23.9036 0.0000e+00
 203.963137      1.782  38.607025    13.7910     9.3990      1.767    32.0867    23.9794 0.0000e+00
 203.963142      2.042  38.390501    13.5339     9.0882      2.025    32.1011    24.0425 0.0000e+00
 203.963148      2.302  38.127744    13.2587     8.7876      2.283    32.0874    24.0866 0.0000e+00
 203.963154      2.559  37.852268    12.9663     8.4451      2.538    32.0755    24.1349 0.0000e+00
 203.963160      2.819  37.609803    12.6596     7.9691      2.795    32.1065    24.2182 0.0000e+00
 203.963166      3.087  37.380045    12.3600     7.4381      3.061    32.1433    24.3039 0.0000e+00
 203.963171      3.362  37.158485    12.1100     6.9695      3.334    32.1453    24.3524 0.0000e+00
 203.963177      3.646  36.999246    11.9053     6.6118      3.616    32.1681    24.4080 0.0000e+00
 203.963183      3.938  36.882928    11.6808     6.4261      3.905    32.2497    24.5126 0.0000e+00
 203.963189      4.240  36.737347    11.4261     6.3326      4.205    32.3296    24.6209 0.0000e+00
 203.963194      4.551  36.566941    11.2145     6.2765      4.513    32.3477    24.6729 0.0000e+00
 203.963200      4.859  36.444064    11.0849     6.2471      4.818    32.3405    24.6903 0.0000e+00
 203.963206      5.159  36.387121    11.0116     6.1928      5.116    32.3486    24.7096 0.0000e+00
 203.963212      5.458  36.362117    10.9610     6.1327      5.412    32.3684    24.7338 0.0000e+00
 203.963218      5.760  36.344551    10.9114     6.0521      5.712    32.3947    24.7630 0.0000e+00
 203.963223      6.068  36.324339    10.8583     5.9162      6.017    32.4215    24.7931 0.0000e+00
 203.963229      6.381  36.304145    10.8112     5.7241      6.328    32.4430    24.8181 0.0000e+00
 203.963235      6.692  36.289465    10.7774     5.4607      6.636    32.4582    24.8359 0.0000e+00
 203.963241      7.001  36.280797    10.7487     5.1621      6.942    32.4750    24.8539 0.0000e+00
 203.963247      7.309  36.270377    10.7060     4.8751      7.248    32.5024    24.8827 0.0000e+00
 203.963252      7.618  36.247552    10.6395     4.5744      7.554    32.5388    24.9225 0.0000e+00
 203.963258      7.928  36.210383    10.5643     4.3129      7.862    32.5686    24.9587 0.0000e+00
 203.963264      8.237  36.172042    10.4940     4.1605      8.168    32.5930    24.9897 0.0000e+00
 203.963270      8.551  36.135710    10.4020     4.0950      8.479    32.6389    25.0412 0.0000e+00
 203.963275      8.873  36.065156    10.2340     4.0999      8.799    32.7189    25.1321 0.0000e+00
 203.963281      9.197  35.907706    10.0079     4.1038      9.120    32.7641    25.2053 0.0000e+00
 203.963287      9.524  35.714263     9.8353     4.0596      9.444    32.7240    25.2025 0.0000e+00
 203.963293      9.852  35.623525     9.7645     3.9582      9.770    32.6956    25.1921 0.0000e+00
 203.963299     10.177  35.631634     9.7289     3.8285     10.092    32.7362    25.2295 0.0000e+00
 203.963304     10.498  35.621293     9.6479     3.6930     10.410    32.7993    25.2921 0.0000e+00
 203.963310     10.818  35.539305     9.4843     3.6034     10.727    32.8648    25.3698 0.0000e+00
 203.963316     11.140  35.389035     9.2604     3.5696     11.047    32.9157    25.4454 0.0000e+00
 203.963322     11.464  35.208493     9.0414     3.5645     11.368    32.9308    25.4918 0.0000e+00
 203.963328     11.785  35.050296     8.8768     3.5754     11.686    32.9185    25.5078 0.0000e+00
 203.963333     12.100  34.938473     8.7710     3.5780     11.999    32.8997    25.5095 0.0000e+00
 203.963339     12.410  34.869100     8.7069     3.5868     12.306    32.8865    25.5090 0.0000e+00
 203.963345     12.712  34.830334     8.6646     3.5905     12.606    32.8851    25.5143 0.0000e+00
 203.963351     13.012  34.808511     8.6286     3.5670     12.903    32.8956    25.5280 0.0000e+00
 203.963356     13.322  34.794605     8.5951     3.5396     13.210    32.9120    25.5460 0.0000e+00
 203.963362     13.648  34.785663     8.5652     3.5079     13.534    32.9304    25.5649 0.0000e+00
 203.963368     13.989  34.779175     8.5382     3.5030     13.872    32.9486    25.5833 0.0000e+00
 203.963374     14.341  34.773100     8.5118     3.5159     14.221    32.9667    25.6015 0.0000e+00
 203.963380     14.701  34.767067     8.4822     3.5374     14.578    32.9878    25.6225 0.0000e+00
 203.963385     15.067  34.766935     8.4470     3.5776     14.941    33.0205    25.6535 0.0000e+00
 203.963391     15.431  34.769601     8.4027     3.6065     15.302    33.0647    25.6948 0.0000e+00
 203.963397     15.782  34.755488     8.3498     3.6335     15.650    33.0994    25.7299 0.0000e+00
 203.963403     16.114  34.719119     8.2985     3.6358     15.979    33.1090    25.7451 0.0000e+00
 203.963409     16.424  34.678087     8.2584     3.6300     16.286    33.1032    25.7465 0.0000e+00
 203.963414     16.717  34.647693     8.2287     3.6326     16.577    33.0988    25.7475 0.0000e+00
 203.963420     16.998  34.628806     8.2034     3.6263     16.855    33.1025    25.7541 0.0000e+00
 203.963426     17.276  34.614636     8.1747     3.6399     17.131    33.1144    25.7677 0.0000e+00
 203.963432     17.556  34.596828     8.1415     3.6536     17.409    33.1267    25.7823 0.0000e+00
 203.963438     17.838  34.575082     8.1128     3.6621     17.688    33.1306    25.7896 0.0000e+00
 203.963443     18.124  34.557876     8.0956     3.6499     17.972    33.1284    25.7904 0.0000e+00
 203.963449     18.414  34.547953     8.0877     3.6314     18.260    33.1251    25.7890 0.0000e+00
 203.963455     18.710  34.542058     8.0828     3.6190     18.553    33.1234    25.7883 0.0000e+00
 203.963461     19.017  34.538381     8.0777     3.6208     18.857    33.1241    25.7897 0.0000e+00
 203.963466     19.344  34.536391     8.0730     3.6325     19.182    33.1263    25.7921 0.0000e+00
 203.963472     19.687  34.534999     8.0667     3.6480     19.522    33.1306    25.7964 0.0000e+00
 203.963478     20.045  34.529422     8.0515     3.6542     19.877    33.1389    25.8051 0.0000e+00
 203.963484     20.410  34.510422     8.0263     3.6714     20.239    33.1423    25.8115 0.0000e+00
 203.963490     20.766  34.476673     8.0037     3.6827     20.592    33.1276    25.8032 0.0000e+00
 203.963495     21.097  34.444774     7.9925     3.6923     20.920    33.1040    25.7864 0.0000e+00
 203.963501     21.404  34.429303     7.9818     3.6816     21.224    33.0974    25.7828 0.0000e+00
 203.963507     21.696  34.420730     7.9571     3.6613     21.514    33.1115    25.7975 0.0000e+00
 203.963513     21.985  34.405263     7.9231     3.6488     21.800    33.1271    25.8146 0.0000e+00
 203.963519     22.280  34.385727     7.8899     3.6470     22.093    33.1376    25.8277 0.0000e+00
 203.963524     22.582  34.366813     7.8595     3.6717     22.392    33.1460    25.8387 0.0000e+00
 203.963530     22.885  34.346744     7.8304     3.6781     22.693    33.1520    25.8476 0.0000e+00
 203.963536     23.183  34.323886     7.7985     3.6791     22.988    33.1577    25.8567 0.0000e+00
 203.963542     23.473  34.294012     7.7541     3.6626     23.276    33.1678    25.8710 0.0000e+00
 203.963547     23.761  34.253639     7.6963     3.6367     23.561    33.1793    25.8883 0.0000e+00
 203.963553     24.052  34.212217     7.6444     3.6206     23.850    33.1841    25.8995 0.0000e+00
 203.963559     24.343  34.182849     7.6117     3.6072     24.138    33.1835    25.9037 0.0000e+00
 203.963565     24.631  34.173381     7.5859     3.5999     24.424    33.1978    25.9186 0.0000e+00
 203.963571     24.927  34.177795     7.5501     3.5919     24.717    33.2367    25.9542 0.0000e+00
 203.963576     25.240  34.169873     7.5039     3.5834     25.028    33.2723    25.9886 0.0000e+00
 203.963582     25.569  34.136723     7.4529     3.5846     25.354    33.2852    26.0060 0.0000e+00
 203.963588     25.909  34.091891     7.4037     3.5697     25.691    33.2837    26.0117 0.0000e+00
 203.963594     26.251  34.054062     7.3675     3.5397     26.030    33.2773    26.0117 0.0000e+00
 203.963600     26.588  34.033812     7.3480     3.4856     26.364    33.2739    26.0118 0.0000e+00
 203.963605     26.916  34.027597     7.3396     3.4355     26.690    33.2751    26.0139 0.0000e+00
 203.963611     27.233  34.027055     7.3354     3.3828     27.004    33.2784    26.0171 0.0000e+00
 203.963617     27.551  34.028585     7.3321     3.3354     27.319    33.2831    26.0212 0.0000e+00
 203.963623     27.878  34.031912     7.3306     3.2959     27.643    33.2880    26.0253 0.0000e+00
 203.963628     28.204  34.038034     7.3319     3.2563     27.967    33.2932    26.0292 0.0000e+00
 203.963634     28.521  34.048309     7.3352     3.2371     28.281    33.3011    26.0349 0.0000e+00
 203.963640     28.823  34.060658     7.3390     3.1836     28.580    33.3107    26.0420 0.0000e+00
 203.963646     29.107  34.071276     7.3430     3.1195     28.862    33.3182    26.0473 0.0000e+00
 203.963652     29.374  34.081343     7.3476     3.0154     29.127    33.3246    26.0517 0.0000e+00
 203.963657     29.629  34.092430     7.3536     2.8962     29.380    33.3307    26.0557 0.0000e+00
 203.963663     29.883  34.102418     7.3595     2.7963     29.631    33.3357    26.0589 0.0000e+00
 203.963669     30.149  34.111088     7.3640     2.7166     29.895    33.3407    26.0621 0.0000e+00
 203.963675     30.435  34.124322     7.3702     2.6825     30.179    33.3489    26.0678 0.0000e+00
 203.963681     30.745  34.146790     7.3798     2.6683     30.486    33.3639    26.0782 0.0000e+00
 203.963686     31.075  34.173032     7.3899     2.6722     30.813    33.3825    26.0914 0.0000e+00
 203.963692     31.411  34.194762     7.3977     2.6798     31.146    33.3984    26.1028 0.0000e+00
 203.963698     31.739  34.209458     7.4027     2.6856     31.472    33.4093    26.1107 0.0000e+00
 203.963704     32.051  34.218128     7.4058     2.6837     31.781    33.4156    26.1152 0.0000e+00
 203.963709     32.346  34.222723     7.4074     2.6312     32.074    33.4189    26.1176 0.0000e+00
 203.963715     32.628  34.225372     7.4065     2.5138     32.353    33.4225    26.1206 0.0000e+00
 203.963721     32.908  34.227855     7.4039     2.3218     32.631    33.4276    26.1249 0.0000e+00
 203.963727     33.191  34.231731     7.4016     2.0593     32.911    33.4339    26.1302 0.0000e+00
 203.963733     33.477  34.238729     7.4019     1.8035     33.195    33.4410    26.1358 0.0000e+00
 203.963738     33.767  34.251376     7.4068     1.5973     33.482    33.4499    26.1421 0.0000e+00
 203.963744     34.063  34.273557     7.4168     1.4728     33.776    33.4641    26.1519 0.0000e+00
 203.963750     34.366  34.306719     7.4305     1.4433     34.076    33.4867    26.1677 0.0000e+00
 203.963756     34.674  34.346752     7.4455     1.4579     34.382    33.5154    26.1882 0.0000e+00
 203.963762     34.981  34.386357     7.4591     1.5045     34.686    33.5450    26.2096 0.0000e+00
 203.963767     35.281  34.417669     7.4690     1.5417     34.984    33.5692    26.2272 0.0000e+00
 203.963773     35.567  34.437477     7.4752     1.5653     35.267    33.5846    26.2384 0.0000e+00
 203.963779     35.837  34.447993     7.4787     1.5768     35.535    33.5924    26.2441 0.0000e+00
 203.963785     36.094  34.452506     7.4799     1.5667     35.790    33.5960    26.2468 0.0000e+00
 203.963791     36.350  34.454720     7.4792     1.5739     36.043    33.5990    26.2492 0.0000e+00
 203.963796     36.618  34.458078     7.4773     1.5851     36.309    33.6043    26.2537 0.0000e+00
 203.963802     36.902  34.463060     7.4748     1.6124     36.591    33.6120    26.2601 0.0000e+00
 203.963808     37.198  34.467819     7.4719     1.6463     36.884    33.6198    26.2666 0.0000e+00
 203.963814     37.495  34.471334     7.4695     1.6641     37.179    33.6258    26.2717 0.0000e+00
 203.963819     37.782  34.473730     7.4683     1.6805     37.463    33.6294    26.2747 0.0000e+00
 203.963825     38.056  34.475323     7.4679     1.6768     37.735    33.6314    26.2763 0.0000e+00
 203.963831     38.318  34.476483     7.4681     1.6745     37.995    33.6324    26.2770 0.0000e+00
 203.963837     38.570  34.477565     7.4689     1.6626     38.245    33.6326    26.2771 0.0000e+00
 203.963843     38.821  34.478818     7.4695     1.6641     38.493    33.6333    26.2776 0.0000e+00
 203.963848     39.078  34.479596     7.4688     1.6644     38.748    33.6347    26.2788 0.0000e+00
 203.963854     39.348  34.479184     7.4665     1.6684     39.016    33.6364    26.2804 0.0000e+00
 203.963860     39.636  34.478646     7.4642     1.6754     39.301    33.6379    26.2819 0.0000e+00
 203.963866     39.939  34.478876     7.4624     1.6835     39.602    33.6397    26.2836 0.0000e+00
 203.963872     40.251  34.479549     7.4604     1.6969     39.911    33.6422    26.2859 0.0000e+00
 203.963877     40.569  34.480368     7.4582     1.6957     40.226    33.6451    26.2885 0.0000e+00
 203.963883     40.893  34.481233     7.4564     1.6799     40.548    33.6476    26.2907 0.0000e+00
 203.963889     41.213  34.482102     7.4554     1.6652     40.865    33.6494    26.2922 0.0000e+00
 203.963895     41.520  34.482938     7.4550     1.6652     41.169    33.6505    26.2932 0.0000e+00
 203.963900     41.812  34.483661     7.4545     1.6761     41.459    33.6517    26.2942 0.0000e+00
 203.963906     42.086  34.484043     7.4538     1.6802     41.730    33.6526    26.2950 0.0000e+00
 203.963912     42.342  34.483961     7.4532     1.6737     41.984    33.6530    26.2954 0.0000e+00
 203.963918     42.592  34.483795     7.4532     1.6710     42.232    33.6527    26.2952 0.0000e+00
 203.963924     42.844  34.483816     7.4532     1.6645     42.482    33.6526    26.2951 0.0000e+00
 203.963929     43.101  34.483980     7.4524     1.6699     42.737    33.6534    26.2959 0.0000e+00
 203.963935     43.370  34.484437     7.4514     1.6660     43.004    33.6548    26.2971 0.0000e+00
 203.963941     43.652  34.485164     7.4507     1.6567     43.283    33.6561    26.2982 0.0000e+00
 203.963947     43.938  34.485937     7.4503     1.6502     43.567    33.6572    26.2991 0.0000e+00
 203.963953     44.226  34.486594     7.4503     1.6409     43.852    33.6578    26.2996 0.0000e+00
 203.963958     44.517  34.486817     7.4502     1.6557     44.141    33.6580    26.2998 0.0000e+00
 203.963964     44.811  34.486832     7.4499     1.6665     44.432    33.6581    26.2999 0.0000e+00
 203.963970     45.111  34.487151     7.4497     1.6652     44.730    33.6585    26.3003 0.0000e+00
 203.963976     45.419  34.487567     7.4499     1.6652     45.035    33.6586    26.3003 0.0000e+00
 203.963981     45.733  34.488000     7.4499     1.6505     45.346    33.6589    26.3006 0.0000e+00
 203.963987     46.046  34.488395     7.4500     1.6412     45.657    33.6591    26.3007 0.0000e+00
 203.963993     46.358  34.488646     7.4500     1.6439     45.966    33.6592    26.3008 0.0000e+00
 203.963999     46.667  34.489018     7.4498     1.6374     46.272    33.6597    26.3012 0.0000e+00
 203.964005     46.967  34.489375     7.4498     1.6334     46.570    33.6599    26.3014 0.0000e+00
 203.964010     47.252  34.489559     7.4502     1.6362     46.852    33.6596    26.3011 0.0000e+00
