data/oxygen options/ONMS/Olympic_Coast_National_Marine_Sanctuary_CTD_Data_2005_2023/raw_data/2014/CAST_CE042_140802faed.cnv
* Sea-Bird SBE19 Data File:
* FileName = C:\2014 Mooring Data\Casts\CAST_CE042_140802.hex
* Software Version 1.59
* Temperature SN = 2997
* Conductivity SN = 2997
* System UpLoad Time = Aug 03 2014 01:01:39
** CAST_CE042_140802
* ds
# nquan = 9                                 
# nvalues = 1553                        
# units = specified
# name 0 = timeJ: Julian Days
# name 1 = prSM: Pressure, Strain Gauge [db]
# name 2 = c0mS/cm: Conductivity [mS/cm]
# name 3 = t090C: Temperature [ITS-90, deg C]
# name 4 = sbeox0ML/L: Oxygen, SBE 43 [ml/l]
# name 5 = depSM: Depth [salt water, m], lat = 47.5
# name 6 = sal00: Salinity, Practical [PSU]
# name 7 = sigma-é00: Density [sigma-theta, kg/m^3]
# name 8 = flag: flag
# span 0 = 214.706921, 214.715903       
# span 1 =     -5.337,     45.454       
# span 2 =   0.030918,  37.463696       
# span 3 =     7.5507,    12.3783       
# span 4 =    -1.9039,    22.6610       
# span 5 =     -5.293,     45.070       
# span 6 =     0.0221,    33.6853       
# span 7 =    -0.5255,    26.3066       
# span 8 = 0.0000e+00, 0.0000e+00       
# interval = seconds: 0.5
# start_time = Aug 02 2014 16:57:58 [Instrument's time stamp, header]
# bad_flag = -9.990e-29
*END*
 214.706921     -5.337 -9.990e-29    12.1817    -1.9006     -5.293 -9.990e-29 -9.990e-29 -9.990e-29
 214.706927     -5.329   0.116426    12.1792    -1.9006     -5.285     0.0741    -0.4634 -9.990e-29
 214.706933     -5.325   0.112422    12.1761    -1.9010     -5.281     0.0716    -0.4650 -9.990e-29
 214.706939     -5.323   0.107269    12.1735    -1.9016     -5.279     0.0684    -0.4672 -9.990e-29
 214.706944     -5.316   0.101884    12.1717    -1.9019     -5.272     0.0651    -0.4696 -9.990e-29
 214.706950     -5.305   0.096872    12.1711    -1.9021     -5.261     0.0619    -0.4719 -9.990e-29
 214.706956     -5.290   0.092782    12.1716    -1.9020     -5.246     0.0594    -0.4740 -9.990e-29
 214.706962     -5.268   0.090829    12.1725    -1.9020     -5.224     0.0582    -0.4750 -9.990e-29
 214.706968     -5.240   0.091741    12.1734    -1.9020     -5.196     0.0588    -0.4747 -9.990e-29
 214.706973     -5.206   0.093950    12.1728    -1.9021     -5.163     0.0601    -0.4735 -9.990e-29
 214.706979     -5.174   0.095951    12.1690    -1.9020     -5.131     0.0614    -0.4721 -9.990e-29
 214.706985     -5.147   0.098185    12.1619    -1.9018     -5.104     0.0628    -0.4702 -9.990e-29
 214.706991     -5.121   0.100847    12.1537    -1.9016     -5.078     0.0644    -0.4680 -9.990e-29
 214.706997     -5.096   0.101923    12.1474    -1.9015     -5.054     0.0651    -0.4667 -9.990e-29
 214.707002     -5.070   0.100062    12.1443    -1.9014     -5.028     0.0640    -0.4672 -9.990e-29
 214.707008     -5.045   0.096674    12.1436    -1.9012     -5.003     0.0619    -0.4688 -9.990e-29
 214.707014     -5.024   0.093357    12.1440    -1.9014     -4.982     0.0598    -0.4705 -9.990e-29
 214.707020     -5.003   0.090134    12.1448    -1.9017     -4.961     0.0578    -0.4721 -9.990e-29
 214.707025     -4.974   0.086595    12.1460    -1.9018     -4.933     0.0556    -0.4740 -9.990e-29
 214.707031     -4.940   0.083026    12.1484    -1.9021     -4.899     0.0534    -0.4760 -9.990e-29
 214.707037     -4.909   0.079670    12.1522    -1.9024     -4.868     0.0514    -0.4780 -9.990e-29
 214.707043     -4.881   0.076498    12.1562    -1.9026     -4.840     0.0494    -0.4800 -9.990e-29
 214.707049     -4.856   0.073726    12.1594    -1.9029     -4.816     0.0477    -0.4817 -9.990e-29
 214.707054     -4.832   0.071548    12.1620    -1.9030     -4.792     0.0464    -0.4830 -9.990e-29
 214.707060     -4.807   0.069836    12.1634    -1.9031     -4.767     0.0453    -0.4840 -9.990e-29
 214.707066     -4.779   0.068531    12.1616    -1.9033     -4.739     0.0446    -0.4844 -9.990e-29
 214.707072     -4.752   0.067556    12.1573    -1.9034     -4.712     0.0440    -0.4844 -9.990e-29
 214.707078     -4.728   0.066721    12.1525    -1.9036     -4.689     0.0435    -0.4842 -9.990e-29
 214.707083     -4.700   0.066023    12.1472    -1.9037     -4.661     0.0430    -0.4840 -9.990e-29
 214.707089     -4.667   0.065084    12.1416    -1.9039     -4.628     0.0425    -0.4837 -9.990e-29
 214.707095     -4.636   0.063760    12.1361    -1.9030     -4.597     0.0417    -0.4837 -9.990e-29
 214.707101     -4.610   0.063064    12.1309    -1.9027     -4.572     0.0413    -0.4835 -9.990e-29
 214.707106     -4.585   0.064291    12.1263    -1.9030     -4.547     0.0420    -0.4823 -9.990e-29
 214.707112     -4.561   0.067404    12.1224    -1.9032     -4.523     0.0439    -0.4804 -9.990e-29
 214.707118     -4.536   0.070990    12.1188    -1.9036     -4.498     0.0461    -0.4783 -9.990e-29
 214.707124     -4.509   0.074268    12.1158    -1.9020     -4.471     0.0481    -0.4764 -9.990e-29
 214.707130     -4.477   0.076601    12.1137    -1.9010     -4.440     0.0495    -0.4750 -9.990e-29
 214.707135     -4.440   0.077203    12.1129    -1.9007     -4.403     0.0499    -0.4746 -9.990e-29
 214.707141     -4.398   0.076874    12.1156    -1.9010     -4.361     0.0497    -0.4751 -9.990e-29
 214.707147     -4.358   0.076842    12.1225    -1.9015     -4.322     0.0497    -0.4759 -9.990e-29
 214.707153     -4.322   0.077060    12.1279    -1.9017     -4.286     0.0498    -0.4764 -9.990e-29
 214.707159     -4.290   0.076704    12.1281    -1.9016     -4.254     0.0496    -0.4766 -9.990e-29
 214.707164     -4.267   0.075294    12.1273    -1.9015     -4.231     0.0487    -0.4772 -9.990e-29
 214.707170     -4.245   0.073172    12.1334    -1.9012     -4.210     0.0474    -0.4789 -9.990e-29
 214.707176     -4.223   0.070845    12.1492    -1.9010     -4.188     0.0460    -0.4819 -9.990e-29
 214.707182     -4.205   0.068542    12.1659    -1.9013     -4.170     0.0446    -0.4849 -9.990e-29
 214.707188     -4.185   0.066528    12.1741    -1.9015     -4.150     0.0433    -0.4869 -9.990e-29
 214.707193     -4.162   0.064892    12.1731    -1.9016     -4.127     0.0423    -0.4875 -9.990e-29
 214.707199     -4.138   0.063677    12.1683    -1.9014     -4.104     0.0416    -0.4875 -9.990e-29
 214.707205     -4.112   0.062928    12.1653    -1.9009     -4.078     0.0412    -0.4875 -9.990e-29
 214.707211     -4.087   0.062198    12.1655    -1.9008     -4.053     0.0407    -0.4879 -9.990e-29
 214.707216     -4.065   0.061068    12.1682    -1.9013     -4.031     0.0400    -0.4887 -9.990e-29
 214.707222     -4.044   0.059698    12.1720    -1.9019     -4.010     0.0392    -0.4898 -9.990e-29
 214.707228     -4.025   0.058482    12.1738    -1.9024     -3.991     0.0385    -0.4906 -9.990e-29
 214.707234     -4.004   0.057462    12.1721    -1.9026     -3.971     0.0378    -0.4909 -9.990e-29
 214.707240     -3.982   0.056388    12.1698    -1.9025     -3.949     0.0372    -0.4911 -9.990e-29
 214.707245     -3.956   0.055494    12.1699    -1.9025     -3.923     0.0367    -0.4916 -9.990e-29
 214.707251     -3.929   0.055255    12.1725    -1.9026     -3.896     0.0365    -0.4920 -9.990e-29
 214.707257     -3.908   0.055903    12.1748    -1.9027     -3.875     0.0369    -0.4920 -9.990e-29
 214.707263     -3.892   0.058854    12.1730    -1.9029     -3.860     0.0387    -0.4904 -9.990e-29
 214.707269     -3.872   0.065261    12.1657    -1.9030     -3.840     0.0426    -0.4865 -9.990e-29
 214.707274     -3.845   0.073098    12.1559    -1.9030     -3.813     0.0473    -0.4816 -9.990e-29
 214.707280     -3.818   0.078909    12.1473    -1.9030     -3.786     0.0509    -0.4778 -9.990e-29
 214.707286     -3.796   0.081545    12.1414    -1.9030     -3.764     0.0525    -0.4758 -9.990e-29
 214.707292     -3.775   0.083960    12.1382    -1.9029     -3.744     0.0540    -0.4743 -9.990e-29
 214.707297     -3.754   0.089371    12.1365    -1.9028     -3.723     0.0573    -0.4715 -9.990e-29
 214.707303     -3.733   0.096091    12.1350    -1.9028     -3.702     0.0615    -0.4681 -9.990e-29
 214.707309     -3.710   0.099733    12.1330    -1.9027     -3.679     0.0638    -0.4661 -9.990e-29
 214.707315     -3.683   0.099590    12.1307    -1.9026     -3.652     0.0637    -0.4659 -9.990e-29
 214.707321     -3.655   0.098246    12.1296    -1.9025     -3.625     0.0628    -0.4664 -9.990e-29
 214.707326     -3.628   0.096133    12.1300    -1.9024     -3.598     0.0615    -0.4675 -9.990e-29
 214.707332     -3.602   0.092100    12.1308    -1.9018     -3.572     0.0590    -0.4695 -9.990e-29
 214.707338     -3.578   0.086883    12.1320    -1.9015     -3.548     0.0558    -0.4722 -9.990e-29
 214.707344     -3.558   0.081864    12.1340    -1.9013     -3.528     0.0527    -0.4748 -9.990e-29
 214.707350     -3.543   0.077576    12.1363    -1.9013     -3.513     0.0501    -0.4771 -9.990e-29
 214.707355     -3.531   0.074416    12.1381    16.4585     -3.502     0.0482    -0.4789 -9.990e-29
 214.707361     -3.521   0.072617    12.1399    22.3324     -3.492     0.0471    -0.4799 -9.990e-29
 214.707367     -3.512   0.071999    12.1425    22.6610     -3.483     0.0467    -0.4805 -9.990e-29
 214.707373     -3.505   0.071738    12.1462    17.8847     -3.476     0.0465    -0.4811 -9.990e-29
 214.707378     -3.497   0.070925    12.1518     8.0512     -3.468     0.0460    -0.4821 -9.990e-29
 214.707384     -3.490   0.069588    12.1590     7.4682     -3.461     0.0452    -0.4836 -9.990e-29
 214.707390     -3.483   0.068165    12.1655     7.4544     -3.454     0.0443    -0.4851 -9.990e-29
 214.707396     -3.474   0.066979    12.1701     7.4643     -3.445     0.0436    -0.4862 -9.990e-29
 214.707402     -3.464   0.066114    12.1731     7.4732     -3.435     0.0431    -0.4869 -9.990e-29
 214.707407     -3.453   0.064969    12.1749     7.4753     -3.424     0.0424    -0.4877 -9.990e-29
 214.707413     -3.434   0.063128    12.1753     7.4744     -3.405     0.0413    -0.4886 -9.990e-29
 214.707419     -3.402   0.060912    12.1740     7.4709     -3.374     0.0399    -0.4895 -9.990e-29
 214.707425     -3.365   0.058701    12.1718     7.4660     -3.337     0.0386    -0.4903 -9.990e-29
 214.707431     -3.331   0.056879    12.1691     7.4656     -3.303     0.0375    -0.4908 -9.990e-29
 214.707436     -3.305   0.055796    12.1661     7.4653     -3.277     0.0368    -0.4910 -9.990e-29
 214.707442     -3.283   0.055672    12.1636     7.4654     -3.256     0.0368    -0.4908 -9.990e-29
 214.707448     -3.265   0.056339    12.1624     7.4646     -3.238     0.0372    -0.4903 -9.990e-29
 214.707454     -3.250   0.057016    12.1631     7.4654     -3.223     0.0376    -0.4901 -9.990e-29
 214.707459     -3.236   0.056935    12.1657     7.4667     -3.209     0.0375    -0.4904 -9.990e-29
 214.707465     -3.222   0.055985    12.1698     7.4678     -3.195     0.0370    -0.4913 -9.990e-29
 214.707471     -3.208   0.054564    12.1741     7.4697     -3.181     0.0361    -0.4925 -9.990e-29
 214.707477     -3.193   0.053000    12.1773     7.4711     -3.166     0.0352    -0.4936 -9.990e-29
 214.707483     -3.176   0.051428    12.1796     7.4717     -3.150     0.0342    -0.4946 -9.990e-29
 214.707488     -3.156   0.049973    12.1814     7.4716     -3.130     0.0334    -0.4955 -9.990e-29
 214.707494     -3.131   0.048916    12.1825     7.4713     -3.105     0.0327    -0.4961 -9.990e-29
 214.707500     -3.104   0.048513    12.1822     7.4707     -3.078     0.0325    -0.4963 -9.990e-29
 214.707506     -3.078   0.048778    12.1792     7.4707     -3.052     0.0326    -0.4958 -9.990e-29
 214.707512     -3.051   0.049507    12.1737     7.4711     -3.026     0.0331    -0.4948 -9.990e-29
 214.707517     -3.026   0.050002    12.1666     7.4710     -3.001     0.0334    -0.4938 -9.990e-29
 214.707523     -3.005   0.049807    12.1588     7.4618     -2.980     0.0333    -0.4929 -9.990e-29
 214.707529     -2.988   0.049215    12.1522     7.4671     -2.963     0.0329    -0.4924 -9.990e-29
 214.707535     -2.972   0.048546    12.1485     7.4693     -2.947     0.0325    -0.4923 -9.990e-29
 214.707541     -2.956   0.048017    12.1477     7.4701     -2.931     0.0322    -0.4925 -9.990e-29
 214.707546     -2.941   0.047476    12.1487     7.4717     -2.916     0.0319    -0.4929 -9.990e-29
 214.707552     -2.925   0.046755    12.1502     7.4661     -2.901     0.0314    -0.4934 -9.990e-29
 214.707558     -2.907   0.046001    12.1509     7.4660     -2.883     0.0310    -0.4938 -9.990e-29
 214.707564     -2.885   0.045319    12.1511     7.4656     -2.861     0.0306    -0.4941 -9.990e-29
 214.707569     -2.863   0.044908    12.1519     7.4655     -2.839     0.0304    -0.4944 -9.990e-29
 214.707575     -2.844   0.044772    12.1544     7.4653     -2.820     0.0303    -0.4948 -9.990e-29
 214.707581     -2.825   0.044729    12.1587     7.4655     -2.801     0.0302    -0.4953 -9.990e-29
 214.707587     -2.807   0.044717    12.1639     7.4659     -2.784     0.0302    -0.4959 -9.990e-29
 214.707593     -2.788   0.044720    12.1695     7.4659     -2.765     0.0302    -0.4966 -9.990e-29
 214.707598     -2.771   0.044737    12.1745     7.4583     -2.748     0.0302    -0.4971 -9.990e-29
 214.707604     -2.759   0.044789    12.1781     7.4656     -2.736     0.0303    -0.4975 -9.990e-29
 214.707610     -2.747   0.044942    12.1807     7.4687     -2.724     0.0304    -0.4978 -9.990e-29
 214.707616     -2.731   0.045395    12.1825     7.4717     -2.708     0.0306    -0.4978 -9.990e-29
 214.707622     -2.713   0.046194    12.1836     7.4753     -2.690     0.0311    -0.4975 -9.990e-29
 214.707627     -2.696   0.046733    12.1839     7.4708     -2.674     0.0314    -0.4973 -9.990e-29
 214.707633     -2.680   0.046615    12.1834     7.4718     -2.658     0.0314    -0.4973 -9.990e-29
 214.707639     -2.663   0.046237    12.1820     7.4726     -2.641     0.0311    -0.4973 -9.990e-29
 214.707645     -2.649   0.045833    12.1790     7.4729     -2.627     0.0309    -0.4971 -9.990e-29
 214.707650     -2.641   0.045421    12.1743     7.4733     -2.619     0.0306    -0.4968 -9.990e-29
 214.707656     -2.634   0.045191    12.1694     7.4728     -2.612     0.0305    -0.4963 -9.990e-29
 214.707662     -2.623   0.045389    12.1650     7.4737     -2.601     0.0306    -0.4957 -9.990e-29
 214.707668     -2.609   0.045911    12.1606     7.4741     -2.587     0.0309    -0.4950 -9.990e-29
 214.707674     -2.589   0.046340    12.1563     7.4744     -2.567     0.0312    -0.4943 -9.990e-29
 214.707679     -2.568   0.046692    12.1523     7.4744     -2.547     0.0314    -0.4936 -9.990e-29
 214.707685     -2.547   0.046880    12.1483     7.4738     -2.526     0.0315    -0.4931 -9.990e-29
 214.707691     -2.525   0.046598    12.1447     7.4741     -2.504     0.0314    -0.4928 -9.990e-29
 214.707697     -2.507   0.046026    12.1420     7.4754     -2.486     0.0310    -0.4927 -9.990e-29
 214.707703     -2.493   0.045513    12.1402     7.4757     -2.472     0.0307    -0.4928 -9.990e-29
 214.707708     -2.485   0.045486    12.1389     7.4755     -2.464     0.0307    -0.4926 -9.990e-29
 214.707714     -2.476   0.045910    12.1370     7.4759     -2.455     0.0310    -0.4922 -9.990e-29
 214.707720     -2.463   0.046237    12.1349     7.4762     -2.442     0.0311    -0.4918 -9.990e-29
 214.707726     -2.448   0.046346    12.1336     7.4772     -2.428     0.0312    -0.4916 -9.990e-29
 214.707731     -2.434   0.046383    12.1334     7.4783     -2.414     0.0312    -0.4916 -9.990e-29
 214.707737     -2.422   0.046396    12.1334     7.4783     -2.402     0.0312    -0.4916 -9.990e-29
 214.707743     -2.410   0.046405    12.1317     7.4780     -2.390     0.0312    -0.4914 -9.990e-29
 214.707749     -2.397   0.046419    12.1286     7.4767     -2.377     0.0313    -0.4910 -9.990e-29
 214.707755     -2.383   0.046459    12.1263     7.4742     -2.363     0.0313    -0.4907 -9.990e-29
 214.707760     -2.366   0.046576    12.1250     7.4738     -2.346     0.0314    -0.4905 -9.990e-29
 214.707766     -2.346   0.046927    12.1232     7.4721     -2.326     0.0316    -0.4901 -9.990e-29
 214.707772     -2.326   0.047423    12.1202     7.4730     -2.307     0.0319    -0.4896 -9.990e-29
 214.707778     -2.308   0.047614    12.1166     7.4761     -2.289     0.0320    -0.4890 -9.990e-29
 214.707784     -2.288   0.047196    12.1140     7.4697     -2.269     0.0317    -0.4889 -9.990e-29
 214.707789     -2.264   0.046169    12.1139     7.4771     -2.245     0.0311    -0.4894 -9.990e-29
 214.707795     -2.242   0.044831    12.1170     7.4792     -2.223     0.0303    -0.4904 -9.990e-29
 214.707801     -2.227   0.043622    12.1235     7.4806     -2.208     0.0296    -0.4917 -9.990e-29
 214.707807     -2.216   0.042599    12.1312     7.4818     -2.198     0.0290    -0.4931 -9.990e-29
 214.707812     -2.209   0.041509    12.1371     7.4777     -2.191     0.0283    -0.4943 -9.990e-29
 214.707818     -2.202   0.040564    12.1396     7.4773     -2.184     0.0278    -0.4950 -9.990e-29
 214.707824     -2.190   0.040173    12.1355     7.4667     -2.172     0.0276    -0.4947 -9.990e-29
 214.707830     -2.176   0.040372    12.1253     7.4710     -2.158     0.0277    -0.4934 -9.990e-29
 214.707836     -2.164   0.040871    12.1151     7.4696     -2.146     0.0280    -0.4920 -9.990e-29
 214.707841     -2.152   0.041222    12.1098     7.4603     -2.134     0.0282    -0.4912 -9.990e-29
