data/oxygen options/ONMS/Olympic_Coast_National_Marine_Sanctuary_CTD_Data_2005_2023/raw_data/2014/CAST_KL027_140521faed.cnv
* Sea-Bird SBE19 Data File:
* FileName = C:\2014 Mooring Data\Casts\CAST_KL027_140521.hex
* Software Version 1.59
* Temperature SN = 2997
* Conductivity SN = 2997
* System UpLoad Time = May 23 2014 23:15:38
** CAST_KL027_140521
* ds
# nquan = 9                                 
# nvalues = 1644                        
# units = specified
# name 0 = timeJ: Julian Days
# name 1 = prSM: Pressure, Strain Gauge [db]
# name 2 = c0mS/cm: Conductivity [mS/cm]
# name 3 = t090C: Temperature [ITS-90, deg C]
# name 4 = sbeox0ML/L: Oxygen, SBE 43 [ml/l]
# name 5 = depSM: Depth [salt water, m], lat = 47.5
# name 6 = sal00: Salinity, Practical [PSU]
# name 7 = sigma-é00: Density [sigma-theta, kg/m^3]
# name 8 = flag: flag
# span 0 = 141.734479, 141.743987       
# span 1 =     -5.588,     27.734       
# span 2 =   0.047657,  36.269796       
# span 3 =     8.3461,    14.7078       
# span 4 =    -1.8037,    17.0872       
# span 5 =     -5.541,     27.501       
# span 6 =     0.0312,    33.3706       
# span 7 =    -0.8308,    25.8983       
# span 8 = 0.0000e+00, 0.0000e+00       
# interval = seconds: 0.5
# start_time = May 21 2014 17:37:39 [Instrument's time stamp, header]
# bad_flag = -9.990e-29
*END*
[from data line 481]
 141.737263     -0.416   0.079627    14.5470     5.9236     -0.413     0.0493    -0.7935 -9.990e-29
 141.737269     -0.404   0.079172    14.5407     5.9218     -0.401     0.0490    -0.7928 -9.990e-29
 141.737274     -0.396   0.078793    14.5343     5.9196     -0.393     0.0488    -0.7920 -9.990e-29
 141.737280     -0.396   0.078539    14.5278     5.9174     -0.393     0.0487    -0.7912 -9.990e-29
 141.737286     -0.396   0.078811    14.5215     5.9150     -0.393     0.0488    -0.7902 -9.990e-29
 141.737292     -0.392   0.079418    14.5155     5.9196     -0.389     0.0492    -0.7890 -9.990e-29
 141.737297     -0.387   0.079690    14.5099     5.9195     -0.384     0.0493    -0.7881 -9.990e-29
 141.737303     -0.382   0.079436    14.5057     5.9196     -0.379     0.0492    -0.7876 -9.990e-29
 141.737309     -0.379   0.079057    14.5028     5.9201     -0.376     0.0490    -0.7873 -9.990e-29
 141.737315     -0.384   0.078601    14.5008     5.9279     -0.381     0.0487    -0.7872 -9.990e-29
 141.737321     -0.393   0.078018    14.4996     5.9219     -0.390     0.0484    -0.7873 -9.990e-29
 141.737326     -0.400   0.077638    14.4994     5.9280     -0.397     0.0482    -0.7875 -9.990e-29
 141.737332     -0.408   0.077511    14.5002     5.9278     -0.405     0.0481    -0.7876 -9.990e-29
 141.737338     -0.413   0.077467    14.5008     5.9179     -0.410     0.0481    -0.7877 -9.990e-29
 141.737344     -0.409   0.077448    14.5004     5.9179     -0.406     0.0481    -0.7877 -9.990e-29
 141.737350     -0.402   0.077429    14.4997     5.9129     -0.399     0.0481    -0.7876 -9.990e-29
 141.737355     -0.395   0.077386    14.4990     5.9148     -0.392     0.0480    -0.7875 -9.990e-29
 141.737361     -0.388   0.077262    14.4983     5.9190     -0.385     0.0480    -0.7875 -9.990e-29
 141.737367     -0.385   0.076891    14.4981     5.9192     -0.382     0.0477    -0.7876 -9.990e-29
 141.737373     -0.385   0.076335    14.4981     5.9191     -0.382     0.0474    -0.7879 -9.990e-29
 141.737378     -0.383   0.075960    14.4982     5.9191     -0.380     0.0472    -0.7880 -9.990e-29
 141.737384     -0.381   0.075823    14.4985     5.9111     -0.378     0.0471    -0.7881 -9.990e-29
 141.737390     -0.374   0.075740    14.4989     5.9088     -0.371     0.0471    -0.7882 -9.990e-29
 141.737396     -0.360   0.075603    14.5005     5.9096     -0.357     0.0470    -0.7885 -9.990e-29
 141.737402     -0.349   0.075229    14.5030     5.9124     -0.346     0.0468    -0.7891 -9.990e-29
 141.737407     -0.343   0.074672    14.5043     5.9256     -0.340     0.0465    -0.7895 -9.990e-29
 141.737413     -0.342   0.074301    14.5042     5.9192     -0.339     0.0463    -0.7896 -9.990e-29
 141.737419     -0.341   0.074177    14.5039     5.9176     -0.338     0.0462    -0.7897 -9.990e-29
 141.737425     -0.337   0.074134    14.5037     5.9071     -0.334     0.0462    -0.7896 -9.990e-29
 141.737431     -0.333   0.074116    14.5032     5.9103     -0.330     0.0462    -0.7896 -9.990e-29
 141.737436     -0.329   0.074097    14.5028     5.9160     -0.326     0.0461    -0.7895 -9.990e-29
 141.737442     -0.321   0.074054    14.5016     5.9173     -0.318     0.0461    -0.7894 -9.990e-29
 141.737448     -0.312   0.073930    14.4981     5.9188     -0.309     0.0461    -0.7889 -9.990e-29
 141.737454     -0.307   0.073560    14.4932     5.9143     -0.304     0.0458    -0.7884 -9.990e-29
 141.737459     -0.303   0.073005    14.4891     5.9134     -0.300     0.0455    -0.7880 -9.990e-29
 141.737465     -0.303   0.072635    14.4867     5.9127     -0.300     0.0453    -0.7878 -9.990e-29
 141.737471     -0.305   0.072511    14.4862     5.9206     -0.302     0.0452    -0.7878 -9.990e-29
 141.737477     -0.305   0.072470    14.4883     5.9138     -0.302     0.0452    -0.7881 -9.990e-29
 141.737483     -0.299   0.072456    14.4924     5.9197     -0.297     0.0452    -0.7887 -9.990e-29
 141.737488     -0.292   0.072452    14.4970     5.9118     -0.290     0.0452    -0.7894 -9.990e-29
 141.737494     -0.285   0.072450    14.5016     5.9085     -0.283     0.0452    -0.7901 -9.990e-29
 141.737500     -0.281   0.072448    14.5063     5.9192     -0.279     0.0452    -0.7908 -9.990e-29
 141.737506     -0.277   0.072446    14.5111     5.9192     -0.275     0.0452    -0.7915 -9.990e-29
 141.737512     -0.274   0.072441    14.5163     5.9148     -0.272     0.0452    -0.7922 -9.990e-29
 141.737517     -0.272   0.072427    14.5211     5.9108     -0.270     0.0452    -0.7929 -9.990e-29
 141.737523     -0.270   0.072386    14.5251     5.9156     -0.268     0.0451    -0.7935 -9.990e-29
 141.737529     -0.269   0.072263    14.5283     5.9115     -0.267     0.0451    -0.7941 -9.990e-29
 141.737535     -0.268   0.071893    14.5297     5.9226     -0.266     0.0449    -0.7944 -9.990e-29
 141.737541     -0.267   0.071338    14.5283     5.9223     -0.265     0.0446    -0.7945 -9.990e-29
 141.737546     -0.267   0.070968    14.5253     5.9121     -0.265     0.0443    -0.7942 -9.990e-29
 141.737552     -0.266   0.070844    14.5227     5.9221     -0.264     0.0443    -0.7939 -9.990e-29
 141.737558     -0.266   0.070803    14.5216     5.9216     -0.264     0.0442    -0.7937 -9.990e-29
 141.737564     -0.266   0.070789    14.5213     5.9239     -0.264     0.0442    -0.7937 -9.990e-29
 141.737569     -0.266   0.070783    14.5201     5.9260     -0.264     0.0442    -0.7935 -9.990e-29
 141.737575     -0.266   0.070780    14.5178     5.9228     -0.264     0.0442    -0.7932 -9.990e-29
 141.737581     -0.267   0.070775    14.5149     5.9235     -0.265     0.0442    -0.7928 -9.990e-29
 141.737587     -0.267   0.070761    14.5122     5.9237     -0.265     0.0442    -0.7924 -9.990e-29
 141.737593     -0.268   0.070720    14.5098     5.9245     -0.266     0.0442    -0.7920 -9.990e-29
 141.737598     -0.269   0.070598    14.5056     5.9254     -0.267     0.0441    -0.7915 -9.990e-29
 141.737604     -0.270   0.070232    14.4979     5.9268     -0.268     0.0439    -0.7905 -9.990e-29
 141.737610     -0.272   0.069689    14.4899     5.9277     -0.270     0.0436    -0.7896 -9.990e-29
 141.737616     -0.274   0.069355    14.4845     5.9282     -0.272     0.0434    -0.7890 -9.990e-29
 141.737622     -0.277   0.069341    14.4805     5.9287     -0.275     0.0434    -0.7884 -9.990e-29
 141.737627     -0.280   0.069628    14.4759     5.9293     -0.278     0.0436    -0.7876 -9.990e-29
 141.737633     -0.285   0.070046    14.4710     5.9303     -0.283     0.0439    -0.7867 -9.990e-29
 141.737639     -0.291   0.070041    14.4662     5.9312     -0.289     0.0439    -0.7860 -9.990e-29
 141.737645     -0.294   0.069608    14.4607     5.9326     -0.292     0.0436    -0.7854 -9.990e-29
 141.737650     -0.291   0.069279    14.4536     5.9333     -0.289     0.0434    -0.7845 -9.990e-29
 141.737656     -0.285   0.069169    14.4456     5.9342     -0.283     0.0434    -0.7834 -9.990e-29
 141.737662     -0.280   0.069132    14.4386     5.9349     -0.278     0.0434    -0.7824 -9.990e-29
 141.737668     -0.277   0.069120    14.4331     5.9356     -0.275     0.0433    -0.7816 -9.990e-29
 141.737674     -0.274   0.069116    14.4280     5.9441     -0.272     0.0433    -0.7809 -9.990e-29
 141.737679     -0.272   0.069114    14.4223     5.9379     -0.270     0.0434    -0.7801 -9.990e-29
 141.737685     -0.270   0.069113    14.4155     5.9440     -0.268     0.0434    -0.7791 -9.990e-29
 141.737691     -0.269   0.069113    14.4077     5.9347     -0.267     0.0434    -0.7780 -9.990e-29
 141.737697     -0.268   0.069112    14.3997     5.9379     -0.266     0.0434    -0.7768 -9.990e-29
 141.737703     -0.267   0.069110    14.3923     5.9414     -0.265     0.0434    -0.7757 -9.990e-29
 141.737708     -0.266   0.069105    14.3859     5.9394     -0.264     0.0434    -0.7748 -9.990e-29
 141.737714     -0.266   0.069091    14.3804     5.9400     -0.264     0.0434    -0.7740 -9.990e-29
 141.737720     -0.265   0.069050    14.3763     5.9351     -0.263     0.0433    -0.7734 -9.990e-29
 141.737726     -0.265   0.068927    14.3742     5.9252     -0.263     0.0433    -0.7732 -9.990e-29
 141.737731     -0.265   0.068557    14.3742     5.9295     -0.263     0.0431    -0.7734 -9.990e-29
 141.737737     -0.265   0.068002    14.3767     5.9303     -0.263     0.0427    -0.7740 -9.990e-29
 141.737743     -0.264   0.067632    14.3817     5.9229     -0.262     0.0425    -0.7749 -9.990e-29
 141.737749     -0.264   0.067508    14.3876     5.9312     -0.262     0.0425    -0.7758 -9.990e-29
 141.737755     -0.264   0.067467    14.3927     5.9297     -0.262     0.0424    -0.7765 -9.990e-29
 141.737760     -0.264   0.067453    14.3980     5.9328     -0.262     0.0424    -0.7773 -9.990e-29
 141.737766     -0.264   0.067448    14.4053     5.9353     -0.262     0.0424    -0.7783 -9.990e-29
 141.737772     -0.264   0.067446    14.4146     5.9230     -0.262     0.0424    -0.7797 -9.990e-29
 141.737778     -0.264   0.067445    14.4257     5.9298     -0.262     0.0424    -0.7813 -9.990e-29
 141.737784     -0.264   0.067444    14.4374     5.9322     -0.262     0.0424    -0.7830 -9.990e-29
 141.737789     -0.264   0.067443    14.4471     5.9340     -0.262     0.0424    -0.7844 -9.990e-29
 141.737795     -0.264   0.067438    14.4532     5.9268     -0.262     0.0424    -0.7853 -9.990e-29
 141.737801     -0.264   0.067424    14.4547     5.9198     -0.262     0.0424    -0.7855 -9.990e-29
 141.737807     -0.264   0.067383    14.4522     5.9273     -0.262     0.0423    -0.7852 -9.990e-29
 141.737812     -0.264   0.067260    14.4480     5.9224     -0.262     0.0423    -0.7846 -9.990e-29
 141.737818     -0.264   0.066891    14.4444     5.9243     -0.262     0.0421    -0.7842 -9.990e-29
 141.737824     -0.264   0.066340    14.4417     5.9227     -0.262     0.0418    -0.7841 -9.990e-29
 141.737830     -0.264   0.065982    14.4392     5.9209     -0.262     0.0416    -0.7839 -9.990e-29
 141.737836     -0.264   0.065895    14.4382     5.9326     -0.262     0.0415    -0.7838 -9.990e-29
 141.737841     -0.264   0.065963    14.4403     5.9340     -0.262     0.0415    -0.7841 -9.990e-29
 141.737847     -0.264   0.066278    14.4452     5.9250     -0.262     0.0417    -0.7846 -9.990e-29
 141.737853     -0.264   0.066705    14.4511     5.9207     -0.262     0.0420    -0.7853 -9.990e-29
 141.737859     -0.264   0.066703    14.4566     5.9244     -0.262     0.0420    -0.7861 -9.990e-29
 141.737865     -0.264   0.066271    14.4605     5.9199     -0.262     0.0417    -0.7869 -9.990e-29
 141.737870     -0.263   0.065942    14.4619     5.9213     -0.261     0.0415    -0.7872 -9.990e-29
 141.737876     -0.263   0.065831    14.4617     5.9268     -0.261     0.0415    -0.7872 -9.990e-29
 141.737882     -0.263   0.065793    14.4623     5.9179     -0.261     0.0414    -0.7873 -9.990e-29
 141.737888     -0.263   0.065776    14.4651     5.9200     -0.261     0.0414    -0.7877 -9.990e-29
 141.737894     -0.262   0.065758    14.4693     5.9272     -0.260     0.0414    -0.7884 -9.990e-29
 141.737899     -0.262   0.065715    14.4737     5.9187     -0.260     0.0414    -0.7890 -9.990e-29
 141.737905     -0.261   0.065591    14.4776     5.9207     -0.259     0.0413    -0.7896 -9.990e-29
 141.737911     -0.260   0.065221    14.4811     5.9277     -0.258     0.0411    -0.7903 -9.990e-29
 141.737917     -0.259   0.064666    14.4847     5.9191     -0.257     0.0408    -0.7911 -9.990e-29
 141.737922     -0.258   0.064296    14.4889     5.9289     -0.256     0.0406    -0.7918 -9.990e-29
 141.737928     -0.256   0.064172    14.4933     5.9286     -0.254     0.0405    -0.7925 -9.990e-29
 141.737934     -0.254   0.064131    14.4962     5.9176     -0.252     0.0405    -0.7930 -9.990e-29
 141.737940     -0.251   0.064117    14.4961     5.9252     -0.249     0.0405    -0.7930 -9.990e-29
 141.737946     -0.247   0.064113    14.4944     5.9233     -0.245     0.0405    -0.7927 -9.990e-29
 141.737951     -0.243   0.064111    14.4935     5.9260     -0.241     0.0405    -0.7926 -9.990e-29
 141.737957     -0.236   0.064110    14.4927     5.9286     -0.234     0.0405    -0.7925 -9.990e-29
 141.737963     -0.233   0.064110    14.4914     5.9250     -0.231     0.0405    -0.7923 -9.990e-29
 141.737969     -0.236   0.064109    14.4918     5.9257     -0.234     0.0405    -0.7924 -9.990e-29
 141.737975     -0.241   0.064109    14.4941     5.9261     -0.239     0.0405    -0.7927 -9.990e-29
 141.737980     -0.245   0.064108    14.4973     5.9261     -0.243     0.0405    -0.7932 -9.990e-29
 141.737986     -0.248   0.064107    14.5010     5.9258     -0.246     0.0405    -0.7937 -9.990e-29
 141.737992     -0.250   0.064102    14.5035     5.9254     -0.248     0.0405    -0.7941 -9.990e-29
 141.737998     -0.250   0.064088    14.5032     5.9246     -0.248     0.0404    -0.7940 -9.990e-29
 141.738003     -0.250   0.064047    14.5004     5.9163     -0.248     0.0404    -0.7936 -9.990e-29
 141.738009     -0.250   0.063924    14.4966     5.9233     -0.248     0.0404    -0.7931 -9.990e-29
 141.738015     -0.248   0.063554    14.4926     5.9270     -0.246     0.0401    -0.7927 -9.990e-29
 141.738021     -0.245   0.062999    14.4889     5.9311     -0.243     0.0398    -0.7924 -9.990e-29
 141.738027     -0.241   0.062629    14.4864     5.9351     -0.239     0.0396    -0.7922 -9.990e-29
 141.738032     -0.235   0.062506    14.4861     5.9323     -0.233     0.0396    -0.7922 -9.990e-29
 141.738038     -0.228   0.062465    14.4878     5.9335     -0.226     0.0395    -0.7925 -9.990e-29
 141.738044     -0.218   0.062451    14.4906     5.9251     -0.216     0.0395    -0.7929 -9.990e-29
 141.738050     -0.210   0.062446    14.4926     5.9308     -0.208     0.0395    -0.7932 -9.990e-29
 141.738056     -0.207   0.062444    14.4913     5.9336     -0.205     0.0395    -0.7930 -9.990e-29
 141.738061     -0.204   0.062442    14.4854     5.9360     -0.202     0.0395    -0.7922 -9.990e-29
 141.738067     -0.198   0.062437    14.4748     5.9377     -0.196     0.0395    -0.7906 -9.990e-29
 141.738073     -0.192   0.062423    14.4613     5.9346     -0.190     0.0395    -0.7887 -9.990e-29
 141.738079     -0.189   0.062382    14.4483     5.9359     -0.187     0.0395    -0.7868 -9.990e-29
 141.738084     -0.187   0.062259    14.4381     5.9369     -0.185     0.0394    -0.7854 -9.990e-29
 141.738090     -0.179   0.061889    14.4319     5.9372     -0.178     0.0392    -0.7846 -9.990e-29
 141.738096     -0.170   0.061335    14.4293     5.9369     -0.169     0.0389    -0.7845 -9.990e-29
 141.738102     -0.168   0.060965    14.4279     5.9376     -0.167     0.0387    -0.7845 -9.990e-29
 141.738108     -0.173   0.060842    14.4257     5.9387     -0.172     0.0386    -0.7842 -9.990e-29
 141.738113     -0.176   0.060801    14.4233     5.9397     -0.175     0.0386    -0.7839 -9.990e-29
 141.738119     -0.178   0.060787    14.4202     5.9397     -0.177     0.0386    -0.7834 -9.990e-29
 141.738125     -0.183   0.060782    14.4147     5.9394     -0.181     0.0386    -0.7826 -9.990e-29
 141.738131     -0.187   0.060779    14.4076     5.9394     -0.185     0.0386    -0.7816 -9.990e-29
 141.738137     -0.187   0.060775    14.4016     5.9390     -0.185     0.0386    -0.7808 -9.990e-29
 141.738142     -0.181   0.060764    14.3981     5.9386     -0.179     0.0386    -0.7803 -9.990e-29
 141.738148     -0.175   0.060732    14.3954     5.9381     -0.174     0.0386    -0.7799 -9.990e-29
 141.738154     -0.171   0.060636    14.3912     5.9375     -0.170     0.0385    -0.7793 -9.990e-29
 141.738160     -0.166   0.060348    14.3858     5.9369     -0.165     0.0384    -0.7787 -9.990e-29
 141.738166     -0.159   0.060040    14.3811     5.9360     -0.158     0.0382    -0.7781 -9.990e-29
 141.738171     -0.158   0.059855    14.3790     5.9355     -0.157     0.0381    -0.7779 -9.990e-29
 141.738177     -0.163   0.059547    14.3793     5.9346     -0.162     0.0379    -0.7781 -9.990e-29
