data/oxygen options/ONMS/Olympic_Coast_National_Marine_Sanctuary_CTD_Data_2005_2023/raw_data/2014/CAST_KL027_140624faed.cnv
* Sea-Bird SBE19 Data File:
* FileName = C:\2014 Mooring Data\CAST_KL027_140624.hex
* Software Version 1.59
* Temperature SN = 2997
* Conductivity SN = 2997
* System UpLoad Time = Jun 25 2014 00:06:18
** CAST_KL027_140624
* ds
# nquan = 9                                 
# nvalues = 1223                        
# units = specified
# name 0 = timeJ: Julian Days
# name 1 = prSM: Pressure, Strain Gauge [db]
# name 2 = c0mS/cm: Conductivity [mS/cm]
# name 3 = t090C: Temperature [ITS-90, deg C]
# name 4 = sbeox0ML/L: Oxygen, SBE 43 [ml/l]
# name 5 = depSM: Depth [salt water, m], lat = 47.5
# name 6 = sal00: Salinity, Practical [PSU]
# name 7 = sigma-é00: Density [sigma-theta, kg/m^3]
# name 8 = flag: flag
# span 0 = 175.773275, 175.780347       
# span 1 =     -5.868,     28.380       
# span 2 =   0.046590,  37.753727       
# span 3 =     7.7281,    16.0354       
# span 4 =    -1.7644,    17.0444       
# span 5 =     -5.819,     28.141       
# span 6 =     0.0303,    33.4747       
# span 7 =    -1.0127,    26.1137       
# span 8 = 0.0000e+00, 0.0000e+00       
# interval = seconds: 0.5
# start_time = Jun 24 2014 18:33:31 [Instrument's time stamp, header]
# bad_flag = -9.990e-29
*END*
[from data line 961]
 175.778837     25.193  34.563203     7.7375     1.9353     24.981    33.4722    26.1125 0.0000e+00
 175.778843     25.020  34.557664     7.7356     1.9365     24.810    33.4681    26.1096 0.0000e+00
 175.778848     24.845  34.552086     7.7349     1.9377     24.636    33.4629    26.1056 0.0000e+00
 175.778854     24.683  34.552393     7.7346     1.9337     24.476    33.4636    26.1062 0.0000e+00
 175.778860     24.530  34.554605     7.7339     1.9323     24.324    33.4667    26.1087 0.0000e+00
 175.778866     24.379  34.554893     7.7325     1.9364     24.174    33.4684    26.1103 0.0000e+00
 175.778872     24.218  34.554389     7.7310     1.9403     24.014    33.4694    26.1113 0.0000e+00
 175.778877     24.047  34.553568     7.7294     1.9350     23.845    33.4701    26.1121 0.0000e+00
 175.778883     23.876  34.552692     7.7283     1.9178     23.675    33.4703    26.1124 0.0000e+00
 175.778889     23.711  34.551766     7.7281     1.9252     23.512    33.4696    26.1118 0.0000e+00
 175.778895     23.546  34.551290     7.7287     1.9524     23.348    33.4686    26.1109 0.0000e+00
 175.778900     23.375  34.551803     7.7298     1.9812     23.179    33.4682    26.1105 0.0000e+00
 175.778906     23.200  34.552356     7.7310     1.9956     23.005    33.4677    26.1099 0.0000e+00
 175.778912     23.027  34.551493     7.7316     1.9982     22.834    33.4663    26.1087 0.0000e+00
 175.778918     22.861  34.549237     7.7316     2.0100     22.669    33.4639    26.1069 0.0000e+00
 175.778924     22.706  34.546559     7.7321     2.0325     22.515    33.4606    26.1042 0.0000e+00
 175.778929     22.551  34.544428     7.7339     2.0388     22.362    33.4567    26.1008 0.0000e+00
 175.778935     22.383  34.543420     7.7380     2.0321     22.195    33.4517    26.0964 0.0000e+00
 175.778941     22.198  34.542801     7.7436     2.0197     22.012    33.4458    26.0909 0.0000e+00
 175.778947     22.007  34.541798     7.7485     2.0126     21.822    33.4401    26.0857 0.0000e+00
 175.778953     21.828  34.540809     7.7515     2.0162     21.645    33.4362    26.0822 0.0000e+00
 175.778958     21.675  34.540253     7.7532     2.0015     21.493    33.4341    26.0803 0.0000e+00
 175.778964     21.546  34.540000     7.7539     2.0004     21.365    33.4332    26.0795 -9.990e-29
 175.778970     21.429  34.539766     7.7538     2.0042     21.249    33.4331    26.0794 -9.990e-29
 175.778976     21.309  34.539849     7.7542     2.0131     21.130    33.4329    26.0792 -9.990e-29
 175.778981     21.174  34.540411     7.7565     2.0272     20.996    33.4313    26.0776 0.0000e+00
 175.778987     21.013  34.541130     7.7612     2.0215     20.837    33.4277    26.0741 0.0000e+00
 175.778993     20.827  34.541892     7.7686     2.0319     20.652    33.4215    26.0681 0.0000e+00
 175.778999     20.629  34.542642     7.7775     2.0476     20.456    33.4138    26.0609 0.0000e+00
 175.779005     20.441  34.543309     7.7857     2.0558     20.269    33.4068    26.0541 0.0000e+00
 175.779010     20.276  34.543715     7.7916     2.0697     20.106    33.4016    26.0492 0.0000e+00
 175.779016     20.132  34.543895     7.7946     2.0852     19.963    33.3990    26.0467 0.0000e+00
 175.779022     19.996  34.544141     7.7972     2.1154     19.828    33.3969    26.0447 0.0000e+00
 175.779028     19.856  34.544270     7.8018     2.1509     19.689    33.3927    26.0407 0.0000e+00
 175.779034     19.710  34.543945     7.8088     2.1699     19.545    33.3857    26.0342 0.0000e+00
 175.779039     19.566  34.543343     7.8169     2.1690     19.402    33.3773    26.0265 0.0000e+00
 175.779045     19.429  34.542835     7.8242     2.1513     19.266    33.3699    26.0196 0.0000e+00
 175.779051     19.289  34.542920     7.8337     2.1342     19.127    33.3609    26.0112 0.0000e+00
 175.779057     19.130  34.544323     7.8517     2.0977     18.969    33.3453    25.9963 0.0000e+00
 175.779063     18.944  34.548403     7.8773     2.0522     18.785    33.3253    25.9769 0.0000e+00
 175.779068     18.747  34.556724     7.9034     2.0092     18.590    33.3094    25.9606 0.0000e+00
 175.779074     18.559  34.569216     7.9258     1.9645     18.403    33.3015    25.9511 0.0000e+00
 175.779080     18.395  34.583517     7.9441     1.9434     18.241    33.2994    25.9468 0.0000e+00
 175.779086     18.253  34.596307     7.9597     1.9295     18.100    33.2983    25.9437 0.0000e+00
 175.779091     18.124  34.606741     7.9750     1.8988     17.972    33.2950    25.9388 0.0000e+00
 175.779097     17.999  34.617002     7.9895     1.8752     17.848    33.2922    25.9345 0.0000e+00
 175.779103     17.874  34.627359     8.0010     1.8507     17.724    33.2923    25.9329 -9.990e-29
 175.779109     17.752  34.635966     8.0104     1.8225     17.603    33.2926    25.9318 -9.990e-29
 175.779115     17.627  34.643131     8.0199     1.7821     17.479    33.2913    25.9294 0.0000e+00
 175.779120     17.492  34.650044     8.0327     1.7234     17.345    33.2866    25.9238 0.0000e+00
 175.779126     17.343  34.658117     8.0548     1.6822     17.198    33.2742    25.9108 0.0000e+00
 175.779132     17.183  34.671433     8.0931     1.6740     17.039    33.2521    25.8878 0.0000e+00
 175.779138     17.019  34.694895     8.1517     1.7008     16.876    33.2216    25.8552 0.0000e+00
 175.779144     16.858  34.727862     8.2248     1.7321     16.717    33.1875    25.8177 0.0000e+00
 175.779149     16.702  34.766656     8.2948     1.7573     16.562    33.1626    25.7877 0.0000e+00
 175.779155     16.550  34.807516     8.3483     1.7790     16.411    33.1555    25.7741 0.0000e+00
 175.779161     16.405  34.842711     8.3863     1.8110     16.267    33.1570    25.7696 0.0000e+00
 175.779167     16.275  34.868171     8.4126     1.8634     16.139    33.1591    25.7673 -9.990e-29
 175.779172     16.160  34.886483     8.4308     1.9223     16.025    33.1614    25.7664 -9.990e-29
 175.779178     16.049  34.899117     8.4455     1.9830     15.914    33.1610    25.7638 -9.990e-29
 175.779184     15.931  34.906698     8.4591     2.0577     15.797    33.1562    25.7580 -9.990e-29
 175.779190     15.797  34.912096     8.4752     2.1541     15.665    33.1468    25.7482 0.0000e+00
 175.779196     15.645  34.918631     8.4959     2.2856     15.514    33.1343    25.7353 0.0000e+00
 175.779201     15.476  34.927215     8.5185     2.4506     15.346    33.1222    25.7224 0.0000e+00
 175.779207     15.297  34.935323     8.5395     2.6373     15.169    33.1111    25.7105 0.0000e+00
 175.779213     15.114  34.940352     8.5567     2.8263     14.987    33.1004    25.6995 0.0000e+00
 175.779219     14.933  34.940649     8.5685     3.0253     14.808    33.0897    25.6893 0.0000e+00
 175.779225     14.759  34.934981     8.5755     3.1789     14.635    33.0772    25.6785 0.0000e+00
 175.779230     14.598  34.923702     8.5788     3.2999     14.476    33.0624    25.6663 0.0000e+00
 175.779236     14.453  34.906413     8.5786     3.3847     14.332    33.0444    25.6523 0.0000e+00
 175.779242     14.319  34.884804     8.5757     3.4522     14.199    33.0245    25.6371 0.0000e+00
 175.779248     14.187  34.865463     8.5722     3.5230     14.068    33.0075    25.6243 0.0000e+00
 175.779253     14.054  34.850704     8.5706     3.5871     13.936    32.9935    25.6136 0.0000e+00
 175.779259     13.919  34.837172     8.5743     3.6131     13.802    32.9759    25.5992 0.0000e+00
 175.779265     13.778  34.825949     8.5830     3.6240     13.663    32.9560    25.5823 0.0000e+00
 175.779271     13.626  34.817831     8.5925     3.6373     13.512    32.9387    25.5673 0.0000e+00
 175.779277     13.466  34.811022     8.6001     3.6509     13.353    32.9245    25.5551 0.0000e+00
 175.779282     13.302  34.806036     8.6046     3.6842     13.191    32.9152    25.5470 0.0000e+00
 175.779288     13.131  34.800766     8.6062     3.6771     13.021    32.9082    25.5414 0.0000e+00
 175.779294     12.956  34.794410     8.6110     3.6647     12.847    32.8972    25.5320 0.0000e+00
 175.779300     12.782  34.791451     8.6262     3.6541     12.675    32.8800    25.5162 0.0000e+00
 175.779306     12.610  34.795847     8.6538     3.6543     12.504    32.8590    25.4955 0.0000e+00
 175.779311     12.440  34.809024     8.6969     3.6552     12.336    32.8329    25.4685 0.0000e+00
 175.779317     12.273  34.831213     8.7513     3.6508     12.170    32.8057    25.4389 0.0000e+00
 175.779323     12.114  34.865124     8.8011     3.6407     12.013    32.7951    25.4229 0.0000e+00
 175.779329     11.972  34.910023     8.8392     3.6412     11.872    32.8068    25.4262 0.0000e+00
 175.779334     11.846  34.951778     8.8689     3.6483     11.747    32.8230    25.4343 -9.990e-29
 175.779340     11.723  34.980479     8.8976     3.6721     11.625    32.8264    25.4325 -9.990e-29
 175.779346     11.596  35.004712     8.9324     3.6971     11.499    32.8195    25.4217 0.0000e+00
 175.779352     11.469  35.033839     8.9696     3.7114     11.373    32.8156    25.4128 -9.990e-29
 175.779358     11.347  35.064670     8.9996     3.7415     11.252    32.8200    25.4116 -9.990e-29
 175.779363     11.228  35.090120     9.0205     3.7789     11.134    32.8272    25.4140 -9.990e-29
 175.779369     11.102  35.108270     9.0414     3.8340     11.009    32.8268    25.4104 0.0000e+00
 175.779375     10.963  35.124300     9.0757     3.8999     10.871    32.8119    25.3934 0.0000e+00
 175.779381     10.806  35.148415     9.1303     3.9484     10.716    32.7867    25.3651 0.0000e+00
 175.779387     10.637  35.185889     9.2001     3.9771     10.548    32.7614    25.3343 0.0000e+00
 175.779392     10.472  35.233440     9.2708     3.9951     10.384    32.7457    25.3108 0.0000e+00
 175.779398     10.322  35.284958     9.3285     4.0035     10.236    32.7460    25.3019 0.0000e+00
 175.779404     10.189  35.331205     9.3665     4.0181     10.104    32.7589    25.3059 -9.990e-29
 175.779410     10.071  35.361529     9.3860     4.0628      9.987    32.7724    25.3133 -9.990e-29
 175.779416      9.959  35.377146     9.3941     4.1334      9.876    32.7811    25.3188 -9.990e-29
 175.779421      9.846  35.387153     9.3985     4.2308      9.764    32.7874    25.3230 -9.990e-29
 175.779427      9.725  35.393722     9.4026     4.3512      9.644    32.7904    25.3248 -9.990e-29
 175.779433      9.588  35.395565     9.4098     4.4598      9.508    32.7858    25.3200 0.0000e+00
 175.779439      9.431  35.394068     9.4254     4.5288      9.352    32.7700    25.3052 0.0000e+00
 175.779444      9.260  35.392340     9.4480     4.5651      9.183    32.7477    25.2840 0.0000e+00
 175.779450      9.092  35.392057     9.4682     4.5587      9.016    32.7290    25.2662 0.0000e+00
 175.779456      8.937  35.390651     9.4803     4.5446      8.862    32.7166    25.2545 0.0000e+00
 175.779462      8.792  35.386868     9.4860     4.5340      8.718    32.7075    25.2465 0.0000e+00
 175.779468      8.650  35.383576     9.4887     4.5198      8.578    32.7017    25.2416 0.0000e+00
 175.779473      8.509  35.382611     9.4899     4.5137      8.438    32.6997    25.2398 0.0000e+00
 175.779479      8.374  35.383300     9.4913     4.4959      8.304    32.6992    25.2392 0.0000e+00
 175.779485      8.239  35.383248     9.4939     4.5135      8.170    32.6968    25.2369 0.0000e+00
 175.779491      8.098  35.381875     9.4992     4.5617      8.030    32.6907    25.2312 0.0000e+00
 175.779497      7.944  35.381893     9.5103     4.6554      7.878    32.6806    25.2216 0.0000e+00
 175.779502      7.781  35.387303     9.5299     4.8420      7.716    32.6684    25.2089 0.0000e+00
 175.779508      7.616  35.398640     9.5604     5.1680      7.552    32.6523    25.1914 0.0000e+00
 175.779514      7.450  35.413680     9.6135     5.6178      7.388    32.6195    25.1571 0.0000e+00
 175.779520      7.283  35.439064     9.7108     6.1364      7.222    32.5573    25.0927 0.0000e+00
 175.779525      7.116  35.487935     9.8790     6.6159      7.056    32.4553    24.9856 0.0000e+00
 175.779531      6.956  35.571644    10.1258     7.0015      6.898    32.3189    24.8383 0.0000e+00
 175.779537      6.806  35.708726    10.4329     7.2570      6.749    32.1839    24.6813 0.0000e+00
 175.779543      6.659  35.899670    10.7790     7.4124      6.603    32.0695    24.5330 0.0000e+00
 175.779549      6.512  36.122520    11.1308     7.5091      6.458    31.9828    24.4040 0.0000e+00
 175.779554      6.368  36.370880    11.4308     7.6017      6.315    31.9662    24.3378 0.0000e+00
 175.779560      6.229  36.631533    11.6385     7.6874      6.177    32.0409    24.3582 0.0000e+00
 175.779566      6.093  36.869001    11.7752     7.7674      6.042    32.1534    24.4206 0.0000e+00
 175.779572      5.950  37.045768    11.8849     7.8460      5.900    32.2298    24.4598 0.0000e+00
 175.779578      5.795  37.149376    11.9854     7.8340      5.747    32.2430    24.4514 0.0000e+00
 175.779583      5.631  37.219807    12.0733     7.8211      5.584    32.2351    24.4289 0.0000e+00
 175.779589      5.466  37.296022    12.1411     7.8060      5.420    32.2500    24.4278 0.0000e+00
 175.779595      5.300  37.362953    12.1874     7.8400      5.256    32.2745    24.4381 0.0000e+00
 175.779601      5.134  37.408308    12.2171     7.9180      5.091    32.2925    24.4465 0.0000e+00
 175.779606      4.963  37.440412    12.2385     8.0208      4.922    32.3049    24.4521 0.0000e+00
 175.779612      4.787  37.456097    12.2561     8.1359      4.747    32.3049    24.4488 0.0000e+00
 175.779618      4.606  37.458361    12.2679     8.2456      4.568    32.2969    24.4404 0.0000e+00
 175.779624      4.427  37.456447    12.2732     8.4157      4.390    32.2906    24.4345 0.0000e+00
 175.779630      4.260  37.451219    12.2757     8.6310      4.224    32.2835    24.4285 0.0000e+00
 175.779635      4.110  37.440808    12.2791     8.9194      4.076    32.2706    24.4179 0.0000e+00
 175.779641      3.968  37.424850    12.2837     9.2009      3.935    32.2514    24.4021 0.0000e+00
 175.779647      3.822  37.405123    12.2897     9.4009      3.790    32.2274    24.3824 0.0000e+00
 175.779653      3.661  37.383437    12.3013     9.5117      3.630    32.1967    24.3564 0.0000e+00
 175.779659      3.480  37.354495    12.3176     9.5366      3.451    32.1551    24.3210 0.0000e+00
 175.779664      3.289  37.318483    12.3312     9.5275      3.262    32.1090    24.2827 0.0000e+00
 175.779670      3.105  37.286930    12.3386     9.5211      3.079    32.0726    24.2531 0.0000e+00
 175.779676      2.930  37.263282    12.3426     9.5186      2.906    32.0466    24.2322 0.0000e+00
 175.779682      2.753  37.246364    12.3475     9.5155      2.730    32.0263    24.2155 0.0000e+00
 175.779687      2.566  37.234431    12.3532     9.5121      2.545    32.0101    24.2019 0.0000e+00
 175.779693      2.376  37.225090    12.3583     9.5434      2.356    31.9969    24.1906 0.0000e+00
 175.779699      2.194  37.221648    12.3626     9.6464      2.176    31.9900    24.1845 0.0000e+00
 175.779705      2.028  37.223491    12.3666     9.7566      2.011    31.9884    24.1825 0.0000e+00
 175.779711      1.866  37.223021    12.3752     9.8407      1.850    31.9807    24.1749 0.0000e+00
 175.779716      1.694  37.219655    12.3966     9.8585      1.680    31.9593    24.1543 0.0000e+00
 175.779722      1.513  37.221859    12.4280     9.8268      1.500    31.9347    24.1293 0.0000e+00
 175.779728      1.343  37.233739    12.4569     9.7877      1.332    31.9216    24.1136 0.0000e+00
 175.779734      1.202  37.253225    12.4751     9.7625      1.192    31.9248    24.1126 -9.990e-29
 175.779740      1.095  37.272113    12.4823     9.7279      1.086    31.9367    24.1205 -9.990e-29
 175.779745      1.005  37.280278    12.4826     9.6706      0.997    31.9442    24.1263 -9.990e-29
 175.779751      0.915  37.279109    12.4816     9.5170      0.907    31.9440    24.1263 -9.990e-29
