data/oxygen options/ONMS/Olympic_Coast_National_Marine_Sanctuary_CTD_Data_2005_2023/raw_data/2014/CAST_KL027_140906faed.cnv
* Sea-Bird SBE19 Data File:
* FileName = C:\2014 Mooring Data\Casts\CAST_KL027_140906.hex
* Software Version 1.59
* Temperature SN = 2997
* Conductivity SN = 2997
* System UpLoad Time = Sep 06 2014 18:25:28
** CAST_KL027_140906
* ds
# nquan = 9                                 
# nvalues = 6836                        
# units = specified
# name 0 = timeJ: Julian Days
# name 1 = prSM: Pressure, Strain Gauge [db]
# name 2 = c0mS/cm: Conductivity [mS/cm]
# name 3 = t090C: Temperature [ITS-90, deg C]
# name 4 = sbeox0ML/L: Oxygen, SBE 43 [ml/l]
# name 5 = depSM: Depth [salt water, m], lat = 47.5
# name 6 = sal00: Salinity, Practical [PSU]
# name 7 = sigma-é00: Density [sigma-theta, kg/m^3]
# name 8 = flag: flag
# span 0 = 249.725833, 249.765388       
# span 1 =     -5.791,     29.299       
# span 2 =   0.374899,  41.646558       
# span 3 =     7.6089,    19.4790       
# span 4 =    -1.6990,    16.7042       
# span 5 =     -5.743,     29.052       
# span 6 =     0.2088,    33.6128       
# span 7 =    -1.4809,    26.2240       
# span 8 = 0.0000e+00, 0.0000e+00       
# interval = seconds: 0.5
# start_time = Sep 06 2014 17:25:12 [Instrument's time stamp, header]
# bad_flag = -9.990e-29
*END*
[from data line 3201]
 249.744358      0.274   0.522408    16.5308     5.6567      0.272     0.3048    -0.9081 -9.990e-29
 249.744363      0.273   0.521156    16.5232     5.6667      0.271     0.3041    -0.9074 -9.990e-29
 249.744369      0.273   0.520120    16.5175     5.6609      0.271     0.3035    -0.9069 -9.990e-29
 249.744375      0.272   0.519589    16.5139     5.6583      0.270     0.3033    -0.9065 -9.990e-29
 249.744381      0.271   0.519412    16.5116     5.6471      0.269     0.3032    -0.9062 -9.990e-29
 249.744387      0.270   0.519352    16.5099     5.6328      0.268     0.3031    -0.9059 -9.990e-29
 249.744392      0.269   0.519331    16.5098     5.6383      0.267     0.3031    -0.9059 -9.990e-29
 249.744398      0.267   0.519323    16.5110     5.6369      0.265     0.3031    -0.9061 -9.990e-29
 249.744404      0.265   0.519318    16.5119     5.6261      0.263     0.3031    -0.9063 -9.990e-29
 249.744410      0.263   0.519311    16.5145     5.6346      0.261     0.3031    -0.9067 -9.990e-29
 249.744416      0.259   0.519292    16.5223     5.6418      0.257     0.3030    -0.9081 -9.990e-29
 249.744421      0.254   0.519237    16.5363     5.6407      0.252     0.3029    -0.9106 -9.990e-29
 249.744427      0.248   0.519072    16.5544     5.6510      0.246     0.3027    -0.9138 -9.990e-29
 249.744433      0.245   0.518578    16.5711     5.6302      0.243     0.3022    -0.9170 -9.990e-29
 249.744439      0.248   0.517655    16.5817     5.6218      0.246     0.3016    -0.9192 -9.990e-29
 249.744444      0.254   0.516741    16.5858     5.6204      0.252     0.3010    -0.9204 -9.990e-29
 249.744450      0.259   0.516287    16.5855     5.6191      0.257     0.3008    -0.9205 -9.990e-29
 249.744456      0.262   0.516243    16.5837     5.6502      0.260     0.3007    -0.9203 -9.990e-29
 249.744462      0.265   0.516552    16.5813     5.6404      0.263     0.3009    -0.9197 -9.990e-29
 249.744468      0.267   0.517071    16.5772     5.6359      0.265     0.3013    -0.9187 -9.990e-29
 249.744473      0.269   0.517380    16.5753     5.6327      0.267     0.3015    -0.9183 -9.990e-29
 249.744479      0.270   0.517336    16.5817     5.6283      0.268     0.3014    -0.9194 -9.990e-29
 249.744485      0.271   0.516882    16.5973     5.6298      0.269     0.3010    -0.9223 -9.990e-29
 249.744491      0.272   0.515968    16.6180     5.6522      0.270     0.3003    -0.9264 -9.990e-29
 249.744497      0.273   0.515046    16.6367     5.6503      0.271     0.2997    -0.9301 -9.990e-29
 249.744502      0.273   0.514553    16.6463     5.6353      0.271     0.2993    -0.9320 -9.990e-29
 249.744508      0.274   0.514390    16.6471     5.6290      0.272     0.2992    -0.9322 -9.990e-29
 249.744514      0.274   0.514339    16.6457     5.6267      0.272     0.2992    -0.9320 -9.990e-29
 249.744520      0.274   0.514333    16.6418     5.6502      0.272     0.2992    -0.9313 -9.990e-29
 249.744525      0.274   0.514367    16.6307     5.6363      0.272     0.2993    -0.9294 -9.990e-29
 249.744531      0.275   0.514485    16.6145     5.6352      0.273     0.2995    -0.9265 -9.990e-29
 249.744537      0.275   0.514848    16.5991     5.6228      0.273     0.2998    -0.9236 -9.990e-29
 249.744543      0.275   0.515383    16.5880     5.6431      0.273     0.3002    -0.9214 -9.990e-29
 249.744549      0.275   0.515694    16.5828     5.6502      0.273     0.3004    -0.9203 -9.990e-29
 249.744554      0.275   0.515639    16.5834     5.6322      0.273     0.3004    -0.9205 -9.990e-29
 249.744560      0.275   0.515146    16.5886     5.6349      0.273     0.3001    -0.9216 -9.990e-29
 249.744566      0.275   0.514115    16.5957     5.6349      0.273     0.2994    -0.9233 -9.990e-29
 249.744572      0.275   0.512841    16.6038     5.6419      0.273     0.2986    -0.9253 -9.990e-29
 249.744578      0.275   0.511849    16.6133     5.6326      0.273     0.2979    -0.9275 -9.990e-29
 249.744583      0.275   0.511485    16.6203     5.6256      0.273     0.2976    -0.9289 -9.990e-29
 249.744589      0.275   0.511820    16.6206     5.6237      0.273     0.2978    -0.9288 -9.990e-29
 249.744595      0.275   0.512745    16.6160     5.6339      0.273     0.2984    -0.9275 -9.990e-29
 249.744601      0.275   0.513827    16.6108     5.6422      0.273     0.2991    -0.9261 -9.990e-29
 249.744606      0.275   0.514842    16.6066     5.6342      0.273     0.2997    -0.9249 -9.990e-29
 249.744612      0.275   0.516217    16.6044     5.6310      0.273     0.3006    -0.9239 -9.990e-29
 249.744618      0.275   0.518673    16.6051     5.6431      0.273     0.3021    -0.9229 -9.990e-29
 249.744624      0.275   0.524003    16.6054     5.6471      0.273     0.3052    -0.9205 -9.990e-29
 249.744630      0.275   0.535422    16.6000     5.6482      0.273     0.3121    -0.9142 -9.990e-29
 249.744635      0.275   0.552773    16.5892     5.6353      0.273     0.3226    -0.9043 -9.990e-29
 249.744641      0.275   0.571391    16.5790     5.6215      0.273     0.3339    -0.8939 -9.990e-29
 249.744647      0.275   0.589414    16.5731     5.6451      0.273     0.3449    -0.8845 -9.990e-29
 249.744653      0.275   0.610857    16.5694     5.6304      0.273     0.3578    -0.8738 -9.990e-29
 249.744659      0.275   0.639845    16.5657     5.6445      0.273     0.3754    -0.8596 -9.990e-29
 249.744664      0.275   0.673330    16.5619     5.6292      0.273     0.3958    -0.8433 -9.990e-29
 249.744670      0.275   0.704248    16.5612     5.6332      0.273     0.4146    -0.8286 -9.990e-29
 249.744676      0.275   0.728784    16.5675     5.6497      0.273     0.4296    -0.8182 -9.990e-29
 249.744682      0.275   0.745180    16.5776     5.6247      0.273     0.4395    -0.8123 -9.990e-29
 249.744688      0.275   0.753055    16.5817     5.6374      0.273     0.4442    -0.8093 -9.990e-29
 249.744693      0.275   0.755681    16.5746     5.6321      0.273     0.4459    -0.8068 -9.990e-29
 249.744699      0.275   0.756005    16.5635     5.6182      0.273     0.4462    -0.8047 -9.990e-29
 249.744705      0.275   0.753904    16.5590     5.6281      0.273     0.4450    -0.8049 -9.990e-29
 249.744711      0.275   0.749912    16.5643     5.6229      0.273     0.4425    -0.8077 -9.990e-29
 249.744716      0.275   0.745936    16.5764     5.6213      0.273     0.4400    -0.8117 -9.990e-29
 249.744722      0.275   0.743345    16.5903     5.6337      0.273     0.4382    -0.8154 -9.990e-29
 249.744728      0.275   0.743134    16.6015     5.6248      0.273     0.4380    -0.8175 -9.990e-29
 249.744734      0.275   0.746136    16.6088     5.6476      0.273     0.4397    -0.8174 -9.990e-29
 249.744740      0.275   0.751904    16.6131     5.6541      0.273     0.4432    -0.8155 -9.990e-29
 249.744745      0.275   0.758676    16.6161     5.6536      0.273     0.4473    -0.8128 -9.990e-29
 249.744751      0.275   0.764917    16.6192     5.6414      0.273     0.4511    -0.8104 -9.990e-29
 249.744757      0.275   0.770610    16.6207     5.6374      0.273     0.4546    -0.8080 -9.990e-29
 249.744763      0.275   0.776672    16.6161     5.6379      0.273     0.4583    -0.8043 -9.990e-29
 249.744769      0.275   0.783401    16.6052     5.6478      0.273     0.4626    -0.7992 -9.990e-29
 249.744774      0.275   0.790875    16.5938     5.6393      0.273     0.4673    -0.7936 -9.990e-29
 249.744780      0.275   0.799606    16.5859     5.6467      0.273     0.4727    -0.7881 -9.990e-29
 249.744786      0.275   0.809557    16.5808     5.6471      0.273     0.4789    -0.7825 -9.990e-29
 249.744792      0.275   0.818985    16.5745     5.6373      0.273     0.4848    -0.7769 -9.990e-29
 249.744797      0.275   0.825447    16.5608     5.6223      0.273     0.4889    -0.7714 -9.990e-29
 249.744803      0.275   0.828663    16.5411     5.6112      0.273     0.4911    -0.7663 -9.990e-29
 249.744809      0.275   0.830139    16.5272     5.6295      0.273     0.4922    -0.7632 -9.990e-29
 249.744815      0.275   0.830731    16.5255     5.6496      0.273     0.4926    -0.7626 -9.990e-29
 249.744821      0.275   0.830673    16.5308     5.6361      0.273     0.4925    -0.7635 -9.990e-29
 249.744826      0.275   0.829887    16.5379     5.6335      0.273     0.4919    -0.7652 -9.990e-29
 249.744832      0.275   0.827882    16.5466     5.6210      0.273     0.4906    -0.7677 -9.990e-29
 249.744838      0.275   0.824767    16.5582     5.6375      0.273     0.4885    -0.7712 -9.990e-29
 249.744844      0.275   0.821950    16.5716     5.6375      0.273     0.4866    -0.7750 -9.990e-29
 249.744850      0.275   0.820678    16.5821     5.6399      0.273     0.4857    -0.7775 -9.990e-29
 249.744855      0.275   0.820368    16.5850     5.6541      0.273     0.4855    -0.7781 -9.990e-29
 249.744861      0.275   0.819495    16.5797     5.6361      0.273     0.4850    -0.7776 -9.990e-29
 249.744867      0.275   0.817451    16.5718     5.6287      0.273     0.4838    -0.7771 -9.990e-29
 249.744873      0.275   0.814849    16.5674     5.6340      0.273     0.4823    -0.7776 -9.990e-29
 249.744878      0.275   0.812667    16.5639     5.6447      0.273     0.4810    -0.7780 -9.990e-29
 249.744884      0.275   0.811333    16.5556     5.6441      0.273     0.4803    -0.7771 -9.990e-29
 249.744890      0.275   0.810179    16.5439     5.6471      0.273     0.4797    -0.7756 -9.990e-29
 249.744896      0.275   0.808225    16.5348     5.6479      0.273     0.4786    -0.7749 -9.990e-29
 249.744902      0.275   0.805090    16.5357     5.6517      0.273     0.4767    -0.7765 -9.990e-29
 249.744907      0.275   0.801042    16.5481     5.6619      0.273     0.4740    -0.7807 -9.990e-29
 249.744913      0.275   0.796801    16.5643     5.6593      0.273     0.4712    -0.7856 -9.990e-29
 249.744919      0.275   0.793385    16.5753     5.6344      0.273     0.4690    -0.7892 -9.990e-29
 249.744925      0.275   0.791801    16.5751     5.6284      0.273     0.4681    -0.7899 -9.990e-29
 249.744931      0.275   0.791604    16.5625     5.6262      0.273     0.4681    -0.7877 -9.990e-29
 249.744936      0.275   0.790866    16.5472     5.6522      0.273     0.4678    -0.7853 -9.990e-29
 249.744942      0.275   0.789157    16.5376     5.6591      0.273     0.4669    -0.7844 -9.990e-29
 249.744948      0.275   0.788092    16.5276     5.6485      0.273     0.4663    -0.7831 -9.990e-29
 249.744954      0.275   0.788476    16.5093     5.6557      0.273     0.4668    -0.7797 -9.990e-29
 249.744959      0.275   0.789153    16.4854     5.6499      0.273     0.4674    -0.7751 -9.990e-29
 249.744965      0.275   0.788246    16.4659     5.6543      0.273     0.4671    -0.7721 -9.990e-29
 249.744971      0.275   0.785101    16.4575     5.6546      0.273     0.4653    -0.7721 -9.990e-29
 249.744977      0.275   0.780528    16.4608     5.6476      0.273     0.4624    -0.7749 -9.990e-29
 249.744983      0.275   0.775661    16.4723     5.6481      0.273     0.4593    -0.7792 -9.990e-29
 249.744988      0.275   0.771793    16.4861     5.6482      0.273     0.4568    -0.7835 -9.990e-29
 249.744994      0.275   0.769884    16.4987     5.6339      0.273     0.4555    -0.7866 -9.990e-29
 249.745000      0.275   0.769615    16.5094     5.6450      0.273     0.4552    -0.7886 -9.990e-29
 249.745006      0.275   0.769516    16.5177     5.6486      0.273     0.4550    -0.7902 -9.990e-29
 249.745012      0.275   0.768342    16.5240     5.6540      0.273     0.4542    -0.7918 -9.990e-29
 249.745017      0.275   0.766198    16.5282     5.6582      0.273     0.4529    -0.7936 -9.990e-29
 249.745023      0.275   0.764115    16.5294     5.6433      0.273     0.4516    -0.7948 -9.990e-29
 249.745029      0.275   0.762655    16.5284     5.6242      0.273     0.4507    -0.7953 -9.990e-29
 249.745035      0.275   0.761538    16.5265     5.6422      0.273     0.4500    -0.7955 -9.990e-29
 249.745041      0.275   0.760389    16.5243     5.6432      0.273     0.4494    -0.7957 -9.990e-29
 249.745046      0.274   0.758789    16.5225     5.6496      0.272     0.4484    -0.7961 -9.990e-29
 249.745052      0.274   0.756273    16.5213     5.6405      0.272     0.4469    -0.7971 -9.990e-29
 249.745058      0.274   0.752822    16.5180     5.6319      0.272     0.4448    -0.7981 -9.990e-29
 249.745064      0.274   0.749394    16.5122     5.6590      0.272     0.4427    -0.7987 -9.990e-29
 249.745069      0.273   0.746981    16.5088     5.6596      0.271     0.4413    -0.7992 -9.990e-29
 249.745075      0.273   0.745700    16.5117     5.6474      0.271     0.4405    -0.8003 -9.990e-29
 249.745081      0.272   0.745512    16.5185     5.6653      0.270     0.4403    -0.8016 -9.990e-29
 249.745087      0.271   0.746169    16.5211     5.6539      0.269     0.4407    -0.8018 -9.990e-29
 249.745093      0.270   0.746879    16.5146     5.6343      0.268     0.4412    -0.8003 -9.990e-29
 249.745098      0.269   0.746921    16.4990     5.6454      0.267     0.4414    -0.7975 -9.990e-29
 249.745104      0.267   0.746351    16.4766     5.6454      0.265     0.4413    -0.7938 -9.990e-29
 249.745110      0.265   0.745521    16.4564     5.6324      0.263     0.4410    -0.7906 -9.990e-29
 249.745116      0.262   0.743881    16.4479     5.6538      0.260     0.4401    -0.7899 -9.990e-29
 249.745122      0.259   0.740355    16.4530     5.6396      0.257     0.4378    -0.7925 -9.990e-29
 249.745127      0.254   0.735246    16.4683     5.6307      0.252     0.4345    -0.7976 -9.990e-29
 249.745133      0.248   0.730640    16.4877     5.6409      0.246     0.4315    -0.8032 -9.990e-29
 249.745139      0.245   0.728738    16.5052     5.6433      0.243     0.4302    -0.8072 -9.990e-29
 249.745145      0.248   0.730339    16.5157     5.6372      0.246     0.4310    -0.8083 -9.990e-29
 249.745150      0.254   0.733686    16.5179     5.6498      0.252     0.4331    -0.8071 -9.990e-29
 249.745156      0.258   0.735457    16.5191     5.6386      0.256     0.4341    -0.8065 -9.990e-29
 249.745162      0.262   0.734122    16.5284     5.6412      0.260     0.4332    -0.8088 -9.990e-29
 249.745168      0.265   0.730680    16.5458     5.6354      0.263     0.4309    -0.8135 -9.990e-29
 249.745174      0.267   0.726660    16.5644     5.6112      0.265     0.4283    -0.8187 -9.990e-29
 249.745179      0.268   0.723374    16.5769     5.6305      0.266     0.4262    -0.8224 -9.990e-29
 249.745185      0.269   0.722001    16.5802     5.6090      0.267     0.4253    -0.8237 -9.990e-29
 249.745191      0.270   0.722380    16.5756     5.6163      0.268     0.4256    -0.8227 -9.990e-29
 249.745197      0.270   0.722791    16.5716     5.6341      0.268     0.4259    -0.8218 -9.990e-29
 249.745203      0.270   0.721561    16.5766     5.6188      0.268     0.4251    -0.8232 -9.990e-29
 249.745208      0.270   0.718162    16.5920     5.6422      0.268     0.4228    -0.8276 -9.990e-29
 249.745214      0.269   0.713622    16.6144     5.6482      0.267     0.4198    -0.8337 -9.990e-29
 249.745220      0.268   0.709672    16.6386     5.6204      0.266     0.4172    -0.8399 -9.990e-29
 249.745226      0.267   0.707161    16.6596     5.6421      0.265     0.4154    -0.8448 -9.990e-29
 249.745231      0.265   0.706079    16.6775     5.6321      0.263     0.4146    -0.8485 -9.990e-29
 249.745237      0.262   0.706095    16.6941     5.6431      0.260     0.4145    -0.8515 -9.990e-29
 249.745243      0.259   0.706118    16.7064     5.6547      0.257     0.4143    -0.8536 -9.990e-29
 249.745249      0.254   0.705068    16.7090     5.6472      0.252     0.4137    -0.8546 -9.990e-29
 249.745255      0.249   0.703212    16.6997     5.6352      0.247     0.4126    -0.8538 -9.990e-29
 249.745260      0.241   0.701413    16.6811     5.6336      0.239     0.4117    -0.8513 -9.990e-29
 249.745266      0.231   0.700051    16.6582     5.6417      0.229     0.4111    -0.8479 -9.990e-29
 249.745272      0.227   0.698980    16.6343     5.6399      0.225     0.4107    -0.8441 -9.990e-29
