data/oxygen options/ONMS/Olympic_Coast_National_Marine_Sanctuary_CTD_Data_2005_2023/raw_data/2014/CAST_CA015_140904faed.cnv
* Sea-Bird SBE19 Data File:
* FileName = C:\2014 Mooring Data\Casts\CAST_CA015_140904.hex
* Software Version 1.59
* Temperature SN = 2997
* Conductivity SN = 2997
* System UpLoad Time = Sep 05 2014 18:03:07
** CAST_CA015_140904
* ds
# nquan = 9                                 
# nvalues = 779                         
# units = specified
# name 0 = timeJ: Julian Days
# name 1 = prSM: Pressure, Strain Gauge [db]
# name 2 = c0mS/cm: Conductivity [mS/cm]
# name 3 = t090C: Temperature [ITS-90, deg C]
# name 4 = sbeox0ML/L: Oxygen, SBE 43 [ml/l]
# name 5 = depSM: Depth [salt water, m], lat = 47.5
# name 6 = sal00: Salinity, Practical [PSU]
# name 7 = sigma-é00: Density [sigma-theta, kg/m^3]
# name 8 = flag: flag
# span 0 = 247.902095, 247.906597       
# span 1 =     -5.642,     14.796       
# span 2 =   0.432515,  39.084398       
# span 3 =     8.8946,    19.0649       
# span 4 =    -1.6850,    15.8494       
# span 5 =     -5.595,     14.672       
# span 6 =     0.2421,    33.1980       
# span 7 =    -1.4164,    25.5601       
# span 8 = 0.0000e+00, 0.0000e+00       
# interval = seconds: 0.5
# start_time = Sep 04 2014 21:39:01 [Instrument's time stamp, header]
# bad_flag = -9.990e-29
*END*
[from data line 161]
 247.903027     -2.424   0.450927    19.0486     6.1259     -2.404     0.2473    -1.4134 -9.990e-29
 247.903032     -2.420   0.450184    19.0187     6.1257     -2.400     0.2471    -1.4077 -9.990e-29
 247.903038     -2.416   0.449504    18.9907     6.1316     -2.396     0.2468    -1.4024 -9.990e-29
 247.903044     -2.412   0.449093    18.9748     6.1405     -2.392     0.2467    -1.3994 -9.990e-29
 247.903050     -2.407   0.448956    18.9691     6.1476     -2.387     0.2467    -1.3983 -9.990e-29
 247.903056     -2.401   0.448910    18.9694     6.1547     -2.381     0.2466    -1.3984 -9.990e-29
 247.903061     -2.395   0.448894    18.9717     6.1584     -2.375     0.2466    -1.3989 -9.990e-29
 247.903067     -2.387   0.448889    18.9738     6.1604     -2.367     0.2466    -1.3993 -9.990e-29
 247.903073     -2.377   0.448885    18.9755     6.1525     -2.357     0.2466    -1.3996 -9.990e-29
 247.903079     -2.364   0.448879    18.9704     6.1518     -2.344     0.2466    -1.3986 -9.990e-29
 247.903084     -2.347   0.448861    18.9451     6.1536     -2.327     0.2467    -1.3936 -9.990e-29
 247.903090     -2.326   0.448806    18.8954     6.1638     -2.307     0.2470    -1.3837 -9.990e-29
 247.903096     -2.300   0.448641    18.8346     6.1703     -2.281     0.2472    -1.3716 -9.990e-29
 247.903102     -2.270   0.448148    18.7763     6.1696     -2.251     0.2473    -1.3603 -9.990e-29
 247.903108     -2.243   0.447222    18.7273     6.1684     -2.224     0.2470    -1.3510 -9.990e-29
 247.903113     -2.222   0.446296    18.6931     6.1649     -2.203     0.2467    -1.3446 -9.990e-29
 247.903119     -2.206   0.445803    18.6746     6.1630     -2.188     0.2465    -1.3412 -9.990e-29
 247.903125     -2.193   0.445641    18.6660     6.1555     -2.175     0.2465    -1.3396 -9.990e-29
 247.903131     -2.183   0.445595    18.6580     6.1611     -2.165     0.2465    -1.3380 -9.990e-29
 247.903137     -2.175   0.445604    18.6467     6.1543     -2.157     0.2466    -1.3358 -9.990e-29
 247.903142     -2.168   0.445679    18.6346     6.1606     -2.150     0.2467    -1.3334 -9.990e-29
 247.903148     -2.163   0.445921    18.6259     6.1659     -2.145     0.2469    -1.3315 -9.990e-29
 247.903154     -2.159   0.446093    18.6229     6.1708     -2.141     0.2470    -1.3309 -9.990e-29
 247.903160     -2.155   0.445871    18.6238     6.1677     -2.137     0.2468    -1.3312 -9.990e-29
 247.903166     -2.152   0.445513    18.6282     6.1632     -2.134     0.2466    -1.3322 -9.990e-29
 247.903171     -2.148   0.445100    18.6353     6.1622     -2.130     0.2463    -1.3338 -9.990e-29
 247.903177     -2.145   0.444636    18.6412     6.1651     -2.127     0.2460    -1.3351 -9.990e-29
 247.903183     -2.141   0.444614    18.6455     6.1710     -2.123     0.2460    -1.3360 -9.990e-29
 247.903189     -2.136   0.445003    18.6496     6.1729     -2.118     0.2462    -1.3366 -9.990e-29
 247.903194     -2.131   0.445211    18.6500     6.1740     -2.113     0.2463    -1.3366 -9.990e-29
 247.903200     -2.125   0.444959    18.6461     6.1732     -2.107     0.2462    -1.3359 -9.990e-29
 247.903206     -2.116   0.444467    18.6421     6.1720     -2.098     0.2459    -1.3354 -9.990e-29
 247.903212     -2.106   0.444191    18.6380     6.1745     -2.088     0.2458    -1.3347 -9.990e-29
 247.903218     -2.093   0.444319    18.6318     6.1752     -2.076     0.2459    -1.3334 -9.990e-29
 247.903223     -2.076   0.444465    18.6193     6.1760     -2.059     0.2461    -1.3309 -9.990e-29
 247.903229     -2.055   0.444265    18.5992     6.1739     -2.038     0.2461    -1.3270 -9.990e-29
 247.903235     -2.032   0.444009    18.5786     6.1702     -2.015     0.2460    -1.3231 -9.990e-29
 247.903241     -2.010   0.443911    18.5639     6.1673     -1.993     0.2461    -1.3203 -9.990e-29
 247.903247     -1.988   0.443842    18.5567     6.1716     -1.971     0.2461    -1.3189 -9.990e-29
 247.903252     -1.968   0.443710    18.5558     6.1727     -1.952     0.2460    -1.3188 -9.990e-29
 247.903258     -1.954   0.443337    18.5545     6.1808     -1.938     0.2458    -1.3187 -9.990e-29
 247.903264     -1.944   0.442782    18.5488     6.1781     -1.928     0.2455    -1.3178 -9.990e-29
 247.903270     -1.938   0.442417    18.5437     6.1763     -1.922     0.2453    -1.3170 -9.990e-29
 247.903275     -1.936   0.442310    18.5457     6.1742     -1.920     0.2453    -1.3174 -9.990e-29
 247.903281     -1.938   0.442319    18.5580     6.1647     -1.922     0.2452    -1.3198 -9.990e-29
 247.903287     -1.943   0.442455    18.5780     6.1642     -1.927     0.2452    -1.3236 -9.990e-29
 247.903293     -1.948   0.442899    18.5987     6.1626     -1.932     0.2453    -1.3275 -9.990e-29
 247.903299     -1.949   0.443687    18.6133     6.1709     -1.933     0.2457    -1.3300 -9.990e-29
 247.903304     -1.949   0.444201    18.6165     6.1757     -1.933     0.2459    -1.3304 -9.990e-29
 247.903310     -1.954   0.444016    18.6068     6.1811     -1.938     0.2459    -1.3286 -9.990e-29
 247.903316     -1.955   0.443439    18.5898     6.1855     -1.939     0.2456    -1.3255 -9.990e-29
 247.903322     -1.944   0.442815    18.5764     6.1844     -1.928     0.2454    -1.3232 -9.990e-29
 247.903328     -1.928   0.442421    18.5737     6.1825     -1.912     0.2452    -1.3228 -9.990e-29
 247.903333     -1.915   0.442290    18.5797     6.1734     -1.899     0.2451    -1.3241 -9.990e-29
 247.903339     -1.904   0.442245    18.5893     6.1708     -1.888     0.2450    -1.3260 -9.990e-29
 247.903345     -1.895   0.442226    18.5967     6.1782     -1.879     0.2449    -1.3274 -9.990e-29
 247.903351     -1.886   0.442207    18.5967     6.1782     -1.870     0.2449    -1.3274 -9.990e-29
 247.903356     -1.878   0.442165    18.5841     6.1908     -1.862     0.2450    -1.3250 -9.990e-29
 247.903362     -1.870   0.442041    18.5577     6.1937     -1.854     0.2450    -1.3199 -9.990e-29
 247.903368     -1.861   0.441670    18.5292     6.1972     -1.845     0.2450    -1.3144 -9.990e-29
 247.903374     -1.850   0.441114    18.5144     6.2018     -1.835     0.2447    -1.3118 -9.990e-29
 247.903380     -1.838   0.440744    18.5155     6.1941     -1.823     0.2445    -1.3122 -9.990e-29
 247.903385     -1.827   0.440620    18.5225     6.2006     -1.812     0.2444    -1.3136 -9.990e-29
 247.903391     -1.822   0.440577    18.5250     6.2011     -1.807     0.2444    -1.3141 -9.990e-29
 247.903397     -1.817   0.440559    18.5164     6.1986     -1.802     0.2444    -1.3124 -9.990e-29
 247.903403     -1.808   0.440541    18.4954     6.1899     -1.793     0.2445    -1.3083 -9.990e-29
 247.903409     -1.794   0.440499    18.4679     6.1837     -1.779     0.2447    -1.3030 -9.990e-29
 247.903414     -1.779   0.440375    18.4382     6.1920     -1.764     0.2448    -1.2973 -9.990e-29
 247.903420     -1.766   0.440004    18.4082     6.1969     -1.751     0.2447    -1.2916 -9.990e-29
 247.903426     -1.754   0.439448    18.3826     6.2008     -1.739     0.2445    -1.2869 -9.990e-29
 247.903432     -1.743   0.439078    18.3660     6.2002     -1.728     0.2444    -1.2838 -9.990e-29
 247.903438     -1.727   0.438956    18.3611     6.1992     -1.713     0.2444    -1.2829 -9.990e-29
 247.903443     -1.706   0.438918    18.3696     6.2009     -1.692     0.2443    -1.2846 -9.990e-29
 247.903449     -1.687   0.438914    18.3880     6.2005     -1.673     0.2442    -1.2881 -9.990e-29
 247.903455     -1.672   0.438937    18.4062     6.2001     -1.658     0.2441    -1.2917 -9.990e-29
 247.903461     -1.661   0.439018    18.4151     6.1928     -1.647     0.2441    -1.2934 -9.990e-29
 247.903466     -1.654   0.439265    18.4127     6.1988     -1.640     0.2443    -1.2928 -9.990e-29
 247.903472     -1.649   0.439450    18.4045     6.2024     -1.635     0.2444    -1.2911 -9.990e-29
 247.903478     -1.642   0.439264    18.3957     6.2062     -1.628     0.2444    -1.2895 -9.990e-29
 247.903484     -1.629   0.439015    18.3861     6.2105     -1.615     0.2443    -1.2877 -9.990e-29
 247.903490     -1.612   0.438926    18.3750     6.2087     -1.599     0.2443    -1.2856 -9.990e-29
 247.903495     -1.600   0.438878    18.3663     6.2117     -1.587     0.2443    -1.2840 -9.990e-29
 247.903501     -1.596   0.438808    18.3631     6.2069     -1.583     0.2443    -1.2834 -9.990e-29
 247.903507     -1.595   0.438622    18.3629     6.2140     -1.582     0.2442    -1.2834 -9.990e-29
 247.903513     -1.592   0.438258    18.3612     6.2230     -1.579     0.2440    -1.2832 -9.990e-29
 247.903519     -1.589   0.437784    18.3544     6.2259     -1.576     0.2437    -1.2821 -9.990e-29
 247.903524     -1.585   0.437310    18.3415     6.2201     -1.572     0.2435    -1.2798 -9.990e-29
 247.903530     -1.578   0.436760    18.3247     6.2212     -1.565     0.2433    -1.2768 -9.990e-29
 247.903536     -1.570   0.436141    18.3069     6.2203     -1.557     0.2431    -1.2737 -9.990e-29
 247.903542     -1.559   0.435737    18.2892     6.2153     -1.546     0.2429    -1.2704 -9.990e-29
 247.903547     -1.544   0.435566    18.2712     6.2222     -1.531     0.2429    -1.2670 -9.990e-29
 247.903553     -1.526   0.435399    18.2551     6.2237     -1.513     0.2429    -1.2640 -9.990e-29
 247.903559     -1.506   0.435014    18.2437     6.2293     -1.493     0.2428    -1.2620 -9.990e-29
 247.903565     -1.488   0.434454    18.2383     6.2340     -1.476     0.2425    -1.2612 -9.990e-29
 247.903571     -1.471   0.434083    18.2370     6.2260     -1.459     0.2423    -1.2611 -9.990e-29
 247.903576     -1.458   0.433960    18.2362     6.2253     -1.446     0.2422    -1.2610 -9.990e-29
 247.903582     -1.453   0.433922    18.2335     6.2271     -1.441     0.2422    -1.2605 -9.990e-29
 247.903588     -1.454   0.433917    18.2288     6.2303     -1.442     0.2422    -1.2596 -9.990e-29
 247.903594     -1.458   0.433939    18.2231     6.2349     -1.446     0.2423    -1.2585 -9.990e-29
 247.903600     -1.457   0.434016    18.2133     6.2350     -1.445     0.2424    -1.2566 -9.990e-29
 247.903605     -1.446   0.434250    18.1952     6.2492     -1.434     0.2426    -1.2530 -9.990e-29
 247.903611     -1.428   0.434395    18.1715     6.2515     -1.416     0.2428    -1.2484 -9.990e-29
 247.903617     -1.412   0.434088    18.1487     6.2508     -1.400     0.2428    -1.2442 -9.990e-29
 247.903623     -1.400   0.433477    18.1307     6.2392     -1.388     0.2425    -1.2410 -9.990e-29
 247.903628     -1.392   0.432858    18.1167     6.2299     -1.380     0.2422    -1.2386 -9.990e-29
 247.903634     -1.388   0.432515    18.1038     6.2297     -1.376     0.2421    -1.2363 -9.990e-29
 247.903640     -1.386   0.432547    18.0919     6.2234     -1.374     0.2422    -1.2340 -9.990e-29
 247.903646     -1.386   0.432998    18.0831     6.2314     -1.374     0.2425    -1.2321 -9.990e-29
 247.903652     -1.390   0.433910    18.0791     6.2320     -1.378     0.2431    -1.2310 -9.990e-29
 247.903657     -1.392   0.434832    18.0800     6.2345     -1.380     0.2436    -1.2307 -9.990e-29
 247.903663     -1.389   0.435324    18.0845     6.2301     -1.377     0.2438    -1.2314 -9.990e-29
 247.903669     -1.385   0.435486    18.0913     6.2326     -1.373     0.2439    -1.2326 -9.990e-29
 247.903675     -1.384   0.435532    18.0994     6.2424     -1.372     0.2439    -1.2341 -9.990e-29
 247.903681     -1.385   0.435523    18.1070     6.2402     -1.373     0.2438    -1.2356 -9.990e-29
 247.903686     -1.384   0.435447    18.1132     6.2390     -1.372     0.2437    -1.2368 -9.990e-29
 247.903692     -1.378   0.435202    18.1188     6.2336     -1.367     0.2436    -1.2380 -9.990e-29
 247.903698     -1.370   0.435018    18.1236     6.2252     -1.359     0.2434    -1.2390 -9.990e-29
 247.903704     -1.364   0.435204    18.1258     6.2266     -1.353     0.2435    -1.2393 -9.990e-29
 247.903709     -1.359   0.435452    18.1234     6.2334     -1.348     0.2437    -1.2387 -9.990e-29
 247.903715     -1.355   0.435535    18.1184     6.2430     -1.344     0.2438    -1.2377 -9.990e-29
 247.903721     -1.352   0.435565    18.1127     6.2453     -1.341     0.2438    -1.2366 -9.990e-29
 247.903727     -1.349   0.435580    18.1060     6.2420     -1.338     0.2439    -1.2354 -9.990e-29
 247.903733     -1.347   0.435600    18.1014     6.2291     -1.336     0.2439    -1.2345 -9.990e-29
 247.903738     -1.345   0.435652    18.1019     6.2235     -1.334     0.2439    -1.2345 -9.990e-29
 247.903744     -1.343   0.435802    18.1042     6.2223     -1.332     0.2440    -1.2349 -9.990e-29
 247.903750     -1.342   0.436252    18.1057     6.2229     -1.331     0.2443    -1.2350 -9.990e-29
 247.903756     -1.340   0.437043    18.1078     6.2174     -1.329     0.2447    -1.2351 -9.990e-29
 247.903762     -1.338   0.437563    18.1121     6.2217     -1.327     0.2450    -1.2356 -9.990e-29
 247.903767     -1.336   0.437391    18.1204     6.2223     -1.325     0.2448    -1.2373 -9.990e-29
 247.903773     -1.334   0.436855    18.1327     6.2230     -1.323     0.2444    -1.2399 -9.990e-29
 247.903779     -1.331   0.436351    18.1452     6.2310     -1.320     0.2441    -1.2425 -9.990e-29
 247.903785     -1.327   0.436318    18.1556     6.2296     -1.316     0.2440    -1.2445 -9.990e-29
 247.903791     -1.323   0.436713    18.1648     6.2295     -1.312     0.2442    -1.2461 -9.990e-29
 247.903796     -1.317   0.436948    18.1741     6.2286     -1.306     0.2443    -1.2478 -9.990e-29
 247.903802     -1.310   0.436780    18.1839     6.2344     -1.299     0.2441    -1.2497 -9.990e-29
 247.903808     -1.300   0.436542    18.1939     6.2368     -1.289     0.2439    -1.2517 -9.990e-29
 247.903814     -1.289   0.437026    18.2033     6.2333     -1.278     0.2441    -1.2533 -9.990e-29
 247.903819     -1.273   0.438878    18.2111     6.2125     -1.262     0.2452    -1.2540 -9.990e-29
 247.903825     -1.258   0.442344    18.2168     6.2282     -1.248     0.2471    -1.2536 -9.990e-29
 247.903831     -1.250   0.446484    18.2197     6.2301     -1.240     0.2495    -1.2523 -9.990e-29
 247.903837     -1.249   0.449590    18.2200     6.2365     -1.239     0.2512    -1.2510 -9.990e-29
 247.903843     -1.247   0.451355    18.2177     6.2488     -1.237     0.2523    -1.2498 -9.990e-29
 247.903848     -1.239   0.452464    18.2112     6.2425     -1.229     0.2529    -1.2481 -9.990e-29
 247.903854     -1.228   0.453283    18.2000     6.2383     -1.218     0.2535    -1.2456 -9.990e-29
 247.903860     -1.219   0.453790    18.1844     6.2406     -1.209     0.2538    -1.2423 -9.990e-29
 247.903866     -1.206   0.454106    18.1636     6.2306     -1.196     0.2541    -1.2382 -9.990e-29
 247.903872     -1.188   0.454651    18.1402     6.2300     -1.178     0.2546    -1.2335 -9.990e-29
 247.903877     -1.174   0.455595    18.1192     6.2390     -1.164     0.2553    -1.2291 -9.990e-29
 247.903883     -1.162   0.456528    18.1043     6.2405     -1.152     0.2559    -1.2258 -9.990e-29
 247.903889     -1.147   0.457026    18.0964     6.2435     -1.137     0.2562    -1.2241 -9.990e-29
 247.903895     -1.133   0.457196    18.0932     6.2422     -1.124     0.2563    -1.2234 -9.990e-29
 247.903900     -1.122   0.457266    18.0931     6.2397     -1.113     0.2564    -1.2233 -9.990e-29
 247.903906     -1.115   0.457326    18.0970     6.2380     -1.106     0.2564    -1.2241 -9.990e-29
 247.903912     -1.110   0.457456    18.1042     6.2359     -1.101     0.2564    -1.2254 -9.990e-29
 247.903918     -1.108   0.457829    18.1114     6.2260     -1.099     0.2566    -1.2266 -9.990e-29
 247.903924     -1.108   0.458386    18.1148     6.2222     -1.099     0.2569    -1.2270 -9.990e-29
 247.903929     -1.111   0.458755    18.1132     6.2268     -1.102     0.2571    -1.2265 -9.990e-29
 247.903935     -1.111   0.458875    18.1096     6.2370     -1.102     0.2572    -1.2258 -9.990e-29
 247.903941     -1.106   0.458903    18.1073     6.2419     -1.097     0.2572    -1.2253 -9.990e-29
