data/oxygen options/ONMS/Olympic_Coast_National_Marine_Sanctuary_CTD_Data_2005_2023/raw_data/2014/CAST_MB042_140625faedb.cnv
* Sea-Bird SBE19 Data File:
* FileName = C:\2014 Mooring Data\Casts\CAST_MB042_140625.hex
* Software Version 1.59
* Temperature SN = 2997
* Conductivity SN = 2997
* System UpLoad Time = Jun 25 2014 21:21:44
** CAST_MB042_140625
* ds
# nquan = 9
# nvalues = 41                          
# units = specified
# name 0 = timeJ: Julian Days
# name 1 = prSM: Pressure, Strain Gauge [db]
# name 2 = c0mS/cm: Conductivity [mS/cm]
# name 3 = t090C: Temperature [ITS-90, deg C]
# name 4 = sbeox0ML/L: Oxygen, SBE 43 [ml/l]
# name 5 = depSM: Depth [salt water, m], lat = 47.5
# name 6 = sal00: Salinity, Practical [PSU]
# name 7 = sigma-é00: Density [sigma-theta, kg/m^3]
# name 8 = flag: flag
# span 0 = 176.719225, 176.720051       
# span 1 =      2.000,     42.000       
# span 2 =  34.271250,  36.018527       
# span 3 =     7.3723,    10.8116       
# span 4 =     3.0049,     6.2040       
# span 5 =      1.983,     41.646       
# span 6 =    32.1608,    33.5678       
# span 7 =    24.5983,    26.2397       
# span 8 = 0.0000e+00, 0.0000e+00       
# interval = decibars: 1                
# start_time = Jun 25 2014 17:08:39 [Instrument's time stamp, header]
# bad_flag = -9.990e-29
*END*
 176.719225      2.000  36.018527    10.8116     6.2040      1.983    32.1608    24.5983 0.0000e+00
 176.719251      3.000  35.854270    10.5876     6.0231      2.975    32.1943    24.6630 0.0000e+00
 176.719273      4.000  35.785264    10.4789     5.9853      3.967    32.2210    24.7024 0.0000e+00
 176.719295      5.000  35.729617    10.3563     5.7094      4.958    32.2735    24.7641 0.0000e+00
 176.719316      6.000  35.625124    10.1665     5.2693      5.950    32.3369    24.8455 0.0000e+00
 176.719337      7.000  35.465104     9.8214     5.1726      6.941    32.4841    25.0175 0.0000e+00
 176.719358      8.000  35.369940     9.6075     5.1764      7.933    32.5800    25.1273 0.0000e+00
 176.719379      9.000  35.323770     9.4967     5.1921      8.925    32.6329    25.1865 0.0000e+00
 176.719398     10.000  35.275993     9.4137     5.2111      9.916    32.6590    25.2203 0.0000e+00
 176.719418     11.000  35.254949     9.3812     5.0796     10.908    32.6666    25.2314 0.0000e+00
 176.719438     12.000  35.205736     9.2910     4.7833     11.899    32.6979    25.2703 0.0000e+00
 176.719458     13.000  35.112618     9.1104     4.5894     12.891    32.7669    25.3528 0.0000e+00
 176.719476     14.000  34.970768     8.8667     4.5654     13.883    32.8438    25.4509 0.0000e+00
 176.719495     15.000  34.911297     8.7604     4.4666     14.874    32.8798    25.4955 0.0000e+00
 176.719514     16.000  34.851520     8.6423     4.2529     15.866    32.9266    25.5503 0.0000e+00
 176.719533     17.000  34.784441     8.4934     4.0154     16.857    32.9947    25.6262 0.0000e+00
 176.719553     18.000  34.736825     8.3593     3.7488     17.849    33.0696    25.7052 0.0000e+00
 176.719572     19.000  34.672745     8.1717     3.6721     18.841    33.1782    25.8183 0.0000e+00
 176.719589     20.000  34.546375     7.9530     3.7219     19.832    33.2505    25.9071 0.0000e+00
 176.719607     21.000  34.445991     7.8457     3.7535     20.824    33.2448    25.9182 0.0000e+00
 176.719629     22.000  34.441593     7.8365     3.7180     21.815    33.2484    25.9224 0.0000e+00
 176.719649     23.000  34.366809     7.7054     3.7146     22.807    33.2927    25.9761 0.0000e+00
 176.719666     24.000  34.311799     7.6328     3.7279     23.798    33.3025    25.9942 0.0000e+00
 176.719684     25.000  34.305188     7.6201     3.7335     24.790    33.3071    25.9996 0.0000e+00
 176.719707     26.000  34.315802     7.6285     3.7137     25.781    33.3100    26.0006 0.0000e+00
 176.719729     27.000  34.301236     7.5979     3.6781     26.773    33.3231    26.0154 0.0000e+00
 176.719746     28.000  34.286618     7.5782     3.6715     27.765    33.3258    26.0203 0.0000e+00
 176.719764     29.000  34.281496     7.5663     3.6663     28.756    33.3311    26.0262 0.0000e+00
 176.719785     30.000  34.285047     7.5674     3.6698     29.747    33.3335    26.0279 0.0000e+00
 176.719809     31.000  34.283161     7.5580     3.6229     30.739    33.3400    26.0343 0.0000e+00
 176.719829     32.000  34.277391     7.5465     3.6279     31.730    33.3443    26.0394 0.0000e+00
 176.719848     33.000  34.276071     7.5414     3.6241     32.722    33.3474    26.0425 0.0000e+00
 176.719868     34.000  34.272837     7.5324     3.6156     33.713    33.3520    26.0475 0.0000e+00
 176.719892     35.000  34.271250     7.5218     3.4481     34.705    33.3600    26.0553 0.0000e+00
 176.719913     36.000  34.271438     7.4927     3.1159     35.696    33.3877    26.0812 0.0000e+00
 176.719933     37.000  34.296531     7.4382     3.0049     36.688    33.4670    26.1511 0.0000e+00
 176.719954     38.000  34.321360     7.3937     3.0207     37.679    33.5364    26.2120 0.0000e+00
 176.719978     39.000  34.330175     7.3782     3.0635     38.671    33.5605    26.2332 0.0000e+00
 176.720003     40.000  34.332382     7.3727     3.0944     39.662    33.5678    26.2397 0.0000e+00
 176.720025     41.000  34.331985     7.3723     3.1101     40.654    33.5673    26.2394 0.0000e+00
 176.720051     42.000  34.331931     7.3731     3.1183     41.646    33.5659    26.2381 0.0000e+00
