data/oxygen options/ONMS/Olympic_Coast_National_Marine_Sanctuary_CTD_Data_2005_2023/raw_data/2014/CAST_MB015_140630faed.cnv
* Sea-Bird SBE19 Data File:
* FileName = C:\2014 Mooring Data\Casts\CAST_MB015_140630.hex
* Software Version 1.59
* Temperature SN = 2997
* Conductivity SN = 2997
* System UpLoad Time = Jul 01 2014 17:30:18
** CAST_MB015_140630
* ds
# nquan = 9                                 
# nvalues = 852                         
# units = specified
# name 0 = timeJ: Julian Days
# name 1 = prSM: Pressure, Strain Gauge [db]
# name 2 = c0mS/cm: Conductivity [mS/cm]
# name 3 = t090C: Temperature [ITS-90, deg C]
# name 4 = sbeox0ML/L: Oxygen, SBE 43 [ml/l]
# name 5 = depSM: Depth [salt water, m], lat = 47.5
# name 6 = sal00: Salinity, Practical [PSU]
# name 7 = sigma-é00: Density [sigma-theta, kg/m^3]
# name 8 = flag: flag
# span 0 = 181.844144, 181.849068       
# span 1 =     -6.070,     15.517       
# span 2 =   0.048074,  38.151344       
# span 3 =    11.3752,    16.3543       
# span 4 =    -1.7566,    19.0617       
# span 5 =     -6.019,     15.387       
# span 6 =     0.0309,    32.0720       
# span 7 =    -1.0877,    24.4301       
# span 8 = 0.0000e+00, 0.0000e+00       
# interval = seconds: 0.5
# start_time = Jun 30 2014 20:15:34 [Instrument's time stamp, header]
# bad_flag = -9.990e-29
*END*
[from data line 801]
 181.848779      2.426  37.626433    13.1985     6.5777      2.406    31.6682    23.7744 0.0000e+00
 181.848785      2.258  37.651643    13.2703     6.7083      2.239    31.6321    23.7323 0.0000e+00
 181.848791      2.084  37.672497    13.3902     6.8436      2.067    31.5522    23.6468 0.0000e+00
 181.848796      1.905  37.694223    13.5424     6.9686      1.889    31.4469    23.5352 0.0000e+00
 181.848802      1.731  37.720971    13.6998     7.1060      1.717    31.3426    23.4231 0.0000e+00
 181.848808      1.572  37.749573    13.8399     7.2557      1.559    31.2547    23.3271 0.0000e+00
 181.848814      1.427  37.766433    13.9399     7.3628      1.415    31.1890    23.2561 0.0000e+00
 181.848819      1.287  37.762498    14.0239     7.3932      1.276    31.1174    23.1838 0.0000e+00
 181.848825      1.147  37.746433    14.1440     7.3014      1.137    31.0060    23.0734 0.0000e+00
 181.848831      1.011  37.730919    14.2884     7.1094      1.003    30.8762    22.9437 0.0000e+00
 181.848837      0.884  37.720389    14.4041     6.9407      0.877    30.7745    22.8415 -9.990e-29
 181.848843      0.761  37.712468    14.4884     6.8010      0.755    30.7006    22.7671 -9.990e-29
 181.848848      0.635  37.707146    14.5605     7.5332      0.630    30.6388    22.7046 0.0000e+00
 181.848854      0.501  37.711794    14.6133     6.9798      0.497    30.6014    22.6648 0.0000e+00
 181.848860      0.370  37.722942    14.6390     6.2271      0.367    30.5913    22.6517 -9.990e-29
 181.848866      0.253  37.723905    14.6389     5.5824      0.251    30.5923    22.6524 -9.990e-29
 181.848872      0.151  37.700127    14.6201     5.3795      0.150    30.5857    22.6513 -9.990e-29
 181.848877      0.063  37.637163    14.5938     5.4667      0.062    30.5496    22.6289 -9.990e-29
 181.848883     -0.008  37.511519    14.5653     5.6200     -0.008    30.4586    22.5647 -9.990e-29
 181.848889     -0.063  37.227911    14.5352     5.7386     -0.062    30.2261    22.3919 -9.990e-29
 181.848895     -0.105  36.452377    14.5047     5.8593     -0.104    29.5506    21.8779 -9.990e-29
 181.848900     -0.138  34.175414    14.4739     5.9750     -0.137    27.5324    20.3306 -9.990e-29
 181.848906     -0.162  27.382250    14.4407     6.0608     -0.161    21.5789    15.7606 -9.990e-29
 181.848912     -0.180  16.701399    14.4038     6.1383     -0.178    12.5846     8.8662 -9.990e-29
 181.848918     -0.192   8.697864    14.3674     6.1872     -0.190     6.2234     3.9913 -9.990e-29
 181.848924     -0.200   5.590490    14.3375     6.1741     -0.198     3.8784     2.1932 -9.990e-29
 181.848929     -0.204   4.673945    14.3137     6.1976     -0.202     3.2060     1.6791 -9.990e-29
 181.848935     -0.204   4.132347    14.2905     6.2226     -0.202     2.8137     1.3804 -9.990e-29
 181.848941     -0.205   3.612008    14.2638     6.2425     -0.203     2.4405     1.0966 -9.990e-29
 181.848947     -0.211   3.470285    14.2347     6.2582     -0.209     2.3407     1.0240 -9.990e-29
 181.848953     -0.217   3.646705    14.2057     6.2639     -0.215     2.4690     1.1272 -9.990e-29
 181.848958     -0.220   3.688218    14.1781     6.2482     -0.218     2.5006     1.1556 -9.990e-29
 181.848964     -0.221   3.437090    14.1513     6.2572     -0.219     2.3219     1.0217 -9.990e-29
 181.848970     -0.218   3.104310    14.1263     6.2753     -0.216     2.0856     0.8430 -9.990e-29
 181.848976     -0.217   2.890418    14.1048     6.2932     -0.215     1.9348     0.7297 -9.990e-29
 181.848981     -0.222   3.045894    14.0869     6.3085     -0.220     2.0461     0.8182 -9.990e-29
 181.848987     -0.228   3.488645    14.0714     6.3084     -0.226     2.3637     1.0656 -9.990e-29
 181.848993     -0.232   3.672360    14.0567     6.3015     -0.230     2.4970     1.1705 -9.990e-29
 181.848999     -0.234   3.458163    14.0426     6.3114     -0.232     2.3435     1.0542 -9.990e-29
 181.849005     -0.234   3.133571    14.0303     6.3114     -0.232     2.1116     0.8770 -9.990e-29
 181.849010     -0.233   2.929529    14.0190     6.3197     -0.231     1.9669     0.7668 -9.990e-29
 181.849016     -0.229   3.000655    14.0074 -9.990e-29     -0.227     2.0181     0.8080 -9.990e-29
 181.849022     -0.227   3.207543    13.9952 -9.990e-29     -0.225     2.1665     0.9244 -9.990e-29
 181.849028     -0.232   3.209062    13.9831 -9.990e-29     -0.230     2.1682     0.9274 -9.990e-29
 181.849034     -0.238   2.954137    13.9726 -9.990e-29     -0.236     1.9867     0.7888 -9.990e-29
 181.849039     -0.243   2.611023    13.9645 -9.990e-29     -0.241     1.7439     0.6023 -9.990e-29
 181.849045     -0.247   2.303718    13.9580 -9.990e-29     -0.245     1.5281     0.4365 -9.990e-29
 181.849051     -0.250   2.092250    13.9527 -9.990e-29     -0.248     1.3808     0.3233 -9.990e-29
 181.849057     -0.252   1.951680    13.9488 -9.990e-29     -0.250     1.2834     0.2485 -9.990e-29
 181.849063     -0.253   1.835274    13.9472 -9.990e-29     -0.251     1.2030     0.1865 -9.990e-29
 181.849068     -0.253   1.736296 -9.990e-29 -9.990e-29     -0.251 -9.990e-29 -9.990e-29 -9.990e-29
