data/oxygen options/ONMS/Olympic_Coast_National_Marine_Sanctuary_CTD_Data_2005_2023/raw_data/2014/CAST_MB015_140520faed.cnv
* Sea-Bird SBE19 Data File:
* FileName = C:\2014 Mooring Data\Casts\CAST_MB015_140520.hex
* Software Version 1.59
* Temperature SN = 2997
* Conductivity SN = 2997
* System UpLoad Time = May 20 2014 22:16:01
** CAST_MB015_140520
* ds
# nquan = 9                                 
# nvalues = 812                         
# units = specified
# name 0 = timeJ: Julian Days
# name 1 = prSM: Pressure, Strain Gauge [db]
# name 2 = c0mS/cm: Conductivity [mS/cm]
# name 3 = t090C: Temperature [ITS-90, deg C]
# name 4 = sbeox0ML/L: Oxygen, SBE 43 [ml/l]
# name 5 = depSM: Depth [salt water, m], lat = 47.5
# name 6 = sal00: Salinity, Practical [PSU]
# name 7 = sigma-é00: Density [sigma-theta, kg/m^3]
# name 8 = flag: flag
# span 0 = 140.805289, 140.809983       
# span 1 =     -5.618,     11.767       
# span 2 =   0.079373,  34.906614       
# span 3 =    11.2163,    15.4743       
# span 4 =    -1.7844,    15.5517       
# span 5 =     -5.571,     11.668       
# span 6 =     0.0487,    30.6538       
# span 7 =    -0.9080,    23.3504       
# span 8 = 0.0000e+00, 0.0000e+00       
# interval = seconds: 0.5
# start_time = May 20 2014 19:19:37 [Instrument's time stamp, header]
# bad_flag = -9.990e-29
*END*
 140.805289     -5.618 -9.990e-29    15.2823    -1.7805     -5.571 -9.990e-29 -9.990e-29 -9.990e-29
 140.805295     -5.608   0.227836    15.2766    -1.7806     -5.561     0.1349    -0.8366 -9.990e-29
 140.805301     -5.595   0.224137    15.2665    -1.7808     -5.548     0.1327    -0.8368 -9.990e-29
 140.805307     -5.579   0.219145    15.2517    -1.7807     -5.533     0.1298    -0.8367 -9.990e-29
 140.805313     -5.558   0.213970    15.2349    -1.7811     -5.512     0.1267    -0.8365 -9.990e-29
 140.805318     -5.536   0.208929    15.2198    -1.7813     -5.490     0.1238    -0.8365 -9.990e-29
 140.805324     -5.514   0.203962    15.2090    -1.7814     -5.468     0.1209    -0.8371 -9.990e-29
 140.805330     -5.489   0.199106    15.2018    -1.7814     -5.443     0.1180    -0.8382 -9.990e-29
 140.805336     -5.457   0.194548    15.1959    -1.7813     -5.412     0.1153    -0.8393 -9.990e-29
 140.805341     -5.425   0.190314    15.1909    -1.7814     -5.380     0.1129    -0.8405 -9.990e-29
 140.805347     -5.396   0.186311    15.1869    -1.7814     -5.351     0.1105    -0.8417 -9.990e-29
 140.805353     -5.368   0.182751    15.1836    -1.7813     -5.323     0.1084    -0.8428 -9.990e-29
 140.805359     -5.339   0.179884    15.1799    -1.7812     -5.295     0.1067    -0.8436 -9.990e-29
 140.805365     -5.308   0.177775    15.1752    -1.7811     -5.264     0.1055    -0.8438 -9.990e-29
 140.805370     -5.272   0.176388    15.1714    -1.7810     -5.228     0.1047    -0.8438 -9.990e-29
 140.805376     -5.233   0.175538    15.1697    -1.7809     -5.189     0.1042    -0.8440 -9.990e-29
 140.805382     -5.197   0.174651    15.1694    -1.7808     -5.154     0.1037    -0.8443 -9.990e-29
 140.805388     -5.167   0.173100    15.1695    -1.7806     -5.124     0.1028    -0.8450 -9.990e-29
 140.805394     -5.141   0.171040    15.1696    -1.7804     -5.098     0.1016    -0.8460 -9.990e-29
 140.805399     -5.116   0.169053    15.1704    -1.7804     -5.073     0.1004    -0.8470 -9.990e-29
 140.805405     -5.091   0.167268    15.1723    -1.7803     -5.049     0.0993    -0.8481 -9.990e-29
 140.805411     -5.065   0.165526    15.1751    -1.7803     -5.023     0.0983    -0.8494 -9.990e-29
 140.805417     -5.035   0.163724    15.1785    -1.7805     -4.993     0.0972    -0.8507 -9.990e-29
 140.805422     -5.001   0.161682    15.1820    -1.7808     -4.959     0.0960    -0.8522 -9.990e-29
 140.805428     -4.964   0.159453    15.1855    -1.7813     -4.923     0.0947    -0.8537 -9.990e-29
 140.805434     -4.930   0.157397    15.1894    -1.7820     -4.889     0.0935    -0.8553 -9.990e-29
 140.805440     -4.902   0.155550    15.1936    -1.7824     -4.861     0.0924    -0.8567 -9.990e-29
 140.805446     -4.877   0.153671    15.1974    -1.7830     -4.836     0.0913    -0.8582 -9.990e-29
 140.805451     -4.855   0.151476    15.2007    -1.7831     -4.815     0.0900    -0.8597 -9.990e-29
 140.805457     -4.833   0.148258    15.2038    -1.7832     -4.793     0.0882    -0.8616 -9.990e-29
 140.805463     -4.810   0.141948    15.2052    -1.7830     -4.770     0.0845    -0.8647 -9.990e-29
 140.805469     -4.786   0.130794    15.2025    -1.7828     -4.746     0.0780    -0.8693 -9.990e-29
 140.805475     -4.762   0.117683    15.1949    -1.7826     -4.722     0.0705    -0.8740 -9.990e-29
 140.805480     -4.741   0.107331    15.1835    -1.7823     -4.701     0.0645    -0.8768 -9.990e-29
 140.805486     -4.718   0.100364    15.1705    -1.7822     -4.679     0.0606    -0.8779 -9.990e-29
 140.805492     -4.691   0.095265    15.1583    -1.7823     -4.652     0.0577    -0.8783 -9.990e-29
 140.805498     -4.664   0.091338    15.1490    -1.7826     -4.625     0.0554    -0.8786 -9.990e-29
 140.805503     -4.633   0.088345    15.1437    -1.7826     -4.594     0.0537    -0.8791 -9.990e-29
 140.805509     -4.602   0.086181    15.1426    -1.7825     -4.564     0.0525    -0.8799 -9.990e-29
 140.805515     -4.572   0.084736    15.1452    -1.7823     -4.534     0.0517    -0.8809 -9.990e-29
 140.805521     -4.543   0.083750    15.1500    -1.7828     -4.505     0.0511    -0.8821 -9.990e-29
 140.805527     -4.511   0.083019    15.1548    -1.7832     -4.473     0.0507    -0.8832 -9.990e-29
 140.805532     -4.480   0.083236    15.1578    -1.7831     -4.443     0.0508    -0.8835 -9.990e-29
 140.805538     -4.456   0.086355    15.1577    -1.7827     -4.419     0.0526    -0.8821 -9.990e-29
 140.805544     -4.436   0.093210    15.1551    -1.7824     -4.399     0.0565    -0.8787 -9.990e-29
 140.805550     -4.413   0.102400    15.1525    -1.7820     -4.376     0.0617    -0.8743 -9.990e-29
 140.805556     -4.383   0.111198    15.1519    -1.7817     -4.346     0.0668    -0.8702 -9.990e-29
 140.805561     -4.354   0.115797    15.1528    -1.7814     -4.318     0.0694    -0.8683 -9.990e-29
 140.805567     -4.328   0.115117    15.1521    -1.7812     -4.292     0.0690    -0.8685 -9.990e-29
 140.805573     -4.304   0.111584    15.1479    -1.7808     -4.268     0.0670    -0.8695 -9.990e-29
 140.805579     -4.280   0.107145    15.1442    -1.7804     -4.244     0.0645    -0.8709 -9.990e-29
 140.805584     -4.254   0.102543    15.1458    -1.7799     -4.219     0.0618    -0.8732 -9.990e-29
 140.805590     -4.224   0.098305    15.1527    -1.7795     -4.189     0.0594    -0.8761 -9.990e-29
 140.805596     -4.190   0.094883    15.1621    -1.7792     -4.155     0.0574    -0.8791 -9.990e-29
 140.805602     -4.153   0.092156    15.1717    -1.7788     -4.118     0.0559    -0.8817 -9.990e-29
 140.805608     -4.118   0.089820    15.1805    -1.7784     -4.084     0.0545    -0.8841 -9.990e-29
 140.805613     -4.089   0.088090    15.1888    -1.7788     -4.055     0.0536    -0.8862 -9.990e-29
 140.805619     -4.064   0.086881    15.1972    -1.7799     -4.030     0.0529    -0.8880 -9.990e-29
 140.805625     -4.040   0.085692    15.2067    -1.7806     -4.006     0.0522    -0.8900 -9.990e-29
 140.805631     -4.016   0.084605    15.2176    -1.7815     -3.983     0.0516    -0.8921 -9.990e-29
 140.805637     -3.991   0.083838    15.2291    -1.7821     -3.958     0.0511    -0.8942 -9.990e-29
 140.805642     -3.963   0.083478    15.2400    -1.7825     -3.930     0.0509    -0.8961 -9.990e-29
 140.805648     -3.931   0.083603    15.2494    -1.7827     -3.898     0.0510    -0.8975 -9.990e-29
 140.805654     -3.896   0.083824    15.2569    -1.7829     -3.864     0.0511    -0.8985 -9.990e-29
 140.805660     -3.865   0.083884    15.2588    -1.7837     -3.833     0.0511    -0.8988 -9.990e-29
 140.805666     -3.840   0.083866    15.2501    -1.7841     -3.808     0.0511    -0.8975 -9.990e-29
 140.805671     -3.821   0.083745    15.2324    -1.7844     -3.789     0.0511    -0.8948 -9.990e-29
 140.805677     -3.804   0.083363    15.2122    -1.7843     -3.772     0.0509    -0.8918 -9.990e-29
 140.805683     -3.790   0.082766    15.1931    -1.7844     -3.758     0.0505    -0.8891 -9.990e-29
 140.805689     -3.778   0.082270    15.1768    -1.7842     -3.747     0.0503    -0.8869 -9.990e-29
 140.805694     -3.766   0.081771    15.1645    -1.7835     -3.735     0.0500    -0.8852 -9.990e-29
 140.805700     -3.755   0.081161    15.1551    -1.7830     -3.724     0.0497    -0.8840 -9.990e-29
 140.805706     -3.742   0.080737    15.1452    -1.7824     -3.711     0.0494    -0.8827 -9.990e-29
 140.805712     -3.729   0.080491    15.1336    -1.7818     -3.698     0.0493    -0.8810 -9.990e-29
 140.805718     -3.712   0.080096    15.1236    -1.7812     -3.681     0.0491    -0.8796 -9.990e-29
 140.805723     -3.693   0.079581    15.1175    11.9970     -3.662     0.0488    -0.8789 -9.990e-29
 140.805729     -3.673   0.079373    15.1147    15.4882     -3.642     0.0487    -0.8786 -9.990e-29
 140.805735     -3.655   0.079750    15.1149    15.5517     -3.625     0.0489    -0.8785 -9.990e-29
 140.805741     -3.635   0.081770    15.1192    12.2141     -3.605     0.0500    -0.8782 -9.990e-29
 140.805747     -3.611   0.089239    15.1279     5.4950     -3.581     0.0543    -0.8763 -9.990e-29
 140.805752     -3.590   0.107123    15.1398     5.4132     -3.560     0.0645    -0.8702 -9.990e-29
 140.805758     -3.574   0.130415    15.1535     5.4055     -3.544     0.0779    -0.8619 -9.990e-29
 140.805764     -3.564   0.146895    15.1681     5.3835     -3.534     0.0874    -0.8567 -9.990e-29
 140.805770     -3.554   0.154676    15.1824     5.3992     -3.524     0.0919    -0.8554 -9.990e-29
 140.805775     -3.538   0.158030    15.1934     5.4034     -3.509     0.0939    -0.8556 -9.990e-29
 140.805781     -3.522   0.159214    15.1977     5.4094     -3.493     0.0946    -0.8557 -9.990e-29
 140.805787     -3.506   0.159807    15.1955     5.4070     -3.477     0.0949    -0.8551 -9.990e-29
 140.805793     -3.491   0.160601    15.1919     5.4018     -3.462     0.0954    -0.8542 -9.990e-29
 140.805799     -3.476   0.162104    15.1923     5.4050     -3.447     0.0963    -0.8535 -9.990e-29
 140.805804     -3.459   0.162991    15.1991     5.4078     -3.430     0.0968    -0.8542 -9.990e-29
 140.805810     -3.441   0.161116    15.2118     5.4017     -3.412     0.0956    -0.8570 -9.990e-29
 140.805816     -3.418   0.157310    15.2275     5.4030     -3.390     0.0934    -0.8612 -9.990e-29
 140.805822     -3.390   0.154826    15.2432     5.4059     -3.362     0.0919    -0.8647 -9.990e-29
 140.805828     -3.356   0.154790    15.2547     5.4096     -3.328     0.0919    -0.8665 -9.990e-29
 140.805833     -3.317   0.154939    15.2600     5.4146     -3.289     0.0919    -0.8673 -9.990e-29
 140.805839     -3.280   0.153806    15.2606     5.4106     -3.253     0.0913    -0.8679 -9.990e-29
 140.805845     -3.250   0.152659    15.2573     5.4112     -3.223     0.0906    -0.8679 -9.990e-29
 140.805851     -3.230   0.152742    15.2511     5.4113     -3.203     0.0907    -0.8669 -9.990e-29
 140.805856     -3.214   0.153615    15.2453     5.4113     -3.187     0.0912    -0.8656 -9.990e-29
 140.805862     -3.198   0.155333    15.2423     5.4133     -3.171     0.0922    -0.8644 -9.990e-29
 140.805868     -3.180   0.159634    15.2398     5.4131     -3.153     0.0947    -0.8620 -9.990e-29
 140.805874     -3.159   0.166150    15.2327     5.4061     -3.133     0.0986    -0.8580 -9.990e-29
 140.805880     -3.138   0.171366    15.2201     5.4135     -3.112     0.1016    -0.8536 -9.990e-29
 140.805885     -3.120   0.173359    15.2073     5.4166     -3.094     0.1028    -0.8507 -9.990e-29
 140.805891     -3.104   0.173122    15.1992     5.4190     -3.078     0.1027    -0.8496 -9.990e-29
 140.805897     -3.092   0.172007    15.1944     5.4224     -3.066     0.1021    -0.8494 -9.990e-29
 140.805903     -3.085   0.170749    15.1908     5.4103     -3.059     0.1013    -0.8494 -9.990e-29
 140.805909     -3.073   0.169891    15.1862     5.4086     -3.047     0.1008    -0.8491 -9.990e-29
 140.805914     -3.056   0.169400    15.1793     5.4193     -3.031     0.1006    -0.8482 -9.990e-29
 140.805920     -3.040   0.168625    15.1724     5.4243     -3.015     0.1001    -0.8475 -9.990e-29
 140.805926     -3.026   0.168198    15.1648     5.4286     -3.001     0.0999    -0.8465 -9.990e-29
 140.805932     -3.007   0.169217    15.1558     5.4264     -2.982     0.1005    -0.8447 -9.990e-29
 140.805938     -2.987   0.170821    15.1473     5.4217     -2.962     0.1015    -0.8426 -9.990e-29
 140.805943     -2.969   0.171267    15.1399     5.4219     -2.944     0.1018    -0.8413 -9.990e-29
 140.805949     -2.951   0.170044    15.1335     5.4292     -2.926     0.1010    -0.8408 -9.990e-29
 140.805955     -2.933   0.168296    15.1284     5.4147     -2.909     0.1000    -0.8408 -9.990e-29
 140.805961     -2.913   0.167579    15.1212     5.4182     -2.889     0.0996    -0.8401 -9.990e-29
 140.805966     -2.895   0.168049    15.1103     5.4171     -2.871     0.0999    -0.8382 -9.990e-29
 140.805972     -2.886   0.168112    15.1008     5.4161     -2.862     0.1000    -0.8367 -9.990e-29
 140.805978     -2.885   0.166747    15.0963     5.3970     -2.861     0.0992    -0.8366 -9.990e-29
 140.805984     -2.883   0.164910    15.0964     5.4038     -2.859     0.0981    -0.8375 -9.990e-29
 140.805990     -2.877   0.164037    15.0987     5.4073     -2.853     0.0976    -0.8382 -9.990e-29
 140.805995     -2.866   0.164631    15.1016     5.4185     -2.842     0.0979    -0.8384 -9.990e-29
 140.806001     -2.849   0.165818    15.1057     5.4180     -2.825     0.0986    -0.8385 -9.990e-29
 140.806007     -2.825   0.166411    15.1113     5.4243     -2.801     0.0990    -0.8391 -9.990e-29
 140.806013     -2.796   0.166275    15.1181     5.4184     -2.773     0.0989    -0.8402 -9.990e-29
 140.806019     -2.771   0.165787    15.1259     5.4148     -2.748     0.0986    -0.8416 -9.990e-29
 140.806024     -2.750   0.165035    15.1335     5.4381     -2.727     0.0981    -0.8431 -9.990e-29
 140.806030     -2.734   0.164128    15.1390     5.4389     -2.711     0.0976    -0.8444 -9.990e-29
 140.806036     -2.720   0.163705    15.1427     5.4194     -2.697     0.0973    -0.8451 -9.990e-29
 140.806042     -2.708   0.164868    15.1497     5.4333     -2.685     0.0980    -0.8457 -9.990e-29
 140.806047     -2.697   0.168058    15.1623     5.4221     -2.675     0.0998    -0.8462 -9.990e-29
 140.806053     -2.687   0.171423    15.1743     5.4116     -2.665     0.1018    -0.8465 -9.990e-29
 140.806059     -2.677   0.172236    15.1802     5.4153     -2.655     0.1022    -0.8471 -9.990e-29
 140.806065     -2.666   0.170470    15.1813     5.4065     -2.644     0.1012    -0.8480 -9.990e-29
 140.806071     -2.653   0.168765    15.1810     5.4140     -2.631     0.1002    -0.8488 -9.990e-29
 140.806076     -2.639   0.169288    15.1801     5.4216     -2.617     0.1005    -0.8484 -9.990e-29
 140.806082     -2.621   0.171071    15.1765     5.4210     -2.599     0.1016    -0.8470 -9.990e-29
 140.806088     -2.603   0.171497    15.1687     5.4126     -2.581     0.1018    -0.8456 -9.990e-29
 140.806094     -2.588   0.170025    15.1563     5.4261     -2.566     0.1010    -0.8444 -9.990e-29
 140.806100     -2.571   0.168021    15.1408     5.4218     -2.550     0.0998    -0.8429 -9.990e-29
 140.806105     -2.551   0.166698    15.1257     5.4133     -2.530     0.0991    -0.8411 -9.990e-29
 140.806111     -2.530   0.166509    15.1139     5.4187     -2.509     0.0990    -0.8394 -9.990e-29
 140.806117     -2.509   0.167202    15.1073     5.4147     -2.488     0.0994    -0.8381 -9.990e-29
 140.806123     -2.488   0.167481    15.1061     5.4198     -2.467     0.0996    -0.8378 -9.990e-29
 140.806128     -2.472   0.166055    15.1081     5.4209     -2.451     0.0988    -0.8387 -9.990e-29
 140.806134     -2.459   0.163241    15.1116     5.4164     -2.438     0.0971    -0.8405 -9.990e-29
 140.806140     -2.449   0.160281    15.1154     5.4159     -2.429     0.0954    -0.8425 -9.990e-29
 140.806146     -2.441   0.158223    15.1189     5.4154     -2.421     0.0941    -0.8440 -9.990e-29
 140.806152     -2.434   0.157653    15.1222     5.4145     -2.414     0.0938    -0.8447 -9.990e-29
 140.806157     -2.429   0.158365    15.1263     5.4129     -2.409     0.0942    -0.8450 -9.990e-29
 140.806163     -2.423   0.159088    15.1310     5.4117     -2.403     0.0946    -0.8454 -9.990e-29
 140.806169     -2.419   0.158566    15.1357     5.4110     -2.399     0.0943    -0.8464 -9.990e-29
 140.806175     -2.414   0.156657    15.1412     5.4118     -2.394     0.0932    -0.8481 -9.990e-29
 140.806181     -2.408   0.154144    15.1474     5.4128     -2.388     0.0917    -0.8502 -9.990e-29
 140.806186     -2.403   0.152116    15.1532     5.4131     -2.383     0.0905    -0.8520 -9.990e-29
 140.806192     -2.396   0.151200    15.1589     5.4152     -2.376     0.0900    -0.8533 -9.990e-29
 140.806198     -2.387   0.150729    15.1654     5.4178     -2.367     0.0897    -0.8545 -9.990e-29
 140.806204     -2.377   0.149520    15.1738     5.4194     -2.357     0.0889    -0.8564 -9.990e-29
 140.806209     -2.364   0.147625    15.1837     5.4190     -2.344     0.0878    -0.8588 -9.990e-29
