data/oxygen options/ONMS/Olympic_Coast_National_Marine_Sanctuary_CTD_Data_2005_2023/raw_data/2014/CAST_CA042_141007faedb.cnv
* Sea-Bird SBE19 Data File:
* FileName = C:\2014 Mooring Data\Casts\CAST_CA042_141007.hex
* Software Version 1.59
* Temperature SN = 2997
* Conductivity SN = 2997
* System UpLoad Time = Oct 07 2014 22:20:04
** CAST_CA042_141007
* ds
# nquan = 9
# nvalues = 43                          
# units = specified
# name 0 = timeJ: Julian Days
# name 1 = prSM: Pressure, Strain Gauge [db]
# name 2 = c0mS/cm: Conductivity [mS/cm]
# name 3 = t090C: Temperature [ITS-90, deg C]
# name 4 = sbeox0ML/L: Oxygen, SBE 43 [ml/l]
# name 5 = depSM: Depth [salt water, m], lat = 47.5
# name 6 = sal00: Salinity, Practical [PSU]
# name 7 = sigma-é00: Density [sigma-theta, kg/m^3]
# name 8 = flag: flag
# span 0 = 280.861547, 280.862648       
# span 1 =      2.000,     44.000       
# span 2 =  34.248485,  39.433166       
# span 3 =     7.7963,    14.8996       
# span 4 =     3.8358,     5.8393       
# span 5 =      1.983,     43.628       
# span 6 =    31.6453,    33.1961       
# span 7 =    23.4085,    25.8867       
# span 8 = 0.0000e+00, 0.0000e+00       
# interval = decibars: 1                
# start_time = Oct 07 2014 20:32:50 [Instrument's time stamp, header]
# bad_flag = -9.990e-29
*END*
 280.861547      2.000  39.123912    14.8996     5.8393      1.983    31.6453    23.4085 0.0000e+00
 280.861574      3.000  39.433166    14.8707     5.6186      2.975    31.9476    23.6475 0.0000e+00
 280.861594      4.000  39.286266    14.4866     5.4672      3.967    32.1302    23.8695 0.0000e+00
 280.861611      5.000  38.979741    14.0700     5.4269      4.958    32.1960    24.0068 0.0000e+00
 280.861627      6.000  38.683700    13.7544     5.3967      5.950    32.1867    24.0642 0.0000e+00
 280.861644      7.000  38.548167    13.5563     5.3743      6.942    32.2271    24.1354 0.0000e+00
 280.861665      8.000  38.379457    13.3922     5.2012      7.933    32.2079    24.1535 0.0000e+00
 280.861691      9.000  38.170688    13.1195     4.9840      8.925    32.2428    24.2345 0.0000e+00
 280.861717     10.000  37.840532    12.7418     4.8140      9.917    32.2525    24.3157 0.0000e+00
 280.861742     11.000  37.528895    12.3159     4.8982     10.908    32.3207    24.4498 0.0000e+00
 280.861767     12.000  37.373434    12.0839     4.9536     11.899    32.3714    24.5328 0.0000e+00
 280.861792     13.000  37.295751    11.9583     4.9709     12.891    32.4050    24.5823 0.0000e+00
 280.861820     14.000  37.256082    11.8969     4.9876     13.883    32.4196    24.6051 0.0000e+00
 280.861843     15.000  37.168481    11.7791     4.9667     14.874    32.4370    24.6403 0.0000e+00
 280.861868     16.000  37.109470    11.7088     4.9553     15.866    32.4406    24.6560 0.0000e+00
 280.861895     17.000  37.051856    11.6305     4.9015     16.858    32.4526    24.6797 0.0000e+00
 280.861921     18.000  36.961802    11.4849     4.6497     17.849    32.4919    24.7367 0.0000e+00
 280.861944     19.000  36.657204    11.0802     4.5887     18.840    32.5491    24.8537 0.0000e+00
 280.861968     20.000  36.202340    10.4992     4.6362     19.832    32.6135    25.0050 0.0000e+00
 280.861997     21.000  36.075649    10.3325     4.5606     20.824    32.6355    25.0506 0.0000e+00
 280.862024     22.000  35.873002    10.0576     4.5803     21.815    32.6783    25.1303 0.0000e+00
 280.862049     23.000  35.842966    10.0274     4.5740     22.807    32.6747    25.1326 0.0000e+00
 280.862076     24.000  35.827438    10.0057     4.5003     23.798    32.6782    25.1388 0.0000e+00
 280.862104     25.000  35.745799     9.8425     4.5077     24.790    32.7428    25.2162 0.0000e+00
 280.862129     26.000  35.043463     9.0160     4.6088     25.781    32.7757    25.3744 0.0000e+00
 280.862157     27.000  34.722097     8.7059     4.4563     26.773    32.7269    25.3843 0.0000e+00
 280.862184     28.000  34.487203     8.3676     4.4303     27.764    32.7935    25.4875 0.0000e+00
 280.862210     29.000  34.372055     8.1902     4.4439     28.756    32.8369    25.5479 0.0000e+00
 280.862238     30.000  34.282343     8.0386     4.2779     29.748    32.8832    25.6064 0.0000e+00
 280.862266     31.000  34.248485     7.9001     4.0714     30.739    32.9770    25.7002 0.0000e+00
 280.862293     32.000  34.285166     7.8400     3.8358     31.730    33.0726    25.7840 0.0000e+00
 280.862320     33.000  34.335648     7.7998     3.8497     32.722    33.1645    25.8619 0.0000e+00
 280.862348     34.000  34.356718     7.8008     3.8791     33.713    33.1857    25.8785 0.0000e+00
 280.862378     35.000  34.367727     7.8051     3.8924     34.705    33.1929    25.8836 0.0000e+00
 280.862411     36.000  34.376517     7.8114     3.8826     35.696    33.1959    25.8850 0.0000e+00
 280.862440     37.000  34.366327     7.8025     3.9028     36.688    33.1929    25.8839 0.0000e+00
 280.862470     38.000  34.362487     7.7963     3.8920     37.679    33.1943    25.8859 0.0000e+00
 280.862500     39.000  34.368589     7.8008     3.8745     38.671    33.1961    25.8867 0.0000e+00
 280.862532     40.000  34.366532     7.7995     3.8599     39.662    33.1946    25.8857 0.0000e+00
 280.862559     41.000  34.367987     7.8010     3.8751     40.654    33.1943    25.8853 0.0000e+00
 280.862588     42.000  34.368655     7.8030     3.8740     41.645    33.1926    25.8837 0.0000e+00
 280.862617     43.000  34.371176     7.8067     3.8660     42.637    33.1913    25.8822 0.0000e+00
 280.862648     44.000  34.374358     7.8093     3.8565     43.628    33.1917    25.8821 0.0000e+00
