data/oxygen options/ONMS/Olympic_Coast_National_Marine_Sanctuary_CTD_Data_2005_2023/raw_data/2014/CAST_CE042_140701faed.cnv
* Sea-Bird SBE19 Data File:
* FileName = C:\2014 Mooring Data\Casts\CAST_CE042_140701.hex
* Software Version 1.59
* Temperature SN = 2997
* Conductivity SN = 2997
* System UpLoad Time = Jul 01 2014 17:19:06
** CAST_CE042_140701
* ds
# nquan = 9                                 
# nvalues = 1665                        
# units = specified
# name 0 = timeJ: Julian Days
# name 1 = prSM: Pressure, Strain Gauge [db]
# name 2 = c0mS/cm: Conductivity [mS/cm]
# name 3 = t090C: Temperature [ITS-90, deg C]
# name 4 = sbeox0ML/L: Oxygen, SBE 43 [ml/l]
# name 5 = depSM: Depth [salt water, m], lat = 47.5
# name 6 = sal00: Salinity, Practical [PSU]
# name 7 = sigma-é00: Density [sigma-theta, kg/m^3]
# name 8 = flag: flag
# span 0 = 182.659815, 182.669444       
# span 1 =     -5.666,     42.589       
# span 2 =   0.029741,  38.095020       
# span 3 =     7.4930,    18.9518       
# span 4 =    -1.6783,    16.1430       
# span 5 =     -5.619,     42.229       
# span 6 =     0.0214,    33.5766       
# span 7 =    -1.5612,    26.2290       
# span 8 = 0.0000e+00, 0.0000e+00       
# interval = seconds: 0.5
# start_time = Jul 01 2014 15:50:08 [Instrument's time stamp, header]
# bad_flag = -9.990e-29
*END*
[from data line 161]
 182.660747     -2.458   0.078142    18.9387     6.3564     -2.438     0.0453    -1.5468 -9.990e-29
 182.660752     -2.448   0.077352    18.9323     6.3584     -2.428     0.0449    -1.5459 -9.990e-29
 182.660758     -2.441   0.076034    18.9201     6.3600     -2.421     0.0443    -1.5440 -9.990e-29
 182.660764     -2.434   0.074097    18.8988     6.3633     -2.414     0.0433    -1.5406 -9.990e-29
 182.660770     -2.428   0.071738    18.8693     6.3692     -2.408     0.0421    -1.5358 -9.990e-29
 182.660775     -2.424   0.069700    18.8384     6.3696     -2.404     0.0411    -1.5305 -9.990e-29
 182.660781     -2.419   0.068602    18.8154     6.3761     -2.399     0.0406    -1.5265 -9.990e-29
 182.660787     -2.415   0.068091    18.8056     6.3766     -2.395     0.0403    -1.5248 -9.990e-29
 182.660793     -2.410   0.067485    18.8064     6.3682     -2.390     0.0400    -1.5252 -9.990e-29
 182.660799     -2.404   0.066532    18.8120     6.3661     -2.384     0.0395    -1.5266 -9.990e-29
 182.660804     -2.398   0.065628    18.8174     6.3642     -2.378     0.0390    -1.5280 -9.990e-29
 182.660810     -2.390   0.065234    18.8203     6.3661     -2.370     0.0388    -1.5288 -9.990e-29
 182.660816     -2.380   0.065383    18.8229     6.3700     -2.360     0.0389    -1.5292 -9.990e-29
 182.660822     -2.368   0.065714    18.8275     6.3738     -2.348     0.0391    -1.5300 -9.990e-29
 182.660828     -2.353   0.065558    18.8325     6.3752     -2.333     0.0390    -1.5310 -9.990e-29
 182.660833     -2.333   0.064708    18.8344     6.3703     -2.314     0.0386    -1.5317 -9.990e-29
 182.660839     -2.313   0.063697    18.8313     6.3750     -2.294     0.0381    -1.5315 -9.990e-29
 182.660845     -2.294   0.062844    18.8244     6.3687     -2.275     0.0376    -1.5305 -9.990e-29
 182.660851     -2.275   0.062121    18.8165     6.3675     -2.256     0.0373    -1.5292 -9.990e-29
 182.660856     -2.257   0.061678    18.8089     6.3752     -2.238     0.0371    -1.5279 -9.990e-29
 182.660862     -2.236   0.061479    18.8010     6.3757     -2.217     0.0370    -1.5265 -9.990e-29
 182.660868     -2.217   0.061258    18.7891     6.3750     -2.199     0.0369    -1.5242 -9.990e-29
 182.660874     -2.201   0.060720    18.7733     6.3709     -2.183     0.0366    -1.5214 -9.990e-29
 182.660880     -2.189   0.059705    18.7590     6.3669     -2.171     0.0361    -1.5190 -9.990e-29
 182.660885     -2.180   0.058524    18.7505     6.3695     -2.162     0.0355    -1.5178 -9.990e-29
 182.660891     -2.172   0.057826    18.7496     6.3795     -2.154     0.0352    -1.5179 -9.990e-29
 182.660897     -2.166   0.057792    18.7540     6.3736     -2.148     0.0351    -1.5188 -9.990e-29
 182.660903     -2.161   0.057821    18.7593     6.3788     -2.143     0.0351    -1.5198 -9.990e-29
 182.660909     -2.157   0.057394    18.7615     6.3788     -2.139     0.0349    -1.5204 -9.990e-29
 182.660914     -2.153   0.056498    18.7575     6.3767     -2.135     0.0345    -1.5200 -9.990e-29
 182.660920     -2.150   0.055607    18.7511     6.3708     -2.132     0.0340    -1.5191 -9.990e-29
 182.660926     -2.146   0.055197    18.7493     6.3661     -2.128     0.0338    -1.5189 -9.990e-29
 182.660932     -2.142   0.055280    18.7500     6.3659     -2.124     0.0339    -1.5190 -9.990e-29
 182.660937     -2.137   0.055409    18.7490     6.3663     -2.119     0.0339    -1.5187 -9.990e-29
 182.660943     -2.132   0.055199    18.7486     6.3680     -2.114     0.0338    -1.5187 -9.990e-29
 182.660949     -2.126   0.054928    18.7500     6.3678     -2.108     0.0337    -1.5191 -9.990e-29
 182.660955     -2.118   0.054789    18.7521     6.3680     -2.100     0.0336    -1.5196 -9.990e-29
 182.660961     -2.108   0.054598    18.7544     6.3682     -2.090     0.0335    -1.5201 -9.990e-29
 182.660966     -2.100   0.054099    18.7573     6.3683     -2.082     0.0333    -1.5208 -9.990e-29
 182.660972     -2.097   0.053182    18.7604     6.3688     -2.080     0.0328    -1.5218 -9.990e-29
 182.660978     -2.095   0.052290    18.7634     6.3681     -2.078     0.0324    -1.5227 -9.990e-29
 182.660984     -2.089   0.051901    18.7674     6.3741     -2.072     0.0322    -1.5236 -9.990e-29
 182.660990     -2.079   0.052053    18.7737     6.3762     -2.062     0.0323    -1.5248 -9.990e-29
 182.660995     -2.065   0.052390    18.7803     6.3700     -2.048     0.0324    -1.5259 -9.990e-29
 182.661001     -2.046   0.052252    18.7840     6.3660     -2.029     0.0324    -1.5267 -9.990e-29
 182.661007     -2.024   0.051456    18.7846     6.3628     -2.007     0.0320    -1.5271 -9.990e-29
 182.661013     -2.003   0.050605    18.7842     6.3642     -1.986     0.0315    -1.5274 -9.990e-29
 182.661019     -1.981   0.050233    18.7835     6.3670     -1.964     0.0314    -1.5274 -9.990e-29
 182.661024     -1.961   0.050398    18.7835     6.3674     -1.945     0.0314    -1.5273 -9.990e-29
 182.661030     -1.946   0.050764    18.7854     6.3677     -1.930     0.0316    -1.5276 -9.990e-29
 182.661036     -1.936   0.050709    18.7874     6.3674     -1.920     0.0316    -1.5280 -9.990e-29
 182.661042     -1.924   0.050160    18.7877     6.3667     -1.908     0.0313    -1.5282 -9.990e-29
 182.661047     -1.907   0.049495    18.7879     6.3674     -1.891     0.0310    -1.5285 -9.990e-29
 182.661053     -1.891   0.048939    18.7894     6.3673     -1.875     0.0307    -1.5290 -9.990e-29
 182.661059     -1.884   0.048861    18.7911     6.3687     -1.868     0.0307    -1.5294 -9.990e-29
 182.661065     -1.882   0.049158    18.7923     6.3690     -1.866     0.0308    -1.5295 -9.990e-29
 182.661071     -1.880   0.049112    18.7926     6.3624     -1.864     0.0308    -1.5296 -9.990e-29
 182.661076     -1.879   0.048663    18.7918     6.3601     -1.863     0.0306    -1.5296 -9.990e-29
 182.661082     -1.877   0.048324    18.7912     6.3664     -1.861     0.0304    -1.5296 -9.990e-29
 182.661088     -1.874   0.048199    18.7921     6.3692     -1.858     0.0303    -1.5298 -9.990e-29
 182.661094     -1.872   0.048121    18.7928     6.3729     -1.856     0.0303    -1.5300 -9.990e-29
 182.661100     -1.868   0.047986    18.7915     6.3729     -1.852     0.0302    -1.5298 -9.990e-29
 182.661105     -1.864   0.047612    18.7884     6.3695     -1.848     0.0301    -1.5293 -9.990e-29
 182.661111     -1.859   0.047055    18.7841     6.3696     -1.843     0.0298    -1.5287 -9.990e-29
 182.661117     -1.852   0.046684    18.7809     6.3706     -1.837     0.0296    -1.5282 -9.990e-29
 182.661123     -1.843   0.046560    18.7806     6.3618     -1.828     0.0295    -1.5282 -9.990e-29
 182.661128     -1.832   0.046518    18.7829     6.3593     -1.817     0.0295    -1.5287 -9.990e-29
 182.661134     -1.818   0.046503    18.7855     6.3587     -1.803     0.0295    -1.5292 -9.990e-29
 182.661140     -1.805   0.046494    18.7855     6.3592     -1.790     0.0295    -1.5292 -9.990e-29
 182.661146     -1.795   0.046479    18.7821     6.3689     -1.780     0.0295    -1.5285 -9.990e-29
 182.661152     -1.784   0.046437    18.7778     6.3713     -1.769     0.0295    -1.5277 -9.990e-29
 182.661157     -1.771   0.046314    18.7753     6.3720     -1.756     0.0294    -1.5273 -9.990e-29
 182.661163     -1.759   0.045944    18.7744     6.3633     -1.744     0.0292    -1.5272 -9.990e-29
 182.661169     -1.744   0.045388    18.7762     6.3590     -1.729     0.0290    -1.5278 -9.990e-29
 182.661175     -1.725   0.045016    18.7822     6.3592     -1.711     0.0288    -1.5291 -9.990e-29
 182.661181     -1.708   0.044888    18.7896     6.3610     -1.694     0.0287    -1.5306 -9.990e-29
 182.661186     -1.698   0.044833    18.7958     6.3637     -1.684     0.0287    -1.5318 -9.990e-29
 182.661192     -1.693   0.044779    18.8001     6.3626     -1.679     0.0287    -1.5327 -9.990e-29
 182.661198     -1.694   0.044652    18.8011     6.3614     -1.680     0.0286    -1.5329 -9.990e-29
 182.661204     -1.695   0.044282    18.7988     6.3612     -1.681     0.0284    -1.5326 -9.990e-29
 182.661209     -1.693   0.043732    18.7961     6.3617     -1.679     0.0281    -1.5323 -9.990e-29
 182.661215     -1.688   0.043380    18.7949     6.3619     -1.674     0.0280    -1.5322 -9.990e-29
 182.661221     -1.679   0.043311    18.7940     6.3615     -1.665     0.0279    -1.5320 -9.990e-29
 182.661227     -1.670   0.043434    18.7928     6.3628     -1.656     0.0280    -1.5318 -9.990e-29
 182.661233     -1.665   0.043729    18.7928     6.3619     -1.651     0.0281    -1.5316 -9.990e-29
 182.661238     -1.664   0.044032    18.7958     6.3611     -1.650     0.0283    -1.5321 -9.990e-29
 182.661244     -1.661   0.044006    18.8016     6.3594     -1.647     0.0283    -1.5332 -9.990e-29
 182.661250     -1.653   0.043619    18.8073     6.3573     -1.639     0.0281    -1.5345 -9.990e-29
 182.661256     -1.644   0.043280    18.8099     6.3569     -1.630     0.0279    -1.5351 -9.990e-29
 182.661262     -1.637   0.043094    18.8099     6.3589     -1.623     0.0278    -1.5352 -9.990e-29
 182.661267     -1.631   0.042812    18.8088     6.3591     -1.617     0.0277    -1.5351 -9.990e-29
 182.661273     -1.631   0.042614    18.8072     6.3497     -1.617     0.0276    -1.5349 -9.990e-29
 182.661279     -1.632   0.042793    18.8070     6.3461     -1.618     0.0277    -1.5347 -9.990e-29
 182.661285     -1.621   0.043034    18.8106     6.3456     -1.607     0.0278    -1.5354 -9.990e-29
 182.661291     -1.603   0.043102    18.8182     6.3526     -1.590     0.0278    -1.5368 -9.990e-29
 182.661296     -1.584   0.043087    18.8287     6.3493     -1.571     0.0278    -1.5388 -9.990e-29
 182.661302     -1.564   0.042972    18.8383     6.3458     -1.551     0.0278    -1.5408 -9.990e-29
 182.661308     -1.544   0.042604    18.8413     6.3427     -1.531     0.0276    -1.5415 -9.990e-29
 182.661314     -1.529   0.042049    18.8400     6.3405     -1.516     0.0273    -1.5414 -9.990e-29
 182.661319     -1.514   0.041679    18.8431     6.3498     -1.501     0.0271    -1.5422 -9.990e-29
 182.661325     -1.496   0.041555    18.8534     6.3449     -1.484     0.0271    -1.5442 -9.990e-29
 182.661331     -1.484   0.041513    18.8655     6.3431     -1.472     0.0270    -1.5466 -9.990e-29
 182.661337     -1.476   0.041499    18.8757     6.3420     -1.464     0.0270    -1.5486 -9.990e-29
 182.661343     -1.469   0.041494    18.8856     6.3411     -1.457     0.0270    -1.5505 -9.990e-29
 182.661348     -1.461   0.041492    18.8966     6.3454     -1.449     0.0270    -1.5526 -9.990e-29
 182.661354     -1.452   0.041489    18.9084     6.3470     -1.440     0.0270    -1.5549 -9.990e-29
 182.661360     -1.446   0.041484    18.9188     6.3488     -1.434     0.0270    -1.5570 -9.990e-29
 182.661366     -1.442   0.041470    18.9259     6.3487     -1.430     0.0270    -1.5584 -9.990e-29
 182.661372     -1.436   0.041428    18.9294     6.3461     -1.424     0.0270    -1.5591 -9.990e-29
 182.661377     -1.427   0.041304    18.9305     6.3453     -1.415     0.0269    -1.5593 -9.990e-29
 182.661383     -1.415   0.040933    18.9299     6.3398     -1.403     0.0268    -1.5593 -9.990e-29
 182.661389     -1.404   0.040377    18.9270     6.3459     -1.392     0.0265    -1.5590 -9.990e-29
 182.661395     -1.397   0.040006    18.9211     6.3455     -1.385     0.0263    -1.5580 -9.990e-29
 182.661400     -1.393   0.039882    18.9122     6.3449     -1.381     0.0262    -1.5563 -9.990e-29
 182.661406     -1.392   0.039840    18.9022     6.3466     -1.380     0.0262    -1.5544 -9.990e-29
 182.661412     -1.390   0.039826    18.8954     6.3428     -1.378     0.0262    -1.5530 -9.990e-29
 182.661418     -1.382   0.039821    18.8963     6.3363     -1.370     0.0262    -1.5532 -9.990e-29
 182.661424     -1.373   0.039819    18.9028     6.3361     -1.362     0.0262    -1.5545 -9.990e-29
 182.661429     -1.366   0.039817    18.9069     6.3371     -1.355     0.0262    -1.5553 -9.990e-29
 182.661435     -1.361   0.039815    18.9064     6.3377     -1.350     0.0262    -1.5552 -9.990e-29
 182.661441     -1.357   0.039810    18.9077     6.3396     -1.346     0.0262    -1.5554 -9.990e-29
 182.661447     -1.353   0.039796    18.9150     6.3383     -1.342     0.0262    -1.5569 -9.990e-29
 182.661453     -1.351   0.039755    18.9236     6.3385     -1.340     0.0262    -1.5586 -9.990e-29
 182.661458     -1.349   0.039631    18.9288     6.3401     -1.338     0.0261    -1.5596 -9.990e-29
 182.661464     -1.347   0.039260    18.9307     6.3418     -1.336     0.0259    -1.5601 -9.990e-29
 182.661470     -1.346   0.038704    18.9289     6.3421     -1.335     0.0257    -1.5600 -9.990e-29
 182.661476     -1.345   0.038333    18.9242     6.3468     -1.334     0.0255    -1.5592 -9.990e-29
 182.661481     -1.344   0.038209    18.9216     6.3479     -1.333     0.0254    -1.5587 -9.990e-29
 182.661487     -1.343   0.038168    18.9241     6.3481     -1.332     0.0254    -1.5592 -9.990e-29
 182.661493     -1.343   0.038155    18.9298     6.3459     -1.332     0.0254    -1.5604 -9.990e-29
 182.661499     -1.342   0.038155    18.9340     6.3399     -1.331     0.0254    -1.5612 -9.990e-29
 182.661505     -1.342   0.038165    18.9327     6.3392     -1.331     0.0254    -1.5609 -9.990e-29
 182.661510     -1.341   0.038200    18.9261     6.3394     -1.330     0.0254    -1.5596 -9.990e-29
 182.661516     -1.341   0.038309    18.9196     6.3425     -1.330     0.0255    -1.5583 -9.990e-29
 182.661522     -1.340   0.038638    18.9190     6.3473     -1.329     0.0256    -1.5581 -9.990e-29
 182.661528     -1.339   0.039070    18.9236     6.3493     -1.328     0.0259    -1.5588 -9.990e-29
 182.661534     -1.338   0.039070    18.9273     6.3510     -1.327     0.0259    -1.5595 -9.990e-29
 182.661539     -1.337   0.038637    18.9273     6.3509     -1.326     0.0256    -1.5597 -9.990e-29
 182.661545     -1.336   0.038307    18.9217     6.3441     -1.325     0.0255    -1.5587 -9.990e-29
 182.661551     -1.334   0.038196    18.9104     6.3424     -1.323     0.0254    -1.5566 -9.990e-29
 182.661557     -1.332   0.038155    18.8996     6.3497     -1.321     0.0254    -1.5545 -9.990e-29
 182.661563     -1.329   0.038133    18.8907     6.3475     -1.318     0.0254    -1.5527 -9.990e-29
 182.661568     -1.325   0.038101    18.8799     6.3495     -1.314     0.0254    -1.5507 -9.990e-29
 182.661574     -1.320   0.038017    18.8669     6.3542     -1.309     0.0253    -1.5482 -9.990e-29
 182.661580     -1.314   0.037768    18.8540     6.3544     -1.303     0.0252    -1.5457 -9.990e-29
 182.661586     -1.306   0.037580    18.8446     6.3574     -1.295     0.0251    -1.5440 -9.990e-29
 182.661591     -1.296   0.037758    18.8402     6.3492     -1.285     0.0252    -1.5431 -9.990e-29
 182.661597     -1.283   0.037985    18.8386     6.3457     -1.272     0.0253    -1.5427 -9.990e-29
 182.661603     -1.270   0.038007    18.8364     6.3469     -1.259     0.0253    -1.5422 -9.990e-29
 182.661609     -1.265   0.038411    18.8313     6.3472     -1.254     0.0255    -1.5411 -9.990e-29
 182.661615     -1.269   0.040289    18.8246     6.3498     -1.258     0.0265    -1.5391 -9.990e-29
 182.661620     -1.272   0.043924    18.8206     6.3562     -1.261     0.0282    -1.5370 -9.990e-29
 182.661626     -1.271   0.048049    18.8200     6.3586     -1.260     0.0303    -1.5353 -9.990e-29
 182.661632     -1.265   0.050941    18.8198     6.3581     -1.254     0.0317    -1.5341 -9.990e-29
 182.661638     -1.259   0.052011    18.8182     6.3500     -1.248     0.0322    -1.5334 -9.990e-29
 182.661644     -1.256   0.052129    18.8149     6.3467     -1.246     0.0323    -1.5327 -9.990e-29
 182.661649     -1.252   0.052567    18.8102     6.3479     -1.242     0.0325    -1.5317 -9.990e-29
 182.661655     -1.242   0.053906    18.8075     6.3426     -1.232     0.0332    -1.5306 -9.990e-29
 182.661661     -1.230   0.055711    18.8090     6.3500     -1.220     0.0341    -1.5302 -9.990e-29
