data/oxygen options/ONMS/Olympic_Coast_National_Marine_Sanctuary_CTD_Data_2005_2023/raw_data/2014/CAST_TH015_140906faed.cnv
* Sea-Bird SBE19 Data File:
* FileName = C:\2014 Mooring Data\Casts\CAST_TH015_140906.hex
* Software Version 1.59
* Temperature SN = 2997
* Conductivity SN = 2997
* System UpLoad Time = Sep 06 2014 16:21:18
** CAST_TH015_140906
* ds
# nquan = 9                                 
# nvalues = 1173                        
# units = specified
# name 0 = timeJ: Julian Days
# name 1 = prSM: Pressure, Strain Gauge [db]
# name 2 = c0mS/cm: Conductivity [mS/cm]
# name 3 = t090C: Temperature [ITS-90, deg C]
# name 4 = sbeox0ML/L: Oxygen, SBE 43 [ml/l]
# name 5 = depSM: Depth [salt water, m], lat = 47.5
# name 6 = sal00: Salinity, Practical [PSU]
# name 7 = sigma-é00: Density [sigma-theta, kg/m^3]
# name 8 = flag: flag
# span 0 = 249.650579, 249.657361       
# span 1 =     -5.501,     16.103       
# span 2 =   0.069157,  39.067532       
# span 3 =     9.2005,    15.8428       
# span 4 =    -1.7688,    19.9377       
# span 5 =     -5.455,     15.968       
# span 6 =     0.0426,    33.1831       
# span 7 =    -0.9827,    25.6612       
# span 8 = 0.0000e+00, 0.0000e+00       
# interval = seconds: 0.5
# start_time = Sep 06 2014 15:36:50 [Instrument's time stamp, header]
# bad_flag = -9.990e-29
*END*
[from data line 641]
 249.654288      0.741  38.766795    13.5044     6.9757      0.735    32.4774    24.3391 -9.990e-29
 249.654294      0.737  38.767468    13.5058     7.0094      0.731    32.4768    24.3384 -9.990e-29
 249.654300      0.727  38.768346    13.5059     7.0181      0.721    32.4776    24.3390 -9.990e-29
 249.654306      0.716  38.768502    13.5054     7.0106      0.710    32.4781    24.3395 -9.990e-29
 249.654311      0.712  38.767727    13.5053     7.0125      0.706    32.4775    24.3390 -9.990e-29
 249.654317      0.714  38.766820    13.5058     7.0368      0.708    32.4762    24.3380 -9.990e-29
 249.654323      0.714  38.766401    13.5069     7.0101      0.708    32.4749    24.3367 -9.990e-29
 249.654329      0.708  38.766618    13.5082     6.9781      0.702    32.4740    24.3358 -9.990e-29
 249.654334      0.699  38.766781    13.5092     6.9608      0.693    32.4733    24.3350 -9.990e-29
 249.654340      0.696  38.766131    13.5097     6.9694      0.690    32.4723    24.3341 -9.990e-29
 249.654346      0.703  38.765074    13.5100     6.9762      0.697    32.4710    24.3331 -9.990e-29
 249.654352      0.715  38.764029    13.5101     6.9762      0.709    32.4700    24.3323 -9.990e-29
 249.654358      0.725  38.762870    13.5099     6.9821      0.719    32.4690    24.3316 -9.990e-29
 249.654363      0.734  38.761884    13.5099     6.9774      0.728    32.4681    24.3309 -9.990e-29
 249.654369      0.747  38.761585    13.5108     6.9735      0.741    32.4671    24.3299 -9.990e-29
 249.654375      0.759  38.761719    13.5122     6.9185      0.753    32.4660    24.3288 -9.990e-29
 249.654381      0.769  38.761487    13.5129     6.8778      0.763    32.4652    24.3280 -9.990e-29
 249.654387      0.775  38.760727    13.5128     6.8887      0.769    32.4646    24.3275 -9.990e-29
 249.654392      0.779  38.759695    13.5127     6.9436      0.772    32.4637    24.3269 -9.990e-29
 249.654398      0.781  38.758844    13.5131     7.0178      0.774    32.4625    24.3259 -9.990e-29
 249.654404      0.781  38.758867    13.5129     7.0684      0.774    32.4627    24.3261 -9.990e-29
 249.654410      0.779  38.758819    13.5116     7.0613      0.772    32.4638    24.3272 -9.990e-29
 249.654416      0.775  38.756538    13.5101     6.9997      0.769    32.4629    24.3268 -9.990e-29
 249.654421      0.768  38.752496    13.5099     6.9502      0.762    32.4594    24.3241 -9.990e-29
 249.654427      0.758  38.750432    13.5105     6.9078      0.752    32.4569    24.3221 -9.990e-29
 249.654433      0.745  38.751668    13.5106     6.9324      0.739    32.4580    24.3229 -9.990e-29
 249.654439      0.732  38.752945    13.5095     7.0009      0.726    32.4601    24.3248 -9.990e-29
 249.654444      0.727  38.752182    13.5085     7.0515      0.721    32.4603    24.3251 -9.990e-29
 249.654450      0.733  38.751317    13.5087     7.0774      0.727    32.4593    24.3243 -9.990e-29
 249.654456      0.747  38.752147    13.5098     7.0315      0.741    32.4591    24.3239 -9.990e-29
 249.654462      0.761  38.753680    13.5105     7.0106      0.755    32.4599    24.3244 -9.990e-29
 249.654468      0.771  38.754737    13.5105     7.0099      0.765    32.4609    24.3252 -9.990e-29
 249.654473      0.779  38.755190    13.5107     7.0202      0.772    32.4612    24.3253 -9.990e-29
 249.654479      0.785  38.755227    13.5112     7.0041      0.778    32.4608    24.3249 -9.990e-29
 249.654485      0.789  38.755043    13.5120     6.9932      0.782    32.4599    24.3241 -9.990e-29
 249.654491      0.791  38.755100    13.5135     7.0072      0.784    32.4587    24.3229 -9.990e-29
 249.654497      0.792  38.756179    13.5158     7.0091      0.785    32.4578    24.3217 -9.990e-29
 249.654502      0.792  38.758742    13.5181     7.0197      0.785    32.4582    24.3216 -9.990e-29
 249.654508      0.790  38.761862    13.5192     7.0106      0.783    32.4602    24.3229 -9.990e-29
 249.654514      0.787  38.763670    13.5196     7.0366      0.780    32.4615    24.3238 -9.990e-29
 249.654520      0.782  38.763915    13.5208     7.0635      0.775    32.4607    24.3230 -9.990e-29
 249.654525      0.780  38.764194    13.5233     7.1022      0.773    32.4589    24.3210 -9.990e-29
 249.654531      0.784  38.765584    13.5260     7.1513      0.777    32.4579    24.3197 -9.990e-29
 249.654537      0.790  38.767280    13.5279     7.1351      0.783    32.4578    24.3193 -9.990e-29
 249.654543      0.795  38.768321    13.5288     7.0965      0.788    32.4580    24.3193 -9.990e-29
 249.654549      0.799  38.768557    13.5292     7.0396      0.792    32.4579    24.3191 -9.990e-29
 249.654554      0.802  38.768448    13.5298     7.0111      0.795    32.4573    24.3185 -9.990e-29
 249.654560      0.805  38.768557    13.5310     7.0199      0.798    32.4564    24.3176 -9.990e-29
 249.654566      0.806  38.768612    13.5317     7.0355      0.799    32.4558    24.3170 -9.990e-29
 249.654572      0.808  38.768271    13.5316     7.0528      0.801    32.4556    24.3168 -9.990e-29
 249.654578      0.809  38.767227    13.5313     7.0267      0.802    32.4549    24.3163 -9.990e-29
 249.654583      0.810  38.765916    13.5316     7.0195      0.803    32.4534    24.3151 -9.990e-29
 249.654589      0.810  38.765543    13.5320     7.0037      0.803    32.4527    24.3145 -9.990e-29
 249.654595      0.811  38.766319    13.5325     7.0529      0.804    32.4530    24.3147 -9.990e-29
 249.654601      0.811  38.767738    13.5332     7.1074      0.804    32.4537    24.3151 -9.990e-29
 249.654606      0.812  38.769595    13.5341     7.1320      0.805    32.4547    24.3156 -9.990e-29
 249.654612      0.812  38.772264    13.5353     7.1374      0.805    32.4562    24.3165 -9.990e-29
 249.654618      0.812  38.774962    13.5370     7.1000      0.805    32.4573    24.3170 -9.990e-29
 249.654624      0.812  38.776377    13.5386     7.0874      0.805    32.4572    24.3167 -9.990e-29
 249.654630      0.812  38.776858    13.5394     7.1011      0.805    32.4570    24.3163 -9.990e-29
 249.654635      0.812  38.776631    13.5398     7.1468      0.805    32.4564    24.3158 -9.990e-29
 249.654641      0.812  38.776103    13.5401     7.1381      0.805    32.4557    24.3152 -9.990e-29
 249.654647      0.812  38.775838    13.5401     7.0605      0.805    32.4554    24.3150 -9.990e-29
 249.654653      0.811  38.775627    13.5402     6.9672      0.804    32.4552    24.3148 -9.990e-29
 249.654659      0.811  38.775896    13.5403     6.9508      0.804    32.4553    24.3149 -9.990e-29
 249.654664      0.810  38.776591    13.5407     7.0297      0.803    32.4556    24.3150 -9.990e-29
 249.654670      0.809  38.777097    13.5417     7.1092      0.802    32.4552    24.3145 -9.990e-29
 249.654676      0.808  38.777676    13.5430     7.1811      0.801    32.4547    24.3138 -9.990e-29
 249.654682      0.807  38.778682    13.5440     7.1652      0.800    32.4548    24.3137 -9.990e-29
 249.654687      0.805  38.779920    13.5447     7.1332      0.798    32.4553    24.3140 -9.990e-29
 249.654693      0.803  38.780939    13.5453     7.1120      0.796    32.4558    24.3142 -9.990e-29
 249.654699      0.801  38.781561    13.5462     7.1276      0.794    32.4556    24.3139 -9.990e-29
 249.654705      0.797  38.782201    13.5474     7.1612      0.790    32.4552    24.3133 -9.990e-29
 249.654711      0.792  38.783295    13.5488     7.1458      0.785    32.4550    24.3129 -9.990e-29
 249.654716      0.787  38.784765    13.5500     7.1390      0.780    32.4554    24.3129 -9.990e-29
 249.654722      0.783  38.785909    13.5508     7.1181      0.776    32.4557    24.3131 -9.990e-29
 249.654728      0.787  38.786716    13.5517     7.1253      0.780    32.4557    24.3129 -9.990e-29
 249.654734      0.793  38.787846    13.5528     7.1378      0.786    32.4558    24.3128 -9.990e-29
 249.654740      0.797  38.788708    13.5537     7.1484      0.790    32.4559    24.3126 -9.990e-29
 249.654745      0.801  38.788913    13.5540     7.1622      0.794    32.4558    24.3125 -9.990e-29
 249.654751      0.803  38.788881    13.5536     7.1730      0.796    32.4561    24.3128 -9.990e-29
 249.654757      0.806  38.788714    13.5524     7.1663      0.799    32.4570    24.3137 -9.990e-29
 249.654763      0.807  38.788334    13.5504     7.1680      0.800    32.4583    24.3152 -9.990e-29
 249.654769      0.809  38.787942    13.5486     7.1828      0.802    32.4595    24.3164 -9.990e-29
 249.654774      0.810  38.788074    13.5490     7.1688      0.803    32.4593    24.3162 -9.990e-29
 249.654780      0.811  38.788956    13.5519     7.1242      0.804    32.4576    24.3143 -9.990e-29
 249.654786      0.811  38.790979    13.5543     7.0805      0.804    32.4575    24.3137 -9.990e-29
 249.654792      0.812  38.792811    13.5552     7.0754      0.805    32.4584    24.3143 -9.990e-29
 249.654797      0.813  38.792656    13.5555     7.1083      0.806    32.4580    24.3139 -9.990e-29
 249.654803      0.813  38.791865    13.5548     7.1449      0.806    32.4579    24.3139 -9.990e-29
 249.654809      0.814  38.790942    13.5535     7.1698      0.807    32.4581    24.3144 -9.990e-29
 249.654815      0.815  38.789091    13.5520     7.1596      0.808    32.4577    24.3143 -9.990e-29
 249.654821      0.815  38.786524    13.5499     7.1696      0.808    32.4571    24.3143 -9.990e-29
 249.654826      0.816  38.783058    13.5475     7.1608      0.809    32.4559    24.3138 -9.990e-29
 249.654832      0.818  38.779000    13.5447     7.1255      0.811    32.4545    24.3133 -9.990e-29
 249.654838      0.819  38.773862    13.5414     7.1302      0.812    32.4525    24.3125 -9.990e-29
 249.654844      0.821  38.768527    13.5392     7.1380      0.814    32.4494    24.3105 -9.990e-29
 249.654850      0.823  38.767544    13.5399     7.1799      0.816    32.4479    24.3092 -9.990e-29
 249.654855      0.826  38.770598    13.5412     7.1976      0.819    32.4496    24.3103 -9.990e-29
 249.654861      0.829  38.773212    13.5406     7.1873      0.822    32.4526    24.3127 -9.990e-29
 249.654867      0.834  38.774819    13.5394     7.1372      0.827    32.4551    24.3149 -9.990e-29
 249.654873      0.840  38.776873    13.5392     7.1275      0.833    32.4572    24.3165 -9.990e-29
 249.654878      0.844  38.780304    13.5399     7.1445      0.837    32.4598    24.3184 -9.990e-29
 249.654884      0.841  38.783944    13.5411     7.1498      0.834    32.4621    24.3200 -9.990e-29
 249.654890      0.835  38.785786    13.5432     7.1770      0.828    32.4621    24.3195 -9.990e-29
 249.654896      0.831  38.788158    13.5465     7.1652      0.824    32.4615    24.3184 -9.990e-29
 249.654902      0.828  38.792975    13.5496     7.1597      0.821    32.4633    24.3192 -9.990e-29
 249.654907      0.826  38.796993    13.5512     7.1382      0.819    32.4657    24.3207 -9.990e-29
 249.654913      0.825  38.797584    13.5521     7.1192      0.818    32.4655    24.3204 -9.990e-29
 249.654919      0.825  38.797094    13.5544     7.1136      0.818    32.4631    24.3180 -9.990e-29
 249.654925      0.825  38.799796    13.5586     7.1319      0.818    32.4620    24.3164 -9.990e-29
 249.654931      0.826  38.804676    13.5622     7.1700      0.819    32.4635    24.3168 -9.990e-29
 249.654936      0.828  38.806887    13.5631     7.2017      0.821    32.4648    24.3176 -9.990e-29
 249.654942      0.830  38.805324    13.5601     7.2209      0.823    32.4659    24.3191 -9.990e-29
 249.654948      0.834  38.798900    13.5525     7.1837      0.827    32.4664    24.3210 -9.990e-29
 249.654954      0.840  38.787343    13.5450     7.1188      0.833    32.4620    24.3191 -9.990e-29
 249.654959      0.847  38.778133    13.5434     7.0804      0.840    32.4548    24.3138 -9.990e-29
 249.654965      0.851  38.776824    13.5457     7.0709      0.844    32.4516    24.3109 -9.990e-29
 249.654971      0.850  38.779858    13.5468     7.1151      0.843    32.4535    24.3121 -9.990e-29
 249.654977      0.847  38.782735    13.5447     7.1379      0.840    32.4579    24.3160 -9.990e-29
 249.654983      0.846  38.782992    13.5410     7.1307      0.839    32.4613    24.3194 -9.990e-29
 249.654988      0.846  38.780283    13.5383     7.1186      0.839    32.4611    24.3197 -9.990e-29
 249.654994      0.849  38.778168    13.5374     7.1374      0.842    32.4599    24.3190 -9.990e-29
 249.655000      0.855  38.778753    13.5375     7.1955      0.848    32.4603    24.3193 -9.990e-29
 249.655006      0.863  38.779884    13.5367     7.2575      0.856    32.4621    24.3208 -9.990e-29
 249.655012      0.874  38.779012    13.5338     7.3004      0.867    32.4637    24.3227 -9.990e-29
 249.655017      0.889  38.776535    13.5298     7.3062      0.882    32.4648    24.3243 -9.990e-29
 249.655023      0.909  38.774075    13.5270     7.3097      0.901    32.4649    24.3249 -9.990e-29
 249.655029      0.935  38.772714    13.5266     7.2887      0.927    32.4639    24.3243 -9.990e-29
 249.655035      0.969  38.773320    13.5272     7.2736      0.961    32.4640    24.3242 -9.990e-29
 249.655041      1.012  38.773767    13.5261     7.2366      1.004    32.4653    24.3255 -9.990e-29
 249.655046      1.068  38.770594    13.5211     7.2313      1.059    32.4666    24.3274 -9.990e-29
 249.655052      1.137  38.763935    13.5139     7.2414      1.128    32.4665    24.3288 -9.990e-29
 249.655058      1.212  38.756575    13.5079     7.2386      1.202    32.4647    24.3286 -9.990e-29
 249.655064      1.296  38.751486    13.5037     7.2090      1.285    32.4635    24.3285 -9.990e-29
 249.655069      1.389  38.747928    13.4980     7.1280      1.377    32.4650    24.3308 -9.990e-29
 249.655075      1.489  38.742151    13.4889     7.0401      1.477    32.4673    24.3345 -9.990e-29
 249.655081      1.598  38.734184    13.4789     6.9503      1.585    32.4683    24.3373 -9.990e-29
 249.655087      1.718  38.726752    13.4710     6.8926      1.704    32.4680    24.3386 -9.990e-29
 249.655093      1.844  38.722169    13.4651     6.8409      1.829    32.4687    24.3404 0.0000e+00
 249.655098      1.971  38.721491    13.4590     6.7645      1.955    32.4732    24.3451 0.0000e+00
 249.655104      2.103  38.724248    13.4526     6.6771      2.085    32.4812    24.3525 0.0000e+00
 249.655110      2.245  38.728375    13.4473     6.5628      2.226    32.4895    24.3600 0.0000e+00
 249.655116      2.392  38.731390    13.4432     6.4655      2.372    32.4958    24.3657 0.0000e+00
 249.655122      2.540  38.733252    13.4394     6.3754      2.519    32.5007    24.3703 0.0000e+00
 249.655127      2.692  38.735755    13.4352     6.3093      2.670    32.5066    24.3756 0.0000e+00
 249.655133      2.843  38.739866    13.4304     6.2454      2.819    32.5144    24.3827 0.0000e+00
 249.655139      2.990  38.744760    13.4243     6.1381      2.965    32.5241    24.3914 0.0000e+00
 249.655145      3.139  38.749539    13.4167     5.9717      3.113    32.5350    24.4014 0.0000e+00
 249.655150      3.294  38.753709    13.4085     5.7266      3.266    32.5459    24.4114 0.0000e+00
 249.655156      3.453  38.757653    13.4006     5.5083      3.424    32.5563    24.4210 0.0000e+00
 249.655162      3.609  38.761446    13.3913     5.3255      3.579    32.5677    24.4317 0.0000e+00
 249.655168      3.758  38.762157    13.3736     5.2252      3.727    32.5834    24.4474 0.0000e+00
 249.655174      3.906  38.752747    13.3353     5.1950      3.873    32.6073    24.4736 0.0000e+00
 249.655179      4.058  38.725596    13.2749     5.1967      4.024    32.6336    24.5059 0.0000e+00
 249.655185      4.211  38.683110    13.2053     5.2127      4.176    32.6534    24.5351 0.0000e+00
 249.655191      4.362  38.639245    13.1367     5.2067      4.326    32.6710    24.5623 0.0000e+00
 249.655197      4.511  38.602179    13.0753     5.2048      4.473    32.6889    24.5883 0.0000e+00
 249.655203      4.655  38.569509    13.0265     5.1865      4.616    32.7001    24.6066 0.0000e+00
