data/oxygen options/ONMS/Olympic_Coast_National_Marine_Sanctuary_CTD_Data_2005_2023/raw_data/2014/CAST_TH042_140906faedb.cnv
* Sea-Bird SBE19 Data File:
* FileName = C:\2014 Mooring Data\Casts\CAST_TH042_140906.hex
* Software Version 1.59
* Temperature SN = 2997
* Conductivity SN = 2997
* System UpLoad Time = Sep 06 2014 21:10:54
** CAST_TH042_140906
* ds
# nquan = 9
# nvalues = 43                          
# units = specified
# name 0 = timeJ: Julian Days
# name 1 = prSM: Pressure, Strain Gauge [db]
# name 2 = c0mS/cm: Conductivity [mS/cm]
# name 3 = t090C: Temperature [ITS-90, deg C]
# name 4 = sbeox0ML/L: Oxygen, SBE 43 [ml/l]
# name 5 = depSM: Depth [salt water, m], lat = 47.5
# name 6 = sal00: Salinity, Practical [PSU]
# name 7 = sigma-é00: Density [sigma-theta, kg/m^3]
# name 8 = flag: flag
# span 0 = 249.826058, 249.827147       
# span 1 =      1.000,     43.000       
# span 2 =  33.978026,  37.062691       
# span 3 =     7.5260,    11.7878       
# span 4 =     2.2341,     7.1146       
# span 5 =      0.992,     42.637       
# span 6 =    32.3325,    33.6177       
# span 7 =    24.5575,    26.2557       
# span 8 = 0.0000e+00, 0.0000e+00       
# interval = decibars: 1                
# start_time = Sep 06 2014 19:43:41 [Instrument's time stamp, header]
# bad_flag = -9.990e-29
*END*
 249.826058      1.000  37.062691    11.7878     7.1146      0.992    32.3325    24.5575 0.0000e+00
 249.826088      2.000  36.740722    11.4107     6.8515      1.983    32.3473    24.6373 0.0000e+00
 249.826111      3.000  36.502446    11.0962     6.9410      2.975    32.3889    24.7259 0.0000e+00
 249.826132      4.000  36.373841    10.9311     7.0795      3.966    32.4070    24.7691 0.0000e+00
 249.826152      5.000  36.361605    10.8679     6.9323      4.958    32.4504    24.8140 0.0000e+00
 249.826173      6.000  36.342556    10.8186     6.7056      5.950    32.4748    24.8416 0.0000e+00
 249.826194      7.000  36.286084    10.7359     6.1033      6.941    32.4916    24.8691 0.0000e+00
 249.826216      8.000  36.168437    10.5086     5.6220      7.933    32.5764    24.9743 0.0000e+00
 249.826238      9.000  35.986017    10.2668     5.4499      8.925    32.6096    25.0413 0.0000e+00
 249.826261     10.000  35.651193     9.8736     5.2983      9.916    32.6248    25.1188 0.0000e+00
 249.826283     11.000  35.400618     9.5868     5.2785     10.908    32.6288    25.1688 0.0000e+00
 249.826306     12.000  35.261761     9.3884     5.0386     11.900    32.6666    25.2302 0.0000e+00
 249.826331     13.000  34.978366     9.0207     4.9472     12.891    32.7101    25.3223 0.0000e+00
 249.826355     14.000  34.956670     8.9598     4.8978     13.883    32.7432    25.3578 0.0000e+00
 249.826380     15.000  35.005443     8.9734     4.6621     14.874    32.7808    25.3852 0.0000e+00
 249.826406     16.000  35.060316     8.9622     4.3329     15.866    32.8479    25.4394 0.0000e+00
 249.826429     17.000  35.021428     8.8587     4.2420     16.857    32.9028    25.4984 0.0000e+00
 249.826453     18.000  34.888715     8.7040     4.2267     17.849    32.9072    25.5257 0.0000e+00
 249.826477     19.000  34.698529     8.4546     4.3292     18.841    32.9394    25.5887 0.0000e+00
 249.826501     20.000  34.367301     8.0662     4.5128     19.832    32.9524    25.6565 0.0000e+00
 249.826525     21.000  34.049010     7.7067     4.4785     20.824    32.9508    25.7072 0.0000e+00
 249.826549     22.000  33.978278     7.6099     4.4057     21.816    32.9660    25.7329 0.0000e+00
 249.826574     23.000  33.978026     7.5881     4.3602     22.807    32.9859    25.7516 0.0000e+00
 249.826599     24.000  33.986980     7.5814     4.2391     23.798    33.0014    25.7648 0.0000e+00
 249.826625     25.000  33.988714     7.5579     4.0390     24.790    33.0252    25.7868 0.0000e+00
 249.826648     26.000  34.011751     7.5464     3.8719     25.782    33.0605    25.8161 0.0000e+00
 249.826673     27.000  34.047750     7.5395     3.5365     26.773    33.1055    25.8525 0.0000e+00
 249.826697     28.000  34.105415     7.5314     3.3286     27.764    33.1750    25.9083 0.0000e+00
 249.826720     29.000  34.166813     7.5384     3.2704     28.756    33.2341    25.9539 0.0000e+00
 249.826747     30.000  34.201214     7.5375     3.1389     29.748    33.2716    25.9835 0.0000e+00
 249.826772     31.000  34.233142     7.5338     3.0661     30.739    33.3092    26.0135 0.0000e+00
 249.826798     32.000  34.256157     7.5285     2.8926     31.730    33.3386    26.0375 0.0000e+00
 249.826825     33.000  34.299426     7.5266     2.6123     32.722    33.3868    26.0756 0.0000e+00
 249.826852     34.000  34.367580     7.5260     2.3018     33.714    33.4605    26.1336 0.0000e+00
 249.826878     35.000  34.453365     7.5334     2.2473     34.705    33.5457    26.1997 0.0000e+00
 249.826903     36.000  34.492013     7.5357     2.2770     35.696    33.5849    26.2301 0.0000e+00
 249.826929     37.000  34.510064     7.5380     2.2857     36.688    33.6016    26.2429 0.0000e+00
 249.826956     38.000  34.517241     7.5379     2.2615     37.679    33.6090    26.2488 0.0000e+00
 249.826981     39.000  34.520637     7.5362     2.2639     38.671    33.6138    26.2528 0.0000e+00
 249.827007     40.000  34.521897     7.5371     2.2830     39.662    33.6139    26.2528 0.0000e+00
 249.827035     41.000  34.521707     7.5366     2.2630     40.654    33.6137    26.2527 0.0000e+00
 249.827060     42.000  34.522547     7.5350     2.2341     41.645    33.6156    26.2544 0.0000e+00
 249.827147     43.000  34.527170     7.5376     2.2462     42.637    33.6177    26.2557 0.0000e+00
