data/oxygen options/ONMS/Olympic_Coast_National_Marine_Sanctuary_CTD_Data_2005_2023/raw_data/2014/CAST_TH042_140612faedb.cnv
* Sea-Bird SBE19 Data File:
* FileName = C:\2014 Mooring Data\Casts\CAST_TH042_140612.hex
* Software Version 1.59
* Temperature SN = 2997
* Conductivity SN = 2997
* System UpLoad Time = Jun 12 2014 19:22:26
** CAST_TH042_140612
* ds
# nquan = 9
# nvalues = 44                          
# units = specified
# name 0 = timeJ: Julian Days
# name 1 = prSM: Pressure, Strain Gauge [db]
# name 2 = c0mS/cm: Conductivity [mS/cm]
# name 3 = t090C: Temperature [ITS-90, deg C]
# name 4 = sbeox0ML/L: Oxygen, SBE 43 [ml/l]
# name 5 = depSM: Depth [salt water, m], lat = 47.5
# name 6 = sal00: Salinity, Practical [PSU]
# name 7 = sigma-é00: Density [sigma-theta, kg/m^3]
# name 8 = flag: flag
# span 0 = 163.797881, 163.798787       
# span 1 =      1.000,     44.000       
# span 2 =  34.227744,  36.391152       
# span 3 =     7.0179,    11.3970       
# span 4 =     1.7529,     8.5511       
# span 5 =      0.992,     43.628       
# span 6 =    31.2752,    33.8008       
# span 7 =    23.8067,    26.4722       
# span 8 = 0.0000e+00, 0.0000e+00       
# interval = decibars: 1                
# start_time = Jun 12 2014 19:04:32 [Instrument's time stamp, header]
# bad_flag = -9.990e-29
*END*
 163.797881      1.000  35.630447    11.3970     7.5508      0.992    31.2752    23.8067 0.0000e+00
 163.797905      2.000  35.773351    10.9835     7.7654      1.983    31.7683    24.2629 0.0000e+00
 163.797926      3.000  35.935699    10.8784     8.2484      2.975    32.0198    24.4770 0.0000e+00
 163.797946      4.000  36.114085    10.8227     8.5511      3.966    32.2451    24.6620 0.0000e+00
 163.797966      5.000  36.391152    10.7361     6.5060      4.958    32.5971    24.9511 0.0000e+00
 163.797986      6.000  36.284330    10.1711     3.2399      5.950    32.9990    25.3609 0.0000e+00
 163.798006      7.000  35.551530     9.0159     2.1106      6.942    33.3132    25.7944 0.0000e+00
 163.798026      8.000  34.950941     8.3610     1.7529      7.933    33.2992    25.8846 0.0000e+00
 163.798046      9.000  34.581051     7.8764     2.0072      8.925    33.3659    26.0086 0.0000e+00
 163.798066     10.000  34.426809     7.6262     2.2931      9.916    33.4396    26.1026 0.0000e+00
 163.798085     11.000  34.392996     7.5135     2.4544     10.908    33.5112    26.1749 0.0000e+00
 163.798104     12.000  34.385355     7.4919     2.4836     11.899    33.5233    26.1876 0.0000e+00
 163.798122     13.000  34.393056     7.4862     2.4955     12.891    33.5366    26.1988 0.0000e+00
 163.798142     14.000  34.392712     7.4601     2.4758     13.883    33.5611    26.2218 0.0000e+00
 163.798162     15.000  34.364125     7.4136     2.4699     14.874    33.5746    26.2390 0.0000e+00
 163.798180     16.000  34.354049     7.4045     2.4670     15.866    33.5720    26.2382 0.0000e+00
 163.798199     17.000  34.359117     7.4096     2.4764     16.858    33.5721    26.2376 0.0000e+00
 163.798220     18.000  34.355074     7.3981     2.4793     17.849    33.5784    26.2442 0.0000e+00
 163.798241     19.000  34.352265     7.3965     2.4759     18.840    33.5764    26.2429 0.0000e+00
 163.798259     20.000  34.352697     7.3969     2.4533     19.832    33.5760    26.2424 0.0000e+00
 163.798279     21.000  34.354487     7.3916     2.4363     20.824    33.5826    26.2484 0.0000e+00
 163.798300     22.000  34.343509     7.3735     2.4328     21.815    33.5878    26.2550 0.0000e+00
 163.798322     23.000  34.339057     7.3593     2.4206     22.807    33.5962    26.2637 0.0000e+00
 163.798341     24.000  34.331249     7.3461     2.4033     23.798    33.6001    26.2686 0.0000e+00
 163.798360     25.000  34.329881     7.3360     2.3879     24.790    33.6079    26.2762 0.0000e+00
 163.798381     26.000  34.327999     7.3239     2.3840     25.781    33.6171    26.2851 0.0000e+00
 163.798403     27.000  34.325602     7.3157     2.3631     26.773    33.6220    26.2902 0.0000e+00
 163.798423     28.000  34.322981     7.3071     2.3789     27.765    33.6271    26.2953 0.0000e+00
 163.798443     29.000  34.320484     7.3011     2.3455     28.756    33.6296    26.2982 0.0000e+00
 163.798465     30.000  34.312357     7.2727     2.3058     29.748    33.6480    26.3166 0.0000e+00
 163.798486     31.000  34.297178     7.2322     2.2795     30.739    33.6704    26.3398 0.0000e+00
 163.798509     32.000  34.295478     7.2147     2.2289     31.731    33.6852    26.3539 0.0000e+00
 163.798531     33.000  34.279563     7.1629     2.1986     32.722    33.7179    26.3869 0.0000e+00
 163.798555     34.000  34.258853     7.1159     2.1852     33.713    33.7407    26.4114 0.0000e+00
 163.798578     35.000  34.249440     7.0825     2.1734     34.705    33.7626    26.4332 0.0000e+00
 163.798601     36.000  34.244333     7.0654     2.1655     35.697    33.7734    26.4440 0.0000e+00
 163.798624     37.000  34.237936     7.0475     2.1500     36.688    33.7833    26.4543 0.0000e+00
 163.798647     38.000  34.232265     7.0318     2.1411     37.679    33.7921    26.4634 0.0000e+00
 163.798669     39.000  34.228240     7.0211     2.1475     38.671    33.7977    26.4693 0.0000e+00
 163.798692     40.000  34.227744     7.0183     2.1517     39.662    33.7994    26.4710 0.0000e+00
 163.798713     41.000  34.227901     7.0184     2.1494     40.654    33.7990    26.4707 0.0000e+00
 163.798736     42.000  34.229851     7.0193     2.1434     41.645    33.7997    26.4711 0.0000e+00
 163.798760     43.000  34.229271     7.0182     2.1419     42.637    33.7997    26.4713 0.0000e+00
 163.798787     44.000  34.230489     7.0179     2.1450     43.628    33.8008    26.4722 0.0000e+00
