data/oxygen options/ONMS/Olympic_Coast_National_Marine_Sanctuary_CTD_Data_2005_2023/raw_data/2014/CAST_CA042_140623faedb.cnv
* Sea-Bird SBE19 Data File:
* FileName = C:\2014 Mooring Data\Casts\CAST_CA042_140623.hex
* Software Version 1.59
* Temperature SN = 2997
* Conductivity SN = 2997
* System UpLoad Time = Jun 24 2014 00:14:06
** CAST_CA042_140623
* ds
# nquan = 9
# nvalues = 42                          
# units = specified
# name 0 = timeJ: Julian Days
# name 1 = prSM: Pressure, Strain Gauge [db]
# name 2 = c0mS/cm: Conductivity [mS/cm]
# name 3 = t090C: Temperature [ITS-90, deg C]
# name 4 = sbeox0ML/L: Oxygen, SBE 43 [ml/l]
# name 5 = depSM: Depth [salt water, m], lat = 47.5
# name 6 = sal00: Salinity, Practical [PSU]
# name 7 = sigma-é00: Density [sigma-theta, kg/m^3]
# name 8 = flag: flag
# span 0 = 173.997666, 174.855470       
# span 1 =      1.000,     43.000       
# span 2 =  33.817785,  36.387722       
# span 3 =     7.2280,    11.8167       
# span 4 =     3.2637,     6.0365       
# span 5 =      0.991,     42.637       
# span 6 =    31.6542,    33.5586       
# span 7 =    24.0290,    26.2453       
# span 8 = 0.0000e+00, 0.0000e+00       
# interval = decibars: 1                
# start_time = Jun 23 2014 20:23:44 [Instrument's time stamp, header]
# bad_flag = -9.990e-29
*END*
 174.854093      1.000  36.387722    11.8167     6.0365      0.991    31.6542    24.0290 0.0000e+00
 174.854124      2.000  35.330659    10.4476     5.8378      1.983    31.7949    24.3757 0.0000e+00
 174.854150      3.000  35.067385     9.8529     5.8140      2.975    32.0531    24.6761 0.0000e+00
 174.854172      4.000  34.944772     9.5295     5.7339      3.966    32.2168    24.8562 0.0000e+00
 174.854193      5.000  34.869440     9.3464     5.6195      4.958    32.3041    24.9535 0.0000e+00
 174.854216      6.000  34.799321     9.2309     5.5888      5.950    32.3359    24.9966 0.0000e+00
 174.854238      7.000  34.734935     9.1171     5.6567      6.941    32.3722    25.0429 0.0000e+00
 174.854259      8.000  34.767120     9.1112     5.6564      7.933    32.4105    25.0738 0.0000e+00
 174.854279      9.000  34.803940     9.1395     5.6619      8.925    32.4224    25.0786 0.0000e+00
 174.854301     10.000  34.822669     9.1519     5.6704      9.916    32.4300    25.0827 0.0000e+00
 174.854324     11.000  34.831517     9.1318     5.4724     10.908    32.4570    25.1070 0.0000e+00
 174.854344     12.000  34.827655     9.0869     5.0581     11.899    32.4936    25.1426 0.0000e+00
 174.854363     13.000  34.771693     8.9500     4.5831     12.891    32.5603    25.2161 0.0000e+00
 174.854384     14.000  34.601015     8.6378     4.4578     13.883    32.6689    25.3491 0.0000e+00
 174.854408     15.000  34.445055     8.3410     4.5439     14.874    32.7797    25.4805 0.0000e+00
 174.854433     16.000  34.383152     8.2268     4.6752     15.866    32.8204    25.5294 0.0000e+00
 174.854455     17.000  34.303345     8.1053     4.7293     16.857    32.8490    25.5696 0.0000e+00
 174.854475     18.000  34.270147     8.0591     4.7435     17.849    32.8565    25.5824 0.0000e+00
 174.854500     19.000  34.268610     8.0545     4.7395     18.841    32.8587    25.5848 0.0000e+00
 174.854528     20.000  34.248452     8.0268     4.7272     19.832    32.8628    25.5920 0.0000e+00
 174.854553     21.000  34.222538     7.9772     4.6580     20.824    32.8814    25.6138 0.0000e+00
 174.854573     22.000  34.192246     7.9141     4.6418     21.815    32.9079    25.6438 0.0000e+00
 174.854595     23.000  34.145230     7.8325     4.6035     22.807    32.9341    25.6762 0.0000e+00
 174.854628     24.000  34.115344     7.7685     4.5743     23.798    32.9621    25.7073 0.0000e+00
 174.854664     25.000  34.067958     7.6804     4.5512     24.790    32.9942    25.7451 0.0000e+00
 173.997666     27.000  33.817785     7.4828     4.3772     26.773    32.8939    25.6898 0.0000e+00
 174.854798     28.000  33.960208     7.4194     4.1221     27.765    33.1250    25.8847 0.0000e+00
 174.854835     29.000  33.949927     7.2912     4.1080     28.756    33.2362    25.9900 0.0000e+00
 174.854881     30.000  33.953470     7.2374     4.0030     29.747    33.2914    26.0409 0.0000e+00
 174.854919     31.000  33.981228     7.2280     3.7764     30.739    33.3302    26.0727 0.0000e+00
 174.854963     32.000  34.057798     7.2443     3.4942     31.731    33.3973    26.1234 0.0000e+00
 174.855003     33.000  34.149831     7.2651     3.2637     32.722    33.4769    26.1831 0.0000e+00
 174.855036     34.000  34.237908     7.2825     3.3179     33.714    33.5555    26.2425 0.0000e+00
 174.855082     35.000  34.231471     7.2796     3.3280     34.705    33.5508    26.2392 0.0000e+00
 174.855123     36.000  34.235435     7.2805     3.3264     35.696    33.5537    26.2414 0.0000e+00
 174.855160     37.000  34.237252     7.2808     3.3169     36.688    33.5550    26.2424 0.0000e+00
 174.855198     38.000  34.240652     7.2803     3.3191     37.679    33.5586    26.2453 0.0000e+00
 174.855246     39.000  34.240880     7.2815     3.3119     38.671    33.5573    26.2441 0.0000e+00
 174.855278     40.000  34.241397     7.2808     3.3083     39.662    33.5580    26.2448 0.0000e+00
 174.855311     41.000  34.241755     7.2809     3.3446     40.654    33.5578    26.2446 0.0000e+00
 174.855362     42.000  34.242291     7.2817     3.3120     41.645    33.5572    26.2441 0.0000e+00
 174.855470     43.000  34.240638     7.2839     3.2980     42.637    33.5527    26.2402 0.0000e+00
