data/oxygen options/ONMS/Olympic_Coast_National_Marine_Sanctuary_CTD_Data_2005_2023/raw_data/2014/CAST_CA042_140730faedb.cnv
* Sea-Bird SBE19 Data File:
* FileName = C:\2014 Mooring Data\Casts\CAST_CA042_140730.hex
* Software Version 1.59
* Temperature SN = 2997
* Conductivity SN = 2997
* System UpLoad Time = Aug 03 2014 00:52:33
** CAST_CA042_140730
* ds
# nquan = 9
# nvalues = 43                          
# units = specified
# name 0 = timeJ: Julian Days
# name 1 = prSM: Pressure, Strain Gauge [db]
# name 2 = c0mS/cm: Conductivity [mS/cm]
# name 3 = t090C: Temperature [ITS-90, deg C]
# name 4 = sbeox0ML/L: Oxygen, SBE 43 [ml/l]
# name 5 = depSM: Depth [salt water, m], lat = 47.5
# name 6 = sal00: Salinity, Practical [PSU]
# name 7 = sigma-é00: Density [sigma-theta, kg/m^3]
# name 8 = flag: flag
# span 0 = 211.920096, 211.920926       
# span 1 =      1.000,     43.000       
# span 2 =  34.353579,  38.979316       
# span 3 =     7.3495,    14.0039       
# span 4 =     2.3932,     6.5854       
# span 5 =      0.992,     42.637       
# span 6 =    32.2525,    33.6119       
# span 7 =    24.0641,    26.2777       
# span 8 = 0.0000e+00, 0.0000e+00       
# interval = decibars: 1                
# start_time = Jul 30 2014 21:58:56 [Instrument's time stamp, header]
# bad_flag = -9.990e-29
*END*
 211.920096      1.000  38.979316    14.0039     6.5854      0.992    32.2525    24.0641 0.0000e+00
 211.920121      2.000  38.692746    13.6059     6.2315      1.983    32.3217    24.1984 0.0000e+00
 211.920141      3.000  38.329688    13.1201     6.0761      2.975    32.3943    24.3514 0.0000e+00
 211.920160      4.000  37.789174    12.6711     5.5234      3.967    32.2667    24.3401 0.0000e+00
 211.920180      5.000  37.325593    11.9167     5.4625      4.958    32.4733    24.6425 0.0000e+00
 211.920198      6.000  36.691153    11.2733     5.5736      5.950    32.4177    24.7170 0.0000e+00
 211.920217      7.000  36.582983    11.1628     5.5648      6.942    32.4079    24.7290 0.0000e+00
 211.920235      8.000  36.521336    11.0707     5.5110      7.933    32.4279    24.7609 0.0000e+00
 211.920254      9.000  36.445091    10.9706     5.4584      8.925    32.4406    24.7884 0.0000e+00
 211.920272     10.000  36.399375    10.9051     5.4369      9.916    32.4527    24.8094 0.0000e+00
 211.920290     11.000  36.357603    10.8555     5.3671     10.908    32.4548    24.8197 0.0000e+00
 211.920309     12.000  36.327984    10.8074     5.1528     11.900    32.4677    24.8381 0.0000e+00
 211.920327     13.000  36.237192    10.6691     5.0967     12.891    32.4998    24.8871 0.0000e+00
 211.920344     14.000  36.137933    10.5550     5.0960     13.883    32.5018    24.9084 0.0000e+00
 211.920363     15.000  36.042745    10.4587     5.0633     14.874    32.4920    24.9172 0.0000e+00
 211.920380     16.000  35.971663    10.3575     4.9912     15.866    32.5108    24.9491 0.0000e+00
 211.920397     17.000  35.888619    10.2588     4.9019     16.857    32.5152    24.9692 0.0000e+00
 211.920415     18.000  35.816208    10.1645     4.6048     17.849    32.5263    24.9938 0.0000e+00
 211.920435     19.000  35.752295    10.0503     4.1064     18.840    32.5640    25.0423 0.0000e+00
 211.920454     20.000  35.519468     9.6257     4.0454     19.832    32.7111    25.2269 0.0000e+00
 211.920472     21.000  35.315193     9.3795     3.9015     20.824    32.7257    25.2781 0.0000e+00
 211.920492     22.000  35.225258     9.1945     3.7817     21.815    32.8022    25.3673 0.0000e+00
 211.920510     23.000  35.017715     8.9366     3.8063     22.807    32.8240    25.4247 0.0000e+00
 211.920529     24.000  34.915756     8.8216     3.8074     23.798    32.8237    25.4423 0.0000e+00
 211.920548     25.000  34.894981     8.7755     3.7620     24.790    32.8442    25.4655 0.0000e+00
 211.920565     26.000  34.891602     8.7392     3.7645     25.781    32.8739    25.4943 0.0000e+00
 211.920583     27.000  34.875506     8.7210     3.7820     26.773    32.8735    25.4968 0.0000e+00
 211.920603     28.000  34.898608     8.7288     3.7871     27.764    32.8899    25.5086 0.0000e+00
 211.920621     29.000  34.935492     8.7514     3.7875     28.756    32.9071    25.5186 0.0000e+00
 211.920640     30.000  34.949336     8.7613     3.6820     29.748    32.9119    25.5208 0.0000e+00
 211.920661     31.000  34.970506     8.7738     3.0857     30.739    32.9221    25.5268 0.0000e+00
 211.920680     32.000  35.099563     8.7477     2.4785     31.730    33.0811    25.6554 0.0000e+00
 211.920700     33.000  34.933504     8.2577     2.3932     32.722    33.3671    25.9537 0.0000e+00
 211.920722     34.000  34.711266     7.9366     2.4564     33.713    33.4360    26.0554 0.0000e+00
 211.920744     35.000  34.572798     7.7023     2.5541     34.705    33.5117    26.1488 0.0000e+00
 211.920768     36.000  34.515671     7.6348     2.5880     35.697    33.5147    26.1608 0.0000e+00
 211.920791     37.000  34.460394     7.5692     2.6174     36.688    33.5178    26.1726 0.0000e+00
 211.920812     38.000  34.442779     7.5480     2.6198     37.679    33.5187    26.1763 0.0000e+00
 211.920834     39.000  34.436952     7.5294     2.6235     38.671    33.5299    26.1877 0.0000e+00
 211.920855     40.000  34.389616     7.4571     2.5506     39.662    33.5481    26.2123 0.0000e+00
 211.920877     41.000  34.358681     7.3816     2.5209     40.654    33.5873    26.2538 0.0000e+00
 211.920900     42.000  34.354005     7.3521     2.5235     41.645    33.6103    26.2760 0.0000e+00
 211.920926     43.000  34.353579     7.3495     2.5268     42.637    33.6119    26.2777 0.0000e+00
