data/oxygen options/ONMS/Olympic_Coast_National_Marine_Sanctuary_CTD_Data_2005_2023/raw_data/2014/CAST_CE015_140521faed.cnv
* Sea-Bird SBE19 Data File:
* FileName = C:\2014 Mooring Data\Casts\CAST_CE015_140521.hex
* Software Version 1.59
* Temperature SN = 2997
* Conductivity SN = 2997
* System UpLoad Time = May 23 2014 23:30:05
** CAST_CE015_140521
* ds
# nquan = 9                                 
# nvalues = 753                         
# units = specified
# name 0 = timeJ: Julian Days
# name 1 = prSM: Pressure, Strain Gauge [db]
# name 2 = c0mS/cm: Conductivity [mS/cm]
# name 3 = t090C: Temperature [ITS-90, deg C]
# name 4 = sbeox0ML/L: Oxygen, SBE 43 [ml/l]
# name 5 = depSM: Depth [salt water, m], lat = 47.5
# name 6 = sal00: Salinity, Practical [PSU]
# name 7 = sigma-é00: Density [sigma-theta, kg/m^3]
# name 8 = flag: flag
# span 0 = 141.895938, 141.900289       
# span 1 =     -5.614,     14.289       
# span 2 =   0.003787,  35.739180       
# span 3 =     9.7415,    16.3230       
# span 4 =    -1.7617,    14.7555       
# span 5 =     -5.567,     14.169       
# span 6 =     0.0090,    32.6352       
# span 7 =    -1.1011,    25.1487       
# span 8 = 0.0000e+00, 0.0000e+00       
# interval = seconds: 0.5
# start_time = May 21 2014 21:30:09 [Instrument's time stamp, header]
# bad_flag = -9.990e-29
*END*
 141.895938     -5.614 -9.990e-29    15.9236    -1.7546     -5.567 -9.990e-29 -9.990e-29 -9.990e-29
 141.895943     -5.603   0.003932    15.9239    -1.7548     -5.556     0.0091    -1.0364 -9.990e-29
 141.895949     -5.589   0.003932    15.9237    -1.7541     -5.542     0.0091    -1.0363 -9.990e-29
 141.895955     -5.571   0.003932    15.9235    -1.7533     -5.525     0.0091    -1.0363 -9.990e-29
 141.895961     -5.548   0.003932    15.9236    -1.7526     -5.502     0.0091    -1.0363 -9.990e-29
 141.895966     -5.518   0.003932    15.9235    -1.7521     -5.472     0.0091    -1.0363 -9.990e-29
 141.895972     -5.484   0.003931    15.9239    -1.7515     -5.438     0.0091    -1.0364 -9.990e-29
 141.895978     -5.453   0.003930    15.9260    -1.7510     -5.408     0.0091    -1.0367 -9.990e-29
 141.895984     -5.425   0.003929    15.9288    -1.7506     -5.380     0.0091    -1.0372 -9.990e-29
 141.895990     -5.401   0.003928    15.9309    -1.7502     -5.356     0.0091    -1.0375 -9.990e-29
 141.895995     -5.377   0.003926    15.9359    -1.7502     -5.332     0.0091    -1.0383 -9.990e-29
 141.896001     -5.354   0.003925    15.9483    -1.7515     -5.309     0.0091    -1.0403 -9.990e-29
 141.896007     -5.328   0.003924    15.9660    -1.7529     -5.284     0.0091    -1.0432 -9.990e-29
 141.896013     -5.300   0.003923    15.9842    -1.7535     -5.256     0.0091    -1.0461 -9.990e-29
 141.896019     -5.266   0.003921    16.0010    -1.7537     -5.222     0.0091    -1.0488 -9.990e-29
 141.896024     -5.229   0.003920    16.0162    -1.7540     -5.185     0.0091    -1.0513 -9.990e-29
 141.896030     -5.195   0.003919    16.0292    -1.7539     -5.152     0.0091    -1.0534 -9.990e-29
 141.896036     -5.166   0.003918    16.0391    -1.7541     -5.123     0.0091    -1.0550 -9.990e-29
 141.896042     -5.141   0.003917    16.0431    -1.7530     -5.098     0.0091    -1.0557 -9.990e-29
 141.896047     -5.117   0.003915    16.0354    -1.7529     -5.074     0.0091    -1.0544 -9.990e-29
 141.896053     -5.094   0.003914    16.0143    -1.7529     -5.052     0.0091    -1.0510 -9.990e-29
 141.896059     -5.069   0.003913    15.9891    -1.7529     -5.027     0.0091    -1.0469 -9.990e-29
 141.896065     -5.042   0.003912    15.9706    -1.7527     -5.000     0.0091    -1.0439 -9.990e-29
 141.896071     -5.010   0.003911    15.9604    -1.7520     -4.968     0.0091    -1.0423 -9.990e-29
 141.896076     -4.976   0.003909    15.9555    -1.7515     -4.935     0.0091    -1.0415 -9.990e-29
 141.896082     -4.946   0.003908    15.9546    -1.7509     -4.905     0.0091    -1.0413 -9.990e-29
 141.896088     -4.919   0.003907    15.9595    -1.7508     -4.878     0.0091    -1.0421 -9.990e-29
 141.896094     -4.887   0.003906    15.9692    -1.7507     -4.846     0.0091    -1.0437 -9.990e-29
 141.896100     -4.854   0.003904    15.9769    -1.7503     -4.814     0.0091    -1.0449 -9.990e-29
 141.896105     -4.822   0.003903    15.9807    -1.7502     -4.782     0.0091    -1.0456 -9.990e-29
 141.896111     -4.788   0.003902    15.9853    -1.7499     -4.748     0.0091    -1.0463 -9.990e-29
 141.896117     -4.751   0.003901    15.9941    -1.7496     -4.711     0.0091    -1.0477 -9.990e-29
 141.896123     -4.712   0.003900    16.0069    -1.7495     -4.673     0.0091    -1.0498 -9.990e-29
 141.896128     -4.678   0.003898    16.0205    -1.7493     -4.639     0.0091    -1.0520 -9.990e-29
 141.896134     -4.650   0.003897    16.0319    -1.7488     -4.611     0.0091    -1.0539 -9.990e-29
 141.896140     -4.627   0.003896    16.0397    -1.7489     -4.588     0.0091    -1.0551 -9.990e-29
 141.896146     -4.608   0.003895    16.0459    -1.7496     -4.570     0.0091    -1.0561 -9.990e-29
 141.896152     -4.590   0.003893    16.0524    -1.7497     -4.552     0.0091    -1.0572 -9.990e-29
 141.896157     -4.574   0.003892    16.0591    -1.7501     -4.536     0.0091    -1.0583 -9.990e-29
 141.896163     -4.558   0.003891    16.0663    -1.7503     -4.520     0.0091    -1.0595 -9.990e-29
 141.896169     -4.540   0.003890    16.0731    -1.7499     -4.502     0.0091    -1.0606 -9.990e-29
 141.896175     -4.521   0.003889    16.0785    -1.7493     -4.483     0.0091    -1.0614 -9.990e-29
 141.896181     -4.498   0.003887    16.0838    -1.7494     -4.461     0.0091    -1.0623 -9.990e-29
 141.896186     -4.470   0.003886    16.0879    -1.7499     -4.433     0.0091    -1.0630 -9.990e-29
 141.896192     -4.436   0.003885    16.0863    -1.7501     -4.399     0.0091    -1.0627 -9.990e-29
 141.896198     -4.397   0.003884    16.0796    -1.7502     -4.360     0.0091    -1.0616 -9.990e-29
 141.896204     -4.360   0.003883    16.0727    -1.7501     -4.324     0.0091    -1.0605 -9.990e-29
 141.896209     -4.327   0.003881    16.0673    -1.7502     -4.291     0.0091    -1.0596 -9.990e-29
 141.896215     -4.299   0.003880    16.0655    -1.7502     -4.263     0.0091    -1.0593 -9.990e-29
 141.896221     -4.279   0.003879    16.0697    -1.7499     -4.243     0.0091    -1.0600 -9.990e-29
 141.896227     -4.262   0.003878    16.0750    -1.7497     -4.226     0.0091    -1.0609 -9.990e-29
 141.896233     -4.242   0.003876    16.0749    -1.7492     -4.207     0.0091    -1.0609 -9.990e-29
 141.896238     -4.218   0.003875    16.0704    -1.7492     -4.183     0.0091    -1.0601 -9.990e-29
 141.896244     -4.188   0.003874    16.0660    -1.7494     -4.153     0.0091    -1.0594 -9.990e-29
 141.896250     -4.156   0.003873    16.0638    -1.7500     -4.121     0.0091    -1.0590 -9.990e-29
 141.896256     -4.127   0.003872    16.0629    -1.7503     -4.093     0.0091    -1.0589 -9.990e-29
 141.896262     -4.103   0.003870    16.0628    -1.7503     -4.069     0.0091    -1.0589 -9.990e-29
 141.896267     -4.084   0.003869    16.0648    -1.7502     -4.050     0.0091    -1.0592 -9.990e-29
 141.896273     -4.068   0.003868    16.0697    -1.7499     -4.034     0.0091    -1.0600 -9.990e-29
 141.896279     -4.054   0.003867    16.0763    -1.7497     -4.020     0.0091    -1.0611 -9.990e-29
 141.896285     -4.041   0.003866    16.0823    -1.7498     -4.007     0.0091    -1.0621 -9.990e-29
 141.896291     -4.028   0.003864    16.0836    -1.7486     -3.994     0.0091    -1.0623 -9.990e-29
 141.896296     -4.015   0.003863    16.0785    -1.7479     -3.982     0.0091    -1.0614 -9.990e-29
 141.896302     -4.000   0.003862    16.0701    -1.7471     -3.967     0.0091    -1.0601 -9.990e-29
 141.896308     -3.984   0.003861    16.0637    -1.7473     -3.951     0.0091    -1.0590 -9.990e-29
 141.896314     -3.964   0.003859    16.0619    -1.7479     -3.931     0.0091    -1.0587 -9.990e-29
 141.896319     -3.939   0.003858    16.0645    -1.7492     -3.906     0.0091    -1.0592 -9.990e-29
 141.896325     -3.908   0.003857    16.0703    -1.7504     -3.875     0.0091    -1.0601 -9.990e-29
 141.896331     -3.873   0.003856    16.0774    -1.7528     -3.841     0.0091    -1.0613 -9.990e-29
 141.896337     -3.841   0.003855    16.0881    -1.7561     -3.809     0.0091    -1.0630 -9.990e-29
 141.896343     -3.814   0.003853    16.1049    -1.7580     -3.782     0.0091    -1.0658 -9.990e-29
 141.896348     -3.790   0.003852    16.1226    -1.7593     -3.758     0.0091    -1.0686 -9.990e-29
 141.896354     -3.767   0.003851    16.1328    -1.7601     -3.736     0.0091    -1.0703 -9.990e-29
 141.896360     -3.744   0.003850    16.1298    -1.7609     -3.713     0.0091    -1.0698 -9.990e-29
 141.896366     -3.720   0.003849    16.1124    -1.7617     -3.689     0.0091    -1.0670 -9.990e-29
 141.896372     -3.693   0.003847    16.0820    11.1527     -3.662     0.0091    -1.0620 -9.990e-29
 141.896377     -3.661   0.003846    16.0384    14.6281     -3.630     0.0091    -1.0549 -9.990e-29
 141.896383     -3.627   0.003845    15.9800    14.7555     -3.597     0.0091    -1.0454 -9.990e-29
 141.896389     -3.597   0.003844    15.9160    11.6560     -3.567     0.0091    -1.0351 -9.990e-29
 141.896395     -3.573   0.003842    15.8618     5.3799     -3.543     0.0090    -1.0264 -9.990e-29
 141.896400     -3.554   0.003841    15.8220     5.1854     -3.524     0.0090    -1.0200 -9.990e-29
 141.896406     -3.539   0.003840    15.7926     5.1689     -3.509     0.0090    -1.0153 -9.990e-29
 141.896412     -3.526   0.003839    15.7686     5.1742     -3.497     0.0090    -1.0114 -9.990e-29
 141.896418     -3.515   0.003838    15.7476     5.1632     -3.486     0.0090    -1.0081 -9.990e-29
 141.896424     -3.506   0.003836    15.7294     5.1627     -3.477     0.0090    -1.0052 -9.990e-29
 141.896429     -3.497   0.003835    15.7140     5.1683     -3.468     0.0090    -1.0028 -9.990e-29
 141.896435     -3.488   0.003834    15.7047     5.1683     -3.459     0.0090    -1.0013 -9.990e-29
 141.896441     -3.478   0.003833    15.7067     5.1725     -3.449     0.0090    -1.0016 -9.990e-29
 141.896447     -3.467   0.003832    15.7229     5.1635     -3.438     0.0090    -1.0042 -9.990e-29
 141.896453     -3.454   0.003830    15.7526     5.1575     -3.425     0.0090    -1.0089 -9.990e-29
 141.896458     -3.438   0.003829    15.7903     5.1643     -3.409     0.0090    -1.0149 -9.990e-29
 141.896464     -3.419   0.003828    15.8269     5.1664     -3.390     0.0090    -1.0208 -9.990e-29
 141.896470     -3.395   0.003827    15.8563     5.1684     -3.367     0.0090    -1.0255 -9.990e-29
 141.896476     -3.368   0.003825    15.8759     5.1653     -3.340     0.0090    -1.0286 -9.990e-29
 141.896481     -3.342   0.003824    15.8856     5.1537     -3.314     0.0090    -1.0302 -9.990e-29
 141.896487     -3.315   0.003823    15.8882     5.1596     -3.287     0.0090    -1.0306 -9.990e-29
 141.896493     -3.289   0.003822    15.8873     5.1522     -3.262     0.0090    -1.0305 -9.990e-29
 141.896499     -3.267   0.003821    15.8870     5.1598     -3.240     0.0090    -1.0304 -9.990e-29
 141.896505     -3.248   0.003819    15.8906     5.1627     -3.221     0.0090    -1.0310 -9.990e-29
 141.896510     -3.229   0.003818    15.8988     5.1603     -3.202     0.0090    -1.0323 -9.990e-29
 141.896516     -3.211   0.003817    15.9103     5.1627     -3.184     0.0090    -1.0342 -9.990e-29
 141.896522     -3.192   0.003816    15.9226     5.1594     -3.165     0.0091    -1.0362 -9.990e-29
 141.896528     -3.171   0.003814    15.9324     5.1599     -3.145     0.0091    -1.0377 -9.990e-29
 141.896534     -3.146   0.003813    15.9389     5.1602     -3.120     0.0091    -1.0388 -9.990e-29
 141.896539     -3.116   0.003812    15.9447     5.1610     -3.090     0.0091    -1.0397 -9.990e-29
 141.896545     -3.083   0.003811    15.9514     5.1616     -3.057     0.0091    -1.0408 -9.990e-29
 141.896551     -3.054   0.003810    15.9572     5.1611     -3.029     0.0091    -1.0417 -9.990e-29
 141.896557     -3.031   0.003808    15.9617     5.1600     -3.006     0.0091    -1.0425 -9.990e-29
 141.896562     -3.013   0.003807    15.9639     5.1585     -2.988     0.0091    -1.0428 -9.990e-29
 141.896568     -2.998   0.003806    15.9627     5.1497     -2.973     0.0091    -1.0426 -9.990e-29
 141.896574     -2.986   0.003805    15.9595     5.1543     -2.961     0.0091    -1.0421 -9.990e-29
 141.896580     -2.976   0.003804    15.9557     5.1555     -2.951     0.0091    -1.0415 -9.990e-29
 141.896586     -2.966   0.003802    15.9515     5.1642     -2.941     0.0091    -1.0408 -9.990e-29
 141.896591     -2.957   0.003801    15.9474     5.1599     -2.932     0.0091    -1.0402 -9.990e-29
 141.896597     -2.948   0.003800    15.9458     5.1535     -2.923     0.0091    -1.0399 -9.990e-29
 141.896603     -2.939   0.003799    15.9493     5.1512     -2.914     0.0091    -1.0405 -9.990e-29
 141.896609     -2.928   0.003797    15.9577     5.1486     -2.904     0.0091    -1.0418 -9.990e-29
 141.896615     -2.915   0.003796    15.9686     5.1598     -2.891     0.0091    -1.0436 -9.990e-29
 141.896620     -2.900   0.003795    15.9796     5.1517     -2.876     0.0091    -1.0454 -9.990e-29
 141.896626     -2.885   0.003794    15.9893     5.1487     -2.861     0.0091    -1.0469 -9.990e-29
 141.896632     -2.874   0.003793    15.9973     5.1463     -2.850     0.0091    -1.0482 -9.990e-29
 141.896638     -2.862   0.003791    16.0040     5.1516     -2.838     0.0091    -1.0493 -9.990e-29
 141.896644     -2.844   0.003790    16.0101     5.1488     -2.820     0.0091    -1.0503 -9.990e-29
 141.896649     -2.823   0.003789    16.0164     5.1539     -2.799     0.0091    -1.0513 -9.990e-29
 141.896655     -2.802   0.003788    16.0231     5.1448     -2.779     0.0091    -1.0524 -9.990e-29
 141.896661     -2.779   0.003787    16.0300     5.1472     -2.756     0.0091    -1.0535 -9.990e-29
 141.896667     -2.758   0.003787    16.0386     5.1498     -2.735     0.0091    -1.0549 -9.990e-29
 141.896672     -2.742   0.003787    16.0499     5.1468     -2.719     0.0091    -1.0568 -9.990e-29
 141.896678     -2.728   0.003787    16.0605     5.1501     -2.705     0.0091    -1.0585 -9.990e-29
 141.896684     -2.718   0.003787    16.0683     5.1394     -2.695     0.0091    -1.0598 -9.990e-29
 141.896690     -2.709   0.003787    16.0749     5.1447     -2.686     0.0091    -1.0609 -9.990e-29
 141.896696     -2.701   0.003787    16.0819     5.1459     -2.678     0.0091    -1.0620 -9.990e-29
 141.896701     -2.694   0.003787    16.0907     5.1468     -2.672     0.0091    -1.0634 -9.990e-29
 141.896707     -2.688   0.003787    16.1018     5.1481     -2.666     0.0091    -1.0652 -9.990e-29
 141.896713     -2.681   0.003787    16.1134     5.1438     -2.659     0.0091    -1.0671 -9.990e-29
 141.896719     -2.674   0.003787    16.1229     5.1446     -2.652     0.0091    -1.0687 -9.990e-29
 141.896725     -2.666   0.003787    16.1273     5.1455     -2.644     0.0091    -1.0694 -9.990e-29
 141.896730     -2.657   0.003787    16.1260     5.1453     -2.635     0.0091    -1.0692 -9.990e-29
 141.896736     -2.645   0.003787    16.1243     5.1451     -2.623     0.0091    -1.0689 -9.990e-29
 141.896742     -2.635   0.003787    16.1260     5.1454     -2.613     0.0091    -1.0692 -9.990e-29
 141.896748     -2.630   0.003787    16.1306     5.1379     -2.608     0.0091    -1.0700 -9.990e-29
 141.896753     -2.626   0.003787    16.1362     5.1431     -2.604     0.0091    -1.0709 -9.990e-29
 141.896759     -2.617   0.003787    16.1409     5.1432     -2.595     0.0091    -1.0716 -9.990e-29
 141.896765     -2.604   0.003787    16.1427     5.1441     -2.582     0.0091    -1.0719 -9.990e-29
 141.896771     -2.586   0.003787    16.1410     5.1376     -2.564     0.0091    -1.0717 -9.990e-29
 141.896777     -2.561   0.003787    16.1382     5.1386     -2.540     0.0091    -1.0712 -9.990e-29
 141.896782     -2.532   0.003787    16.1372     5.1319     -2.511     0.0091    -1.0710 -9.990e-29
 141.896788     -2.507   0.003787    16.1372     5.1387     -2.486     0.0091    -1.0710 -9.990e-29
 141.896794     -2.486   0.003787    16.1373     5.1336     -2.465     0.0091    -1.0710 -9.990e-29
 141.896800     -2.470   0.003787    16.1391     5.1382     -2.449     0.0091    -1.0713 -9.990e-29
 141.896806     -2.458   0.003787    16.1452     5.1343     -2.438     0.0091    -1.0723 -9.990e-29
 141.896811     -2.447   0.003787    16.1546     5.1377     -2.427     0.0091    -1.0739 -9.990e-29
 141.896817     -2.439   0.003787    16.1641     5.1406     -2.419     0.0091    -1.0754 -9.990e-29
 141.896823     -2.432   0.003787    16.1730     5.1388     -2.412     0.0091    -1.0769 -9.990e-29
 141.896829     -2.425   0.003787    16.1821     5.1408     -2.405     0.0091    -1.0784 -9.990e-29
 141.896834     -2.419   0.003787    16.1907     5.1301     -2.399     0.0091    -1.0798 -9.990e-29
 141.896840     -2.413   0.003787    16.1982     5.1362     -2.393     0.0092    -1.0810 -9.990e-29
 141.896846     -2.407   0.003787    16.2033     5.1307     -2.387     0.0092    -1.0819 -9.990e-29
 141.896852     -2.399   0.003787    16.2050     5.1322     -2.379     0.0092    -1.0822 -9.990e-29
 141.896858     -2.391   0.003788    16.2061     5.1419     -2.371     0.0092    -1.0823 -9.990e-29
