data/oxygen options/ONMS/Olympic_Coast_National_Marine_Sanctuary_CTD_Data_2005_2023/raw_data/2014/CAST_MB042_140611faedb.cnv
* Sea-Bird SBE19 Data File:
* FileName = C:\2014 Mooring Data\Casts\CAST_MB042_140611.hex
* Software Version 1.59
* Temperature SN = 2997
* Conductivity SN = 2997
* System UpLoad Time = Jun 11 2014 23:26:14
** CAST_MB042_140611
* ds
# nquan = 9
# nvalues = 41                          
# units = specified
# name 0 = timeJ: Julian Days
# name 1 = prSM: Pressure, Strain Gauge [db]
# name 2 = c0mS/cm: Conductivity [mS/cm]
# name 3 = t090C: Temperature [ITS-90, deg C]
# name 4 = sbeox0ML/L: Oxygen, SBE 43 [ml/l]
# name 5 = depSM: Depth [salt water, m], lat = 47.5
# name 6 = sal00: Salinity, Practical [PSU]
# name 7 = sigma-é00: Density [sigma-theta, kg/m^3]
# name 8 = flag: flag
# span 0 = 162.964781, 162.965593       
# span 1 =      1.000,     41.000       
# span 2 =  34.135476,  36.145502       
# span 3 =     7.0362,    10.3929       
# span 4 =     2.1711,     4.2106       
# span 5 =      0.991,     40.654       
# span 6 =    32.6610,    33.6807       
# span 7 =    25.0610,    26.3751       
# span 8 = 0.0000e+00, 0.0000e+00       
# interval = decibars: 1                
# start_time = Jun 11 2014 23:02:36 [Instrument's time stamp, header]
# bad_flag = -9.990e-29
*END*
 162.964781      1.000  36.145502    10.3929     3.9006      0.991    32.6610    25.0610 0.0000e+00
 162.964808      2.000  35.380110     9.5117     3.6557      1.983    32.6801    25.2209 0.0000e+00
 162.964830      3.000  35.305474     9.3835     3.7130      2.975    32.7201    25.2727 0.0000e+00
 162.964849      4.000  35.213683     9.2106     3.9874      3.967    32.7835    25.3498 0.0000e+00
 162.964868      5.000  35.017243     8.9016     4.2106      4.958    32.8641    25.4612 0.0000e+00
 162.964886      6.000  34.847850     8.6431     3.9666      5.950    32.9266    25.5500 0.0000e+00
 162.964906      7.000  34.767717     8.4592     3.5037      6.941    33.0137    25.6461 0.0000e+00
 162.964926      8.000  34.671391     8.2534     3.2558      7.933    33.1047    25.7483 0.0000e+00
 162.964944      9.000  34.596949     8.1290     3.2088      8.925    33.1426    25.7965 0.0000e+00
 162.964963     10.000  34.562175     8.0623     3.1292      9.916    33.1683    25.8265 0.0000e+00
 162.964982     11.000  34.536632     7.9884     2.9901     10.908    33.2107    25.8705 0.0000e+00
 162.965001     12.000  34.510101     7.9130     2.8047     11.900    33.2536    25.9152 0.0000e+00
 162.965019     13.000  34.455549     7.8054     2.7843     12.891    33.2973    25.9652 0.0000e+00
 162.965037     14.000  34.433032     7.7481     2.8148     13.883    33.3274    25.9971 0.0000e+00
 162.965056     15.000  34.425340     7.7299     2.8171     14.874    33.3360    26.0065 0.0000e+00
 162.965074     16.000  34.415367     7.7019     2.7933     15.866    33.3516    26.0228 0.0000e+00
 162.965092     17.000  34.404522     7.6689     2.7659     16.858    33.3711    26.0428 0.0000e+00
 162.965110     18.000  34.390212     7.6323     2.7660     17.849    33.3904    26.0632 0.0000e+00
 162.965129     19.000  34.381668     7.5959     2.7462     18.841    33.4156    26.0883 0.0000e+00
 162.965149     20.000  34.380168     7.5795     2.7519     19.832    33.4293    26.1013 0.0000e+00
 162.965169     21.000  34.383122     7.5716     2.6953     20.824    33.4396    26.1106 0.0000e+00
 162.965188     22.000  34.378009     7.5408     2.4595     21.815    33.4634    26.1337 0.0000e+00
 162.965207     23.000  34.345000     7.4403     2.2422     22.807    33.5242    26.1957 0.0000e+00
 162.965227     24.000  34.266660     7.2932     2.1966     23.798    33.5812    26.2612 0.0000e+00
 162.965248     25.000  34.220983     7.1984     2.2337     24.790    33.6232    26.3073 0.0000e+00
 162.965269     26.000  34.207895     7.1704     2.2618     25.781    33.6357    26.3211 0.0000e+00
 162.965288     27.000  34.197415     7.1535     2.2646     26.773    33.6402    26.3270 0.0000e+00
 162.965307     28.000  34.190246     7.1376     2.2579     27.764    33.6474    26.3348 0.0000e+00
 162.965327     29.000  34.184028     7.1273     2.2425     28.756    33.6501    26.3384 0.0000e+00
 162.965348     30.000  34.176285     7.1141     2.2482     29.747    33.6541    26.3433 0.0000e+00
 162.965369     31.000  34.174764     7.1102     2.2485     30.739    33.6557    26.3452 0.0000e+00
 162.965390     32.000  34.173673     7.1046     2.2183     31.730    33.6596    26.3490 0.0000e+00
 162.965410     33.000  34.164471     7.0892     2.2129     32.722    33.6641    26.3546 0.0000e+00
 162.965431     34.000  34.157658     7.0799     2.2021     33.713    33.6652    26.3568 0.0000e+00
 162.965456     35.000  34.157717     7.0750     2.1894     34.705    33.6696    26.3610 0.0000e+00
 162.965479     36.000  34.144085     7.0537     2.1821     35.696    33.6750    26.3681 0.0000e+00
 162.965498     37.000  34.139885     7.0462     2.1741     36.688    33.6772    26.3709 0.0000e+00
 162.965518     38.000  34.136269     7.0402     2.1789     37.679    33.6786    26.3729 0.0000e+00
 162.965542     39.000  34.137136     7.0386     2.1754     38.671    33.6806    26.3747 0.0000e+00
 162.965567     40.000  34.135476     7.0362     2.1711     39.662    33.6807    26.3751 0.0000e+00
 162.965593     41.000  34.136027     7.0365     2.1816     40.654    33.6805    26.3749 0.0000e+00
