data/oxygen options/ONMS/Olympic_Coast_National_Marine_Sanctuary_CTD_Data_2005_2023/raw_data/2014/CAST_CE042_140905faed.cnv
* Sea-Bird SBE19 Data File:
* FileName = C:\2014 Mooring Data\Casts\CAST_CE042_140905.hex
* Software Version 1.59
* Temperature SN = 2997
* Conductivity SN = 2997
* System UpLoad Time = Sep 05 2014 23:37:14
** CAST_CE042_140905
* ds
# nquan = 9                                 
# nvalues = 1314                        
# units = specified
# name 0 = timeJ: Julian Days
# name 1 = prSM: Pressure, Strain Gauge [db]
# name 2 = c0mS/cm: Conductivity [mS/cm]
# name 3 = t090C: Temperature [ITS-90, deg C]
# name 4 = sbeox0ML/L: Oxygen, SBE 43 [ml/l]
# name 5 = depSM: Depth [salt water, m], lat = 47.5
# name 6 = sal00: Salinity, Practical [PSU]
# name 7 = sigma-é00: Density [sigma-theta, kg/m^3]
# name 8 = flag: flag
# span 0 = 248.906215, 248.913814       
# span 1 =     -5.646,     44.227       
# span 2 =   0.382770,  40.732232       
# span 3 =     7.5090,    17.3115       
# span 4 =    -1.7388,    17.2888       
# span 5 =     -5.599,     43.853       
# span 6 =     0.2210,    33.6983       
# span 7 =    -1.0853,    26.3222       
# span 8 = 0.0000e+00, 0.0000e+00       
# interval = seconds: 0.5
# start_time = Sep 05 2014 21:44:57 [Instrument's time stamp, header]
# bad_flag = -9.990e-29
*END*
[from data line 161]
 248.907147     -2.455   0.411662    16.3612     6.4413     -2.435     0.2397    -0.9299 -9.990e-29
 248.907153     -2.442   0.411495    16.3583     6.4341     -2.422     0.2396    -0.9295 -9.990e-29
 248.907159     -2.431   0.411756    16.3565     6.4315     -2.411     0.2397    -0.9291 -9.990e-29
 248.907164     -2.421   0.411682    16.3569     6.4417     -2.401     0.2397    -0.9292 -9.990e-29
 248.907170     -2.411   0.411172    16.3591     6.4549     -2.391     0.2394    -0.9298 -9.990e-29
 248.907176     -2.400   0.411216    16.3627     6.4493     -2.380     0.2394    -0.9304 -9.990e-29
 248.907182     -2.389   0.412426    16.3665     6.4532     -2.369     0.2401    -0.9305 -9.990e-29
 248.907187     -2.375   0.413638    16.3695     6.4415     -2.355     0.2408    -0.9305 -9.990e-29
 248.907193     -2.358   0.413686    16.3721     6.4372     -2.338     0.2408    -0.9309 -9.990e-29
 248.907199     -2.342   0.413193    16.3737     6.4391     -2.322     0.2405    -0.9314 -9.990e-29
 248.907205     -2.334   0.413168    16.3726     6.4376     -2.315     0.2405    -0.9312 -9.990e-29
 248.907211     -2.334   0.413575    16.3688     6.4414     -2.315     0.2408    -0.9304 -9.990e-29
 248.907216     -2.332   0.413846    16.3648     6.4496     -2.313     0.2409    -0.9296 -9.990e-29
 248.907222     -2.324   0.413787    16.3625     6.4588     -2.305     0.2409    -0.9292 -9.990e-29
 248.907228     -2.311   0.413317    16.3619     6.4612     -2.292     0.2406    -0.9293 -9.990e-29
 248.907234     -2.295   0.412367    16.3632     6.4587     -2.276     0.2401    -0.9300 -9.990e-29
 248.907240     -2.280   0.411339    16.3662     6.4444     -2.261     0.2394    -0.9309 -9.990e-29
 248.907245     -2.264   0.410529    16.3689     6.4383     -2.245     0.2389    -0.9318 -9.990e-29
 248.907251     -2.251   0.409968    16.3693     6.4382     -2.232     0.2386    -0.9321 -9.990e-29
 248.907257     -2.245   0.410022    16.3677     6.4478     -2.226     0.2387    -0.9318 -9.990e-29
 248.907263     -2.245   0.410761    16.3653     6.4605     -2.226     0.2391    -0.9311 -9.990e-29
 248.907269     -2.247   0.411502    16.3634     6.4542     -2.228     0.2396    -0.9304 -9.990e-29
 248.907274     -2.241   0.411565    16.3628     6.4500     -2.222     0.2396    -0.9303 -9.990e-29
 248.907280     -2.229   0.411033    16.3636     6.4446     -2.210     0.2393    -0.9306 -9.990e-29
 248.907286     -2.218   0.410310    16.3670     6.4430     -2.200     0.2388    -0.9316 -9.990e-29
 248.907292     -2.211   0.409543    16.3723     6.4536     -2.193     0.2383    -0.9328 -9.990e-29
 248.907297     -2.203   0.409378    16.3771     6.4554     -2.185     0.2382    -0.9337 -9.990e-29
 248.907303     -2.191   0.410152    16.3798     6.4558     -2.173     0.2387    -0.9338 -9.990e-29
 248.907309     -2.176   0.410672    16.3811     6.4539     -2.158     0.2390    -0.9338 -9.990e-29
 248.907315     -2.164   0.409966    16.3829     6.4579     -2.146     0.2385    -0.9344 -9.990e-29
 248.907321     -2.152   0.408759    16.3856     6.4523     -2.134     0.2378    -0.9355 -9.990e-29
 248.907326     -2.140   0.408220    16.3884     6.4512     -2.122     0.2375    -0.9362 -9.990e-29
 248.907332     -2.128   0.408187    16.3901     6.4498     -2.110     0.2374    -0.9365 -9.990e-29
 248.907338     -2.115   0.408059    16.3910     6.4482     -2.097     0.2374    -0.9367 -9.990e-29
 248.907344     -2.099   0.408221    16.3921     6.4517     -2.081     0.2374    -0.9368 -9.990e-29
 248.907350     -2.079   0.408889    16.3928     6.4597     -2.062     0.2378    -0.9366 -9.990e-29
 248.907355     -2.060   0.409286    16.3924     6.4538     -2.043     0.2381    -0.9364 -9.990e-29
 248.907361     -2.048   0.408829    16.3918     6.4595     -2.031     0.2378    -0.9365 -9.990e-29
 248.907367     -2.042   0.408023    16.3910     6.4679     -2.025     0.2373    -0.9367 -9.990e-29
 248.907373     -2.037   0.407460    16.3890     6.4682     -2.020     0.2370    -0.9366 -9.990e-29
 248.907378     -2.034   0.406943    16.3860     6.4619     -2.017     0.2367    -0.9364 -9.990e-29
 248.907384     -2.028   0.406339    16.3836     6.4557     -2.011     0.2364    -0.9362 -9.990e-29
 248.907390     -2.014   0.405956    16.3824     6.4528     -1.997     0.2361    -0.9362 -9.990e-29
 248.907396     -1.996   0.405839    16.3813     6.4622     -1.979     0.2361    -0.9361 -9.990e-29
 248.907402     -1.981   0.405832    16.3800     6.4677     -1.964     0.2361    -0.9358 -9.990e-29
 248.907407     -1.968   0.405926    16.3793     6.4671     -1.952     0.2361    -0.9357 -9.990e-29
 248.907413     -1.952   0.406244    16.3782     6.4652     -1.936     0.2363    -0.9353 -9.990e-29
 248.907419     -1.936   0.406655    16.3761     6.4620     -1.920     0.2366    -0.9348 -9.990e-29
 248.907425     -1.924   0.406594    16.3743     6.4612     -1.908     0.2366    -0.9345 -9.990e-29
 248.907431     -1.914   0.405980    16.3725     6.4614     -1.898     0.2362    -0.9345 -9.990e-29
 248.907436     -1.907   0.405663    16.3692     6.4609     -1.891     0.2360    -0.9341 -9.990e-29
 248.907442     -1.901   0.406332    16.3660     6.4612     -1.885     0.2365    -0.9332 -9.990e-29
 248.907448     -1.897   0.407212    16.3645     6.4689     -1.881     0.2370    -0.9325 -9.990e-29
 248.907454     -1.893   0.407250    16.3646     6.4702     -1.877     0.2370    -0.9325 -9.990e-29
 248.907459     -1.890   0.407053    16.3658     6.4689     -1.874     0.2369    -0.9328 -9.990e-29
 248.907465     -1.888   0.407470    16.3667     6.4661     -1.872     0.2371    -0.9328 -9.990e-29
 248.907471     -1.887   0.407946    16.3673     6.4549     -1.871     0.2374    -0.9327 -9.990e-29
 248.907477     -1.885   0.408002    16.3684     6.4445     -1.869     0.2374    -0.9328 -9.990e-29
 248.907483     -1.880   0.408270    16.3698     6.4501     -1.864     0.2376    -0.9330 -9.990e-29
 248.907488     -1.866   0.409108    16.3710     6.4532     -1.850     0.2381    -0.9328 -9.990e-29
 248.907494     -1.846   0.409963    16.3720     6.4730     -1.831     0.2386    -0.9326 -9.990e-29
 248.907500     -1.825   0.410309    16.3739     6.4776     -1.810     0.2388    -0.9327 -9.990e-29
 248.907506     -1.804   0.410050    16.3782     6.4815     -1.789     0.2386    -0.9336 -9.990e-29
 248.907512     -1.791   0.409398    16.3841     6.4718     -1.776     0.2382    -0.9349 -9.990e-29
 248.907517     -1.790   0.408595    16.3895     6.4540     -1.775     0.2377    -0.9362 -9.990e-29
 248.907523     -1.795   0.407683    16.3939     6.4435     -1.780     0.2371    -0.9374 -9.990e-29
 248.907529     -1.800   0.407112    16.3982     6.4403     -1.785     0.2367    -0.9384 -9.990e-29
 248.907535     -1.799   0.407232    16.4022     6.4531     -1.784     0.2368    -0.9390 -9.990e-29
 248.907541     -1.793   0.407649    16.4061     6.4606     -1.778     0.2370    -0.9395 -9.990e-29
 248.907546     -1.786   0.408362    16.4103     6.4726     -1.771     0.2374    -0.9399 -9.990e-29
 248.907552     -1.781   0.409208    16.4147     6.4803     -1.766     0.2379    -0.9402 -9.990e-29
 248.907558     -1.775   0.409092    16.4187     6.4790     -1.760     0.2378    -0.9410 -9.990e-29
 248.907564     -1.766   0.407860    16.4224     6.4769     -1.751     0.2371    -0.9422 -9.990e-29
 248.907569     -1.762   0.406650    16.4251     6.4556     -1.747     0.2363    -0.9432 -9.990e-29
 248.907575     -1.764   0.406070    16.4252     6.4473     -1.749     0.2360    -0.9435 -9.990e-29
 248.907581     -1.763   0.405904    16.4239     6.4536     -1.748     0.2359    -0.9433 -9.990e-29
 248.907587     -1.758   0.405930    16.4222     6.4732     -1.743     0.2359    -0.9430 -9.990e-29
 248.907593     -1.754   0.406183    16.4197     6.4833     -1.739     0.2361    -0.9425 -9.990e-29
 248.907598     -1.747   0.406443    16.4170     6.4649     -1.732     0.2362    -0.9419 -9.990e-29
 248.907604     -1.735   0.405946    16.4149     6.4520     -1.721     0.2360    -0.9418 -9.990e-29
 248.907610     -1.726   0.404586    16.4140     6.4434     -1.712     0.2352    -0.9422 -9.990e-29
 248.907616     -1.725   0.403328    16.4159     6.4459     -1.711     0.2344    -0.9431 -9.990e-29
 248.907622     -1.723   0.402717    16.4216     6.4521     -1.709     0.2340    -0.9444 -9.990e-29
 248.907627     -1.711   0.402497    16.4296     6.4505     -1.697     0.2338    -0.9459 -9.990e-29
 248.907633     -1.696   0.402374    16.4376     6.4499     -1.682     0.2337    -0.9473 -9.990e-29
 248.907639     -1.687   0.402182    16.4452     6.4489     -1.673     0.2336    -0.9487 -9.990e-29
 248.907645     -1.679   0.401667    16.4537     6.4484     -1.665     0.2332    -0.9504 -9.990e-29
 248.907650     -1.666   0.400697    16.4647     6.4490     -1.652     0.2326    -0.9528 -9.990e-29
 248.907656     -1.653   0.399649    16.4773     6.4490     -1.639     0.2319    -0.9554 -9.990e-29
 248.907662     -1.642   0.398791    16.4888     6.4489     -1.628     0.2313    -0.9578 -9.990e-29
 248.907668     -1.633   0.398093    16.4983     6.4557     -1.619     0.2308    -0.9597 -9.990e-29
 248.907674     -1.626   0.397736    16.5071     6.4583     -1.612     0.2306    -0.9614 -9.990e-29
 248.907679     -1.619   0.397800    16.5156     6.4503     -1.605     0.2306    -0.9629 -9.990e-29
 248.907685     -1.613   0.397815    16.5228     6.4471     -1.600     0.2305    -0.9641 -9.990e-29
 248.907691     -1.607   0.397246    16.5282     6.4516     -1.594     0.2302    -0.9653 -9.990e-29
 248.907697     -1.601   0.396445    16.5309     6.4628     -1.588     0.2297    -0.9661 -9.990e-29
 248.907703     -1.594   0.396012    16.5312     6.4759     -1.581     0.2294    -0.9664 -9.990e-29
 248.907708     -1.587   0.395928    16.5313     6.4685     -1.574     0.2294    -0.9664 -9.990e-29
 248.907714     -1.577   0.396078    16.5325     6.4545     -1.564     0.2295    -0.9666 -9.990e-29
 248.907720     -1.566   0.396109    16.5337     6.4471     -1.553     0.2295    -0.9668 -9.990e-29
 248.907726     -1.551   0.395504    16.5336     6.4380     -1.538     0.2291    -0.9670 -9.990e-29
 248.907731     -1.538   0.394569    16.5326     6.4487     -1.525     0.2286    -0.9673 -9.990e-29
 248.907737     -1.528   0.394282    16.5311     6.4539     -1.515     0.2284    -0.9672 -9.990e-29
 248.907743     -1.516   0.394817    16.5292     6.4630     -1.503     0.2287    -0.9666 -9.990e-29
 248.907749     -1.503   0.395219    16.5273     6.4674     -1.490     0.2290    -0.9661 -9.990e-29
 248.907755     -1.492   0.394913    16.5258     6.4716     -1.480     0.2288    -0.9660 -9.990e-29
 248.907760     -1.478   0.394046    16.5244     6.4653     -1.466     0.2283    -0.9661 -9.990e-29
 248.907766     -1.459   0.393131    16.5230     6.4689     -1.447     0.2278    -0.9663 -9.990e-29
 248.907772     -1.444   0.392615    16.5225     6.4689     -1.432     0.2275    -0.9664 -9.990e-29
 248.907778     -1.431   0.392369    16.5232     6.4592     -1.419     0.2273    -0.9667 -9.990e-29
 248.907784     -1.415   0.392063    16.5243     6.4582     -1.403     0.2271    -0.9670 -9.990e-29
 248.907789     -1.399   0.391845    16.5248     6.4458     -1.387     0.2270    -0.9672 -9.990e-29
 248.907795     -1.387   0.391981    16.5237     6.4442     -1.375     0.2271    -0.9669 -9.990e-29
 248.907801     -1.378   0.392098    16.5206     6.4611     -1.367     0.2272    -0.9663 -9.990e-29
 248.907807     -1.371   0.391796    16.5160     6.4654     -1.360     0.2270    -0.9657 -9.990e-29
 248.907813     -1.365   0.391226    16.5101     6.4679     -1.354     0.2267    -0.9649 -9.990e-29
 248.907818     -1.361   0.390741    16.5050     6.4643     -1.350     0.2265    -0.9643 -9.990e-29
 248.907824     -1.359   0.390249    16.5037     6.4573     -1.348     0.2262    -0.9643 -9.990e-29
 248.907830     -1.357   0.389652    16.5065     6.4568     -1.346     0.2258    -0.9650 -9.990e-29
 248.907836     -1.357   0.389266    16.5130     6.4551     -1.346     0.2255    -0.9663 -9.990e-29
 248.907841     -1.357   0.389133    16.5222     6.4541     -1.346     0.2254    -0.9680 -9.990e-29
 248.907847     -1.359   0.389076    16.5328     6.4544     -1.348     0.2253    -0.9698 -9.990e-29
 248.907853     -1.361   0.389019    16.5431     6.4548     -1.350     0.2252    -0.9716 -9.990e-29
 248.907859     -1.365   0.388886    16.5515     6.4624     -1.354     0.2251    -0.9732 -9.990e-29
 248.907865     -1.370   0.388500    16.5574     6.4564     -1.359     0.2249    -0.9744 -9.990e-29
 248.907870     -1.373   0.387902    16.5613     6.4542     -1.362     0.2245    -0.9753 -9.990e-29
 248.907876     -1.369   0.387407    16.5646     6.4605     -1.358     0.2242    -0.9761 -9.990e-29
 248.907882     -1.363   0.386912    16.5696     6.4607     -1.352     0.2239    -0.9772 -9.990e-29
 248.907888     -1.358   0.386313    16.5764     6.4712     -1.347     0.2235    -0.9786 -9.990e-29
 248.907894     -1.354   0.385924    16.5816     6.4702     -1.343     0.2232    -0.9797 -9.990e-29
 248.907899     -1.351   0.385783    16.5831     6.4659     -1.340     0.2231    -0.9800 -9.990e-29
 248.907905     -1.348   0.385699    16.5827     6.4640     -1.337     0.2231    -0.9800 -9.990e-29
 248.907911     -1.346   0.385561    16.5826     6.4595     -1.335     0.2230    -0.9801 -9.990e-29
 248.907917     -1.344   0.385185    16.5835     6.4588     -1.333     0.2228    -0.9804 -9.990e-29
 248.907922     -1.342   0.384627    16.5841     6.4582     -1.331     0.2224    -0.9807 -9.990e-29
 248.907928     -1.340   0.384256    16.5837     6.4584     -1.329     0.2222    -0.9808 -9.990e-29
 248.907934     -1.338   0.384132    16.5842     6.4582     -1.327     0.2221    -0.9810 -9.990e-29
 248.907940     -1.336   0.384091    16.5873     6.4580     -1.325     0.2221    -0.9815 -9.990e-29
 248.907946     -1.333   0.384077    16.5923     6.4655     -1.322     0.2221    -0.9824 -9.990e-29
 248.907951     -1.329   0.384072    16.5972     6.4678     -1.318     0.2220    -0.9833 -9.990e-29
 248.907957     -1.325   0.384070    16.6017     6.4678     -1.314     0.2220    -0.9841 -9.990e-29
 248.907963     -1.320   0.384069    16.6067     6.4666     -1.309     0.2220    -0.9849 -9.990e-29
 248.907969     -1.314   0.384069    16.6114     6.4620     -1.303     0.2220    -0.9857 -9.990e-29
 248.907975     -1.305   0.384069    16.6147     6.4609     -1.294     0.2219    -0.9863 -9.990e-29
 248.907980     -1.294   0.384069    16.6164     6.4598     -1.283     0.2219    -0.9866 -9.990e-29
 248.907986     -1.285   0.384069    16.6172     6.4594     -1.274     0.2219    -0.9868 -9.990e-29
 248.907992     -1.281   0.384069    16.6176     6.4526     -1.270     0.2219    -0.9868 -9.990e-29
 248.907998     -1.276   0.384069    16.6172     6.4508     -1.265     0.2219    -0.9868 -9.990e-29
 248.908003     -1.268   0.384068    16.6160     6.4496     -1.257     0.2219    -0.9865 -9.990e-29
 248.908009     -1.255   0.384066    16.6154     6.4583     -1.245     0.2219    -0.9864 -9.990e-29
 248.908015     -1.237   0.384061    16.6170     6.4711     -1.227     0.2219    -0.9867 -9.990e-29
 248.908021     -1.216   0.384048    16.6217     6.4741     -1.206     0.2219    -0.9875 -9.990e-29
 248.908027     -1.200   0.384008    16.6281     6.4667     -1.190     0.2218    -0.9887 -9.990e-29
 248.908032     -1.192   0.383889    16.6335     6.4683     -1.182     0.2217    -0.9897 -9.990e-29
 248.908038     -1.187   0.383532    16.6364     6.4593     -1.177     0.2215    -0.9903 -9.990e-29
 248.908044     -1.181   0.383017    16.6370     6.4660     -1.171     0.2212    -0.9907 -9.990e-29
 248.908050     -1.177   0.382770    16.6384     6.4683     -1.167     0.2210    -0.9910 -9.990e-29
 248.908056     -1.181   0.383018    16.6414     6.4650     -1.171     0.2212    -0.9914 -9.990e-29
 248.908061     -1.186   0.383534    16.6435     6.4641     -1.176     0.2215    -0.9916 -9.990e-29
