data/oxygen options/ONMS/Olympic_Coast_National_Marine_Sanctuary_CTD_Data_2005_2023/raw_data/2014/CAST_KL050_140906faedb.cnv
* Sea-Bird SBE19 Data File:
* FileName = C:\2014 Mooring Data\Casts\CAST_KL050_140906.hex
* Software Version 1.59
* Temperature SN = 2997
* Conductivity SN = 2997
* System UpLoad Time = Sep 06 2014 00:35:05
** CAST_KL050_140906
* ds
# nquan = 9
# nvalues = 49                          
# units = specified
# name 0 = timeJ: Julian Days
# name 1 = prSM: Pressure, Strain Gauge [db]
# name 2 = c0mS/cm: Conductivity [mS/cm]
# name 3 = t090C: Temperature [ITS-90, deg C]
# name 4 = sbeox0ML/L: Oxygen, SBE 43 [ml/l]
# name 5 = depSM: Depth [salt water, m], lat = 47.5
# name 6 = sal00: Salinity, Practical [PSU]
# name 7 = sigma-é00: Density [sigma-theta, kg/m^3]
# name 8 = flag: flag
# span 0 = 249.019556, 249.020928       
# span 1 =      2.000,     50.000       
# span 2 =  34.101366,  37.828313       
# span 3 =     7.4865,    12.2007       
# span 4 =     0.4292,     9.3404       
# span 5 =      1.983,     49.577       
# span 6 =    32.7120,    33.6986       
# span 7 =    24.7749,    26.3266       
# span 8 = 0.0000e+00, 0.0000e+00       
# interval = decibars: 1                
# start_time = Sep 06 2014 00:22:20 [Instrument's time stamp, header]
# bad_flag = -9.990e-29
*END*
 249.019556      2.000  37.828313    12.2007     9.3404      1.983    32.7120    24.7749 0.0000e+00
 249.019588      3.000  37.451481    11.7527     9.2229      2.975    32.7402    24.8803 0.0000e+00
 249.019614      4.000  37.306985    11.5992     8.9438      3.967    32.7344    24.9041 0.0000e+00
 249.019640      5.000  37.218529    11.4702     7.9427      4.958    32.7616    24.9487 0.0000e+00
 249.019664      6.000  36.981113    11.1297     6.5628      5.950    32.8305    25.0635 0.0000e+00
 249.019688      7.000  36.387351    10.4752     6.1002      6.942    32.8264    25.1747 0.0000e+00
 249.019714      8.000  35.987296     9.9320     6.0933      7.933    32.9144    25.3351 0.0000e+00
 249.019738      9.000  35.824149     9.7338     5.8076      8.924    32.9289    25.3792 0.0000e+00
 249.019762     10.000  35.671501     9.5089     5.3011      9.916    32.9784    25.4545 0.0000e+00
 249.019789     11.000  35.441188     9.2642     4.8422     10.908    32.9661    25.4842 0.0000e+00
 249.019817     12.000  35.191079     8.9329     4.3601     11.899    33.0132    25.5732 0.0000e+00
 249.019839     13.000  34.825962     8.4632     4.1217     12.891    33.0685    25.6886 0.0000e+00
 249.019862     14.000  34.475439     8.1619     4.2274     13.883    32.9801    25.6642 0.0000e+00
 249.019896     15.000  34.364991     8.0573     4.1257     14.874    32.9606    25.6643 0.0000e+00
 249.019923     16.000  34.175254     7.7287     4.0215     15.866    33.0679    25.7960 0.0000e+00
 249.019944     17.000  34.103573     7.6158     4.1248     16.857    33.0976    25.8355 0.0000e+00
 249.019975     18.000  34.124090     7.6228     3.8744     17.849    33.1127    25.8463 0.0000e+00
 249.020001     19.000  34.101366     7.5399     3.6556     18.840    33.1667    25.9005 0.0000e+00
 249.020025     20.000  34.133988     7.5379     3.7340     19.832    33.2034    25.9297 0.0000e+00
 249.020056     21.000  34.150877     7.5538     3.5869     20.824    33.2060    25.9295 0.0000e+00
 249.020082     22.000  34.168030     7.5467     3.3983     21.815    33.2308    25.9500 0.0000e+00
 249.020109     23.000  34.208940     7.5701     2.7240     22.807    33.2521    25.9634 0.0000e+00
 249.020135     24.000  34.304906     7.6077     2.5158     23.798    33.3191    26.0108 0.0000e+00
 249.020163     25.000  34.342947     7.6169     2.4531     24.790    33.3508    26.0344 0.0000e+00
 249.020192     26.000  34.365023     7.6201     2.4755     25.781    33.3711    26.0499 0.0000e+00
 249.020219     27.000  34.375916     7.6208     2.5080     26.773    33.3817    26.0581 0.0000e+00
 249.020247     28.000  34.383760     7.6200     2.4978     27.764    33.3904    26.0651 0.0000e+00
 249.020276     29.000  34.389024     7.6190     2.4443     28.756    33.3966    26.0701 0.0000e+00
 249.020301     30.000  34.395841     7.6173     2.5461     29.747    33.4051    26.0771 0.0000e+00
 249.020331     31.000  34.397303     7.6129     2.9465     30.739    33.4105    26.0819 0.0000e+00
 249.020360     32.000  34.375156     7.5619     3.4346     31.731    33.4351    26.1086 0.0000e+00
 249.020391     33.000  34.345742     7.5200     3.1862     32.722    33.4432    26.1209 0.0000e+00
 249.020421     34.000  34.363757     7.5064     2.9056     33.714    33.4754    26.1481 0.0000e+00
 249.020448     35.000  34.402425     7.5160     2.8260     34.705    33.5075    26.1720 0.0000e+00
 249.020475     36.000  34.419803     7.5217     2.7607     35.696    33.5202    26.1812 0.0000e+00
 249.020505     37.000  34.438984     7.5259     2.6073     36.688    33.5365    26.1934 0.0000e+00
 249.020537     38.000  34.451150     7.5250     1.9907     37.679    33.5500    26.2042 0.0000e+00
 249.020563     39.000  34.466691     7.5213     1.6315     38.670    33.5699    26.2204 0.0000e+00
 249.020592     40.000  34.486083     7.5156     1.3434     39.662    33.5959    26.2417 0.0000e+00
 249.020625     41.000  34.502521     7.5087     0.9475     40.654    33.6199    26.2615 0.0000e+00
 249.020652     42.000  34.519939     7.5035     0.8308     41.645    33.6433    26.2807 0.0000e+00
 249.020678     43.000  34.531102     7.5013     0.7523     42.637    33.6571    26.2918 0.0000e+00
 249.020706     44.000  34.538320     7.4980     0.6611     43.628    33.6676    26.3006 0.0000e+00
 249.020737     45.000  34.545273     7.4932     0.4441     44.620    33.6793    26.3105 0.0000e+00
 249.020764     46.000  34.552822     7.4888     0.4803     45.611    33.6913    26.3206 0.0000e+00
 249.020794     47.000  34.555009     7.4880     0.4670     46.603    33.6939    26.3227 0.0000e+00
 249.020822     48.000  34.556903     7.4865     0.4668     47.594    33.6970    26.3254 0.0000e+00
 249.020854     49.000  34.558817     7.4865     0.4399     48.585    33.6986    26.3266 0.0000e+00
 249.020928     50.000  34.559086     7.4874     0.4292     49.577    33.6975    26.3257 0.0000e+00
