data/oxygen options/ONMS/Olympic_Coast_National_Marine_Sanctuary_CTD_Data_2005_2023/raw_data/2014/CAST_KL027_140521faed.cnv
* Sea-Bird SBE19 Data File:
* FileName = C:\2014 Mooring Data\Casts\CAST_KL027_140521.hex
* Software Version 1.59
* Temperature SN = 2997
* Conductivity SN = 2997
* System UpLoad Time = May 23 2014 23:15:38
** CAST_KL027_140521
* ds
# nquan = 9                                 
# nvalues = 1644                        
# units = specified
# name 0 = timeJ: Julian Days
# name 1 = prSM: Pressure, Strain Gauge [db]
# name 2 = c0mS/cm: Conductivity [mS/cm]
# name 3 = t090C: Temperature [ITS-90, deg C]
# name 4 = sbeox0ML/L: Oxygen, SBE 43 [ml/l]
# name 5 = depSM: Depth [salt water, m], lat = 47.5
# name 6 = sal00: Salinity, Practical [PSU]
# name 7 = sigma-é00: Density [sigma-theta, kg/m^3]
# name 8 = flag: flag
# span 0 = 141.734479, 141.743987       
# span 1 =     -5.588,     27.734       
# span 2 =   0.047657,  36.269796       
# span 3 =     8.3461,    14.7078       
# span 4 =    -1.8037,    17.0872       
# span 5 =     -5.541,     27.501       
# span 6 =     0.0312,    33.3706       
# span 7 =    -0.8308,    25.8983       
# span 8 = 0.0000e+00, 0.0000e+00       
# interval = seconds: 0.5
# start_time = May 21 2014 17:37:39 [Instrument's time stamp, header]
# bad_flag = -9.990e-29
*END*
[from data line 161]
 141.735411     -2.201   0.167172    14.5754     5.8960     -2.183     0.1006    -0.7578 -9.990e-29
 141.735417     -2.192   0.166086    14.5798     5.8966     -2.174     0.0999    -0.7590 -9.990e-29
 141.735422     -2.186   0.166111    14.5837     5.9052     -2.168     0.0999    -0.7596 -9.990e-29
 141.735428     -2.181   0.166726    14.5824     5.8996     -2.163     0.1003    -0.7591 -9.990e-29
 141.735434     -2.179   0.166531    14.5748     5.9061     -2.161     0.1002    -0.7580 -9.990e-29
 141.735440     -2.179   0.165266    14.5663     5.8988     -2.161     0.0994    -0.7574 -9.990e-29
 141.735446     -2.176   0.164575    14.5616     5.8956     -2.158     0.0990    -0.7570 -9.990e-29
 141.735451     -2.166   0.165200    14.5608     5.8984     -2.148     0.0994    -0.7566 -9.990e-29
 141.735457     -2.153   0.165753    14.5615     5.8974     -2.135     0.0997    -0.7564 -9.990e-29
 141.735463     -2.140   0.165309    14.5608     5.9024     -2.122     0.0995    -0.7565 -9.990e-29
 141.735469     -2.126   0.164385    14.5583     5.9116     -2.108     0.0989    -0.7566 -9.990e-29
 141.735475     -2.111   0.163413    14.5553     5.9068     -2.093     0.0984    -0.7566 -9.990e-29
 141.735480     -2.094   0.162207    14.5518     5.9059     -2.077     0.0977    -0.7566 -9.990e-29
 141.735486     -2.077   0.160825    14.5474     5.9054     -2.060     0.0968    -0.7566 -9.990e-29
 141.735492     -2.064   0.159643    14.5418     5.9043     -2.047     0.0962    -0.7564 -9.990e-29
 141.735498     -2.054   0.158749    14.5353     5.9083     -2.037     0.0956    -0.7558 -9.990e-29
 141.735503     -2.046   0.158061    14.5283     5.9090     -2.029     0.0952    -0.7551 -9.990e-29
 141.735509     -2.037   0.157771    14.5207     5.9090     -2.020     0.0951    -0.7541 -9.990e-29
 141.735515     -2.024   0.158047    14.5125     5.9083     -2.007     0.0953    -0.7528 -9.990e-29
 141.735521     -2.012   0.158701    14.5041     5.9077     -1.995     0.0957    -0.7513 -9.990e-29
 141.735527     -1.995   0.158939    14.4955     5.9156     -1.978     0.0958    -0.7499 -9.990e-29
 141.735532     -1.973   0.157969    14.4865     5.9183     -1.957     0.0953    -0.7490 -9.990e-29
 141.735538     -1.952   0.156163    14.4779     5.9186     -1.936     0.0942    -0.7486 -9.990e-29
 141.735544     -1.936   0.154442    14.4714     5.9088     -1.920     0.0932    -0.7484 -9.990e-29
 141.735550     -1.923   0.153287    14.4675     5.9039     -1.907     0.0925    -0.7484 -9.990e-29
 141.735556     -1.913   0.152821    14.4651     5.9131     -1.897     0.0922    -0.7483 -9.990e-29
 141.735561     -1.905   0.152977    14.4651     5.9166     -1.889     0.0923    -0.7482 -9.990e-29
 141.735567     -1.898   0.153408    14.4676     5.9115     -1.882     0.0926    -0.7484 -9.990e-29
 141.735573     -1.892   0.153580    14.4705     5.9076     -1.876     0.0927    -0.7487 -9.990e-29
 141.735579     -1.888   0.153167    14.4716     5.9202     -1.872     0.0924    -0.7490 -9.990e-29
 141.735584     -1.883   0.152174    14.4700     5.9097     -1.867     0.0919    -0.7493 -9.990e-29
 141.735590     -1.879   0.150941    14.4668     5.9179     -1.863     0.0911    -0.7494 -9.990e-29
 141.735596     -1.875   0.150042    14.4622     5.9072     -1.859     0.0906    -0.7491 -9.990e-29
 141.735602     -1.870   0.149943    14.4567     5.9093     -1.854     0.0905    -0.7484 -9.990e-29
 141.735608     -1.864   0.150512    14.4532     5.9088     -1.848     0.0909    -0.7476 -9.990e-29
 141.735613     -1.858   0.150845    14.4539     5.9118     -1.843     0.0911    -0.7475 -9.990e-29
 141.735619     -1.850   0.150276    14.4564     5.9049     -1.835     0.0907    -0.7482 -9.990e-29
 141.735625     -1.840   0.149154    14.4578     5.8994     -1.825     0.0901    -0.7489 -9.990e-29
 141.735631     -1.827   0.148204    14.4583     5.9007     -1.812     0.0895    -0.7494 -9.990e-29
 141.735637     -1.816   0.147824    14.4590     5.8981     -1.801     0.0893    -0.7497 -9.990e-29
 141.735642     -1.808   0.147507    14.4606     5.9019     -1.793     0.0891    -0.7501 -9.990e-29
 141.735648     -1.805   0.146275    14.4628     5.9021     -1.790     0.0884    -0.7509 -9.990e-29
 141.735654     -1.805   0.143595    14.4659     5.9016     -1.790     0.0868    -0.7526 -9.990e-29
 141.735660     -1.805   0.140333    14.4716     5.9095     -1.790     0.0848    -0.7550 -9.990e-29
 141.735666     -1.800   0.138241    14.4819     5.9120     -1.785     0.0836    -0.7574 -9.990e-29
 141.735671     -1.790   0.137305    14.4951     5.9119     -1.775     0.0830    -0.7598 -9.990e-29
 141.735677     -1.779   0.136277    14.5062     5.9015     -1.764     0.0824    -0.7619 -9.990e-29
 141.735683     -1.770   0.134898    14.5135     5.9039     -1.755     0.0815    -0.7636 -9.990e-29
 141.735689     -1.757   0.134103    14.5184     5.9074     -1.742     0.0811    -0.7647 -9.990e-29
 141.735694     -1.737   0.134494    14.5214     5.9020     -1.723     0.0813    -0.7649 -9.990e-29
 141.735700     -1.712   0.135483    14.5233     5.9020     -1.698     0.0819    -0.7648 -9.990e-29
 141.735706     -1.689   0.136170    14.5252     5.9057     -1.675     0.0823    -0.7647 -9.990e-29
 141.735712     -1.672   0.135806    14.5264     5.9007     -1.658     0.0820    -0.7651 -9.990e-29
 141.735718     -1.658   0.134460    14.5263     5.9103     -1.644     0.0813    -0.7657 -9.990e-29
 141.735723     -1.647   0.133112    14.5260     5.9094     -1.633     0.0805    -0.7662 -9.990e-29
 141.735729     -1.638   0.132184    14.5250     5.9070     -1.624     0.0799    -0.7665 -9.990e-29
 141.735735     -1.631   0.131548    14.5215     5.9008     -1.617     0.0795    -0.7663 -9.990e-29
 141.735741     -1.626   0.131468    14.5159     5.9028     -1.612     0.0795    -0.7655 -9.990e-29
 141.735747     -1.621   0.131835    14.5116     5.9039     -1.607     0.0797    -0.7647 -9.990e-29
 141.735752     -1.617   0.132031    14.5109     5.9054     -1.604     0.0798    -0.7645 -9.990e-29
 141.735758     -1.614   0.131759    14.5135     5.9002     -1.601     0.0797    -0.7650 -9.990e-29
 141.735764     -1.610   0.131213    14.5182     5.8938     -1.597     0.0793    -0.7660 -9.990e-29
 141.735770     -1.607   0.130772    14.5236     5.8934     -1.594     0.0791    -0.7670 -9.990e-29
 141.735775     -1.603   0.130405    14.5284     5.9031     -1.590     0.0789    -0.7678 -9.990e-29
 141.735781     -1.599   0.130178    14.5318     5.9090     -1.586     0.0787    -0.7684 -9.990e-29
 141.735787     -1.594   0.130341    14.5340     5.9088     -1.581     0.0788    -0.7687 -9.990e-29
 141.735793     -1.587   0.130558    14.5367     5.9059     -1.574     0.0789    -0.7690 -9.990e-29
 141.735799     -1.580   0.130562    14.5403     5.9016     -1.567     0.0789    -0.7695 -9.990e-29
 141.735804     -1.570   0.130359    14.5425     5.9034     -1.557     0.0788    -0.7699 -9.990e-29
 141.735810     -1.558   0.129678    14.5425     5.9041     -1.545     0.0784    -0.7702 -9.990e-29
 141.735816     -1.546   0.128722    14.5430     5.9043     -1.533     0.0778    -0.7708 -9.990e-29
 141.735822     -1.539   0.128435    14.5451     5.9052     -1.526     0.0777    -0.7712 -9.990e-29
 141.735828     -1.532   0.128989    14.5480     5.9054     -1.519     0.0780    -0.7714 -9.990e-29
 141.735833     -1.520   0.129459    14.5508     5.8978     -1.507     0.0783    -0.7716 -9.990e-29
 141.735839     -1.507   0.129361    14.5534     5.9044     -1.494     0.0782    -0.7720 -9.990e-29
 141.735845     -1.499   0.129118    14.5554     5.9068     -1.486     0.0781    -0.7724 -9.990e-29
 141.735851     -1.497   0.128961    14.5543     5.9088     -1.485     0.0780    -0.7723 -9.990e-29
 141.735856     -1.492   0.128680    14.5493     5.9024     -1.480     0.0778    -0.7717 -9.990e-29
 141.735862     -1.484   0.127900    14.5435     5.8958     -1.472     0.0774    -0.7712 -9.990e-29
 141.735868     -1.477   0.126691    14.5388     5.9038     -1.465     0.0767    -0.7711 -9.990e-29
 141.735874     -1.465   0.126217    14.5346     5.9071     -1.453     0.0764    -0.7707 -9.990e-29
 141.735880     -1.448   0.126955    14.5309     5.9104     -1.436     0.0768    -0.7698 -9.990e-29
 141.735885     -1.430   0.127670    14.5277     5.9078     -1.418     0.0772    -0.7690 -9.990e-29
 141.735891     -1.408   0.127650    14.5249     5.9032     -1.396     0.0772    -0.7686 -9.990e-29
 141.735897     -1.386   0.127423    14.5232     5.9027     -1.374     0.0771    -0.7684 -9.990e-29
 141.735903     -1.368   0.127240    14.5233     5.8941     -1.357     0.0770    -0.7685 -9.990e-29
 141.735909     -1.350   0.126857    14.5250     5.9002     -1.339     0.0768    -0.7690 -9.990e-29
 141.735914     -1.338   0.126319    14.5275     5.9020     -1.327     0.0765    -0.7696 -9.990e-29
 141.735920     -1.334   0.126016    14.5309     5.9037     -1.323     0.0763    -0.7702 -9.990e-29
 141.735926     -1.334   0.126101    14.5355     5.9051     -1.323     0.0763    -0.7708 -9.990e-29
 141.735932     -1.333   0.126130    14.5407     5.9005     -1.322     0.0763    -0.7716 -9.990e-29
 141.735938     -1.332   0.125589    14.5455     5.9000     -1.321     0.0760    -0.7726 -9.990e-29
 141.735943     -1.330   0.124864    14.5499     5.8997     -1.319     0.0756    -0.7735 -9.990e-29
 141.735949     -1.327   0.124654    14.5537     5.8991     -1.316     0.0754    -0.7742 -9.990e-29
 141.735955     -1.324   0.124679    14.5566     5.8985     -1.313     0.0754    -0.7746 -9.990e-29
 141.735961     -1.319   0.124416    14.5590     5.8975     -1.308     0.0753    -0.7751 -9.990e-29
 141.735966     -1.313   0.124069    14.5614     5.8971     -1.302     0.0751    -0.7756 -9.990e-29
 141.735972     -1.309   0.123730    14.5642     5.8963     -1.298     0.0749    -0.7761 -9.990e-29
 141.735978     -1.312   0.123502    14.5677     5.8953     -1.301     0.0747    -0.7768 -9.990e-29
 141.735984     -1.317   0.123637    14.5717     5.8947     -1.306     0.0748    -0.7773 -9.990e-29
 141.735990     -1.321   0.123758    14.5757     5.8939     -1.310     0.0749    -0.7778 -9.990e-29
 141.735995     -1.323   0.123472    14.5797     5.8939     -1.312     0.0747    -0.7785 -9.990e-29
 141.736001     -1.324   0.122952    14.5842     5.8940     -1.313     0.0744    -0.7794 -9.990e-29
 141.736007     -1.324   0.122615    14.5894     5.8939     -1.313     0.0742    -0.7804 -9.990e-29
 141.736013     -1.322   0.122564    14.5950     5.8939     -1.311     0.0741    -0.7812 -9.990e-29
 141.736019     -1.320   0.122732    14.6007     5.8941     -1.309     0.0742    -0.7820 -9.990e-29
 141.736024     -1.316   0.122789    14.6070     5.8947     -1.305     0.0743    -0.7829 -9.990e-29
 141.736030     -1.310   0.122256    14.6135     5.8948     -1.299     0.0739    -0.7841 -9.990e-29
 141.736036     -1.302   0.121532    14.6193     5.8955     -1.291     0.0735    -0.7853 -9.990e-29
 141.736042     -1.296   0.121314    14.6232     5.8965     -1.285     0.0734    -0.7859 -9.990e-29
 141.736047     -1.295   0.121312    14.6250     5.8972     -1.284     0.0734    -0.7862 -9.990e-29
 141.736053     -1.296   0.120967    14.6255     5.8990     -1.285     0.0732    -0.7864 -9.990e-29
 141.736059     -1.295   0.120375    14.6255     5.9018     -1.284     0.0728    -0.7867 -9.990e-29
 141.736065     -1.290   0.119855    14.6249     5.9044     -1.279     0.0725    -0.7869 -9.990e-29
 141.736071     -1.281   0.119824    14.6232     5.9060     -1.270     0.0725    -0.7866 -9.990e-29
 141.736076     -1.269   0.120242    14.6204     5.9082     -1.258     0.0727    -0.7860 -9.990e-29
 141.736082     -1.257   0.120554    14.6167     5.9178     -1.247     0.0729    -0.7853 -9.990e-29
 141.736088     -1.247   0.120621    14.6115     5.9120     -1.237     0.0730    -0.7845 -9.990e-29
 141.736094     -1.240   0.120533    14.6042     5.9096     -1.230     0.0729    -0.7835 -9.990e-29
 141.736100     -1.235   0.120170    14.5946     5.9075     -1.225     0.0727    -0.7822 -9.990e-29
 141.736105     -1.228   0.119606    14.5811     5.9054     -1.218     0.0724    -0.7805 -9.990e-29
 141.736111     -1.218   0.119196    14.5637     5.9091     -1.208     0.0722    -0.7781 -9.990e-29
 141.736117     -1.208   0.118950    14.5460     5.9090     -1.198     0.0721    -0.7757 -9.990e-29
 141.736123     -1.199   0.118539    14.5302     5.9091     -1.189     0.0719    -0.7735 -9.990e-29
 141.736128     -1.189   0.117969    14.5166     5.9095     -1.179     0.0716    -0.7718 -9.990e-29
 141.736134     -1.178   0.117590    14.5070     5.9103     -1.168     0.0714    -0.7706 -9.990e-29
 141.736140     -1.165   0.117451    14.5027     5.9109     -1.155     0.0713    -0.7700 -9.990e-29
 141.736146     -1.149   0.117367    14.5022     5.9189     -1.139     0.0712    -0.7700 -9.990e-29
 141.736152     -1.134   0.117225    14.5029     5.9130     -1.125     0.0711    -0.7701 -9.990e-29
 141.736157     -1.123   0.116837    14.5038     5.9192     -1.114     0.0709    -0.7704 -9.990e-29
 141.736163     -1.116   0.116240    14.5050     5.9114     -1.107     0.0706    -0.7709 -9.990e-29
 141.736169     -1.111   0.115747    14.5055     5.9075     -1.102     0.0703    -0.7712 -9.990e-29
 141.736175     -1.108   0.115254    14.5045     5.9091     -1.099     0.0700    -0.7713 -9.990e-29
 141.736181     -1.108   0.114658    14.5016     5.9069     -1.099     0.0696    -0.7711 -9.990e-29
 141.736186     -1.110   0.114276    14.4977     5.9111     -1.101     0.0694    -0.7707 -9.990e-29
 141.736192     -1.115   0.114152    14.4944     5.9112     -1.106     0.0694    -0.7703 -9.990e-29
 141.736198     -1.122   0.114122    14.4925     5.9110     -1.113     0.0693    -0.7700 -9.990e-29
 141.736204     -1.128   0.114145    14.4912     5.9105     -1.119     0.0694    -0.7698 -9.990e-29
 141.736209     -1.129   0.114250    14.4898     5.9016     -1.120     0.0694    -0.7696 -9.990e-29
 141.736215     -1.125   0.114577    14.4888     5.9084     -1.116     0.0696    -0.7693 -9.990e-29
 141.736221     -1.116   0.115008    14.4888     5.9107     -1.107     0.0699    -0.7691 -9.990e-29
 141.736227     -1.106   0.115008    14.4897     5.9130     -1.097     0.0699    -0.7692 -9.990e-29
 141.736233     -1.098   0.114577    14.4905     5.9155     -1.089     0.0696    -0.7695 -9.990e-29
 141.736238     -1.091   0.114249    14.4907     5.9113     -1.082     0.0694    -0.7697 -9.990e-29
 141.736244     -1.085   0.114139    14.4910     5.9111     -1.076     0.0694    -0.7698 -9.990e-29
 141.736250     -1.081   0.114103    14.4924     5.9108     -1.072     0.0693    -0.7700 -9.990e-29
 141.736256     -1.077   0.114091    14.4947     5.9113     -1.068     0.0693    -0.7703 -9.990e-29
 141.736262     -1.073   0.114087    14.4961     5.9116     -1.064     0.0693    -0.7706 -9.990e-29
 141.736267     -1.069   0.114085    14.4953     5.9121     -1.060     0.0693    -0.7704 -9.990e-29
 141.736273     -1.065   0.114083    14.4933     5.9130     -1.056     0.0693    -0.7701 -9.990e-29
 141.736279     -1.061   0.114078    14.4913     5.9226     -1.052     0.0693    -0.7699 -9.990e-29
 141.736285     -1.056   0.114063    14.4898     5.9174     -1.047     0.0693    -0.7696 -9.990e-29
 141.736291     -1.050   0.114018    14.4896     5.9161     -1.041     0.0693    -0.7696 -9.990e-29
 141.736296     -1.043   0.113881    14.4903     5.9219     -1.034     0.0692    -0.7698 -9.990e-29
 141.736302     -1.033   0.113472    14.4905     5.9139     -1.024     0.0690    -0.7700 -9.990e-29
 141.736308     -1.022   0.112798    14.4892     5.9160     -1.013     0.0686    -0.7701 -9.990e-29
 141.736314     -1.007   0.112071    14.4863     5.9148     -0.999     0.0681    -0.7700 -9.990e-29
 141.736319     -0.992   0.111429    14.4814     5.9126     -0.984     0.0678    -0.7696 -9.990e-29
 141.736325     -0.985   0.111128    14.4742     5.9171     -0.977     0.0676    -0.7687 -9.990e-29
