data/oxygen options/ONMS/Olympic_Coast_National_Marine_Sanctuary_CTD_Data_2005_2023/raw_data/2014/CAST_CA015_140520faed.cnv
* Sea-Bird SBE19 Data File:
* FileName = C:\2014 Mooring Data\Casts\CAST_CA042_140520.hex
* Software Version 1.59
* Temperature SN = 2997
* Conductivity SN = 2997
* System UpLoad Time = May 20 2014 22:13:19
** CAST_CA042_140520
* ds
# nquan = 9                                 
# nvalues = 822                         
# units = specified
# name 0 = timeJ: Julian Days
# name 1 = prSM: Pressure, Strain Gauge [db]
# name 2 = c0mS/cm: Conductivity [mS/cm]
# name 3 = t090C: Temperature [ITS-90, deg C]
# name 4 = sbeox0ML/L: Oxygen, SBE 43 [ml/l]
# name 5 = depSM: Depth [salt water, m], lat = 47.5
# name 6 = sal00: Salinity, Practical [PSU]
# name 7 = sigma-é00: Density [sigma-theta, kg/m^3]
# name 8 = flag: flag
# span 0 = 140.863241, 140.867992       
# span 1 =     -5.643,     13.096       
# span 2 =   0.102268,  36.945355       
# span 3 =    11.7070,    15.4310       
# span 4 =    -1.7798,    15.8291       
# span 5 =     -5.596,     12.986       
# span 6 =     0.0615,    30.6832       
# span 7 =    -0.9161,    23.2921       
# span 8 = 0.0000e+00, 0.0000e+00       
# interval = seconds: 0.5
# start_time = May 20 2014 20:43:04 [Instrument's time stamp, header]
# bad_flag = -9.990e-29
*END*
 140.863241     -5.643 -9.990e-29    15.3442    -1.7748     -5.596 -9.990e-29 -9.990e-29 -9.990e-29
 140.863247     -5.640   0.107388    15.3424    -1.7748     -5.593     0.0644    -0.9015 -9.990e-29
 140.863252     -5.637   0.107388    15.3391    -1.7750     -5.590     0.0644    -0.9009 -9.990e-29
 140.863258     -5.633   0.107388    15.3374    -1.7755     -5.586     0.0644    -0.9007 -9.990e-29
 140.863264     -5.627   0.107388    15.3381    -1.7762     -5.580     0.0644    -0.9008 -9.990e-29
 140.863270     -5.620   0.107388    15.3407    -1.7767     -5.573     0.0644    -0.9012 -9.990e-29
 140.863275     -5.611   0.107387    15.3451    -1.7769     -5.564     0.0644    -0.9019 -9.990e-29
 140.863281     -5.600   0.107386    15.3495    -1.7774     -5.553     0.0644    -0.9026 -9.990e-29
 140.863287     -5.585   0.107385    15.3522    -1.7784     -5.538     0.0644    -0.9030 -9.990e-29
 140.863293     -5.566   0.107384    15.3527    -1.7791     -5.520     0.0644    -0.9031 -9.990e-29
 140.863299     -5.541   0.107383    15.3506    -1.7796     -5.495     0.0644    -0.9027 -9.990e-29
 140.863304     -5.509   0.107382    15.3445    -1.7798     -5.463     0.0644    -0.9018 -9.990e-29
 140.863310     -5.473   0.107380    15.3338    -1.7795     -5.427     0.0644    -0.9001 -9.990e-29
 140.863316     -5.438   0.107379    15.3203    -1.7791     -5.393     0.0644    -0.8980 -9.990e-29
 140.863322     -5.406   0.107378    15.3074    -1.7789     -5.361     0.0644    -0.8960 -9.990e-29
 140.863328     -5.376   0.107377    15.2951    -1.7791     -5.331     0.0644    -0.8941 -9.990e-29
 140.863333     -5.346   0.107376    15.2800    -1.7791     -5.301     0.0644    -0.8918 -9.990e-29
 140.863339     -5.313   0.107375    15.2619    -1.7784     -5.269     0.0645    -0.8889 -9.990e-29
 140.863345     -5.276   0.107374    15.2454    -1.7776     -5.232     0.0645    -0.8864 -9.990e-29
 140.863351     -5.237   0.107373    15.2342    -1.7769     -5.193     0.0645    -0.8847 -9.990e-29
 140.863356     -5.201   0.107372    15.2300    -1.7766     -5.158     0.0645    -0.8840 -9.990e-29
 140.863362     -5.170   0.107371    15.2327    -1.7762     -5.127     0.0645    -0.8844 -9.990e-29
 140.863368     -5.143   0.107369    15.2385    -1.7753     -5.100     0.0645    -0.8853 -9.990e-29
 140.863374     -5.119   0.107366    15.2428    -1.7746     -5.076     0.0645    -0.8860 -9.990e-29
 140.863380     -5.094   0.107360    15.2454    -1.7739     -5.052     0.0645    -0.8864 -9.990e-29
 140.863385     -5.068   0.107345    15.2514    -1.7736     -5.026     0.0645    -0.8873 -9.990e-29
 140.863391     -5.040   0.107303    15.2645    -1.7731     -4.998     0.0644    -0.8894 -9.990e-29
 140.863397     -5.007   0.107179    15.2820    -1.7728     -4.965     0.0643    -0.8921 -9.990e-29
 140.863403     -4.971   0.106808    15.2985    -1.7727     -4.930     0.0641    -0.8949 -9.990e-29
 140.863409     -4.939   0.106252    15.3126    -1.7725     -4.898     0.0638    -0.8973 -9.990e-29
 140.863414     -4.914   0.105881    15.3274    -1.7722     -4.873     0.0635    -0.8998 -9.990e-29
 140.863420     -4.892   0.105757    15.3451    -1.7721     -4.851     0.0634    -0.9026 -9.990e-29
 140.863426     -4.874   0.105715    15.3634    -1.7722     -4.833     0.0634    -0.9055 -9.990e-29
 140.863432     -4.858   0.105700    15.3793    -1.7724     -4.818     0.0634    -0.9080 -9.990e-29
 140.863438     -4.838   0.105694    15.3925    -1.7724     -4.798     0.0633    -0.9100 -9.990e-29
 140.863443     -4.810   0.105691    15.4035    -1.7725     -4.770     0.0633    -0.9117 -9.990e-29
 140.863449     -4.775   0.105689    15.4117    -1.7725     -4.735     0.0633    -0.9130 -9.990e-29
 140.863455     -4.740   0.105688    15.4178    -1.7727     -4.700     0.0633    -0.9140 -9.990e-29
 140.863461     -4.707   0.105687    15.4236    -1.7729     -4.668     0.0633    -0.9149 -9.990e-29
 140.863466     -4.674   0.105686    15.4286    -1.7731     -4.635     0.0633    -0.9157 -9.990e-29
 140.863472     -4.643   0.105685    15.4310    -1.7734     -4.604     0.0633    -0.9161 -9.990e-29
 140.863478     -4.616   0.105684    15.4304    -1.7735     -4.578     0.0633    -0.9160 -9.990e-29
 140.863484     -4.592   0.105683    15.4284    -1.7736     -4.554     0.0633    -0.9156 -9.990e-29
 140.863490     -4.569   0.105681    15.4264    -1.7742     -4.531     0.0633    -0.9153 -9.990e-29
 140.863495     -4.546   0.105680    15.4245    -1.7749     -4.508     0.0633    -0.9150 -9.990e-29
 140.863501     -4.521   0.105679    15.4219    -1.7751     -4.483     0.0633    -0.9146 -9.990e-29
 140.863507     -4.493   0.105678    15.4183    -1.7755     -4.456     0.0633    -0.9141 -9.990e-29
 140.863513     -4.459   0.105677    15.4140    -1.7755     -4.422     0.0633    -0.9134 -9.990e-29
 140.863519     -4.423   0.105676    15.4087    -1.7756     -4.386     0.0633    -0.9126 -9.990e-29
 140.863524     -4.390   0.105675    15.4031    -1.7759     -4.353     0.0633    -0.9117 -9.990e-29
 140.863530     -4.362   0.105674    15.3977    -1.7759     -4.326     0.0633    -0.9108 -9.990e-29
 140.863536     -4.337   0.105673    15.3900    -1.7758     -4.301     0.0633    -0.9096 -9.990e-29
 140.863542     -4.315   0.105672    15.3783    -1.7760     -4.279     0.0633    -0.9078 -9.990e-29
 140.863547     -4.294   0.105670    15.3658    -1.7762     -4.258     0.0634    -0.9058 -9.990e-29
 140.863553     -4.272   0.105669    15.3558    -1.7762     -4.236     0.0634    -0.9043 -9.990e-29
 140.863559     -4.247   0.105668    15.3488    -1.7762     -4.212     0.0634    -0.9032 -9.990e-29
 140.863565     -4.224   0.105667    15.3445    -1.7762     -4.189     0.0634    -0.9025 -9.990e-29
 140.863571     -4.204   0.105666    15.3412    -1.7762     -4.169     0.0634    -0.9020 -9.990e-29
 140.863576     -4.181   0.105665    15.3380    -1.7767     -4.146     0.0634    -0.9015 -9.990e-29
 140.863582     -4.155   0.105664    15.3360    -1.7772     -4.120     0.0634    -0.9012 -9.990e-29
 140.863588     -4.132   0.105663    15.3346    -1.7771     -4.098     0.0634    -0.9010 -9.990e-29
 140.863594     -4.116   0.105661    15.3319    -1.7766     -4.082     0.0634    -0.9006 -9.990e-29
 140.863600     -4.104   0.105658    15.3288    -1.7763     -4.070     0.0634    -0.9001 -9.990e-29
 140.863605     -4.092   0.105652    15.3271    -1.7761     -4.058     0.0634    -0.8998 -9.990e-29
 140.863611     -4.076   0.105637    15.3264    -1.7763     -4.042     0.0634    -0.8997 -9.990e-29
 140.863617     -4.057   0.105595    15.3249    -1.7766     -4.023     0.0634    -0.8995 -9.990e-29
 140.863623     -4.040   0.105471    15.3208    -1.7765     -4.006     0.0633    -0.8989 -9.990e-29
 140.863628     -4.024   0.105100    15.3140    -1.7762     -3.990     0.0631    -0.8980 -9.990e-29
 140.863634     -4.006   0.104544    15.3087    -1.7761     -3.973     0.0628    -0.8974 -9.990e-29
 140.863640     -3.987   0.104173    15.3094    -1.7760     -3.954     0.0626    -0.8977 -9.990e-29
 140.863646     -3.964   0.104049    15.3155    -1.7759     -3.931     0.0625    -0.8987 -9.990e-29
 140.863652     -3.937   0.104007    15.3224    -1.7762     -3.904     0.0625    -0.8998 -9.990e-29
 140.863657     -3.908   0.103992    15.3257    -1.7765     -3.875     0.0624    -0.9003 -9.990e-29
 140.863663     -3.883   0.103987    15.3247    -1.7768     -3.851     0.0624    -0.9002 -9.990e-29
 140.863669     -3.866   0.103984    15.3228    -1.7772     -3.834     0.0624    -0.8999 -9.990e-29
 140.863675     -3.856   0.103982    15.3232    12.0010     -3.824     0.0624    -0.8999 -9.990e-29
 140.863681     -3.851   0.103981    15.3258    15.7066     -3.819     0.0624    -0.9003 -9.990e-29
 140.863686     -3.843   0.103979    15.3292    15.8291     -3.811     0.0624    -0.9009 -9.990e-29
 140.863692     -3.822   0.103978    15.3317    12.4876     -3.790     0.0624    -0.9013 -9.990e-29
 140.863698     -3.797   0.103977    15.3313     5.7347     -3.765     0.0624    -0.9012 -9.990e-29
 140.863704     -3.774   0.103976    15.3271     5.5416     -3.743     0.0624    -0.9006 -9.990e-29
 140.863709     -3.751   0.103975    15.3201     5.5397     -3.720     0.0624    -0.8995 -9.990e-29
 140.863715     -3.727   0.103974    15.3120     5.5478     -3.696     0.0625    -0.8982 -9.990e-29
 140.863721     -3.704   0.103973    15.3041     5.5469     -3.673     0.0625    -0.8970 -9.990e-29
 140.863727     -3.687   0.103972    15.2974     5.5480     -3.656     0.0625    -0.8959 -9.990e-29
 140.863733     -3.672   0.103971    15.2915     5.5366     -3.641     0.0625    -0.8950 -9.990e-29
 140.863738     -3.657   0.103970    15.2871     5.5435     -3.627     0.0625    -0.8943 -9.990e-29
 140.863744     -3.634   0.103968    15.2866     5.5383     -3.604     0.0625    -0.8943 -9.990e-29
 140.863750     -3.611   0.103966    15.2904     5.5391     -3.581     0.0625    -0.8948 -9.990e-29
 140.863756     -3.591   0.103964    15.2952     5.5490     -3.561     0.0625    -0.8956 -9.990e-29
 140.863762     -3.569   0.103958    15.2973     5.5417     -3.539     0.0625    -0.8959 -9.990e-29
 140.863767     -3.547   0.103943    15.2958     5.5445     -3.517     0.0625    -0.8957 -9.990e-29
 140.863773     -3.529   0.103901    15.2936     5.5435     -3.500     0.0624    -0.8954 -9.990e-29
 140.863779     -3.512   0.103777    15.2924     5.5505     -3.483     0.0624    -0.8952 -9.990e-29
 140.863785     -3.496   0.103406    15.2899     5.5491     -3.467     0.0622    -0.8950 -9.990e-29
 140.863791     -3.480   0.102850    15.2848     5.5549     -3.451     0.0618    -0.8945 -9.990e-29
 140.863796     -3.463   0.102479    15.2788     5.5460     -3.434     0.0616    -0.8937 -9.990e-29
 140.863802     -3.444   0.102355    15.2736     5.5491     -3.415     0.0616    -0.8930 -9.990e-29
 140.863808     -3.422   0.102313    15.2695     5.5525     -3.393     0.0616    -0.8923 -9.990e-29
 140.863814     -3.395   0.102298    15.2646     5.5505     -3.367     0.0616    -0.8916 -9.990e-29
 140.863819     -3.366   0.102292    15.2581     5.5521     -3.338     0.0616    -0.8906 -9.990e-29
 140.863825     -3.341   0.102289    15.2509     5.5474     -3.313     0.0616    -0.8895 -9.990e-29
 140.863831     -3.324   0.102287    15.2444     5.5474     -3.296     0.0616    -0.8885 -9.990e-29
 140.863837     -3.308   0.102286    15.2409     5.5494     -3.280     0.0616    -0.8879 -9.990e-29
 140.863843     -3.289   0.102285    15.2420     5.5510     -3.262     0.0616    -0.8881 -9.990e-29
 140.863848     -3.270   0.102284    15.2469     5.5528     -3.243     0.0616    -0.8888 -9.990e-29
 140.863854     -3.253   0.102283    15.2527     5.5550     -3.226     0.0616    -0.8897 -9.990e-29
 140.863860     -3.238   0.102282    15.2570     5.5553     -3.211     0.0616    -0.8904 -9.990e-29
 140.863866     -3.224   0.102281    15.2601     5.5564     -3.197     0.0615    -0.8909 -9.990e-29
 140.863872     -3.209   0.102280    15.2629     5.5570     -3.182     0.0615    -0.8913 -9.990e-29
 140.863877     -3.198   0.102279    15.2640     5.5644     -3.171     0.0615    -0.8915 -9.990e-29
 140.863883     -3.193   0.102277    15.2602     5.5572     -3.166     0.0615    -0.8909 -9.990e-29
 140.863889     -3.186   0.102276    15.2505     5.5544     -3.159     0.0616    -0.8894 -9.990e-29
 140.863895     -3.169   0.102275    15.2376     5.5516     -3.143     0.0616    -0.8874 -9.990e-29
 140.863900     -3.143   0.102275    15.2240     5.5572     -3.117     0.0616    -0.8853 -9.990e-29
 140.863906     -3.116   0.102275    15.2116     5.5627     -3.090     0.0616    -0.8834 -9.990e-29
 140.863912     -3.095   0.102279    15.2025     5.5543     -3.069     0.0616    -0.8820 -9.990e-29
 140.863918     -3.078   0.102292    15.1964     5.5578     -3.052     0.0616    -0.8810 -9.990e-29
 140.863924     -3.060   0.102332    15.1938     5.5558     -3.034     0.0617    -0.8806 -9.990e-29
 140.863929     -3.045   0.102454    15.1962     5.5583     -3.020     0.0617    -0.8809 -9.990e-29
 140.863935     -3.030   0.102823    15.2024     5.5592     -3.005     0.0619    -0.8817 -9.990e-29
 140.863941     -3.012   0.103376    15.2094     5.5557     -2.987     0.0622    -0.8826 -9.990e-29
 140.863947     -2.993   0.103743    15.2156     5.5554     -2.968     0.0624    -0.8834 -9.990e-29
 140.863953     -2.976   0.103861    15.2203     5.5558     -2.951     0.0625    -0.8840 -9.990e-29
 140.863958     -2.961   0.103887    15.2242     5.5558     -2.936     0.0625    -0.8846 -9.990e-29
 140.863964     -2.945   0.103860    15.2280     5.5567     -2.920     0.0625    -0.8852 -9.990e-29
 140.863970     -2.929   0.103744    15.2311     5.5573     -2.905     0.0624    -0.8857 -9.990e-29
 140.863976     -2.915   0.103384    15.2324     5.5624     -2.891     0.0622    -0.8861 -9.990e-29
 140.863981     -2.907   0.102857    15.2330     5.5666     -2.883     0.0619    -0.8864 -9.990e-29
 140.863987     -2.900   0.102569    15.2343     5.5678     -2.876     0.0617    -0.8868 -9.990e-29
 140.863993     -2.890   0.102692    15.2352     5.5765     -2.866     0.0618    -0.8868 -9.990e-29
 140.863999     -2.875   0.102836    15.2351     5.5701     -2.851     0.0619    -0.8868 -9.990e-29
 140.864005     -2.855   0.102637    15.2336     5.5664     -2.831     0.0618    -0.8866 -9.990e-29
 140.864010     -2.832   0.102386    15.2296     5.5637     -2.808     0.0616    -0.8861 -9.990e-29
 140.864016     -2.810   0.102303    15.2217     5.5612     -2.787     0.0616    -0.8849 -9.990e-29
 140.864022     -2.788   0.102278    15.2056     5.5655     -2.765     0.0616    -0.8825 -9.990e-29
 140.864028     -2.767   0.102278    15.1802     5.5673     -2.744     0.0616    -0.8785 -9.990e-29
 140.864034     -2.751   0.102302    15.1551     5.5682     -2.728     0.0617    -0.8747 -9.990e-29
 140.864039     -2.739   0.102383    15.1392     5.5688     -2.716     0.0617    -0.8722 -9.990e-29
 140.864045     -2.730   0.102629    15.1329     5.5686     -2.707     0.0619    -0.8711 -9.990e-29
 140.864051     -2.719   0.102814    15.1346     5.5683     -2.696     0.0620    -0.8713 -9.990e-29
 140.864057     -2.702   0.102629    15.1411     5.5675     -2.679     0.0619    -0.8724 -9.990e-29
 140.864062     -2.681   0.102382    15.1473     5.5677     -2.659     0.0617    -0.8734 -9.990e-29
 140.864068     -2.660   0.102300    15.1495     5.5684     -2.638     0.0617    -0.8738 -9.990e-29
 140.864074     -2.641   0.102274    15.1460     5.5702     -2.619     0.0617    -0.8733 -9.990e-29
 140.864080     -2.627   0.102268    15.1386     5.5720     -2.605     0.0617    -0.8721 -9.990e-29
 140.864086     -2.614   0.102275    15.1318     5.5730     -2.592     0.0617    -0.8711 -9.990e-29
 140.864091     -2.597   0.102306    15.1281     5.5738     -2.575     0.0617    -0.8705 -9.990e-29
 140.864097     -2.578   0.102401    15.1275     5.5735     -2.557     0.0618    -0.8704 -9.990e-29
 140.864103     -2.560   0.102689    15.1291     5.5812     -2.539     0.0619    -0.8705 -9.990e-29
 140.864109     -2.543   0.102997    15.1304     5.5824     -2.522     0.0621    -0.8706 -9.990e-29
 140.864115     -2.525   0.103181    15.1286     5.5744     -2.504     0.0622    -0.8702 -9.990e-29
 140.864120     -2.505   0.103489    15.1222     5.5788     -2.484     0.0624    -0.8691 -9.990e-29
 140.864126     -2.486   0.103777    15.1117     5.5784     -2.465     0.0626    -0.8673 -9.990e-29
 140.864132     -2.472   0.103873    15.1004     5.5810     -2.451     0.0626    -0.8656 -9.990e-29
 140.864138     -2.460   0.103905    15.0916     5.5832     -2.439     0.0627    -0.8642 -9.990e-29
 140.864144     -2.452   0.103915    15.0868     5.5796     -2.432     0.0627    -0.8635 -9.990e-29
 140.864149     -2.446   0.103919    15.0860     5.5803     -2.426     0.0627    -0.8634 -9.990e-29
 140.864155     -2.441   0.103922    15.0878     5.5793     -2.421     0.0627    -0.8636 -9.990e-29
 140.864161     -2.438   0.103927    15.0897     5.5788     -2.418     0.0627    -0.8639 -9.990e-29
