data/oxygen options/ONMS/Olympic_Coast_National_Marine_Sanctuary_CTD_Data_2005_2023/raw_data/2014/CAST_MB015_140630faed.cnv
* Sea-Bird SBE19 Data File:
* FileName = C:\2014 Mooring Data\Casts\CAST_MB015_140630.hex
* Software Version 1.59
* Temperature SN = 2997
* Conductivity SN = 2997
* System UpLoad Time = Jul 01 2014 17:30:18
** CAST_MB015_140630
* ds
# nquan = 9                                 
# nvalues = 852                         
# units = specified
# name 0 = timeJ: Julian Days
# name 1 = prSM: Pressure, Strain Gauge [db]
# name 2 = c0mS/cm: Conductivity [mS/cm]
# name 3 = t090C: Temperature [ITS-90, deg C]
# name 4 = sbeox0ML/L: Oxygen, SBE 43 [ml/l]
# name 5 = depSM: Depth [salt water, m], lat = 47.5
# name 6 = sal00: Salinity, Practical [PSU]
# name 7 = sigma-é00: Density [sigma-theta, kg/m^3]
# name 8 = flag: flag
# span 0 = 181.844144, 181.849068       
# span 1 =     -6.070,     15.517       
# span 2 =   0.048074,  38.151344       
# span 3 =    11.3752,    16.3543       
# span 4 =    -1.7566,    19.0617       
# span 5 =     -6.019,     15.387       
# span 6 =     0.0309,    32.0720       
# span 7 =    -1.0877,    24.4301       
# span 8 = 0.0000e+00, 0.0000e+00       
# interval = seconds: 0.5
# start_time = Jun 30 2014 20:15:34 [Instrument's time stamp, header]
# bad_flag = -9.990e-29
*END*
[from data line 641]
 181.847853      2.379  37.777040    13.7658     5.9696      2.359    31.3401    23.4080 0.0000e+00
 181.847859      2.508  37.776536    13.7558     5.9675      2.487    31.3478    23.4159 -9.990e-29
 181.847865      2.624  37.773354    13.7196     5.9920      2.602    31.3744    23.4438 -9.990e-29
 181.847870      2.736  37.764299    13.6493     5.9834      2.713    31.4236    23.4959 -9.990e-29
 181.847876      2.850  37.750690    13.5648     5.9550      2.826    31.4805    23.5567 -9.990e-29
 181.847882      2.973  37.733935    13.4843     5.9170      2.948    31.5312    23.6120 -9.990e-29
 181.847888      3.110  37.708435    13.4153     5.8904      3.084    31.5645    23.6514 0.0000e+00
 181.847894      3.256  37.676563    13.3662     5.8778      3.229    31.5754    23.6695 0.0000e+00
 181.847899      3.403  37.647338    13.3407     5.8797      3.375    31.5692    23.6698 0.0000e+00
 181.847905      3.547  37.623775    13.3159     5.8849      3.517    31.5677    23.6736 0.0000e+00
 181.847911      3.694  37.601299    13.2624     5.8656      3.663    31.5911    23.7022 0.0000e+00
 181.847917      3.849  37.570060    13.1858     5.8604      3.817    31.6255    23.7438 0.0000e+00
 181.847922      4.008  37.525914    13.1115     5.8320      3.975    31.6459    23.7742 0.0000e+00
 181.847928      4.169  37.472177    13.0538     5.8060      4.134    31.6435    23.7836 0.0000e+00
 181.847934      4.334  37.420123    13.0027     5.7896      4.298    31.6372    23.7887 0.0000e+00
 181.847940      4.504  37.381027    12.9365     5.7624      4.466    31.6556    23.8158 0.0000e+00
 181.847946      4.682  37.347552    12.8472     5.7502      4.643    31.6988    23.8665 0.0000e+00
 181.847951      4.866  37.302470    12.7380     5.7298      4.825    31.7478    23.9254 0.0000e+00
 181.847957      5.051  37.237189    12.6248     5.7249      5.009    31.7812    23.9730 0.0000e+00
 181.847963      5.235  37.166099    12.5392     5.7449      5.191    31.7859    23.9929 0.0000e+00
 181.847969      5.422  37.114345    12.4935     5.7588      5.377    31.7751    23.9933 0.0000e+00
 181.847975      5.612  37.085741    12.4665     5.7612      5.565    31.7707    23.9950 0.0000e+00
 181.847980      5.802  37.066737    12.4327     5.7538      5.753    31.7811    24.0094 0.0000e+00
 181.847986      5.997  37.044256    12.3901     5.7183      5.947    31.7956    24.0287 0.0000e+00
 181.847992      6.195  37.018538    12.3564     5.6844      6.143    31.7995    24.0381 0.0000e+00
 181.847998      6.394  37.001203    12.3420     5.6452      6.341    31.7951    24.0374 0.0000e+00
 181.848003      6.592  36.993734    12.3305     5.6273      6.537    31.7976    24.0415 0.0000e+00
 181.848009      6.794  36.982730    12.3015     5.6258      6.737    31.8116    24.0579 0.0000e+00
 181.848015      7.003  36.962420    12.2625     5.6330      6.944    31.8252    24.0757 0.0000e+00
 181.848021      7.220  36.941548    12.2310     5.6408      7.160    31.8319    24.0868 0.0000e+00
 181.848027      7.438  36.926419    12.2132     5.6524      7.376    31.8325    24.0906 0.0000e+00
 181.848032      7.649  36.918091    12.2039     5.6675      7.585    31.8323    24.0922 0.0000e+00
 181.848038      7.853  36.912673    12.1913     5.6872      7.787    31.8377    24.0988 0.0000e+00
 181.848044      8.056  36.902306    12.1693     5.6967      7.989    31.8464    24.1096 0.0000e+00
 181.848050      8.256  36.885994    12.1426     5.6794      8.187    31.8534    24.1201 0.0000e+00
 181.848056      8.455  36.869957    12.1201     5.6564      8.384    31.8571    24.1271 0.0000e+00
 181.848061      8.655  36.859096    12.1057     5.6269      8.583    31.8589    24.1312 0.0000e+00
 181.848067      8.857  36.852876    12.0968     5.6245      8.783    31.8604    24.1340 0.0000e+00
 181.848073      9.057  36.848534    12.0881     5.6339      8.981    31.8636    24.1381 0.0000e+00
 181.848079      9.250  36.842451    12.0742     5.6368      9.173    31.8695    24.1453 0.0000e+00
 181.848084      9.436  36.830371    12.0516     5.6520      9.357    31.8771    24.1554 0.0000e+00
 181.848090      9.622  36.812940    12.0236     5.6743      9.541    31.8842    24.1660 0.0000e+00
 181.848096      9.816  36.795447    11.9980     5.6870      9.734    31.8891    24.1746 0.0000e+00
 181.848102     10.017  36.780852    11.9773     5.6961      9.933    31.8927    24.1812 0.0000e+00
 181.848108     10.220  36.768123    11.9546     5.6961     10.134    31.8997    24.1909 0.0000e+00
 181.848113     10.427  36.754794    11.9260     5.6760     10.340    31.9113    24.2051 0.0000e+00
 181.848119     10.641  36.740405    11.9000     5.6586     10.552    31.9196    24.2163 0.0000e+00
 181.848125     10.860  36.728691    11.8841     5.6254     10.769    31.9218    24.2210 0.0000e+00
 181.848131     11.074  36.721905    11.8760     5.5763     10.981    31.9221    24.2227 0.0000e+00
 181.848137     11.286  36.717088    11.8685     5.5471     11.192    31.9238    24.2254 0.0000e+00
 181.848142     11.496  36.709990    11.8597     5.5346     11.400    31.9244    24.2275 0.0000e+00
 181.848148     11.704  36.702291    11.8510     5.5201     11.606    31.9243    24.2290 0.0000e+00
 181.848154     11.915  36.695431    11.8369     5.5132     11.815    31.9297    24.2358 0.0000e+00
 181.848160     12.134  36.684678    11.8143     5.5004     12.032    31.9386    24.2469 0.0000e+00
 181.848166     12.366  36.671324    11.7909     5.5056     12.262    31.9456    24.2567 0.0000e+00
 181.848171     12.609  36.660485    11.7729     5.5132     12.503    31.9505    24.2637 0.0000e+00
 181.848177     12.849  36.652214    11.7596     5.5174     12.741    31.9538    24.2687 0.0000e+00
 181.848183     13.074  36.644942    11.7483     5.5098     12.964    31.9564    24.2728 0.0000e+00
 181.848189     13.287  36.637310    11.7352     5.4950     13.176    31.9602    24.2781 0.0000e+00
 181.848194     13.492  36.628042    11.7184     5.5027     13.379    31.9656    24.2854 0.0000e+00
 181.848200     13.694  36.616487    11.6997     5.5146     13.579    31.9704    24.2925 0.0000e+00
 181.848206     13.893  36.605111    11.6774     5.5193     13.777    31.9785    24.3029 0.0000e+00
 181.848212     14.089  36.592691    11.6441     5.5306     13.971    31.9950    24.3218 0.0000e+00
 181.848218     14.285  36.573252    11.5995     5.5256     14.165    32.0145    24.3450 0.0000e+00
 181.848223     14.482  36.548282    11.5564     5.5302     14.361    32.0274    24.3628 0.0000e+00
 181.848229     14.670  36.524791    11.5299     5.5386     14.547    32.0273    24.3676 0.0000e+00
 181.848235     14.840  36.512318    11.5204     5.5647     14.716    32.0233    24.3662 0.0000e+00
 181.848241     14.989  36.508172    11.5073     5.5618     14.863    32.0305    24.3742 0.0000e+00
 181.848247     15.119  36.494413    11.4731     5.5618     14.992    32.0467    24.3929 -9.990e-29
 181.848252     15.234  36.468887    11.4261     5.5703     15.106    32.0624    24.4135 -9.990e-29
 181.848258     15.337  36.445159    11.3889     5.5728     15.208    32.0715    24.4272 -9.990e-29
 181.848264     15.421  36.433577    11.3752     5.5941     15.292    32.0720    24.4301 -9.990e-29
 181.848270     15.479  36.434322    11.3804     5.6000     15.349    32.0682    24.4262 -9.990e-29
 181.848275     15.510  36.441578    11.3904     5.5981     15.380    32.0666    24.4232 -9.990e-29
 181.848281     15.517  36.452049    11.3990     5.5904     15.387    32.0693    24.4238 -9.990e-29
 181.848287     15.499  36.460002    11.4141     5.5862     15.369    32.0640    24.4170 -9.990e-29
 181.848293     15.456  36.463073    11.4435     5.5860     15.326    32.0416    24.3942 -9.990e-29
 181.848299     15.385  36.469211    11.4777     5.5820     15.256    32.0180    24.3697 -9.990e-29
 181.848304     15.289  36.482607    11.5005     5.5715     15.161    32.0113    24.3605 -9.990e-29
 181.848310     15.181  36.495819    11.5060     5.5464     15.054    32.0195    24.3658 -9.990e-29
 181.848316     15.065  36.499483    11.4978     5.5207     14.939    32.0302    24.3756 -9.990e-29
 181.848322     14.944  36.493932    11.4875     5.5227     14.819    32.0338    24.3803 -9.990e-29
 181.848328     14.818  36.491326    11.4870     5.5301     14.694    32.0317    24.3787 0.0000e+00
 181.848333     14.687  36.498774    11.4969     5.5466     14.564    32.0305    24.3760 0.0000e+00
 181.848339     14.552  36.510632    11.5154     5.5512     14.430    32.0261    24.3692 0.0000e+00
 181.848345     14.417  36.521902    11.5399     5.5542     14.296    32.0160    24.3569 0.0000e+00
 181.848351     14.282  36.530299    11.5608     5.5606     14.162    32.0061    24.3455 0.0000e+00
 181.848356     14.134  36.535642    11.5757     5.5576     14.016    31.9985    24.3369 0.0000e+00
 181.848362     13.964  36.541167    11.5905     5.5623     13.847    31.9912    24.3285 0.0000e+00
 181.848368     13.774  36.548500    11.6094     5.5790     13.659    31.9821    24.3180 0.0000e+00
 181.848374     13.573  36.558310    11.6322     5.6031     13.459    31.9721    24.3061 0.0000e+00
 181.848380     13.374  36.572328    11.6568     5.6291     13.262    31.9646    24.2958 0.0000e+00
 181.848385     13.186  36.591167    11.6836     5.6394     13.076    31.9599    24.2873 0.0000e+00
 181.848391     13.009  36.611208    11.7084     5.6322     12.900    31.9580    24.2814 0.0000e+00
 181.848397     12.841  36.625391    11.7255     5.6307     12.733    31.9572    24.2775 0.0000e+00
 181.848403     12.680  36.632304    11.7372     5.6333     12.574    31.9539    24.2729 0.0000e+00
 181.848409     12.524  36.637107    11.7474     5.6338     12.419    31.9498    24.2678 0.0000e+00
 181.848414     12.377  36.642144    11.7584     5.6346     12.273    31.9453    24.2623 0.0000e+00
 181.848420     12.236  36.647828    11.7703     5.6393     12.134    31.9406    24.2565 0.0000e+00
 181.848426     12.094  36.654872    11.7804     5.6481     11.993    31.9388    24.2533 0.0000e+00
 181.848432     11.946  36.661876    11.7882     5.6664     11.846    31.9390    24.2520 0.0000e+00
 181.848437     11.791  36.667952    11.7954     5.6764     11.692    31.9387    24.2505 0.0000e+00
 181.848443     11.631  36.673212    11.8023     5.6893     11.534    31.9380    24.2486 0.0000e+00
 181.848449     11.469  36.677244    11.8085     5.7075     11.373    31.9366    24.2464 0.0000e+00
 181.848455     11.305  36.680242    11.8145     5.7002     11.210    31.9344    24.2436 0.0000e+00
 181.848461     11.139  36.683266    11.8208     5.7096     11.046    31.9320    24.2406 0.0000e+00
 181.848466     10.975  36.687406    11.8269     5.7103     10.883    31.9309    24.2386 0.0000e+00
 181.848472     10.810  36.693002    11.8334     5.7183     10.719    31.9308    24.2373 0.0000e+00
 181.848478     10.647  36.698404    11.8438     5.7304     10.558    31.9271    24.2326 0.0000e+00
 181.848484     10.488  36.702828    11.8607     5.7321     10.400    31.9170    24.2216 0.0000e+00
 181.848490     10.332  36.709233    11.8813     5.7206     10.246    31.9056    24.2089 0.0000e+00
 181.848495     10.182  36.720976    11.9038     5.6961     10.097    31.8977    24.1987 0.0000e+00
 181.848501     10.041  36.740120    11.9346     5.6884      9.957    31.8899    24.1869 0.0000e+00
 181.848507      9.909  36.767380    11.9709     5.6937      9.826    31.8852    24.1766 0.0000e+00
 181.848513      9.781  36.795215    11.9971     5.6986      9.699    31.8897    24.1752 0.0000e+00
 181.848519      9.650  36.811247    12.0105     5.7159      9.569    31.8937    24.1759 0.0000e+00
 181.848524      9.511  36.816530    12.0177     5.7182      9.431    31.8927    24.1737 0.0000e+00
 181.848530      9.365  36.817417    12.0225     5.7106      9.287    31.8895    24.1704 0.0000e+00
 181.848536      9.209  36.815515    12.0299     5.7204      9.132    31.8814    24.1627 0.0000e+00
 181.848542      9.044  36.815444    12.0398     5.7274      8.968    31.8730    24.1543 0.0000e+00
 181.848547      8.875  36.819217    12.0500     5.7339      8.801    31.8680    24.1485 0.0000e+00
 181.848553      8.713  36.827243    12.0633     5.7390      8.640    31.8644    24.1433 0.0000e+00
 181.848559      8.558  36.841117    12.0793     5.7497      8.486    31.8642    24.1402 0.0000e+00
 181.848565      8.406  36.857885    12.0914     5.7590      8.336    31.8700    24.1424 0.0000e+00
 181.848571      8.262  36.871722    12.0990     5.7637      8.193    31.8769    24.1464 0.0000e+00
 181.848576      8.120  36.880190    12.1089     5.7635      8.052    31.8766    24.1443 0.0000e+00
 181.848582      7.976  36.886032    12.1227     5.7635      7.909    31.8705    24.1370 0.0000e+00
 181.848588      7.826  36.891292    12.1374     5.7638      7.761    31.8631    24.1285 0.0000e+00
 181.848594      7.663  36.894431    12.1505     5.7808      7.599    31.8550    24.1198 0.0000e+00
 181.848600      7.490  36.896697    12.1603     5.7990      7.427    31.8489    24.1133 0.0000e+00
 181.848605      7.313  36.900976    12.1689     5.8085      7.252    31.8458    24.1092 0.0000e+00
 181.848611      7.138  36.906669    12.1800     5.8096      7.078    31.8419    24.1041 0.0000e+00
 181.848617      6.972  36.913942    12.1924     5.7927      6.914    31.8384    24.0990 0.0000e+00
 181.848623      6.817  36.921698    12.2022     5.7816      6.760    31.8375    24.0966 0.0000e+00
 181.848628      6.666  36.926118    12.2093     5.7782      6.610    31.8358    24.0939 0.0000e+00
 181.848634      6.510  36.927914    12.2174     5.7793      6.456    31.8307    24.0884 0.0000e+00
 181.848640      6.344  36.931026    12.2272     5.7841      6.291    31.8254    24.0825 0.0000e+00
 181.848646      6.170  36.936665    12.2386     5.8099      6.118    31.8212    24.0771 0.0000e+00
 181.848652      5.995  36.945480    12.2523     5.8232      5.945    31.8181    24.0721 0.0000e+00
 181.848657      5.819  36.956749    12.2648     5.8259      5.770    31.8183    24.0699 0.0000e+00
 181.848663      5.640  36.965729    12.2759     5.8499      5.593    31.8175    24.0672 0.0000e+00
 181.848669      5.463  36.972479    12.2912     5.8627      5.417    31.8111    24.0594 0.0000e+00
 181.848675      5.296  36.980254    12.3114     5.8993      5.252    31.8014    24.0481 0.0000e+00
 181.848681      5.135  36.990310    12.3353     5.9230      5.092    31.7909    24.0354 0.0000e+00
 181.848686      4.984  37.008628    12.3622     5.9401      4.942    31.7856    24.0262 0.0000e+00
 181.848692      4.841  37.035938    12.3895     5.9537      4.801    31.7886    24.0234 0.0000e+00
 181.848698      4.693  37.064200    12.4287     5.9764      4.654    31.7825    24.0112 0.0000e+00
 181.848704      4.530  37.089449    12.4928     6.0073      4.492    31.7524    23.9758 0.0000e+00
 181.848709      4.359  37.114923    12.5644     6.0239      4.323    31.7163    23.9342 0.0000e+00
 181.848715      4.192  37.154260    12.6287     6.0335      4.157    31.6996    23.9090 0.0000e+00
 181.848721      4.029  37.214341    12.6903     6.0424      3.995    31.7048    23.9013 0.0000e+00
 181.848727      3.869  37.284829    12.7491     6.0507      3.837    31.7222    23.9034 0.0000e+00
 181.848733      3.711  37.340639    12.8088     6.0531      3.680    31.7248    23.8940 0.0000e+00
 181.848738      3.554  37.371904    12.8743     6.0315      3.524    31.6995    23.8617 0.0000e+00
 181.848744      3.394  37.402789    12.9407     6.0113      3.366    31.6730    23.8284 0.0000e+00
 181.848750      3.232  37.450778    13.0005     6.0086      3.205    31.6683    23.8131 0.0000e+00
 181.848756      3.070  37.505670    13.0489     6.0546      3.044    31.6795    23.8124 0.0000e+00
 181.848762      2.910  37.543466    13.0880     6.1680      2.886    31.6824    23.8070 0.0000e+00
 181.848767      2.750  37.568988    13.1220     6.3200      2.727    31.6780    23.7970 0.0000e+00
