data/oxygen options/ONMS/Olympic_Coast_National_Marine_Sanctuary_CTD_Data_2005_2023/raw_data/2014/CAST_TH015_140906faed.cnv
* Sea-Bird SBE19 Data File:
* FileName = C:\2014 Mooring Data\Casts\CAST_TH015_140906.hex
* Software Version 1.59
* Temperature SN = 2997
* Conductivity SN = 2997
* System UpLoad Time = Sep 06 2014 16:21:18
** CAST_TH015_140906
* ds
# nquan = 9                                 
# nvalues = 1173                        
# units = specified
# name 0 = timeJ: Julian Days
# name 1 = prSM: Pressure, Strain Gauge [db]
# name 2 = c0mS/cm: Conductivity [mS/cm]
# name 3 = t090C: Temperature [ITS-90, deg C]
# name 4 = sbeox0ML/L: Oxygen, SBE 43 [ml/l]
# name 5 = depSM: Depth [salt water, m], lat = 47.5
# name 6 = sal00: Salinity, Practical [PSU]
# name 7 = sigma-é00: Density [sigma-theta, kg/m^3]
# name 8 = flag: flag
# span 0 = 249.650579, 249.657361       
# span 1 =     -5.501,     16.103       
# span 2 =   0.069157,  39.067532       
# span 3 =     9.2005,    15.8428       
# span 4 =    -1.7688,    19.9377       
# span 5 =     -5.455,     15.968       
# span 6 =     0.0426,    33.1831       
# span 7 =    -0.9827,    25.6612       
# span 8 = 0.0000e+00, 0.0000e+00       
# interval = seconds: 0.5
# start_time = Sep 06 2014 15:36:50 [Instrument's time stamp, header]
# bad_flag = -9.990e-29
*END*
 249.650579     -5.501 -9.990e-29    15.7095    -1.7600     -5.455 -9.990e-29 -9.990e-29 -9.990e-29
 249.650584     -5.463   0.254475    15.7127    -1.7598     -5.417     0.1492    -0.8940 -9.990e-29
 249.650590     -5.425   0.249707    15.7174    -1.7597     -5.380     0.1464    -0.8969 -9.990e-29
 249.650596     -5.389   0.242631    15.7227    -1.7596     -5.344     0.1422    -0.9010 -9.990e-29
 249.650602     -5.355   0.237715    15.7280    -1.7594     -5.310     0.1393    -0.9041 -9.990e-29
 249.650608     -5.318   0.239343    15.7333    -1.7593     -5.274     0.1402    -0.9042 -9.990e-29
 249.650613     -5.277   0.244690    15.7384    -1.7592     -5.233     0.1434    -0.9026 -9.990e-29
 249.650619     -5.234   0.246799    15.7423    -1.7592     -5.190     0.1446    -0.9023 -9.990e-29
 249.650625     -5.195   0.241804    15.7446    -1.7593     -5.152     0.1417    -0.9049 -9.990e-29
 249.650631     -5.161   0.231750    15.7465    -1.7594     -5.118     0.1357    -0.9098 -9.990e-29
 249.650637     -5.129   0.224362    15.7491    -1.7596     -5.086     0.1314    -0.9136 -9.990e-29
 249.650642     -5.099   0.225913    15.7529    -1.7594     -5.057     0.1323    -0.9135 -9.990e-29
 249.650648     -5.068   0.230688    15.7577    -1.7592     -5.026     0.1351    -0.9121 -9.990e-29
 249.650654     -5.038   0.230042    15.7628    -1.7591     -4.996     0.1347    -0.9132 -9.990e-29
 249.650660     -5.012   0.224225    15.7676    -1.7589     -4.970     0.1313    -0.9166 -9.990e-29
 249.650666     -4.984   0.215490    15.7712    -1.7587     -4.942     0.1261    -0.9212 -9.990e-29
 249.650671     -4.952   0.205537    15.7728    -1.7587     -4.911     0.1203    -0.9259 -9.990e-29
 249.650677     -4.923   0.196664    15.7727    -1.7587     -4.882     0.1151    -0.9299 -9.990e-29
 249.650683     -4.898   0.188161    15.7721    -1.7587     -4.857     0.1102    -0.9337 -9.990e-29
 249.650689     -4.873   0.179255    15.7727    -1.7588     -4.832     0.1050    -0.9378 -9.990e-29
 249.650694     -4.845   0.171417    15.7755    -1.7587     -4.805     0.1005    -0.9417 -9.990e-29
 249.650700     -4.822   0.165873    15.7798    -1.7585     -4.782     0.0973    -0.9449 -9.990e-29
 249.650706     -4.802   0.162460    15.7850    -1.7583     -4.762     0.0953    -0.9473 -9.990e-29
 249.650712     -4.779   0.158851    15.7905    -1.7580     -4.739     0.0932    -0.9498 -9.990e-29
 249.650718     -4.756   0.153014    15.7949    -1.7577     -4.716     0.0898    -0.9531 -9.990e-29
 249.650723     -4.736   0.146062    15.7973    -1.7574     -4.697     0.0858    -0.9565 -9.990e-29
 249.650729     -4.713   0.140404    15.7981    -1.7572     -4.674     0.0826    -0.9592 -9.990e-29
 249.650735     -4.687   0.137394    15.7983    -1.7570     -4.648     0.0809    -0.9606 -9.990e-29
 249.650741     -4.659   0.136910    15.7993    -1.7575     -4.620     0.0806    -0.9609 -9.990e-29
 249.650747     -4.628   0.136638    15.8023    -1.7577     -4.589     0.0804    -0.9615 -9.990e-29
 249.650752     -4.596   0.133992    15.8074    -1.7579     -4.558     0.0789    -0.9635 -9.990e-29
 249.650758     -4.566   0.129893    15.8142    -1.7583     -4.528     0.0766    -0.9664 -9.990e-29
 249.650764     -4.535   0.127216    15.8219    -1.7587     -4.497     0.0750    -0.9689 -9.990e-29
 249.650770     -4.505   0.126284    15.8297    -1.7592     -4.467     0.0745    -0.9705 -9.990e-29
 249.650775     -4.480   0.125298    15.8366    -1.7595     -4.443     0.0739    -0.9721 -9.990e-29
 249.650781     -4.454   0.124054    15.8418    -1.7600     -4.417     0.0732    -0.9735 -9.990e-29
 249.650787     -4.423   0.123120    15.8428    -1.7606     -4.386     0.0727    -0.9740 -9.990e-29
 249.650793     -4.396   0.121807    15.8382    -1.7609     -4.359     0.0719    -0.9739 -9.990e-29
 249.650799     -4.375   0.120032    15.8311    -1.7609     -4.339     0.0709    -0.9735 -9.990e-29
 249.650804     -4.359   0.118764    15.8235    -1.7609     -4.323     0.0702    -0.9728 -9.990e-29
 249.650810     -4.341   0.117980    15.8144    -1.7613     -4.305     0.0698    -0.9717 -9.990e-29
 249.650816     -4.318   0.116633    15.8038    -1.7618     -4.282     0.0690    -0.9706 -9.990e-29
 249.650822     -4.291   0.114598    15.7927    -1.7625     -4.255     0.0679    -0.9697 -9.990e-29
 249.650828     -4.263   0.113055    15.7815    -1.7629     -4.227     0.0670    -0.9685 -9.990e-29
 249.650833     -4.232   0.112724    15.7696    -1.7635     -4.197     0.0669    -0.9668 -9.990e-29
 249.650839     -4.197   0.112609    15.7584    -1.7640     -4.162     0.0668    -0.9650 -9.990e-29
 249.650845     -4.159   0.111443    15.7507    -1.7646     -4.124     0.0662    -0.9643 -9.990e-29
 249.650851     -4.124   0.109340    15.7460    -1.7650     -4.090     0.0650    -0.9645 -9.990e-29
 249.650856     -4.095   0.107390    15.7407    -1.7653     -4.061     0.0639    -0.9645 -9.990e-29
 249.650862     -4.070   0.106328    15.7317    -1.7655     -4.036     0.0633    -0.9635 -9.990e-29
 249.650868     -4.047   0.105852    15.7190    -1.7654     -4.013     0.0631    -0.9617 -9.990e-29
 249.650874     -4.025   0.105327    15.7047    -1.7656     -3.991     0.0628    -0.9596 -9.990e-29
 249.650880     -4.002   0.104607    15.6901    -1.7656     -3.969     0.0624    -0.9576 -9.990e-29
 249.650885     -3.977   0.103846    15.6758    -1.7656     -3.944     0.0620    -0.9556 -9.990e-29
 249.650891     -3.948   0.103141    15.6621    -1.7656     -3.915     0.0616    -0.9537 -9.990e-29
 249.650897     -3.918   0.102667    15.6491    -1.7657     -3.885     0.0613    -0.9519 -9.990e-29
 249.650903     -3.893   0.102346    15.6381    -1.7660     -3.861     0.0612    -0.9503 -9.990e-29
 249.650909     -3.876   0.101751    15.6304    -1.7662     -3.844     0.0608    -0.9493 -9.990e-29
 249.650914     -3.862   0.100644    15.6261    -1.7663     -3.830     0.0602    -0.9491 -9.990e-29
 249.650920     -3.845   0.099217    15.6237    -1.7665     -3.813     0.0594    -0.9493 -9.990e-29
 249.650926     -3.825   0.097793    15.6218    -1.7668     -3.793     0.0586    -0.9497 -9.990e-29
 249.650932     -3.800   0.096696    15.6205    -1.7673     -3.768     0.0580    -0.9499 -9.990e-29
 249.650938     -3.773   0.096133    15.6197    -1.7676     -3.742     0.0577    -0.9500 -9.990e-29
 249.650943     -3.746   0.095908    15.6183    -1.7682     -3.715     0.0576    -0.9499 -9.990e-29
 249.650949     -3.718   0.095723    15.6153    -1.7686     -3.687     0.0575    -0.9495 -9.990e-29
 249.650955     -3.687   0.095330    15.6106    -1.7688     -3.656     0.0572    -0.9489 -9.990e-29
 249.650961     -3.656   0.094763    15.6054    -1.7686     -3.626     0.0569    -0.9484 -9.990e-29
 249.650966     -3.630   0.094376    15.6003    -1.7685     -3.600     0.0567    -0.9477 -9.990e-29
 249.650972     -3.608   0.094211    15.5946    -1.7686     -3.578     0.0566    -0.9469 -9.990e-29
 249.650978     -3.585   0.094048    15.5867    -1.7687     -3.555     0.0565    -0.9457 -9.990e-29
 249.650984     -3.563   0.093670    15.5768    -1.7687     -3.533     0.0563    -0.9443 -9.990e-29
 249.650990     -3.545   0.093127    15.5658    -1.7685     -3.515     0.0560    -0.9428 -9.990e-29
 249.650995     -3.530   0.092807    15.5545    -1.7684     -3.501     0.0559    -0.9411 -9.990e-29
 249.651001     -3.517   0.092840    15.5456    -1.7683     -3.488     0.0559    -0.9397 -9.990e-29
 249.651007     -3.506   0.092714    15.5413    -1.7681     -3.477     0.0558    -0.9391 -9.990e-29
 249.651013     -3.495   0.091707    15.5407    14.8070     -3.466     0.0553    -0.9394 -9.990e-29
 249.651019     -3.484   0.090143    15.5405    19.6681     -3.455     0.0544    -0.9401 -9.990e-29
 249.651024     -3.472   0.089273    15.5393    19.9377     -3.443     0.0539    -0.9403 -9.990e-29
 249.651030     -3.459   0.089606    15.5386    15.9553     -3.430     0.0541    -0.9400 -9.990e-29
 249.651036     -3.444   0.090474    15.5399     7.7811     -3.415     0.0546    -0.9399 -9.990e-29
 249.651042     -3.424   0.090811    15.5431     7.3459     -3.395     0.0548    -0.9402 -9.990e-29
 249.651047     -3.401   0.089954    15.5471     7.3209     -3.373     0.0543    -0.9412 -9.990e-29
 249.651053     -3.375   0.088429    15.5515     7.3292     -3.347     0.0534    -0.9426 -9.990e-29
 249.651059     -3.350   0.087540    15.5567     7.3301     -3.322     0.0529    -0.9438 -9.990e-29
 249.651065     -3.325   0.087767    15.5622     7.3256     -3.297     0.0530    -0.9446 -9.990e-29
 249.651071     -3.301   0.088301    15.5679     7.3247     -3.273     0.0533    -0.9452 -9.990e-29
 249.651076     -3.283   0.088187    15.5739     7.3165     -3.256     0.0533    -0.9462 -9.990e-29
 249.651082     -3.267   0.087273    15.5804     7.3217     -3.240     0.0527    -0.9477 -9.990e-29
 249.651088     -3.250   0.086009    15.5872     7.3148     -3.223     0.0520    -0.9493 -9.990e-29
 249.651094     -3.226   0.084935    15.5938     7.3220     -3.199     0.0514    -0.9508 -9.990e-29
 249.651100     -3.198   0.084285    15.6000     7.3253     -3.171     0.0510    -0.9521 -9.990e-29
 249.651105     -3.172   0.083749    15.6060     7.3223     -3.146     0.0507    -0.9532 -9.990e-29
 249.651111     -3.152   0.083169    15.6120     7.3231     -3.126     0.0504    -0.9544 -9.990e-29
 249.651117     -3.130   0.082884    15.6176     7.3191     -3.104     0.0503    -0.9555 -9.990e-29
 249.651123     -3.107   0.083070    15.6227     7.3109     -3.081     0.0504    -0.9562 -9.990e-29
 249.651128     -3.085   0.083419    15.6276     7.3168     -3.059     0.0505    -0.9568 -9.990e-29
 249.651134     -3.062   0.083285    15.6327     7.3181     -3.036     0.0505    -0.9577 -9.990e-29
 249.651140     -3.042   0.082489    15.6378     7.3115     -3.017     0.0500    -0.9588 -9.990e-29
 249.651146     -3.027   0.081638    15.6424     7.3182     -3.002     0.0495    -0.9599 -9.990e-29
 249.651152     -3.016   0.081266    15.6470     7.3158     -2.991     0.0493    -0.9608 -9.990e-29
 249.651157     -3.009   0.081432    15.6524     7.3166     -2.984     0.0494    -0.9616 -9.990e-29
 249.651163     -3.002   0.081803    15.6577     7.3183     -2.977     0.0496    -0.9623 -9.990e-29
 249.651169     -2.988   0.081761    15.6616     7.3141     -2.963     0.0496    -0.9629 -9.990e-29
 249.651175     -2.972   0.081252    15.6642     7.3138     -2.947     0.0493    -0.9636 -9.990e-29
 249.651181     -2.957   0.080710    15.6665     7.3129     -2.932     0.0490    -0.9642 -9.990e-29
 249.651186     -2.941   0.080524    15.6698     7.3042     -2.916     0.0489    -0.9648 -9.990e-29
 249.651192     -2.925   0.081002    15.6745     7.3097     -2.901     0.0492    -0.9653 -9.990e-29
 249.651198     -2.906   0.081669    15.6800     7.3108     -2.882     0.0495    -0.9659 -9.990e-29
 249.651204     -2.885   0.081745    15.6853     7.3122     -2.861     0.0496    -0.9667 -9.990e-29
 249.651209     -2.863   0.081334    15.6897     7.3139     -2.839     0.0493    -0.9676 -9.990e-29
 249.651215     -2.843   0.081000    15.6933     7.3099     -2.819     0.0491    -0.9683 -9.990e-29
 249.651221     -2.820   0.080852    15.6969     7.3091     -2.796     0.0491    -0.9690 -9.990e-29
 249.651227     -2.793   0.080693    15.7008     7.3086     -2.770     0.0490    -0.9696 -9.990e-29
 249.651233     -2.768   0.080310    15.7055     7.3083     -2.745     0.0487    -0.9706 -9.990e-29
 249.651238     -2.748   0.079749    15.7103     7.3079     -2.725     0.0484    -0.9716 -9.990e-29
 249.651244     -2.732   0.079375    15.7146     7.3077     -2.709     0.0482    -0.9724 -9.990e-29
 249.651250     -2.719   0.079246    15.7185     7.3070     -2.696     0.0481    -0.9731 -9.990e-29
 249.651256     -2.707   0.079192    15.7217     7.3063     -2.684     0.0481    -0.9736 -9.990e-29
 249.651262     -2.697   0.079138    15.7242     7.3059     -2.675     0.0481    -0.9741 -9.990e-29
 249.651267     -2.687   0.079014    15.7269     7.3056     -2.665     0.0480    -0.9745 -9.990e-29
 249.651273     -2.677   0.078653    15.7303     7.3064     -2.655     0.0478    -0.9752 -9.990e-29
 249.651279     -2.666   0.078131    15.7336     7.3064     -2.644     0.0475    -0.9760 -9.990e-29
 249.651285     -2.654   0.077863    15.7364     7.2989     -2.632     0.0474    -0.9766 -9.990e-29
 249.651291     -2.639   0.078049    15.7392     7.3053     -2.617     0.0475    -0.9769 -9.990e-29
 249.651296     -2.621   0.078382    15.7422     7.3008     -2.599     0.0476    -0.9773 -9.990e-29
 249.651302     -2.604   0.078378    15.7456     7.3086     -2.582     0.0476    -0.9778 -9.990e-29
 249.651308     -2.589   0.078032    15.7493     7.3119     -2.567     0.0474    -0.9785 -9.990e-29
 249.651314     -2.573   0.077625    15.7521     7.3019     -2.552     0.0472    -0.9792 -9.990e-29
 249.651319     -2.553   0.077173    15.7525     7.3017     -2.532     0.0470    -0.9794 -9.990e-29
 249.651325     -2.537   0.076812    15.7509     7.3060     -2.516     0.0468    -0.9793 -9.990e-29
 249.651331     -2.525   0.076619    15.7492     7.3019     -2.504     0.0467    -0.9791 -9.990e-29
 249.651337     -2.507   0.076334    15.7474     7.3115     -2.486     0.0465    -0.9790 -9.990e-29
 249.651343     -2.481   0.076135    15.7443     7.3113     -2.460     0.0464    -0.9786 -9.990e-29
 249.651348     -2.455   0.076312    15.7407     7.3093     -2.435     0.0465    -0.9779 -9.990e-29
 249.651354     -2.435   0.076548    15.7390     7.3105     -2.415     0.0466    -0.9775 -9.990e-29
 249.651360     -2.425   0.076599    15.7396     7.3064     -2.405     0.0467    -0.9776 -9.990e-29
 249.651366     -2.420   0.076533    15.7409     7.3056     -2.400     0.0466    -0.9778 -9.990e-29
 249.651372     -2.415   0.076264    15.7417     7.3050     -2.395     0.0465    -0.9781 -9.990e-29
 249.651377     -2.409   0.075989    15.7418     7.3048     -2.389     0.0463    -0.9782 -9.990e-29
 249.651383     -2.403   0.075897    15.7419     7.2968     -2.383     0.0463    -0.9783 -9.990e-29
 249.651389     -2.396   0.075866    15.7426     7.3032     -2.376     0.0463    -0.9784 -9.990e-29
 249.651395     -2.388   0.075856    15.7437     7.3056     -2.368     0.0462    -0.9786 -9.990e-29
 249.651400     -2.377   0.075852    15.7456     7.3071     -2.357     0.0462    -0.9789 -9.990e-29
 249.651406     -2.364   0.075850    15.7487     7.3085     -2.344     0.0462    -0.9794 -9.990e-29
 249.651412     -2.347   0.075850    15.7524     7.3047     -2.327     0.0462    -0.9800 -9.990e-29
 249.651418     -2.330   0.075850    15.7561     7.3048     -2.311     0.0462    -0.9806 -9.990e-29
 249.651424     -2.316   0.075850    15.7593     7.3046     -2.297     0.0462    -0.9811 -9.990e-29
 249.651429     -2.299   0.075849    15.7614     7.3048     -2.280     0.0462    -0.9814 -9.990e-29
 249.651435     -2.280   0.075848    15.7619     7.3051     -2.261     0.0462    -0.9815 -9.990e-29
 249.651441     -2.259   0.075847    15.7611     7.2973     -2.240     0.0462    -0.9814 -9.990e-29
 249.651447     -2.238   0.075844    15.7605     7.3037     -2.219     0.0462    -0.9813 -9.990e-29
 249.651453     -2.217   0.075834    15.7611     7.3051     -2.199     0.0462    -0.9814 -9.990e-29
 249.651458     -2.201   0.075806    15.7624     7.3068     -2.183     0.0462    -0.9816 -9.990e-29
 249.651464     -2.188   0.075722    15.7633     7.3090     -2.170     0.0462    -0.9818 -9.990e-29
 249.651470     -2.178   0.075471    15.7636     7.3053     -2.160     0.0460    -0.9819 -9.990e-29
 249.651476     -2.170   0.075272    15.7636     7.3047     -2.152     0.0459    -0.9820 -9.990e-29
 249.651481     -2.162   0.075417    15.7630     7.3050     -2.144     0.0460    -0.9819 -9.990e-29
 249.651487     -2.156   0.075544    15.7620     7.3050     -2.138     0.0461    -0.9816 -9.990e-29
 249.651493     -2.149   0.075268    15.7612     7.3054     -2.131     0.0459    -0.9816 -9.990e-29
 249.651499     -2.143   0.074776    15.7607     7.3059     -2.125     0.0456    -0.9818 -9.990e-29
