data/oxygen options/ONMS/Olympic_Coast_National_Marine_Sanctuary_CTD_Data_2005_2023/raw_data/2014/CAST_CE042_140521faed.cnv
* Sea-Bird SBE19 Data File:
* FileName = C:\2014 Mooring Data\Casts\CAST_CE042_140521.hex
* Software Version 1.59
* Temperature SN = 2997
* Conductivity SN = 2997
* System UpLoad Time = May 23 2014 23:32:33
** CAST_CE042_140521
* ds
# nquan = 9                                 
# nvalues = 1075                        
# units = specified
# name 0 = timeJ: Julian Days
# name 1 = prSM: Pressure, Strain Gauge [db]
# name 2 = c0mS/cm: Conductivity [mS/cm]
# name 3 = t090C: Temperature [ITS-90, deg C]
# name 4 = sbeox0ML/L: Oxygen, SBE 43 [ml/l]
# name 5 = depSM: Depth [salt water, m], lat = 47.5
# name 6 = sal00: Salinity, Practical [PSU]
# name 7 = sigma-é00: Density [sigma-theta, kg/m^3]
# name 8 = flag: flag
# span 0 = 141.975926, 141.982141       
# span 1 =     -5.635,     36.782       
# span 2 =   0.039079,  34.958833       
# span 3 =     8.2308,    16.0830       
# span 4 =    -1.7558,    15.6042       
# span 5 =     -5.588,     36.472       
# span 6 =     0.0263,    33.0831       
# span 7 =    -1.0476,    25.7352       
# span 8 = 0.0000e+00, 0.0000e+00       
# interval = seconds: 0.5
# start_time = May 21 2014 23:25:20 [Instrument's time stamp, header]
# bad_flag = -9.990e-29
*END*
 141.975926     -5.635 -9.990e-29    15.9805    -1.7532     -5.588 -9.990e-29 -9.990e-29 -9.990e-29
 141.975932     -5.630   0.047236    15.9850    -1.7536     -5.583     0.0306    -1.0296 -9.990e-29
 141.975937     -5.623   0.047237    15.9910    -1.7534     -5.576     0.0306    -1.0306 -9.990e-29
 141.975943     -5.615   0.047242    15.9944    -1.7535     -5.568     0.0306    -1.0312 -9.990e-29
 141.975949     -5.605   0.047255    15.9946    -1.7536     -5.558     0.0306    -1.0312 -9.990e-29
 141.975955     -5.591   0.047296    15.9912    -1.7539     -5.544     0.0306    -1.0306 -9.990e-29
 141.975961     -5.574   0.047419    15.9836    -1.7538     -5.528     0.0307    -1.0293 -9.990e-29
 141.975966     -5.552   0.047788    15.9740    -1.7536     -5.506     0.0309    -1.0276 -9.990e-29
 141.975972     -5.527   0.048341    15.9661    -1.7536     -5.481     0.0312    -1.0261 -9.990e-29
 141.975978     -5.503   0.048709    15.9604    -1.7539     -5.457     0.0314    -1.0250 -9.990e-29
 141.975984     -5.479   0.048831    15.9561    -1.7541     -5.433     0.0314    -1.0243 -9.990e-29
 141.975990     -5.456   0.048871    15.9538    -1.7541     -5.411     0.0314    -1.0239 -9.990e-29
 141.975995     -5.434   0.048884    15.9523    -1.7539     -5.389     0.0314    -1.0236 -9.990e-29
 141.976001     -5.406   0.048887    15.9497    -1.7540     -5.361     0.0315    -1.0232 -9.990e-29
 141.976007     -5.376   0.048887    15.9473    -1.7539     -5.331     0.0315    -1.0228 -9.990e-29
 141.976013     -5.345   0.048886    15.9472    -1.7538     -5.300     0.0315    -1.0228 -9.990e-29
 141.976019     -5.311   0.048885    15.9484    -1.7538     -5.267     0.0315    -1.0230 -9.990e-29
 141.976024     -5.274   0.048884    15.9479    -1.7535     -5.230     0.0315    -1.0229 -9.990e-29
 141.976030     -5.233   0.048882    15.9449    -1.7534     -5.189     0.0315    -1.0224 -9.990e-29
 141.976036     -5.196   0.048881    15.9420    -1.7529     -5.153     0.0315    -1.0220 -9.990e-29
 141.976042     -5.165   0.048880    15.9413    -1.7525     -5.122     0.0315    -1.0219 -9.990e-29
 141.976047     -5.136   0.048878    15.9420    -1.7522     -5.093     0.0314    -1.0220 -9.990e-29
 141.976053     -5.109   0.048877    15.9430    -1.7522     -5.066     0.0314    -1.0221 -9.990e-29
 141.976059     -5.082   0.048876    15.9450    -1.7520     -5.040     0.0314    -1.0225 -9.990e-29
 141.976065     -5.053   0.048874    15.9479    -1.7518     -5.011     0.0314    -1.0229 -9.990e-29
 141.976071     -5.021   0.048873    15.9516    -1.7520     -4.979     0.0314    -1.0235 -9.990e-29
 141.976076     -4.986   0.048871    15.9567    -1.7523     -4.944     0.0314    -1.0244 -9.990e-29
 141.976082     -4.952   0.048870    15.9639    -1.7527     -4.911     0.0314    -1.0255 -9.990e-29
 141.976088     -4.916   0.048869    15.9731    -1.7533     -4.875     0.0314    -1.0270 -9.990e-29
 141.976094     -4.881   0.048867    15.9823    -1.7534     -4.840     0.0314    -1.0285 -9.990e-29
 141.976100     -4.848   0.048866    15.9894    -1.7534     -4.808     0.0314    -1.0297 -9.990e-29
 141.976105     -4.815   0.048865    15.9945    -1.7536     -4.775     0.0314    -1.0305 -9.990e-29
 141.976111     -4.781   0.048863    15.9982    -1.7538     -4.741     0.0314    -1.0311 -9.990e-29
 141.976117     -4.746   0.048862    15.9992    -1.7542     -4.706     0.0314    -1.0313 -9.990e-29
 141.976123     -4.714   0.048861    15.9961    -1.7543     -4.675     0.0314    -1.0308 -9.990e-29
 141.976128     -4.683   0.048859    15.9890    -1.7544     -4.644     0.0314    -1.0296 -9.990e-29
 141.976134     -4.654   0.048858    15.9793    -1.7542     -4.615     0.0314    -1.0280 -9.990e-29
 141.976140     -4.630   0.048857    15.9700    -1.7539     -4.591     0.0314    -1.0265 -9.990e-29
 141.976146     -4.610   0.048855    15.9639    -1.7540     -4.572     0.0314    -1.0255 -9.990e-29
 141.976152     -4.592   0.048854    15.9599    -1.7543     -4.554     0.0314    -1.0249 -9.990e-29
 141.976157     -4.575   0.048853    15.9552    -1.7545     -4.537     0.0314    -1.0241 -9.990e-29
 141.976163     -4.558   0.048851    15.9491    -1.7546     -4.520     0.0314    -1.0231 -9.990e-29
 141.976169     -4.540   0.048850    15.9429    -1.7542     -4.502     0.0314    -1.0221 -9.990e-29
 141.976175     -4.520   0.048850    15.9388    -1.7543     -4.482     0.0314    -1.0215 -9.990e-29
 141.976181     -4.496   0.048853    15.9382    -1.7546     -4.459     0.0314    -1.0214 -9.990e-29
 141.976186     -4.472   0.048864    15.9406    -1.7547     -4.435     0.0314    -1.0217 -9.990e-29
 141.976192     -4.450   0.048899    15.9430    -1.7548     -4.413     0.0315    -1.0221 -9.990e-29
 141.976198     -4.424   0.049007    15.9420    -1.7549     -4.387     0.0315    -1.0219 -9.990e-29
 141.976204     -4.393   0.049335    15.9381    -1.7549     -4.356     0.0317    -1.0211 -9.990e-29
 141.976209     -4.363   0.049765    15.9345    -1.7549     -4.327     0.0319    -1.0204 -9.990e-29
 141.976215     -4.337   0.049764    15.9339    -1.7549     -4.301     0.0319    -1.0203 -9.990e-29
 141.976221     -4.313   0.049331    15.9355    -1.7545     -4.277     0.0317    -1.0207 -9.990e-29
 141.976227     -4.289   0.049001    15.9350    -1.7541     -4.253     0.0315    -1.0208 -9.990e-29
 141.976233     -4.264   0.048890    15.9317    -1.7540     -4.228     0.0315    -1.0203 -9.990e-29
 141.976238     -4.237   0.048852    15.9282    -1.7544     -4.202     0.0314    -1.0197 -9.990e-29
 141.976244     -4.210   0.048837    15.9255    -1.7548     -4.175     0.0314    -1.0193 -9.990e-29
 141.976250     -4.185   0.048830    15.9239    -1.7551     -4.150     0.0314    -1.0190 -9.990e-29
 141.976256     -4.161   0.048821    15.9231    -1.7555     -4.126     0.0314    -1.0189 -9.990e-29
 141.976262     -4.141   0.048801    15.9238    -1.7558     -4.106     0.0314    -1.0190 -9.990e-29
 141.976267     -4.123   0.048745    15.9277    -1.7558     -4.089     0.0314    -1.0197 -9.990e-29
 141.976273     -4.102   0.048579    15.9344    -1.7555     -4.068     0.0313    -1.0208 -9.990e-29
 141.976279     -4.081   0.048084    15.9401    -1.7550     -4.047     0.0310    -1.0220 -9.990e-29
 141.976285     -4.063   0.047157    15.9404    -1.7550     -4.029     0.0305    -1.0224 -9.990e-29
 141.976291     -4.047   0.046230    15.9347    -1.7550     -4.013     0.0300    -1.0219 -9.990e-29
 141.976296     -4.031   0.045732    15.9264    -1.7545     -3.997     0.0298    -1.0207 -9.990e-29
 141.976302     -4.015   0.045555    15.9180    -1.7542     -3.982     0.0297    -1.0194 -9.990e-29
 141.976308     -3.998   0.045467    15.9102    -1.7540     -3.965     0.0296    -1.0182 -9.990e-29
 141.976314     -3.978   0.045352    15.9050    -1.7537     -3.945     0.0296    -1.0174 -9.990e-29
 141.976319     -3.955   0.045057    15.9051    -1.7537     -3.922     0.0294    -1.0176 -9.990e-29
 141.976325     -3.926   0.044746    15.9105    -1.7534     -3.893     0.0293    -1.0186 -9.990e-29
 141.976331     -3.895   0.044559    15.9175    -1.7533     -3.863     0.0292    -1.0198 -9.990e-29
 141.976337     -3.867   0.044249    15.9228    -1.7533     -3.835     0.0290    -1.0208 -9.990e-29
 141.976343     -3.846   0.043960    15.9280    -1.7533     -3.814     0.0288    -1.0217 -9.990e-29
 141.976348     -3.830   0.043863    15.9352    -1.7534     -3.798     0.0288    -1.0229 -9.990e-29
 141.976354     -3.818   0.043829    15.9428    -1.7535     -3.786     0.0288    -1.0242 -9.990e-29
 141.976360     -3.806   0.043817    15.9498    11.8563     -3.774     0.0288    -1.0253 -9.990e-29
 141.976366     -3.787   0.043812    15.9560    15.4714     -3.755     0.0287    -1.0263 -9.990e-29
 141.976372     -3.761   0.043809    15.9613    15.6042     -3.730     0.0287    -1.0272 -9.990e-29
 141.976377     -3.730   0.043808    15.9656    12.3606     -3.699     0.0287    -1.0279 -9.990e-29
 141.976383     -3.701   0.043806    15.9681     5.7979     -3.670     0.0287    -1.0283 -9.990e-29
 141.976389     -3.677   0.043805    15.9688     5.6069     -3.646     0.0287    -1.0284 -9.990e-29
 141.976395     -3.655   0.043804    15.9685     5.5886     -3.625     0.0287    -1.0283 -9.990e-29
 141.976400     -3.631   0.043802    15.9676     5.5958     -3.601     0.0287    -1.0282 -9.990e-29
 141.976406     -3.603   0.043801    15.9660     5.6034     -3.573     0.0287    -1.0279 -9.990e-29
 141.976412     -3.577   0.043800    15.9647     5.6044     -3.547     0.0287    -1.0277 -9.990e-29
 141.976418     -3.556   0.043798    15.9653     5.5954     -3.526     0.0287    -1.0278 -9.990e-29
 141.976424     -3.539   0.043797    15.9689     5.5895     -3.509     0.0287    -1.0284 -9.990e-29
 141.976429     -3.524   0.043796    15.9757     5.5920     -3.495     0.0287    -1.0295 -9.990e-29
 141.976435     -3.511   0.043794    15.9835     5.5859     -3.482     0.0287    -1.0308 -9.990e-29
 141.976441     -3.499   0.043793    15.9890     5.5947     -3.470     0.0287    -1.0317 -9.990e-29
 141.976447     -3.487   0.043792    15.9919     5.5866     -3.458     0.0287    -1.0321 -9.990e-29
 141.976453     -3.475   0.043790    15.9942     5.5826     -3.446     0.0287    -1.0325 -9.990e-29
 141.976458     -3.461   0.043789    15.9982     5.5838     -3.432     0.0287    -1.0332 -9.990e-29
 141.976464     -3.445   0.043788    16.0058     5.5816     -3.416     0.0287    -1.0344 -9.990e-29
 141.976470     -3.426   0.043786    16.0175     5.5857     -3.397     0.0287    -1.0363 -9.990e-29
 141.976476     -3.406   0.043783    16.0318     5.5866     -3.378     0.0287    -1.0386 -9.990e-29
 141.976481     -3.389   0.043777    16.0464     5.5884     -3.361     0.0287    -1.0410 -9.990e-29
 141.976487     -3.374   0.043762    16.0590     5.5899     -3.346     0.0287    -1.0431 -9.990e-29
 141.976493     -3.359   0.043719    16.0681     5.5892     -3.331     0.0287    -1.0446 -9.990e-29
 141.976499     -3.340   0.043594    16.0743     5.5882     -3.312     0.0286    -1.0457 -9.990e-29
 141.976505     -3.316   0.043223    16.0789     5.5880     -3.288     0.0284    -1.0466 -9.990e-29
 141.976510     -3.293   0.042667    16.0822     5.5808     -3.266     0.0281    -1.0473 -9.990e-29
 141.976516     -3.273   0.042296    16.0830     5.5807     -3.246     0.0279    -1.0476 -9.990e-29
 141.976522     -3.257   0.042171    16.0797     5.5805     -3.230     0.0279    -1.0471 -9.990e-29
 141.976528     -3.243   0.042129    16.0723     5.5811     -3.216     0.0278    -1.0459 -9.990e-29
 141.976534     -3.230   0.042114    16.0629     5.5834     -3.203     0.0278    -1.0444 -9.990e-29
 141.976539     -3.217   0.042108    16.0564     5.5830     -3.190     0.0278    -1.0433 -9.990e-29
 141.976545     -3.204   0.042105    16.0560     5.5828     -3.177     0.0278    -1.0433 -9.990e-29
 141.976551     -3.188   0.042103    16.0587     5.5761     -3.161     0.0278    -1.0437 -9.990e-29
 141.976557     -3.171   0.042102    16.0594     5.5750     -3.145     0.0278    -1.0438 -9.990e-29
 141.976563     -3.150   0.042100    16.0565     5.5841     -3.124     0.0278    -1.0434 -9.990e-29
 141.976568     -3.124   0.042099    16.0530     5.5818     -3.098     0.0278    -1.0428 -9.990e-29
 141.976574     -3.096   0.042098    16.0536     5.5845     -3.070     0.0278    -1.0429 -9.990e-29
 141.976580     -3.072   0.042096    16.0591     5.5832     -3.046     0.0278    -1.0438 -9.990e-29
 141.976586     -3.056   0.042095    16.0657     5.5834     -3.031     0.0278    -1.0449 -9.990e-29
 141.976591     -3.041   0.042093    16.0699     5.5891     -3.016     0.0278    -1.0455 -9.990e-29
 141.976597     -3.024   0.042092    16.0697     5.5914     -2.999     0.0278    -1.0455 -9.990e-29
 141.976603     -3.006   0.042091    16.0651     5.5926     -2.981     0.0278    -1.0448 -9.990e-29
 141.976609     -2.991   0.042089    16.0572     5.5942     -2.966     0.0278    -1.0435 -9.990e-29
 141.976615     -2.979   0.042088    16.0467     5.5956     -2.954     0.0278    -1.0418 -9.990e-29
 141.976620     -2.967   0.042087    16.0355     5.5968     -2.942     0.0278    -1.0399 -9.990e-29
 141.976626     -2.956   0.042085    16.0254     5.6057     -2.931     0.0278    -1.0383 -9.990e-29
 141.976632     -2.946   0.042084    16.0147     5.6094     -2.921     0.0278    -1.0365 -9.990e-29
 141.976638     -2.934   0.042083    16.0008     5.6115     -2.910     0.0278    -1.0343 -9.990e-29
 141.976644     -2.921   0.042082    15.9847     5.6122     -2.897     0.0278    -1.0317 -9.990e-29
 141.976649     -2.905   0.042081    15.9689     5.6092     -2.881     0.0278    -1.0291 -9.990e-29
 141.976655     -2.891   0.042081    15.9545     5.6120     -2.867     0.0278    -1.0268 -9.990e-29
 141.976661     -2.880   0.042082    15.9413     5.6225     -2.856     0.0278    -1.0246 -9.990e-29
 141.976667     -2.869   0.042082    15.9292     5.6262     -2.845     0.0278    -1.0227 -9.990e-29
 141.976672     -2.853   0.042083    15.9177     5.6264     -2.829     0.0278    -1.0208 -9.990e-29
 141.976678     -2.834   0.042084    15.9049     5.6250     -2.810     0.0278    -1.0187 -9.990e-29
 141.976684     -2.819   0.042085    15.8895     5.6285     -2.795     0.0278    -1.0162 -9.990e-29
 141.976690     -2.809   0.042086    15.8724     5.6218     -2.786     0.0278    -1.0135 -9.990e-29
 141.976696     -2.794   0.042086    15.8558     5.6265     -2.771     0.0279    -1.0108 -9.990e-29
 141.976701     -2.772   0.042087    15.8395     5.6255     -2.749     0.0279    -1.0082 -9.990e-29
 141.976707     -2.752   0.042089    15.8213     5.6156     -2.729     0.0279    -1.0053 -9.990e-29
 141.976713     -2.735   0.042091    15.8031     5.6222     -2.712     0.0279    -1.0023 -9.990e-29
 141.976719     -2.722   0.042096    15.7899     5.6114     -2.699     0.0279    -1.0002 -9.990e-29
 141.976725     -2.711   0.042109    15.7831     5.6179     -2.688     0.0279    -0.9991 -9.990e-29
 141.976730     -2.701   0.042146    15.7814     5.6200     -2.678     0.0279    -0.9988 -9.990e-29
 141.976736     -2.691   0.042257    15.7839     5.6169     -2.669     0.0280    -0.9992 -9.990e-29
 141.976742     -2.682   0.042588    15.7899     5.6181     -2.660     0.0281    -1.0000 -9.990e-29
 141.976748     -2.672   0.043025    15.7977     5.6139     -2.650     0.0284    -1.0011 -9.990e-29
 141.976753     -2.662   0.043040    15.8052     5.6131     -2.640     0.0284    -1.0023 -9.990e-29
 141.976759     -2.649   0.042650    15.8124     5.6125     -2.627     0.0282    -1.0036 -9.990e-29
 141.976765     -2.634   0.042445    15.8208     5.6115     -2.612     0.0280    -1.0050 -9.990e-29
 141.976771     -2.616   0.042706    15.8310     5.6109     -2.594     0.0282    -1.0066 -9.990e-29
 141.976777     -2.593   0.043225    15.8422     5.6105     -2.571     0.0285    -1.0081 -9.990e-29
 141.976782     -2.568   0.043584    15.8535     5.6097     -2.547     0.0286    -1.0098 -9.990e-29
 141.976788     -2.544   0.043703    15.8635     5.6083     -2.523     0.0287    -1.0114 -9.990e-29
 141.976794     -2.519   0.043740    15.8713     5.6070     -2.498     0.0287    -1.0126 -9.990e-29
 141.976800     -2.496   0.043745    15.8777     5.6067     -2.475     0.0287    -1.0136 -9.990e-29
 141.976806     -2.478   0.043723    15.8839     5.6070     -2.457     0.0287    -1.0147 -9.990e-29
 141.976811     -2.464   0.043643    15.8903     5.6066     -2.443     0.0287    -1.0157 -9.990e-29
 141.976817     -2.452   0.043397    15.8969     5.6061     -2.432     0.0285    -1.0169 -9.990e-29
 141.976823     -2.443   0.043212    15.9029     5.6050     -2.423     0.0284    -1.0179 -9.990e-29
 141.976829     -2.436   0.043393    15.9089     5.6115     -2.416     0.0285    -1.0188 -9.990e-29
 141.976834     -2.429   0.043627    15.9163     5.6050     -2.409     0.0287    -1.0199 -9.990e-29
 141.976840     -2.423   0.043671    15.9252     5.6022     -2.403     0.0287    -1.0214 -9.990e-29
 141.976846     -2.417   0.043580    15.9329     5.5989     -2.397     0.0286    -1.0226 -9.990e-29
