data/oxygen options/ONMS/Olympic_Coast_National_Marine_Sanctuary_CTD_Data_2005_2023/raw_data/2014/CAST_CA015_140520faed.cnv
* Sea-Bird SBE19 Data File:
* FileName = C:\2014 Mooring Data\Casts\CAST_CA042_140520.hex
* Software Version 1.59
* Temperature SN = 2997
* Conductivity SN = 2997
* System UpLoad Time = May 20 2014 22:13:19
** CAST_CA042_140520
* ds
# nquan = 9                                 
# nvalues = 822                         
# units = specified
# name 0 = timeJ: Julian Days
# name 1 = prSM: Pressure, Strain Gauge [db]
# name 2 = c0mS/cm: Conductivity [mS/cm]
# name 3 = t090C: Temperature [ITS-90, deg C]
# name 4 = sbeox0ML/L: Oxygen, SBE 43 [ml/l]
# name 5 = depSM: Depth [salt water, m], lat = 47.5
# name 6 = sal00: Salinity, Practical [PSU]
# name 7 = sigma-é00: Density [sigma-theta, kg/m^3]
# name 8 = flag: flag
# span 0 = 140.863241, 140.867992       
# span 1 =     -5.643,     13.096       
# span 2 =   0.102268,  36.945355       
# span 3 =    11.7070,    15.4310       
# span 4 =    -1.7798,    15.8291       
# span 5 =     -5.596,     12.986       
# span 6 =     0.0615,    30.6832       
# span 7 =    -0.9161,    23.2921       
# span 8 = 0.0000e+00, 0.0000e+00       
# interval = seconds: 0.5
# start_time = May 20 2014 20:43:04 [Instrument's time stamp, header]
# bad_flag = -9.990e-29
*END*
[from data line 641]
 140.866950      1.176  33.925020    15.0956     6.1766      1.166    26.8772    19.7004 -9.990e-29
 140.866956      1.167  33.925457    15.0978     6.1379      1.157    26.8761    19.6991 -9.990e-29
 140.866962      1.164  33.926043    15.0992     6.0563      1.154    26.8756    19.6985 -9.990e-29
 140.866968      1.162  33.927004    15.0988     5.9348      1.152    26.8767    19.6994 -9.990e-29
 140.866973      1.157  33.927951    15.0980     5.7898      1.147    26.8781    19.7006 -9.990e-29
 140.866979      1.151  33.928475    15.0980     5.6803      1.141    26.8786    19.7010 -9.990e-29
 140.866985      1.150  33.928721    15.0995     5.7580      1.140    26.8778    19.7001 -9.990e-29
 140.866991      1.153  33.929024    15.1025     5.9557      1.143    26.8760    19.6981 -9.990e-29
 140.866997      1.161  33.929233    15.1055     6.1261      1.151    26.8741    19.6960 -9.990e-29
 140.867002      1.173  33.929076    15.1075     6.1659      1.163    26.8726    19.6944 -9.990e-29
 140.867008      1.188  33.928912    15.1085     6.1080      1.178    26.8718    19.6936 -9.990e-29
 140.867014      1.195  33.929088    15.1089     6.0269      1.185    26.8716    19.6934 -9.990e-29
 140.867020      1.193  33.929285    15.1090     5.9958      1.183    26.8717    19.6935 -9.990e-29
 140.867025      1.186  33.929213    15.1094     5.9837      1.176    26.8714    19.6931 -9.990e-29
 140.867031      1.180  33.929343    15.1102     5.9480      1.170    26.8710    19.6926 -9.990e-29
 140.867037      1.181  33.929854    15.1115     5.9826      1.171    26.8705    19.6920 -9.990e-29
 140.867043      1.183  33.930318    15.1126     6.0605      1.173    26.8702    19.6915 -9.990e-29
 140.867049      1.184  33.930798    15.1134     6.1531      1.174    26.8701    19.6913 -9.990e-29
 140.867054      1.186  33.931383    15.1140     6.1743      1.176    26.8702    19.6912 -9.990e-29
 140.867060      1.191  33.931740    15.1144     6.0565      1.181    26.8702    19.6912 -9.990e-29
 140.867066      1.190  33.931793    15.1142     5.8530      1.180    26.8704    19.6914 -9.990e-29
 140.867072      1.183  33.931619    15.1138     5.6133      1.173    26.8705    19.6915 -9.990e-29
 140.867078      1.178  33.931552    15.1138     5.5493      1.168    26.8704    19.6915 -9.990e-29
 140.867083      1.179  33.932071    15.1137     5.7342      1.169    26.8710    19.6919 -9.990e-29
 140.867089      1.187  33.932753    15.1132     5.9886      1.177    26.8719    19.6927 -9.990e-29
 140.867095      1.196  33.932836    15.1127     6.1461      1.186    26.8723    19.6932 -9.990e-29
 140.867101      1.200  33.932439    15.1123     6.1035      1.190    26.8722    19.6932 -9.990e-29
 140.867106      1.194  33.932157    15.1119     5.9048      1.184    26.8723    19.6933 -9.990e-29
 140.867112      1.183  33.932182    15.1116     5.7620      1.173    26.8725    19.6935 -9.990e-29
 140.867118      1.173  33.932552    15.1119     5.8106      1.163    26.8726    19.6936 -9.990e-29
 140.867124      1.170  33.933209    15.1131     5.9532      1.160    26.8724    19.6931 -9.990e-29
 140.867130      1.172  33.933917    15.1145     6.0354      1.162    26.8720    19.6926 -9.990e-29
 140.867135      1.179  33.934506    15.1153     5.9837      1.169    26.8720    19.6924 -9.990e-29
 140.867141      1.193  33.934650    15.1155     5.7937      1.183    26.8720    19.6923 -9.990e-29
 140.867147      1.209  33.934548    15.1154     5.6160      1.199    26.8720    19.6923 -9.990e-29
 140.867153      1.225  33.934632    15.1146     5.6047      1.215    26.8726    19.6930 -9.990e-29
 140.867159      1.246  33.934458    15.1119     5.7662      1.236    26.8743    19.6948 -9.990e-29
 140.867164      1.272  33.933803    15.1081     5.9927      1.261    26.8763    19.6972 -9.990e-29
 140.867170      1.298  33.932921    15.1053     6.1086      1.287    26.8774    19.6986 -9.990e-29
 140.867176      1.321  33.931759    15.1049     6.1883      1.310    26.8767    19.6981 -9.990e-29
 140.867182      1.341  33.930455    15.1061     6.2027      1.330    26.8747    19.6964 -9.990e-29
 140.867188      1.361  33.929515    15.1071     6.1822      1.350    26.8732    19.6950 -9.990e-29
 140.867193      1.385  33.929372    15.1070     6.1491      1.373    26.8731    19.6950 -9.990e-29
 140.867199      1.424  33.929845    15.1057     6.1476      1.412    26.8744    19.6962 -9.990e-29
 140.867205      1.481  33.929890    15.1034     6.2322      1.469    26.8760    19.6979 -9.990e-29
 140.867211      1.550  33.929016    15.1005     6.3560      1.537    26.8772    19.6994 -9.990e-29
 140.867216      1.637  33.927743    15.0971     6.4309      1.623    26.8784    19.7011 -9.990e-29
 140.867222      1.754  33.926061    15.0925     6.4041      1.739    26.8800    19.7033 -9.990e-29
 140.867228      1.905  33.923972    15.0869     6.2716      1.889    26.8820    19.7059 0.0000e+00
 140.867234      2.082  33.922058    15.0825     6.1871      2.065    26.8833    19.7078 0.0000e+00
 140.867240      2.285  33.920568    15.0806     6.2223      2.266    26.8832    19.7082 0.0000e+00
 140.867245      2.512  33.919763    15.0806     6.3118      2.491    26.8824    19.7076 0.0000e+00
 140.867251      2.762  33.919692    15.0800     6.3245      2.739    26.8827    19.7079 0.0000e+00
 140.867257      3.029  33.919707    15.0757     6.2338      3.004    26.8856    19.7110 0.0000e+00
 140.867263      3.304  33.918716    15.0656     6.1357      3.276    26.8915    19.7177 0.0000e+00
 140.867269      3.583  33.916521    15.0491     6.0864      3.553    26.9008    19.7282 0.0000e+00
 140.867274      3.867  33.915801    15.0203     6.0488      3.835    26.9199    19.7488 0.0000e+00
 140.867280      4.157  33.922876    14.9518     5.9308      4.122    26.9732    19.8037 0.0000e+00
 140.867286      4.454  33.953344    14.8116     5.8188      4.417    27.0969    19.9274 0.0000e+00
 140.867292      4.759  34.027116    14.6016     5.8180      4.719    27.3087    20.1328 0.0000e+00
 140.867297      5.072  34.146261    14.3640     5.9521      5.030    27.5827    20.3914 0.0000e+00
 140.867303      5.386  34.288224    14.1381     6.1032      5.341    27.8718    20.6590 0.0000e+00
 140.867309      5.694  34.434542    13.9208     6.1468      5.646    28.1618    20.9253 0.0000e+00
 140.867315      5.992  34.591023    13.7250     6.1322      5.942    28.4481    21.1845 0.0000e+00
 140.867321      6.277  34.739511    13.5884     6.0669      6.225    28.6854    21.3942 0.0000e+00
 140.867326      6.554  34.837749    13.4841     6.0169      6.499    28.8538    21.5444 0.0000e+00
 140.867332      6.836  34.896863    13.3612     5.9891      6.779    29.0012    21.6819 0.0000e+00
 140.867338      7.132  34.949186    13.2338     5.9616      7.072    29.1466    21.8187 0.0000e+00
 140.867344      7.437  34.992242    13.1396     5.9391      7.375    29.2586    21.9233 0.0000e+00
 140.867350      7.738  35.025187    13.0799     5.9244      7.673    29.3351    21.9938 0.0000e+00
 140.867355      8.035  35.054409    13.0361     5.9208      7.968    29.3961    22.0493 0.0000e+00
 140.867361      8.329  35.079663    12.9983     5.8835      8.259    29.4488    22.0972 0.0000e+00
 140.867367      8.620  35.102142    12.9632     5.8252      8.548    29.4969    22.1411 0.0000e+00
 140.867373      8.912  35.120459    12.9204     5.7930      8.837    29.5472    22.1881 0.0000e+00
 140.867378      9.204  35.134957    12.8490     5.7991      9.127    29.6164    22.2552 0.0000e+00
 140.867384      9.499  35.150408    12.7342     5.8350      9.420    29.7209    22.3576 0.0000e+00
 140.867390      9.799  35.166137    12.6060     5.8068      9.717    29.8367    22.4713 0.0000e+00
 140.867396     10.100  35.189112    12.5193     5.7182     10.015    29.9271    22.5574 0.0000e+00
 140.867402     10.396  35.229792    12.4785     5.6370     10.309    29.9979    22.6198 0.0000e+00
 140.867407     10.685  35.271277    12.4494     5.5881     10.596    30.0602    22.6735 0.0000e+00
 140.867413     10.972  35.291590    12.4054     5.5330     10.880    30.1145    22.7237 0.0000e+00
 140.867419     11.263  35.292619    12.3387     5.4477     11.169    30.1689    22.7782 0.0000e+00
 140.867425     11.551  35.286940    12.2604     5.3599     11.454    30.2265    22.8372 0.0000e+00
 140.867431     11.823  35.283780    12.1834     5.2890     11.724    30.2856    22.8972 0.0000e+00
 140.867436     12.076  35.285265    12.1187     5.2615     11.975    30.3393    22.9507 0.0000e+00
 140.867442     12.309  35.288886    12.0591     5.2594     12.206    30.3911    23.0017 0.0000e+00
 140.867448     12.518  35.291244    11.9654     5.2622     12.413    30.4696    23.0797 0.0000e+00
 140.867454     12.702  35.287635    11.8438     5.2622     12.596    30.5657    23.1762 0.0000e+00
 140.867459     12.853  35.281829    11.7560     5.2577     12.745    30.6322    23.2437 -9.990e-29
 140.867465     12.969  35.285109    11.7189     5.3010     12.860    30.6659    23.2765 -9.990e-29
 140.867471     13.049  35.292862    11.7070     5.3750     12.940    30.6832    23.2921 -9.990e-29
 140.867477     13.089  35.293567    11.7082     5.4393     12.979    30.6829    23.2916 -9.990e-29
 140.867483     13.096  35.290400    11.7223     5.4764     12.986    30.6682    23.2777 -9.990e-29
 140.867488     13.080  35.291460    11.7539     5.4983     12.970    30.6432    23.2525 -9.990e-29
 140.867494     13.033  35.298721    11.8155     5.5345     12.924    30.5995    23.2075 -9.990e-29
 140.867500     12.959  35.309546    11.9080     5.5789     12.850    30.5340    23.1400 -9.990e-29
 140.867506     12.865  35.316532    12.0047     5.6145     12.757    30.4616    23.0663 -9.990e-29
 140.867512     12.754  35.311082    12.0786     5.6163     12.647    30.3963    23.0022 -9.990e-29
 140.867517     12.631  35.294348    12.1214     5.5444     12.525    30.3456    22.9551 -9.990e-29
 140.867523     12.501  35.279876    12.1383     5.4435     12.396    30.3181    22.9307 0.0000e+00
 140.867529     12.366  35.276946    12.1423     5.4114     12.262    30.3121    22.9253 0.0000e+00
 140.867535     12.224  35.279976    12.1408     5.4724     12.122    30.3163    22.9288 0.0000e+00
 140.867541     12.080  35.280688    12.1361     5.5894     11.979    30.3208    22.9332 0.0000e+00
 140.867546     11.941  35.276672    12.1372     5.6992     11.841    30.3162    22.9294 0.0000e+00
 140.867552     11.803  35.268736    12.1517     5.7172     11.704    30.2969    22.9118 0.0000e+00
 140.867558     11.653  35.260858    12.1767     5.6802     11.555    30.2692    22.8857 0.0000e+00
 140.867564     11.490  35.257652    12.2097     5.6897     11.394    30.2396    22.8567 0.0000e+00
 140.867569     11.317  35.258765    12.2503     5.7541     11.222    30.2079    22.8247 0.0000e+00
 140.867575     11.135  35.260085    12.2924     5.8228     11.042    30.1753    22.7917 0.0000e+00
 140.867581     10.954  35.258338    12.3329     5.8337     10.862    30.1412    22.7578 0.0000e+00
 140.867587     10.780  35.251205    12.3699     5.8056     10.690    30.1048    22.7227 0.0000e+00
 140.867593     10.610  35.243184    12.3956     5.8025     10.521    30.0767    22.6962 0.0000e+00
 140.867598     10.442  35.240946    12.4102     5.8322     10.355    30.0629    22.6828 0.0000e+00
 140.867604     10.274  35.237594    12.4201     5.8357     10.188    30.0519    22.6725 0.0000e+00
 140.867610     10.108  35.225303    12.4285     5.7759     10.023    30.0336    22.6568 0.0000e+00
 140.867616      9.942  35.202810    12.4413     5.7137      9.859    30.0022    22.6300 0.0000e+00
 140.867622      9.765  35.174845    12.4715     5.7333      9.683    29.9518    22.5854 0.0000e+00
 140.867627      9.580  35.153403    12.5269     5.8106      9.500    29.8875    22.5253 0.0000e+00
 140.867633      9.395  35.141815    12.5909     5.9046      9.316    29.8259    22.4657 0.0000e+00
 140.867639      9.212  35.135273    12.6470     5.9337      9.135    29.7755    22.4162 0.0000e+00
 140.867645      9.032  35.128987    12.6983     5.8818      8.956    29.7292    22.3708 0.0000e+00
 140.867650      8.852  35.119069    12.7448     5.7901      8.778    29.6834    22.3266 0.0000e+00
 140.867656      8.661  35.106865    12.7863     5.7611      8.589    29.6395    22.2848 0.0000e+00
 140.867662      8.460  35.094589    12.8256     5.8167      8.389    29.5973    22.2447 0.0000e+00
 140.867668      8.261  35.080441    12.8576     5.8985      8.192    29.5591    22.2092 0.0000e+00
 140.867674      8.073  35.062923    12.8891     5.9084      8.005    29.5182    22.1716 0.0000e+00
 140.867679      7.897  35.039968    12.9318     5.8124      7.831    29.4636    22.1213 0.0000e+00
 140.867685      7.726  35.011770    12.9713     5.7413      7.661    29.4067    22.0698 0.0000e+00
 140.867691      7.553  34.987214    12.9918     5.7909      7.490    29.3680    22.0360 0.0000e+00
 140.867697      7.381  34.974448    13.0016     5.8908      7.319    29.3486    22.0191 0.0000e+00
 140.867703      7.211  34.971016    13.0144     5.9363      7.151    29.3356    22.0066 0.0000e+00
 140.867708      7.041  34.968427    13.0324     5.9001      6.982    29.3193    21.9906 0.0000e+00
 140.867714      6.873  34.960991    13.0496     5.8375      6.816    29.2992    21.9718 0.0000e+00
 140.867720      6.705  34.950555    13.0642     5.8273      6.649    29.2783    21.9529 0.0000e+00
 140.867726      6.531  34.943365    13.0807     5.9198      6.476    29.2589    21.9348 0.0000e+00
 140.867731      6.356  34.940479    13.1067     6.0129      6.303    29.2363    21.9123 0.0000e+00
 140.867737      6.186  34.935811    13.1489     6.0269      6.134    29.1996    21.8759 0.0000e+00
 140.867743      6.016  34.924821    13.2003     5.9391      5.966    29.1501    21.8278 0.0000e+00
 140.867749      5.842  34.906297    13.2456     5.8248      5.793    29.0983    21.7792 0.0000e+00
 140.867755      5.672  34.875148    13.2907     5.7922      5.625    29.0352    21.7217 0.0000e+00
 140.867760      5.506  34.824569    13.3616     5.8274      5.460    28.9347    21.6305 0.0000e+00
 140.867766      5.343  34.751526    13.4797     5.8506      5.298    28.7784    21.4870 0.0000e+00
 140.867772      5.181  34.657744    13.6366     5.8005      5.138    28.5750    21.2996 0.0000e+00
 140.867778      5.015  34.553694    13.7778     5.7327      4.973    28.3753    21.1180 0.0000e+00
 140.867784      4.837  34.461361    13.8752     5.6981      4.797    28.2198    20.9790 0.0000e+00
 140.867789      4.654  34.401005    13.9662     5.7026      4.615    28.0986    20.8677 0.0000e+00
 140.867795      4.471  34.365526    14.0806     5.7096      4.434    27.9834    20.7563 0.0000e+00
 140.867801      4.289  34.316028    14.2158     5.6398      4.253    27.8412    20.6200 0.0000e+00
 140.867807      4.114  34.224039    14.3415     5.5296      4.080    27.6686    20.4620 0.0000e+00
 140.867813      3.943  34.116975    14.4235     5.4182      3.910    27.5146    20.3271 0.0000e+00
 140.867818      3.770  34.044147    14.4841     5.3533      3.739    27.4068    20.2320 0.0000e+00
 140.867824      3.597  34.008691    14.5636     5.3499      3.567    27.3194    20.1487 0.0000e+00
 140.867830      3.429  33.976777    14.6586     5.3309      3.400    27.2245    20.0565 0.0000e+00
 140.867836      3.265  33.931614    14.7374     5.3011      3.238    27.1296    19.9676 0.0000e+00
 140.867841      3.099  33.882978    14.7794     5.2247      3.073    27.0575    19.9036 0.0000e+00
 140.867847      2.932  33.844418    14.8051     5.1372      2.908    27.0056    19.8586 0.0000e+00
 140.867853      2.767  33.819959    14.8412     5.0849      2.744    26.9592    19.8155 0.0000e+00
 140.867859      2.602  33.801628    14.8844     5.0794      2.580    26.9133    19.7714 0.0000e+00
 140.867865      2.435  33.775621    14.9184     5.1201      2.415    26.8670    19.7290 0.0000e+00
