data/oxygen options/ONMS/Olympic_Coast_National_Marine_Sanctuary_CTD_Data_2005_2023/raw_data/2014/CAST_KL027_140801faedb.cnv
* Sea-Bird SBE19 Data File:
* FileName = C:\2014 Mooring Data\Casts\CAST_KL027_140801.hex
* Software Version 1.59
* Temperature SN = 2997
* Conductivity SN = 2997
* System UpLoad Time = Aug 03 2014 00:55:53
** CAST_KL027_140801
* ds
# nquan = 9
# nvalues = 25                          
# units = specified
# name 0 = timeJ: Julian Days
# name 1 = prSM: Pressure, Strain Gauge [db]
# name 2 = c0mS/cm: Conductivity [mS/cm]
# name 3 = t090C: Temperature [ITS-90, deg C]
# name 4 = sbeox0ML/L: Oxygen, SBE 43 [ml/l]
# name 5 = depSM: Depth [salt water, m], lat = 47.5
# name 6 = sal00: Salinity, Practical [PSU]
# name 7 = sigma-é00: Density [sigma-theta, kg/m^3]
# name 8 = flag: flag
# span 0 = 213.692386, 213.692892       
# span 1 =      2.000,     26.000       
# span 2 =  34.497922,  36.223210       
# span 3 =     7.5091,    10.1892       
# span 4 =     1.5072,     6.4563       
# span 5 =      1.983,     25.781       
# span 6 =    32.9220,    33.6238       
# span 7 =    25.2980,    26.2643       
# span 8 = 0.0000e+00, 0.0000e+00       
# interval = decibars: 1                
# start_time = Aug 01 2014 16:29:41 [Instrument's time stamp, header]
# bad_flag = -9.990e-29
*END*
 213.692386      2.000  36.223210    10.1892     6.4563      1.983    32.9220    25.2980 0.0000e+00
 213.692411      3.000  36.174723    10.0782     5.5033      2.975    32.9736    25.3569 0.0000e+00
 213.692432      4.000  36.039825     9.8133     5.5276      3.967    33.0785    25.4828 0.0000e+00
 213.692452      5.000  35.896697     9.5796     5.7692      4.958    33.1468    25.5746 0.0000e+00
 213.692471      6.000  35.890698     9.5297     5.6692      5.950    33.1863    25.6136 0.0000e+00
 213.692491      7.000  35.841330     9.4494     5.5595      6.942    33.2095    25.6447 0.0000e+00
 213.692509      8.000  35.788523     9.3648     5.5831      7.933    33.2332    25.6769 0.0000e+00
 213.692528      9.000  35.763324     9.3318     5.6563      8.925    33.2373    25.6855 0.0000e+00
 213.692548     10.000  35.766743     9.3283     5.6285      9.916    33.2437    25.6910 0.0000e+00
 213.692567     11.000  35.763927     9.3068     5.5890     10.908    33.2603    25.7075 0.0000e+00
 213.692587     12.000  35.750956     9.2817     5.7499     11.900    33.2699    25.7191 0.0000e+00
 213.692605     13.000  35.741867     9.2661     5.8836     12.891    33.2745    25.7251 0.0000e+00
 213.692624     14.000  35.754001     9.2630     5.6306     13.883    33.2895    25.7374 0.0000e+00
 213.692645     15.000  35.737656     9.2225     4.3062     14.874    33.3099    25.7598 0.0000e+00
 213.692664     16.000  35.571689     8.9409     3.0287     15.866    33.4009    25.8754 0.0000e+00
 213.692683     17.000  35.233486     8.5444     2.6191     16.857    33.4197    25.9516 0.0000e+00
 213.692703     18.000  35.036345     8.3321     2.2301     17.849    33.4125    25.9781 0.0000e+00
 213.692723     19.000  34.876004     8.1099     1.7859     18.840    33.4532    26.0432 0.0000e+00
 213.692743     20.000  34.681367     7.8490     1.5072     19.832    33.4945    26.1138 0.0000e+00
 213.692763     21.000  34.553136     7.6134     1.5677     20.824    33.5830    26.2173 0.0000e+00
 213.692784     22.000  34.506869     7.5357     1.6892     21.815    33.6076    26.2478 0.0000e+00
 213.692804     23.000  34.497922     7.5172     1.7654     22.807    33.6154    26.2565 0.0000e+00
 213.692824     24.000  34.508032     7.5209     1.7904     23.798    33.6222    26.2614 0.0000e+00
 213.692846     25.000  34.499367     7.5091     1.7864     24.790    33.6238    26.2643 0.0000e+00
 213.692892     26.000  34.501887     7.5119     1.7798     25.781    33.6233    26.2635 0.0000e+00
