data/oxygen options/ONMS/Olympic_Coast_National_Marine_Sanctuary_CTD_Data_2005_2023/raw_data/2014/CAST_CE042_140521faed.cnv
* Sea-Bird SBE19 Data File:
* FileName = C:\2014 Mooring Data\Casts\CAST_CE042_140521.hex
* Software Version 1.59
* Temperature SN = 2997
* Conductivity SN = 2997
* System UpLoad Time = May 23 2014 23:32:33
** CAST_CE042_140521
* ds
# nquan = 9                                 
# nvalues = 1075                        
# units = specified
# name 0 = timeJ: Julian Days
# name 1 = prSM: Pressure, Strain Gauge [db]
# name 2 = c0mS/cm: Conductivity [mS/cm]
# name 3 = t090C: Temperature [ITS-90, deg C]
# name 4 = sbeox0ML/L: Oxygen, SBE 43 [ml/l]
# name 5 = depSM: Depth [salt water, m], lat = 47.5
# name 6 = sal00: Salinity, Practical [PSU]
# name 7 = sigma-é00: Density [sigma-theta, kg/m^3]
# name 8 = flag: flag
# span 0 = 141.975926, 141.982141       
# span 1 =     -5.635,     36.782       
# span 2 =   0.039079,  34.958833       
# span 3 =     8.2308,    16.0830       
# span 4 =    -1.7558,    15.6042       
# span 5 =     -5.588,     36.472       
# span 6 =     0.0263,    33.0831       
# span 7 =    -1.0476,    25.7352       
# span 8 = 0.0000e+00, 0.0000e+00       
# interval = seconds: 0.5
# start_time = May 21 2014 23:25:20 [Instrument's time stamp, header]
# bad_flag = -9.990e-29
*END*
[from data line 641]
 141.979635      0.878  33.665725    15.4049     4.7769      0.871    26.4412    19.3017 -9.990e-29
 141.979641      0.886  33.665723    15.4046     4.8681      0.879    26.4414    19.3019 -9.990e-29
 141.979647      0.898  33.665699    15.4045     4.9772      0.891    26.4414    19.3020 -9.990e-29
 141.979653      0.916  33.665617    15.4046     5.1359      0.908    26.4413    19.3018 -9.990e-29
 141.979659      0.940  33.665361    15.4046     5.3363      0.932    26.4411    19.3016 -9.990e-29
 141.979664      0.977  33.665141    15.4042     5.6630      0.969    26.4411    19.3018 -9.990e-29
 141.979670      1.032  33.665219    15.4038     5.9699      1.023    26.4414    19.3021 -9.990e-29
 141.979676      1.106  33.665132    15.4040     6.1132      1.097    26.4412    19.3019 -9.990e-29
 141.979682      1.199  33.664757    15.4043     6.0742      1.189    26.4407    19.3014 -9.990e-29
 141.979688      1.311  33.664706    15.4044     5.8674      1.300    26.4405    19.3013 -9.990e-29
 141.979693      1.443  33.664907    15.4045     5.7046      1.431    26.4406    19.3013 0.0000e+00
 141.979699      1.597  33.665061    15.4050     5.7189      1.584    26.4403    19.3010 0.0000e+00
 141.979705      1.780  33.665365    15.4057     5.8888      1.765    26.4401    19.3007 0.0000e+00
 141.979711      1.990  33.665658    15.4064     6.1333      1.973    26.4398    19.3003 0.0000e+00
 141.979716      2.219  33.665763    15.4070     6.2831      2.200    26.4394    19.2999 0.0000e+00
 141.979722      2.456  33.665815    15.4072     6.2219      2.435    26.4392    19.2998 0.0000e+00
 141.979728      2.694  33.665875    15.4069     6.0060      2.671    26.4394    19.3000 0.0000e+00
 141.979734      2.937  33.666014    15.4054     5.7460      2.912    26.4405    19.3011 0.0000e+00
 141.979740      3.190  33.665851    15.4010     5.6646      3.163    26.4432    19.3041 0.0000e+00
 141.979745      3.457  33.664041    15.3934     5.7933      3.428    26.4466    19.3083 0.0000e+00
 141.979751      3.734  33.660401    15.3817     6.0389      3.703    26.4512    19.3143 0.0000e+00
 141.979757      4.017  33.657348    15.3625     6.3037      3.983    26.4614    19.3261 0.0000e+00
 141.979763      4.307  33.656961    15.3323     6.3882      4.271    26.4813    19.3476 0.0000e+00
 141.979769      4.596  33.663196    15.2824     6.2493      4.558    26.5202    19.3878 0.0000e+00
 141.979774      4.877  33.686033    15.1800     6.0423      4.836    26.6092    19.4773 0.0000e+00
 141.979780      5.160  33.754229    14.9570     5.7532      5.117    26.8209    19.6857 0.0000e+00
 141.979786      5.454  33.936868    14.5122     5.6849      5.408    27.2909    20.1372 0.0000e+00
 141.979792      5.752  34.255747    13.8708     6.0975      5.704    28.0362    20.8384 0.0000e+00
 141.979797      6.038  34.573866    13.2795     6.8978      5.988    28.7656    21.5157 0.0000e+00
 141.979803      6.301  34.772178    12.9201     7.6586      6.248    29.2236    21.9379 0.0000e+00
 141.979809      6.536  34.888183    12.7417     7.9885      6.481    29.4703    22.1622 0.0000e+00
 141.979815      6.750  34.958279    12.6187     7.7209      6.694    29.6323    22.3106 0.0000e+00
 141.979821      6.960  34.958833    12.4647     7.1866      6.902    29.7542    22.4336 0.0000e+00
 141.979826      7.184  34.865927    12.2325     6.7535      7.124    29.8505    22.5509 0.0000e+00
 141.979832      7.428  34.710786    11.9242     6.5552      7.366    29.9491    22.6834 0.0000e+00
 141.979838      7.685  34.578280    11.6209     6.5829      7.621    30.0663    22.8286 0.0000e+00
 141.979844      7.947  34.527997    11.4178     6.8266      7.881    30.1828    22.9548 0.0000e+00
 141.979850      8.204  34.560585    11.3122     7.1842      8.135    30.3007    23.0649 0.0000e+00
 141.979855      8.456  34.601279    11.2495     7.3671      8.385    30.3918    23.1466 0.0000e+00
 141.979861      8.710  34.584466    11.2136     7.2708      8.637    30.4049    23.1631 0.0000e+00
 141.979867      8.965  34.553229    11.2033     7.1641      8.890    30.3828    23.1477 0.0000e+00
 141.979873      9.216  34.551580    11.2045     7.2695      9.139    30.3801    23.1454 0.0000e+00
 141.979878      9.466  34.557146    11.2051     7.5040      9.387    30.3850    23.1491 0.0000e+00
 141.979884      9.719  34.549905    11.2053     7.6539      9.638    30.3776    23.1434 0.0000e+00
 141.979890      9.972  34.542593    11.2088     7.4782      9.889    30.3675    23.1349 0.0000e+00
 141.979896     10.225  34.550651    11.2142     7.2348     10.139    30.3708    23.1365 0.0000e+00
 141.979902     10.481  34.554579    11.2148     7.2278     10.393    30.3741    23.1389 0.0000e+00
 141.979907     10.744  34.530487    11.2033     7.3244     10.654    30.3599    23.1300 0.0000e+00
 141.979913     11.009  34.503362    11.1720     7.3501     10.917    30.3591    23.1348 0.0000e+00
 141.979919     11.268  34.517103    11.1276     7.1956     11.174    30.4091    23.1813 0.0000e+00
 141.979925     11.510  34.570426    11.0864     6.9277     11.414    30.4952    23.2554 0.0000e+00
 141.979931     11.734  34.619064    11.0411     6.8063     11.636    30.5804    23.3294 0.0000e+00
 141.979936     11.955  34.611377    10.9658     6.8029     11.855    30.6355    23.3852 0.0000e+00
 141.979942     12.190  34.542144    10.8582     6.6839     12.088    30.6572    23.4206 0.0000e+00
 141.979948     12.443  34.471353    10.7458     6.5906     12.339    30.6814    23.4585 0.0000e+00
 141.979954     12.702  34.444026    10.6462     6.5247     12.596    30.7380    23.5194 0.0000e+00
 141.979959     12.964  34.446099    10.5584     6.5114     12.855    30.8140    23.5933 0.0000e+00
 141.979965     13.227  34.427113    10.4858     6.4972     13.116    30.8564    23.6385 0.0000e+00
 141.979971     13.492  34.380209    10.4377     6.3238     13.379    30.8504    23.6419 0.0000e+00
 141.979977     13.758  34.358174    10.4122     6.1738     13.643    30.8499    23.6458 0.0000e+00
 141.979983     14.025  34.356806    10.3965     6.1641     13.907    30.8618    23.6576 0.0000e+00
 141.979988     14.293  34.338433    10.3817     6.2616     14.173    30.8559    23.6555 0.0000e+00
 141.979994     14.557  34.321102    10.3661     6.3158     14.435    30.8517    23.6549 0.0000e+00
 141.980000     14.809  34.336008    10.3536     6.3073     14.685    30.8771    23.6767 0.0000e+00
 141.980006     15.047  34.381738    10.3443     6.3267     14.921    30.9306    23.7199 0.0000e+00
 141.980012     15.278  34.408948    10.3296     6.4493     15.150    30.9701    23.7532 0.0000e+00
 141.980017     15.504  34.381114    10.3085     6.6179     15.374    30.9602    23.7490 0.0000e+00
 141.980023     15.722  34.349588    10.2924     6.7218     15.590    30.9424    23.7377 0.0000e+00
 141.980029     15.929  34.365836    10.2865     6.7392     15.795    30.9635    23.7552 0.0000e+00
 141.980035     16.125  34.406153    10.2841     6.7176     15.990    31.0058    23.7885 0.0000e+00
 141.980041     16.322  34.410619    10.2761     6.7260     16.185    31.0170    23.7986 0.0000e+00
 141.980046     16.538  34.363343    10.2590     6.7339     16.399    30.9842    23.7759 0.0000e+00
 141.980052     16.777  34.312712    10.2364     6.6620     16.636    30.9528    23.7551 0.0000e+00
 141.980058     17.033  34.291440    10.2101     6.5281     16.890    30.9538    23.7603 0.0000e+00
 141.980064     17.298  34.291870    10.1717     6.3530     17.153    30.9869    23.7924 0.0000e+00
 141.980069     17.566  34.302245    10.1161     6.1609     17.419    31.0448    23.8466 0.0000e+00
 141.980075     17.837  34.315672    10.0588     6.0220     17.687    31.1074    23.9048 0.0000e+00
 141.980081     18.107  34.329322    10.0190     5.8917     17.955    31.1553    23.9486 0.0000e+00
 141.980087     18.367  34.349620     9.9991     5.8257     18.213    31.1927    23.9811 0.0000e+00
 141.980093     18.613  34.390172     9.9892     5.8989     18.457    31.2421    24.0212 0.0000e+00
 141.980098     18.844  34.440080     9.9784     6.0520     18.686    31.3016    24.0694 0.0000e+00
 141.980104     19.060  34.456129     9.9595     6.1516     18.900    31.3341    24.0978 0.0000e+00
 141.980110     19.272  34.426112     9.9298     6.1160     19.110    31.3295    24.0991 0.0000e+00
 141.980116     19.489  34.390070     9.8937     5.9681     19.325    31.3243    24.1009 0.0000e+00
 141.980122     19.715  34.380948     9.8580     5.8560     19.550    31.3460    24.1236 0.0000e+00
 141.980127     19.953  34.393851     9.8244     5.7621     19.786    31.3882    24.1620 0.0000e+00
 141.980133     20.196  34.416093     9.7911     5.6335     20.026    31.4396    24.2075 0.0000e+00
 141.980139     20.438  34.442004     9.7608     5.4375     20.266    31.4923    24.2535 0.0000e+00
 141.980145     20.678  34.467265     9.7395     5.2893     20.504    31.5365    24.2914 0.0000e+00
 141.980150     20.913  34.487443     9.7272     5.2736     20.737    31.5677    24.3177 0.0000e+00
 141.980156     21.142  34.494125     9.7206     5.3642     20.964    31.5801    24.3285 0.0000e+00
 141.980162     21.361  34.493386     9.7179     5.4722     21.182    31.5817    24.3301 0.0000e+00
 141.980168     21.568  34.509966     9.7185     5.5454     21.387    31.5979    24.3427 0.0000e+00
 141.980174     21.763  34.541297     9.7208     5.5295     21.580    31.6276    24.3656 0.0000e+00
 141.980179     21.954  34.552407     9.7208     5.4504     21.770    31.6388    24.3743 0.0000e+00
 141.980185     22.158  34.529519     9.7162     5.3333     21.972    31.6195    24.3600 0.0000e+00
 141.980191     22.387  34.493603     9.7093     5.1674     22.199    31.5890    24.3373 0.0000e+00
 141.980197     22.639  34.468973     9.7030     5.0827     22.449    31.5694    24.3230 0.0000e+00
 141.980203     22.904  34.459154     9.6978     5.1286     22.712    31.5638    24.3195 0.0000e+00
 141.980208     23.169  34.457736     9.6939     5.2751     22.974    31.5657    24.3216 0.0000e+00
 141.980214     23.421  34.465595     9.6922     5.4279     23.224    31.5751    24.3292 0.0000e+00
 141.980220     23.655  34.485895     9.6916     5.4473     23.456    31.5962    24.3457 0.0000e+00
 141.980226     23.872  34.509832     9.6886     5.3672     23.671    31.6230    24.3672 0.0000e+00
 141.980231     24.078  34.516651     9.6794     5.2273     23.876    31.6380    24.3803 0.0000e+00
 141.980237     24.282  34.498612     9.6589     5.1061     24.078    31.6376    24.3833 0.0000e+00
 141.980243     24.492  34.470269     9.6271     5.1091     24.286    31.6366    24.3877 0.0000e+00
 141.980249     24.705  34.449795     9.5901     5.2340     24.497    31.6483    24.4027 0.0000e+00
 141.980255     24.908  34.446254     9.5576     5.3869     24.699    31.6732    24.4273 0.0000e+00
 141.980260     25.094  34.460485     9.5385     5.4750     24.883    31.7045    24.4548 0.0000e+00
 141.980266     25.264  34.481746     9.5304     5.4422     25.052    31.7333    24.4786 0.0000e+00
 141.980272     25.430  34.487390     9.5208     5.2857     25.216    31.7475    24.4912 0.0000e+00
 141.980278     25.603  34.468669     9.4936     5.1184     25.388    31.7524    24.4994 0.0000e+00
 141.980284     25.794  34.439225     9.4293     5.0437     25.577    31.7792    24.5305 0.0000e+00
 141.980289     26.006  34.407925     9.3240     5.0356     25.787    31.8406    24.5951 0.0000e+00
 141.980295     26.230  34.377238     9.2121     5.0384     26.009    31.9088    24.6659 0.0000e+00
 141.980301     26.457  34.357164     9.1308     5.0019     26.235    31.9608    24.7193 0.0000e+00
 141.980307     26.678  34.353921     9.0800     4.8706     26.454    32.0029    24.7601 0.0000e+00
 141.980313     26.900  34.353610     9.0413     4.7885     26.674    32.0373    24.7930 0.0000e+00
 141.980318     27.131  34.335615     9.0036     4.8011     26.903    32.0525    24.8108 0.0000e+00
 141.980324     27.371  34.305582     8.9661     4.8564     27.141    32.0551    24.8185 0.0000e+00
 141.980330     27.607  34.288386     8.9357     4.8937     27.375    32.0646    24.8306 0.0000e+00
 141.980336     27.835  34.299695     8.9188     4.8199     27.601    32.0915    24.8543 0.0000e+00
 141.980341     28.050  34.328791     8.9091     4.7274     27.814    32.1304    24.8862 0.0000e+00
 141.980347     28.259  34.338277     8.8934     4.7032     28.021    32.1544    24.9074 0.0000e+00
 141.980353     28.474  34.311649     8.8643     4.7434     28.234    32.1529    24.9107 0.0000e+00
 141.980359     28.697  34.273847     8.8261     4.7754     28.456    32.1481    24.9128 0.0000e+00
 141.980365     28.916  34.255626     8.7935     4.7487     28.673    32.1586    24.9260 0.0000e+00
 141.980370     29.123  34.265131     8.7736     4.7161     28.878    32.1865    24.9509 0.0000e+00
 141.980376     29.318  34.279158     8.7613     4.7565     29.071    32.2122    24.9729 0.0000e+00
 141.980382     29.511  34.269337     8.7541     4.8389     29.263    32.2084    24.9710 0.0000e+00
 141.980388     29.708  34.247734     8.7536     4.8940     29.458    32.1863    24.9537 0.0000e+00
 141.980394     29.906  34.247106     8.7583     4.8711     29.654    32.1812    24.9491 0.0000e+00
 141.980399     30.095  34.267143     8.7639     4.7783     29.842    32.1970    24.9605 0.0000e+00
 141.980405     30.275  34.288613     8.7676     4.6598     30.020    32.2159    24.9748 0.0000e+00
 141.980411     30.452  34.296993     8.7700     4.6280     30.196    32.2224    24.9795 0.0000e+00
 141.980417     30.643  34.289988     8.7745     4.6685     30.385    32.2109    24.9699 0.0000e+00
 141.980422     30.854  34.285665     8.7824     4.7320     30.594    32.1991    24.9594 0.0000e+00
 141.980428     31.075  34.298947     8.7904     4.7698     30.813    32.2056    24.9633 0.0000e+00
 141.980434     31.288  34.321753     8.7960     4.7581     31.025    32.2242    24.9770 0.0000e+00
 141.980440     31.491  34.341900     8.7985     4.6794     31.226    32.2428    24.9912 0.0000e+00
 141.980446     31.692  34.360464     8.7948     4.6385     31.425    32.2654    25.0095 0.0000e+00
 141.980451     31.899  34.379207     8.7825     4.6456     31.630    32.2961    25.0354 0.0000e+00
 141.980457     32.109  34.396209     8.7654     4.6691     31.839    32.3293    25.0640 0.0000e+00
 141.980463     32.309  34.412828     8.7518     4.6797     32.037    32.3590    25.0893 0.0000e+00
 141.980469     32.490  34.429908     8.7436     4.6241     32.216    32.3842    25.1103 0.0000e+00
 141.980475     32.652  34.442188     8.7349     4.5770     32.377    32.4050    25.1279 0.0000e+00
 141.980480     32.800  34.441926     8.7181     4.6117     32.524    32.4200    25.1422 0.0000e+00
 141.980486     32.947  34.429859     8.6911     4.7298     32.669    32.4320    25.1557 0.0000e+00
 141.980492     33.108  34.420105     8.6629     4.8489     32.829    32.4476    25.1722 0.0000e+00
 141.980498     33.280  34.425386     8.6438     4.8866     33.000    32.4706    25.1931 0.0000e+00
 141.980503     33.453  34.442066     8.6329     4.8186     33.171    32.4980    25.2162 0.0000e+00
 141.980509     33.628  34.455386     8.6224     4.6926     33.345    32.5216    25.2363 0.0000e+00
 141.980515     33.817  34.452273     8.6065     4.5533     33.532    32.5328    25.2475 0.0000e+00
 141.980521     34.028  34.436943     8.5812     4.4348     33.741    32.5400    25.2569 0.0000e+00
 141.980527     34.257  34.427562     8.5457     4.3719     33.968    32.5627    25.2801 0.0000e+00
 141.980532     34.489  34.430627     8.5092     4.3503     34.198    32.5996    25.3145 0.0000e+00
 141.980538     34.708  34.443466     8.4831     4.3496     34.415    32.6371    25.3478 0.0000e+00
 141.980544     34.906  34.462999     8.4677     4.3638     34.612    32.6718    25.3773 0.0000e+00
 141.980550     35.085  34.480512     8.4547     4.3494     34.789    32.7022    25.4031 0.0000e+00
