data/oxygen options/ONMS/Olympic_Coast_National_Marine_Sanctuary_CTD_Data_2005_2023/raw_data/2014/CAST_CE015_140701faed.cnv
* Sea-Bird SBE19 Data File:
* FileName = C:\2014 Mooring Data\Casts\CAST_CE015_140701.hex
* Software Version 1.59
* Temperature SN = 2997
* Conductivity SN = 2997
* System UpLoad Time = Jul 01 2014 20:36:13
** CAST_CE015_140701
* ds
# nquan = 9                                 
# nvalues = 12159                       
# units = specified
# name 0 = timeJ: Julian Days
# name 1 = prSM: Pressure, Strain Gauge [db]
# name 2 = c0mS/cm: Conductivity [mS/cm]
# name 3 = t090C: Temperature [ITS-90, deg C]
# name 4 = sbeox0ML/L: Oxygen, SBE 43 [ml/l]
# name 5 = depSM: Depth [salt water, m], lat = 47.5
# name 6 = sal00: Salinity, Practical [PSU]
# name 7 = sigma-é00: Density [sigma-theta, kg/m^3]
# name 8 = flag: flag
# span 0 = 182.748993, 182.819352       
# span 1 =     -5.671,     14.616       
# span 2 =   0.239287,  38.878585       
# span 3 =    11.2165,    20.9152       
# span 4 =    -1.6101,    12.6953       
# span 5 =     -5.624,     14.494       
# span 6 =     0.1344,    32.2414       
# span 7 =    -1.7992,    24.5881       
# span 8 = 0.0000e+00, 0.0000e+00       
# interval = seconds: 0.5
# start_time = Jul 01 2014 17:58:33 [Instrument's time stamp, header]
# bad_flag = -9.990e-29
*END*
[from data line 321]
 182.750851     -1.112   0.479842    20.3821     5.2289     -1.103     0.2558    -1.6787 -9.990e-29
 182.750856     -1.103   0.479582    20.3797     5.2388     -1.094     0.2557    -1.6783 -9.990e-29
 182.750862     -1.096   0.479167    20.3747     5.2330     -1.087     0.2555    -1.6774 -9.990e-29
 182.750868     -1.091   0.478602    20.3638     5.2304     -1.082     0.2552    -1.6753 -9.990e-29
 182.750874     -1.086   0.478242    20.3511     5.2292     -1.077     0.2551    -1.6727 -9.990e-29
 182.750880     -1.083   0.478165    20.3420     5.2333     -1.074     0.2551    -1.6708 -9.990e-29
 182.750885     -1.080   0.478268    20.3361     5.2369     -1.071     0.2552    -1.6695 -9.990e-29
 182.750891     -1.078   0.478688    20.3320     5.2367     -1.069     0.2555    -1.6684 -9.990e-29
 182.750897     -1.076   0.479426    20.3279     5.2283     -1.067     0.2559    -1.6672 -9.990e-29
 182.750903     -1.075   0.479801    20.3233     5.2249     -1.066     0.2561    -1.6661 -9.990e-29
 182.750909     -1.074   0.479201    20.3214     5.2321     -1.065     0.2558    -1.6659 -9.990e-29
 182.750914     -1.072   0.477936    20.3246     5.2362     -1.063     0.2551    -1.6671 -9.990e-29
 182.750920     -1.071   0.476544    20.3302     5.2392     -1.062     0.2543    -1.6689 -9.990e-29
 182.750926     -1.070   0.475392    20.3355     5.2377     -1.061     0.2537    -1.6705 -9.990e-29
 182.750932     -1.069   0.474610    20.3408     5.2278     -1.060     0.2532    -1.6720 -9.990e-29
 182.750937     -1.067   0.474267    20.3456     5.2328     -1.058     0.2530    -1.6732 -9.990e-29
 182.750943     -1.065   0.474460    20.3488     5.2228     -1.056     0.2531    -1.6738 -9.990e-29
 182.750949     -1.063   0.474893    20.3495     5.2283     -1.054     0.2533    -1.6737 -9.990e-29
 182.750955     -1.060   0.475029    20.3461     5.2313     -1.051     0.2534    -1.6730 -9.990e-29
 182.750961     -1.057   0.474494    20.3394     5.2299     -1.048     0.2531    -1.6717 -9.990e-29
 182.750966     -1.052   0.473684    20.3326     5.2326     -1.043     0.2527    -1.6706 -9.990e-29
 182.750972     -1.046   0.473189    20.3290     5.2295     -1.037     0.2525    -1.6701 -9.990e-29
 182.750978     -1.039   0.472902    20.3290     5.2348     -1.030     0.2523    -1.6702 -9.990e-29
 182.750984     -1.034   0.472441    20.3297     5.2301     -1.025     0.2521    -1.6705 -9.990e-29
 182.750990     -1.034   0.471748    20.3274     5.2260     -1.025     0.2517    -1.6703 -9.990e-29
 182.750995     -1.037   0.471011    20.3222     5.2326     -1.028     0.2513    -1.6695 -9.990e-29
 182.751001     -1.038   0.470356    20.3185     5.2328     -1.029     0.2510    -1.6690 -9.990e-29
 182.751007     -1.036   0.470021    20.3201     5.2352     -1.027     0.2508    -1.6695 -9.990e-29
 182.751013     -1.032   0.470115    20.3275     5.2347     -1.023     0.2508    -1.6710 -9.990e-29
 182.751019     -1.025   0.470209    20.3366     5.2295     -1.016     0.2508    -1.6729 -9.990e-29
 182.751024     -1.020   0.469869    20.3431     5.2342     -1.011     0.2506    -1.6745 -9.990e-29
 182.751030     -1.020   0.469198    20.3448     5.2274     -1.011     0.2502    -1.6751 -9.990e-29
 182.751036     -1.021   0.468415    20.3364     5.2242     -1.012     0.2498    -1.6736 -9.990e-29
 182.751042     -1.019   0.467587    20.3181     5.2281     -1.010     0.2495    -1.6700 -9.990e-29
 182.751047     -1.013   0.466721    20.3018     5.2271     -1.005     0.2491    -1.6669 -9.990e-29
 182.751053     -1.004   0.465773    20.2984     5.2222     -0.996     0.2486    -1.6666 -9.990e-29
 182.751059     -0.995   0.464590    20.3078     5.2246     -0.987     0.2479    -1.6691 -9.990e-29
 182.751065     -0.989   0.463262    20.3247     5.2215     -0.981     0.2471    -1.6733 -9.990e-29
 182.751071     -0.986   0.462242    20.3440     5.2217     -0.978     0.2464    -1.6778 -9.990e-29
 182.751076     -0.987   0.461837    20.3628     5.2151     -0.979     0.2461    -1.6820 -9.990e-29
 182.751082     -0.987   0.462062    20.3804     5.2163     -0.979     0.2461    -1.6857 -9.990e-29
 182.751088     -0.981   0.462660    20.3967     5.2128     -0.973     0.2464    -1.6890 -9.990e-29
 182.751094     -0.969   0.463317    20.4111     5.2154     -0.961     0.2467    -1.6918 -9.990e-29
 182.751100     -0.951   0.463797    20.4243     5.2141     -0.943     0.2469    -1.6944 -9.990e-29
 182.751105     -0.929   0.463814    20.4375     5.2202     -0.921     0.2468    -1.6973 -9.990e-29
 182.751111     -0.911   0.463388    20.4513     5.2296     -0.903     0.2465    -1.7004 -9.990e-29
 182.751117     -0.900   0.462694    20.4655     5.2306     -0.892     0.2460    -1.7038 -9.990e-29
 182.751123     -0.891   0.461918    20.4790     5.2310     -0.884     0.2455    -1.7070 -9.990e-29
 182.751128     -0.879   0.461324    20.4896     5.2264     -0.872     0.2452    -1.7095 -9.990e-29
 182.751134     -0.867   0.460676    20.4921     5.2230     -0.860     0.2448    -1.7104 -9.990e-29
 182.751140     -0.860   0.459667    20.4818     5.2203     -0.853     0.2443    -1.7086 -9.990e-29
 182.751146     -0.856   0.458619    20.4606     5.2184     -0.849     0.2438    -1.7044 -9.990e-29
 182.751152     -0.855   0.457804    20.4366     5.2102     -0.848     0.2435    -1.6996 -9.990e-29
 182.751157     -0.858   0.457246    20.4211     5.2080     -0.851     0.2433    -1.6965 -9.990e-29
 182.751163     -0.865   0.457314    20.4203     5.2025     -0.858     0.2434    -1.6963 -9.990e-29
 182.751169     -0.871   0.458097    20.4290     5.2107     -0.864     0.2437    -1.6978 -9.990e-29
 182.751175     -0.868   0.458974    20.4393     5.2228     -0.861     0.2442    -1.6997 -9.990e-29
 182.751181     -0.857   0.459447    20.4491     5.2260     -0.850     0.2444    -1.7016 -9.990e-29
 182.751186     -0.845   0.459590    20.4619     5.2270     -0.838     0.2444    -1.7043 -9.990e-29
 182.751192     -0.836   0.459597    20.4794     5.2149     -0.829     0.2443    -1.7081 -9.990e-29
 182.751198     -0.829   0.459475    20.4975     5.2156     -0.822     0.2441    -1.7120 -9.990e-29
 182.751204     -0.823   0.459065    20.5112     5.2097     -0.816     0.2438    -1.7152 -9.990e-29
 182.751209     -0.818   0.458374    20.5167     5.2171     -0.811     0.2434    -1.7166 -9.990e-29
 182.751215     -0.815   0.457593    20.5125     5.2157     -0.808     0.2430    -1.7160 -9.990e-29
 182.751221     -0.812   0.456793    20.5019     5.2219     -0.805     0.2426    -1.7141 -9.990e-29
 182.751227     -0.810   0.456022    20.4916     5.2253     -0.803     0.2423    -1.7122 -9.990e-29
 182.751233     -0.809   0.455363    20.4872     5.2174     -0.802     0.2419    -1.7115 -9.990e-29
 182.751238     -0.807   0.455050    20.4906     5.2179     -0.800     0.2418    -1.7124 -9.990e-29
 182.751244     -0.806   0.455223    20.5000     5.2271     -0.799     0.2418    -1.7143 -9.990e-29
 182.751250     -0.805   0.455556    20.5099     5.2234     -0.798     0.2419    -1.7163 -9.990e-29
 182.751256     -0.805   0.455382    20.5132     5.2253     -0.798     0.2418    -1.7171 -9.990e-29
 182.751262     -0.804   0.454470    20.5060     5.2240     -0.797     0.2414    -1.7159 -9.990e-29
 182.751267     -0.804   0.453270    20.4907     5.2212     -0.797     0.2408    -1.7131 -9.990e-29
 182.751273     -0.804   0.452409    20.4750     5.2254     -0.797     0.2404    -1.7101 -9.990e-29
 182.751279     -0.804   0.452406    20.4651     5.2200     -0.797     0.2405    -1.7080 -9.990e-29
 182.751285     -0.803   0.453255    20.4609     5.2127     -0.796     0.2409    -1.7067 -9.990e-29
 182.751291     -0.803   0.454423    20.4609     5.2173     -0.796     0.2416    -1.7062 -9.990e-29
 182.751296     -0.803   0.455244    20.4650     5.2140     -0.796     0.2420    -1.7068 -9.990e-29
 182.751302     -0.803   0.455147    20.4688     5.2233     -0.796     0.2419    -1.7076 -9.990e-29
 182.751308     -0.802   0.454003    20.4661     5.2256     -0.795     0.2413    -1.7075 -9.990e-29
 182.751314     -0.802   0.452509    20.4569     5.2256     -0.795     0.2406    -1.7061 -9.990e-29
 182.751319     -0.802   0.451453    20.4449     5.2338     -0.795     0.2400    -1.7040 -9.990e-29
 182.751325     -0.802   0.451094    20.4329     5.2250     -0.795     0.2399    -1.7016 -9.990e-29
 182.751331     -0.801   0.451510    20.4235     5.2226     -0.794     0.2402    -1.6994 -9.990e-29
 182.751337     -0.801   0.452145    20.4186     5.2205     -0.794     0.2406    -1.6980 -9.990e-29
 182.751343     -0.800   0.452178    20.4170     5.2181     -0.793     0.2406    -1.6977 -9.990e-29
 182.751348     -0.800   0.451655    20.4157     5.2204     -0.793     0.2403    -1.6976 -9.990e-29
 182.751354     -0.799   0.450989    20.4143     5.2152     -0.792     0.2400    -1.6976 -9.990e-29
 182.751360     -0.797   0.450406    20.4121     5.2190     -0.790     0.2396    -1.6974 -9.990e-29
 182.751366     -0.796   0.450241    20.4085     5.2181     -0.789     0.2396    -1.6967 -9.990e-29
 182.751372     -0.794   0.450275    20.4076     5.2268     -0.787     0.2396    -1.6964 -9.990e-29
 182.751377     -0.791   0.449997    20.4124     5.2246     -0.784     0.2394    -1.6976 -9.990e-29
 182.751383     -0.788   0.449593    20.4202     5.2197     -0.781     0.2392    -1.6994 -9.990e-29
 182.751389     -0.784   0.449079    20.4284     5.2104     -0.777     0.2388    -1.7014 -9.990e-29
 182.751395     -0.778   0.448329    20.4356     5.2209     -0.772     0.2384    -1.7033 -9.990e-29
 182.751400     -0.771   0.447453    20.4394     5.2341     -0.765     0.2379    -1.7045 -9.990e-29
 182.751406     -0.762   0.446395    20.4418     5.2381     -0.756     0.2373    -1.7054 -9.990e-29
 182.751412     -0.754   0.445412    20.4482     5.2276     -0.748     0.2368    -1.7072 -9.990e-29
 182.751418     -0.752   0.444864    20.4554     5.2185     -0.746     0.2364    -1.7090 -9.990e-29
 182.751424     -0.751   0.444575    20.4560     5.2158     -0.745     0.2363    -1.7092 -9.990e-29
 182.751429     -0.747   0.444159    20.4536     5.2256     -0.741     0.2360    -1.7089 -9.990e-29
 182.751435     -0.744   0.443619    20.4552     5.2274     -0.738     0.2357    -1.7095 -9.990e-29
 182.751441     -0.745   0.443347    20.4583     5.2344     -0.739     0.2356    -1.7102 -9.990e-29
 182.751447     -0.747   0.443537    20.4561     5.2357     -0.741     0.2357    -1.7097 -9.990e-29
 182.751453     -0.745   0.443884    20.4473     5.2259     -0.739     0.2359    -1.7076 -9.990e-29
 182.751458     -0.740   0.443741    20.4345     5.2242     -0.734     0.2359    -1.7049 -9.990e-29
 182.751464     -0.730   0.442919    20.4214     5.2161     -0.724     0.2355    -1.7025 -9.990e-29
 182.751470     -0.721   0.441990    20.4122     5.2166     -0.715     0.2351    -1.7009 -9.990e-29
 182.751476     -0.714   0.441384    20.4058     5.2260     -0.708     0.2348    -1.6997 -9.990e-29
 182.751481     -0.711   0.440848    20.3976     5.2354     -0.705     0.2345    -1.6982 -9.990e-29
 182.751487     -0.710   0.440225    20.3863     5.2393     -0.704     0.2343    -1.6960 -9.990e-29
 182.751493     -0.708   0.439796    20.3751     5.2307     -0.702     0.2341    -1.6938 -9.990e-29
 182.751499     -0.703   0.439544    20.3706     5.2283     -0.697     0.2340    -1.6929 -9.990e-29
 182.751505     -0.705   0.439134    20.3751     5.2311     -0.699     0.2337    -1.6941 -9.990e-29
 182.751510     -0.714   0.438576    20.3806     5.2275     -0.708     0.2334    -1.6955 -9.990e-29
 182.751516     -0.722   0.438240    20.3804     5.2350     -0.716     0.2332    -1.6956 -9.990e-29
 182.751522     -0.724   0.438231    20.3773     5.2357     -0.718     0.2332    -1.6949 -9.990e-29
 182.751528     -0.721   0.438540    20.3749     5.2410     -0.715     0.2334    -1.6943 -9.990e-29
 182.751534     -0.718   0.439023    20.3736     5.2439     -0.712     0.2337    -1.6938 -9.990e-29
 182.751539     -0.717   0.439211    20.3732     5.2355     -0.711     0.2338    -1.6936 -9.990e-29
 182.751545     -0.716   0.438801    20.3700     5.2255     -0.710     0.2336    -1.6931 -9.990e-29
 182.751551     -0.709   0.437802    20.3635     5.2261     -0.703     0.2331    -1.6921 -9.990e-29
 182.751557     -0.700   0.436550    20.3600     5.2198     -0.694     0.2324    -1.6919 -9.990e-29
 182.751563     -0.693   0.435598    20.3598     5.2219     -0.687     0.2319    -1.6923 -9.990e-29
 182.751568     -0.683   0.435346    20.3589     5.2231     -0.677     0.2318    -1.6922 -9.990e-29
 182.751574     -0.670   0.436014    20.3563     5.2353     -0.664     0.2321    -1.6913 -9.990e-29
 182.751580     -0.662   0.437381    20.3533     5.2285     -0.656     0.2329    -1.6901 -9.990e-29
 182.751586     -0.657   0.438493    20.3515     5.2317     -0.652     0.2335    -1.6893 -9.990e-29
 182.751591     -0.647   0.438611    20.3525     5.2325     -0.642     0.2336    -1.6894 -9.990e-29
 182.751597     -0.632   0.437891    20.3596     5.2227     -0.627     0.2331    -1.6913 -9.990e-29
 182.751603     -0.618   0.437041    20.3730     5.2335     -0.613     0.2326    -1.6945 -9.990e-29
 182.751609     -0.610   0.436595    20.3874     5.2333     -0.605     0.2323    -1.6978 -9.990e-29
 182.751615     -0.602   0.436515    20.3970     5.2351     -0.597     0.2322    -1.6999 -9.990e-29
 182.751620     -0.591   0.436695    20.3998     5.2302     -0.586     0.2323    -1.7004 -9.990e-29
 182.751626     -0.578   0.436821    20.3978     5.2322     -0.573     0.2324    -1.6999 -9.990e-29
 182.751632     -0.568   0.436505    20.3943     5.2279     -0.563     0.2322    -1.6993 -9.990e-29
 182.751638     -0.561   0.435884    20.3893     5.2303     -0.556     0.2319    -1.6985 -9.990e-29
 182.751644     -0.555   0.435240    20.3822     5.2396     -0.550     0.2316    -1.6972 -9.990e-29
 182.751649     -0.551   0.434826    20.3749     5.2406     -0.546     0.2314    -1.6958 -9.990e-29
 182.751655     -0.547   0.434648    20.3663     5.2369     -0.542     0.2313    -1.6940 -9.990e-29
 182.751661     -0.545   0.434466    20.3575     5.2328     -0.540     0.2313    -1.6922 -9.990e-29
 182.751667     -0.543   0.434039    20.3516     5.2344     -0.538     0.2311    -1.6911 -9.990e-29
 182.751672     -0.542   0.433356    20.3481     5.2366     -0.537     0.2307    -1.6907 -9.990e-29
 182.751678     -0.541   0.432617    20.3440     5.2261     -0.536     0.2303    -1.6901 -9.990e-29
 182.751684     -0.541   0.431948    20.3349     5.2410     -0.536     0.2300    -1.6884 -9.990e-29
 182.751690     -0.542   0.431571    20.3210     5.2431     -0.537     0.2299    -1.6856 -9.990e-29
 182.751696     -0.542   0.431538    20.3082     5.2401     -0.537     0.2299    -1.6829 -9.990e-29
 182.751701     -0.544   0.431805    20.3009     5.2345     -0.539     0.2301    -1.6812 -9.990e-29
 182.751707     -0.546   0.432173    20.3017     5.2320     -0.541     0.2303    -1.6812 -9.990e-29
 182.751713     -0.548   0.432022    20.3104     5.2285     -0.543     0.2302    -1.6832 -9.990e-29
 182.751719     -0.552   0.431152    20.3219     5.2320     -0.547     0.2297    -1.6860 -9.990e-29
 182.751725     -0.556   0.430071    20.3302     5.2341     -0.551     0.2290    -1.6882 -9.990e-29
 182.751730     -0.562   0.429561    20.3341     5.2465     -0.557     0.2287    -1.6892 -9.990e-29
 182.751736     -0.570   0.430052    20.3343     5.2470     -0.565     0.2290    -1.6891 -9.990e-29
 182.751742     -0.580   0.431089    20.3305     5.2405     -0.575     0.2296    -1.6878 -9.990e-29
 182.751748     -0.593   0.431834    20.3242     5.2378     -0.588     0.2300    -1.6862 -9.990e-29
 182.751753     -0.605   0.431612    20.3172     5.2357     -0.600     0.2299    -1.6848 -9.990e-29
 182.751759     -0.614   0.430684    20.3107     5.2398     -0.609     0.2295    -1.6838 -9.990e-29
 182.751765     -0.615   0.430035    20.3053     5.2430     -0.610     0.2291    -1.6829 -9.990e-29
