data/oxygen options/ONMS/Olympic_Coast_National_Marine_Sanctuary_CTD_Data_2005_2023/raw_data/2014/CAST_MB042_140611faed.cnv
* Sea-Bird SBE19 Data File:
* FileName = C:\2014 Mooring Data\Casts\CAST_MB042_140611.hex
* Software Version 1.59
* Temperature SN = 2997
* Conductivity SN = 2997
* System UpLoad Time = Jun 11 2014 23:26:14
** CAST_MB042_140611
* ds
# nquan = 9                                 
# nvalues = 1224                        
# units = specified
# name 0 = timeJ: Julian Days
# name 1 = prSM: Pressure, Strain Gauge [db]
# name 2 = c0mS/cm: Conductivity [mS/cm]
# name 3 = t090C: Temperature [ITS-90, deg C]
# name 4 = sbeox0ML/L: Oxygen, SBE 43 [ml/l]
# name 5 = depSM: Depth [salt water, m], lat = 47.5
# name 6 = sal00: Salinity, Practical [PSU]
# name 7 = sigma-é00: Density [sigma-theta, kg/m^3]
# name 8 = flag: flag
# span 0 = 162.960139, 162.967216       
# span 1 =     -6.046,     41.483       
# span 2 =   0.054679,  38.330140       
# span 3 =     7.0331,    17.5958       
# span 4 =    -1.7189,    14.9201       
# span 5 =     -5.996,     41.133       
# span 6 =     0.0342,    34.2209       
# span 7 =    -1.3006,    26.4024       
# span 8 = 0.0000e+00, 0.0000e+00       
# interval = seconds: 0.5
# start_time = Jun 11 2014 23:02:36 [Instrument's time stamp, header]
# bad_flag = -9.990e-29
*END*
[from data line 961]
 162.965700     40.719  34.138148     7.0378     2.1790     40.375    33.6817    26.3757 -9.990e-29
 162.965706     40.591  34.138468     7.0368     2.1777     40.248    33.6831    26.3769 0.0000e+00
 162.965712     40.457  34.138211     7.0350     2.1749     40.115    33.6846    26.3784 0.0000e+00
 162.965718     40.325  34.137562     7.0332     2.1721     39.985    33.6858    26.3795 0.0000e+00
 162.965723     40.197  34.136939     7.0331     2.1787     39.858    33.6852    26.3791 0.0000e+00
 162.965729     40.060  34.136613     7.0351     2.1775     39.722    33.6830    26.3770 0.0000e+00
 162.965735     39.904  34.136872     7.0369     2.1745     39.567    33.6816    26.3757 0.0000e+00
 162.965741     39.733  34.137466     7.0377     2.1813     39.398    33.6815    26.3755 0.0000e+00
 162.965747     39.553  34.137664     7.0381     2.1717     39.219    33.6815    26.3754 0.0000e+00
 162.965752     39.375  34.137707     7.0385     2.1744     39.043    33.6812    26.3752 0.0000e+00
 162.965758     39.207  34.137632     7.0386     2.1716     38.876    33.6811    26.3751 0.0000e+00
 162.965764     39.053  34.137315     7.0385     2.1782     38.723    33.6809    26.3749 0.0000e+00
 162.965770     38.910  34.137434     7.0389     2.1864     38.582    33.6807    26.3747 0.0000e+00
 162.965775     38.780  34.138125     7.0399     2.1862     38.453    33.6806    26.3745 -9.990e-29
 162.965781     38.661  34.139164     7.0412     2.1931     38.335    33.6805    26.3742 -9.990e-29
 162.965787     38.550  34.140231     7.0427     2.1902     38.225    33.6803    26.3738 -9.990e-29
 162.965793     38.446  34.141044     7.0444     2.1902     38.122    33.6795    26.3730 -9.990e-29
 162.965799     38.345  34.141541     7.0458     2.1874     38.021    33.6788    26.3722 -9.990e-29
 162.965804     38.236  34.141802     7.0467     2.1913     37.913    33.6782    26.3717 -9.990e-29
 162.965810     38.109  34.142150     7.0471     2.1941     37.787    33.6783    26.3717 0.0000e+00
 162.965816     37.960  34.142464     7.0478     2.1750     37.640    33.6780    26.3714 0.0000e+00
 162.965822     37.792  34.142579     7.0486     2.1763     37.473    33.6774    26.3708 0.0000e+00
 162.965828     37.611  34.142625     7.0489     2.1830     37.294    33.6773    26.3706 0.0000e+00
 162.965833     37.428  34.142642     7.0485     2.1817     37.112    33.6778    26.3711 0.0000e+00
 162.965839     37.252  34.142630     7.0480     2.1872     36.938    33.6783    26.3716 0.0000e+00
 162.965845     37.085  34.142552     7.0476     2.1884     36.772    33.6787    26.3719 0.0000e+00
 162.965851     36.929  34.142279     7.0476     2.1885     36.618    33.6785    26.3718 0.0000e+00
 162.965856     36.787  34.141986     7.0478     2.1748     36.477    33.6780    26.3714 0.0000e+00
 162.965862     36.659  34.141820     7.0481     2.1760     36.350    33.6776    26.3710 -9.990e-29
 162.965868     36.544  34.141535     7.0483     2.1827     36.236    33.6772    26.3706 -9.990e-29
 162.965874     36.441  34.141290     7.0485     2.1814     36.134    33.6768    26.3703 -9.990e-29
 162.965880     36.337  34.141294     7.0486     2.1869     36.031    33.6767    26.3702 -9.990e-29
 162.965885     36.223  34.141530     7.0488     2.1879     35.918    33.6768    26.3703 -9.990e-29
 162.965891     36.100  34.141728     7.0489     2.1782     35.796    33.6770    26.3704 -9.990e-29
 162.965897     35.972  34.141566     7.0486     2.1811     35.669    33.6772    26.3706 0.0000e+00
 162.965903     35.840  34.141368     7.0481     2.1782     35.538    33.6775    26.3709 0.0000e+00
 162.965909     35.704  34.141407     7.0479     2.1849     35.403    33.6778    26.3712 0.0000e+00
 162.965914     35.564  34.141712     7.0480     2.1931     35.264    33.6781    26.3714 0.0000e+00
 162.965920     35.425  34.142103     7.0486     2.1930     35.126    33.6781    26.3713 0.0000e+00
 162.965926     35.289  34.142518     7.0498     2.1996     34.991    33.6774    26.3706 0.0000e+00
 162.965932     35.153  34.143490     7.0513     2.1967     34.857    33.6771    26.3701 0.0000e+00
 162.965938     35.008  34.144607     7.0529     2.1871     34.713    33.6768    26.3697 0.0000e+00
 162.965943     34.849  34.145093     7.0539     2.2005     34.555    33.6764    26.3692 0.0000e+00
 162.965949     34.680  34.145015     7.0536     2.2005     34.388    33.6767    26.3695 0.0000e+00
 162.965955     34.505  34.144244     7.0532     2.1937     34.214    33.6764    26.3693 0.0000e+00
 162.965961     34.332  34.143412     7.0532     2.2002     34.043    33.6755    26.3686 0.0000e+00
 162.965966     34.165  34.143629     7.0538     2.1919     33.877    33.6753    26.3683 0.0000e+00
 162.965972     34.013  34.144603     7.0552     2.1943     33.726    33.6750    26.3680 0.0000e+00
 162.965978     33.878  34.145926     7.0574     2.1968     33.592    33.6744    26.3671 -9.990e-29
 162.965984     33.755  34.147657     7.0597     2.2196     33.471    33.6741    26.3666 -9.990e-29
 162.965990     33.637  34.149277     7.0616     2.2181     33.354    33.6741    26.3663 -9.990e-29
 162.965995     33.517  34.150682     7.0628     2.2152     33.235    33.6745    26.3665 -9.990e-29
 162.966001     33.386  34.152039     7.0638     2.2164     33.105    33.6751    26.3668 0.0000e+00
 162.966007     33.242  34.152893     7.0651     2.2242     32.962    33.6748    26.3664 0.0000e+00
 162.966013     33.082  34.153237     7.0667     2.2257     32.803    33.6737    26.3653 0.0000e+00
 162.966019     32.906  34.153507     7.0685     2.2201     32.629    33.6723    26.3640 0.0000e+00
 162.966024     32.715  34.154039     7.0709     2.2280     32.439    33.6706    26.3623 0.0000e+00
 162.966030     32.519  34.154959     7.0737     2.2251     32.245    33.6690    26.3607 0.0000e+00
 162.966036     32.330  34.156352     7.0767     2.2305     32.058    33.6677    26.3592 0.0000e+00
 162.966042     32.158  34.158933     7.0804     2.2439     31.887    33.6670    26.3581 0.0000e+00
 162.966047     32.005  34.162196     7.0837     2.2384     31.735    33.6674    26.3580 0.0000e+00
 162.966053     31.866  34.164303     7.0859     2.2382     31.598    33.6676    26.3579 0.0000e+00
 162.966059     31.736  34.165235     7.0879     2.2420     31.469    33.6668    26.3569 -9.990e-29
 162.966065     31.615  34.166214     7.0899     2.2336     31.349    33.6659    26.3560 -9.990e-29
 162.966071     31.500  34.167400     7.0918     2.2335     31.235    33.6654    26.3554 -9.990e-29
 162.966076     31.379  34.168109     7.0934     2.2401     31.115    33.6647    26.3546 -9.990e-29
 162.966082     31.240  34.168142     7.0944     2.2465     30.977    33.6638    26.3537 0.0000e+00
 162.966088     31.084  34.168079     7.0951     2.2395     30.822    33.6632    26.3531 0.0000e+00
 162.966094     30.917  34.168375     7.0956     2.2432     30.657    33.6631    26.3530 0.0000e+00
 162.966100     30.745  34.168840     7.0964     2.2470     30.486    33.6629    26.3527 0.0000e+00
 162.966105     30.572  34.169511     7.0979     2.2472     30.315    33.6622    26.3520 0.0000e+00
 162.966111     30.393  34.170700     7.0997     2.2593     30.137    33.6619    26.3514 0.0000e+00
 162.966117     30.211  34.172286     7.1015     2.2728     29.957    33.6619    26.3513 0.0000e+00
 162.966123     30.031  34.174121     7.1035     2.2536     29.778    33.6621    26.3511 0.0000e+00
 162.966128     29.855  34.175826     7.1062     2.2546     29.604    33.6614    26.3502 0.0000e+00
 162.966134     29.680  34.176846     7.1098     2.2559     29.430    33.6591    26.3479 0.0000e+00
 162.966140     29.507  34.177399     7.1138     2.2529     29.259    33.6559    26.3448 0.0000e+00
 162.966146     29.344  34.178198     7.1176     2.2611     29.097    33.6531    26.3421 0.0000e+00
 162.966152     29.196  34.179727     7.1204     2.2715     28.950    33.6521    26.3409 0.0000e+00
 162.966157     29.067  34.181198     7.1217     2.2620     28.822    33.6525    26.3410 -9.990e-29
 162.966163     28.948  34.181749     7.1222     2.2591     28.704    33.6527    26.3411 -9.990e-29
 162.966169     28.825  34.182090     7.1232     2.2725     28.582    33.6521    26.3405 -9.990e-29
 162.966175     28.688  34.182653     7.1252     2.2698     28.447    33.6509    26.3393 0.0000e+00
 162.966181     28.539  34.183603     7.1270     2.2846     28.299    33.6502    26.3385 0.0000e+00
 162.966186     28.375  34.185062     7.1286     2.2913     28.136    33.6503    26.3384 0.0000e+00
 162.966192     28.195  34.186149     7.1302     2.2735     27.958    33.6501    26.3379 0.0000e+00
 162.966198     27.996  34.186611     7.1314     2.2584     27.760    33.6495    26.3373 0.0000e+00
 162.966204     27.779  34.187038     7.1320     2.2567     27.545    33.6495    26.3372 0.0000e+00
 162.966209     27.555  34.187418     7.1325     2.2566     27.323    33.6495    26.3372 0.0000e+00
 162.966215     27.344  34.187675     7.1332     2.2644     27.114    33.6492    26.3368 0.0000e+00
 162.966221     27.159  34.188131     7.1339     2.2763     26.931    33.6491    26.3367 0.0000e+00
 162.966227     27.000  34.188809     7.1347     2.2733     26.773    33.6492    26.3366 0.0000e+00
 162.966233     26.857  34.189469     7.1356     2.2731     26.631    33.6491    26.3364 0.0000e+00
 162.966238     26.718  34.190408     7.1367     2.2892     26.493    33.6491    26.3363 0.0000e+00
 162.966244     26.577  34.191731     7.1384     2.2891     26.353    33.6489    26.3359 0.0000e+00
 162.966250     26.429  34.192936     7.1406     2.2795     26.207    33.6482    26.3350 0.0000e+00
 162.966256     26.271  34.193927     7.1430     2.2995     26.050    33.6470    26.3337 0.0000e+00
 162.966262     26.104  34.194879     7.1456     2.2965     25.885    33.6456    26.3323 0.0000e+00
 162.966267     25.931  34.196478     7.1488     2.2895     25.713    33.6443    26.3308 0.0000e+00
 162.966273     25.754  34.199715     7.1530     2.3026     25.537    33.6438    26.3299 0.0000e+00
 162.966279     25.578  34.203835     7.1574     2.2998     25.363    33.6441    26.3295 0.0000e+00
 162.966285     25.405  34.206462     7.1608     2.3050     25.191    33.6438    26.3287 0.0000e+00
 162.966291     25.237  34.207151     7.1631     2.3328     25.025    33.6423    26.3273 0.0000e+00
 162.966296     25.076  34.207921     7.1652     2.3348     24.865    33.6412    26.3261 0.0000e+00
 162.966302     24.916  34.209216     7.1674     2.3586     24.707    33.6406    26.3253 0.0000e+00
 162.966308     24.752  34.209934     7.1700     2.4125     24.544    33.6389    26.3236 0.0000e+00
 162.966314     24.580  34.210450     7.1730     2.4439     24.373    33.6366    26.3214 0.0000e+00
 162.966319     24.405  34.211989     7.1767     2.4964     24.200    33.6348    26.3194 0.0000e+00
 162.966325     24.230  34.216579     7.1829     2.5743     24.026    33.6338    26.3178 0.0000e+00
 162.966331     24.059  34.225833     7.1927     2.6425     23.857    33.6345    26.3170 0.0000e+00
 162.966337     23.889  34.241418     7.2061     2.7215     23.688    33.6385    26.3183 0.0000e+00
 162.966343     23.717  34.258302     7.2237     2.7792     23.518    33.6398    26.3169 0.0000e+00
 162.966348     23.545  34.266459     7.2465     2.7911     23.347    33.6266    26.3033 0.0000e+00
 162.966354     23.380  34.276744     7.2770     2.7988     23.184    33.6082    26.2846 0.0000e+00
 162.966360     23.224  34.302290     7.3171     2.7920     23.029    33.5971    26.2703 0.0000e+00
 162.966366     23.071  34.331167     7.3573     2.7627     22.877    33.5896    26.2587 0.0000e+00
 162.966372     22.916  34.350282     7.3821     2.7512     22.723    33.5863    26.2527 0.0000e+00
 162.966377     22.758  34.357635     7.3913     2.7458     22.567    33.5855    26.2507 0.0000e+00
 162.966383     22.590  34.357969     7.3998     2.7535     22.400    33.5777    26.2434 0.0000e+00
 162.966389     22.407  34.356194     7.4199     2.7835     22.219    33.5563    26.2238 0.0000e+00
 162.966395     22.209  34.353283     7.4513     2.8200     22.022    33.5229    26.1931 0.0000e+00
 162.966400     22.002  34.352057     7.4824     2.8132     21.817    33.4916    26.1641 0.0000e+00
 162.966406     21.793  34.353107     7.5061     2.8186     21.610    33.4700    26.1437 0.0000e+00
 162.966412     21.595  34.355572     7.5245     2.8142     21.414    33.4550    26.1293 0.0000e+00
 162.966418     21.413  34.361045     7.5397     2.8060     21.233    33.4463    26.1204 0.0000e+00
 162.966424     21.242  34.368407     7.5498     2.8137     21.064    33.4446    26.1176 0.0000e+00
 162.966429     21.082  34.374008     7.5540     2.7993     20.905    33.4467    26.1187 0.0000e+00
 162.966435     20.930  34.376896     7.5567     2.7805     20.754    33.4473    26.1188 0.0000e+00
 162.966441     20.785  34.379794     7.5615     2.7826     20.610    33.4459    26.1170 0.0000e+00
 162.966447     20.643  34.383198     7.5667     2.7739     20.470    33.4446    26.1152 0.0000e+00
 162.966453     20.494  34.384350     7.5692     2.7680     20.322    33.4435    26.1140 0.0000e+00
 162.966458     20.333  34.382539     7.5697     2.7803     20.162    33.4412    26.1121 0.0000e+00
 162.966464     20.163  34.379830     7.5710     2.7749     19.994    33.4371    26.1087 0.0000e+00
 162.966470     19.991  34.378214     7.5732     2.7839     19.823    33.4333    26.1054 0.0000e+00
 162.966476     19.817  34.377772     7.5750     2.7905     19.651    33.4312    26.1034 0.0000e+00
 162.966481     19.640  34.377349     7.5762     2.7727     19.475    33.4296    26.1021 0.0000e+00
 162.966487     19.452  34.376377     7.5782     2.7850     19.289    33.4268    26.0995 0.0000e+00
 162.966493     19.246  34.375796     7.5832     2.7913     19.084    33.4214    26.0946 0.0000e+00
 162.966499     19.031  34.376508     7.5913     2.7912     18.871    33.4145    26.0880 0.0000e+00
 162.966505     18.826  34.378334     7.6018     2.8091     18.668    33.4065    26.0802 0.0000e+00
 162.966510     18.645  34.380903     7.6123     2.8191     18.489    33.3992    26.0730 0.0000e+00
 162.966516     18.484  34.383154     7.6191     2.8277     18.329    33.3952    26.0689 0.0000e+00
 162.966522     18.333  34.384159     7.6221     2.8614     18.179    33.3935    26.0671 0.0000e+00
 162.966528     18.187  34.385251     7.6254     2.8648     18.034    33.3916    26.0651 0.0000e+00
 162.966534     18.045  34.388444     7.6328     2.8633     17.894    33.3880    26.0612 0.0000e+00
 162.966539     17.907  34.393504     7.6432     2.8686     17.757    33.3835    26.0562 0.0000e+00
 162.966545     17.768  34.398202     7.6520     2.8499     17.619    33.3802    26.0524 0.0000e+00
 162.966551     17.616  34.400387     7.6584     2.8600     17.468    33.3765    26.0485 0.0000e+00
 162.966557     17.436  34.400166     7.6643     2.8821     17.290    33.3706    26.0431 0.0000e+00
 162.966563     17.224  34.399480     7.6702     2.8699     17.080    33.3643    26.0373 0.0000e+00
 162.966568     16.995  34.399653     7.6762     2.8804     16.852    33.3589    26.0322 0.0000e+00
 162.966574     16.767  34.401472     7.6823     2.8762     16.626    33.3551    26.0283 0.0000e+00
 162.966580     16.555  34.405116     7.6881     2.8748     16.416    33.3536    26.0263 0.0000e+00
 162.966586     16.363  34.408713     7.6925     2.8957     16.226    33.3533    26.0255 0.0000e+00
 162.966591     16.184  34.410327     7.6957     2.8875     16.048    33.3521    26.0240 0.0000e+00
 162.966597     16.007  34.410425     7.6990     2.8885     15.873    33.3491    26.0212 0.0000e+00
 162.966603     15.823  34.410253     7.7020     2.8985     15.690    33.3461    26.0184 0.0000e+00
 162.966609     15.634  34.410696     7.7046     2.8934     15.503    33.3442    26.0166 0.0000e+00
 162.966615     15.446  34.412340     7.7073     2.9085     15.317    33.3435    26.0156 0.0000e+00
