data/oxygen options/ONMS/Olympic_Coast_National_Marine_Sanctuary_CTD_Data_2005_2023/raw_data/2014/CAST_MB042_140611faed.cnv
* Sea-Bird SBE19 Data File:
* FileName = C:\2014 Mooring Data\Casts\CAST_MB042_140611.hex
* Software Version 1.59
* Temperature SN = 2997
* Conductivity SN = 2997
* System UpLoad Time = Jun 11 2014 23:26:14
** CAST_MB042_140611
* ds
# nquan = 9                                 
# nvalues = 1224                        
# units = specified
# name 0 = timeJ: Julian Days
# name 1 = prSM: Pressure, Strain Gauge [db]
# name 2 = c0mS/cm: Conductivity [mS/cm]
# name 3 = t090C: Temperature [ITS-90, deg C]
# name 4 = sbeox0ML/L: Oxygen, SBE 43 [ml/l]
# name 5 = depSM: Depth [salt water, m], lat = 47.5
# name 6 = sal00: Salinity, Practical [PSU]
# name 7 = sigma-é00: Density [sigma-theta, kg/m^3]
# name 8 = flag: flag
# span 0 = 162.960139, 162.967216       
# span 1 =     -6.046,     41.483       
# span 2 =   0.054679,  38.330140       
# span 3 =     7.0331,    17.5958       
# span 4 =    -1.7189,    14.9201       
# span 5 =     -5.996,     41.133       
# span 6 =     0.0342,    34.2209       
# span 7 =    -1.3006,    26.4024       
# span 8 = 0.0000e+00, 0.0000e+00       
# interval = seconds: 0.5
# start_time = Jun 11 2014 23:02:36 [Instrument's time stamp, header]
# bad_flag = -9.990e-29
*END*
[from data line 1121]
 162.966626     15.087  34.415861     7.7114     2.9147     14.961    33.3435    26.0150 0.0000e+00
 162.966632     14.914  34.415697     7.7126     2.9270     14.789    33.3423    26.0139 0.0000e+00
 162.966638     14.748  34.415532     7.7142     2.9249     14.624    33.3406    26.0124 0.0000e+00
 162.966644     14.590  34.416826     7.7175     2.9253     14.468    33.3389    26.0106 0.0000e+00
 162.966649     14.438  34.419616     7.7225     2.9656     14.317    33.3372    26.0085 0.0000e+00
 162.966655     14.288  34.422568     7.7276     2.9910     14.168    33.3356    26.0065 0.0000e+00
 162.966661     14.130  34.424008     7.7326     3.0351     14.012    33.3324    26.0033 0.0000e+00
 162.966667     13.958  34.424168     7.7393     3.0932     13.841    33.3263    25.9975 0.0000e+00
 162.966672     13.769  34.424937     7.7483     3.1142     13.654    33.3186    25.9901 0.0000e+00
 162.966678     13.565  34.427897     7.7586     3.1686     13.451    33.3120    25.9835 0.0000e+00
 162.966684     13.350  34.434186     7.7713     3.2181     13.238    33.3067    25.9775 0.0000e+00
 162.966690     13.131  34.442655     7.7876     3.2455     13.021    33.3003    25.9701 0.0000e+00
 162.966696     12.916  34.448333     7.8094     3.2739     12.808    33.2857    25.9555 0.0000e+00
 162.966701     12.709  34.451502     7.8369     3.2717     12.603    33.2630    25.9337 0.0000e+00
 162.966707     12.513  34.458627     7.8637     3.2706     12.408    33.2451    25.9158 0.0000e+00
 162.966713     12.328  34.471355     7.8839     3.2894     12.225    33.2396    25.9085 0.0000e+00
 162.966719     12.152  34.483671     7.8955     3.2949     12.050    33.2418    25.9086 0.0000e+00
 162.966725     11.981  34.489007     7.9005     3.3290     11.881    33.2429    25.9087 0.0000e+00
 162.966730     11.814  34.488871     7.9035     3.3595     11.715    33.2400    25.9059 0.0000e+00
 162.966736     11.649  34.488684     7.9076     3.3781     11.551    33.2359    25.9022 0.0000e+00
 162.966742     11.483  34.490992     7.9148     3.4324     11.387    33.2316    25.8978 0.0000e+00
 162.966748     11.311  34.497186     7.9259     3.4753     11.216    33.2278    25.8931 0.0000e+00
 162.966753     11.129  34.504306     7.9431     3.5241     11.036    33.2191    25.8838 0.0000e+00
 162.966759     10.944  34.508384     7.9667     3.5580     10.852    33.2011    25.8662 0.0000e+00
 162.966765     10.761  34.513735     7.9929     3.5537     10.671    33.1821    25.8475 0.0000e+00
 162.966771     10.585  34.524685     8.0179     3.5675     10.496    33.1701    25.8344 0.0000e+00
 162.966777     10.413  34.538453     8.0375     3.5716     10.326    33.1663    25.8286 0.0000e+00
 162.966782     10.240  34.547045     8.0518     3.5793     10.154    33.1620    25.8231 0.0000e+00
 162.966788     10.063  34.549019     8.0646     3.6107      9.979    33.1521    25.8134 0.0000e+00
 162.966794      9.874  34.550931     8.0766     3.6152      9.791    33.1428    25.8044 0.0000e+00
 162.966800      9.674  34.554202     8.0862     3.6501      9.593    33.1373    25.7986 0.0000e+00
 162.966806      9.481  34.559266     8.0939     3.6692      9.402    33.1355    25.7961 0.0000e+00
 162.966811      9.304  34.567266     8.1030     3.6709      9.226    33.1355    25.7948 0.0000e+00
 162.966817      9.137  34.576533     8.1138     3.6839      9.061    33.1352    25.7929 0.0000e+00
 162.966823      8.971  34.582596     8.1228     3.6799      8.896    33.1332    25.7901 0.0000e+00
 162.966829      8.806  34.582883     8.1302     3.6853      8.732    33.1266    25.7838 0.0000e+00
 162.966834      8.640  34.583377     8.1401     3.7187      8.568    33.1179    25.7755 0.0000e+00
 162.966840      8.474  34.589781     8.1517     3.7612      8.403    33.1138    25.7705 0.0000e+00
 162.966846      8.312  34.597733     8.1610     3.8522      8.242    33.1136    25.7690 0.0000e+00
 162.966852      8.151  34.601570     8.1683     3.9872      8.083    33.1108    25.7657 0.0000e+00
 162.966858      7.991  34.603602     8.1785     4.1311      7.924    33.1034    25.7584 0.0000e+00
 162.966863      7.824  34.607096     8.1990     4.2577      7.759    33.0879    25.7432 0.0000e+00
 162.966869      7.644  34.614464     8.2328     4.3263      7.580    33.0639    25.7194 0.0000e+00
 162.966875      7.458  34.629916     8.2766     4.3116      7.396    33.0392    25.6935 0.0000e+00
 162.966881      7.275  34.658914     8.3311     4.2941      7.214    33.0187    25.6693 0.0000e+00
 162.966887      7.096  34.701436     8.3920     4.2496      7.037    33.0066    25.6507 0.0000e+00
 162.966892      6.918  34.737930     8.4471     4.1925      6.860    32.9936    25.6322 0.0000e+00
 162.966898      6.739  34.751458     8.5016     4.1278      6.683    32.9569    25.5953 0.0000e+00
 162.966904      6.555  34.753334     8.5609     4.0703      6.500    32.9036    25.5445 0.0000e+00
 162.966910      6.364  34.758395     8.6117     4.0424      6.311    32.8617    25.5040 0.0000e+00
 162.966916      6.170  34.768346     8.6490     4.0129      6.118    32.8376    25.4794 0.0000e+00
 162.966921      5.983  34.783006     8.6773     3.9981      5.933    32.8268    25.4666 0.0000e+00
 162.966927      5.807  34.800617     8.6945     3.9695      5.758    32.8293    25.4660 0.0000e+00
 162.966933      5.645  34.817187     8.7024     3.9337      5.598    32.8394    25.4727 0.0000e+00
 162.966939      5.487  34.825653     8.7127     3.9299      5.441    32.8388    25.4706 0.0000e+00
 162.966944      5.321  34.826085     8.7330     3.9150      5.277    32.8205    25.4531 0.0000e+00
 162.966950      5.151  34.832510     8.7605     3.9124      5.108    32.8018    25.4343 0.0000e+00
 162.966956      4.983  34.846759     8.7882     3.9034      4.941    32.7911    25.4217 0.0000e+00
 162.966962      4.823  34.861477     8.8090     3.8717      4.783    32.7873    25.4155 0.0000e+00
 162.966968      4.669  34.874983     8.8170     3.8596      4.630    32.7941    25.4196 0.0000e+00
 162.966973      4.512  34.885098     8.8194     3.8286      4.474    32.8025    25.4258 0.0000e+00
 162.966979      4.347  34.896335     8.8390     3.7828      4.311    32.7962    25.4178 0.0000e+00
 162.966985      4.170  34.919186     8.8939     3.7798      4.135    32.7694    25.3883 0.0000e+00
 162.966991      3.985  34.953272     8.9752     3.7541      3.952    32.7300    25.3449 0.0000e+00
 162.966997      3.795  34.987966     9.0529     3.7509      3.763    32.6946    25.3051 0.0000e+00
 162.967002      3.607  35.024675     9.1144     3.7650      3.577    32.6763    25.2811 0.0000e+00
 162.967008      3.424  35.079835     9.1727     3.7711      3.395    32.6800    25.2749 0.0000e+00
 162.967014      3.250  35.144012     9.2267     3.8001      3.223    32.6970    25.2796 0.0000e+00
 162.967020      3.076  35.183347     9.2625     3.8067      3.050    32.7049    25.2801 0.0000e+00
 162.967025      2.896  35.192534     9.2843     3.7990      2.872    32.6945    25.2685 0.0000e+00
 162.967031      2.711  35.190555     9.2983     3.8068      2.688    32.6797    25.2547 0.0000e+00
 162.967037      2.528  35.190473     9.2993     3.8097      2.507    32.6788    25.2538 0.0000e+00
 162.967043      2.346  35.189370     9.2870     3.8030      2.326    32.6890    25.2638 0.0000e+00
 162.967049      2.163  35.189136     9.2740     3.8218      2.145    32.7007    25.2750 0.0000e+00
 162.967054      1.981  35.201229     9.2711     3.8518      1.964    32.7160    25.2874 0.0000e+00
 162.967060      1.800  35.217093     9.2745     3.9232      1.785    32.7293    25.2973 0.0000e+00
 162.967066      1.617  35.219744     9.2817     3.9971      1.603    32.7255    25.2932 0.0000e+00
 162.967072      1.434  35.211586     9.3030     4.0579      1.422    32.6977    25.2680 0.0000e+00
 162.967078      1.256  35.212019     9.3488     4.0778      1.246    32.6563    25.2284 0.0000e+00
 162.967083      1.090  35.233388     9.4316     4.0476      1.081    32.6029    25.1734 0.0000e+00
 162.967089      0.936  35.276708     9.5786     4.6610      0.928    32.5138    25.0801 0.0000e+00
 162.967095      0.791  35.363291     9.7952     4.7447      0.784    32.4067    24.9613 0.0000e+00
 162.967101      0.648  35.549145    10.0451     4.9912      0.643    32.3710    24.8923 0.0000e+00
 162.967106      0.512  35.811239    10.2971     5.3167      0.508    32.4102    24.8806 -9.990e-29
 162.967112      0.391  36.031673    10.5349     5.6689      0.388    32.4193    24.8473 -9.990e-29
 162.967118      0.286  36.151887    10.7215     5.9669      0.284    32.3737    24.7796 -9.990e-29
 162.967124      0.190  36.108614    10.8234     6.1336      0.188    32.2407    24.6584 -9.990e-29
 162.967130      0.102  35.766007    10.8611     6.2202      0.101    31.8681    24.3619 -9.990e-29
 162.967135      0.024  34.906280    10.8762     6.2598      0.024    31.0058    23.6884 -9.990e-29
 162.967141     -0.040  32.750483    10.8882     6.2208     -0.040    28.8811    22.0343 -9.990e-29
 162.967147     -0.089  26.650787    10.9015     6.2188     -0.088    23.0009    17.4669 -9.990e-29
 162.967153     -0.128  17.186875    10.9145     6.2311     -0.127    14.2357    10.6726 -9.990e-29
 162.967159     -0.158   9.988468    10.9255     6.2157     -0.157     7.9090     5.7697 -9.990e-29
 162.967164     -0.181   6.709776    10.9342 -9.990e-29     -0.179     5.1565     3.6332 -9.990e-29
 162.967170     -0.199   5.337042    10.9410 -9.990e-29     -0.197     4.0360     2.7619 -9.990e-29
 162.967176     -0.213   4.735831    10.9477 -9.990e-29     -0.211     3.5521     2.3849 -9.990e-29
 162.967182     -0.224   4.259223    10.9556 -9.990e-29     -0.222     3.1719     2.0883 -9.990e-29
 162.967187     -0.232   3.802575    10.9642 -9.990e-29     -0.230     2.8108     1.8063 -9.990e-29
 162.967193     -0.238   3.435245    10.9740 -9.990e-29     -0.236     2.5226     1.5809 -9.990e-29
 162.967199     -0.242   3.327742    10.9846 -9.990e-29     -0.240     2.4382     1.5140 -9.990e-29
 162.967205     -0.245   3.416775    10.9914 -9.990e-29     -0.243     2.5071     1.5669 -9.990e-29
 162.967211     -0.246   3.253680    10.9931 -9.990e-29     -0.244     2.3802     1.4679 -9.990e-29
 162.967216     -0.247   2.846290 -9.990e-29 -9.990e-29     -0.245 -9.990e-29 -9.990e-29 -9.990e-29
