data/oxygen options/ONMS/Olympic_Coast_National_Marine_Sanctuary_CTD_Data_2005_2023/raw_data/2014/CAST_MB015_140520faed.cnv
* Sea-Bird SBE19 Data File:
* FileName = C:\2014 Mooring Data\Casts\CAST_MB015_140520.hex
* Software Version 1.59
* Temperature SN = 2997
* Conductivity SN = 2997
* System UpLoad Time = May 20 2014 22:16:01
** CAST_MB015_140520
* ds
# nquan = 9                                 
# nvalues = 812                         
# units = specified
# name 0 = timeJ: Julian Days
# name 1 = prSM: Pressure, Strain Gauge [db]
# name 2 = c0mS/cm: Conductivity [mS/cm]
# name 3 = t090C: Temperature [ITS-90, deg C]
# name 4 = sbeox0ML/L: Oxygen, SBE 43 [ml/l]
# name 5 = depSM: Depth [salt water, m], lat = 47.5
# name 6 = sal00: Salinity, Practical [PSU]
# name 7 = sigma-é00: Density [sigma-theta, kg/m^3]
# name 8 = flag: flag
# span 0 = 140.805289, 140.809983       
# span 1 =     -5.618,     11.767       
# span 2 =   0.079373,  34.906614       
# span 3 =    11.2163,    15.4743       
# span 4 =    -1.7844,    15.5517       
# span 5 =     -5.571,     11.668       
# span 6 =     0.0487,    30.6538       
# span 7 =    -0.9080,    23.3504       
# span 8 = 0.0000e+00, 0.0000e+00       
# interval = seconds: 0.5
# start_time = May 20 2014 19:19:37 [Instrument's time stamp, header]
# bad_flag = -9.990e-29
*END*
[from data line 321]
 140.807147     -1.042   0.115898    14.9782     5.4175     -1.033     0.0697    -0.8415 -9.990e-29
 140.807153     -1.033   0.115607    14.9977     5.4158     -1.024     0.0695    -0.8446 -9.990e-29
 140.807159     -1.022   0.115397    15.0173     5.4137     -1.013     0.0694    -0.8477 -9.990e-29
 140.807164     -1.007   0.114985    15.0376     5.4121     -0.999     0.0691    -0.8510 -9.990e-29
 140.807170     -0.993   0.114376    15.0583     5.4107     -0.985     0.0687    -0.8544 -9.990e-29
 140.807176     -0.982   0.113866    15.0783     5.4095     -0.974     0.0684    -0.8577 -9.990e-29
 140.807182     -0.974   0.113331    15.0979     5.4083     -0.966     0.0681    -0.8610 -9.990e-29
 140.807188     -0.969   0.112611    15.1178     5.4069     -0.961     0.0676    -0.8643 -9.990e-29
 140.807193     -0.961   0.111853    15.1378     5.3985     -0.953     0.0672    -0.8677 -9.990e-29
 140.807199     -0.950   0.111157    15.1570     5.4061     -0.942     0.0668    -0.8710 -9.990e-29
 140.807205     -0.940   0.110703    15.1748     5.4094     -0.932     0.0665    -0.8739 -9.990e-29
 140.807211     -0.930   0.110442    15.1913     5.4125     -0.922     0.0663    -0.8766 -9.990e-29
 140.807216     -0.920   0.110022    15.2062     5.4160     -0.912     0.0660    -0.8791 -9.990e-29
 140.807222     -0.909   0.109438    15.2192     5.4122     -0.901     0.0657    -0.8813 -9.990e-29
 140.807228     -0.900   0.109021    15.2304     5.4122     -0.892     0.0654    -0.8833 -9.990e-29
 140.807234     -0.897   0.108768    15.2405     5.4127     -0.890     0.0653    -0.8849 -9.990e-29
 140.807240     -0.897   0.108343    15.2480     5.4123     -0.890     0.0650    -0.8863 -9.990e-29
 140.807245     -0.893   0.107734    15.2491     5.4118     -0.886     0.0647    -0.8867 -9.990e-29
 140.807251     -0.891   0.107236    15.2426     5.4109     -0.884     0.0644    -0.8859 -9.990e-29
 140.807257     -0.895   0.106739    15.2323     5.4098     -0.888     0.0641    -0.8846 -9.990e-29
 140.807263     -0.900   0.106134    15.2221     5.4078     -0.892     0.0638    -0.8833 -9.990e-29
 140.807269     -0.898   0.105723    15.2142     5.4148     -0.891     0.0636    -0.8822 -9.990e-29
 140.807274     -0.890   0.105513    15.2098     5.4079     -0.883     0.0634    -0.8816 -9.990e-29
 140.807280     -0.883   0.105223    15.2078     5.4053     -0.876     0.0633    -0.8815 -9.990e-29
 140.807286     -0.877   0.105020    15.2076     5.4032     -0.870     0.0632    -0.8815 -9.990e-29
 140.807292     -0.867   0.105187    15.2099     5.4010     -0.860     0.0633    -0.8818 -9.990e-29
 140.807297     -0.857   0.105391    15.2149     5.4043     -0.850     0.0634    -0.8825 -9.990e-29
 140.807303     -0.850   0.105348    15.2225     5.4035     -0.843     0.0633    -0.8837 -9.990e-29
 140.807309     -0.846   0.105001    15.2327     5.4022     -0.839     0.0631    -0.8854 -9.990e-29
 140.807315     -0.845   0.104442    15.2441     5.4013     -0.838     0.0628    -0.8874 -9.990e-29
 140.807321     -0.846   0.104035    15.2540     5.4007     -0.839     0.0626    -0.8891 -9.990e-29
 140.807326     -0.846   0.103790    15.2619     5.4084     -0.839     0.0624    -0.8905 -9.990e-29
 140.807332     -0.840   0.103382    15.2680     5.4020     -0.833     0.0622    -0.8916 -9.990e-29
 140.807338     -0.833   0.102819    15.2722     5.4003     -0.826     0.0618    -0.8925 -9.990e-29
 140.807344     -0.827   0.102459    15.2762     5.3987     -0.820     0.0616    -0.8933 -9.990e-29
 140.807350     -0.822   0.102376    15.2813     5.3971     -0.815     0.0616    -0.8941 -9.990e-29
 140.807355     -0.819   0.102458    15.2882     5.4005     -0.812     0.0616    -0.8951 -9.990e-29
 140.807361     -0.817   0.102814    15.2963     5.4073     -0.810     0.0618    -0.8962 -9.990e-29
 140.807367     -0.816   0.103364    15.3036     5.4005     -0.809     0.0621    -0.8971 -9.990e-29
 140.807373     -0.815   0.103731    15.3090     5.3976     -0.808     0.0623    -0.8978 -9.990e-29
 140.807378     -0.816   0.103848    15.3125     5.3954     -0.809     0.0624    -0.8983 -9.990e-29
 140.807384     -0.817   0.103870    15.3142     5.3940     -0.810     0.0624    -0.8985 -9.990e-29
 140.807390     -0.819   0.103826    15.3140     5.3981     -0.812     0.0624    -0.8985 -9.990e-29
 140.807396     -0.822   0.103657    15.3130     5.3974     -0.815     0.0623    -0.8985 -9.990e-29
 140.807402     -0.826   0.103322    15.3133     5.3965     -0.819     0.0621    -0.8986 -9.990e-29
 140.807407     -0.832   0.102928    15.3166     5.4120     -0.825     0.0619    -0.8993 -9.990e-29
 140.807413     -0.839   0.102688    15.3226     5.4013     -0.832     0.0617    -0.9004 -9.990e-29
 140.807419     -0.844   0.102839    15.3296     5.3975     -0.837     0.0618    -0.9014 -9.990e-29
 140.807425     -0.844   0.103211    15.3355     5.4012     -0.837     0.0620    -0.9022 -9.990e-29
 140.807431     -0.842   0.103189    15.3383     5.3831     -0.835     0.0620    -0.9026 -9.990e-29
 140.807436     -0.842   0.102745    15.3384     5.3939     -0.835     0.0617    -0.9028 -9.990e-29
 140.807442     -0.845   0.102396    15.3390     5.4006     -0.838     0.0615    -0.9031 -9.990e-29
 140.807448     -0.851   0.102231    15.3419     5.3950     -0.844     0.0614    -0.9036 -9.990e-29
 140.807454     -0.859   0.102030    15.3451     5.4000     -0.852     0.0613    -0.9042 -9.990e-29
 140.807459     -0.871   0.101524    15.3455     5.3941     -0.864     0.0610    -0.9045 -9.990e-29
 140.807465     -0.879   0.100595    15.3438     5.3919     -0.872     0.0605    -0.9046 -9.990e-29
 140.807471     -0.875   0.099668    15.3432     5.4200     -0.868     0.0600    -0.9049 -9.990e-29
 140.807477     -0.867   0.099170    15.3452     5.4019     -0.860     0.0597    -0.9054 -9.990e-29
 140.807483     -0.858   0.098994    15.3496     5.4047     -0.851     0.0596    -0.9062 -9.990e-29
 140.807488     -0.845   0.098904    15.3555     5.3935     -0.838     0.0595    -0.9072 -9.990e-29
 140.807494     -0.830   0.098780    15.3598     5.3858     -0.823     0.0594    -0.9079 -9.990e-29
 140.807500     -0.816   0.098457    15.3595     5.4104     -0.809     0.0593    -0.9080 -9.990e-29
 140.807506     -0.804   0.098057    15.3564     5.4033     -0.797     0.0590    -0.9077 -9.990e-29
 140.807512     -0.791   0.098159    15.3545     5.3963     -0.784     0.0591    -0.9073 -9.990e-29
 140.807517     -0.778   0.099452    15.3535     5.0795     -0.772     0.0598    -0.9066 -9.990e-29
 140.807523     -0.763   0.101995    15.3519     4.6059     -0.757     0.0613    -0.9052 -9.990e-29
 140.807529     -0.745   0.104742    15.3499     4.6607     -0.739     0.0628    -0.9037 -9.990e-29
 140.807535     -0.724   0.107469    15.3473     4.5926     -0.718     0.0644    -0.9021 -9.990e-29
 140.807541     -0.698   0.113256    15.3457     4.5776     -0.692     0.0677    -0.8993 -9.990e-29
 140.807546     -0.666   0.130932    15.3473     4.5878     -0.660     0.0779    -0.8917 -9.990e-29
 140.807552     -0.628   0.184619    15.3523     4.5898     -0.623     0.1091    -0.8682 -9.990e-29
 140.807558     -0.589   0.346454    15.3599     4.5568     -0.584     0.2057    -0.7946 -9.990e-29
 140.807564     -0.539   0.833326    15.3684     4.6030     -0.535     0.5083    -0.5619 -9.990e-29
 140.807569     -0.478   2.294953    15.3771     4.9597     -0.474     1.4683     0.1771 -9.990e-29
 140.807575     -0.404   6.680725    15.3851     5.4817     -0.401     4.5694     2.5580 -9.990e-29
 140.807581     -0.314  15.361146    15.3907     6.0345     -0.311    11.2067     7.6384 -9.990e-29
 140.807587     -0.209  24.589138    15.3929     6.3386     -0.207    18.7152    13.3828 -9.990e-29
 140.807593     -0.097  29.952482    15.3915     6.2844     -0.096    23.2477    16.8551 -9.990e-29
 140.807598      0.021  32.307738    15.3891     6.0157      0.021    25.2747    18.4099 -9.990e-29
 140.807604      0.141  33.450051    15.3879     5.6698      0.140    26.2654    19.1703 -9.990e-29
 140.807610      0.256  33.915591    15.3875     5.4651      0.254    26.6705    19.4812 -9.990e-29
 140.807616      0.365  34.145283    15.3880     5.3747      0.362    26.8701    19.6344 -9.990e-29
 140.807622      0.464  34.251590    15.3890     5.2961      0.460    26.9621    19.7048 -9.990e-29
 140.807627      0.544  34.289405    15.3893     5.1837      0.539    26.9948    19.7298 -9.990e-29
 140.807633      0.608  34.302933    15.3904     5.0678      0.603    27.0058    19.7381 -9.990e-29
 140.807639      0.658  34.309037    15.3936     5.0259      0.653    27.0089    19.7398 -9.990e-29
 140.807645      0.699  34.305720    15.3966     5.0857      0.693    27.0040    19.7354 -9.990e-29
 140.807650      0.732  34.291863    15.3970     5.1930      0.726    26.9916    19.7258 -9.990e-29
 140.807656      0.761  34.267414    15.3955     5.3160      0.755    26.9713    19.7105 -9.990e-29
 140.807662      0.785  34.234997    15.3948     5.4094      0.778    26.9435    19.6893 -9.990e-29
 140.807668      0.808  34.209010    15.3960     5.4833      0.801    26.9201    19.6711 -9.990e-29
 140.807674      0.831  34.203463    15.3975     5.5119      0.824    26.9142    19.6663 -9.990e-29
 140.807679      0.855  34.213706    15.3964     5.4774      0.848    26.9239    19.6739 -9.990e-29
 140.807685      0.882  34.225903    15.3927     5.4091      0.875    26.9370    19.6848 -9.990e-29
 140.807691      0.913  34.238902    15.3899     5.3117      0.905    26.9503    19.6955 -9.990e-29
 140.807697      0.946  34.249823    15.3892     5.3114      0.938    26.9602    19.7033 -9.990e-29
 140.807703      0.975  34.255810    15.3898     5.3808      0.967    26.9650    19.7069 -9.990e-29
 140.807708      0.997  34.260869    15.3911     5.4539      0.989    26.9686    19.7093 -9.990e-29
 140.807714      1.014  34.263293    15.3929     5.4387      1.006    26.9694    19.7096 -9.990e-29
 140.807720      1.026  34.250017    15.3940     5.4045      1.017    26.9571    19.6999 -9.990e-29
 140.807726      1.034  34.218965    15.3937     5.3725      1.025    26.9302    19.6794 -9.990e-29
 140.807731      1.040  34.192514    15.3932     5.3384      1.031    26.9075    19.6620 -9.990e-29
 140.807737      1.042  34.171179    15.3934     5.2883      1.033    26.8888    19.6476 -9.990e-29
 140.807743      1.043  34.092860    15.3941     5.2528      1.034    26.8201    19.5947 -9.990e-29
 140.807749      1.045  33.958903    15.3944     5.3089      1.036    26.7032    19.5050 -9.990e-29
 140.807755      1.053  33.914849    15.3944     5.3688      1.044    26.6649    19.4756 -9.990e-29
 140.807760      1.063  33.994856    15.3949     5.3445      1.054    26.7342    19.5286 -9.990e-29
 140.807766      1.072  34.048535    15.3958     5.2218      1.063    26.7803    19.5639 -9.990e-29
 140.807772      1.080  34.044935    15.3961     5.0432      1.071    26.7770    19.5612 -9.990e-29
 140.807778      1.088  34.079433    15.3957     4.9236      1.079    26.8073    19.5846 -9.990e-29
 140.807784      1.096  34.145895    15.3954     4.8764      1.087    26.8654    19.6292 -9.990e-29
 140.807789      1.101  34.183936    15.3956     4.8823      1.092    26.8984    19.6545 -9.990e-29
 140.807795      1.099  34.180384    15.3957     4.8954      1.090    26.8952    19.6521 -9.990e-29
 140.807801      1.093  34.160687    15.3949     4.9471      1.084    26.8786    19.6395 -9.990e-29
 140.807807      1.093  34.153963    15.3933     5.0459      1.084    26.8739    19.6362 -9.990e-29
 140.807813      1.101  34.171913    15.3920     5.1775      1.092    26.8904    19.6491 -9.990e-29
 140.807818      1.115  34.199216    15.3919     5.4724      1.106    26.9142    19.6675 -9.990e-29
 140.807824      1.131  34.201666    15.3920     5.7606      1.122    26.9163    19.6690 -9.990e-29
 140.807830      1.150  34.186951    15.3910     5.9857      1.140    26.9041    19.6599 -9.990e-29
 140.807836      1.169  34.191395    15.3900     6.1505      1.159    26.9087    19.6636 -9.990e-29
 140.807841      1.181  34.211908    15.3908     6.1994      1.171    26.9260    19.6767 -9.990e-29
 140.807847      1.182  34.233787    15.3931     6.1884      1.172    26.9435    19.6897 -9.990e-29
 140.807853      1.176  34.260388    15.3941     6.1242      1.166    26.9660    19.7068 -9.990e-29
 140.807859      1.172  34.282326    15.3929     5.9999      1.162    26.9860    19.7223 -9.990e-29
 140.807865      1.174  34.292400    15.3913     5.8831      1.164    26.9958    19.7302 -9.990e-29
 140.807870      1.177  34.293908    15.3908     5.8187      1.167    26.9975    19.7316 -9.990e-29
 140.807876      1.173  34.286564    15.3915     5.7959      1.163    26.9906    19.7262 -9.990e-29
 140.807882      1.163  34.281240    15.3924     5.7694      1.153    26.9854    19.7220 -9.990e-29
 140.807888      1.153  34.284781    15.3926     5.7171      1.143    26.9883    19.7242 -9.990e-29
 140.807894      1.147  34.290652    15.3922     5.6744      1.137    26.9937    19.7284 -9.990e-29
 140.807899      1.146  34.298229    15.3919     5.6776      1.136    27.0005    19.7337 -9.990e-29
 140.807905      1.148  34.304677    15.3917     5.7974      1.138    27.0063    19.7382 -9.990e-29
 140.807911      1.155  34.308460    15.3917     5.9164      1.145    27.0096    19.7407 -9.990e-29
 140.807917      1.166  34.311205    15.3919     5.9169      1.156    27.0118    19.7424 -9.990e-29
 140.807922      1.178  34.312596    15.3922     5.8106      1.168    27.0128    19.7431 -9.990e-29
 140.807928      1.184  34.313872    15.3928     5.7520      1.174    27.0135    19.7435 -9.990e-29
 140.807934      1.183  34.314440    15.3935     5.8722      1.173    27.0136    19.7434 -9.990e-29
 140.807940      1.184  34.313322    15.3940     6.0235      1.174    27.0122    19.7423 -9.990e-29
 140.807946      1.191  34.312331    15.3945     6.0616      1.181    27.0110    19.7412 -9.990e-29
 140.807951      1.201  34.313453    15.3952     5.9343      1.191    27.0115    19.7415 -9.990e-29
 140.807957      1.206  34.314766    15.3958     5.8599      1.196    27.0123    19.7419 -9.990e-29
 140.807963      1.202  34.314607    15.3958     5.9501      1.192    27.0121    19.7418 -9.990e-29
 140.807969      1.192  34.313266    15.3956     6.0721      1.182    27.0111    19.7410 -9.990e-29
 140.807975      1.185  34.312261    15.3951     6.0919      1.175    27.0106    19.7407 -9.990e-29
 140.807980      1.184  34.312999    15.3944     6.0133      1.174    27.0117    19.7417 -9.990e-29
 140.807986      1.186  34.313607    15.3943     5.9932      1.176    27.0123    19.7422 -9.990e-29
 140.807992      1.181  34.312039    15.3947     6.0556      1.171    27.0106    19.7409 -9.990e-29
 140.807998      1.169  34.310068    15.3947     6.1331      1.159    27.0089    19.7396 -9.990e-29
 140.808003      1.164  34.310613    15.3940     6.1071      1.154    27.0099    19.7404 -9.990e-29
 140.808009      1.171  34.312664    15.3930     6.0322      1.161    27.0123    19.7425 -9.990e-29
 140.808015      1.185  34.313862    15.3921     6.0290      1.175    27.0140    19.7440 -9.990e-29
 140.808021      1.192  34.314067    15.3919     6.1031      1.182    27.0143    19.7443 -9.990e-29
 140.808027      1.193  34.314056    15.3923     6.1822      1.183    27.0140    19.7440 -9.990e-29
 140.808032      1.197  34.314320    15.3923     6.1632      1.187    27.0143    19.7442 -9.990e-29
 140.808038      1.208  34.314594    15.3919     6.0487      1.198    27.0148    19.7446 -9.990e-29
 140.808044      1.222  34.314631    15.3919     5.9601      1.212    27.0148    19.7447 -9.990e-29
 140.808050      1.233  34.314423    15.3926     5.9748      1.223    27.0141    19.7440 -9.990e-29
 140.808056      1.236  34.314197    15.3935     6.0524      1.226    27.0133    19.7432 -9.990e-29
 140.808061      1.236  34.314157    15.3936     6.1211      1.226    27.0132    19.7431 -9.990e-29
