data/oxygen options/ONMS/Olympic_Coast_National_Marine_Sanctuary_CTD_Data_2005_2023/raw_data/2014/CAST_TH015_140801faed.cnv
* Sea-Bird SBE19 Data File:
* FileName = C:\2014 Mooring Data\Casts\CAST_TH015_140801.hex
* Software Version 1.59
* Temperature SN = 2997
* Conductivity SN = 2997
* System UpLoad Time = Aug 03 2014 00:58:53
** CAST_TH015_140801
* ds
# nquan = 9                                 
# nvalues = 959                         
# units = specified
# name 0 = timeJ: Julian Days
# name 1 = prSM: Pressure, Strain Gauge [db]
# name 2 = c0mS/cm: Conductivity [mS/cm]
# name 3 = t090C: Temperature [ITS-90, deg C]
# name 4 = sbeox0ML/L: Oxygen, SBE 43 [ml/l]
# name 5 = depSM: Depth [salt water, m], lat = 47.5
# name 6 = sal00: Salinity, Practical [PSU]
# name 7 = sigma-é00: Density [sigma-theta, kg/m^3]
# name 8 = flag: flag
# span 0 = 213.919190, 213.924734       
# span 1 =     -6.185,     18.894       
# span 2 =   0.307182,  36.584419       
# span 3 =     7.4358,    16.4532       
# span 4 =    -1.7513,    17.0667       
# span 5 =     -6.133,     18.735       
# span 6 =     0.1784,    34.2300       
# span 7 =    -0.9926,    26.6381       
# span 8 = 0.0000e+00, 0.0000e+00       
# interval = seconds: 0.5
# start_time = Aug 01 2014 22:03:38 [Instrument's time stamp, header]
# bad_flag = -9.990e-29
*END*
[from data line 481]
 213.921973      0.229  35.567715     9.1508     4.8617      0.227    33.2073    25.6907 -9.990e-29
 213.921979      0.222  35.517906     9.1452     4.8930      0.220    33.1609    25.6553 -9.990e-29
 213.921985      0.211  35.518956     9.1810     4.9178      0.209    33.1286    25.6244 -9.990e-29
 213.921991      0.201  35.550310     9.2278     4.9269      0.199    33.1177    25.6084 -9.990e-29
 213.921997      0.194  35.591639     9.2689     4.8898      0.192    33.1223    25.6054 -9.990e-29
 213.922002      0.191  35.630707     9.2881     4.8726      0.189    33.1449    25.6200 -9.990e-29
 213.922008      0.195  35.657486     9.2830     4.8841      0.193    33.1773    25.6462 -9.990e-29
 213.922014      0.207  35.660505     9.2643     4.9186      0.205    33.1978    25.6652 -9.990e-29
 213.922020      0.219  35.640587     9.2404     4.9672      0.217    33.1994    25.6703 -9.990e-29
 213.922025      0.228  35.614934     9.2291     5.0037      0.226    33.1834    25.6596 -9.990e-29
 213.922031      0.234  35.613299     9.2389     5.0393      0.232    33.1725    25.6495 -9.990e-29
 213.922037      0.236  35.643586     9.2605     5.0502      0.234    33.1838    25.6549 -9.990e-29
 213.922043      0.237  35.676017     9.3025     5.0863      0.235    33.1783    25.6439 -9.990e-29
 213.922049      0.235  35.698266     9.3623     5.0818      0.233    33.1458    25.6089 -9.990e-29
 213.922054      0.230  35.729889     9.4073     5.0945      0.228    33.1367    25.5945 -9.990e-29
 213.922060      0.227  35.781620     9.4257     5.1238      0.225    33.1730    25.6199 -9.990e-29
 213.922066      0.229  35.823664     9.4348     5.1422      0.227    33.2079    25.6457 -9.990e-29
 213.922072      0.233  35.825655     9.4504     5.1639      0.231    33.1955    25.6335 -9.990e-29
 213.922078      0.234  35.810438     9.4750     5.1414      0.232    33.1570    25.5995 -9.990e-29
 213.922083      0.233  35.811027     9.5046     5.1158      0.231    33.1302    25.5737 -9.990e-29
 213.922089      0.233  35.827634     9.5310     5.0992      0.231    33.1229    25.5637 -9.990e-29
 213.922095      0.239  35.840308     9.5437     5.0615      0.237    33.1242    25.5627 -9.990e-29
 213.922101      0.247  35.837881     9.5340     5.0195      0.245    33.1306    25.5693 -9.990e-29
 213.922106      0.253  35.818794     9.4888     4.9637      0.251    33.1528    25.5940 -9.990e-29
 213.922112      0.258  35.767690     9.4071     4.9267      0.256    33.1759    25.6252 -9.990e-29
 213.922118      0.262  35.686569     9.3264     4.9338      0.260    33.1670    25.6312 -9.990e-29
 213.922124      0.265  35.621014     9.2812     4.9627      0.263    33.1412    25.6183 -9.990e-29
 213.922130      0.267  35.599195     9.2663     4.9877      0.265    33.1325    25.6138 -9.990e-29
 213.922135      0.269  35.597602     9.2537     4.9864      0.267    33.1425    25.6237 -9.990e-29
 213.922141      0.270  35.577618     9.2381     4.9784      0.268    33.1363    25.6213 -9.990e-29
 213.922147      0.271  35.541769     9.2554     4.9552      0.269    33.0832    25.5770 -9.990e-29
 213.922153      0.272  35.543254     9.3112     4.9450      0.270    33.0330    25.5289 -9.990e-29
 213.922159      0.273  35.586838     9.3560     4.9781      0.271    33.0366    25.5245 -9.990e-29
 213.922164      0.274  35.617268     9.3550     5.0014      0.272    33.0689    25.5500 -9.990e-29
 213.922170      0.275  35.611149     9.3167     5.0543      0.273    33.0981    25.5789 -9.990e-29
 213.922176      0.275  35.578840     9.2754     5.0914      0.273    33.1030    25.5893 -9.990e-29
 213.922182      0.276  35.554128     9.2747     5.1489      0.274    33.0781    25.5699 -9.990e-29
 213.922188      0.277  35.570823     9.3275     5.2064      0.275    33.0464    25.5368 -9.990e-29
 213.922193      0.277  35.619175     9.3998     5.2216      0.275    33.0295    25.5119 -9.990e-29
 213.922199      0.278  35.681710     9.4687     5.2176      0.276    33.0303    25.5015 -9.990e-29
 213.922205      0.280  35.763243     9.5267     5.1870      0.278    33.0607    25.5158 -9.990e-29
 213.922211      0.281  35.848464     9.5492     5.1185      0.279    33.1275    25.5643 -9.990e-29
 213.922216      0.283  35.885447     9.5364     5.0875      0.281    33.1773    25.6054 -9.990e-29
 213.922222      0.285  35.862894     9.5079     5.0692      0.283    33.1805    25.6125 -9.990e-29
 213.922228      0.288  35.798990     9.4609     5.0587      0.286    33.1582    25.6027 -9.990e-29
 213.922234      0.292  35.699990     9.4158     5.0543      0.290    33.0980    25.5629 -9.990e-29
 213.922240      0.296  35.631415     9.4141     5.0635      0.294    33.0289    25.5092 -9.990e-29
 213.922245      0.303  35.632008     9.4360     5.0499      0.300    33.0093    25.4903 -9.990e-29
 213.922251      0.310  35.649784     9.4318     5.0428      0.307    33.0315    25.5083 -9.990e-29
 213.922257      0.316  35.665226     9.4037     5.0405      0.313    33.0733    25.5456 -9.990e-29
 213.922263      0.316  35.685452     9.3738     5.0297      0.313    33.1219    25.5883 -9.990e-29
 213.922269      0.315  35.677369     9.3483     5.0128      0.312    33.1372    25.6044 -9.990e-29
 213.922274      0.316  35.625132     9.3445     4.9953      0.313    33.0868    25.5656 -9.990e-29
 213.922280      0.319  35.590951     9.3686     4.9697      0.316    33.0292    25.5167 -9.990e-29
 213.922286      0.321  35.611166     9.3874     4.9496      0.318    33.0327    25.5164 -9.990e-29
 213.922292      0.317  35.633032     9.3650     4.9606      0.314    33.0759    25.5538 -9.990e-29
 213.922297      0.312  35.605451     9.2984     5.0017      0.309    33.1091    25.5905 -9.990e-29
 213.922303      0.309  35.543272     9.2190     5.0743      0.306    33.1185    25.6104 -9.990e-29
 213.922309      0.309  35.516214     9.1673     5.1435      0.306    33.1385    25.6343 -9.990e-29
 213.922315      0.310  35.551585     9.1652     5.2019      0.307    33.1771    25.6648 -9.990e-29
 213.922321      0.314  35.603927     9.2149     5.2629      0.311    33.1851    25.6632 -9.990e-29
 213.922326      0.320  35.645362     9.3125     5.2852      0.317    33.1373    25.6102 -9.990e-29
 213.922332      0.329  35.710923     9.4367     5.3091      0.326    33.0899    25.5532 -9.990e-29
 213.922338      0.342  35.825169     9.5400     5.3153      0.339    33.1120    25.5537 -9.990e-29
 213.922344      0.355  35.930546     9.5956     5.2806      0.352    33.1688    25.5891 -9.990e-29
 213.922350      0.364  35.961605     9.6261     5.2426      0.361    33.1725    25.5870 -9.990e-29
 213.922355      0.370  35.946296     9.6573     5.2167      0.367    33.1280    25.5471 -9.990e-29
 213.922361      0.369  35.941650     9.6823     5.1953      0.366    33.1002    25.5213 -9.990e-29
 213.922367      0.361  35.947076     9.6882     5.1569      0.358    33.1003    25.5204 -9.990e-29
 213.922373      0.355  35.948477     9.6780     5.0946      0.352    33.1112    25.5306 -9.990e-29
 213.922378      0.353  35.939857     9.6568     5.0367      0.350    33.1219    25.5424 -9.990e-29
 213.922384      0.357  35.901855     9.6231     4.9960      0.354    33.1140    25.5418 -9.990e-29
 213.922390      0.366  35.830371     9.5851     4.9677      0.363    33.0757    25.5181 -9.990e-29
 213.922396      0.376  35.760275     9.5551     4.9601      0.373    33.0314    25.4883 -9.990e-29
 213.922402      0.380  35.727164     9.5195     4.9529      0.377    33.0302    25.4931 -9.990e-29
 213.922407      0.374  35.702586     9.4411     4.9543      0.371    33.0772    25.5426 -9.990e-29
 213.922413      0.361  35.632428     9.3213     4.9602      0.358    33.1158    25.5920 -9.990e-29
 213.922419      0.349  35.541543     9.2224     4.9659      0.346    33.1135    25.6060 -9.990e-29
 213.922425      0.342  35.492236     9.1895     4.9721      0.339    33.0930    25.5952 -9.990e-29
 213.922431      0.339  35.498412     9.1996     4.9898      0.336    33.0900    25.5912 -9.990e-29
 213.922436      0.341  35.521136     9.1925     5.0381      0.338    33.1202    25.6159 -9.990e-29
 213.922442      0.346  35.514934     9.1501     5.0841      0.343    33.1531    25.6485 -9.990e-29
 213.922448      0.352  35.499594     9.1136     5.1194      0.349    33.1712    25.6684 -9.990e-29
 213.922454      0.354  35.514134     9.1138     5.1376      0.351    33.1861    25.6800 -9.990e-29
 213.922459      0.352  35.550982     9.1456     5.1294      0.349    33.1947    25.6817 -9.990e-29
 213.922465      0.347  35.599764     9.1889     5.1140      0.344    33.2050    25.6829 -9.990e-29
 213.922471      0.342  35.651436     9.2300     5.0761      0.339    33.2203    25.6883 -9.990e-29
 213.922477      0.342  35.692958     9.2660     5.0463      0.339    33.2297    25.6899 -9.990e-29
 213.922483      0.345  35.710664     9.2917     5.0311      0.342    33.2241    25.6815 -9.990e-29
 213.922488      0.354  35.679334     9.2889     5.0475      0.351    33.1943    25.6586 -9.990e-29
 213.922494      0.362  35.620041     9.2566     5.0926      0.359    33.1630    25.6393 -9.990e-29
 213.922500      0.368  35.577746     9.2310     5.1543      0.365    33.1430    25.6277 -9.990e-29
 213.922506      0.376  35.559457     9.2473     5.2083      0.373    33.1089    25.5985 -9.990e-29
 213.922512      0.386  35.568826     9.3071     5.2315      0.383    33.0632    25.5531 -9.990e-29
 213.922517      0.390  35.601492     9.3810     5.2243      0.387    33.0286    25.5142 -9.990e-29
 213.922523      0.388  35.652177     9.4535     5.1902      0.385    33.0139    25.4911 -9.990e-29
 213.922529      0.390  35.727292     9.5216     5.1504      0.387    33.0284    25.4914 -9.990e-29
 213.922535      0.399  35.778839     9.5625     5.1246      0.396    33.0436    25.4967 -9.990e-29
 213.922541      0.415  35.777336     9.5668     5.1317      0.412    33.0381    25.4917 -9.990e-29
 213.922546      0.436  35.762872     9.5319     5.1210      0.432    33.0554    25.5108 -9.990e-29
 213.922552      0.455  35.728505     9.4545     5.0869      0.451    33.0915    25.5516 -9.990e-29
 213.922558      0.468  35.662072     9.3645     5.0691      0.464    33.1063    25.5776 -9.990e-29
 213.922564      0.476  35.607980     9.3114     5.0683      0.472    33.0996    25.5809 -9.990e-29
 213.922569      0.479  35.597339     9.3104     5.0723      0.475    33.0896    25.5732 -9.990e-29
 213.922575      0.479  35.610317     9.3228     5.0738      0.475    33.0915    25.5727 -9.990e-29
 213.922581      0.479  35.612569     9.3003     5.0555      0.475    33.1147    25.5945 -9.990e-29
 213.922587      0.483  35.589695     9.2307     5.0562      0.479    33.1556    25.6376 -9.990e-29
 213.922593      0.487  35.539250     9.1579     5.0475      0.483    33.1711    25.6612 -9.990e-29
 213.922598      0.488  35.489362     9.1381     5.0409      0.484    33.1377    25.6383 -9.990e-29
 213.922604      0.485  35.473933     9.1672     5.0199      0.481    33.0947    25.6000 -9.990e-29
 213.922610      0.479  35.481904     9.1895     5.0010      0.475    33.0822    25.5867 -9.990e-29
 213.922616      0.473  35.488536     9.1714     5.0064      0.469    33.1059    25.6081 -9.990e-29
 213.922622      0.471  35.474611     9.1362     5.0201      0.467    33.1242    25.6280 -9.990e-29
 213.922627      0.472  35.447375     9.1184     5.0271      0.468    33.1125    25.6217 -9.990e-29
 213.922633      0.478  35.432783     9.1109     5.0167      0.474    33.1043    25.6164 -9.990e-29
 213.922639      0.484  35.424268     9.0905     5.0093      0.480    33.1144    25.6276 -9.990e-29
 213.922645      0.485  35.416073     9.0709     4.9920      0.481    33.1241    25.6383 -9.990e-29
 213.922650      0.484  35.420830     9.0898     5.0111      0.480    33.1115    25.6254 -9.990e-29
 213.922656      0.478  35.451598     9.1418     4.9969      0.474    33.0951    25.6044 -9.990e-29
 213.922662      0.472  35.492144     9.1607     4.9778      0.468    33.1196    25.6205 -9.990e-29
 213.922668      0.475  35.487093     9.1147     4.9751      0.471    33.1571    25.6572 -9.990e-29
 213.922674      0.486  35.435888     9.0561     4.9701      0.482    33.1585    25.6675 -9.990e-29
 213.922679      0.498  35.395954     9.0296     4.9708      0.494    33.1417    25.6585 -9.990e-29
 213.922685      0.506  35.384165     9.0264     4.9636      0.502    33.1324    25.6517 -9.990e-29
 213.922691      0.512  35.385526     9.0280     4.9601      0.508    33.1323    25.6514 -9.990e-29
 213.922697      0.517  35.391178     9.0240     4.9578      0.513    33.1419    25.6596 -9.990e-29
 213.922703      0.519  35.393668     9.0117     4.9673      0.515    33.1560    25.6725 -9.990e-29
 213.922708      0.520  35.388981     9.0018     4.9829      0.516    33.1603    25.6775 -9.990e-29
 213.922714      0.520  35.383921     8.9967     4.9846      0.516    33.1598    25.6779 -9.990e-29
 213.922720      0.518  35.381805     8.9869     4.9626      0.514    33.1668    25.6848 -9.990e-29
 213.922726      0.514  35.376970     8.9831     4.9605      0.510    33.1653    25.6843 -9.990e-29
 213.922731      0.509  35.376965     9.0013     4.9670      0.505    33.1483    25.6681 -9.990e-29
 213.922737      0.501  35.387918     9.0268     5.0053      0.497    33.1359    25.6544 -9.990e-29
 213.922743      0.491  35.396898     9.0269     5.0132      0.487    33.1452    25.6617 -9.990e-29
 213.922749      0.481  35.391158     8.9988     5.0150      0.477    33.1654    25.6819 -9.990e-29
 213.922755      0.476  35.376486     8.9734     5.0449      0.472    33.1739    25.6925 -9.990e-29
 213.922760      0.471  35.369200     8.9695     5.0589      0.467    33.1699    25.6900 -9.990e-29
 213.922766      0.461  35.374695     8.9864     5.0494      0.457    33.1599    25.6795 -9.990e-29
 213.922772      0.450  35.393523     9.0268     5.0684      0.446    33.1418    25.6590 -9.990e-29
 213.922778      0.442  35.442335     9.0683     5.0463      0.438    33.1539    25.6620 -9.990e-29
 213.922784      0.435  35.480119     9.0747     5.0339      0.431    33.1872    25.6870 -9.990e-29
 213.922789      0.435  35.452847     9.0728     5.0432      0.431    33.1606    25.6665 -9.990e-29
 213.922795      0.440  35.424584     9.1068     5.0255      0.436    33.0996    25.6134 -9.990e-29
 213.922801      0.444  35.437298     9.1561     5.0194      0.440    33.0670    25.5801 -9.990e-29
 213.922807      0.440  35.452345     9.1690     4.9950      0.436    33.0706    25.5809 -9.990e-29
 213.922812      0.435  35.449356     9.1289     4.9953      0.431    33.1048    25.6140 -9.990e-29
 213.922818      0.435  35.427130     9.0731     4.9989      0.431    33.1336    25.6453 -9.990e-29
 213.922824      0.446  35.403141     9.0459     4.9722      0.442    33.1340    25.6499 -9.990e-29
 213.922830      0.463  35.400915     9.0493     5.0028      0.459    33.1285    25.6451 -9.990e-29
 213.922836      0.479  35.413507     9.0520     5.0577      0.475    33.1391    25.6530 -9.990e-29
 213.922841      0.491  35.416140     9.0399     5.1279      0.487    33.1531    25.6658 -9.990e-29
 213.922847      0.500  35.407805     9.0365     5.1907      0.496    33.1476    25.6620 -9.990e-29
 213.922853      0.506  35.407661     9.0609     5.2185      0.502    33.1247    25.6403 -9.990e-29
 213.922859      0.510  35.426138     9.0989     5.2537      0.506    33.1085    25.6217 -9.990e-29
 213.922865      0.511  35.465386     9.1414     5.2543      0.507    33.1098    25.6159 -9.990e-29
 213.922870      0.510  35.541793     9.2056     5.2637      0.506    33.1293    25.6210 -9.990e-29
 213.922876      0.507  35.639916     9.3095     5.3331      0.503    33.1344    25.6084 -9.990e-29
 213.922882      0.507  35.734546     9.4243     5.4115      0.503    33.1257    25.5831 -9.990e-29
 213.922888      0.512  35.785149     9.5011     5.4794      0.508    33.1067    25.5559 -9.990e-29
