data/oxygen options/ONMS/Olympic_Coast_National_Marine_Sanctuary_CTD_Data_2005_2023/raw_data/2014/CAST_CA042_140904faed.cnv
* Sea-Bird SBE19 Data File:
* FileName = C:\2014 Mooring Data\Casts\CAST_CA042_140904.hex
* Software Version 1.59
* Temperature SN = 2997
* Conductivity SN = 2997
* System UpLoad Time = Sep 05 2014 18:04:40
** CAST_CA042_140904
* ds
# nquan = 9                                 
# nvalues = 1186                        
# units = specified
# name 0 = timeJ: Julian Days
# name 1 = prSM: Pressure, Strain Gauge [db]
# name 2 = c0mS/cm: Conductivity [mS/cm]
# name 3 = t090C: Temperature [ITS-90, deg C]
# name 4 = sbeox0ML/L: Oxygen, SBE 43 [ml/l]
# name 5 = depSM: Depth [salt water, m], lat = 47.5
# name 6 = sal00: Salinity, Practical [PSU]
# name 7 = sigma-é00: Density [sigma-theta, kg/m^3]
# name 8 = flag: flag
# span 0 = 247.842477, 247.849334       
# span 1 =     -5.875,     42.886       
# span 2 =   0.459973,  38.584125       
# span 3 =     7.5053,    16.0279       
# span 4 =    -1.7740,    18.8565       
# span 5 =     -5.826,     42.524       
# span 6 =     0.2754,    33.6199       
# span 7 =    -0.7787,    26.2571       
# span 8 = 0.0000e+00, 0.0000e+00       
# interval = seconds: 0.5
# start_time = Sep 04 2014 20:13:10 [Instrument's time stamp, header]
# bad_flag = -9.990e-29
*END*
[from data line 801]
 247.847112     22.298  34.042515     7.8570     4.7337     22.111    32.8015    25.5685 0.0000e+00
 247.847118     22.594  34.048766     7.8503     4.7234     22.404    32.8143    25.5795 0.0000e+00
 247.847124     22.888  34.054404     7.8458     4.7052     22.696    32.8244    25.5881 0.0000e+00
 247.847130     23.181  34.055048     7.8450     4.6738     22.986    32.8257    25.5893 0.0000e+00
 247.847135     23.474  34.059293     7.8480     4.6820     23.277    32.8273    25.5901 0.0000e+00
 247.847141     23.769  34.068195     7.8521     4.6433     23.569    32.8329    25.5938 0.0000e+00
 247.847147     24.069  34.078358     7.8580     4.5948     23.867    32.8380    25.5971 0.0000e+00
 247.847153     24.373  34.089750     7.8680     4.5479     24.168    32.8407    25.5977 0.0000e+00
 247.847159     24.686  34.106785     7.8820     4.4919     24.479    32.8456    25.5995 0.0000e+00
 247.847164     25.005  34.131300     7.9011     4.4770     24.795    32.8536    25.6031 0.0000e+00
 247.847170     25.325  34.168933     7.9294     4.4661     25.112    32.8671    25.6096 0.0000e+00
 247.847176     25.640  34.220370     7.9586     4.4842     25.424    32.8944    25.6268 0.0000e+00
 247.847182     25.945  34.257009     7.9736     4.5041     25.727    32.9192    25.6441 0.0000e+00
 247.847187     26.238  34.261943     7.9731     4.5060     26.017    32.9248    25.6486 0.0000e+00
 247.847193     26.525  34.255103     7.9646     4.4903     26.302    32.9254    25.6503 0.0000e+00
 247.847199     26.816  34.248017     7.9529     4.4687     26.590    32.9287    25.6546 0.0000e+00
 247.847205     27.115  34.238974     7.9405     4.4115     26.887    32.9306    25.6579 0.0000e+00
 247.847211     27.421  34.229827     7.9264     4.3269     27.190    32.9340    25.6626 0.0000e+00
 247.847216     27.728  34.217241     7.9072     4.1869     27.495    32.9385    25.6689 0.0000e+00
 247.847222     28.033  34.197780     7.8803     4.0500     27.797    32.9429    25.6762 0.0000e+00
 247.847228     28.339  34.175119     7.8420     3.9195     28.101    32.9547    25.6910 0.0000e+00
 247.847234     28.647  34.151465     7.7905     3.8038     28.406    32.9779    25.7166 0.0000e+00
 247.847240     28.962  34.131071     7.7335     3.6945     28.718    33.0098    25.7499 0.0000e+00
 247.847245     29.280  34.120290     7.6837     3.5648     29.034    33.0453    25.7849 0.0000e+00
 247.847251     29.597  34.116406     7.6455     3.4084     29.348    33.0773    25.8154 0.0000e+00
 247.847257     29.912  34.115237     7.6147     3.2004     29.660    33.1052    25.8417 0.0000e+00
 247.847263     30.223  34.116222     7.5880     2.9558     29.969    33.1315    25.8662 0.0000e+00
 247.847269     30.529  34.120551     7.5647     2.7412     30.272    33.1583    25.8905 0.0000e+00
 247.847274     30.835  34.133313     7.5447     2.6230     30.575    33.1910    25.9191 0.0000e+00
 247.847280     31.149  34.159061     7.5284     2.6236     30.887    33.2343    25.9554 0.0000e+00
 247.847286     31.469  34.198338     7.5173     2.6780     31.204    33.2872    25.9986 0.0000e+00
 247.847292     31.791  34.248964     7.5129     2.6831     31.523    33.3460    26.0454 0.0000e+00
 247.847297     32.103  34.300323     7.5143     2.5923     31.833    33.4000    26.0877 0.0000e+00
 247.847303     32.397  34.333238     7.5188     2.4201     32.124    33.4311    26.1116 0.0000e+00
 247.847309     32.673  34.342095     7.5238     2.2558     32.398    33.4358    26.1145 0.0000e+00
 247.847315     32.946  34.340833     7.5266     2.1515     32.668    33.4316    26.1108 0.0000e+00
 247.847321     33.232  34.351782     7.5269     2.1218     32.952    33.4430    26.1197 0.0000e+00
 247.847326     33.537  34.387740     7.5283     2.1228     33.254    33.4804    26.1489 0.0000e+00
 247.847332     33.850  34.434249     7.5325     2.1451     33.565    33.5265    26.1846 0.0000e+00
 247.847338     34.161  34.472394     7.5369     2.1884     33.873    33.5633    26.2129 0.0000e+00
 247.847344     34.469  34.496801     7.5395     2.2369     34.178    33.5870    26.2312 0.0000e+00
 247.847350     34.775  34.509030     7.5417     2.2839     34.482    33.5980    26.2395 0.0000e+00
 247.847355     35.078  34.514607     7.5446     2.2923     34.782    33.6011    26.2415 0.0000e+00
 247.847361     35.372  34.517482     7.5476     2.3088     35.074    33.6011    26.2412 0.0000e+00
 247.847367     35.654  34.518961     7.5485     2.3320     35.353    33.6017    26.2415 0.0000e+00
 247.847373     35.929  34.519826     7.5466     2.3458     35.626    33.6044    26.2439 0.0000e+00
 247.847378     36.205  34.520413     7.5440     2.3516     35.900    33.6074    26.2466 0.0000e+00
 247.847384     36.489  34.520864     7.5424     2.3518     36.181    33.6093    26.2483 0.0000e+00
 247.847390     36.775  34.521537     7.5421     2.3546     36.465    33.6102    26.2491 0.0000e+00
 247.847396     37.057  34.522722     7.5433     2.3721     36.744    33.6102    26.2489 0.0000e+00
 247.847402     37.331  34.524829     7.5458     2.3683     37.016    33.6099    26.2483 0.0000e+00
 247.847407     37.602  34.527256     7.5472     2.3579     37.285    33.6110    26.2490 0.0000e+00
 247.847413     37.883  34.527583     7.5457     2.3475     37.563    33.6127    26.2506 0.0000e+00
 247.847419     38.187  34.525639     7.5430     2.3554     37.865    33.6131    26.2512 0.0000e+00
 247.847425     38.516  34.523842     7.5410     2.3582     38.191    33.6129    26.2514 0.0000e+00
 247.847431     38.858  34.523115     7.5399     2.3596     38.530    33.6130    26.2516 0.0000e+00
 247.847436     39.195  34.523003     7.5398     2.3585     38.864    33.6128    26.2515 0.0000e+00
 247.847442     39.518  34.523310     7.5401     2.3613     39.184    33.6127    26.2514 0.0000e+00
 247.847448     39.824  34.523839     7.5403     2.3655     39.488    33.6129    26.2515 0.0000e+00
 247.847454     40.109  34.524127     7.5400     2.3524     39.770    33.6134    26.2520 0.0000e+00
 247.847459     40.379  34.523950     7.5395     2.3523     40.038    33.6136    26.2522 0.0000e+00
 247.847465     40.643  34.523589     7.5395     2.3457     40.300    33.6131    26.2518 0.0000e+00
 247.847471     40.900  34.523642     7.5404     2.3538     40.555    33.6121    26.2509 0.0000e+00
 247.847477     41.141  34.524694     7.5413     2.3457     40.794    33.6123    26.2509 0.0000e+00
 247.847483     41.365  34.525857     7.5414     2.3339     41.016    33.6133    26.2517 0.0000e+00
 247.847488     41.580  34.525831     7.5408     2.3363     41.229    33.6138    26.2522 0.0000e+00
 247.847494     41.792  34.525100     7.5398     2.3417     41.439    33.6138    26.2524 0.0000e+00
 247.847500     41.998  34.524327     7.5390     2.3551     41.643    33.6137    26.2523 0.0000e+00
 247.847506     42.198  34.524121     7.5391     2.3512     41.842    33.6133    26.2520 0.0000e+00
 247.847512     42.387  34.524721     7.5398     2.3484     42.029    33.6131    26.2518 0.0000e+00
 247.847517     42.552  34.525761     7.5405     2.3485     42.193    33.6135    26.2520 0.0000e+00
 247.847523     42.682  34.526898     7.5413     2.3604     42.321    33.6139    26.2522 -9.990e-29
 247.847529     42.772  34.527357     7.5420     2.3590     42.411    33.6137    26.2519 -9.990e-29
 247.847535     42.829  34.527145     7.5425     2.3468     42.467    33.6129    26.2513 -9.990e-29
 247.847541     42.863  34.526496     7.5430     2.3412     42.501    33.6117    26.2503 -9.990e-29
 247.847546     42.881  34.526185     7.5431     2.3479     42.519    33.6113    26.2499 -9.990e-29
 247.847552     42.886  34.527440     7.5427     2.3586     42.524    33.6130    26.2513 -9.990e-29
 247.847558     42.876  34.529081     7.5424     2.3642     42.514    33.6151    26.2530 -9.990e-29
 247.847564     42.852  34.529885     7.5423     2.3430     42.490    33.6161    26.2538 -9.990e-29
 247.847569     42.811  34.530320     7.5424     2.3414     42.449    33.6165    26.2541 -9.990e-29
 247.847575     42.752  34.530921     7.5432     2.3533     42.391    33.6164    26.2539 -9.990e-29
 247.847581     42.671  34.531886     7.5445     2.3611     42.310    33.6162    26.2536 -9.990e-29
 247.847587     42.562  34.533334     7.5460     2.3691     42.202    33.6164    26.2535 -9.990e-29
 247.847593     42.427  34.534908     7.5470     2.3426     42.069    33.6172    26.2540 0.0000e+00
 247.847598     42.279  34.535296     7.5468     2.3413     41.922    33.6179    26.2545 0.0000e+00
 247.847604     42.129  34.534413     7.5456     2.3532     41.773    33.6181    26.2549 0.0000e+00
 247.847610     41.986  34.532723     7.5440     2.3520     41.631    33.6179    26.2550 0.0000e+00
 247.847616     41.853  34.530175     7.5426     2.3571     41.499    33.6166    26.2541 0.0000e+00
 247.847622     41.722  34.528379     7.5424     2.3304     41.370    33.6149    26.2528 0.0000e+00
 247.847627     41.579  34.528822     7.5432     2.3316     41.228    33.6147    26.2525 0.0000e+00
 247.847633     41.425  34.530369     7.5441     2.3489     41.075    33.6156    26.2531 0.0000e+00
 247.847639     41.268  34.531108     7.5439     2.3477     40.919    33.6166    26.2540 0.0000e+00
 247.847645     41.113  34.530301     7.5426     2.3529     40.766    33.6171    26.2545 0.0000e+00
 247.847650     40.968  34.528513     7.5412     2.3354     40.622    33.6166    26.2543 0.0000e+00
 247.847656     40.834  34.527243     7.5402     2.3299     40.489    33.6162    26.2542 0.0000e+00
 247.847662     40.696  34.527561     7.5399     2.3353     40.352    33.6169    26.2548 0.0000e+00
 247.847668     40.546  34.528727     7.5407     2.3381     40.204    33.6175    26.2551 0.0000e+00
 247.847674     40.387  34.529444     7.5417     2.3436     40.046    33.6174    26.2548 0.0000e+00
 247.847679     40.226  34.529502     7.5424     2.3343     39.886    33.6168    26.2543 0.0000e+00
 247.847685     40.067  34.528935     7.5424     2.3315     39.729    33.6163    26.2539 0.0000e+00
 247.847691     39.907  34.528066     7.5421     2.3405     39.570    33.6157    26.2535 0.0000e+00
 247.847697     39.745  34.527938     7.5425     2.3459     39.409    33.6153    26.2531 0.0000e+00
 247.847703     39.580  34.528900     7.5433     2.3604     39.246    33.6156    26.2532 0.0000e+00
 247.847708     39.412  34.529945     7.5437     2.3417     39.079    33.6165    26.2538 0.0000e+00
 247.847714     39.250  34.530177     7.5429     2.3311     38.919    33.6176    26.2548 0.0000e+00
 247.847720     39.099  34.529302     7.5411     2.3378     38.769    33.6184    26.2557 0.0000e+00
 247.847726     38.964  34.527797     7.5396     2.3498     38.635    33.6183    26.2559 0.0000e+00
 247.847731     38.834  34.526977     7.5393     2.3632     38.506    33.6178    26.2555 0.0000e+00
 247.847737     38.695  34.527389     7.5404     2.3512     38.368    33.6172    26.2549 0.0000e+00
 247.847743     38.536  34.528414     7.5417     2.3312     38.211    33.6172    26.2546 0.0000e+00
 247.847749     38.360  34.529131     7.5418     2.3323     38.036    33.6179    26.2552 0.0000e+00
 247.847755     38.174  34.529329     7.5414     2.3375     37.852    33.6186    26.2558 0.0000e+00
 247.847760     37.987  34.529232     7.5407     2.3453     37.666    33.6193    26.2564 0.0000e+00
 247.847766     37.813  34.528668     7.5395     2.3385     37.494    33.6199    26.2571 0.0000e+00
 247.847772     37.657  34.527402     7.5384     2.3305     37.339    33.6197    26.2571 0.0000e+00
 247.847778     37.519  34.525950     7.5378     2.3305     37.202    33.6188    26.2564 -9.990e-29
 247.847784     37.395  34.525138     7.5376     2.3425     37.080    33.6181    26.2560 -9.990e-29
 247.847789     37.271  34.524962     7.5378     2.3506     36.957    33.6178    26.2557 -9.990e-29
 247.847795     37.135  34.525142     7.5382     2.3507     36.822    33.6177    26.2555 0.0000e+00
 247.847801     36.980  34.525874     7.5392     2.3573     36.668    33.6176    26.2553 0.0000e+00
 247.847807     36.799  34.526967     7.5404     2.3545     36.489    33.6177    26.2552 0.0000e+00
 247.847813     36.594  34.527591     7.5414     2.3635     36.285    33.6175    26.2549 0.0000e+00
 247.847818     36.373  34.527413     7.5417     2.3820     36.066    33.6171    26.2546 0.0000e+00
 247.847824     36.152  34.526712     7.5411     2.3913     35.847    33.6170    26.2546 0.0000e+00
 247.847830     35.952  34.525637     7.5401     2.3914     35.649    33.6169    26.2547 0.0000e+00
 247.847836     35.784  34.524395     7.5393     2.3807     35.482    33.6165    26.2544 0.0000e+00
 247.847841     35.648  34.523534     7.5388     2.3579     35.347    33.6161    26.2542 -9.990e-29
 247.847847     35.530  34.522985     7.5382     2.3500     35.230    33.6161    26.2543 -9.990e-29
 247.847853     35.414  34.522533     7.5382     2.3592     35.115    33.6157    26.2539 -9.990e-29
 247.847859     35.289  34.522653     7.5394     2.3739     34.991    33.6147    26.2530 0.0000e+00
 247.847865     35.146  34.523460     7.5406     2.3819     34.850    33.6145    26.2527 0.0000e+00
 247.847870     34.986  34.524302     7.5410     2.3793     34.691    33.6151    26.2531 0.0000e+00
 247.847876     34.818  34.524574     7.5407     2.3622     34.524    33.6158    26.2536 0.0000e+00
 247.847882     34.659  34.524036     7.5405     2.3735     34.367    33.6154    26.2534 0.0000e+00
 247.847888     34.515  34.523052     7.5407     2.3985     34.224    33.6143    26.2525 0.0000e+00
 247.847894     34.378  34.522510     7.5409     2.4242     34.088    33.6135    26.2519 0.0000e+00
 247.847899     34.233  34.522767     7.5406     2.4673     33.944    33.6142    26.2524 0.0000e+00
 247.847905     34.073  34.523000     7.5401     2.5084     33.786    33.6150    26.2531 0.0000e+00
 247.847911     33.895  34.521791     7.5398     2.5894     33.609    33.6141    26.2524 0.0000e+00
 247.847917     33.709  34.518045     7.5392     2.6572     33.425    33.6107    26.2498 0.0000e+00
 247.847922     33.525  34.512338     7.5379     2.6972     33.243    33.6059    26.2462 0.0000e+00
 247.847928     33.344  34.506561     7.5354     2.7195     33.063    33.6021    26.2436 0.0000e+00
 247.847934     33.164  34.498017     7.5309     2.7161     32.885    33.5973    26.2405 0.0000e+00
 247.847940     32.989  34.481444     7.5255     2.7033     32.711    33.5847    26.2313 0.0000e+00
 247.847946     32.835  34.459396     7.5222     2.7117     32.558    33.5641    26.2156 0.0000e+00
 247.847951     32.704  34.448453     7.5219     2.7531     32.428    33.5526    26.2066 -9.990e-29
 247.847957     32.584  34.450817     7.5224     2.8613     32.310    33.5548    26.2082 -9.990e-29
 247.847963     32.459  34.449392     7.5231     2.9973     32.186    33.5526    26.2064 0.0000e+00
 247.847969     32.311  34.445039     7.5234     3.1261     32.039    33.5477    26.2025 0.0000e+00
 247.847975     32.133  34.439207     7.5213     3.2201     31.862    33.5435    26.1995 0.0000e+00
 247.847980     31.934  34.425199     7.5171     3.2623     31.665    33.5325    26.1915 0.0000e+00
 247.847986     31.735  34.402254     7.5130     3.2820     31.468    33.5117    26.1757 0.0000e+00
 247.847992     31.549  34.372849     7.5100     3.2965     31.283    33.4829    26.1535 0.0000e+00
 247.847998     31.382  34.348806     7.5083     3.3211     31.118    33.4586    26.1346 0.0000e+00
 247.848003     31.232  34.329452     7.5072     3.3778     30.969    33.4388    26.1192 0.0000e+00
 247.848009     31.085  34.310267     7.5067     3.4265     30.823    33.4186    26.1034 0.0000e+00
 247.848015     30.932  34.300421     7.5066     3.4781     30.672    33.4081    26.0951 0.0000e+00
 247.848021     30.775  34.292353     7.5061     3.5466     30.516    33.3999    26.0888 0.0000e+00
 247.848027     30.622  34.280877     7.5054     3.6059     30.364    33.3883    26.0797 0.0000e+00
