data/oxygen options/ONMS/Olympic_Coast_National_Marine_Sanctuary_CTD_Data_2005_2023/raw_data/2014/CAST_MB015_140730faed.cnv
* Sea-Bird SBE19 Data File:
* FileName = C:\2014 Mooring Data\Casts\CAST_MB015_140730.hex
* Software Version 1.59
* Temperature SN = 2997
* Conductivity SN = 2997
* System UpLoad Time = Aug 03 2014 00:50:44
** CAST_MB015_140730
* ds
# nquan = 9                                 
# nvalues = 1149                        
# units = specified
# name 0 = timeJ: Julian Days
# name 1 = prSM: Pressure, Strain Gauge [db]
# name 2 = c0mS/cm: Conductivity [mS/cm]
# name 3 = t090C: Temperature [ITS-90, deg C]
# name 4 = sbeox0ML/L: Oxygen, SBE 43 [ml/l]
# name 5 = depSM: Depth [salt water, m], lat = 47.5
# name 6 = sal00: Salinity, Practical [PSU]
# name 7 = sigma-é00: Density [sigma-theta, kg/m^3]
# name 8 = flag: flag
# span 0 = 211.825058, 211.831701       
# span 1 =     -5.629,     14.727       
# span 2 =   0.385432,  38.645168       
# span 3 =     7.8656,    17.8905       
# span 4 =    -1.6941,    13.4340       
# span 5 =     -5.582,     14.604       
# span 6 =     0.2167,    33.5268       
# span 7 =    -1.2152,    26.1307       
# span 8 = 0.0000e+00, 0.0000e+00       
# interval = seconds: 0.5
# start_time = Jul 30 2014 19:48:05 [Instrument's time stamp, header]
# bad_flag = -9.990e-29
*END*
[from data line 961]
 211.830619      0.093   2.798461    13.0863     5.9516      0.092     1.9195     0.8590 -9.990e-29
 211.830625      0.093   2.646994    13.0953     5.9392      0.092     1.8094     0.7725 -9.990e-29
 211.830631      0.094   2.464524    13.1043     5.9318      0.093     1.6774     0.6690 -9.990e-29
 211.830637      0.092   2.304354    13.1147     5.9290      0.091     1.5621     0.5783 -9.990e-29
 211.830642      0.087   2.174313    13.1289     5.9320      0.086     1.4687     0.5041 -9.990e-29
 211.830648      0.079   2.065207    13.1467     5.9417      0.078     1.3905     0.4411 -9.990e-29
 211.830654      0.071   1.974730    13.1636     5.9504      0.070     1.3258     0.3887 -9.990e-29
 211.830660      0.067   1.910142    13.1792     5.9540      0.066     1.2797     0.3508 -9.990e-29
 211.830666      0.067   1.883114    13.1968     5.9525      0.066     1.2601     0.3333 -9.990e-29
 211.830671      0.071   1.938830    13.2133     5.9534      0.070     1.2988     0.3611 -9.990e-29
 211.830677      0.079   2.123200    13.2247     5.9425      0.078     1.4288     0.4604 -9.990e-29
 211.830683      0.088   2.356021    13.2320     5.9363      0.087     1.5943     0.5877 -9.990e-29
 211.830689      0.089   2.508729    13.2355     5.9305      0.088     1.7034     0.6717 -9.990e-29
 211.830694      0.083   2.591856    13.2345     5.9322      0.082     1.7632     0.7182 -9.990e-29
 211.830700      0.077   2.684518    13.2313     5.9342      0.076     1.8300     0.7704 -9.990e-29
 211.830706      0.076   2.762792    13.2296     5.9221      0.075     1.8866     0.8144 -9.990e-29
 211.830712      0.079   2.724577    13.2323     5.9198      0.078     1.8589     0.7926 -9.990e-29
 211.830718      0.083   2.570113    13.2406     5.9194      0.082     1.7473     0.7050 -9.990e-29
 211.830723      0.083   2.398400    13.2543     5.9171      0.082     1.6236     0.6074 -9.990e-29
 211.830729      0.083   2.278742    13.2709     5.9267      0.082     1.5376     0.5385 -9.990e-29
 211.830735      0.089   2.265807    13.2886     5.8919      0.088     1.5277     0.5285 -9.990e-29
 211.830741      0.100   2.367938    13.3073     5.8957      0.099     1.5997     0.5818 -9.990e-29
 211.830747      0.112   2.493181    13.3254     5.8678      0.111     1.6883     0.6480 -9.990e-29
 211.830752      0.119   2.554236    13.3435     5.8910      0.118     1.7312     0.6788 -9.990e-29
 211.830758      0.116   2.550151    13.3619     5.9079      0.115     1.7275     0.6734 -9.990e-29
 211.830764      0.106   2.581204    13.3786     5.8904      0.105     1.7490     0.6878 -9.990e-29
 211.830770      0.099   2.724962    13.3918     5.8924      0.098     1.8515     0.7653 -9.990e-29
 211.830775      0.098   2.887621    13.4001     5.8881      0.097     1.9682     0.8545 -9.990e-29
 211.830781      0.099   2.945477    13.4026     5.8987      0.098     2.0098     0.8864 -9.990e-29
 211.830787      0.097   2.941162    13.3997     5.8964      0.096     2.0069     0.8845 -9.990e-29
 211.830793      0.092   3.115460    13.3944     5.8934      0.091     2.1334     0.9830 -9.990e-29
 211.830799      0.084   3.521506    13.3910     5.8981      0.083     2.4295     1.2125 -9.990e-29
 211.830804      0.077   3.939812    13.3927     5.9045      0.076     2.7371     1.4500 -9.990e-29
 211.830810      0.075   4.140382    13.4016     5.9137      0.074     2.8848     1.5629 -9.990e-29
 211.830816      0.072   3.978037    13.4149     5.9149      0.071     2.7637     1.4675 -9.990e-29
 211.830822      0.066   3.751332    13.4264     5.9186      0.065     2.5959     1.3362 -9.990e-29
 211.830828      0.059   3.763202    13.4350     5.9094      0.059     2.6040     1.3413 -9.990e-29
 211.830833      0.055   3.837418    13.4400     5.9064      0.055     2.6583     1.3825 -9.990e-29
 211.830839      0.055   3.797926    13.4405     5.9088      0.055     2.6292     1.3600 -9.990e-29
 211.830845      0.058   3.671678    13.4427     5.9182      0.058     2.5363     1.2879 -9.990e-29
 211.830851      0.064   3.533065    13.4485     5.9348      0.063     2.4344     1.2084 -9.990e-29
 211.830856      0.074   3.394331    13.4527     5.9373      0.073     2.3328     1.1293 -9.990e-29
 211.830862      0.084   3.216894    13.4549     5.9362      0.083     2.2036     1.0291 -9.990e-29
 211.830868      0.090   3.011304    13.4556     5.9328      0.089     2.0546     0.9138 -9.990e-29
 211.830874      0.094   2.836828    13.4495     5.9284      0.093     1.9291     0.8175 -9.990e-29
 211.830880      0.094   2.719622    13.4357     5.9283      0.093     1.8456     0.7547 -9.990e-29
 211.830885      0.096   2.670914    13.4200     5.9287      0.095     1.8114     0.7304 -9.990e-29
 211.830891      0.099   2.695320    13.4095     5.9172      0.098     1.8294     0.7458 -9.990e-29
 211.830897      0.100   2.728549    13.4093     5.9058      0.099     1.8532     0.7643 -9.990e-29
 211.830903      0.103   2.680784    13.4216     5.9030      0.102     1.8184     0.7356 -9.990e-29
 211.830909      0.107   2.540646    13.4441     5.9095      0.106     1.7170     0.6541 -9.990e-29
 211.830914      0.105   2.368915    13.4711     5.9139      0.104     1.5936     0.5549 -9.990e-29
 211.830920      0.096   2.213725    13.4967     5.9088      0.095     1.4827     0.4655 -9.990e-29
 211.830926      0.089   2.085154    13.5172     5.9003      0.088     1.3913     0.3920 -9.990e-29
 211.830932      0.083   1.982579    13.5317     5.8970      0.082     1.3188     0.3338 -9.990e-29
 211.830938      0.074   1.909432    13.5409     5.9007      0.073     1.2673     0.2927 -9.990e-29
 211.830943      0.064   1.883897    13.5452     5.9056      0.063     1.2494     0.2782 -9.990e-29
 211.830949      0.059   1.967054    13.5445     5.9105      0.059     1.3075     0.3233 -9.990e-29
 211.830955      0.056   2.190775    13.5399     5.9153      0.056     1.4648     0.4458 -9.990e-29
 211.830961      0.057   2.442748    13.5360     5.9103      0.057     1.6433     0.5845 -9.990e-29
 211.830966      0.062   2.570964    13.5375     5.9200      0.061     1.7345     0.6549 -9.990e-29
 211.830972      0.070   2.559408    13.5440     5.9132      0.069     1.7260     0.6474 -9.990e-29
 211.830978      0.077   2.532897    13.5535     5.9034      0.076     1.7067     0.6311 -9.990e-29
 211.830984      0.081   2.595757    13.5655     5.9006      0.080     1.7509     0.6637 -9.990e-29
 211.830990      0.085   2.696574    13.5770     5.9002      0.084     1.8224     0.7174 -9.990e-29
 211.830995      0.091   2.710443    13.5826     5.9078      0.090     1.8320     0.7241 -9.990e-29
 211.831001      0.092   2.602430    13.5803     5.9152      0.091     1.7550     0.6649 -9.990e-29
 211.831007      0.096   2.439982    13.5728     5.9217      0.095     1.6398     0.5767 -9.990e-29
 211.831013      0.104   2.289741    13.5639     5.9261      0.103     1.5338     0.4959 -9.990e-29
 211.831019      0.120   2.178962    13.5556     5.9262      0.119     1.4559     0.4368 -9.990e-29
 211.831024      0.138   2.127411    13.5491     5.9267      0.137     1.4199     0.4097 -9.990e-29
 211.831030      0.152   2.190423    13.5441     5.9272      0.151     1.4644     0.4449 -9.990e-29
 211.831036      0.158   2.403044    13.5395     5.9204      0.157     1.6150     0.5621 -9.990e-29
 211.831042      0.156   2.662610    13.5324     5.8989      0.155     1.8002     0.7064 -9.990e-29
 211.831047      0.151   2.804375    13.5187     5.8930      0.150     1.9024     0.7873 -9.990e-29
 211.831053      0.147   2.778061    13.5004     5.8930      0.146     1.8844     0.7759 -9.990e-29
 211.831059      0.140   2.657104    13.4848     5.8996      0.139     1.7984     0.7116 -9.990e-29
 211.831065      0.128   2.516743    13.4797     5.9058      0.127     1.6984     0.6349 -9.990e-29
 211.831071      0.119   2.384627    13.4866     5.9110      0.118     1.6041     0.5609 -9.990e-29
 211.831076      0.117   2.269338    13.4998     5.9140      0.116     1.5219     0.4954 -9.990e-29
 211.831082      0.123   2.176848    13.5175     5.9067      0.122     1.4559     0.4419 -9.990e-29
 211.831088      0.132   2.121263    13.5394     5.9040      0.131     1.4159     0.4080 -9.990e-29
 211.831094      0.136   2.142525    13.5569     5.9023      0.135     1.4302     0.4167 -9.990e-29
 211.831100      0.136   2.313490    13.5622     5.9080      0.135     1.5506     0.5092 -9.990e-29
 211.831105      0.135   2.600585    13.5574     5.9127      0.134     1.7547     0.6678 -9.990e-29
 211.831111      0.134   2.825143    13.5490     5.9158      0.133     1.9158     0.7935 -9.990e-29
 211.831117      0.137   2.885905    13.5418     5.9139      0.136     1.9598     0.8285 -9.990e-29
 211.831123      0.144   2.813794    13.5364     5.8992      0.143     1.9083     0.7894 -9.990e-29
 211.831128      0.148   2.682960    13.5322     5.8941      0.147     1.8147     0.7177 -9.990e-29
 211.831134      0.147   2.573279    13.5311     5.8875      0.146     1.7365     0.6573 -9.990e-29
 211.831140      0.147   2.557204    13.5338     5.8879      0.146     1.7249     0.6479 -9.990e-29
 211.831146      0.147   2.628880    13.5358     5.8909      0.146     1.7759     0.6871 -9.990e-29
 211.831152      0.147   2.690217    13.5341     5.8936      0.146     1.8198     0.7214 -9.990e-29
 211.831157      0.144   2.678866    13.5331     5.8960      0.143     1.8118     0.7153 -9.990e-29
 211.831163      0.137   2.599725    13.5380     5.8970      0.136     1.7550     0.6707 -9.990e-29
 211.831169      0.134   2.498634    13.5492     5.8915      0.133     1.6825     0.6130 -9.990e-29
 211.831175      0.139   2.446137    13.5631     5.8872      0.138     1.6446     0.5818 -9.990e-29
 211.831181      0.148   2.518583    13.5770     5.8848      0.147     1.6955     0.6192 -9.990e-29
 211.831186      0.154   2.703493    13.5923     5.8827      0.153     1.8266     0.7186 -9.990e-29
 211.831192      0.156   2.879018    13.6101     5.8755      0.155     1.9514     0.8126 -9.990e-29
 211.831198      0.159   2.958639    13.6300     5.8725      0.158     2.0075     0.8533 -9.990e-29
 211.831204      0.159   2.918280    13.6520     5.8718      0.158     1.9774     0.8269 -9.990e-29
 211.831209      0.155   2.780932    13.6743     5.8734      0.154     1.8780     0.7469 -9.990e-29
 211.831215      0.153   2.606112    13.6972     5.8749      0.152     1.7524     0.6466 -9.990e-29
 211.831221      0.152   2.450661    13.7210     5.8794      0.151     1.6411     0.5572 -9.990e-29
 211.831227      0.151   2.360499    13.7419     5.8873      0.150     1.5766     0.5044 -9.990e-29
 211.831233      0.151   2.347285    13.7582     5.8938      0.150     1.5666     0.4944 -9.990e-29
 211.831238      0.152   2.377819    13.7695     5.8973      0.151     1.5877     0.5091 -9.990e-29
 211.831244      0.154   2.422700    13.7735     5.8905      0.153     1.6192     0.5329 -9.990e-29
 211.831250      0.156   2.503373    13.7687     5.8856      0.155     1.6764     0.5778 -9.990e-29
 211.831256      0.156   2.633913    13.7572     5.8817      0.155     1.7694     0.6514 -9.990e-29
 211.831262      0.152   2.765223    13.7416     5.8836      0.151     1.8636     0.7264 -9.990e-29
 211.831267      0.153   2.851449    13.7234     5.8749      0.152     1.9260     0.7772 -9.990e-29
 211.831273      0.159   2.892356    13.7049     5.8734      0.158     1.9562     0.8031 -9.990e-29
 211.831279      0.162   2.887941    13.6892     5.8717      0.161     1.9538     0.8035 -9.990e-29
 211.831285      0.163   2.817289    13.6799     5.8698      0.162     1.9037     0.7660 -9.990e-29
 211.831291      0.169   2.688594    13.6791     5.8716      0.168     1.8119     0.6951 -9.990e-29
 211.831296      0.181   2.562881    13.6870     5.8711      0.179     1.7221     0.6246 -9.990e-29
 211.831302      0.191   2.517385    13.7026     5.8716      0.189     1.6891     0.5969 -9.990e-29
 211.831308      0.196   2.564897    13.7210     5.8684      0.194     1.7220     0.6198 -9.990e-29
 211.831314      0.196   2.629090    13.7369     5.8678      0.194     1.7669     0.6523 -9.990e-29
 211.831319      0.191   2.655876    13.7522     5.8685      0.189     1.7852     0.6643 -9.990e-29
 211.831325      0.185   2.686531    13.7714     5.8684      0.183     1.8061     0.6778 -9.990e-29
 211.831331      0.182   2.744115    13.7937     5.8654      0.180     1.8460     0.7055 -9.990e-29
 211.831337      0.177   2.765592    13.8169     5.8729      0.176     1.8602     0.7132 -9.990e-29
 211.831343      0.171   2.730190    13.8399     5.8761      0.170     1.8340     0.6896 -9.990e-29
 211.831348      0.166   2.656746    13.8599     5.8727      0.165     1.7809     0.6458 -9.990e-29
 211.831354      0.163   2.554619    13.8714     5.8680      0.162     1.7081     0.5879 -9.990e-29
 211.831360      0.161   2.462690    13.8726     5.8585      0.160     1.6432     0.5376 -9.990e-29
 211.831366      0.161   2.431449    13.8675     5.8602      0.160     1.6214     0.5215 -9.990e-29
 211.831372      0.162   2.468207    13.8583     5.8651      0.161     1.6477     0.5431 -9.990e-29
 211.831377      0.161   2.525708    13.8453     5.8686      0.160     1.6888     0.5767 -9.990e-29
 211.831383      0.156   2.585469    13.8305     5.8697      0.155     1.7318     0.6120 -9.990e-29
 211.831389      0.152   2.675975    13.8185     5.8691      0.151     1.7965     0.6637 -9.990e-29
 211.831395      0.149   2.793800    13.8163     5.8715      0.148     1.8803     0.7288 -9.990e-29
 211.831400      0.147   2.890133    13.8271     5.8712      0.146     1.9485     0.7799 -9.990e-29
 211.831406      0.141   2.935363    13.8437     5.8694      0.140     1.9799     0.8019 -9.990e-29
 211.831412      0.130   2.931358    13.8573     5.8625      0.129     1.9764     0.7972 -9.990e-29
 211.831418      0.124   2.869441    13.8644     5.8619      0.123     1.9318     0.7618 -9.990e-29
 211.831424      0.124   2.747753    13.8631     5.8667      0.123     1.8453     0.6952 -9.990e-29
 211.831429      0.129   2.606065    13.8551     5.8702      0.128     1.7452     0.6189 -9.990e-29
 211.831435      0.132   2.508109    13.8447     5.8746      0.131     1.6764     0.5672 -9.990e-29
 211.831441      0.135   2.500237    13.8346     5.8790      0.134     1.6713     0.5647 -9.990e-29
 211.831447      0.137   2.560266    13.8254     5.8820      0.136     1.7141     0.5991 -9.990e-29
 211.831453      0.140   2.617991    13.8167     5.8836      0.139     1.7554     0.6322 -9.990e-29
 211.831458      0.138   2.656334    13.8073     5.8778      0.137     1.7830     0.6549 -9.990e-29
 211.831464      0.131   2.718069    13.7993     5.8627      0.130     1.8272     0.6902 -9.990e-29
 211.831470      0.129   2.835982    13.7970     5.8548      0.128     1.9113     0.7555 -9.990e-29
 211.831476      0.129   2.963043    13.8001     5.8661      0.128     2.0019     0.8251 -9.990e-29
 211.831481      0.125   2.989833    13.8051     5.8623      0.124     2.0208     0.8390 -9.990e-29
 211.831487      0.116   2.891965    13.8099     5.8566      0.115     1.9506     0.7840 -9.990e-29
 211.831493      0.109   2.735971    13.8143     5.8533      0.108     1.8393     0.6974 -9.990e-29
 211.831499      0.110   2.569866    13.8187     5.8556      0.109     1.7212     0.6055 -9.990e-29
 211.831505      0.112   2.422044    13.8249     5.8668      0.111     1.6166     0.5237 -9.990e-29
 211.831510      0.108   2.328007    13.8344     5.8749      0.107     1.5500     0.4709 -9.990e-29
 211.831516      0.098   2.333199    13.8440     5.8818      0.097     1.5533     0.4721 -9.990e-29
 211.831522      0.090   2.481822    13.8501     5.8879      0.089     1.6577     0.5519 -9.990e-29
 211.831528      0.087   2.728312    13.8534     5.8828      0.086     1.8320     0.6862 -9.990e-29
 211.831534      0.094   2.914392    13.8535     5.8782      0.093     1.9644     0.7886 -9.990e-29
