data/oxygen options/ONMS/Olympic_Coast_National_Marine_Sanctuary_CTD_Data_2005_2023/raw_data/2014/CAST_CE042_140701faedb.cnv
* Sea-Bird SBE19 Data File:
* FileName = C:\2014 Mooring Data\Casts\CAST_CE042_140701.hex
* Software Version 1.59
* Temperature SN = 2997
* Conductivity SN = 2997
* System UpLoad Time = Jul 01 2014 17:19:06
** CAST_CE042_140701
* ds
# nquan = 9
# nvalues = 41                          
# units = specified
# name 0 = timeJ: Julian Days
# name 1 = prSM: Pressure, Strain Gauge [db]
# name 2 = c0mS/cm: Conductivity [mS/cm]
# name 3 = t090C: Temperature [ITS-90, deg C]
# name 4 = sbeox0ML/L: Oxygen, SBE 43 [ml/l]
# name 5 = depSM: Depth [salt water, m], lat = 47.5
# name 6 = sal00: Salinity, Practical [PSU]
# name 7 = sigma-é00: Density [sigma-theta, kg/m^3]
# name 8 = flag: flag
# span 0 = 182.666073, 182.666840       
# span 1 =      2.000,     42.000       
# span 2 =  34.439384,  38.025046       
# span 3 =     7.4958,    15.5994       
# span 4 =     1.6851,     6.5004       
# span 5 =      1.983,     41.645       
# span 6 =    27.5419,    33.5688       
# span 7 =    20.1056,    26.2227       
# span 8 = 0.0000e+00, 0.0000e+00       
# interval = decibars: 1                
# start_time = Jul 01 2014 15:50:08 [Instrument's time stamp, header]
# bad_flag = -9.990e-29
*END*
 182.666073      2.000  35.084723    15.5994     6.2374      1.983    27.5419    20.1056 0.0000e+00
 182.666096      3.000  35.035075    15.4924     6.1993      2.975    27.5729    20.1520 0.0000e+00
 182.666115      4.000  35.072860    15.4644     6.2900      3.966    27.6252    20.1981 0.0000e+00
 182.666134      5.000  35.138822    15.4137     6.3881      4.958    27.7181    20.2802 0.0000e+00
 182.666154      6.000  35.385261    15.2123     6.3272      5.950    28.0769    20.5980 0.0000e+00
 182.666174      7.000  35.568219    15.0639     6.0482      6.942    28.3445    20.8346 0.0000e+00
 182.666195      8.000  35.677413    14.9503     5.6037      7.933    28.5233    20.9957 0.0000e+00
 182.666215      9.000  35.996055    14.7896     5.5779      8.925    28.9248    21.3378 0.0000e+00
 182.666237     10.000  36.751261    14.5629     5.7568      9.917    29.7715    22.0363 0.0000e+00
 182.666259     11.000  37.070013    14.5084     5.9453     10.908    30.1005    22.3009 0.0000e+00
 182.666280     12.000  37.463856    14.3353     6.0964     11.899    30.5922    22.7155 0.0000e+00
 182.666299     13.000  37.850842    14.1734     6.5004     12.891    31.0736    23.1198 0.0000e+00
 182.666319     14.000  37.959516    13.9423     6.3781     13.883    31.3598    23.3878 0.0000e+00
 182.666340     15.000  38.025046    13.8559     5.0824     14.874    31.4903    23.5062 0.0000e+00
 182.666359     16.000  37.990981    13.3871     4.1070     15.866    31.8469    23.8754 0.0000e+00
 182.666377     17.000  37.517143    12.5641     3.6806     16.857    32.0943    24.2272 0.0000e+00
 182.666395     18.000  36.878227    11.3567     3.1970     17.849    32.5230    24.7833 0.0000e+00
 182.666412     19.000  36.177548    10.4073     2.1249     18.840    32.6719    25.0663 0.0000e+00
 182.666430     20.000  35.563144     9.3908     1.6851     19.832    32.9711    25.4678 0.0000e+00
 182.666447     21.000  34.939615     8.6377     1.8592     20.824    33.0210    25.6249 0.0000e+00
 182.666465     22.000  34.782301     8.4707     1.9931     21.815    33.0113    25.6428 0.0000e+00
 182.666482     23.000  34.745594     8.3776     1.9926     22.807    33.0595    25.6945 0.0000e+00
 182.666499     24.000  34.710648     8.2828     1.9775     23.798    33.1112    25.7493 0.0000e+00
 182.666515     25.000  34.659662     8.1642     2.0005     24.790    33.1686    25.8120 0.0000e+00
 182.666532     26.000  34.604551     8.0290     1.9974     25.782    33.2376    25.8860 0.0000e+00
 182.666551     27.000  34.568677     7.9497     1.9955     26.773    33.2741    25.9262 0.0000e+00
 182.666570     28.000  34.539543     7.8676     2.0232     27.765    33.3208    25.9749 0.0000e+00
 182.666588     29.000  34.496781     7.7720     2.1524     28.756    33.3658    26.0241 0.0000e+00
 182.666605     30.000  34.468815     7.6590     2.2152     29.747    33.4437    26.1015 0.0000e+00
 182.666623     31.000  34.448945     7.5727     2.1860     30.739    33.5049    26.1619 0.0000e+00
 182.666643     32.000  34.442813     7.5602     2.1686     31.731    33.5099    26.1676 0.0000e+00
 182.666661     33.000  34.439384     7.5392     2.1325     32.722    33.5259    26.1832 0.0000e+00
 182.666680     34.000  34.458724     7.5407     2.1468     33.713    33.5450    26.1980 0.0000e+00
 182.666698     35.000  34.445357     7.5152     2.1325     34.705    33.5546    26.2092 0.0000e+00
 182.666717     36.000  34.446259     7.5114     2.1299     35.697    33.5588    26.2130 0.0000e+00
 182.666735     37.000  34.440850     7.5033     2.1284     36.688    33.5604    26.2154 0.0000e+00
 182.666755     38.000  34.450375     7.5090     2.1203     37.679    33.5646    26.2180 0.0000e+00
 182.666776     39.000  34.449416     7.5044     2.1180     38.671    33.5675    26.2209 0.0000e+00
 182.666794     40.000  34.441639     7.4958     2.1132     39.662    33.5670    26.2217 0.0000e+00
 182.666815     41.000  34.446619     7.4990     2.1119     40.654    33.5688    26.2227 0.0000e+00
 182.666840     42.000  34.445268     7.4979     2.1192     41.645    33.5679    26.2222 0.0000e+00
