data/oxygen options/ONMS/Olympic_Coast_National_Marine_Sanctuary_CTD_Data_2005_2023/raw_data/2014/CAST_TH015_140522faed.cnv
* Sea-Bird SBE19 Data File:
* FileName = C:\2014 Mooring Data\Casts\CAST_TH015_140522.hex
* Software Version 1.59
* Temperature SN = 2997
* Conductivity SN = 2997
* System UpLoad Time = May 23 2014 23:35:30
** CAST_TH015_140522
* ds
# nquan = 9                                 
# nvalues = 5668                        
# units = specified
# name 0 = timeJ: Julian Days
# name 1 = prSM: Pressure, Strain Gauge [db]
# name 2 = c0mS/cm: Conductivity [mS/cm]
# name 3 = t090C: Temperature [ITS-90, deg C]
# name 4 = sbeox0ML/L: Oxygen, SBE 43 [ml/l]
# name 5 = depSM: Depth [salt water, m], lat = 47.5
# name 6 = sal00: Salinity, Practical [PSU]
# name 7 = sigma-é00: Density [sigma-theta, kg/m^3]
# name 8 = flag: flag
# span 0 = 142.723160, 142.755955       
# span 1 =     -5.816,     16.314       
# span 2 =   0.017127,  35.339166       
# span 3 =     9.5480,    18.6115       
# span 4 =    -1.6701,    10.8725       
# span 5 =     -5.768,     16.177       
# span 6 =     0.0148,    32.4858       
# span 7 =    -1.5055,    25.0540       
# span 8 = 0.0000e+00, 0.0000e+00       
# interval = seconds: 0.5
# start_time = May 22 2014 17:21:21 [Instrument's time stamp, header]
# bad_flag = -9.990e-29
*END*
[from data line 1761]
 142.733351      0.088   1.760678    13.3456     6.1875      0.087     1.1695     0.2433 -9.990e-29
 142.733356      0.094   1.866729    13.3487     6.1909      0.093     1.2437     0.3004 -9.990e-29
 142.733362      0.101   1.920925    13.3529     6.1755      0.100     1.2815     0.3292 -9.990e-29
 142.733368      0.105   1.911139    13.3560     6.1735      0.104     1.2746     0.3233 -9.990e-29
 142.733374      0.112   1.905383    13.3573     6.1801      0.111     1.2705     0.3200 -9.990e-29
 142.733380      0.121   1.841573    13.3586     6.1843      0.120     1.2257     0.2851 -9.990e-29
 142.733385      0.125   1.741782    13.3608     6.1893      0.124     1.1559     0.2307 -9.990e-29
 142.733391      0.123   1.685596    13.3639     6.1847      0.122     1.1166     0.1999 -9.990e-29
 142.733397      0.125   1.609764    13.3676     6.1849      0.124     1.0638     0.1584 -9.990e-29
 142.733403      0.134   1.462582    13.3706     6.1623      0.133     0.9619     0.0789 -9.990e-29
 142.733409      0.147   1.318708    13.3721     6.1663      0.146     0.8629     0.0020 -9.990e-29
 142.733414      0.157   1.260531    13.3726     6.1710      0.156     0.8231    -0.0290 -9.990e-29
 142.733420      0.158   1.324272    13.3735     6.1765      0.157     0.8667     0.0047 -9.990e-29
 142.733426      0.157   1.513877    13.3762     6.1827      0.156     0.9972     0.1056 -9.990e-29
 142.733432      0.157   1.712441    13.3816     6.1724      0.156     1.1348     0.2116 -9.990e-29
 142.733438      0.153   1.755590    13.3892     6.1789      0.152     1.1647     0.2337 -9.990e-29
 142.733443      0.146   1.660334    13.3978     6.1604      0.145     1.0981     0.1809 -9.990e-29
 142.733449      0.139   1.557823    13.4069     6.1645      0.138     1.0268     0.1244 -9.990e-29
 142.733455      0.133   1.517894    13.4176     6.1633      0.132     0.9989     0.1013 -9.990e-29
 142.733461      0.126   1.578902    13.4299     6.1568      0.125     1.0407     0.1322 -9.990e-29
 142.733466      0.118   1.704496    13.4418     6.1631      0.117     1.1275     0.1978 -9.990e-29
 142.733472      0.113   1.753472    13.4509     6.1684      0.112     1.1613     0.2228 -9.990e-29
 142.733478      0.110   1.681214    13.4567     6.1535      0.109     1.1109     0.1830 -9.990e-29
 142.733484      0.102   1.556822    13.4604     6.1584      0.101     1.0247     0.1156 -9.990e-29
 142.733490      0.086   1.438718    13.4632     6.1623      0.085     0.9432     0.0520 -9.990e-29
 142.733495      0.072   1.379820    13.4662     6.1483      0.071     0.9027     0.0202 -9.990e-29
 142.733501      0.061   1.444254    13.4700     6.1588      0.060     0.9468     0.0539 -9.990e-29
 142.733507      0.054   1.616344    13.4751     6.1707      0.054     1.0654     0.1452 -9.990e-29
 142.733513      0.051   1.780259    13.4830     6.1656      0.051     1.1790     0.2322 -9.990e-29
 142.733519      0.050   1.843111    13.4947     6.1551      0.050     1.2225     0.2643 -9.990e-29
 142.733524      0.052   1.773222    13.5082     6.1513      0.052     1.1734     0.2244 -9.990e-29
 142.733530      0.053   1.641739    13.5200     6.1660      0.053     1.0818     0.1518 -9.990e-29
 142.733536      0.048   1.585356    13.5280     6.1760      0.048     1.0426     0.1203 -9.990e-29
 142.733542      0.042   1.603283    13.5323     6.1657      0.042     1.0549     0.1292 -9.990e-29
 142.733547      0.038   1.588969    13.5343     6.1594      0.038     1.0449     0.1213 -9.990e-29
 142.733553      0.037   1.591055    13.5350     6.1531      0.037     1.0463     0.1223 -9.990e-29
 142.733559      0.037   1.671161    13.5339     6.1558      0.037     1.1018     0.1654 -9.990e-29
 142.733565      0.039   1.693496    13.5308     6.1552      0.039     1.1173     0.1779 -9.990e-29
 142.733571      0.044   1.609566    13.5267     6.1465      0.044     1.0593     0.1335 -9.990e-29
 142.733576      0.051   1.561726    13.5236     6.1491      0.051     1.0264     0.1084 -9.990e-29
 142.733582      0.061   1.592224    13.5229     6.1549      0.060     1.0475     0.1248 -9.990e-29
 142.733588      0.074   1.596278    13.5240     6.1569      0.073     1.0502     0.1268 -9.990e-29
 142.733594      0.092   1.534886    13.5256     6.1569      0.091     1.0078     0.0937 -9.990e-29
 142.733600      0.111   1.477185    13.5271     6.1560      0.110     0.9681     0.0627 -9.990e-29
 142.733605      0.124   1.477380    13.5280     6.1442      0.123     0.9682     0.0626 -9.990e-29
 142.733611      0.127   1.519898    13.5281     6.1377      0.126     0.9974     0.0853 -9.990e-29
 142.733617      0.125   1.572613    13.5281     6.1428      0.124     1.0338     0.1135 -9.990e-29
 142.733623      0.126   1.647260    13.5291     6.1387      0.125     1.0854     0.1533 -9.990e-29
 142.733628      0.131   1.771624    13.5317     6.1426      0.130     1.1716     0.2198 -9.990e-29
 142.733634      0.135   1.878905    13.5367     6.1308      0.134     1.2461     0.2769 -9.990e-29
 142.733640      0.139   1.867306    13.5476     6.1213      0.138     1.2377     0.2689 -9.990e-29
 142.733646      0.143   1.763006    13.5689     6.1214      0.142     1.1645     0.2092 -9.990e-29
 142.733652      0.151   1.644017    13.5991     6.1286      0.150     1.0812     0.1405 -9.990e-29
 142.733657      0.165   1.528233    13.6318     6.1385      0.164     1.0005     0.0736 -9.990e-29
 142.733663      0.175   1.425594    13.6621     6.1417      0.174     0.9294     0.0143 -9.990e-29
 142.733669      0.180   1.363562    13.6858     6.1449      0.178     0.8865    -0.0222 -9.990e-29
 142.733675      0.178   1.349907    13.6996     6.1451      0.177     0.8769    -0.0315 -9.990e-29
 142.733681      0.170   1.394732    13.7042     6.1310      0.169     0.9074    -0.0086 -9.990e-29
 142.733686      0.155   1.485085    13.7035     6.1339      0.154     0.9691     0.0394 -9.990e-29
 142.733692      0.137   1.567693    13.7012     6.1435      0.136     1.0258     0.0837 -9.990e-29
 142.733698      0.123   1.635015    13.6989     6.1414      0.122     1.0722     0.1199 -9.990e-29
 142.733704      0.117   1.684105    13.6966     6.1409      0.116     1.1061     0.1465 -9.990e-29
 142.733709      0.118   1.665502    13.6937     6.1378      0.117     1.0934     0.1370 -9.990e-29
 142.733715      0.121   1.565505    13.6901     6.1402      0.120     1.0246     0.0842 -9.990e-29
 142.733721      0.124   1.436757    13.6876     6.1431      0.123     0.9365     0.0163 -9.990e-29
 142.733727      0.126   1.338524    13.6894     6.1336      0.125     0.8694    -0.0359 -9.990e-29
 142.733733      0.122   1.303025    13.6939     6.1317      0.121     0.8452    -0.0553 -9.990e-29
 142.733738      0.113   1.374514    13.6960     6.1349      0.112     0.8938    -0.0180 -9.990e-29
 142.733744      0.106   1.533400    13.6939     6.1349      0.105     1.0025     0.0666 -9.990e-29
 142.733750      0.106   1.622383    13.6893     6.1376      0.105     1.0638     0.1147 -9.990e-29
 142.733756      0.108   1.558046    13.6838     6.1420      0.107     1.0197     0.0813 -9.990e-29
 142.733762      0.108   1.430585    13.6784     6.1317      0.107     0.9325     0.0144 -9.990e-29
 142.733767      0.111   1.337068    13.6742     6.1192      0.110     0.8688    -0.0344 -9.990e-29
 142.733773      0.116   1.306567    13.6721     6.1214      0.115     0.8481    -0.0501 -9.990e-29
 142.733779      0.119   1.336713    13.6719     6.1238      0.118     0.8686    -0.0342 -9.990e-29
 142.733785      0.125   1.436618    13.6723     6.1271      0.124     0.9367     0.0186 -9.990e-29
 142.733791      0.135   1.574069    13.6719     6.1315      0.134     1.0310     0.0917 -9.990e-29
 142.733796      0.139   1.651444    13.6705     6.1341      0.138     1.0843     0.1332 -9.990e-29
 142.733802      0.140   1.649228    13.6701     6.1356      0.139     1.0828     0.1321 -9.990e-29
 142.733808      0.141   1.621094    13.6743     6.1380      0.140     1.0633     0.1164 -9.990e-29
 142.733814      0.141   1.586711    13.6865     6.1371      0.140     1.0393     0.0961 -9.990e-29
 142.733819      0.146   1.603488    13.7060     6.1338      0.145     1.0503     0.1020 -9.990e-29
 142.733825      0.156   1.724324    13.7282     6.1198      0.155     1.1330     0.1629 -9.990e-29
 142.733831      0.162   1.829975    13.7481     6.1191      0.161     1.2055     0.2163 -9.990e-29
 142.733837      0.161   1.787609    13.7606     6.1241      0.160     1.1757     0.1916 -9.990e-29
 142.733843      0.157   1.637902    13.7634     6.1176      0.156     1.0724     0.1112 -9.990e-29
 142.733848      0.159   1.471598    13.7594     6.1219      0.158     0.9585     0.0235 -9.990e-29
 142.733854      0.166   1.340639    13.7529     6.1154      0.165     0.8694    -0.0447 -9.990e-29
 142.733860      0.170   1.264141    13.7467     6.1212      0.169     0.8177    -0.0839 -9.990e-29
 142.733866      0.168   1.230031    13.7433     6.1286      0.167     0.7947    -0.1013 -9.990e-29
 142.733872      0.159   1.235013    13.7438     6.1259      0.158     0.7981    -0.0988 -9.990e-29
 142.733877      0.147   1.300161    13.7466     6.1267      0.146     0.8421    -0.0650 -9.990e-29
 142.733883      0.140   1.452948    13.7501     6.1284      0.139     0.9460     0.0151 -9.990e-29
 142.733889      0.137   1.636744    13.7548     6.1295      0.136     1.0719     0.1119 -9.990e-29
 142.733895      0.133   1.713572    13.7609     6.1304      0.132     1.1246     0.1519 -9.990e-29
 142.733900      0.130   1.670959    13.7658     6.1306      0.129     1.0951     0.1284 -9.990e-29
 142.733906      0.125   1.625854    13.7680     6.1220      0.124     1.0640     0.1040 -9.990e-29
 142.733912      0.124   1.658573    13.7697     6.1106      0.123     1.0865     0.1212 -9.990e-29
 142.733918      0.127   1.718363    13.7752     6.1137      0.126     1.1275     0.1522 -9.990e-29
 142.733924      0.124   1.690082    13.7851     6.1182      0.123     1.1077     0.1355 -9.990e-29
 142.733929      0.116   1.571555    13.7934     6.1163      0.115     1.0261     0.0711 -9.990e-29
 142.733935      0.111   1.440130    13.7966     6.1225      0.110     0.9361     0.0010 -9.990e-29
 142.733941      0.108   1.340402    13.7974     6.1147      0.107     0.8683    -0.0517 -9.990e-29
 142.733947      0.103   1.275400    13.7978     6.1171      0.102     0.8242    -0.0859 -9.990e-29
 142.733953      0.096   1.232281    13.7976     6.1064      0.095     0.7951    -0.1085 -9.990e-29
 142.733958      0.086   1.210723    13.7969     6.0977      0.085     0.7806    -0.1196 -9.990e-29
 142.733964      0.077   1.226944    13.7965     6.1181      0.076     0.7915    -0.1111 -9.990e-29
 142.733970      0.072   1.319221    13.7973     6.1197      0.071     0.8539    -0.0628 -9.990e-29
 142.733976      0.072   1.482923    13.7999     6.1228      0.071     0.9653     0.0231 -9.990e-29
 142.733981      0.075   1.616583    13.8030     6.1240      0.074     1.0567     0.0935 -9.990e-29
 142.733987      0.079   1.646389    13.8053     6.1227      0.078     1.0771     0.1090 -9.990e-29
 142.733993      0.080   1.600427    13.8057     6.1246      0.079     1.0455     0.0845 -9.990e-29
 142.733999      0.080   1.532887    13.8037     6.1217      0.079     0.9993     0.0489 -9.990e-29
 142.734005      0.082   1.492498    13.8002     6.1213      0.081     0.9718     0.0281 -9.990e-29
 142.734010      0.079   1.559189    13.7971     6.1113      0.078     1.0175     0.0639 -9.990e-29
 142.734016      0.077   1.734165    13.7951     6.1100      0.076     1.1378     0.1574 -9.990e-29
 142.734022      0.080   1.837689    13.7941     6.1066      0.079     1.2094     0.2130 -9.990e-29
 142.734028      0.087   1.752418    13.7940     6.1075      0.086     1.1504     0.1673 -9.990e-29
 142.734034      0.099   1.566745    13.7959     6.1074      0.098     1.0227     0.0681 -9.990e-29
 142.734039      0.113   1.393962    13.8014     6.1046      0.112     0.9046    -0.0241 -9.990e-29
 142.734045      0.122   1.274592    13.8099     6.1056      0.121     0.8234    -0.0882 -9.990e-29
 142.734051      0.124   1.214332    13.8193     6.0992      0.123     0.7826    -0.1212 -9.990e-29
 142.734057      0.126   1.206659    13.8286     6.1003      0.125     0.7772    -0.1266 -9.990e-29
 142.734062      0.127   1.225247    13.8387     6.1032      0.126     0.7895    -0.1185 -9.990e-29
 142.734068      0.127   1.253252    13.8509     6.1050      0.126     0.8082    -0.1057 -9.990e-29
 142.734074      0.126   1.319132    13.8649     6.0903      0.125     0.8524    -0.0734 -9.990e-29
 142.734080      0.128   1.426356    13.8779     6.0836      0.127     0.9248    -0.0191 -9.990e-29
 142.734086      0.134   1.514172    13.8890     6.0784      0.133     0.9844     0.0255 -9.990e-29
 142.734091      0.135   1.550347    13.8983     6.0730      0.134     1.0088     0.0431 -9.990e-29
 142.734097      0.128   1.540368    13.9046     6.0757      0.127     1.0018     0.0368 -9.990e-29
 142.734103      0.115   1.486476    13.9077     6.0784      0.114     0.9650     0.0079 -9.990e-29
 142.734109      0.105   1.409520    13.9104     6.0658      0.104     0.9126    -0.0331 -9.990e-29
 142.734115      0.101   1.325131    13.9158     6.0615      0.100     0.8554    -0.0782 -9.990e-29
 142.734120      0.099   1.237913    13.9270     6.0688      0.098     0.7963    -0.1255 -9.990e-29
 142.734126      0.094   1.178112    13.9447     6.0742      0.093     0.7558    -0.1594 -9.990e-29
 142.734132      0.091   1.198650    13.9644     6.0779      0.090     0.7692    -0.1518 -9.990e-29
 142.734138      0.094   1.295826    13.9802     6.0781      0.093     0.8342    -0.1036 -9.990e-29
 142.734144      0.102   1.404940    13.9890     6.0806      0.101     0.9077    -0.0479 -9.990e-29
 142.734149      0.111   1.509398    13.9923     6.0845      0.110     0.9785     0.0064 -9.990e-29
 142.734155      0.115   1.573058    13.9943     6.0856      0.114     1.0218     0.0397 -9.990e-29
 142.734161      0.113   1.553675    13.9986     6.0731      0.112     1.0085     0.0288 -9.990e-29
 142.734167      0.114   1.571402    14.0058     6.0539      0.113     1.0204     0.0370 -9.990e-29
 142.734172      0.121   1.700944    14.0132     6.0562      0.120     1.1087     0.1043 -9.990e-29
 142.734178      0.132   1.794701    14.0190     6.0609      0.131     1.1729     0.1531 -9.990e-29
 142.734184      0.138   1.746741    14.0235     6.0667      0.137     1.1398     0.1269 -9.990e-29
 142.734190      0.135   1.614148    14.0268     6.0732      0.134     1.0490     0.0561 -9.990e-29
 142.734196      0.127   1.483832    14.0287     6.0726      0.126     0.9603    -0.0129 -9.990e-29
 142.734201      0.123   1.385221    14.0303     6.0686      0.122     0.8934    -0.0648 -9.990e-29
 142.734207      0.123   1.302293    14.0348     6.0667      0.122     0.8374    -0.1089 -9.990e-29
 142.734213      0.121   1.249925    14.0426     6.0611      0.120     0.8020    -0.1374 -9.990e-29
 142.734219      0.122   1.303165    14.0507     6.0704      0.121     0.8376    -0.1109 -9.990e-29
 142.734225      0.126   1.480263    14.0568     6.0831      0.125     0.9572    -0.0192 -9.990e-29
 142.734230      0.125   1.628778    14.0609     6.0813      0.124     1.0581     0.0583 -9.990e-29
 142.734236      0.119   1.616434    14.0649     6.0769      0.118     1.0495     0.0511 -9.990e-29
 142.734242      0.115   1.500056    14.0703     6.0579      0.114     0.9703    -0.0110 -9.990e-29
 142.734248      0.119   1.375397    14.0763     6.0576      0.118     0.8858    -0.0773 -9.990e-29
 142.734253      0.126   1.289406    14.0825     6.0484      0.125     0.8277    -0.1231 -9.990e-29
 142.734259      0.127   1.269528    14.0885     6.0616      0.126     0.8142    -0.1344 -9.990e-29
 142.734265      0.120   1.290926    14.0930     6.0793      0.119     0.8285    -0.1240 -9.990e-29
