data/oxygen options/ONMS/Olympic_Coast_National_Marine_Sanctuary_CTD_Data_2005_2023/raw_data/2014/CAST_CE042_140802faedb.cnv
* Sea-Bird SBE19 Data File:
* FileName = C:\2014 Mooring Data\Casts\CAST_CE042_140802.hex
* Software Version 1.59
* Temperature SN = 2997
* Conductivity SN = 2997
* System UpLoad Time = Aug 03 2014 01:01:39
** CAST_CE042_140802
* ds
# nquan = 9
# nvalues = 44                          
# units = specified
# name 0 = timeJ: Julian Days
# name 1 = prSM: Pressure, Strain Gauge [db]
# name 2 = c0mS/cm: Conductivity [mS/cm]
# name 3 = t090C: Temperature [ITS-90, deg C]
# name 4 = sbeox0ML/L: Oxygen, SBE 43 [ml/l]
# name 5 = depSM: Depth [salt water, m], lat = 47.5
# name 6 = sal00: Salinity, Practical [PSU]
# name 7 = sigma-é00: Density [sigma-theta, kg/m^3]
# name 8 = flag: flag
# span 0 = 214.712676, 214.713600       
# span 1 =      2.000,     45.000       
# span 2 =  34.411298,  37.367675       
# span 3 =     7.5505,    11.6062       
# span 4 =     2.0374,    10.2661       
# span 5 =      1.983,     44.620       
# span 6 =    32.7883,    33.6802       
# span 7 =    24.9446,    26.3030       
# span 8 = 0.0000e+00, 0.0000e+00       
# interval = decibars: 1                
# start_time = Aug 02 2014 16:57:58 [Instrument's time stamp, header]
# bad_flag = -9.990e-29
*END*
 214.712676      2.000  37.367675    11.6062    10.2661      1.983    32.7883    24.9446 0.0000e+00
 214.712709      3.000  37.146666    11.3388    10.0290      2.975    32.8086    25.0090 0.0000e+00
 214.712734      4.000  37.008200    11.0568     9.7782      3.967    32.9234    25.1487 0.0000e+00
 214.712756      5.000  36.950460    10.9758     9.7796      4.958    32.9383    25.1748 0.0000e+00
 214.712779      6.000  36.938357    10.9613     9.4148      5.950    32.9389    25.1778 0.0000e+00
 214.712801      7.000  36.912504    10.9278     9.3136      6.942    32.9429    25.1869 0.0000e+00
 214.712820      8.000  36.871000    10.8814     9.5539      7.933    32.9430    25.1951 0.0000e+00
 214.712841      9.000  36.822840    10.8263     9.7566      8.925    32.9443    25.2058 0.0000e+00
 214.712862     10.000  36.761892    10.7429    10.2494      9.916    32.9582    25.2313 0.0000e+00
 214.712883     11.000  36.699404    10.6472    10.2388     10.908    32.9818    25.2663 0.0000e+00
 214.712901     12.000  36.621528    10.5247     9.4258     11.899    33.0142    25.3128 0.0000e+00
 214.712920     13.000  36.586565    10.4942     6.9393     12.891    33.0064    25.3119 0.0000e+00
 214.712939     14.000  36.423066    10.2731     6.0625     13.883    33.0423    25.3777 0.0000e+00
 214.712957     15.000  36.202220    10.0677     6.2557     14.874    33.0058    25.3840 0.0000e+00
 214.712978     16.000  36.124776     9.9708     6.2498     15.866    33.0153    25.4076 0.0000e+00
 214.712998     17.000  36.032689     9.8122     6.0353     16.857    33.0663    25.4738 0.0000e+00
 214.713018     18.000  35.952424     9.7083     5.1397     17.849    33.0794    25.5011 0.0000e+00
 214.713040     19.000  35.833102     9.5174     4.8591     18.840    33.1326    25.5739 0.0000e+00
 214.713059     20.000  35.638085     9.2506     4.5159     19.832    33.1784    25.6526 0.0000e+00
 214.713079     21.000  35.516434     9.0274     4.1303     20.824    33.2598    25.7516 0.0000e+00
 214.713102     22.000  35.366644     8.8292     4.0205     21.815    33.2887    25.8052 0.0000e+00
 214.713125     23.000  35.340660     8.7529     3.2647     22.807    33.3328    25.8516 0.0000e+00
 214.713142     24.000  35.071007     8.4124     3.2199     23.798    33.3700    25.9327 0.0000e+00
 214.713162     25.000  34.854750     8.2593     2.5541     24.790    33.2857    25.8897 0.0000e+00
 214.713184     26.000  34.579228     7.8787     2.2016     25.781    33.3536    25.9989 0.0000e+00
 214.713204     27.000  34.411298     7.6301     2.3214     26.773    33.4109    26.0798 0.0000e+00
 214.713223     28.000  34.474536     7.6004     2.4542     27.764    33.5073    26.1598 0.0000e+00
 214.713244     29.000  34.507479     7.6223     2.4363     28.756    33.5212    26.1676 0.0000e+00
 214.713267     30.000  34.511534     7.6063     2.3239     29.748    33.5406    26.1851 0.0000e+00
 214.713288     31.000  34.530872     7.5867     2.2549     30.739    33.5799    26.2189 0.0000e+00
 214.713307     32.000  34.549796     7.5818     2.2402     31.730    33.6046    26.2390 0.0000e+00
 214.713329     33.000  34.563424     7.5828     2.2252     32.722    33.6179    26.2493 0.0000e+00
 214.713351     34.000  34.575022     7.5817     2.1665     33.714    33.6309    26.2597 0.0000e+00
 214.713372     35.000  34.575306     7.5713     2.1247     34.705    33.6409    26.2691 0.0000e+00
 214.713393     36.000  34.580483     7.5672     2.1019     35.696    33.6500    26.2768 0.0000e+00
 214.713413     37.000  34.586689     7.5591     2.0980     36.688    33.6641    26.2891 0.0000e+00
 214.713435     38.000  34.590260     7.5573     2.0905     37.679    33.6692    26.2933 0.0000e+00
 214.713457     39.000  34.593842     7.5543     2.0786     38.671    33.6755    26.2987 0.0000e+00
 214.713477     40.000  34.595591     7.5531     2.0774     39.662    33.6780    26.3009 0.0000e+00
 214.713499     41.000  34.596469     7.5533     2.0708     40.654    33.6783    26.3011 0.0000e+00
 214.713522     42.000  34.596863     7.5536     2.0658     41.645    33.6780    26.3008 0.0000e+00
 214.713546     43.000  34.597428     7.5526     2.0574     42.637    33.6790    26.3018 0.0000e+00
 214.713571     44.000  34.597272     7.5521     2.0374     43.628    33.6789    26.3018 0.0000e+00
 214.713600     45.000  34.597413     7.5505     2.0556     44.620    33.6802    26.3030 0.0000e+00
