data/oxygen options/ONMS/Olympic_Coast_National_Marine_Sanctuary_CTD_Data_2005_2023/raw_data/2014/CAST_CA015_140623faed.cnv
* Sea-Bird SBE19 Data File:
* FileName = C:\2014 Mooring Data\Casts\CAST_CA015_140623.hex
* Software Version 1.59
* Temperature SN = 2997
* Conductivity SN = 2997
* System UpLoad Time = Jun 24 2014 00:12:22
** CAST_CA015_140623
* ds
# nquan = 9                                 
# nvalues = 772                         
# units = specified
# name 0 = timeJ: Julian Days
# name 1 = prSM: Pressure, Strain Gauge [db]
# name 2 = c0mS/cm: Conductivity [mS/cm]
# name 3 = t090C: Temperature [ITS-90, deg C]
# name 4 = sbeox0ML/L: Oxygen, SBE 43 [ml/l]
# name 5 = depSM: Depth [salt water, m], lat = 47.5
# name 6 = sal00: Salinity, Practical [PSU]
# name 7 = sigma-é00: Density [sigma-theta, kg/m^3]
# name 8 = flag: flag
# span 0 = 174.794537, 174.798999       
# span 1 =     -5.954,     17.028       
# span 2 =   0.009995,  37.155297       
# span 3 =     9.1684,    15.1922       
# span 4 =    -1.7863,    19.7281       
# span 5 =     -5.904,     16.885       
# span 6 =     0.0114,    32.7898       
# span 7 =    -0.9189,    25.3563       
# span 8 = 0.0000e+00, 0.0000e+00       
# interval = seconds: 0.5
# start_time = Jun 23 2014 19:04:08 [Instrument's time stamp, header]
# bad_flag = -9.990e-29
*END*
[from data line 481]
 174.797321      0.101  36.422243    11.8044     9.1975      0.100    31.6980    24.0617 -9.990e-29
 174.797326      0.100  36.434238    11.8157     9.1689      0.099    31.6999    24.0611 -9.990e-29
 174.797332      0.106  36.449918    11.8258     9.0834      0.105    31.7065    24.0644 -9.990e-29
 174.797338      0.115  36.464256    11.8329     8.9880      0.114    31.7143    24.0691 -9.990e-29
 174.797344      0.117  36.469893    11.8344     8.9026      0.116    31.7185    24.0721 -9.990e-29
 174.797350      0.109  36.468095    11.8292     8.8631      0.108    31.7212    24.0751 -9.990e-29
 174.797355      0.095  36.463107    11.8203     8.8550      0.094    31.7239    24.0789 -9.990e-29
 174.797361      0.087  36.455455    11.8068     8.8618      0.086    31.7281    24.0846 -9.990e-29
 174.797367      0.092  36.442695    11.7893     8.8784      0.091    31.7306    24.0898 -9.990e-29
 174.797373      0.103  36.427372    11.7773     8.9010      0.102    31.7261    24.0884 -9.990e-29
 174.797378      0.107  36.419835    11.7763     8.9454      0.106    31.7196    24.0836 -9.990e-29
 174.797384      0.101  36.422855    11.7831     8.9761      0.100    31.7167    24.0801 -9.990e-29
 174.797390      0.092  36.430843    11.7929     8.9870      0.091    31.7161    24.0778 -9.990e-29
 174.797396      0.092  36.440347    11.8022     8.9909      0.091    31.7174    24.0771 -9.990e-29
 174.797402      0.103  36.449378    11.8086     8.9989      0.102    31.7206    24.0785 -9.990e-29
 174.797407      0.115  36.457561    11.8119     9.0443      0.114    31.7257    24.0818 -9.990e-29
 174.797413      0.122  36.463386    11.8137     9.0683      0.121    31.7298    24.0847 -9.990e-29
 174.797419      0.123  36.464447    11.8163     9.0681      0.122    31.7286    24.0833 -9.990e-29
 174.797425      0.128  36.464324    11.8205     9.0140      0.127    31.7249    24.0796 -9.990e-29
 174.797431      0.136  36.465024    11.8228     8.9359      0.135    31.7237    24.0782 -9.990e-29
 174.797436      0.139  36.463474    11.8198     8.8616      0.138    31.7247    24.0796 -9.990e-29
 174.797442      0.133  36.458093    11.8114     8.7989      0.132    31.7267    24.0827 -9.990e-29
 174.797448      0.123  36.451166    11.7987     8.7732      0.122    31.7308    24.0882 -9.990e-29
 174.797454      0.117  36.442920    11.7797     8.7420      0.116    31.7391    24.0981 -9.990e-29
 174.797459      0.117  36.427332    11.7578     8.7366      0.116    31.7427    24.1049 -9.990e-29
 174.797465      0.120  36.408224    11.7456     8.7539      0.119    31.7346    24.1008 -9.990e-29
 174.797471      0.122  36.400436    11.7463     8.8031      0.121    31.7264    24.0943 -9.990e-29
 174.797477      0.127  36.404723    11.7487     8.8729      0.126    31.7285    24.0955 -9.990e-29
 174.797483      0.140  36.407647    11.7468     8.9370      0.139    31.7330    24.0993 -9.990e-29
 174.797488      0.157  36.405175    11.7459     9.0018      0.156    31.7313    24.0982 -9.990e-29
 174.797494      0.171  36.404597    11.7547     9.0272      0.170    31.7233    24.0904 -9.990e-29
 174.797500      0.178  36.410113    11.7743     9.0359      0.177    31.7119    24.0779 -9.990e-29
 174.797506      0.179  36.421145    11.7964     9.0379      0.178    31.7037    24.0676 -9.990e-29
 174.797512      0.178  36.436054    11.8113     9.0370      0.177    31.7054    24.0662 -9.990e-29
 174.797517      0.185  36.447718    11.8126     9.0489      0.183    31.7156    24.0738 -9.990e-29
 174.797523      0.198  36.445808    11.8048     9.0470      0.196    31.7204    24.0790 -9.990e-29
 174.797529      0.206  36.436682    11.8013     9.0101      0.204    31.7145    24.0751 -9.990e-29
 174.797535      0.201  36.435586    11.8061     8.9473      0.199    31.7094    24.0702 -9.990e-29
 174.797541      0.188  36.440976    11.8141     8.8782      0.186    31.7078    24.0675 -9.990e-29
 174.797546      0.173  36.445936    11.8186     8.8725      0.172    31.7088    24.0674 -9.990e-29
 174.797552      0.164  36.448029    11.8102     8.8990      0.163    31.7179    24.0761 -9.990e-29
 174.797558      0.166  36.439311    11.7879     8.9681      0.165    31.7285    24.0884 -9.990e-29
 174.797564      0.173  36.421548    11.7688     9.0417      0.172    31.7276    24.0912 -9.990e-29
 174.797569      0.179  36.411937    11.7714     9.0778      0.178    31.7161    24.0818 -9.990e-29
 174.797575      0.178  36.417216    11.7941     9.1031      0.177    31.7019    24.0666 -9.990e-29
 174.797581      0.175  36.429754    11.8196     9.1151      0.174    31.6923    24.0544 -9.990e-29
 174.797587      0.179  36.443752    11.8377     9.1072      0.178    31.6904    24.0497 -9.990e-29
 174.797593      0.194  36.457044    11.8490     9.1055      0.192    31.6936    24.0501 -9.990e-29
 174.797598      0.216  36.462031    11.8538     9.1143      0.214    31.6943    24.0498 -9.990e-29
 174.797604      0.240  36.459118    11.8545     9.1365      0.238    31.6909    24.0470 -9.990e-29
 174.797610      0.256  36.461176    11.8549     9.1857      0.254    31.6925    24.0482 -9.990e-29
 174.797616      0.263  36.470313    11.8553     9.2181      0.261    31.7010    24.0547 -9.990e-29
 174.797622      0.265  36.477312    11.8547     9.2496      0.263    31.7083    24.0605 -9.990e-29
 174.797627      0.266  36.480208    11.8547     9.2586      0.264    31.7111    24.0626 -9.990e-29
 174.797633      0.267  36.484468    11.8592     9.2604      0.265    31.7114    24.0620 -9.990e-29
 174.797639      0.268  36.492891    11.8701     9.2475      0.266    31.7102    24.0591 -9.990e-29
 174.797645      0.267  36.502602    11.8842     9.2275      0.265    31.7076    24.0545 -9.990e-29
 174.797650      0.267  36.509640    11.8949     9.1891      0.265    31.7053    24.0508 -9.990e-29
 174.797656      0.270  36.513775    11.9000     9.1591      0.268    31.7049    24.0495 -9.990e-29
 174.797662      0.281  36.515398    11.9024     9.1415      0.279    31.7044    24.0487 -9.990e-29
 174.797668      0.298  36.513793    11.9029     9.1298      0.296    31.7025    24.0471 -9.990e-29
 174.797674      0.315  36.507305    11.9010     9.1393      0.312    31.6978    24.0438 -9.990e-29
 174.797679      0.335  36.495624    11.8966     9.1738      0.332    31.6903    24.0388 -9.990e-29
 174.797685      0.359  36.483297    11.8879     9.2326      0.356    31.6858    24.0369 -9.990e-29
 174.797691      0.388  36.474570    11.8756     9.2902      0.385    31.6878    24.0407 -9.990e-29
 174.797697      0.425  36.470636    11.8672     9.3043      0.421    31.6911    24.0449 -9.990e-29
 174.797703      0.471  36.470661    11.8654     9.2600      0.467    31.6927    24.0464 -9.990e-29
 174.797708      0.525  36.472352    11.8668     9.1221      0.521    31.6931    24.0465 -9.990e-29
 174.797714      0.582  36.477886    11.8704     8.9311      0.577    31.6953    24.0475 -9.990e-29
 174.797720      0.646  36.487268    11.8735     8.7366      0.641    31.7017    24.0519 -9.990e-29
 174.797726      0.730  36.493854    11.8686     8.5699      0.724    31.7122    24.0610 -9.990e-29
 174.797731      0.838  36.489519    11.8507     8.4448      0.831    31.7233    24.0728 -9.990e-29
 174.797737      0.968  36.468970    11.8221     8.3342      0.960    31.7277    24.0815 0.0000e+00
 174.797743      1.118  36.437274    11.7919     8.2313      1.109    31.7228    24.0832 0.0000e+00
 174.797749      1.278  36.410442    11.7643     8.1728      1.267    31.7203    24.0863 0.0000e+00
 174.797755      1.446  36.395256    11.7330     8.1457      1.434    31.7322    24.1013 0.0000e+00
 174.797760      1.624  36.383167    11.6994     8.1571      1.610    31.7492    24.1206 0.0000e+00
 174.797766      1.816  36.372564    11.6734     8.1815      1.801    31.7610    24.1345 0.0000e+00
 174.797772      2.015  36.366062    11.6591     8.2164      1.998    31.7669    24.1416 0.0000e+00
 174.797778      2.214  36.362762    11.6522     8.2666      2.196    31.7695    24.1449 0.0000e+00
 174.797784      2.412  36.361548    11.6469     8.3100      2.392    31.7728    24.1484 0.0000e+00
 174.797789      2.613  36.360722    11.6422     8.3319      2.591    31.7759    24.1517 0.0000e+00
 174.797795      2.821  36.359666    11.6388     8.3371      2.797    31.7777    24.1538 0.0000e+00
 174.797801      3.037  36.358575    11.6365     8.3223      3.012    31.7785    24.1548 0.0000e+00
 174.797807      3.258  36.358163    11.6354     8.2961      3.231    31.7790    24.1554 0.0000e+00
 174.797812      3.480  36.358361    11.6356     8.2635      3.451    31.7789    24.1553 0.0000e+00
 174.797818      3.700  36.358796    11.6372     8.2423      3.669    31.7779    24.1542 0.0000e+00
 174.797824      3.920  36.359969    11.6395     8.2451      3.887    31.7770    24.1531 0.0000e+00
 174.797830      4.140  36.361684    11.6412     8.2513      4.105    31.7771    24.1529 0.0000e+00
 174.797836      4.353  36.363344    11.6425     8.2462      4.317    31.7775    24.1530 0.0000e+00
 174.797841      4.556  36.364840    11.6436     8.2125      4.518    31.7779    24.1531 0.0000e+00
 174.797847      4.753  36.365846    11.6443     8.1768      4.713    31.7782    24.1532 0.0000e+00
 174.797853      4.947  36.366503    11.6449     8.1637      4.906    31.7783    24.1531 0.0000e+00
 174.797859      5.148  36.367050    11.6444     8.1629      5.105    31.7791    24.1539 0.0000e+00
 174.797865      5.362  36.367017    11.6412     8.1760      5.317    31.7818    24.1565 0.0000e+00
 174.797870      5.588  36.366282    11.6372     8.1842      5.541    31.7844    24.1593 0.0000e+00
 174.797876      5.813  36.365474    11.6345     8.2066      5.764    31.7858    24.1609 0.0000e+00
 174.797882      6.031  36.365119    11.6328     8.2176      5.981    31.7868    24.1620 0.0000e+00
 174.797888      6.238  36.365224    11.6321     8.2062      6.186    31.7875    24.1626 0.0000e+00
 174.797894      6.439  36.365850    11.6320     8.1877      6.385    31.7881    24.1631 0.0000e+00
 174.797899      6.647  36.366634    11.6319     8.1577      6.591    31.7888    24.1637 0.0000e+00
 174.797905      6.861  36.366862    11.6322     8.1353      6.804    31.7887    24.1636 0.0000e+00
 174.797911      7.079  36.366758    11.6328     8.0792      7.020    31.7880    24.1629 0.0000e+00
 174.797917      7.305  36.366667    11.6323     7.9559      7.244    31.7883    24.1632 0.0000e+00
 174.797922      7.538  36.366390    11.6295     7.7475      7.475    31.7903    24.1653 0.0000e+00
 174.797928      7.765  36.365481    11.6246     7.4730      7.700    31.7935    24.1687 0.0000e+00
 174.797934      7.981  36.363771    11.6165     7.2063      7.914    31.7987    24.1742 0.0000e+00
 174.797940      8.189  36.361148    11.5999     7.0361      8.120    31.8103    24.1862 0.0000e+00
 174.797946      8.401  36.355719    11.5670     6.9773      8.331    31.8332    24.2100 0.0000e+00
 174.797951      8.614  36.344658    11.5106     6.9870      8.542    31.8709    24.2494 0.0000e+00
 174.797957      8.828  36.325483    11.4352     7.0310      8.754    31.9171    24.2988 0.0000e+00
 174.797963      9.041  36.303405    11.3675     7.0617      8.965    31.9539    24.3396 0.0000e+00
 174.797969      9.259  36.289300    11.3281     7.0949      9.182    31.9741    24.3623 0.0000e+00
 174.797975      9.479  36.283907    11.3063     7.1383      9.400    31.9876    24.3767 0.0000e+00
 174.797980      9.698  36.281067    11.2867     7.1633      9.617    32.0018    24.3912 0.0000e+00
 174.797986      9.924  36.278035    11.2694     7.1820      9.841    32.0137    24.4036 0.0000e+00
 174.797992     10.161  36.276301    11.2580     7.1710     10.076    32.0218    24.4119 0.0000e+00
 174.797998     10.396  36.276837    11.2517     7.1259     10.309    32.0277    24.4176 0.0000e+00
 174.798003     10.625  36.278034    11.2490     7.0664     10.536    32.0311    24.4208 0.0000e+00
 174.798009     10.843  36.280286    11.2492     7.0033     10.752    32.0331    24.4223 0.0000e+00
 174.798015     11.053  36.283712    11.2481     6.9401     10.960    32.0373    24.4258 0.0000e+00
 174.798021     11.263  36.283824    11.2369     6.8711     11.169    32.0471    24.4353 0.0000e+00
 174.798027     11.482  36.276204    11.2116     6.7946     11.386    32.0615    24.4511 0.0000e+00
 174.798032     11.712  36.262961    11.1790     6.7081     11.614    32.0768    24.4687 0.0000e+00
 174.798038     11.949  36.249941    11.1499     6.5912     11.849    32.0893    24.4836 0.0000e+00
 174.798044     12.188  36.238819    11.1259     6.4746     12.086    32.0991    24.4955 0.0000e+00
 174.798050     12.422  36.228205    11.0967     6.3154     12.318    32.1141    24.5123 0.0000e+00
 174.798056     12.653  36.215157    11.0578     6.0254     12.547    32.1351    24.5355 0.0000e+00
 174.798061     12.883  36.197427    11.0152     5.5929     12.775    32.1548    24.5583 0.0000e+00
 174.798067     13.111  36.174950    10.9739     5.0764     13.001    32.1687    24.5763 0.0000e+00
 174.798073     13.332  36.150300    10.9285     4.5859     13.220    32.1840    24.5962 0.0000e+00
 174.798079     13.548  36.123158    10.8490     4.2076     13.434    32.2269    24.6435 0.0000e+00
 174.798084     13.765  36.069123    10.7099     3.9939     13.650    32.2958    24.7212 0.0000e+00
 174.798090     13.983  35.980678    10.5252     3.9532     13.866    32.3711    24.8117 0.0000e+00
 174.798096     14.204  35.871754    10.2922     4.0372     14.085    32.4695    24.9279 0.0000e+00
 174.798102     14.428  35.722225     9.9942     4.1690     14.307    32.5861    25.0687 0.0000e+00
 174.798108     14.648  35.534682     9.6992     4.2683     14.525    32.6622    25.1767 0.0000e+00
 174.798113     14.858  35.382202     9.5106     4.3272     14.733    32.6776    25.2193 0.0000e+00
 174.798119     15.052  35.329604     9.4426     4.3390     14.926    32.6855    25.2364 0.0000e+00
 174.798125     15.232  35.351031     9.4357     4.3459     15.104    32.7138    25.2596 0.0000e+00
 174.798131     15.403  35.370682     9.4303     4.3480     15.274    32.7388    25.2801 0.0000e+00
 174.798137     15.577  35.350250     9.4011     4.3392     15.446    32.7445    25.2892 0.0000e+00
 174.798142     15.761  35.305706     9.3527     4.3442     15.629    32.7428    25.2956 0.0000e+00
 174.798148     15.953  35.262943     9.3008     4.3694     15.819    32.7462    25.3065 0.0000e+00
 174.798154     16.148  35.230027     9.2550     4.4135     16.013    32.7541    25.3200 0.0000e+00
 174.798160     16.342  35.206265     9.2160     4.4664     16.205    32.7653    25.3349 0.0000e+00
 174.798166     16.526  35.186342     9.1883     4.5095     16.387    32.7700    25.3430 0.0000e+00
 174.798171     16.686  35.173991     9.1774     4.5304     16.546    32.7672    25.3425 -9.990e-29
 174.798177     16.810  35.174622     9.1799     4.5414     16.669    32.7655    25.3408 -9.990e-29
 174.798183     16.902  35.181228     9.1881     4.5596     16.760    32.7648    25.3389 -9.990e-29
 174.798189     16.972  35.186356     9.1967     4.5599     16.830    32.7621    25.3355 -9.990e-29
 174.798194     17.016  35.188441     9.2039     4.5613     16.873    32.7576    25.3309 -9.990e-29
 174.798200     17.028  35.191396     9.2114     4.5605     16.885    32.7538    25.3267 -9.990e-29
 174.798206     17.010  35.198051     9.2240     4.5375     16.867    32.7491    25.3210 -9.990e-29
 174.798212     16.964  35.207751     9.2432     4.5156     16.822    32.7416    25.3121 -9.990e-29
 174.798218     16.895  35.217173     9.2612     4.4959     16.753    32.7348    25.3039 -9.990e-29
 174.798223     16.805  35.220942     9.2660     4.4749     16.664    32.7343    25.3028 -9.990e-29
 174.798229     16.686  35.222415     9.2513     4.4804     16.546    32.7494    25.3169 -9.990e-29
 174.798235     16.540  35.224128     9.2252     4.4970     16.401    32.7752    25.3412 0.0000e+00
