data/oxygen options/ONMS/Olympic_Coast_National_Marine_Sanctuary_CTD_Data_2005_2023/raw_data/2014/CAST_TH042_141008faed.cnv
* Sea-Bird SBE19 Data File:
* FileName = C:\2014 Mooring Data\Casts\CAST_TH042_141008.hex
* Software Version 1.59
* Temperature SN = 2997
* Conductivity SN = 2997
* System UpLoad Time = Oct 08 2014 20:40:42
** CAST_TH042_141008
* ds
# nquan = 9                                 
# nvalues = 1545                        
# units = specified
# name 0 = timeJ: Julian Days
# name 1 = prSM: Pressure, Strain Gauge [db]
# name 2 = c0mS/cm: Conductivity [mS/cm]
# name 3 = t090C: Temperature [ITS-90, deg C]
# name 4 = sbeox0ML/L: Oxygen, SBE 43 [ml/l]
# name 5 = depSM: Depth [salt water, m], lat = 47.5
# name 6 = sal00: Salinity, Practical [PSU]
# name 7 = sigma-é00: Density [sigma-theta, kg/m^3]
# name 8 = flag: flag
# span 0 = 281.783449, 281.792384       
# span 1 =     -5.356,     44.648       
# span 2 =   0.316098,  39.384444       
# span 3 =     7.8473,    15.5618       
# span 4 =    -1.7916,    19.8399       
# span 5 =     -5.311,     44.271       
# span 6 =     0.1893,    33.3589       
# span 7 =    -0.8079,    26.0071       
# span 8 = 0.0000e+00, 0.0000e+00       
# interval = seconds: 0.5
# start_time = Oct 08 2014 18:48:10 [Instrument's time stamp, header]
# bad_flag = -9.990e-29
*END*
[from data line 481]
 281.786233     -0.365   0.363122    15.2817     7.1088     -0.362     0.2162    -0.7743 -9.990e-29
 281.786238     -0.353   0.363712    15.2783     7.1103     -0.350     0.2166    -0.7735 -9.990e-29
 281.786244     -0.345   0.363817    15.2771     7.1108     -0.342     0.2167    -0.7732 -9.990e-29
 281.786250     -0.339   0.363579    15.2775     7.1125     -0.336     0.2165    -0.7734 -9.990e-29
 281.786256     -0.328   0.363606    15.2781     7.1097     -0.325     0.2166    -0.7735 -9.990e-29
 281.786262     -0.318   0.363935    15.2785     7.1107     -0.315     0.2168    -0.7734 -9.990e-29
 281.786267     -0.311   0.364263    15.2782     7.1112     -0.308     0.2170    -0.7732 -9.990e-29
 281.786273     -0.307   0.364470    15.2766     7.1108     -0.304     0.2171    -0.7729 -9.990e-29
 281.786279     -0.305   0.364648    15.2744     7.1102     -0.302     0.2172    -0.7724 -9.990e-29
 281.786285     -0.307   0.365037    15.2741     7.1090     -0.304     0.2175    -0.7722 -9.990e-29
 281.786291     -0.311   0.365599    15.2763     7.1083     -0.308     0.2178    -0.7723 -9.990e-29
 281.786296     -0.318   0.365973    15.2795     7.1081     -0.315     0.2180    -0.7726 -9.990e-29
 281.786302     -0.324   0.366101    15.2804     7.1077     -0.321     0.2181    -0.7727 -9.990e-29
 281.786308     -0.325   0.366156    15.2776     7.1068     -0.322     0.2181    -0.7722 -9.990e-29
 281.786314     -0.326   0.366210    15.2734     7.1059     -0.323     0.2182    -0.7715 -9.990e-29
 281.786319     -0.331   0.366338    15.2710     7.0978     -0.328     0.2183    -0.7711 -9.990e-29
 281.786325     -0.336   0.366709    15.2722     7.0962     -0.333     0.2185    -0.7711 -9.990e-29
 281.786331     -0.332   0.367264    15.2764     7.0958     -0.329     0.2188    -0.7715 -9.990e-29
 281.786337     -0.321   0.367631    15.2817     7.0976     -0.318     0.2190    -0.7722 -9.990e-29
 281.786343     -0.308   0.367745    15.2861     7.1015     -0.305     0.2190    -0.7728 -9.990e-29
 281.786348     -0.298   0.367758    15.2896     7.1094     -0.296     0.2190    -0.7734 -9.990e-29
 281.786354     -0.290   0.367688    15.2933     7.1108     -0.288     0.2190    -0.7740 -9.990e-29
 281.786360     -0.285   0.367442    15.2977     7.1021     -0.283     0.2188    -0.7748 -9.990e-29
 281.786366     -0.280   0.367248    15.3016     7.1056     -0.278     0.2187    -0.7755 -9.990e-29
 281.786372     -0.277   0.367406    15.3037     7.1027     -0.275     0.2187    -0.7758 -9.990e-29
 281.786377     -0.274   0.367571    15.3046     7.1037     -0.272     0.2188    -0.7758 -9.990e-29
 281.786383     -0.271   0.367406    15.3056     7.1047     -0.269     0.2187    -0.7761 -9.990e-29
 281.786389     -0.270   0.367248    15.3064     7.1005     -0.268     0.2186    -0.7763 -9.990e-29
 281.786395     -0.268   0.367443    15.3069     7.1001     -0.266     0.2187    -0.7763 -9.990e-29
 281.786400     -0.267   0.367694    15.3082     7.0993     -0.265     0.2189    -0.7764 -9.990e-29
 281.786406     -0.267   0.367781    15.3111     7.0983     -0.265     0.2189    -0.7768 -9.990e-29
 281.786412     -0.266   0.367822    15.3153     7.0969     -0.264     0.2189    -0.7774 -9.990e-29
 281.786418     -0.265   0.367872    15.3202     7.0962     -0.263     0.2189    -0.7782 -9.990e-29
 281.786424     -0.265   0.367998    15.3257     7.1038     -0.263     0.2190    -0.7790 -9.990e-29
 281.786429     -0.264   0.368369    15.3313     7.1052     -0.262     0.2192    -0.7797 -9.990e-29
 281.786435     -0.264   0.368925    15.3364     7.0969     -0.262     0.2195    -0.7803 -9.990e-29
 281.786441     -0.263   0.369295    15.3406     7.0933     -0.261     0.2197    -0.7808 -9.990e-29
 281.786447     -0.263   0.369418    15.3447     7.0890     -0.261     0.2198    -0.7814 -9.990e-29
 281.786453     -0.262   0.369459    15.3499     7.0921     -0.260     0.2197    -0.7822 -9.990e-29
 281.786458     -0.262   0.369473    15.3564     7.0969     -0.260     0.2197    -0.7832 -9.990e-29
 281.786464     -0.261   0.369477    15.3629     7.0968     -0.259     0.2197    -0.7842 -9.990e-29
 281.786470     -0.260   0.369478    15.3681     7.0965     -0.258     0.2197    -0.7851 -9.990e-29
 281.786476     -0.259   0.369478    15.3719     7.0961     -0.257     0.2196    -0.7857 -9.990e-29
 281.786481     -0.258   0.369477    15.3749     7.0951     -0.256     0.2196    -0.7861 -9.990e-29
 281.786487     -0.256   0.369477    15.3768     7.0940     -0.254     0.2196    -0.7865 -9.990e-29
 281.786493     -0.253   0.369477    15.3774     7.0929     -0.251     0.2196    -0.7865 -9.990e-29
 281.786499     -0.255   0.369478    15.3758     7.0922     -0.253     0.2196    -0.7863 -9.990e-29
 281.786505     -0.264   0.369481    15.3720     7.0915     -0.262     0.2196    -0.7857 -9.990e-29
 281.786510     -0.273   0.369493    15.3687     7.0910     -0.271     0.2197    -0.7852 -9.990e-29
 281.786516     -0.274   0.369529    15.3680     7.0906     -0.272     0.2197    -0.7850 -9.990e-29
 281.786522     -0.272   0.369639    15.3695     7.0902     -0.270     0.2198    -0.7852 -9.990e-29
 281.786528     -0.270   0.369970    15.3730     7.0894     -0.268     0.2199    -0.7856 -9.990e-29
 281.786534     -0.268   0.370406    15.3784     7.0888     -0.266     0.2202    -0.7863 -9.990e-29
 281.786539     -0.266   0.370419    15.3848     7.0868     -0.264     0.2201    -0.7873 -9.990e-29
 281.786545     -0.265   0.370026    15.3911     7.0842     -0.263     0.2199    -0.7885 -9.990e-29
 281.786551     -0.264   0.369815    15.3964     7.0834     -0.262     0.2197    -0.7894 -9.990e-29
 281.786557     -0.262   0.370062    15.4008     7.0819     -0.260     0.2198    -0.7900 -9.990e-29
 281.786563     -0.261   0.370541    15.4048     7.0872     -0.259     0.2201    -0.7904 -9.990e-29
 281.786568     -0.259   0.370780    15.4085     7.0800     -0.257     0.2202    -0.7909 -9.990e-29
 281.786574     -0.257   0.370542    15.4126     7.0855     -0.255     0.2201    -0.7917 -9.990e-29
 281.786580     -0.255   0.370066    15.4177     7.0769     -0.253     0.2198    -0.7927 -9.990e-29
 281.786586     -0.252   0.369830    15.4252     7.0806     -0.250     0.2196    -0.7940 -9.990e-29
 281.786591     -0.248   0.370076    15.4360     7.0839     -0.246     0.2197    -0.7957 -9.990e-29
 281.786597     -0.244   0.370579    15.4482     7.0740     -0.242     0.2199    -0.7974 -9.990e-29
 281.786603     -0.238   0.370896    15.4592     7.0739     -0.236     0.2201    -0.7990 -9.990e-29
 281.786609     -0.234   0.370894    15.4701     7.0706     -0.232     0.2200    -0.8007 -9.990e-29
 281.786615     -0.238   0.370571    15.4813     7.0649     -0.236     0.2197    -0.8027 -9.990e-29
 281.786620     -0.243   0.370053    15.4902     7.0766     -0.241     0.2194    -0.8044 -9.990e-29
 281.786626     -0.248   0.369764    15.4962     7.0810     -0.246     0.2192    -0.8055 -9.990e-29
 281.786632     -0.252   0.369875    15.5006     7.0834     -0.250     0.2192    -0.8061 -9.990e-29
 281.786638     -0.254   0.369980    15.5041     7.0933     -0.252     0.2193    -0.8066 -9.990e-29
 281.786644     -0.256   0.369661    15.5065     7.0920     -0.254     0.2191    -0.8072 -9.990e-29
 281.786649     -0.258   0.369052    15.5077     7.0914     -0.256     0.2187    -0.8077 -9.990e-29
 281.786655     -0.259   0.368453    15.5072     7.0906     -0.257     0.2183    -0.8079 -9.990e-29
 281.786661     -0.260   0.368178    15.5046     7.0872     -0.258     0.2182    -0.8076 -9.990e-29
 281.786667     -0.261   0.368415    15.4990     7.0876     -0.259     0.2183    -0.8066 -9.990e-29
 281.786672     -0.262   0.368926    15.4898     7.0870     -0.260     0.2187    -0.8048 -9.990e-29
 281.786678     -0.262   0.369281    15.4799     7.0868     -0.260     0.2190    -0.8031 -9.990e-29
 281.786684     -0.263   0.369398    15.4733     7.0871     -0.261     0.2191    -0.8020 -9.990e-29
 281.786690     -0.263   0.369432    15.4698     7.0798     -0.261     0.2191    -0.8014 -9.990e-29
 281.786696     -0.263   0.369431    15.4678     7.0781     -0.261     0.2191    -0.8011 -9.990e-29
 281.786701     -0.264   0.369393    15.4660     7.0789     -0.262     0.2191    -0.8008 -9.990e-29
 281.786707     -0.264   0.369269    15.4634     7.0811     -0.262     0.2190    -0.8004 -9.990e-29
 281.786713     -0.264   0.368894    15.4608     7.0856     -0.262     0.2188    -0.8002 -9.990e-29
 281.786719     -0.264   0.368324    15.4599     7.0940     -0.262     0.2185    -0.8003 -9.990e-29
 281.786725     -0.265   0.367913    15.4605     7.0884     -0.263     0.2182    -0.8006 -9.990e-29
 281.786730     -0.265   0.367670    15.4608     7.0945     -0.263     0.2181    -0.8008 -9.990e-29
 281.786736     -0.265   0.367271    15.4595     7.0948     -0.263     0.2179    -0.8007 -9.990e-29
 281.786742     -0.265   0.366742    15.4570     7.0929     -0.263     0.2175    -0.8006 -9.990e-29
 281.786748     -0.265   0.366489    15.4540     7.0942     -0.263     0.2174    -0.8002 -9.990e-29
 281.786753     -0.266   0.366730    15.4505     7.0899     -0.264     0.2176    -0.7995 -9.990e-29
 281.786759     -0.266   0.367231    15.4469     7.0897     -0.264     0.2179    -0.7987 -9.990e-29
 281.786765     -0.267   0.367551    15.4433     7.0898     -0.265     0.2181    -0.7980 -9.990e-29
 281.786771     -0.268   0.367561    15.4400     7.0914     -0.266     0.2181    -0.7975 -9.990e-29
 281.786777     -0.269   0.367275    15.4374     7.0941     -0.267     0.2180    -0.7972 -9.990e-29
 281.786782     -0.271   0.366868    15.4356     7.0947     -0.269     0.2177    -0.7971 -9.990e-29
 281.786788     -0.268   0.366908    15.4352     7.1020     -0.266     0.2178    -0.7970 -9.990e-29
 281.786794     -0.258   0.367452    15.4360     7.0973     -0.256     0.2181    -0.7969 -9.990e-29
 281.786800     -0.246   0.368113    15.4377     7.1040     -0.244     0.2185    -0.7968 -9.990e-29
 281.786806     -0.243   0.368659    15.4394     7.0967     -0.241     0.2188    -0.7969 -9.990e-29
 281.786811     -0.242   0.368709    15.4395     7.0931     -0.240     0.2188    -0.7969 -9.990e-29
 281.786817     -0.240   0.368329    15.4360     7.0946     -0.238     0.2186    -0.7965 -9.990e-29
 281.786823     -0.236   0.368127    15.4281     7.0935     -0.234     0.2185    -0.7953 -9.990e-29
 281.786829     -0.231   0.368389    15.4188     7.0983     -0.229     0.2187    -0.7937 -9.990e-29
 281.786834     -0.227   0.368908    15.4124     7.0991     -0.225     0.2191    -0.7924 -9.990e-29
 281.786840     -0.230   0.369264    15.4085     7.0925     -0.228     0.2193    -0.7916 -9.990e-29
 281.786846     -0.235   0.369378    15.4041     7.0923     -0.233     0.2194    -0.7909 -9.990e-29
 281.786852     -0.239   0.369404    15.3996     7.1005     -0.237     0.2195    -0.7901 -9.990e-29
 281.786858     -0.240   0.369376    15.3963     7.1046     -0.238     0.2195    -0.7896 -9.990e-29
 281.786863     -0.240   0.369258    15.3944     7.1082     -0.238     0.2194    -0.7894 -9.990e-29
 281.786869     -0.239   0.368891    15.3927     7.1063     -0.237     0.2192    -0.7893 -9.990e-29
 281.786875     -0.235   0.368343    15.3893     7.1022     -0.233     0.2189    -0.7890 -9.990e-29
 281.786881     -0.231   0.367998    15.3839     7.1022     -0.229     0.2187    -0.7883 -9.990e-29
 281.786887     -0.228   0.367952    15.3772     7.1021     -0.226     0.2187    -0.7872 -9.990e-29
 281.786892     -0.231   0.368142    15.3695     7.1100     -0.229     0.2188    -0.7859 -9.990e-29
 281.786898     -0.237   0.368267    15.3625     7.1121     -0.235     0.2190    -0.7847 -9.990e-29
 281.786904     -0.241   0.367940    15.3582     7.1116     -0.239     0.2188    -0.7842 -9.990e-29
 281.786910     -0.244   0.367279    15.3565     7.1173     -0.242     0.2184    -0.7842 -9.990e-29
 281.786916     -0.245   0.366516    15.3564     7.1067     -0.243     0.2179    -0.7846 -9.990e-29
 281.786921     -0.245   0.365746    15.3569     7.1041     -0.243     0.2175    -0.7850 -9.990e-29
 281.786927     -0.244   0.365056    15.3576     7.1099     -0.242     0.2170    -0.7855 -9.990e-29
 281.786933     -0.242   0.364640    15.3581     7.1016     -0.240     0.2168    -0.7857 -9.990e-29
 281.786939     -0.239   0.364500    15.3585     7.1062     -0.237     0.2167    -0.7859 -9.990e-29
 281.786944     -0.233   0.364449    15.3590     7.1067     -0.231     0.2167    -0.7860 -9.990e-29
 281.786950     -0.226   0.364420    15.3599     7.1065     -0.224     0.2166    -0.7861 -9.990e-29
 281.786956     -0.221   0.364373    15.3617     7.1111     -0.219     0.2166    -0.7864 -9.990e-29
 281.786962     -0.221   0.364247    15.3645     7.1132     -0.219     0.2165    -0.7869 -9.990e-29
 281.786968     -0.223   0.363873    15.3680     7.1151     -0.221     0.2163    -0.7877 -9.990e-29
 281.786973     -0.223   0.363308    15.3709     7.1074     -0.221     0.2159    -0.7884 -9.990e-29
 281.786979     -0.220   0.362909    15.3717     7.1042     -0.218     0.2157    -0.7887 -9.990e-29
 281.786985     -0.214   0.362701    15.3680     7.1031     -0.212     0.2155    -0.7882 -9.990e-29
 281.786991     -0.205   0.362406    15.3581     7.1056     -0.203     0.2154    -0.7868 -9.990e-29
 281.786997     -0.196   0.362184    15.3453     7.1190     -0.194     0.2154    -0.7849 -9.990e-29
 281.787002     -0.191   0.362295    15.3338     7.1226     -0.189     0.2155    -0.7830 -9.990e-29
 281.787008     -0.191   0.362332    15.3235     7.1159     -0.189     0.2156    -0.7813 -9.990e-29
 281.787014     -0.194   0.362340    15.3130     7.1118     -0.192     0.2156    -0.7796 -9.990e-29
 281.787020     -0.198   0.362886    15.3047     7.1158     -0.196     0.2160    -0.7781 -9.990e-29
 281.787025     -0.197   0.364140    15.3019     7.1199     -0.195     0.2168    -0.7770 -9.990e-29
 281.787031     -0.192   0.366107    15.3039     7.1323     -0.190     0.2179    -0.7764 -9.990e-29
 281.787037     -0.182   0.368074    15.3060     7.1223     -0.180     0.2191    -0.7758 -9.990e-29
 281.787043     -0.167   0.369326    15.3034     6.4349     -0.166     0.2199    -0.7748 -9.990e-29
 281.787049     -0.150   0.370419    15.2959     5.8852     -0.149     0.2206    -0.7731 -9.990e-29
 281.787054     -0.138   0.372810    15.2865     5.8715     -0.137     0.2221    -0.7705 -9.990e-29
 281.787060     -0.132   0.378573    15.2793     5.8608     -0.131     0.2257    -0.7666 -9.990e-29
 281.787066     -0.121   0.392058    15.2760     5.8661     -0.120     0.2339    -0.7597 -9.990e-29
 281.787072     -0.101   0.424569    15.2751     5.9162     -0.100     0.2538    -0.7442 -9.990e-29
 281.787078     -0.076   0.508891    15.2756     6.0346     -0.075     0.3058    -0.7041 -9.990e-29
 281.787083     -0.051   0.746332    15.2819     6.1733     -0.051     0.4543    -0.5902 -9.990e-29
 281.787089     -0.025   1.444584    15.3071     6.2776     -0.025     0.9041    -0.2468 -9.990e-29
 281.787095      0.007   3.525752    15.3600     6.3107      0.007     2.3136     0.8302 -9.990e-29
 281.787101      0.048   9.636275    15.4216     6.1897      0.048     6.7650     4.2341 -9.990e-29
 281.787106      0.104  20.549299    15.4636     5.9759      0.103    15.3525    10.7961 -9.990e-29
 281.787112      0.180  30.890410    15.4826     5.8037      0.178    23.9963    17.4104 -9.990e-29
 281.787118      0.271  36.211781    15.4891     5.8062      0.269    28.6052    20.9452 -9.990e-29
 281.787124      0.370  38.007085    15.4903     5.9591      0.367    30.1840    22.1579 -9.990e-29
 281.787130      0.462  38.610014    15.4903     6.0847      0.458    30.7171    22.5676 -9.990e-29
 281.787135      0.537  38.812717    15.4908     6.0570      0.533    30.8963    22.7052 -9.990e-29
 281.787141      0.593  38.883255    15.4921     5.8992      0.588    30.9577    22.7522 -9.990e-29
 281.787147      0.636  38.899993    15.4941     5.7092      0.631    30.9710    22.7619 -9.990e-29
