data/oxygen options/ONMS/Olympic_Coast_National_Marine_Sanctuary_CTD_Data_2005_2023/raw_data/2014/CAST_CE015_140701faed.cnv
* Sea-Bird SBE19 Data File:
* FileName = C:\2014 Mooring Data\Casts\CAST_CE015_140701.hex
* Software Version 1.59
* Temperature SN = 2997
* Conductivity SN = 2997
* System UpLoad Time = Jul 01 2014 20:36:13
** CAST_CE015_140701
* ds
# nquan = 9                                 
# nvalues = 12159                       
# units = specified
# name 0 = timeJ: Julian Days
# name 1 = prSM: Pressure, Strain Gauge [db]
# name 2 = c0mS/cm: Conductivity [mS/cm]
# name 3 = t090C: Temperature [ITS-90, deg C]
# name 4 = sbeox0ML/L: Oxygen, SBE 43 [ml/l]
# name 5 = depSM: Depth [salt water, m], lat = 47.5
# name 6 = sal00: Salinity, Practical [PSU]
# name 7 = sigma-é00: Density [sigma-theta, kg/m^3]
# name 8 = flag: flag
# span 0 = 182.748993, 182.819352       
# span 1 =     -5.671,     14.616       
# span 2 =   0.239287,  38.878585       
# span 3 =    11.2165,    20.9152       
# span 4 =    -1.6101,    12.6953       
# span 5 =     -5.624,     14.494       
# span 6 =     0.1344,    32.2414       
# span 7 =    -1.7992,    24.5881       
# span 8 = 0.0000e+00, 0.0000e+00       
# interval = seconds: 0.5
# start_time = Jul 01 2014 17:58:33 [Instrument's time stamp, header]
# bad_flag = -9.990e-29
*END*
[from data line 4481]
 182.774925      0.267   0.560226    17.0311     5.4388      0.265     0.3237    -0.9796 -9.990e-29
 182.774931      0.265   0.558698    17.0312     5.4400      0.263     0.3228    -0.9804 -9.990e-29
 182.774936      0.262   0.557455    17.0327     5.4391      0.260     0.3221    -0.9812 -9.990e-29
 182.774942      0.258   0.556507    17.0319     5.4381      0.256     0.3215    -0.9815 -9.990e-29
 182.774948      0.254   0.555705    17.0262     5.4414      0.252     0.3211    -0.9808 -9.990e-29
 182.774954      0.247   0.555089    17.0148     5.4336      0.245     0.3208    -0.9791 -9.990e-29
 182.774959      0.240   0.554396    16.9995     5.4402      0.238     0.3205    -0.9766 -9.990e-29
 182.774965      0.229   0.553255    16.9810     5.4339      0.227     0.3199    -0.9738 -9.990e-29
 182.774971      0.221   0.551815    16.9574     5.4313      0.219     0.3193    -0.9702 -9.990e-29
 182.774977      0.221   0.550378    16.9314     5.4294      0.219     0.3186    -0.9662 -9.990e-29
 182.774983      0.231   0.549253    16.9099     5.4308      0.229     0.3181    -0.9629 -9.990e-29
 182.774988      0.243   0.548608    16.8966     5.4350      0.241     0.3178    -0.9608 -9.990e-29
 182.774994      0.252   0.548139    16.8901     5.4344      0.250     0.3176    -0.9598 -9.990e-29
 182.775000      0.261   0.547776    16.8883     5.4335      0.259     0.3174    -0.9597 -9.990e-29
 182.775006      0.268   0.547593    16.8887     5.4311      0.266     0.3173    -0.9598 -9.990e-29
 182.775012      0.275   0.546789    16.8910     5.4318      0.273     0.3168    -0.9606 -9.990e-29
 182.775017      0.282   0.544849    16.9007     5.4345      0.280     0.3155    -0.9632 -9.990e-29
 182.775023      0.289   0.542522    16.9205     5.4366      0.287     0.3140    -0.9679 -9.990e-29
 182.775029      0.293   0.540597    16.9466     5.4375      0.291     0.3127    -0.9734 -9.990e-29
 182.775035      0.289   0.539287    16.9710     5.4364      0.287     0.3117    -0.9784 -9.990e-29
 182.775041      0.282   0.538513    16.9862     5.4343      0.280     0.3111    -0.9815 -9.990e-29
 182.775046      0.275   0.537800    16.9913     5.4326      0.273     0.3107    -0.9827 -9.990e-29
 182.775052      0.269   0.536752    16.9887     5.4322      0.267     0.3101    -0.9828 -9.990e-29
 182.775058      0.262   0.535642    16.9811     5.4341      0.260     0.3095    -0.9819 -9.990e-29
 182.775064      0.254   0.534657    16.9696     5.4361      0.252     0.3090    -0.9803 -9.990e-29
 182.775069      0.250   0.533597    16.9548     5.4377      0.248     0.3084    -0.9781 -9.990e-29
 182.775075      0.252   0.532717    16.9418     5.4386      0.250     0.3080    -0.9762 -9.990e-29
 182.775081      0.257   0.532511    16.9369     5.4390      0.255     0.3079    -0.9754 -9.990e-29
 182.775087      0.261   0.532702    16.9418     5.4314      0.259     0.3080    -0.9762 -9.990e-29
 182.775093      0.264   0.532435    16.9525     5.4360      0.262     0.3078    -0.9782 -9.990e-29
 182.775098      0.267   0.531355    16.9616     5.4354      0.265     0.3071    -0.9803 -9.990e-29
 182.775104      0.268   0.529688    16.9625     5.4348      0.266     0.3061    -0.9813 -9.990e-29
 182.775110      0.270   0.527992    16.9539     5.4340      0.268     0.3051    -0.9805 -9.990e-29
 182.775116      0.271   0.526787    16.9408     5.4281      0.269     0.3045    -0.9787 -9.990e-29
 182.775122      0.272   0.526134    16.9290     5.4256      0.270     0.3042    -0.9769 -9.990e-29
 182.775127      0.273   0.525719    16.9213     5.4246      0.271     0.3040    -0.9757 -9.990e-29
 182.775133      0.273   0.524989    16.9187     5.4238      0.271     0.3036    -0.9756 -9.990e-29
 182.775139      0.274   0.524081    16.9220     5.4238      0.272     0.3030    -0.9766 -9.990e-29
 182.775145      0.274   0.523453    16.9323     5.4249      0.272     0.3026    -0.9787 -9.990e-29
 182.775150      0.274   0.522823    16.9489     5.4268      0.272     0.3021    -0.9820 -9.990e-29
 182.775156      0.274   0.521907    16.9693     5.4281      0.272     0.3014    -0.9861 -9.990e-29
 182.775162      0.275   0.520598    16.9910     5.4295      0.273     0.3005    -0.9906 -9.990e-29
 182.775168      0.275   0.518817    17.0122     5.4288      0.273     0.2992    -0.9952 -9.990e-29
 182.775174      0.275   0.516971    17.0302     5.4281      0.273     0.2980    -0.9993 -9.990e-29
 182.775179      0.275   0.515377    17.0423     5.4248      0.273     0.2970    -1.0022 -9.990e-29
 182.775185      0.275   0.514133    17.0482     5.4182      0.273     0.2962    -1.0038 -9.990e-29
 182.775191      0.275   0.513249    17.0475     5.4156      0.273     0.2957    -1.0041 -9.990e-29
 182.775197      0.275   0.512658    17.0401     5.4157      0.273     0.2954    -1.0030 -9.990e-29
 182.775203      0.275   0.512684    17.0289     5.4159      0.273     0.2955    -1.0010 -9.990e-29
 182.775208      0.275   0.513363    17.0187     5.4162      0.273     0.2960    -0.9988 -9.990e-29
 182.775214      0.275   0.513934    17.0138     5.4169      0.273     0.2963    -0.9977 -9.990e-29
 182.775220      0.275   0.513491    17.0175     5.4184      0.273     0.2961    -0.9986 -9.990e-29
 182.775226      0.275   0.511999    17.0320     5.4199      0.273     0.2951    -1.0019 -9.990e-29
 182.775231      0.275   0.510248    17.0593     5.4216      0.273     0.2938    -1.0076 -9.990e-29
 182.775237      0.275   0.508683    17.0923     5.4228      0.273     0.2927    -1.0143 -9.990e-29
 182.775243      0.275   0.507440    17.1159     5.4228      0.273     0.2918    -1.0191 -9.990e-29
 182.775249      0.275   0.506529    17.1254     5.4213      0.273     0.2912    -1.0212 -9.990e-29
 182.775255      0.275   0.505850    17.1267     5.4208      0.273     0.2908    -1.0218 -9.990e-29
 182.775260      0.275   0.505609    17.1237     5.4218      0.273     0.2907    -1.0213 -9.990e-29
 182.775266      0.275   0.505483    17.1167     5.4240      0.273     0.2906    -1.0201 -9.990e-29
 182.775272      0.275   0.504749    17.1061     5.4247      0.273     0.2903    -1.0185 -9.990e-29
 182.775278      0.275   0.503542    17.0935     5.4243      0.273     0.2896    -1.0168 -9.990e-29
 182.775284      0.275   0.502477    17.0818     5.4244      0.273     0.2891    -1.0152 -9.990e-29
 182.775289      0.275   0.501801    17.0742     5.4244      0.273     0.2887    -1.0141 -9.990e-29
 182.775295      0.275   0.501169    17.0733     5.4233      0.273     0.2884    -1.0142 -9.990e-29
 182.775301      0.275   0.500296    17.0767     5.4153      0.273     0.2878    -1.0153 -9.990e-29
 182.775307      0.275   0.499128    17.0775     5.4216      0.273     0.2871    -1.0159 -9.990e-29
 182.775313      0.275   0.497775    17.0716     5.4242      0.273     0.2864    -1.0155 -9.990e-29
 182.775318      0.275   0.496659    17.0623     5.4273      0.273     0.2858    -1.0143 -9.990e-29
 182.775324      0.275   0.495958    17.0559     5.4308      0.273     0.2854    -1.0135 -9.990e-29
 182.775330      0.275   0.495850    17.0540     5.4284      0.273     0.2854    -1.0132 -9.990e-29
 182.775336      0.275   0.496193    17.0543     5.4297      0.273     0.2856    -1.0131 -9.990e-29
 182.775341      0.275   0.496333    17.0567     5.4309      0.273     0.2856    -1.0135 -9.990e-29
 182.775347      0.275   0.495899    17.0609     5.4240      0.273     0.2853    -1.0144 -9.990e-29
 182.775353      0.275   0.494869    17.0629     5.4301      0.273     0.2847    -1.0152 -9.990e-29
 182.775359      0.275   0.493538    17.0598     5.4323      0.273     0.2840    -1.0153 -9.990e-29
 182.775365      0.275   0.492355    17.0520     5.4359      0.273     0.2833    -1.0144 -9.990e-29
 182.775370      0.275   0.491411    17.0409     5.4379      0.273     0.2828    -1.0128 -9.990e-29
 182.775376      0.275   0.490560    17.0286     5.4353      0.273     0.2824    -1.0110 -9.990e-29
 182.775382      0.275   0.489780    17.0170     5.4439      0.273     0.2820    -1.0093 -9.990e-29
 182.775388      0.275   0.489143    17.0062     5.4391      0.273     0.2817    -1.0076 -9.990e-29
 182.775394      0.275   0.488912    16.9972     5.4380      0.273     0.2816    -1.0061 -9.990e-29
 182.775399      0.275   0.488779    16.9905     5.4365      0.273     0.2816    -1.0050 -9.990e-29
 182.775405      0.275   0.488012    16.9847     5.4347      0.273     0.2812    -1.0043 -9.990e-29
 182.775411      0.275   0.486699    16.9774     5.4378      0.273     0.2805    -1.0036 -9.990e-29
 182.775417      0.275   0.485312    16.9686     5.4369      0.273     0.2797    -1.0026 -9.990e-29
 182.775422      0.275   0.484226    16.9605     5.4360      0.273     0.2791    -1.0017 -9.990e-29
 182.775428      0.275   0.483658    16.9527     5.4355      0.273     0.2788    -1.0006 -9.990e-29
 182.775434      0.275   0.483406    16.9443     5.4341      0.273     0.2787    -0.9992 -9.990e-29
 182.775440      0.275   0.483133    16.9368     5.4315      0.273     0.2786    -0.9979 -9.990e-29
 182.775446      0.275   0.483030    16.9317     5.4208      0.273     0.2786    -0.9971 -9.990e-29
 182.775451      0.275   0.483517    16.9295     5.4250      0.273     0.2789    -0.9965 -9.990e-29
 182.775457      0.275   0.484129    16.9304     5.4277      0.273     0.2792    -0.9964 -9.990e-29
 182.775463      0.275   0.484015    16.9343     5.4295      0.273     0.2791    -0.9971 -9.990e-29
 182.775469      0.275   0.483021    16.9407     5.4319      0.273     0.2785    -0.9987 -9.990e-29
 182.775475      0.275   0.481488    16.9487     5.4293      0.273     0.2776    -1.0008 -9.990e-29
 182.775480      0.275   0.479595    16.9586     5.4319      0.273     0.2764    -1.0035 -9.990e-29
 182.775486      0.275   0.477598    16.9728     5.4338      0.273     0.2751    -1.0069 -9.990e-29
 182.775492      0.275   0.476166    16.9919     5.4332      0.273     0.2741    -1.0110 -9.990e-29
 182.775498      0.275   0.475612    17.0108     5.4327      0.273     0.2737    -1.0146 -9.990e-29
 182.775503      0.275   0.475752    17.0220     5.4321      0.273     0.2737    -1.0166 -9.990e-29
 182.775509      0.275   0.476218    17.0241     5.4208      0.273     0.2740    -1.0167 -9.990e-29
 182.775515      0.275   0.476518    17.0211     5.4244      0.273     0.2742    -1.0161 -9.990e-29
 182.775521      0.275   0.476496    17.0150     5.4249      0.273     0.2742    -1.0150 -9.990e-29
 182.775527      0.275   0.476120    17.0047     5.4278      0.273     0.2740    -1.0133 -9.990e-29
 182.775532      0.275   0.475446    16.9914     5.4307      0.273     0.2737    -1.0112 -9.990e-29
 182.775538      0.275   0.474687    16.9817     5.4284      0.273     0.2733    -1.0098 -9.990e-29
 182.775544      0.274   0.473939    16.9802     5.4285      0.272     0.2729    -1.0099 -9.990e-29
 182.775550      0.274   0.473317    16.9857     5.4306      0.272     0.2725    -1.0112 -9.990e-29
 182.775556      0.274   0.472547    16.9983     5.4250      0.272     0.2720    -1.0138 -9.990e-29
 182.775561      0.274   0.471157    17.0168     5.4318      0.272     0.2710    -1.0177 -9.990e-29
 182.775567      0.273   0.469514    17.0333     5.4345      0.271     0.2699    -1.0214 -9.990e-29
 182.775573      0.273   0.468208    17.0407     5.4362      0.271     0.2691    -1.0234 -9.990e-29
 182.775579      0.272   0.467164    17.0383     5.4378      0.270     0.2685    -1.0234 -9.990e-29
 182.775584      0.271   0.466657    17.0305     5.4355      0.269     0.2683    -1.0222 -9.990e-29
 182.775590      0.270   0.467122    17.0220     5.4373      0.268     0.2686    -1.0205 -9.990e-29
 182.775596      0.269   0.468066    17.0127     5.4374      0.267     0.2692    -1.0184 -9.990e-29
 182.775602      0.267   0.468522    17.0005     5.4371      0.265     0.2696    -1.0160 -9.990e-29
 182.775608      0.265   0.467987    16.9873     5.4369      0.263     0.2693    -1.0139 -9.990e-29
 182.775613      0.262   0.466858    16.9765     5.4370      0.260     0.2687    -1.0125 -9.990e-29
 182.775619      0.258   0.465852    16.9691     5.4374      0.256     0.2682    -1.0116 -9.990e-29
 182.775625      0.254   0.465295    16.9647     5.4384      0.252     0.2679    -1.0111 -9.990e-29
 182.775631      0.247   0.464999    16.9603     5.4391      0.245     0.2677    -1.0104 -9.990e-29
 182.775637      0.244   0.464567    16.9531     5.4393      0.242     0.2675    -1.0093 -9.990e-29
 182.775642      0.247   0.463979    16.9455     5.4392      0.245     0.2672    -1.0082 -9.990e-29
 182.775648      0.252   0.463561    16.9417     5.4383      0.250     0.2670    -1.0077 -9.990e-29
 182.775654      0.256   0.463312    16.9413     5.4353      0.254     0.2669    -1.0078 -9.990e-29
 182.775660      0.259   0.462900    16.9413     5.4323      0.257     0.2666    -1.0080 -9.990e-29
 182.775666      0.260   0.462328    16.9397     5.4300      0.258     0.2663    -1.0079 -9.990e-29
 182.775671      0.261   0.461947    16.9359     5.4326      0.259     0.2661    -1.0074 -9.990e-29
 182.775677      0.261   0.461802    16.9306     5.4429      0.259     0.2660    -1.0066 -9.990e-29
 182.775683      0.260   0.461700    16.9264     5.4464      0.258     0.2660    -1.0059 -9.990e-29
 182.775689      0.258   0.461502    16.9256     5.4403      0.256     0.2659    -1.0058 -9.990e-29
 182.775694      0.255   0.460945    16.9297     5.4374      0.253     0.2655    -1.0068 -9.990e-29
 182.775700      0.251   0.459840    16.9409     5.4355      0.249     0.2648    -1.0093 -9.990e-29
 182.775706      0.245   0.458380    16.9590     5.4305      0.243     0.2638    -1.0132 -9.990e-29
 182.775712      0.237   0.456843    16.9771     5.4381      0.235     0.2628    -1.0171 -9.990e-29
 182.775718      0.227   0.455400    16.9847     5.4380      0.225     0.2619    -1.0191 -9.990e-29
 182.775723      0.218   0.454350    16.9767     5.4387      0.216     0.2613    -1.0182 -9.990e-29
 182.775729      0.214   0.453961    16.9599     5.4409      0.212     0.2612    -1.0154 -9.990e-29
 182.775735      0.211   0.454269    16.9438     5.4360      0.209     0.2615    -1.0123 -9.990e-29
 182.775741      0.208   0.455128    16.9315     5.4434      0.206     0.2621    -1.0098 -9.990e-29
 182.775747      0.209   0.456014    16.9222     5.4391      0.207     0.2627    -1.0077 -9.990e-29
 182.775752      0.214   0.456442    16.9153     5.4377      0.212     0.2630    -1.0063 -9.990e-29
 182.775758      0.224   0.456424    16.9142     5.4425      0.222     0.2630    -1.0061 -9.990e-29
 182.775764      0.235   0.455934    16.9208     5.4341      0.233     0.2626    -1.0075 -9.990e-29
 182.775770      0.244   0.454875    16.9309     5.4348      0.242     0.2619    -1.0098 -9.990e-29
 182.775775      0.250   0.453500    16.9385     5.4331      0.248     0.2611    -1.0117 -9.990e-29
 182.775781      0.255   0.452200    16.9432     5.4328      0.253     0.2603    -1.0132 -9.990e-29
 182.775787      0.259   0.451465    16.9469     5.4363      0.257     0.2598    -1.0142 -9.990e-29
 182.775793      0.262   0.451425    16.9473     5.4357      0.260     0.2598    -1.0143 -9.990e-29
 182.775799      0.264   0.451470    16.9446     5.4370      0.262     0.2598    -1.0138 -9.990e-29
 182.775804      0.265   0.451103    16.9440     5.4379      0.263     0.2596    -1.0138 -9.990e-29
 182.775810      0.266   0.450391    16.9480     5.4478      0.264     0.2592    -1.0149 -9.990e-29
 182.775816      0.266   0.449494    16.9544     5.4447      0.264     0.2586    -1.0164 -9.990e-29
 182.775822      0.266   0.448328    16.9592     5.4439      0.264     0.2579    -1.0178 -9.990e-29
 182.775828      0.265   0.447006    16.9591     5.4423      0.263     0.2571    -1.0184 -9.990e-29
 182.775833      0.263   0.445985    16.9554     5.4391      0.261     0.2565    -1.0182 -9.990e-29
 182.775839      0.261   0.445572    16.9525     5.4400      0.259     0.2563    -1.0178 -9.990e-29
