data/oxygen options/ONMS/Olympic_Coast_National_Marine_Sanctuary_CTD_Data_2005_2023/raw_data/2014/CAST_KL050_140722faed.cnv
* Sea-Bird SBE19 Data File:
* FileName = C:\2014 Mooring Data\Casts\CAST_KL050_140722.hex
* Software Version 1.59
* Temperature SN = 2997
* Conductivity SN = 2997
* System UpLoad Time = Jul 22 2014 23:14:02
** CAST_KL050_140722
* ds
# nquan = 9                                 
# nvalues = 1187                        
# units = specified
# name 0 = timeJ: Julian Days
# name 1 = prSM: Pressure, Strain Gauge [db]
# name 2 = c0mS/cm: Conductivity [mS/cm]
# name 3 = t090C: Temperature [ITS-90, deg C]
# name 4 = sbeox0ML/L: Oxygen, SBE 43 [ml/l]
# name 5 = depSM: Depth [salt water, m], lat = 47.5
# name 6 = sal00: Salinity, Practical [PSU]
# name 7 = sigma-é00: Density [sigma-theta, kg/m^3]
# name 8 = flag: flag
# span 0 = 203.959387, 203.966250       
# span 1 =     -6.695,     49.671       
# span 2 =   0.321879,  40.609367       
# span 3 =     7.3303,    18.8470       
# span 4 =    -1.6740,    14.7696       
# span 5 =     -6.639,     49.251       
# span 6 =     0.1775,    33.6632       
# span 7 =    -1.3951,    26.3032       
# span 8 = 0.0000e+00, 0.0000e+00       
# interval = seconds: 0.5
# start_time = Jul 22 2014 23:01:31 [Instrument's time stamp, header]
# bad_flag = -9.990e-29
*END*
[from data line 321]
 203.961244     -0.619  40.572850    15.4589     6.6343     -0.614    32.4882    23.9364 -9.990e-29
 203.961250     -0.615  40.572901    15.4761     6.6036     -0.610    32.4741    23.9218 -9.990e-29
 203.961256     -0.617  40.578720    15.4761     6.6705     -0.612    32.4793    23.9258 -9.990e-29
 203.961262     -0.623  40.593650    15.4658     6.7543     -0.618    32.5011    23.9448 -9.990e-29
 203.961267     -0.631  40.588247    15.4567     6.9939     -0.626    32.5038    23.9489 -9.990e-29
 203.961273     -0.633  40.578397    15.4626     7.3979     -0.628    32.4901    23.9371 -9.990e-29
 203.961279     -0.628  40.590902    15.4877     7.7466     -0.623    32.4806    23.9242 -9.990e-29
 203.961285     -0.624  40.609367    15.5201     7.9380     -0.619    32.4703    23.9092 -9.990e-29
 203.961291     -0.622  40.602879    15.5244     7.9419     -0.617    32.4610    23.9011 -9.990e-29
 203.961296     -0.617  40.565107    15.4688     7.8507     -0.612    32.4731    23.9227 -9.990e-29
 203.961302     -0.609  40.517646    15.3827     7.7803     -0.604    32.5019    23.9636 -9.990e-29
 203.961308     -0.597  40.503985    15.3425     7.7169     -0.592    32.5229    23.9886 -9.990e-29
 203.961314     -0.584  40.511577    15.3757     7.6696     -0.579    32.5022    23.9654 -9.990e-29
 203.961319     -0.575  40.501165    15.4308     7.6421     -0.570    32.4474    23.9112 -9.990e-29
 203.961325     -0.568  40.507218    15.4601     7.6070     -0.563    32.4286    23.8903 -9.990e-29
 203.961331     -0.564  40.527214    15.4617     7.5258     -0.559    32.4451    23.9027 -9.990e-29
 203.961337     -0.561  40.520511    15.4513     7.4316     -0.556    32.4477    23.9070 -9.990e-29
 203.961343     -0.560  40.508566    15.4480     7.3980     -0.555    32.4398    23.9016 -9.990e-29
 203.961348     -0.561  40.503034    15.4644     7.4231     -0.556    32.4213    23.8838 -9.990e-29
 203.961354     -0.564  40.496039    15.4916     7.4124     -0.559    32.3927    23.8558 -9.990e-29
 203.961360     -0.568  40.488424    15.5037     7.3601     -0.563    32.3759    23.8402 -9.990e-29
 203.961366     -0.571  40.478529    15.4812     7.2728     -0.566    32.3856    23.8526 -9.990e-29
 203.961372     -0.567  40.484682    15.4304     7.2013     -0.562    32.4330    23.9002 -9.990e-29
 203.961377     -0.561  40.494942    15.3842     7.1697     -0.556    32.4803    23.9467 -9.990e-29
 203.961383     -0.556  40.476442    15.3699     7.1608     -0.551    32.4756    23.9462 -9.990e-29
 203.961389     -0.553  40.438260    15.3720     7.1070     -0.548    32.4397    23.9181 -9.990e-29
 203.961395     -0.551  40.421073    15.3627     7.1464     -0.546    32.4320    23.9142 -9.990e-29
 203.961400     -0.550  40.445271    15.3559     7.2650     -0.545    32.4592    23.9367 -9.990e-29
 203.961406     -0.551  40.472431    15.3835     7.3843     -0.546    32.4607    23.9318 -9.990e-29
 203.961412     -0.552  40.479869    15.4398     7.4630     -0.547    32.4209    23.8888 -9.990e-29
 203.961418     -0.555  40.474753    15.4825     7.4555     -0.550    32.3812    23.8489 -9.990e-29
 203.961424     -0.559  40.455388    15.4753     7.4298     -0.554    32.3698    23.8418 -9.990e-29
 203.961429     -0.560  40.449942    15.4295     7.5333     -0.555    32.4027    23.8771 -9.990e-29
 203.961435     -0.555  40.469766    15.3959     7.6570     -0.550    32.4481    23.9194 -9.990e-29
 203.961441     -0.546  40.465544    15.4045     7.7198     -0.541    32.4372    23.9091 -9.990e-29
 203.961447     -0.539  40.431134    15.4361     7.6760     -0.535    32.3804    23.8585 -9.990e-29
 203.961453     -0.531  40.415052    15.4561     7.5341     -0.527    32.3496    23.8304 -9.990e-29
 203.961458     -0.524  40.405473    15.4520     7.4154     -0.520    32.3444    23.8273 -9.990e-29
 203.961464     -0.516  40.393070    15.4446     7.3344     -0.512    32.3394    23.8251 -9.990e-29
 203.961470     -0.506  40.387209    15.4600     7.2582     -0.502    32.3215    23.8080 -9.990e-29
 203.961476     -0.499  40.370590    15.4909     7.1808     -0.495    32.2813    23.7703 -9.990e-29
 203.961481     -0.499  40.362667    15.5132     7.0926     -0.495    32.2560    23.7459 -9.990e-29
 203.961487     -0.501  40.378776    15.5199     7.0045     -0.497    32.2649    23.7512 -9.990e-29
 203.961493     -0.500  40.398355    15.5185     6.9644     -0.496    32.2835    23.7658 -9.990e-29
 203.961499     -0.498  40.401339    15.5165     6.9276     -0.494    32.2878    23.7696 -9.990e-29
 203.961505     -0.493  40.390060    15.5104     6.9112     -0.489    32.2827    23.7670 -9.990e-29
 203.961510     -0.486  40.380203    15.4731     6.9134     -0.482    32.3045    23.7920 -9.990e-29
 203.961516     -0.475  40.374927    15.3935     6.9055     -0.471    32.3653    23.8562 -9.990e-29
 203.961522     -0.461  40.370391    15.3168     6.8938     -0.457    32.4245    23.9185 -9.990e-29
 203.961528     -0.446  40.366163    15.2961     6.8860     -0.442    32.4378    23.9332 -9.990e-29
 203.961534     -0.439  40.359959    15.3332     6.8670     -0.435    32.4016    23.8973 -9.990e-29
 203.961539     -0.443  40.344055    15.3815     6.8335     -0.439    32.3475    23.8451 -9.990e-29
 203.961545     -0.454  40.330375    15.3972     6.8178     -0.450    32.3224    23.8224 -9.990e-29
 203.961551     -0.464  40.327090    15.3761     6.8287     -0.460    32.3368    23.8381 -9.990e-29
 203.961557     -0.469  40.321982    15.3468     6.9031     -0.465    32.3564    23.8595 -9.990e-29
 203.961563     -0.471  40.314424    15.3416     7.0042     -0.467    32.3539    23.8588 -9.990e-29
 203.961568     -0.468  40.293214    15.3677     7.0955     -0.464    32.3134    23.8219 -9.990e-29
 203.961574     -0.462  40.265445    15.4070     7.2669     -0.458    32.2563    23.7694 -9.990e-29
 203.961580     -0.451  40.250247    15.4399     7.4738     -0.447    32.2158    23.7310 -9.990e-29
 203.961586     -0.438  40.234107    15.4684     7.6027     -0.434    32.1780    23.6957 -9.990e-29
 203.961591     -0.433  40.206752    15.4985     7.6693     -0.429    32.1291    23.6515 -9.990e-29
 203.961597     -0.434  40.169899    15.5179     7.6930     -0.430    32.0804    23.6098 -9.990e-29
 203.961603     -0.433  40.135626    15.4999     7.8265     -0.429    32.0646    23.6016 -9.990e-29
 203.961609     -0.425  40.112154    15.4367     8.0865     -0.421    32.0952    23.6389 -9.990e-29
 203.961615     -0.415  40.082798    15.3704     8.2733     -0.412    32.1231    23.6749 -9.990e-29
 203.961620     -0.406  40.041548    15.3427     8.3991     -0.403    32.1089    23.6700 -9.990e-29
 203.961626     -0.397  39.999650    15.3609     8.5743     -0.394    32.0566    23.6258 -9.990e-29
 203.961632     -0.393  39.962992    15.4192     8.7083     -0.390    31.9764    23.5514 -9.990e-29
 203.961638     -0.397  39.932108    15.4926     8.9159     -0.394    31.8893    23.4683 -9.990e-29
 203.961644     -0.404  39.905694    15.5413     9.1238     -0.401    31.8264    23.4093 -9.990e-29
 203.961649     -0.408  39.888414    15.5399     9.2543     -0.405    31.8122    23.3987 -9.990e-29
 203.961655     -0.404  39.895435    15.5003     9.2938     -0.401    31.8504    23.4368 -9.990e-29
 203.961661     -0.392  39.926028    15.4653     9.2778     -0.389    31.9060    23.4872 -9.990e-29
 203.961667     -0.374  39.950239    15.4649     9.3577     -0.371    31.9279    23.5041 -9.990e-29
 203.961672     -0.360  39.950372    15.4842     9.3518     -0.357    31.9123    23.4879 -9.990e-29
 203.961678     -0.351  39.937831    15.4839     9.2711     -0.348    31.9014    23.4796 -9.990e-29
 203.961684     -0.344  39.929026    15.4537     9.0914     -0.341    31.9181    23.4990 -9.990e-29
 203.961690     -0.334  39.925707    15.4265     8.8668     -0.331    31.9372    23.5196 -9.990e-29
 203.961696     -0.323  39.918965    15.4255     8.7729     -0.320    31.9320    23.5158 -9.990e-29
 203.961701     -0.316  39.902052    15.4354     8.7686     -0.313    31.9089    23.4959 -9.990e-29
 203.961707     -0.313  39.885543    15.4371     8.8726     -0.310    31.8928    23.4831 -9.990e-29
 203.961713     -0.313  39.883367    15.4318     9.0070     -0.310    31.8951    23.4861 -9.990e-29
 203.961719     -0.316  39.884772    15.4305     9.0885     -0.313    31.8974    23.4882 -9.990e-29
 203.961725     -0.322  39.879286    15.4387     9.1337     -0.319    31.8859    23.4775 -9.990e-29
 203.961730     -0.327  39.875880    15.4467     9.1582     -0.324    31.8764    23.4684 -9.990e-29
 203.961736     -0.324  39.882368    15.4322     9.3494     -0.321    31.8939    23.4851 -9.990e-29
 203.961742     -0.312  39.890567    15.3835     9.7662     -0.309    31.9407    23.5317 -9.990e-29
 203.961748     -0.298  39.884467    15.3188    10.1372     -0.296    31.9879    23.5821 -9.990e-29
 203.961753     -0.287  39.853131    15.2782    10.3120     -0.285    31.9930    23.5948 -9.990e-29
 203.961759     -0.281  39.803060    15.2967    10.3094     -0.279    31.9331    23.5448 -9.990e-29
 203.961765     -0.285  39.758999    15.3754    10.1828     -0.283    31.8299    23.4482 -9.990e-29
 203.961771     -0.295  39.748660    15.4702    10.1811     -0.293    31.7441    23.3616 -9.990e-29
 203.961777     -0.306  39.783532    15.5176    10.2706     -0.303    31.7369    23.3457 -9.990e-29
 203.961782     -0.316  39.844446    15.4818    10.2712     -0.313    31.8200    23.4174 -9.990e-29
 203.961788     -0.317  39.884075    15.3946    10.1605     -0.314    31.9259    23.5179 -9.990e-29
 203.961794     -0.308  39.861510    15.3344    10.0626     -0.305    31.9547    23.5532 -9.990e-29
 203.961800     -0.301  39.795510    15.3372    10.0921     -0.298    31.8935    23.5055 -9.990e-29
 203.961806     -0.306  39.749648    15.3692    10.2127     -0.303    31.8266    23.4470 -9.990e-29
 203.961811     -0.317  39.749794    15.3856    10.2893     -0.314    31.8135    23.4334 -9.990e-29
 203.961817     -0.324  39.770886    15.3635    10.1960     -0.321    31.8502    23.4664 -9.990e-29
 203.961823     -0.317  39.782112    15.3175    10.0860     -0.314    31.8975    23.5128 -9.990e-29
 203.961829     -0.305  39.763642    15.2986    10.0549     -0.302    31.8964    23.5160 -9.990e-29
 203.961834     -0.295  39.741941    15.3279    10.1273     -0.293    31.8532    23.4765 -9.990e-29
 203.961840     -0.287  39.761616    15.3617    10.2365     -0.285    31.8433    23.4615 -9.990e-29
 203.961846     -0.281  39.801174    15.3418    10.2729     -0.279    31.8948    23.5055 -9.990e-29
 203.961852     -0.276  39.797716    15.2659    10.2397     -0.274    31.9534    23.5671 -9.990e-29
 203.961858     -0.272  39.733174    15.1941    10.1833     -0.270    31.9542    23.5831 -9.990e-29
 203.961863     -0.268  39.655121    15.1764    10.1931     -0.266    31.8986    23.5442 -9.990e-29
 203.961869     -0.265  39.618364    15.2096    10.2193     -0.263    31.8387    23.4909 -9.990e-29
 203.961875     -0.262  39.633392    15.2641    10.2515     -0.260    31.8079    23.4555 -9.990e-29
 203.961881     -0.258  39.662416    15.3082    10.2557     -0.256    31.7981    23.4384 -9.990e-29
 203.961887     -0.254  39.680708    15.3273    10.2377     -0.252    31.7990    23.4349 -9.990e-29
 203.961892     -0.249  39.712115    15.3438    10.2429     -0.247    31.8137    23.4426 -9.990e-29
 203.961898     -0.244  39.772700    15.3852    10.2255     -0.242    31.8342    23.4494 -9.990e-29
 203.961904     -0.237  39.855662    15.4306    10.2403     -0.235    31.8714    23.4681 -9.990e-29
 203.961910     -0.229  39.912165    15.4420    10.2680     -0.227    31.9125    23.4972 -9.990e-29
 203.961916     -0.218  39.892915    15.4251    10.2764     -0.216    31.9090    23.4983 -9.990e-29
 203.961921     -0.209  39.839081    15.4106    10.2160     -0.207    31.8728    23.4736 -9.990e-29
 203.961927     -0.204  39.811397    15.4046    10.1581     -0.202    31.8530    23.4596 -9.990e-29
 203.961933     -0.200  39.813377    15.3963    10.1493     -0.198    31.8615    23.4680 -9.990e-29
 203.961939     -0.197  39.818467    15.3891    10.1698     -0.195    31.8718    23.4775 -9.990e-29
 203.961944     -0.197  39.817175    15.3989    10.2150     -0.195    31.8627    23.4684 -9.990e-29
 203.961950     -0.198  39.821821    15.4237    10.2255     -0.196    31.8468    23.4507 -9.990e-29
 203.961956     -0.195  39.839162    15.4290    10.1407     -0.193    31.8579    23.4581 -9.990e-29
 203.961962     -0.187  39.844604    15.3870    10.0935     -0.185    31.8968    23.4972 -9.990e-29
 203.961968     -0.174  39.801622    15.3300    10.1907     -0.173    31.9048    23.5157 -9.990e-29
 203.961973     -0.160  39.737137    15.3249    10.3857     -0.159    31.8513    23.4757 -9.990e-29
 203.961979     -0.151  39.726300    15.3830    10.4879     -0.150    31.7945    23.4194 -9.990e-29
 203.961985     -0.153  39.779350    15.4602    10.3884     -0.152    31.7794    23.3909 -9.990e-29
 203.961991     -0.161  39.855296    15.5374    10.1736     -0.160    31.7847    23.3781 -9.990e-29
 203.961997     -0.166  39.944253    15.6091    10.0182     -0.165    31.8058    23.3786 -9.990e-29
 203.962002     -0.166  40.003709    15.6522     9.9789     -0.165    31.8238    23.3830 -9.990e-29
 203.962008     -0.158  39.999540    15.6561    10.0369     -0.157    31.8170    23.3769 -9.990e-29
 203.962014     -0.149  39.985164    15.6022    10.1142     -0.148    31.8477    23.4123 -9.990e-29
 203.962020     -0.140  39.962763    15.4630    10.1638     -0.139    31.9405    23.5142 -9.990e-29
 203.962025     -0.129  39.858683    15.2919    10.2683     -0.128    31.9867    23.5870 -9.990e-29
 203.962031     -0.117  39.679007    15.2120    10.3744     -0.116    31.8910    23.5307 -9.990e-29
 203.962037     -0.117  39.557507    15.2639    10.4328     -0.116    31.7402    23.4034 -9.990e-29
 203.962043     -0.129  39.570195    15.3692    10.3921     -0.128    31.6665    23.3239 -9.990e-29
 203.962049     -0.150  39.658743    15.4531    10.2874     -0.149    31.6778    23.3143 -9.990e-29
 203.962054     -0.172  39.769443    15.5096    10.1738     -0.171    31.7308    23.3427 -9.990e-29
 203.962060     -0.184  39.865773    15.5467    10.1322     -0.182    31.7865    23.3774 -9.990e-29
 203.962066     -0.187  39.910004    15.5622    10.0991     -0.185    31.8133    23.3946 -9.990e-29
 203.962072     -0.184  39.914522    15.5669    10.0870     -0.182    31.8135    23.3938 -9.990e-29
 203.962078     -0.181  39.923542    15.5604    10.1457     -0.179    31.8267    23.4054 -9.990e-29
 203.962083     -0.181  39.919901    15.5263    10.2754     -0.179    31.8511    23.4316 -9.990e-29
 203.962089     -0.180  39.862256    15.4810    10.4029     -0.178    31.8364    23.4302 -9.990e-29
 203.962095     -0.174  39.787168    15.4638    10.4567     -0.173    31.7835    23.3933 -9.990e-29
 203.962101     -0.162  39.755098    15.4657    10.3539     -0.161    31.7534    23.3697 -9.990e-29
 203.962106     -0.148  39.765949    15.4590    10.1814     -0.147    31.7685    23.3828 -9.990e-29
 203.962112     -0.140  39.783659    15.4670    10.1045     -0.139    31.7778    23.3882 -9.990e-29
 203.962118     -0.140  39.816132    15.5165    10.1551     -0.139    31.7667    23.3688 -9.990e-29
 203.962124     -0.146  39.885890    15.5607    10.2736     -0.145    31.7930    23.3794 -9.990e-29
 203.962130     -0.148  39.929860    15.5394    10.3673     -0.147    31.8493    23.4274 -9.990e-29
 203.962135     -0.143  39.898887    15.4663    10.3717     -0.142    31.8809    23.4677 -9.990e-29
 203.962141     -0.135  39.831987    15.4004    10.2602     -0.134    31.8747    23.4773 -9.990e-29
 203.962147     -0.131  39.780325    15.3872    10.2069     -0.130    31.8393    23.4529 -9.990e-29
 203.962153     -0.131  39.787857    15.4129    10.2305     -0.130    31.8252    23.4365 -9.990e-29
 203.962159     -0.132  39.825312    15.4148    10.2756     -0.131    31.8571    23.4606 -9.990e-29
