data/oxygen options/ONMS/Olympic_Coast_National_Marine_Sanctuary_CTD_Data_2005_2023/raw_data/2014/CAST_CE015_140802faed.cnv
* Sea-Bird SBE19 Data File:
* FileName = C:\2014 Mooring Data\Casts\CAST_CE015_140802.hex
* Software Version 1.59
* Temperature SN = 2997
* Conductivity SN = 2997
* System UpLoad Time = Aug 03 2014 01:03:27
** CAST_CE015_140802
* ds
# nquan = 9                                 
# nvalues = 947                         
# units = specified
# name 0 = timeJ: Julian Days
# name 1 = prSM: Pressure, Strain Gauge [db]
# name 2 = c0mS/cm: Conductivity [mS/cm]
# name 3 = t090C: Temperature [ITS-90, deg C]
# name 4 = sbeox0ML/L: Oxygen, SBE 43 [ml/l]
# name 5 = depSM: Depth [salt water, m], lat = 47.5
# name 6 = sal00: Salinity, Practical [PSU]
# name 7 = sigma-é00: Density [sigma-theta, kg/m^3]
# name 8 = flag: flag
# span 0 = 214.810556, 214.816030       
# span 1 =     -5.654,     15.879       
# span 2 =   0.416672,  37.115913       
# span 3 =     7.7746,    14.2373       
# span 4 =    -1.8348,    18.7625       
# span 5 =     -5.607,     15.746       
# span 6 =     0.2562,    33.6744       
# span 7 =    -0.5723,    26.0907       
# span 8 = 0.0000e+00, 0.0000e+00       
# interval = seconds: 0.5
# start_time = Aug 02 2014 19:27:12 [Instrument's time stamp, header]
# bad_flag = -9.990e-29
*END*
[from data line 161]
 214.811487     -2.488   0.452356    13.9498     6.3840     -2.467     0.2798    -0.5295 -9.990e-29
 214.811493     -2.485   0.452351    13.9506     6.3829     -2.464     0.2798    -0.5296 -9.990e-29
 214.811499     -2.487   0.453203    13.9531     6.3922     -2.466     0.2803    -0.5295 -9.990e-29
 214.811505     -2.485   0.454380    13.9567     6.3970     -2.464     0.2810    -0.5294 -9.990e-29
 214.811510     -2.469   0.455228    13.9573     6.3944     -2.448     0.2816    -0.5291 -9.990e-29
 214.811516     -2.448   0.455209    13.9501     6.3897     -2.428     0.2816    -0.5281 -9.990e-29
 214.811522     -2.430   0.454295    13.9328     6.3848     -2.410     0.2811    -0.5260 -9.990e-29
 214.811528     -2.411   0.452938    13.9097     6.3688     -2.391     0.2804    -0.5234 -9.990e-29
 214.811534     -2.393   0.451552    13.8907     6.3758     -2.373     0.2797    -0.5213 -9.990e-29
 214.811539     -2.372   0.450513    13.8824     6.3801     -2.352     0.2791    -0.5207 -9.990e-29
 214.811545     -2.353   0.450106    13.8837     6.3839     -2.333     0.2788    -0.5211 -9.990e-29
 214.811551     -2.338   0.450343    13.8912     6.3893     -2.319     0.2789    -0.5220 -9.990e-29
 214.811557     -2.323   0.450983    13.9027     6.3836     -2.304     0.2792    -0.5233 -9.990e-29
 214.811563     -2.305   0.451768    13.9163     6.3904     -2.286     0.2796    -0.5249 -9.990e-29
 214.811568     -2.289   0.452634    13.9282     6.3910     -2.270     0.2801    -0.5262 -9.990e-29
 214.811574     -2.269   0.453065    13.9334     6.3809     -2.250     0.2804    -0.5267 -9.990e-29
 214.811580     -2.243   0.452526    13.9293     6.3850     -2.224     0.2800    -0.5264 -9.990e-29
 214.811586     -2.224   0.451410    13.9190     6.3760     -2.205     0.2794    -0.5255 -9.990e-29
 214.811591     -2.213   0.450451    13.9105     6.3763     -2.195     0.2788    -0.5247 -9.990e-29
 214.811597     -2.202   0.450041    13.9091     6.3771     -2.184     0.2786    -0.5247 -9.990e-29
 214.811603     -2.191   0.450189    13.9140     6.3730     -2.173     0.2787    -0.5254 -9.990e-29
 214.811609     -2.181   0.450536    13.9227     6.3758     -2.163     0.2788    -0.5264 -9.990e-29
 214.811615     -2.174   0.450433    13.9329     6.3745     -2.156     0.2787    -0.5280 -9.990e-29
 214.811620     -2.168   0.449741    13.9427     6.3730     -2.150     0.2782    -0.5297 -9.990e-29
 214.811626     -2.164   0.449206    13.9500     6.3800     -2.146     0.2778    -0.5310 -9.990e-29
 214.811632     -2.160   0.449228    13.9522     6.3811     -2.142     0.2778    -0.5313 -9.990e-29
 214.811638     -2.157   0.449279    13.9509     6.3723     -2.139     0.2778    -0.5311 -9.990e-29
 214.811644     -2.154   0.448871    13.9518     6.3678     -2.136     0.2776    -0.5315 -9.990e-29
 214.811649     -2.152   0.448017    13.9580     6.3642     -2.134     0.2770    -0.5328 -9.990e-29
 214.811655     -2.150   0.447244    13.9678     6.3666     -2.132     0.2764    -0.5346 -9.990e-29
 214.811661     -2.147   0.447190    13.9783     6.3798     -2.129     0.2763    -0.5361 -9.990e-29
 214.811667     -2.145   0.447783    13.9886     6.3728     -2.127     0.2766    -0.5373 -9.990e-29
 214.811672     -2.142   0.448146    13.9988     6.3702     -2.124     0.2768    -0.5386 -9.990e-29
 214.811678     -2.138   0.447652    14.0079     6.3671     -2.120     0.2764    -0.5402 -9.990e-29
 214.811684     -2.134   0.446754    14.0147     6.3715     -2.116     0.2758    -0.5416 -9.990e-29
 214.811690     -2.129   0.445924    14.0187     6.3753     -2.111     0.2752    -0.5426 -9.990e-29
 214.811696     -2.123   0.445168    14.0200     6.3746     -2.105     0.2747    -0.5432 -9.990e-29
 214.811701     -2.115   0.444590    14.0191     6.3651     -2.097     0.2744    -0.5433 -9.990e-29
 214.811707     -2.104   0.443974    14.0175     6.3587     -2.086     0.2740    -0.5434 -9.990e-29
 214.811713     -2.091   0.443055    14.0171     6.3582     -2.074     0.2734    -0.5438 -9.990e-29
 214.811719     -2.074   0.442276    14.0196     6.3684     -2.057     0.2729    -0.5445 -9.990e-29
 214.811725     -2.052   0.442266    14.0251     6.3665     -2.035     0.2729    -0.5453 -9.990e-29
 214.811730     -2.029   0.443012    14.0334     6.3636     -2.012     0.2733    -0.5462 -9.990e-29
 214.811736     -2.010   0.443842    14.0442     6.3603     -1.993     0.2737    -0.5473 -9.990e-29
 214.811742     -2.000   0.444193    14.0543     6.3574     -1.983     0.2739    -0.5486 -9.990e-29
 214.811748     -1.993   0.443979    14.0600     6.3616     -1.976     0.2737    -0.5496 -9.990e-29
 214.811753     -1.980   0.443470    14.0616     6.3610     -1.963     0.2734    -0.5500 -9.990e-29
 214.811759     -1.960   0.443099    14.0627     6.3687     -1.944     0.2731    -0.5504 -9.990e-29
 214.811765     -1.941   0.442927    14.0647     6.3714     -1.925     0.2730    -0.5508 -9.990e-29
 214.811771     -1.926   0.442725    14.0668     6.3639     -1.910     0.2729    -0.5512 -9.990e-29
 214.811777     -1.914   0.442223    14.0693     6.3596     -1.898     0.2725    -0.5518 -9.990e-29
 214.811782     -1.904   0.441309    14.0737     6.3552     -1.888     0.2719    -0.5529 -9.990e-29
 214.811788     -1.896   0.440432    14.0794     6.3570     -1.880     0.2713    -0.5541 -9.990e-29
 214.811794     -1.888   0.440088    14.0841     6.3610     -1.872     0.2711    -0.5550 -9.990e-29
 214.811800     -1.881   0.440377    14.0873     6.3599     -1.865     0.2712    -0.5553 -9.990e-29
 214.811806     -1.874   0.441126    14.0900     6.3589     -1.858     0.2717    -0.5553 -9.990e-29
 214.811811     -1.867   0.441666    14.0914     6.3592     -1.851     0.2720    -0.5553 -9.990e-29
 214.811817     -1.859   0.441606    14.0903     6.3595     -1.843     0.2720    -0.5551 -9.990e-29
 214.811823     -1.849   0.441421    14.0883     6.3592     -1.834     0.2719    -0.5549 -9.990e-29
 214.811829     -1.841   0.441422    14.0876     6.3587     -1.826     0.2719    -0.5548 -9.990e-29
 214.811834     -1.840   0.441609    14.0885     6.3575     -1.825     0.2720    -0.5549 -9.990e-29
 214.811840     -1.840   0.441675    14.0906     6.3567     -1.825     0.2720    -0.5551 -9.990e-29
 214.811846     -1.838   0.441152    14.0939     6.3643     -1.823     0.2717    -0.5559 -9.990e-29
 214.811852     -1.833   0.440455    14.0986     6.3585     -1.818     0.2712    -0.5569 -9.990e-29
 214.811858     -1.825   0.440325    14.1029     6.3648     -1.810     0.2711    -0.5576 -9.990e-29
 214.811863     -1.813   0.440586    14.1049     6.3548     -1.798     0.2713    -0.5578 -9.990e-29
 214.811869     -1.802   0.440476    14.1056     6.3492     -1.787     0.2712    -0.5579 -9.990e-29
 214.811875     -1.798   0.439847    14.1070     6.3501     -1.783     0.2708    -0.5584 -9.990e-29
 214.811881     -1.801   0.439530    14.1105     6.3553     -1.786     0.2706    -0.5591 -9.990e-29
 214.811887     -1.804   0.440216    14.1158     6.3518     -1.789     0.2710    -0.5595 -9.990e-29
 214.811892     -1.802   0.441706    14.1211     6.3566     -1.787     0.2719    -0.5596 -9.990e-29
 214.811898     -1.795   0.443206    14.1250     6.3473     -1.780     0.2728    -0.5594 -9.990e-29
 214.811904     -1.783   0.443934    14.1275     6.3424     -1.768     0.2732    -0.5594 -9.990e-29
 214.811910     -1.769   0.443749    14.1312     6.3449     -1.754     0.2731    -0.5601 -9.990e-29
 214.811916     -1.760   0.442962    14.1382     6.3438     -1.745     0.2725    -0.5615 -9.990e-29
 214.811921     -1.757   0.442191    14.1471     6.3487     -1.742     0.2720    -0.5632 -9.990e-29
 214.811927     -1.750   0.442078    14.1563     6.3498     -1.735     0.2719    -0.5646 -9.990e-29
 214.811933     -1.734   0.442473    14.1656     6.3497     -1.720     0.2721    -0.5657 -9.990e-29
 214.811939     -1.714   0.442789    14.1751     6.3492     -1.700     0.2722    -0.5670 -9.990e-29
 214.811944     -1.696   0.442893    14.1838     6.3497     -1.682     0.2722    -0.5682 -9.990e-29
 214.811950     -1.683   0.442921    14.1905     6.3596     -1.669     0.2722    -0.5692 -9.990e-29
 214.811956     -1.675   0.442913    14.1936     6.3537     -1.661     0.2721    -0.5696 -9.990e-29
 214.811962     -1.671   0.442858    14.1923     6.3504     -1.657     0.2721    -0.5695 -9.990e-29
 214.811968     -1.666   0.442681    14.1883     6.3472     -1.652     0.2720    -0.5690 -9.990e-29
 214.811973     -1.657   0.442331    14.1835     6.3447     -1.643     0.2718    -0.5684 -9.990e-29
 214.811979     -1.645   0.441898    14.1794     6.3471     -1.631     0.2716    -0.5680 -9.990e-29
 214.811985     -1.637   0.441547    14.1777     6.3470     -1.623     0.2714    -0.5680 -9.990e-29
 214.811991     -1.629   0.441366    14.1767     6.3478     -1.615     0.2713    -0.5679 -9.990e-29
 214.811997     -1.623   0.441299    14.1736     6.3487     -1.609     0.2713    -0.5675 -9.990e-29
 214.812002     -1.618   0.441255    14.1694     6.3493     -1.605     0.2713    -0.5669 -9.990e-29
 214.812008     -1.613   0.441175    14.1685     6.3420     -1.600     0.2712    -0.5668 -9.990e-29
 214.812014     -1.608   0.440953    14.1723     6.3483     -1.595     0.2710    -0.5675 -9.990e-29
 214.812020     -1.603   0.440851    14.1782     6.3504     -1.590     0.2709    -0.5684 -9.990e-29
 214.812025     -1.597   0.441286    14.1843     6.3527     -1.584     0.2712    -0.5691 -9.990e-29
 214.812031     -1.591   0.441727    14.1896     6.3551     -1.578     0.2714    -0.5696 -9.990e-29
 214.812037     -1.583   0.441651    14.1912     6.3512     -1.570     0.2714    -0.5699 -9.990e-29
 214.812043     -1.573   0.441512    14.1886     6.3515     -1.560     0.2713    -0.5696 -9.990e-29
 214.812049     -1.561   0.441682    14.1841     6.3431     -1.548     0.2714    -0.5688 -9.990e-29
 214.812054     -1.546   0.441830    14.1797     6.3490     -1.533     0.2716    -0.5681 -9.990e-29
 214.812060     -1.526   0.441598    14.1760     6.3522     -1.513     0.2714    -0.5677 -9.990e-29
 214.812066     -1.510   0.441234    14.1733     6.3548     -1.497     0.2712    -0.5675 -9.990e-29
 214.812072     -1.509   0.440807    14.1712     6.3572     -1.496     0.2710    -0.5674 -9.990e-29
 214.812078     -1.518   0.440306    14.1693     6.3535     -1.505     0.2707    -0.5673 -9.990e-29
 214.812083     -1.526   0.440173    14.1675     6.3547     -1.513     0.2706    -0.5671 -9.990e-29
 214.812089     -1.528   0.440232    14.1658     6.3559     -1.515     0.2706    -0.5669 -9.990e-29
 214.812095     -1.525   0.440005    14.1648     6.3576     -1.512     0.2705    -0.5668 -9.990e-29
 214.812101     -1.517   0.439745    14.1644     6.3609     -1.504     0.2703    -0.5669 -9.990e-29
 214.812106     -1.506   0.439662    14.1629     6.3647     -1.493     0.2703    -0.5667 -9.990e-29
 214.812112     -1.498   0.439645    14.1592     6.3603     -1.486     0.2703    -0.5662 -9.990e-29
 214.812118     -1.491   0.439671    14.1548     6.3688     -1.479     0.2704    -0.5655 -9.990e-29
 214.812124     -1.485   0.439775    14.1507     6.3713     -1.473     0.2704    -0.5649 -9.990e-29
 214.812130     -1.475   0.440098    14.1456     6.3752     -1.463     0.2707    -0.5640 -9.990e-29
 214.812135     -1.460   0.440512    14.1380     6.3800     -1.448     0.2710    -0.5626 -9.990e-29
 214.812141     -1.445   0.440458    14.1276     6.3770     -1.433     0.2710    -0.5611 -9.990e-29
 214.812147     -1.428   0.439865    14.1126     6.3685     -1.416     0.2708    -0.5592 -9.990e-29
 214.812153     -1.412   0.439053    14.0920     6.3734     -1.400     0.2704    -0.5566 -9.990e-29
 214.812159     -1.400   0.438053    14.0681     6.3736     -1.388     0.2699    -0.5536 -9.990e-29
 214.812164     -1.392   0.437198    14.0455     6.3743     -1.380     0.2695    -0.5508 -9.990e-29
 214.812170     -1.387   0.437017    14.0285     6.3759     -1.375     0.2695    -0.5484 -9.990e-29
 214.812176     -1.385   0.437267    14.0162     6.3640     -1.373     0.2697    -0.5465 -9.990e-29
 214.812182     -1.386   0.437171    14.0040     6.3723     -1.374     0.2698    -0.5448 -9.990e-29
 214.812187     -1.386   0.436600    13.9923     6.3664     -1.374     0.2695    -0.5434 -9.990e-29
 214.812193     -1.379   0.435906    13.9852     6.3661     -1.367     0.2691    -0.5427 -9.990e-29
 214.812199     -1.371   0.435273    13.9852     6.3672     -1.360     0.2687    -0.5430 -9.990e-29
 214.812205     -1.364   0.434973    13.9913     6.3645     -1.353     0.2685    -0.5440 -9.990e-29
 214.812211     -1.359   0.435162    14.0000     6.3772     -1.348     0.2685    -0.5452 -9.990e-29
 214.812216     -1.355   0.435535    14.0073     6.3708     -1.344     0.2687    -0.5461 -9.990e-29
 214.812222     -1.352   0.435477    14.0100     6.3685     -1.341     0.2687    -0.5465 -9.990e-29
 214.812228     -1.350   0.434911    14.0072     6.3738     -1.339     0.2683    -0.5464 -9.990e-29
 214.812234     -1.348   0.434196    14.0017     6.3736     -1.337     0.2679    -0.5459 -9.990e-29
 214.812240     -1.346   0.433488    13.9984     6.3684     -1.335     0.2675    -0.5458 -9.990e-29
 214.812245     -1.345   0.432957    13.9993     6.3620     -1.334     0.2671    -0.5462 -9.990e-29
 214.812251     -1.344   0.432449    14.0027     6.3556     -1.333     0.2668    -0.5469 -9.990e-29
 214.812257     -1.343   0.431843    14.0058     6.3566     -1.332     0.2664    -0.5477 -9.990e-29
 214.812263     -1.341   0.431444    14.0076     6.3592     -1.330     0.2661    -0.5481 -9.990e-29
 214.812269     -1.340   0.431274    14.0093     6.3659     -1.329     0.2660    -0.5484 -9.990e-29
 214.812274     -1.339   0.431109    14.0123     6.3587     -1.328     0.2659    -0.5490 -9.990e-29
 214.812280     -1.338   0.430728    14.0167     6.3652     -1.327     0.2656    -0.5498 -9.990e-29
 214.812286     -1.336   0.430181    14.0224     6.3568     -1.325     0.2652    -0.5509 -9.990e-29
 214.812292     -1.334   0.429849    14.0309     6.3442     -1.323     0.2649    -0.5523 -9.990e-29
 214.812297     -1.331   0.429846    14.0429     6.3517     -1.320     0.2649    -0.5540 -9.990e-29
 214.812303     -1.328   0.430170    14.0557     6.3498     -1.317     0.2650    -0.5557 -9.990e-29
 214.812309     -1.324   0.430694    14.0673     6.3542     -1.313     0.2652    -0.5571 -9.990e-29
 214.812315     -1.319   0.431007    14.0781     6.3553     -1.308     0.2654    -0.5586 -9.990e-29
 214.812321     -1.317   0.430969    14.0873     6.3510     -1.306     0.2653    -0.5599 -9.990e-29
 214.812326     -1.321   0.430531    14.0930     6.3515     -1.310     0.2650    -0.5610 -9.990e-29
 214.812332     -1.329   0.429665    14.0954     6.3519     -1.318     0.2644    -0.5617 -9.990e-29
 214.812338     -1.331   0.428883    14.0973     6.3536     -1.320     0.2639    -0.5624 -9.990e-29
 214.812344     -1.324   0.428810    14.1010     6.3635     -1.313     0.2638    -0.5630 -9.990e-29
 214.812350     -1.312   0.429348    14.1078     6.3591     -1.301     0.2641    -0.5637 -9.990e-29
 214.812355     -1.302   0.430105    14.1172     6.3590     -1.291     0.2646    -0.5647 -9.990e-29
 214.812361     -1.298   0.430977    14.1266     6.3568     -1.287     0.2650    -0.5657 -9.990e-29
 214.812367     -1.296   0.431458    14.1330     6.3542     -1.285     0.2653    -0.5664 -9.990e-29
 214.812373     -1.290   0.431079    14.1350     6.3575     -1.279     0.2651    -0.5668 -9.990e-29
 214.812378     -1.282   0.430444    14.1332     6.3560     -1.271     0.2647    -0.5669 -9.990e-29
 214.812384     -1.269   0.430375    14.1279     6.3558     -1.258     0.2647    -0.5661 -9.990e-29
 214.812390     -1.257   0.430780    14.1189     6.3572     -1.247     0.2650    -0.5646 -9.990e-29
 214.812396     -1.247   0.431089    14.1078     6.3590     -1.237     0.2652    -0.5629 -9.990e-29
 214.812402     -1.235   0.431157    14.0970     6.3600     -1.225     0.2653    -0.5612 -9.990e-29
