data/oxygen options/ONMS/Olympic_Coast_National_Marine_Sanctuary_CTD_Data_2005_2023/raw_data/2014/CAST_TH042_140801faed.cnv
* Sea-Bird SBE19 Data File:
* FileName = C:\2014 Mooring Data\Casts\CAST_TH042_140801.hex
* Software Version 1.59
* Temperature SN = 2997
* Conductivity SN = 2997
* System UpLoad Time = Aug 03 2014 00:57:26
** CAST_TH042_140801
* ds
# nquan = 9                                 
# nvalues = 1198                        
# units = specified
# name 0 = timeJ: Julian Days
# name 1 = prSM: Pressure, Strain Gauge [db]
# name 2 = c0mS/cm: Conductivity [mS/cm]
# name 3 = t090C: Temperature [ITS-90, deg C]
# name 4 = sbeox0ML/L: Oxygen, SBE 43 [ml/l]
# name 5 = depSM: Depth [salt water, m], lat = 47.5
# name 6 = sal00: Salinity, Practical [PSU]
# name 7 = sigma-é00: Density [sigma-theta, kg/m^3]
# name 8 = flag: flag
# span 0 = 213.830312, 213.837240       
# span 1 =     -5.589,     42.780       
# span 2 =   0.319195,  38.182238       
# span 3 =     7.3532,    16.8239       
# span 4 =    -1.7530,    16.1134       
# span 5 =     -5.542,     42.419       
# span 6 =     0.1852,    33.6350       
# span 7 =    -1.0121,    26.2948       
# span 8 = 0.0000e+00, 0.0000e+00       
# interval = seconds: 0.5
# start_time = Aug 01 2014 19:55:39 [Instrument's time stamp, header]
# bad_flag = -9.990e-29
*END*
[from data line 641]
 213.834022      0.739  37.582721    12.1610     6.3991      0.733    32.5106    24.6262 -9.990e-29
 213.834028      0.736  37.579363    12.1555     6.3796      0.730    32.5122    24.6284 -9.990e-29
 213.834034      0.733  37.575034    12.1531     6.3711      0.727    32.5101    24.6272 -9.990e-29
 213.834039      0.734  37.572358    12.1536     6.3626      0.728    32.5071    24.6248 -9.990e-29
 213.834045      0.738  37.570549    12.1542     6.3537      0.732    32.5048    24.6229 -9.990e-29
 213.834051      0.746  37.567734    12.1536     6.3381      0.740    32.5026    24.6213 -9.990e-29
 213.834057      0.753  37.563504    12.1525     6.3264      0.747    32.4995    24.6191 -9.990e-29
 213.834062      0.757  37.558930    12.1502     6.2979      0.751    32.4971    24.6177 -9.990e-29
 213.834068      0.758  37.556312    12.1447     6.2581      0.752    32.4994    24.6205 -9.990e-29
 213.834074      0.754  37.554943    12.1359     6.2618      0.748    32.5057    24.6271 -9.990e-29
 213.834080      0.748  37.551289    12.1260     6.2885      0.742    32.5108    24.6329 -9.990e-29
 213.834086      0.741  37.544385    12.1171     6.3401      0.735    32.5119    24.6354 -9.990e-29
 213.834091      0.742  37.536788    12.1109     6.3803      0.736    32.5100    24.6350 -9.990e-29
 213.834097      0.752  37.531820    12.1087     6.4033      0.746    32.5071    24.6332 -9.990e-29
 213.834103      0.762  37.527881    12.1092     6.4188      0.756    32.5029    24.6298 -9.990e-29
 213.834109      0.769  37.524749    12.1112     6.4088      0.763    32.4981    24.6258 -9.990e-29
 213.834115      0.773  37.527206    12.1143     6.3798      0.767    32.4978    24.6249 -9.990e-29
 213.834120      0.775  37.532330    12.1171     6.3505      0.769    32.5003    24.6264 -9.990e-29
 213.834126      0.774  37.535700    12.1187     6.3377      0.768    32.5021    24.6275 -9.990e-29
 213.834132      0.771  37.537859    12.1192     6.3588      0.765    32.5038    24.6287 -9.990e-29
 213.834138      0.769  37.538294    12.1192     6.3865      0.763    32.5042    24.6290 -9.990e-29
 213.834144      0.774  37.537561    12.1184     6.4159      0.768    32.5042    24.6291 -9.990e-29
 213.834149      0.780  37.536905    12.1160     6.4093      0.773    32.5056    24.6307 -9.990e-29
 213.834155      0.784  37.535428    12.1132     6.4177      0.777    32.5067    24.6320 -9.990e-29
 213.834161      0.786  37.532822    12.1119     6.4032      0.779    32.5053    24.6312 -9.990e-29
 213.834167      0.786  37.531761    12.1124     6.3993      0.779    32.5038    24.6300 -9.990e-29
 213.834172      0.785  37.533614    12.1130     6.3909      0.778    32.5051    24.6308 -9.990e-29
 213.834178      0.786  37.534653    12.1119     6.3883      0.779    32.5070    24.6326 -9.990e-29
 213.834184      0.794  37.530627    12.1092     6.3606      0.787    32.5055    24.6319 -9.990e-29
 213.834190      0.805  37.520076    12.1073     6.3456      0.798    32.4970    24.6256 -9.990e-29
 213.834196      0.811  37.512487    12.1086     6.3531      0.804    32.4885    24.6188 -9.990e-29
 213.834201      0.809  37.517924    12.1127     6.3493      0.802    32.4902    24.6194 -9.990e-29
 213.834207      0.802  37.527333    12.1169     6.3738      0.795    32.4956    24.6228 -9.990e-29
 213.834213      0.794  37.530218    12.1190     6.3696      0.787    32.4966    24.6231 -9.990e-29
 213.834219      0.789  37.524230    12.1183     6.3715      0.782    32.4914    24.6193 -9.990e-29
 213.834225      0.792  37.514274    12.1145     6.3675      0.785    32.4851    24.6151 -9.990e-29
 213.834230      0.797  37.509510    12.1044     6.3565      0.790    32.4893    24.6202 -9.990e-29
 213.834236      0.802  37.502999    12.0850     6.3704      0.795    32.4999    24.6321 -9.990e-29
 213.834242      0.805  37.479301    12.0637     6.3784      0.798    32.4956    24.6327 -9.990e-29
 213.834248      0.808  37.448897    12.0554     6.4027      0.801    32.4735    24.6171 -9.990e-29
 213.834253      0.811  37.439146    12.0637     6.4083      0.804    32.4569    24.6027 -9.990e-29
 213.834259      0.814  37.452740    12.0775     6.4072      0.807    32.4580    24.6009 -9.990e-29
 213.834265      0.817  37.472410    12.0881     6.4088      0.810    32.4677    24.6065 -9.990e-29
 213.834271      0.820  37.486190    12.0952     6.4265      0.813    32.4748    24.6107 -9.990e-29
 213.834277      0.823  37.496152    12.1006     6.4264      0.816    32.4797    24.6135 -9.990e-29
 213.834282      0.828  37.506014    12.1055     6.3879      0.821    32.4850    24.6167 -9.990e-29
 213.834288      0.833  37.509814    12.1095     6.3430      0.826    32.4852    24.6161 -9.990e-29
 213.834294      0.839  37.508668    12.1101     6.3267      0.832    32.4835    24.6147 -9.990e-29
 213.834300      0.847  37.511690    12.1065     6.3454      0.840    32.4896    24.6200 -9.990e-29
 213.834306      0.858  37.515590    12.1002     6.3491      0.851    32.4988    24.6284 -9.990e-29
 213.834311      0.871  37.509264    12.0931     6.3809      0.864    32.4989    24.6298 -9.990e-29
 213.834317      0.883  37.497728    12.0869     6.3817      0.876    32.4931    24.6265 -9.990e-29
 213.834323      0.892  37.490837    12.0797     6.4155      0.885    32.4928    24.6275 -9.990e-29
 213.834329      0.896  37.483309    12.0696     6.4310      0.889    32.4943    24.6306 -9.990e-29
 213.834334      0.898  37.468451    12.0590     6.4193      0.891    32.4892    24.6286 -9.990e-29
 213.834340      0.900  37.454496    12.0466     6.3885      0.892    32.4865    24.6289 -9.990e-29
 213.834346      0.909  37.446390    12.0322     6.3438      0.901    32.4912    24.6352 -9.990e-29
 213.834352      0.923  37.443965    12.0233     6.3649      0.915    32.4966    24.6411 -9.990e-29
 213.834358      0.944  37.454070    12.0228     6.3717      0.936    32.5068    24.6491 -9.990e-29
 213.834363      0.973  37.465450    12.0286     6.3882      0.965    32.5127    24.6526 -9.990e-29
 213.834369      1.013  37.465746    12.0361     6.3797      1.005    32.5065    24.6463 -9.990e-29
 213.834375      1.066  37.463190    12.0371     6.3235      1.057    32.5031    24.6435 -9.990e-29
 213.834381      1.134  37.455473    12.0268     6.2490      1.125    32.5046    24.6466 -9.990e-29
 213.834387      1.223  37.435654    12.0044     6.1595      1.213    32.5049    24.6511 -9.990e-29
 213.834392      1.338  37.413212    11.9599     6.1003      1.327    32.5220    24.6726 -9.990e-29
 213.834398      1.482  37.372797    11.8778     6.0275      1.470    32.5546    24.7131 0.0000e+00
 213.834404      1.655  37.285197    11.7683     5.9600      1.641    32.5653    24.7417 0.0000e+00
 213.834410      1.860  37.184591    11.6612     5.8925      1.844    32.5613    24.7582 0.0000e+00
 213.834416      2.098  37.117558    11.5537     5.8565      2.080    32.5903    24.8004 0.0000e+00
 213.834421      2.362  37.055301    11.4181     5.8535      2.342    32.6489    24.8705 0.0000e+00
 213.834427      2.643  36.949011    11.2627     5.8915      2.621    32.6819    24.9242 0.0000e+00
 213.834433      2.933  36.825893    11.1296     5.9397      2.909    32.6786    24.9453 0.0000e+00
 213.834439      3.225  36.746270    11.0423     5.9792      3.198    32.6774    24.9599 0.0000e+00
 213.834444      3.517  36.711136    10.9943     6.0134      3.488    32.6853    24.9745 0.0000e+00
 213.834450      3.809  36.696049    10.9698     6.0033      3.777    32.6920    24.9841 0.0000e+00
 213.834456      4.103  36.689277    10.9567     6.0039      4.069    32.6969    24.9902 0.0000e+00
 213.834462      4.401  36.684567    10.9488     6.0039      4.364    32.6991    24.9933 0.0000e+00
 213.834468      4.705  36.681787    10.9440     5.9988      4.666    32.7005    24.9953 0.0000e+00
 213.834473      5.016  36.680011    10.9419     5.9823      4.974    32.7005    24.9956 0.0000e+00
 213.834479      5.333  36.677968    10.9413     5.9810      5.288    32.6988    24.9945 0.0000e+00
 213.834485      5.650  36.676279    10.9408     6.0135      5.603    32.6975    24.9935 0.0000e+00
 213.834491      5.967  36.675471    10.9402     6.0369      5.917    32.6971    24.9933 0.0000e+00
 213.834497      6.286  36.675006    10.9404     6.0621      6.233    32.6963    24.9927 0.0000e+00
 213.834502      6.610  36.675360    10.9414     6.0503      6.555    32.6956    24.9920 0.0000e+00
 213.834508      6.934  36.677360    10.9434     6.0276      6.876    32.6957    24.9917 0.0000e+00
 213.834514      7.246  36.680275    10.9463     6.0239      7.185    32.6959    24.9913 0.0000e+00
 213.834520      7.538  36.682690    10.9480     6.0305      7.475    32.6966    24.9916 0.0000e+00
 213.834525      7.816  36.682114    10.9463     6.0545      7.751    32.6974    24.9925 0.0000e+00
 213.834531      8.095  36.678622    10.9428     6.0638      8.027    32.6970    24.9928 0.0000e+00
 213.834537      8.387  36.677017    10.9404     6.0542      8.317    32.6974    24.9936 0.0000e+00
 213.834543      8.693  36.678443    10.9390     6.0366      8.620    32.6999    24.9958 0.0000e+00
 213.834549      9.008  36.680226    10.9377     6.0257      8.933    32.7027    24.9982 0.0000e+00
 213.834554      9.327  36.681850    10.9366     6.0275      9.249    32.7052    25.0003 0.0000e+00
 213.834560      9.647  36.683149    10.9358     6.0342      9.566    32.7070    25.0019 0.0000e+00
 213.834566      9.976  36.684087    10.9351     6.0155      9.893    32.7085    25.0031 0.0000e+00
 213.834572     10.319  36.685271    10.9343     6.0180     10.233    32.7102    25.0046 0.0000e+00
 213.834578     10.662  36.685947    10.9333     6.0067     10.573    32.7116    25.0059 0.0000e+00
 213.834583     10.997  36.685810    10.9317     6.0189     10.905    32.7128    25.0071 0.0000e+00
 213.834589     11.329  36.685714    10.9297     6.0413     11.234    32.7143    25.0087 0.0000e+00
 213.834595     11.654  36.686009    10.9282     6.0290     11.556    32.7158    25.0101 0.0000e+00
 213.834601     11.960  36.686441    10.9281     6.0656     11.860    32.7162    25.0104 0.0000e+00
 213.834606     12.248  36.686938    10.9283     6.0131     12.145    32.7164    25.0105 0.0000e+00
 213.834612     12.526  36.687515    10.9266     6.0146     12.421    32.7184    25.0124 0.0000e+00
 213.834618     12.809  36.687174    10.9217     6.0354     12.702    32.7223    25.0163 0.0000e+00
 213.834624     13.100  36.685377    10.9122     6.0383     12.990    32.7288    25.0231 0.0000e+00
 213.834630     13.402  36.682453    10.8979     6.0719     13.290    32.7386    25.0332 0.0000e+00
 213.834635     13.716  36.678907    10.8824     6.0775     13.601    32.7488    25.0439 0.0000e+00
 213.834641     14.041  36.675539    10.8691     6.0902     13.923    32.7572    25.0527 0.0000e+00
 213.834647     14.369  36.671699    10.8564     6.0938     14.249    32.7646    25.0607 0.0000e+00
 213.834653     14.688  36.664987    10.8429     6.0941     14.565    32.7699    25.0672 0.0000e+00
 213.834659     15.000  36.656468    10.8324     6.0760     14.874    32.7707    25.0697 0.0000e+00
 213.834664     15.305  36.650975    10.8261     6.0656     15.177    32.7707    25.0708 0.0000e+00
 213.834670     15.608  36.648959    10.8219     6.0727     15.477    32.7723    25.0728 0.0000e+00
 213.834676     15.908  36.647643    10.8189     6.0762     15.775    32.7736    25.0743 0.0000e+00
 213.834682     16.210  36.645751    10.8167     6.0917     16.074    32.7735    25.0747 0.0000e+00
 213.834688     16.514  36.644041    10.8143     6.0854     16.376    32.7738    25.0754 0.0000e+00
 213.834693     16.823  36.642955    10.8098     6.0868     16.682    32.7767    25.0783 0.0000e+00
 213.834699     17.135  36.640400    10.8032     6.0774     16.991    32.7799    25.0820 0.0000e+00
 213.834705     17.444  36.636253    10.7969     6.0907     17.298    32.7813    25.0842 0.0000e+00
 213.834711     17.749  36.632757    10.7922     6.1188     17.600    32.7819    25.0855 0.0000e+00
 213.834716     18.051  36.630779    10.7873     6.1291     17.900    32.7842    25.0882 0.0000e+00
 213.834722     18.353  36.628156    10.7775     6.1303     18.199    32.7902    25.0946 0.0000e+00
 213.834728     18.657  36.621308    10.7593     6.1018     18.500    32.7996    25.1051 0.0000e+00
 213.834734     18.961  36.610560    10.7386     6.0858     18.802    32.8073    25.1147 0.0000e+00
 213.834740     19.259  36.602827    10.7256     6.0498     19.097    32.8112    25.1199 0.0000e+00
 213.834745     19.543  36.601183    10.7221     6.0120     19.379    32.8125    25.1216 0.0000e+00
 213.834751     19.811  36.599418    10.7204     5.9327     19.645    32.8122    25.1217 0.0000e+00
 213.834757     20.070  36.593407    10.7077     5.8460     19.902    32.8175    25.1280 0.0000e+00
 213.834763     20.334  36.578981    10.6745     5.7835     20.163    32.8328    25.1457 0.0000e+00
 213.834769     20.605  36.550294    10.6222     5.7171     20.432    32.8511    25.1690 0.0000e+00
 213.834774     20.884  36.509991    10.5578     5.6334     20.709    32.8687    25.1938 0.0000e+00
 213.834780     21.168  36.463183    10.4895     5.4960     20.990    32.8833    25.2170 0.0000e+00
 213.834786     21.449  36.413604    10.4288     5.2863     21.269    32.8882    25.2313 0.0000e+00
 213.834792     21.723  36.369147    10.3808     5.0292     21.541    32.8868    25.2384 0.0000e+00
 213.834797     21.995  36.333870    10.3374     4.7959     21.810    32.8905    25.2486 0.0000e+00
 213.834803     22.273  36.303303    10.2825     4.6017     22.086    32.9094    25.2727 0.0000e+00
 213.834809     22.562  36.262422    10.1961     4.4927     22.372    32.9464    25.3162 0.0000e+00
 213.834815     22.864  36.188626    10.0702     4.4369     22.672    32.9862    25.3685 0.0000e+00
 213.834821     23.177  36.081660     9.9290     4.3792     22.982    33.0065    25.4078 0.0000e+00
 213.834826     23.489  35.973368     9.8045     4.3281     23.292    33.0100    25.4312 0.0000e+00
 213.834832     23.792  35.884833     9.7041     4.2583     23.592    33.0115    25.4489 0.0000e+00
 213.834838     24.084  35.814083     9.6258     4.1746     23.882    33.0109    25.4612 0.0000e+00
 213.834844     24.364  35.766588     9.5653     4.1219     24.159    33.0177    25.4764 0.0000e+00
 213.834850     24.635  35.731682     9.5104     4.0266     24.428    33.0323    25.4967 0.0000e+00
 213.834855     24.900  35.680691     9.4374     3.9337     24.691    33.0471    25.5200 0.0000e+00
 213.834861     25.172  35.615692     9.3303     3.8033     24.960    33.0789    25.5622 0.0000e+00
 213.834867     25.465  35.554886     9.2086     3.6894     25.251    33.1288    25.6205 0.0000e+00
 213.834873     25.775  35.496242     9.0986     3.5485     25.558    33.1701    25.6703 0.0000e+00
 213.834878     26.087  35.433308     9.0076     3.4253     25.868    33.1894    25.6997 0.0000e+00
 213.834884     26.392  35.369619     8.9327     3.3473     26.170    33.1929    25.7142 0.0000e+00
 213.834890     26.684  35.302654     8.8625     3.2572     26.460    33.1885    25.7217 0.0000e+00
 213.834896     26.959  35.229460     8.7707     3.1427     26.732    33.1978    25.7432 0.0000e+00
 213.834902     27.223  35.134289     8.6541     2.9591     26.994    33.2072    25.7685 0.0000e+00
 213.834907     27.478  35.033265     8.5553     2.7765     27.247    33.1938    25.7731 0.0000e+00
 213.834913     27.725  34.989694     8.4866     2.6310     27.492    33.2124    25.7981 0.0000e+00
 213.834919     27.969  34.971755     8.3820     2.5735     27.734    33.2921    25.8764 0.0000e+00
 213.834925     28.228  34.889776     8.1969     2.5794     27.990    33.3806    25.9735 0.0000e+00
 213.834931     28.509  34.755020     7.9855     2.6391     28.269    33.4385    26.0501 0.0000e+00
 213.834936     28.803  34.634637     7.8159     2.7124     28.561    33.4719    26.1010 0.0000e+00
