data/oxygen options/ONMS/Olympic_Coast_National_Marine_Sanctuary_CTD_Data_2005_2023/raw_data/2014/CAST_TH042_140801faed.cnv
* Sea-Bird SBE19 Data File:
* FileName = C:\2014 Mooring Data\Casts\CAST_TH042_140801.hex
* Software Version 1.59
* Temperature SN = 2997
* Conductivity SN = 2997
* System UpLoad Time = Aug 03 2014 00:57:26
** CAST_TH042_140801
* ds
# nquan = 9                                 
# nvalues = 1198                        
# units = specified
# name 0 = timeJ: Julian Days
# name 1 = prSM: Pressure, Strain Gauge [db]
# name 2 = c0mS/cm: Conductivity [mS/cm]
# name 3 = t090C: Temperature [ITS-90, deg C]
# name 4 = sbeox0ML/L: Oxygen, SBE 43 [ml/l]
# name 5 = depSM: Depth [salt water, m], lat = 47.5
# name 6 = sal00: Salinity, Practical [PSU]
# name 7 = sigma-é00: Density [sigma-theta, kg/m^3]
# name 8 = flag: flag
# span 0 = 213.830312, 213.837240       
# span 1 =     -5.589,     42.780       
# span 2 =   0.319195,  38.182238       
# span 3 =     7.3532,    16.8239       
# span 4 =    -1.7530,    16.1134       
# span 5 =     -5.542,     42.419       
# span 6 =     0.1852,    33.6350       
# span 7 =    -1.0121,    26.2948       
# span 8 = 0.0000e+00, 0.0000e+00       
# interval = seconds: 0.5
# start_time = Aug 01 2014 19:55:39 [Instrument's time stamp, header]
# bad_flag = -9.990e-29
*END*
[from data line 1121]
 213.836800      4.503  36.642720    10.9428     6.1049      4.465    32.6629    24.9662 0.0000e+00
 213.836806      4.311  36.643978    10.9453     6.1361      4.275    32.6620    24.9651 0.0000e+00
 213.836811      4.127  36.646491    10.9481     6.1530      4.093    32.6621    24.9646 0.0000e+00
 213.836817      3.948  36.649123    10.9521     6.1824      3.915    32.6612    24.9632 0.0000e+00
 213.836823      3.768  36.650331    10.9575     6.2085      3.737    32.6577    24.9595 0.0000e+00
 213.836829      3.582  36.650605    10.9667     6.2198      3.552    32.6498    24.9518 0.0000e+00
 213.836834      3.389  36.653117    10.9856     6.2322      3.361    32.6356    24.9374 0.0000e+00
 213.836840      3.192  36.661778    11.0158     6.2462      3.165    32.6174    24.9179 0.0000e+00
 213.836846      3.001  36.681964    11.0498     6.2645      2.976    32.6073    24.9040 0.0000e+00
 213.836852      2.817  36.707476    11.0759     6.2617      2.793    32.6094    24.9010 0.0000e+00
 213.836858      2.640  36.720694    11.0870     6.2506      2.618    32.6127    24.9016 0.0000e+00
 213.836863      2.472  36.721851    11.0921     6.2595      2.451    32.6094    24.8981 0.0000e+00
 213.836869      2.306  36.725966    11.1046     6.2554      2.287    32.6024    24.8905 0.0000e+00
 213.836875      2.137  36.737964    11.1257     6.2739      2.119    32.5956    24.8815 0.0000e+00
 213.836881      1.967  36.753635    11.1486     6.2541      1.951    32.5909    24.8737 0.0000e+00
 213.836887      1.801  36.772545    11.1705     6.1560      1.786    32.5902    24.8693 0.0000e+00
 213.836892      1.643  36.793531    11.1970     6.0006      1.629    32.5875    24.8624 0.0000e+00
 213.836898      1.490  36.810899    11.2338     5.8753      1.478    32.5721    24.8439 0.0000e+00
 213.836904      1.342  36.823671    11.2773     5.8344      1.331    32.5463    24.8160 0.0000e+00
 213.836910      1.198  36.838216    11.3182     6.8799      1.188    32.5245    24.7918 0.0000e+00
 213.836916      1.060  36.858216    11.3642     6.9733      1.051    32.5037    24.7673 0.0000e+00
 213.836921      0.935  36.884526    11.4275     6.8649      0.927    32.4738    24.7327 -9.990e-29
 213.836927      0.821  36.915746    11.4930     6.6484      0.814    32.4469    24.7000 -9.990e-29
 213.836933      0.720  36.924462    11.5420     6.5143      0.714    32.4126    24.6644 -9.990e-29
 213.836939      0.635  36.880205    11.5793     6.4148      0.630    32.3368    24.5987 -9.990e-29
 213.836944      0.564  36.766643    11.6194     6.3722      0.559    32.1912    24.4784 -9.990e-29
 213.836950      0.503  36.495239    11.6693     6.4200      0.499    31.8842    24.2309 -9.990e-29
 213.836956      0.453  35.743979    11.7266     6.4231      0.449    31.1077    23.6177 -9.990e-29
 213.836962      0.413  33.539257    11.7874     6.4801      0.410    28.9394    21.9248 -9.990e-29
 213.836968      0.382  26.958294    11.8482     6.5178      0.379    22.7049    17.0868 -9.990e-29
 213.836973      0.359  16.676671    11.9042     6.5578      0.356    13.4142     9.8990 -9.990e-29
 213.836979      0.340   9.071772    11.9488     6.5842      0.337     6.9366     4.8886 -9.990e-29
 213.836985      0.326   6.081876    11.9786     6.6068      0.323     4.5133     3.0098 -9.990e-29
 213.836991      0.314   5.084564    11.9967     6.6129      0.311     3.7255     2.3972 -9.990e-29
 213.836997      0.306   4.668212    12.0104     6.6095      0.303     3.3998     2.1431 -9.990e-29
 213.837002      0.299   4.489325    12.0243     6.6128      0.297     3.2600     2.0330 -9.990e-29
 213.837008      0.293   4.321103    12.0373     6.6152      0.291     3.1290     1.9298 -9.990e-29
 213.837014      0.289   4.028302    12.0481     6.6172      0.287     2.9030     1.7533 -9.990e-29
 213.837020      0.286   3.706636    12.0574     6.6067      0.284     2.6566     1.5610 -9.990e-29
 213.837025      0.284   3.251274    12.0682     6.5680      0.282     2.3109     1.2914 -9.990e-29
 213.837031      0.282   2.732547    12.0848     6.5482      0.280     1.9215     0.9869 -9.990e-29
 213.837037      0.280   2.316021    12.1086     6.5342      0.278     1.6124     0.7438 -9.990e-29
 213.837043      0.279   2.001151    12.1372     6.5566      0.277     1.3811     0.5606 -9.990e-29
 213.837049      0.278   1.777629    12.1666     6.5703      0.276     1.2182     0.4304 -9.990e-29
 213.837054      0.277   1.625047    12.1923     6.5642      0.275     1.1078     0.3414 -9.990e-29
 213.837060      0.277   1.515759    12.2128     6.5659      0.275     1.0291     0.2777 -9.990e-29
 213.837066      0.276   1.437555    12.2330     6.5307      0.274     0.9730     0.2316 -9.990e-29
 213.837072      0.276   1.396859    12.2622     6.4880      0.274     0.9434     0.2051 -9.990e-29
 213.837078      0.276   1.415062    12.3047     6.5060      0.274     0.9552     0.2092 -9.990e-29
 213.837083      0.275   1.564269    12.3504     6.5296      0.273     1.0599     0.2851 -9.990e-29
 213.837089      0.275   1.904908    12.3864     6.5377      0.273     1.3026     0.4695 -9.990e-29
 213.837095      0.275   2.328148    12.4126     6.5370      0.273     1.6084     0.7038 -9.990e-29
 213.837101      0.275   2.613220    12.4395     6.5296      0.273     1.8158     0.8615 -9.990e-29
 213.837106      0.274   2.674454    12.4748     6.5247      0.272     1.8591     0.8908 -9.990e-29
 213.837112      0.274   2.615205    12.5130     6.5278      0.272     1.8138     0.8508 -9.990e-29
 213.837118      0.273   2.567399    12.5463     6.4850      0.271     1.7772     0.8182 -9.990e-29
 213.837124      0.273   2.677095    12.5738     6.4843      0.271     1.8562     0.8761 -9.990e-29
 213.837130      0.272   3.075518    12.5932     6.4881      0.270     2.1488     1.1005 -9.990e-29
 213.837135      0.271   3.480105    12.6013     6.5108      0.269     2.4492     1.3323 -9.990e-29
 213.837141      0.270   3.461178    12.6030     6.4767      0.268     2.4349     1.3211 -9.990e-29
 213.837147      0.269   3.162783    12.6066     6.4859      0.267     2.2127     1.1484 -9.990e-29
 213.837153      0.267   2.919113    12.6132     6.4767      0.265     2.0322     1.0076 -9.990e-29
 213.837159      0.265   2.782668    12.6116     6.4939      0.263     1.9318     0.9300 -9.990e-29
 213.837164      0.262   2.755736    12.5989     6.5204      0.260     1.9127     0.9167 -9.990e-29
 213.837170      0.259   2.846371    12.5915     6.5053      0.257     1.9797     0.9697 -9.990e-29
 213.837176      0.254   3.047418    12.5963     6.5350      0.252     2.1278     1.0839 -9.990e-29
 213.837182      0.248   3.377031    12.6053     6.5464      0.246     2.3720     1.2720 -9.990e-29
 213.837188      0.245   3.695216    12.6142 -9.990e-29      0.243     2.6093     1.4548 -9.990e-29
 213.837193      0.248   3.807731    12.6218 -9.990e-29      0.246     2.6933     1.5188 -9.990e-29
 213.837199      0.254   3.801694    12.6254 -9.990e-29      0.252     2.6885     1.5147 -9.990e-29
 213.837205      0.258   3.808243    12.6229 -9.990e-29      0.256     2.6936     1.5189 -9.990e-29
 213.837211      0.261   3.736455    12.6164 -9.990e-29      0.259     2.6401     1.4783 -9.990e-29
 213.837216      0.264   3.549074    12.6101 -9.990e-29      0.262     2.5001     1.3707 -9.990e-29
 213.837222      0.266   3.326956    12.6060 -9.990e-29      0.264     2.3347     1.2430 -9.990e-29
 213.837228      0.267   3.107955    12.6040 -9.990e-29      0.265     2.1722     1.1173 -9.990e-29
 213.837234      0.268   2.911784    12.6034 -9.990e-29      0.266     2.0273     1.0050 -9.990e-29
 213.837240      0.268   2.763527 -9.990e-29 -9.990e-29      0.266 -9.990e-29 -9.990e-29 -9.990e-29
