data/oxygen options/ONMS/Olympic_Coast_National_Marine_Sanctuary_CTD_Data_2005_2023/raw_data/2014/CAST_TH015_141008faed.cnv
* Sea-Bird SBE19 Data File:
* FileName = C:\2014 Mooring Data\Casts\CAST_TH015_141008.hex
* Software Version 1.59
* Temperature SN = 2997
* Conductivity SN = 2997
* System UpLoad Time = Oct 08 2014 20:39:11
** CAST_TH015_141008
* ds
# nquan = 9                                 
# nvalues = 948                         
# units = specified
# name 0 = timeJ: Julian Days
# name 1 = prSM: Pressure, Strain Gauge [db]
# name 2 = c0mS/cm: Conductivity [mS/cm]
# name 3 = t090C: Temperature [ITS-90, deg C]
# name 4 = sbeox0ML/L: Oxygen, SBE 43 [ml/l]
# name 5 = depSM: Depth [salt water, m], lat = 47.5
# name 6 = sal00: Salinity, Practical [PSU]
# name 7 = sigma-é00: Density [sigma-theta, kg/m^3]
# name 8 = flag: flag
# span 0 = 281.827454, 281.832934       
# span 1 =     -5.581,     17.663       
# span 2 =   0.388958,  38.805093       
# span 3 =    10.3403,    15.5648       
# span 4 =    -1.7809,    17.7768       
# span 5 =     -5.534,     17.515       
# span 6 =     0.2305,    32.5799       
# span 7 =    -0.8067,    25.0015       
# span 8 = 0.0000e+00, 0.0000e+00       
# interval = seconds: 0.5
# start_time = Oct 08 2014 19:51:32 [Instrument's time stamp, header]
# bad_flag = -9.990e-29
*END*
[from data line 481]
 281.830237      0.387  38.699368    14.0095     4.0273      0.384    31.9902    23.8603 -9.990e-29
 281.830243      0.383  38.714084    14.0158     3.9539      0.380    31.9985    23.8654 -9.990e-29
 281.830249      0.374  38.726797    14.0082     3.8762      0.371    32.0165    23.8809 -9.990e-29
 281.830255      0.366  38.739873    13.9905     3.8236      0.363    32.0433    23.9052 -9.990e-29
 281.830260      0.364  38.749603    13.9646     3.7613      0.361    32.0739    23.9341 -9.990e-29
 281.830266      0.367  38.751556    13.9378     3.7151      0.364    32.0981    23.9582 -9.990e-29
 281.830272      0.372  38.753578    13.9307     3.6697      0.369    32.1058    23.9657 -9.990e-29
 281.830278      0.375  38.751060    13.9460     3.6311      0.372    32.0907    23.9509 -9.990e-29
 281.830284      0.380  38.743072    13.9629     3.6163      0.377    32.0693    23.9309 -9.990e-29
 281.830289      0.391  38.746481    13.9673     3.5984      0.388    32.0687    23.9296 -9.990e-29
 281.830295      0.406  38.752919    13.9610     3.6019      0.403    32.0799    23.9395 -9.990e-29
 281.830301      0.416  38.745705    13.9525     3.6436      0.413    32.0804    23.9416 -9.990e-29
 281.830307      0.418  38.741051    13.9498     3.6837      0.415    32.0783    23.9405 -9.990e-29
 281.830312      0.416  38.743981    13.9571     3.7408      0.413    32.0749    23.9364 -9.990e-29
 281.830318      0.414  38.748291    13.9738     3.7730      0.411    32.0650    23.9253 -9.990e-29
 281.830324      0.413  38.750178    13.9893     3.7719      0.410    32.0538    23.9135 -9.990e-29
 281.830330      0.412  38.743737    13.9908     3.7748      0.409    32.0466    23.9077 -9.990e-29
 281.830336      0.412  38.743969    13.9810     3.7884      0.409    32.0550    23.9162 -9.990e-29
 281.830341      0.416  38.753434    13.9738     3.8283      0.413    32.0697    23.9290 -9.990e-29
 281.830347      0.424  38.749374    13.9778     3.8518      0.420    32.0626    23.9227 -9.990e-29
 281.830353      0.433  38.735919    13.9885     3.8525      0.429    32.0413    23.9041 -9.990e-29
 281.830359      0.444  38.736682    13.9957     3.8133      0.440    32.0360    23.8985 -9.990e-29
 281.830365      0.453  38.749873    13.9946     3.7629      0.449    32.0491    23.9088 -9.990e-29
 281.830370      0.460  38.759389    13.9877     3.7118      0.456    32.0636    23.9214 -9.990e-29
 281.830376      0.470  38.757141    13.9834     3.6876      0.466    32.0651    23.9235 -9.990e-29
 281.830382      0.480  38.742380    13.9839     3.7005      0.476    32.0511    23.9125 -9.990e-29
 281.830388      0.486  38.728552    13.9829     3.7299      0.482    32.0392    23.9036 -9.990e-29
 281.830394      0.489  38.731472    13.9806     3.7611      0.485    32.0438    23.9076 -9.990e-29
 281.830399      0.488  38.735382    13.9825     3.7836      0.484    32.0458    23.9088 -9.990e-29
 281.830405      0.487  38.728647    13.9880     3.8219      0.483    32.0350    23.8993 -9.990e-29
 281.830411      0.492  38.726433    13.9909     3.8893      0.488    32.0306    23.8953 -9.990e-29
 281.830417      0.497  38.730842    13.9868     3.9739      0.493    32.0380    23.9019 -9.990e-29
 281.830422      0.499  38.722484    13.9743     4.0803      0.495    32.0408    23.9065 -9.990e-29
 281.830428      0.499  38.701447    13.9555     4.1687      0.495    32.0370    23.9075 -9.990e-29
 281.830434      0.496  38.684607    13.9389     4.2136      0.492    32.0353    23.9096 -9.990e-29
 281.830440      0.494  38.670285    13.9361     4.2747      0.490    32.0245    23.9018 -9.990e-29
 281.830446      0.497  38.664649    13.9499     4.3789      0.493    32.0078    23.8861 -9.990e-29
 281.830451      0.501  38.659620    13.9678     4.4917      0.497    31.9882    23.8673 -9.990e-29
 281.830457      0.503  38.642877    13.9735     4.6218      0.499    31.9681    23.8506 -9.990e-29
 281.830463      0.502  38.617929    13.9638     4.7065      0.498    31.9531    23.8410 -9.990e-29
 281.830469      0.499  38.583527    13.9464     4.7349      0.495    31.9359    23.8313 -9.990e-29
 281.830475      0.497  38.557817    13.9338     4.7496      0.493    31.9227    23.8236 -9.990e-29
 281.830480      0.500  38.534595    13.9415     4.7544      0.496    31.8949    23.8006 -9.990e-29
 281.830486      0.505  38.494124    13.9655     4.7432      0.501    31.8377    23.7516 -9.990e-29
 281.830492      0.508  38.459932    13.9833     4.7695      0.504    31.7915    23.7123 -9.990e-29
 281.830498      0.508  38.439774    13.9845     4.8846      0.504    31.7719    23.6970 -9.990e-29
 281.830503      0.506  38.425873    13.9781     4.9949      0.502    31.7644    23.6925 -9.990e-29
 281.830509      0.502  38.420473    13.9798     5.0142      0.498    31.7581    23.6872 -9.990e-29
 281.830515      0.499  38.412445    13.9898     4.9528      0.495    31.7424    23.6731 -9.990e-29
 281.830521      0.502  38.402311    13.9923     4.7973      0.498    31.7310    23.6638 -9.990e-29
 281.830527      0.506  38.395651    13.9823     4.7080      0.502    31.7332    23.6675 -9.990e-29
 281.830532      0.508  38.393135    13.9730     4.7628      0.504    31.7385    23.6735 -9.990e-29
 281.830538      0.508  38.390286    13.9777     4.8284      0.504    31.7320    23.6675 -9.990e-29
 281.830544      0.506  38.379370    13.9960     4.9021      0.502    31.7069    23.6444 -9.990e-29
 281.830550      0.501  38.374466    14.0183     4.9471      0.497    31.6840    23.6222 -9.990e-29
 281.830556      0.497  38.380829    14.0359     4.9037      0.493    31.6754    23.6119 -9.990e-29
 281.830561      0.499  38.388416    14.0435     4.8707      0.495    31.6761    23.6109 -9.990e-29
 281.830567      0.503  38.396680    14.0388     4.8703      0.499    31.6876    23.6207 -9.990e-29
 281.830573      0.504  38.404288    14.0330     4.8188      0.500    31.6993    23.6310 -9.990e-29
 281.830579      0.507  38.403979    14.0439     4.8273      0.503    31.6901    23.6216 -9.990e-29
 281.830584      0.511  38.395337    14.0663     4.8570      0.507    31.6637    23.5967 -9.990e-29
 281.830590      0.509  38.390423    14.0839     4.8638      0.505    31.6447    23.5784 -9.990e-29
 281.830596      0.506  38.397284    14.0936     4.8929      0.502    31.6431    23.5752 -9.990e-29
 281.830602      0.512  38.413282    14.0967     4.8810      0.508    31.6552    23.5839 -9.990e-29
 281.830608      0.529  38.429429    14.0965     4.8834      0.525    31.6702    23.5955 -9.990e-29
 281.830613      0.546  38.437495    14.0979     4.9574      0.541    31.6764    23.6000 -9.990e-29
 281.830619      0.549  38.438690    14.1000     5.0383      0.544    31.6758    23.5991 -9.990e-29
 281.830625      0.545  38.437411    14.1005     5.1125      0.540    31.6742    23.5978 -9.990e-29
 281.830631      0.544  38.437008    14.1000     5.1331      0.539    31.6742    23.5979 -9.990e-29
 281.830637      0.548  38.439191    14.0995     5.0798      0.543    31.6766    23.5999 -9.990e-29
 281.830642      0.552  38.440691    14.0992     5.0152      0.547    31.6783    23.6012 -9.990e-29
 281.830648      0.557  38.439578    14.0985     5.0003      0.552    31.6778    23.6010 -9.990e-29
 281.830654      0.562  38.438861    14.0960     4.9983      0.557    31.6792    23.6026 -9.990e-29
 281.830660      0.565  38.440389    14.0925     5.0068      0.560    31.6835    23.6066 -9.990e-29
 281.830666      0.560  38.442830    14.0904     5.0207      0.555    31.6875    23.6101 -9.990e-29
 281.830671      0.552  38.444385    14.0895     5.0297      0.547    31.6896    23.6119 -9.990e-29
 281.830677      0.544  38.444320    14.0890     5.0659      0.539    31.6900    23.6123 -9.990e-29
 281.830683      0.536  38.443109    14.0887     5.0849      0.532    31.6891    23.6117 -9.990e-29
 281.830689      0.528  38.441943    14.0877     5.1177      0.524    31.6889    23.6117 -9.990e-29
 281.830694      0.524  38.440953    14.0858     5.1505      0.520    31.6895    23.6126 -9.990e-29
 281.830700      0.530  38.439382    14.0844     5.1677      0.526    31.6892    23.6127 -9.990e-29
 281.830706      0.545  38.437944    14.0843     5.1510      0.540    31.6880    23.6117 -9.990e-29
 281.830712      0.555  38.437526    14.0843     5.1251      0.550    31.6876    23.6114 -9.990e-29
 281.830718      0.561  38.437568    14.0836     5.1070      0.556    31.6882    23.6121 -9.990e-29
 281.830723      0.569  38.437567    14.0822     5.1179      0.564    31.6894    23.6132 -9.990e-29
 281.830729      0.574  38.437519    14.0807     5.1382      0.569    31.6906    23.6145 -9.990e-29
 281.830735      0.572  38.437360    14.0796     5.1432      0.567    31.6913    23.6153 -9.990e-29
 281.830741      0.568  38.436877    14.0791     5.1365      0.563    31.6913    23.6153 -9.990e-29
 281.830747      0.566  38.435988    14.0789     5.1231      0.561    31.6906    23.6149 -9.990e-29
 281.830752      0.565  38.435191    14.0783     5.1149      0.560    31.6904    23.6148 -9.990e-29
 281.830758      0.565  38.434547    14.0769     5.0974      0.560    31.6910    23.6155 -9.990e-29
 281.830764      0.562  38.433199    14.0746     5.0665      0.557    31.6916    23.6165 -9.990e-29
 281.830770      0.556  38.431033    14.0716     5.0526      0.551    31.6921    23.6175 -9.990e-29
 281.830775      0.556  38.428529    14.0693     5.0479      0.551    31.6917    23.6177 -9.990e-29
 281.830781      0.560  38.425717    14.0687     5.0882      0.555    31.6896    23.6162 -9.990e-29
 281.830787      0.565  38.423900    14.0687     5.1172      0.560    31.6879    23.6149 -9.990e-29
 281.830793      0.572  38.424023    14.0680     5.1238      0.567    31.6886    23.6156 -9.990e-29
 281.830799      0.580  38.424005    14.0665     5.1346      0.575    31.6898    23.6168 -9.990e-29
 281.830804      0.590  38.422699    14.0652     5.1294      0.585    31.6897    23.6170 -9.990e-29
 281.830810      0.600  38.421172    14.0648     5.1486      0.595    31.6886    23.6162 -9.990e-29
 281.830816      0.604  38.420195    14.0646     5.1504      0.599    31.6879    23.6157 -9.990e-29
 281.830822      0.603  38.419585    14.0635     5.1487      0.598    31.6882    23.6162 -9.990e-29
 281.830828      0.598  38.418530    14.0609     5.1425      0.593    31.6894    23.6176 -9.990e-29
 281.830833      0.592  38.416185    14.0581     5.1125      0.587    31.6896    23.6183 -9.990e-29
 281.830839      0.589  38.412790    14.0570     5.0860      0.584    31.6873    23.6168 -9.990e-29
 281.830845      0.589  38.410557    14.0568     5.0766      0.584    31.6855    23.6154 -9.990e-29
 281.830851      0.591  38.410439    14.0556     5.0811      0.586    31.6863    23.6163 -9.990e-29
 281.830856      0.593  38.411157    14.0537     5.0831      0.588    31.6886    23.6184 -9.990e-29
 281.830862      0.589  38.411982    14.0520     5.0971      0.584    31.6907    23.6205 -9.990e-29
 281.830868      0.583  38.412329    14.0512     5.1055      0.578    31.6917    23.6214 -9.990e-29
 281.830874      0.580  38.410976    14.0500     5.1039      0.575    31.6914    23.6214 -9.990e-29
 281.830880      0.579  38.407241    14.0467     5.1205      0.574    31.6907    23.6216 -9.990e-29
 281.830885      0.581  38.400638    14.0406     5.1113      0.576    31.6897    23.6220 -9.990e-29
 281.830891      0.585  38.391344    14.0348     5.1147      0.580    31.6859    23.6203 -9.990e-29
 281.830897      0.592  38.384376    14.0338     5.1303      0.587    31.6803    23.6162 -9.990e-29
 281.830903      0.601  38.385601    14.0360     5.1287      0.596    31.6796    23.6152 -9.990e-29
 281.830909      0.610  38.391597    14.0367     5.1168      0.605    31.6846    23.6189 -9.990e-29
 281.830914      0.615  38.394075    14.0356     5.0924      0.610    31.6878    23.6215 -9.990e-29
 281.830920      0.619  38.392970    14.0352     5.0751      0.614    31.6871    23.6211 -9.990e-29
 281.830926      0.629  38.394108    14.0368     5.0841      0.624    31.6868    23.6205 -9.990e-29
 281.830932      0.640  38.397882    14.0402     5.1237      0.635    31.6875    23.6204 -9.990e-29
 281.830938      0.644  38.401463    14.0433     5.1668      0.639    31.6882    23.6203 -9.990e-29
 281.830943      0.637  38.404571    14.0444     5.1820      0.632    31.6901    23.6216 -9.990e-29
 281.830949      0.623  38.406857    14.0441     5.1733      0.618    31.6925    23.6235 -9.990e-29
 281.830955      0.610  38.407629    14.0436     5.1731      0.605    31.6936    23.6244 -9.990e-29
 281.830961      0.601  38.407353    14.0437     5.1699      0.596    31.6933    23.6241 -9.990e-29
 281.830966      0.596  38.406403    14.0447     5.1541      0.591    31.6916    23.6226 -9.990e-29
 281.830972      0.594  38.405189    14.0453     5.1175      0.589    31.6900    23.6213 -9.990e-29
 281.830978      0.595  38.403953    14.0449     5.0987      0.590    31.6892    23.6207 -9.990e-29
 281.830984      0.600  38.402163    14.0444     5.1268      0.595    31.6879    23.6199 -9.990e-29
 281.830990      0.608  38.400791    14.0450     5.1405      0.603    31.6862    23.6184 -9.990e-29
 281.830995      0.620  38.401370    14.0467     5.1315      0.615    31.6853    23.6174 -9.990e-29
 281.831001      0.632  38.402977    14.0483     5.1124      0.627    31.6855    23.6172 -9.990e-29
 281.831007      0.638  38.404377    14.0489     5.1064      0.633    31.6863    23.6177 -9.990e-29
 281.831013      0.636  38.405743    14.0494     5.1174      0.631    31.6871    23.6182 -9.990e-29
 281.831019      0.637  38.407204    14.0511     5.1434      0.632    31.6870    23.6178 -9.990e-29
 281.831024      0.639  38.408454    14.0528     5.1683      0.634    31.6868    23.6173 -9.990e-29
 281.831030      0.638  38.408903    14.0530     5.1623      0.633    31.6870    23.6174 -9.990e-29
 281.831036      0.639  38.408019    14.0521     5.1515      0.634    31.6870    23.6176 -9.990e-29
 281.831042      0.646  38.406301    14.0518     5.1472      0.641    31.6856    23.6166 -9.990e-29
 281.831047      0.655  38.405379    14.0522     5.1537      0.650    31.6845    23.6156 -9.990e-29
 281.831053      0.663  38.405699    14.0516     5.1535      0.657    31.6852    23.6163 -9.990e-29
 281.831059      0.674  38.405434    14.0486     5.1453      0.668    31.6875    23.6187 -9.990e-29
 281.831065      0.689  38.403098    14.0444     5.1367      0.683    31.6888    23.6205 -9.990e-29
 281.831071      0.704  38.399499    14.0431     5.1663      0.698    31.6865    23.6191 -9.990e-29
 281.831076      0.721  38.398254    14.0457     5.2081      0.715    31.6832    23.6160 -9.990e-29
 281.831082      0.737  38.401060    14.0476     5.2246      0.731    31.6842    23.6164 -9.990e-29
 281.831088      0.748  38.403787    14.0434     5.1899      0.742    31.6902    23.6218 -9.990e-29
 281.831094      0.754  38.399395    14.0356     5.1594      0.748    31.6926    23.6253 -9.990e-29
 281.831100      0.757  38.387635    14.0340     5.1727      0.751    31.6831    23.6183 -9.990e-29
 281.831105      0.757  38.380894    14.0408     5.1760      0.751    31.6713    23.6078 -9.990e-29
 281.831111      0.753  38.385897    14.0486     5.1599      0.747    31.6695    23.6048 -9.990e-29
 281.831117      0.744  38.395266    14.0523     5.1378      0.738    31.6751    23.6083 -9.990e-29
 281.831123      0.736  38.401271    14.0524     5.1522      0.730    31.6805    23.6125 -9.990e-29
 281.831128      0.736  38.402366    14.0521     5.2008      0.730    31.6817    23.6135 -9.990e-29
 281.831134      0.744  38.402810    14.0535     5.2374      0.738    31.6810    23.6127 -9.990e-29
 281.831140      0.751  38.404872    14.0543     5.2432      0.745    31.6822    23.6134 -9.990e-29
 281.831146      0.755  38.406238    14.0527     5.2015      0.749    31.6848    23.6158 -9.990e-29
 281.831152      0.755  38.404791    14.0496     5.1379      0.749    31.6860    23.6173 -9.990e-29
