data/oxygen options/ONMS/Olympic_Coast_National_Marine_Sanctuary_CTD_Data_2005_2023/raw_data/2014/CAST_TH042_140623faedb.cnv
* Sea-Bird SBE19 Data File:
* FileName = C:\2014 Mooring Data\Casts\CAST_TH042_140623.hex
* Software Version 1.59
* Temperature SN = 2997
* Conductivity SN = 2997
* System UpLoad Time = Jun 24 2014 00:15:42
** CAST_TH042_140623
* ds
# nquan = 9
# nvalues = 41                          
# units = specified
# name 0 = timeJ: Julian Days
# name 1 = prSM: Pressure, Strain Gauge [db]
# name 2 = c0mS/cm: Conductivity [mS/cm]
# name 3 = t090C: Temperature [ITS-90, deg C]
# name 4 = sbeox0ML/L: Oxygen, SBE 43 [ml/l]
# name 5 = depSM: Depth [salt water, m], lat = 47.5
# name 6 = sal00: Salinity, Practical [PSU]
# name 7 = sigma-é00: Density [sigma-theta, kg/m^3]
# name 8 = flag: flag
# span 0 = 174.970520, 174.971461       
# span 1 =      2.000,     42.000       
# span 2 =  34.368965,  37.118355       
# span 3 =     7.3300,    13.1799       
# span 4 =     2.3056,     8.9437       
# span 5 =      1.983,     41.645       
# span 6 =    31.2083,    33.6527       
# span 7 =    23.4224,    26.3124       
# span 8 = 0.0000e+00, 0.0000e+00       
# interval = decibars: 1                
# start_time = Jun 23 2014 23:10:13 [Instrument's time stamp, header]
# bad_flag = -9.990e-29
*END*
 174.970520      2.000  37.118355    13.1799     8.8227      1.983    31.2083    23.4224 0.0000e+00
 174.970558      3.000  37.022655    12.9825     8.9437      2.975    31.2809    23.5169 0.0000e+00
 174.970598      4.000  36.901382    12.7662     8.9003      3.966    31.3453    23.6085 0.0000e+00
 174.970637      5.000  36.854244    12.6592     8.5901      4.958    31.3893    23.6629 0.0000e+00
 174.970677      6.000  36.672016    12.3416     8.0552      5.950    31.4812    23.7942 0.0000e+00
 174.970717      7.000  36.435858    11.9278     7.8171      6.941    31.6034    23.9658 0.0000e+00
 174.970757      8.000  36.227816    11.5658     6.8613      7.933    31.7100    24.1144 0.0000e+00
 174.970794      9.000  35.756971    10.7804     6.0379      8.925    31.9259    24.4205 0.0000e+00
 174.970828     10.000  35.399494    10.2617     5.2470      9.916    32.0236    24.5852 0.0000e+00
 174.970852     11.000  35.169640     9.6669     5.0856     10.908    32.3205    24.9149 0.0000e+00
 174.970872     12.000  35.149009     9.4874     5.0299     11.899    32.4608    25.0535 0.0000e+00
 174.970890     13.000  35.100651     9.3871     4.8239     12.891    32.5015    25.1014 0.0000e+00
 174.970910     14.000  35.022546     9.2348     4.4463     13.883    32.5593    25.1709 0.0000e+00
 174.970928     15.000  34.963134     9.0881     4.0716     14.874    32.6314    25.2503 0.0000e+00
 174.970946     16.000  35.008680     8.9766     4.0668     15.866    32.7808    25.3847 0.0000e+00
 174.970963     17.000  34.973010     8.8612     4.0205     16.857    32.8499    25.4566 0.0000e+00
 174.970982     18.000  34.948374     8.7837     3.8170     17.849    32.8956    25.5044 0.0000e+00
 174.971000     19.000  34.953640     8.7341     3.5483     18.840    32.9468    25.5521 0.0000e+00
 174.971018     20.000  34.936291     8.6412     3.4638     19.832    33.0148    25.6196 0.0000e+00
 174.971037     21.000  34.907654     8.5551     3.3611     20.824    33.0647    25.6718 0.0000e+00
 174.971057     22.000  34.841787     8.3919     3.2120     21.815    33.1481    25.7619 0.0000e+00
 174.971076     23.000  34.792516     8.2862     2.9878     22.807    33.1952    25.8147 0.0000e+00
 174.971093     24.000  34.744499     8.1657     2.8984     23.798    33.2578    25.8817 0.0000e+00
 174.971110     25.000  34.715274     8.0932     2.8666     24.790    33.2951    25.9217 0.0000e+00
 174.971130     26.000  34.683254     8.0216     2.7959     25.781    33.3286    25.9585 0.0000e+00
 174.971150     27.000  34.656171     7.9615     2.7479     26.773    33.3565    25.9892 0.0000e+00
 174.971168     28.000  34.622895     7.9110     2.7297     27.765    33.3686    26.0062 0.0000e+00
 174.971189     29.000  34.606980     7.8886     2.6274     28.756    33.3725    26.0125 0.0000e+00
 174.971208     30.000  34.562312     7.8007     2.5566     29.747    33.4082    26.0532 0.0000e+00
 174.971226     31.000  34.470103     7.6480     2.5524     30.739    33.4552    26.1120 0.0000e+00
 174.971243     32.000  34.395381     7.5048     2.5807     31.731    33.5121    26.1771 0.0000e+00
 174.971263     33.000  34.395099     7.5019     2.5599     32.722    33.5141    26.1792 0.0000e+00
 174.971286     34.000  34.390980     7.4620     2.5146     33.713    33.5477    26.2113 0.0000e+00
 174.971307     35.000  34.372620     7.4148     2.4586     34.705    33.5730    26.2378 0.0000e+00
 174.971325     36.000  34.368965     7.3816     2.3908     35.696    33.6008    26.2644 0.0000e+00
 174.971343     37.000  34.370281     7.3632     2.3783     36.688    33.6196    26.2818 0.0000e+00
 174.971362     38.000  34.372735     7.3543     2.3816     37.680    33.6305    26.2915 0.0000e+00
 174.971384     39.000  34.375593     7.3511     2.3480     38.671    33.6362    26.2965 0.0000e+00
 174.971407     40.000  34.376932     7.3455     2.3261     39.663    33.6425    26.3023 0.0000e+00
 174.971433     41.000  34.377744     7.3388     2.3056     40.654    33.6495    26.3088 0.0000e+00
 174.971461     42.000  34.373261     7.3300     2.3074     41.645    33.6527    26.3124 0.0000e+00
