data/oxygen options/ONMS/Olympic_Coast_National_Marine_Sanctuary_CTD_Data_2005_2023/raw_data/2014/CAST_TH042_140623faed.cnv
* Sea-Bird SBE19 Data File:
* FileName = C:\2014 Mooring Data\Casts\CAST_TH042_140623.hex
* Software Version 1.59
* Temperature SN = 2997
* Conductivity SN = 2997
* System UpLoad Time = Jun 24 2014 00:15:42
** CAST_TH042_140623
* ds
# nquan = 9                                 
# nvalues = 1311                        
# units = specified
# name 0 = timeJ: Julian Days
# name 1 = prSM: Pressure, Strain Gauge [db]
# name 2 = c0mS/cm: Conductivity [mS/cm]
# name 3 = t090C: Temperature [ITS-90, deg C]
# name 4 = sbeox0ML/L: Oxygen, SBE 43 [ml/l]
# name 5 = depSM: Depth [salt water, m], lat = 47.5
# name 6 = sal00: Salinity, Practical [PSU]
# name 7 = sigma-é00: Density [sigma-theta, kg/m^3]
# name 8 = flag: flag
# span 0 = 174.965428, 174.973009       
# span 1 =     -5.627,     42.226       
# span 2 =   0.268783,  37.159407       
# span 3 =     7.3315,    13.5098       
# span 4 =    -1.8483,    19.5641       
# span 5 =     -5.580,     41.869       
# span 6 =     0.1664,    33.6552       
# span 7 =    -0.5556,    26.3133       
# span 8 = 0.0000e+00, 0.0000e+00       
# interval = seconds: 0.5
# start_time = Jun 23 2014 23:10:13 [Instrument's time stamp, header]
# bad_flag = -9.990e-29
*END*
[from data line 801]
 174.970064      1.114  37.117663    13.1863     8.8482      1.105    31.2028    23.4168 -9.990e-29
 174.970069      1.114  37.118021    13.1868     8.8686      1.105    31.2027    23.4167 -9.990e-29
 174.970075      1.104  37.119026    13.1874     8.8907      1.095    31.2032    23.4169 -9.990e-29
 174.970081      1.091  37.119749    13.1881     8.8959      1.082    31.2033    23.4169 -9.990e-29
 174.970087      1.083  37.120009    13.1884     8.9077      1.074    31.2033    23.4168 -9.990e-29
 174.970093      1.083  37.120130    13.1883     8.9217      1.074    31.2035    23.4170 -9.990e-29
 174.970098      1.088  37.120252    13.1885     8.9149      1.079    31.2034    23.4169 -9.990e-29
 174.970104      1.093  37.120512    13.1888     8.9142      1.084    31.2034    23.4168 -9.990e-29
 174.970110      1.098  37.120673    13.1888     8.9300      1.089    31.2036    23.4169 -9.990e-29
 174.970116      1.105  37.120366    13.1880     8.9142      1.096    31.2040    23.4174 -9.990e-29
 174.970122      1.113  37.119719    13.1866     8.8909      1.104    31.2045    23.4181 -9.990e-29
 174.970127      1.123  37.118970    13.1859     8.8780      1.114    31.2044    23.4181 -9.990e-29
 174.970133      1.131  37.118778    13.1864     8.8963      1.122    31.2038    23.4176 -9.990e-29
 174.970139      1.129  37.119426    13.1873     8.9239      1.120    31.2036    23.4173 -9.990e-29
 174.970145      1.122  37.120071    13.1878     8.9374      1.113    31.2038    23.4173 -9.990e-29
 174.970150      1.125  37.120425    13.1874     8.9219      1.116    31.2045    23.4179 -9.990e-29
 174.970156      1.144  37.120378    13.1862     8.8748      1.134    31.2054    23.4189 -9.990e-29
 174.970162      1.163  37.119847    13.1857     8.8206      1.153    31.2053    23.4189 -9.990e-29
 174.970168      1.166  37.119221    13.1866     8.7758      1.156    31.2040    23.4177 -9.990e-29
 174.970174      1.152  37.117640    13.1882     8.7420      1.142    31.2012    23.4152 -9.990e-29
 174.970179      1.134  37.116342    13.1892     8.7296      1.125    31.1992    23.4135 -9.990e-29
 174.970185      1.129  37.117500    13.1894     8.7385      1.120    31.2001    23.4141 -9.990e-29
 174.970191      1.138  37.118709    13.1892     8.7550      1.128    31.2014    23.4152 -9.990e-29
 174.970197      1.152  37.118192    13.1890     8.7500      1.142    31.2011    23.4150 -9.990e-29
 174.970203      1.157  37.116357    13.1890     8.7753      1.147    31.1994    23.4136 -9.990e-29
 174.970208      1.154  37.115224    13.1891     8.8167      1.144    31.1982    23.4127 -9.990e-29
 174.970214      1.151  37.117187    13.1890     8.8207      1.141    31.2001    23.4142 -9.990e-29
 174.970220      1.152  37.119789    13.1887     8.7919      1.142    31.2028    23.4164 -9.990e-29
 174.970226      1.158  37.120864    13.1886     8.7756      1.148    31.2039    23.4172 -9.990e-29
 174.970231      1.164  37.121262    13.1888     8.7963      1.154    31.2041    23.4173 -9.990e-29
 174.970237      1.162  37.121489    13.1891     8.8490      1.152    31.2041    23.4173 -9.990e-29
 174.970243      1.153  37.121825    13.1893     8.9088      1.143    31.2042    23.4173 -9.990e-29
 174.970249      1.144  37.122133    13.1895     8.9135      1.134    31.2044    23.4174 -9.990e-29
 174.970255      1.138  37.122240    13.1897     8.8719      1.128    31.2043    23.4173 -9.990e-29
 174.970260      1.136  37.122267    13.1899     8.8427      1.127    31.2042    23.4172 -9.990e-29
 174.970266      1.138  37.122226    13.1900     8.8299      1.128    31.2040    23.4171 -9.990e-29
 174.970272      1.143  37.122039    13.1900     8.8631      1.133    31.2039    23.4169 -9.990e-29
 174.970278      1.152  37.121434    13.1888     8.8955      1.142    31.2043    23.4175 -9.990e-29
 174.970284      1.165  37.120140    13.1865     8.8902      1.155    31.2050    23.4184 -9.990e-29
 174.970289      1.179  37.118657    13.1844     8.8700      1.169    31.2053    23.4191 -9.990e-29
 174.970295      1.187  37.117789    13.1834     8.8424      1.177    31.2053    23.4193 -9.990e-29
 174.970301      1.184  37.118037    13.1835     8.8424      1.174    31.2054    23.4194 -9.990e-29
 174.970307      1.174  37.119148    13.1837     8.8499      1.164    31.2063    23.4201 -9.990e-29
 174.970313      1.166  37.119774    13.1835     8.8550      1.156    31.2071    23.4207 -9.990e-29
 174.970318      1.164  37.119420    13.1827     8.8786      1.154    31.2074    23.4211 -9.990e-29
 174.970324      1.166  37.118710    13.1814     8.9016      1.156    31.2078    23.4216 -9.990e-29
 174.970330      1.170  37.118125    13.1804     8.9214      1.160    31.2081    23.4221 -9.990e-29
 174.970336      1.170  37.117903    13.1803     8.9193      1.160    31.2080    23.4220 -9.990e-29
 174.970341      1.172  37.118016    13.1809     8.9028      1.162    31.2076    23.4216 -9.990e-29
 174.970347      1.180  37.118525    13.1819     8.8663      1.170    31.2072    23.4211 -9.990e-29
 174.970353      1.193  37.119453    13.1827     8.8319      1.183    31.2074    23.4211 -9.990e-29
 174.970359      1.210  37.120261    13.1831     8.8335      1.200    31.2078    23.4213 -9.990e-29
 174.970365      1.221  37.120251    13.1835     8.8556      1.211    31.2075    23.4210 -9.990e-29
 174.970370      1.229  37.119875    13.1842     8.8754      1.219    31.2066    23.4201 -9.990e-29
 174.970376      1.237  37.120225    13.1853     8.8775      1.227    31.2060    23.4195 -9.990e-29
 174.970382      1.242  37.121115    13.1863     8.8824      1.232    31.2060    23.4193 -9.990e-29
 174.970388      1.240  37.121953    13.1871     8.8933      1.230    31.2061    23.4192 -9.990e-29
 174.970394      1.232  37.122640    13.1877     8.9065      1.222    31.2063    23.4192 -9.990e-29
 174.970399      1.219  37.122877    13.1883     8.9242      1.209    31.2060    23.4189 -9.990e-29
 174.970405      1.212  37.122890    13.1889     8.9394      1.202    31.2055    23.4184 -9.990e-29
 174.970411      1.212  37.123164    13.1894     8.9139      1.202    31.2054    23.4182 -9.990e-29
 174.970417      1.221  37.123410    13.1898     8.8935      1.211    31.2053    23.4181 -9.990e-29
 174.970422      1.234  37.123304    13.1900     8.8861      1.224    31.2050    23.4178 -9.990e-29
 174.970428      1.244  37.123173    13.1898     8.8835      1.234    31.2051    23.4179 -9.990e-29
 174.970434      1.247  37.123310    13.1893     8.8830      1.237    31.2056    23.4184 -9.990e-29
 174.970440      1.248  37.123242    13.1881     8.8892      1.238    31.2065    23.4193 -9.990e-29
 174.970446      1.255  37.122227    13.1852     8.8877      1.245    31.2079    23.4210 -9.990e-29
 174.970451      1.273  37.119941    13.1807     8.8910      1.262    31.2095    23.4231 -9.990e-29
 174.970457      1.298  37.117172    13.1768     8.9110      1.287    31.2101    23.4243 -9.990e-29
 174.970463      1.325  37.115186    13.1749     8.9262      1.314    31.2098    23.4245 -9.990e-29
 174.970469      1.349  37.114610    13.1741     8.9386      1.338    31.2099    23.4247 -9.990e-29
 174.970475      1.378  37.115143    13.1728     8.9541      1.366    31.2115    23.4262 -9.990e-29
 174.970480      1.421  37.115156    13.1697     8.9664      1.409    31.2140    23.4287 -9.990e-29
 174.970486      1.482  37.113454    13.1653     8.9711      1.470    31.2160    23.4311 -9.990e-29
 174.970492      1.555  37.111041    13.1613     8.9578      1.542    31.2170    23.4327 -9.990e-29
 174.970498      1.636  37.109659    13.1590     8.9370      1.622    31.2176    23.4336 -9.990e-29
 174.970503      1.723  37.109616    13.1584     8.9193      1.709    31.2180    23.4340 -9.990e-29
 174.970509      1.816  37.109637    13.1574     8.9184      1.801    31.2188    23.4348 -9.990e-29
 174.970515      1.922  37.107972    13.1534     8.9143      1.906    31.2205    23.4369 -9.990e-29
 174.970521      2.043  37.103994    13.1451     8.8927      2.026    31.2235    23.4409 -9.990e-29
 174.970527      2.177  37.097918    13.1317     8.8534      2.159    31.2288    23.4476 0.0000e+00
 174.970532      2.325  37.088284    13.1144     8.8532      2.306    31.2340    23.4550 0.0000e+00
 174.970538      2.484  37.074503    13.0989     8.8808      2.463    31.2337    23.4578 0.0000e+00
 174.970544      2.646  37.062801    13.0886     8.9138      2.624    31.2312    23.4579 0.0000e+00
 174.970550      2.805  37.058246    13.0732     8.9539      2.782    31.2395    23.4673 0.0000e+00
 174.970556      2.958  37.051300    13.0311     8.9737      2.933    31.2677    23.4972 0.0000e+00
 174.970561      3.106  37.025311    12.9579     8.9591      3.080    31.3036    23.5392 0.0000e+00
 174.970567      3.250  36.981455    12.8818     8.9422      3.223    31.3253    23.5707 0.0000e+00
 174.970573      3.390  36.941985    12.8316     8.9381      3.362    31.3296    23.5837 0.0000e+00
 174.970579      3.527  36.921521    12.8104     8.9523      3.498    31.3278    23.5864 0.0000e+00
 174.970584      3.661  36.915682    12.8036     8.9600      3.630    31.3279    23.5878 0.0000e+00
 174.970590      3.797  36.913215    12.7936     8.9526      3.765    31.3338    23.5943 0.0000e+00
 174.970596      3.942  36.907928    12.7765     8.9146      3.909    31.3430    23.6046 0.0000e+00
 174.970602      4.098  36.901663    12.7592     8.8624      4.064    31.3513    23.6144 0.0000e+00
 174.970608      4.257  36.896074    12.7463     8.8339      4.221    31.3567    23.6211 0.0000e+00
 174.970613      4.412  36.890911    12.7399     8.8407      4.375    31.3571    23.6226 0.0000e+00
 174.970619      4.557  36.888736    12.7366     8.8423      4.519    31.3577    23.6237 0.0000e+00
 174.970625      4.691  36.887674    12.7229     8.8012      4.652    31.3681    23.6343 0.0000e+00
 174.970631      4.827  36.877796    12.6909     8.7233      4.787    31.3853    23.6538 0.0000e+00
 174.970637      4.975  36.856506    12.6517     8.6166      4.933    31.3977    23.6709 0.0000e+00
 174.970642      5.126  36.833490    12.6241     8.4851      5.083    31.3988    23.6770 0.0000e+00
 174.970648      5.269  36.822304    12.6115     8.3979      5.225    31.3987    23.6793 0.0000e+00
 174.970654      5.403  36.820840    12.5939     8.3099      5.358    31.4119    23.6929 0.0000e+00
 174.970660      5.538  36.807405    12.5474     8.2414      5.492    31.4379    23.7219 0.0000e+00
 174.970666      5.683  36.769607    12.4707     8.1521      5.635    31.4661    23.7582 0.0000e+00
 174.970671      5.837  36.713086    12.3890     8.0673      5.788    31.4807    23.7849 0.0000e+00
 174.970677      5.994  36.658360    12.3285     7.9872      5.944    31.4792    23.7951 0.0000e+00
 174.970683      6.150  36.618790    12.2820     7.9530      6.099    31.4803    23.8047 0.0000e+00
 174.970689      6.304  36.585848    12.2279     7.9847      6.251    31.4943    23.8256 0.0000e+00
 174.970694      6.451  36.558729    12.1589     8.0236      6.397    31.5263    23.8633 0.0000e+00
 174.970700      6.597  36.527556    12.0709     8.0521      6.542    31.5706    23.9140 0.0000e+00
 174.970706      6.746  36.473679    11.9783     8.0214      6.690    31.5971    23.9517 0.0000e+00
 174.970712      6.896  36.417207    11.9100     7.9334      6.838    31.6006    23.9669 0.0000e+00
 174.970718      7.039  36.392181    11.8797     7.7975      6.980    31.6021    23.9736 0.0000e+00
 174.970723      7.171  36.398801    11.8762     7.6710      7.111    31.6114    23.9815 0.0000e+00
 174.970729      7.296  36.406500    11.8709     7.6042      7.235    31.6232    23.9917 0.0000e+00
 174.970735      7.422  36.395702    11.8398     7.5999      7.360    31.6392    24.0097 0.0000e+00
 174.970741      7.557  36.369321    11.7727     7.5471      7.494    31.6707    24.0465 0.0000e+00
 174.970747      7.706  36.323524    11.6755     7.4151      7.642    31.7092    24.0940 0.0000e+00
 174.970752      7.864  36.257767    11.5780     7.1383      7.798    31.7287    24.1268 0.0000e+00
 174.970758      8.026  36.189788    11.5142     6.7791      7.959    31.7171    24.1293 0.0000e+00
 174.970764      8.184  36.149504    11.4887     6.4818      8.116    31.6996    24.1203 0.0000e+00
 174.970770      8.335  36.143146    11.4702     6.2878      8.265    31.7092    24.1311 0.0000e+00
 174.970775      8.480  36.130144    11.4063     6.2320      8.409    31.7513    24.1752 0.0000e+00
 174.970781      8.625  36.062765    11.2368     6.2475      8.553    31.8313    24.2676 0.0000e+00
 174.970787      8.783  35.917308    10.9664     6.2423      8.710    31.9225    24.3860 0.0000e+00
 174.970793      8.959  35.738256    10.7068     6.1644      8.884    31.9714    24.4691 0.0000e+00
 174.970799      9.139  35.604960    10.5538     5.9832      9.063    31.9726    24.4963 0.0000e+00
 174.970804      9.309  35.544383    10.5003     5.7761      9.231    31.9590    24.4948 0.0000e+00
 174.970810      9.472  35.537343    10.4900     5.5788      9.393    31.9610    24.4980 0.0000e+00
 174.970816      9.637  35.541233    10.4773     5.4230      9.556    31.9759    24.5119 0.0000e+00
 174.970822      9.810  35.512326    10.4289     5.3147      9.728    31.9895    24.5306 0.0000e+00
 174.970828      9.990  35.423217    10.3147     5.2263      9.906    32.0006    24.5586 0.0000e+00
 174.970833     10.180  35.302034    10.1382     5.1543     10.095    32.0345    24.6145 0.0000e+00
 174.970839     10.392  35.215499     9.9451     5.1094     10.305    32.1183    24.7118 0.0000e+00
 174.970845     10.631  35.174384     9.7824     5.0859     10.542    32.2216    24.8190 0.0000e+00
 174.970851     10.894  35.156857     9.6643     5.0734     10.803    32.3095    24.9069 0.0000e+00
 174.970856     11.181  35.151770     9.5804     5.0756     11.087    32.3798    24.9753 0.0000e+00
 174.970862     11.490  35.150542     9.5240     5.0761     11.394    32.4293    25.0231 0.0000e+00
 174.970868     11.809  35.150868     9.4902     5.0748     11.710    32.4601    25.0526 0.0000e+00
 174.970874     12.130  35.149714     9.4670     5.0276     12.028    32.4798    25.0717 0.0000e+00
 174.970880     12.447  35.142639     9.4439     4.9679     12.343    32.4934    25.0860 0.0000e+00
 174.970885     12.754  35.126286     9.4160     4.8999     12.647    32.5018    25.0970 0.0000e+00
 174.970891     13.049  35.098961     9.3843     4.8072     12.940    32.5023    25.1025 0.0000e+00
 174.970897     13.339  35.069033     9.3481     4.7320     13.227    32.5043    25.1099 0.0000e+00
 174.970903     13.633  35.047006     9.3012     4.6210     13.519    32.5242    25.1328 0.0000e+00
 174.970909     13.937  35.028670     9.2435     4.4755     13.820    32.5577    25.1682 0.0000e+00
 174.970914     14.249  35.006316     9.1877     4.3122     14.130    32.5854    25.1987 0.0000e+00
 174.970920     14.564  34.980345     9.1426     4.1832     14.442    32.5996    25.2169 0.0000e+00
 174.970926     14.879  34.963166     9.1049     4.1036     14.754    32.6162    25.2358 0.0000e+00
 174.970932     15.197  34.967687     9.0699     4.0632     15.070    32.6528    25.2699 0.0000e+00
 174.970937     15.523  34.988057     9.0346     4.0761     15.393    32.7062    25.3172 0.0000e+00
 174.970943     15.854  35.008697     8.9948     4.0800     15.721    32.7642    25.3688 0.0000e+00
 174.970949     16.187  35.014385     8.9507     4.0638     16.051    32.8106    25.4120 0.0000e+00
 174.970955     16.517  35.000828     8.9089     4.0433     16.378    32.8350    25.4376 0.0000e+00
 174.970961     16.844  34.979594     8.8733     4.0245     16.703    32.8457    25.4514 0.0000e+00
 174.970966     17.170  34.960994     8.8432     4.0200     17.026    32.8540    25.4626 0.0000e+00
 174.970972     17.497  34.949872     8.8162     3.9931     17.350    32.8672    25.4772 0.0000e+00
 174.970978     17.817  34.944774     8.7911     3.9148     17.668    32.8851    25.4950 0.0000e+00
