data/oxygen options/ONMS/Olympic_Coast_National_Marine_Sanctuary_CTD_Data_2005_2023/raw_data/2014/CAST_TH015_140801faed.cnv
* Sea-Bird SBE19 Data File:
* FileName = C:\2014 Mooring Data\Casts\CAST_TH015_140801.hex
* Software Version 1.59
* Temperature SN = 2997
* Conductivity SN = 2997
* System UpLoad Time = Aug 03 2014 00:58:53
** CAST_TH015_140801
* ds
# nquan = 9                                 
# nvalues = 959                         
# units = specified
# name 0 = timeJ: Julian Days
# name 1 = prSM: Pressure, Strain Gauge [db]
# name 2 = c0mS/cm: Conductivity [mS/cm]
# name 3 = t090C: Temperature [ITS-90, deg C]
# name 4 = sbeox0ML/L: Oxygen, SBE 43 [ml/l]
# name 5 = depSM: Depth [salt water, m], lat = 47.5
# name 6 = sal00: Salinity, Practical [PSU]
# name 7 = sigma-é00: Density [sigma-theta, kg/m^3]
# name 8 = flag: flag
# span 0 = 213.919190, 213.924734       
# span 1 =     -6.185,     18.894       
# span 2 =   0.307182,  36.584419       
# span 3 =     7.4358,    16.4532       
# span 4 =    -1.7513,    17.0667       
# span 5 =     -6.133,     18.735       
# span 6 =     0.1784,    34.2300       
# span 7 =    -0.9926,    26.6381       
# span 8 = 0.0000e+00, 0.0000e+00       
# interval = seconds: 0.5
# start_time = Aug 01 2014 22:03:38 [Instrument's time stamp, header]
# bad_flag = -9.990e-29
*END*
[from data line 641]
 213.922899      0.526  35.691288     9.6364     5.3870      0.522    32.8859    25.3614 -9.990e-29
 213.922905      0.530  35.751071     9.6980     5.3431      0.526    32.8907    25.3551 -9.990e-29
 213.922911      0.534  35.868474     9.7570     5.3077      0.530    32.9567    25.3969 -9.990e-29
 213.922917      0.538  36.033892     9.8172     5.2696      0.534    33.0703    25.4758 -9.990e-29
 213.922922      0.541  36.164781     9.8382     5.2122      0.536    33.1846    25.5615 -9.990e-29
 213.922928      0.544  36.146588     9.7990     5.2170      0.539    33.2021    25.5817 -9.990e-29
 213.922934      0.546  36.001063     9.7192     5.2250      0.541    33.1269    25.5361 -9.990e-29
 213.922940      0.549  35.843950     9.6823     5.2517      0.544    33.0001    25.4431 -9.990e-29
 213.922946      0.552  35.815930     9.7549     5.3087      0.547    32.9049    25.3569 -9.990e-29
 213.922951      0.556  35.913264     9.8802     5.3809      0.551    32.8897    25.3243 -9.990e-29
 213.922957      0.561  36.008638     9.9383     5.4548      0.556    32.9337    25.3491 -9.990e-29
 213.922963      0.566  35.976080     9.9186     5.4289      0.561    32.9186    25.3405 -9.990e-29
 213.922969      0.573  35.878808     9.9458     5.3376      0.568    32.7949    25.2395 -9.990e-29
 213.922975      0.578  35.927769    10.0492     5.2847      0.573    32.7508    25.1878 -9.990e-29
 213.922980      0.576  36.090544    10.1534     5.2521      0.571    32.8211    25.2252 -9.990e-29
 213.922986      0.572  36.203049    10.2200     5.2109      0.567    32.8744    25.2556 -9.990e-29
 213.922992      0.570  36.237925    10.2259     5.1559      0.565    32.9043    25.2779 -9.990e-29
 213.922998      0.570  36.204053    10.1171     5.0927      0.565    32.9690    25.3467 -9.990e-29
 213.923003      0.572  36.044460     9.8816     5.0549      0.567    33.0220    25.4274 -9.990e-29
 213.923009      0.575  35.806185     9.6591     5.0117      0.570    32.9827    25.4333 -9.990e-29
 213.923015      0.579  35.677155     9.6091     5.0219      0.574    32.8964    25.3741 -9.990e-29
 213.923021      0.587  35.698508     9.6560     5.0125      0.582    32.8753    25.3500 -9.990e-29
 213.923027      0.592  35.717919     9.5915     5.0583      0.587    32.9543    25.4222 -9.990e-29
 213.923032      0.592  35.639450     9.4167     5.1051      0.587    33.0346    25.5132 -9.990e-29
 213.923038      0.591  35.534132     9.3072     5.1561      0.586    33.0272    25.5250 -9.990e-29
 213.923044      0.593  35.503938     9.3388     5.1939      0.588    32.9668    25.4727 -9.990e-29
 213.923050      0.598  35.544445     9.4413     5.2337      0.593    32.9141    25.4151 -9.990e-29
 213.923056      0.606  35.614198     9.5278     5.2800      0.601    32.9064    25.3951 -9.990e-29
 213.923061      0.618  35.690570     9.5708     5.3320      0.613    32.9453    25.4185 -9.990e-29
 213.923067      0.635  35.751916     9.5843     5.4166      0.630    32.9958    25.4558 -9.990e-29
 213.923073      0.658  35.777869     9.5878     5.4506      0.653    33.0192    25.4735 -9.990e-29
 213.923079      0.688  35.773257     9.5844     5.4314      0.682    33.0176    25.4728 -9.990e-29
 213.923084      0.727  35.778480     9.5772     5.2875      0.721    33.0296    25.4833 -9.990e-29
 213.923090      0.778  35.800468     9.5808     5.0086      0.772    33.0488    25.4977 -9.990e-29
 213.923096      0.844  35.850542     9.5930     4.4947      0.837    33.0889    25.5271 -9.990e-29
 213.923102      0.929  35.905072     9.5818     3.8150      0.921    33.1552    25.5807 -9.990e-29
 213.923108      1.034  35.904840     9.4840     3.1519      1.025    33.2455    25.6672 -9.990e-29
 213.923113      1.161  35.804045     9.2438     2.6096      1.151    33.3651    25.7994 0.0000e+00
 213.923119      1.319  35.588364     8.8885     2.2339      1.308    33.4744    25.9411 0.0000e+00
 213.923125      1.509  35.325995     8.5328     1.9785      1.496    33.5356    26.0441 0.0000e+00
 213.923131      1.727  35.095233     8.2890     1.8094      1.713    33.5236    26.0715 0.0000e+00
 213.923137      1.963  34.953050     8.1510     1.7284      1.947    33.5041    26.0768 0.0000e+00
 213.923142      2.213  34.883722     8.0392     1.7501      2.195    33.5371    26.1192 0.0000e+00
 213.923148      2.479  34.817748     7.9252     1.8264      2.458    33.5758    26.1664 0.0000e+00
 213.923154      2.766  34.740623     7.8297     1.9149      2.743    33.5848    26.1874 0.0000e+00
 213.923160      3.069  34.679646     7.7685     1.9762      3.043    33.5781    26.1910 0.0000e+00
 213.923166      3.384  34.644360     7.7352     2.0019      3.356    33.5721    26.1911 0.0000e+00
 213.923171      3.703  34.624698     7.7158     2.0131      3.672    33.5695    26.1918 0.0000e+00
 213.923177      4.021  34.612916     7.7009     2.0441      3.987    33.5710    26.1952 0.0000e+00
 213.923183      4.343  34.603366     7.6838     2.0554      4.307    33.5771    26.2024 0.0000e+00
 213.923189      4.675  34.591693     7.6623     2.0680      4.636    33.5851    26.2118 0.0000e+00
 213.923194      5.017  34.576885     7.6406     2.0686      4.975    33.5899    26.2187 0.0000e+00
 213.923200      5.364  34.563287     7.6231     2.0943      5.319    33.5920    26.2228 0.0000e+00
 213.923206      5.710  34.553493     7.6106     2.1307      5.662    33.5934    26.2257 0.0000e+00
 213.923212      6.046  34.545626     7.6020     2.1485      5.995    33.5930    26.2266 0.0000e+00
 213.923218      6.373  34.537013     7.5937     2.1387      6.320    33.5916    26.2267 0.0000e+00
 213.923223      6.693  34.525672     7.5812     2.1183      6.637    33.5913    26.2282 0.0000e+00
 213.923229      7.010  34.513838     7.5656     2.0937      6.951    33.5934    26.2322 0.0000e+00
 213.923235      7.328  34.504775     7.5518     2.0504      7.267    33.5968    26.2368 0.0000e+00
 213.923241      7.648  34.498146     7.5413     2.0016      7.584    33.5997    26.2405 0.0000e+00
 213.923247      7.971  34.492369     7.5327     1.9446      7.904    33.6016    26.2433 0.0000e+00
 213.923252      8.290  34.486996     7.5246     1.8985      8.221    33.6035    26.2459 0.0000e+00
 213.923258      8.610  34.482123     7.5166     1.8632      8.538    33.6058    26.2489 0.0000e+00
 213.923264      8.937  34.477388     7.5081     1.8278      8.862    33.6087    26.2524 0.0000e+00
 213.923270      9.275  34.472052     7.4986     1.8202      9.197    33.6120    26.2563 0.0000e+00
 213.923275      9.629  34.465697     7.4888     1.8299      9.548    33.6144    26.2596 0.0000e+00
 213.923281      9.991  34.459354     7.4810     1.8423      9.907    33.6150    26.2611 0.0000e+00
 213.923287     10.346  34.454627     7.4767     1.8560     10.259    33.6138    26.2609 0.0000e+00
 213.923293     10.690  34.451908     7.4763     1.8535     10.601    33.6111    26.2588 0.0000e+00
 213.923299     11.024  34.450901     7.4779     1.8645     10.932    33.6083    26.2564 0.0000e+00
 213.923304     11.344  34.451350     7.4779     1.8686     11.249    33.6086    26.2566 0.0000e+00
 213.923310     11.652  34.451576     7.4751     1.8648     11.554    33.6114    26.2592 0.0000e+00
 213.923316     11.961  34.450161     7.4717     1.8651     11.861    33.6131    26.2610 0.0000e+00
 213.923322     12.276  34.448550     7.4693     1.8693     12.173    33.6135    26.2617 0.0000e+00
 213.923328     12.600  34.447365     7.4673     1.8721     12.494    33.6140    26.2623 0.0000e+00
 213.923333     12.932  34.446113     7.4653     1.8695     12.824    33.6144    26.2630 0.0000e+00
 213.923339     13.269  34.445335     7.4639     1.8683     13.158    33.6148    26.2634 0.0000e+00
 213.923345     13.606  34.445079     7.4631     1.8856     13.492    33.6151    26.2638 0.0000e+00
 213.923351     13.938  34.444969     7.4625     1.8859     13.821    33.6154    26.2642 0.0000e+00
 213.923356     14.261  34.444822     7.4621     1.8759     14.141    33.6155    26.2643 0.0000e+00
 213.923362     14.574  34.444408     7.4616     1.8644     14.452    33.6154    26.2643 0.0000e+00
 213.923368     14.889  34.443700     7.4609     1.8526     14.764    33.6151    26.2642 0.0000e+00
 213.923374     15.212  34.443402     7.4604     1.8754     15.084    33.6151    26.2642 0.0000e+00
 213.923380     15.530  34.444204     7.4601     1.8635     15.400    33.6161    26.2651 0.0000e+00
 213.923385     15.829  34.445835     7.4597     1.8448     15.696    33.6181    26.2667 0.0000e+00
 213.923391     16.110  34.447640     7.4592     1.8329     15.975    33.6204    26.2686 0.0000e+00
 213.923397     16.384  34.449006     7.4583     1.8234     16.247    33.6227    26.2705 0.0000e+00
 213.923403     16.658  34.448349     7.4548     1.8328     16.518    33.6252    26.2730 0.0000e+00
 213.923409     16.942  34.444576     7.4480     1.8155     16.800    33.6276    26.2758 0.0000e+00
 213.923414     17.237  34.439924     7.4412     1.7968     17.092    33.6290    26.2779 0.0000e+00
 213.923420     17.531  34.437138     7.4371     1.7902     17.384    33.6298    26.2791 0.0000e+00
 213.923426     17.809  34.436403     7.4358     1.8009     17.660    33.6301    26.2796 0.0000e+00
 213.923432     18.059  34.436709     7.4363     1.8221     17.907    33.6299    26.2793 0.0000e+00
 213.923438     18.275  34.437314     7.4371     1.8261     18.122    33.6296    26.2790 0.0000e+00
 213.923443     18.453  34.438434     7.4380     1.8381     18.298    33.6299    26.2791 0.0000e+00
 213.923449     18.593  34.440416     7.4397     1.8409     18.437    33.6303    26.2792 -9.990e-29
 213.923455     18.698  34.443068     7.4421     1.8530     18.541    33.6308    26.2792 -9.990e-29
 213.923461     18.777  34.445411     7.4444     1.8492     18.619    33.6311    26.2791 -9.990e-29
 213.923466     18.832  34.446053     7.4458     1.8410     18.674    33.6304    26.2784 -9.990e-29
 213.923472     18.869  34.445825     7.4468     1.8473     18.711    33.6292    26.2773 -9.990e-29
 213.923478     18.889  34.446083     7.4480     1.8473     18.730    33.6283    26.2764 -9.990e-29
 213.923484     18.894  34.446581     7.4496     1.8434     18.735    33.6273    26.2754 -9.990e-29
 213.923490     18.884  34.447397     7.4509     1.8291     18.726    33.6269    26.2749 -9.990e-29
 213.923495     18.858  34.448473     7.4517     1.8210     18.700    33.6273    26.2751 -9.990e-29
 213.923501     18.815  34.448972     7.4515     1.8328     18.657    33.6281    26.2757 -9.990e-29
 213.923507     18.756  34.446168     7.4491     1.8432     18.599    33.6274    26.2755 -9.990e-29
 213.923513     18.686  34.440783     7.4465     1.8395     18.529    33.6241    26.2733 -9.990e-29
 213.923519     18.600  34.439081     7.4463     1.8249     18.444    33.6225    26.2721 -9.990e-29
 213.923524     18.490  34.442132     7.4479     1.8170     18.335    33.6243    26.2733 -9.990e-29
 213.923530     18.355  34.445560     7.4485     1.8290     18.201    33.6275    26.2757 0.0000e+00
 213.923536     18.210  34.446056     7.4471     1.8394     18.057    33.6295    26.2774 0.0000e+00
 213.923542     18.066  34.443695     7.4442     1.8354     17.914    33.6298    26.2781 0.0000e+00
 213.923547     17.923  34.440917     7.4423     1.8300     17.773    33.6287    26.2775 0.0000e+00
 213.923553     17.771  34.440163     7.4427     1.8338     17.622    33.6275    26.2766 0.0000e+00
 213.923559     17.606  34.441523     7.4434     1.8298     17.458    33.6284    26.2771 0.0000e+00
 213.923565     17.434  34.442296     7.4423     1.8417     17.288    33.6304    26.2789 0.0000e+00
 213.923571     17.266  34.440682     7.4396     1.8417     17.121    33.6314    26.2800 0.0000e+00
 213.923576     17.103  34.437871     7.4371     1.8389     16.960    33.6308    26.2799 0.0000e+00
 213.923582     16.943  34.436824     7.4367     1.8507     16.801    33.6301    26.2794 0.0000e+00
 213.923588     16.782  34.437802     7.4385     1.8480     16.641    33.6295    26.2787 0.0000e+00
 213.923594     16.612  34.438716     7.4403     1.8571     16.473    33.6289    26.2779 0.0000e+00
 213.923600     16.437  34.439074     7.4411     1.8477     16.299    33.6286    26.2776 0.0000e+00
 213.923605     16.261  34.439330     7.4420     1.8489     16.125    33.6281    26.2770 0.0000e+00
 213.923611     16.091  34.439801     7.4433     1.8582     15.956    33.6274    26.2763 0.0000e+00
 213.923617     15.925  34.440529     7.4444     1.8582     15.791    33.6272    26.2760 0.0000e+00
 213.923623     15.757  34.440777     7.4456     1.8701     15.625    33.6264    26.2752 0.0000e+00
 213.923628     15.592  34.440287     7.4473     1.8647     15.461    33.6243    26.2733 0.0000e+00
 213.923634     15.437  34.440065     7.4492     1.8499     15.308    33.6223    26.2714 0.0000e+00
 213.923640     15.288  34.440915     7.4512     1.8539     15.160    33.6213    26.2704 0.0000e+00
 213.923646     15.134  34.442259     7.4533     1.8604     15.007    33.6208    26.2697 0.0000e+00
 213.923652     14.970  34.443060     7.4550     1.8563     14.845    33.6201    26.2689 0.0000e+00
 213.923657     14.798  34.443236     7.4559     1.8562     14.674    33.6195    26.2683 0.0000e+00
 213.923663     14.625  34.442999     7.4561     1.8480     14.502    33.6191    26.2680 0.0000e+00
 213.923669     14.456  34.442570     7.4561     1.8547     14.335    33.6188    26.2677 0.0000e+00
 213.923675     14.294  34.442472     7.4563     1.8719     14.174    33.6185    26.2675 0.0000e+00
 213.923681     14.133  34.443112     7.4570     1.8746     14.015    33.6186    26.2675 0.0000e+00
 213.923686     13.967  34.444195     7.4581     1.8626     13.850    33.6188    26.2675 0.0000e+00
 213.923692     13.797  34.444895     7.4594     1.8425     13.681    33.6184    26.2669 0.0000e+00
 213.923698     13.627  34.444997     7.4609     1.8345     13.513    33.6171    26.2657 0.0000e+00
 213.923704     13.449  34.445175     7.4622     1.8371     13.336    33.6161    26.2648 0.0000e+00
 213.923709     13.257  34.445638     7.4635     1.8450     13.146    33.6155    26.2641 0.0000e+00
 213.923715     13.056  34.445858     7.4648     1.8595     12.947    33.6146    26.2632 0.0000e+00
 213.923721     12.858  34.445541     7.4655     1.8527     12.750    33.6136    26.2623 0.0000e+00
 213.923727     12.667  34.444802     7.4655     1.8501     12.561    33.6129    26.2618 0.0000e+00
 213.923733     12.482  34.444314     7.4652     1.8566     12.377    33.6128    26.2617 0.0000e+00
 213.923738     12.297  34.444526     7.4650     1.8659     12.194    33.6133    26.2621 0.0000e+00
 213.923744     12.110  34.445132     7.4655     1.8645     12.009    33.6135    26.2622 0.0000e+00
 213.923750     11.922  34.445793     7.4663     1.8682     11.822    33.6136    26.2622 0.0000e+00
 213.923756     11.734  34.446242     7.4669     1.8629     11.636    33.6136    26.2621 0.0000e+00
 213.923762     11.542  34.446489     7.4673     1.8602     11.445    33.6135    26.2620 0.0000e+00
 213.923767     11.343  34.446841     7.4680     1.8904     11.248    33.6133    26.2617 0.0000e+00
 213.923773     11.137  34.447179     7.4690     1.9112     11.044    33.6128    26.2612 0.0000e+00
 213.923779     10.932  34.447369     7.4694     1.9347     10.840    33.6128    26.2611 0.0000e+00
 213.923785     10.732  34.447639     7.4694     1.9412     10.642    33.6131    26.2614 0.0000e+00
 213.923791     10.538  34.447764     7.4697     1.9502     10.450    33.6131    26.2613 0.0000e+00
 213.923796     10.354  34.447887     7.4712     1.9699     10.267    33.6119    26.2601 0.0000e+00
 213.923802     10.178  34.448707     7.4734     1.9922     10.093    33.6107    26.2589 0.0000e+00
 213.923808     10.001  34.450170     7.4753     2.0238      9.917    33.6105    26.2585 0.0000e+00
 213.923814      9.823  34.451394     7.4773     2.0382      9.741    33.6100    26.2578 0.0000e+00
