data/oxygen options/ONMS/Olympic_Coast_National_Marine_Sanctuary_CTD_Data_2005_2023/raw_data/2014/CAST_TH015_140522faed.cnv
* Sea-Bird SBE19 Data File:
* FileName = C:\2014 Mooring Data\Casts\CAST_TH015_140522.hex
* Software Version 1.59
* Temperature SN = 2997
* Conductivity SN = 2997
* System UpLoad Time = May 23 2014 23:35:30
** CAST_TH015_140522
* ds
# nquan = 9                                 
# nvalues = 5668                        
# units = specified
# name 0 = timeJ: Julian Days
# name 1 = prSM: Pressure, Strain Gauge [db]
# name 2 = c0mS/cm: Conductivity [mS/cm]
# name 3 = t090C: Temperature [ITS-90, deg C]
# name 4 = sbeox0ML/L: Oxygen, SBE 43 [ml/l]
# name 5 = depSM: Depth [salt water, m], lat = 47.5
# name 6 = sal00: Salinity, Practical [PSU]
# name 7 = sigma-é00: Density [sigma-theta, kg/m^3]
# name 8 = flag: flag
# span 0 = 142.723160, 142.755955       
# span 1 =     -5.816,     16.314       
# span 2 =   0.017127,  35.339166       
# span 3 =     9.5480,    18.6115       
# span 4 =    -1.6701,    10.8725       
# span 5 =     -5.768,     16.177       
# span 6 =     0.0148,    32.4858       
# span 7 =    -1.5055,    25.0540       
# span 8 = 0.0000e+00, 0.0000e+00       
# interval = seconds: 0.5
# start_time = May 22 2014 17:21:21 [Instrument's time stamp, header]
# bad_flag = -9.990e-29
*END*
[from data line 4161]
 142.747240      0.036   0.126581    15.3061     5.6130      0.036     0.0754    -0.8872 -9.990e-29
 142.747245      0.033   0.126749    15.3179     5.6163      0.033     0.0755    -0.8889 -9.990e-29
 142.747251      0.027   0.126953    15.3280     5.6298      0.027     0.0756    -0.8904 -9.990e-29
 142.747257      0.022   0.126910    15.3339     5.6383      0.022     0.0756    -0.8914 -9.990e-29
 142.747263      0.019   0.126566    15.3367     5.6404      0.019     0.0754    -0.8920 -9.990e-29
 142.747269      0.016   0.126019    15.3384     5.6316      0.016     0.0750    -0.8925 -9.990e-29
 142.747274      0.014   0.125650    15.3366     5.6265      0.014     0.0748    -0.8923 -9.990e-29
 142.747280      0.013   0.125522    15.3297     5.6279      0.013     0.0748    -0.8913 -9.990e-29
 142.747286      0.012   0.125466    15.3183     5.6314      0.012     0.0748    -0.8896 -9.990e-29
 142.747292      0.012   0.125410    15.3007     5.6359      0.012     0.0748    -0.8869 -9.990e-29
 142.747297      0.012   0.125281    15.2772     5.6350      0.012     0.0747    -0.8833 -9.990e-29
 142.747303      0.012   0.124907    15.2522     5.6350      0.012     0.0745    -0.8795 -9.990e-29
 142.747309      0.014   0.124346    15.2301     5.6352      0.014     0.0742    -0.8764 -9.990e-29
 142.747315      0.015   0.123961    15.2130     5.6351      0.015     0.0740    -0.8739 -9.990e-29
 142.747321      0.017   0.123796    15.2006     5.6340      0.017     0.0740    -0.8721 -9.990e-29
 142.747326      0.020   0.123632    15.1907     5.6337      0.020     0.0739    -0.8706 -9.990e-29
 142.747332      0.024   0.123252    15.1808     5.6337      0.024     0.0737    -0.8692 -9.990e-29
 142.747338      0.030   0.122705    15.1724     5.6326      0.030     0.0734    -0.8682 -9.990e-29
 142.747344      0.036   0.122372    15.1682     5.6219      0.036     0.0732    -0.8677 -9.990e-29
 142.747350      0.041   0.122366    15.1678     5.6253      0.041     0.0732    -0.8676 -9.990e-29
 142.747355      0.039   0.122679    15.1682     5.6174      0.039     0.0734    -0.8676 -9.990e-29
 142.747361      0.035   0.123178    15.1689     5.6235      0.035     0.0737    -0.8674 -9.990e-29
 142.747367      0.033   0.123419    15.1715     5.6168      0.033     0.0738    -0.8677 -9.990e-29
 142.747373      0.032   0.123169    15.1758     5.6189      0.032     0.0736    -0.8685 -9.990e-29
 142.747378      0.034   0.122652    15.1803     5.6206      0.034     0.0733    -0.8694 -9.990e-29
 142.747384      0.037   0.122290    15.1863     5.6093      0.037     0.0731    -0.8705 -9.990e-29
 142.747390      0.042   0.122157    15.1977     5.6076      0.042     0.0730    -0.8723 -9.990e-29
 142.747396      0.050   0.122076    15.2148     5.6103      0.050     0.0730    -0.8750 -9.990e-29
 142.747402      0.056   0.121939    15.2337     5.6126      0.056     0.0729    -0.8780 -9.990e-29
 142.747407      0.057   0.121568    15.2519     5.6071      0.057     0.0726    -0.8810 -9.990e-29
 142.747413      0.057   0.121023    15.2700     5.6100      0.057     0.0723    -0.8840 -9.990e-29
 142.747419      0.056   0.120689    15.2884     5.6002      0.056     0.0721    -0.8870 -9.990e-29
 142.747425      0.050   0.120678    15.3062     5.6005      0.050     0.0720    -0.8898 -9.990e-29
 142.747431      0.042   0.120975    15.3226     5.6049      0.042     0.0722    -0.8922 -9.990e-29
 142.747436      0.037   0.121422    15.3375     5.6054      0.037     0.0724    -0.8944 -9.990e-29
 142.747442      0.033   0.121507    15.3512     5.6117      0.033     0.0724    -0.8965 -9.990e-29
 142.747448      0.032   0.121347    15.3641     5.6114      0.032     0.0723    -0.8986 -9.990e-29
 142.747454      0.032   0.121284    15.3763     5.6107      0.032     0.0723    -0.9005 -9.990e-29
 142.747459      0.033   0.121234    15.3867     5.6110      0.033     0.0722    -0.9021 -9.990e-29
 142.747465      0.037   0.121132    15.3934     5.6130      0.037     0.0722    -0.9032 -9.990e-29
 142.747471      0.043   0.120846    15.3944     5.6136      0.043     0.0720    -0.9035 -9.990e-29
 142.747477      0.046   0.120549    15.3878     5.6130      0.046     0.0718    -0.9026 -9.990e-29
 142.747483      0.044   0.120400    15.3743     5.6124      0.044     0.0718    -0.9006 -9.990e-29
 142.747488      0.040   0.120202    15.3581     5.6106      0.040     0.0717    -0.8981 -9.990e-29
 142.747494      0.038   0.119878    15.3456     5.6025      0.038     0.0715    -0.8963 -9.990e-29
 142.747500      0.038   0.119552    15.3402     5.6081      0.038     0.0713    -0.8956 -9.990e-29
 142.747506      0.041   0.119530    15.3386     5.6112      0.041     0.0713    -0.8954 -9.990e-29
 142.747512      0.046   0.119783    15.3348     5.6058      0.046     0.0715    -0.8947 -9.990e-29
 142.747517      0.053   0.119723    15.3286     5.6155      0.053     0.0714    -0.8937 -9.990e-29
 142.747523      0.059   0.119271    15.3249     5.6146      0.059     0.0712    -0.8934 -9.990e-29
 142.747529      0.060   0.118935    15.3265     5.6094      0.059     0.0710    -0.8938 -9.990e-29
 142.747535      0.060   0.118822    15.3321     5.6177      0.059     0.0709    -0.8947 -9.990e-29
 142.747541      0.059   0.118780    15.3385     5.6077      0.059     0.0709    -0.8957 -9.990e-29
 142.747546      0.054   0.118755    15.3424     5.6151      0.054     0.0709    -0.8963 -9.990e-29
 142.747552      0.047   0.118713    15.3421     5.6094      0.047     0.0708    -0.8963 -9.990e-29
 142.747558      0.042   0.118601    15.3376     5.6119      0.042     0.0708    -0.8956 -9.990e-29
 142.747564      0.040   0.118267    15.3298     5.6069      0.040     0.0706    -0.8946 -9.990e-29
 142.747569      0.041   0.117821    15.3203     5.6094      0.041     0.0704    -0.8933 -9.990e-29
 142.747575      0.043   0.117780    15.3118     5.6117      0.043     0.0703    -0.8920 -9.990e-29
 142.747581      0.048   0.118088    15.3061     5.6001      0.048     0.0705    -0.8910 -9.990e-29
 142.747587      0.052   0.118046    15.3034     5.5979      0.052     0.0705    -0.8906 -9.990e-29
 142.747593      0.050   0.117601    15.3046     5.5947      0.050     0.0703    -0.8909 -9.990e-29
 142.747598      0.047   0.117267    15.3103     5.5978      0.047     0.0701    -0.8920 -9.990e-29
 142.747604      0.046   0.117156    15.3200     5.6023      0.046     0.0700    -0.8935 -9.990e-29
 142.747610      0.047   0.117118    15.3313     5.6033      0.047     0.0699    -0.8953 -9.990e-29
 142.747616      0.052   0.117104    15.3427     5.6023      0.052     0.0699    -0.8971 -9.990e-29
 142.747622      0.059   0.117095    15.3551     5.6006      0.059     0.0699    -0.8990 -9.990e-29
 142.747627      0.070   0.117080    15.3685     5.5937      0.069     0.0699    -0.9011 -9.990e-29
 142.747633      0.081   0.117038    15.3814     5.5919      0.080     0.0698    -0.9032 -9.990e-29
 142.747639      0.084   0.116915    15.3902     5.5990      0.083     0.0697    -0.9046 -9.990e-29
 142.747645      0.078   0.116545    15.3915     5.6018      0.077     0.0695    -0.9050 -9.990e-29
 142.747650      0.073   0.115990    15.3875     5.5959      0.072     0.0692    -0.9046 -9.990e-29
 142.747656      0.069   0.115620    15.3823     5.5986      0.068     0.0690    -0.9040 -9.990e-29
 142.747662      0.059   0.115496    15.3799     5.5951      0.059     0.0689    -0.9036 -9.990e-29
 142.747668      0.049   0.115455    15.3829     5.5885      0.049     0.0689    -0.9041 -9.990e-29
 142.747674      0.042   0.115441    15.3872     5.5872      0.042     0.0689    -0.9048 -9.990e-29
 142.747679      0.036   0.115436    15.3887     5.5917      0.036     0.0689    -0.9050 -9.990e-29
 142.747685      0.033   0.115434    15.3904     5.5896      0.033     0.0689    -0.9053 -9.990e-29
 142.747691      0.032   0.115431    15.3959     5.5922      0.032     0.0689    -0.9062 -9.990e-29
 142.747697      0.032   0.115426    15.4050     5.5898      0.032     0.0689    -0.9076 -9.990e-29
 142.747703      0.035   0.115413    15.4167     5.5935      0.035     0.0689    -0.9094 -9.990e-29
 142.747708      0.039   0.115372    15.4288     5.5965      0.039     0.0688    -0.9114 -9.990e-29
 142.747714      0.041   0.115250    15.4392     5.5871      0.041     0.0687    -0.9130 -9.990e-29
 142.747720      0.036   0.114883    15.4471     5.5827      0.036     0.0685    -0.9144 -9.990e-29
 142.747726      0.029   0.114337    15.4514     5.5775      0.029     0.0682    -0.9154 -9.990e-29
 142.747731      0.024   0.113994    15.4496     5.5789      0.024     0.0680    -0.9152 -9.990e-29
 142.747737      0.020   0.113952    15.4438     5.5840      0.020     0.0680    -0.9143 -9.990e-29
 142.747743      0.017   0.114158    15.4411     5.5868      0.017     0.0681    -0.9138 -9.990e-29
 142.747749      0.014   0.114330    15.4465     5.5995      0.014     0.0682    -0.9146 -9.990e-29
 142.747755      0.012   0.114143    15.4596     5.5975      0.012     0.0681    -0.9167 -9.990e-29
 142.747760      0.011   0.113904    15.4754     5.6052      0.011     0.0679    -0.9193 -9.990e-29
 142.747766      0.010   0.113849    15.4884     5.5985      0.010     0.0679    -0.9214 -9.990e-29
 142.747772      0.009   0.113903    15.4977     5.6025      0.009     0.0679    -0.9228 -9.990e-29
 142.747778      0.009   0.114140    15.5038     5.5899      0.009     0.0680    -0.9237 -9.990e-29
 142.747784      0.008   0.114322    15.5032     5.5830      0.008     0.0681    -0.9235 -9.990e-29
 142.747789      0.008   0.114135    15.4921     5.5835      0.008     0.0680    -0.9219 -9.990e-29
 142.747795      0.008   0.113888    15.4699     5.5925      0.008     0.0679    -0.9185 -9.990e-29
 142.747801      0.009   0.113806    15.4410     5.6021      0.009     0.0679    -0.9140 -9.990e-29
 142.747807      0.009   0.113778    15.4143     5.5935      0.009     0.0679    -0.9098 -9.990e-29
 142.747813      0.010   0.113769    15.3959     5.5886      0.010     0.0679    -0.9069 -9.990e-29
 142.747818      0.012   0.113764    15.3862     5.5857      0.012     0.0680    -0.9054 -9.990e-29
 142.747824      0.013   0.113760    15.3839     5.5885      0.013     0.0680    -0.9050 -9.990e-29
 142.747830      0.015   0.113750    15.3873     5.5941      0.015     0.0679    -0.9056 -9.990e-29
 142.747836      0.018   0.113722    15.3936     5.5957      0.018     0.0679    -0.9066 -9.990e-29
 142.747841      0.022   0.113638    15.3983     5.6064      0.022     0.0679    -0.9073 -9.990e-29
 142.747847      0.027   0.113387    15.3992     5.6053      0.027     0.0677    -0.9076 -9.990e-29
 142.747853      0.033   0.113188    15.4000     5.6074      0.033     0.0676    -0.9078 -9.990e-29
 142.747859      0.041   0.113332    15.4029     5.6150      0.041     0.0677    -0.9082 -9.990e-29
 142.747865      0.047   0.113455    15.4042     5.6149      0.047     0.0678    -0.9083 -9.990e-29
 142.747870      0.047   0.113167    15.4003     5.6097      0.047     0.0676    -0.9079 -9.990e-29
 142.747876      0.046   0.112639    15.3913     5.6120      0.046     0.0673    -0.9067 -9.990e-29
 142.747882      0.047   0.112278    15.3782     5.6003      0.047     0.0671    -0.9048 -9.990e-29
 142.747888      0.051   0.112156    15.3603     5.5985      0.051     0.0671    -0.9020 -9.990e-29
 142.747894      0.054   0.112111    15.3355     5.6067      0.054     0.0671    -0.8982 -9.990e-29
 142.747899      0.050   0.112084    15.3059     5.5975      0.050     0.0671    -0.8936 -9.990e-29
 142.747905      0.046   0.112038    15.2802     5.5986      0.046     0.0671    -0.8896 -9.990e-29
 142.747911      0.044   0.111913    15.2657     5.5887      0.044     0.0670    -0.8874 -9.990e-29
 142.747917      0.045   0.111542    15.2631     5.5852      0.045     0.0668    -0.8872 -9.990e-29
 142.747922      0.048   0.110987    15.2694     5.6053      0.048     0.0665    -0.8884 -9.990e-29
 142.747928      0.050   0.110617    15.2810     5.6112      0.050     0.0663    -0.8904 -9.990e-29
 142.747934      0.046   0.110495    15.2949     5.6073      0.046     0.0662    -0.8926 -9.990e-29
 142.747940      0.040   0.110457    15.3090     5.5972      0.040     0.0662    -0.8948 -9.990e-29
 142.747946      0.037   0.110452    15.3217     5.5900      0.037     0.0661    -0.8968 -9.990e-29
 142.747951      0.036   0.110475    15.3316     5.6010      0.036     0.0661    -0.8983 -9.990e-29
 142.747957      0.036   0.110555    15.3377     5.6093      0.036     0.0662    -0.8992 -9.990e-29
 142.747963      0.039   0.110801    15.3398     5.6042      0.039     0.0663    -0.8994 -9.990e-29
 142.747969      0.044   0.110985    15.3389     5.5984      0.044     0.0664    -0.8992 -9.990e-29
 142.747975      0.051   0.110799    15.3363     5.6010      0.051     0.0663    -0.8989 -9.990e-29
 142.747980      0.057   0.110551    15.3317     5.5950      0.057     0.0662    -0.8983 -9.990e-29
 142.747986      0.057   0.110464    15.3219     5.6047      0.057     0.0661    -0.8968 -9.990e-29
 142.747992      0.057   0.110423    15.3058     5.6070      0.057     0.0661    -0.8943 -9.990e-29
 142.747998      0.055   0.110374    15.2894     5.6048      0.055     0.0661    -0.8918 -9.990e-29
 142.748003      0.048   0.110251    15.2791     5.6080      0.048     0.0661    -0.8902 -9.990e-29
 142.748009      0.040   0.109890    15.2764     5.5973      0.040     0.0659    -0.8900 -9.990e-29
 142.748015      0.034   0.109367    15.2815     5.6042      0.034     0.0656    -0.8910 -9.990e-29
 142.748021      0.030   0.109092    15.2920     5.6091      0.030     0.0654    -0.8928 -9.990e-29
 142.748027      0.027   0.109255    15.3036     5.6055      0.027     0.0655    -0.8945 -9.990e-29
 142.748032      0.026   0.109517    15.3121     5.6070      0.026     0.0656    -0.8957 -9.990e-29
 142.748038      0.026   0.109675    15.3131     5.6026      0.026     0.0657    -0.8958 -9.990e-29
 142.748044      0.027   0.109937    15.3080     5.6034      0.027     0.0659    -0.8949 -9.990e-29
 142.748050      0.030   0.110099    15.3016     5.6067      0.030     0.0660    -0.8938 -9.990e-29
 142.748056      0.034   0.109823    15.2939     5.6058      0.034     0.0658    -0.8927 -9.990e-29
 142.748061      0.040   0.109297    15.2841     5.6049      0.040     0.0655    -0.8914 -9.990e-29
 142.748067      0.045   0.108928    15.2710     5.6037      0.045     0.0653    -0.8896 -9.990e-29
 142.748073      0.043   0.108781    15.2543     5.6018      0.043     0.0653    -0.8871 -9.990e-29
 142.748079      0.039   0.108658    15.2385     5.6002      0.039     0.0652    -0.8847 -9.990e-29
 142.748084      0.037   0.108398    15.2293     5.5986      0.037     0.0651    -0.8834 -9.990e-29
 142.748090      0.038   0.108208    15.2285     5.5909      0.038     0.0650    -0.8833 -9.990e-29
 142.748096      0.040   0.108390    15.2332     5.5973      0.040     0.0651    -0.8840 -9.990e-29
 142.748102      0.045   0.108632    15.2396     5.5918      0.045     0.0652    -0.8848 -9.990e-29
 142.748108      0.048   0.108702    15.2468     5.6021      0.048     0.0652    -0.8859 -9.990e-29
 142.748113      0.045   0.108692    15.2554     5.6015      0.045     0.0652    -0.8873 -9.990e-29
 142.748119      0.040   0.108590    15.2663     5.5992      0.040     0.0651    -0.8890 -9.990e-29
 142.748125      0.038   0.108260    15.2788     5.6112      0.038     0.0649    -0.8911 -9.990e-29
 142.748131      0.038   0.107816    15.2908     5.6054      0.038     0.0647    -0.8931 -9.990e-29
 142.748137      0.039   0.107776    15.2992     5.6174      0.039     0.0646    -0.8945 -9.990e-29
 142.748142      0.043   0.108089    15.3015     5.6202      0.043     0.0648    -0.8947 -9.990e-29
 142.748148      0.046   0.108061    15.2981     5.6187      0.046     0.0648    -0.8942 -9.990e-29
 142.748154      0.042   0.107656    15.2887     5.6115      0.042     0.0646    -0.8929 -9.990e-29
