data/oxygen options/ONMS/Olympic_Coast_National_Marine_Sanctuary_CTD_Data_2005_2023/raw_data/2014/CAST_MB015_141007faed.cnv
* Sea-Bird SBE19 Data File:
* FileName = C:\2014 Mooring Data\Casts\CAST_MB015_141007.hex
* Software Version 1.59
* Temperature SN = 2997
* Conductivity SN = 2997
* System UpLoad Time = Oct 07 2014 19:58:42
** CAST_MB015_141007
* ds
# nquan = 9                                 
# nvalues = 1123                        
# units = specified
# name 0 = timeJ: Julian Days
# name 1 = prSM: Pressure, Strain Gauge [db]
# name 2 = c0mS/cm: Conductivity [mS/cm]
# name 3 = t090C: Temperature [ITS-90, deg C]
# name 4 = sbeox0ML/L: Oxygen, SBE 43 [ml/l]
# name 5 = depSM: Depth [salt water, m], lat = 47.5
# name 6 = sal00: Salinity, Practical [PSU]
# name 7 = sigma-é00: Density [sigma-theta, kg/m^3]
# name 8 = flag: flag
# span 0 = 280.824016, 280.830509       
# span 1 =     -4.824,     13.410       
# span 2 =   0.478843,  38.579404       
# span 3 =    13.3235,    15.7367       
# span 4 =    -1.7810,    18.3743       
# span 5 =     -4.784,     13.298       
# span 6 =     0.2869,    31.9321       
# span 7 =    -0.7265,    23.9474       
# span 8 = 0.0000e+00, 0.0000e+00       
# interval = seconds: 0.5
# start_time = Oct 07 2014 19:46:35 [Instrument's time stamp, header]
# bad_flag = -9.990e-29
*END*
[from data line 641]
 280.827726      0.150   0.772996    15.6819     6.5634      0.149     0.4665    -0.6437 -9.990e-29
 280.827731      0.151   0.770209    15.6810     6.5697      0.150     0.4648    -0.6449 -9.990e-29
 280.827737      0.148   0.764150    15.6781     6.5706      0.147     0.4610    -0.6474 -9.990e-29
 280.827743      0.149   0.758418    15.6728     6.5761      0.148     0.4575    -0.6492 -9.990e-29
 280.827749      0.156   0.755932    15.6657     6.5768      0.155     0.4560    -0.6493 -9.990e-29
 280.827755      0.159   0.760051    15.6585     6.5734      0.158     0.4587    -0.6460 -9.990e-29
 280.827760      0.159   0.769591    15.6505     6.5735      0.158     0.4647    -0.6401 -9.990e-29
 280.827766      0.161   0.781700    15.6406     6.5670      0.160     0.4725    -0.6326 -9.990e-29
 280.827772      0.160   0.799730    15.6303     6.5655      0.159     0.4839    -0.6221 -9.990e-29
 280.827778      0.155   0.822694    15.6209     6.5749      0.154     0.4985    -0.6093 -9.990e-29
 280.827784      0.151   0.843949    15.6123     6.5795      0.150     0.5120    -0.5975 -9.990e-29
 280.827789      0.149   0.861801    15.6028     6.5838      0.148     0.5233    -0.5872 -9.990e-29
 280.827795      0.146   0.875027    15.5913     6.5829      0.145     0.5319    -0.5788 -9.990e-29
 280.827801      0.144   0.882350    15.5797     5.4800      0.143     0.5366    -0.5733 -9.990e-29
 280.827807      0.143   0.885744    15.5700     5.4999      0.142     0.5389    -0.5700 -9.990e-29
 280.827812      0.141   0.890847    15.5613     5.5071      0.140     0.5423    -0.5661 -9.990e-29
 280.827818      0.144   0.906131    15.5528     5.5115      0.143     0.5521    -0.5571 -9.990e-29
 280.827824      0.151   0.934732    15.5445     5.5284      0.150     0.5703    -0.5417 -9.990e-29
 280.827830      0.160   0.983081    15.5358     5.5602      0.159     0.6012    -0.5165 -9.990e-29
 280.827836      0.169   1.092839    15.5246     5.6161      0.168     0.6716    -0.4604 -9.990e-29
 280.827841      0.180   1.402561    15.5043     5.6827      0.178     0.8723    -0.3024 -9.990e-29
 280.827847      0.194   2.332996    15.4575     5.7638      0.192     1.4910     0.1818 -9.990e-29
 280.827853      0.207   5.131397    15.3631     5.7311      0.205     3.4485     1.7017 -9.990e-29
 280.827859      0.216  13.512276    15.2410     5.5483      0.214     9.7894     6.5803 -9.990e-29
 280.827865      0.225  26.065392    15.1415     5.3006      0.223    20.0786    14.4757 -9.990e-29
 280.827870      0.244  34.414508    15.0778     5.1014      0.242    27.3197    20.0440 -9.990e-29
 280.827876      0.274  37.178639    15.0357     5.0580      0.272    29.7965    21.9568 -9.990e-29
 280.827882      0.307  38.088163    15.0076     5.1373      0.304    30.6300    22.6040 -9.990e-29
 280.827888      0.343  38.382688    14.9926     5.2315      0.340    30.9055    22.8192 -9.990e-29
 280.827894      0.384  38.474525    14.9905     5.2527      0.381    30.9895    22.8843 -9.990e-29
 280.827899      0.431  38.500685    14.9952     5.1869      0.427    31.0092    22.8984 -9.990e-29
 280.827905      0.484  38.508925    14.9986     5.1683      0.480    31.0138    22.9013 -9.990e-29
 280.827911      0.537  38.511881    14.9966     5.2129      0.533    31.0181    22.9050 -9.990e-29
 280.827917      0.590  38.512337    14.9915     5.2728      0.585    31.0225    22.9095 -9.990e-29
 280.827922      0.642  38.510305    14.9877     5.2848      0.637    31.0237    22.9112 -9.990e-29
 280.827928      0.687  38.505847    14.9894     5.1867      0.681    31.0183    22.9067 -9.990e-29
 280.827934      0.724  38.503089    14.9968     5.0388      0.718    31.0099    22.8987 -9.990e-29
 280.827940      0.756  38.502247    15.0009     4.9095      0.750    31.0059    22.8948 -9.990e-29
 280.827946      0.784  38.501601    14.9944     4.7943      0.777    31.0105    22.8996 -9.990e-29
 280.827951      0.810  38.499697    14.9823     4.7131      0.803    31.0184    22.9083 -9.990e-29
 280.827957      0.836  38.500699    14.9741     4.6638      0.829    31.0258    22.9157 -9.990e-29
 280.827963      0.863  38.512085    14.9735     4.6493      0.856    31.0365    22.9241 -9.990e-29
 280.827969      0.894  38.527095    14.9787     4.6554      0.887    31.0458    22.9301 -9.990e-29
 280.827975      0.925  38.531450    14.9838     4.6365      0.917    31.0456    22.9289 -9.990e-29
 280.827980      0.955  38.522498    14.9823     4.5949      0.947    31.0388    22.9240 -9.990e-29
 280.827986      0.986  38.511853    14.9748     4.5257      0.978    31.0352    22.9228 -9.990e-29
 280.827992      1.014  38.511681    14.9679     4.4475      1.006    31.0405    22.9284 -9.990e-29
 280.827998      1.039  38.520595    14.9661     4.3778      1.030    31.0499    22.9360 -9.990e-29
 280.828003      1.060  38.530787    14.9694     4.3121      1.051    31.0564    22.9403 -9.990e-29
 280.828009      1.080  38.537278    14.9733     4.2544      1.071    31.0591    22.9416 -9.990e-29
 280.828015      1.100  38.542507    14.9734     4.2137      1.091    31.0637    22.9451 -9.990e-29
 280.828021      1.120  38.549482    14.9693     4.1753      1.111    31.0732    22.9533 -9.990e-29
 280.828027      1.143  38.556799    14.9647     4.1509      1.133    31.0835    22.9621 -9.990e-29
 280.828032      1.166  38.562948    14.9633     4.1527      1.156    31.0901    22.9675 -9.990e-29
 280.828038      1.185  38.566545    14.9672     4.1881      1.175    31.0902    22.9668 -9.990e-29
 280.828044      1.207  38.569539    14.9743     4.2497      1.197    31.0872    22.9630 -9.990e-29
 280.828050      1.232  38.571956    14.9788     4.2940      1.222    31.0858    22.9609 -9.990e-29
 280.828056      1.254  38.573055    14.9769     4.2829      1.244    31.0883    22.9633 -9.990e-29
 280.828061      1.270  38.574265    14.9715     4.2489      1.259    31.0937    22.9686 -9.990e-29
 280.828067      1.281  38.577164    14.9687     4.1960      1.270    31.0985    22.9729 -9.990e-29
 280.828073      1.287  38.579404    14.9711     4.1517      1.276    31.0986    22.9724 -9.990e-29
 280.828079      1.293  38.574949    14.9742     4.1345      1.282    31.0921    22.9668 -9.990e-29
 280.828084      1.304  38.562876    14.9723     4.1340      1.293    31.0828    22.9600 -9.990e-29
 280.828090      1.317  38.551204    14.9674     4.1560      1.306    31.0762    22.9560 -9.990e-29
 280.828096      1.327  38.549044    14.9653     4.2052      1.316    31.0760    22.9562 -9.990e-29
 280.828102      1.335  38.546739    14.9672     4.2575      1.324    31.0724    22.9531 -9.990e-29
 280.828108      1.342  38.539494    14.9714     4.2887      1.331    31.0625    22.9446 -9.990e-29
 280.828113      1.349  38.538954    14.9737     4.2711      1.338    31.0602    22.9423 -9.990e-29
 280.828119      1.356  38.542677    14.9713     4.2229      1.345    31.0655    22.9469 -9.990e-29
 280.828125      1.363  38.546608    14.9676     4.1668      1.352    31.0719    22.9526 -9.990e-29
 280.828131      1.370  38.550901    14.9664     4.1370      1.359    31.0767    22.9566 -9.990e-29
 280.828137      1.379  38.552818    14.9679     4.1344      1.367    31.0773    22.9567 -9.990e-29
 280.828142      1.385  38.553758    14.9707     4.1059      1.373    31.0759    22.9550 -9.990e-29
 280.828148      1.385  38.554936    14.9733     4.0559      1.373    31.0749    22.9537 -9.990e-29
 280.828154      1.382  38.555642    14.9741     3.9943      1.370    31.0749    22.9535 -9.990e-29
 280.828160      1.381  38.556220    14.9728     3.9243      1.369    31.0764    22.9550 -9.990e-29
 280.828166      1.383  38.557968    14.9715     3.8908      1.371    31.0790    22.9573 -9.990e-29
 280.828171      1.386  38.558126    14.9717     3.8684      1.374    31.0790    22.9572 -9.990e-29
 280.828177      1.391  38.556309    14.9732     3.8622      1.379    31.0762    22.9547 -9.990e-29
 280.828183      1.399  38.557357    14.9756     3.8747      1.387    31.0752    22.9535 -9.990e-29
 280.828189      1.406  38.559825    14.9776     3.8944      1.394    31.0758    22.9535 -9.990e-29
 280.828194      1.408  38.561915    14.9785     3.9073      1.396    31.0770    22.9542 -9.990e-29
 280.828200      1.408  38.563570    14.9784     3.9080      1.396    31.0785    22.9554 -9.990e-29
 280.828206      1.409  38.562468    14.9779     3.9062      1.397    31.0780    22.9551 -9.990e-29
 280.828212      1.404  38.559919    14.9770     3.9281      1.392    31.0764    22.9541 -9.990e-29
 280.828218      1.398  38.557561    14.9761     3.9933      1.386    31.0750    22.9532 -9.990e-29
 280.828223      1.395  38.554498    14.9753     4.0580      1.383    31.0729    22.9517 -9.990e-29
 280.828229      1.395  38.551149    14.9739     4.0978      1.383    31.0710    22.9506 -9.990e-29
 280.828235      1.397  38.550929    14.9716     4.1593      1.385    31.0726    22.9523 -9.990e-29
 280.828241      1.403  38.553562    14.9699     4.2511      1.391    31.0763    22.9555 -9.990e-29
 280.828247      1.407  38.552469    14.9708     4.3855      1.395    31.0746    22.9540 -9.990e-29
 280.828252      1.407  38.543963    14.9732     4.5405      1.395    31.0651    22.9462 -9.990e-29
 280.828258      1.405  38.531319    14.9733     4.6821      1.393    31.0537    22.9374 -9.990e-29
 280.828264      1.407  38.520163    14.9699     4.8383      1.395    31.0464    22.9325 -9.990e-29
 280.828270      1.413  38.511924    14.9660     4.9779      1.401    31.0421    22.9300 -9.990e-29
 280.828275      1.418  38.505181    14.9649     5.0702      1.406    31.0369    22.9262 -9.990e-29
 280.828281      1.418  38.497702    14.9664     5.0994      1.406    31.0290    22.9198 -9.990e-29
 280.828287      1.415  38.487393    14.9676     5.0644      1.403    31.0188    22.9117 -9.990e-29
 280.828293      1.407  38.478495    14.9667     5.0044      1.395    31.0115    22.9063 -9.990e-29
 280.828299      1.398  38.476572    14.9652     4.9829      1.386    31.0110    22.9063 -9.990e-29
 280.828304      1.392  38.475709    14.9655     4.9893      1.380    31.0100    22.9054 -9.990e-29
 280.828310      1.388  38.469718    14.9679     4.9935      1.376    31.0027    22.8993 -9.990e-29
 280.828316      1.386  38.464670    14.9701     4.9665      1.374    30.9964    22.8940 -9.990e-29
 280.828322      1.387  38.462276    14.9704     4.9363      1.375    30.9941    22.8921 -9.990e-29
 280.828328      1.390  38.458801    14.9688     4.9125      1.378    30.9922    22.8910 -9.990e-29
 280.828333      1.396  38.455807    14.9665     4.9277      1.384    30.9913    22.8908 -9.990e-29
 280.828339      1.404  38.454374    14.9646     4.9341      1.392    30.9916    22.8914 -9.990e-29
 280.828345      1.416  38.453732    14.9645     4.9361      1.404    30.9911    22.8911 -9.990e-29
 280.828351      1.427  38.453042    14.9662     4.9521      1.415    30.9891    22.8892 -9.990e-29
 280.828356      1.435  38.451403    14.9680     4.9874      1.423    30.9862    22.8866 -9.990e-29
 280.828362      1.443  38.449454    14.9681     5.0385      1.431    30.9844    22.8851 -9.990e-29
 280.828368      1.454  38.448548    14.9663     5.0635      1.442    30.9850    22.8860 -9.990e-29
 280.828374      1.457  38.448617    14.9644     5.0256      1.445    30.9865    22.8876 -9.990e-29
 280.828380      1.455  38.448087    14.9644     4.9668      1.443    30.9861    22.8872 -9.990e-29
 280.828385      1.455  38.446270    14.9659     4.9461      1.443    30.9832    22.8847 -9.990e-29
 280.828391      1.457  38.444128    14.9666     4.9880      1.445    30.9808    22.8827 -9.990e-29
 280.828397      1.458  38.442755    14.9651     5.0874      1.446    30.9807    22.8830 -9.990e-29
 280.828403      1.461  38.443147    14.9631     5.1648      1.449    30.9827    22.8849 -9.990e-29
 280.828409      1.466  38.444161    14.9630     5.1667      1.454    30.9836    22.8857 -9.990e-29
 280.828414      1.470  38.443236    14.9649     5.1080      1.458    30.9813    22.8835 -9.990e-29
 280.828420      1.478  38.441402    14.9667     5.0212      1.466    30.9782    22.8807 -9.990e-29
 280.828426      1.489  38.440723    14.9668     4.9986      1.477    30.9775    22.8802 -9.990e-29
 280.828432      1.495  38.440876    14.9655     5.0700      1.483    30.9787    22.8813 -9.990e-29
 280.828438      1.494  38.440959    14.9638     5.2105      1.482    30.9801    22.8828 -9.990e-29
 280.828443      1.490  38.440539    14.9633     5.3564      1.478    30.9802    22.8829 -9.990e-29
 280.828449      1.489  38.439636    14.9642     5.4327      1.477    30.9786    22.8816 -9.990e-29
 280.828455      1.494  38.438749    14.9650     5.4116      1.482    30.9772    22.8803 -9.990e-29
 280.828461      1.494  38.438399    14.9644     5.3518      1.482    30.9774    22.8805 -9.990e-29
 280.828466      1.491  38.438136    14.9632     5.3525      1.479    30.9781    22.8813 -9.990e-29
 280.828472      1.492  38.437066    14.9629     5.4018      1.480    30.9774    22.8808 -9.990e-29
 280.828478      1.497  38.435464    14.9637     5.3935      1.485    30.9753    22.8791 -9.990e-29
 280.828484      1.503  38.434584    14.9652     5.3341      1.490    30.9733    22.8772 -9.990e-29
 280.828490      1.511  38.434952    14.9668     5.3358      1.498    30.9724    22.8762 -9.990e-29
 280.828495      1.520  38.435954    14.9684     5.4109      1.507    30.9720    22.8755 -9.990e-29
 280.828501      1.531  38.436699    14.9704     5.4884      1.518    30.9711    22.8744 -9.990e-29
 280.828507      1.540  38.437075    14.9720     5.4861      1.527    30.9701    22.8734 -9.990e-29
 280.828513      1.545  38.437602    14.9717     5.4707      1.532    30.9708    22.8740 -9.990e-29
 280.828519      1.548  38.437877    14.9697     5.4994      1.535    30.9727    22.8758 -9.990e-29
 280.828524      1.556  38.437165    14.9675     5.5487      1.543    30.9738    22.8771 -9.990e-29
 280.828530      1.564  38.435656    14.9660     5.5702      1.551    30.9736    22.8773 -9.990e-29
 280.828536      1.568  38.434163    14.9650     5.5425      1.555    30.9731    22.8771 -9.990e-29
 280.828542      1.569  38.433520    14.9644     5.5095      1.556    30.9730    22.8771 -9.990e-29
 280.828547      1.567  38.434013    14.9646     5.5063      1.554    30.9732    22.8773 -9.990e-29
 280.828553      1.565  38.435193    14.9655     5.5362      1.552    30.9736    22.8774 -9.990e-29
 280.828559      1.569  38.436406    14.9668     5.5581      1.556    30.9736    22.8772 -9.990e-29
 280.828565      1.573  38.437043    14.9668     5.5520      1.560    30.9742    22.8776 -9.990e-29
 280.828571      1.575  38.435725    14.9635     5.4946      1.562    30.9756    22.8794 -9.990e-29
 280.828576      1.573  38.431834    14.9588     5.4636      1.560    30.9759    22.8806 -9.990e-29
 280.828582      1.569  38.427502    14.9566     5.4671      1.556    30.9737    22.8794 -9.990e-29
 280.828588      1.561  38.425393    14.9582     5.5069      1.548    30.9706    22.8766 -9.990e-29
 280.828594      1.549  38.426081    14.9621     5.5735      1.536    30.9681    22.8739 -9.990e-29
 280.828600      1.533  38.428254    14.9652     5.5872      1.520    30.9676    22.8729 -9.990e-29
 280.828605      1.512  38.430334    14.9658     5.5490      1.499    30.9690    22.8738 -9.990e-29
 280.828611      1.487  38.431746    14.9645     5.4990      1.475    30.9713    22.8759 -9.990e-29
 280.828617      1.467  38.432145    14.9619     5.4928      1.455    30.9737    22.8783 -9.990e-29
 280.828623      1.454  38.430960    14.9593     5.5414      1.442    30.9747    22.8796 -9.990e-29
 280.828628      1.448  38.428874    14.9577     5.5825      1.436    30.9741    22.8795 -9.990e-29
 280.828634      1.447  38.428179    14.9571     5.5237      1.435    30.9740    22.8795 -9.990e-29
 280.828640      1.453  38.429089    14.9563     5.4146      1.441    30.9754    22.8808 -9.990e-29
