data/oxygen options/ONMS/Olympic_Coast_National_Marine_Sanctuary_CTD_Data_2005_2023/raw_data/2014/CAST_CA015_140904faed.cnv
* Sea-Bird SBE19 Data File:
* FileName = C:\2014 Mooring Data\Casts\CAST_CA015_140904.hex
* Software Version 1.59
* Temperature SN = 2997
* Conductivity SN = 2997
* System UpLoad Time = Sep 05 2014 18:03:07
** CAST_CA015_140904
* ds
# nquan = 9                                 
# nvalues = 779                         
# units = specified
# name 0 = timeJ: Julian Days
# name 1 = prSM: Pressure, Strain Gauge [db]
# name 2 = c0mS/cm: Conductivity [mS/cm]
# name 3 = t090C: Temperature [ITS-90, deg C]
# name 4 = sbeox0ML/L: Oxygen, SBE 43 [ml/l]
# name 5 = depSM: Depth [salt water, m], lat = 47.5
# name 6 = sal00: Salinity, Practical [PSU]
# name 7 = sigma-é00: Density [sigma-theta, kg/m^3]
# name 8 = flag: flag
# span 0 = 247.902095, 247.906597       
# span 1 =     -5.642,     14.796       
# span 2 =   0.432515,  39.084398       
# span 3 =     8.8946,    19.0649       
# span 4 =    -1.6850,    15.8494       
# span 5 =     -5.595,     14.672       
# span 6 =     0.2421,    33.1980       
# span 7 =    -1.4164,    25.5601       
# span 8 = 0.0000e+00, 0.0000e+00       
# interval = seconds: 0.5
# start_time = Sep 04 2014 21:39:01 [Instrument's time stamp, header]
# bad_flag = -9.990e-29
*END*
[from data line 481]
 247.904878      0.897  38.166952    12.9462     7.3504      0.890    32.3904    24.3825 -9.990e-29
 247.904884      0.907  38.166512    12.9447     7.2794      0.899    32.3912    24.3834 -9.990e-29
 247.904890      0.920  38.164179    12.9457     7.2534      0.912    32.3882    24.3809 -9.990e-29
 247.904896      0.934  38.160264    12.9481     7.2690      0.926    32.3824    24.3759 -9.990e-29
 247.904902      0.948  38.158199    12.9510     7.2611      0.940    32.3780    24.3719 -9.990e-29
 247.904907      0.962  38.158065    12.9546     7.2384      0.954    32.3748    24.3687 -9.990e-29
 247.904913      0.972  38.158200    12.9613     7.2724      0.964    32.3692    24.3631 -9.990e-29
 247.904919      0.976  38.158791    12.9706     7.3125      0.968    32.3618    24.3556 -9.990e-29
 247.904925      0.976  38.161372    12.9752     7.3521      0.968    32.3603    24.3535 -9.990e-29
 247.904931      0.979  38.164886    12.9704     7.3513      0.971    32.3677    24.3602 -9.990e-29
 247.904936      0.984  38.165034    12.9624     7.3057      0.976    32.3747    24.3671 -9.990e-29
 247.904942      0.990  38.160887    12.9610     7.3105      0.982    32.3719    24.3653 -9.990e-29
 247.904948      0.996  38.156449    12.9682     7.3821      0.988    32.3616    24.3559 -9.990e-29
 247.904954      0.996  38.155338    12.9775     7.4348      0.988    32.3526    24.3471 -9.990e-29
 247.904959      0.990  38.157750    12.9826     7.4317      0.982    32.3505    24.3445 -9.990e-29
 247.904965      0.983  38.161844    12.9838     7.4150      0.975    32.3534    24.3465 -9.990e-29
 247.904971      0.977  38.165777    12.9842     7.4530      0.969    32.3567    24.3490 -9.990e-29
 247.904977      0.974  38.166367    12.9850     7.5076      0.966    32.3566    24.3487 -9.990e-29
 247.904983      0.972  38.164394    12.9861     7.5457      0.964    32.3538    24.3464 -9.990e-29
 247.904988      0.972  38.164519    12.9871     7.5262      0.964    32.3531    24.3456 -9.990e-29
 247.904994      0.974  38.166342    12.9885     7.4813      0.966    32.3536    24.3457 -9.990e-29
 247.905000      0.972  38.167236    12.9910     7.4710      0.964    32.3523    24.3442 -9.990e-29
 247.905006      0.964  38.167263    12.9931     7.4899      0.956    32.3505    24.3425 -9.990e-29
 247.905012      0.953  38.167574    12.9903     7.4562      0.945    32.3532    24.3451 -9.990e-29
 247.905017      0.946  38.166895    12.9816     7.4012      0.938    32.3600    24.3521 -9.990e-29
 247.905023      0.947  38.163193    12.9721     7.3587      0.939    32.3646    24.3575 -9.990e-29
 247.905029      0.953  38.157700    12.9689     7.3790      0.945    32.3622    24.3562 -9.990e-29
 247.905035      0.955  38.154313    12.9742     7.4286      0.947    32.3545    24.3492 -9.990e-29
 247.905041      0.948  38.155804    12.9829     7.4694      0.940    32.3484    24.3428 -9.990e-29
 247.905046      0.937  38.160784    12.9895     7.5256      0.929    32.3475    24.3408 -9.990e-29
 247.905052      0.930  38.166908    12.9932     7.4926      0.922    32.3501    24.3421 -9.990e-29
 247.905058      0.930  38.171110    12.9944     7.4660      0.922    32.3531    24.3442 -9.990e-29
 247.905064      0.938  38.169443    12.9946     7.4277      0.930    32.3513    24.3428 -9.990e-29
 247.905069      0.950  38.164171    12.9953     7.3966      0.942    32.3457    24.3383 -9.990e-29
 247.905075      0.957  38.161731    12.9954     7.4034      0.949    32.3434    24.3365 -9.990e-29
 247.905081      0.961  38.162790    12.9931     7.4460      0.953    32.3463    24.3392 -9.990e-29
 247.905087      0.965  38.163702    12.9890     7.4810      0.957    32.3507    24.3434 -9.990e-29
 247.905093      0.970  38.163434    12.9839     7.5132      0.962    32.3548    24.3475 -9.990e-29
 247.905098      0.981  38.161058    12.9774     7.5127      0.973    32.3581    24.3514 -9.990e-29
 247.905104      0.999  38.155085    12.9727     7.4975      0.991    32.3565    24.3510 -9.990e-29
 247.905110      1.015  38.149893    12.9746     7.4928      1.007    32.3499    24.3456 -9.990e-29
 247.905116      1.023  38.150903    12.9819     7.5041      1.014    32.3446    24.3401 -9.990e-29
 247.905122      1.019  38.156085    12.9889     7.4918      1.010    32.3435    24.3379 -9.990e-29
 247.905127      1.010  38.161113    12.9916     7.4834      1.002    32.3460    24.3392 -9.990e-29
 247.905133      1.010  38.165390    12.9888     7.4987      1.002    32.3524    24.3448 -9.990e-29
 247.905139      1.018  38.166194    12.9819     7.5479      1.010    32.3591    24.3513 -9.990e-29
 247.905145      1.026  38.160663    12.9754     7.5740      1.017    32.3594    24.3528 -9.990e-29
 247.905150      1.031  38.153765    12.9729     7.5475      1.022    32.3550    24.3499 -9.990e-29
 247.905156      1.032  38.151450    12.9743     7.5251      1.023    32.3516    24.3470 -9.990e-29
 247.905162      1.030  38.154554    12.9791     7.5135      1.021    32.3505    24.3452 -9.990e-29
 247.905168      1.025  38.159350    12.9850     7.5331      1.016    32.3500    24.3436 -9.990e-29
 247.905174      1.016  38.162123    12.9886     7.5579      1.008    32.3495    24.3425 -9.990e-29
 247.905179      1.007  38.163756    12.9865     7.5243      0.999    32.3528    24.3455 -9.990e-29
 247.905185      1.006  38.163055    12.9796     7.5000      0.998    32.3581    24.3509 -9.990e-29
 247.905191      1.013  38.157959    12.9750     7.4978      1.005    32.3572    24.3512 -9.990e-29
 247.905197      1.020  38.154576    12.9772     7.5163      1.011    32.3521    24.3468 -9.990e-29
 247.905203      1.023  38.157370    12.9828     7.5507      1.014    32.3500    24.3440 -9.990e-29
 247.905208      1.022  38.161075    12.9872     7.5625      1.013    32.3497    24.3430 -9.990e-29
 247.905214      1.017  38.162206    12.9904     7.5633      1.009    32.3480    24.3411 -9.990e-29
 247.905220      1.008  38.163388    12.9952     7.5599      1.000    32.3451    24.3378 -9.990e-29
 247.905226      0.994  38.166192    13.0019     7.5583      0.986    32.3420    24.3341 -9.990e-29
 247.905231      0.979  38.169857    13.0053     7.5608      0.971    32.3426    24.3339 -9.990e-29
 247.905237      0.970  38.172530    13.0002     7.5487      0.962    32.3494    24.3402 -9.990e-29
 247.905243      0.971  38.171034    12.9885     7.5615      0.963    32.3580    24.3492 -9.990e-29
 247.905249      0.983  38.163931    12.9776     7.5854      0.975    32.3606    24.3533 -9.990e-29
 247.905255      1.000  38.155779    12.9730     7.6119      0.992    32.3569    24.3513 -9.990e-29
 247.905260      1.017  38.153662    12.9749     7.6287      1.009    32.3532    24.3481 -9.990e-29
 247.905266      1.030  38.158118    12.9809     7.6295      1.021    32.3523    24.3462 -9.990e-29
 247.905272      1.039  38.163851    12.9891     7.6324      1.030    32.3507    24.3434 -9.990e-29
 247.905278      1.046  38.168396    12.9975     7.6224      1.037    32.3478    24.3395 -9.990e-29
 247.905284      1.050  38.173316    13.0054     7.6209      1.041    32.3457    24.3363 -9.990e-29
 247.905289      1.051  38.178991    13.0123     7.5850      1.042    32.3452    24.3346 -9.990e-29
 247.905295      1.051  38.183440    13.0160     7.5643      1.042    32.3462    24.3346 -9.990e-29
 247.905301      1.053  38.185852    13.0146     7.5663      1.044    32.3497    24.3376 -9.990e-29
 247.905307      1.062  38.182702    13.0113     7.5479      1.053    32.3495    24.3381 -9.990e-29
 247.905313      1.074  38.175400    13.0110     7.5196      1.065    32.3429    24.3330 -9.990e-29
 247.905318      1.085  38.173289    13.0110     7.5042      1.076    32.3409    24.3315 -9.990e-29
 247.905324      1.096  38.174670    13.0070     7.5126      1.087    32.3456    24.3359 -9.990e-29
 247.905330      1.109  38.173518    12.9996     7.5725      1.100    32.3508    24.3414 -9.990e-29
 247.905336      1.123  38.168853    12.9900     7.6301      1.114    32.3546    24.3462 -9.990e-29
 247.905341      1.139  38.160622    12.9804     7.6595      1.129    32.3550    24.3484 -9.990e-29
 247.905347      1.155  38.151878    12.9753     7.6742      1.145    32.3511    24.3464 -9.990e-29
 247.905353      1.162  38.147236    12.9780     7.6834      1.152    32.3444    24.3407 -9.990e-29
 247.905359      1.157  38.150601    12.9882     7.6920      1.147    32.3389    24.3344 -9.990e-29
 247.905365      1.144  38.160839    13.0007     7.6807      1.134    32.3379    24.3312 -9.990e-29
 247.905370      1.131  38.171946    13.0084     7.6406      1.122    32.3418    24.3327 -9.990e-29
 247.905376      1.121  38.178517    13.0080     7.6016      1.112    32.3484    24.3379 -9.990e-29
 247.905382      1.113  38.177520    13.0038     7.5810      1.104    32.3510    24.3407 -9.990e-29
 247.905388      1.108  38.172675    13.0028     7.5785      1.099    32.3473    24.3381 -9.990e-29
 247.905394      1.104  38.170990    13.0056     7.6053      1.095    32.3433    24.3344 -9.990e-29
 247.905399      1.101  38.172456    13.0073     7.6175      1.092    32.3433    24.3340 -9.990e-29
 247.905405      1.099  38.171161    13.0061     7.6364      1.090    32.3431    24.3341 -9.990e-29
 247.905411      1.098  38.167056    13.0045     7.6530      1.089    32.3405    24.3325 -9.990e-29
 247.905417      1.098  38.166451    13.0038     7.6492      1.089    32.3406    24.3327 -9.990e-29
 247.905422      1.099  38.169657    13.0027     7.6547      1.090    32.3445    24.3359 -9.990e-29
 247.905428      1.101  38.171398    12.9992     7.6846      1.092    32.3492    24.3402 -9.990e-29
 247.905434      1.105  38.168936    12.9938     7.6937      1.096    32.3515    24.3430 -9.990e-29
 247.905440      1.109  38.163474    12.9892     7.6844      1.100    32.3502    24.3430 -9.990e-29
 247.905446      1.115  38.158950    12.9881     7.6661      1.106    32.3469    24.3406 -9.990e-29
 247.905451      1.124  38.159427    12.9906     7.6374      1.115    32.3452    24.3388 -9.990e-29
 247.905457      1.130  38.164413    12.9951     7.6352      1.121    32.3461    24.3386 -9.990e-29
 247.905463      1.131  38.169884    12.9997     7.6468      1.122    32.3473    24.3387 -9.990e-29
 247.905469      1.131  38.174144    13.0008     7.6807      1.122    32.3504    24.3408 -9.990e-29
 247.905475      1.134  38.174449    12.9953     7.6911      1.125    32.3554    24.3458 -9.990e-29
 247.905480      1.140  38.167269    12.9866     7.6602      1.130    32.3560    24.3480 -9.990e-29
 247.905486      1.150  38.157623    12.9842     7.6193      1.140    32.3490    24.3430 -9.990e-29
 247.905492      1.160  38.155098    12.9920     7.5907      1.150    32.3399    24.3345 -9.990e-29
 247.905498      1.162  38.160807    13.0036     7.5973      1.152    32.3354    24.3287 -9.990e-29
 247.905503      1.157  38.168881    13.0101     7.6404      1.147    32.3375    24.3290 -9.990e-29
 247.905509      1.151  38.176048    13.0097     7.6668      1.141    32.3446    24.3346 -9.990e-29
 247.905515      1.150  38.179511    13.0061     7.6493      1.140    32.3509    24.3402 -9.990e-29
 247.905521      1.153  38.177707    13.0023     7.5936      1.143    32.3525    24.3422 -9.990e-29
 247.905527      1.157  38.173837    13.0004     7.5274      1.147    32.3504    24.3410 -9.990e-29
 247.905532      1.156  38.172838    13.0018     7.5270      1.146    32.3483    24.3390 -9.990e-29
 247.905538      1.152  38.176739    13.0060     7.6240      1.142    32.3484    24.3383 -9.990e-29
 247.905544      1.143  38.181191    13.0093     7.7053      1.133    32.3498    24.3387 -9.990e-29
 247.905550      1.134  38.182020    13.0082     7.7141      1.125    32.3515    24.3403 -9.990e-29
 247.905556      1.129  38.179202    13.0041     7.6793      1.120    32.3523    24.3417 -9.990e-29
 247.905561      1.126  38.174027    13.0016     7.6553      1.117    32.3496    24.3401 -9.990e-29
 247.905567      1.126  38.170255    13.0037     7.6730      1.117    32.3442    24.3355 -9.990e-29
 247.905573      1.129  38.171270    13.0073     7.7084      1.120    32.3421    24.3332 -9.990e-29
 247.905579      1.134  38.175049    13.0071     7.7192      1.125    32.3459    24.3361 -9.990e-29
 247.905584      1.143  38.175398    13.0019     7.6972      1.133    32.3506    24.3408 -9.990e-29
 247.905590      1.152  38.171095    12.9958     7.6918      1.142    32.3518    24.3429 -9.990e-29
 247.905596      1.152  38.168000    12.9961     7.6894      1.142    32.3486    24.3404 -9.990e-29
 247.905602      1.143  38.168698    13.0046     7.6973      1.133    32.3420    24.3336 -9.990e-29
 247.905608      1.134  38.173301    13.0137     7.6860      1.125    32.3386    24.3292 -9.990e-29
 247.905613      1.128  38.182221    13.0184     7.6824      1.119    32.3430    24.3317 -9.990e-29
 247.905619      1.125  38.187409    13.0188     7.6740      1.116    32.3475    24.3351 -9.990e-29
 247.905625      1.125  38.182212    13.0180     7.6648      1.116    32.3433    24.3320 -9.990e-29
 247.905631      1.128  38.177563    13.0191     7.6522      1.119    32.3380    24.3277 -9.990e-29
 247.905637      1.133  38.180635    13.0218     7.6008      1.124    32.3386    24.3276 -9.990e-29
 247.905642      1.137  38.184197    13.0245     7.5371      1.128    32.3396    24.3279 -9.990e-29
 247.905648      1.136  38.186719    13.0252     7.5367      1.127    32.3414    24.3291 -9.990e-29
 247.905654      1.135  38.190342    13.0228     7.6086      1.126    32.3469    24.3338 -9.990e-29
 247.905660      1.136  38.191375    13.0170     7.6964      1.127    32.3528    24.3395 -9.990e-29
 247.905666      1.141  38.186041    13.0077     7.7470      1.131    32.3557    24.3436 -9.990e-29
 247.905671      1.150  38.176673    12.9985     7.7406      1.140    32.3547    24.3447 -9.990e-29
 247.905677      1.159  38.169205    12.9956     7.6990      1.149    32.3502    24.3417 -9.990e-29
 247.905683      1.164  38.168734    13.0018     7.6665      1.154    32.3444    24.3360 -9.990e-29
 247.905689      1.165  38.175651    13.0123     7.6708      1.155    32.3420    24.3321 -9.990e-29
 247.905694      1.164  38.183917    13.0200     7.6748      1.154    32.3432    24.3315 -9.990e-29
 247.905700      1.163  38.187612    13.0212     7.6596      1.153    32.3457    24.3332 -9.990e-29
 247.905706      1.167  38.186513    13.0160     7.6765      1.157    32.3491    24.3368 -9.990e-29
 247.905712      1.177  38.183548    13.0092     7.6682      1.167    32.3521    24.3405 -9.990e-29
 247.905718      1.193  38.180275    13.0066     7.6719      1.183    32.3512    24.3403 -9.990e-29
 247.905723      1.211  38.180089    13.0097     7.6922      1.201    32.3484    24.3375 -9.990e-29
 247.905729      1.224  38.184885    13.0157     7.6832      1.214    32.3478    24.3359 -9.990e-29
 247.905735      1.234  38.188601    13.0197     7.6748      1.224    32.3478    24.3352 -9.990e-29
 247.905741      1.249  38.188795    13.0182     7.6839      1.239    32.3493    24.3366 -9.990e-29
 247.905747      1.275  38.187312    13.0121     7.6996      1.264    32.3531    24.3407 -9.990e-29
 247.905752      1.312  38.181515    13.0044     7.7343      1.301    32.3542    24.3431 -9.990e-29
 247.905758      1.360  38.174239    12.9973     7.7681      1.349    32.3534    24.3438 -9.990e-29
 247.905764      1.418  38.171401    12.9922     7.7741      1.406    32.3550    24.3461 -9.990e-29
 247.905770      1.492  38.170236    12.9877     7.7386      1.480    32.3577    24.3491 -9.990e-29
 247.905775      1.587  38.167964    12.9800     7.7096      1.574    32.3621    24.3540 -9.990e-29
 247.905781      1.707  38.163703    12.9659     7.6819      1.693    32.3701    24.3630 -9.990e-29
 247.905787      1.857  38.152231    12.9471     7.6475      1.841    32.3753    24.3707 0.0000e+00
 247.905793      2.040  38.134429    12.9281     7.6041      2.023    32.3747    24.3739 0.0000e+00
