data/oxygen options/ONMS/Olympic_Coast_National_Marine_Sanctuary_CTD_Data_2005_2023/raw_data/2014/CAST_TH042_141008faed.cnv
* Sea-Bird SBE19 Data File:
* FileName = C:\2014 Mooring Data\Casts\CAST_TH042_141008.hex
* Software Version 1.59
* Temperature SN = 2997
* Conductivity SN = 2997
* System UpLoad Time = Oct 08 2014 20:40:42
** CAST_TH042_141008
* ds
# nquan = 9                                 
# nvalues = 1545                        
# units = specified
# name 0 = timeJ: Julian Days
# name 1 = prSM: Pressure, Strain Gauge [db]
# name 2 = c0mS/cm: Conductivity [mS/cm]
# name 3 = t090C: Temperature [ITS-90, deg C]
# name 4 = sbeox0ML/L: Oxygen, SBE 43 [ml/l]
# name 5 = depSM: Depth [salt water, m], lat = 47.5
# name 6 = sal00: Salinity, Practical [PSU]
# name 7 = sigma-é00: Density [sigma-theta, kg/m^3]
# name 8 = flag: flag
# span 0 = 281.783449, 281.792384       
# span 1 =     -5.356,     44.648       
# span 2 =   0.316098,  39.384444       
# span 3 =     7.8473,    15.5618       
# span 4 =    -1.7916,    19.8399       
# span 5 =     -5.311,     44.271       
# span 6 =     0.1893,    33.3589       
# span 7 =    -0.8079,    26.0071       
# span 8 = 0.0000e+00, 0.0000e+00       
# interval = seconds: 0.5
# start_time = Oct 08 2014 18:48:10 [Instrument's time stamp, header]
# bad_flag = -9.990e-29
*END*
 281.783449     -5.356 -9.990e-29    14.8816    -1.7905     -5.311 -9.990e-29 -9.990e-29 -9.990e-29
 281.783455     -5.348   0.332684    14.8830    -1.7904     -5.303     0.1997    -0.7265 -9.990e-29
 281.783461     -5.338   0.332313    14.8851    -1.7903     -5.294     0.1994    -0.7270 -9.990e-29
 281.783466     -5.326   0.331756    14.8880    -1.7903     -5.282     0.1991    -0.7277 -9.990e-29
 281.783472     -5.314   0.331381    14.8909    -1.7902     -5.270     0.1988    -0.7284 -9.990e-29
 281.783478     -5.306   0.331243    14.8930    -1.7901     -5.262     0.1987    -0.7287 -9.990e-29
 281.783484     -5.298   0.331160    14.8939    -1.7900     -5.254     0.1987    -0.7289 -9.990e-29
 281.783490     -5.285   0.331022    14.8941    -1.7899     -5.241     0.1986    -0.7290 -9.990e-29
 281.783495     -5.265   0.330646    14.8944    -1.7899     -5.221     0.1984    -0.7292 -9.990e-29
 281.783501     -5.238   0.330087    14.8956    -1.7899     -5.194     0.1980    -0.7297 -9.990e-29
 281.783507     -5.206   0.329715    14.8977    -1.7899     -5.163     0.1978    -0.7302 -9.990e-29
 281.783513     -5.176   0.329589    14.8999    -1.7899     -5.133     0.1977    -0.7306 -9.990e-29
 281.783519     -5.149   0.329542    14.9021    -1.7899     -5.106     0.1976    -0.7309 -9.990e-29
 281.783524     -5.126   0.329514    14.9046    -1.7898     -5.083     0.1976    -0.7313 -9.990e-29
 281.783530     -5.102   0.329467    14.9072    -1.7899     -5.059     0.1976    -0.7318 -9.990e-29
 281.783536     -5.078   0.329341    14.9095    -1.7902     -5.036     0.1975    -0.7322 -9.990e-29
 281.783542     -5.052   0.328969    14.9112    -1.7907     -5.010     0.1973    -0.7326 -9.990e-29
 281.783547     -5.022   0.328412    14.9123    -1.7910     -4.980     0.1969    -0.7330 -9.990e-29
 281.783553     -4.991   0.328041    14.9127    -1.7912     -4.949     0.1967    -0.7333 -9.990e-29
 281.783559     -4.964   0.327917    14.9125    -1.7913     -4.923     0.1966    -0.7333 -9.990e-29
 281.783565     -4.941   0.327875    14.9127    -1.7913     -4.900     0.1966    -0.7334 -9.990e-29
 281.783571     -4.916   0.327860    14.9129    -1.7914     -4.875     0.1966    -0.7334 -9.990e-29
 281.783576     -4.891   0.327855    14.9120    -1.7916     -4.850     0.1966    -0.7333 -9.990e-29
 281.783582     -4.864   0.327852    14.9090    -1.7916     -4.823     0.1966    -0.7328 -9.990e-29
 281.783588     -4.831   0.327850    14.9028    -1.7915     -4.791     0.1966    -0.7318 -9.990e-29
 281.783594     -4.792   0.327848    14.8947    -1.7915     -4.752     0.1966    -0.7306 -9.990e-29
 281.783600     -4.750   0.327844    14.8878    -1.7914     -4.710     0.1967    -0.7295 -9.990e-29
 281.783605     -4.706   0.327834    14.8830    -1.7912     -4.667     0.1967    -0.7288 -9.990e-29
 281.783611     -4.666   0.327806    14.8795    -1.7911     -4.627     0.1967    -0.7283 -9.990e-29
 281.783617     -4.632   0.327723    14.8768    -1.7909     -4.593     0.1967    -0.7279 -9.990e-29
 281.783623     -4.602   0.327475    14.8742    -1.7906     -4.564     0.1965    -0.7276 -9.990e-29
 281.783628     -4.574   0.327289    14.8720    -1.7905     -4.536     0.1964    -0.7274 -9.990e-29
 281.783634     -4.546   0.327474    14.8715    -1.7903     -4.508     0.1965    -0.7272 -9.990e-29
 281.783640     -4.516   0.327720    14.8728    -1.7902     -4.478     0.1967    -0.7273 -9.990e-29
 281.783646     -4.482   0.327801    14.8750    -1.7901     -4.445     0.1967    -0.7276 -9.990e-29
 281.783652     -4.447   0.327828    14.8778    -1.7901     -4.410     0.1967    -0.7280 -9.990e-29
 281.783657     -4.416   0.327837    14.8813    -1.7900     -4.379     0.1967    -0.7285 -9.990e-29
 281.783663     -4.392   0.327839    14.8854    -1.7900     -4.355     0.1967    -0.7292 -9.990e-29
 281.783669     -4.374   0.327839    14.8901    -1.7898     -4.338     0.1967    -0.7299 -9.990e-29
 281.783675     -4.361   0.327838    14.8952    -1.7896     -4.325     0.1966    -0.7307 -9.990e-29
 281.783681     -4.347   0.327836    14.9002    -1.7896     -4.311     0.1966    -0.7314 -9.990e-29
 281.783686     -4.326   0.327831    14.9046    -1.7895     -4.290     0.1966    -0.7321 -9.990e-29
 281.783692     -4.303   0.327817    14.9081    -1.7895     -4.267     0.1966    -0.7327 -9.990e-29
 281.783698     -4.280   0.327778    14.9107    -1.7894     -4.244     0.1965    -0.7331 -9.990e-29
 281.783704     -4.255   0.327663    14.9127    -1.7896     -4.220     0.1964    -0.7335 -9.990e-29
 281.783709     -4.227   0.327319    14.9147    -1.7898     -4.192     0.1962    -0.7339 -9.990e-29
 281.783715     -4.194   0.326844    14.9173    -1.7898     -4.159     0.1959    -0.7345 -9.990e-29
 281.783721     -4.158   0.326718    14.9207    -1.7898     -4.123     0.1958    -0.7351 -9.990e-29
 281.783727     -4.125   0.326774    14.9241    -1.7897     -4.091     0.1959    -0.7356 -9.990e-29
 281.783733     -4.099   0.326532    14.9266    -1.7897     -4.065     0.1957    -0.7361 -9.990e-29
 281.783738     -4.076   0.326228    14.9282    -1.7896     -4.042     0.1955    -0.7365 -9.990e-29
 281.783744     -4.056   0.326012    14.9291    -1.7895     -4.022     0.1954    -0.7368 -9.990e-29
 281.783750     -4.037   0.325598    14.9288    -1.7894     -4.003     0.1951    -0.7369 -9.990e-29
 281.783756     -4.018   0.324990    14.9271    -1.7894     -3.985     0.1947    -0.7369 -9.990e-29
 281.783762     -3.998   0.324492    14.9248    -1.7893     -3.965     0.1945    -0.7368 -9.990e-29
 281.783767     -3.979   0.323996    14.9232    -1.7893     -3.946     0.1942    -0.7368 -9.990e-29
 281.783773     -3.966   0.323397    14.9232    -1.7894     -3.933     0.1938    -0.7371 -9.990e-29
 281.783779     -3.953   0.323012    14.9247    -1.7897     -3.920     0.1936    -0.7375 -9.990e-29
 281.783785     -3.934   0.322883    14.9266    -1.7899     -3.901     0.1935    -0.7378 -9.990e-29
 281.783791     -3.914   0.322839    14.9285    -1.7900     -3.881     0.1934    -0.7382 -9.990e-29
 281.783796     -3.894   0.322822    14.9305    -1.7899     -3.862     0.1934    -0.7385 -9.990e-29
 281.783802     -3.873   0.322812    14.9322    -1.7898     -3.841     0.1934    -0.7387 -9.990e-29
 281.783808     -3.851   0.322796    14.9335    -1.7898     -3.819     0.1934    -0.7390 -9.990e-29
 281.783814     -3.826   0.322753    14.9343    -1.7897     -3.794     0.1933    -0.7391 -9.990e-29
 281.783819     -3.800   0.322628    14.9339    -1.7895     -3.768     0.1933    -0.7391 -9.990e-29
 281.783825     -3.776   0.322255    14.9314    -1.7893     -3.745     0.1931    -0.7389 -9.990e-29
 281.783831     -3.753   0.321694    14.9276    -1.7892     -3.722     0.1927    -0.7386 -9.990e-29
 281.783837     -3.730   0.321309    14.9243    -1.7891     -3.699     0.1925    -0.7382 -9.990e-29
 281.783843     -3.703   0.321142    14.9230    -1.7890     -3.672     0.1924    -0.7381 -9.990e-29
 281.783848     -3.678   0.320975    14.9234    -1.7890     -3.647     0.1923    -0.7383 -9.990e-29
 281.783854     -3.655   0.320585    14.9249    -1.7891     -3.625     0.1921    -0.7387 -9.990e-29
 281.783860     -3.629   0.320010    14.9271    -1.7891     -3.599     0.1917    -0.7393 -9.990e-29
 281.783866     -3.599   0.319596    14.9300    -1.7889     -3.569     0.1914    -0.7399 -9.990e-29
 281.783872     -3.571   0.319348    14.9339    -1.7889     -3.541     0.1913    -0.7406 -9.990e-29
 281.783877     -3.547   0.318935    14.9378    -1.7889     -3.517     0.1910    -0.7414 -9.990e-29
 281.783883     -3.527   0.318364    14.9409    14.6202     -3.498     0.1906    -0.7422 -9.990e-29
 281.783889     -3.509   0.317988    14.9434    19.5839     -3.480     0.1904    -0.7427 -9.990e-29
 281.783895     -3.491   0.317863    14.9454    19.8399     -3.462     0.1903    -0.7431 -9.990e-29
 281.783900     -3.473   0.317822    14.9465    15.8470     -3.444     0.1903    -0.7433 -9.990e-29
 281.783906     -3.458   0.317812    14.9467     7.6109     -3.429     0.1903    -0.7433 -9.990e-29
 281.783912     -3.449   0.317820    14.9473     7.1399     -3.420     0.1903    -0.7434 -9.990e-29
 281.783918     -3.441   0.317859    14.9485     7.1295     -3.412     0.1903    -0.7436 -9.990e-29
 281.783924     -3.430   0.317981    14.9492     7.1230     -3.401     0.1904    -0.7436 -9.990e-29
 281.783929     -3.415   0.318351    14.9493     7.1237     -3.387     0.1906    -0.7435 -9.990e-29
 281.783935     -3.394   0.318906    14.9498     7.1218     -3.366     0.1909    -0.7433 -9.990e-29
 281.783941     -3.367   0.319276    14.9514     7.1260     -3.339     0.1911    -0.7434 -9.990e-29
 281.783947     -3.336   0.319399    14.9539     7.1319     -3.308     0.1912    -0.7437 -9.990e-29
 281.783953     -3.307   0.319439    14.9568     7.1335     -3.279     0.1912    -0.7441 -9.990e-29
 281.783958     -3.283   0.319451    14.9600     7.1363     -3.256     0.1912    -0.7446 -9.990e-29
 281.783964     -3.264   0.319454    14.9634     7.1378     -3.237     0.1912    -0.7451 -9.990e-29
 281.783970     -3.246   0.319450    14.9658     7.1377     -3.219     0.1912    -0.7455 -9.990e-29
 281.783976     -3.229   0.319436    14.9655     7.1384     -3.202     0.1912    -0.7455 -9.990e-29
 281.783981     -3.213   0.319395    14.9605     7.1388     -3.186     0.1912    -0.7447 -9.990e-29
 281.783987     -3.196   0.319272    14.9507     7.1392     -3.169     0.1911    -0.7433 -9.990e-29
 281.783993     -3.177   0.318905    14.9384     7.1394     -3.151     0.1910    -0.7415 -9.990e-29
 281.783999     -3.155   0.318362    14.9257     7.1396     -3.129     0.1907    -0.7398 -9.990e-29
 281.784005     -3.133   0.318032    14.9127     7.1474     -3.107     0.1906    -0.7380 -9.990e-29
 281.784010     -3.113   0.318031    14.9003     7.1417     -3.087     0.1906    -0.7361 -9.990e-29
 281.784016     -3.090   0.318360    14.8916     7.1479     -3.064     0.1909    -0.7346 -9.990e-29
 281.784022     -3.062   0.318902    14.8868     7.1476     -3.036     0.1912    -0.7336 -9.990e-29
 281.784028     -3.037   0.319267    14.8834     7.1377     -3.012     0.1914    -0.7329 -9.990e-29
 281.784034     -3.017   0.319388    14.8804     7.1466     -2.992     0.1915    -0.7324 -9.990e-29
 281.784039     -3.001   0.319427    14.8780     7.1361     -2.976     0.1916    -0.7320 -9.990e-29
 281.784045     -2.987   0.319440    14.8763     7.1441     -2.962     0.1916    -0.7317 -9.990e-29
 281.784051     -2.976   0.319444    14.8755     7.1395     -2.951     0.1916    -0.7316 -9.990e-29
 281.784057     -2.965   0.319444    14.8750     7.1440     -2.940     0.1916    -0.7315 -9.990e-29
 281.784063     -2.955   0.319442    14.8743     7.1399     -2.930     0.1916    -0.7314 -9.990e-29
 281.784068     -2.945   0.319437    14.8737     7.1441     -2.920     0.1916    -0.7313 -9.990e-29
 281.784074     -2.933   0.319423    14.8734     7.1479     -2.909     0.1916    -0.7313 -9.990e-29
 281.784080     -2.921   0.319381    14.8725     7.1456     -2.897     0.1916    -0.7312 -9.990e-29
 281.784086     -2.906   0.319257    14.8716     7.1547     -2.882     0.1915    -0.7311 -9.990e-29
 281.784091     -2.887   0.318886    14.8720     7.1520     -2.863     0.1913    -0.7313 -9.990e-29
 281.784097     -2.864   0.318330    14.8733     7.1511     -2.840     0.1909    -0.7318 -9.990e-29
 281.784103     -2.840   0.317961    14.8742     7.1497     -2.816     0.1907    -0.7321 -9.990e-29
 281.784109     -2.816   0.317846    14.8745     7.1452     -2.793     0.1906    -0.7322 -9.990e-29
 281.784115     -2.792   0.317832    14.8745     7.1366     -2.769     0.1906    -0.7322 -9.990e-29
 281.784120     -2.770   0.317900    14.8748     7.1340     -2.747     0.1907    -0.7322 -9.990e-29
 281.784126     -2.753   0.318141    14.8761     7.1335     -2.730     0.1908    -0.7323 -9.990e-29
 281.784132     -2.740   0.318322    14.8789     7.1352     -2.717     0.1909    -0.7327 -9.990e-29
 281.784138     -2.731   0.318131    14.8830     7.1303     -2.708     0.1908    -0.7334 -9.990e-29
 281.784144     -2.724   0.317869    14.8870     7.1352     -2.701     0.1906    -0.7341 -9.990e-29
 281.784149     -2.720   0.317745    14.8900     7.1362     -2.697     0.1905    -0.7346 -9.990e-29
 281.784155     -2.713   0.317593    14.8922     7.1373     -2.690     0.1904    -0.7350 -9.990e-29
 281.784161     -2.699   0.317213    14.8949     7.1467     -2.676     0.1901    -0.7356 -9.990e-29
 281.784167     -2.682   0.316653    14.8984     7.1441     -2.660     0.1898    -0.7364 -9.990e-29
 281.784172     -2.664   0.316281    14.9021     7.1353     -2.642     0.1895    -0.7372 -9.990e-29
 281.784178     -2.644   0.316157    14.9059     7.1313     -2.622     0.1894    -0.7378 -9.990e-29
 281.784184     -2.622   0.316115    14.9101     7.1274     -2.600     0.1894    -0.7385 -9.990e-29
 281.784190     -2.599   0.316101    14.9151     7.1297     -2.577     0.1894    -0.7393 -9.990e-29
 281.784196     -2.584   0.316098    14.9208     7.1415     -2.562     0.1893    -0.7401 -9.990e-29
 281.784201     -2.575   0.316101    14.9267     7.1427     -2.554     0.1893    -0.7411 -9.990e-29
 281.784207     -2.563   0.316114    14.9324     7.1416     -2.542     0.1893    -0.7419 -9.990e-29
 281.784213     -2.543   0.316155    14.9376     7.1391     -2.522     0.1893    -0.7427 -9.990e-29
 281.784219     -2.519   0.316280    14.9420     7.1348     -2.498     0.1894    -0.7433 -9.990e-29
 281.784225     -2.496   0.316655    14.9453     7.1347     -2.475     0.1896    -0.7437 -9.990e-29
 281.784230     -2.478   0.317224    14.9470     7.1268     -2.457     0.1899    -0.7436 -9.990e-29
 281.784236     -2.464   0.317636    14.9474     7.1240     -2.443     0.1902    -0.7435 -9.990e-29
 281.784242     -2.452   0.317883    14.9475     7.1232     -2.432     0.1903    -0.7434 -9.990e-29
 281.784248     -2.443   0.318295    14.9491     7.1317     -2.423     0.1906    -0.7435 -9.990e-29
 281.784253     -2.436   0.318865    14.9529     7.1285     -2.416     0.1909    -0.7438 -9.990e-29
 281.784259     -2.429   0.319240    14.9575     7.1335     -2.409     0.1911    -0.7443 -9.990e-29
 281.784265     -2.423   0.319367    14.9613     7.1240     -2.403     0.1912    -0.7448 -9.990e-29
 281.784271     -2.417   0.319413    14.9640     7.1279     -2.397     0.1912    -0.7452 -9.990e-29
 281.784277     -2.411   0.319440    14.9658     7.1308     -2.391     0.1912    -0.7455 -9.990e-29
 281.784282     -2.405   0.319486    14.9680     7.1279     -2.385     0.1912    -0.7458 -9.990e-29
 281.784288     -2.397   0.319611    14.9719     7.1293     -2.377     0.1913    -0.7464 -9.990e-29
 281.784294     -2.389   0.319982    14.9778     7.1245     -2.369     0.1915    -0.7471 -9.990e-29
 281.784300     -2.378   0.320538    14.9851     7.1234     -2.358     0.1918    -0.7480 -9.990e-29
 281.784306     -2.365   0.320910    14.9926     7.1138     -2.345     0.1920    -0.7489 -9.990e-29
 281.784311     -2.348   0.321038    15.0001     7.1185     -2.328     0.1920    -0.7500 -9.990e-29
 281.784317     -2.327   0.321091    15.0072     7.1193     -2.308     0.1920    -0.7511 -9.990e-29
 281.784323     -2.300   0.321141    15.0134     7.1207     -2.281     0.1920    -0.7521 -9.990e-29
 281.784329     -2.269   0.321257    15.0192     7.1220     -2.250     0.1920    -0.7529 -9.990e-29
 281.784334     -2.242   0.321593    15.0250     7.1178     -2.223     0.1922    -0.7536 -9.990e-29
 281.784340     -2.221   0.322040    15.0308     7.1171     -2.202     0.1925    -0.7543 -9.990e-29
 281.784346     -2.204   0.322081    15.0372     7.1163     -2.186     0.1925    -0.7553 -9.990e-29
 281.784352     -2.191   0.321772    15.0447     7.1157     -2.173     0.1922    -0.7566 -9.990e-29
 281.784358     -2.180   0.321814    15.0532     7.1147     -2.162     0.1922    -0.7579 -9.990e-29
 281.784363     -2.171   0.322261    15.0615     7.1143     -2.153     0.1925    -0.7590 -9.990e-29
 281.784369     -2.164   0.322598    15.0684     7.1143     -2.146     0.1926    -0.7599 -9.990e-29
