data/oxygen options/ONMS/Olympic_Coast_National_Marine_Sanctuary_CTD_Data_2005_2023/raw_data/2014/CAST_KL027_140906faed.cnv
* Sea-Bird SBE19 Data File:
* FileName = C:\2014 Mooring Data\Casts\CAST_KL027_140906.hex
* Software Version 1.59
* Temperature SN = 2997
* Conductivity SN = 2997
* System UpLoad Time = Sep 06 2014 18:25:28
** CAST_KL027_140906
* ds
# nquan = 9                                 
# nvalues = 6836                        
# units = specified
# name 0 = timeJ: Julian Days
# name 1 = prSM: Pressure, Strain Gauge [db]
# name 2 = c0mS/cm: Conductivity [mS/cm]
# name 3 = t090C: Temperature [ITS-90, deg C]
# name 4 = sbeox0ML/L: Oxygen, SBE 43 [ml/l]
# name 5 = depSM: Depth [salt water, m], lat = 47.5
# name 6 = sal00: Salinity, Practical [PSU]
# name 7 = sigma-é00: Density [sigma-theta, kg/m^3]
# name 8 = flag: flag
# span 0 = 249.725833, 249.765388       
# span 1 =     -5.791,     29.299       
# span 2 =   0.374899,  41.646558       
# span 3 =     7.6089,    19.4790       
# span 4 =    -1.6990,    16.7042       
# span 5 =     -5.743,     29.052       
# span 6 =     0.2088,    33.6128       
# span 7 =    -1.4809,    26.2240       
# span 8 = 0.0000e+00, 0.0000e+00       
# interval = seconds: 0.5
# start_time = Sep 06 2014 17:25:12 [Instrument's time stamp, header]
# bad_flag = -9.990e-29
*END*
[from data line 2081]
 249.737876      0.058   0.976912    15.9381     5.6846      0.058     0.5914    -0.5887 -9.990e-29
 249.737882      0.055   1.012425    15.9422     5.6833      0.055     0.6138    -0.5721 -9.990e-29
 249.737888      0.050   1.024854    15.9431     5.6917      0.050     0.6216    -0.5662 -9.990e-29
 249.737894      0.048   1.026320    15.9409     5.7021      0.048     0.6226    -0.5651 -9.990e-29
 249.737899      0.049   1.033797    15.9368     5.6941      0.049     0.6274    -0.5608 -9.990e-29
 249.737905      0.053   1.051691    15.9323     5.6974      0.053     0.6388    -0.5513 -9.990e-29
 249.737911      0.060   1.072718    15.9293     5.6950      0.059     0.6522    -0.5405 -9.990e-29
 249.737917      0.071   1.089874    15.9302     5.7038      0.070     0.6630    -0.5322 -9.990e-29
 249.737922      0.085   1.102117    15.9349     5.7071      0.084     0.6707    -0.5271 -9.990e-29
 249.737928      0.100   1.111869    15.9389     5.6954      0.099     0.6769    -0.5230 -9.990e-29
 249.737934      0.109   1.121566    15.9382     5.6921      0.108     0.6830    -0.5181 -9.990e-29
 249.737940      0.107   1.130233    15.9341     5.6896      0.106     0.6886    -0.5131 -9.990e-29
 249.737946      0.099   1.135521    15.9310     5.6844      0.098     0.6920    -0.5100 -9.990e-29
 249.737951      0.088   1.136694    15.9320     5.6950      0.087     0.6928    -0.5096 -9.990e-29
 249.737957      0.073   1.133648    15.9368     5.6974      0.072     0.6908    -0.5119 -9.990e-29
 249.737963      0.059   1.126771    15.9433     5.6999      0.059     0.6863    -0.5165 -9.990e-29
 249.737969      0.049   1.116906    15.9498     5.7036      0.049     0.6799    -0.5224 -9.990e-29
 249.737975      0.045   1.105360    15.9551     5.6945      0.045     0.6725    -0.5290 -9.990e-29
 249.737980      0.052   1.093980    15.9577     5.6930      0.052     0.6652    -0.5350 -9.990e-29
 249.737986      0.062   1.084280    15.9560     5.7013      0.061     0.6591    -0.5395 -9.990e-29
 249.737992      0.067   1.076674    15.9508     5.7047      0.066     0.6543    -0.5423 -9.990e-29
 249.737998      0.068   1.071032    15.9443     5.7009      0.067     0.6509    -0.5439 -9.990e-29
 249.738003      0.064   1.067062    15.9382     5.7062      0.063     0.6484    -0.5448 -9.990e-29
 249.738009      0.060   1.062809    15.9329     5.6971      0.059     0.6458    -0.5459 -9.990e-29
 249.738015      0.059   1.055382    15.9261     5.6966      0.059     0.6412    -0.5484 -9.990e-29
 249.738021      0.062   1.044334    15.9158     5.7063      0.061     0.6344    -0.5520 -9.990e-29
 249.738027      0.068   1.032732    15.9052     5.6985      0.067     0.6272    -0.5558 -9.990e-29
 249.738032      0.073   1.024017    15.8982     5.6999      0.072     0.6218    -0.5588 -9.990e-29
 249.738038      0.075   1.018249    15.8953     5.7060      0.074     0.6182    -0.5611 -9.990e-29
 249.738044      0.076   1.012742    15.8948     5.6980      0.075     0.6147    -0.5637 -9.990e-29
 249.738050      0.083   1.005158    15.8937     5.7006      0.082     0.6099    -0.5672 -9.990e-29
 249.738056      0.094   0.995396    15.8909     5.7057      0.093     0.6038    -0.5715 -9.990e-29
 249.738061      0.106   0.985458    15.8887     5.6968      0.105     0.5975    -0.5760 -9.990e-29
 249.738067      0.112   0.977663    15.8881     5.7062      0.111     0.5926    -0.5797 -9.990e-29
 249.738073      0.112   0.973298    15.8888     5.6980      0.111     0.5899    -0.5819 -9.990e-29
 249.738079      0.115   0.971550    15.8907     5.6937      0.114     0.5887    -0.5831 -9.990e-29
 249.738084      0.120   0.969531    15.8933     5.6947      0.119     0.5874    -0.5845 -9.990e-29
 249.738090      0.124   0.964551    15.8956     5.6923      0.123     0.5842    -0.5873 -9.990e-29
 249.738096      0.126   0.956642    15.8968     5.6962      0.125     0.5792    -0.5914 -9.990e-29
 249.738102      0.128   0.948608    15.8983     5.6966      0.127     0.5741    -0.5956 -9.990e-29
 249.738108      0.130   0.943084    15.9026     5.7046      0.129     0.5706    -0.5990 -9.990e-29
 249.738113      0.126   0.939378    15.9091     5.6983      0.125     0.5682    -0.6019 -9.990e-29
 249.738119      0.117   0.934217    15.9151     5.6958      0.116     0.5648    -0.6055 -9.990e-29
 249.738125      0.107   0.926282    15.9204     5.6935      0.106     0.5598    -0.6102 -9.990e-29
 249.738131      0.094   0.917783    15.9254     5.6921      0.093     0.5544    -0.6152 -9.990e-29
 249.738137      0.083   0.911848    15.9300     5.6963      0.082     0.5506    -0.6189 -9.990e-29
 249.738142      0.077   0.910021    15.9330     5.6966      0.076     0.5494    -0.6203 -9.990e-29
 249.738148      0.076   0.910976    15.9340     5.6960      0.075     0.5500    -0.6200 -9.990e-29
 249.738154      0.078   0.911538    15.9346     5.6959      0.077     0.5503    -0.6198 -9.990e-29
 249.738160      0.086   0.909122    15.9366     5.6956      0.085     0.5488    -0.6214 -9.990e-29
 249.738166      0.094   0.902731    15.9402     5.6958      0.093     0.5447    -0.6251 -9.990e-29
 249.738171      0.096   0.893297    15.9437     5.7031      0.095     0.5387    -0.6303 -9.990e-29
 249.738177      0.090   0.883814    15.9453     5.6976      0.089     0.5328    -0.6351 -9.990e-29
 249.738183      0.085   0.877765    15.9444     5.6954      0.084     0.5290    -0.6379 -9.990e-29
 249.738189      0.085   0.875984    15.9428     5.6931      0.084     0.5279    -0.6385 -9.990e-29
 249.738194      0.091   0.875540    15.9428     5.6902      0.090     0.5276    -0.6387 -9.990e-29
 249.738200      0.097   0.873615    15.9445     5.6928      0.096     0.5264    -0.6399 -9.990e-29
 249.738206      0.101   0.870424    15.9467     5.6841      0.100     0.5244    -0.6418 -9.990e-29
 249.738212      0.107   0.867276    15.9488     5.6891      0.106     0.5224    -0.6437 -9.990e-29
 249.738218      0.119   0.864421    15.9508     5.6906      0.118     0.5206    -0.6454 -9.990e-29
 249.738223      0.134   0.861390    15.9526     5.7003      0.133     0.5186    -0.6472 -9.990e-29
 249.738229      0.144   0.858036    15.9543     5.6964      0.143     0.5165    -0.6491 -9.990e-29
 249.738235      0.146   0.854335    15.9575     5.6909      0.145     0.5142    -0.6515 -9.990e-29
 249.738241      0.144   0.849801    15.9633     5.6887      0.143     0.5112    -0.6547 -9.990e-29
 249.738247      0.142   0.843950    15.9710     5.6785      0.141     0.5075    -0.6588 -9.990e-29
 249.738252      0.141   0.837880    15.9791     5.6874      0.140     0.5036    -0.6631 -9.990e-29
 249.738258      0.139   0.834063    15.9864     5.6894      0.138     0.5011    -0.6662 -9.990e-29
 249.738264      0.138   0.833526    15.9925     5.6922      0.137     0.5007    -0.6676 -9.990e-29
 249.738270      0.141   0.834443    15.9966     5.6866      0.140     0.5012    -0.6678 -9.990e-29
 249.738275      0.148   0.834142    15.9983     5.6891      0.147     0.5010    -0.6683 -9.990e-29
 249.738281      0.151   0.831667    15.9992     5.6925      0.150     0.4995    -0.6696 -9.990e-29
 249.738287      0.150   0.827612    16.0011     5.6869      0.149     0.4969    -0.6719 -9.990e-29
 249.738293      0.151   0.823243    16.0044     5.6950      0.150     0.4942    -0.6746 -9.990e-29
 249.738299      0.148   0.819964    16.0080     5.6929      0.147     0.4921    -0.6768 -9.990e-29
 249.738304      0.136   0.817852    16.0103     5.6868      0.135     0.4907    -0.6782 -9.990e-29
 249.738310      0.121   0.815761    16.0094     5.6940      0.120     0.4894    -0.6790 -9.990e-29
 249.738316      0.108   0.813125    16.0060     5.6923      0.107     0.4878    -0.6797 -9.990e-29
 249.738322      0.102   0.810325    16.0020     5.6867      0.101     0.4861    -0.6804 -9.990e-29
 249.738328      0.102   0.808075    15.9972     5.6946      0.101     0.4848    -0.6806 -9.990e-29
 249.738333      0.108   0.806713    15.9917     5.6932      0.107     0.4840    -0.6803 -9.990e-29
 249.738339      0.116   0.805535    15.9878     5.6872      0.115     0.4833    -0.6802 -9.990e-29
 249.738345      0.123   0.803525    15.9867     5.6877      0.122     0.4821    -0.6810 -9.990e-29
 249.738351      0.128   0.800231    15.9877     5.6921      0.127     0.4800    -0.6827 -9.990e-29
 249.738356      0.129   0.796264    15.9895     5.6981      0.128     0.4775    -0.6850 -9.990e-29
 249.738362      0.120   0.792824    15.9906     5.6973      0.119     0.4754    -0.6868 -9.990e-29
 249.738368      0.106   0.790329    15.9902     5.7023      0.105     0.4738    -0.6879 -9.990e-29
 249.738374      0.093   0.789160    15.9889     5.7002      0.092     0.4731    -0.6883 -9.990e-29
 249.738380      0.087   0.789428    15.9874     5.6957      0.086     0.4733    -0.6879 -9.990e-29
 249.738385      0.085   0.789636    15.9857     5.6953      0.084     0.4734    -0.6875 -9.990e-29
 249.738391      0.085   0.788393    15.9832     5.6993      0.084     0.4727    -0.6877 -9.990e-29
 249.738397      0.081   0.786267    15.9786     5.7027      0.080     0.4714    -0.6879 -9.990e-29
 249.738403      0.077   0.784871    15.9699     5.6979      0.076     0.4707    -0.6871 -9.990e-29
 249.738409      0.078   0.784568    15.9560     5.6927      0.077     0.4706    -0.6848 -9.990e-29
 249.738414      0.084   0.783841    15.9410     5.6870      0.083     0.4703    -0.6826 -9.990e-29
 249.738420      0.090   0.781167    15.9309     5.6876      0.089     0.4688    -0.6821 -9.990e-29
 249.738426      0.093   0.776873    15.9255     5.6986      0.092     0.4662    -0.6833 -9.990e-29
 249.738432      0.097   0.772464    15.9219     5.6920      0.096     0.4635    -0.6848 -9.990e-29
 249.738438      0.104   0.769290    15.9206     5.6891      0.103     0.4615    -0.6861 -9.990e-29
 249.738443      0.107   0.768125    15.9218     5.6793      0.106     0.4608    -0.6868 -9.990e-29
 249.738449      0.109   0.768526    15.9253     5.6837      0.108     0.4610    -0.6872 -9.990e-29
 249.738455      0.109   0.769359    15.9327     5.6894      0.108     0.4614    -0.6881 -9.990e-29
 249.738461      0.111   0.769511    15.9441     5.6920      0.110     0.4614    -0.6900 -9.990e-29
 249.738466      0.115   0.768074    15.9567     5.6945      0.114     0.4603    -0.6928 -9.990e-29
 249.738472      0.117   0.765354    15.9673     5.6905      0.116     0.4585    -0.6960 -9.990e-29
 249.738478      0.123   0.762732    15.9752     5.6901      0.122     0.4568    -0.6986 -9.990e-29
 249.738484      0.132   0.761161    15.9819     5.6893      0.131     0.4558    -0.7005 -9.990e-29
 249.738490      0.136   0.760213    15.9876     5.6894      0.135     0.4551    -0.7019 -9.990e-29
 249.738495      0.135   0.758624    15.9906     5.6898      0.134     0.4541    -0.7032 -9.990e-29
 249.738501      0.134   0.755946    15.9904     5.6922      0.133     0.4524    -0.7045 -9.990e-29
 249.738507      0.133   0.753055    15.9880     5.6939      0.132     0.4507    -0.7054 -9.990e-29
 249.738513      0.132   0.751103    15.9843     5.6959      0.131     0.4495    -0.7057 -9.990e-29
 249.738519      0.125   0.750266    15.9814     5.6988      0.124     0.4490    -0.7056 -9.990e-29
 249.738524      0.113   0.749985    15.9815     5.6993      0.112     0.4488    -0.7058 -9.990e-29
 249.738530      0.104   0.749887    15.9838     5.7001      0.103     0.4487    -0.7062 -9.990e-29
 249.738536      0.102   0.749842    15.9860     5.6998      0.101     0.4487    -0.7066 -9.990e-29
 249.738542      0.105   0.749789    15.9853     5.6996      0.104     0.4487    -0.7065 -9.990e-29
 249.738547      0.110   0.749103    15.9789     5.6914      0.109     0.4483    -0.7058 -9.990e-29
 249.738553      0.114   0.746867    15.9666     5.6973      0.113     0.4471    -0.7047 -9.990e-29
 249.738559      0.116   0.743439    15.9510     5.6998      0.115     0.4451    -0.7037 -9.990e-29
 249.738565      0.116   0.740363    15.9342     5.7017      0.115     0.4434    -0.7023 -9.990e-29
 249.738571      0.119   0.739099    15.9191     5.7032      0.118     0.4427    -0.7003 -9.990e-29
 249.738576      0.125   0.739632    15.9093     5.7002      0.124     0.4432    -0.6984 -9.990e-29
 249.738582      0.131   0.740448    15.9048     5.6995      0.130     0.4437    -0.6972 -9.990e-29
 249.738588      0.135   0.740408    15.9039     5.6982      0.134     0.4437    -0.6971 -9.990e-29
 249.738594      0.135   0.739459    15.9052     5.6972      0.134     0.4431    -0.6978 -9.990e-29
 249.738600      0.131   0.738005    15.9068     5.6971      0.130     0.4422    -0.6987 -9.990e-29
 249.738605      0.126   0.736332    15.9066     5.6970      0.125     0.4412    -0.6995 -9.990e-29
 249.738611      0.115   0.734433    15.9047     5.6896      0.114     0.4400    -0.7001 -9.990e-29
 249.738617      0.099   0.732557    15.9035     5.6959      0.098     0.4389    -0.7008 -9.990e-29
 249.738623      0.084   0.731541    15.9035     5.7042      0.083     0.4382    -0.7013 -9.990e-29
 249.738628      0.075   0.731698    15.9049     5.6989      0.074     0.4383    -0.7014 -9.990e-29
 249.738634      0.069   0.732126    15.9095     5.6976      0.068     0.4385    -0.7020 -9.990e-29
 249.738640      0.064   0.731726    15.9164     5.6914      0.063     0.4382    -0.7034 -9.990e-29
 249.738646      0.054   0.729968    15.9223     5.6891      0.054     0.4370    -0.7052 -9.990e-29
 249.738652      0.042   0.727287    15.9254     5.6849      0.042     0.4353    -0.7070 -9.990e-29
 249.738657      0.033   0.725111    15.9262     5.6830      0.033     0.4340    -0.7082 -9.990e-29
 249.738663      0.026   0.724435    15.9259     5.6834      0.026     0.4336    -0.7085 -9.990e-29
 249.738669      0.020   0.724911    15.9274     5.6857      0.020     0.4339    -0.7085 -9.990e-29
 249.738675      0.015   0.725507    15.9336     5.6965      0.015     0.4342    -0.7093 -9.990e-29
 249.738681      0.019   0.725350    15.9433     5.6916      0.019     0.4340    -0.7110 -9.990e-29
 249.738686      0.037   0.724231    15.9530     5.6969      0.037     0.4332    -0.7132 -9.990e-29
 249.738692      0.057   0.722327    15.9602     5.6884      0.057     0.4319    -0.7154 -9.990e-29
 249.738698      0.072   0.719879    15.9645     5.6838      0.071     0.4303    -0.7173 -9.990e-29
 249.738704      0.083   0.717514    15.9666     5.6851      0.082     0.4289    -0.7188 -9.990e-29
 249.738709      0.094   0.715973    15.9669     5.6930      0.093     0.4279    -0.7196 -9.990e-29
 249.738715      0.106   0.715424    15.9655     5.6990      0.105     0.4276    -0.7196 -9.990e-29
 249.738721      0.116   0.715693    15.9640     5.6914      0.115     0.4278    -0.7192 -9.990e-29
 249.738727      0.125   0.716583    15.9632     5.6866      0.124     0.4283    -0.7186 -9.990e-29
 249.738733      0.133   0.717611    15.9631     5.6821      0.132     0.4290    -0.7181 -9.990e-29
 249.738738      0.140   0.717924    15.9658     5.6832      0.139     0.4291    -0.7184 -9.990e-29
 249.738744      0.148   0.716826    15.9711     5.6937      0.147     0.4284    -0.7199 -9.990e-29
 249.738750      0.155   0.714524    15.9758     5.6875      0.154     0.4269    -0.7218 -9.990e-29
 249.738756      0.160   0.711841    15.9755     5.6925      0.159     0.4253    -0.7230 -9.990e-29
 249.738762      0.157   0.709648    15.9704     5.6856      0.156     0.4239    -0.7232 -9.990e-29
 249.738767      0.151   0.708359    15.9666     5.6829      0.150     0.4232    -0.7231 -9.990e-29
 249.738773      0.150   0.707366    15.9677     5.6865      0.149     0.4226    -0.7238 -9.990e-29
 249.738779      0.154   0.705901    15.9725     5.6869      0.153     0.4216    -0.7253 -9.990e-29
 249.738785      0.155   0.704236    15.9786     5.6907      0.154     0.4205    -0.7272 -9.990e-29
 249.738791      0.152   0.703487    15.9847     5.6905      0.151     0.4200    -0.7286 -9.990e-29
