data/oxygen options/ONMS/Olympic_Coast_National_Marine_Sanctuary_CTD_Data_2005_2023/raw_data/2014/CAST_TH042_140801faedb.cnv
* Sea-Bird SBE19 Data File:
* FileName = C:\2014 Mooring Data\Casts\CAST_TH042_140801.hex
* Software Version 1.59
* Temperature SN = 2997
* Conductivity SN = 2997
* System UpLoad Time = Aug 03 2014 00:57:26
** CAST_TH042_140801
* ds
# nquan = 9
# nvalues = 42                          
# units = specified
# name 0 = timeJ: Julian Days
# name 1 = prSM: Pressure, Strain Gauge [db]
# name 2 = c0mS/cm: Conductivity [mS/cm]
# name 3 = t090C: Temperature [ITS-90, deg C]
# name 4 = sbeox0ML/L: Oxygen, SBE 43 [ml/l]
# name 5 = depSM: Depth [salt water, m], lat = 47.5
# name 6 = sal00: Salinity, Practical [PSU]
# name 7 = sigma-é00: Density [sigma-theta, kg/m^3]
# name 8 = flag: flag
# span 0 = 213.834384, 213.835277       
# span 1 =      1.000,     42.000       
# span 2 =  34.376326,  37.572600       
# span 3 =     7.3547,    12.1391       
# span 4 =     2.4890,     6.1564       
# span 5 =      0.993,     41.646       
# span 6 =    32.5199,    33.6331       
# span 7 =    24.6381,    26.2935       
# span 8 = 0.0000e+00, 0.0000e+00       
# interval = decibars: 1                
# start_time = Aug 01 2014 19:55:39 [Instrument's time stamp, header]
# bad_flag = -9.990e-29
*END*
 213.834384      1.000  37.572600    12.1391     6.1564      0.993    32.5199    24.6381 0.0000e+00
 213.834413      2.000  37.158071    11.5969     5.8890      1.983    32.5919    24.7937 0.0000e+00
 213.834434      3.000  36.817789    11.1127     5.9401      2.975    32.6855    24.9537 0.0000e+00
 213.834454      4.000  36.689233    10.9600     6.0090      3.967    32.6939    24.9873 0.0000e+00
 213.834473      5.000  36.680182    10.9428     5.9877      4.958    32.6998    24.9950 0.0000e+00
 213.834492      6.000  36.675438    10.9404     6.0392      5.950    32.6969    24.9931 0.0000e+00
 213.834509      7.000  36.677816    10.9439     6.0337      6.941    32.6956    24.9916 0.0000e+00
 213.834529      8.000  36.680208    10.9444     6.0514      7.933    32.6972    24.9927 0.0000e+00
 213.834548      9.000  36.680172    10.9378     6.0301      8.925    32.7026    24.9981 0.0000e+00
 213.834566     10.000  36.684249    10.9350     6.0224      9.917    32.7087    25.0033 0.0000e+00
 213.834583     11.000  36.685830    10.9316     6.0223     10.908    32.7129    25.0072 0.0000e+00
 213.834601     12.000  36.686493    10.9280     6.0366     11.899    32.7163    25.0105 0.0000e+00
 213.834622     13.000  36.685596    10.9140     6.0402     12.891    32.7275    25.0217 0.0000e+00
 213.834640     14.000  36.675779    10.8711     6.0853     13.883    32.7557    25.0512 0.0000e+00
 213.834659     15.000  36.657433    10.8337     6.0785     14.874    32.7705    25.0693 0.0000e+00
 213.834678     16.000  36.646446    10.8177     6.0804     15.866    32.7734    25.0744 0.0000e+00
 213.834697     17.000  36.640784    10.8058     6.0852     16.858    32.7780    25.0801 0.0000e+00
 213.834715     18.000  36.631056    10.7866     6.1241     17.849    32.7851    25.0890 0.0000e+00
 213.834735     19.000  36.610707    10.7392     6.0770     18.840    32.8070    25.1143 0.0000e+00
 213.834755     20.000  36.592117    10.7040     5.8821     19.832    32.8195    25.1302 0.0000e+00
 213.834777     21.000  36.486925    10.5290     5.5420     20.824    32.8715    25.2010 0.0000e+00
 213.834797     22.000  36.334980    10.3330     4.8067     21.815    32.8956    25.2534 0.0000e+00
 213.834817     23.000  36.131202    10.0074     4.4182     22.807    32.9852    25.3781 0.0000e+00
 213.834836     24.000  35.844895     9.6596     4.2019     23.798    33.0114    25.4560 0.0000e+00
 213.834857     25.000  35.653601     9.3833     3.8776     24.790    33.0692    25.5459 0.0000e+00
 213.834877     26.000  35.450343     9.0421     3.4747     25.781    33.1750    25.6830 0.0000e+00
 213.834897     27.000  35.197087     8.7366     3.0688     26.773    33.1957    25.7467 0.0000e+00
 213.834920     28.000  34.943835     8.3448     2.5818     27.764    33.2979    25.8865 0.0000e+00
 213.834940     29.000  34.594421     7.7590     2.7255     28.756    33.4832    26.1181 0.0000e+00
 213.834965     30.000  34.520154     7.6704     2.5842     29.748    33.4881    26.1347 0.0000e+00
 213.834990     31.000  34.435185     7.4860     2.4890     30.739    33.5738    26.2284 0.0000e+00
 213.835014     32.000  34.402683     7.4180     2.5287     31.730    33.6040    26.2617 0.0000e+00
 213.835038     33.000  34.380798     7.3780     2.5661     32.722    33.6186    26.2788 0.0000e+00
 213.835065     34.000  34.384390     7.3769     2.5663     33.713    33.6231    26.2825 0.0000e+00
 213.835091     35.000  34.379421     7.3734     2.5491     34.705    33.6206    26.2810 0.0000e+00
 213.835116     36.000  34.377641     7.3639     2.5533     35.696    33.6274    26.2877 0.0000e+00
 213.835140     37.000  34.377424     7.3625     2.5358     36.688    33.6280    26.2884 0.0000e+00
 213.835168     38.000  34.378801     7.3625     2.5364     37.679    33.6291    26.2893 0.0000e+00
 213.835194     39.000  34.376664     7.3593     2.5221     38.671    33.6293    26.2899 0.0000e+00
 213.835220     40.000  34.379677     7.3591     2.5237     39.662    33.6323    26.2924 0.0000e+00
 213.835250     41.000  34.377473     7.3553     2.5213     40.654    33.6331    26.2935 0.0000e+00
 213.835277     42.000  34.376326     7.3547     2.5184     41.646    33.6319    26.2927 0.0000e+00
