data/oxygen options/ONMS/Olympic_Coast_National_Marine_Sanctuary_CTD_Data_2005_2023/raw_data/2014/CAST_CE015_140905faed.cnv
* Sea-Bird SBE19 Data File:
* FileName = C:\2014 Mooring Data\Casts\CAST_CE015_140905.hex
* Software Version 1.59
* Temperature SN = 2997
* Conductivity SN = 2997
* System UpLoad Time = Sep 05 2014 19:37:53
** CAST_CE015_140905
* ds
# nquan = 9                                 
# nvalues = 1096                        
# units = specified
# name 0 = timeJ: Julian Days
# name 1 = prSM: Pressure, Strain Gauge [db]
# name 2 = c0mS/cm: Conductivity [mS/cm]
# name 3 = t090C: Temperature [ITS-90, deg C]
# name 4 = sbeox0ML/L: Oxygen, SBE 43 [ml/l]
# name 5 = depSM: Depth [salt water, m], lat = 47.5
# name 6 = sal00: Salinity, Practical [PSU]
# name 7 = sigma-é00: Density [sigma-theta, kg/m^3]
# name 8 = flag: flag
# span 0 = 248.785822, 248.792159       
# span 1 =     -5.638,     16.510       
# span 2 =   0.412493,  41.406418       
# span 3 =     9.2632,    17.0841       
# span 4 =    -1.7874,    17.6543       
# span 5 =     -5.591,     16.372       
# span 6 =     0.2382,    33.4229       
# span 7 =    -1.0469,    25.8202       
# span 8 = 0.0000e+00, 0.0000e+00       
# interval = seconds: 0.5
# start_time = Sep 05 2014 18:51:35 [Instrument's time stamp, header]
# bad_flag = -9.990e-29
*END*
[from data line 481]
 248.788605     -0.632   0.436076    17.0551     6.0306     -0.627     0.2501    -1.0405 -9.990e-29
 248.788611     -0.634   0.435830    17.0616     6.0308     -0.629     0.2499    -1.0418 -9.990e-29
 248.788617     -0.634   0.435467    17.0616     6.0386     -0.629     0.2497    -1.0420 -9.990e-29
 248.788623     -0.632   0.435060    17.0589     6.0312     -0.627     0.2495    -1.0417 -9.990e-29
 248.788628     -0.627   0.434993    17.0582     6.0283     -0.622     0.2495    -1.0416 -9.990e-29
 248.788634     -0.624   0.435176    17.0618     6.0299     -0.619     0.2496    -1.0421 -9.990e-29
 248.788640     -0.622   0.435113    17.0680     6.0331     -0.617     0.2495    -1.0433 -9.990e-29
 248.788646     -0.617   0.434719    17.0736     6.0411     -0.612     0.2492    -1.0445 -9.990e-29
 248.788652     -0.614   0.434398    17.0770     6.0473     -0.609     0.2490    -1.0452 -9.990e-29
 248.788657     -0.615   0.434276    17.0784     6.0476     -0.610     0.2489    -1.0455 -9.990e-29
 248.788663     -0.617   0.434192    17.0789     6.0515     -0.612     0.2489    -1.0457 -9.990e-29
 248.788669     -0.612   0.434037    17.0810     6.0634     -0.607     0.2488    -1.0461 -9.990e-29
 248.788675     -0.599   0.433602    17.0841     6.0718     -0.594     0.2485    -1.0469 -9.990e-29
 248.788681     -0.586   0.432866    17.0799     6.0787     -0.581     0.2481    -1.0464 -9.990e-29
 248.788686     -0.576   0.431957    17.0602     6.0806     -0.571     0.2477    -1.0433 -9.990e-29
 248.788692     -0.569   0.430778    17.0273     6.0800     -0.564     0.2472    -1.0379 -9.990e-29
 248.788698     -0.563   0.429425    16.9862     6.0827     -0.558     0.2466    -1.0312 -9.990e-29
 248.788704     -0.560   0.428318    16.9379     6.0776     -0.555     0.2462    -1.0231 -9.990e-29
 248.788709     -0.558   0.427647    16.8867     6.0853     -0.553     0.2461    -1.0143 -9.990e-29
 248.788715     -0.558   0.427076    16.8396     6.0850     -0.553     0.2461    -1.0062 -9.990e-29
 248.788721     -0.560   0.426398    16.7985     6.0839     -0.555     0.2459    -0.9992 -9.990e-29
 248.788727     -0.563   0.425824    16.7619     6.0840     -0.558     0.2458    -0.9931 -9.990e-29
 248.788733     -0.568   0.425142    16.7298     6.0814     -0.563     0.2456    -0.9877 -9.990e-29
 248.788738     -0.571   0.424002    16.7021     6.0812     -0.566     0.2451    -0.9834 -9.990e-29
 248.788744     -0.567   0.422551    16.6778     6.0727     -0.562     0.2443    -0.9798 -9.990e-29
 248.788750     -0.562   0.421079    16.6570     6.0750     -0.557     0.2436    -0.9768 -9.990e-29
 248.788756     -0.558   0.419846    16.6411     6.0663     -0.553     0.2429    -0.9746 -9.990e-29
 248.788762     -0.555   0.418878    16.6346     6.0638     -0.550     0.2424    -0.9739 -9.990e-29
 248.788767     -0.554   0.417996    16.6406     6.0710     -0.549     0.2418    -0.9754 -9.990e-29
 248.788773     -0.555   0.417136    16.6530     6.0692     -0.550     0.2413    -0.9779 -9.990e-29
 248.788779     -0.556   0.416264    16.6625     6.0710     -0.551     0.2407    -0.9800 -9.990e-29
 248.788785     -0.559   0.415330    16.6670     6.0667     -0.554     0.2401    -0.9812 -9.990e-29
 248.788791     -0.564   0.414198    16.6722     6.0548     -0.559     0.2394    -0.9826 -9.990e-29
 248.788796     -0.566   0.413030    16.6842     6.0519     -0.561     0.2387    -0.9852 -9.990e-29
 248.788802     -0.562   0.412493    16.7027     6.0581     -0.557     0.2382    -0.9887 -9.990e-29
 248.788808     -0.555   0.413537    16.7225     6.0638     -0.550     0.2387    -0.9917 -9.990e-29
 248.788814     -0.550   0.417556    16.7394     6.0753     -0.545     0.2410    -0.9929 -9.990e-29
 248.788819     -0.545   0.427129    16.7529     6.0619     -0.540     0.2466    -0.9909 -9.990e-29
 248.788825     -0.542   0.443901    16.7645     6.0584     -0.537     0.2565    -0.9853 -9.990e-29
 248.788831     -0.539   0.465772    16.7753     6.0497     -0.535     0.2694    -0.9772 -9.990e-29
 248.788837     -0.536   0.489655    16.7839     6.0561     -0.532     0.2835    -0.9678 -9.990e-29
 248.788843     -0.533   0.515705    16.7879     6.0696     -0.529     0.2990    -0.9565 -9.990e-29
 248.788848     -0.530   0.548631    16.7883     6.0791     -0.526     0.3186    -0.9414 -9.990e-29
 248.788854     -0.527   0.590079    16.7853     6.0741     -0.523     0.3435    -0.9218 -9.990e-29
 248.788860     -0.524   0.630816    16.7788     6.0716     -0.520     0.3681    -0.9017 -9.990e-29
 248.788866     -0.520   0.656769    16.7704     6.0630     -0.516     0.3838    -0.8882 -9.990e-29
 248.788872     -0.515   0.662506    16.7586     6.0498     -0.511     0.3874    -0.8834 -9.990e-29
 248.788877     -0.509   0.657345    16.7433     6.0542     -0.505     0.3844    -0.8830 -9.990e-29
 248.788883     -0.505   0.654424    16.7284     6.0673     -0.501     0.3828    -0.8817 -9.990e-29
 248.788889     -0.508   0.663747    16.7134     6.0807     -0.504     0.3886    -0.8747 -9.990e-29
 248.788895     -0.514   0.698303    16.6967     6.0835     -0.510     0.4097    -0.8556 -9.990e-29
 248.788900     -0.518   0.779146    16.6799     6.0745     -0.514     0.4591    -0.8146 -9.990e-29
 248.788906     -0.522   0.906749    16.6626     6.0693     -0.518     0.5377    -0.7512 -9.990e-29
 248.788912     -0.524   1.031598    16.6408     6.0667     -0.520     0.6154    -0.6877 -9.990e-29
 248.788918     -0.526   1.104947    16.6178     6.0637     -0.522     0.6614    -0.6483 -9.990e-29
 248.788924     -0.528   1.135615    16.5962     6.0691     -0.524     0.6810    -0.6296 -9.990e-29
 248.788929     -0.529   1.168388    16.5729     6.0669     -0.525     0.7019    -0.6095 -9.990e-29
 248.788935     -0.530   1.225275    16.5565     6.0701     -0.526     0.7379    -0.5790 -9.990e-29
 248.788941     -0.531   1.281459    16.5567     6.0524     -0.527     0.7733    -0.5518 -9.990e-29
 248.788947     -0.531   1.305068    16.5652     6.0505     -0.527     0.7881    -0.5419 -9.990e-29
 248.788953     -0.531   1.295326    16.5684     6.0391     -0.527     0.7819    -0.5472 -9.990e-29
 248.788958     -0.531   1.270389    16.5631     6.0404     -0.527     0.7662    -0.5583 -9.990e-29
 248.788964     -0.531   1.246508    16.5518     6.0646     -0.527     0.7514    -0.5678 -9.990e-29
 248.788970     -0.531   1.229661    16.5355     6.0779     -0.527     0.7411    -0.5730 -9.990e-29
 248.788976     -0.530   1.214629    16.5151     6.1075     -0.526     0.7320    -0.5765 -9.990e-29
 248.788981     -0.529   1.190269    16.4936     6.1077     -0.525     0.7170    -0.5844 -9.990e-29
 248.788987     -0.528   1.150797    16.4763     6.0964     -0.524     0.6925    -0.6003 -9.990e-29
 248.788993     -0.527   1.104760    16.4645     6.0850     -0.523     0.6638    -0.6204 -9.990e-29
 248.788999     -0.525   1.064742    16.4567     6.0427     -0.521     0.6388    -0.6383 -9.990e-29
 248.789005     -0.523   1.039117    16.4550     6.0504     -0.519     0.6228    -0.6503 -9.990e-29
 248.789010     -0.519   1.028200    16.4611     5.3418     -0.515     0.6159    -0.6567 -9.990e-29
 248.789016     -0.515   1.020770    16.4733     5.0461     -0.511     0.6111    -0.6625 -9.990e-29
 248.789022     -0.510   1.007478    16.4888     5.0634     -0.506     0.6026    -0.6717 -9.990e-29
 248.789028     -0.503   0.990065    16.5057     5.0623     -0.499     0.5915    -0.6831 -9.990e-29
 248.789034     -0.494   0.977013    16.5233     5.0895     -0.490     0.5831    -0.6925 -9.990e-29
 248.789039     -0.483   0.984844    16.5407     5.1400     -0.479     0.5877    -0.6919 -9.990e-29
 248.789045     -0.468   1.054030    16.5535     5.1908     -0.464     0.6306    -0.6610 -9.990e-29
 248.789051     -0.449   1.299619    16.5499     5.2209     -0.445     0.7849    -0.5417 -9.990e-29
 248.789057     -0.425   2.065746    16.5044     5.0790     -0.421     1.2781    -0.1549 -9.990e-29
 248.789063     -0.394   4.389485    16.3622     5.2855     -0.391     2.8482     1.0738 -9.990e-29
 248.789068     -0.354  11.385838    16.1334     5.6937     -0.351     7.9549     5.0195 -9.990e-29
 248.789074     -0.303  23.290550    15.9397     6.0227     -0.300    17.3943    12.2659 -9.990e-29
 248.789080     -0.241  33.561798    15.8443     6.2957     -0.239    26.0602    18.9173 -9.990e-29
 248.789086     -0.173  38.374365    15.8127     6.3429     -0.172    30.2608    22.1468 -9.990e-29
 248.789091     -0.100  39.966588    15.8048     6.2290     -0.099    31.6683    23.2298 -9.990e-29
 248.789097     -0.020  40.504698    15.7975     6.0475     -0.020    32.1499    23.6016 -9.990e-29
 248.789103      0.062  40.704512    15.7859     5.7924      0.061    32.3363    23.7474 -9.990e-29
 248.789109      0.148  40.787537    15.7750     5.5473      0.147    32.4188    23.8133 -9.990e-29
 248.789115      0.238  40.817872    15.7713     5.4766      0.236    32.4487    23.8371 -9.990e-29
 248.789120      0.327  40.830365    15.7761     5.6097      0.324    32.4558    23.8415 -9.990e-29
 248.789126      0.405  40.850121    15.7869     5.7657      0.402    32.4644    23.8457 -9.990e-29
 248.789132      0.475  40.870360    15.7992     5.8163      0.471    32.4723    23.8490 -9.990e-29
 248.789138      0.537  40.875402    15.8119     5.7358      0.533    32.4663    23.8416 -9.990e-29
 248.789144      0.585  40.872558    15.8291     5.6005      0.580    32.4496    23.8249 -9.990e-29
 248.789149      0.623  40.881655    15.8536     5.5211      0.618    32.4376    23.8102 -9.990e-29
 248.789155      0.657  40.901926    15.8879     5.6173      0.652    32.4274    23.7947 -9.990e-29
 248.789161      0.685  40.934588    15.9296     5.8466      0.679    32.4221    23.7814 -9.990e-29
 248.789167      0.706  40.990073    15.9659     6.0472      0.700    32.4414    23.7881 -9.990e-29
 248.789172      0.719  41.044649    15.9863     6.0886      0.713    32.4729    23.8077 -9.990e-29
 248.789178      0.727  41.074496    15.9924     5.9882      0.721    32.4942    23.8227 -9.990e-29
 248.789184      0.730  41.090791    15.9893     5.8062      0.724    32.5112    23.8364 -9.990e-29
 248.789190      0.727  41.100684    15.9771     5.6133      0.721    32.5299    23.8535 -9.990e-29
 248.789196      0.723  41.097166    15.9623     5.4351      0.717    32.5390    23.8638 -9.990e-29
 248.789201      0.726  41.091299    15.9559     5.2561      0.720    32.5390    23.8653 -9.990e-29
 248.789207      0.736  41.092699    15.9579     5.1109      0.730    32.5386    23.8645 -9.990e-29
 248.789213      0.746  41.092577    15.9633     4.9984      0.740    32.5341    23.8598 -9.990e-29
 248.789219      0.751  41.085739    15.9680     4.9199      0.745    32.5242    23.8512 -9.990e-29
 248.789225      0.752  41.074888    15.9701     4.8638      0.746    32.5129    23.8420 -9.990e-29
 248.789230      0.750  41.073110    15.9755     4.8194      0.744    32.5069    23.8362 -9.990e-29
 248.789236      0.743  41.083113    15.9851     4.7571      0.737    32.5078    23.8348 -9.990e-29
 248.789242      0.732  41.098036    15.9879     4.6934      0.726    32.5187    23.8425 -9.990e-29
 248.789248      0.721  41.116455    15.9777     4.6363      0.715    32.5434    23.8637 -9.990e-29
 248.789253      0.716  41.132058    15.9559     4.5797      0.710    32.5750    23.8930 -9.990e-29
 248.789259      0.722  41.143208    15.9295     4.5448      0.716    32.6066    23.9232 -9.990e-29
 248.789265      0.735  41.151872    15.9110     4.5229      0.729    32.6295    23.9449 -9.990e-29
 248.789271      0.747  41.157262    15.9099     4.5183      0.741    32.6352    23.9495 -9.990e-29
 248.789277      0.756  41.162651    15.9253     4.5336      0.750    32.6273    23.9400 -9.990e-29
 248.789282      0.760  41.167938    15.9494     4.5496      0.754    32.6121    23.9229 -9.990e-29
 248.789288      0.761  41.171771    15.9756     4.5545      0.755    32.5939    23.9031 -9.990e-29
 248.789294      0.764  41.174795    16.0042     4.6071      0.758    32.5731    23.8806 -9.990e-29
 248.789300      0.771  41.177140    16.0350     4.6769      0.765    32.5499    23.8559 -9.990e-29
 248.789306      0.781  41.178030    16.0579     4.7533      0.774    32.5319    23.8369 -9.990e-29
 248.789311      0.788  41.178119    16.0654     4.7923      0.781    32.5258    23.8306 -9.990e-29
 248.789317      0.793  41.180927    16.0633     4.7870      0.786    32.5300    23.8343 -9.990e-29
 248.789323      0.798  41.182920    16.0600     4.7676      0.791    32.5345    23.8384 -9.990e-29
 248.789329      0.801  41.181154    16.0570     4.7417      0.794    32.5354    23.8398 -9.990e-29
 248.789334      0.804  41.177794    16.0519     4.7203      0.797    32.5366    23.8419 -9.990e-29
 248.789340      0.806  41.175694    16.0470     4.7003      0.799    32.5387    23.8446 -9.990e-29
 248.789346      0.807  41.176014    16.0476     4.6939      0.800    32.5385    23.8443 -9.990e-29
 248.789352      0.809  41.178640    16.0519     4.6623      0.802    32.5373    23.8424 -9.990e-29
 248.789358      0.810  41.183165    16.0514     4.6122      0.803    32.5417    23.8459 -9.990e-29
 248.789363      0.811  41.184412    16.0395     4.5488      0.804    32.5526    23.8570 -9.990e-29
 248.789369      0.811  41.182387    16.0158     4.5012      0.804    32.5703    23.8759 -9.990e-29
 248.789375      0.812  41.181154    15.9877     4.4841      0.805    32.5922    23.8991 -9.990e-29
 248.789381      0.812  41.181339    15.9664     4.4755      0.805    32.6099    23.9174 -9.990e-29
 248.789387      0.812  41.182646    15.9566     4.4674      0.805    32.6191    23.9267 -9.990e-29
 248.789392      0.812  41.184589    15.9510     4.4628      0.805    32.6255    23.9328 -9.990e-29
 248.789398      0.813  41.187534    15.9396     4.4653      0.806    32.6375    23.9446 -9.990e-29
 248.789404      0.813  41.190374    15.9263     4.4743      0.806    32.6509    23.9580 -9.990e-29
 248.789410      0.813  41.191302    15.9235     4.4884      0.806    32.6541    23.9610 -9.990e-29
 248.789416      0.813  41.190456    15.9327     4.5168      0.806    32.6457    23.9525 -9.990e-29
 248.789421      0.813  41.188973    15.9403     4.5654      0.806    32.6382    23.9450 -9.990e-29
 248.789427      0.814  41.189396    15.9361     4.6127      0.807    32.6420    23.9489 -9.990e-29
 248.789433      0.814  41.191191    15.9251     4.6438      0.807    32.6526    23.9595 -9.990e-29
 248.789439      0.814  41.191724    15.9156     4.6724      0.807    32.6610    23.9680 -9.990e-29
 248.789444      0.814  41.190603    15.9115     4.6962      0.807    32.6633    23.9708 -9.990e-29
 248.789450      0.814  41.189726    15.9137     4.6993      0.807    32.6608    23.9683 -9.990e-29
 248.789456      0.815  41.189634    15.9194     4.6819      0.808    32.6560    23.9634 -9.990e-29
 248.789462      0.815  41.187417    15.9217     4.6367      0.808    32.6521    23.9599 -9.990e-29
 248.789468      0.816  41.185763    15.9161     4.6105      0.809    32.6553    23.9636 -9.990e-29
 248.789473      0.817  41.186985    15.9082     4.5966      0.810    32.6629    23.9712 -9.990e-29
 248.789479      0.818  41.187121    15.9087     4.6262      0.811    32.6626    23.9708 -9.990e-29
 248.789485      0.819  41.184128    15.9200     4.6423      0.812    32.6506    23.9591 -9.990e-29
 248.789491      0.821  41.181902    15.9323     4.6130      0.814    32.6385    23.9470 -9.990e-29
 248.789497      0.823  41.183119    15.9334     4.5445      0.816    32.6387    23.9469 -9.990e-29
 248.789502      0.826  41.186057    15.9230     4.4926      0.819    32.6498    23.9578 -9.990e-29
 248.789508      0.830  41.187922    15.9113     4.4991      0.823    32.6611    23.9691 -9.990e-29
 248.789514      0.835  41.186729    15.9057     4.5223      0.828    32.6647    23.9731 -9.990e-29
 248.789520      0.841  41.183720    15.9075     4.5472      0.834    32.6605    23.9695 -9.990e-29
