data/oxygen options/ONMS/Olympic_Coast_National_Marine_Sanctuary_CTD_Data_2005_2023/raw_data/2014/CAST_CE042_140701faed.cnv
* Sea-Bird SBE19 Data File:
* FileName = C:\2014 Mooring Data\Casts\CAST_CE042_140701.hex
* Software Version 1.59
* Temperature SN = 2997
* Conductivity SN = 2997
* System UpLoad Time = Jul 01 2014 17:19:06
** CAST_CE042_140701
* ds
# nquan = 9                                 
# nvalues = 1665                        
# units = specified
# name 0 = timeJ: Julian Days
# name 1 = prSM: Pressure, Strain Gauge [db]
# name 2 = c0mS/cm: Conductivity [mS/cm]
# name 3 = t090C: Temperature [ITS-90, deg C]
# name 4 = sbeox0ML/L: Oxygen, SBE 43 [ml/l]
# name 5 = depSM: Depth [salt water, m], lat = 47.5
# name 6 = sal00: Salinity, Practical [PSU]
# name 7 = sigma-é00: Density [sigma-theta, kg/m^3]
# name 8 = flag: flag
# span 0 = 182.659815, 182.669444       
# span 1 =     -5.666,     42.589       
# span 2 =   0.029741,  38.095020       
# span 3 =     7.4930,    18.9518       
# span 4 =    -1.6783,    16.1430       
# span 5 =     -5.619,     42.229       
# span 6 =     0.0214,    33.5766       
# span 7 =    -1.5612,    26.2290       
# span 8 = 0.0000e+00, 0.0000e+00       
# interval = seconds: 0.5
# start_time = Jul 01 2014 15:50:08 [Instrument's time stamp, header]
# bad_flag = -9.990e-29
*END*
 182.659815     -5.666 -9.990e-29    18.1281    -1.6780     -5.619 -9.990e-29 -9.990e-29 -9.990e-29
 182.659821     -5.666   0.145140    18.1239    -1.6779     -5.619     0.0815    -1.3636 -9.990e-29
 182.659826     -5.658   0.143411    18.1232    -1.6775     -5.611     0.0805    -1.3642 -9.990e-29
 182.659832     -5.646   0.141373    18.1263    -1.6771     -5.599     0.0794    -1.3656 -9.990e-29
 182.659838     -5.634   0.139087    18.1310    -1.6773     -5.587     0.0782    -1.3675 -9.990e-29
 182.659844     -5.621   0.136285    18.1357    -1.6775     -5.574     0.0767    -1.3695 -9.990e-29
 182.659850     -5.606   0.133124    18.1398    -1.6779     -5.559     0.0750    -1.3716 -9.990e-29
 182.659855     -5.588   0.129835    18.1439    -1.6783     -5.541     0.0732    -1.3737 -9.990e-29
 182.659861     -5.565   0.126481    18.1486    -1.6783     -5.519     0.0714    -1.3760 -9.990e-29
 182.659867     -5.542   0.123036    18.1538    -1.6782     -5.496     0.0695    -1.3784 -9.990e-29
 182.659873     -5.520   0.119352    18.1603    -1.6782     -5.474     0.0676    -1.3811 -9.990e-29
 182.659878     -5.498   0.115522    18.1683    -1.6783     -5.452     0.0655    -1.3842 -9.990e-29
 182.659884     -5.475   0.111997    18.1743    -1.6781     -5.429     0.0636    -1.3868 -9.990e-29
 182.659890     -5.450   0.109080    18.1743    -1.6778     -5.405     0.0621    -1.3879 -9.990e-29
 182.659896     -5.424   0.106774    18.1687    -1.6773     -5.379     0.0609    -1.3878 -9.990e-29
 182.659902     -5.402   0.104783    18.1606    -1.6771     -5.357     0.0598    -1.3871 -9.990e-29
 182.659907     -5.380   0.102678    18.1539    -1.6769     -5.335     0.0587    -1.3867 -9.990e-29
 182.659913     -5.359   0.100431    18.1513    -1.6770     -5.314     0.0575    -1.3872 -9.990e-29
 182.659919     -5.335   0.098381    18.1514    -1.6770     -5.291     0.0564    -1.3880 -9.990e-29
 182.659925     -5.309   0.096575    18.1526    -1.6769     -5.265     0.0555    -1.3890 -9.990e-29
 182.659931     -5.279   0.094829    18.1553    -1.6769     -5.235     0.0546    -1.3902 -9.990e-29
 182.659936     -5.246   0.093038    18.1609    -1.6767     -5.202     0.0536    -1.3919 -9.990e-29
 182.659942     -5.217   0.091038    18.1695    -1.6765     -5.174     0.0526    -1.3944 -9.990e-29
 182.659948     -5.195   0.088944    18.1788    -1.6767     -5.152     0.0515    -1.3970 -9.990e-29
 182.659954     -5.174   0.087297    18.1861    -1.6770     -5.131     0.0506    -1.3990 -9.990e-29
 182.659959     -5.148   0.086127    18.1903    -1.6774     -5.105     0.0500    -1.4002 -9.990e-29
 182.659965     -5.116   0.084985    18.1923    -1.6774     -5.073     0.0494    -1.4011 -9.990e-29
 182.659971     -5.076   0.084015    18.1936    -1.6769     -5.034     0.0489    -1.4017 -9.990e-29
 182.659977     -5.033   0.083595    18.1951    -1.6767     -4.991     0.0487    -1.4022 -9.990e-29
 182.659983     -4.998   0.083720    18.1973    -1.6767     -4.956     0.0487    -1.4025 -9.990e-29
 182.659988     -4.968   0.084555    18.2002    -1.6767     -4.927     0.0491    -1.4027 -9.990e-29
 182.659994     -4.938   0.086658    18.2015    -1.6764     -4.897     0.0502    -1.4021 -9.990e-29
 182.660000     -4.910   0.089498    18.1984    -1.6764     -4.869     0.0517    -1.4004 -9.990e-29
 182.660006     -4.885   0.091306    18.1919    -1.6761     -4.844     0.0527    -1.3985 -9.990e-29
 182.660012     -4.863   0.091712    18.1868    -1.6757     -4.822     0.0529    -1.3973 -9.990e-29
 182.660017     -4.843   0.091814    18.1874    -1.6754     -4.803     0.0530    -1.3974 -9.990e-29
 182.660023     -4.822   0.092304    18.1929    -1.6752     -4.782     0.0532    -1.3982 -9.990e-29
 182.660029     -4.800   0.093280    18.1985    -1.6751     -4.760     0.0537    -1.3989 -9.990e-29
 182.660035     -4.775   0.094376    18.2018    -1.6746     -4.735     0.0543    -1.3991 -9.990e-29
 182.660041     -4.746   0.095385    18.2047    -1.6742     -4.706     0.0548    -1.3992 -9.990e-29
 182.660046     -4.715   0.097098    18.2086    -1.6739     -4.676     0.0557    -1.3992 -9.990e-29
 182.660052     -4.684   0.100133    18.2141    -1.6738     -4.645     0.0573    -1.3990 -9.990e-29
 182.660058     -4.651   0.103535    18.2219    -1.6735     -4.612     0.0591    -1.3991 -9.990e-29
 182.660064     -4.620   0.105726    18.2315    -1.6734     -4.581     0.0602    -1.4001 -9.990e-29
 182.660069     -4.591   0.105737    18.2404    -1.6732     -4.553     0.0602    -1.4017 -9.990e-29
 182.660075     -4.563   0.104139    18.2479    -1.6730     -4.525     0.0594    -1.4038 -9.990e-29
 182.660081     -4.534   0.102692    18.2563    -1.6730     -4.496     0.0586    -1.4060 -9.990e-29
 182.660087     -4.507   0.102245    18.2667    -1.6726     -4.469     0.0584    -1.4081 -9.990e-29
 182.660093     -4.485   0.102204    18.2776    -1.6723     -4.448     0.0583    -1.4102 -9.990e-29
 182.660098     -4.461   0.101401    18.2867    -1.6716     -4.424     0.0579    -1.4122 -9.990e-29
 182.660104     -4.434   0.099324    18.2941    -1.6709     -4.397     0.0568    -1.4145 -9.990e-29
 182.660110     -4.411   0.096538    18.3011    -1.6702     -4.374     0.0553    -1.4169 -9.990e-29
 182.660116     -4.391   0.093775    18.3076    -1.6696     -4.354     0.0539    -1.4192 -9.990e-29
 182.660122     -4.367   0.091244    18.3135    -1.6690     -4.331     0.0526    -1.4214 -9.990e-29
 182.660127     -4.343   0.088905    18.3188    -1.6683     -4.307     0.0513    -1.4233 -9.990e-29
 182.660133     -4.322   0.086973    18.3252    -1.6679     -4.286     0.0503    -1.4253 -9.990e-29
 182.660139     -4.302   0.085653    18.3347    -1.6676     -4.266     0.0496    -1.4276 -9.990e-29
 182.660145     -4.281   0.084851    18.3483    -1.6675     -4.245     0.0492    -1.4305 -9.990e-29
 182.660150     -4.259   0.084055    18.3662    -1.6677     -4.223     0.0488    -1.4342 -9.990e-29
 182.660156     -4.234   0.082758    18.3869    -1.6680     -4.199     0.0481    -1.4387 -9.990e-29
 182.660162     -4.204   0.080901    18.4079    -1.6677     -4.169     0.0471    -1.4434 -9.990e-29
 182.660168     -4.173   0.078787    18.4276    -1.6672     -4.138     0.0460    -1.4480 -9.990e-29
 182.660174     -4.146   0.076933    18.4462    -1.6668     -4.111     0.0450    -1.4523 -9.990e-29
 182.660179     -4.121   0.075647    18.4633    -1.6666     -4.087     0.0444    -1.4560 -9.990e-29
 182.660185     -4.094   0.074881    18.4770    -1.6665     -4.060     0.0439    -1.4589 -9.990e-29
 182.660191     -4.065   0.074171    18.4858    -1.6668     -4.031     0.0436    -1.4609 -9.990e-29
 182.660197     -4.039   0.073124    18.4891    -1.6670     -4.005     0.0430    -1.4620 -9.990e-29
 182.660203     -4.013   0.072014    18.4884    -1.6672     -3.980     0.0425    -1.4623 -9.990e-29
 182.660208     -3.985   0.071027    18.4885    -1.6674     -3.952     0.0420    -1.4627 -9.990e-29
 182.660214     -3.958   0.069961    18.4939    -1.6677     -3.925     0.0414    -1.4641 -9.990e-29
 182.660220     -3.935   0.069060    18.5036    -1.6681     -3.902     0.0409    -1.4663 -9.990e-29
 182.660226     -3.915   0.068792    18.5131    -1.6677     -3.882     0.0408    -1.4682 -9.990e-29
 182.660231     -3.895   0.068799    18.5193    -1.6670     -3.863     0.0408    -1.4694 -9.990e-29
 182.660237     -3.874   0.068537    18.5206    -1.6664     -3.842     0.0407    -1.4698 -9.990e-29
 182.660243     -3.856   0.068212    18.5169    -1.6667     -3.824     0.0405    -1.4692 -9.990e-29
 182.660249     -3.844   0.067946    18.5114    12.2090     -3.812     0.0404    -1.4682 -9.990e-29
 182.660255     -3.833   0.067385    18.5059    15.9827     -3.801     0.0401    -1.4674 -9.990e-29
 182.660260     -3.817   0.066336    18.4997    16.1430     -3.785     0.0396    -1.4666 -9.990e-29
 182.660266     -3.800   0.065071    18.4932    13.0537     -3.768     0.0389    -1.4659 -9.990e-29
 182.660272     -3.786   0.064125    18.4909     6.7126     -3.754     0.0384    -1.4658 -9.990e-29
 182.660278     -3.772   0.063904    18.4973     6.4096     -3.741     0.0383    -1.4671 -9.990e-29
 182.660284     -3.759   0.064113    18.5089     6.3995     -3.728     0.0384    -1.4693 -9.990e-29
 182.660289     -3.746   0.063921    18.5167     6.4016     -3.715     0.0383    -1.4708 -9.990e-29
 182.660295     -3.732   0.063071    18.5147     6.4024     -3.701     0.0379    -1.4708 -9.990e-29
 182.660301     -3.715   0.062099    18.5075     6.4037     -3.684     0.0374    -1.4698 -9.990e-29
 182.660307     -3.695   0.061933    18.5065     6.3963     -3.664     0.0373    -1.4697 -9.990e-29
 182.660313     -3.670   0.063463    18.5141     6.4006     -3.639     0.0381    -1.4705 -9.990e-29
 182.660318     -3.644   0.066505    18.5243     6.3913     -3.614     0.0396    -1.4713 -9.990e-29
 182.660324     -3.619   0.069558    18.5350     6.3854     -3.589     0.0412    -1.4721 -9.990e-29
 182.660330     -3.592   0.071134    18.5436     6.3848     -3.562     0.0420    -1.4731 -9.990e-29
 182.660336     -3.568   0.071112    18.5469     6.3888     -3.538     0.0420    -1.4738 -9.990e-29
 182.660341     -3.547   0.070577    18.5490     6.3931     -3.517     0.0417    -1.4744 -9.990e-29
 182.660347     -3.530   0.070483    18.5561     6.3963     -3.501     0.0416    -1.4758 -9.990e-29
 182.660353     -3.516   0.071260    18.5688     6.3970     -3.487     0.0420    -1.4779 -9.990e-29
 182.660359     -3.502   0.072833    18.5831     6.3884     -3.473     0.0428    -1.4800 -9.990e-29
 182.660365     -3.489   0.074519    18.5977     6.3847     -3.460     0.0437    -1.4822 -9.990e-29
 182.660370     -3.475   0.075787    18.6145     6.3817     -3.446     0.0443    -1.4849 -9.990e-29
 182.660376     -3.460   0.076662    18.6323     6.3808     -3.431     0.0448    -1.4880 -9.990e-29
 182.660382     -3.442   0.077198    18.6472     6.3822     -3.413     0.0450    -1.4906 -9.990e-29
 182.660388     -3.421   0.077001    18.6557     6.3806     -3.392     0.0449    -1.4923 -9.990e-29
 182.660394     -3.395   0.075807    18.6545     6.3786     -3.367     0.0443    -1.4926 -9.990e-29
 182.660399     -3.367   0.074248    18.6442     6.3839     -3.339     0.0435    -1.4912 -9.990e-29
 182.660405     -3.343   0.073023    18.6327     6.3837     -3.315     0.0429    -1.4895 -9.990e-29
 182.660411     -3.327   0.072169    18.6296     6.3832     -3.299     0.0425    -1.4892 -9.990e-29
 182.660417     -3.313   0.071658    18.6387     6.3829     -3.285     0.0422    -1.4912 -9.990e-29
 182.660422     -3.295   0.071365    18.6556     6.3791     -3.268     0.0420    -1.4945 -9.990e-29
 182.660428     -3.278   0.070900    18.6732     6.3760     -3.251     0.0418    -1.4981 -9.990e-29
 182.660434     -3.264   0.070200    18.6889     6.3662     -3.237     0.0414    -1.5014 -9.990e-29
 182.660440     -3.252   0.069442    18.7035     6.3626     -3.225     0.0410    -1.5045 -9.990e-29
 182.660446     -3.242   0.068728    18.7177     6.3675     -3.215     0.0407    -1.5075 -9.990e-29
 182.660451     -3.233   0.068219    18.7308     6.3690     -3.206     0.0404    -1.5103 -9.990e-29
 182.660457     -3.225   0.067793    18.7409     6.3638     -3.198     0.0402    -1.5124 -9.990e-29
 182.660463     -3.216   0.066880    18.7461     6.3661     -3.189     0.0397    -1.5138 -9.990e-29
 182.660469     -3.206   0.065377    18.7494     6.3622     -3.179     0.0390    -1.5150 -9.990e-29
 182.660475     -3.195   0.064056    18.7583     6.3630     -3.168     0.0383    -1.5172 -9.990e-29
 182.660480     -3.182   0.063382    18.7750     6.3569     -3.155     0.0379    -1.5207 -9.990e-29
 182.660486     -3.167   0.063010    18.7945     6.3514     -3.141     0.0377    -1.5246 -9.990e-29
 182.660492     -3.147   0.062447    18.8128     6.3502     -3.121     0.0374    -1.5284 -9.990e-29
 182.660498     -3.123   0.061496    18.8290     6.3510     -3.097     0.0370    -1.5319 -9.990e-29
 182.660503     -3.096   0.060557    18.8430     6.3547     -3.070     0.0365    -1.5350 -9.990e-29
 182.660509     -3.073   0.060046    18.8560     6.3551     -3.047     0.0362    -1.5377 -9.990e-29
 182.660515     -3.054   0.059838    18.8696     6.3535     -3.029     0.0361    -1.5405 -9.990e-29
 182.660521     -3.032   0.059658    18.8826     6.3520     -3.007     0.0360    -1.5431 -9.990e-29
 182.660527     -3.010   0.059264    18.8926     6.3577     -2.985     0.0358    -1.5452 -9.990e-29
 182.660532     -2.992   0.058687    18.9004     6.3516     -2.967     0.0355    -1.5469 -9.990e-29
 182.660538     -2.976   0.058270    18.9083     6.3573     -2.951     0.0353    -1.5486 -9.990e-29
 182.660544     -2.957   0.058012    18.9157     6.3580     -2.932     0.0352    -1.5501 -9.990e-29
 182.660550     -2.934   0.057571    18.9199     6.3563     -2.910     0.0350    -1.5511 -9.990e-29
 182.660556     -2.913   0.056915    18.9212     6.3610     -2.889     0.0346    -1.5516 -9.990e-29
 182.660561     -2.894   0.056280    18.9241     6.3643     -2.870     0.0343    -1.5524 -9.990e-29
 182.660567     -2.875   0.055930    18.9313     6.3603     -2.851     0.0341    -1.5540 -9.990e-29
 182.660573     -2.859   0.055953    18.9405     6.3566     -2.835     0.0341    -1.5558 -9.990e-29
 182.660579     -2.846   0.055825    18.9479     6.3538     -2.822     0.0341    -1.5573 -9.990e-29
 182.660584     -2.834   0.055374    18.9518     6.3537     -2.810     0.0339    -1.5582 -9.990e-29
 182.660590     -2.819   0.055110    18.9513     6.3556     -2.795     0.0337    -1.5582 -9.990e-29
 182.660596     -2.798   0.055236    18.9468     6.3550     -2.775     0.0338    -1.5573 -9.990e-29
 182.660602     -2.781   0.055365    18.9362     6.3537     -2.758     0.0339    -1.5552 -9.990e-29
 182.660608     -2.765   0.055113    18.9150     6.3511     -2.742     0.0337    -1.5511 -9.990e-29
 182.660613     -2.746   0.054698    18.8887     6.3503     -2.723     0.0335    -1.5461 -9.990e-29
 182.660619     -2.725   0.054679    18.8730     6.3497     -2.702     0.0335    -1.5431 -9.990e-29
 182.660625     -2.707   0.056142    18.8750     6.3501     -2.684     0.0343    -1.5429 -9.990e-29
 182.660631     -2.690   0.059926    18.8867     6.3508     -2.668     0.0362    -1.5437 -9.990e-29
 182.660637     -2.674   0.064963    18.8987     6.3534     -2.652     0.0387    -1.5441 -9.990e-29
 182.660642     -2.656   0.069631    18.9077     6.3550     -2.634     0.0410    -1.5441 -9.990e-29
 182.660648     -2.641   0.075708    18.9157     6.3576     -2.619     0.0441    -1.5433 -9.990e-29
 182.660654     -2.631   0.085181    18.9259     6.3579     -2.609     0.0489    -1.5416 -9.990e-29
 182.660660     -2.626   0.094565    18.9371     6.3558     -2.604     0.0538    -1.5400 -9.990e-29
 182.660666     -2.625   0.100252    18.9453     6.3535     -2.603     0.0567    -1.5394 -9.990e-29
 182.660671     -2.625   0.102602    18.9486     6.3519     -2.603     0.0579    -1.5391 -9.990e-29
 182.660677     -2.621   0.102522    18.9469     6.3446     -2.599     0.0579    -1.5388 -9.990e-29
 182.660683     -2.612   0.100462    18.9395     6.3500     -2.590     0.0568    -1.5382 -9.990e-29
 182.660689     -2.598   0.097565    18.9276     6.3517     -2.576     0.0553    -1.5370 -9.990e-29
 182.660694     -2.579   0.094971    18.9147     6.3535     -2.557     0.0540    -1.5355 -9.990e-29
 182.660700     -2.557   0.092556    18.9048     6.3624     -2.536     0.0527    -1.5345 -9.990e-29
 182.660706     -2.539   0.089879    18.9034     6.3618     -2.518     0.0514    -1.5353 -9.990e-29
 182.660712     -2.529   0.087259    18.9118     6.3643     -2.508     0.0500    -1.5380 -9.990e-29
 182.660718     -2.522   0.085094    18.9245     6.3677     -2.501     0.0489    -1.5413 -9.990e-29
 182.660723     -2.513   0.083277    18.9351     6.3694     -2.492     0.0480    -1.5441 -9.990e-29
 182.660729     -2.501   0.081609    18.9411     6.3667     -2.480     0.0471    -1.5459 -9.990e-29
 182.660735     -2.486   0.080086    18.9428     6.3653     -2.465     0.0463    -1.5469 -9.990e-29
