data/oxygen options/ONMS/Olympic_Coast_National_Marine_Sanctuary_CTD_Data_2005_2023/raw_data/2014/CAST_TH042_140612faed.cnv
* Sea-Bird SBE19 Data File:
* FileName = C:\2014 Mooring Data\Casts\CAST_TH042_140612.hex
* Software Version 1.59
* Temperature SN = 2997
* Conductivity SN = 2997
* System UpLoad Time = Jun 12 2014 19:22:26
** CAST_TH042_140612
* ds
# nquan = 9                                 
# nvalues = 1005                        
# units = specified
# name 0 = timeJ: Julian Days
# name 1 = prSM: Pressure, Strain Gauge [db]
# name 2 = c0mS/cm: Conductivity [mS/cm]
# name 3 = t090C: Temperature [ITS-90, deg C]
# name 4 = sbeox0ML/L: Oxygen, SBE 43 [ml/l]
# name 5 = depSM: Depth [salt water, m], lat = 47.5
# name 6 = sal00: Salinity, Practical [PSU]
# name 7 = sigma-é00: Density [sigma-theta, kg/m^3]
# name 8 = flag: flag
# span 0 = 163.794815, 163.800625       
# span 1 =     -5.899,     44.609       
# span 2 =   0.019753,  36.448297       
# span 3 =     7.0174,    16.2041       
# span 4 =    -1.7520,    15.6107       
# span 5 =     -5.850,     44.232       
# span 6 =     0.0163,    33.8032       
# span 7 =    -1.0750,    26.4735       
# span 8 = 0.0000e+00, 0.0000e+00       
# interval = seconds: 0.5
# start_time = Jun 12 2014 19:04:32 [Instrument's time stamp, header]
# bad_flag = -9.990e-29
*END*
[from data line 801]
 163.799450     31.292  34.291319     7.2330     2.3315     31.028    33.6631    26.3340 -9.990e-29
 163.799456     31.171  34.292496     7.2344     2.3379     30.909    33.6631    26.3338 -9.990e-29
 163.799462     31.049  34.293056     7.2361     2.3439     30.788    33.6621    26.3328 -9.990e-29
 163.799468     30.919  34.293173     7.2383     2.3423     30.659    33.6601    26.3310 0.0000e+00
 163.799473     30.780  34.293553     7.2414     2.3364     30.521    33.6576    26.3285 0.0000e+00
 163.799479     30.632  34.294133     7.2462     2.3375     30.374    33.6536    26.3247 0.0000e+00
 163.799485     30.479  34.295114     7.2525     2.3318     30.222    33.6486    26.3199 0.0000e+00
 163.799491     30.329  34.296673     7.2589     2.3357     30.074    33.6442    26.3155 0.0000e+00
 163.799497     30.183  34.298637     7.2642     2.3542     29.929    33.6412    26.3125 0.0000e+00
 163.799502     30.039  34.300811     7.2684     2.3541     29.786    33.6396    26.3106 0.0000e+00
 163.799508     29.885  34.302717     7.2733     2.3702     29.633    33.6369    26.3078 0.0000e+00
 163.799514     29.717  34.304645     7.2796     2.3649     29.467    33.6330    26.3038 0.0000e+00
 163.799520     29.542  34.306910     7.2858     2.3541     29.293    33.6295    26.3002 0.0000e+00
 163.799525     29.369  34.309157     7.2914     2.3577     29.122    33.6266    26.2972 0.0000e+00
 163.799531     29.200  34.311570     7.2959     2.3495     28.954    33.6249    26.2952 0.0000e+00
 163.799537     29.034  34.313993     7.2991     2.3493     28.790    33.6245    26.2945 0.0000e+00
 163.799543     28.868  34.315719     7.3014     2.3464     28.625    33.6243    26.2939 0.0000e+00
 163.799549     28.704  34.316797     7.3034     2.3503     28.462    33.6236    26.2931 0.0000e+00
 163.799554     28.549  34.317533     7.3048     2.3623     28.309    33.6231    26.2925 0.0000e+00
 163.799560     28.407  34.318338     7.3054     2.3649     28.168    33.6234    26.2927 0.0000e+00
 163.799566     28.267  34.319155     7.3051     2.3622     28.029    33.6247    26.2937 0.0000e+00
 163.799572     28.118  34.319379     7.3053     2.3540     27.881    33.6248    26.2938 0.0000e+00
 163.799578     27.953  34.319296     7.3064     2.3483     27.718    33.6237    26.2928 0.0000e+00
 163.799583     27.776  34.319347     7.3079     2.3482     27.542    33.6224    26.2916 0.0000e+00
 163.799589     27.596  34.319591     7.3102     2.3574     27.364    33.6205    26.2897 0.0000e+00
 163.799595     27.423  34.320342     7.3129     2.3601     27.192    33.6188    26.2880 0.0000e+00
 163.799601     27.259  34.321470     7.3147     2.3694     27.030    33.6184    26.2874 0.0000e+00
 163.799606     27.098  34.322227     7.3153     2.3694     26.870    33.6187    26.2876 0.0000e+00
 163.799612     26.934  34.322489     7.3157     2.3641     26.707    33.6187    26.2875 0.0000e+00
 163.799618     26.770  34.322595     7.3164     2.3612     26.545    33.6182    26.2870 0.0000e+00
 163.799624     26.607  34.322677     7.3176     2.3463     26.383    33.6172    26.2861 0.0000e+00
 163.799630     26.445  34.322832     7.3194     2.3529     26.223    33.6157    26.2846 0.0000e+00
 163.799635     26.285  34.323258     7.3213     2.3648     26.064    33.6144    26.2833 0.0000e+00
 163.799641     26.130  34.323952     7.3226     2.3795     25.910    33.6139    26.2828 0.0000e+00
 163.799647     25.979  34.324708     7.3232     2.3848     25.761    33.6142    26.2830 0.0000e+00
 163.799653     25.835  34.325401     7.3237     2.3764     25.618    33.6146    26.2832 0.0000e+00
 163.799659     25.702  34.325824     7.3241     2.3587     25.486    33.6147    26.2832 0.0000e+00
 163.799664     25.572  34.325971     7.3242     2.3505     25.357    33.6148    26.2833 0.0000e+00
 163.799670     25.427  34.326026     7.3247     2.3599     25.213    33.6145    26.2829 0.0000e+00
 163.799676     25.263  34.326052     7.3260     2.3653     25.051    33.6133    26.2818 0.0000e+00
 163.799682     25.090  34.326071     7.3274     2.3799     24.879    33.6121    26.2807 0.0000e+00
 163.799688     24.915  34.326100     7.3287     2.3799     24.706    33.6109    26.2796 0.0000e+00
 163.799693     24.736  34.326167     7.3302     2.3837     24.528    33.6096    26.2783 0.0000e+00
 163.799699     24.549  34.326351     7.3319     2.3834     24.343    33.6083    26.2770 0.0000e+00
 163.799705     24.351  34.326703     7.3338     2.3779     24.146    33.6069    26.2757 0.0000e+00
 163.799711     24.146  34.327131     7.3358     2.3844     23.943    33.6055    26.2743 0.0000e+00
 163.799716     23.952  34.327472     7.3375     2.3910     23.751    33.6043    26.2731 0.0000e+00
 163.799722     23.782  34.327643     7.3386     2.4030     23.582    33.6035    26.2724 0.0000e+00
 163.799728     23.634  34.327713     7.3396     2.3934     23.435    33.6027    26.2716 0.0000e+00
 163.799734     23.494  34.327800     7.3408     2.3826     23.297    33.6017    26.2706 0.0000e+00
 163.799740     23.348  34.328043     7.3424     2.3652     23.152    33.6005    26.2694 0.0000e+00
 163.799745     23.192  34.328228     7.3443     2.3691     22.997    33.5989    26.2679 0.0000e+00
 163.799751     23.025  34.328065     7.3464     2.3862     22.832    33.5968    26.2659 0.0000e+00
 163.799757     22.848  34.327922     7.3482     2.4007     22.656    33.5950    26.2643 0.0000e+00
 163.799763     22.668  34.328194     7.3497     2.4150     22.478    33.5939    26.2632 0.0000e+00
 163.799769     22.490  34.328709     7.3507     2.4000     22.301    33.5936    26.2628 0.0000e+00
 163.799774     22.316  34.329057     7.3517     2.3985     22.129    33.5931    26.2623 0.0000e+00
 163.799780     22.143  34.329166     7.3529     2.4024     21.957    33.5921    26.2613 0.0000e+00
 163.799786     21.973  34.329206     7.3536     2.4114     21.788    33.5915    26.2608 0.0000e+00
 163.799792     21.809  34.329255     7.3540     2.4167     21.626    33.5913    26.2605 0.0000e+00
 163.799797     21.647  34.329403     7.3557     2.4177     21.465    33.5899    26.2592 0.0000e+00
 163.799803     21.488  34.329870     7.3592     2.4124     21.308    33.5871    26.2565 0.0000e+00
 163.799809     21.328  34.330742     7.3638     2.3975     21.149    33.5836    26.2531 0.0000e+00
 163.799815     21.170  34.332086     7.3687     2.4014     20.992    33.5804    26.2499 0.0000e+00
 163.799821     21.019  34.334596     7.3731     2.4080     20.843    33.5789    26.2481 0.0000e+00
 163.799826     20.871  34.337719     7.3763     2.4226     20.696    33.5793    26.2480 0.0000e+00
 163.799832     20.723  34.339474     7.3787     2.4278     20.549    33.5789    26.2474 0.0000e+00
 163.799838     20.565  34.339984     7.3810     2.4199     20.392    33.5773    26.2458 0.0000e+00
 163.799844     20.395  34.340513     7.3832     2.4024     20.224    33.5759    26.2443 0.0000e+00
 163.799850     20.220  34.341231     7.3848     2.4036     20.050    33.5752    26.2435 0.0000e+00
 163.799855     20.046  34.341996     7.3858     2.4155     19.878    33.5751    26.2434 0.0000e+00
 163.799861     19.874  34.342734     7.3866     2.4207     19.707    33.5752    26.2433 0.0000e+00
 163.799867     19.703  34.343329     7.3874     2.4141     19.538    33.5752    26.2432 0.0000e+00
 163.799873     19.533  34.343479     7.3880     2.4127     19.369    33.5748    26.2428 0.0000e+00
 163.799878     19.368  34.343409     7.3887     2.4101     19.205    33.5742    26.2422 0.0000e+00
 163.799884     19.204  34.343610     7.3890     2.4219     19.043    33.5742    26.2421 0.0000e+00
 163.799890     19.041  34.343816     7.3888     2.4273     18.881    33.5747    26.2426 0.0000e+00
 163.799896     18.873  34.343765     7.3887     2.4220     18.715    33.5748    26.2427 0.0000e+00
 163.799902     18.692  34.343412     7.3886     2.4191     18.535    33.5746    26.2425 0.0000e+00
 163.799907     18.500  34.342870     7.3882     2.4044     18.345    33.5745    26.2425 0.0000e+00
 163.799913     18.307  34.342565     7.3881     2.4017     18.153    33.5744    26.2424 0.0000e+00
 163.799919     18.126  34.342675     7.3882     2.4110     17.974    33.5745    26.2425 0.0000e+00
 163.799925     17.962  34.342810     7.3884     2.4070     17.811    33.5745    26.2425 0.0000e+00
 163.799931     17.809  34.342614     7.3885     2.4097     17.660    33.5743    26.2423 0.0000e+00
 163.799936     17.654  34.342411     7.3885     2.4069     17.506    33.5741    26.2421 0.0000e+00
 163.799942     17.486  34.342516     7.3883     2.4042     17.339    33.5745    26.2425 0.0000e+00
 163.799948     17.307  34.342530     7.3877     2.4187     17.162    33.5752    26.2431 0.0000e+00
 163.799954     17.120  34.341937     7.3872     2.4215     16.976    33.5751    26.2431 0.0000e+00
 163.799959     16.929  34.341091     7.3868     2.4213     16.787    33.5747    26.2428 0.0000e+00
 163.799965     16.747  34.340573     7.3867     2.4093     16.607    33.5743    26.2425 0.0000e+00
 163.799971     16.581  34.340277     7.3869     2.4012     16.442    33.5739    26.2422 0.0000e+00
 163.799977     16.425  34.339834     7.3870     2.4104     16.287    33.5734    26.2417 0.0000e+00
 163.799983     16.267  34.339238     7.3871     2.4156     16.131    33.5727    26.2412 0.0000e+00
 163.799988     16.103  34.338840     7.3872     2.4210     15.968    33.5722    26.2408 0.0000e+00
 163.799994     15.931  34.338696     7.3870     2.4088     15.797    33.5724    26.2410 0.0000e+00
 163.800000     15.748  34.338636     7.3866     2.4000     15.616    33.5728    26.2413 0.0000e+00
 163.800006     15.559  34.338605     7.3863     2.4088     15.429    33.5731    26.2416 0.0000e+00
 163.800012     15.375  34.338586     7.3863     2.4135     15.246    33.5732    26.2417 0.0000e+00
 163.800017     15.195  34.338580     7.3867     2.4186     15.068    33.5729    26.2414 0.0000e+00
 163.800023     15.019  34.338603     7.3874     2.4154     14.893    33.5723    26.2409 0.0000e+00
 163.800029     14.842  34.338709     7.3882     2.4190     14.718    33.5717    26.2403 0.0000e+00
 163.800035     14.662  34.339066     7.3890     2.4309     14.539    33.5714    26.2399 0.0000e+00
 163.800041     14.476  34.339611     7.3905     2.4520     14.355    33.5707    26.2391 0.0000e+00
 163.800046     14.285  34.339973     7.3950     2.4731     14.165    33.5668    26.2354 0.0000e+00
 163.800052     14.095  34.340660     7.4032     2.4793     13.977    33.5597    26.2287 0.0000e+00
 163.800058     13.909  34.343174     7.4127     2.4800     13.792    33.5533    26.2223 0.0000e+00
 163.800064     13.730  34.348088     7.4217     2.4848     13.615    33.5500    26.2185 0.0000e+00
 163.800069     13.555  34.354128     7.4298     2.5046     13.441    33.5488    26.2164 0.0000e+00
 163.800075     13.380  34.359278     7.4368     2.5139     13.268    33.5477    26.2145 0.0000e+00
 163.800081     13.204  34.362578     7.4418     2.5060     13.093    33.5465    26.2129 0.0000e+00
 163.800087     13.027  34.365089     7.4450     2.4964     12.918    33.5462    26.2122 0.0000e+00
 163.800093     12.852  34.367941     7.4477     2.4990     12.744    33.5468    26.2122 0.0000e+00
 163.800098     12.672  34.370476     7.4513     2.5174     12.566    33.5461    26.2112 0.0000e+00
 163.800104     12.479  34.372171     7.4566     2.5384     12.374    33.5429    26.2080 0.0000e+00
 163.800110     12.275  34.373628     7.4628     2.5241     12.172    33.5386    26.2037 0.0000e+00
 163.800116     12.067  34.375131     7.4678     2.5238     11.966    33.5355    26.2005 0.0000e+00
 163.800122     11.868  34.376469     7.4708     2.5132     11.769    33.5341    26.1990 0.0000e+00
 163.800127     11.682  34.377206     7.4724     2.5144     11.584    33.5335    26.1983 0.0000e+00
 163.800133     11.502  34.376670     7.4736     2.5168     11.406    33.5318    26.1968 0.0000e+00
 163.800139     11.317  34.374732     7.4744     2.4967     11.222    33.5290    26.1945 0.0000e+00
 163.800145     11.123  34.372197     7.4752     2.5007     11.030    33.5256    26.1917 0.0000e+00
 163.800150     10.926  34.369635     7.4758     2.5072     10.835    33.5223    26.1891 0.0000e+00
 163.800156     10.729  34.367020     7.4762     2.5216     10.639    33.5192    26.1865 0.0000e+00
 163.800162     10.545  34.364815     7.4764     2.5266     10.457    33.5167    26.1845 0.0000e+00
 163.800168     10.377  34.363472     7.4766     2.5182     10.290    33.5152    26.1833 0.0000e+00
 163.800174     10.209  34.362348     7.4772     2.5189     10.124    33.5134    26.1818 0.0000e+00
 163.800179     10.039  34.361089     7.4783     2.5253      9.955    33.5111    26.1798 0.0000e+00
 163.800185      9.864  34.360284     7.4798     2.5275      9.781    33.5089    26.1779 0.0000e+00
 163.800191      9.683  34.360006     7.4812     2.5151      9.602    33.5073    26.1764 0.0000e+00
 163.800197      9.501  34.359909     7.4823     2.5226      9.421    33.5062    26.1754 0.0000e+00
 163.800203      9.318  34.359889     7.4835     2.5407      9.240    33.5051    26.1744 0.0000e+00
 163.800208      9.132  34.359943     7.4861     2.5666      9.056    33.5028    26.1722 0.0000e+00
 163.800214      8.945  34.360166     7.4907     2.5805      8.870    33.4986    26.1683 0.0000e+00
 163.800220      8.760  34.360881     7.4973     2.5759      8.687    33.4931    26.1630 0.0000e+00
 163.800226      8.584  34.362505     7.5047     2.5993      8.512    33.4878    26.1578 0.0000e+00
 163.800231      8.419  34.364987     7.5118     2.6240      8.349    33.4837    26.1536 0.0000e+00
 163.800237      8.257  34.367735     7.5191     2.6325      8.188    33.4797    26.1494 0.0000e+00
 163.800243      8.094  34.370515     7.5272     2.6445      8.026    33.4750    26.1445 0.0000e+00
 163.800249      7.930  34.373131     7.5355     2.6467      7.864    33.4699    26.1393 0.0000e+00
 163.800255      7.770  34.375171     7.5436     2.6604      7.705    33.4644    26.1339 0.0000e+00
 163.800260      7.607  34.377135     7.5519     2.6869      7.543    33.4586    26.1281 0.0000e+00
 163.800266      7.435  34.380548     7.5606     2.6932      7.373    33.4540    26.1232 0.0000e+00
 163.800272      7.251  34.385496     7.5688     2.7140      7.190    33.4515    26.1201 0.0000e+00
 163.800278      7.057  34.390191     7.5769     2.7895      6.998    33.4489    26.1169 0.0000e+00
 163.800284      6.861  34.393629     7.5886     2.9460      6.804    33.4414    26.1094 0.0000e+00
 163.800289      6.678  34.396493     7.6116     3.1696      6.622    33.4224    26.0912 0.0000e+00
 163.800295      6.512  34.402066     7.6509     3.4256      6.458    33.3908    26.0607 0.0000e+00
 163.800301      6.353  34.415001     7.7033     3.6665      6.300    33.3545    26.0247 0.0000e+00
 163.800307      6.191  34.443600     7.7667     3.9140      6.139    33.3246    25.9921 0.0000e+00
 163.800312      6.024  34.491249     7.8525     4.1823      5.974    33.2939    25.9556 0.0000e+00
 163.800318      5.849  34.551968     7.9722     4.5383      5.800    33.2449    25.8997 0.0000e+00
 163.800324      5.670  34.616449     8.1091     4.9879      5.623    33.1838    25.8317 0.0000e+00
 163.800330      5.491  34.671430     8.2300     5.4465      5.445    33.1280    25.7700 0.0000e+00
 163.800336      5.319  34.733056     8.3322     5.9743      5.275    33.0971    25.7305 0.0000e+00
 163.800341      5.154  34.825213     8.4547     6.4952      5.111    33.0794    25.6983 0.0000e+00
 163.800347      4.992  34.932278     8.6436     7.1208      4.950    33.0152    25.6193 0.0000e+00
 163.800353      4.825  35.048404     8.8987     7.7885      4.785    32.8994    25.4893 0.0000e+00
 163.800359      4.657  35.166360     9.1634     8.2921      4.618    32.7776    25.3526 0.0000e+00
 163.800365      4.493  35.280805     9.3955     8.6100      4.455    32.6830    25.2419 0.0000e+00
