data/oxygen options/ONMS/Olympic_Coast_National_Marine_Sanctuary_CTD_Data_2005_2023/raw_data/2014/CAST_KL015_140521faed.cnv
* Sea-Bird SBE19 Data File:
* FileName = C:\2014 Mooring Data\Casts\CAST_KL015_140521.hex
* Software Version 1.59
* Temperature SN = 2997
* Conductivity SN = 2997
* System UpLoad Time = May 23 2014 23:27:21
** CAST_KL015_140521
* ds
# nquan = 9                                 
# nvalues = 1295                        
# units = specified
# name 0 = timeJ: Julian Days
# name 1 = prSM: Pressure, Strain Gauge [db]
# name 2 = c0mS/cm: Conductivity [mS/cm]
# name 3 = t090C: Temperature [ITS-90, deg C]
# name 4 = sbeox0ML/L: Oxygen, SBE 43 [ml/l]
# name 5 = depSM: Depth [salt water, m], lat = 47.5
# name 6 = sal00: Salinity, Practical [PSU]
# name 7 = sigma-é00: Density [sigma-theta, kg/m^3]
# name 8 = flag: flag
# span 0 = 141.796215, 141.803704       
# span 1 =     -5.600,     14.727       
# span 2 =   0.118627,  35.372153       
# span 3 =     9.7185,    15.1320       
# span 4 =    -1.7921,    17.3583       
# span 5 =     -5.553,     14.604       
# span 6 =     0.0713,    32.4600       
# span 7 =    -0.8576,    25.0148       
# span 8 = 0.0000e+00, 0.0000e+00       
# interval = seconds: 0.5
# start_time = May 21 2014 19:06:33 [Instrument's time stamp, header]
# bad_flag = -9.990e-29
*END*
 141.796215     -5.600 -9.990e-29    15.1318    -1.7833     -5.553 -9.990e-29 -9.990e-29 -9.990e-29
 141.796221     -5.585   0.131841    15.1248    -1.7832     -5.538     0.0787    -0.8568 -9.990e-29
 141.796227     -5.566   0.131287    15.1222    -1.7830     -5.520     0.0784    -0.8567 -9.990e-29
 141.796233     -5.541   0.130922    15.1233    -1.7828     -5.495     0.0782    -0.8570 -9.990e-29
 141.796238     -5.509   0.130813    15.1256    -1.7829     -5.463     0.0781    -0.8574 -9.990e-29
 141.796244     -5.473   0.130816    15.1267    -1.7831     -5.427     0.0781    -0.8576 -9.990e-29
 141.796250     -5.438   0.130934    15.1260    -1.7834     -5.393     0.0782    -0.8574 -9.990e-29
 141.796256     -5.407   0.131326    15.1249    -1.7840     -5.362     0.0784    -0.8571 -9.990e-29
 141.796262     -5.377   0.131962    15.1243    -1.7847     -5.332     0.0788    -0.8567 -9.990e-29
 141.796267     -5.347   0.132581    15.1245    -1.7855     -5.302     0.0792    -0.8565 -9.990e-29
 141.796273     -5.314   0.132898    15.1265    -1.7858     -5.270     0.0794    -0.8566 -9.990e-29
 141.796279     -5.278   0.132785    15.1298    -1.7865     -5.234     0.0793    -0.8572 -9.990e-29
 141.796285     -5.239   0.132645    15.1320    -1.7872     -5.195     0.0792    -0.8576 -9.990e-29
 141.796291     -5.204   0.132849    15.1308    -1.7876     -5.161     0.0793    -0.8573 -9.990e-29
 141.796296     -5.174   0.133116    15.1257    -1.7878     -5.131     0.0795    -0.8564 -9.990e-29
 141.796302     -5.148   0.133248    15.1164    -1.7880     -5.105     0.0796    -0.8549 -9.990e-29
 141.796308     -5.125   0.133424    15.1026    -1.7880     -5.082     0.0797    -0.8527 -9.990e-29
 141.796314     -5.102   0.133326    15.0859    -1.7879     -5.059     0.0797    -0.8502 -9.990e-29
 141.796319     -5.079   0.132824    15.0692    -1.7880     -5.037     0.0794    -0.8479 -9.990e-29
 141.796325     -5.053   0.132362    15.0540    -1.7886     -5.011     0.0792    -0.8457 -9.990e-29
 141.796331     -5.024   0.131879    15.0390    -1.7893     -4.982     0.0789    -0.8437 -9.990e-29
 141.796337     -4.989   0.131286    15.0249    -1.7899     -4.947     0.0786    -0.8418 -9.990e-29
 141.796343     -4.950   0.130906    15.0140    -1.7902     -4.909     0.0784    -0.8403 -9.990e-29
 141.796348     -4.914   0.130789    15.0069    -1.7902     -4.873     0.0783    -0.8393 -9.990e-29
 141.796354     -4.882   0.130779    15.0027    -1.7900     -4.841     0.0783    -0.8386 -9.990e-29
 141.796360     -4.853   0.130865    15.0003    -1.7896     -4.813     0.0784    -0.8382 -9.990e-29
 141.796366     -4.824   0.131163    14.9978    -1.7892     -4.784     0.0786    -0.8377 -9.990e-29
 141.796372     -4.794   0.132071    14.9919    -1.7889     -4.754     0.0791    -0.8364 -9.990e-29
 141.796377     -4.761   0.133694    14.9809    -1.7886     -4.721     0.0801    -0.8340 -9.990e-29
 141.796383     -4.726   0.135421    14.9671    -1.7883     -4.687     0.0811    -0.8311 -9.990e-29
 141.796389     -4.697   0.136782    14.9547    -1.7883     -4.658     0.0819    -0.8286 -9.990e-29
 141.796395     -4.676   0.137375    14.9470    -1.7880     -4.637     0.0823    -0.8272 -9.990e-29
 141.796400     -4.658   0.136881    14.9457    -1.7880     -4.619     0.0820    -0.8272 -9.990e-29
 141.796406     -4.635   0.135754    14.9501    -1.7883     -4.596     0.0813    -0.8284 -9.990e-29
 141.796412     -4.613   0.134712    14.9580    -1.7888     -4.575     0.0807    -0.8301 -9.990e-29
 141.796418     -4.593   0.134033    14.9669    -1.7892     -4.555     0.0803    -0.8317 -9.990e-29
 141.796424     -4.574   0.133367    14.9751    -1.7892     -4.536     0.0799    -0.8333 -9.990e-29
 141.796429     -4.555   0.132382    14.9826    -1.7892     -4.517     0.0793    -0.8348 -9.990e-29
 141.796435     -4.535   0.131433    14.9889    -1.7893     -4.497     0.0787    -0.8362 -9.990e-29
 141.796441     -4.513   0.130918    14.9937    -1.7896     -4.475     0.0784    -0.8372 -9.990e-29
 141.796447     -4.486   0.130709    14.9968    -1.7901     -4.449     0.0783    -0.8378 -9.990e-29
 141.796453     -4.454   0.130529    14.9964    -1.7904     -4.417     0.0782    -0.8378 -9.990e-29
 141.796458     -4.419   0.130139    14.9911    -1.7906     -4.382     0.0780    -0.8371 -9.990e-29
 141.796464     -4.386   0.129577    14.9830    -1.7910     -4.349     0.0777    -0.8362 -9.990e-29
 141.796470     -4.359   0.129204    14.9757    -1.7917     -4.323     0.0774    -0.8352 -9.990e-29
 141.796476     -4.335   0.129079    14.9714    -1.7918     -4.299     0.0774    -0.8346 -9.990e-29
 141.796481     -4.313   0.129036    14.9686    -1.7920     -4.277     0.0774    -0.8342 -9.990e-29
 141.796487     -4.291   0.129021    14.9641    -1.7920     -4.255     0.0774    -0.8335 -9.990e-29
 141.796493     -4.269   0.129016    14.9568    -1.7920     -4.233     0.0774    -0.8324 -9.990e-29
 141.796499     -4.244   0.129013    14.9482    -1.7919     -4.209     0.0774    -0.8311 -9.990e-29
 141.796505     -4.216   0.129011    14.9401    -1.7920     -4.181     0.0774    -0.8299 -9.990e-29
 141.796510     -4.186   0.129010    14.9317    -1.7921     -4.151     0.0774    -0.8286 -9.990e-29
 141.796516     -4.161   0.129009    14.9215    -1.7920     -4.126     0.0774    -0.8271 -9.990e-29
 141.796522     -4.140   0.129008    14.9112    -1.7918     -4.105     0.0774    -0.8255 -9.990e-29
 141.796528     -4.117   0.129008    14.9039    -1.7917     -4.083     0.0774    -0.8244 -9.990e-29
 141.796534     -4.094   0.129012    14.8998    -1.7916     -4.060     0.0775    -0.8238 -9.990e-29
 141.796539     -4.076   0.129024    14.8977    -1.7916     -4.042     0.0775    -0.8235 -9.990e-29
 141.796545     -4.060   0.129063    14.8972    -1.7916     -4.026     0.0775    -0.8234 -9.990e-29
 141.796551     -4.045   0.129184    14.8974    -1.7916     -4.011     0.0776    -0.8234 -9.990e-29
 141.796557     -4.031   0.129550    14.8971    -1.7919     -3.997     0.0778    -0.8232 -9.990e-29
 141.796562     -4.017   0.130095    14.8969    -1.7919     -3.984     0.0781    -0.8229 -9.990e-29
 141.796568     -4.001   0.130436    14.8983    -1.7919     -3.968     0.0783    -0.8229 -9.990e-29
 141.796574     -3.983   0.130476    14.9011    -1.7917     -3.950     0.0783    -0.8233 -9.990e-29
 141.796580     -3.962   0.130269    14.9041    -1.7916     -3.929     0.0782    -0.8239 -9.990e-29
 141.796586     -3.936   0.130097    14.9064    -1.7911     -3.903     0.0781    -0.8243 -9.990e-29
 141.796591     -3.904   0.130285    14.9076    -1.7903     -3.871     0.0782    -0.8244 -9.990e-29
 141.796597     -3.868   0.130532    14.9077    -1.7897     -3.836     0.0783    -0.8243 -9.990e-29
 141.796603     -3.834   0.130613    14.9063    -1.7897     -3.802     0.0784    -0.8241 -9.990e-29
 141.796609     -3.804   0.130639    14.9041    -1.7899     -3.772     0.0784    -0.8237 -9.990e-29
 141.796615     -3.777   0.130645    14.9031    -1.7901     -3.746     0.0784    -0.8236 -9.990e-29
 141.796620     -3.751   0.130643    14.9045    -1.7901     -3.720     0.0784    -0.8238 -9.990e-29
 141.796626     -3.723   0.130629    14.9084    -1.7902     -3.692     0.0784    -0.8244 -9.990e-29
 141.796632     -3.693   0.130587    14.9156    -1.7900     -3.662     0.0783    -0.8255 -9.990e-29
 141.796638     -3.662   0.130463    14.9272    -1.7900     -3.631     0.0783    -0.8273 -9.990e-29
 141.796644     -3.634   0.130092    14.9413    -1.7904     -3.604     0.0780    -0.8296 -9.990e-29
 141.796649     -3.605   0.129536    14.9524    13.1494     -3.575     0.0777    -0.8315 -9.990e-29
 141.796655     -3.580   0.129165    14.9567    17.2125     -3.550     0.0775    -0.8323 -9.990e-29
 141.796661     -3.559   0.129040    14.9556    17.3583     -3.529     0.0774    -0.8322 -9.990e-29
 141.796667     -3.542   0.128997    14.9528    13.7195     -3.512     0.0774    -0.8318 -9.990e-29
 141.796672     -3.529   0.128982    14.9509     6.3229     -3.500     0.0774    -0.8315 -9.990e-29
 141.796678     -3.517   0.128976    14.9504     6.1109     -3.488     0.0774    -0.8315 -9.990e-29
 141.796684     -3.506   0.128972    14.9503     6.1076     -3.477     0.0774    -0.8315 -9.990e-29
 141.796690     -3.496   0.128965    14.9480     6.1089     -3.467     0.0774    -0.8311 -9.990e-29
 141.796696     -3.486   0.128950    14.9421     6.1077     -3.457     0.0774    -0.8302 -9.990e-29
 141.796701     -3.476   0.128906    14.9346     6.1133     -3.447     0.0773    -0.8291 -9.990e-29
 141.796707     -3.464   0.128777    14.9265     6.1114     -3.435     0.0773    -0.8279 -9.990e-29
 141.796713     -3.449   0.128394    14.9165     6.1136     -3.420     0.0771    -0.8266 -9.990e-29
 141.796719     -3.437   0.127801    14.9034     6.1085     -3.408     0.0767    -0.8249 -9.990e-29
 141.796725     -3.428   0.127320    14.8887     6.0947     -3.399     0.0765    -0.8229 -9.990e-29
 141.796730     -3.420   0.126867    14.8740     6.0924     -3.391     0.0762    -0.8209 -9.990e-29
 141.796736     -3.407   0.126394    14.8580     6.1004     -3.379     0.0760    -0.8187 -9.990e-29
 141.796742     -3.388   0.126379    14.8434     6.1049     -3.360     0.0760    -0.8165 -9.990e-29
 141.796748     -3.363   0.126805    14.8366     6.0999     -3.335     0.0763    -0.8153 -9.990e-29
 141.796753     -3.333   0.127131    14.8394     6.1041     -3.305     0.0764    -0.8155 -9.990e-29
 141.796759     -3.305   0.127239    14.8492     6.1026     -3.277     0.0765    -0.8170 -9.990e-29
 141.796765     -3.282   0.127274    14.8634     6.0973     -3.255     0.0765    -0.8191 -9.990e-29
 141.796771     -3.263   0.127284    14.8789     6.1066     -3.236     0.0765    -0.8214 -9.990e-29
 141.796777     -3.247   0.127287    14.8910     6.1079     -3.220     0.0765    -0.8232 -9.990e-29
 141.796782     -3.231   0.127288    14.8973     6.1137     -3.204     0.0765    -0.8242 -9.990e-29
 141.796788     -3.216   0.127289    14.8994     6.1181     -3.189     0.0764    -0.8245 -9.990e-29
 141.796794     -3.200   0.127292    14.9001     6.1166     -3.173     0.0764    -0.8246 -9.990e-29
 141.796800     -3.182   0.127303    14.9009     6.1217     -3.155     0.0765    -0.8247 -9.990e-29
 141.796806     -3.162   0.127338    14.9005     6.1234     -3.136     0.0765    -0.8247 -9.990e-29
 141.796811     -3.137   0.127446    14.8969     6.1237     -3.111     0.0765    -0.8241 -9.990e-29
 141.796817     -3.111   0.127774    14.8892     6.1258     -3.085     0.0767    -0.8228 -9.990e-29
 141.796823     -3.091   0.128204    14.8757     6.1263     -3.065     0.0770    -0.8205 -9.990e-29
 141.796829     -3.074   0.128203    14.8558     6.1341     -3.048     0.0770    -0.8175 -9.990e-29
 141.796834     -3.057   0.127771    14.8325     6.1291     -3.032     0.0768    -0.8142 -9.990e-29
 141.796840     -3.042   0.127441    14.8096     6.1284     -3.017     0.0767    -0.8109 -9.990e-29
 141.796846     -3.027   0.127332    14.7862     6.1287     -3.002     0.0766    -0.8075 -9.990e-29
 141.796852     -3.009   0.127299    14.7631     6.1364     -2.984     0.0767    -0.8040 -9.990e-29
 141.796858     -2.989   0.127299    14.7459     6.1426     -2.964     0.0767    -0.8015 -9.990e-29
 141.796863     -2.972   0.127334    14.7345     6.1449     -2.947     0.0767    -0.7997 -9.990e-29
 141.796869     -2.955   0.127455    14.7252     6.1454     -2.930     0.0768    -0.7983 -9.990e-29
 141.796875     -2.938   0.127824    14.7188     6.1412     -2.914     0.0770    -0.7972 -9.990e-29
 141.796881     -2.920   0.128377    14.7142     6.1409     -2.896     0.0774    -0.7962 -9.990e-29
 141.796887     -2.899   0.128744    14.7073     6.1407     -2.875     0.0776    -0.7951 -9.990e-29
 141.796892     -2.879   0.128861    14.6968     6.1407     -2.855     0.0777    -0.7934 -9.990e-29
 141.796898     -2.863   0.128887    14.6846     6.1409     -2.839     0.0777    -0.7916 -9.990e-29
 141.796904     -2.844   0.128858    14.6738     6.1399     -2.820     0.0777    -0.7900 -9.990e-29
 141.796910     -2.823   0.128736    14.6639     6.1374     -2.799     0.0777    -0.7886 -9.990e-29
 141.796916     -2.802   0.128361    14.6525     6.1352     -2.779     0.0775    -0.7871 -9.990e-29
 141.796921     -2.779   0.127787    14.6424     6.1332     -2.756     0.0771    -0.7859 -9.990e-29
 141.796927     -2.758   0.127361    14.6380     6.1306     -2.735     0.0769    -0.7854 -9.990e-29
 141.796933     -2.741   0.127072    14.6377     6.1281     -2.718     0.0767    -0.7855 -9.990e-29
 141.796939     -2.727   0.126721    14.6385     6.1252     -2.704     0.0765    -0.7858 -9.990e-29
 141.796944     -2.716   0.126398    14.6397     6.1218     -2.693     0.0763    -0.7861 -9.990e-29
 141.796950     -2.707   0.126412    14.6430     6.1192     -2.684     0.0763    -0.7866 -9.990e-29
 141.796956     -2.698   0.126782    14.6514     6.1167     -2.676     0.0765    -0.7876 -9.990e-29
 141.796962     -2.691   0.127078    14.6652     6.1146     -2.669     0.0767    -0.7896 -9.990e-29
 141.796968     -2.683   0.127141    14.6815     6.1126     -2.661     0.0767    -0.7919 -9.990e-29
 141.796973     -2.675   0.127053    14.6990     6.1192     -2.653     0.0766    -0.7946 -9.990e-29
 141.796979     -2.666   0.126697    14.7180     6.1121     -2.644     0.0764    -0.7976 -9.990e-29
 141.796985     -2.656   0.126154    14.7384     6.1168     -2.634     0.0760    -0.8009 -9.990e-29
 141.796991     -2.644   0.125813    14.7604     6.1153     -2.622     0.0758    -0.8043 -9.990e-29
 141.796997     -2.628   0.125772    14.7832     6.1045     -2.606     0.0757    -0.8077 -9.990e-29
 141.797002     -2.609   0.125977    14.8047     6.1043     -2.587     0.0758    -0.8109 -9.990e-29
 141.797008     -2.590   0.126147    14.8238     6.0996     -2.568     0.0759    -0.8136 -9.990e-29
 141.797014     -2.576   0.125957    14.8403     6.1007     -2.555     0.0758    -0.8162 -9.990e-29
 141.797020     -2.569   0.125708    14.8547     6.1118     -2.548     0.0756    -0.8185 -9.990e-29
 141.797025     -2.558   0.125624    14.8671     6.1139     -2.537     0.0755    -0.8204 -9.990e-29
 141.797031     -2.538   0.125591    14.8781     6.1053     -2.517     0.0755    -0.8221 -9.990e-29
 141.797037     -2.514   0.125568    14.8884     6.1083     -2.493     0.0755    -0.8236 -9.990e-29
 141.797043     -2.491   0.125525    14.8975     6.1050     -2.470     0.0754    -0.8250 -9.990e-29
 141.797049     -2.473   0.125405    14.9044     6.1057     -2.452     0.0753    -0.8261 -9.990e-29
 141.797054     -2.458   0.125048    14.9097     6.0999     -2.438     0.0751    -0.8271 -9.990e-29
 141.797060     -2.445   0.124533    14.9150     6.1012     -2.425     0.0748    -0.8281 -9.990e-29
 141.797066     -2.434   0.124285    14.9206     6.1029     -2.414     0.0747    -0.8291 -9.990e-29
 141.797072     -2.425   0.124527    14.9255     6.1045     -2.405     0.0748    -0.8297 -9.990e-29
 141.797078     -2.415   0.125027    14.9294     6.1050     -2.395     0.0751    -0.8301 -9.990e-29
 141.797083     -2.405   0.125343    14.9344     6.1001     -2.385     0.0753    -0.8307 -9.990e-29
 141.797089     -2.395   0.125343    14.9416     6.0987     -2.375     0.0753    -0.8318 -9.990e-29
 141.797095     -2.383   0.125027    14.9498     6.0968     -2.363     0.0751    -0.8332 -9.990e-29
 141.797101     -2.368   0.124529    14.9565     6.0954     -2.348     0.0748    -0.8344 -9.990e-29
 141.797106     -2.351   0.124296    14.9610     6.0940     -2.331     0.0746    -0.8352 -9.990e-29
 141.797112     -2.333   0.124571    14.9647     6.0924     -2.314     0.0748    -0.8356 -9.990e-29
 141.797118     -2.318   0.125168    14.9689     6.0913     -2.299     0.0751    -0.8360 -9.990e-29
 141.797124     -2.301   0.125775    14.9746     6.0906     -2.282     0.0755    -0.8366 -9.990e-29
 141.797130     -2.281   0.126091    14.9826     6.0906     -2.262     0.0756    -0.8376 -9.990e-29
 141.797135     -2.261   0.125982    14.9924     6.0890     -2.242     0.0755    -0.8392 -9.990e-29
