data/oxygen options/OCNMS/OCNMS1/raw_data/2011/CAST_CE015_082411faed.cnv
* Sea-Bird SBE19 Data File:
* FileName = C:\Documents and Settings\OCNMS\Desktop\2011 mooring data\3rd service\CAST_CE015_082411.hex
* Software Version 1.24
* Temperature SN = 2997
* Conductivity SN = 2997
* System UpLoad Time = Aug 24 2011 15:04:16
** CAST_CE015_082411
* SEACAT PROFILER V3.1c SN 2997   08/24/11  15:03:42.793
# nquan = 9                                 
# nvalues = 693                         
# units = specified
# name 0 = timeJ: Julian Days
# name 1 = prSM: Pressure, Strain Gauge [db]
# name 2 = c0mS/cm: Conductivity [mS/cm]
# name 3 = t090C: Temperature [ITS-90, deg C]
# name 4 = sbeox0ML/L: Oxygen, SBE 43 [ml/l]
# name 5 = depSM: Depth [salt water, m], lat = 47.5
# name 6 = sal00: Salinity, Practical [PSU]
# name 7 = sigma-é00: Density [sigma-theta, kg/m^3]
# name 8 = flag: flag
# span 0 = 236.553576, 236.557581       
# span 1 =     -5.723,     16.040       
# span 2 =   0.324221,  38.942745       
# span 3 =    11.4895,    18.3548       
# span 4 =    -1.9130,    19.5892       
# span 5 =     -5.675,     15.906       
# span 6 =     0.1807,    32.9408       
# span 7 =    -1.3275,    25.0418       
# span 8 = 0.0000e+00, 0.0000e+00       
# interval = seconds: 0.5
# start_time = Aug 24 2011 13:17:09 [Instrument's time stamp, header]
# bad_flag = -9.990e-29
*END*
[from data line 321]
 236.555434     -0.064  38.714040    13.0769    -1.6956     -0.063    32.7950    24.6699 -9.990e-29
 236.555440     -0.056  38.799302    13.0872    -1.6997     -0.056    32.8665    24.7233 -9.990e-29
 236.555446     -0.045  38.806117    13.1046    -1.6979     -0.045    32.8579    24.7131 -9.990e-29
 236.555451     -0.031  38.716650    13.1083    -1.6965     -0.031    32.7703    24.6446 -9.990e-29
 236.555457     -0.012  38.609267    13.0915    -1.6968     -0.012    32.6835    24.5808 -9.990e-29
 236.555463      0.008  38.574851    13.0708    -1.6971      0.008    32.6688    24.5735 -9.990e-29
 236.555469      0.022  38.650920    13.0725    -1.6984      0.022    32.7392    24.6276 -9.990e-29
 236.555475      0.027  38.792129    13.1029    -1.6995      0.027    32.8461    24.7044 -9.990e-29
 236.555480      0.023  38.892694    13.1426    -1.6965      0.023    32.9065    24.7433 -9.990e-29
 236.555486      0.015  38.911934    13.1631    -1.6971      0.015    32.9069    24.7395 -9.990e-29
 236.555492      0.009  38.856990    13.1509    -1.6951      0.009    32.8657    24.7100 -9.990e-29
 236.555498      0.010  38.743063    13.1228    -1.6929      0.010    32.7826    24.6513 -9.990e-29
 236.555503      0.014  38.677513    13.1013    -1.6973      0.014    32.7394    24.6221 -9.990e-29
 236.555509      0.012  38.740349    13.0933    -1.7004      0.012    32.8056    24.6749 -9.990e-29
 236.555515      0.005  38.836095    13.0996    -1.7015      0.005    32.8905    24.7394 -9.990e-29
 236.555521      0.000  38.862195    13.1137    -1.7022      0.000    32.9029    24.7462 -9.990e-29
 236.555527      0.002  38.811969    13.1203    -1.7031      0.002    32.8498    24.7038 -9.990e-29
 236.555532      0.011  38.727621    13.1132    -1.7019      0.011    32.7764    24.6484 -9.990e-29
 236.555538      0.022  38.712268    13.1077    -1.6990      0.022    32.7666    24.6419 -9.990e-29
 236.555544      0.028  38.798605    13.1208    -1.6981      0.028    32.8367    24.6936 -9.990e-29
 236.555550      0.025  38.895614    13.1419    -1.6960      0.025    32.9099    24.7460 -9.990e-29
 236.555556      0.018  38.942745    13.1575    -1.7025      0.018    32.9408    24.7668 -9.990e-29
 236.555561      0.014  38.884632    13.1706    -1.7043      0.014    32.8747    24.7131 -9.990e-29
 236.555567      0.017  38.683522    13.1756    -1.6996      0.017    32.6810    24.5622 -9.990e-29
 236.555573      0.028  38.441422    13.1630    -1.6982      0.028    32.4640    24.3968 -9.990e-29
 236.555579      0.046  38.281279    13.1328    -1.7008      0.046    32.3391    24.3062 -9.990e-29
 236.555584      0.070  38.229778    13.0962    -1.7038      0.069    32.3219    24.3000 -9.990e-29
 236.555590      0.092  38.291010    13.0710    -1.7049      0.091    32.4010    24.3662 -9.990e-29
 236.555596      0.109  38.461455    13.0640    -1.7047      0.108    32.5677    24.4966 -9.990e-29
 236.555602      0.123  38.655839    13.0635    -1.7016      0.122    32.7515    24.6390 -9.990e-29
 236.555608      0.133  38.770960    13.0599    -1.7004      0.132    32.8633    24.7262 -9.990e-29
 236.555613      0.142  38.739619    13.0574    -1.6999      0.141    32.8359    24.7055 -9.990e-29
 236.555619      0.148  38.588314    13.0590    -1.6996      0.147    32.6917    24.5935 -9.990e-29
 236.555625      0.153  38.515689    13.0632    -1.6997      0.152    32.6195    24.5369 -9.990e-29
 236.555631      0.158  38.590645    13.0695    -1.6999      0.157    32.6848    24.5861 -9.990e-29
 236.555637      0.162  38.622989    13.0758    -1.7000      0.161    32.7099    24.6043 -9.990e-29
 236.555642      0.165  38.506845    13.0788    -1.6981      0.164    32.5978    24.5169 -9.990e-29
 236.555648      0.168  38.338770    13.0781    -1.7041      0.167    32.4399    24.3949 -9.990e-29
 236.555654      0.171  38.245202    13.0752    -1.7067      0.170    32.3542    24.3292 -9.990e-29
 236.555660      0.174  38.281112    13.0696    -1.7067      0.173    32.3929    24.3602 -9.990e-29
 236.555666      0.178  38.410340    13.0634    14.4418      0.177    32.5200    24.4598 -9.990e-29
 236.555671      0.183  38.542504    13.0582    19.1672      0.181    32.6491    24.5607 -9.990e-29
 236.555677      0.188  38.629217    13.0498    19.5892      0.186    32.7382    24.6314 -9.990e-29
 236.555683      0.195  38.675729    13.0401    16.0122      0.193    32.7905    24.6738 -9.990e-29
 236.555689      0.199  38.702959    13.0402     8.2766      0.197    32.8161    24.6936 -9.990e-29
 236.555694      0.197  38.718635    13.0565     8.3240      0.195    32.8168    24.6909 -9.990e-29
 236.555700      0.192  38.702561    13.0783     8.4367      0.190    32.7828    24.6603 -9.990e-29
 236.555706      0.188  38.568299    13.0894     8.4026      0.186    32.6466    24.5526 -9.990e-29
 236.555712      0.186  38.294551    13.0879     8.3909      0.184    32.3899    24.3543 -9.990e-29
 236.555718      0.185  38.049447    13.0836     8.4579      0.183    32.1628    24.1794 -9.990e-29
 236.555723      0.185  37.920016    13.0856     8.5087      0.183    32.0393    24.0835 -9.990e-29
 236.555729      0.186  37.843421    13.0931     8.4873      0.184    31.9610    24.0214 -9.990e-29
 236.555735      0.188  37.793110    13.0963     8.3727      0.186    31.9110    23.9821 -9.990e-29
 236.555741      0.192  37.771983    13.0884     8.2142      0.190    31.8978    23.9735 -9.990e-29
 236.555747      0.197  37.778734    13.0754     8.1063      0.195    31.9151    23.9894 -9.990e-29
 236.555752      0.204  37.799387    13.0714     8.0377      0.202    31.9379    24.0078 -9.990e-29
 236.555758      0.209  37.804902    13.0792     7.9921      0.207    31.9365    24.0052 -9.990e-29
 236.555764      0.208  37.786931    13.0888     7.9698      0.206    31.9115    23.9840 -9.990e-29
 236.555770      0.206  37.761250    13.0944     7.9321      0.204    31.8827    23.9606 -9.990e-29
 236.555775      0.205  37.737839    13.0968     7.9376      0.203    31.8587    23.9415 -9.990e-29
 236.555781      0.207  37.722426    13.0984     7.9772      0.205    31.8428    23.9290 -9.990e-29
 236.555787      0.212  37.719082    13.1018     8.0585      0.210    31.8368    23.9237 -9.990e-29
 236.555793      0.220  37.720530    13.1067     8.1448      0.218    31.8341    23.9206 -9.990e-29
 236.555799      0.230  37.723084    13.1110     8.1845      0.228    31.8329    23.9188 -9.990e-29
 236.555804      0.241  37.727331    13.1130     8.1827      0.239    31.8352    23.9202 -9.990e-29
 236.555810      0.247  37.734434    13.1122     8.1680      0.245    31.8425    23.9260 -9.990e-29
 236.555816      0.254  37.746009    13.1092     8.1698      0.252    31.8559    23.9370 -9.990e-29
 236.555822      0.267  37.755631    13.1044     8.2347      0.265    31.8690    23.9480 -9.990e-29
 236.555828      0.282  37.759312    13.0985     8.3160      0.280    31.8774    23.9557 -9.990e-29
 236.555833      0.291  37.757462    13.0967     8.3729      0.289    31.8771    23.9559 -9.990e-29
 236.555839      0.290  37.750953    13.0976     8.3731      0.288    31.8703    23.9504 -9.990e-29
 236.555845      0.285  37.746766    13.0926     8.3030      0.283    31.8705    23.9516 -9.990e-29
 236.555851      0.282  37.751620    13.0805     8.2312      0.280    31.8853    23.9653 -9.990e-29
 236.555856      0.283  37.765810    13.0669     8.1145      0.281    31.9101    23.9871 -9.990e-29
 236.555862      0.283  37.781356    13.0588     8.0399      0.281    31.9315    24.0053 -9.990e-29
 236.555868      0.281  37.785927    13.0602     8.0090      0.279    31.9346    24.0075 -9.990e-29
 236.555874      0.273  37.778318    13.0697     7.9911      0.271    31.9195    23.9939 -9.990e-29
 236.555880      0.259  37.766841    13.0819     7.9935      0.257    31.8984    23.9752 -9.990e-29
 236.555885      0.247  37.755775    13.0914     7.9822      0.245    31.8800    23.9591 -9.990e-29
 236.555891      0.240  37.740428    13.0969     7.9900      0.238    31.8610    23.9433 -9.990e-29
 236.555897      0.237  37.724962    13.1007     8.0115      0.235    31.8433    23.9289 -9.990e-29
 236.555903      0.239  37.723457    13.1043     8.0172      0.237    31.8388    23.9247 -9.990e-29
 236.555909      0.241  37.729410    13.1084     8.0099      0.239    31.8410    23.9256 -9.990e-29
 236.555914      0.239  37.730579    13.1105     8.0103      0.237    31.8403    23.9247 -9.990e-29
 236.555920      0.242  37.727945    13.1081     8.0509      0.240    31.8399    23.9248 -9.990e-29
 236.555926      0.257  37.725819    13.1045     8.0703      0.255    31.8409    23.9263 -9.990e-29
 236.555932      0.279  37.727508    13.1060     8.0676      0.277    31.8412    23.9262 -9.990e-29
 236.555938      0.295  37.729086    13.1108     7.9846      0.293    31.8387    23.9233 -9.990e-29
 236.555943      0.306  37.726476    13.1100     7.8570      0.303    31.8369    23.9221 -9.990e-29
 236.555949      0.316  37.727940    13.1034     7.8149      0.313    31.8438    23.9287 -9.990e-29
 236.555955      0.324  37.738772    13.1033     7.8264      0.321    31.8540    23.9367 -9.990e-29
 236.555961      0.324  37.743158    13.1165     7.8525      0.321    31.8471    23.9287 -9.990e-29
 236.555966      0.321  37.731245    13.1337     7.8511      0.318    31.8215    23.9055 -9.990e-29
 236.555972      0.324  37.712327    13.1439     7.7824      0.321    31.7952    23.8832 -9.990e-29
 236.555978      0.337  37.696447    13.1460     7.7130      0.334    31.7785    23.8699 -9.990e-29
 236.555984      0.356  37.697695    13.1453     7.6619      0.353    31.7803    23.8714 -9.990e-29
 236.555990      0.370  37.707640    13.1479     7.6325      0.367    31.7874    23.8764 -9.990e-29
 236.555995      0.371  37.702002    13.1525     7.6223      0.368    31.7783    23.8684 -9.990e-29
 236.556001      0.363  37.687803    13.1549     7.6494      0.360    31.7629    23.8561 -9.990e-29
 236.556007      0.356  37.675212    13.1543     7.6941      0.353    31.7516    23.8475 -9.990e-29
 236.556013      0.355  37.664785    13.1520     7.7526      0.352    31.7438    23.8419 -9.990e-29
 236.556019      0.363  37.661641    13.1501     7.8143      0.360    31.7424    23.8412 -9.990e-29
 236.556024      0.369  37.663809    13.1509     7.8710      0.366    31.7438    23.8421 -9.990e-29
 236.556030      0.376  37.667441    13.1540     7.9782      0.373    31.7446    23.8421 -9.990e-29
 236.556036      0.388  37.672320    13.1558     8.0716      0.385    31.7477    23.8441 -9.990e-29
 236.556042      0.400  37.678215    13.1541     8.1058      0.397    31.7546    23.8498 -9.990e-29
 236.556047      0.410  37.685687    13.1481     8.0653      0.407    31.7666    23.8603 -9.990e-29
 236.556053      0.419  37.697402    13.1365     7.9690      0.416    31.7873    23.8786 -9.990e-29
 236.556059      0.426  37.715521    13.1213     7.8632      0.422    31.8171    23.9046 -9.990e-29
 236.556065      0.432  37.735065    13.1100     7.7779      0.428    31.8449    23.9283 -9.990e-29
 236.556071      0.438  37.743991    13.1096     7.7393      0.434    31.8536    23.9351 -9.990e-29
 236.556076      0.444  37.736822    13.1195     7.7160      0.440    31.8386    23.9215 -9.990e-29
 236.556082      0.451  37.723576    13.1337     7.7296      0.447    31.8142    23.8999 -9.990e-29
 236.556088      0.458  37.714013    13.1449     7.7472      0.454    31.7959    23.8835 -9.990e-29
 236.556094      0.467  37.707685    13.1505     7.7835      0.463    31.7852    23.8742 -9.990e-29
 236.556100      0.477  37.703419    13.1543     7.8581      0.473    31.7780    23.8679 -9.990e-29
 236.556105      0.490  37.702792    13.1583     7.9359      0.486    31.7741    23.8641 -9.990e-29
 236.556111      0.506  37.704949    13.1599     7.9745      0.502    31.7748    23.8643 -9.990e-29
 236.556117      0.526  37.705468    13.1575     7.9491      0.522    31.7773    23.8667 -9.990e-29
 236.556123      0.552  37.705023    13.1509     7.8452      0.547    31.7824    23.8719 -9.990e-29
 236.556128      0.585  37.706923    13.1407     7.8816      0.580    31.7927    23.8819 -9.990e-29
 236.556134      0.628  37.714242    13.1304     8.1937      0.623    31.8082    23.8959 -9.990e-29
 236.556140      0.683  37.724962    13.1257     8.7773      0.677    31.8221    23.9076 -9.990e-29
 236.556146      0.753  37.729276    13.1287     9.4839      0.747    31.8236    23.9082 -9.990e-29
 236.556152      0.843  37.727314    13.1351    10.0429      0.836    31.8164    23.9014 -9.990e-29
 236.556157      0.959  37.731559    13.1329    10.3559      0.951    31.8222    23.9063 -9.990e-29
 236.556163      1.104  37.771174    13.1087    10.3515      1.095    31.8796    23.9554 0.0000e+00
 236.556169      1.274  37.888324    13.0649    10.0641      1.263    32.0266    24.0777 0.0000e+00
 236.556175      1.462  38.059992    13.0016     9.5820      1.450    32.2419    24.2567 0.0000e+00
 236.556181      1.669  38.200881    12.8888     9.1030      1.655    32.4714    24.4564 0.0000e+00
 236.556186      1.899  38.238970    12.7071     8.6640      1.883    32.6642    24.6410 0.0000e+00
 236.556192      2.152  38.147175    12.4871     8.3035      2.134    32.7677    24.7637 0.0000e+00
 236.556198      2.425  37.972192    12.2870     8.0408      2.405    32.7747    24.8072 0.0000e+00
 236.556204      2.708  37.806023    12.1344     7.8422      2.685    32.7482    24.8155 0.0000e+00
 236.556209      2.999  37.703687    12.0052     7.7534      2.974    32.7627    24.8509 0.0000e+00
 236.556215      3.298  37.642917    11.8920     7.6857      3.270    32.8033    24.9036 0.0000e+00
 236.556221      3.603  37.598084    11.8163     7.6364      3.573    32.8264    24.9356 0.0000e+00
 236.556227      3.908  37.570967    11.7795     7.5805      3.875    32.8324    24.9471 0.0000e+00
 236.556233      4.211  37.557845    11.7619     7.5357      4.176    32.8351    24.9524 0.0000e+00
 236.556238      4.518  37.551832    11.7463     7.5309      4.480    32.8429    24.9613 0.0000e+00
 236.556244      4.836  37.544885    11.7304     7.5529      4.796    32.8501    24.9698 0.0000e+00
 236.556250      5.164  37.534442    11.7170     7.5801      5.121    32.8516    24.9735 0.0000e+00
 236.556256      5.496  37.522796    11.7067     7.6002      5.450    32.8492    24.9736 0.0000e+00
 236.556262      5.829  37.513436    11.6993     7.6246      5.780    32.8465    24.9728 0.0000e+00
 236.556267      6.161  37.507857    11.6942     7.6446      6.109    32.8455    24.9730 0.0000e+00
 236.556273      6.498  37.504758    11.6904     7.6403      6.444    32.8457    24.9738 0.0000e+00
 236.556279      6.843  37.503349    11.6880     7.6001      6.786    32.8463    24.9748 0.0000e+00
 236.556285      7.197  37.503410    11.6870     7.5325      7.137    32.8471    24.9756 0.0000e+00
 236.556291      7.556  37.503320    11.6860     7.4699      7.493    32.8477    24.9763 0.0000e+00
 236.556296      7.918  37.501260    11.6828     7.4144      7.852    32.8484    24.9774 0.0000e+00
 236.556302      8.279  37.496141    11.6755     7.3511      8.210    32.8497    24.9798 0.0000e+00
 236.556308      8.638  37.487280    11.6642     7.3116      8.566    32.8509    24.9828 0.0000e+00
 236.556314      8.992  37.476280    11.6497     7.2662      8.917    32.8529    24.9870 0.0000e+00
 236.556319      9.341  37.464133    11.6344     7.2438      9.263    32.8544    24.9910 0.0000e+00
 236.556325      9.686  37.451979    11.6210     7.2281      9.605    32.8543    24.9934 0.0000e+00
 236.556331     10.028  37.441508    11.6086     7.2180      9.944    32.8549    24.9961 0.0000e+00
 236.556337     10.371  37.432177    11.5967     7.2296     10.284    32.8562    24.9993 0.0000e+00
 236.556343     10.716  37.425520    11.5870     7.2357     10.626    32.8582    25.0026 0.0000e+00
 236.556348     11.059  37.421600    11.5780     7.2385     10.966    32.8622    25.0074 0.0000e+00
