data/oxygen options/OCNMS/OCNMS1/raw_data/2011/CAST_CE065_072811faed.cnv
* Sea-Bird SBE19 Data File:
* FileName = C:\Documents and Settings\OCNMS\Desktop\2011 mooring data\2nd service\CAST_CE065_072811.hex
* Software Version 1.24
* Temperature SN = 2997
* Conductivity SN = 2997
* System UpLoad Time = Jul 28 2011 18:59:22
** CAST_CE065_072811
* SEACAT PROFILER V3.1c SN 2997   07/28/11  18:58:14.513
# nquan = 9                                 
# nvalues = 1335                        
# units = specified
# name 0 = timeJ: Julian Days
# name 1 = prSM: Pressure, Strain Gauge [db]
# name 2 = c0mS/cm: Conductivity [mS/cm]
# name 3 = t090C: Temperature [ITS-90, deg C]
# name 4 = sbeox0ML/L: Oxygen, SBE 43 [ml/l]
# name 5 = depSM: Depth [salt water, m], lat = 47.5
# name 6 = sal00: Salinity, Practical [PSU]
# name 7 = sigma-é00: Density [sigma-theta, kg/m^3]
# name 8 = flag: flag
# span 0 = 209.446516, 209.454236       
# span 1 =     -5.653,     66.906       
# span 2 =   0.023674,  38.400497       
# span 3 =     7.1973,    15.0081       
# span 4 =    -2.0142,    18.1005       
# span 5 =     -5.606,     66.337       
# span 6 =     0.0182,    33.8587       
# span 7 =    -0.8854,    26.4931       
# span 8 = 0.0000e+00, 0.0000e+00       
# interval = seconds: 0.5
# start_time = Jul 28 2011 10:42:59 [Instrument's time stamp, header]
# bad_flag = -9.990e-29
*END*
[from data line 801]
 209.451152     52.627  34.620317     7.4473     1.6329     52.181    33.8016    26.4133 0.0000e+00
 209.451157     53.017  34.586499     7.4099     1.5687     52.568    33.8012    26.4182 0.0000e+00
 209.451163     53.394  34.554239     7.3827     1.5555     52.942    33.7925    26.4153 0.0000e+00
 209.451169     53.750  34.535337     7.3680     1.5555     53.294    33.7862    26.4123 0.0000e+00
 209.451175     54.084  34.527488     7.3604     1.5846     53.626    33.7849    26.4124 0.0000e+00
 209.451181     54.402  34.524094     7.3554     1.5948     53.941    33.7859    26.4139 0.0000e+00
 209.451186     54.705  34.522262     7.3514     1.5902     54.241    33.7877    26.4159 0.0000e+00
 209.451192     54.993  34.521179     7.3489     1.6048     54.527    33.7888    26.4171 0.0000e+00
 209.451198     55.253  34.521032     7.3484     1.6284     54.785    33.7890    26.4173 0.0000e+00
 209.451204     55.476  34.522135     7.3498     1.6577     55.006    33.7887    26.4169 0.0000e+00
 209.451209     55.664  34.524233     7.3521     1.6666     55.192    33.7887    26.4166 0.0000e+00
 209.451215     55.823  34.526154     7.3538     1.6726     55.350    33.7890    26.4166 0.0000e+00
 209.451221     55.969  34.527056     7.3537     1.6727     55.494    33.7901    26.4174 0.0000e+00
 209.451227     56.115  34.526414     7.3525     1.6730     55.639    33.7905    26.4179 0.0000e+00
 209.451233     56.267  34.525005     7.3521     1.6673     55.790    33.7892    26.4170 0.0000e+00
 209.451238     56.424  34.524824     7.3526     1.6398     55.945    33.7885    26.4163 0.0000e+00
 209.451244     56.598  34.525581     7.3515     1.6093     56.118    33.7903    26.4179 0.0000e+00
 209.451250     56.807  34.524881     7.3477     1.5889     56.325    33.7931    26.4207 0.0000e+00
 209.451256     57.061  34.522305     7.3432     1.5949     56.577    33.7946    26.4225 0.0000e+00
 209.451262     57.350  34.519968     7.3392     1.6124     56.863    33.7958    26.4240 0.0000e+00
 209.451267     57.658  34.518626     7.3354     1.6270     57.169    33.7979    26.4262 0.0000e+00
 209.451273     57.971  34.517559     7.3316     1.6196     57.479    33.8003    26.4286 0.0000e+00
 209.451279     58.278  34.516415     7.3271     1.6182     57.783    33.8033    26.4316 0.0000e+00
 209.451285     58.574  34.514739     7.3220     1.6330     58.077    33.8063    26.4347 0.0000e+00
 209.451291     58.856  34.512486     7.3167     1.6539     58.356    33.8089    26.4375 0.0000e+00
 209.451296     59.124  34.510525     7.3124     1.6753     58.622    33.8109    26.4396 0.0000e+00
 209.451302     59.375  34.509553     7.3097     1.6720     58.871    33.8123    26.4412 0.0000e+00
 209.451308     59.602  34.509342     7.3084     1.6699     59.096    33.8133    26.4421 0.0000e+00
 209.451314     59.803  34.509564     7.3087     1.6805     59.295    33.8131    26.4419 0.0000e+00
 209.451319     59.982  34.509905     7.3102     1.6862     59.473    33.8119    26.4408 0.0000e+00
 209.451325     60.151  34.510212     7.3115     1.7023     59.640    33.8109    26.4398 0.0000e+00
 209.451331     60.316  34.510289     7.3105     1.7025     59.804    33.8119    26.4407 0.0000e+00
 209.451337     60.488  34.509072     7.3056     1.6970     59.974    33.8153    26.4441 0.0000e+00
 209.451343     60.681  34.505454     7.2947     1.6942     60.166    33.8219    26.4508 0.0000e+00
 209.451348     60.895  34.498484     7.2767     1.6884     60.378    33.8318    26.4611 0.0000e+00
 209.451354     61.119  34.487777     7.2541     1.6885     60.600    33.8422    26.4724 0.0000e+00
 209.451360     61.340  34.475245     7.2335     1.6886     60.819    33.8486    26.4803 0.0000e+00
 209.451366     61.551  34.465405     7.2214     1.6680     61.028    33.8496    26.4828 0.0000e+00
 209.451372     61.753  34.461880     7.2182     1.6519     61.228    33.8488    26.4826 0.0000e+00
 209.451377     61.950  34.462718     7.2185     1.6594     61.424    33.8493    26.4830 0.0000e+00
 209.451383     62.150  34.462271     7.2164     1.6580     61.622    33.8508    26.4844 0.0000e+00
 209.451389     62.363  34.458775     7.2118     1.6595     61.833    33.8514    26.4856 0.0000e+00
 209.451395     62.587  34.455362     7.2078     1.6388     62.055    33.8515    26.4862 0.0000e+00
 209.451400     62.817  34.454151     7.2052     1.6300     62.283    33.8526    26.4874 0.0000e+00
 209.451406     63.040  34.454608     7.2031     1.6493     62.504    33.8550    26.4896 0.0000e+00
 209.451412     63.251  34.455636     7.2017     1.6539     62.713    33.8574    26.4917 0.0000e+00
 209.451418     63.449  34.456351     7.2012     1.6628     62.910    33.8586    26.4927 0.0000e+00
 209.451424     63.643  34.456017     7.2006     1.6496     63.102    33.8587    26.4929 0.0000e+00
 209.451429     63.840  34.454745     7.1994     1.6333     63.297    33.8584    26.4928 0.0000e+00
 209.451435     64.037  34.453643     7.1985     1.6363     63.493    33.8580    26.4926 0.0000e+00
 209.451441     64.224  34.453482     7.1986     1.6393     63.678    33.8576    26.4923 0.0000e+00
 209.451447     64.405  34.454048     7.1993     1.6483     63.858    33.8575    26.4921 0.0000e+00
 209.451453     64.591  34.454416     7.1996     1.6440     64.042    33.8575    26.4921 0.0000e+00
 209.451458     64.790  34.453960     7.1991     1.6307     64.239    33.8574    26.4921 0.0000e+00
 209.451464     65.001  34.453196     7.1985     1.6278     64.448    33.8570    26.4919 0.0000e+00
 209.451470     65.217  34.452785     7.1985     1.6410     64.662    33.8565    26.4915 0.0000e+00
 209.451476     65.425  34.452741     7.1990     1.6425     64.869    33.8558    26.4909 0.0000e+00
 209.451481     65.618  34.453004     7.1995     1.6455     65.060    33.8555    26.4906 0.0000e+00
 209.451487     65.794  34.453928     7.1996     1.6322     65.234    33.8564    26.4912 0.0000e+00
 209.451493     65.961  34.455067     7.1993     1.6263     65.400    33.8578    26.4924 0.0000e+00
 209.451499     66.124  34.455141     7.1986     1.6322     65.562    33.8585    26.4931 0.0000e+00
 209.451505     66.283  34.454251     7.1982     1.6352     65.719    33.8579    26.4926 0.0000e+00
 209.451510     66.428  34.453450     7.1980     1.6307     65.863    33.8571    26.4920 0.0000e+00
 209.451516     66.553  34.453352     7.1982     1.6278     65.987    33.8567    26.4917 -9.990e-29
 209.451522     66.653  34.453826     7.1990     1.6278     66.086    33.8564    26.4914 -9.990e-29
 209.451528     66.730  34.454386     7.1998     1.6205     66.162    33.8562    26.4911 -9.990e-29
 209.451534     66.788  34.454661     7.2000     1.6337     66.220    33.8563    26.4911 -9.990e-29
 209.451539     66.831  34.454461     7.1999     1.6366     66.262    33.8561    26.4910 -9.990e-29
 209.451545     66.862  34.454082     7.1999     1.6395     66.293    33.8557    26.4907 -9.990e-29
 209.451551     66.884  34.454142     7.2001     1.6219     66.315    33.8556    26.4906 -9.990e-29
 209.451557     66.896  34.454723     7.2000     1.6101     66.327    33.8563    26.4911 -9.990e-29
 209.451562     66.901  34.454921     7.1999     1.6102     66.332    33.8566    26.4914 -9.990e-29
 209.451568     66.903  34.454444     7.2001     1.6263     66.334    33.8559    26.4908 -9.990e-29
 209.451574     66.906  34.453778     7.2004     1.6513     66.337    33.8549    26.4900 -9.990e-29
 209.451580     66.905  34.453158     7.2005     1.6336     66.336    33.8541    26.4893 -9.990e-29
 209.451586     66.898  34.452880     7.2007     1.6144     66.329    33.8536    26.4889 -9.990e-29
 209.451591     66.883  34.453134     7.2011     1.6025     66.314    33.8535    26.4888 -9.990e-29
 209.451597     66.859  34.453702     7.2013     1.6128     66.290    33.8539    26.4891 -9.990e-29
 209.451603     66.824  34.454786     7.2013     1.6305     66.256    33.8551    26.4900 -9.990e-29
 209.451609     66.778  34.456152     7.2013     1.6364     66.210    33.8566    26.4912 -9.990e-29
 209.451615     66.715  34.456264     7.2013     1.6232     66.148    33.8568    26.4913 -9.990e-29
 209.451620     66.634  34.455276     7.2015     1.6040     66.067    33.8556    26.4903 -9.990e-29
 209.451626     66.532  34.454671     7.2017     1.6011     65.966    33.8548    26.4897 -9.990e-29
 209.451632     66.412  34.454764     7.2017     1.6143     65.847    33.8549    26.4898 -9.990e-29
 209.451638     66.276  34.455122     7.2017     1.6261     65.712    33.8554    26.4902 0.0000e+00
 209.451644     66.126  34.455108     7.2013     1.6320     65.564    33.8558    26.4906 0.0000e+00
 209.451649     65.970  34.454705     7.2007     1.6083     65.409    33.8561    26.4908 0.0000e+00
 209.451655     65.817  34.454502     7.2004     1.5965     65.257    33.8562    26.4910 0.0000e+00
 209.451661     65.672  34.454229     7.2002     1.6067     65.114    33.8562    26.4910 0.0000e+00
 209.451667     65.541  34.453526     7.1999     1.6155     64.984    33.8558    26.4907 -9.990e-29
 209.451672     65.418  34.453138     7.1999     1.6375     64.862    33.8554    26.4904 -9.990e-29
 209.451678     65.300  34.453111     7.1999     1.6273     64.745    33.8554    26.4904 -9.990e-29
 209.451684     65.184  34.452851     7.1997     1.6082     64.630    33.8554    26.4904 -9.990e-29
 209.451690     65.063  34.452575     7.1996     1.6024     64.510    33.8552    26.4903 -9.990e-29
 209.451696     64.934  34.452477     7.1998     1.5995     64.382    33.8550    26.4901 0.0000e+00
 209.451701     64.792  34.452431     7.2000     1.6187     64.241    33.8548    26.4899 0.0000e+00
 209.451707     64.636  34.452377     7.1998     1.6275     64.087    33.8550    26.4901 0.0000e+00
 209.451713     64.480  34.452245     7.1997     1.6273     63.932    33.8551    26.4902 0.0000e+00
 209.451719     64.332  34.451863     7.1999     1.6037     63.785    33.8545    26.4897 0.0000e+00
 209.451725     64.203  34.451287     7.2000     1.6022     63.657    33.8539    26.4892 -9.990e-29
 209.451730     64.100  34.450873     7.1997     1.6053     63.555    33.8538    26.4891 -9.990e-29
 209.451736     64.030  34.450633     7.1990     1.6112     63.486    33.8542    26.4896 -9.990e-29
 209.451742     63.993  34.450249     7.1983     1.6202     63.449    33.8545    26.4899 -9.990e-29
 209.451748     63.981  34.449773     7.1980     1.6143     63.437    33.8543    26.4898 -9.990e-29
 209.451753     63.978  34.449692     7.1979     1.6039     63.434    33.8543    26.4898 -9.990e-29
 209.451759     63.961  34.449899     7.1981     1.6009     63.417    33.8543    26.4898 -9.990e-29
 209.451765     63.926  34.450111     7.1987     1.6007     63.383    33.8540    26.4895 -9.990e-29
 209.451771     63.882  34.450614     7.1991     1.6038     63.339    33.8542    26.4895 -9.990e-29
 209.451777     63.845  34.450960     7.1989     1.6097     63.302    33.8548    26.4900 -9.990e-29
 209.451782     63.828  34.450494     7.1986     1.5995     63.286    33.8546    26.4899 -9.990e-29
 209.451788     63.840  34.449719     7.1987     1.5966     63.297    33.8536    26.4892 -9.990e-29
 209.451794     63.868  34.449285     7.1987     1.5965     63.325    33.8531    26.4888 -9.990e-29
 209.451800     63.889  34.449176     7.1987     1.5994     63.346    33.8530    26.4887 -9.990e-29
 209.451806     63.886  34.449245     7.1987     1.6156     63.343    33.8531    26.4887 -9.990e-29
 209.451811     63.855  34.449586     7.1987     1.6185     63.312    33.8535    26.4890 -9.990e-29
 209.451817     63.803  34.450097     7.1988     1.6083     63.261    33.8539    26.4894 -9.990e-29
 209.451823     63.752  34.450342     7.1984     1.6024     63.210    33.8546    26.4900 -9.990e-29
 209.451829     63.721  34.450091     7.1978     1.5965     63.179    33.8550    26.4903 -9.990e-29
 209.451834     63.707  34.449573     7.1976     1.5994     63.166    33.8546    26.4901 -9.990e-29
 209.451840     63.700  34.449221     7.1974     1.6053     63.159    33.8544    26.4900 -9.990e-29
 209.451846     63.693  34.449126     7.1975     1.6054     63.152    33.8542    26.4898 -9.990e-29
 209.451852     63.679  34.449164     7.1980     1.6053     63.138    33.8538    26.4894 -9.990e-29
 209.451858     63.664  34.449389     7.1986     1.5950     63.123    33.8534    26.4890 -9.990e-29
 209.451863     63.653  34.449541     7.1988     1.5920     63.112    33.8534    26.4890 -9.990e-29
 209.451869     63.651  34.449268     7.1984     1.5920     63.110    33.8535    26.4891 -9.990e-29
 209.451875     63.653  34.448768     7.1980     1.5950     63.112    33.8533    26.4890 -9.990e-29
 209.451881     63.652  34.448497     7.1978     1.6111     63.111    33.8532    26.4890 -9.990e-29
 209.451887     63.642  34.448654     7.1980     1.6141     63.101    33.8532    26.4889 -9.990e-29
 209.451892     63.626  34.448892     7.1984     1.6039     63.085    33.8531    26.4888 -9.990e-29
 209.451898     63.614  34.448970     7.1989     1.5877     63.073    33.8527    26.4884 -9.990e-29
 209.451904     63.604  34.448994     7.1993     1.5789     63.063    33.8523    26.4881 -9.990e-29
 209.451910     63.586  34.448999     7.1995     1.5818     63.046    33.8522    26.4879 -9.990e-29
 209.451916     63.556  34.448996     7.1996     1.6010     63.016    33.8521    26.4878 -9.990e-29
 209.451921     63.520  34.448981     7.1993     1.5996     62.980    33.8524    26.4881 -9.990e-29
 209.451927     63.493  34.448939     7.1985     1.6069     62.953    33.8531    26.4888 -9.990e-29
 209.451933     63.481  34.448817     7.1979     1.5966     62.942    33.8536    26.4892 -9.990e-29
 209.451939     63.489  34.448456     7.1978     1.5805     62.949    33.8533    26.4890 -9.990e-29
 209.451944     63.520  34.447936     7.1980     1.5907     62.980    33.8525    26.4884 -9.990e-29
 209.451950     63.569  34.447686     7.1984     1.6010     63.029    33.8518    26.4878 -9.990e-29
 209.451956     63.621  34.447933     7.1989     1.6128     63.080    33.8516    26.4875 -9.990e-29
 209.451962     63.668  34.448449     7.1990     1.6054     63.127    33.8520    26.4879 -9.990e-29
 209.451968     63.707  34.448807     7.1984     1.5935     63.166    33.8530    26.4887 -9.990e-29
 209.451973     63.740  34.448925     7.1980     1.5876     63.198    33.8535    26.4891 -9.990e-29
 209.451979     63.767  34.448963     7.1984     1.5802     63.225    33.8531    26.4888 -9.990e-29
 209.451985     63.780  34.448974     7.1986     1.5832     63.238    33.8529    26.4886 -9.990e-29
 209.451991     63.775  34.448974     7.1983     1.5935     63.233    33.8532    26.4889 -9.990e-29
 209.451997     63.752  34.448964     7.1982     1.6097     63.210    33.8533    26.4890 -9.990e-29
 209.452002     63.715  34.448934     7.1984     1.6084     63.173    33.8531    26.4888 -9.990e-29
 209.452008     63.669  34.448849     7.1985     1.5922     63.128    33.8529    26.4887 -9.990e-29
 209.452014     63.615  34.448597     7.1988     1.5805     63.074    33.8524    26.4882 -9.990e-29
 209.452020     63.555  34.448405     7.1993     1.5776     63.015    33.8517    26.4876 -9.990e-29
 209.452025     63.497  34.448579     7.1994     1.5967     62.957    33.8518    26.4877 -9.990e-29
 209.452031     63.455  34.448795     7.1994     1.5950     62.916    33.8521    26.4879 -9.990e-29
 209.452037     63.440  34.448783     7.1991     1.6023     62.901    33.8524    26.4881 -9.990e-29
 209.452043     63.449  34.448533     7.1984     1.6023     62.910    33.8528    26.4886 -9.990e-29
 209.452049     63.475  34.448271     7.1978     1.5891     62.936    33.8531    26.4889 -9.990e-29
 209.452054     63.521  34.448210     7.1977     1.5789     62.981    33.8531    26.4889 -9.990e-29
 209.452060     63.583  34.448271     7.1979     1.5700     63.043    33.8529    26.4887 -9.990e-29
 209.452066     63.642  34.448539     7.1979     1.5834     63.101    33.8532    26.4889 -9.990e-29
