data/oxygen options/OCNMS/OCNMS1/raw_data/2011/CAST_KL015_100611faed.cnv
* Sea-Bird SBE19 Data File:
* FileName = C:\Documents and Settings\OCNMS\Desktop\2011 mooring data\4th service\CAST_KL015_100611.hex
* Software Version 1.24
* Temperature SN = 2997
* Conductivity SN = 2997
* System UpLoad Time = Oct 06 2011 18:31:38
** CAST_KL015_100611
* SEACAT PROFILER V3.1c SN 2997   10/06/11  18:31:07.760
# nquan = 9                                 
# nvalues = 1357                        
# units = specified
# name 0 = timeJ: Julian Days
# name 1 = prSM: Pressure, Strain Gauge [db]
# name 2 = c0mS/cm: Conductivity [mS/cm]
# name 3 = t090C: Temperature [ITS-90, deg C]
# name 4 = sbeox0ML/L: Oxygen, SBE 43 [ml/l]
# name 5 = depSM: Depth [salt water, m], lat = 47.5
# name 6 = sal00: Salinity, Practical [PSU]
# name 7 = sigma-é00: Density [sigma-theta, kg/m^3]
# name 8 = flag: flag
# span 0 = 279.587292, 279.595139       
# span 1 =     -5.715,     15.801       
# span 2 =   0.126759,  37.269302       
# span 3 =    13.3861,    14.4703       
# span 4 =    -2.0356,    14.9653       
# span 5 =     -5.667,     15.669       
# span 6 =     0.0770,    30.5653       
# span 7 =    -0.7426,    22.7341       
# span 8 = 0.0000e+00, 0.0000e+00       
# interval = seconds: 0.5
# start_time = Oct 06 2011 14:05:42 [Instrument's time stamp, header]
# bad_flag = -9.990e-29
*END*
 279.587292     -5.715 -9.990e-29    14.3438    -2.0277     -5.667 -9.990e-29 -9.990e-29 -9.990e-29
 279.587297     -5.702   0.126759    14.3431    -2.0275     -5.654     0.0770    -0.7426 -9.990e-29
 279.587303     -5.685   0.127130    14.3404    -2.0270     -5.638     0.0772    -0.7420 -9.990e-29
 279.587309     -5.663   0.127689    14.3369    -2.0266     -5.616     0.0776    -0.7413 -9.990e-29
 279.587315     -5.635   0.128075    14.3333    -2.0257     -5.588     0.0778    -0.7406 -9.990e-29
 279.587321     -5.603   0.128248    14.3298    -2.0236     -5.556     0.0779    -0.7400 -9.990e-29
 279.587326     -5.569   0.128440    14.3265    -2.0230     -5.523     0.0780    -0.7394 -9.990e-29
 279.587332     -5.532   0.128907    14.3237    -2.0231     -5.486     0.0783    -0.7388 -9.990e-29
 279.587338     -5.492   0.130271    14.3219    -2.0231     -5.446     0.0791    -0.7379 -9.990e-29
 279.587344     -5.453   0.134351    14.3215    -2.0230     -5.408     0.0815    -0.7360 -9.990e-29
 279.587350     -5.411   0.144373    14.3225    -2.0228     -5.366     0.0875    -0.7315 -9.990e-29
 279.587355     -5.368   0.164290    14.3241    -2.0227     -5.323     0.0994    -0.7225 -9.990e-29
 279.587361     -5.326   0.197410    14.3255    -2.0226     -5.282     0.1193    -0.7072 -9.990e-29
 279.587367     -5.282   0.246929    14.3270    -2.0226     -5.238     0.1495    -0.6840 -9.990e-29
 279.587373     -5.238   0.321300    14.3293    -2.0225     -5.194     0.1953    -0.6487 -9.990e-29
 279.587378     -5.194   0.433320    14.3319    -2.0223     -5.151     0.2652    -0.5948 -9.990e-29
 279.587384     -5.153   0.559047    14.3338    -2.0221     -5.110     0.3448    -0.5333 -9.990e-29
 279.587390     -5.116   0.641305    14.3352    -2.0219     -5.073     0.3974    -0.4927 -9.990e-29
 279.587396     -5.081   0.670162    14.3367    -2.0216     -5.039     0.4159    -0.4786 -9.990e-29
 279.587402     -5.049   0.678003    14.3383    -2.0209     -5.007     0.4210    -0.4749 -9.990e-29
 279.587407     -5.019   0.684145    14.3402    -2.0198     -4.977     0.4249    -0.4721 -9.990e-29
 279.587413     -4.985   0.691240    14.3422    -2.0187     -4.943     0.4294    -0.4689 -9.990e-29
 279.587419     -4.949   0.696013    14.3443    -2.0182     -4.908     0.4325    -0.4668 -9.990e-29
 279.587425     -4.912   0.697629    14.3468    -2.0182     -4.871     0.4335    -0.4664 -9.990e-29
 279.587431     -4.872   0.699352    14.3499    -2.0179     -4.831     0.4346    -0.4660 -9.990e-29
 279.587436     -4.832   0.703479    14.3529    -2.0177     -4.792     0.4372    -0.4644 -9.990e-29
 279.587442     -4.797   0.710531    14.3554    -2.0172     -4.757     0.4417    -0.4613 -9.990e-29
 279.587448     -4.768   0.722713    14.3578    -2.0157     -4.728     0.4496    -0.4555 -9.990e-29
 279.587454     -4.746   0.745190    14.3613    -2.0158     -4.706     0.4640    -0.4448 -9.990e-29
 279.587459     -4.727   0.786890    14.3671    -2.0124     -4.688     0.4910    -0.4248 -9.990e-29
 279.587465     -4.710   0.852459    14.3749    -2.0123     -4.671     0.5335    -0.3930 -9.990e-29
 279.587471     -4.696   0.927968    14.3827    -2.0127     -4.657     0.5827    -0.3560 -9.990e-29
 279.587477     -4.682   0.987255    14.3892    -2.0141     -4.643     0.6214    -0.3269 -9.990e-29
 279.587483     -4.668   1.015205    14.3948    -2.0150     -4.629     0.6397    -0.3136 -9.990e-29
 279.587488     -4.652   1.022499    14.4000    -2.0155     -4.613     0.6444    -0.3107 -9.990e-29
 279.587494     -4.635   1.030495    14.4057    -2.0156     -4.596     0.6496    -0.3075 -9.990e-29
 279.587500     -4.615   1.052626    14.4125    -2.0150     -4.577     0.6640    -0.2973 -9.990e-29
 279.587506     -4.590   1.101784    14.4187    -2.0151     -4.552     0.6963    -0.2732 -9.990e-29
 279.587512     -4.560   1.173161    14.4224    -2.0145     -4.522     0.7434    -0.2373 -9.990e-29
 279.587517     -4.526   1.276614    14.4236    -2.0135     -4.488     0.8121    -0.1843 -9.990e-29
 279.587523     -4.494   1.404362    14.4230    -2.0125     -4.457     0.8975    -0.1182 -9.990e-29
 279.587529     -4.468   1.472415    14.4216    -2.0123     -4.431     0.9431    -0.0827 -9.990e-29
 279.587535     -4.445   1.447399    14.4208    -2.0124     -4.408     0.9264    -0.0955 -9.990e-29
 279.587541     -4.424   1.370769    14.4202    -2.0123     -4.387     0.8750    -0.1352 -9.990e-29
 279.587546     -4.404   1.289409    14.4192    -2.0129     -4.367     0.8207    -0.1770 -9.990e-29
 279.587552     -4.383   1.238346    14.4179    -2.0125     -4.346     0.7868    -0.2031 -9.990e-29
 279.587558     -4.360   1.230941    14.4170    -2.0124     -4.324     0.7819    -0.2068 -9.990e-29
 279.587564     -4.334   1.256767    14.4169    -2.0128     -4.298     0.7991    -0.1935 -9.990e-29
 279.587569     -4.303   1.298739    14.4171    -2.0130     -4.267     0.8270    -0.1719 -9.990e-29
 279.587575     -4.268   1.363510    14.4169    -2.0131     -4.232     0.8702    -0.1384 -9.990e-29
 279.587581     -4.238   1.450454    14.4157    -2.0134     -4.203     0.9285    -0.0931 -9.990e-29
 279.587587     -4.213   1.530325    14.4140    -2.0140     -4.178     0.9823    -0.0513 -9.990e-29
 279.587593     -4.193   1.579401    14.4128    -2.0147     -4.158     1.0154    -0.0255 -9.990e-29
 279.587598     -4.175   1.600497    14.4130    -2.0148     -4.140     1.0296    -0.0146 -9.990e-29
 279.587604     -4.160   1.601240    14.4148    -2.0148     -4.125     1.0301    -0.0145 -9.990e-29
 279.587610     -4.145   1.591490    14.4178    -2.0150     -4.110     1.0234    -0.0201 -9.990e-29
 279.587616     -4.131   1.582633    14.4206    -2.0156     -4.097     1.0174    -0.0251 -9.990e-29
 279.587622     -4.116   1.563973    14.4223    -2.0162     -4.082     1.0047    -0.0352 -9.990e-29
 279.587627     -4.098   1.530581    14.4239    -2.0166     -4.064     0.9822    -0.0528 -9.990e-29
 279.587633     -4.078   1.496122    14.4263    -2.0165     -4.044     0.9589    -0.0711 -9.990e-29
 279.587639     -4.054   1.458430    14.4296    -2.0163     -4.020     0.9335    -0.0913 -9.990e-29
 279.587645     -4.024   1.404931    14.4331    -2.0166     -3.990     0.8976    -0.1196 -9.990e-29
 279.587650     -3.990   1.336882    14.4351    -2.0171     -3.957     0.8521    -0.1551 -9.990e-29
 279.587656     -3.959   1.272151    14.4345    -2.0175     -3.926     0.8089    -0.1884 -9.990e-29
 279.587662     -3.934   1.230808    14.4322    -2.0178     -3.901     0.7815    -0.2093 -9.990e-29
 279.587668     -3.913   1.210920    14.4299    -2.0179     -3.880     0.7683    -0.2191 -9.990e-29
 279.587674     -3.894   1.188187    14.4280    -2.0180     -3.862     0.7533    -0.2305 -9.990e-29
 279.587679     -3.876   1.148920    14.4262    -2.0182     -3.844     0.7273    -0.2503 -9.990e-29
 279.587685     -3.858   1.105581    14.4242    -2.0183     -3.826     0.6987    -0.2722 -9.990e-29
 279.587691     -3.839   1.077942    14.4219    -2.0181     -3.807     0.6805    -0.2859 -9.990e-29
 279.587697     -3.818   1.072916    14.4192    -2.0178     -3.786     0.6773    -0.2880 -9.990e-29
 279.587703     -3.793   1.074386    14.4163    -2.0182     -3.761     0.6783    -0.2868 -9.990e-29
 279.587708     -3.763   1.062157    14.4140    -2.0188     -3.732     0.6703    -0.2927 -9.990e-29
 279.587714     -3.730   1.037651    14.4132    -2.0190     -3.699     0.6541    -0.3051 -9.990e-29
 279.587720     -3.701   1.010847    14.4137    -2.0190     -3.670     0.6365    -0.3188 -9.990e-29
 279.587726     -3.678   0.985892    14.4147    -2.0187     -3.647     0.6201    -0.3316 -9.990e-29
 279.587731     -3.659   0.963302    14.4155    -2.0184     -3.628     0.6053    -0.3432 -9.990e-29
 279.587737     -3.644   0.941207    14.4161    -2.0183     -3.614     0.5908    -0.3545 -9.990e-29
 279.587743     -3.631   0.922829    14.4171    -2.0185     -3.601     0.5788    -0.3640 -9.990e-29
 279.587749     -3.620   0.915791    14.4181    -2.0190     -3.590     0.5742    -0.3677 -9.990e-29
 279.587755     -3.610   0.917912    14.4180    -2.0192     -3.580     0.5756    -0.3666 -9.990e-29
 279.587760     -3.599   0.912634    14.4171    -2.0194     -3.569     0.5721    -0.3691 -9.990e-29
 279.587766     -3.589   0.887937    14.4162    -2.0198     -3.559     0.5560    -0.3815 -9.990e-29
 279.587772     -3.577   0.854648    14.4157    -2.0199     -3.547     0.5344    -0.3982 -9.990e-29
 279.587778     -3.564   0.833184    14.4157    -2.0193     -3.534     0.5204    -0.4090 -9.990e-29
 279.587784     -3.547   0.832590    14.4158    -2.0191     -3.517     0.5200    -0.4093 -9.990e-29
 279.587789     -3.527   0.847645    14.4158    -2.0194     -3.498     0.5298    -0.4017 -9.990e-29
 279.587795     -3.502   0.865192    14.4158    -2.0197     -3.473     0.5412    -0.3929 -9.990e-29
 279.587801     -3.471   0.869859    14.4164    -2.0197     -3.442     0.5442    -0.3906 -9.990e-29
 279.587807     -3.435   0.852918    14.4172    -2.0199     -3.406     0.5332    -0.3993 -9.990e-29
 279.587812     -3.401   0.820581    14.4170    -2.0199     -3.373     0.5122    -0.4155 -9.990e-29
 279.587818     -3.371   0.786780    14.4158    -2.0196     -3.343     0.4903    -0.4323 -9.990e-29
 279.587824     -3.344   0.760723    14.4156    -2.0196     -3.316     0.4734    -0.4454 -9.990e-29
 279.587830     -3.321   0.746434    14.4171    -2.0198     -3.293     0.4642    -0.4528 -9.990e-29
 279.587836     -3.306   0.748123    14.4185    -2.0200     -3.278     0.4653    -0.4521 -9.990e-29
 279.587841     -3.294   0.760843    14.4189    -2.0203     -3.267     0.4735    -0.4458 -9.990e-29
 279.587847     -3.278   0.765005    14.4189    -2.0206     -3.251     0.4762    -0.4437 -9.990e-29
 279.587853     -3.264   0.751760    14.4185    -2.0206     -3.237     0.4676    -0.4503 -9.990e-29
 279.587859     -3.253   0.732247    14.4175    -2.0206     -3.226     0.4550    -0.4599 -9.990e-29
 279.587865     -3.241   0.717556    14.4165    -2.0206     -3.214     0.4456    -0.4671 -9.990e-29
 279.587870     -3.223   0.712467    14.4157    -2.0206     -3.196     0.4423    -0.4695 -9.990e-29
 279.587876     -3.198   0.719054    14.4145    -2.0207     -3.171     0.4466    -0.4660 -9.990e-29
 279.587882     -3.168   0.733366    14.4133    -2.0207     -3.142     0.4558    -0.4587 -9.990e-29
 279.587888     -3.141   0.742367    14.4124    -2.0206     -3.115     0.4616    -0.4541 -9.990e-29
 279.587894     -3.118   0.734798    14.4107    -2.0208     -3.092     0.4568    -0.4576 -9.990e-29
 279.587899     -3.099   0.714969    14.4086    -2.0210     -3.073     0.4440    -0.4672 -9.990e-29
 279.587905     -3.081   0.695761    14.4073    -2.0214     -3.055     0.4316    -0.4766 -9.990e-29
 279.587911     -3.065   0.684238    14.4066    -2.0215     -3.039     0.4242    -0.4822 -9.990e-29
 279.587917     -3.048   0.679434    14.4057    -2.0218     -3.023     0.4212    -0.4845 -9.990e-29
 279.587922     -3.031   0.678266    14.4043    -2.0219     -3.006     0.4204    -0.4848 -9.990e-29
 279.587928     -3.011   0.680287    14.4029    -2.0219     -2.986     0.4217    -0.4836 -9.990e-29
 279.587934     -2.991   0.684871    14.4014    -2.0220     -2.966     0.4247    -0.4811 -9.990e-29
 279.587940     -2.976   0.689823    14.3997    -2.0222     -2.951     0.4279    -0.4784 -9.990e-29
 279.587946     -2.959   0.694549    14.3979    -2.0222     -2.934     0.4310    -0.4757 -9.990e-29
 279.587951     -2.939   0.697046    14.3957    -2.0222     -2.914     0.4326    -0.4741 -9.990e-29
 279.587957     -2.920   0.692339    14.3929    -2.0221     -2.896     0.4296    -0.4761 -9.990e-29
 279.587963     -2.899   0.679688    14.3895    -2.0220     -2.875     0.4215    -0.4819 -9.990e-29
 279.587969     -2.882   0.665485    14.3855    -2.0218     -2.858     0.4124    -0.4883 -9.990e-29
 279.587975     -2.869   0.656820    14.3817    -2.0217     -2.845     0.4069    -0.4921 -9.990e-29
 279.587980     -2.861   0.655986    14.3787    -2.0220     -2.837     0.4064    -0.4920 -9.990e-29
 279.587986     -2.853   0.660764    14.3767    -2.0223     -2.829     0.4095    -0.4893 -9.990e-29
 279.587992     -2.840   0.665342    14.3756    -2.0226     -2.816     0.4124    -0.4869 -9.990e-29
 279.587998     -2.826   0.664197    14.3755    -2.0228     -2.802     0.4117    -0.4874 -9.990e-29
 279.588003     -2.813   0.658020    14.3760    -2.0228     -2.790     0.4077    -0.4906 -9.990e-29
 279.588009     -2.801   0.652419    14.3769    -2.0227     -2.778     0.4041    -0.4935 -9.990e-29
 279.588015     -2.790   0.651370    14.3780    -2.0225     -2.767     0.4034    -0.4942 -9.990e-29
 279.588021     -2.778   0.654030    14.3793    -2.0224     -2.755     0.4051    -0.4931 -9.990e-29
 279.588027     -2.765   0.658778    14.3798    -2.0221     -2.742     0.4082    -0.4908 -9.990e-29
 279.588032     -2.750   0.662531    14.3784    -2.0219     -2.727     0.4106    -0.4887 -9.990e-29
 279.588038     -2.731   0.659586    14.3756    -2.0221     -2.708     0.4087    -0.4897 -9.990e-29
 279.588044     -2.709   0.649337    14.3728    -2.0222     -2.686     0.4022    -0.4944 -9.990e-29
 279.588050     -2.681   0.636392    14.3709    -2.0225     -2.659     0.3939    -0.5006 -9.990e-29
 279.588056     -2.650   0.625086    14.3704    -2.0226     -2.628     0.3866    -0.5061 -9.990e-29
 279.588061     -2.622   0.619173    14.3715    -2.0228     -2.600     0.3828    -0.5092 -9.990e-29
 279.588067     -2.601   0.620179    14.3742    -2.0231     -2.579     0.3835    -0.5091 -9.990e-29
 279.588073     -2.584   0.623908    14.3781    -2.0235     -2.562     0.3858    -0.5079 -9.990e-29
 279.588079     -2.571   0.624811    14.3820    -2.0236     -2.550     0.3864    -0.5080 -9.990e-29
 279.588084     -2.561   0.623538    14.3840    -2.0236     -2.540     0.3855    -0.5089 -9.990e-29
 279.588090     -2.553   0.623929    14.3832    -2.0237     -2.532     0.3858    -0.5086 -9.990e-29
 279.588096     -2.546   0.625396    14.3803    -2.0238     -2.525     0.3867    -0.5075 -9.990e-29
 279.588102     -2.541   0.624360    14.3759    -2.0238     -2.520     0.3861    -0.5073 -9.990e-29
 279.588108     -2.536   0.621652    14.3710    -2.0238     -2.515     0.3844    -0.5079 -9.990e-29
 279.588113     -2.533   0.621966    14.3663    -2.0240     -2.512     0.3847    -0.5070 -9.990e-29
 279.588119     -2.529   0.624615    14.3618    -2.0241     -2.508     0.3864    -0.5050 -9.990e-29
 279.588125     -2.526   0.622609    14.3576    -2.0243     -2.505     0.3852    -0.5054 -9.990e-29
 279.588131     -2.522   0.613827    14.3549    -2.0243     -2.501     0.3796    -0.5093 -9.990e-29
 279.588137     -2.519   0.604278    14.3531    -2.0244     -2.498     0.3735    -0.5138 -9.990e-29
 279.588142     -2.514   0.598948    14.3510    -2.0245     -2.493     0.3701    -0.5161 -9.990e-29
 279.588148     -2.509   0.597928    14.3490    -2.0246     -2.488     0.3695    -0.5163 -9.990e-29
 279.588154     -2.503   0.599302    14.3479    -2.0246     -2.482     0.3704    -0.5155 -9.990e-29
 279.588160     -2.496   0.600473    14.3469    -2.0246     -2.475     0.3711    -0.5148 -9.990e-29
 279.588166     -2.486   0.599682    14.3452    -2.0245     -2.465     0.3706    -0.5149 -9.990e-29
 279.588171     -2.474   0.596980    14.3429    -2.0246     -2.453     0.3689    -0.5159 -9.990e-29
 279.588177     -2.463   0.593193    14.3406    -2.0246     -2.442     0.3665    -0.5174 -9.990e-29
 279.588183     -2.456   0.589360    14.3388    -2.0247     -2.436     0.3641    -0.5190 -9.990e-29
 279.588189     -2.449   0.586464    14.3373    -2.0248     -2.429     0.3622    -0.5203 -9.990e-29
 279.588194     -2.437   0.584519    14.3357    -2.0247     -2.417     0.3610    -0.5210 -9.990e-29
 279.588200     -2.420   0.582590    14.3344    -2.0245     -2.400     0.3598    -0.5217 -9.990e-29
 279.588206     -2.395   0.580874    14.3338    -2.0242     -2.375     0.3587    -0.5225 -9.990e-29
 279.588212     -2.367   0.580959    14.3338    -2.0241     -2.347     0.3588    -0.5224 -9.990e-29
