data/oxygen options/OCNMS/OCNMS1/raw_data/2011/CAST_KL027_071911faed.cnv
* Sea-Bird SBE19 Data File:
* FileName = F:\\CAST_KL027_071911000.hex
* Software Version 1.59
* Temperature SN = 2997
* Conductivity SN = 2997
* System UpLoad Time = Jul 19 2011 19:41:33
* ds
* SEACAT PROFILER V3.1c SN 2997   07/19/11  12:40:59.989
# nquan = 9                                 
# nvalues = 779                         
# units = specified
# name 0 = timeJ: Julian Days
# name 1 = prSM: Pressure, Strain Gauge [db]
# name 2 = c0mS/cm: Conductivity [mS/cm]
# name 3 = t090C: Temperature [ITS-90, deg C]
# name 4 = sbeox0ML/L: Oxygen, SBE 43 [ml/l]
# name 5 = depSM: Depth [salt water, m], lat = 47.5
# name 6 = sal00: Salinity, Practical [PSU]
# name 7 = sigma-é00: Density [sigma-theta, kg/m^3]
# name 8 = flag: flag
# span 0 = 200.521204, 200.525706       
# span 1 =     -5.240,     27.405       
# span 2 =   0.389302,  37.027691       
# span 3 =     7.7507,    17.5809       
# span 4 =    -1.9015,    16.8633       
# span 5 =     -5.196,     27.174       
# span 6 =     0.2205,    33.3225       
# span 7 =    -1.1483,    25.9905       
# span 8 = 0.0000e+00, 0.0000e+00       
# interval = seconds: 0.5
# start_time = Jul 19 2011 12:30:32 [Instrument's time stamp, header]
# bad_flag = -9.990e-29
*END*
[from data line 321]
 200.523061      3.765  36.766273    13.7928     7.6295      3.734    30.3873    22.6671 0.0000e+00
 200.523067      3.997  36.767678    13.8115     7.6376      3.964    30.3737    22.6529 0.0000e+00
 200.523073      4.233  36.731388    13.8210     7.6358      4.198    30.3328    22.6194 0.0000e+00
 200.523079      4.487  36.682351    13.7954     7.6039      4.450    30.3079    22.6053 0.0000e+00
 200.523084      4.767  36.696275    13.7225     7.5572      4.727    30.3782    22.6742 0.0000e+00
 200.523090      5.065  36.819136    13.6374     7.4874      5.023    30.5590    22.8306 0.0000e+00
 200.523096      5.366  36.934723    13.5780     7.4912      5.321    30.7131    22.9614 0.0000e+00
 200.523102      5.655  36.984310    13.5427     7.5136      5.608    30.7873    23.0257 0.0000e+00
 200.523108      5.924  37.006525    13.5148     7.5029      5.874    30.8302    23.0644 0.0000e+00
 200.523113      6.178  37.016386    13.4871     7.4937      6.126    30.8616    23.0942 0.0000e+00
 200.523119      6.415  37.023087    13.4719     7.4811      6.361    30.8800    23.1114 0.0000e+00
 200.523125      6.626  37.027691    13.4876     7.5093      6.571    30.8715    23.1017 0.0000e+00
 200.523131      6.810  37.017259    13.5260     7.5869      6.753    30.8308    23.0627 0.0000e+00
 200.523137      6.983  36.987365    13.5505     7.5271      6.925    30.7833    23.0211 0.0000e+00
 200.523142      7.158  36.957489    13.5380     7.3998      7.098    30.7657    23.0100 0.0000e+00
 200.523148      7.331  36.952177    13.5090     7.2236      7.270    30.7840    23.0299 0.0000e+00
 200.523154      7.496  36.965446    13.4987     7.0624      7.433    30.8046    23.0478 0.0000e+00
 200.523160      7.652  36.961190    13.5059     6.9590      7.588    30.7948    23.0388 0.0000e+00
 200.523166      7.809  36.939856    13.4948     6.8976      7.744    30.7839    23.0326 0.0000e+00
 200.523171      7.984  36.925051    13.4164     6.8755      7.917    30.8334    23.0863 0.0000e+00
 200.523177      8.188  36.908211    13.2166     6.8391      8.120    30.9797    23.2386 0.0000e+00
 200.523183      8.419  36.856778    12.9267     6.8132      8.349    31.1689    23.4411 0.0000e+00
 200.523189      8.660  36.757580    12.6872     6.7967      8.588    31.2731    23.5677 0.0000e+00
 200.523194      8.897  36.653566    12.5788     6.7666      8.823    31.2645    23.5817 0.0000e+00
 200.523200      9.123  36.612592    12.5669     6.7024      9.047    31.2354    23.5614 0.0000e+00
 200.523206      9.340  36.642666    12.5730     6.5849      9.262    31.2588    23.5784 0.0000e+00
 200.523212      9.558  36.666807    12.5125     6.4307      9.478    31.3319    23.6465 0.0000e+00
 200.523218      9.785  36.610226    12.3697     6.3147      9.703    31.3972    23.7239 0.0000e+00
 200.523223     10.024  36.501620    12.2193     6.2982      9.940    31.4194    23.7693 0.0000e+00
 200.523229     10.277  36.418455    12.0953     6.3654     10.191    31.4438    23.8112 0.0000e+00
 200.523235     10.551  36.350583    11.9344     6.4776     10.463    31.5142    23.8955 0.0000e+00
 200.523241     10.847  36.232647    11.7075     6.5975     10.756    31.5925    23.9977 0.0000e+00
 200.523247     11.158  36.077585    11.4873     6.6676     11.065    31.6295    24.0662 0.0000e+00
 200.523252     11.478  36.000004    11.3488     6.6816     11.382    31.6723    24.1241 0.0000e+00
 200.523258     11.797  36.037497    11.2945     6.6330     11.698    31.7555    24.1984 0.0000e+00
 200.523264     12.101  36.103357    11.2862     6.5485     12.000    31.8270    24.2555 0.0000e+00
 200.523270     12.385  36.145919    11.2854     6.4463     12.281    31.8693    24.2885 0.0000e+00
 200.523275     12.656  36.171503    11.2658     6.3702     12.550    31.9112    24.3246 0.0000e+00
 200.523281     12.929  36.181157    11.2189     6.3416     12.821    31.9612    24.3718 0.0000e+00
 200.523287     13.208  36.171489    11.1436     6.3309     13.097    32.0170    24.4285 0.0000e+00
 200.523293     13.493  36.146935    11.0402     6.3142     13.380    32.0828    24.4979 0.0000e+00
 200.523299     13.786  36.109998    10.9316     6.3254     13.670    32.1412    24.5624 0.0000e+00
 200.523304     14.083  36.076343    10.8475     6.3328     13.965    32.1816    24.6085 0.0000e+00
 200.523310     14.373  36.064322    10.7928     6.3269     14.253    32.2176    24.6460 0.0000e+00
 200.523316     14.650  36.072049    10.7767     6.3262     14.527    32.2394    24.6658 0.0000e+00
 200.523322     14.918  36.087397    10.8016     6.3308     14.793    32.2326    24.6561 0.0000e+00
 200.523328     15.189  36.097928    10.8151     6.3376     15.062    32.2310    24.6526 0.0000e+00
 200.523333     15.481  36.092422    10.7684     6.3404     15.351    32.2666    24.6884 0.0000e+00
 200.523339     15.800  36.077680    10.6891     6.3147     15.668    32.3218    24.7451 0.0000e+00
 200.523345     16.136  36.077683    10.6257     6.3375     16.001    32.3779    24.7997 0.0000e+00
 200.523351     16.472  36.087898    10.5802     6.3967     16.334    32.4283    24.8469 0.0000e+00
 200.523356     16.790  36.086042    10.5422     6.4769     16.649    32.4602    24.8782 0.0000e+00
 200.523362     17.085  36.076862    10.5145     6.3372     16.942    32.4755    24.8949 0.0000e+00
 200.523368     17.364  36.071582    10.4965     6.0053     17.218    32.4862    24.9063 0.0000e+00
 200.523374     17.630  36.068709    10.4842     5.5224     17.482    32.4942    24.9146 0.0000e+00
 200.523380     17.883  36.064923    10.4734     4.9163     17.733    32.4999    24.9209 0.0000e+00
 200.523385     18.132  36.057367    10.4518     4.3072     17.980    32.5115    24.9337 0.0000e+00
 200.523391     18.392  36.038718    10.3842     3.7808     18.238    32.5532    24.9776 0.0000e+00
 200.523397     18.671  35.984066    10.1941     3.4258     18.514    32.6688    25.1000 0.0000e+00
 200.523403     18.965  35.828337     9.7560     3.2522     18.806    32.9084    25.3597 0.0000e+00
 200.523409     19.267  35.491511     9.0978     3.1776     19.105    33.1689    25.6694 0.0000e+00
 200.523414     19.571  35.050744     8.5022     3.1735     19.407    33.2659    25.8375 0.0000e+00
 200.523420     19.874  34.719993     8.1493     3.1982     19.707    33.2492    25.8773 0.0000e+00
 200.523426     20.179  34.563084     7.9718     3.2439     20.010    33.2504    25.9043 0.0000e+00
 200.523432     20.488  34.501092     7.8744     3.2861     20.316    33.2767    25.9391 0.0000e+00
 200.523438     20.804  34.475903     7.8210     3.3274     20.629    33.3005    25.9655 0.0000e+00
 200.523443     21.125  34.463390     7.7970     3.3678     20.948    33.3098    25.9763 0.0000e+00
 200.523449     21.441  34.456889     7.7933     3.4041     21.261    33.3062    25.9741 0.0000e+00
 200.523455     21.743  34.455520     7.8056     3.4276     21.560    33.2929    25.9618 0.0000e+00
 200.523461     22.029  34.461328     7.8233     3.4363     21.844    33.2821    25.9508 0.0000e+00
 200.523466     22.303  34.469137     7.8274     3.4377     22.116    33.2864    25.9536 0.0000e+00
 200.523472     22.579  34.465246     7.8104     3.4613     22.389    33.2983    25.9654 0.0000e+00
 200.523478     22.871  34.452266     7.7874     3.4648     22.679    33.3062    25.9749 0.0000e+00
 200.523484     23.179  34.443077     7.7724     3.4785     22.984    33.3105    25.9805 0.0000e+00
 200.523490     23.498  34.439375     7.7658     3.4835     23.301    33.3127    25.9832 0.0000e+00
 200.523495     23.821  34.437854     7.7639     3.4719     23.621    33.3128    25.9835 0.0000e+00
 200.523501     24.140  34.437558     7.7645     3.4727     23.937    33.3117    25.9826 0.0000e+00
 200.523507     24.445  34.438606     7.7679     3.4595     24.240    33.3094    25.9803 0.0000e+00
 200.523513     24.734  34.442350     7.7720     3.4463     24.526    33.3094    25.9797 0.0000e+00
 200.523519     25.013  34.449259     7.7721     3.4598     24.803    33.3166    25.9853 0.0000e+00
 200.523524     25.290  34.451707     7.7685     3.4561     25.077    33.3225    25.9905 0.0000e+00
 200.523530     25.566  34.445077     7.7647     3.4564     25.351    33.3189    25.9882 0.0000e+00
 200.523536     25.832  34.438399     7.7621     3.4516     25.615    33.3141    25.9848 0.0000e+00
 200.523542     26.086  34.436160     7.7609     3.4452     25.867    33.3127    25.9839 0.0000e+00
 200.523547     26.324  34.435330     7.7607     3.4402     26.103    33.3119    25.9833 0.0000e+00
 200.523553     26.546  34.434757     7.7615     3.4372     26.323    33.3104    25.9820 0.0000e+00
 200.523559     26.748  34.434192     7.7625     3.4246     26.523    33.3088    25.9806 0.0000e+00
 200.523565     26.927  34.434516     7.7636     3.4158     26.701    33.3080    25.9798 0.0000e+00
 200.523571     27.075  34.437235     7.7660     3.4324     26.847    33.3085    25.9799 -9.990e-29
 200.523576     27.191  34.443692     7.7720     3.4219     26.962    33.3097    25.9799 -9.990e-29
 200.523582     27.276  34.452376     7.7820     3.4170     27.047    33.3094    25.9783 -9.990e-29
 200.523588     27.337  34.458025     7.7932     3.4128     27.107    33.3047    25.9730 -9.990e-29
 200.523594     27.377  34.456374     7.8026     3.3977     27.147    33.2940    25.9632 -9.990e-29
 200.523600     27.399  34.450218     7.8083     3.3946     27.169    33.2819    25.9529 -9.990e-29
 200.523605     27.405  34.446425     7.8088     3.3828     27.174    33.2774    25.9492 -9.990e-29
 200.523611     27.393  34.446054     7.8042     3.3891     27.163    33.2814    25.9530 -9.990e-29
 200.523617     27.360  34.448568     7.7991     3.3868     27.130    33.2890    25.9597 -9.990e-29
 200.523623     27.300  34.456714     7.7968     3.3881     27.070    33.2999    25.9687 -9.990e-29
 200.523628     27.216  34.467313     7.7958     3.3862     26.987    33.3123    25.9785 -9.990e-29
 200.523634     27.117  34.473739     7.7953     3.3792     26.889    33.3197    25.9844 -9.990e-29
 200.523640     27.004  34.471642     7.7955     3.3615     26.777    33.3173    25.9825 -9.990e-29
 200.523646     26.880  34.462103     7.7960     3.3721     26.654    33.3067    25.9741 -9.990e-29
 200.523652     26.744  34.457552     7.7967     3.3732     26.519    33.3012    25.9697 0.0000e+00
 200.523657     26.601  34.461395     7.7965     3.3740     26.377    33.3056    25.9731 0.0000e+00
 200.523663     26.459  34.463039     7.7929     3.3751     26.236    33.3108    25.9778 0.0000e+00
 200.523669     26.326  34.457917     7.7863     3.3600     26.105    33.3117    25.9794 -9.990e-29
 200.523675     26.206  34.449794     7.7811     3.3460     25.986    33.3080    25.9773 -9.990e-29
 200.523681     26.101  34.446831     7.7800     3.3491     25.882    33.3059    25.9758 -9.990e-29
 200.523686     26.017  34.448953     7.7792     3.3476     25.798    33.3090    25.9783 -9.990e-29
 200.523692     25.965  34.446068     7.7748     3.3557     25.747    33.3101    25.9799 -9.990e-29
 200.523698     25.947  34.437088     7.7696     3.3665     25.729    33.3055    25.9769 -9.990e-29
 200.523704     25.947  34.430712     7.7679     3.3592     25.729    33.3003    25.9731 -9.990e-29
 200.523709     25.955  34.431271     7.7695     3.3522     25.737    33.2993    25.9721 -9.990e-29
 200.523715     25.960  34.436106     7.7715     3.3401     25.742    33.3026    25.9744 -9.990e-29
 200.523721     25.965  34.438742     7.7713     3.3396     25.747    33.3056    25.9768 -9.990e-29
 200.523727     25.973  34.435374     7.7688     3.3379     25.755    33.3044    25.9762 -9.990e-29
 200.523733     25.981  34.429865     7.7661     3.3436     25.763    33.3010    25.9740 -9.990e-29
 200.523738     25.984  34.427143     7.7648     3.3399     25.766    33.2994    25.9728 -9.990e-29
 200.523744     25.979  34.428014     7.7659     3.3502     25.761    33.2993    25.9726 -9.990e-29
 200.523750     25.962  34.431916     7.7689     3.3485     25.744    33.3006    25.9732 -9.990e-29
 200.523756     25.935  34.436170     7.7709     3.3484     25.717    33.3033    25.9750 -9.990e-29
 200.523762     25.904  34.436887     7.7704     3.3408     25.686    33.3045    25.9761 -9.990e-29
 200.523767     25.882  34.433861     7.7686     3.3252     25.664    33.3030    25.9751 -9.990e-29
 200.523773     25.871  34.430294     7.7675     3.3282     25.653    33.3002    25.9731 -9.990e-29
 200.523779     25.862  34.430346     7.7674     3.3117     25.645    33.3004    25.9733 -9.990e-29
 200.523785     25.858  34.433480     7.7671     3.3244     25.641    33.3040    25.9762 -9.990e-29
 200.523791     25.873  34.433755     7.7650     3.3327     25.655    33.3063    25.9783 -9.990e-29
 200.523796     25.902  34.429817     7.7623     3.3280     25.684    33.3047    25.9774 -9.990e-29
 200.523802     25.930  34.426447     7.7615     3.3334     25.712    33.3018    25.9752 -9.990e-29
 200.523808     25.951  34.426947     7.7631     3.3179     25.733    33.3008    25.9742 -9.990e-29
 200.523814     25.966  34.429698     7.7656     3.3083     25.748    33.3014    25.9743 -9.990e-29
 200.523819     25.976  34.431609     7.7669     3.3114     25.758    33.3022    25.9747 -9.990e-29
 200.523825     25.985  34.431823     7.7662     3.3144     25.767    33.3031    25.9755 -9.990e-29
 200.523831     26.000  34.430025     7.7640     3.3228     25.781    33.3032    25.9760 -9.990e-29
 200.523837     26.011  34.427134     7.7622     3.3281     25.792    33.3018    25.9751 -9.990e-29
 200.523843     26.007  34.425970     7.7621     3.3278     25.788    33.3007    25.9743 -9.990e-29
 200.523848     25.988  34.427737     7.7637     3.3079     25.769    33.3011    25.9743 -9.990e-29
 200.523854     25.961  34.430266     7.7651     3.3123     25.743    33.3024    25.9752 -9.990e-29
 200.523860     25.933  34.431289     7.7647     3.3058     25.715    33.3039    25.9764 -9.990e-29
 200.523866     25.914  34.429888     7.7625     3.3088     25.696    33.3045    25.9772 -9.990e-29
 200.523872     25.913  34.426953     7.7602     3.3171     25.695    33.3036    25.9768 -9.990e-29
 200.523877     25.925  34.424687     7.7591     3.3142     25.707    33.3022    25.9759 -9.990e-29
 200.523883     25.942  34.423383     7.7593     3.3197     25.724    33.3006    25.9746 -9.990e-29
 200.523889     25.953  34.424056     7.7606     3.3197     25.735    33.3001    25.9740 -9.990e-29
 200.523895     25.949  34.427002     7.7621     3.2997     25.731    33.3018    25.9751 -9.990e-29
 200.523900     25.939  34.429384     7.7625     3.3039     25.721    33.3040    25.9768 -9.990e-29
 200.523906     25.939  34.429298     7.7614     3.2965     25.721    33.3050    25.9777 -9.990e-29
 200.523912     25.962  34.427147     7.7592     3.2994     25.744    33.3047    25.9779 -9.990e-29
 200.523918     26.001  34.424501     7.7573     3.2982     25.782    33.3037    25.9773 -9.990e-29
 200.523924     26.034  34.422827     7.7568     3.3029     25.815    33.3024    25.9763 -9.990e-29
 200.523929     26.048  34.423207     7.7574     3.3012     25.829    33.3022    25.9761 -9.990e-29
 200.523935     26.045  34.424982     7.7584     3.3109     25.826    33.3031    25.9767 -9.990e-29
 200.523941     26.030  34.425998     7.7593     3.3065     25.811    33.3034    25.9768 -9.990e-29
 200.523947     26.009  34.425327     7.7596     3.3109     25.790    33.3024    25.9759 -9.990e-29
 200.523953     25.986  34.424831     7.7598     3.3067     25.767    33.3017    25.9754 -9.990e-29
 200.523958     25.959  34.426045     7.7601     3.3013     25.741    33.3027    25.9761 -9.990e-29
 200.523964     25.934  34.427187     7.7600     3.2845     25.716    33.3040    25.9772 -9.990e-29
 200.523970     25.929  34.426377     7.7588     3.2859     25.711    33.3043    25.9776 -9.990e-29
 200.523976     25.946  34.424171     7.7576     3.2942     25.728    33.3031    25.9768 -9.990e-29
