data/oxygen options/OCNMS/OCNMS1/raw_data/2011/CAST_CA042_100511faedb.cnv
* Sea-Bird SBE19 Data File:
* FileName = C:\Documents and Settings\OCNMS\Desktop\2011 mooring data\3rd service\CAST_CA042_100511.hex
* Software Version 1.24
* Temperature SN = 2997
* Conductivity SN = 2997
* System UpLoad Time = Oct 05 2011 14:56:33
** CAST_CA042_100511
* SEACAT PROFILER V3.1c SN 2997   10/05/11  14:56:06.542
# nquan = 9
# nvalues = 43                          
# units = specified
# name 0 = timeJ: Julian Days
# name 1 = prSM: Pressure, Strain Gauge [db]
# name 2 = c0mS/cm: Conductivity [mS/cm]
# name 3 = t090C: Temperature [ITS-90, deg C]
# name 4 = sbeox0ML/L: Oxygen, SBE 43 [ml/l]
# name 5 = depSM: Depth [salt water, m], lat = 47.5
# name 6 = sal00: Salinity, Practical [PSU]
# name 7 = sigma-é00: Density [sigma-theta, kg/m^3]
# name 8 = flag: flag
# span 0 = 278.428958, 278.430039       
# span 1 =      2.000,     44.000       
# span 2 =  36.879404,  38.227476       
# span 3 =    13.6349,    13.8665       
# span 4 =     5.7325,     5.8373       
# span 5 =      1.983,     43.628       
# span 6 =    30.6134,    31.6587       
# span 7 =    22.8717,    23.6347       
# span 8 = 0.0000e+00, 0.0000e+00       
# interval = decibars: 1                
# start_time = Oct 05 2011 10:11:39 [Instrument's time stamp, header]
# bad_flag = -9.990e-29
*END*
 278.428958      2.000  36.880493    13.6415     5.8373      1.983    30.6134    22.8717 0.0000e+00
 278.428990      3.000  36.879404    13.6378     5.8315      2.975    30.6150    22.8738 0.0000e+00
 278.429018      4.000  36.883561    13.6358     5.8096      3.967    30.6201    22.8780 0.0000e+00
 278.429047      5.000  36.890644    13.6355     5.8195      4.958    30.6265    22.8831 0.0000e+00
 278.429076      6.000  36.891913    13.6354     5.7970      5.950    30.6273    22.8838 0.0000e+00
 278.429102      7.000  36.893521    13.6349     5.8092      6.942    30.6289    22.8852 0.0000e+00
 278.429130      8.000  36.899857    13.6351     5.8047      7.933    30.6342    22.8892 0.0000e+00
 278.429156      9.000  36.919723    13.6363     5.8106      8.925    30.6512    22.9021 0.0000e+00
 278.429180     10.000  36.957697    13.6404     5.8044      9.916    30.6825    22.9255 0.0000e+00
 278.429207     11.000  37.059622    13.6536     5.7932     10.908    30.7656    22.9871 0.0000e+00
 278.429233     12.000  37.270157    13.6899     5.7892     11.899    30.9303    23.1071 0.0000e+00
 278.429257     13.000  37.457602    13.7148     5.7915     12.891    31.0827    23.2198 0.0000e+00
 278.429283     14.000  37.615982    13.7417     5.7678     13.883    31.2067    23.3102 0.0000e+00
 278.429311     15.000  37.752049    13.7632     5.7550     14.874    31.3144    23.3890 0.0000e+00
 278.429340     16.000  37.869068    13.7851     5.7744     15.866    31.4041    23.4538 0.0000e+00
 278.429366     17.000  37.952084    13.8035     5.7781     16.858    31.4653    23.4974 0.0000e+00
 278.429393     18.000  38.077751    13.8238     5.7637     17.849    31.5641    23.5697 0.0000e+00
 278.429421     19.000  38.104254    13.8305     5.7707     18.841    31.5826    23.5826 0.0000e+00
 278.429447     20.000  38.124745    13.8347     5.7749     19.832    31.5977    23.5935 0.0000e+00
 278.429472     21.000  38.144207    13.8405     5.7781     20.824    31.6105    23.6022 0.0000e+00
 278.429500     22.000  38.148466    13.8420     5.7605     21.815    31.6128    23.6037 0.0000e+00
 278.429524     23.000  38.153998    13.8444     5.7670     22.807    31.6155    23.6054 0.0000e+00
 278.429545     24.000  38.156994    13.8453     5.7325     23.798    31.6172    23.6065 0.0000e+00
 278.429568     25.000  38.163465    13.8480     5.7699     24.790    31.6206    23.6086 0.0000e+00
 278.429598     26.000  38.165052    13.8483     5.7371     25.781    31.6214    23.6091 0.0000e+00
 278.429622     27.000  38.169016    13.8508     5.7464     26.773    31.6226    23.6096 0.0000e+00
 278.429641     28.000  38.174731    13.8551     5.7482     27.764    31.6239    23.6098 0.0000e+00
 278.429665     29.000  38.179056    13.8547     5.7537     28.756    31.6279    23.6130 0.0000e+00
 278.429689     30.000  38.192590    13.8572     5.7355     29.747    31.6379    23.6202 0.0000e+00
 278.429711     31.000  38.201158    13.8590     5.7625     30.739    31.6439    23.6245 0.0000e+00
 278.429738     32.000  38.203347    13.8599     5.7627     31.731    31.6448    23.6251 0.0000e+00
 278.429761     33.000  38.208846    13.8614     5.7659     32.722    31.6483    23.6274 0.0000e+00
 278.429784     34.000  38.220796    13.8635     5.7653     33.714    31.6572    23.6339 0.0000e+00
 278.429810     35.000  38.220502    13.8640     5.7494     34.705    31.6561    23.6331 0.0000e+00
 278.429833     36.000  38.221012    13.8648     5.7516     35.696    31.6555    23.6324 0.0000e+00
 278.429855     37.000  38.224261    13.8656     5.7458     36.688    31.6575    23.6338 0.0000e+00
 278.429875     38.000  38.226134    13.8665     5.7613     37.680    31.6581    23.6342 0.0000e+00
 278.429898     39.000  38.226977    13.8663     5.7508     38.670    31.6586    23.6346 0.0000e+00
 278.429920     40.000  38.227179    13.8661     5.7646     39.662    31.6587    23.6347 0.0000e+00
 278.429941     41.000  38.227476    13.8661     5.7482     40.654    31.6586    23.6347 0.0000e+00
 278.429962     42.000  38.225517    13.8664     5.7954     41.645    31.6561    23.6327 0.0000e+00
 278.429987     43.000  38.225404    13.8665     5.7839     42.637    31.6555    23.6323 0.0000e+00
 278.430039     44.000  38.224117    13.8664     5.8001     43.628    31.6540    23.6312 0.0000e+00
