data/oxygen options/OCNMS/OCNMS1/raw_data/2011/CAST_CE065_090111faed.cnv
* Sea-Bird SBE19 Data File:
* FileName = C:\Documents and Settings\OCNMS\Desktop\2011 mooring data\3rd service\CAST_CE065_090111.hex
* Software Version 1.24
* Temperature SN = 2997
* Conductivity SN = 2997
* System UpLoad Time = Sep 01 2011 16:20:34
** CAST_CE065_090111
* SEACAT PROFILER V3.1c SN 2997   09/01/11  16:19:59.142
# nquan = 9                                 
# nvalues = 1106                        
# units = specified
# name 0 = timeJ: Julian Days
# name 1 = prSM: Pressure, Strain Gauge [db]
# name 2 = c0mS/cm: Conductivity [mS/cm]
# name 3 = t090C: Temperature [ITS-90, deg C]
# name 4 = sbeox0ML/L: Oxygen, SBE 43 [ml/l]
# name 5 = depSM: Depth [salt water, m], lat = 47.5
# name 6 = sal00: Salinity, Practical [PSU]
# name 7 = sigma-é00: Density [sigma-theta, kg/m^3]
# name 8 = flag: flag
# span 0 = 244.619491, 244.625885       
# span 1 =     -6.485,     36.166       
# span 2 =   0.303035,  40.691913       
# span 3 =     7.6189,    16.6724       
# span 4 =    -1.9844,    20.5019       
# span 5 =     -6.431,     35.861       
# span 6 =     0.1746,    33.5963       
# span 7 =    -1.0311,    26.2261       
# span 8 = 0.0000e+00, 0.0000e+00       
# interval = seconds: 0.5
# start_time = Sep 01 2011 14:52:04 [Instrument's time stamp, header]
# bad_flag = -9.990e-29
*END*
[from data line 961]
 244.625052     34.188  34.488782     7.6363     3.8310     33.900    33.4851    26.1373 -9.990e-29
 244.625058     34.207  34.488843     7.6363     3.8354     33.919    33.4851    26.1373 -9.990e-29
 244.625064     34.228  34.489747     7.6369     3.8455     33.940    33.4855    26.1376 -9.990e-29
 244.625069     34.237  34.491030     7.6377     3.8467     33.948    33.4861    26.1379 -9.990e-29
 244.625075     34.222  34.491427     7.6380     3.8369     33.934    33.4863    26.1380 -9.990e-29
 244.625081     34.184  34.490924     7.6377     3.8354     33.896    33.4860    26.1378 -9.990e-29
 244.625087     34.135  34.490392     7.6370     3.8353     33.847    33.4862    26.1380 -9.990e-29
 244.625093     34.100  34.489754     7.6364     3.8338     33.813    33.4861    26.1381 -9.990e-29
 244.625098     34.088  34.488603     7.6363     3.8439     33.801    33.4849    26.1372 -9.990e-29
 244.625104     34.091  34.487709     7.6363     3.8512     33.804    33.4840    26.1364 -9.990e-29
 244.625110     34.095  34.487622     7.6362     3.8468     33.808    33.4840    26.1364 -9.990e-29
 244.625116     34.096  34.487727     7.6362     3.8369     33.809    33.4841    26.1365 -9.990e-29
 244.625122     34.096  34.487668     7.6363     3.8355     33.809    33.4839    26.1364 -9.990e-29
 244.625127     34.093  34.487432     7.6363     3.8354     33.806    33.4837    26.1362 -9.990e-29
 244.625133     34.087  34.486766     7.6363     3.8439     33.800    33.4830    26.1356 -9.990e-29
 244.625139     34.078  34.485966     7.6364     3.8469     33.791    33.4820    26.1349 -9.990e-29
 244.625145     34.071  34.485710     7.6364     3.8612     33.784    33.4817    26.1346 -9.990e-29
 244.625150     34.072  34.485718     7.6363     3.8570     33.785    33.4818    26.1347 -9.990e-29
 244.625156     34.086  34.485504     7.6361     3.8441     33.799    33.4818    26.1347 -9.990e-29
 244.625162     34.111  34.485407     7.6361     3.8354     33.824    33.4817    26.1346 -9.990e-29
 244.625168     34.138  34.485923     7.6361     3.8473     33.850    33.4822    26.1351 -9.990e-29
 244.625174     34.161  34.486681     7.6362     3.8413     33.873    33.4829    26.1356 -9.990e-29
 244.625179     34.173  34.487076     7.6363     3.8311     33.885    33.4832    26.1359 -9.990e-29
 244.625185     34.174  34.487140     7.6361     3.8226     33.886    33.4835    26.1361 -9.990e-29
 244.625191     34.174  34.487021     7.6359     3.8273     33.886    33.4836    26.1362 -9.990e-29
 244.625197     34.177  34.486622     7.6355     3.8343     33.889    33.4835    26.1362 -9.990e-29
 244.625203     34.182  34.486037     7.6351     3.8268     33.894    33.4833    26.1360 -9.990e-29
 244.625208     34.191  34.485668     7.6352     3.8212     33.903    33.4828    26.1356 -9.990e-29
 244.625214     34.203  34.485648     7.6352     3.8184     33.915    33.4828    26.1356 -9.990e-29
 244.625220     34.219  34.486013     7.6347     3.8167     33.931    33.4836    26.1364 -9.990e-29
 244.625226     34.237  34.486753     7.6346     3.7896     33.948    33.4845    26.1371 -9.990e-29
 244.625231     34.249  34.487797     7.6346     3.7911     33.960    33.4856    26.1380 -9.990e-29
 244.625237     34.250  34.489480     7.6342     3.7967     33.961    33.4878    26.1397 -9.990e-29
 244.625243     34.242  34.491313     7.6338     3.8109     33.953    33.4902    26.1417 -9.990e-29
 244.625249     34.220  34.491882     7.6340     3.8248     33.932    33.4906    26.1420 -9.990e-29
 244.625255     34.173  34.491450     7.6345     3.8188     33.885    33.4897    26.1412 -9.990e-29
 244.625260     34.099  34.491184     7.6345     3.8386     33.812    33.4894    26.1410 -9.990e-29
 244.625266     34.001  34.490792     7.6343     3.8341     33.714    33.4893    26.1409 -9.990e-29
 244.625272     33.882  34.489817     7.6345     3.8312     33.596    33.4881    26.1399 -9.990e-29
 244.625278     33.747  34.488702     7.6349     3.8353     33.463    33.4866    26.1386 0.0000e+00
 244.625284     33.596  34.487703     7.6354     3.8295     33.313    33.4851    26.1374 0.0000e+00
 244.625289     33.415  34.486672     7.6359     3.8449     33.133    33.4836    26.1361 0.0000e+00
 244.625295     33.188  34.485978     7.6363     3.8545     32.908    33.4825    26.1353 0.0000e+00
 244.625301     32.902  34.485878     7.6365     3.8619     32.625    33.4824    26.1351 0.0000e+00
 244.625307     32.545  34.485742     7.6365     3.8620     32.271    33.4824    26.1351 0.0000e+00
 244.625313     32.127  34.484895     7.6365     3.8536     31.856    33.4817    26.1346 0.0000e+00
 244.625318     31.662  34.483391     7.6364     3.8448     31.395    33.4804    26.1335 0.0000e+00
 244.625324     31.160  34.481532     7.6363     3.8487     30.898    33.4787    26.1322 0.0000e+00
 244.625330     30.620  34.479144     7.6364     3.8404     30.362    33.4763    26.1303 0.0000e+00
 244.625336     30.031  34.475908     7.6365     3.8256     29.778    33.4730    26.1277 0.0000e+00
 244.625341     29.392  34.470934     7.6363     3.7863     29.145    33.4681    26.1239 0.0000e+00
 244.625347     28.713  34.463252     7.6356     3.7487     28.471    33.4608    26.1183 0.0000e+00
 244.625353     28.019  34.453326     7.6346     3.6964     27.783    33.4514    26.1110 0.0000e+00
 244.625359     27.339  34.441985     7.6342     3.6246     27.109    33.4399    26.1020 0.0000e+00
 244.625365     26.689  34.429290     7.6357     3.5569     26.465    33.4251    26.0901 0.0000e+00
 244.625370     26.072  34.416856     7.6399     3.4849     25.853    33.4079    26.0760 0.0000e+00
 244.625376     25.474  34.407766     7.6484     3.4316     25.260    33.3903    26.0609 0.0000e+00
 244.625382     24.874  34.403399     7.6646     3.3942     24.665    33.3703    26.0429 0.0000e+00
 244.625388     24.259  34.403597     7.6930     3.3931     24.055    33.3436    26.0178 0.0000e+00
 244.625394     23.629  34.409809     7.7395     3.4550     23.430    33.3060    25.9817 0.0000e+00
 244.625399     22.986  34.428145     7.8092     3.5731     22.793    33.2595    25.9351 0.0000e+00
 244.625405     22.334  34.465210     7.9118     3.7016     22.146    33.2018    25.8749 0.0000e+00
 244.625411     21.668  34.520114     8.0579     3.8328     21.486    33.1222    25.7911 0.0000e+00
 244.625417     20.985  34.590001     8.2331     3.9519     20.809    33.0315    25.6941 0.0000e+00
 244.625422     20.289  34.676883     8.4092     4.0585     20.119    32.9585    25.6106 0.0000e+00
 244.625428     19.587  34.775212     8.5695     4.1283     19.423    32.9126    25.5505 0.0000e+00
 244.625434     18.885  34.870634     8.7089     4.1513     18.727    32.8833    25.5063 0.0000e+00
 244.625440     18.191  34.956110     8.8236     4.1549     18.038    32.8666    25.4755 0.0000e+00
 244.625446     17.507  35.024775     8.9124     4.1482     17.360    32.8563    25.4537 0.0000e+00
 244.625451     16.829  35.067497     8.9804     4.1285     16.688    32.8382    25.4289 0.0000e+00
 244.625457     16.148  35.089817     9.0315     4.0949     16.013    32.8145    25.4024 0.0000e+00
 244.625463     15.463  35.103101     9.0683     4.0608     15.333    32.7947    25.3811 0.0000e+00
 244.625469     14.782  35.110020     9.0926     4.0502     14.658    32.7798    25.3657 0.0000e+00
 244.625475     14.104  35.112036     9.1048     4.0700     13.986    32.7709    25.3568 0.0000e+00
 244.625480     13.426  35.112471     9.1091     4.0752     13.314    32.7677    25.3536 0.0000e+00
 244.625486     12.746  35.110299     9.1142     4.0917     12.639    32.7611    25.3476 0.0000e+00
 244.625492     12.060  35.105491     9.1319     4.1795     11.959    32.7402    25.3285 0.0000e+00
 244.625498     11.368  35.104580     9.1725     4.3648     11.273    32.7022    25.2924 0.0000e+00
 244.625503     10.677  35.117055     9.2378     4.7481     10.588    32.6556    25.2456 0.0000e+00
 244.625509      9.990  35.147863     9.3321     5.4290      9.906    32.6016    25.1884 0.0000e+00
 244.625515      9.306  35.192807     9.4668     6.4135      9.228    32.5255    25.1074 0.0000e+00
 244.625521      8.620  35.252545     9.6473     7.5209      8.548    32.4236    24.9987 0.0000e+00
 244.625527      7.928  35.341865     9.9040     8.4468      7.862    32.2841    24.8479 0.0000e+00
 244.625532      7.236  35.490368    10.3176     9.1295      7.175    32.0666    24.6095 0.0000e+00
 244.625538      6.556  35.766821    10.9121     9.5090      6.501    31.8219    24.3172 0.0000e+00
 244.625544      5.892  36.203988    11.5644    11.5345      5.843    31.6888    24.0982 0.0000e+00
 244.625550      5.250  36.709061    12.1345    11.1412      5.206    31.6917    23.9960 0.0000e+00
 244.625556      4.635  37.178992    12.5762    10.0415      4.596    31.7671    23.9713 0.0000e+00
 244.625561      4.051  37.564630    12.8965     9.6761      4.017    31.8625    23.9836 0.0000e+00
 244.625567      3.500  37.875184    13.1454     9.6862      3.471    31.9455    23.9993 0.0000e+00
 244.625573      2.976  38.139545    13.3896     9.4294      2.951    31.9880    23.9838 0.0000e+00
 244.625579      2.477  38.308174    13.6241     8.3879      2.456    31.9489    23.9067 0.0000e+00
 244.625584      2.005  38.267718    13.7907     6.4269      1.988    31.7730    23.7372 0.0000e+00
 244.625590      1.567  37.683729    13.8715     5.6756      1.554    31.1684    23.2541 0.0000e+00
 244.625596      1.185  35.571550    13.8856     5.5396      1.175    29.2231    21.7504 0.0000e+00
 244.625602      0.871  29.032149    13.8452     5.6264      0.864    23.3703    17.2496 0.0000e+00
 244.625608      0.623  20.609764    13.7735     5.7985      0.618    16.0825    11.6590 0.0000e+00
 244.625613      0.434  19.147472    13.7106     5.9947      0.430    14.8664    10.7352 0.0000e+00
 244.625619      0.296  23.383483    13.6723     6.1369      0.294    18.5114    13.5435 -9.990e-29
 244.625625      0.201  24.646359    13.6527     6.2369      0.199    19.6195    14.3990 -9.990e-29
 244.625631      0.141  20.814632    13.6545     6.3002      0.140    16.3075    11.8522 -9.990e-29
 244.625637      0.114  16.584679    13.7061     6.4190      0.113    12.7159     9.0835 -9.990e-29
 244.625642      0.119  18.701720    13.7992     6.7554      0.118    14.4565    10.4054 -9.990e-29
 244.625648      0.149  27.062459    13.8599     7.1382      0.148    21.6238    15.9032 -9.990e-29
 244.625654      0.192  34.258397    13.8674     7.4678      0.190    28.0430    20.8441 -9.990e-29
 244.625660      0.227  37.286964    13.8647     7.6438      0.225    30.8096    22.9785 -9.990e-29
 244.625666      0.254  38.274348    13.8756     7.6238      0.252    31.7096    23.6710 -9.990e-29
 244.625671      0.281  38.608825    13.8910     7.5383      0.279    32.0054    23.8963 -9.990e-29
 244.625677      0.311  38.752117    13.9038     7.4129      0.308    32.1270    23.9875 -9.990e-29
 244.625683      0.338  38.841584    13.9323     7.2834      0.335    32.1857    24.0271 -9.990e-29
 244.625689      0.358  38.903049    13.9768     7.1560      0.355    32.2052    24.0329 -9.990e-29
 244.625694      0.373  38.938996    13.9984     7.0622      0.370    32.2202    24.0401 -9.990e-29
 244.625700      0.380  38.939737    13.9759     7.0059      0.377    32.2398    24.0598 -9.990e-29
 244.625706      0.374  38.911386    13.9382     6.9762      0.371    32.2452    24.0718 -9.990e-29
 244.625712      0.365  38.878393    13.9281     6.9425      0.362    32.2232    24.0569 -9.990e-29
 244.625718      0.363  38.847245    13.9529     6.8865      0.360    32.1737    24.0136 -9.990e-29
 244.625723      0.370  38.822401    13.9844     6.8211      0.367    32.1245    23.9691 -9.990e-29
 244.625729      0.377  38.803853    13.9973     6.7584      0.374    32.0966    23.9449 -9.990e-29
 244.625735      0.380  38.772551    13.9908     6.7037      0.377    32.0732    23.9282 -9.990e-29
 244.625741      0.379  38.745092    13.9798     6.6271      0.376    32.0570    23.9180 -9.990e-29
 244.625747      0.375  38.747108    13.9799     6.5803      0.372    32.0588    23.9193 -9.990e-29
 244.625752      0.370  38.760635    13.9938     6.5351      0.367    32.0597    23.9172 -9.990e-29
 244.625758      0.370  38.761207    14.0125     6.6210      0.367    32.0447    23.9017 -9.990e-29
 244.625764      0.370  38.749659    14.0290     6.9069      0.367    32.0203    23.8795 -9.990e-29
 244.625770      0.366  38.735114    14.0372     7.2776      0.363    32.0001    23.8622 -9.990e-29
 244.625775      0.357  38.717823    14.0317     8.7098      0.354    31.9888    23.8546 -9.990e-29
 244.625781      0.343  38.691936    14.0192     9.2799      0.340    31.9753    23.8468 -9.990e-29
 244.625787      0.323  38.660481    14.0077     9.3219      0.320    31.9559    23.8342 -9.990e-29
 244.625793      0.296  38.633986    13.9991     8.9197      0.294    31.9387    23.8227 -9.990e-29
 244.625799      0.260  38.642652    13.9971     8.2979      0.258    31.9483    23.8305 -9.990e-29
 244.625804      0.212  38.664984    13.9973     7.6665      0.210    31.9688    23.8462 -9.990e-29
 244.625810      0.151  38.589050    13.9917     7.3010      0.150    31.9035    23.7970 -9.990e-29
 244.625816      0.075  38.309127    13.9780     7.1977      0.074    31.6573    23.6098 -9.990e-29
 244.625822     -0.007  37.555044    13.9547     7.2637     -0.007    30.9835    23.0945 -9.990e-29
 244.625828     -0.083  35.434497    13.9242     7.3441     -0.082    29.0694    21.6242 -9.990e-29
 244.625833     -0.144  29.300998    13.8922 -9.990e-29     -0.143    23.5804    17.4025 -9.990e-29
 244.625839     -0.192  19.454372    13.8637 -9.990e-29     -0.190    15.0665    10.8630 -9.990e-29
 244.625845     -0.227  11.459813    13.8427 -9.990e-29     -0.225     8.4905     5.8151 -9.990e-29
 244.625851     -0.254   7.462955    13.8310 -9.990e-29     -0.252     5.3531     3.4042 -9.990e-29
 244.625856     -0.274   5.394238    13.8286 -9.990e-29     -0.272     3.7823     2.1948 -9.990e-29
 244.625862     -0.287   4.099661    13.8327 -9.990e-29     -0.285     2.8230     1.4544 -9.990e-29
 244.625868     -0.295   3.372164    13.8395 -9.990e-29     -0.293     2.2937     1.0449 -9.990e-29
 244.625874     -0.298   3.149985    13.8474 -9.990e-29     -0.296     2.1334     0.9199 -9.990e-29
 244.625880     -0.297   3.172379    13.8515 -9.990e-29     -0.295     2.1492     0.9316 -9.990e-29
 244.625885     -0.295   3.189684 -9.990e-29 -9.990e-29     -0.293 -9.990e-29 -9.990e-29 -9.990e-29
