data/oxygen options/OCNMS/OCNMS1/raw_data/2011/CAST_CE065_090111faed.cnv
* Sea-Bird SBE19 Data File:
* FileName = C:\Documents and Settings\OCNMS\Desktop\2011 mooring data\3rd service\CAST_CE065_090111.hex
* Software Version 1.24
* Temperature SN = 2997
* Conductivity SN = 2997
* System UpLoad Time = Sep 01 2011 16:20:34
** CAST_CE065_090111
* SEACAT PROFILER V3.1c SN 2997   09/01/11  16:19:59.142
# nquan = 9                                 
# nvalues = 1106                        
# units = specified
# name 0 = timeJ: Julian Days
# name 1 = prSM: Pressure, Strain Gauge [db]
# name 2 = c0mS/cm: Conductivity [mS/cm]
# name 3 = t090C: Temperature [ITS-90, deg C]
# name 4 = sbeox0ML/L: Oxygen, SBE 43 [ml/l]
# name 5 = depSM: Depth [salt water, m], lat = 47.5
# name 6 = sal00: Salinity, Practical [PSU]
# name 7 = sigma-é00: Density [sigma-theta, kg/m^3]
# name 8 = flag: flag
# span 0 = 244.619491, 244.625885       
# span 1 =     -6.485,     36.166       
# span 2 =   0.303035,  40.691913       
# span 3 =     7.6189,    16.6724       
# span 4 =    -1.9844,    20.5019       
# span 5 =     -6.431,     35.861       
# span 6 =     0.1746,    33.5963       
# span 7 =    -1.0311,    26.2261       
# span 8 = 0.0000e+00, 0.0000e+00       
# interval = seconds: 0.5
# start_time = Sep 01 2011 14:52:04 [Instrument's time stamp, header]
# bad_flag = -9.990e-29
*END*
[from data line 161]
 244.620422     -3.020   0.612831    15.5327    -1.9756     -2.995     0.3681    -0.6961 -9.990e-29
 244.620428     -3.005   0.660219    15.5282    -1.9756     -2.980     0.3977    -0.6726 -9.990e-29
 244.620434     -2.985   0.697024    15.5192    -1.9757     -2.960     0.4207    -0.6533 -9.990e-29
 244.620440     -2.964   0.715840    15.5101    -1.9760     -2.939     0.4326    -0.6427 -9.990e-29
 244.620446     -2.950   0.720715    15.5032    -1.9765     -2.925     0.4357    -0.6392 -9.990e-29
 244.620451     -2.946   0.720363    15.4973    -1.9770     -2.921     0.4356    -0.6384 -9.990e-29
 244.620457     -2.946   0.720957    15.4931    -1.9776     -2.921     0.4360    -0.6374 -9.990e-29
 244.620463     -2.944   0.724950    15.4921    -1.9783     -2.919     0.4385    -0.6353 -9.990e-29
 244.620469     -2.933   0.732684    15.4930    -1.9792     -2.909     0.4434    -0.6317 -9.990e-29
 244.620475     -2.914   0.743394    15.4926    -1.9799     -2.890     0.4501    -0.6264 -9.990e-29
 244.620480     -2.890   0.754750    15.4888    -1.9804     -2.866     0.4573    -0.6203 -9.990e-29
 244.620486     -2.867   0.766386    15.4815    -1.9808     -2.843     0.4647    -0.6134 -9.990e-29
 244.620492     -2.849   0.782189    15.4720    -1.9810     -2.825     0.4747    -0.6041 -9.990e-29
 244.620498     -2.834   0.801076    15.4621    -1.9807     -2.810     0.4868    -0.5933 -9.990e-29
 244.620503     -2.821   0.812236    15.4515    -1.9809     -2.797     0.4939    -0.5861 -9.990e-29
 244.620509     -2.810   0.808952    15.4386    -1.9811     -2.787     0.4920    -0.5855 -9.990e-29
 244.620515     -2.800   0.797365    15.4233    -1.9813     -2.777     0.4849    -0.5886 -9.990e-29
 244.620521     -2.790   0.785837    15.4074    -1.9814     -2.767     0.4778    -0.5916 -9.990e-29
 244.620527     -2.779   0.775611    15.3935    -1.9816     -2.756     0.4715    -0.5943 -9.990e-29
 244.620532     -2.767   0.764128    15.3828    -1.9818     -2.744     0.4644    -0.5982 -9.990e-29
 244.620538     -2.754   0.751029    15.3757    -1.9819     -2.731     0.4562    -0.6034 -9.990e-29
 244.620544     -2.737   0.739335    15.3723    -1.9818     -2.714     0.4489    -0.6085 -9.990e-29
 244.620550     -2.721   0.732281    15.3707    -1.9816     -2.698     0.4444    -0.6117 -9.990e-29
 244.620556     -2.709   0.730429    15.3683    -1.9817     -2.686     0.4433    -0.6122 -9.990e-29
 244.620561     -2.695   0.731310    15.3658    -1.9815     -2.673     0.4439    -0.6113 -9.990e-29
 244.620567     -2.676   0.730562    15.3644    -1.9815     -2.654     0.4434    -0.6115 -9.990e-29
 244.620573     -2.652   0.724417    15.3633    -1.9813     -2.630     0.4396    -0.6143 -9.990e-29
 244.620579     -2.633   0.712988    15.3620    -1.9811     -2.611     0.4324    -0.6196 -9.990e-29
 244.620584     -2.620   0.699310    15.3611    -1.9809     -2.598     0.4238    -0.6261 -9.990e-29
 244.620590     -2.613   0.685078    15.3616    -1.9809     -2.591     0.4149    -0.6331 -9.990e-29
 244.620596     -2.607   0.670698    15.3643    -1.9810     -2.585     0.4058    -0.6405 -9.990e-29
 244.620602     -2.598   0.657482    15.3674    -1.9813     -2.576     0.3975    -0.6474 -9.990e-29
 244.620608     -2.588   0.647188    15.3694    -1.9815     -2.566     0.3911    -0.6527 -9.990e-29
 244.620613     -2.583   0.641040    15.3715    -1.9823     -2.561     0.3872    -0.6560 -9.990e-29
 244.620619     -2.577   0.639146    15.3747    -1.9832     -2.556     0.3860    -0.6575 -9.990e-29
 244.620625     -2.566   0.639536    15.3787    -1.9839     -2.545     0.3862    -0.6579 -9.990e-29
 244.620631     -2.553   0.639405    15.3825    -1.9843     -2.532     0.3861    -0.6586 -9.990e-29
 244.620637     -2.541   0.638025    15.3849    -1.9844     -2.520     0.3852    -0.6597 -9.990e-29
 244.620642     -2.531   0.637432    15.3854    -1.9841     -2.510     0.3848    -0.6601 -9.990e-29
 244.620648     -2.520   0.638496    15.3838    -1.9834     -2.499     0.3855    -0.6593 -9.990e-29
 244.620654     -2.509   0.637651    15.3795    -1.9826     -2.488     0.3850    -0.6590 -9.990e-29
 244.620660     -2.502   0.631556    15.3709    -1.9823     -2.481     0.3813    -0.6605 -9.990e-29
 244.620666     -2.501   0.621498    15.3570    -1.9819     -2.480     0.3751    -0.6631 -9.990e-29
 244.620671     -2.503   0.611230    15.3406    -1.9818     -2.482     0.3689    -0.6654 -9.990e-29
 244.620677     -2.504   0.603671    15.3265    -1.9820     -2.483     0.3643    -0.6668 -9.990e-29
 244.620683     -2.503   0.599262    15.3178    -1.9822     -2.482     0.3616    -0.6675 -9.990e-29
 244.620689     -2.500   0.597106    15.3159    -1.9820     -2.479     0.3603    -0.6682 -9.990e-29
 244.620694     -2.495   0.597098    15.3208    -1.9818     -2.474     0.3602    -0.6690 -9.990e-29
 244.620700     -2.489   0.599779    15.3308    -1.9818     -2.468     0.3618    -0.6693 -9.990e-29
 244.620706     -2.480   0.606508    15.3413    -1.9814     -2.459     0.3659    -0.6678 -9.990e-29
 244.620712     -2.468   0.618506    15.3497    -1.9809     -2.447     0.3733    -0.6634 -9.990e-29
 244.620718     -2.457   0.633499    15.3556    -1.9808     -2.437     0.3826    -0.6571 -9.990e-29
 244.620723     -2.450   0.646006    15.3579    -1.9806     -2.430     0.3904    -0.6514 -9.990e-29
 244.620729     -2.442   0.652772    15.3561    -1.9807     -2.422     0.3947    -0.6479 -9.990e-29
 244.620735     -2.433   0.656724    15.3527    -1.9809     -2.413     0.3972    -0.6454 -9.990e-29
 244.620741     -2.427   0.663688    15.3507    -1.9812     -2.407     0.4016    -0.6417 -9.990e-29
 244.620747     -2.419   0.677963    15.3511    -1.9811     -2.399     0.4105    -0.6348 -9.990e-29
 244.620752     -2.404   0.698097    15.3541    -1.9808     -2.384     0.4231    -0.6256 -9.990e-29
 244.620758     -2.385   0.716050    15.3597    -1.9805     -2.365     0.4343    -0.6177 -9.990e-29
 244.620764     -2.365   0.726965    15.3660    -1.9803     -2.345     0.4411    -0.6135 -9.990e-29
 244.620770     -2.344   0.733213    15.3703    -1.9801     -2.324     0.4450    -0.6111 -9.990e-29
 244.620775     -2.325   0.738139    15.3718    -1.9798     -2.306     0.4481    -0.6090 -9.990e-29
 244.620781     -2.309   0.743884    15.3702    -1.9796     -2.290     0.4518    -0.6059 -9.990e-29
 244.620787     -2.297   0.750352    15.3661    -1.9794     -2.278     0.4559    -0.6021 -9.990e-29
 244.620793     -2.287   0.755648    15.3621    -1.9792     -2.268     0.4593    -0.5989 -9.990e-29
 244.620799     -2.279   0.761294    15.3611    -1.9788     -2.260     0.4628    -0.5959 -9.990e-29
 244.620804     -2.273   0.770387    15.3640    -1.9786     -2.254     0.4685    -0.5920 -9.990e-29
 244.620810     -2.267   0.781763    15.3691    -1.9788     -2.248     0.4757    -0.5873 -9.990e-29
 244.620816     -2.262   0.790653    15.3740    -1.9787     -2.243     0.4812    -0.5837 -9.990e-29
 244.620822     -2.257   0.794511    15.3781    -1.9784     -2.238     0.4836    -0.5825 -9.990e-29
 244.620828     -2.253   0.797927    15.3823    -1.9782     -2.234     0.4857    -0.5816 -9.990e-29
 244.620833     -2.248   0.806562    15.3875    -1.9785     -2.229     0.4911    -0.5782 -9.990e-29
 244.620839     -2.242   0.817533    15.3942    -1.9787     -2.223     0.4980    -0.5740 -9.990e-29
 244.620845     -2.235   0.822210    15.4024    -1.9789     -2.216     0.5009    -0.5730 -9.990e-29
 244.620851     -2.227   0.817413    15.4107    -1.9790     -2.208     0.4977    -0.5768 -9.990e-29
 244.620856     -2.221   0.807267    15.4164    -1.9791     -2.202     0.4912    -0.5827 -9.990e-29
 244.620862     -2.221   0.794858    15.4197    -1.9792     -2.202     0.4833    -0.5893 -9.990e-29
 244.620868     -2.223   0.780805    15.4230    -1.9792     -2.204     0.4744    -0.5967 -9.990e-29
 244.620874     -2.223   0.767968    15.4268    -1.9792     -2.204     0.4663    -0.6036 -9.990e-29
 244.620880     -2.221   0.760828    15.4289    -1.9793     -2.202     0.4618    -0.6074 -9.990e-29
 244.620885     -2.216   0.758726    15.4288    -1.9794     -2.198     0.4604    -0.6084 -9.990e-29
 244.620891     -2.209   0.754428    15.4273    -1.9791     -2.191     0.4578    -0.6102 -9.990e-29
 244.620897     -2.198   0.743864    15.4250    -1.9786     -2.180     0.4511    -0.6150 -9.990e-29
 244.620903     -2.188   0.732330    15.4223    -1.9781     -2.170     0.4439    -0.6201 -9.990e-29
 244.620909     -2.183   0.725858    15.4203    -1.9776     -2.165     0.4399    -0.6230 -9.990e-29
 244.620914     -2.176   0.723016    15.4201    -1.9774     -2.158     0.4381    -0.6243 -9.990e-29
 244.620920     -2.165   0.719278    15.4219    -1.9785     -2.147     0.4357    -0.6264 -9.990e-29
 244.620926     -2.148   0.710764    15.4241    -1.9790     -2.130     0.4303    -0.6309 -9.990e-29
 244.620932     -2.128   0.697013    15.4256    -1.9796     -2.110     0.4217    -0.6378 -9.990e-29
 244.620938     -2.112   0.682948    15.4281    -1.9799     -2.094     0.4129    -0.6450 -9.990e-29
 244.620943     -2.100   0.673072    15.4342    -1.9799     -2.082     0.4066    -0.6508 -9.990e-29
 244.620949     -2.086   0.668057    15.4433    -1.9798     -2.069     0.4034    -0.6548 -9.990e-29
 244.620955     -2.075   0.666755    15.4534    -1.9795     -2.058     0.4025    -0.6570 -9.990e-29
 244.620961     -2.065   0.666876    15.4618    -1.9795     -2.048     0.4025    -0.6584 -9.990e-29
 244.620966     -2.051   0.664151    15.4623    -1.9798     -2.034     0.4008    -0.6598 -9.990e-29
 244.620972     -2.037   0.656056    15.4527    -1.9800     -2.020     0.3958    -0.6621 -9.990e-29
 244.620978     -2.026   0.646194    15.4396    -1.9799     -2.009     0.3898    -0.6647 -9.990e-29
 244.620984     -2.017   0.639686    15.4292    -1.9797     -2.000     0.3858    -0.6661 -9.990e-29
 244.620990     -2.010   0.636714    15.4238    -1.9798     -1.993     0.3840    -0.6667 -9.990e-29
 244.620995     -2.004   0.633316    15.4233    -1.9802     -1.987     0.3819    -0.6682 -9.990e-29
 244.621001     -2.000   0.627176    15.4257    -1.9799     -1.983     0.3780    -0.6716 -9.990e-29
 244.621007     -1.996   0.620075    15.4284    -1.9795     -1.979     0.3736    -0.6755 -9.990e-29
 244.621013     -1.993   0.614169    15.4285    -1.9792     -1.976     0.3699    -0.6783 -9.990e-29
 244.621019     -1.990   0.609890    15.4258    -1.9789     -1.973     0.3673    -0.6799 -9.990e-29
 244.621024     -1.987   0.607625    15.4231    -1.9786     -1.970     0.3659    -0.6806 -9.990e-29
 244.621030     -1.984   0.607674    15.4229    -1.9784     -1.967     0.3659    -0.6805 -9.990e-29
 244.621036     -1.981   0.608996    15.4242    -1.9786     -1.964     0.3667    -0.6801 -9.990e-29
 244.621042     -1.977   0.609478    15.4244    -1.9788     -1.961     0.3670    -0.6799 -9.990e-29
 244.621047     -1.973   0.606992    15.4247    -1.9791     -1.957     0.3655    -0.6811 -9.990e-29
 244.621053     -1.967   0.600993    15.4290    -1.9789     -1.951     0.3617    -0.6847 -9.990e-29
 244.621059     -1.961   0.593450    15.4365    -1.9788     -1.945     0.3569    -0.6896 -9.990e-29
 244.621065     -1.952   0.587038    15.4446    -1.9785     -1.936     0.3529    -0.6940 -9.990e-29
 244.621071     -1.942   0.582623    15.4519    -1.9780     -1.926     0.3501    -0.6973 -9.990e-29
 244.621076     -1.932   0.579854    15.4575    -1.9780     -1.916     0.3483    -0.6995 -9.990e-29
 244.621082     -1.928   0.578913    15.4602    -1.9781     -1.912     0.3477    -0.7004 -9.990e-29
 244.621088     -1.924   0.579654    15.4592    -1.9777     -1.908     0.3482    -0.6999 -9.990e-29
 244.621094     -1.921   0.580295    15.4557    -1.9775     -1.905     0.3486    -0.6990 -9.990e-29
 244.621100     -1.921   0.579478    15.4537    -1.9777     -1.905     0.3481    -0.6991 -9.990e-29
 244.621105     -1.922   0.577773    15.4556    -1.9779     -1.906     0.3470    -0.7002 -9.990e-29
 244.621111     -1.919   0.575673    15.4605    -1.9782     -1.903     0.3457    -0.7020 -9.990e-29
 244.621117     -1.915   0.573147    15.4672    -1.9781     -1.899     0.3441    -0.7044 -9.990e-29
 244.621123     -1.915   0.570149    15.4737    -1.9779     -1.899     0.3422    -0.7068 -9.990e-29
 244.621128     -1.915   0.566558    15.4781    -1.9776     -1.899     0.3399    -0.7093 -9.990e-29
 244.621134     -1.910   0.562570    15.4816    -1.9772     -1.894     0.3374    -0.7118 -9.990e-29
 244.621140     -1.905   0.558404    15.4858    -1.9769     -1.889     0.3348    -0.7145 -9.990e-29
 244.621146     -1.902   0.554597    15.4880    -1.9774     -1.886     0.3324    -0.7166 -9.990e-29
 244.621152     -1.899   0.552163    15.4866    -1.9774     -1.883     0.3309    -0.7176 -9.990e-29
 244.621157     -1.890   0.551177    15.4836    -1.9773     -1.874     0.3303    -0.7175 -9.990e-29
 244.621163     -1.874   0.550323    15.4816    -1.9772     -1.858     0.3298    -0.7176 -9.990e-29
 244.621169     -1.856   0.548464    15.4827    -1.9773     -1.841     0.3287    -0.7187 -9.990e-29
 244.621175     -1.838   0.545890    15.4875    -1.9770     -1.823     0.3270    -0.7207 -9.990e-29
 244.621181     -1.819   0.543597    15.4945    -1.9765     -1.804     0.3256    -0.7229 -9.990e-29
 244.621186     -1.802   0.541850    15.5011    -1.9762     -1.787     0.3244    -0.7249 -9.990e-29
 244.621192     -1.790   0.540534    15.5038    -1.9760     -1.775     0.3236    -0.7259 -9.990e-29
 244.621198     -1.783   0.539555    15.5026    -1.9760     -1.768     0.3230    -0.7262 -9.990e-29
 244.621204     -1.780   0.538160    15.5018    -1.9758     -1.765     0.3222    -0.7267 -9.990e-29
 244.621209     -1.777   0.535598    15.5031    -1.9756     -1.762     0.3206    -0.7282 -9.990e-29
 244.621215     -1.768   0.532328    15.5050    -1.9751     -1.753     0.3185    -0.7300 -9.990e-29
 244.621221     -1.759   0.529527    15.5077    -1.9749     -1.744     0.3168    -0.7318 -9.990e-29
 244.621227     -1.752   0.528442    15.5130    -1.9749     -1.737     0.3161    -0.7332 -9.990e-29
 244.621233     -1.747   0.529842    15.5204    -1.9747     -1.732     0.3169    -0.7337 -9.990e-29
 244.621238     -1.743   0.532823    15.5271    -1.9740     -1.728     0.3187    -0.7334 -9.990e-29
 244.621244     -1.742   0.535826    15.5320    -1.9736     -1.727     0.3205    -0.7328 -9.990e-29
 244.621250     -1.741   0.537871    15.5363    -1.9734     -1.726     0.3217    -0.7325 -9.990e-29
 244.621256     -1.743   0.538363    15.5412    -1.9731     -1.728     0.3220    -0.7331 -9.990e-29
 244.621262     -1.745   0.537404    15.5473    -1.9730     -1.730     0.3213    -0.7345 -9.990e-29
 244.621267     -1.750   0.535931    15.5544    -1.9730     -1.735     0.3204    -0.7364 -9.990e-29
 244.621273     -1.752   0.534746    15.5610    -1.9730     -1.737     0.3196    -0.7381 -9.990e-29
 244.621279     -1.747   0.533377    15.5669    -1.9732     -1.732     0.3187    -0.7397 -9.990e-29
 244.621285     -1.741   0.531107    15.5749    -1.9731     -1.726     0.3172    -0.7421 -9.990e-29
 244.621291     -1.735   0.528229    15.5853    -1.9728     -1.721     0.3154    -0.7452 -9.990e-29
 244.621296     -1.730   0.525337    15.5950    -1.9725     -1.716     0.3135    -0.7481 -9.990e-29
 244.621302     -1.726   0.523003    15.6026    -1.9722     -1.712     0.3120    -0.7505 -9.990e-29
 244.621308     -1.723   0.521439    15.6083    -1.9720     -1.709     0.3110    -0.7522 -9.990e-29
 244.621314     -1.720   0.520218    15.6115    -1.9723     -1.706     0.3103    -0.7533 -9.990e-29
 244.621319     -1.717   0.519374    15.6124    -1.9724     -1.703     0.3097    -0.7538 -9.990e-29
 244.621325     -1.714   0.519440    15.6119    -1.9725     -1.700     0.3098    -0.7537 -9.990e-29
 244.621331     -1.710   0.520507    15.6113    -1.9725     -1.696     0.3104    -0.7531 -9.990e-29
 244.621337     -1.706   0.522336    15.6129    -1.9724     -1.692     0.3116    -0.7525 -9.990e-29
