data/oxygen options/OCNMS/OCNMS1/raw_data/2011/CAST_MB042_072011faed.cnv
* Sea-Bird SBE19 Data File:
* FileName = F:\Cast_MB042_072011.hex
* Software Version 1.59
* Temperature SN = 2997
* Conductivity SN = 2997
* System UpLoad Time = Jul 21 2011 00:28:27
* ds
* SEACAT PROFILER V3.1c SN 2997   07/20/11  17:27:13.967
# nquan = 9                                 
# nvalues = 6889                        
# units = specified
# name 0 = timeJ: Julian Days
# name 1 = prSM: Pressure, Strain Gauge [db]
# name 2 = c0mS/cm: Conductivity [mS/cm]
# name 3 = t090C: Temperature [ITS-90, deg C]
# name 4 = sbeox0ML/L: Oxygen, SBE 43 [ml/l]
# name 5 = depSM: Depth [salt water, m], lat = 47.5
# name 6 = sal00: Salinity, Practical [PSU]
# name 7 = sigma-é00: Density [sigma-theta, kg/m^3]
# name 8 = flag: flag
# span 0 = 201.526887, 201.566748       
# span 1 =     -6.000,     40.534       
# span 2 =   0.034703,  38.225769       
# span 3 =     7.2856,    18.1893       
# span 4 =   -15.3333,    16.8768       
# span 5 =     -5.950,     40.192       
# span 6 =     0.0238,    33.7866       
# span 7 =    -1.4140,    26.4224       
# span 8 = 0.0000e+00, 0.0000e+00       
# interval = seconds: 0.5
# start_time = Jul 20 2011 12:38:43 [Instrument's time stamp, header]
# bad_flag = -9.990e-29
*END*
[from data line 4801]
 201.554670      0.593   0.238358    14.8609    -2.0056      0.588     0.1425    -0.7675 -9.990e-29
 201.554676      0.582   0.238347    14.8680    -2.0053      0.577     0.1424    -0.7686 -9.990e-29
 201.554682      0.575   0.238721    14.8718    -2.0050      0.570     0.1426    -0.7690 -9.990e-29
 201.554688      0.578   0.238873    14.8738    -2.0049      0.573     0.1427    -0.7692 -9.990e-29
 201.554693      0.585   0.238637    14.8748    -2.0048      0.580     0.1426    -0.7695 -9.990e-29
 201.554699      0.588   0.238253    14.8751    -2.0046      0.583     0.1423    -0.7697 -9.990e-29
 201.554705      0.588   0.237944    14.8746    -2.0045      0.583     0.1422    -0.7698 -9.990e-29
 201.554711      0.589   0.237853    14.8732    -2.0047      0.584     0.1421    -0.7696 -9.990e-29
 201.554716      0.587   0.238041    14.8729    -2.0049      0.582     0.1422    -0.7695 -9.990e-29
 201.554722      0.581   0.238207    14.8754    -2.0048      0.576     0.1423    -0.7698 -9.990e-29
 201.554728      0.576   0.238016    14.8801    -2.0047      0.571     0.1422    -0.7706 -9.990e-29
 201.554734      0.571   0.237768    14.8852    -2.0048      0.566     0.1420    -0.7715 -9.990e-29
 201.554740      0.571   0.237686    14.8894    -2.0047      0.566     0.1420    -0.7721 -9.990e-29
 201.554745      0.574   0.237659    14.8927    -2.0046      0.569     0.1419    -0.7726 -9.990e-29
 201.554751      0.574   0.237650    14.8951    -2.0046      0.569     0.1419    -0.7730 -9.990e-29
 201.554757      0.569   0.237647    14.8957    -2.0045      0.564     0.1419    -0.7731 -9.990e-29
 201.554763      0.568   0.237647    14.8941    -2.0045      0.563     0.1419    -0.7729 -9.990e-29
 201.554769      0.572   0.237647    14.8921    -2.0045      0.567     0.1419    -0.7726 -9.990e-29
 201.554774      0.575   0.237647    14.8919    -2.0048      0.570     0.1419    -0.7725 -9.990e-29
 201.554780      0.583   0.237647    14.8929    -2.0049      0.578     0.1419    -0.7727 -9.990e-29
 201.554786      0.595   0.237648    14.8938    -2.0051      0.590     0.1419    -0.7728 -9.990e-29
 201.554792      0.605   0.237648    14.8949    -2.0051      0.600     0.1419    -0.7730 -9.990e-29
 201.554797      0.608   0.237649    14.8962    -2.0052      0.603     0.1419    -0.7732 -9.990e-29
 201.554803      0.609   0.237649    14.8975    -2.0052      0.604     0.1419    -0.7734 -9.990e-29
 201.554809      0.613   0.237649    14.8983    -2.0050      0.608     0.1419    -0.7735 -9.990e-29
 201.554815      0.619   0.237650    14.8982    -2.0051      0.614     0.1419    -0.7735 -9.990e-29
 201.554821      0.628   0.237650    14.8968    -2.0050      0.623     0.1419    -0.7733 -9.990e-29
 201.554826      0.637   0.237650    14.8940    -2.0058      0.632     0.1419    -0.7728 -9.990e-29
 201.554832      0.641   0.237649    14.8907    -2.0064      0.636     0.1419    -0.7723 -9.990e-29
 201.554838      0.640   0.237644    14.8880    -2.0069      0.635     0.1419    -0.7719 -9.990e-29
 201.554844      0.636   0.237631    14.8859    -2.0074      0.631     0.1419    -0.7716 -9.990e-29
 201.554850      0.627   0.237591    14.8844    -2.0075      0.622     0.1419    -0.7714 -9.990e-29
 201.554855      0.617   0.237468    14.8844    -2.0080      0.612     0.1418    -0.7715 -9.990e-29
 201.554861      0.610   0.237100    14.8845    -2.0085      0.605     0.1416    -0.7717 -9.990e-29
 201.554867      0.601   0.236547    14.8829    -2.0089      0.596     0.1413    -0.7717 -9.990e-29
 201.554873      0.590   0.236178    14.8775    -2.0094      0.585     0.1411    -0.7710 -9.990e-29
 201.554878      0.585   0.236056    14.8670    -2.0096      0.580     0.1410    -0.7695 -9.990e-29
 201.554884      0.584   0.236015    14.8542    -2.0098      0.579     0.1411    -0.7676 -9.990e-29
 201.554890      0.584   0.236001    14.8425    -2.0099      0.579     0.1411    -0.7658 -9.990e-29
 201.554896      0.589   0.235997    14.8328    -2.0101      0.584     0.1411    -0.7643 -9.990e-29
 201.554902      0.599   0.235996    14.8243    -2.0103      0.594     0.1411    -0.7630 -9.990e-29
 201.554907      0.607   0.235996    14.8146    -2.0106      0.602     0.1412    -0.7616 -9.990e-29
 201.554913      0.608   0.235996    14.8039    -2.0105      0.603     0.1412    -0.7599 -9.990e-29
 201.554919      0.607   0.235997    14.7937    -2.0103      0.602     0.1412    -0.7584 -9.990e-29
 201.554925      0.609   0.235997    14.7847    -2.0100      0.604     0.1413    -0.7570 -9.990e-29
 201.554931      0.609   0.235998    14.7776    -2.0097      0.604     0.1413    -0.7560 -9.990e-29
 201.554936      0.606   0.235998    14.7722    -2.0092      0.601     0.1413    -0.7551 -9.990e-29
 201.554942      0.606   0.235998    14.7676    -2.0088      0.601     0.1413    -0.7544 -9.990e-29
 201.554948      0.608   0.235999    14.7634    -2.0086      0.603     0.1413    -0.7538 -9.990e-29
 201.554954      0.616   0.235999    14.7597    -2.0085      0.611     0.1414    -0.7533 -9.990e-29
 201.554959      0.632   0.236000    14.7577    -2.0089      0.627     0.1414    -0.7530 -9.990e-29
 201.554965      0.647   0.236000    14.7587    -2.0088      0.642     0.1414    -0.7531 -9.990e-29
 201.554971      0.658   0.236000    14.7625    -2.0092      0.653     0.1413    -0.7537 -9.990e-29
 201.554977      0.666   0.236001    14.7684    -2.0092      0.660     0.1413    -0.7546 -9.990e-29
 201.554983      0.672   0.236001    14.7762    -2.0091      0.666     0.1413    -0.7557 -9.990e-29
 201.554988      0.675   0.236001    14.7850    -2.0093      0.669     0.1413    -0.7571 -9.990e-29
 201.554994      0.676   0.236001    14.7926    -2.0095      0.670     0.1413    -0.7582 -9.990e-29
 201.555000      0.675   0.236000    14.7972    -2.0094      0.669     0.1412    -0.7589 -9.990e-29
 201.555006      0.673   0.235996    14.7979    -2.0093      0.667     0.1412    -0.7590 -9.990e-29
 201.555012      0.668   0.235983    14.7957    -2.0099      0.662     0.1412    -0.7587 -9.990e-29
 201.555017      0.660   0.235942    14.7926    -2.0098      0.654     0.1412    -0.7582 -9.990e-29
 201.555023      0.654   0.235820    14.7897    -2.0096      0.649     0.1412    -0.7579 -9.990e-29
 201.555029      0.653   0.235451    14.7879    -2.0095      0.648     0.1409    -0.7578 -9.990e-29
 201.555035      0.653   0.234898    14.7865    -2.0095      0.648     0.1406    -0.7578 -9.990e-29
 201.555041      0.649   0.234529    14.7842    -2.0093      0.644     0.1404    -0.7576 -9.990e-29
 201.555046      0.642   0.234407    14.7819    -2.0092      0.637     0.1403    -0.7574 -9.990e-29
 201.555052      0.631   0.234366    14.7804    -2.0090      0.626     0.1403    -0.7571 -9.990e-29
 201.555058      0.619   0.234352    14.7782    -2.0090      0.614     0.1403    -0.7568 -9.990e-29
 201.555064      0.614   0.234348    14.7751    -2.0091      0.609     0.1403    -0.7564 -9.990e-29
 201.555069      0.616   0.234347    14.7744    -2.0093      0.611     0.1403    -0.7562 -9.990e-29
 201.555075      0.617   0.234347    14.7763    -2.0092      0.612     0.1403    -0.7565 -9.990e-29
 201.555081      0.612   0.234348    14.7785    -2.0094      0.607     0.1403    -0.7569 -9.990e-29
 201.555087      0.605   0.234348    14.7806    -2.0095      0.600     0.1403    -0.7572 -9.990e-29
 201.555093      0.600   0.234348    14.7833    -2.0097      0.595     0.1403    -0.7576 -9.990e-29
 201.555098      0.597   0.234349    14.7866    -2.0099      0.592     0.1403    -0.7581 -9.990e-29
 201.555104      0.596   0.234349    14.7891    -2.0099      0.591     0.1403    -0.7585 -9.990e-29
 201.555110      0.592   0.234350    14.7891    -2.0096      0.587     0.1403    -0.7585 -9.990e-29
 201.555116      0.584   0.234350    14.7873    -2.0098      0.579     0.1403    -0.7582 -9.990e-29
 201.555122      0.582   0.234350    14.7853    -2.0100      0.577     0.1403    -0.7579 -9.990e-29
 201.555127      0.585   0.234351    14.7835    -2.0097      0.580     0.1403    -0.7576 -9.990e-29
 201.555133      0.588   0.234351    14.7811    -2.0097      0.583     0.1403    -0.7573 -9.990e-29
 201.555139      0.593   0.234350    14.7779    -2.0093      0.588     0.1403    -0.7568 -9.990e-29
 201.555145      0.594   0.234347    14.7743    -2.0092      0.589     0.1403    -0.7562 -9.990e-29
 201.555150      0.593   0.234337    14.7717    -2.0091      0.588     0.1403    -0.7558 -9.990e-29
 201.555156      0.597   0.234305    14.7717    -2.0092      0.592     0.1403    -0.7559 -9.990e-29
 201.555162      0.607   0.234210    14.7728    -2.0094      0.602     0.1402    -0.7561 -9.990e-29
 201.555168      0.615   0.233923    14.7724    -2.0095      0.610     0.1401    -0.7561 -9.990e-29
 201.555174      0.617   0.233616    14.7718    -2.0097      0.612     0.1399    -0.7562 -9.990e-29
 201.555179      0.613   0.233432    14.7733    -2.0099      0.608     0.1398    -0.7565 -9.990e-29
 201.555185      0.607   0.233125    14.7768    -2.0101      0.602     0.1396    -0.7572 -9.990e-29
 201.555191      0.604   0.232839    14.7813    -2.0099      0.599     0.1394    -0.7580 -9.990e-29
 201.555197      0.603   0.232743    14.7849    -2.0104      0.598     0.1393    -0.7586 -9.990e-29
 201.555203      0.604   0.232711    14.7863    -2.0107      0.599     0.1393    -0.7588 -9.990e-29
 201.555208      0.602   0.232701    14.7849    -2.0105      0.597     0.1393    -0.7586 -9.990e-29
 201.555214      0.594   0.232698    14.7814    -2.0105      0.589     0.1393    -0.7581 -9.990e-29
 201.555220      0.583   0.232697    14.7774    -2.0102      0.578     0.1393    -0.7575 -9.990e-29
 201.555226      0.577   0.232697    14.7736    -2.0100      0.572     0.1393    -0.7569 -9.990e-29
 201.555231      0.580   0.232698    14.7701    -2.0097      0.575     0.1393    -0.7564 -9.990e-29
 201.555237      0.587   0.232698    14.7672    -2.0094      0.582     0.1393    -0.7559 -9.990e-29
 201.555243      0.591   0.232699    14.7639    -2.0093      0.586     0.1394    -0.7554 -9.990e-29
 201.555249      0.592   0.232699    14.7593    -2.0096      0.587     0.1394    -0.7547 -9.990e-29
 201.555255      0.594   0.232699    14.7557    -2.0099      0.589     0.1394    -0.7542 -9.990e-29
 201.555260      0.594   0.232700    14.7555    -2.0097      0.589     0.1394    -0.7542 -9.990e-29
 201.555266      0.590   0.232700    14.7579    -2.0097      0.585     0.1394    -0.7545 -9.990e-29
 201.555272      0.588   0.232701    14.7620    -2.0096      0.583     0.1394    -0.7551 -9.990e-29
 201.555278      0.586   0.232701    14.7674    -2.0098      0.581     0.1393    -0.7560 -9.990e-29
 201.555284      0.586   0.232701    14.7732    -2.0098      0.581     0.1393    -0.7568 -9.990e-29
 201.555289      0.586   0.232701    14.7781    -2.0093      0.581     0.1393    -0.7576 -9.990e-29
 201.555295      0.591   0.232701    14.7797    -2.0085      0.586     0.1393    -0.7578 -9.990e-29
 201.555301      0.602   0.232700    14.7774    -2.0086      0.597     0.1393    -0.7575 -9.990e-29
 201.555307      0.611   0.232696    14.7745    -2.0088      0.606     0.1393    -0.7570 -9.990e-29
 201.555313      0.613   0.232683    14.7741    -2.0085      0.608     0.1393    -0.7570 -9.990e-29
 201.555318      0.613   0.232642    14.7752    -2.0083      0.608     0.1393    -0.7572 -9.990e-29
 201.555324      0.617   0.232520    14.7757    -2.0081      0.612     0.1392    -0.7573 -9.990e-29
 201.555330      0.618   0.232151    14.7758    -2.0080      0.613     0.1390    -0.7575 -9.990e-29
 201.555336      0.614   0.231598    14.7787    -2.0078      0.609     0.1386    -0.7582 -9.990e-29
 201.555341      0.609   0.231230    14.7864    -2.0076      0.604     0.1384    -0.7595 -9.990e-29
 201.555347      0.606   0.231107    14.7949    -2.0074      0.601     0.1383    -0.7609 -9.990e-29
 201.555353      0.605   0.231066    14.7994    -2.0072      0.600     0.1383    -0.7616 -9.990e-29
 201.555359      0.605   0.231053    14.8013    -2.0071      0.600     0.1382    -0.7619 -9.990e-29
 201.555365      0.604   0.231049    14.8044    -2.0070      0.599     0.1382    -0.7623 -9.990e-29
 201.555370      0.601   0.231047    14.8086    -2.0069      0.596     0.1382    -0.7630 -9.990e-29
 201.555376      0.599   0.231047    14.8126    -2.0067      0.594     0.1382    -0.7636 -9.990e-29
 201.555382      0.594   0.231048    14.8162    -2.0066      0.589     0.1382    -0.7641 -9.990e-29
 201.555388      0.583   0.231048    14.8200    -2.0063      0.578     0.1382    -0.7647 -9.990e-29
 201.555394      0.568   0.231048    14.8242    -2.0061      0.563     0.1382    -0.7653 -9.990e-29
 201.555399      0.557   0.231048    14.8287    -2.0061      0.552     0.1382    -0.7660 -9.990e-29
 201.555405      0.553   0.231048    14.8329    -2.0059      0.548     0.1381    -0.7666 -9.990e-29
 201.555411      0.557   0.231048    14.8368    -2.0058      0.552     0.1381    -0.7672 -9.990e-29
 201.555417      0.568   0.231048    14.8405    -2.0059      0.563     0.1381    -0.7678 -9.990e-29
 201.555422      0.583   0.231048    14.8441    -2.0058      0.578     0.1381    -0.7683 -9.990e-29
 201.555428      0.595   0.231047    14.8479    -2.0057      0.590     0.1381    -0.7689 -9.990e-29
 201.555434      0.599   0.231046    14.8520    -2.0054      0.594     0.1381    -0.7695 -9.990e-29
 201.555440      0.597   0.231045    14.8563    -2.0055      0.592     0.1381    -0.7702 -9.990e-29
 201.555446      0.592   0.231040    14.8602    -2.0052      0.587     0.1380    -0.7708 -9.990e-29
 201.555451      0.592   0.231026    14.8632    -2.0049      0.587     0.1380    -0.7713 -9.990e-29
 201.555457      0.598   0.230985    14.8658    -2.0044      0.593     0.1380    -0.7717 -9.990e-29
 201.555463      0.601   0.230862    14.8677    -2.0042      0.596     0.1379    -0.7720 -9.990e-29
 201.555469      0.602   0.230493    14.8689    -2.0042      0.597     0.1377    -0.7724 -9.990e-29
 201.555475      0.604   0.229940    14.8704    -2.0041      0.599     0.1374    -0.7729 -9.990e-29
 201.555480      0.605   0.229573    14.8730    -2.0039      0.600     0.1371    -0.7734 -9.990e-29
 201.555486      0.599   0.229454    14.8763    -2.0040      0.594     0.1370    -0.7740 -9.990e-29
 201.555492      0.590   0.229425    14.8801    -2.0041      0.585     0.1370    -0.7746 -9.990e-29
 201.555498      0.583   0.229448    14.8852    -2.0035      0.578     0.1370    -0.7753 -9.990e-29
 201.555503      0.576   0.229552    14.8921    -2.0033      0.571     0.1371    -0.7763 -9.990e-29
 201.555509      0.573   0.229878    14.8998    -2.0033      0.568     0.1372    -0.7774 -9.990e-29
 201.555515      0.579   0.230308    14.9059    -2.0031      0.574     0.1375    -0.7781 -9.990e-29
 201.555521      0.590   0.230308    14.9093    -2.0031      0.585     0.1375    -0.7786 -9.990e-29
 201.555527      0.598   0.229877    14.9114    -2.0030      0.593     0.1372    -0.7791 -9.990e-29
 201.555532      0.598   0.229549    14.9132    -2.0034      0.593     0.1370    -0.7796 -9.990e-29
 201.555538      0.596   0.229439    14.9146    -2.0038      0.591     0.1369    -0.7798 -9.990e-29
 201.555544      0.600   0.229403    14.9178    -2.0038      0.595     0.1369    -0.7803 -9.990e-29
 201.555550      0.610   0.229391    14.9236    -2.0040      0.605     0.1369    -0.7812 -9.990e-29
 201.555556      0.618   0.229387    14.9288    -2.0043      0.613     0.1368    -0.7820 -9.990e-29
 201.555561      0.620   0.229385    14.9318    -2.0047      0.615     0.1368    -0.7825 -9.990e-29
 201.555567      0.617   0.229384    14.9335    -2.0051      0.612     0.1368    -0.7827 -9.990e-29
 201.555573      0.612   0.229384    14.9340    -2.0050      0.607     0.1368    -0.7828 -9.990e-29
 201.555579      0.610   0.229384    14.9320    -2.0047      0.605     0.1368    -0.7825 -9.990e-29
 201.555584      0.610   0.229384    14.9270    -2.0045      0.605     0.1368    -0.7817 -9.990e-29
