data/oxygen options/OCNMS/OCNMS1/raw_data/2011/CAST_KL027_100611faedb.cnv
* Sea-Bird SBE19 Data File:
* FileName = C:\Documents and Settings\OCNMS\Desktop\2011 mooring data\4th service\CAST_KL027_100611.hex
* Software Version 1.24
* Temperature SN = 2997
* Conductivity SN = 2997
* System UpLoad Time = Oct 06 2011 18:32:32
** CAST_KL027_100611
* SEACAT PROFILER V3.1c SN 2997   10/06/11  18:32:06.786
# nquan = 9
# nvalues = 27                          
# units = specified
# name 0 = timeJ: Julian Days
# name 1 = prSM: Pressure, Strain Gauge [db]
# name 2 = c0mS/cm: Conductivity [mS/cm]
# name 3 = t090C: Temperature [ITS-90, deg C]
# name 4 = sbeox0ML/L: Oxygen, SBE 43 [ml/l]
# name 5 = depSM: Depth [salt water, m], lat = 47.5
# name 6 = sal00: Salinity, Practical [PSU]
# name 7 = sigma-é00: Density [sigma-theta, kg/m^3]
# name 8 = flag: flag
# span 0 = 279.649081, 279.649634       
# span 1 =      1.000,     27.000       
# span 2 =  36.942128,  37.986335       
# span 3 =    14.0463,    14.1896       
# span 4 =     5.5798,     5.9405       
# span 5 =      0.992,     26.773       
# span 6 =    30.2363,    31.2948       
# span 7 =    22.4706,    23.3169       
# span 8 = 0.0000e+00, 0.0000e+00       
# interval = decibars: 1                
# start_time = Oct 06 2011 15:29:41 [Instrument's time stamp, header]
# bad_flag = -9.990e-29
*END*
 279.649081      1.000  36.942217    14.1887     5.8668      0.992    30.2374    22.4717 0.0000e+00
 279.649116      2.000  36.942128    14.1896     5.9328      1.983    30.2363    22.4706 0.0000e+00
 279.649142      3.000  36.943010    14.1882     5.9405      2.975    30.2378    22.4721 0.0000e+00
 279.649168      4.000  36.947465    14.1886     5.9304      3.966    30.2412    22.4747 0.0000e+00
 279.649192      5.000  36.956238    14.1877     5.9300      4.958    30.2495    22.4813 0.0000e+00
 279.649217      6.000  36.961082    14.1875     5.8869      5.950    30.2537    22.4846 0.0000e+00
 279.649240      7.000  36.971808    14.1836     5.8848      6.941    30.2661    22.4950 0.0000e+00
 279.649263      8.000  36.980190    14.1812     5.8479      7.933    30.2752    22.5025 0.0000e+00
 279.649286      9.000  36.989623    14.1735     5.8170      8.925    30.2896    22.5152 0.0000e+00
 279.649306     10.000  37.004200    14.1633     5.8008      9.916    30.3104    22.5334 0.0000e+00
 279.649326     11.000  37.012310    14.1559     5.8077     10.908    30.3233    22.5448 0.0000e+00
 279.649350     12.000  37.015013    14.1541     5.8379     11.900    30.3268    22.5479 0.0000e+00
 279.649374     13.000  37.016702    14.1424     5.7382     12.891    30.3371    22.5582 0.0000e+00
 279.649392     14.000  37.023523    14.1234     5.7868     13.883    30.3579    22.5782 0.0000e+00
 279.649411     15.000  37.026461    14.1158     5.8073     14.874    30.3662    22.5861 0.0000e+00
 279.649432     16.000  37.034280    14.1018     5.7920     15.866    30.3840    22.6027 0.0000e+00
 279.649452     17.000  37.073585    14.0752     5.8074     16.857    30.4405    22.6517 0.0000e+00
 279.649472     18.000  37.139168    14.0532     5.7704     17.849    30.5174    22.7155 0.0000e+00
 279.649489     19.000  37.175906    14.0493     5.7541     18.841    30.5537    22.7443 0.0000e+00
 279.649504     20.000  37.205149    14.0532     5.7424     19.832    30.5769    22.7615 0.0000e+00
 279.649521     21.000  37.219167    14.0562     5.7055     20.824    30.5869    22.7686 0.0000e+00
 279.649537     22.000  37.293596    14.0640     5.6857     21.815    30.6484    22.8145 0.0000e+00
 279.649554     23.000  37.577673    14.0761     5.6658     22.807    30.8980    23.0046 0.0000e+00
 279.649572     24.000  37.785246    14.0770     5.6463     23.798    31.0869    23.1501 0.0000e+00
 279.649591     25.000  37.907880    14.0660     5.6041     24.790    31.2076    23.2455 0.0000e+00
 279.649611     26.000  37.978435    14.0554     5.5798     25.781    31.2805    23.3040 0.0000e+00
 279.649634     27.000  37.986335    14.0463     5.6010     26.773    31.2948    23.3169 0.0000e+00
