data/oxygen options/OCNMS/OCNMS1/raw_data/2011/CAST_CE015_082411faed.cnv
* Sea-Bird SBE19 Data File:
* FileName = C:\Documents and Settings\OCNMS\Desktop\2011 mooring data\3rd service\CAST_CE015_082411.hex
* Software Version 1.24
* Temperature SN = 2997
* Conductivity SN = 2997
* System UpLoad Time = Aug 24 2011 15:04:16
** CAST_CE015_082411
* SEACAT PROFILER V3.1c SN 2997   08/24/11  15:03:42.793
# nquan = 9                                 
# nvalues = 693                         
# units = specified
# name 0 = timeJ: Julian Days
# name 1 = prSM: Pressure, Strain Gauge [db]
# name 2 = c0mS/cm: Conductivity [mS/cm]
# name 3 = t090C: Temperature [ITS-90, deg C]
# name 4 = sbeox0ML/L: Oxygen, SBE 43 [ml/l]
# name 5 = depSM: Depth [salt water, m], lat = 47.5
# name 6 = sal00: Salinity, Practical [PSU]
# name 7 = sigma-é00: Density [sigma-theta, kg/m^3]
# name 8 = flag: flag
# span 0 = 236.553576, 236.557581       
# span 1 =     -5.723,     16.040       
# span 2 =   0.324221,  38.942745       
# span 3 =    11.4895,    18.3548       
# span 4 =    -1.9130,    19.5892       
# span 5 =     -5.675,     15.906       
# span 6 =     0.1807,    32.9408       
# span 7 =    -1.3275,    25.0418       
# span 8 = 0.0000e+00, 0.0000e+00       
# interval = seconds: 0.5
# start_time = Aug 24 2011 13:17:09 [Instrument's time stamp, header]
# bad_flag = -9.990e-29
*END*
 236.553576     -5.723 -9.990e-29    18.3055    -1.8707     -5.675 -9.990e-29 -9.990e-29 -9.990e-29
 236.553582     -5.712   0.337432    18.3089    -1.8706     -5.664     0.1872    -1.3170 -9.990e-29
 236.553588     -5.698   0.336877    18.3126    -1.8705     -5.651     0.1869    -1.3180 -9.990e-29
 236.553594     -5.679   0.336504    18.3152    -1.8706     -5.632     0.1867    -1.3187 -9.990e-29
 236.553600     -5.656   0.336368    18.3173    -1.8707     -5.609     0.1866    -1.3191 -9.990e-29
 236.553605     -5.625   0.336287    18.3202    -1.8704     -5.578     0.1865    -1.3197 -9.990e-29
 236.553611     -5.590   0.336153    18.3246    -1.8703     -5.543     0.1864    -1.3206 -9.990e-29
 236.553617     -5.557   0.335788    18.3305    -1.8703     -5.511     0.1862    -1.3219 -9.990e-29
 236.553623     -5.528   0.335259    18.3370    -1.8705     -5.482     0.1859    -1.3234 -9.990e-29
 236.553628     -5.502   0.334967    18.3424    -1.8705     -5.456     0.1857    -1.3245 -9.990e-29
 236.553634     -5.475   0.335078    18.3459    -1.8708     -5.429     0.1857    -1.3252 -9.990e-29
 236.553640     -5.448   0.335183    18.3473    -1.8708     -5.403     0.1858    -1.3254 -9.990e-29
 236.553646     -5.418   0.334871    18.3475    -1.8711     -5.373     0.1856    -1.3256 -9.990e-29
 236.553652     -5.383   0.334277    18.3490    -1.8712     -5.338     0.1853    -1.3261 -9.990e-29
 236.553657     -5.341   0.333717    18.3523    -1.8712     -5.296     0.1849    -1.3270 -9.990e-29
 236.553663     -5.294   0.333553    18.3547    -1.8712     -5.250     0.1848    -1.3275 -9.990e-29
 236.553669     -5.247   0.333564    18.3548    -1.8718     -5.203     0.1848    -1.3275 -9.990e-29
 236.553675     -5.202   0.333212    18.3534    -1.8725     -5.159     0.1847    -1.3274 -9.990e-29
 236.553681     -5.159   0.332581    18.3508    -1.8732     -5.116     0.1843    -1.3272 -9.990e-29
 236.553686     -5.121   0.331936    18.3473    -1.8740     -5.078     0.1840    -1.3268 -9.990e-29
 236.553692     -5.086   0.331525    18.3432    -1.8747     -5.044     0.1838    -1.3262 -9.990e-29
 236.553698     -5.050   0.331351    18.3389    -1.8758     -5.008     0.1837    -1.3254 -9.990e-29
 236.553704     -5.011   0.331182    18.3353    -1.8768     -4.969     0.1836    -1.3248 -9.990e-29
 236.553709     -4.972   0.330793    18.3324    -1.8775     -4.931     0.1834    -1.3244 -9.990e-29
 236.553715     -4.934   0.330220    18.3268    -1.8781     -4.893     0.1831    -1.3236 -9.990e-29
 236.553721     -4.895   0.329804    18.3149    -1.8784     -4.854     0.1829    -1.3215 -9.990e-29
 236.553727     -4.856   0.329544    18.2977    -1.8782     -4.816     0.1828    -1.3183 -9.990e-29
 236.553733     -4.824   0.329095    18.2778    -1.8782     -4.784     0.1827    -1.3147 -9.990e-29
 236.553738     -4.797   0.328409    18.2569    -1.8780     -4.757     0.1824    -1.3110 -9.990e-29
 236.553744     -4.768   0.327681    18.2344    -1.8778     -4.728     0.1820    -1.3070 -9.990e-29
 236.553750     -4.740   0.327046    18.2097    -1.8781     -4.700     0.1818    -1.3025 -9.990e-29
 236.553756     -4.716   0.326763    18.1858    -1.8784     -4.677     0.1817    -1.2981 -9.990e-29
 236.553762     -4.693   0.327008    18.1658    -1.8783     -4.654     0.1819    -1.2942 -9.990e-29
 236.553767     -4.672   0.327555    18.1509    -1.8783     -4.633     0.1823    -1.2911 -9.990e-29
 236.553773     -4.649   0.328025    18.1429    -1.8793     -4.610     0.1826    -1.2894 -9.990e-29
 236.553779     -4.625   0.328493    18.1412    -1.8804     -4.586     0.1829    -1.2889 -9.990e-29
 236.553785     -4.596   0.329030    18.1431    -1.8812     -4.558     0.1832    -1.2890 -9.990e-29
 236.553791     -4.562   0.329244    18.1466    -1.8824     -4.524     0.1833    -1.2896 -9.990e-29
 236.553796     -4.525   0.328864    18.1483    -1.8834     -4.487     0.1830    -1.2901 -9.990e-29
 236.553802     -4.490   0.327940    18.1457    -1.8839     -4.453     0.1825    -1.2900 -9.990e-29
 236.553808     -4.460   0.326900    18.1412    -1.8842     -4.423     0.1820    -1.2896 -9.990e-29
 236.553814     -4.433   0.326017    18.1365    -1.8842     -4.396     0.1815    -1.2890 -9.990e-29
 236.553819     -4.408   0.325219    18.1274    -1.8839     -4.371     0.1811    -1.2877 -9.990e-29
 236.553825     -4.382   0.324549    18.1091    -1.8839     -4.345     0.1808    -1.2845 -9.990e-29
 236.553831     -4.354   0.324221    18.0844    -1.8843     -4.318     0.1807    -1.2799 -9.990e-29
 236.553837     -4.326   0.324906    18.0573    -1.8850     -4.290     0.1812    -1.2745 -9.990e-29
 236.553843     -4.305   0.327516    18.0296    -1.8859     -4.269     0.1828    -1.2682 -9.990e-29
 236.553848     -4.291   0.332210    18.0051    -1.8867     -4.255     0.1855    -1.2615 -9.990e-29
 236.553854     -4.273   0.338606    17.9875    -1.8873     -4.237     0.1892    -1.2554 -9.990e-29
 236.553860     -4.250   0.346929    17.9771    -1.8872     -4.215     0.1940    -1.2498 -9.990e-29
 236.553866     -4.225   0.357208    17.9728    -1.8870     -4.190     0.1998    -1.2445 -9.990e-29
 236.553872     -4.197   0.368757    17.9709    -1.8865     -4.162     0.2064    -1.2391 -9.990e-29
 236.553877     -4.168   0.380924    17.9654    -1.8857     -4.133     0.2134    -1.2327 -9.990e-29
 236.553883     -4.140   0.393326    17.9532    -1.8849     -4.105     0.2205    -1.2250 -9.990e-29
 236.553889     -4.112   0.405895    17.9348    -1.8845     -4.078     0.2278    -1.2160 -9.990e-29
 236.553895     -4.082   0.418232    17.9133    -1.8845     -4.048     0.2350    -1.2065 -9.990e-29
 236.553900     -4.053   0.430183    17.8930    -1.8844     -4.019     0.2420    -1.1974 -9.990e-29
 236.553906     -4.030   0.442739    17.8788    -1.8843     -3.996     0.2493    -1.1892 -9.990e-29
 236.553912     -4.013   0.456588    17.8741    -1.8848     -3.980     0.2573    -1.1821 -9.990e-29
 236.553918     -3.992   0.470821    17.8785    -1.8856     -3.959     0.2655    -1.1767 -9.990e-29
 236.553924     -3.966   0.483383    17.8903    -1.8864     -3.933     0.2727    -1.1733 -9.990e-29
 236.553929     -3.940   0.492205    17.9072    -1.8869     -3.907     0.2777    -1.1726 -9.990e-29
 236.553935     -3.920   0.496319    17.9238    -1.8873     -3.887     0.2799    -1.1739 -9.990e-29
 236.553941     -3.902   0.496782    17.9348    -1.8872     -3.869     0.2801    -1.1758 -9.990e-29
 236.553947     -3.885   0.495870    17.9398    -1.8869     -3.853     0.2796    -1.1771 -9.990e-29
 236.553953     -3.870   0.494583    17.9412    -1.8869     -3.838     0.2788    -1.1780 -9.990e-29
 236.553958     -3.854   0.492866    17.9378    -1.8869     -3.822     0.2778    -1.1781 -9.990e-29
 236.553964     -3.836   0.491750    17.9274    -1.8871     -3.804     0.2773    -1.1766 -9.990e-29
 236.553970     -3.816   0.491963    17.9118    -1.8869     -3.784     0.2775    -1.1736 -9.990e-29
 236.553976     -3.793   0.492128    17.8958    -1.8865     -3.761     0.2777    -1.1704 -9.990e-29
 236.553981     -3.768   0.490802    17.8831    -1.8864     -3.737     0.2770    -1.1686 -9.990e-29
 236.553987     -3.746   0.488433    17.8758    -1.8865     -3.715     0.2757    -1.1683 -9.990e-29
 236.553993     -3.723   0.486844    17.8741    -1.8869     -3.692     0.2748    -1.1687 -9.990e-29
 236.553999     -3.704   0.487237    17.8756    -1.8872     -3.673     0.2750    -1.1688 -9.990e-29
 236.554005     -3.687   0.489030    17.8771    -1.8877     -3.656     0.2760    -1.1683 -9.990e-29
 236.554010     -3.666   0.490185    17.8775    -1.8885     -3.635     0.2767    -1.1678 -9.990e-29
 236.554016     -3.645   0.488921    17.8783    -1.8890     -3.615     0.2759    -1.1686 -9.990e-29
 236.554022     -3.626   0.486321    17.8814    -1.8894     -3.596     0.2744    -1.1703 -9.990e-29
 236.554028     -3.609   0.485006    17.8856    -1.8890     -3.579     0.2736    -1.1717 -9.990e-29
 236.554034     -3.592   0.485438    17.8873    -1.8883     -3.562     0.2739    -1.1718 -9.990e-29
 236.554039     -3.574   0.485977    17.8844    -1.8875     -3.544     0.2742    -1.1710 -9.990e-29
 236.554045     -3.554   0.485684    17.8771    -1.8868     -3.524     0.2741    -1.1698 -9.990e-29
 236.554051     -3.530   0.485274    17.8666    -1.8864     -3.501     0.2739    -1.1680 -9.990e-29
 236.554057     -3.506   0.485859    17.8531    -1.8864     -3.477     0.2743    -1.1652 -9.990e-29
 236.554062     -3.485   0.487666    17.8383    -1.8860     -3.456     0.2755    -1.1616 -9.990e-29
 236.554068     -3.464   0.489784    17.8264    -1.8857     -3.435     0.2768    -1.1584 -9.990e-29
 236.554074     -3.443   0.491164    17.8221    -1.8850     -3.414     0.2776    -1.1570 -9.990e-29
 236.554080     -3.420   0.491983    17.8277    -1.8844     -3.391     0.2780    -1.1576 -9.990e-29
 236.554086     -3.398   0.493888    17.8411    -1.8840     -3.370     0.2791    -1.1593 -9.990e-29
 236.554091     -3.380   0.498312    17.8578    -1.8835     -3.352     0.2815    -1.1605 -9.990e-29
 236.554097     -3.365   0.504511    17.8733    -1.8832     -3.337     0.2850    -1.1607 -9.990e-29
 236.554103     -3.351   0.509680    17.8847    -1.8834     -3.323     0.2879    -1.1605 -9.990e-29
 236.554109     -3.339   0.511854    17.8930    -1.8834     -3.311     0.2891    -1.1611 -9.990e-29
 236.554115     -3.327   0.511719    17.9021    -1.8840     -3.299     0.2890    -1.1629 -9.990e-29
 236.554120     -3.314   0.510756    17.9138    -1.8847     -3.286     0.2884    -1.1656 -9.990e-29
 236.554126     -3.299   0.509894    17.9280    -1.8852     -3.271     0.2878    -1.1686 -9.990e-29
 236.554132     -3.283   0.509644    17.9425    -1.8853     -3.256     0.2875    -1.1715 -9.990e-29
 236.554138     -3.263   0.509675    17.9557    -1.8849     -3.236     0.2875    -1.1740 -9.990e-29
 236.554144     -3.238   0.508920    17.9664    -1.8843     -3.211     0.2869    -1.1764 -9.990e-29
 236.554149     -3.212   0.506925    17.9722    -1.8838     -3.185     0.2857    -1.1784 -9.990e-29
 236.554155     -3.186   0.504352    17.9726    -1.8833     -3.159     0.2843    -1.1796 -9.990e-29
 236.554161     -3.159   0.502201    17.9678    -1.8827     -3.133     0.2830    -1.1796 -9.990e-29
 236.554167     -3.133   0.500922    17.9576    -1.8820     -3.107     0.2824    -1.1782 -9.990e-29
 236.554172     -3.112   0.499918    17.9452    -1.8819     -3.086     0.2819    -1.1763 -9.990e-29
 236.554178     -3.094   0.498403    17.9364    -1.8817     -3.068     0.2811    -1.1753 -9.990e-29
 236.554184     -3.077   0.496572    17.9350    -1.8813     -3.051     0.2800    -1.1759 -9.990e-29
 236.554190     -3.061   0.495306    17.9414    -1.8809     -3.035     0.2792    -1.1777 -9.990e-29
 236.554196     -3.044   0.495128    17.9529    -1.8811     -3.019     0.2790    -1.1799 -9.990e-29
 236.554201     -3.027   0.495803    17.9665    -1.8814     -3.002     0.2794    -1.1822 -9.990e-29
 236.554207     -3.006   0.496569    17.9813    -1.8817     -2.981     0.2797    -1.1847 -9.990e-29
 236.554213     -2.982   0.496788    17.9969    -1.8823     -2.957     0.2797    -1.1876 -9.990e-29
 236.554219     -2.957   0.496200    18.0105    -1.8829     -2.932     0.2793    -1.1904 -9.990e-29
 236.554225     -2.933   0.494572    18.0206    -1.8837     -2.909     0.2783    -1.1930 -9.990e-29
 236.554230     -2.910   0.491948    18.0293    -1.8843     -2.886     0.2767    -1.1959 -9.990e-29
 236.554236     -2.889   0.488703    18.0376    -1.8844     -2.865     0.2748    -1.1989 -9.990e-29
 236.554242     -2.874   0.485494    18.0423    -1.8846     -2.850     0.2729    -1.2012 -9.990e-29
 236.554248     -2.864   0.483022    18.0407    -1.8847     -2.840     0.2715    -1.2020 -9.990e-29
 236.554253     -2.854   0.481313    18.0345    -1.8846     -2.830     0.2706    -1.2016 -9.990e-29
 236.554259     -2.839   0.479750    18.0246    -1.8842     -2.815     0.2697    -1.2004 -9.990e-29
 236.554265     -2.822   0.477907    18.0110    -1.8837     -2.798     0.2687    -1.1986 -9.990e-29
 236.554271     -2.807   0.476097    17.9947    -1.8830     -2.784     0.2678    -1.1963 -9.990e-29
 236.554277     -2.792   0.474672    17.9785    -1.8826     -2.769     0.2671    -1.1939 -9.990e-29
 236.554282     -2.778   0.473393    17.9661    -1.8820     -2.755     0.2664    -1.1921 -9.990e-29
 236.554288     -2.762   0.471663    17.9585    -1.8809     -2.739     0.2655    -1.1914 -9.990e-29
 236.554294     -2.743   0.469942    17.9542    -1.8772     -2.720     0.2645    -1.1913 -9.990e-29
 236.554300     -2.726   0.469439    17.9528    -1.8757     -2.703     0.2642    -1.1913 -9.990e-29
 236.554306     -2.717   0.470039    17.9559    -1.8760     -2.694     0.2645    -1.1916 -9.990e-29
 236.554311     -2.716   0.471065    17.9644    -1.8765     -2.693     0.2651    -1.1928 -9.990e-29
 236.554317     -2.714   0.472225    17.9771    -1.8787     -2.691     0.2657    -1.1947 -9.990e-29
 236.554323     -2.706   0.473588    17.9914    -1.8792     -2.683     0.2664    -1.1968 -9.990e-29
 236.554329     -2.693   0.476419    18.0049    -1.8808     -2.671     0.2679    -1.1981 -9.990e-29
 236.554334     -2.677   0.484491    18.0163    -1.8844     -2.655     0.2725    -1.1967 -9.990e-29
 236.554340     -2.663   0.510228    18.0229    -1.8828     -2.641     0.2873    -1.1865 -9.990e-29
 236.554346     -2.644   0.585180    18.0188    -1.8839     -2.622     0.3309    -1.1523 -9.990e-29
 236.554352     -2.620   0.770536    18.0001    -1.8852     -2.598     0.4399    -1.0652 -9.990e-29
 236.554358     -2.597   1.066527    17.9691    -1.8856     -2.575     0.6172    -0.9234 -9.990e-29
 236.554363     -2.579   1.354545    17.9301    -1.8870     -2.557     0.7929    -0.7815 -9.990e-29
 236.554369     -2.564   1.553448    17.8873    -1.8882     -2.543     0.9162    -0.6790 -9.990e-29
 236.554375     -2.552   1.666997    17.8443    -1.8895     -2.531     0.9876    -0.6164 -9.990e-29
 236.554381     -2.541   1.726379    17.8025    -1.8903     -2.520     1.0255    -0.5796 -9.990e-29
 236.554387     -2.531   1.764235    17.7639    -1.8898     -2.510     1.0501    -0.5536 -9.990e-29
 236.554392     -2.522   1.760122    17.7332    -1.8899     -2.501     1.0483    -0.5493 -9.990e-29
 236.554398     -2.512   1.756199    17.7129    -1.8899     -2.491     1.0464    -0.5471 -9.990e-29
 236.554404     -2.501   1.802627    17.7008    -1.8896     -2.480     1.0758    -0.5223 -9.990e-29
 236.554410     -2.488   1.808955    17.6922    -1.8900     -2.467     1.0800    -0.5175 -9.990e-29
 236.554416     -2.473   1.743184    17.6826    -1.8906     -2.452     1.0390    -0.5472 -9.990e-29
 236.554421     -2.459   1.654468    17.6700    -1.8893     -2.438     0.9839    -0.5871 -9.990e-29
 236.554427     -2.448   1.554708    17.6564    -1.8883     -2.428     0.9220    -0.6320 -9.990e-29
 236.554433     -2.438   1.458799    17.6436    -1.8890     -2.418     0.8628    -0.6751 -9.990e-29
 236.554439     -2.421   1.389527    17.6326    -1.8905     -2.401     0.8201    -0.7058 -9.990e-29
 236.554444     -2.402   1.374168    17.6253    -1.8922     -2.382     0.8108    -0.7116 -9.990e-29
 236.554450     -2.388   1.408858    17.6229    -1.8942     -2.368     0.8323    -0.6947 -9.990e-29
 236.554456     -2.378   1.444032    17.6235    -1.8960     -2.358     0.8540    -0.6781 -9.990e-29
 236.554462     -2.363   1.457352    17.6252    -1.8981     -2.343     0.8623    -0.6721 -9.990e-29
 236.554468     -2.342   1.454395    17.6281    -1.8991     -2.322     0.8604    -0.6741 -9.990e-29
 236.554473     -2.322   1.434541    17.6313    -1.8994     -2.303     0.8480    -0.6842 -9.990e-29
 236.554479     -2.306   1.430030    17.6301    -1.9003     -2.287     0.8452    -0.6861 -9.990e-29
 236.554485     -2.293   1.470294    17.6181    -1.9006     -2.274     0.8704    -0.6646 -9.990e-29
 236.554491     -2.282   1.509871    17.5943    -1.9005     -2.263     0.8955    -0.6410 -9.990e-29
 236.554497     -2.273   1.503490    17.5615    -1.9003     -2.254     0.8922    -0.6375 -9.990e-29
