data/oxygen options/OCNMS/OCNMS1/raw_data/2011/CAST_KL015_082511faed.cnv
* Sea-Bird SBE19 Data File:
* FileName = C:\Documents and Settings\OCNMS\Desktop\2011 mooring data\3rd service\CAST_KL015_082511.hex
* Software Version 1.24
* Temperature SN = 2997
* Conductivity SN = 2997
* System UpLoad Time = Aug 25 2011 15:23:26
** CAST_KL015_082511
* SEACAT PROFILER V3.1c SN 2997   08/25/11  15:22:46.713
# nquan = 9                                 
# nvalues = 1207                        
# units = specified
# name 0 = timeJ: Julian Days
# name 1 = prSM: Pressure, Strain Gauge [db]
# name 2 = c0mS/cm: Conductivity [mS/cm]
# name 3 = t090C: Temperature [ITS-90, deg C]
# name 4 = sbeox0ML/L: Oxygen, SBE 43 [ml/l]
# name 5 = depSM: Depth [salt water, m], lat = 47.5
# name 6 = sal00: Salinity, Practical [PSU]
# name 7 = sigma-é00: Density [sigma-theta, kg/m^3]
# name 8 = flag: flag
# span 0 = 237.580208, 237.587188       
# span 1 =     -5.745,     15.704       
# span 2 =   0.311037,  39.638764       
# span 3 =    10.0376,    16.7873       
# span 4 =   -15.1938,    21.0150       
# span 5 =     -5.697,     15.572       
# span 6 =     0.1791,    33.1599       
# span 7 =    -1.0412,    25.4819       
# span 8 = 0.0000e+00, 0.0000e+00       
# interval = seconds: 0.5
# start_time = Aug 25 2011 13:55:30 [Instrument's time stamp, header]
# bad_flag = -9.990e-29
*END*
[from data line 641]
 237.583918     -0.373   0.321541    16.7556    -1.9318     -0.370     0.1846    -1.0391 -9.990e-29
 237.583924     -0.372   0.321849    16.7489    -1.9317     -0.369     0.1848    -1.0378 -9.990e-29
 237.583929     -0.372   0.321799    16.7403    -1.9315     -0.369     0.1848    -1.0363 -9.990e-29
 237.583935     -0.372   0.321326    16.7323    -1.9313     -0.369     0.1846    -1.0352 -9.990e-29
 237.583941     -0.372   0.320353    16.7263    -1.9312     -0.369     0.1840    -1.0346 -9.990e-29
 237.583947     -0.372   0.319242    16.7222    -1.9314     -0.369     0.1834    -1.0343 -9.990e-29
 237.583953     -0.371   0.318726    16.7201    -1.9317     -0.368     0.1831    -1.0342 -9.990e-29
 237.583958     -0.371   0.319225    16.7199    -1.9320     -0.368     0.1834    -1.0339 -9.990e-29
 237.583964     -0.371   0.320297    16.7201    -1.9321     -0.368     0.1840    -1.0335 -9.990e-29
 237.583970     -0.371   0.321159    16.7208    -1.9324     -0.368     0.1845    -1.0332 -9.990e-29
 237.583976     -0.371   0.321297    16.7229    -1.9322     -0.368     0.1846    -1.0335 -9.990e-29
 237.583981     -0.371   0.320896    16.7261    -1.9321     -0.368     0.1844    -1.0343 -9.990e-29
 237.583987     -0.371   0.320529    16.7292    -1.9319     -0.368     0.1841    -1.0350 -9.990e-29
 237.583993     -0.371   0.320260    16.7301    -1.9318     -0.368     0.1840    -1.0353 -9.990e-29
 237.583999     -0.370   0.319732    16.7270    -1.9316     -0.367     0.1837    -1.0350 -9.990e-29
 237.584005     -0.370   0.318794    16.7212    -1.9315     -0.367     0.1832    -1.0344 -9.990e-29
 237.584010     -0.370   0.317854    16.7154    -1.9317     -0.367     0.1826    -1.0338 -9.990e-29
 237.584016     -0.370   0.317321    16.7111    -1.9320     -0.367     0.1823    -1.0333 -9.990e-29
 237.584022     -0.369   0.317038    16.7090    -1.9319     -0.366     0.1822    -1.0330 -9.990e-29
 237.584028     -0.369   0.316628    16.7095    -1.9318     -0.366     0.1819    -1.0333 -9.990e-29
 237.584034     -0.368   0.316096    16.7119    -1.9319     -0.365     0.1816    -1.0340 -9.990e-29
 237.584039     -0.367   0.315839    16.7153    -1.9321     -0.364     0.1815    -1.0347 -9.990e-29
 237.584045     -0.366   0.316068    16.7188    -1.9321     -0.363     0.1816    -1.0352 -9.990e-29
 237.584051     -0.365   0.316535    16.7217    -1.9319     -0.362     0.1818    -1.0355 -9.990e-29
 237.584057     -0.363   0.316758    16.7226    -1.9317     -0.360     0.1820    -1.0355 -9.990e-29
 237.584062     -0.361   0.316480    16.7206    -1.9315     -0.358     0.1818    -1.0353 -9.990e-29
 237.584068     -0.358   0.315882    16.7179    -1.9314     -0.355     0.1815    -1.0351 -9.990e-29
 237.584074     -0.354   0.315276    16.7168    -1.9317     -0.351     0.1811    -1.0352 -9.990e-29
 237.584080     -0.350   0.314960    16.7166    -1.9318     -0.347     0.1809    -1.0353 -9.990e-29
 237.584086     -0.344   0.315066    16.7158    -1.9327     -0.341     0.1810    -1.0351 -9.990e-29
 237.584091     -0.336   0.315181    16.7150    -1.9341     -0.333     0.1811    -1.0349 -9.990e-29
 237.584097     -0.326   0.314905    16.7159    -1.9361     -0.323     0.1809    -1.0352 -9.990e-29
 237.584103     -0.317   0.314425    16.7187    -1.9369     -0.314     0.1806    -1.0359 -9.990e-29
 237.584109     -0.314   0.314209    16.7221    -1.9371     -0.311     0.1805    -1.0366 -9.990e-29
 237.584115     -0.311   0.314520    16.7246    -1.9371     -0.308     0.1807    -1.0369 -9.990e-29
 237.584120     -0.308   0.315221    16.7240    -1.9374     -0.305     0.1811    -1.0365 -9.990e-29
 237.584126     -0.310   0.315584    16.7190    -1.9378     -0.307     0.1813    -1.0354 -9.990e-29
 237.584132     -0.313   0.314987    16.7075    -1.9377     -0.310     0.1810    -1.0337 -9.990e-29
 237.584138     -0.316   0.313742    16.6858    -1.9372     -0.313     0.1804    -1.0305 -9.990e-29
 237.584144     -0.324   0.312402    16.6543    -1.9367     -0.321     0.1797    -1.0256 -9.990e-29
 237.584149     -0.333   0.311395    16.6215    -1.9365     -0.330     0.1793    -1.0204 -9.990e-29
 237.584155     -0.340   0.311037    16.5973    -1.9369     -0.337     0.1791    -1.0164 -9.990e-29
 237.584161     -0.345   0.311958    16.5824    -1.9371     -0.342     0.1797    -1.0134 -9.990e-29
 237.584167     -0.349   0.316496    16.5705    -1.9372     -0.346     0.1825    -1.0093 -9.990e-29
 237.584172     -0.351   0.330699    16.5574    -1.9372     -0.348     0.1908    -1.0006 -9.990e-29
 237.584178     -0.352   0.359114    16.5441    -1.9372     -0.349     0.2076    -0.9854 -9.990e-29
 237.584184     -0.352   0.401434    16.5340    -1.9375     -0.349     0.2326    -0.9644 -9.990e-29
 237.584190     -0.350   0.455966    16.5267    -1.9377     -0.347     0.2651    -0.9381 -9.990e-29
 237.584196     -0.347   0.521793    16.5197    -1.9380     -0.344     0.3045    -0.9065 -9.990e-29
 237.584201     -0.342   0.598109    16.5117    -1.9380     -0.339     0.3506    -0.8696 -9.990e-29
 237.584207     -0.336   0.674837    16.5034    -1.9375     -0.333     0.3973    -0.8322 -9.990e-29
 237.584213     -0.332   0.734691    16.4975    -1.9381     -0.329     0.4339    -0.8030 -9.990e-29
 237.584219     -0.334   0.768886    16.4954    -1.9391     -0.331     0.4549    -0.7865 -9.990e-29
 237.584225     -0.337   0.778719    16.4954    -1.9408     -0.334     0.4609    -0.7819 -9.990e-29
 237.584230     -0.339   0.772317    16.4952    -1.7828     -0.336     0.4570    -0.7849 -9.990e-29
 237.584236     -0.338   0.759968    16.4926    -1.9074     -0.335     0.4494    -0.7902 -9.990e-29
 237.584242     -0.336   0.745143    16.4863    -1.8935     -0.333     0.4404    -0.7961 -9.990e-29
 237.584248     -0.331   0.736313    16.4776    -1.6788     -0.328     0.4351    -0.7987 -9.990e-29
 237.584253     -0.324   0.747728    16.4686    -1.6576     -0.321     0.4422    -0.7918 -9.990e-29
 237.584259     -0.313   0.784643    16.4552    -1.8210     -0.310     0.4650    -0.7719 -9.990e-29
 237.584265     -0.300   0.862500    16.4260    -1.6635     -0.297     0.5134    -0.7297 -9.990e-29
 237.584271     -0.281   1.036934    16.3610    -1.6663     -0.279     0.6229    -0.6345 -9.990e-29
 237.584277     -0.257   1.488471    16.2124    -1.6659     -0.255     0.9123    -0.3868 -9.990e-29
 237.584282     -0.226   2.795905    15.8431    -1.6646     -0.224     1.7879     0.3477 -9.990e-29
 237.584288     -0.189   6.688635    15.2396    -1.6657     -0.187     4.5920     2.5992 -9.990e-29
 237.584294     -0.154  11.905818    14.6818    -1.6655     -0.153     8.6592     5.8097 -9.990e-29
 237.584300     -0.123  15.651920    14.3613    -1.6770     -0.122    11.7408     8.2263 -9.990e-29
 237.584306     -0.092  21.386599    14.2258    -1.6766     -0.091    16.5511    11.9401 -9.990e-29
 237.584311     -0.061  29.450709    14.1746    -1.6726     -0.060    23.5404    17.3184 -9.990e-29
 237.584317     -0.028  33.011489    14.1457    -1.6674     -0.028    26.7217    19.7717 -9.990e-29
 237.584323      0.010  33.266412    14.1298    -1.6648      0.010    26.9612    19.9592 -9.990e-29
 237.584329      0.055  35.696345    14.1238    -1.6646      0.055    29.1564    21.6515 -9.990e-29
 237.584334      0.110  38.288203    14.1119    -1.6706      0.109    31.5282    23.4828 -9.990e-29
 237.584340      0.175  39.146199    14.0757    -1.6727      0.174    32.3463    24.1216 -9.990e-29
 237.584346      0.244  39.452951    13.9638    -1.6747      0.242    32.7240    24.4362 -9.990e-29
 237.584352      0.313  39.550770    13.8132    -1.6766      0.310    32.9434    24.6366 -9.990e-29
 237.584358      0.375  39.601419    13.7875    -1.6715      0.372    33.0125    24.6953 -9.990e-29
 237.584363      0.419  39.638764    13.9051    -1.6709      0.416    32.9461    24.6198 -9.990e-29
 237.584369      0.450  39.590959    14.0356    -1.6715      0.446    32.7902    24.4726 -9.990e-29
 237.584375      0.478  39.496738    14.0988    -1.6775      0.474    32.6496    24.3509 -9.990e-29
 237.584381      0.503  39.467439    14.0676    -1.6795      0.499    32.6490    24.3569 -9.990e-29
 237.584387      0.524  39.497608    13.9728    -1.6833      0.520    32.7575    24.4602 -9.990e-29
 237.584392      0.543  39.528305    13.8938    -1.6806      0.538    32.8533    24.5505 -9.990e-29
 237.584398      0.554  39.528717    13.8590    -1.6821      0.549    32.8835    24.5810 -9.990e-29
 237.584404      0.557  39.477176    13.8686    -1.6760      0.552    32.8275    24.5357 -9.990e-29
 237.584410      0.554  39.396356    13.9031    -1.6719      0.549    32.7232    24.4481 -9.990e-29
 237.584416      0.554  39.342811    13.8889    -1.6684      0.549    32.6857    24.4220 -9.990e-29
 237.584421      0.561  39.355958    13.7940    -1.6689      0.556    32.7789    24.5134 -9.990e-29
 237.584427      0.572  39.438922    13.6751    -1.6683      0.567    32.9580    24.6761 -9.990e-29
 237.584433      0.582  39.534845    13.5976    -1.6676      0.577    33.1145    24.8128 -9.990e-29
 237.584439      0.594  39.552586    13.5643    -1.6677      0.589    33.1599    24.8547 -9.990e-29
 237.584444      0.602  39.474894    13.5517    -1.6680      0.597    33.0982    24.8096 -9.990e-29
 237.584450      0.604  39.407128    13.5885    -1.6674      0.599    33.0031    24.7285 -9.990e-29
 237.584456      0.599  39.438761    13.7198    -1.6670      0.594    32.9194    24.6372 -9.990e-29
 237.584462      0.588  39.499385    13.8929    -1.6667      0.583    32.8273    24.5306 -9.990e-29
 237.584468      0.573  39.481071    14.0114    -1.6684      0.568    32.7093    24.4151 -9.990e-29
 237.584473      0.563  39.407060    14.0530    -1.6712      0.558    32.6057    24.3265 -9.990e-29
 237.584479      0.560  39.369186    14.0556    -1.6699      0.555    32.5686    24.2973 -9.990e-29
 237.584485      0.566  39.395976    14.0535    -1.6725      0.561    32.5951    24.3182 -9.990e-29
 237.584491      0.579  39.458188    14.0577    -1.6722      0.574    32.6489    24.3589 -9.990e-29
 237.584497      0.597  39.511062    14.0676    -1.6714      0.592    32.6892    24.3880 -9.990e-29
 237.584502      0.612  39.522039    14.0766    -1.6716      0.607    32.6917    24.3880 -9.990e-29
 237.584508      0.621  39.509693    14.0753    -1.6714      0.616    32.6814    24.3803 -9.990e-29
 237.584514      0.625  39.507995    14.0500    -1.6731      0.620    32.7013    24.4009 -9.990e-29
 237.584520      0.624  39.524225    13.9981    -1.6747      0.619    32.7605    24.4573 -9.990e-29
 237.584525      0.617  39.550909    13.9553    -1.6753      0.612    32.8217    24.5134 -9.990e-29
 237.584531      0.604  39.568179    13.9421    -1.6724      0.599    32.8489    24.5372 -9.990e-29
 237.584537      0.590  39.549209    13.9325    -1.6717      0.585    32.8396    24.5319 -9.990e-29
 237.584543      0.580  39.491679    13.9161    -1.6717      0.575    32.8003    24.5050 -9.990e-29
 237.584549      0.580  39.441017    13.9006    -1.6711      0.575    32.7667    24.4822 -9.990e-29
 237.584554      0.585  39.450128    13.8896    -1.6710      0.580    32.7845    24.4982 -9.990e-29
 237.584560      0.586  39.496998    13.8809    -1.6709      0.581    32.8353    24.5393 -9.990e-29
 237.584566      0.580  39.519776    13.8667    -1.6719      0.575    32.8686    24.5679 -9.990e-29
 237.584572      0.569  39.496187    13.8507    -1.6729      0.564    32.8605    24.5648 -9.990e-29
 237.584578      0.563  39.441290    13.8482    -1.6713      0.558    32.8117    24.5277 -9.990e-29
 237.584583      0.564  39.396739    13.8637    -1.6710      0.559    32.7571    24.4824 -9.990e-29
 237.584589      0.574  39.405095    13.8824    -1.6712      0.569    32.7489    24.4722 -9.990e-29
 237.584595      0.588  39.455667    13.8934    -1.6716      0.583    32.7864    24.4989 -9.990e-29
 237.584601      0.603  39.496587    13.8989    -1.6721      0.598    32.8196    24.5234 -9.990e-29
 237.584606      0.620  39.518575    13.9026    -1.6717      0.615    32.8368    24.5359 -9.990e-29
 237.584612      0.636  39.538644    13.9060    -1.6726      0.631    32.8524    24.5473 -9.990e-29
 237.584618      0.647  39.546033    13.9097    -1.6720      0.642    32.8561    24.5494 -9.990e-29
 237.584624      0.654  39.524282    13.9138    -1.6708      0.649    32.8325    24.5303 -9.990e-29
 237.584630      0.658  39.475778    13.9163    -1.6711      0.653    32.7854    24.4934 -9.990e-29
 237.584635      0.659  39.447897    13.9152    -1.6715      0.653    32.7605    24.4744 -9.990e-29
 237.584641      0.657  39.470703    13.9121    -1.6714      0.652    32.7843    24.4934 -9.990e-29
 237.584647      0.652  39.500678    13.9086    -1.6726      0.647    32.8151    24.5179 -9.990e-29
 237.584653      0.647  39.503302    13.9001    -1.6749      0.642    32.8247    24.5271 -9.990e-29
 237.584659      0.647  39.488250    13.8839    -1.6824      0.642    32.8247    24.5304 -9.990e-29
 237.584664      0.648  39.488124    13.8760    -1.6857      0.643    32.8313    24.5371 -9.990e-29
 237.584670      0.644  39.515093    13.8970    -1.6861      0.639    32.8383    24.5383 -9.990e-29
 237.584676      0.637  39.530063    13.9337    -1.6834      0.632    32.8208    24.5172 -9.990e-29
 237.584682      0.626  39.502030    13.9516    -1.6799      0.621    32.7796    24.4817 -9.990e-29
 237.584688      0.613  39.446295    13.9388    -1.6777      0.608    32.7390    24.4529 -9.990e-29
 237.584693      0.607  39.404527    13.9057    -1.6819      0.602    32.7285    24.4516 -9.990e-29
 237.584699      0.612  39.405080    13.8569    -1.6870      0.607    32.7707    24.4942 -9.990e-29
 237.584705      0.624  39.415093    13.7645    -1.6882      0.619    32.8590    24.5814 -9.990e-29
 237.584711      0.635  39.376785    13.6147    -1.6862      0.630    32.9521    24.6838 -9.990e-29
 237.584716      0.641  39.302946    13.4814    -1.6874      0.636    32.9982    24.7465 -9.990e-29
 237.584722      0.644  39.281097    13.4632    15.9950      0.639    32.9935    24.7465 -9.990e-29
 237.584728      0.642  39.321857    13.5508    20.9505      0.637    32.9560    24.6998 -9.990e-29
 237.584734      0.636  39.302544    13.6470    21.0150      0.631    32.8551    24.6023 -9.990e-29
 237.584740      0.630  39.206382    13.6769    16.8274      0.625    32.7399    24.5072 -9.990e-29
 237.584745      0.631  39.136542    13.6096     8.3157      0.626    32.7325    24.5151 -9.990e-29
 237.584751      0.641  39.095174    13.4881     8.4113      0.636    32.7981    24.5904 -9.990e-29
 237.584757      0.651  39.078117    13.4123     8.6896      0.646    32.8474    24.6437 -9.990e-29
 237.584763      0.652  39.121439    13.4176     8.8098      0.647    32.8834    24.6705 -9.990e-29
 237.584769      0.642  39.169735    13.4700     8.8266      0.637    32.8834    24.6600 -9.990e-29
 237.584774      0.624  39.140081    13.5249     8.7783      0.619    32.8085    24.5909 -9.990e-29
 237.584780      0.604  39.038891    13.5654     8.6878      0.599    32.6793    24.4829 -9.990e-29
 237.584786      0.591  38.974935    13.6089     8.6228      0.586    32.5825    24.3993 -9.990e-29
 237.584792      0.588  38.980035    13.6494     8.5982      0.583    32.5528    24.3682 -9.990e-29
 237.584797      0.590  38.985953    13.6761     8.5995      0.585    32.5356    24.3494 -9.990e-29
 237.584803      0.588  38.998364    13.7019     8.6317      0.583    32.5252    24.3362 -9.990e-29
 237.584809      0.583  39.027118    13.7303     8.5711      0.578    32.5278    24.3324 -9.990e-29
 237.584815      0.583  39.045037    13.7509     8.4673      0.578    32.5269    24.3276 -9.990e-29
 237.584821      0.593  39.026179    13.7574     8.4242      0.588    32.5039    24.3085 -9.990e-29
 237.584826      0.608  38.982950    13.7601     8.4776      0.603    32.4615    24.2752 -9.990e-29
 237.584832      0.621  38.979840    13.7771     8.5851      0.616    32.4442    24.2583 -9.990e-29
