data/oxygen options/OCNMS/OCNMS1/raw_data/2011/CAST_MB015_100711faed.cnv
* Sea-Bird SBE19 Data File:
* FileName = C:\Documents and Settings\OCNMS\Desktop\2011 mooring data\4th service\CAST_MB015_100711.hex
* Software Version 1.24
* Temperature SN = 2997
* Conductivity SN = 2997
* System UpLoad Time = Oct 07 2011 13:26:00
** CAST_MB015_100711
* SEACAT PROFILER V3.1c SN 2997   10/07/11  13:25:27.746
# nquan = 9                                 
# nvalues = 752                         
# units = specified
# name 0 = timeJ: Julian Days
# name 1 = prSM: Pressure, Strain Gauge [db]
# name 2 = c0mS/cm: Conductivity [mS/cm]
# name 3 = t090C: Temperature [ITS-90, deg C]
# name 4 = sbeox0ML/L: Oxygen, SBE 43 [ml/l]
# name 5 = depSM: Depth [salt water, m], lat = 47.5
# name 6 = sal00: Salinity, Practical [PSU]
# name 7 = sigma-é00: Density [sigma-theta, kg/m^3]
# name 8 = flag: flag
# span 0 = 280.490926, 280.495272       
# span 1 =     -5.439,     18.521       
# span 2 =   1.236184,  37.063917       
# span 3 =    12.7401,    13.5448       
# span 4 =   -15.1888,    19.4417       
# span 5 =     -5.394,     18.366       
# span 6 =     0.8162,    30.8726       
# span 7 =     0.0262,    23.0969       
# span 8 = 0.0000e+00, 0.0000e+00       
# interval = seconds: 0.5
# start_time = Oct 07 2011 11:46:56 [Instrument's time stamp, header]
# bad_flag = -9.990e-29
*END*
[from data line 161]
 280.491858     -2.008   1.676453    12.9173    -2.0705     -1.991     1.1232     0.2635 -9.990e-29
 280.491863     -2.001   1.824567    12.9161    -2.0724     -1.984     1.2278     0.3449 -9.990e-29
 280.491869     -1.995   2.026926    12.9161    -2.0734     -1.978     1.3716     0.4564 -9.990e-29
 280.491875     -1.990   2.146495    12.9174    -2.0738     -1.973     1.4570     0.5225 -9.990e-29
 280.491881     -1.985   2.146469    12.9195    -2.0746     -1.968     1.4569     0.5221 -9.990e-29
 280.491887     -1.979   2.075045    12.9217    -2.0753     -1.962     1.4057     0.4822 -9.990e-29
 280.491892     -1.973   2.006628    12.9237    -2.0713     -1.957     1.3569     0.4440 -9.990e-29
 280.491898     -1.966   2.024059    12.9250    -2.0613     -1.950     1.3692     0.4535 -9.990e-29
 280.491904     -1.957   2.143370    12.9252    -2.0607     -1.941     1.4544     0.5195 -9.990e-29
 280.491910     -1.947   2.258659    12.9248    -2.0650     -1.931     1.5371     0.5837 -9.990e-29
 280.491916     -1.934   2.275833    12.9231    -2.0680     -1.918     1.5495     0.5935 -9.990e-29
 280.491921     -1.917   2.211144    12.9210    -2.0699     -1.901     1.5031     0.5578 -9.990e-29
 280.491927     -1.896   2.113620    12.9205    -2.0663     -1.880     1.4333     0.5038 -9.990e-29
 280.491933     -1.869   2.027859    12.9211    -2.0659     -1.853     1.3721     0.4562 -9.990e-29
 280.491939     -1.839   1.970899    12.9218    -2.0668     -1.824     1.3315     0.4246 -9.990e-29
 280.491944     -1.812   1.957700    12.9229    -2.0689     -1.797     1.3221     0.4171 -9.990e-29
 280.491950     -1.791   2.077087    12.9249    -2.0685     -1.776     1.4071     0.4828 -9.990e-29
 280.491956     -1.775   2.420610    12.9274    -2.0638     -1.760     1.6535     0.6736 -9.990e-29
 280.491962     -1.762   2.827501    12.9301    -2.0609     -1.747     1.9486     0.9020 -9.990e-29
 280.491968     -1.752   2.976847    12.9323    -2.0646     -1.737     2.0576     0.9861 -9.990e-29
 280.491973     -1.744   2.838752    12.9341    -2.0677     -1.729     1.9566     0.9076 -9.990e-29
 280.491979     -1.737   2.637884    12.9358    -2.0700     -1.723     1.8103     0.7941 -9.990e-29
 280.491985     -1.732   2.552878    12.9365    -2.0724     -1.718     1.7487     0.7462 -9.990e-29
 280.491991     -1.728   2.594611    12.9359    -2.0751     -1.714     1.7790     0.7698 -9.990e-29
 280.491997     -1.724   2.632410    12.9330    -2.0771     -1.710     1.8065     0.7915 -9.990e-29
 280.492002     -1.720   2.599672    12.9272    -2.0782     -1.706     1.7830     0.7741 -9.990e-29
 280.492008     -1.717   2.575300    12.9209    -2.0795     -1.703     1.7657     0.7614 -9.990e-29
 280.492014     -1.713   2.682622    12.9169    -2.0804     -1.699     1.8437     0.8224 -9.990e-29
 280.492020     -1.710   2.899463    12.9139    -2.0812     -1.696     2.0019     0.9454 -9.990e-29
 280.492025     -1.705   3.010237    12.9094    -2.0815     -1.691     2.0833     1.0090 -9.990e-29
 280.492031     -1.700   2.897521    12.9030    -2.0819     -1.686     2.0011     0.9462 -9.990e-29
 280.492037     -1.693   2.672283    12.8962    -2.0819     -1.679     1.8372     0.8201 -9.990e-29
 280.492043     -1.685   2.442976    12.8904    -2.0819     -1.671     1.6713     0.6922 -9.990e-29
 280.492049     -1.674   2.217727    12.8864    -2.0811     -1.660     1.5092     0.5670 -9.990e-29
 280.492054     -1.661   1.998927    12.8828    -2.0809     -1.647     1.3528     0.4462 -9.990e-29
 280.492060     -1.644   1.810828    12.8771    -2.0810     -1.630     1.2193     0.3433 -9.990e-29
 280.492066     -1.626   1.669243    12.8707    -2.0777     -1.612     1.1195     0.2666 -9.990e-29
 280.492072     -1.612   1.569396    12.8676    -2.0765     -1.599     1.0493     0.2125 -9.990e-29
 280.492078     -1.594   1.495641    12.8690    -2.0773     -1.581     0.9976     0.1721 -9.990e-29
 280.492083     -1.574   1.432205    12.8734    -2.0770     -1.561     0.9531     0.1370 -9.990e-29
 280.492089     -1.556   1.373191    12.8802    -2.0773     -1.543     0.9118     0.1041 -9.990e-29
 280.492095     -1.542   1.320812    12.8901    -2.0784     -1.529     0.8752     0.0743 -9.990e-29
 280.492101     -1.524   1.277810    12.9012    -2.0794     -1.511     0.8451     0.0496 -9.990e-29
 280.492106     -1.507   1.247796    12.9082    -2.0698     -1.494     0.8242     0.0324 -9.990e-29
 280.492112     -1.494   1.236184    12.9078    -2.0630     -1.482     0.8162     0.0262 -9.990e-29
 280.492118     -1.483   1.257409    12.9011    -2.0653     -1.471     0.8310     0.0386 -9.990e-29
 280.492124     -1.475   1.357499    12.8919    -2.0696     -1.463     0.9007     0.0939 -9.990e-29
 280.492130     -1.468   1.537483    12.8857    -2.0722     -1.456     1.0265     0.1924 -9.990e-29
 280.492135     -1.463   1.689911    12.8847    -2.0738     -1.451     1.1336     0.2758 -9.990e-29
 280.492141     -1.459   1.750370    12.8856    -2.0747     -1.447     1.1763     0.3088 -9.990e-29
 280.492147     -1.455   1.755694    12.8851    -2.0751     -1.443     1.1801     0.3118 -9.990e-29
 280.492153     -1.451   1.743465    12.8837    -2.0755     -1.439     1.1715     0.3053 -9.990e-29
 280.492159     -1.448   1.768315    12.8835    -2.0758     -1.436     1.1890     0.3189 -9.990e-29
 280.492164     -1.445   1.984749    12.8861    -2.0766     -1.433     1.3426     0.4378 -9.990e-29
 280.492170     -1.441   2.426874    12.8909    -2.0772     -1.429     1.6596     0.6831 -9.990e-29
 280.492176     -1.437   2.778259    12.8956    -2.0775     -1.425     1.9144     0.8800 -9.990e-29
 280.492182     -1.432   2.781031    12.8987    -2.0778     -1.420     1.9162     0.8810 -9.990e-29
 280.492188     -1.426   2.553155    12.9006    -2.0781     -1.414     1.7505     0.7523 -9.990e-29
 280.492193     -1.419   2.304352    12.9028    -2.0785     -1.407     1.5708     0.6127 -9.990e-29
 280.492199     -1.409   2.116542    12.9064    -2.0789     -1.397     1.4359     0.5076 -9.990e-29
 280.492205     -1.398   1.988239    12.9102    -2.0795     -1.386     1.3442     0.4360 -9.990e-29
 280.492211     -1.387   1.898042    12.9125    -2.0803     -1.375     1.2800     0.3858 -9.990e-29
 280.492216     -1.380   1.826018    12.9132    -2.0805     -1.368     1.2289     0.3461 -9.990e-29
 280.492222     -1.378   1.760937    12.9143    -2.0804     -1.367     1.1829     0.3102 -9.990e-29
 280.492228     -1.380   1.697497    12.9164    -2.0803     -1.368     1.1381     0.2751 -9.990e-29
 280.492234     -1.382   1.635909    12.9188    -2.0764     -1.370     1.0946     0.2411 -9.990e-29
 280.492240     -1.380   1.579955    12.9213    -2.0744     -1.368     1.0553     0.2102 -9.990e-29
 280.492245     -1.373   1.528737    12.9239    -2.0751     -1.362     1.0193     0.1820 -9.990e-29
 280.492251     -1.362   1.476583    12.9249    -2.0750     -1.351     0.9828     0.1535 -9.990e-29
 280.492257     -1.344   1.421556    12.9220    -2.0751     -1.333     0.9445     0.1241 -9.990e-29
 280.492263     -1.325   1.369526    12.9164    -2.0754     -1.314     0.9084     0.0968 -9.990e-29
 280.492269     -1.310   1.329246    12.9127    -2.0761     -1.299     0.8805     0.0756 -9.990e-29
 280.492274     -1.304   1.306847    12.9125    -2.0766     -1.293     0.8650     0.0636 -9.990e-29
 280.492280     -1.306   1.305707    12.9148    -2.0767     -1.295     0.8642     0.0626 -9.990e-29
 280.492286     -1.311   1.333728    12.9176    -2.0769     -1.300     0.8835     0.0773 -9.990e-29
 280.492292     -1.312   1.431594    12.9191    -2.0770     -1.301     0.9516     0.1300 -9.990e-29
 280.492297     -1.304   1.605119    12.9192    -2.0771     -1.293     1.0730     0.2243 -9.990e-29
 280.492303     -1.291   1.752634    12.9189    -2.0765     -1.280     1.1769     0.3050 -9.990e-29
 280.492309     -1.277   1.809813    12.9187    -2.0745     -1.266     1.2173     0.3364 -9.990e-29
 280.492315     -1.260   1.817982    12.9202    -2.0739     -1.249     1.2230     0.3406 -9.990e-29
 280.492321     -1.245   1.807432    12.9240    -2.0737     -1.235     1.2154     0.3342 -9.990e-29
 280.492326     -1.233   1.769640    12.9291    -2.0741     -1.223     1.1886     0.3127 -9.990e-29
 280.492332     -1.225   1.705762    12.9344    -2.0737     -1.215     1.1433     0.2769 -9.990e-29
 280.492338     -1.219   1.638145    12.9394    -2.0679     -1.209     1.0956     0.2392 -9.990e-29
 280.492344     -1.216   1.584565    12.9443    -2.0689     -1.206     1.0579     0.2093 -9.990e-29
 280.492350     -1.216   1.544604    12.9486    -2.0694     -1.206     1.0298     0.1869 -9.990e-29
 280.492355     -1.217   1.517440    12.9516    -2.0714     -1.207     1.0107     0.1717 -9.990e-29
 280.492361     -1.217   1.519407    12.9540    -2.0725     -1.207     1.0120     0.1724 -9.990e-29
 280.492367     -1.210   1.576167    12.9568    -2.0735     -1.200     1.0516     0.2029 -9.990e-29
 280.492373     -1.201   1.669193    12.9587    -2.0744     -1.191     1.1169     0.2533 -9.990e-29
 280.492378     -1.194   1.740752    12.9580    -2.0723     -1.184     1.1673     0.2925 -9.990e-29
 280.492384     -1.187   1.780962    12.9562    -2.0662     -1.177     1.1957     0.3148 -9.990e-29
 280.492390     -1.181   1.837337    12.9541    -2.0669     -1.171     1.2356     0.3460 -9.990e-29
 280.492396     -1.175   1.983935    12.9516    -2.0680     -1.165     1.3397     0.4271 -9.990e-29
 280.492402     -1.169   2.177297    12.9486    -2.0705     -1.159     1.4778     0.5346 -9.990e-29
 280.492407     -1.162   2.264463    12.9460    -2.0719     -1.152     1.5404     0.5835 -9.990e-29
 280.492413     -1.153   2.225849    12.9452    -2.0689     -1.143     1.5127     0.5621 -9.990e-29
 280.492419     -1.144   2.128617    12.9458    -2.0613     -1.134     1.4431     0.5081 -9.990e-29
 280.492425     -1.131   2.021082    12.9473    -2.0631     -1.122     1.3663     0.4483 -9.990e-29
 280.492431     -1.120   1.948339    12.9490    -2.0664     -1.111     1.3145     0.4079 -9.990e-29
 280.492436     -1.114   1.967492    12.9503    -2.0690     -1.105     1.3281     0.4183 -9.990e-29
 280.492442     -1.108   2.136779    12.9516    -2.0709     -1.099     1.4487     0.5117 -9.990e-29
 280.492448     -1.101   2.357046    12.9537    -2.0718     -1.092     1.6066     0.6338 -9.990e-29
 280.492454     -1.099   2.439647    12.9569    -2.0683     -1.090     1.6660     0.6795 -9.990e-29
 280.492459     -1.095   2.369430    12.9623    -2.0676     -1.086     1.6151     0.6394 -9.990e-29
 280.492465     -1.086   2.257925    12.9703    -2.0673     -1.077     1.5347     0.5760 -9.990e-29
 280.492471     -1.070   2.241433    12.9791    -2.0688     -1.061     1.5225     0.5654 -9.990e-29
 280.492477     -1.048   2.412725    12.9858    -2.0701     -1.039     1.6453     0.6597 -9.990e-29
 280.492483     -1.022   2.620361    12.9882    -2.0707     -1.013     1.7952     0.7755 -9.990e-29
 280.492488     -0.999   2.621060    12.9866    -2.0691     -0.991     1.7957     0.7762 -9.990e-29
 280.492494     -0.981   2.440177    12.9853    -2.0645     -0.973     1.6651     0.6751 -9.990e-29
 280.492500     -0.968   2.241348    12.9876    -2.0627     -0.960     1.5221     0.5640 -9.990e-29
 280.492506     -0.958   2.102121    12.9922    -2.0638     -0.950     1.4224     0.4860 -9.990e-29
 280.492512     -0.952   2.074131    12.9968    -2.0662     -0.944     1.4023     0.4698 -9.990e-29
 280.492517     -0.948   2.146661    13.0001    -2.0683     -0.940     1.4539     0.5094 -9.990e-29
 280.492523     -0.946   2.211860    13.0016    -2.0642     -0.938     1.5005     0.5453 -9.990e-29
 280.492529     -0.947   2.202547    13.0023    -2.0648     -0.939     1.4938     0.5401 -9.990e-29
 280.492535     -0.950   2.134576    13.0046    -2.0658     -0.942     1.4451     0.5020 -9.990e-29
 280.492541     -0.956   2.065339    13.0089    -2.0681     -0.948     1.3956     0.4631 -9.990e-29
 280.492546     -0.960   2.067718    13.0141    -2.0695     -0.952     1.3971     0.4635 -9.990e-29
 280.492552     -0.959   2.194774    13.0184    -2.0697     -0.951     1.4876     0.5332 -9.990e-29
 280.492558     -0.956   2.393599    13.0209    -2.0666     -0.948     1.6301     0.6433 -9.990e-29
 280.492564     -0.957   2.511250    13.0223    -2.0648     -0.949     1.7147     0.7087 -9.990e-29
 280.492569     -0.956   2.477261    13.0238    -2.0644     -0.948     1.6902     0.6895 -9.990e-29
 280.492575     -0.950   2.363867    13.0252    -2.0657     -0.942     1.6085     0.6260 -9.990e-29
 280.492581     -0.946   2.314300    13.0267    -2.0668     -0.938     1.5729     0.5982 -9.990e-29
 280.492587     -0.953   2.357276    13.0299    -2.0678     -0.945     1.6036     0.6216 -9.990e-29
 280.492593     -0.958   2.355487    13.0355    -2.0651     -0.950     1.6021     0.6197 -9.990e-29
 280.492598     -0.950   2.247786    13.0435    -2.0638     -0.942     1.5245     0.5585 -9.990e-29
 280.492604     -0.935   2.094048    13.0542    -2.0623     -0.927     1.4144     0.4717 -9.990e-29
 280.492610     -0.922   1.970915    13.0651    -2.0614     -0.914     1.3265     0.4022 -9.990e-29
 280.492616     -0.909   1.948693    13.0734    -2.0602     -0.901     1.3105     0.3886 -9.990e-29
 280.492622     -0.897   2.029898    13.0796    -2.0595     -0.890     1.3679     0.4323 -9.990e-29
 280.492627     -0.888   2.121033    13.0853    -2.0602     -0.881     1.4325     0.4816 -9.990e-29
 280.492633     -0.886   2.132404    13.0903    -2.0609     -0.879     1.4404     0.4871 -9.990e-29
 280.492639     -0.887   2.062543    13.0948    -2.0629     -0.880     1.3905     0.4479 -9.990e-29
 280.492645     -0.886   1.979064    13.0997    -2.0646     -0.879     1.3311     0.4012 -9.990e-29
 280.492650     -0.884   1.968557    13.1046    -2.0659     -0.877     1.3235     0.3946 -9.990e-29
 280.492656     -0.880   2.055256    13.1090    -2.0670     -0.873     1.3848     0.4416 -9.990e-29
 280.492662     -0.875   2.180150    13.1127    -2.0681     -0.868     1.4735     0.5099 -9.990e-29
 280.492668     -0.871   2.296336    13.1149    -2.0688     -0.864     1.5564     0.5738 -9.990e-29
 280.492674     -0.874   2.396284    13.1143    -2.0690     -0.867     1.6280     0.6294 -9.990e-29
 280.492679     -0.878   2.475752    13.1109    -2.0635     -0.871     1.6852     0.6742 -9.990e-29
 280.492685     -0.881   2.515382    13.1062    -2.0621     -0.874     1.7140     0.6971 -9.990e-29
 280.492691     -0.881   2.497034    13.1025    -2.0619     -0.874     1.7009     0.6875 -9.990e-29
 280.492697     -0.880   2.420091    13.1009    -2.0644     -0.873     1.6457     0.6449 -9.990e-29
 280.492703     -0.877   2.290640    13.1002    -2.0664     -0.870     1.5529     0.5731 -9.990e-29
 280.492708     -0.872   2.138457    13.0981    -2.0678     -0.865     1.4444     0.4892 -9.990e-29
 280.492714     -0.864   1.999581    13.0944    -2.0671     -0.857     1.3458     0.4133 -9.990e-29
 280.492720     -0.854   1.889519    13.0906    -2.0653     -0.847     1.2681     0.3535 -9.990e-29
 280.492726     -0.844   1.818941    13.0882    -2.0659     -0.837     1.2184     0.3152 -9.990e-29
 280.492731     -0.838   1.812908    13.0882    -2.0649     -0.831     1.2141     0.3119 -9.990e-29
 280.492737     -0.833   1.929329    13.0905    -2.0596     -0.826     1.2962     0.3753 -9.990e-29
 280.492743     -0.822   2.141609    13.0936    -2.0591     -0.815     1.4468     0.4917 -9.990e-29
 280.492749     -0.805   2.290424    13.0966    -2.0614     -0.798     1.5529     0.5735 -9.990e-29
 280.492755     -0.787   2.283145    13.0991    -2.0639     -0.780     1.5476     0.5691 -9.990e-29
 280.492760     -0.773   2.154419    13.1019    -2.0664     -0.767     1.4556     0.4974 -9.990e-29
 280.492766     -0.763   1.994295    13.1056    -2.0669     -0.757     1.3417     0.4086 -9.990e-29
 280.492772     -0.748   1.893061    13.1087    -2.0617     -0.742     1.2700     0.3526 -9.990e-29
