data/oxygen options/OCNMS/OCNMS1/raw_data/2011/CAST_CE015_100611faed.cnv
* Sea-Bird SBE19 Data File:
* FileName = C:\Documents and Settings\OCNMS\Desktop\2011 mooring data\4th service\CAST_CE015_100611.hex
* Software Version 1.24
* Temperature SN = 2997
* Conductivity SN = 2997
* System UpLoad Time = Oct 06 2011 18:30:46
** CAST_CE015_100611
* SEACAT PROFILER V3.1c SN 2997   10/06/11  18:30:18.618
# nquan = 9                                 
# nvalues = 738                         
# units = specified
# name 0 = timeJ: Julian Days
# name 1 = prSM: Pressure, Strain Gauge [db]
# name 2 = c0mS/cm: Conductivity [mS/cm]
# name 3 = t090C: Temperature [ITS-90, deg C]
# name 4 = sbeox0ML/L: Oxygen, SBE 43 [ml/l]
# name 5 = depSM: Depth [salt water, m], lat = 47.5
# name 6 = sal00: Salinity, Practical [PSU]
# name 7 = sigma-é00: Density [sigma-theta, kg/m^3]
# name 8 = flag: flag
# span 0 = 279.507917, 279.512182       
# span 1 =     -2.423,     17.704       
# span 2 =   0.252257,  36.755544       
# span 3 =    13.7657,    14.3879       
# span 4 =    -2.0507,    15.1979       
# span 5 =     -2.403,     17.555       
# span 6 =     0.1530,    29.9956       
# span 7 =    -0.6727,    22.2684       
# span 8 = 0.0000e+00, 0.0000e+00       
# interval = seconds: 0.5
# start_time = Oct 06 2011 12:11:24 [Instrument's time stamp, header]
# bad_flag = -9.990e-29
*END*
[from data line 641]
 279.511626     15.701  36.749664    14.2734     5.7602     15.569    29.9912    22.2650 -9.990e-29
 279.511632     15.723  36.750045    14.2734     5.7644     15.591    29.9915    22.2653 -9.990e-29
 279.511638     15.728  36.750046    14.2734     5.7683     15.596    29.9915    22.2653 -9.990e-29
 279.511644     15.712  36.749672    14.2734     5.7683     15.580    29.9912    22.2650 -9.990e-29
 279.511649     15.676  36.748987    14.2734     5.7571     15.545    29.9906    22.2646 -9.990e-29
 279.511655     15.628  36.748199    14.2734     5.7461     15.497    29.9899    22.2640 -9.990e-29
 279.511661     15.573  36.747383    14.2734     5.7555     15.442    29.9892    22.2635 -9.990e-29
 279.511667     15.521  36.746575    14.2733     5.7686     15.391    29.9885    22.2630 -9.990e-29
 279.511672     15.481  36.745822    14.2734     5.7836     15.351    29.9878    22.2624 -9.990e-29
 279.511678     15.458  36.745243    14.2736     5.7930     15.328    29.9871    22.2619 -9.990e-29
 279.511684     15.461  36.745191    14.2735     5.7853     15.331    29.9872    22.2619 -9.990e-29
 279.511690     15.485  36.745601    14.2733     5.7874     15.355    29.9877    22.2623 -9.990e-29
 279.511696     15.515  36.745902    14.2732     5.7760     15.385    29.9880    22.2626 -9.990e-29
 279.511701     15.543  36.745938    14.2731     5.7706     15.413    29.9881    22.2627 -9.990e-29
 279.511707     15.572  36.745760    14.2729     5.7687     15.441    29.9881    22.2627 -9.990e-29
 279.511713     15.600  36.745694    14.2729     5.7671     15.469    29.9880    22.2627 -9.990e-29
 279.511719     15.618  36.746214    14.2729     5.7707     15.487    29.9885    22.2631 -9.990e-29
 279.511725     15.625  36.746897    14.2730     5.7707     15.494    29.9890    22.2635 -9.990e-29
 279.511730     15.621  36.746978    14.2731     5.7707     15.490    29.9890    22.2634 -9.990e-29
 279.511736     15.605  36.746567    14.2732     5.7632     15.474    29.9886    22.2631 -9.990e-29
 279.511742     15.581  36.746240    14.2730     5.7615     15.450    29.9885    22.2630 -9.990e-29
 279.511748     15.555  36.746125    14.2729     5.7540     15.425    29.9884    22.2630 -9.990e-29
 279.511753     15.536  36.746072    14.2731     5.7614     15.406    29.9882    22.2628 -9.990e-29
 279.511759     15.525  36.746016    14.2730     5.7745     15.395    29.9883    22.2629 -9.990e-29
 279.511765     15.518  36.745884    14.2726     5.7782     15.388    29.9885    22.2631 -9.990e-29
 279.511771     15.509  36.745506    14.2724     5.7725     15.379    29.9883    22.2630 -9.990e-29
 279.511777     15.500  36.744938    14.2724     5.7724     15.370    29.9878    22.2626 -9.990e-29
 279.511782     15.488  36.744548    14.2723     5.7553     15.358    29.9875    22.2624 -9.990e-29
 279.511788     15.473  36.744377    14.2721     5.7535     15.343    29.9875    22.2624 -9.990e-29
 279.511794     15.455  36.744204    14.2719     5.7551     15.325    29.9875    22.2625 -9.990e-29
 279.511800     15.431  36.743799    14.2718     5.7700     15.302    29.9872    22.2623 -9.990e-29
 279.511806     15.401  36.743186    14.2721     5.7810     15.272    29.9864    22.2616 -9.990e-29
 279.511811     15.363  36.743229    14.2726     5.7884     15.234    29.9861    22.2613 -9.990e-29
 279.511817     15.310  36.743992    14.2727     5.7867     15.182    29.9867    22.2617 -9.990e-29
 279.511823     15.229  36.744254    14.2726     5.7866     15.101    29.9871    22.2620 -9.990e-29
 279.511829     15.117  36.743810    14.2726     5.7794     14.990    29.9867    22.2617 -9.990e-29
 279.511834     14.978  36.743189    14.2726     5.7665     14.852    29.9862    22.2613 0.0000e+00
 279.511840     14.820  36.742687    14.2725     5.7704     14.696    29.9859    22.2611 0.0000e+00
 279.511846     14.648  36.742200    14.2726     5.7782     14.525    29.9854    22.2607 0.0000e+00
 279.511852     14.457  36.741642    14.2727     5.7933     14.336    29.9849    22.2603 0.0000e+00
 279.511858     14.250  36.740833    14.2725     5.8049     14.131    29.9844    22.2600 0.0000e+00
 279.511863     14.030  36.739260    14.2721     5.8085     13.912    29.9834    22.2592 0.0000e+00
 279.511869     13.800  36.737069    14.2717     5.8133     13.684    29.9818    22.2581 0.0000e+00
 279.511875     13.562  36.734143    14.2711     5.8098     13.448    29.9797    22.2566 0.0000e+00
 279.511881     13.315  36.731065    14.2700     5.8051     13.203    29.9778    22.2554 0.0000e+00
 279.511887     13.051  36.727657    14.2686     5.8081     12.942    29.9759    22.2542 0.0000e+00
 279.511892     12.770  36.721060    14.2673     5.8223     12.663    29.9711    22.2507 0.0000e+00
 279.511898     12.481  36.712002    14.2660     5.8562     12.376    29.9640    22.2455 0.0000e+00
 279.511904     12.191  36.702410    14.2646     5.8802     12.089    29.9564    22.2399 0.0000e+00
 279.511910     11.907  36.691818    14.2630     5.9005     11.807    29.9482    22.2339 0.0000e+00
 279.511916     11.628  36.682347    14.2614     5.9000     11.531    29.9409    22.2286 0.0000e+00
 279.511921     11.344  36.675374    14.2595     5.8843     11.249    29.9362    22.2253 0.0000e+00
 279.511927     11.052  36.666084    14.2568     5.8783     10.959    29.9300    22.2211 0.0000e+00
 279.511933     10.748  36.651616    14.2528     5.8963     10.658    29.9200    22.2143 0.0000e+00
 279.511939     10.432  36.635081    14.2474     5.9148     10.345    29.9093    22.2071 0.0000e+00
 279.511944     10.104  36.616275    14.2413     5.9397     10.019    29.8971    22.1989 0.0000e+00
 279.511950      9.770  36.595327    14.2358     5.9505      9.688    29.8825    22.1887 0.0000e+00
 279.511956      9.437  36.573430    14.2311     5.9515      9.358    29.8664    22.1773 0.0000e+00
 279.511962      9.120  36.540991    14.2266     5.9338      9.044    29.8405    22.1583 0.0000e+00
 279.511968      8.824  36.495642    14.2228     5.9243      8.750    29.8025    22.1297 0.0000e+00
 279.511973      8.542  36.455315    14.2209     5.9213      8.471    29.7674    22.1031 0.0000e+00
 279.511979      8.266  36.428403    14.2208     5.9251      8.197    29.7432    22.0844 0.0000e+00
 279.511985      7.986  36.413182    14.2213     5.9295      7.919    29.7291    22.0734 0.0000e+00
 279.511991      7.697  36.411758    14.2221     5.9319      7.633    29.7273    22.0719 0.0000e+00
 279.511997      7.399  36.416638    14.2232     5.9348      7.337    29.7310    22.0745 0.0000e+00
 279.512002      7.089  36.413615    14.2252     5.9480      7.030    29.7268    22.0709 0.0000e+00
 279.512008      6.769  36.395305    14.2282     5.9490      6.712    29.7081    22.0558 0.0000e+00
 279.512014      6.441  36.367536    14.2327     5.9637      6.387    29.6795    22.0329 0.0000e+00
 279.512020      6.100  36.345365    14.2404     5.9669      6.049    29.6537    22.0114 0.0000e+00
 279.512025      5.746  36.332831    14.2508     5.9748      5.698    29.6345    21.9944 0.0000e+00
 279.512031      5.387  36.318828    14.2587     5.9950      5.342    29.6159    21.9785 0.0000e+00
 279.512037      5.029  36.297571    14.2623     5.9973      4.987    29.5940    21.9609 0.0000e+00
 279.512043      4.677  36.273200    14.2646     5.9997      4.638    29.5703    21.9422 0.0000e+00
 279.512049      4.333  36.251304    14.2678     5.9821      4.297    29.5482    21.9244 0.0000e+00
 279.512054      3.996  36.237412    14.2723     5.9686      3.963    29.5323    21.9113 0.0000e+00
 279.512060      3.663  36.232603    14.2806     5.9266      3.632    29.5217    21.9014 0.0000e+00
 279.512066      3.329  36.232710    14.2946     5.8499      3.301    29.5112    21.8905 0.0000e+00
 279.512072      2.995  36.235642    14.3123     5.7903      2.970    29.5005    21.8787 0.0000e+00
 279.512078      2.669  36.239153    14.3277     6.6330      2.647    29.4921    21.8690 0.0000e+00
 279.512083      2.361  36.235616    14.3336     6.6967      2.341    29.4845    21.8620 0.0000e+00
 279.512089      2.072  36.222563    14.3297     6.6747      2.055    29.4758    21.8560 0.0000e+00
 279.512095      1.806  36.203314    14.3195     6.5570      1.791    29.4662    21.8508 0.0000e+00
 279.512101      1.571  36.179089    14.3043     6.4005      1.558    29.4560    21.8460 0.0000e+00
 279.512106      1.374  36.146710    14.2849     6.2870      1.363    29.4416    21.8388 0.0000e+00
 279.512112      1.215  36.071779    14.2600     6.2262      1.205    29.3928    21.8062 0.0000e+00
 279.512118      1.088  35.840952    14.2267     6.1936      1.079    29.2093    21.6715 -9.990e-29
 279.512124      0.990  35.130031    14.1828     6.2200      0.982    28.5997    21.2107 -9.990e-29
 279.512130      0.918  32.974320    14.1260 -9.990e-29      0.910    26.7017    19.7602 -9.990e-29
 279.512135      0.863  26.515586    14.0595 -9.990e-29      0.856    21.0350    15.4139 -9.990e-29
 279.512141      0.819  16.417117    13.9938 -9.990e-29      0.812    12.4829     8.8572 -9.990e-29
 279.512147      0.781   8.828886    13.9370 -9.990e-29      0.774     6.3946     4.1894 -9.990e-29
 279.512153      0.749   5.594696    13.8914 -9.990e-29      0.743     3.9262     2.2965 -9.990e-29
 279.512159      0.719   4.450703    13.8577 -9.990e-29      0.713     3.0789     1.6483 -9.990e-29
 279.512164      0.694   4.147483    13.8363 -9.990e-29      0.688     2.8578     1.4807 -9.990e-29
 279.512170      0.681   4.050455    13.8264 -9.990e-29      0.675     2.7874     1.4279 -9.990e-29
 279.512176      0.679   4.021382    13.8240 -9.990e-29      0.673     2.7663     1.4119 -9.990e-29
 279.512182      0.680   3.992091 -9.990e-29 -9.990e-29      0.674 -9.990e-29 -9.990e-29 -9.990e-29
