data/oxygen options/OCNMS/OCNMS1/raw_data/2011/CAST_CA065_100511faedb.cnv
* Sea-Bird SBE19 Data File:
* FileName = C:\Documents and Settings\OCNMS\Desktop\2011 mooring data\4th service\CAST_CA065_100511.hex
* Software Version 1.24
* Temperature SN = 2997
* Conductivity SN = 2997
* System UpLoad Time = Oct 05 2011 14:54:03
** CAST_CA065_100511
* SEACAT PROFILER V3.1c SN 2997   10/05/11  14:53:10.199
# nquan = 9
# nvalues = 68                          
# units = specified
# name 0 = timeJ: Julian Days
# name 1 = prSM: Pressure, Strain Gauge [db]
# name 2 = c0mS/cm: Conductivity [mS/cm]
# name 3 = t090C: Temperature [ITS-90, deg C]
# name 4 = sbeox0ML/L: Oxygen, SBE 43 [ml/l]
# name 5 = depSM: Depth [salt water, m], lat = 47.5
# name 6 = sal00: Salinity, Practical [PSU]
# name 7 = sigma-é00: Density [sigma-theta, kg/m^3]
# name 8 = flag: flag
# span 0 = 278.387002, 278.389303       
# span 1 =      2.000,     69.000       
# span 2 =  35.487574,  38.299484       
# span 3 =     9.2878,    13.8232       
# span 4 =     3.4530,     5.7566       
# span 5 =      1.983,     68.413       
# span 6 =    31.7702,    32.9661       
# span 7 =    23.7286,    25.4822       
# span 8 = 0.0000e+00, 0.0000e+00       
# interval = decibars: 1                
# start_time = Oct 05 2011 09:03:45 [Instrument's time stamp, header]
# bad_flag = -9.990e-29
*END*
 278.387002      2.000  38.294404    13.8220     5.7566      1.983    31.7717    23.7299 0.0000e+00
 278.387033      3.000  38.293903    13.8224     5.7280      2.975    31.7706    23.7289 0.0000e+00
 278.387056      4.000  38.294694    13.8232     5.7452      3.967    31.7702    23.7286 0.0000e+00
 278.387080      5.000  38.295293    13.8215     5.7250      4.958    31.7718    23.7302 0.0000e+00
 278.387107      6.000  38.295953    13.8207     5.7372      5.950    31.7727    23.7310 0.0000e+00
 278.387134      7.000  38.297203    13.8217     5.7317      6.942    31.7726    23.7307 0.0000e+00
 278.387158      8.000  38.297703    13.8101     5.6856      7.933    31.7823    23.7406 0.0000e+00
 278.387184      9.000  38.298588    13.7768     5.7068      8.925    31.8104    23.7691 0.0000e+00
 278.387210     10.000  38.298662    13.7689     5.6815      9.916    31.8166    23.7755 0.0000e+00
 278.387235     11.000  38.298304    13.7613     5.6910     10.908    31.8221    23.7813 0.0000e+00
 278.387259     12.000  38.299053    13.7593     5.6948     11.899    31.8241    23.7833 0.0000e+00
 278.387283     13.000  38.299291    13.7569     5.6906     12.891    31.8260    23.7853 0.0000e+00
 278.387307     14.000  38.298694    13.7525     5.6923     13.883    31.8287    23.7883 0.0000e+00
 278.387331     15.000  38.299260    13.7444     5.6875     14.874    31.8356    23.7952 0.0000e+00
 278.387353     16.000  38.298604    13.7343     5.6868     15.866    31.8429    23.8030 0.0000e+00
 278.387378     17.000  38.295690    13.7230     5.6926     16.857    31.8492    23.8102 0.0000e+00
 278.387406     18.000  38.293386    13.7171     5.7008     17.849    31.8516    23.8133 0.0000e+00
 278.387434     19.000  38.294449    13.7191     5.6797     18.841    31.8506    23.8121 0.0000e+00
 278.387461     20.000  38.295413    13.7194     5.6985     19.832    31.8508    23.8122 0.0000e+00
 278.387498     21.000  38.298361    13.7239     5.6988     20.824    31.8495    23.8103 0.0000e+00
 278.387531     22.000  38.299484    13.7244     5.7036     21.815    31.8496    23.8104 0.0000e+00
 278.387563     23.000  38.298984    13.7216     5.7001     22.807    31.8511    23.8121 0.0000e+00
 278.387595     24.000  38.296694    13.7149     5.7044     23.798    31.8542    23.8158 0.0000e+00
 278.387621     25.000  38.294133    13.7098     5.7321     24.790    31.8556    23.8180 0.0000e+00
 278.387674     26.000  38.295687    13.7104     5.6846     25.781    31.8563    23.8184 0.0000e+00
 278.387702     27.000  38.296554    13.7102     5.7193     26.773    31.8568    23.8189 0.0000e+00
 278.387745     28.000  38.296086    13.7094     5.6984     27.765    31.8567    23.8190 0.0000e+00
 278.387788     29.000  38.295574    13.7065     5.6938     28.756    31.8582    23.8208 0.0000e+00
 278.387814     30.000  38.290231    13.6993     5.6982     29.747    31.8588    23.8227 0.0000e+00
 278.387853     31.000  38.289464    13.6972     5.6996     30.739    31.8595    23.8237 0.0000e+00
 278.387882     32.000  38.296724    13.7055     5.7130     31.731    31.8590    23.8216 0.0000e+00
 278.387905     33.000  38.296819    13.7046     5.7079     32.722    31.8594    23.8222 0.0000e+00
 278.387939     34.000  38.293922    13.6997     5.7011     33.714    31.8604    23.8239 0.0000e+00
 278.387973     35.000  38.291620    13.6942     5.6911     34.705    31.8625    23.8267 0.0000e+00
 278.387997     36.000  38.294025    13.6951     5.6960     35.696    31.8635    23.8274 0.0000e+00
 278.388020     37.000  38.294544    13.6963     5.6970     36.688    31.8626    23.8265 0.0000e+00
 278.388047     38.000  38.294409    13.6950     5.6921     37.679    31.8632    23.8272 0.0000e+00
 278.388083     39.000  38.293039    13.6904     5.6929     38.671    31.8653    23.8298 0.0000e+00
 278.388109     40.000  38.288514    13.6802     5.6552     39.662    31.8693    23.8349 0.0000e+00
 278.388129     41.000  38.277079    13.6605     5.6830     40.654    31.8747    23.8432 0.0000e+00
 278.388157     42.000  38.275211    13.6640     5.6861     41.645    31.8696    23.8385 0.0000e+00
 278.388189     43.000  38.279276    13.6663     5.6451     42.637    31.8711    23.8392 0.0000e+00
 278.388219     44.000  38.266078    13.6314     5.6095     43.628    31.8876    23.8590 0.0000e+00
 278.388238     45.000  38.207699    13.5550     5.6208     44.619    31.8967    23.8814 0.0000e+00
 278.388260     46.000  38.205794    13.5560     5.6304     45.611    31.8937    23.8789 0.0000e+00
 278.388300     47.000  38.205380    13.5553     5.6348     46.603    31.8934    23.8789 0.0000e+00
 278.388327     48.000  38.208091    13.5605     5.6367     47.594    31.8913    23.8762 0.0000e+00
 278.388349     49.000  38.212637    13.5643     5.5864     48.585    31.8919    23.8759 0.0000e+00
 278.388371     50.000  38.200595    13.5419     5.6008     49.577    31.8990    23.8859 0.0000e+00
 278.388406     51.000  38.183652    13.5166     5.5901     50.568    31.9040    23.8949 0.0000e+00
 278.388439     52.000  38.168144    13.4896     5.5497     51.560    31.9118    23.9063 0.0000e+00
 278.388462     53.000  38.148371    13.4534     5.5610     52.551    31.9232    23.9224 0.0000e+00
 278.388505     54.000  38.134650    13.4347     5.5168     53.543    31.9256    23.9281 0.0000e+00
 278.388536     55.000  38.112285    13.3990     5.4910     54.534    31.9343    23.9419 0.0000e+00
 278.388560     56.000  38.081811    13.3375     5.4934     55.525    31.9570    23.9716 0.0000e+00
 278.388593     57.000  38.062865    13.3207     5.4623     56.516    31.9530    23.9718 0.0000e+00
 278.388638     58.000  38.044892    13.2878     5.3495     57.508    31.9634    23.9865 0.0000e+00
 278.388669     59.000  37.976555    13.1437     5.2448     58.499    32.0202    24.0589 0.0000e+00
 278.388693     60.000  37.844020    12.9489     5.3093     59.491    32.0596    24.1275 0.0000e+00
 278.388747     61.000  37.781053    12.8555     5.1022     60.482    32.0789    24.1605 0.0000e+00
 278.388783     62.000  37.666475    12.6380     5.0432     61.473    32.1549    24.2614 0.0000e+00
 278.388827     63.000  37.588984    12.5320     5.0498     62.465    32.1714    24.2944 0.0000e+00
 278.388867     64.000  37.559071    12.4781     4.8275     63.456    32.1886    24.3180 0.0000e+00
 278.388897     65.000  37.381859    12.2476     4.4983     64.447    32.2164    24.3831 0.0000e+00
 278.388930     66.000  37.001312    11.6068     4.2461     65.439    32.4035    24.6471 0.0000e+00
 278.388977     67.000  36.495260    10.7764     3.7191     66.430    32.6386    24.9769 0.0000e+00
 278.389013     68.000  36.045729    10.0670     3.4530     67.421    32.8246    25.2439 0.0000e+00
 278.389303     69.000  35.487574     9.2878     3.5360     68.413    32.9661    25.4822 0.0000e+00
