data/oxygen options/OCNMS/OCNMS1/raw_data/2011/CAST_MB042_072011faed.cnv
* Sea-Bird SBE19 Data File:
* FileName = F:\Cast_MB042_072011.hex
* Software Version 1.59
* Temperature SN = 2997
* Conductivity SN = 2997
* System UpLoad Time = Jul 21 2011 00:28:27
* ds
* SEACAT PROFILER V3.1c SN 2997   07/20/11  17:27:13.967
# nquan = 9                                 
# nvalues = 6889                        
# units = specified
# name 0 = timeJ: Julian Days
# name 1 = prSM: Pressure, Strain Gauge [db]
# name 2 = c0mS/cm: Conductivity [mS/cm]
# name 3 = t090C: Temperature [ITS-90, deg C]
# name 4 = sbeox0ML/L: Oxygen, SBE 43 [ml/l]
# name 5 = depSM: Depth [salt water, m], lat = 47.5
# name 6 = sal00: Salinity, Practical [PSU]
# name 7 = sigma-é00: Density [sigma-theta, kg/m^3]
# name 8 = flag: flag
# span 0 = 201.526887, 201.566748       
# span 1 =     -6.000,     40.534       
# span 2 =   0.034703,  38.225769       
# span 3 =     7.2856,    18.1893       
# span 4 =   -15.3333,    16.8768       
# span 5 =     -5.950,     40.192       
# span 6 =     0.0238,    33.7866       
# span 7 =    -1.4140,    26.4224       
# span 8 = 0.0000e+00, 0.0000e+00       
# interval = seconds: 0.5
# start_time = Jul 20 2011 12:38:43 [Instrument's time stamp, header]
# bad_flag = -9.990e-29
*END*
[from data line 1921]
 201.538003     -0.093   0.508499    14.8790    -2.0019     -0.092     0.3085    -0.6415 -9.990e-29
 201.538009     -0.093   0.509306    14.8809    -2.0016     -0.092     0.3090    -0.6414 -9.990e-29
 201.538015     -0.092   0.510300    14.8869    -2.0001     -0.091     0.3096    -0.6419 -9.990e-29
 201.538021     -0.090   0.510039    14.8954    -1.9988     -0.089     0.3093    -0.6433 -9.990e-29
 201.538027     -0.088   0.508173    14.9039    -1.9980     -0.087     0.3081    -0.6455 -9.990e-29
 201.538032     -0.085   0.505537    14.9108    -1.9978     -0.084     0.3064    -0.6479 -9.990e-29
 201.538038     -0.082   0.503046    14.9151    -1.9980     -0.081     0.3048    -0.6498 -9.990e-29
 201.538044     -0.076   0.501255    14.9164    -1.9980     -0.075     0.3037    -0.6508 -9.990e-29
 201.538050     -0.070   0.499991    14.9167    -1.9978     -0.069     0.3029    -0.6515 -9.990e-29
 201.538056     -0.061   0.498675    14.9208    -1.9979     -0.060     0.3020    -0.6528 -9.990e-29
 201.538061     -0.050   0.497217    14.9341    -1.9982     -0.050     0.3010    -0.6556 -9.990e-29
 201.538067     -0.040   0.495887    14.9563    -1.9987     -0.040     0.3000    -0.6597 -9.990e-29
 201.538073     -0.034   0.495127    14.9800    -1.9994     -0.034     0.2994    -0.6638 -9.990e-29
 201.538079     -0.029   0.495584    14.9969    -2.0001     -0.029     0.2996    -0.6662 -9.990e-29
 201.538084     -0.023   0.497315    15.0050    -2.0003     -0.023     0.3006    -0.6666 -9.990e-29
 201.538090     -0.021   0.499310    15.0076    -2.0007     -0.021     0.3018    -0.6661 -9.990e-29
 201.538096     -0.022   0.500354    15.0088    -2.0018     -0.022     0.3024    -0.6658 -9.990e-29
 201.538102     -0.027   0.499625    15.0094    -2.0027     -0.027     0.3020    -0.6662 -9.990e-29
 201.538108     -0.032   0.497260    15.0066    -2.0027     -0.032     0.3005    -0.6669 -9.990e-29
 201.538113     -0.036   0.494535    14.9990    -2.0026     -0.036     0.2989    -0.6670 -9.990e-29
 201.538119     -0.045   0.492801    14.9875    -2.0027     -0.045     0.2979    -0.6661 -9.990e-29
 201.538125     -0.054   0.492513    14.9739    -2.0025     -0.054     0.2978    -0.6641 -9.990e-29
 201.538131     -0.060   0.492735    14.9605    -2.0025     -0.059     0.2981    -0.6619 -9.990e-29
 201.538137     -0.064   0.492656    14.9483    -2.0030     -0.063     0.2981    -0.6600 -9.990e-29
 201.538142     -0.066   0.492726    14.9340    -2.0033     -0.065     0.2982    -0.6577 -9.990e-29
 201.538148     -0.065   0.493594    14.9167    -2.0036     -0.064     0.2989    -0.6546 -9.990e-29
 201.538154     -0.062   0.495310    14.9025    -2.0040     -0.061     0.3001    -0.6515 -9.990e-29
 201.538160     -0.057   0.496841    14.8957    -2.0044     -0.057     0.3011    -0.6497 -9.990e-29
 201.538166     -0.048   0.497463    14.8938    -2.0048     -0.048     0.3015    -0.6492 -9.990e-29
 201.538171     -0.037   0.498007    14.8935    -2.0045     -0.037     0.3018    -0.6488 -9.990e-29
 201.538177     -0.025   0.499197    14.8934    -2.0040     -0.025     0.3026    -0.6482 -9.990e-29
 201.538183     -0.017   0.500408    14.8914    -2.0038     -0.017     0.3033    -0.6474 -9.990e-29
 201.538189     -0.008   0.500485    14.8862    -2.0040     -0.008     0.3034    -0.6465 -9.990e-29
 201.538194      0.002   0.498979    14.8791    -2.0043      0.002     0.3025    -0.6461 -9.990e-29
 201.538200      0.007   0.496099    14.8712    -2.0043      0.007     0.3008    -0.6463 -9.990e-29
 201.538206      0.005   0.492434    14.8630    -2.0044      0.005     0.2986    -0.6468 -9.990e-29
 201.538212      0.002   0.489187    14.8553    -2.0047      0.002     0.2966    -0.6472 -9.990e-29
 201.538218     -0.004   0.488121    14.8505    -2.0048     -0.004     0.2960    -0.6469 -9.990e-29
 201.538223     -0.012   0.490582    14.8515    -2.0045     -0.012     0.2975    -0.6459 -9.990e-29
 201.538229     -0.022   0.495425    14.8563    -2.0043     -0.022     0.3005    -0.6443 -9.990e-29
 201.538235     -0.032   0.499143    14.8594    -2.0044     -0.032     0.3028    -0.6430 -9.990e-29
 201.538241     -0.038   0.499498    14.8585    -2.0048     -0.038     0.3030    -0.6427 -9.990e-29
 201.538247     -0.039   0.497519    14.8557    -2.0049     -0.039     0.3018    -0.6432 -9.990e-29
 201.538252     -0.041   0.495548    14.8529    -2.0053     -0.041     0.3006    -0.6437 -9.990e-29
 201.538258     -0.048   0.494835    14.8497    -2.0057     -0.048     0.3002    -0.6436 -9.990e-29
 201.538264     -0.056   0.494981    14.8467    -2.0056     -0.056     0.3003    -0.6430 -9.990e-29
 201.538270     -0.061   0.495076    14.8458    -2.0047     -0.060     0.3003    -0.6428 -9.990e-29
 201.538275     -0.063   0.495248    14.8475    -2.0042     -0.062     0.3004    -0.6430 -9.990e-29
 201.538281     -0.063   0.496282    14.8490    -2.0040     -0.062     0.3011    -0.6427 -9.990e-29
 201.538287     -0.060   0.497895    14.8472    -2.0032     -0.059     0.3021    -0.6417 -9.990e-29
 201.538293     -0.059   0.498919    14.8425    -2.0026     -0.059     0.3028    -0.6405 -9.990e-29
 201.538299     -0.065   0.498504    14.8371    -2.0023     -0.064     0.3026    -0.6398 -9.990e-29
 201.538304     -0.072   0.496652    14.8317    -2.0022     -0.071     0.3014    -0.6399 -9.990e-29
 201.538310     -0.077   0.494217    14.8285    -2.0023     -0.076     0.2999    -0.6406 -9.990e-29
 201.538316     -0.080   0.492383    14.8320    -2.0021     -0.079     0.2988    -0.6420 -9.990e-29
 201.538322     -0.082   0.492025    14.8420    -2.0020     -0.081     0.2985    -0.6437 -9.990e-29
 201.538328     -0.083   0.492669    14.8535    -2.0020     -0.082     0.2988    -0.6452 -9.990e-29
 201.538333     -0.083   0.492958    14.8654    -2.0019     -0.082     0.2989    -0.6469 -9.990e-29
 201.538339     -0.082   0.492173    14.8787    -2.0016     -0.081     0.2983    -0.6494 -9.990e-29
 201.538345     -0.080   0.490375    14.8906    -2.0005     -0.079     0.2971    -0.6521 -9.990e-29
 201.538351     -0.076   0.488488    14.8986    -2.0011     -0.075     0.2959    -0.6542 -9.990e-29
 201.538356     -0.071   0.487320    14.9027    -2.0017     -0.070     0.2951    -0.6554 -9.990e-29
 201.538362     -0.063   0.486974    14.9048    -2.0018     -0.062     0.2949    -0.6559 -9.990e-29
 201.538368     -0.058   0.487546    14.9068    -2.0021     -0.058     0.2952    -0.6560 -9.990e-29
 201.538374     -0.058   0.488690    14.9092    -2.0018     -0.058     0.2959    -0.6558 -9.990e-29
 201.538380     -0.060   0.489720    14.9121    -2.0012     -0.059     0.2965    -0.6557 -9.990e-29
 201.538385     -0.059   0.490348    14.9170    -2.0013     -0.059     0.2969    -0.6562 -9.990e-29
 201.538391     -0.056   0.490305    14.9253    -2.0012     -0.056     0.2968    -0.6575 -9.990e-29
 201.538397     -0.054   0.488980    14.9320    -2.0012     -0.054     0.2959    -0.6592 -9.990e-29
 201.538403     -0.057   0.486270    14.9305    -2.0016     -0.057     0.2942    -0.6603 -9.990e-29
 201.538409     -0.063   0.482990    14.9241    -2.0017     -0.062     0.2922    -0.6609 -9.990e-29
 201.538414     -0.065   0.480306    14.9189    -2.0018     -0.064     0.2906    -0.6614 -9.990e-29
 201.538420     -0.066   0.479068    14.9173    -2.0016     -0.065     0.2898    -0.6617 -9.990e-29
 201.538426     -0.064   0.479288    14.9205    -2.0016     -0.063     0.2900    -0.6621 -9.990e-29
 201.538432     -0.060   0.480152    14.9261    -2.0016     -0.059     0.2905    -0.6626 -9.990e-29
 201.538437     -0.048   0.480598    14.9298    -2.0014     -0.048     0.2907    -0.6629 -9.990e-29
 201.538443     -0.029   0.480115    14.9305    -2.0007     -0.029     0.2904    -0.6633 -9.990e-29
 201.538449     -0.015   0.479166    14.9287    -1.9998     -0.015     0.2898    -0.6634 -9.990e-29
 201.538455     -0.007   0.478148    14.9253    -1.9991     -0.007     0.2892    -0.6634 -9.990e-29
 201.538461     -0.002   0.476814    14.9225    -1.9986     -0.002     0.2884    -0.6636 -9.990e-29
 201.538466      0.001   0.475045    14.9219    -1.9982      0.001     0.2873    -0.6644 -9.990e-29
 201.538472      0.001   0.473252    14.9228    -1.9981      0.001     0.2862    -0.6654 -9.990e-29
 201.538478     -0.000   0.472368    14.9245    -1.9984     -0.000     0.2856    -0.6661 -9.990e-29
 201.538484      0.000   0.472875    14.9282    -1.9988      0.000     0.2859    -0.6664 -9.990e-29
 201.538490      0.003   0.473789    14.9362    -1.9994      0.003     0.2864    -0.6672 -9.990e-29
 201.538495      0.004   0.473564    14.9498    -1.9998      0.004     0.2862    -0.6694 -9.990e-29
 201.538501      0.003   0.471899    14.9666    -1.9996      0.003     0.2850    -0.6729 -9.990e-29
 201.538507     -0.000   0.469897    14.9822    -1.9996     -0.000     0.2837    -0.6763 -9.990e-29
 201.538513     -0.001   0.468764    14.9944    -1.9994     -0.001     0.2829    -0.6787 -9.990e-29
 201.538519      0.004   0.468653    15.0023    -1.9996      0.004     0.2828    -0.6800 -9.990e-29
 201.538524      0.012   0.468309    15.0045    -1.9996      0.012     0.2826    -0.6805 -9.990e-29
 201.538530      0.014   0.466720    15.0008    -1.9994      0.014     0.2816    -0.6807 -9.990e-29
 201.538536      0.006   0.464537    14.9928    -1.9993      0.006     0.2803    -0.6805 -9.990e-29
 201.538542     -0.008   0.462724    14.9835    -1.9992     -0.008     0.2792    -0.6799 -9.990e-29
 201.538547     -0.020   0.461633    14.9769    -1.9993     -0.020     0.2786    -0.6794 -9.990e-29
 201.538553     -0.027   0.461473    14.9748    -1.9998     -0.027     0.2785    -0.6792 -9.990e-29
 201.538559     -0.029   0.462033    14.9754    -2.0004     -0.029     0.2789    -0.6790 -9.990e-29
 201.538565     -0.027   0.462399    14.9763    -2.0007     -0.027     0.2791    -0.6789 -9.990e-29
 201.538571     -0.020   0.461950    14.9764    -2.0010     -0.020     0.2788    -0.6792 -9.990e-29
 201.538576     -0.012   0.461197    14.9771    -2.0013     -0.012     0.2783    -0.6796 -9.990e-29
 201.538582     -0.007   0.460799    14.9792    -2.0011     -0.007     0.2781    -0.6802 -9.990e-29
 201.538588      0.000   0.460780    14.9816    -2.0009      0.000     0.2780    -0.6806 -9.990e-29
 201.538594      0.013   0.460560    14.9823    -2.0005      0.013     0.2779    -0.6808 -9.990e-29
 201.538600      0.030   0.459296    14.9789    -2.0004      0.030     0.2771    -0.6808 -9.990e-29
 201.538605      0.041   0.456964    14.9708    -2.0001      0.041     0.2757    -0.6807 -9.990e-29
 201.538611      0.045   0.454330    14.9605    -2.0004      0.045     0.2742    -0.6804 -9.990e-29
 201.538617      0.041   0.452309    14.9514    -2.0010      0.041     0.2730    -0.6799 -9.990e-29
 201.538623      0.033   0.451531    14.9450    -2.0013      0.033     0.2725    -0.6793 -9.990e-29
 201.538628      0.029   0.451512    14.9424    -2.0016      0.029     0.2725    -0.6789 -9.990e-29
 201.538634      0.029   0.451122    14.9440    -2.0017      0.029     0.2723    -0.6793 -9.990e-29
 201.538640      0.029   0.449843    14.9485    -2.0014      0.029     0.2715    -0.6806 -9.990e-29
 201.538646      0.029   0.448183    14.9536    -2.0008      0.029     0.2704    -0.6822 -9.990e-29
 201.538652      0.028   0.447252    14.9574    -2.0009      0.028     0.2698    -0.6833 -9.990e-29
 201.538657      0.028   0.447468    14.9580    -2.0009      0.028     0.2699    -0.6833 -9.990e-29
 201.538663      0.026   0.448014    14.9534    -2.0008      0.026     0.2703    -0.6823 -9.990e-29
 201.538669      0.025   0.447961    14.9453    -2.0009      0.025     0.2703    -0.6810 -9.990e-29
 201.538675      0.023   0.447237    14.9378    -2.0005      0.023     0.2699    -0.6802 -9.990e-29
 201.538681      0.024   0.446539    14.9333    -2.0005      0.024     0.2695    -0.6799 -9.990e-29
 201.538686      0.029   0.446045    14.9329    -1.9999      0.029     0.2692    -0.6800 -9.990e-29
 201.538692      0.029   0.445098    14.9372    -1.9997      0.029     0.2686    -0.6812 -9.990e-29
 201.538698      0.025   0.443541    14.9433    -2.0001      0.025     0.2676    -0.6829 -9.990e-29
 201.538704      0.025   0.442067    14.9469    -2.0003      0.025     0.2667    -0.6841 -9.990e-29
 201.538709      0.028   0.441480    14.9482    -2.0006      0.028     0.2663    -0.6846 -9.990e-29
 201.538715      0.027   0.441554    14.9494    -2.0007      0.027     0.2663    -0.6848 -9.990e-29
 201.538721      0.021   0.441465    14.9517    -2.0008      0.021     0.2663    -0.6852 -9.990e-29
 201.538727      0.014   0.441095    14.9555    -2.0008      0.014     0.2660    -0.6859 -9.990e-29
 201.538733      0.006   0.440687    14.9607    -2.0004      0.006     0.2657    -0.6869 -9.990e-29
 201.538738      0.001   0.440253    14.9666    -2.0002      0.001     0.2654    -0.6881 -9.990e-29
 201.538744      0.002   0.439952    14.9693    -1.9997      0.002     0.2652    -0.6886 -9.990e-29
 201.538750      0.010   0.439936    14.9669    -1.9993      0.010     0.2652    -0.6883 -9.990e-29
 201.538756      0.020   0.439629    14.9618    -1.9993      0.020     0.2651    -0.6876 -9.990e-29
 201.538762      0.025   0.438624    14.9571    -1.9993      0.025     0.2645    -0.6874 -9.990e-29
 201.538767      0.026   0.437239    14.9544    -1.9994      0.026     0.2636    -0.6876 -9.990e-29
 201.538773      0.025   0.435844    14.9537    -1.9994      0.025     0.2628    -0.6882 -9.990e-29
 201.538779      0.021   0.434792    14.9556    -1.9996      0.021     0.2621    -0.6890 -9.990e-29
 201.538785      0.011   0.434339    14.9608    -2.0000      0.011     0.2618    -0.6900 -9.990e-29
 201.538791      0.003   0.434435    14.9683    -2.0002      0.003     0.2618    -0.6911 -9.990e-29
 201.538796     -0.002   0.434655    14.9764    -2.0002     -0.002     0.2619    -0.6923 -9.990e-29
 201.538802     -0.009   0.434186    14.9826    -2.0002     -0.009     0.2616    -0.6935 -9.990e-29
 201.538808     -0.014   0.432955    14.9855    -2.0002     -0.014     0.2608    -0.6945 -9.990e-29
 201.538814     -0.014   0.432089    14.9861    -2.0002     -0.014     0.2602    -0.6950 -9.990e-29
 201.538819     -0.013   0.432095    14.9850    -1.9999     -0.013     0.2602    -0.6948 -9.990e-29
 201.538825     -0.015   0.432426    14.9827    -1.9996     -0.015     0.2605    -0.6943 -9.990e-29
 201.538831     -0.015   0.432416    14.9789    -1.9993     -0.015     0.2605    -0.6937 -9.990e-29
 201.538837     -0.010   0.431497    14.9740    -1.9993     -0.010     0.2599    -0.6934 -9.990e-29
 201.538843     -0.004   0.430105    14.9699    -1.9990     -0.004     0.2591    -0.6934 -9.990e-29
 201.538848      0.000   0.429152    14.9681    -1.9982      0.000     0.2585    -0.6936 -9.990e-29
 201.538854      0.002   0.428476    14.9677    -1.9977      0.002     0.2581    -0.6939 -9.990e-29
 201.538860     -0.002   0.427726    14.9680    -1.9975     -0.002     0.2577    -0.6943 -9.990e-29
 201.538866     -0.013   0.427010    14.9697    -1.9975     -0.013     0.2572    -0.6949 -9.990e-29
 201.538872     -0.022   0.426481    14.9738    -1.9977     -0.022     0.2568    -0.6958 -9.990e-29
 201.538877     -0.027   0.426542    14.9797    -1.9976     -0.027     0.2568    -0.6967 -9.990e-29
 201.538883     -0.027   0.427271    14.9861    -1.9968     -0.027     0.2573    -0.6973 -9.990e-29
 201.538889     -0.022   0.427982    14.9926    -1.9957     -0.022     0.2577    -0.6980 -9.990e-29
 201.538895     -0.016   0.427961    15.0013    -1.9954     -0.016     0.2576    -0.6994 -9.990e-29
 201.538900     -0.014   0.427181    15.0125    -1.9949     -0.014     0.2570    -0.7015 -9.990e-29
 201.538906     -0.010   0.426262    15.0226    -1.9947     -0.010     0.2564    -0.7035 -9.990e-29
 201.538912     -0.004   0.425639    15.0289    -1.9948     -0.004     0.2560    -0.7048 -9.990e-29
 201.538918     -0.001   0.425034    15.0320    -1.9948     -0.001     0.2556    -0.7056 -9.990e-29
