data/oxygen options/OCNMS/OCNMS1/raw_data/2011/CAST_KL027_071911faed.cnv
* Sea-Bird SBE19 Data File:
* FileName = F:\\CAST_KL027_071911000.hex
* Software Version 1.59
* Temperature SN = 2997
* Conductivity SN = 2997
* System UpLoad Time = Jul 19 2011 19:41:33
* ds
* SEACAT PROFILER V3.1c SN 2997   07/19/11  12:40:59.989
# nquan = 9                                 
# nvalues = 779                         
# units = specified
# name 0 = timeJ: Julian Days
# name 1 = prSM: Pressure, Strain Gauge [db]
# name 2 = c0mS/cm: Conductivity [mS/cm]
# name 3 = t090C: Temperature [ITS-90, deg C]
# name 4 = sbeox0ML/L: Oxygen, SBE 43 [ml/l]
# name 5 = depSM: Depth [salt water, m], lat = 47.5
# name 6 = sal00: Salinity, Practical [PSU]
# name 7 = sigma-é00: Density [sigma-theta, kg/m^3]
# name 8 = flag: flag
# span 0 = 200.521204, 200.525706       
# span 1 =     -5.240,     27.405       
# span 2 =   0.389302,  37.027691       
# span 3 =     7.7507,    17.5809       
# span 4 =    -1.9015,    16.8633       
# span 5 =     -5.196,     27.174       
# span 6 =     0.2205,    33.3225       
# span 7 =    -1.1483,    25.9905       
# span 8 = 0.0000e+00, 0.0000e+00       
# interval = seconds: 0.5
# start_time = Jul 19 2011 12:30:32 [Instrument's time stamp, header]
# bad_flag = -9.990e-29
*END*
[from data line 481]
 200.523987     25.996  34.422996     7.7586     3.2979     25.777    33.3008    25.9749 -9.990e-29
 200.523993     26.012  34.424608     7.7597     3.2995     25.793    33.3015    25.9752 -9.990e-29
 200.523999     26.030  34.425649     7.7601     3.2926     25.811    33.3022    25.9758 -9.990e-29
 200.524005     26.050  34.425228     7.7596     3.2928     25.831    33.3022    25.9758 -9.990e-29
 200.524010     26.072  34.423679     7.7581     3.2859     25.853    33.3020    25.9759 -9.990e-29
 200.524016     26.090  34.421715     7.7562     3.2902     25.871    33.3017    25.9759 -9.990e-29
 200.524022     26.098  34.420438     7.7555     3.2886     25.879    33.3010    25.9755 -9.990e-29
 200.524028     26.089  34.420937     7.7561     3.2883     25.870    33.3010    25.9753 -9.990e-29
 200.524034     26.056  34.422567     7.7568     3.2810     25.837    33.3021    25.9761 -9.990e-29
 200.524039     26.012  34.423588     7.7571     3.2853     25.793    33.3029    25.9767 -9.990e-29
 200.524045     25.977  34.423684     7.7565     3.2839     25.759    33.3036    25.9773 -9.990e-29
 200.524051     25.969  34.422989     7.7554     3.2939     25.751    33.3039    25.9777 -9.990e-29
 200.524057     25.985  34.421699     7.7543     3.2899     25.767    33.3036    25.9776 -9.990e-29
 200.524063     26.015  34.420338     7.7534     3.2945     25.796    33.3029    25.9773 -9.990e-29
 200.524068     26.042  34.419335     7.7532     3.2901     25.823    33.3020    25.9766 -9.990e-29
 200.524074     26.057  34.419032     7.7538     3.2943     25.838    33.3011    25.9758 -9.990e-29
 200.524080     26.055  34.419588     7.7549     3.2799     25.836    33.3007    25.9753 -9.990e-29
 200.524086     26.041  34.420626     7.7557     3.2912     25.822    33.3010    25.9755 -9.990e-29
 200.524091     26.027  34.421295     7.7559     3.2697     25.808    33.3016    25.9758 -9.990e-29
 200.524097     26.024  34.421370     7.7551     3.2812     25.805    33.3024    25.9766 -9.990e-29
 200.524103     26.037  34.420955     7.7540     3.2825     25.818    33.3030    25.9773 -9.990e-29
 200.524109     26.070  34.420061     7.7532     3.2870     25.851    33.3028    25.9772 -9.990e-29
 200.524115     26.123  34.419181     7.7527     3.2912     25.903    33.3023    25.9769 -9.990e-29
 200.524120     26.171  34.418821     7.7529     3.2899     25.951    33.3017    25.9764 -9.990e-29
 200.524126     26.198  34.419064     7.7536     3.2858     25.978    33.3013    25.9760 -9.990e-29
 200.524132     26.199  34.419676     7.7542     3.2800     25.979    33.3014    25.9759 -9.990e-29
 200.524138     26.181  34.420356     7.7549     3.2826     25.961    33.3014    25.9759 -9.990e-29
 200.524144     26.154  34.420895     7.7554     3.2897     25.934    33.3016    25.9759 -9.990e-29
 200.524149     26.130  34.420895     7.7552     3.2782     25.910    33.3018    25.9761 -9.990e-29
 200.524155     26.110  34.420361     7.7544     3.2925     25.890    33.3020    25.9764 -9.990e-29
 200.524161     26.100  34.419702     7.7534     3.2757     25.881    33.3022    25.9767 -9.990e-29
 200.524167     26.101  34.419164     7.7527     3.2802     25.882    33.3023    25.9769 -9.990e-29
 200.524172     26.109  34.418595     7.7523     3.2787     25.889    33.3021    25.9768 -9.990e-29
 200.524178     26.122  34.417796     7.7521     3.2800     25.902    33.3014    25.9763 -9.990e-29
 200.524184     26.136  34.417385     7.7524     3.2813     25.916    33.3007    25.9756 -9.990e-29
 200.524190     26.142  34.417937     7.7533     3.2753     25.922    33.3004    25.9753 -9.990e-29
 200.524196     26.141  34.419070     7.7542     3.2680     25.921    33.3007    25.9754 -9.990e-29
 200.524201     26.143  34.420058     7.7547     3.2624     25.923    33.3013    25.9758 -9.990e-29
 200.524207     26.150  34.420543     7.7545     3.2683     25.930    33.3020    25.9764 -9.990e-29
 200.524213     26.164  34.420057     7.7537     3.2711     25.944    33.3023    25.9767 -9.990e-29
 200.524219     26.181  34.418516     7.7529     3.2670     25.961    33.3014    25.9761 -9.990e-29
 200.524225     26.190  34.417227     7.7525     3.2646     25.970    33.3004    25.9754 -9.990e-29
 200.524230     26.178  34.417273     7.7529     3.2743     25.958    33.3000    25.9751 -9.990e-29
 200.524236     26.145  34.418156     7.7538     3.2798     25.925    33.3001    25.9750 -9.990e-29
 200.524242     26.096  34.418818     7.7547     3.2853     25.877    33.3000    25.9748 -9.990e-29
 200.524248     26.041  34.419024     7.7553     3.2823     25.822    33.2997    25.9745 -9.990e-29
 200.524253     25.999  34.419053     7.7552     3.2767     25.780    33.2998    25.9746 -9.990e-29
 200.524259     25.985  34.418388     7.7543     3.2668     25.767    33.3000    25.9748 -9.990e-29
 200.524265     25.996  34.417269     7.7532     3.2740     25.777    33.2998    25.9749 -9.990e-29
 200.524271     26.025  34.417004     7.7523     3.2669     25.806    33.3004    25.9754 -9.990e-29
 200.524277     26.066  34.417245     7.7516     3.2671     25.847    33.3013    25.9763 -9.990e-29
 200.524282     26.100  34.417194     7.7515     3.2600     25.881    33.3013    25.9763 -9.990e-29
 200.524288     26.107  34.417345     7.7522     3.2643     25.887    33.3008    25.9758 -9.990e-29
 200.524294     26.097  34.417903     7.7531     3.2628     25.878    33.3006    25.9755 -9.990e-29
 200.524300     26.081  34.418493     7.7535     3.2725     25.862    33.3008    25.9756 -9.990e-29
 200.524306     26.063  34.418787     7.7534     3.2681     25.844    33.3012    25.9760 -9.990e-29
 200.524311     26.055  34.418623     7.7533     3.2724     25.836    33.3012    25.9759 -9.990e-29
 200.524317     26.064  34.418345     7.7533     3.2683     25.845    33.3009    25.9757 -9.990e-29
 200.524323     26.088  34.418144     7.7532     3.2726     25.869    33.3007    25.9756 -9.990e-29
 200.524329     26.118  34.417757     7.7529     3.2684     25.898    33.3006    25.9755 -9.990e-29
 200.524334     26.149  34.417231     7.7527     3.2825     25.929    33.3002    25.9752 -9.990e-29
 200.524340     26.169  34.416985     7.7526     3.2709     25.949    33.3000    25.9751 -9.990e-29
 200.524346     26.167  34.417254     7.7527     3.2726     25.947    33.3002    25.9752 -9.990e-29
 200.524352     26.142  34.417839     7.7532     3.2556     25.922    33.3004    25.9753 -9.990e-29
 200.524358     26.106  34.418404     7.7536     3.2542     25.886    33.3006    25.9754 -9.990e-29
 200.524363     26.075  34.418587     7.7535     3.2654     25.856    33.3009    25.9757 -9.990e-29
 200.524369     26.058  34.418076     7.7528     3.2655     25.839    33.3011    25.9759 -9.990e-29
 200.524375     26.054  34.417315     7.7520     3.2642     25.835    33.3010    25.9760 -9.990e-29
 200.524381     26.056  34.416971     7.7517     3.2656     25.837    33.3009    25.9759 -9.990e-29
 200.524387     26.053  34.417149     7.7521     3.2684     25.834    33.3007    25.9757 -9.990e-29
 200.524392     26.047  34.417526     7.7526     3.2711     25.828    33.3007    25.9756 -9.990e-29
 200.524398     26.049  34.417490     7.7527     3.2739     25.830    33.3005    25.9755 -9.990e-29
 200.524404     26.065  34.416996     7.7523     3.2684     25.846    33.3004    25.9754 -9.990e-29
 200.524410     26.081  34.416510     7.7520     3.2684     25.862    33.3001    25.9753 -9.990e-29
 200.524416     26.091  34.416505     7.7520     3.2685     25.872    33.3001    25.9753 -9.990e-29
 200.524421     26.100  34.416978     7.7518     3.2684     25.881    33.3008    25.9758 -9.990e-29
 200.524427     26.112  34.416882     7.7515     3.2583     25.892    33.3010    25.9760 -9.990e-29
 200.524433     26.124  34.416093     7.7514     3.2654     25.904    33.3002    25.9754 -9.990e-29
 200.524439     26.128  34.415801     7.7515     3.2483     25.908    33.2998    25.9751 -9.990e-29
 200.524444     26.125  34.416178     7.7518     3.2557     25.905    33.2999    25.9752 -9.990e-29
 200.524450     26.122  34.416612     7.7520     3.2612     25.902    33.3002    25.9753 -9.990e-29
 200.524456     26.125  34.416565     7.7518     3.2613     25.905    33.3004    25.9755 -9.990e-29
 200.524462     26.132  34.415976     7.7514     3.2596     25.912    33.3001    25.9753 -9.990e-29
 200.524468     26.140  34.415745     7.7510     3.2612     25.920    33.3002    25.9755 -9.990e-29
 200.524473     26.142  34.416127     7.7512     3.2541     25.922    33.3005    25.9756 -9.990e-29
 200.524479     26.137  34.416514     7.7518     3.2640     25.917    33.3003    25.9754 -9.990e-29
 200.524485     26.133  34.416866     7.7522     3.2696     25.913    33.3003    25.9754 -9.990e-29
 200.524491     26.134  34.417094     7.7521     3.2667     25.914    33.3006    25.9757 -9.990e-29
 200.524497     26.142  34.416946     7.7517     3.2596     25.922    33.3009    25.9759 -9.990e-29
 200.524502     26.151  34.416790     7.7515     3.2514     25.931    33.3009    25.9759 -9.990e-29
 200.524508     26.153  34.416978     7.7515     3.2516     25.933    33.3011    25.9761 -9.990e-29
 200.524514     26.146  34.417205     7.7516     3.2545     25.926    33.3012    25.9762 -9.990e-29
 200.524520     26.132  34.417216     7.7518     3.2601     25.912    33.3011    25.9760 -9.990e-29
 200.524525     26.119  34.417030     7.7520     3.2599     25.899    33.3007    25.9757 -9.990e-29
 200.524531     26.111  34.416402     7.7519     3.2697     25.891    33.3001    25.9753 -9.990e-29
 200.524537     26.106  34.415618     7.7517     3.2623     25.886    33.2994    25.9748 -9.990e-29
 200.524543     26.110  34.415316     7.7518     3.2695     25.890    33.2990    25.9744 -9.990e-29
 200.524549     26.131  34.415098     7.7518     3.2596     25.911    33.2988    25.9742 -9.990e-29
 200.524554     26.175  34.414675     7.7515     3.2739     25.955    33.2986    25.9741 -9.990e-29
 200.524560     26.235  34.414607     7.7512     3.2525     26.014    33.2988    25.9743 -9.990e-29
 200.524566     26.290  34.414807     7.7509     3.2613     26.069    33.2993    25.9747 -9.990e-29
 200.524572     26.317  34.414981     7.7510     3.2571     26.096    33.2993    25.9748 -9.990e-29
 200.524578     26.311  34.415362     7.7517     3.2514     26.090    33.2991    25.9745 -9.990e-29
 200.524583     26.274  34.415902     7.7524     3.2725     26.053    33.2990    25.9743 -9.990e-29
 200.524589     26.217  34.416205     7.7527     3.2668     25.997    33.2991    25.9743 -9.990e-29
 200.524595     26.158  34.416118     7.7525     3.2725     25.938    33.2992    25.9745 -9.990e-29
 200.524601     26.114  34.415531     7.7520     3.2597     25.894    33.2991    25.9744 -9.990e-29
 200.524606     26.092  34.414786     7.7516     3.2614     25.873    33.2987    25.9742 -9.990e-29
 200.524612     26.091  34.414574     7.7514     3.2542     25.872    33.2986    25.9742 -9.990e-29
 200.524618     26.104  34.414615     7.7510     3.2641     25.885    33.2990    25.9746 -9.990e-29
 200.524624     26.126  34.414406     7.7507     3.2598     25.906    33.2991    25.9746 -9.990e-29
 200.524630     26.149  34.414230     7.7513     3.2642     25.929    33.2983    25.9740 -9.990e-29
 200.524635     26.165  34.414415     7.7522     3.2598     25.945    33.2976    25.9733 -9.990e-29
 200.524641     26.171  34.414651     7.7525     3.2640     25.951    33.2976    25.9732 -9.990e-29
 200.524647     26.173  34.414695     7.7524     3.2498     25.953    33.2978    25.9734 -9.990e-29
 200.524653     26.179  34.414609     7.7522     3.2411     25.959    33.2979    25.9735 -9.990e-29
 200.524659     26.193  34.414284     7.7522     3.2538     25.973    33.2975    25.9732 -9.990e-29
 200.524664     26.212  34.413850     7.7522     3.2467     25.992    33.2970    25.9728 -9.990e-29
 200.524670     26.229  34.413849     7.7523     3.2553     26.008    33.2969    25.9727 -9.990e-29
 200.524676     26.240  34.414282     7.7524     3.2526     26.019    33.2973    25.9730 -9.990e-29
 200.524682     26.247  34.414612     7.7525     3.2597     26.026    33.2975    25.9732 -9.990e-29
 200.524688     26.249  34.414721     7.7532     3.2581     26.028    33.2970    25.9726 -9.990e-29
 200.524693     26.246  34.414758     7.7543     3.2653     26.025    33.2960    25.9717 -9.990e-29
 200.524699     26.239  34.414776     7.7552     3.2555     26.018    33.2951    25.9709 -9.990e-29
 200.524705     26.223  34.414802     7.7553     3.2599     26.002    33.2951    25.9708 -9.990e-29
 200.524711     26.193  34.414872     7.7545     3.2555     25.973    33.2959    25.9716 -9.990e-29
 200.524716     26.159  34.415080     7.7536     3.2598     25.939    33.2970    25.9726 -9.990e-29
 200.524722     26.141  34.415148     7.7529     3.2653     25.921    33.2978    25.9733 -9.990e-29
 200.524728     26.141  34.414613     7.7525     3.2623     25.921    33.2976    25.9732 -9.990e-29
 200.524734     26.152  34.413881     7.7527     3.2653     25.932    33.2966    25.9724 -9.990e-29
 200.524740     26.170  34.413659     7.7533     3.2498     25.950    33.2958    25.9717 -9.990e-29
 200.524745     26.195  34.413651     7.7536     3.2569     25.975    33.2955    25.9714 -9.990e-29
 200.524751     26.230  34.413289     7.7537     3.2494     26.009    33.2950    25.9710 -9.990e-29
 200.524757     26.268  34.413211     7.7538     3.2593     26.047    33.2948    25.9708 -9.990e-29
 200.524763     26.295  34.413875     7.7539     3.2452     26.074    33.2954    25.9713 -9.990e-29
 200.524769     26.303  34.414490     7.7540     3.2468     26.082    33.2959    25.9717 -9.990e-29
 200.524774     26.293  34.414757     7.7541     3.2526     26.072    33.2961    25.9718 -9.990e-29
 200.524780     26.268  34.415036     7.7545     3.2626     26.047    33.2961    25.9717 -9.990e-29
 200.524786     26.241  34.415141     7.7547     3.2738     26.020    33.2960    25.9716 -9.990e-29
 200.524792     26.217  34.414655     7.7545     3.2484     25.997    33.2957    25.9714 -9.990e-29
 200.524797     26.192  34.414050     7.7546     3.2599     25.972    33.2949    25.9708 -9.990e-29
 200.524803     26.158  34.414202     7.7550     3.2498     25.938    33.2947    25.9706 -9.990e-29
 200.524809     26.123  34.414754     7.7550     3.2524     25.903    33.2954    25.9711 -9.990e-29
 200.524815     26.106  34.414768     7.7545     3.2480     25.886    33.2959    25.9716 -9.990e-29
 200.524821     26.118  34.414264     7.7541     3.2468     25.898    33.2957    25.9715 -9.990e-29
 200.524826     26.152  34.413694     7.7537     3.2453     25.932    33.2954    25.9714 -9.990e-29
 200.524832     26.193  34.413420     7.7535     3.2453     25.973    33.2953    25.9713 -9.990e-29
 200.524838     26.230  34.413636     7.7536     3.2581     26.009    33.2954    25.9714 -9.990e-29
 200.524844     26.262  34.414070     7.7537     3.2483     26.041    33.2958    25.9716 -9.990e-29
 200.524850     26.286  34.414185     7.7540     3.2710     26.065    33.2956    25.9715 -9.990e-29
 200.524855     26.295  34.414134     7.7548     3.2440     26.074    33.2948    25.9707 -9.990e-29
 200.524861     26.286  34.414413     7.7556     3.2628     26.065    33.2943    25.9702 -9.990e-29
 200.524867     26.262  34.414835     7.7557     3.2610     26.041    33.2947    25.9705 -9.990e-29
 200.524873     26.234  34.414844     7.7553     3.2554     26.013    33.2951    25.9709 -9.990e-29
 200.524878     26.214  34.414456     7.7548     3.2539     25.994    33.2952    25.9710 -9.990e-29
 200.524884     26.205  34.414277     7.7545     3.2369     25.985    33.2953    25.9711 -9.990e-29
 200.524890     26.206  34.414071     7.7543     3.2524     25.986    33.2953    25.9711 -9.990e-29
 200.524896     26.217  34.413566     7.7540     3.2381     25.997    33.2950    25.9710 -9.990e-29
 200.524902     26.235  34.413210     7.7538     3.2481     26.014    33.2948    25.9708 -9.990e-29
