data/oxygen options/OCNMS/OCNMS1/raw_data/2011/CAST_MB042_082611faedb.cnv
* Sea-Bird SBE19 Data File:
* FileName = C:\Documents and Settings\OCNMS\Desktop\2011 mooring data\3rd service\CAST_MB042_082611.hex
* Software Version 1.24
* Temperature SN = 2997
* Conductivity SN = 2997
* System UpLoad Time = Aug 26 2011 14:28:26
** CAST_MB042_082611
* SEACAT PROFILER V3.1c SN 2997   08/26/11  14:28:03.040
# nquan = 9
# nvalues = 42                          
# units = specified
# name 0 = timeJ: Julian Days
# name 1 = prSM: Pressure, Strain Gauge [db]
# name 2 = c0mS/cm: Conductivity [mS/cm]
# name 3 = t090C: Temperature [ITS-90, deg C]
# name 4 = sbeox0ML/L: Oxygen, SBE 43 [ml/l]
# name 5 = depSM: Depth [salt water, m], lat = 47.5
# name 6 = sal00: Salinity, Practical [PSU]
# name 7 = sigma-é00: Density [sigma-theta, kg/m^3]
# name 8 = flag: flag
# span 0 = 238.454568, 238.455398       
# span 1 =      2.000,     43.000       
# span 2 =  34.420735,  37.073242       
# span 3 =     7.5281,    11.9140       
# span 4 =     3.0460,     5.6220       
# span 5 =      1.983,     42.637       
# span 6 =    32.2336,    33.6871       
# span 7 =    24.4588,    26.3113       
# span 8 = 0.0000e+00, 0.0000e+00       
# interval = decibars: 1                
# start_time = Aug 26 2011 10:44:50 [Instrument's time stamp, header]
# bad_flag = -9.990e-29
*END*
 238.454568      2.000  37.073242    11.9140     5.5328      1.983    32.2336    24.4588 0.0000e+00
 238.454599      3.000  36.392285    11.1052     5.4641      2.975    32.2721    24.6331 0.0000e+00
 238.454629      4.000  36.139240    10.7600     5.6220      3.967    32.3254    24.7354 0.0000e+00
 238.454655      5.000  36.156622    10.6886     5.5244      4.958    32.4055    24.8102 0.0000e+00
 238.454679      6.000  36.088997    10.5636     5.4419      5.950    32.4487    24.8654 0.0000e+00
 238.454703      7.000  36.056750    10.4790     5.2120      6.942    32.4914    24.9131 0.0000e+00
 238.454724      8.000  35.980311    10.2979     5.1061      7.933    32.5764    25.0101 0.0000e+00
 238.454744      9.000  35.899988    10.1759     5.0370      8.925    32.6046    25.0527 0.0000e+00
 238.454766     10.000  35.872957    10.1144     4.8155      9.916    32.6322    25.0846 0.0000e+00
 238.454788     11.000  35.791435     9.9525     4.6362     10.908    32.6955    25.1609 0.0000e+00
 238.454810     12.000  35.640516     9.7281     4.6143     11.900    32.7452    25.2367 0.0000e+00
 238.454833     13.000  35.574980     9.6065     4.5947     12.891    32.7886    25.2905 0.0000e+00
 238.454854     14.000  35.545321     9.5402     4.5576     13.883    32.8183    25.3245 0.0000e+00
 238.454873     15.000  35.498381     9.4635     4.5060     14.874    32.8399    25.3538 0.0000e+00
 238.454896     16.000  35.470139     9.4298     4.3973     15.866    32.8413    25.3603 0.0000e+00
 238.454920     17.000  35.393636     9.3333     4.2186     16.858    32.8508    25.3831 0.0000e+00
 238.454942     18.000  35.247842     9.1298     3.9396     17.849    32.8869    25.4437 0.0000e+00
 238.454965     19.000  35.128936     8.9264     3.4940     18.841    32.9514    25.5259 0.0000e+00
 238.454986     20.000  34.684361     8.3640     3.6100     19.832    33.0088    25.6568 0.0000e+00
 238.455012     21.000  34.679207     8.3829     3.5176     20.824    32.9852    25.6355 0.0000e+00
 238.455035     22.000  34.636601     8.1948     3.4313     21.815    33.1166    25.7665 0.0000e+00
 238.455053     23.000  34.554880     8.0389     3.4507     22.807    33.1766    25.8366 0.0000e+00
 238.455073     24.000  34.566694     8.0463     3.4516     23.798    33.1817    25.8396 0.0000e+00
 238.455094     25.000  34.563473     8.0312     3.4008     24.790    33.1921    25.8499 0.0000e+00
 238.455112     26.000  34.562204     7.9745     3.3668     25.781    33.2441    25.8991 0.0000e+00
 238.455130     27.000  34.509830     7.8723     3.3559     26.773    33.2850    25.9461 0.0000e+00
 238.455145     28.000  34.488903     7.8057     3.3661     27.765    33.3256    25.9876 0.0000e+00
 238.455161     29.000  34.479094     7.7922     3.3576     28.756    33.3275    25.9911 0.0000e+00
 238.455177     30.000  34.474492     7.7872     3.3494     29.747    33.3269    25.9913 0.0000e+00
 238.455195     31.000  34.466169     7.7724     3.3451     30.739    33.3316    25.9971 0.0000e+00
 238.455210     32.000  34.443998     7.7441     3.3387     31.730    33.3345    26.0034 0.0000e+00
 238.455225     33.000  34.428575     7.7246     3.3192     32.722    33.3360    26.0075 0.0000e+00
 238.455241     34.000  34.420735     7.7050     3.2493     33.713    33.3459    26.0181 0.0000e+00
 238.455258     35.000  34.436883     7.6760     3.1402     34.705    33.3906    26.0573 0.0000e+00
 238.455276     36.000  34.499513     7.6177     3.0652     35.696    33.5138    26.1625 0.0000e+00
 238.455293     37.000  34.551272     7.5660     3.0460     36.688    33.6191    26.2527 0.0000e+00
 238.455309     38.000  34.572686     7.5383     3.0497     37.680    33.6686    26.2956 0.0000e+00
 238.455325     39.000  34.579374     7.5295     3.0467     38.670    33.6839    26.3089 0.0000e+00
 238.455341     40.000  34.581266     7.5281     3.0617     39.662    33.6868    26.3113 0.0000e+00
 238.455358     41.000  34.582211     7.5306     3.0547     40.654    33.6849    26.3095 0.0000e+00
 238.455376     42.000  34.582916     7.5289     3.0583     41.645    33.6869    26.3113 0.0000e+00
 238.455398     43.000  34.584815     7.5303     3.0535     42.637    33.6871    26.3113 0.0000e+00
