data/oxygen options/OCNMS/OCNMS1/raw_data/2011/CAST_CE065_072811faed.cnv
* Sea-Bird SBE19 Data File:
* FileName = C:\Documents and Settings\OCNMS\Desktop\2011 mooring data\2nd service\CAST_CE065_072811.hex
* Software Version 1.24
* Temperature SN = 2997
* Conductivity SN = 2997
* System UpLoad Time = Jul 28 2011 18:59:22
** CAST_CE065_072811
* SEACAT PROFILER V3.1c SN 2997   07/28/11  18:58:14.513
# nquan = 9                                 
# nvalues = 1335                        
# units = specified
# name 0 = timeJ: Julian Days
# name 1 = prSM: Pressure, Strain Gauge [db]
# name 2 = c0mS/cm: Conductivity [mS/cm]
# name 3 = t090C: Temperature [ITS-90, deg C]
# name 4 = sbeox0ML/L: Oxygen, SBE 43 [ml/l]
# name 5 = depSM: Depth [salt water, m], lat = 47.5
# name 6 = sal00: Salinity, Practical [PSU]
# name 7 = sigma-é00: Density [sigma-theta, kg/m^3]
# name 8 = flag: flag
# span 0 = 209.446516, 209.454236       
# span 1 =     -5.653,     66.906       
# span 2 =   0.023674,  38.400497       
# span 3 =     7.1973,    15.0081       
# span 4 =    -2.0142,    18.1005       
# span 5 =     -5.606,     66.337       
# span 6 =     0.0182,    33.8587       
# span 7 =    -0.8854,    26.4931       
# span 8 = 0.0000e+00, 0.0000e+00       
# interval = seconds: 0.5
# start_time = Jul 28 2011 10:42:59 [Instrument's time stamp, header]
# bad_flag = -9.990e-29
*END*
 209.446516     -5.653 -9.990e-29    14.8704    -2.0057     -5.606 -9.990e-29 -9.990e-29 -9.990e-29
 209.446522     -5.622   0.026962    14.8717    -2.0059     -5.575     0.0199    -0.8643 -9.990e-29
 209.446528     -5.586   0.026962    14.8720    -2.0061     -5.539     0.0199    -0.8644 -9.990e-29
 209.446534     -5.552   0.026962    14.8704    -2.0063     -5.506     0.0199    -0.8641 -9.990e-29
 209.446539     -5.522   0.026962    14.8676    -2.0063     -5.476     0.0199    -0.8637 -9.990e-29
 209.446545     -5.493   0.026962    14.8653    -2.0064     -5.447     0.0199    -0.8634 -9.990e-29
 209.446551     -5.465   0.026962    14.8646    -2.0063     -5.419     0.0199    -0.8632 -9.990e-29
 209.446557     -5.434   0.026962    14.8658    -2.0065     -5.389     0.0199    -0.8634 -9.990e-29
 209.446563     -5.405   0.026961    14.8675    -2.0067     -5.360     0.0199    -0.8637 -9.990e-29
 209.446568     -5.378   0.026961    14.8673    -2.0068     -5.333     0.0199    -0.8636 -9.990e-29
 209.446574     -5.348   0.026961    14.8645    -2.0071     -5.303     0.0199    -0.8632 -9.990e-29
 209.446580     -5.313   0.026960    14.8609    -2.0074     -5.269     0.0199    -0.8627 -9.990e-29
 209.446586     -5.275   0.026960    14.8585    -2.0074     -5.231     0.0199    -0.8623 -9.990e-29
 209.446591     -5.232   0.026960    14.8569    -2.0075     -5.188     0.0199    -0.8621 -9.990e-29
 209.446597     -5.190   0.026959    14.8556    -2.0073     -5.147     0.0199    -0.8619 -9.990e-29
 209.446603     -5.154   0.026959    14.8544    -2.0070     -5.111     0.0199    -0.8617 -9.990e-29
 209.446609     -5.118   0.026959    14.8519    -2.0065     -5.075     0.0199    -0.8613 -9.990e-29
 209.446615     -5.080   0.026958    14.8478    -2.0062     -5.038     0.0199    -0.8607 -9.990e-29
 209.446620     -5.045   0.026958    14.8431    -2.0060     -5.003     0.0199    -0.8600 -9.990e-29
 209.446626     -5.012   0.026958    14.8383    -2.0058     -4.970     0.0199    -0.8593 -9.990e-29
 209.446632     -4.974   0.026957    14.8344    -2.0055     -4.933     0.0199    -0.8587 -9.990e-29
 209.446638     -4.934   0.026957    14.8330    -2.0052     -4.893     0.0199    -0.8585 -9.990e-29
 209.446644     -4.891   0.026957    14.8343    -2.0050     -4.850     0.0199    -0.8587 -9.990e-29
 209.446649     -4.850   0.026956    14.8385    -2.0050     -4.810     0.0199    -0.8593 -9.990e-29
 209.446655     -4.814   0.026956    14.8451    -2.0052     -4.774     0.0199    -0.8603 -9.990e-29
 209.446661     -4.786   0.026956    14.8529    -2.0050     -4.746     0.0199    -0.8615 -9.990e-29
 209.446667     -4.765   0.026955    14.8603    -2.0047     -4.725     0.0199    -0.8626 -9.990e-29
 209.446672     -4.749   0.026955    14.8664    -2.0046     -4.709     0.0199    -0.8635 -9.990e-29
 209.446678     -4.738   0.026955    14.8720    -2.0047     -4.699     0.0199    -0.8643 -9.990e-29
 209.446684     -4.725   0.026954    14.8783    -2.0047     -4.686     0.0199    -0.8653 -9.990e-29
 209.446690     -4.707   0.026954    14.8842    -2.0046     -4.668     0.0199    -0.8662 -9.990e-29
 209.446696     -4.686   0.026954    14.8880    -2.0045     -4.647     0.0199    -0.8667 -9.990e-29
 209.446701     -4.665   0.026953    14.8897    -2.0043     -4.626     0.0199    -0.8670 -9.990e-29
 209.446707     -4.642   0.026953    14.8907    -2.0045     -4.603     0.0199    -0.8671 -9.990e-29
 209.446713     -4.617   0.026953    14.8934    -2.0049     -4.579     0.0199    -0.8675 -9.990e-29
 209.446719     -4.588   0.026952    14.8972    -2.0051     -4.550     0.0199    -0.8681 -9.990e-29
 209.446725     -4.557   0.026952    14.8994    -2.0051     -4.519     0.0199    -0.8684 -9.990e-29
 209.446730     -4.526   0.026952    14.8999    -2.0049     -4.488     0.0199    -0.8685 -9.990e-29
 209.446736     -4.494   0.026951    14.9005    -2.0043     -4.457     0.0199    -0.8686 -9.990e-29
 209.446742     -4.463   0.026951    14.9023    -2.0040     -4.426     0.0199    -0.8689 -9.990e-29
 209.446748     -4.430   0.026951    14.9047    -2.0039     -4.393     0.0199    -0.8692 -9.990e-29
 209.446753     -4.390   0.026950    14.9055    -2.0040     -4.353     0.0199    -0.8694 -9.990e-29
 209.446759     -4.349   0.026950    14.9029    -2.0040     -4.313     0.0199    -0.8690 -9.990e-29
 209.446765     -4.311   0.026950    14.8985    -2.0042     -4.275     0.0199    -0.8683 -9.990e-29
 209.446771     -4.276   0.026949    14.8954    -2.0044     -4.240     0.0199    -0.8678 -9.990e-29
 209.446777     -4.245   0.026949    14.8958    -2.0044     -4.210     0.0199    -0.8679 -9.990e-29
 209.446782     -4.220   0.026949    14.9007    -2.0041     -4.185     0.0199    -0.8686 -9.990e-29
 209.446788     -4.200   0.026948    14.9083    -2.0041     -4.165     0.0199    -0.8698 -9.990e-29
 209.446794     -4.184   0.026948    14.9148    -2.0041     -4.149     0.0199    -0.8707 -9.990e-29
 209.446800     -4.170   0.026948    14.9181    -2.0043     -4.135     0.0199    -0.8712 -9.990e-29
 209.446806     -4.158   0.026947    14.9185    -2.0044     -4.123     0.0199    -0.8713 -9.990e-29
 209.446811     -4.146   0.026947    14.9172    -2.0044     -4.111     0.0199    -0.8711 -9.990e-29
 209.446817     -4.134   0.026947    14.9148    -2.0045     -4.100     0.0199    -0.8707 -9.990e-29
 209.446823     -4.122   0.026946    14.9126    -2.0047     -4.088     0.0199    -0.8704 -9.990e-29
 209.446829     -4.108   0.026946    14.9126    -2.0053     -4.074     0.0199    -0.8704 -9.990e-29
 209.446834     -4.092   0.026946    14.9142    -2.0058     -4.058     0.0199    -0.8707 -9.990e-29
 209.446840     -4.073   0.026946    14.9152    -2.0060     -4.039     0.0199    -0.8708 -9.990e-29
 209.446846     -4.049   0.026945    14.9147    -2.0062     -4.015     0.0199    -0.8707 -9.990e-29
 209.446852     -4.019   0.026945    14.9131    -2.0065     -3.985     0.0199    -0.8705 -9.990e-29
 209.446858     -3.985   0.026945    14.9114    -2.0065     -3.952     0.0199    -0.8702 -9.990e-29
 209.446863     -3.954   0.026944    14.9096    -2.0066     -3.921     0.0199    -0.8700 -9.990e-29
 209.446869     -3.928   0.026944    14.9062    -2.0064     -3.895     0.0199    -0.8695 -9.990e-29
 209.446875     -3.905   0.026944    14.8994    -2.0060     -3.872     0.0199    -0.8684 -9.990e-29
 209.446881     -3.884   0.026943    14.8897    -2.0061     -3.852     0.0199    -0.8670 -9.990e-29
 209.446887     -3.863   0.026943    14.8802    -2.0061     -3.831     0.0199    -0.8656 -9.990e-29
 209.446892     -3.842   0.026943    14.8732    -2.0062     -3.810     0.0199    -0.8645 -9.990e-29
 209.446898     -3.819   0.026942    14.8681    -2.0062     -3.787     0.0199    -0.8638 -9.990e-29
 209.446904     -3.792   0.026942    14.8641    -2.0062     -3.760     0.0199    -0.8632 -9.990e-29
 209.446910     -3.765   0.026942    14.8621    -2.0062     -3.734     0.0199    -0.8629 -9.990e-29
 209.446916     -3.739   0.026941    14.8627    -2.0064     -3.708     0.0199    -0.8629 -9.990e-29
 209.446921     -3.712   0.026941    14.8656    -2.0068     -3.681     0.0199    -0.8634 -9.990e-29
 209.446927     -3.688   0.026941    14.8690    -2.0072     -3.657     0.0199    -0.8639 -9.990e-29
 209.446933     -3.670   0.026940    14.8705    -2.0073     -3.639     0.0199    -0.8641 -9.990e-29
 209.446939     -3.655   0.026940    14.8703    -2.0073     -3.625     0.0199    -0.8641 -9.990e-29
 209.446944     -3.644   0.026940    14.8694    -2.0072     -3.614     0.0199    -0.8639 -9.990e-29
 209.446950     -3.635   0.026939    14.8684    -2.0069     -3.605     0.0199    -0.8638 -9.990e-29
 209.446956     -3.628   0.026939    14.8674    -2.0070     -3.598     0.0199    -0.8636 -9.990e-29
 209.446962     -3.622   0.026939    14.8651    -2.0069     -3.592     0.0199    -0.8633 -9.990e-29
 209.446968     -3.618   0.026938    14.8604    -2.0070     -3.588     0.0199    -0.8626 -9.990e-29
 209.446973     -3.610   0.026938    14.8543    -2.0072     -3.580     0.0199    -0.8617 -9.990e-29
 209.446979     -3.593   0.026937    14.8488    -2.0073     -3.563     0.0199    -0.8609 -9.990e-29
 209.446985     -3.572   0.026936    14.8457    -2.0076     -3.542     0.0199    -0.8604 -9.990e-29
 209.446991     -3.548   0.026932    14.8454    -2.0076     -3.518     0.0199    -0.8604 -9.990e-29
 209.446997     -3.520   0.026923    14.8474    -2.0075     -3.491     0.0199    -0.8607 -9.990e-29
 209.447002     -3.492   0.026895    14.8499    -2.0076     -3.463     0.0199    -0.8610 -9.990e-29
 209.447008     -3.464   0.026813    14.8512    -2.0076     -3.435     0.0198    -0.8613 -9.990e-29
 209.447014     -3.437   0.026567    14.8509    -2.0076     -3.408     0.0197    -0.8613 -9.990e-29
 209.447020     -3.411   0.026382    14.8489    -2.0074     -3.383     0.0196    -0.8611 -9.990e-29
 209.447025     -3.390   0.026566    14.8458    -2.0072     -3.362     0.0197    -0.8606 -9.990e-29
 209.447031     -3.372   0.026812    14.8423    -2.0071     -3.344     0.0198    -0.8599 -9.990e-29
 209.447037     -3.357   0.026893    14.8391    -2.0072     -3.329     0.0199    -0.8594 -9.990e-29
 209.447043     -3.343   0.026920    14.8378    -2.0073     -3.315     0.0199    -0.8592 -9.990e-29
 209.447049     -3.330   0.026929    14.8379    -2.0077     -3.302     0.0199    -0.8592 -9.990e-29
 209.447054     -3.316   0.026932    14.8379    -2.0079     -3.288     0.0199    -0.8592 -9.990e-29
 209.447060     -3.301   0.026932    14.8382    -2.0080     -3.273     0.0199    -0.8593 -9.990e-29
 209.447066     -3.283   0.026932    14.8397    -2.0079     -3.256     0.0199    -0.8595 -9.990e-29
 209.447072     -3.267   0.026931    14.8421    -2.0079     -3.240     0.0199    -0.8599 -9.990e-29
 209.447078     -3.254   0.026927    14.8446    -2.0079     -3.227     0.0199    -0.8602 -9.990e-29
 209.447083     -3.241   0.026918    14.8458    -2.0079     -3.214     0.0199    -0.8604 -9.990e-29
 209.447089     -3.222   0.026890    14.8450    -2.0078     -3.195     0.0199    -0.8603 -9.990e-29
 209.447095     -3.200   0.026807    14.8419    -2.0077     -3.173     0.0198    -0.8599 -9.990e-29
 209.447101     -3.178   0.026560    14.8372    -2.0075     -3.152     0.0197    -0.8593 -9.990e-29
 209.447106     -3.154   0.026372    14.8330    -2.0072     -3.128     0.0196    -0.8587 -9.990e-29
 209.447112     -3.132   0.026547    14.8311    -2.0073     -3.106     0.0197    -0.8584 -9.990e-29
 209.447118     -3.113   0.026766    14.8310    -2.0071     -3.087     0.0198    -0.8583 -9.990e-29
 209.447124     -3.098   0.026765    14.8313    -2.0071     -3.072     0.0198    -0.8583 -9.990e-29
 209.447130     -3.084   0.026544    14.8319    -2.0070     -3.058     0.0197    -0.8585 -9.990e-29
 209.447135     -3.072   0.026364    14.8329    -2.0071     -3.046     0.0196    -0.8587 -9.990e-29
 209.447141     -3.060   0.026538    14.8346    -2.0072     -3.034     0.0197    -0.8589 -9.990e-29
 209.447147     -3.048   0.026745    14.8374    -2.0076     -3.023     0.0198    -0.8592 -9.990e-29
 209.447153     -3.034   0.026708    14.8414    -2.0078     -3.009     0.0198    -0.8599 -9.990e-29
 209.447159     -3.019   0.026376    14.8449    -2.0078     -2.994     0.0196    -0.8605 -9.990e-29
 209.447164     -3.000   0.025862    14.8472    -2.0076     -2.975     0.0193    -0.8611 -9.990e-29
 209.447170     -2.977   0.025588    14.8491    -2.0075     -2.952     0.0192    -0.8615 -9.990e-29
 209.447176     -2.948   0.025742    14.8509    -2.0074     -2.923     0.0193    -0.8617 -9.990e-29
 209.447182     -2.916   0.025976    14.8516    -2.0074     -2.892     0.0194    -0.8617 -9.990e-29
 209.447188     -2.887   0.026051    14.8503    -2.0074     -2.863     0.0194    -0.8614 -9.990e-29
 209.447193     -2.865   0.026067    14.8470    -2.0075     -2.841     0.0195    -0.8609 -9.990e-29
 209.447199     -2.846   0.026045    14.8426    -2.0074     -2.822     0.0194    -0.8603 -9.990e-29
 209.447205     -2.831   0.025955    14.8394    -2.0073     -2.807     0.0194    -0.8599 -9.990e-29
 209.447211     -2.817   0.025679    14.8387    -2.0071     -2.794     0.0192    -0.8599 -9.990e-29
 209.447216     -2.805   0.025402    14.8402    -2.0069     -2.782     0.0191    -0.8602 -9.990e-29
 209.447222     -2.794   0.025309    14.8422    -2.0067     -2.771     0.0191    -0.8605 -9.990e-29
 209.447228     -2.782   0.025278    14.8435    -2.0065     -2.759     0.0190    -0.8607 -9.990e-29
 209.447234     -2.769   0.025268    14.8443    -2.0062     -2.746     0.0190    -0.8609 -9.990e-29
 209.447240     -2.755   0.025265    14.8447    -2.0060     -2.732     0.0190    -0.8609 -9.990e-29
 209.447245     -2.737   0.025264    14.8453    -2.0059     -2.714     0.0190    -0.8610 -9.990e-29
 209.447251     -2.716   0.025265    14.8468    -2.0061     -2.693     0.0190    -0.8612 -9.990e-29
 209.447257     -2.695   0.025266    14.8497    -2.0062     -2.673     0.0190    -0.8617 -9.990e-29
 209.447263     -2.675   0.025267    14.8539    -2.0063     -2.653     0.0190    -0.8623 -9.990e-29
 209.447269     -2.656   0.025268    14.8587    -2.0065     -2.634     0.0190    -0.8630 -9.990e-29
 209.447274     -2.641   0.025269    14.8636    -2.0066     -2.619     0.0190    -0.8637 -9.990e-29
 209.447280     -2.629   0.025270    14.8688    -2.0067     -2.607     0.0190    -0.8645 -9.990e-29
 209.447286     -2.614   0.025271    14.8740    -2.0069     -2.592     0.0190    -0.8653 -9.990e-29
 209.447292     -2.602   0.025273    14.8776    -2.0069     -2.580     0.0190    -0.8658 -9.990e-29
 209.447297     -2.594   0.025274    14.8783    -2.0068     -2.572     0.0190    -0.8659 -9.990e-29
 209.447303     -2.585   0.025275    14.8768    -2.0067     -2.563     0.0190    -0.8657 -9.990e-29
 209.447309     -2.572   0.025276    14.8745    -2.0068     -2.551     0.0190    -0.8654 -9.990e-29
 209.447315     -2.558   0.025277    14.8720    -2.0072     -2.537     0.0190    -0.8650 -9.990e-29
 209.447321     -2.545   0.025278    14.8691    -2.0074     -2.524     0.0190    -0.8646 -9.990e-29
 209.447326     -2.534   0.025279    14.8662    -2.0073     -2.513     0.0190    -0.8641 -9.990e-29
 209.447332     -2.523   0.025280    14.8635    -2.0071     -2.502     0.0190    -0.8637 -9.990e-29
 209.447338     -2.512   0.025281    14.8612    -2.0067     -2.491     0.0190    -0.8634 -9.990e-29
 209.447344     -2.500   0.025282    14.8603    -2.0066     -2.479     0.0190    -0.8632 -9.990e-29
 209.447350     -2.486   0.025284    14.8609    -2.0066     -2.465     0.0190    -0.8633 -9.990e-29
 209.447355     -2.473   0.025285    14.8607    -2.0068     -2.452     0.0190    -0.8633 -9.990e-29
 209.447361     -2.466   0.025286    14.8581    -2.0065     -2.445     0.0190    -0.8629 -9.990e-29
 209.447367     -2.460   0.025287    14.8540    -2.0061     -2.439     0.0190    -0.8623 -9.990e-29
 209.447373     -2.449   0.025288    14.8514    -2.0057     -2.429     0.0190    -0.8619 -9.990e-29
 209.447378     -2.433   0.025289    14.8523    -2.0057     -2.413     0.0190    -0.8620 -9.990e-29
 209.447384     -2.411   0.025290    14.8563    -2.0055     -2.391     0.0190    -0.8626 -9.990e-29
 209.447390     -2.385   0.025291    14.8612    -2.0052     -2.365     0.0190    -0.8634 -9.990e-29
 209.447396     -2.364   0.025292    14.8645    -2.0048     -2.344     0.0190    -0.8639 -9.990e-29
 209.447402     -2.350   0.025293    14.8660    -2.0044     -2.330     0.0190    -0.8641 -9.990e-29
 209.447407     -2.337   0.025295    14.8679    -2.0040     -2.318     0.0190    -0.8644 -9.990e-29
 209.447413     -2.320   0.025296    14.8726    -2.0040     -2.301     0.0190    -0.8651 -9.990e-29
 209.447419     -2.303   0.025297    14.8793    -2.0040     -2.284     0.0190    -0.8661 -9.990e-29
 209.447425     -2.290   0.025298    14.8858    -2.0038     -2.271     0.0190    -0.8670 -9.990e-29
 209.447431     -2.278   0.025299    14.8909    -2.0036     -2.259     0.0191    -0.8678 -9.990e-29
 209.447436     -2.267   0.025300    14.8959    -2.0034     -2.248     0.0191    -0.8686 -9.990e-29
