data/oxygen options/OCNMS/OCNMS1/raw_data/2011/CAST_KL015_082511faed.cnv
* Sea-Bird SBE19 Data File:
* FileName = C:\Documents and Settings\OCNMS\Desktop\2011 mooring data\3rd service\CAST_KL015_082511.hex
* Software Version 1.24
* Temperature SN = 2997
* Conductivity SN = 2997
* System UpLoad Time = Aug 25 2011 15:23:26
** CAST_KL015_082511
* SEACAT PROFILER V3.1c SN 2997   08/25/11  15:22:46.713
# nquan = 9                                 
# nvalues = 1207                        
# units = specified
# name 0 = timeJ: Julian Days
# name 1 = prSM: Pressure, Strain Gauge [db]
# name 2 = c0mS/cm: Conductivity [mS/cm]
# name 3 = t090C: Temperature [ITS-90, deg C]
# name 4 = sbeox0ML/L: Oxygen, SBE 43 [ml/l]
# name 5 = depSM: Depth [salt water, m], lat = 47.5
# name 6 = sal00: Salinity, Practical [PSU]
# name 7 = sigma-é00: Density [sigma-theta, kg/m^3]
# name 8 = flag: flag
# span 0 = 237.580208, 237.587188       
# span 1 =     -5.745,     15.704       
# span 2 =   0.311037,  39.638764       
# span 3 =    10.0376,    16.7873       
# span 4 =   -15.1938,    21.0150       
# span 5 =     -5.697,     15.572       
# span 6 =     0.1791,    33.1599       
# span 7 =    -1.0412,    25.4819       
# span 8 = 0.0000e+00, 0.0000e+00       
# interval = seconds: 0.5
# start_time = Aug 25 2011 13:55:30 [Instrument's time stamp, header]
# bad_flag = -9.990e-29
*END*
[from data line 481]
 237.582992     -0.611   0.363748    16.7546    -1.9299     -0.606     0.2093    -1.0199 -9.990e-29
 237.582998     -0.613   0.362455    16.7554    -1.9304     -0.608     0.2085    -1.0207 -9.990e-29
 237.583003     -0.613   0.361325    16.7556    -1.9306     -0.608     0.2079    -1.0212 -9.990e-29
 237.583009     -0.611   0.361063    16.7557    -1.9306     -0.606     0.2077    -1.0214 -9.990e-29
 237.583015     -0.607   0.361506    16.7555    -1.9307     -0.602     0.2080    -1.0211 -9.990e-29
 237.583021     -0.601   0.362136    16.7555    -1.9307     -0.596     0.2083    -1.0208 -9.990e-29
 237.583027     -0.593   0.362318    16.7559    -1.9306     -0.588     0.2084    -1.0208 -9.990e-29
 237.583032     -0.581   0.361738    16.7565    -1.9305     -0.576     0.2081    -1.0212 -9.990e-29
 237.583038     -0.570   0.360914    16.7568    -1.9305     -0.565     0.2076    -1.0216 -9.990e-29
 237.583044     -0.563   0.360408    16.7551    -1.9305     -0.558     0.2073    -1.0215 -9.990e-29
 237.583050     -0.560   0.360099    16.7501    -1.9307     -0.555     0.2072    -1.0208 -9.990e-29
 237.583056     -0.564   0.359574    16.7448    -1.9310     -0.559     0.2069    -1.0201 -9.990e-29
 237.583061     -0.577   0.358685    16.7416    -1.9311     -0.572     0.2064    -1.0200 -9.990e-29
 237.583067     -0.589   0.357908    16.7402    -1.9310     -0.584     0.2059    -1.0201 -9.990e-29
 237.583073     -0.599   0.357865    16.7405    -1.9310     -0.594     0.2059    -1.0201 -9.990e-29
 237.583079     -0.605   0.358500    16.7421    -1.9311     -0.600     0.2063    -1.0201 -9.990e-29
 237.583084     -0.609   0.358997    16.7435    -1.9312     -0.604     0.2066    -1.0201 -9.990e-29
 237.583090     -0.612   0.358911    16.7437    -1.9311     -0.607     0.2065    -1.0202 -9.990e-29
 237.583096     -0.612   0.358680    16.7420    -1.9311     -0.607     0.2064    -1.0200 -9.990e-29
 237.583102     -0.611   0.358552    16.7382    -1.9311     -0.606     0.2063    -1.0194 -9.990e-29
 237.583108     -0.608   0.358353    16.7341    -1.9309     -0.603     0.2062    -1.0188 -9.990e-29
 237.583113     -0.602   0.357819    16.7317    -1.9311     -0.597     0.2059    -1.0186 -9.990e-29
 237.583119     -0.595   0.356789    16.7312    -1.9310     -0.590     0.2053    -1.0190 -9.990e-29
 237.583125     -0.584   0.355551    16.7307    -1.9308     -0.579     0.2046    -1.0195 -9.990e-29
 237.583131     -0.574   0.354668    16.7295    -1.9306     -0.569     0.2041    -1.0197 -9.990e-29
 237.583137     -0.568   0.354621    16.7287    -1.9306     -0.563     0.2041    -1.0195 -9.990e-29
 237.583142     -0.562   0.355348    16.7293    -1.9306     -0.557     0.2045    -1.0193 -9.990e-29
 237.583148     -0.551   0.356157    16.7304    -1.9304     -0.546     0.2050    -1.0191 -9.990e-29
 237.583154     -0.539   0.356465    16.7313    -1.9305     -0.535     0.2051    -1.0192 -9.990e-29
 237.583160     -0.533   0.356131    16.7319    -1.9307     -0.529     0.2049    -1.0194 -9.990e-29
 237.583166     -0.533   0.355262    16.7327    -1.9306     -0.529     0.2044    -1.0199 -9.990e-29
 237.583171     -0.530   0.354357    16.7350    -1.9310     -0.526     0.2039    -1.0208 -9.990e-29
 237.583177     -0.525   0.353870    16.7385    -1.9315     -0.521     0.2036    -1.0216 -9.990e-29
 237.583183     -0.525   0.353707    16.7414    -1.9317     -0.521     0.2035    -1.0222 -9.990e-29
 237.583189     -0.530   0.353649    16.7429    -1.9319     -0.526     0.2034    -1.0225 -9.990e-29
 237.583194     -0.533   0.353617    16.7441    -1.9318     -0.529     0.2034    -1.0227 -9.990e-29
 237.583200     -0.533   0.353570    16.7449    -1.9318     -0.529     0.2034    -1.0228 -9.990e-29
 237.583206     -0.535   0.353444    16.7440    -1.9320     -0.531     0.2033    -1.0227 -9.990e-29
 237.583212     -0.539   0.353070    16.7414    -1.9321     -0.535     0.2031    -1.0225 -9.990e-29
 237.583218     -0.544   0.352502    16.7372    -1.9323     -0.539     0.2028    -1.0220 -9.990e-29
 237.583223     -0.548   0.352088    16.7304    -1.9322     -0.543     0.2026    -1.0210 -9.990e-29
 237.583229     -0.546   0.351830    16.7226    -1.9324     -0.541     0.2025    -1.0197 -9.990e-29
 237.583235     -0.538   0.351384    16.7166    -1.9324     -0.534     0.2022    -1.0189 -9.990e-29
 237.583241     -0.524   0.350708    16.7133    -1.9322     -0.520     0.2018    -1.0186 -9.990e-29
 237.583247     -0.506   0.350006    16.7120    -1.9319     -0.502     0.2014    -1.0187 -9.990e-29
 237.583252     -0.488   0.349451    16.7108    -1.9317     -0.484     0.2011    -1.0187 -9.990e-29
 237.583258     -0.470   0.349408    16.7083    -1.9313     -0.466     0.2011    -1.0183 -9.990e-29
 237.583264     -0.453   0.349821    16.7050    -1.9313     -0.449     0.2014    -1.0176 -9.990e-29
 237.583270     -0.441   0.350130    16.7023    -1.9311     -0.437     0.2016    -1.0170 -9.990e-29
 237.583275     -0.434   0.350193    16.7007    -1.9313     -0.430     0.2016    -1.0166 -9.990e-29
 237.583281     -0.431   0.350094    16.6997    -1.9313     -0.427     0.2015    -1.0165 -9.990e-29
 237.583287     -0.432   0.349700    16.7005    -1.9313     -0.428     0.2013    -1.0168 -9.990e-29
 237.583293     -0.437   0.349040    16.7043    -1.9314     -0.433     0.2009    -1.0178 -9.990e-29
 237.583299     -0.442   0.348340    16.7101    -1.9317     -0.438     0.2005    -1.0191 -9.990e-29
 237.583304     -0.442   0.347772    16.7163    -1.9315     -0.438     0.2001    -1.0205 -9.990e-29
 237.583310     -0.443   0.347686    16.7217    -1.9316     -0.439     0.2000    -1.0214 -9.990e-29
 237.583316     -0.444   0.347966    16.7257    -1.9313     -0.440     0.2002    -1.0220 -9.990e-29
 237.583322     -0.441   0.347880    16.7277    -1.9310     -0.437     0.2001    -1.0224 -9.990e-29
 237.583328     -0.438   0.347310    16.7277    -1.9308     -0.434     0.1998    -1.0227 -9.990e-29
 237.583333     -0.439   0.346603    16.7270    -1.9307     -0.435     0.1994    -1.0229 -9.990e-29
 237.583339     -0.441   0.345924    16.7261    -1.9304     -0.437     0.1990    -1.0230 -9.990e-29
 237.583345     -0.438   0.345475    16.7238    -1.9303     -0.434     0.1987    -1.0228 -9.990e-29
 237.583351     -0.436   0.345209    16.7215    -1.9300     -0.432     0.1986    -1.0225 -9.990e-29
 237.583356     -0.437   0.344771    16.7214    -1.9296     -0.433     0.1983    -1.0227 -9.990e-29
 237.583362     -0.439   0.344129    16.7236    -1.9294     -0.435     0.1979    -1.0234 -9.990e-29
 237.583368     -0.436   0.343536    16.7277    -1.9294     -0.432     0.1976    -1.0244 -9.990e-29
 237.583374     -0.433   0.343306    16.7332    -1.9294     -0.429     0.1974    -1.0254 -9.990e-29
 237.583380     -0.429   0.343686    16.7387    -1.9297     -0.425     0.1976    -1.0262 -9.990e-29
 237.583385     -0.421   0.344075    16.7442    -1.9300     -0.417     0.1978    -1.0270 -9.990e-29
 237.583391     -0.412   0.343885    16.7500    -1.9302     -0.409     0.1977    -1.0281 -9.990e-29
 237.583397     -0.405   0.343415    16.7560    -1.9303     -0.402     0.1974    -1.0294 -9.990e-29
 237.583403     -0.400   0.343143    16.7625    -1.9304     -0.397     0.1972    -1.0306 -9.990e-29
 237.583409     -0.398   0.343261    16.7690    -1.9304     -0.395     0.1972    -1.0317 -9.990e-29
 237.583414     -0.396   0.343371    16.7736    -1.9305     -0.393     0.1973    -1.0325 -9.990e-29
 237.583420     -0.397   0.343066    16.7754    -1.9304     -0.394     0.1971    -1.0329 -9.990e-29
 237.583426     -0.399   0.342492    16.7737    -1.9304     -0.396     0.1968    -1.0329 -9.990e-29
 237.583432     -0.403   0.341993    16.7688    -1.9304     -0.400     0.1965    -1.0322 -9.990e-29
 237.583438     -0.409   0.341455    16.7627    -1.9300     -0.406     0.1962    -1.0314 -9.990e-29
 237.583443     -0.417   0.340711    16.7579    -1.9299     -0.414     0.1958    -1.0309 -9.990e-29
 237.583449     -0.424   0.339877    16.7550    -1.9299     -0.420     0.1953    -1.0308 -9.990e-29
 237.583455     -0.426   0.338950    16.7530    -1.9298     -0.422     0.1948    -1.0309 -9.990e-29
 237.583461     -0.426   0.338353    16.7516    -1.9295     -0.422     0.1944    -1.0309 -9.990e-29
 237.583466     -0.427   0.338395    16.7513    -1.9293     -0.423     0.1945    -1.0308 -9.990e-29
 237.583472     -0.422   0.338578    16.7518    -1.9292     -0.418     0.1946    -1.0308 -9.990e-29
 237.583478     -0.416   0.338592    16.7528    -1.9291     -0.413     0.1946    -1.0310 -9.990e-29
 237.583484     -0.412   0.338455    16.7554    -1.9291     -0.409     0.1945    -1.0315 -9.990e-29
 237.583490     -0.412   0.337985    16.7597    -1.9290     -0.409     0.1942    -1.0325 -9.990e-29
 237.583495     -0.414   0.337106    16.7633    -1.9290     -0.411     0.1937    -1.0335 -9.990e-29
 237.583501     -0.419   0.336308    16.7655    -1.9291     -0.416     0.1932    -1.0342 -9.990e-29
 237.583507     -0.426   0.336184    16.7685    -1.9299     -0.422     0.1931    -1.0348 -9.990e-29
 237.583513     -0.433   0.336569    16.7733    -1.9300     -0.429     0.1933    -1.0355 -9.990e-29
 237.583519     -0.431   0.336869    16.7784    -1.9305     -0.427     0.1935    -1.0362 -9.990e-29
 237.583524     -0.420   0.336932    16.7824    -1.9306     -0.416     0.1935    -1.0369 -9.990e-29
 237.583530     -0.408   0.336839    16.7850    -1.9306     -0.405     0.1934    -1.0374 -9.990e-29
 237.583536     -0.399   0.336466    16.7867    -1.9306     -0.396     0.1932    -1.0379 -9.990e-29
 237.583542     -0.391   0.335871    16.7873    -1.9308     -0.388     0.1928    -1.0382 -9.990e-29
 237.583547     -0.384   0.335367    16.7858    -1.9307     -0.381     0.1925    -1.0382 -9.990e-29
 237.583553     -0.378   0.334835    16.7801    -1.9306     -0.375     0.1923    -1.0374 -9.990e-29
 237.583559     -0.373   0.334117    16.7713    -1.9306     -0.370     0.1919    -1.0362 -9.990e-29
 237.583565     -0.367   0.333362    16.7628    -1.9305     -0.364     0.1915    -1.0351 -9.990e-29
 237.583571     -0.362   0.332670    16.7558    -1.9305     -0.359     0.1911    -1.0342 -9.990e-29
 237.583576     -0.360   0.332224    16.7511    -1.9304     -0.357     0.1909    -1.0335 -9.990e-29
 237.583582     -0.366   0.331983    16.7489    -1.9300     -0.363     0.1907    -1.0333 -9.990e-29
 237.583588     -0.376   0.331626    16.7472    -1.9297     -0.373     0.1905    -1.0331 -9.990e-29
 237.583594     -0.386   0.331229    16.7457    -1.9294     -0.383     0.1903    -1.0331 -9.990e-29
 237.583600     -0.397   0.331370    16.7455    -1.9293     -0.394     0.1904    -1.0330 -9.990e-29
 237.583605     -0.410   0.332237    16.7465    -1.9296     -0.407     0.1909    -1.0327 -9.990e-29
 237.583611     -0.421   0.333323    16.7480    -1.9300     -0.417     0.1915    -1.0325 -9.990e-29
 237.583617     -0.423   0.333863    16.7498    -1.9302     -0.419     0.1918    -1.0326 -9.990e-29
 237.583623     -0.415   0.333468    16.7522    -1.9307     -0.412     0.1916    -1.0332 -9.990e-29
 237.583628     -0.405   0.332720    16.7563    -1.9313     -0.402     0.1911    -1.0342 -9.990e-29
 237.583634     -0.397   0.332281    16.7626    -1.9313     -0.394     0.1908    -1.0355 -9.990e-29
 237.583640     -0.392   0.332119    16.7694    -1.9310     -0.389     0.1907    -1.0368 -9.990e-29
 237.583646     -0.387   0.332017    16.7744    -1.9308     -0.384     0.1906    -1.0377 -9.990e-29
 237.583652     -0.383   0.331837    16.7755    -1.9305     -0.380     0.1905    -1.0380 -9.990e-29
 237.583657     -0.381   0.331338    16.7715    -1.9302     -0.378     0.1903    -1.0375 -9.990e-29
 237.583663     -0.379   0.330410    16.7643    -1.9300     -0.376     0.1898    -1.0367 -9.990e-29
 237.583669     -0.377   0.329474    16.7558    -1.9300     -0.374     0.1892    -1.0356 -9.990e-29
 237.583675     -0.375   0.328942    16.7463    -1.9300     -0.372     0.1890    -1.0342 -9.990e-29
 237.583681     -0.374   0.328657    16.7384    -1.9301     -0.371     0.1888    -1.0329 -9.990e-29
 237.583686     -0.374   0.328240    16.7360    -1.9301     -0.371     0.1886    -1.0327 -9.990e-29
 237.583692     -0.373   0.327688    16.7392    -1.9301     -0.370     0.1883    -1.0335 -9.990e-29
 237.583698     -0.373   0.327371    16.7450    -1.9300     -0.370     0.1881    -1.0347 -9.990e-29
 237.583704     -0.373   0.327419    16.7512    -1.9299     -0.370     0.1881    -1.0357 -9.990e-29
 237.583709     -0.372   0.327711    16.7569    -1.9298     -0.369     0.1882    -1.0366 -9.990e-29
 237.583715     -0.372   0.328082    16.7610    -1.9301     -0.369     0.1884    -1.0371 -9.990e-29
 237.583721     -0.372   0.328290    16.7628    -1.9303     -0.369     0.1885    -1.0374 -9.990e-29
 237.583727     -0.372   0.328057    16.7628    -1.9303     -0.369     0.1884    -1.0375 -9.990e-29
 237.583733     -0.372   0.327442    16.7621    -1.9302     -0.369     0.1880    -1.0376 -9.990e-29
 237.583738     -0.372   0.326734    16.7619    -1.9300     -0.369     0.1876    -1.0379 -9.990e-29
 237.583744     -0.372   0.326094    16.7626    -1.9298     -0.369     0.1872    -1.0383 -9.990e-29
 237.583750     -0.373   0.325777    16.7642    -1.9297     -0.370     0.1870    -1.0387 -9.990e-29
 237.583756     -0.373   0.325913    16.7659    -1.9296     -0.370     0.1871    -1.0390 -9.990e-29
 237.583762     -0.374   0.326130    16.7656    -1.9294     -0.371     0.1872    -1.0388 -9.990e-29
 237.583767     -0.374   0.326165    16.7632    -1.9294     -0.371     0.1873    -1.0384 -9.990e-29
 237.583773     -0.375   0.326062    16.7608    -1.9300     -0.372     0.1872    -1.0380 -9.990e-29
 237.583779     -0.377   0.325684    16.7605    -1.9302     -0.374     0.1870    -1.0381 -9.990e-29
 237.583785     -0.378   0.325081    16.7622    -1.9303     -0.375     0.1867    -1.0387 -9.990e-29
 237.583791     -0.380   0.324558    16.7653    -1.9303     -0.377     0.1863    -1.0395 -9.990e-29
 237.583796     -0.383   0.324523    16.7691    -1.9304     -0.380     0.1863    -1.0402 -9.990e-29
 237.583802     -0.386   0.324929    16.7727    -1.9305     -0.383     0.1865    -1.0406 -9.990e-29
 237.583808     -0.390   0.325211    16.7755    -1.9305     -0.387     0.1867    -1.0410 -9.990e-29
 237.583814     -0.396   0.325192    16.7766    -1.9306     -0.393     0.1867    -1.0412 -9.990e-29
 237.583819     -0.403   0.324846    16.7740    -1.9305     -0.400     0.1865    -1.0409 -9.990e-29
 237.583825     -0.412   0.324264    16.7676    -1.9303     -0.409     0.1862    -1.0400 -9.990e-29
 237.583831     -0.424   0.323777    16.7615    -1.9303     -0.420     0.1859    -1.0392 -9.990e-29
 237.583837     -0.431   0.323290    16.7586    -1.9305     -0.427     0.1856    -1.0389 -9.990e-29
 237.583843     -0.424   0.322708    16.7570    -1.9305     -0.420     0.1853    -1.0389 -9.990e-29
 237.583848     -0.412   0.322362    16.7548    -1.9303     -0.409     0.1851    -1.0386 -9.990e-29
 237.583854     -0.403   0.322343    16.7529    -1.9302     -0.400     0.1851    -1.0383 -9.990e-29
 237.583860     -0.396   0.322627    16.7522    -1.9301     -0.393     0.1853    -1.0381 -9.990e-29
 237.583866     -0.390   0.323039    16.7526    -1.9302     -0.387     0.1855    -1.0379 -9.990e-29
 237.583872     -0.386   0.323021    16.7540    -1.9306     -0.383     0.1855    -1.0382 -9.990e-29
 237.583877     -0.383   0.322548    16.7555    -1.9310     -0.380     0.1852    -1.0387 -9.990e-29
 237.583883     -0.380   0.322098    16.7557    -1.9314     -0.377     0.1849    -1.0389 -9.990e-29
 237.583889     -0.378   0.321624    16.7551    -1.9316     -0.375     0.1847    -1.0390 -9.990e-29
 237.583895     -0.377   0.321048    16.7556    -1.9317     -0.374     0.1843    -1.0394 -9.990e-29
 237.583900     -0.375   0.320707    16.7574    -1.9319     -0.372     0.1841    -1.0398 -9.990e-29
 237.583906     -0.374   0.320701    16.7590    -1.9317     -0.371     0.1841    -1.0401 -9.990e-29
