data/oxygen options/OCNMS/OCNMS1/raw_data/2011/CAST_CA042_090211faedb.cnv
* Sea-Bird SBE19 Data File:
* FileName = C:\Documents and Settings\OCNMS\Desktop\2011 mooring data\3rd service\CAST_CA042_090211.hex
* Software Version 1.24
* Temperature SN = 2997
* Conductivity SN = 2997
* System UpLoad Time = Sep 02 2011 15:36:50
** CAST_CA042_090211
* SEACAT PROFILER V3.1c SN 2997   09/02/11  15:36:06.142
# nquan = 9
# nvalues = 41                          
# units = specified
# name 0 = timeJ: Julian Days
# name 1 = prSM: Pressure, Strain Gauge [db]
# name 2 = c0mS/cm: Conductivity [mS/cm]
# name 3 = t090C: Temperature [ITS-90, deg C]
# name 4 = sbeox0ML/L: Oxygen, SBE 43 [ml/l]
# name 5 = depSM: Depth [salt water, m], lat = 47.5
# name 6 = sal00: Salinity, Practical [PSU]
# name 7 = sigma-é00: Density [sigma-theta, kg/m^3]
# name 8 = flag: flag
# span 0 = 245.475550, 245.476311       
# span 1 =      2.000,     42.000       
# span 2 =  34.422632,  37.100847       
# span 3 =     7.5469,    12.1599       
# span 4 =     3.4164,     6.3728       
# span 5 =      1.983,     41.645       
# span 6 =    32.0475,    33.4983       
# span 7 =    24.2672,    26.1599       
# span 8 = 0.0000e+00, 0.0000e+00       
# interval = decibars: 1                
# start_time = Sep 02 2011 11:20:32 [Instrument's time stamp, header]
# bad_flag = -9.990e-29
*END*
 245.475550      2.000  37.100847    12.1599     6.3728      1.983    32.0475    24.2672 0.0000e+00
 245.475576      3.000  36.943317    11.8824     6.2035      2.975    32.1340    24.3858 0.0000e+00
 245.475597      4.000  36.797063    11.6370     5.8404      3.967    32.2041    24.4852 0.0000e+00
 245.475616      5.000  36.595257    11.3475     5.6422      4.958    32.2589    24.5800 0.0000e+00
 245.475635      6.000  36.299429    10.9890     5.5400      5.950    32.2815    24.6612 0.0000e+00
 245.475655      7.000  36.172526    10.8210     5.4835      6.941    32.3034    24.7078 0.0000e+00
 245.475674      8.000  36.001966    10.5737     5.4547      7.933    32.3519    24.7882 0.0000e+00
 245.475692      9.000  35.918435    10.4492     5.3719      8.925    32.3785    24.8302 0.0000e+00
 245.475710     10.000  35.848477    10.3414     5.2958      9.916    32.4040    24.8684 0.0000e+00
 245.475728     11.000  35.749395    10.2031     5.2521     10.908    32.4273    24.9100 0.0000e+00
 245.475747     12.000  35.689579    10.1187     5.2023     11.900    32.4422    24.9357 0.0000e+00
 245.475764     13.000  35.650638    10.0370     5.1622     12.891    32.4756    24.9754 0.0000e+00
 245.475779     14.000  35.590148     9.9664     5.1269     13.883    32.4774    24.9885 0.0000e+00
 245.475797     15.000  35.537536     9.8966     5.1160     14.874    32.4864    25.0071 0.0000e+00
 245.475815     16.000  35.507431     9.8573     5.1235     15.866    32.4908    25.0170 0.0000e+00
 245.475834     17.000  35.493953     9.8489     5.0984     16.857    32.4842    25.0133 0.0000e+00
 245.475854     18.000  35.484990     9.8288     5.0691     17.849    32.4927    25.0232 0.0000e+00
 245.475871     19.000  35.459219     9.7833     5.0005     18.840    32.5071    25.0419 0.0000e+00
 245.475887     20.000  35.435531     9.7428     4.9567     19.832    32.5191    25.0580 0.0000e+00
 245.475904     21.000  35.388803     9.6736     4.8964     20.824    32.5336    25.0805 0.0000e+00
 245.475924     22.000  35.323568     9.5783     4.5825     21.815    32.5528    25.1110 0.0000e+00
 245.475943     23.000  35.108036     9.1823     4.4426     22.807    32.6916    25.2826 0.0000e+00
 245.475961     24.000  34.783078     8.7832     4.4281     23.798    32.7206    25.3675 0.0000e+00
 245.475981     25.000  34.672698     8.6212     4.3550     24.790    32.7544    25.4188 0.0000e+00
 245.476001     26.000  34.597233     8.4208     4.2770     25.781    32.8610    25.5325 0.0000e+00
 245.476021     27.000  34.572053     8.3096     4.1673     26.773    32.9378    25.6094 0.0000e+00
 245.476041     28.000  34.559258     8.2302     4.0446     27.764    32.9984    25.6686 0.0000e+00
 245.476057     29.000  34.537539     8.1216     4.0028     28.756    33.0771    25.7465 0.0000e+00
 245.476074     30.000  34.511296     8.0477     3.9463     29.747    33.1186    25.7899 0.0000e+00
 245.476093     31.000  34.498919     8.0082     3.8128     30.739    33.1423    25.8143 0.0000e+00
 245.476112     32.000  34.490058     7.9248     3.6727     31.730    33.2115    25.8808 0.0000e+00
 245.476130     33.000  34.465191     7.7844     3.6262     32.722    33.3181    25.9849 0.0000e+00
 245.476148     34.000  34.453198     7.7168     3.5506     33.713    33.3695    26.0350 0.0000e+00
 245.476165     35.000  34.440845     7.6484     3.5524     34.705    33.4214    26.0855 0.0000e+00
 245.476185     36.000  34.442361     7.6307     3.5359     35.697    33.4395    26.1023 0.0000e+00
 245.476202     37.000  34.430735     7.6026     3.4841     36.688    33.4536    26.1174 0.0000e+00
 245.476218     38.000  34.425554     7.5802     3.4651     37.679    33.4690    26.1327 0.0000e+00
 245.476234     39.000  34.423547     7.5611     3.4480     38.671    33.4849    26.1479 0.0000e+00
 245.476250     40.000  34.423009     7.5517     3.4237     39.662    33.4929    26.1555 0.0000e+00
 245.476266     41.000  34.422632     7.5469     3.4164     40.654    33.4966    26.1592 0.0000e+00
 245.476311     42.000  34.428031     7.5507     3.4390     41.645    33.4983    26.1599 0.0000e+00
