data/oxygen options/OCNMS/OCNMS1/raw_data/2011/CAST_CE065_090111faedb.cnv
* Sea-Bird SBE19 Data File:
* FileName = C:\Documents and Settings\OCNMS\Desktop\2011 mooring data\3rd service\CAST_CE065_090111.hex
* Software Version 1.24
* Temperature SN = 2997
* Conductivity SN = 2997
* System UpLoad Time = Sep 01 2011 16:20:34
** CAST_CE065_090111
* SEACAT PROFILER V3.1c SN 2997   09/01/11  16:19:59.142
# nquan = 9
# nvalues = 36                          
# units = specified
# name 0 = timeJ: Julian Days
# name 1 = prSM: Pressure, Strain Gauge [db]
# name 2 = c0mS/cm: Conductivity [mS/cm]
# name 3 = t090C: Temperature [ITS-90, deg C]
# name 4 = sbeox0ML/L: Oxygen, SBE 43 [ml/l]
# name 5 = depSM: Depth [salt water, m], lat = 47.5
# name 6 = sal00: Salinity, Practical [PSU]
# name 7 = sigma-é00: Density [sigma-theta, kg/m^3]
# name 8 = flag: flag
# span 0 = 244.623636, 244.624437       
# span 1 =      1.000,     36.000       
# span 2 =  34.430280,  39.296411       
# span 3 =     7.6214,    14.2183       
# span 4 =     3.3365,     9.3922       
# span 5 =      0.992,     35.696       
# span 6 =    32.3478,    33.5513       
# span 7 =    24.1061,    26.1915       
# span 8 = 0.0000e+00, 0.0000e+00       
# interval = decibars: 1                
# start_time = Sep 01 2011 14:52:04 [Instrument's time stamp, header]
# bad_flag = -9.990e-29
*END*
 244.623636      1.000  39.296411    14.2183     9.1132      0.992    32.3644    24.1061 0.0000e+00
 244.623664      2.000  39.128660    14.0038     9.2710      1.983    32.3899    24.1701 0.0000e+00
 244.623688      3.000  38.910226    13.7600     9.2998      2.975    32.3932    24.2224 0.0000e+00
 244.623709      4.000  38.726524    13.5414     9.3922      3.967    32.4070    24.2774 0.0000e+00
 244.623729      5.000  38.368490    13.1771     9.2337      4.958    32.3813    24.3301 0.0000e+00
 244.623754      6.000  38.003542    12.8128     8.1098      5.950    32.3478    24.3754 0.0000e+00
 244.623780      7.000  37.286199    11.9612     6.5320      6.942    32.3952    24.5734 0.0000e+00
 244.623806      8.000  36.668039    11.2606     4.4920      7.933    32.4056    24.7096 0.0000e+00
 244.623829      9.000  35.787327    10.0914     4.5207      8.925    32.5665    25.0372 0.0000e+00
 244.623855     10.000  35.550593     9.8408     4.4970      9.916    32.5522    25.0675 0.0000e+00
 244.623880     11.000  35.409514     9.5962     4.3090     10.908    32.6294    25.1677 0.0000e+00
 244.623902     12.000  35.265813     9.3631     4.2558     11.899    32.6939    25.2556 0.0000e+00
 244.623929     13.000  35.215636     9.2322     4.2168     12.891    32.7616    25.3294 0.0000e+00
 244.623952     14.000  35.143113     9.1355     4.2502     13.883    32.7750    25.3552 0.0000e+00
 244.623974     15.000  35.164481     9.1482     4.2852     14.874    32.7850    25.3610 0.0000e+00
 244.623997     16.000  35.182208     9.1497     4.2784     15.866    32.8015    25.3737 0.0000e+00
 244.624017     17.000  35.191529     9.1380     4.2774     16.857    32.8215    25.3912 0.0000e+00
 244.624037     18.000  35.192610     9.1083     4.2463     17.849    32.8495    25.4178 0.0000e+00
 244.624056     19.000  35.200727     9.0727     4.1827     18.841    32.8903    25.4554 0.0000e+00
 244.624074     20.000  35.205932     9.0427     4.0618     19.832    32.9230    25.4857 0.0000e+00
 244.624093     21.000  35.176760     8.9195     3.8800     20.824    33.0065    25.5703 0.0000e+00
 244.624111     22.000  35.085881     8.7543     3.5399     21.815    33.0651    25.6417 0.0000e+00
 244.624129     23.000  34.941778     8.4708     3.3365     22.806    33.1790    25.7742 0.0000e+00
 244.624147     24.000  34.675887     8.1071     3.4121     23.798    33.2404    25.8767 0.0000e+00
 244.624166     25.000  34.522851     7.8815     3.5438     24.790    33.2911    25.9495 0.0000e+00
 244.624186     26.000  34.477054     7.7836     3.7386     25.781    33.3350    25.9981 0.0000e+00
 244.624204     27.000  34.436154     7.6935     3.9286     26.773    33.3768    26.0439 0.0000e+00
 244.624220     28.000  34.430280     7.6557     4.0150     27.764    33.4063    26.0725 0.0000e+00
 244.624238     29.000  34.450215     7.6462     3.9881     28.756    33.4365    26.0976 0.0000e+00
 244.624258     30.000  34.468742     7.6438     3.9607     29.748    33.4583    26.1151 0.0000e+00
 244.624278     31.000  34.477566     7.6386     3.9380     30.739    33.4722    26.1268 0.0000e+00
 244.624296     32.000  34.487983     7.6389     3.9114     31.730    33.4828    26.1351 0.0000e+00
 244.624315     33.000  34.493381     7.6388     3.9044     32.722    33.4882    26.1394 0.0000e+00
 244.624336     34.000  34.500504     7.6416     3.8971     33.714    33.4927    26.1425 0.0000e+00
 244.624368     35.000  34.508101     7.6405     3.6822     34.705    33.5015    26.1496 0.0000e+00
 244.624437     36.000  34.537631     7.6214     3.4123     35.696    33.5513    26.1915 0.0000e+00
