data/oxygen options/OCNMS/OCNMS1/raw_data/2011/CAST_KL015_060911faed.cnv
* Sea-Bird SBE19 Data File:
* FileName = C:\Documents and Settings\OCNMS\Desktop\2011 mooring data\first service\CAST_KL015_060911.hex
* Software Version 1.24
* Temperature SN = 2997
* Conductivity SN = 2997
* System UpLoad Time = Jun 09 2011 18:34:12
** CAST_KL015_060911
* SEACAT PROFILER V3.1c SN 2997   06/09/11  18:33:10.315
# nquan = 9                                 
# nvalues = 572                         
# units = specified
# name 0 = timeJ: Julian Days
# name 1 = prSM: Pressure, Strain Gauge [db]
# name 2 = c0mS/cm: Conductivity [mS/cm]
# name 3 = t090C: Temperature [ITS-90, deg C]
# name 4 = sbeox0ML/L: Oxygen, SBE 43 [ml/l]
# name 5 = depSM: Depth [salt water, m], lat = 47.5
# name 6 = sal00: Salinity, Practical [PSU]
# name 7 = sigma-é00: Density [sigma-theta, kg/m^3]
# name 8 = flag: flag
# span 0 = 160.365683, 160.368987       
# span 1 =     -5.637,     15.480       
# span 2 =   0.004441,  35.117090       
# span 3 =    10.0266,    13.5507       
# span 4 =    -2.1367,    16.5454       
# span 5 =     -5.590,     15.350       
# span 6 =     0.0076,    31.6021       
# span 7 =    -0.4939,    24.2958       
# span 8 = 0.0000e+00, 0.0000e+00       
# interval = seconds: 0.5
# start_time = Jun 09 2011 08:46:35 [Instrument's time stamp, header]
# bad_flag = -9.990e-29
*END*
[from data line 161]
 160.366615     -1.339  32.996819    13.5426     6.8013     -1.328    27.1310    20.2038 -9.990e-29
 160.366620     -1.319  33.020883    13.5450     6.7956     -1.308    27.1512    20.2189 -9.990e-29
 160.366626     -1.290  33.068357    13.5439     6.7588     -1.279    27.1952    20.2530 -9.990e-29
 160.366632     -1.260  33.100701    13.5418     6.7238     -1.249    27.2261    20.2773 -9.990e-29
 160.366638     -1.244  33.116821    13.5423     6.6694     -1.234    27.2404    20.2882 -9.990e-29
 160.366644     -1.245  33.136509    13.5439     6.6394     -1.235    27.2572    20.3008 -9.990e-29
 160.366649     -1.249  33.156903    13.5450     6.6105     -1.239    27.2750    20.3144 -9.990e-29
 160.366655     -1.246  33.168811    13.5461     6.5736     -1.236    27.2850    20.3219 -9.990e-29
 160.366661     -1.229  33.169065    13.5467     6.5786     -1.219    27.2848    20.3216 -9.990e-29
 160.366667     -1.203  33.159103    13.5467     6.5779     -1.193    27.2757    20.3146 -9.990e-29
 160.366672     -1.174  33.150234    13.5470     6.5743     -1.164    27.2674    20.3082 -9.990e-29
 160.366678     -1.149  33.152429    13.5478     6.5821     -1.139    27.2689    20.3091 -9.990e-29
 160.366684     -1.135  33.161879    13.5487     6.5713     -1.126    27.2768    20.3151 -9.990e-29
 160.366690     -1.131  33.169342    13.5496     6.5572     -1.122    27.2830    20.3196 -9.990e-29
 160.366696     -1.128  33.172439    13.5504     6.5519     -1.119    27.2852    20.3212 -9.990e-29
 160.366701     -1.122  33.175276    13.5507     6.5536     -1.113    27.2876    20.3230 -9.990e-29
 160.366707     -1.112  33.176580    13.5498     6.5569     -1.103    27.2894    20.3246 -9.990e-29
 160.366713     -1.097  33.166879    13.5485     6.5646     -1.088    27.2815    20.3187 -9.990e-29
 160.366719     -1.082  33.149440    13.5477     6.5577     -1.073    27.2662    20.3071 -9.990e-29
 160.366725     -1.073  33.140709    13.5468     6.5655     -1.064    27.2589    20.3016 -9.990e-29
 160.366730     -1.075  33.142449    13.5457     6.5712     -1.066    27.2613    20.3036 -9.990e-29
 160.366736     -1.078  33.145770    13.5453     6.5683     -1.069    27.2646    20.3063 -9.990e-29
 160.366742     -1.071  33.150601    13.5455     6.5723     -1.062    27.2688    20.3095 -9.990e-29
 160.366748     -1.052  33.152173    13.5454     6.5558     -1.043    27.2703    20.3107 -9.990e-29
 160.366753     -1.030  33.144169    13.5451     6.5506     -1.021    27.2632    20.3053 -9.990e-29
 160.366759     -1.011  33.138273    13.5452     6.5505     -1.003    27.2578    20.3011 -9.990e-29
 160.366765     -0.998  33.142824    13.5460     6.5647     -0.990    27.2614    20.3037 -9.990e-29
 160.366771     -0.991  33.151000    13.5468     6.5652     -0.983    27.2682    20.3088 -9.990e-29
 160.366777     -0.985  33.156897    13.5471     6.5711     -0.977    27.2734    20.3127 -9.990e-29
 160.366782     -0.974  33.156048    13.5473     6.5605     -0.966    27.2725    20.3120 -9.990e-29
 160.366788     -0.964  33.149535    13.5476     6.5516     -0.956    27.2663    20.3072 -9.990e-29
 160.366794     -0.957  33.148794    13.5481     6.5618     -0.949    27.2653    20.3063 -9.990e-29
 160.366800     -0.954  33.155050    13.5488     6.5697     -0.946    27.2705    20.3102 -9.990e-29
 160.366806     -0.948  33.159281    13.5489     6.5836     -0.940    27.2743    20.3131 -9.990e-29
 160.366811     -0.933  33.156477    13.5473     6.5836     -0.925    27.2728    20.3123 -9.990e-29
 160.366817     -0.906  33.143997    13.5442     6.5774     -0.898    27.2637    20.3058 -9.990e-29
 160.366823     -0.878  33.129235    13.5416     6.5718     -0.871    27.2521    20.2974 -9.990e-29
 160.366829     -0.862  33.122696    13.5410     6.5677     -0.855    27.2465    20.2932 -9.990e-29
 160.366834     -0.859  33.122350    13.5425     6.5678     -0.852    27.2452    20.2919 -9.990e-29
 160.366840     -0.866  33.124355    13.5450     6.5678     -0.859    27.2452    20.2914 -9.990e-29
 160.366846     -0.870  33.128006    13.5468     6.5681     -0.863    27.2473    20.2926 -9.990e-29
 160.366852     -0.864  33.130318    13.5475     6.5685     -0.857    27.2489    20.2937 -9.990e-29
 160.366858     -0.849  33.129879    13.5477     6.5762     -0.842    27.2483    20.2933 -9.990e-29
 160.366863     -0.831  33.128877    13.5479     6.5783     -0.824    27.2473    20.2924 -9.990e-29
 160.366869     -0.813  33.129311    13.5479     6.5781     -0.806    27.2476    20.2927 -9.990e-29
 160.366875     -0.796  33.130620    13.5475     6.5752     -0.789    27.2491    20.2939 -9.990e-29
 160.366881     -0.781  33.131728    13.5469     6.5723     -0.774    27.2505    20.2952 -9.990e-29
 160.366887     -0.767  33.132413    13.5464     6.5648     -0.761    27.2515    20.2960 -9.990e-29
 160.366892     -0.747  33.132446    13.5461     6.5500     -0.741    27.2518    20.2962 -9.990e-29
 160.366898     -0.718  33.131848    13.5461     6.5401     -0.712    27.2512    20.2958 -9.990e-29
 160.366904     -0.676  33.129801    13.5459     6.5515     -0.670    27.2495    20.2945 -9.990e-29
 160.366910     -0.623  33.126352    13.5455     6.5357     -0.618    27.2466    20.2924 -9.990e-29
 160.366916     -0.565  33.124710    13.5450     6.5517     -0.560    27.2454    20.2916 -9.990e-29
 160.366921     -0.503  33.126021    13.5446     6.5919     -0.499    27.2469    20.2928 -9.990e-29
 160.366927     -0.427  33.129214    13.5440     6.6642     -0.423    27.2502    20.2955 -9.990e-29
 160.366933     -0.325  33.136284    13.5407     6.7424     -0.322    27.2589    20.3028 -9.990e-29
 160.366939     -0.190  33.149365    13.5316     6.7985     -0.188    27.2773    20.3187 -9.990e-29
 160.366944     -0.026  33.180279    13.5097     6.8364     -0.026    27.3210    20.3566 -9.990e-29
 160.366950      0.160  33.274700    13.4620     6.8598      0.159    27.4412    20.4585 -9.990e-29
 160.366956      0.358  33.438210    13.3948     6.8665      0.355    27.6390    20.6239 0.0000e+00
 160.366962      0.555  33.590033    13.3387     6.8945      0.550    27.8188    20.7733 0.0000e+00
 160.366968      0.747  33.683597    13.3091     6.9168      0.741    27.9262    20.8618 0.0000e+00
 160.366973      0.937  33.735072    13.2929     6.8940      0.929    27.9853    20.9105 0.0000e+00
 160.366979      1.129  33.778926    13.2727     6.8503      1.120    28.0403    20.9569 0.0000e+00
 160.366985      1.326  33.842834    13.2454     6.8075      1.315    28.1192    21.0229 0.0000e+00
 160.366991      1.528  33.909587    13.2168     6.7951      1.515    28.2017    21.0921 0.0000e+00
 160.366997      1.731  33.955140    13.1909     6.8390      1.717    28.2628    21.1442 0.0000e+00
 160.367002      1.935  33.974737    13.1591     6.8791      1.919    28.3045    21.1824 0.0000e+00
 160.367008      2.148  33.970978    13.0904     6.8970      2.130    28.3521    21.2322 0.0000e+00
 160.367014      2.376  33.967921    12.9515     6.8842      2.356    28.4531    21.3364 0.0000e+00
 160.367020      2.611  33.976573    12.7765     6.8355      2.589    28.5929    21.4772 0.0000e+00
 160.367025      2.843  33.981582    12.6602     6.7898      2.819    28.6857    21.5705 0.0000e+00
 160.367031      3.061  33.985101    12.6492     6.7177      3.035    28.6973    21.5815 0.0000e+00
 160.367037      3.261  33.985605    12.7052     6.6733      3.234    28.6551    21.5385 0.0000e+00
 160.367043      3.453  33.977007    12.7410     6.5951      3.424    28.6199    21.5046 0.0000e+00
 160.367049      3.647  33.969086    12.6996     6.4591      3.617    28.6438    21.5308 0.0000e+00
 160.367054      3.853  33.973656    12.6039     6.2873      3.821    28.7208    21.6081 0.0000e+00
 160.367060      4.070  33.992323    12.4823     6.1669      4.036    28.8311    21.7158 0.0000e+00
 160.367066      4.291  34.020287    12.3407     6.1054      4.255    28.9662    21.8463 0.0000e+00
 160.367072      4.508  34.055624    12.2059     6.1201      4.470    29.1039    21.9775 0.0000e+00
 160.367078      4.723  34.092811    12.1028     6.1735      4.684    29.2194    22.0856 0.0000e+00
 160.367083      4.936  34.129343    12.0121     6.2327      4.895    29.3251    22.1838 0.0000e+00
 160.367089      5.148  34.170238    11.8991     6.2672      5.105    29.4530    22.3033 0.0000e+00
 160.367095      5.364  34.241448    11.7675     6.2603      5.319    29.6255    22.4605 0.0000e+00
 160.367101      5.584  34.367731    11.6454     6.2724      5.537    29.8445    22.6521 0.0000e+00
 160.367106      5.802  34.526353    11.5606     6.3215      5.753    30.0658    22.8389 0.0000e+00
 160.367112      6.009  34.672012    11.5269     6.3989      5.959    30.2340    22.9753 0.0000e+00
 160.367118      6.207  34.751065    11.5257     6.4376      6.155    30.3114    23.0356 0.0000e+00
 160.367124      6.394  34.746205    11.5284     6.3995      6.341    30.3044    23.0297 0.0000e+00
 160.367130      6.574  34.721872    11.5179     6.3901      6.519    30.2893    23.0199 0.0000e+00
 160.367135      6.759  34.770268    11.4813     6.3769      6.702    30.3661    23.0860 0.0000e+00
 160.367141      6.952  34.912679    11.4141     6.3702      6.894    30.5595    23.2480 0.0000e+00
 160.367147      7.151  35.048381    11.3110     6.3146      7.091    30.7771    23.4352 0.0000e+00
 160.367153      7.362  35.094561    11.1690     6.2167      7.300    30.9409    23.5874 0.0000e+00
 160.367159      7.585  35.092481    11.0194     6.0624      7.522    31.0649    23.7098 0.0000e+00
 160.367164      7.812  35.101323    10.9040     5.8410      7.747    31.1713    23.8125 0.0000e+00
 160.367170      8.032  35.112547    10.8430     5.6311      7.965    31.2342    23.8719 0.0000e+00
 160.367176      8.238  35.113513    10.8256     5.4684      8.169    31.2499    23.8872 0.0000e+00
 160.367182      8.430  35.117090    10.7986     5.3944      8.359    31.2765    23.9124 0.0000e+00
 160.367188      8.617  35.104376    10.7196     5.3567      8.545    31.3314    23.9687 0.0000e+00
 160.367193      8.804  35.053233    10.6232     5.3157      8.730    31.3633    24.0100 0.0000e+00
 160.367199      8.993  34.994381    10.5698     5.2620      8.918    31.3506    24.0091 0.0000e+00
 160.367205      9.177  34.972308    10.5564     5.1874      9.100    31.3401    24.0032 0.0000e+00
 160.367211      9.355  34.981473    10.5419     5.1265      9.277    31.3616    24.0224 0.0000e+00
 160.367216      9.539  34.983568    10.5054     5.0921      9.459    31.3950    24.0546 0.0000e+00
 160.367222      9.744  34.962206    10.4557     5.0670      9.662    31.4165    24.0797 0.0000e+00
 160.367228      9.972  34.934647    10.4136     5.0728      9.889    31.4252    24.0936 0.0000e+00
 160.367234     10.206  34.915476    10.3870     5.0670     10.121    31.4290    24.1010 0.0000e+00
 160.367240     10.430  34.902473    10.3766     5.0533     10.343    31.4249    24.0995 0.0000e+00
 160.367245     10.639  34.897729    10.3795     5.0243     10.550    31.4175    24.0934 0.0000e+00
 160.367251     10.832  34.902597    10.3834     4.9937     10.741    31.4190    24.0938 0.0000e+00
 160.367257     11.018  34.907740    10.3782     4.9791     10.926    31.4285    24.1021 0.0000e+00
 160.367263     11.204  34.902518    10.3631     4.9636     11.110    31.4363    24.1107 0.0000e+00
 160.367269     11.389  34.887651    10.3440     4.9647     11.294    31.4378    24.1151 0.0000e+00
 160.367274     11.571  34.872827    10.3313     4.9583     11.474    31.4339    24.1142 0.0000e+00
 160.367280     11.750  34.864988    10.3271     4.9486     11.652    31.4296    24.1116 0.0000e+00
 160.367286     11.925  34.865841    10.3202     4.9440     11.825    31.4364    24.1180 0.0000e+00
 160.367292     12.101  34.867970    10.3047     4.9502     12.000    31.4519    24.1326 0.0000e+00
 160.367297     12.286  34.862869    10.2842     4.9227     12.183    31.4644    24.1458 0.0000e+00
 160.367303     12.483  34.854778    10.2639     4.9188     12.378    31.4738    24.1565 0.0000e+00
 160.367309     12.692  34.848426    10.2477     4.8896     12.586    31.4814    24.1652 0.0000e+00
 160.367315     12.904  34.843583    10.2382     4.8628     12.796    31.4847    24.1693 0.0000e+00
 160.367321     13.108  34.840912    10.2355     4.8505     12.998    31.4843    24.1694 0.0000e+00
 160.367326     13.299  34.840612    10.2346     4.8206     13.188    31.4847    24.1699 0.0000e+00
 160.367332     13.484  34.841570    10.2294     4.8169     13.371    31.4901    24.1750 0.0000e+00
 160.367338     13.673  34.840431    10.2193     4.7991     13.558    31.4976    24.1825 0.0000e+00
 160.367344     13.863  34.835527    10.2101     4.7425     13.747    31.5006    24.1864 0.0000e+00
 160.367350     14.050  34.829680    10.2073     4.6940     13.932    31.4971    24.1841 0.0000e+00
 160.367355     14.228  34.829492    10.2088     4.6080     14.109    31.4956    24.1827 0.0000e+00
 160.367361     14.396  34.835118    10.2061     4.5447     14.275    31.5035    24.1893 0.0000e+00
 160.367367     14.560  34.834317    10.1891     4.5300     14.438    31.5174    24.2029 0.0000e+00
 160.367373     14.726  34.822510    10.1502     4.5217     14.603    31.5393    24.2265 0.0000e+00
 160.367378     14.893  34.806192    10.0949     4.5553     14.768    31.5710    24.2603 0.0000e+00
 160.367384     15.049  34.789757    10.0469     4.5971     14.923    31.5962    24.2879 0.0000e+00
 160.367390     15.178  34.777999    10.0266     4.6373     15.051    31.6021    24.2958 -9.990e-29
 160.367396     15.272  34.774666    10.0306     4.6624     15.144    31.5952    24.2898 -9.990e-29
 160.367402     15.333  34.779631    10.0453     4.6662     15.204    31.5873    24.2812 -9.990e-29
 160.367407     15.367  34.792643    10.0637     4.6756     15.238    31.5844    24.2759 -9.990e-29
 160.367413     15.387  34.807953    10.0791     4.6781     15.258    31.5863    24.2749 -9.990e-29
 160.367419     15.398  34.815602    10.0863     4.7034     15.269    31.5877    24.2748 -9.990e-29
 160.367425     15.400  34.815565    10.0891     4.7415     15.271    31.5853    24.2724 -9.990e-29
 160.367431     15.394  34.814362    10.0917     4.7643     15.265    31.5818    24.2693 -9.990e-29
 160.367436     15.379  34.813597    10.0958     4.8002     15.250    31.5774    24.2652 -9.990e-29
 160.367442     15.358  34.812658    10.1054     4.8189     15.229    31.5681    24.2564 -9.990e-29
 160.367448     15.339  34.814618    10.1214     4.8336     15.210    31.5562    24.2444 -9.990e-29
 160.367454     15.325  34.821938    10.1411     4.8411     15.197    31.5464    24.2335 -9.990e-29
 160.367459     15.319  34.831356    10.1613     4.8298     15.191    31.5383    24.2238 -9.990e-29
 160.367465     15.325  34.838489    10.1747     4.8024     15.197    31.5338    24.2181 -9.990e-29
 160.367471     15.339  34.842624    10.1703     4.7631     15.210    31.5417    24.2251 -9.990e-29
 160.367477     15.357  34.844088    10.1500     4.7184     15.228    31.5609    24.2433 -9.990e-29
 160.367483     15.382  34.843004    10.1314     4.6722     15.253    31.5760    24.2582 -9.990e-29
 160.367488     15.410  34.840573    10.1262     4.6541     15.281    31.5781    24.2607 -9.990e-29
 160.367494     15.434  34.836756    10.1290     4.6483     15.305    31.5718    24.2553 -9.990e-29
 160.367500     15.452  34.829667    10.1280     4.6609     15.322    31.5655    24.2506 -9.990e-29
 160.367506     15.465  34.820336    10.1188     4.6746     15.335    31.5641    24.2510 -9.990e-29
 160.367512     15.474  34.812964    10.1060     4.6667     15.344    31.5679    24.2561 -9.990e-29
 160.367517     15.479  34.809326    10.0955     4.6624     15.349    31.5734    24.2621 -9.990e-29
 160.367523     15.480  34.809456    10.0910     4.6361     15.350    31.5774    24.2660 -9.990e-29
 160.367529     15.479  34.812253    10.0924     4.6291     15.349    31.5790    24.2670 -9.990e-29
