data/oxygen options/OCNMS/OCNMS1/raw_data/2011/CAST_CE015_072111faed.cnv
* Sea-Bird SBE19 Data File:
* FileName = C:\velocity\CATFILES\202_124422_CE015000.hex
* Software Version 1.59
* Temperature SN = 2997
* Conductivity SN = 2997
* System UpLoad Time = Jul 21 2011 20:48:45
* ds
* SEACAT PROFILER V3.1c SN 2997   07/21/11  13:48:22.089
# nquan = 9                                 
# nvalues = 535                         
# units = specified
# name 0 = timeJ: Julian Days
# name 1 = prSM: Pressure, Strain Gauge [db]
# name 2 = c0mS/cm: Conductivity [mS/cm]
# name 3 = t090C: Temperature [ITS-90, deg C]
# name 4 = sbeox0ML/L: Oxygen, SBE 43 [ml/l]
# name 5 = depSM: Depth [salt water, m], lat = 47.5
# name 6 = sal00: Salinity, Practical [PSU]
# name 7 = sigma-é00: Density [sigma-theta, kg/m^3]
# name 8 = flag: flag
# span 0 = 202.530810, 202.533900       
# span 1 =     -5.745,     14.994       
# span 2 =   0.129252,  37.230052       
# span 3 =     9.7347,    17.1166       
# span 4 =    -1.9296,    15.6532       
# span 5 =     -5.697,     14.868       
# span 6 =     0.0745,    32.6706       
# span 7 =    -1.1868,    25.1714       
# span 8 = 0.0000e+00, 0.0000e+00       
# interval = seconds: 0.5
# start_time = Jul 21 2011 12:44:22 [Instrument's time stamp, header]
# bad_flag = -9.990e-29
*END*
 202.530810     -5.745 -9.990e-29    17.0426    -1.9194     -5.697 -9.990e-29 -9.990e-29 -9.990e-29
 202.530816     -5.740   0.129551    17.0455    -1.9199     -5.692     0.0746    -1.1743 -9.990e-29
 202.530822     -5.730   0.129551    17.0504    -1.9198     -5.682     0.0746    -1.1752 -9.990e-29
 202.530828     -5.709   0.129551    17.0562    -1.9194     -5.661     0.0746    -1.1762 -9.990e-29
 202.530833     -5.681   0.129551    17.0620    -1.9186     -5.634     0.0745    -1.1772 -9.990e-29
 202.530839     -5.647   0.129551    17.0658    -1.9181     -5.600     0.0745    -1.1779 -9.990e-29
 202.530845     -5.606   0.129551    17.0663    -1.9176     -5.559     0.0745    -1.1779 -9.990e-29
 202.530851     -5.559   0.129551    17.0637    -1.9173     -5.513     0.0745    -1.1775 -9.990e-29
 202.530856     -5.512   0.129551    17.0578    -1.9176     -5.466     0.0745    -1.1764 -9.990e-29
 202.530862     -5.475   0.129550    17.0495    -1.9173     -5.429     0.0746    -1.1750 -9.990e-29
 202.530868     -5.454   0.129550    17.0434    -1.9168     -5.409     0.0746    -1.1739 -9.990e-29
 202.530874     -5.439   0.129550    17.0444    -1.9166     -5.394     0.0746    -1.1741 -9.990e-29
 202.530880     -5.420   0.129550    17.0533    -1.9169     -5.375     0.0746    -1.1757 -9.990e-29
 202.530885     -5.397   0.129549    17.0668    -1.9176     -5.352     0.0745    -1.1780 -9.990e-29
 202.530891     -5.368   0.129549    17.0805    -1.9182     -5.323     0.0745    -1.1804 -9.990e-29
 202.530897     -5.335   0.129549    17.0915    -1.9186     -5.291     0.0745    -1.1824 -9.990e-29
 202.530903     -5.301   0.129549    17.0986    -1.9185     -5.257     0.0745    -1.1836 -9.990e-29
 202.530909     -5.263   0.129549    17.1027    -1.9184     -5.219     0.0745    -1.1843 -9.990e-29
 202.530914     -5.224   0.129548    17.1081    -1.9183     -5.180     0.0745    -1.1853 -9.990e-29
 202.530920     -5.180   0.129548    17.1146    -1.9186     -5.137     0.0745    -1.1864 -9.990e-29
 202.530926     -5.129   0.129548    17.1166    -1.9195     -5.086     0.0745    -1.1868 -9.990e-29
 202.530932     -5.081   0.129548    17.1109    -1.9205     -5.039     0.0745    -1.1858 -9.990e-29
 202.530937     -5.040   0.129547    17.0993    -1.9214     -4.998     0.0745    -1.1837 -9.990e-29
 202.530943     -5.006   0.129547    17.0871    -1.9229     -4.964     0.0745    -1.1816 -9.990e-29
 202.530949     -4.974   0.129547    17.0790    -1.9239     -4.933     0.0745    -1.1802 -9.990e-29
 202.530955     -4.944   0.129547    17.0764    -1.9257     -4.903     0.0745    -1.1797 -9.990e-29
 202.530961     -4.913   0.129546    17.0763    -1.9270     -4.872     0.0745    -1.1797 -9.990e-29
 202.530966     -4.879   0.129543    17.0737    -1.9276     -4.838     0.0745    -1.1792 -9.990e-29
 202.530972     -4.841   0.129536    17.0638    -1.9277     -4.801     0.0745    -1.1775 -9.990e-29
 202.530978     -4.800   0.129515    17.0453    -1.9273     -4.760     0.0745    -1.1743 -9.990e-29
 202.530984     -4.762   0.129452    17.0214    -1.9267     -4.722     0.0745    -1.1701 -9.990e-29
 202.530990     -4.729   0.129263    16.9935    -1.9261     -4.690     0.0745    -1.1653 -9.990e-29
 202.530995     -4.699   0.129252    16.9613    -1.9264     -4.660     0.0745    -1.1597 -9.990e-29
 202.531001     -4.674   0.130509    16.9252    -1.9264     -4.635     0.0753    -1.1528 -9.990e-29
 202.531007     -4.656   0.134713    16.8876    -1.9264     -4.617     0.0777    -1.1445 -9.990e-29
 202.531013     -4.642   0.144147    16.8552    -1.9265     -4.603     0.0829    -1.1348 -9.990e-29
 202.531019     -4.624   0.160874    16.8336    -1.9270     -4.585     0.0923    -1.1238 -9.990e-29
 202.531024     -4.603   0.184505    16.8228    -1.9282     -4.565     0.1057    -1.1117 -9.990e-29
 202.531030     -4.577   0.213890    16.8204    -1.9292     -4.539     0.1224    -1.0984 -9.990e-29
 202.531036     -4.544   0.249464    16.8221    -1.9296     -4.506     0.1427    -1.0830 -9.990e-29
 202.531042     -4.507   0.291057    16.8225    -1.9295     -4.469     0.1667    -1.0646 -9.990e-29
 202.531047     -4.471   0.337663    16.8201    -1.9295     -4.434     0.1937    -1.0433 -9.990e-29
 202.531053     -4.438   0.380566    16.8163    -1.9294     -4.401     0.2189    -1.0233 -9.990e-29
 202.531059     -4.412   0.408326    16.8105    -1.9294     -4.375     0.2352    -1.0097 -9.990e-29
 202.531065     -4.393   0.424740    16.8012    -1.9295     -4.356     0.2449    -1.0006 -9.990e-29
 202.531071     -4.378   0.438962    16.7864    -1.9296     -4.342     0.2534    -0.9915 -9.990e-29
 202.531076     -4.360   0.450022    16.7662    -1.7948     -4.324     0.2601    -0.9829 -9.990e-29
 202.531082     -4.340   0.454400    16.7474    -1.6678     -4.304     0.2628    -0.9775 -9.990e-29
 202.531088     -4.314   0.455163    16.7363    -1.6729     -4.278     0.2633    -0.9752 -9.990e-29
 202.531094     -4.282   0.456652    16.7326    -1.6740     -4.246     0.2642    -0.9739 -9.990e-29
 202.531100     -4.242   0.462514    16.7320    -1.6741     -4.207     0.2677    -0.9711 -9.990e-29
 202.531105     -4.195   0.481119    16.7287    -1.6730     -4.160     0.2788    -0.9620 -9.990e-29
 202.531111     -4.147   0.539488    16.7136    -1.6734     -4.112     0.3137    -0.9325 -9.990e-29
 202.531117     -4.099   0.726520    16.6664    -1.6744     -4.065     0.4272    -0.8370 -9.990e-29
 202.531123     -4.044   1.305983    16.5278    -1.6723     -4.010     0.7894    -0.5346 -9.990e-29
 202.531128     -3.974   3.054925    16.2148    -1.6716     -3.941     1.9457     0.4069 -9.990e-29
 202.531134     -3.889   8.299733    15.7995    -1.6737     -3.857     5.7073     3.3597 -9.990e-29
 202.531140     -3.792  18.087868    15.4921    -1.6732     -3.760    13.3506     9.2596 -9.990e-29
 202.531146     -3.685  27.829271    15.3486    -1.6736     -3.654    21.4643    15.4968 -9.990e-29
 202.531152     -3.571  33.021746    15.2868    -1.6736     -3.541    25.9613    18.9577 -9.990e-29
 202.531157     -3.454  34.776856    15.2559    -1.6730     -3.425    27.5146    20.1567 -9.990e-29
 202.531163     -3.341  35.406746    15.2392    -1.6734     -3.313    28.0795    20.5941 -9.990e-29
 202.531169     -3.232  35.665609    15.2319    -1.6734     -3.205    28.3125    20.7746 -9.990e-29
 202.531175     -3.129  35.766458    15.2332    -1.6721     -3.103    28.4003    20.8418 -9.990e-29
 202.531181     -3.038  35.820249    15.2433    -1.6717     -3.013    28.4404    20.8705 -9.990e-29
 202.531186     -2.972  35.879674    15.2564    -1.6728     -2.947    28.4832    20.9006 -9.990e-29
 202.531192     -2.929  35.876712    15.2617    -1.6728     -2.905    28.4767    20.8946 -9.990e-29
 202.531198     -2.895  35.803502    15.2569    -1.6731     -2.871    28.4157    20.8487 -9.990e-29
 202.531204     -2.855  35.755061    15.2484    -1.6731     -2.831    28.3792    20.8224 -9.990e-29
 202.531209     -2.805  35.755282    15.2419    -1.6718     -2.782    28.3841    20.8275 -9.990e-29
 202.531215     -2.752  35.781510    15.2391    -1.6720     -2.729    28.4092    20.8474 -9.990e-29
 202.531221     -2.699  35.813290    15.2402    -1.6731     -2.676    28.4364    20.8681 -9.990e-29
 202.531227     -2.654  35.832531    15.2449    -1.6732     -2.632    28.4499    20.8775 -9.990e-29
 202.531233     -2.621  35.858735    15.2513    -1.6729     -2.599    28.4683    20.8903 -9.990e-29
 202.531238     -2.606  35.894932    15.2566    -1.6728     -2.584    28.4964    20.9107 -9.990e-29
 202.531244     -2.605  35.895327    15.2566    -1.6728     -2.583    28.4967    20.9110 -9.990e-29
 202.531250     -2.601  35.855419    15.2494    -1.6733     -2.579    28.4668    20.8895 -9.990e-29
 202.531256     -2.584  35.828956    15.2420    -1.6733     -2.562    28.4488    20.8773 -9.990e-29
 202.531262     -2.558  35.841136    15.2422    -1.6725     -2.537    28.4594    20.8854 -9.990e-29
 202.531267     -2.529  35.880207    15.2472    -1.6725     -2.508    28.4902    20.9080 -9.990e-29
 202.531273     -2.501  35.911481    15.2500    -1.6731     -2.480    28.5157    20.9270 -9.990e-29
 202.531279     -2.471  35.895476    15.2472    -1.6740     -2.450    28.5036    20.9183 -9.990e-29
 202.531285     -2.438  35.853976    15.2391    -1.6736     -2.418    28.4729    20.8964 -9.990e-29
 202.531291     -2.398  35.842526    15.2315    -1.6736     -2.378    28.4683    20.8945 -9.990e-29
 202.531296     -2.359  35.868264    15.2307    -1.6734     -2.339    28.4916    20.9125 -9.990e-29
 202.531302     -2.335  35.894963    15.2349    -1.6738     -2.316    28.5121    20.9274 -9.990e-29
 202.531308     -2.329  35.891037    15.2379    -1.6737     -2.310    28.5064    20.9224 -9.990e-29
 202.531314     -2.328  35.866937    15.2371    -1.6734     -2.309    28.4858    20.9067 -9.990e-29
 202.531319     -2.322  35.862773    15.2342    -1.6731     -2.303    28.4842    20.9061 -9.990e-29
 202.531325     -2.312  35.881964    15.2309    -1.6724     -2.293    28.5035    20.9216 -9.990e-29
 202.531331     -2.292  35.886272    15.2263    -1.6721     -2.273    28.5106    20.9281 -9.990e-29
 202.531337     -2.262  35.862414    15.2191    -1.6720     -2.243    28.4948    20.9174 -9.990e-29
 202.531343     -2.228  35.841858    15.2102    -1.6724     -2.209    28.4831    20.9103 -9.990e-29
 202.531348     -2.200  35.853198    15.2050    -1.6725     -2.182    28.4969    20.9220 -9.990e-29
 202.531354     -2.191  35.883564    15.2067    -1.6717     -2.173    28.5224    20.9413 -9.990e-29
 202.531360     -2.198  35.898420    15.2124    -1.6724     -2.180    28.5314    20.9469 -9.990e-29
 202.531366     -2.215  35.889583    15.2198    -1.6729     -2.197    28.5182    20.9353 -9.990e-29
 202.531372     -2.233  35.879438    15.2274    -1.6734     -2.214    28.5038    20.9226 -9.990e-29
 202.531377     -2.245  35.881346    15.2341    -1.6725     -2.226    28.5006    20.9187 -9.990e-29
 202.531383     -2.247  35.896741    15.2392    -1.6721     -2.228    28.5105    20.9252 -9.990e-29
 202.531389     -2.245  35.920964    15.2431    -1.6722     -2.226    28.5290    20.9386 -9.990e-29
 202.531395     -2.242  35.937610    15.2469    -1.6727     -2.223    28.5409    20.9470 -9.990e-29
 202.531400     -2.238  35.935846    15.2508    -1.6736     -2.219    28.5365    20.9428 -9.990e-29
 202.531406     -2.232  35.921169    15.2534    -1.6736     -2.213    28.5217    20.9309 -9.990e-29
 202.531412     -2.225  35.913773    15.2538    -1.6736     -2.206    28.5149    20.9256 -9.990e-29
 202.531418     -2.216  35.909968    15.2518    -1.6737     -2.198    28.5130    20.9245 -9.990e-29
 202.531424     -2.204  35.886771    15.2491    -1.6728     -2.186    28.4945    20.9109 -9.990e-29
 202.531429     -2.188  35.858054    15.2479    -1.6726     -2.170    28.4701    20.8924 -9.990e-29
 202.531435     -2.173  35.856089    15.2484    -1.6732     -2.155    28.4680    20.8906 -9.990e-29
 202.531441     -2.165  35.883303    15.2496    -1.6737     -2.147    28.4911    20.9081 -9.990e-29
 202.531447     -2.164  35.904880    15.2504    -1.6736     -2.146    28.5095    20.9221 -9.990e-29
 202.531453     -2.161  35.891925    15.2493    -1.6729     -2.143    28.4989    20.9142 -9.990e-29
 202.531458     -2.152  35.850692    15.2466    -1.6733     -2.134    28.4645    20.8884 -9.990e-29
 202.531464     -2.136  35.810201    15.2433    -1.6735     -2.118    28.4312    20.8635 -9.990e-29
 202.531470     -2.113  35.793183    15.2415    -1.6732     -2.095    28.4175    20.8533 -9.990e-29
 202.531476     -2.085  35.797674    15.2425    -1.6728     -2.068    28.4208    20.8556 -9.990e-29
 202.531481     -2.059  35.819591    15.2437    -1.6724     -2.042    28.4392    20.8695 -9.990e-29
 202.531487     -2.037  35.848968    15.2432    -1.6733     -2.020    28.4654    20.8898 -9.990e-29
 202.531493     -2.018  35.857794    15.2425    -1.6739     -2.001    28.4737    20.8963 -9.990e-29
 202.531499     -2.001  35.838810    15.2427    -1.6741     -1.984    28.4568    20.8833 -9.990e-29
 202.531505     -1.985  35.817664    15.2433    -1.6741     -1.968    28.4377    20.8685 -9.990e-29
 202.531510     -1.968  35.817684    15.2442    -1.6736     -1.952    28.4371    20.8678 -9.990e-29
 202.531516     -1.950  35.828266    15.2457    -1.6742     -1.934    28.4453    20.8738 -9.990e-29
 202.531522     -1.930  35.826576    15.2474    -1.6742     -1.914    28.4426    20.8714 -9.990e-29
 202.531528     -1.911  35.823808    15.2488    -1.6744     -1.895    28.4392    20.8684 -9.990e-29
 202.531534     -1.899  35.836255    15.2495    -1.6743     -1.883    28.4496    20.8763 -9.990e-29
 202.531539     -1.895  35.852532    15.2487    -1.6742     -1.879    28.4645    20.8879 -9.990e-29
 202.531545     -1.884  35.846576    15.2458    -1.6741     -1.868    28.4614    20.8861 -9.990e-29
 202.531551     -1.859  35.811018    15.2410    -1.6743     -1.843    28.4335    20.8657 -9.990e-29
 202.531557     -1.825  35.776101    15.2357    -1.6746     -1.810    28.4066    20.8462 -9.990e-29
 202.531563     -1.799  35.767516    15.2321    -1.6749     -1.784    28.4016    20.8431 -9.990e-29
 202.531568     -1.785  35.779988    15.2297    12.0935     -1.770    28.4143    20.8534 -9.990e-29
 202.531574     -1.781  35.788727    15.2267    15.6156     -1.766    28.4242    20.8616 -9.990e-29
 202.531580     -1.775  35.781884    15.2229    15.6532     -1.760    28.4209    20.8599 -9.990e-29
 202.531586     -1.761  35.773868    15.2201    12.5346     -1.746    28.4159    20.8566 -9.990e-29
 202.531591     -1.737  35.775284    15.2188     6.1754     -1.723    28.4181    20.8585 -9.990e-29
 202.531597     -1.713  35.784676    15.2166     6.3179     -1.699    28.4279    20.8666 -9.990e-29
 202.531603     -1.698  35.794424    15.2129     6.5050     -1.684    28.4392    20.8760 -9.990e-29
 202.531609     -1.686  35.798505    15.2097     6.5479     -1.672    28.4451    20.8812 -9.990e-29
 202.531615     -1.672  35.794536    15.2080     6.5424     -1.658    28.4428    20.8798 -9.990e-29
 202.531620     -1.654  35.780599    15.2074     6.5078     -1.640    28.4310    20.8708 -9.990e-29
 202.531626     -1.637  35.765563    15.2082     6.4658     -1.623    28.4171    20.8600 -9.990e-29
 202.531632     -1.627  35.759072    15.2106     6.4298     -1.613    28.4097    20.8538 -9.990e-29
 202.531638     -1.625  35.757525    15.2137     6.3961     -1.611    28.4061    20.8504 -9.990e-29
 202.531644     -1.621  35.756077    15.2166     6.3693     -1.607    28.4027    20.8472 -9.990e-29
 202.531649     -1.610  35.751694    15.2195     6.3641     -1.597    28.3967    20.8420 -9.990e-29
 202.531655     -1.597  35.744707    15.2219     6.3658     -1.584    28.3888    20.8354 -9.990e-29
 202.531661     -1.589  35.740374    15.2233     6.3532     -1.576    28.3840    20.8314 -9.990e-29
 202.531667     -1.590  35.737974    15.2239     6.3453     -1.577    28.3814    20.8293 -9.990e-29
 202.531672     -1.595  35.736002    15.2244     6.3344     -1.582    28.3794    20.8276 -9.990e-29
 202.531678     -1.602  35.735766    15.2249     6.3189     -1.589    28.3788    20.8271 -9.990e-29
 202.531684     -1.609  35.737527    15.2250     6.3244     -1.596    28.3803    20.8282 -9.990e-29
 202.531690     -1.614  35.740290    15.2250     6.3433     -1.601    28.3827    20.8301 -9.990e-29
 202.531696     -1.608  35.741036    15.2253     6.3535     -1.595    28.3831    20.8303 -9.990e-29
 202.531701     -1.586  35.738538    15.2254     6.3635     -1.573    28.3809    20.8286 -9.990e-29
 202.531707     -1.555  35.733400    15.2252     6.3709     -1.542    28.3765    20.8252 -9.990e-29
 202.531713     -1.532  35.727746    15.2250     6.3620     -1.519    28.3716    20.8215 -9.990e-29
 202.531719     -1.522  35.725811    15.2244     6.3573     -1.509    28.3703    20.8207 -9.990e-29
 202.531725     -1.517  35.732309    15.2223     6.3582     -1.504    28.3776    20.8267 -9.990e-29
 202.531730     -1.503  35.746962    15.2174     6.3532     -1.490    28.3940    20.8404 -9.990e-29
