data/oxygen options/OCNMS/OCNMS1/raw_data/2011/CAST_KL027_100611faed.cnv
* Sea-Bird SBE19 Data File:
* FileName = C:\Documents and Settings\OCNMS\Desktop\2011 mooring data\4th service\CAST_KL027_100611.hex
* Software Version 1.24
* Temperature SN = 2997
* Conductivity SN = 2997
* System UpLoad Time = Oct 06 2011 18:32:32
** CAST_KL027_100611
* SEACAT PROFILER V3.1c SN 2997   10/06/11  18:32:06.786
# nquan = 9                                 
# nvalues = 936                         
# units = specified
# name 0 = timeJ: Julian Days
# name 1 = prSM: Pressure, Strain Gauge [db]
# name 2 = c0mS/cm: Conductivity [mS/cm]
# name 3 = t090C: Temperature [ITS-90, deg C]
# name 4 = sbeox0ML/L: Oxygen, SBE 43 [ml/l]
# name 5 = depSM: Depth [salt water, m], lat = 47.5
# name 6 = sal00: Salinity, Practical [PSU]
# name 7 = sigma-é00: Density [sigma-theta, kg/m^3]
# name 8 = flag: flag
# span 0 = 279.645613, 279.651024       
# span 1 =     -5.701,     27.266       
# span 2 =   0.133645,  37.989552       
# span 3 =    12.7051,    14.1924       
# span 4 =    -2.0987,    14.7966       
# span 5 =     -5.653,     27.037       
# span 6 =     0.0836,    31.2955       
# span 7 =    -0.5471,    23.3167       
# span 8 = 0.0000e+00, 0.0000e+00       
# interval = seconds: 0.5
# start_time = Oct 06 2011 15:29:41 [Instrument's time stamp, header]
# bad_flag = -9.990e-29
*END*
[from data line 641]
 279.649323     10.849  37.010753    14.1565     5.8041     10.758    30.3214    22.5432 0.0000e+00
 279.649329     11.135  37.013831    14.1544     5.7999     11.042    30.3258    22.5470 0.0000e+00
 279.649334     11.399  37.015945    14.1537     5.8177     11.304    30.3281    22.5490 0.0000e+00
 279.649340     11.635  37.015991    14.1539     5.8334     11.538    30.3279    22.5488 0.0000e+00
 279.649346     11.855  37.015150    14.1543     5.8676     11.756    30.3268    22.5478 0.0000e+00
 279.649352     12.069  37.014545    14.1544     5.8428     11.968    30.3261    22.5473 0.0000e+00
 279.649358     12.284  37.013929    14.1540     5.8033     12.181    30.3258    22.5471 0.0000e+00
 279.649363     12.512  37.013605    14.1524     5.7587     12.407    30.3266    22.5481 0.0000e+00
 279.649369     12.757  37.014820    14.1480     5.7330     12.650    30.3311    22.5525 0.0000e+00
 279.649375     13.032  37.017517    14.1406     5.7427     12.923    30.3393    22.5603 0.0000e+00
 279.649381     13.345  37.020254    14.1327     5.7521     13.233    30.3479    22.5685 0.0000e+00
 279.649387     13.685  37.022199    14.1266     5.7694     13.570    30.3543    22.5747 0.0000e+00
 279.649392     14.028  37.023702    14.1223     5.7854     13.910    30.3589    22.5792 0.0000e+00
 279.649398     14.352  37.025085    14.1200     5.8080     14.232    30.3619    22.5819 0.0000e+00
 279.649404     14.653  37.025949    14.1193     5.8092     14.530    30.3631    22.5830 0.0000e+00
 279.649410     14.936  37.026327    14.1181     5.8134     14.811    30.3643    22.5842 0.0000e+00
 279.649416     15.211  37.026722    14.1144     5.8156     15.083    30.3675    22.5874 0.0000e+00
 279.649421     15.487  37.027665    14.1094     5.7967     15.357    30.3722    22.5920 0.0000e+00
 279.649427     15.769  37.030413    14.1051     5.7872     15.637    30.3780    22.5974 0.0000e+00
 279.649433     16.053  37.034710    14.1014     5.7950     15.918    30.3847    22.6033 0.0000e+00
 279.649439     16.335  37.039004    14.0967     5.7911     16.198    30.3922    22.6101 0.0000e+00
 279.649444     16.617  37.045099    14.0896     5.8062     16.478    30.4032    22.6201 0.0000e+00
 279.649450     16.900  37.059443    14.0794     5.8006     16.758    30.4243    22.6384 0.0000e+00
 279.649456     17.183  37.084920    14.0681     5.8235     17.039    30.4563    22.6654 0.0000e+00
 279.649462     17.469  37.111811    14.0591     5.8022     17.322    30.4879    22.6916 0.0000e+00
 279.649468     17.762  37.131164    14.0537     5.7853     17.613    30.5097    22.7095 0.0000e+00
 279.649473     18.073  37.145261    14.0509     5.7641     17.921    30.5247    22.7216 0.0000e+00
 279.649479     18.407  37.157213    14.0496     5.7522     18.253    30.5365    22.7310 0.0000e+00
 279.649485     18.766  37.168396    14.0491     5.7537     18.609    30.5470    22.7392 0.0000e+00
 279.649491     19.142  37.180278    14.0497     5.7558     18.981    30.5573    22.7470 0.0000e+00
 279.649497     19.525  37.192458    14.0513     5.7668     19.361    30.5670    22.7542 0.0000e+00
 279.649502     19.900  37.203253    14.0529     5.7378     19.733    30.5754    22.7604 0.0000e+00
 279.649508     20.253  37.210252    14.0541     5.7263     20.083    30.5808    22.7643 0.0000e+00
 279.649514     20.585  37.213265    14.0549     5.7233     20.412    30.5827    22.7656 0.0000e+00
 279.649520     20.912  37.216311    14.0558     5.7113     20.736    30.5847    22.7670 0.0000e+00
 279.649525     21.251  37.224015    14.0572     5.6907     21.073    30.5905    22.7712 0.0000e+00
 279.649531     21.606  37.241049    14.0594     5.6868     21.425    30.6042    22.7813 0.0000e+00
 279.649537     21.971  37.277242    14.0632     5.6832     21.786    30.6341    22.8036 0.0000e+00
 279.649543     22.333  37.356209    14.0688     5.6889     22.145    30.7017    22.8546 0.0000e+00
 279.649549     22.687  37.475698    14.0740     5.6794     22.496    30.8066    22.9345 0.0000e+00
 279.649554     23.032  37.593391    14.0771     5.6606     22.839    30.9116    23.0149 0.0000e+00
 279.649560     23.370  37.688658    14.0784     5.6555     23.174    30.9976    23.0809 0.0000e+00
 279.649566     23.697  37.756335    14.0785     5.6487     23.498    31.0593    23.1285 0.0000e+00
 279.649572     24.012  37.791434    14.0774     5.6457     23.810    31.0922    23.1541 0.0000e+00
 279.649578     24.317  37.813309    14.0750     5.6439     24.113    31.1140    23.1715 0.0000e+00
 279.649583     24.614  37.850570    14.0712     5.6269     24.407    31.1511    23.2009 0.0000e+00
 279.649589     24.907  37.901924    14.0671     5.6173     24.698    31.2013    23.2405 0.0000e+00
 279.649595     25.195  37.941180    14.0634     5.5924     24.983    31.2402    23.2712 0.0000e+00
 279.649601     25.481  37.961863    14.0603     5.5713     25.267    31.2615    23.2883 0.0000e+00
 279.649606     25.766  37.974187    14.0577     5.5742     25.549    31.2748    23.2991 0.0000e+00
 279.649612     26.049  37.982821    14.0549     5.5792     25.830    31.2849    23.3075 0.0000e+00
 279.649618     26.329  37.988075    14.0520     5.5825     26.108    31.2920    23.3135 0.0000e+00
 279.649624     26.592  37.989112    14.0495     5.5958     26.368    31.2949    23.3163 0.0000e+00
 279.649630     26.821  37.985634    14.0477     5.5969     26.595    31.2930    23.3152 0.0000e+00
 279.649635     27.001  37.981403    14.0469     5.5966     26.774    31.2897    23.3129 0.0000e+00
 279.649641     27.126  37.979740    14.0468     5.5943     26.898    31.2883    23.3117 -9.990e-29
 279.649647     27.204  37.978428    14.0471     5.5774     26.975    31.2868    23.3105 -9.990e-29
 279.649653     27.248  37.976841    14.0473     5.5752     27.019    31.2851    23.3092 -9.990e-29
 279.649659     27.266  37.975666    14.0473     5.5808     27.037    31.2841    23.3084 -9.990e-29
 279.649664     27.259  37.970539    14.0476     5.5957     27.030    31.2791    23.3045 -9.990e-29
 279.649670     27.231  37.960788    14.0480     5.5970     27.002    31.2699    23.2973 -9.990e-29
 279.649676     27.187  37.951339    14.0486     5.5874     26.958    31.2607    23.2901 -9.990e-29
 279.649682     27.135  37.934077    14.0494     5.5844     26.907    31.2443    23.2773 -9.990e-29
 279.649688     27.075  37.923519    14.0501     5.5979     26.847    31.2341    23.2692 -9.990e-29
 279.649693     27.000  37.943678    14.0503     5.6216     26.773    31.2524    23.2834 -9.990e-29
 279.649699     26.903  37.967662    14.0502     5.6220     26.677    31.2745    23.3004 -9.990e-29
 279.649705     26.788  37.976480    14.0501     5.6312     26.563    31.2827    23.3068 -9.990e-29
 279.649711     26.656  37.980210    14.0501     5.6312     26.432    31.2862    23.3094 0.0000e+00
 279.649716     26.507  37.982148    14.0505     5.6350     26.284    31.2877    23.3105 0.0000e+00
 279.649722     26.340  37.982640    14.0515     5.6592     26.119    31.2874    23.3101 0.0000e+00
 279.649728     26.161  37.981225    14.0530     5.6482     25.941    31.2849    23.3079 0.0000e+00
 279.649734     25.990  37.976019    14.0548     5.6479     25.771    31.2788    23.3028 0.0000e+00
 279.649740     25.846  37.964007    14.0564     5.6553     25.629    31.2665    23.2930 -9.990e-29
 279.649745     25.735  37.948782    14.0575     5.6648     25.519    31.2517    23.2813 -9.990e-29
 279.649751     25.652  37.941419    14.0581     5.6780     25.436    31.2445    23.2756 -9.990e-29
 279.649757     25.579  37.942744    14.0585     5.6801     25.364    31.2454    23.2763 -9.990e-29
 279.649763     25.501  37.943883    14.0587     5.6702     25.287    31.2463    23.2769 -9.990e-29
 279.649769     25.423  37.943554    14.0588     5.6754     25.209    31.2460    23.2766 -9.990e-29
 279.649774     25.352  37.944123    14.0592     5.6815     25.139    31.2462    23.2767 -9.990e-29
 279.649780     25.293  37.945230    14.0597     5.6876     25.080    31.2469    23.2771 -9.990e-29
 279.649786     25.250  37.945553    14.0603     5.6866     25.038    31.2467    23.2768 -9.990e-29
 279.649792     25.226  37.946087    14.0611     5.6624     25.014    31.2465    23.2766 -9.990e-29
 279.649797     25.213  37.949786    14.0619     5.6456     25.001    31.2493    23.2785 -9.990e-29
 279.649803     25.207  37.954302    14.0627     5.6704     24.995    31.2528    23.2810 -9.990e-29
 279.649809     25.212  37.955202    14.0630     5.6961     25.000    31.2533    23.2814 -9.990e-29
 279.649815     25.233  37.954251    14.0625     5.6637     25.021    31.2529    23.2812 -9.990e-29
 279.649821     25.270  37.957654    14.0612     5.6260     25.058    31.2570    23.2846 -9.990e-29
 279.649826     25.326  37.967710    14.0586     5.5790     25.113    31.2683    23.2939 -9.990e-29
 279.649832     25.401  37.978974    14.0552     5.6073     25.187    31.2814    23.3047 -9.990e-29
 279.649838     25.487  37.986303    14.0521     5.6352     25.273    31.2906    23.3124 -9.990e-29
 279.649844     25.567  37.989390    14.0500     5.6652     25.352    31.2951    23.3163 -9.990e-29
 279.649850     25.624  37.989552    14.0496     5.6737     25.409    31.2955    23.3167 -9.990e-29
 279.649855     25.651  37.988689    14.0509     5.6681     25.435    31.2937    23.3150 -9.990e-29
 279.649861     25.640  37.987332    14.0531     5.6627     25.424    31.2907    23.3123 -9.990e-29
 279.649867     25.595  37.984237    14.0551     5.6666     25.380    31.2862    23.3084 -9.990e-29
 279.649873     25.534  37.979764    14.0564     5.6834     25.319    31.2811    23.3042 -9.990e-29
 279.649878     25.465  37.976358    14.0573     5.6859     25.251    31.2773    23.3011 -9.990e-29
 279.649884     25.382  37.975085    14.0582     5.6702     25.169    31.2754    23.2994 -9.990e-29
 279.649890     25.278  37.973130    14.0595     5.7320     25.065    31.2726    23.2970 -9.990e-29
 279.649896     25.159  37.966771    14.0613     5.7359     24.948    31.2653    23.2910 -9.990e-29
 279.649902     25.043  37.954256    14.0636     5.6852     24.832    31.2521    23.2803 -9.990e-29
 279.649907     24.958  37.934589    14.0656     5.6914     24.748    31.2324    23.2648 -9.990e-29
 279.649913     24.919  37.913485    14.0665     5.6631     24.710    31.2124    23.2491 -9.990e-29
 279.649919     24.929  37.902581    14.0661     5.6564     24.719    31.2027    23.2417 -9.990e-29
 279.649925     24.983  37.910311    14.0644     5.6310     24.773    31.2112    23.2486 -9.990e-29
 279.649931     25.072  37.932982    14.0620     5.5919     24.861    31.2338    23.2666 -9.990e-29
 279.649936     25.185  37.953773    14.0593     5.6093     24.973    31.2550    23.2835 -9.990e-29
 279.649942     25.307  37.967359    14.0564     5.6410     25.094    31.2698    23.2955 -9.990e-29
 279.649948     25.417  37.978412    14.0540     5.6806     25.203    31.2818    23.3053 -9.990e-29
 279.649954     25.491  37.984308    14.0526     5.6805     25.277    31.2884    23.3106 -9.990e-29
 279.649959     25.513  37.985068    14.0531     5.6784     25.299    31.2886    23.3107 -9.990e-29
 279.649965     25.475  37.982828    14.0555     5.6635     25.261    31.2846    23.3071 -9.990e-29
 279.649971     25.388  37.976844    14.0582     5.6629     25.175    31.2770    23.3007 -9.990e-29
 279.649977     25.280  37.969225    14.0601     5.6666     25.067    31.2685    23.2937 -9.990e-29
 279.649983     25.188  37.963825    14.0609     5.6724     24.976    31.2630    23.2893 -9.990e-29
 279.649988     25.132  37.960733    14.0612     5.6840     24.921    31.2599    23.2869 -9.990e-29
 279.649994     25.102  37.958074    14.0616     5.6828     24.891    31.2572    23.2847 -9.990e-29
 279.650000     25.086  37.955107    14.0622     5.6735     24.875    31.2540    23.2821 -9.990e-29
 279.650006     25.077  37.950681    14.0628     5.6581     24.866    31.2494    23.2784 -9.990e-29
 279.650012     25.079  37.943381    14.0637     5.6521     24.868    31.2420    23.2725 -9.990e-29
 279.650017     25.101  37.932440    14.0644     5.6463     24.890    31.2314    23.2642 -9.990e-29
 279.650023     25.149  37.927362    14.0638     5.6507     24.938    31.2272    23.2611 -9.990e-29
 279.650029     25.216  37.940426    14.0617     5.6542     25.004    31.2409    23.2721 -9.990e-29
 279.650035     25.287  37.962727    14.0593     5.6563     25.074    31.2632    23.2898 -9.990e-29
 279.650041     25.348  37.979190    14.0574     5.6600     25.135    31.2798    23.3030 -9.990e-29
 279.650046     25.394  37.986564    14.0564     5.6676     25.181    31.2874    23.3090 -9.990e-29
 279.650052     25.421  37.986279    14.0569     5.6697     25.207    31.2867    23.3084 -9.990e-29
 279.650058     25.429  37.980761    14.0585     5.6769     25.215    31.2803    23.3032 -9.990e-29
 279.650064     25.428  37.974981    14.0594     5.6771     25.214    31.2743    23.2983 -9.990e-29
 279.650069     25.426  37.973001    14.0590     5.6810     25.212    31.2728    23.2973 -9.990e-29
 279.650075     25.431  37.974426    14.0583     5.6737     25.217    31.2747    23.2989 -9.990e-29
 279.650081     25.440  37.976120    14.0581     5.6645     25.226    31.2764    23.3002 -9.990e-29
 279.650087     25.441  37.975305    14.0583     5.6574     25.227    31.2755    23.2995 -9.990e-29
 279.650093     25.434  37.972578    14.0588     5.6534     25.220    31.2726    23.2971 -9.990e-29
 279.650098     25.421  37.969349    14.0596     5.6751     25.207    31.2690    23.2942 -9.990e-29
 279.650104     25.404  37.965798    14.0605     5.6897     25.190    31.2650    23.2910 -9.990e-29
 279.650110     25.379  37.961676    14.0611     5.6991     25.166    31.2608    23.2875 -9.990e-29
 279.650116     25.347  37.958214    14.0613     5.6892     25.134    31.2574    23.2849 -9.990e-29
 279.650122     25.304  37.955841    14.0618     5.6944     25.091    31.2549    23.2829 -9.990e-29
 279.650127     25.253  37.950277    14.0630     5.6701     25.041    31.2488    23.2779 -9.990e-29
 279.650133     25.203  37.936348    14.0650     5.7083     24.991    31.2345    23.2665 -9.990e-29
 279.650139     25.168  37.907252    14.0670     5.7417     24.956    31.2062    23.2442 -9.990e-29
 279.650145     25.158  37.883014    14.0674     5.7154     24.947    31.1837    23.2268 -9.990e-29
 279.650150     25.178  37.896299    14.0661     5.6622     24.966    31.1969    23.2372 -9.990e-29
 279.650156     25.223  37.926177    14.0642     5.6230     25.011    31.2258    23.2599 -9.990e-29
 279.650162     25.289  37.944151    14.0621     5.6045     25.076    31.2439    23.2743 -9.990e-29
 279.650168     25.371  37.956826    14.0593     5.6267     25.158    31.2578    23.2856 -9.990e-29
 279.650174     25.462  37.970461    14.0562     5.6564     25.248    31.2727    23.2978 -9.990e-29
 279.650179     25.541  37.981954    14.0542     5.6770     25.326    31.2849    23.3076 -9.990e-29
 279.650185     25.584  37.986466    14.0545     5.6882     25.369    31.2888    23.3105 -9.990e-29
 279.650191     25.580  37.984415    14.0566     5.6940     25.365    31.2852    23.3073 -9.990e-29
 279.650197     25.543  37.977550    14.0589     5.6812     25.328    31.2770    23.3006 -9.990e-29
 279.650203     25.499  37.966245    14.0602     5.6858     25.285    31.2656    23.2915 -9.990e-29
 279.650208     25.467  37.956717    14.0608     5.6726     25.253    31.2564    23.2843 -9.990e-29
 279.650214     25.441  37.955316    14.0612     5.6748     25.227    31.2548    23.2829 -9.990e-29
 279.650220     25.403  37.957377    14.0617     5.6767     25.189    31.2563    23.2840 -9.990e-29
 279.650226     25.345  37.956129    14.0623     5.6732     25.132    31.2547    23.2826 -9.990e-29
 279.650231     25.277  37.952712    14.0628     5.6867     25.065    31.2512    23.2798 -9.990e-29
 279.650237     25.211  37.949299    14.0631     5.6624     24.999    31.2479    23.2772 -9.990e-29
