data/oxygen options/OCNMS/OCNMS1/raw_data/2011/CAST_MB015_100711faed.cnv
* Sea-Bird SBE19 Data File:
* FileName = C:\Documents and Settings\OCNMS\Desktop\2011 mooring data\4th service\CAST_MB015_100711.hex
* Software Version 1.24
* Temperature SN = 2997
* Conductivity SN = 2997
* System UpLoad Time = Oct 07 2011 13:26:00
** CAST_MB015_100711
* SEACAT PROFILER V3.1c SN 2997   10/07/11  13:25:27.746
# nquan = 9                                 
# nvalues = 752                         
# units = specified
# name 0 = timeJ: Julian Days
# name 1 = prSM: Pressure, Strain Gauge [db]
# name 2 = c0mS/cm: Conductivity [mS/cm]
# name 3 = t090C: Temperature [ITS-90, deg C]
# name 4 = sbeox0ML/L: Oxygen, SBE 43 [ml/l]
# name 5 = depSM: Depth [salt water, m], lat = 47.5
# name 6 = sal00: Salinity, Practical [PSU]
# name 7 = sigma-é00: Density [sigma-theta, kg/m^3]
# name 8 = flag: flag
# span 0 = 280.490926, 280.495272       
# span 1 =     -5.439,     18.521       
# span 2 =   1.236184,  37.063917       
# span 3 =    12.7401,    13.5448       
# span 4 =   -15.1888,    19.4417       
# span 5 =     -5.394,     18.366       
# span 6 =     0.8162,    30.8726       
# span 7 =     0.0262,    23.0969       
# span 8 = 0.0000e+00, 0.0000e+00       
# interval = seconds: 0.5
# start_time = Oct 07 2011 11:46:56 [Instrument's time stamp, header]
# bad_flag = -9.990e-29
*END*
[from data line 641]
 280.494635     16.841  37.058059    13.5182     5.4222     16.700    30.8711    23.0956 -9.990e-29
 280.494641     16.867  37.058070    13.5182     5.4457     16.726    30.8711    23.0956 -9.990e-29
 280.494647     16.892  37.058076    13.5185     5.4614     16.750    30.8708    23.0953 -9.990e-29
 280.494653     16.905  37.058080    13.5188     5.4613     16.763    30.8706    23.0951 -9.990e-29
 280.494659     16.903  37.058083    13.5187     5.4610     16.761    30.8707    23.0952 -9.990e-29
 280.494664     16.884  37.058086    13.5183     5.4456     16.742    30.8710    23.0955 -9.990e-29
 280.494670     16.853  37.058091    13.5179     5.4477     16.712    30.8713    23.0958 -9.990e-29
 280.494676     16.820  37.058102    13.5179     5.4401     16.679    30.8714    23.0959 -9.990e-29
 280.494682     16.796  37.058132    13.5183     5.4363     16.655    30.8711    23.0956 -9.990e-29
 280.494688     16.789  37.058220    13.5186     5.4225     16.648    30.8709    23.0954 -9.990e-29
 280.494693     16.801  37.058480    13.5186     5.4090     16.660    30.8711    23.0956 -9.990e-29
 280.494699     16.824  37.058697    13.5185     5.4030     16.683    30.8714    23.0958 -9.990e-29
 280.494705     16.845  37.058596    13.5186     5.4127     16.704    30.8712    23.0956 -9.990e-29
 280.494711     16.850  37.058598    13.5186     5.4242     16.709    30.8712    23.0956 -9.990e-29
 280.494716     16.844  37.058704    13.5185     5.4299     16.703    30.8714    23.0958 -9.990e-29
 280.494722     16.845  37.058492    13.5186     5.4399     16.704    30.8711    23.0956 -9.990e-29
 280.494728     16.857  37.058237    13.5186     5.4457     16.716    30.8709    23.0954 -9.990e-29
 280.494734     16.866  37.058157    13.5185     5.4554     16.725    30.8709    23.0954 -9.990e-29
 280.494740     16.862  37.058140    13.5185     5.4629     16.721    30.8709    23.0954 -9.990e-29
 280.494745     16.844  37.058160    13.5185     5.4592     16.703    30.8709    23.0954 -9.990e-29
 280.494751     16.820  37.058243    13.5183     5.4536     16.679    30.8712    23.0956 -9.990e-29
 280.494757     16.796  37.058497    13.5184     5.4477     16.655    30.8713    23.0957 -9.990e-29
 280.494763     16.779  37.058698    13.5187     5.4441     16.638    30.8713    23.0956 -9.990e-29
 280.494769     16.773  37.058550    13.5188     5.4363     16.632    30.8711    23.0955 -9.990e-29
 280.494774     16.777  37.058414    13.5187     5.4341     16.636    30.8710    23.0954 -9.990e-29
 280.494780     16.787  37.058665    13.5187     5.4342     16.646    30.8712    23.0956 -9.990e-29
 280.494786     16.795  37.059075    13.5189     5.4283     16.654    30.8715    23.0957 -9.990e-29
 280.494792     16.798  37.059068    13.5188     5.4222     16.657    30.8715    23.0958 -9.990e-29
 280.494797     16.800  37.058631    13.5185     5.4126     16.659    30.8714    23.0958 -9.990e-29
 280.494803     16.809  37.058300    13.5183     5.4126     16.668    30.8712    23.0957 -9.990e-29
 280.494809     16.827  37.058191    13.5183     5.4264     16.686    30.8711    23.0956 -9.990e-29
 280.494815     16.845  37.058157    13.5184     5.4418     16.704    30.8710    23.0955 -9.990e-29
 280.494821     16.857  37.058147    13.5187     5.4554     16.716    30.8707    23.0952 -9.990e-29
 280.494826     16.855  37.058145    13.5188     5.4631     16.714    30.8707    23.0951 -9.990e-29
 280.494832     16.838  37.058146    13.5186     5.4591     16.697    30.8708    23.0953 -9.990e-29
 280.494838     16.814  37.058147    13.5185     5.4456     16.673    30.8709    23.0954 -9.990e-29
 280.494844     16.786  37.058149    13.5185     5.4457     16.645    30.8709    23.0954 -9.990e-29
 280.494850     16.760  37.058150    13.5186     5.4360     16.619    30.8709    23.0953 -9.990e-29
 280.494855     16.749  37.058152    13.5188     5.4438     16.609    30.8707    23.0952 -9.990e-29
 280.494861     16.750  37.058154    13.5190     5.4476     16.610    30.8705    23.0950 -9.990e-29
 280.494867     16.755  37.058156    13.5191     5.4458     16.614    30.8705    23.0949 -9.990e-29
 280.494873     16.757  37.058159    13.5189     5.4398     16.616    30.8706    23.0951 -9.990e-29
 280.494878     16.751  37.058163    13.5187     5.4419     16.611    30.8708    23.0953 -9.990e-29
 280.494884     16.737  37.058168    13.5185     5.4517     16.597    30.8710    23.0954 -9.990e-29
 280.494890     16.718  37.058180    13.5183     5.4554     16.578    30.8711    23.0956 -9.990e-29
 280.494896     16.701  37.058209    13.5183     5.4649     16.561    30.8712    23.0956 -9.990e-29
 280.494902     16.690  37.058293    13.5186     5.4607     16.550    30.8710    23.0955 -9.990e-29
 280.494907     16.680  37.058544    13.5189     5.4567     16.540    30.8710    23.0954 -9.990e-29
 280.494913     16.661  37.058733    13.5190     5.4391     16.521    30.8711    23.0955 -9.990e-29
 280.494919     16.629  37.058548    13.5188     5.4389     16.490    30.8711    23.0955 -9.990e-29
 280.494925     16.580  37.058298    13.5185     5.4408     16.441    30.8711    23.0956 -9.990e-29
 280.494931     16.516  37.058208    13.5185     5.4365     16.378    30.8711    23.0955 -9.990e-29
 280.494936     16.438  37.058154    13.5187     5.4400     16.300    30.8709    23.0953 -9.990e-29
 280.494942     16.336  37.058063    13.5191     5.4438     16.199    30.8705    23.0950 -9.990e-29
 280.494948     16.199  37.057808    13.5192     5.4473     16.063    30.8703    23.0947 0.0000e+00
 280.494954     16.024  37.057607    13.5188     5.4668     15.890    30.8705    23.0950 0.0000e+00
 280.494959     15.815  37.057752    13.5185     5.4761     15.682    30.8709    23.0954 0.0000e+00
 280.494965     15.586  37.057874    13.5186     5.4891     15.455    30.8710    23.0955 0.0000e+00
 280.494971     15.342  37.057573    13.5186     5.5045     15.213    30.8709    23.0953 0.0000e+00
 280.494977     15.087  37.057010    13.5186     5.5061     14.961    30.8704    23.0950 0.0000e+00
 280.494983     14.820  37.056550    13.5191     5.5233     14.696    30.8697    23.0943 0.0000e+00
 280.494988     14.547  37.056140    13.5201     5.5403     14.425    30.8686    23.0933 0.0000e+00
 280.494994     14.275  37.055789    13.5215     5.5592     14.155    30.8673    23.0919 0.0000e+00
 280.495000     14.005  37.055590    13.5227     5.5547     13.888    30.8662    23.0909 0.0000e+00
 280.495006     13.727  37.055275    13.5233     5.5525     13.612    30.8655    23.0902 0.0000e+00
 280.495012     13.433  37.054984    13.5241     5.5464     13.320    30.8647    23.0894 0.0000e+00
 280.495017     13.113  37.054888    13.5249     5.5364     13.003    30.8641    23.0888 0.0000e+00
 280.495023     12.763  37.054854    13.5252     5.5401     12.656    30.8640    23.0886 0.0000e+00
 280.495029     12.387  37.054837    13.5253     5.5558     12.283    30.8640    23.0886 0.0000e+00
 280.495035     11.987  37.054815    13.5256     5.5662     11.887    30.8639    23.0885 0.0000e+00
 280.495041     11.562  37.054756    13.5264     5.5751     11.465    30.8634    23.0879 0.0000e+00
 280.495046     11.113  37.054579    13.5274     5.5681     11.020    30.8626    23.0871 0.0000e+00
 280.495052     10.639  37.054048    13.5282     5.5626     10.550    30.8616    23.0861 0.0000e+00
 280.495058     10.150  37.053016    13.5287     5.5661     10.065    30.8605    23.0851 0.0000e+00
 280.495064      9.656  37.051786    13.5291     5.5871      9.575    30.8592    23.0840 0.0000e+00
 280.495069      9.167  37.050400    13.5297     5.6061      9.090    30.8576    23.0827 0.0000e+00
 280.495075      8.684  37.048129    13.5301     5.6349      8.611    30.8554    23.0809 0.0000e+00
 280.495081      8.206  37.043625    13.5297     5.6557      8.137    30.8517    23.0781 0.0000e+00
 280.495087      7.730  37.034244    13.5282     5.6767      7.665    30.8444    23.0728 0.0000e+00
 280.495093      7.255  37.016998    13.5255     5.6920      7.194    30.8308    23.0628 0.0000e+00
 280.495098      6.780  36.992416    13.5221     5.6924      6.723    30.8109    23.0481 0.0000e+00
 280.495104      6.306  36.966367    13.5196     5.6848      6.253    30.7890    23.0316 0.0000e+00
 280.495110      5.836  36.946122    13.5187     5.6734      5.787    30.7712    23.0180 0.0000e+00
 280.495116      5.371  36.934369    13.5185     5.6596      5.326    30.7606    23.0099 0.0000e+00
 280.495122      4.911  36.928505    13.5185     5.6632      4.870    30.7554    23.0058 0.0000e+00
 280.495127      4.462  36.925193    13.5186     5.6607      4.425    30.7524    23.0035 0.0000e+00
 280.495133      4.024  36.923006    13.5190     5.6746      3.990    30.7502    23.0017 0.0000e+00
 280.495139      3.595  36.921272    13.5192     5.6467      3.565    30.7486    23.0004 0.0000e+00
 280.495145      3.179  36.918985    13.5188     5.5726      3.152    30.7470    22.9993 0.0000e+00
 280.495150      2.783  36.915339    13.5178     5.4650      2.760    30.7446    22.9976 0.0000e+00
 280.495156      2.411  36.909397    13.5167     6.3029      2.391    30.7401    22.9943 0.0000e+00
 280.495162      2.066  36.900516    13.5162     6.3588      2.049    30.7324    22.9885 0.0000e+00
 280.495168      1.753  36.889179    13.5165     6.3840      1.738    30.7218    22.9802 0.0000e+00
 280.495174      1.471  36.872593    13.5170     6.3114      1.459    30.7061    22.9680 0.0000e+00
 280.495179      1.221  36.834808    13.5153     6.2730      1.211    30.6726    22.9425 0.0000e+00
 280.495185      1.003  36.787050    13.5088     6.2121      0.995    30.6337    22.9137 0.0000e+00
 280.495191      0.821  36.725568    13.4977     6.1414      0.814    30.5858    22.8788 0.0000e+00
 280.495197      0.676  36.505664    13.4856     6.1089      0.670    30.3920    22.7316 -9.990e-29
 280.495203      0.564  35.770284    13.4751     6.1057      0.559    29.7211    22.2155 -9.990e-29
 280.495208      0.476  33.534440    13.4662     6.1428      0.472    27.6753    20.6383 -9.990e-29
 280.495214      0.408  26.811964    13.4563     6.1490      0.405    21.6298    15.9810 -9.990e-29
 280.495220      0.356  16.467024    13.4415 -9.990e-29      0.353    12.7050     9.1180 -9.990e-29
 280.495226      0.315   9.083178    13.4212 -9.990e-29      0.312     6.6817     4.4876 -9.990e-29
 280.495231      0.284   6.345762    13.3988 -9.990e-29      0.282     4.5499     2.8484 -9.990e-29
 280.495237      0.260   5.417722    13.3780 -9.990e-29      0.258     3.8445     2.3071 -9.990e-29
 280.495243      0.242   4.789542    13.3596 -9.990e-29      0.240     3.3724     1.9453 -9.990e-29
 280.495249      0.228   4.244388    13.3402 -9.990e-29      0.226     2.9667     1.6346 -9.990e-29
 280.495255      0.218   4.105787    13.3164 -9.990e-29      0.216     2.8655     1.5597 -9.990e-29
 280.495260      0.212   4.272798    13.2917 -9.990e-29      0.210     2.9916     1.6605 -9.990e-29
 280.495266      0.208   4.359193    13.2803 -9.990e-29      0.206     3.0569     1.7126 -9.990e-29
 280.495272      0.207   4.232572 -9.990e-29 -9.990e-29      0.205 -9.990e-29 -9.990e-29 -9.990e-29
