data/oxygen options/OCNMS/OCNMS1/raw_data/2011/CAST_KL015_060911faed.cnv
* Sea-Bird SBE19 Data File:
* FileName = C:\Documents and Settings\OCNMS\Desktop\2011 mooring data\first service\CAST_KL015_060911.hex
* Software Version 1.24
* Temperature SN = 2997
* Conductivity SN = 2997
* System UpLoad Time = Jun 09 2011 18:34:12
** CAST_KL015_060911
* SEACAT PROFILER V3.1c SN 2997   06/09/11  18:33:10.315
# nquan = 9                                 
# nvalues = 572                         
# units = specified
# name 0 = timeJ: Julian Days
# name 1 = prSM: Pressure, Strain Gauge [db]
# name 2 = c0mS/cm: Conductivity [mS/cm]
# name 3 = t090C: Temperature [ITS-90, deg C]
# name 4 = sbeox0ML/L: Oxygen, SBE 43 [ml/l]
# name 5 = depSM: Depth [salt water, m], lat = 47.5
# name 6 = sal00: Salinity, Practical [PSU]
# name 7 = sigma-é00: Density [sigma-theta, kg/m^3]
# name 8 = flag: flag
# span 0 = 160.365683, 160.368987       
# span 1 =     -5.637,     15.480       
# span 2 =   0.004441,  35.117090       
# span 3 =    10.0266,    13.5507       
# span 4 =    -2.1367,    16.5454       
# span 5 =     -5.590,     15.350       
# span 6 =     0.0076,    31.6021       
# span 7 =    -0.4939,    24.2958       
# span 8 = 0.0000e+00, 0.0000e+00       
# interval = seconds: 0.5
# start_time = Jun 09 2011 08:46:35 [Instrument's time stamp, header]
# bad_flag = -9.990e-29
*END*
 160.365683     -5.637 -9.990e-29    11.9149    -2.1348     -5.590 -9.990e-29 -9.990e-29 -9.990e-29
 160.365689     -5.605   0.004441    11.9157    -2.1347     -5.558     0.0076    -0.4852 -9.990e-29
 160.365694     -5.576   0.004441    11.9170    -2.1346     -5.530     0.0076    -0.4853 -9.990e-29
 160.365700     -5.553   0.004441    11.9189    -2.1344     -5.507     0.0076    -0.4855 -9.990e-29
 160.365706     -5.533   0.004441    11.9211    -2.1343     -5.487     0.0076    -0.4858 -9.990e-29
 160.365712     -5.516   0.004441    11.9232    -2.1341     -5.470     0.0076    -0.4860 -9.990e-29
 160.365718     -5.496   0.004441    11.9255    -2.1341     -5.450     0.0076    -0.4863 -9.990e-29
 160.365723     -5.468   0.004442    11.9292    -2.1341     -5.422     0.0076    -0.4867 -9.990e-29
 160.365729     -5.434   0.004442    11.9344    -2.1341     -5.389     0.0076    -0.4873 -9.990e-29
 160.365735     -5.396   0.004443    11.9397    -2.1340     -5.351     0.0076    -0.4879 -9.990e-29
 160.365741     -5.356   0.004443    11.9433    -2.1339     -5.311     0.0076    -0.4883 -9.990e-29
 160.365747     -5.321   0.004444    11.9462    -2.1338     -5.277     0.0076    -0.4886 -9.990e-29
 160.365752     -5.287   0.004444    11.9494    -2.1337     -5.243     0.0076    -0.4890 -9.990e-29
 160.365758     -5.249   0.004444    11.9526    -2.1340     -5.205     0.0076    -0.4893 -9.990e-29
 160.365764     -5.204   0.004445    11.9555    -2.1342     -5.161     0.0076    -0.4897 -9.990e-29
 160.365770     -5.149   0.004445    11.9577    -2.1343     -5.106     0.0076    -0.4899 -9.990e-29
 160.365775     -5.090   0.004445    11.9591    -2.1344     -5.048     0.0076    -0.4901 -9.990e-29
 160.365781     -5.035   0.004446    11.9601    -2.1345     -4.993     0.0077    -0.4902 -9.990e-29
 160.365787     -4.989   0.004446    11.9611    -2.1344     -4.947     0.0077    -0.4903 -9.990e-29
 160.365793     -4.954   0.004447    11.9626    -2.1344     -4.913     0.0077    -0.4905 -9.990e-29
 160.365799     -4.923   0.004447    11.9642    -2.1342     -4.882     0.0077    -0.4906 -9.990e-29
 160.365804     -4.891   0.004447    11.9643    -2.1338     -4.850     0.0077    -0.4907 -9.990e-29
 160.365810     -4.854   0.004448    11.9621    -2.1337     -4.814     0.0077    -0.4904 -9.990e-29
 160.365816     -4.816   0.004448    11.9589    -2.1334     -4.776     0.0077    -0.4900 -9.990e-29
 160.365822     -4.781   0.004448    11.9560    -2.1333     -4.741     0.0076    -0.4897 -9.990e-29
 160.365828     -4.753   0.004449    11.9539    -2.1333     -4.713     0.0076    -0.4895 -9.990e-29
 160.365833     -4.729   0.004449    11.9531    -2.1332     -4.690     0.0076    -0.4894 -9.990e-29
 160.365839     -4.708   0.004450    11.9538    -2.1333     -4.669     0.0076    -0.4895 -9.990e-29
 160.365845     -4.688   0.004450    11.9560    -2.1332     -4.649     0.0077    -0.4897 -9.990e-29
 160.365851     -4.668   0.004450    11.9597    -2.1333     -4.629     0.0077    -0.4901 -9.990e-29
 160.365856     -4.648   0.004451    11.9645    -2.1335     -4.609     0.0077    -0.4907 -9.990e-29
 160.365862     -4.625   0.004451    11.9693    -2.1336     -4.586     0.0077    -0.4912 -9.990e-29
 160.365868     -4.599   0.004451    11.9733    -2.1337     -4.561     0.0077    -0.4917 -9.990e-29
 160.365874     -4.571   0.004452    11.9760    -2.1336     -4.533     0.0077    -0.4920 -9.990e-29
 160.365880     -4.545   0.004452    11.9776    -2.1336     -4.507     0.0077    -0.4922 -9.990e-29
 160.365885     -4.514   0.004453    11.9785    -2.1335     -4.476     0.0077    -0.4923 -9.990e-29
 160.365891     -4.477   0.004453    11.9788    -2.1333     -4.440     0.0077    -0.4923 -9.990e-29
 160.365897     -4.439   0.004453    11.9786    -2.1333     -4.402     0.0077    -0.4923 -9.990e-29
 160.365903     -4.403   0.004454    11.9774    -2.1329     -4.366     0.0077    -0.4921 -9.990e-29
 160.365909     -4.370   0.004454    11.9752    -2.1328     -4.334     0.0077    -0.4919 -9.990e-29
 160.365914     -4.343   0.004454    11.9735    -2.1326     -4.307     0.0077    -0.4917 -9.990e-29
 160.365920     -4.316   0.004455    11.9731    -2.1327     -4.280     0.0077    -0.4917 -9.990e-29
 160.365926     -4.288   0.004455    11.9736    -2.1327     -4.252     0.0077    -0.4917 -9.990e-29
 160.365932     -4.263   0.004456    11.9747    -2.1327     -4.227     0.0077    -0.4918 -9.990e-29
 160.365938     -4.247   0.004456    11.9764    -2.1328     -4.212     0.0077    -0.4920 -9.990e-29
 160.365943     -4.237   0.004456    11.9789    -2.1331     -4.202     0.0077    -0.4923 -9.990e-29
 160.365949     -4.228   0.004457    11.9821    -2.1330     -4.193     0.0077    -0.4927 -9.990e-29
 160.365955     -4.217   0.004457    11.9861    -2.1331     -4.182     0.0077    -0.4931 -9.990e-29
 160.365961     -4.201   0.004458    11.9900    -2.1331     -4.166     0.0077    -0.4936 -9.990e-29
 160.365966     -4.180   0.004458    11.9925    -2.1333     -4.145     0.0077    -0.4939 -9.990e-29
 160.365972     -4.157   0.004458    11.9932    -2.1336     -4.122     0.0077    -0.4939 -9.990e-29
 160.365978     -4.135   0.004459    11.9929    -2.1338     -4.101     0.0077    -0.4939 -9.990e-29
 160.365984     -4.112   0.004459    11.9918    -2.1338     -4.078     0.0077    -0.4938 -9.990e-29
 160.365990     -4.088   0.004459    11.9898    -2.1336     -4.054     0.0077    -0.4935 -9.990e-29
 160.365995     -4.059   0.004460    11.9878    -2.1335     -4.025     0.0077    -0.4933 -9.990e-29
 160.366001     -4.030   0.004460    11.9864    -2.1342     -3.996     0.0077    -0.4932 -9.990e-29
 160.366007     -4.001   0.004461    11.9853    -2.1343     -3.968     0.0077    -0.4930 -9.990e-29
 160.366013     -3.972   0.004461    11.9833    -2.1347     -3.939     0.0077    -0.4928 -9.990e-29
 160.366019     -3.945   0.004461    11.9799    -2.1349     -3.912     0.0077    -0.4924 -9.990e-29
 160.366024     -3.922   0.004462    11.9758    -2.1349     -3.889     0.0077    -0.4920 -9.990e-29
 160.366030     -3.903   0.004462    11.9727    -2.1352     -3.870     0.0077    -0.4916 -9.990e-29
 160.366036     -3.885   0.004462    11.9719    -2.1356     -3.853     0.0077    -0.4915 -9.990e-29
 160.366042     -3.868   0.004463    11.9722    -2.1357     -3.836     0.0077    -0.4915 -9.990e-29
 160.366047     -3.850   0.004463    11.9702    -2.1356     -3.818     0.0077    -0.4913 -9.990e-29
 160.366053     -3.831   0.004464    11.9650    -2.1355     -3.799     0.0077    -0.4907 -9.990e-29
 160.366059     -3.813   0.004465    11.9590    -2.1359     -3.781     0.0077    -0.4900 -9.990e-29
 160.366065     -3.800   0.004467    11.9536    -2.1367     -3.768     0.0077    -0.4894 -9.990e-29
 160.366071     -3.786   0.004472    11.9491    -2.1367     -3.754     0.0077    -0.4889 -9.990e-29
 160.366076     -3.767   0.004486    11.9454    -2.1365     -3.736     0.0077    -0.4885 -9.990e-29
 160.366082     -3.741   0.004528    11.9410    -2.1366     -3.710     0.0077    -0.4880 -9.990e-29
 160.366088     -3.710   0.004654    11.9364    -1.8060     -3.679     0.0077    -0.4874 -9.990e-29
 160.366094     -3.682   0.005032    11.9339    -1.7598     -3.651     0.0079    -0.4870 -9.990e-29
 160.366100     -3.654   0.006163    11.9334    -1.7456     -3.624     0.0085    -0.4865 -9.990e-29
 160.366105     -3.621   0.009555    11.9314    -1.7435     -3.591     0.0102    -0.4849 -9.990e-29
 160.366111     -3.585   0.019730    11.9258    -1.7431     -3.555     0.0157    -0.4799 -9.990e-29
 160.366117     -3.547   0.050256    11.9208    -1.7425     -3.517     0.0336    -0.4653 -9.990e-29
 160.366123     -3.506   0.140727    11.9254    -1.7430     -3.477     0.0899    -0.4218 -9.990e-29
 160.366128     -3.458   0.408450    11.9520    -1.7413     -3.429     0.2648    -0.2879 -9.990e-29
 160.366134     -3.396   1.202641    12.0345    -1.7421     -3.368     0.8113     0.1291 -9.990e-29
 160.366140     -3.317   3.571707    12.2797    -1.7422     -3.289     2.5392     1.4426 -9.990e-29
 160.366146     -3.224  10.669976    12.7009    -1.7427     -3.197     8.0989     5.6837 -9.990e-29
 160.366152     -3.115  21.535757    13.0815    -1.7434     -3.089    17.1815    12.6208 -9.990e-29
 160.366157     -2.996  29.163020    13.2832    -1.7433     -2.971    23.8343    17.7104 -9.990e-29
 160.366163     -2.886  31.964609    13.3724    -1.7428     -2.862    26.3114    19.6039 -9.990e-29
 160.366169     -2.794  32.922092    13.4265    -1.7430     -2.771    27.1458    20.2373 -9.990e-29
 160.366175     -2.719  33.227941    13.4697    -1.7431     -2.696    27.3940    20.4205 -9.990e-29
 160.366181     -2.657  33.284112    13.5014    -1.7428     -2.635    27.4225    20.4364 -9.990e-29
 160.366186     -2.602  33.256468    13.5203    -1.7426     -2.580    27.3838    20.4029 -9.990e-29
 160.366192     -2.552  33.220384    13.5294    -1.7438     -2.531    27.3444    20.3708 -9.990e-29
 160.366198     -2.504  33.177866    13.5324    -1.7452     -2.483    27.3035    20.3387 -9.990e-29
 160.366204     -2.455  33.130728    13.5300    -1.7426     -2.435    27.2622    20.3074 -9.990e-29
 160.366209     -2.405  33.088611    13.5245    -1.7425     -2.385    27.2278    20.2818 -9.990e-29
 160.366215     -2.365  33.066729    13.5206    -1.7424     -2.345    27.2106    20.2694 -9.990e-29
 160.366221     -2.340  33.077058    13.5182    -1.7428     -2.320    27.2217    20.2784 -9.990e-29
 160.366227     -2.320  33.094504    13.5164    -1.7470     -2.301    27.2389    20.2920 -9.990e-29
 160.366233     -2.295  33.101789    13.5189    -1.7456     -2.276    27.2437    20.2952 -9.990e-29
 160.366238     -2.269  33.107254    13.5258    -1.7425     -2.250    27.2438    20.2939 -9.990e-29
 160.366244     -2.243  33.103381    13.5314    -1.7426     -2.224    27.2363    20.2871 -9.990e-29
 160.366250     -2.221  33.068526    13.5321    -1.7433     -2.202    27.2040    20.2621 -9.990e-29
 160.366256     -2.209  33.009120    13.5294    -1.7439     -2.191    27.1519    20.2224 -9.990e-29
 160.366262     -2.207  32.992294    13.5273    -1.7432     -2.189    27.1380    20.2121 -9.990e-29
 160.366267     -2.201  33.044037    13.5284    -1.7428     -2.183    27.1844    20.2476 -9.990e-29
 160.366273     -2.184  33.088172    13.5309    -1.7438     -2.166    27.2228    20.2768 -9.990e-29
 160.366279     -2.161  33.074186    13.5318    -1.7443     -2.143    27.2094    20.2663 -9.990e-29
 160.366285     -2.146  32.988771    13.5305    -1.7448     -2.128    27.1325    20.2073 -9.990e-29
 160.366291     -2.140  32.893469    13.5290    -1.7444     -2.122    27.0469    20.1415 -9.990e-29
 160.366296     -2.140  32.913286    13.5295    -1.7434     -2.122    27.0646    20.1550 -9.990e-29
 160.366302     -2.137  33.010051    13.5322    -1.7432     -2.119    27.1507    20.2209 -9.990e-29
 160.366308     -2.126  33.055165    13.5345    -1.7437     -2.108    27.1901    20.2509 -9.990e-29
 160.366314     -2.106  33.037471    13.5343    -1.7442     -2.088    27.1742    20.2386 -9.990e-29
 160.366319     -2.081  33.019283    13.5333    -1.7447     -2.064    27.1583    20.2266 -9.990e-29
 160.366325     -2.058  33.029250    13.5337    -1.7434     -2.041    27.1671    20.2333 -9.990e-29
 160.366331     -2.040  33.030052    13.5345    -1.7433     -2.023    27.1672    20.2333 -9.990e-29
 160.366337     -2.024  32.994527    13.5333    -1.7442     -2.007    27.1358    20.2092 -9.990e-29
 160.366343     -2.011  32.951704    13.5307    -1.7442     -1.994    27.0986    20.1811 -9.990e-29
 160.366348     -1.999  32.937102    13.5285    -1.7441     -1.982    27.0869    20.1724 -9.990e-29
 160.366354     -1.988  32.964005    13.5276    -1.7441     -1.971    27.1120    20.1920 -9.990e-29
 160.366360     -1.978  33.008165    13.5283    -1.7446     -1.962    27.1517    20.2225 -9.990e-29
 160.366366     -1.966  33.025827    13.5294    -1.7452     -1.950    27.1670    20.2340 -9.990e-29
 160.366372     -1.953  33.006718    13.5299    -1.7453     -1.937    27.1492    20.2203 -9.990e-29
 160.366377     -1.938  32.976575    13.5301    -1.7449     -1.922    27.1217    20.1989 -9.990e-29
 160.366383     -1.920  32.971037    13.5298    -1.7440     -1.904    27.1168    20.1953 -9.990e-29
 160.366389     -1.897  32.994214    13.5283    -1.7433     -1.881    27.1390    20.2126 -9.990e-29
 160.366395     -1.869  33.003469    13.5250    -1.7448     -1.853    27.1497    20.2216 -9.990e-29
 160.366400     -1.837  32.989067    13.5215    -1.7453     -1.822    27.1391    20.2140 -9.990e-29
 160.366406     -1.809  32.982972    13.5218    -1.7444     -1.794    27.1333    20.2095 -9.990e-29
 160.366412     -1.786  32.986160    13.5260    -1.7431     -1.771    27.1332    20.2087 -9.990e-29
 160.366418     -1.768  32.971638    13.5290    -1.7428     -1.753    27.1179    20.1963 -9.990e-29
 160.366424     -1.752  32.931839    13.5292    -1.7446     -1.737    27.0815    20.1682 -9.990e-29
 160.366429     -1.739  32.895373    13.5291    -1.7451     -1.724    27.0484    20.1427 -9.990e-29
 160.366435     -1.727  32.890239    13.5299    -1.7440     -1.713    27.0432    20.1385 -9.990e-29
 160.366441     -1.715  32.918518    13.5312    -1.7429     -1.701    27.0680    20.1573 -9.990e-29
 160.366447     -1.704  32.958597    13.5321    -1.7425     -1.690    27.1038    20.1848 -9.990e-29
 160.366453     -1.691  32.967112    13.5321    -1.7431     -1.677    27.1116    20.1908 -9.990e-29
 160.366458     -1.681  32.935816    13.5315    -1.7438     -1.667    27.0835    20.1693 -9.990e-29
 160.366464     -1.676  32.921974    13.5313    -1.7452     -1.662    27.0710    20.1597 -9.990e-29
 160.366470     -1.674  32.959695    13.5317    -1.7452     -1.660    27.1051    20.1859 -9.990e-29
 160.366476     -1.668  33.009745    13.5319    -1.7432     -1.654    27.1505    20.2208 -9.990e-29
 160.366481     -1.660  33.011844    13.5315    -1.7428     -1.646    27.1527    20.2226 -9.990e-29
 160.366487     -1.647  32.968771    13.5306    -1.7427     -1.633    27.1141    20.1930 -9.990e-29
 160.366493     -1.631  32.952299    13.5297    -1.7426     -1.617    27.0998    20.1821 -9.990e-29
 160.366499     -1.608  32.994707    13.5296    -1.7435     -1.595    27.1384    20.2120 -9.990e-29
 160.366505     -1.579  33.053499    13.5302    -1.7442     -1.566    27.1915    20.2528 -9.990e-29
 160.366510     -1.544  33.077254    13.5306    -1.7442     -1.531    27.2128    20.2692 -9.990e-29
 160.366516     -1.516  33.051749    13.5304    -1.7436     -1.503    27.1897    20.2514 -9.990e-29
 160.366522     -1.501  32.994982    13.5298    -1.7432     -1.488    27.1385    20.2120 -9.990e-29
 160.366528     -1.493  32.945925    13.5294    -1.7432     -1.481    27.0941    20.1779 -9.990e-29
 160.366534     -1.484  32.956625    13.5299    -1.7430     -1.472    27.1035    20.1850 -9.990e-29
 160.366539     -1.468  33.021749    13.5316    -1.7432     -1.456    27.1616    20.2294 -9.990e-29
 160.366545     -1.450  33.076501    13.5331    -1.7438     -1.438    27.2103    20.2668 -9.990e-29
 160.366551     -1.431  33.093163    13.5330    -1.7442     -1.419    27.2255    20.2785 -9.990e-29
 160.366557     -1.411  33.078265    13.5323    -1.7439     -1.399    27.2125    20.2686 -9.990e-29
 160.366562     -1.393  33.040455    13.5321    -1.7425     -1.381    27.1782    20.2422 -9.990e-29
 160.366568     -1.385  33.007056    13.5322    -1.7421     -1.373    27.1477    20.2187 -9.990e-29
 160.366574     -1.385  33.002883    13.5324    -1.7426     -1.373    27.1438    20.2156 -9.990e-29
 160.366580     -1.385  33.022911    13.5327    12.2745     -1.373    27.1618    20.2294 -9.990e-29
 160.366586     -1.381  33.045711    13.5338    16.2073     -1.369    27.1818    20.2446 -9.990e-29
 160.366591     -1.373  33.058585    13.5352    16.5454     -1.362    27.1925    20.2526 -9.990e-29
 160.366597     -1.364  33.058535    13.5364    13.3897     -1.353    27.1916    20.2517 -9.990e-29
 160.366603     -1.359  33.040997    13.5377     6.6821     -1.348    27.1747    20.2384 -9.990e-29
