data/oxygen options/OCNMS/OCNMS1/raw_data/2011/CAST_KL015_100611faed.cnv
* Sea-Bird SBE19 Data File:
* FileName = C:\Documents and Settings\OCNMS\Desktop\2011 mooring data\4th service\CAST_KL015_100611.hex
* Software Version 1.24
* Temperature SN = 2997
* Conductivity SN = 2997
* System UpLoad Time = Oct 06 2011 18:31:38
** CAST_KL015_100611
* SEACAT PROFILER V3.1c SN 2997   10/06/11  18:31:07.760
# nquan = 9                                 
# nvalues = 1357                        
# units = specified
# name 0 = timeJ: Julian Days
# name 1 = prSM: Pressure, Strain Gauge [db]
# name 2 = c0mS/cm: Conductivity [mS/cm]
# name 3 = t090C: Temperature [ITS-90, deg C]
# name 4 = sbeox0ML/L: Oxygen, SBE 43 [ml/l]
# name 5 = depSM: Depth [salt water, m], lat = 47.5
# name 6 = sal00: Salinity, Practical [PSU]
# name 7 = sigma-é00: Density [sigma-theta, kg/m^3]
# name 8 = flag: flag
# span 0 = 279.587292, 279.595139       
# span 1 =     -5.715,     15.801       
# span 2 =   0.126759,  37.269302       
# span 3 =    13.3861,    14.4703       
# span 4 =    -2.0356,    14.9653       
# span 5 =     -5.667,     15.669       
# span 6 =     0.0770,    30.5653       
# span 7 =    -0.7426,    22.7341       
# span 8 = 0.0000e+00, 0.0000e+00       
# interval = seconds: 0.5
# start_time = Oct 06 2011 14:05:42 [Instrument's time stamp, header]
# bad_flag = -9.990e-29
*END*
[from data line 801]
 279.591927      1.185  36.950720    14.2441    -1.6882      1.175    30.2017    22.4329 -9.990e-29
 279.591933      1.176  36.922761    14.2444    -1.6889      1.166    30.1761    22.4131 -9.990e-29
 279.591939      1.172  36.878570    14.2443    -1.6890      1.162    30.1361    22.3822 -9.990e-29
 279.591944      1.183  36.836504    14.2438    -1.6891      1.173    30.0983    22.3532 -9.990e-29
 279.591950      1.208  36.814394    14.2431    -1.6895      1.198    30.0787    22.3383 -9.990e-29
 279.591956      1.235  36.839876    14.2425    -1.6887      1.225    30.1023    22.3566 -9.990e-29
 279.591962      1.257  36.901558    14.2425    -1.6885      1.247    30.1583    22.3997 -9.990e-29
 279.591968      1.267  36.930478    14.2426    -1.6882      1.256    30.1845    22.4199 -9.990e-29
 279.591973      1.265  36.914790    14.2420    -1.6889      1.254    30.1707    22.4094 -9.990e-29
 279.591979      1.260  36.898535    14.2410    -1.6881      1.249    30.1567    22.3988 -9.990e-29
 279.591985      1.256  36.895877    14.2406    -1.6879      1.246    30.1546    22.3973 -9.990e-29
 279.591991      1.252  36.890947    14.2410    -1.6877      1.242    30.1499    22.3935 -9.990e-29
 279.591997      1.249  36.872127    14.2416    -1.6876      1.239    30.1323    22.3799 -9.990e-29
 279.592002      1.246  36.850723    14.2415    -1.6874      1.236    30.1129    22.3650 -9.990e-29
 279.592008      1.243  36.836272    14.2406    -1.6878      1.233    30.1005    22.3556 -9.990e-29
 279.592014      1.240  36.838622    14.2398    -1.6877      1.230    30.1033    22.3579 -9.990e-29
 279.592020      1.237  36.863702    14.2393    -1.6876      1.227    30.1264    22.3758 -9.990e-29
 279.592025      1.233  36.891747    14.2393    -1.6876      1.223    30.1519    22.3954 -9.990e-29
 279.592031      1.229  36.904706    14.2394    -1.6882      1.219    30.1636    22.4044 -9.990e-29
 279.592037      1.223  36.912574    14.2396    -1.6879      1.213    30.1706    22.4098 -9.990e-29
 279.592043      1.216  36.934238    14.2401    -1.6874      1.206    30.1899    22.4245 -9.990e-29
 279.592049      1.211  36.959378    14.2405    -1.6877      1.201    30.2124    22.4418 -9.990e-29
 279.592054      1.212  36.975590    14.2404    -1.6878      1.202    30.2272    22.4533 -9.990e-29
 279.592060      1.216  36.987686    14.2399    -1.6876      1.206    30.2386    22.4621 -9.990e-29
 279.592066      1.217  36.992750    14.2392    -1.6877      1.207    30.2437    22.4662 -9.990e-29
 279.592072      1.217  36.989689    14.2380    -1.6876      1.207    30.2419    22.4651 -9.990e-29
 279.592078      1.215  36.988421    14.2369    -1.6877      1.205    30.2416    22.4651 -9.990e-29
 279.592083      1.211  36.990049    14.2365    -1.6876      1.201    30.2434    22.4665 -9.990e-29
 279.592089      1.204  36.984421    14.2364    -1.6875      1.194    30.2384    22.4627 -9.990e-29
 279.592095      1.199  36.975229    14.2356    -1.6875      1.189    30.2306    22.4569 -9.990e-29
 279.592101      1.205  36.979893    14.2339    -1.6875      1.195    30.2362    22.4615 -9.990e-29
 279.592106      1.220  36.994547    14.2324    -1.6874      1.210    30.2507    22.4730 -9.990e-29
 279.592112      1.234  37.003446    14.2320    -1.6875      1.224    30.2591    22.4795 -9.990e-29
 279.592118      1.238  37.007811    14.2325    -1.6875      1.228    30.2627    22.4822 -9.990e-29
 279.592124      1.237  37.010095    14.2333    -1.6875      1.227    30.2641    22.4832 -9.990e-29
 279.592130      1.236  37.009419    14.2342    -1.6877      1.226    30.2628    22.4820 -9.990e-29
 279.592135      1.234  37.008239    14.2354    -1.6876      1.224    30.2608    22.4802 -9.990e-29
 279.592141      1.232  37.007778    14.2367    -1.6875      1.222    30.2593    22.4788 -9.990e-29
 279.592147      1.229  37.008539    14.2375    -1.6875      1.219    30.2594    22.4787 -9.990e-29
 279.592153      1.224  37.010411    14.2376    -1.6874      1.214    30.2610    22.4799 -9.990e-29
 279.592159      1.219  37.011970    14.2374    -1.6875      1.209    30.2626    22.4812 -9.990e-29
 279.592164      1.216  37.013048    14.2370    -1.6875      1.206    30.2639    22.4822 -9.990e-29
 279.592170      1.219  37.014520    14.2363    -1.6876      1.209    30.2658    22.4838 -9.990e-29
 279.592176      1.225  37.015546    14.2355    -1.6875      1.215    30.2673    22.4852 -9.990e-29
 279.592182      1.230  37.015249    14.2349    -1.6875      1.220    30.2675    22.4855 -9.990e-29
 279.592188      1.229  37.014352    14.2348    -1.6875      1.219    30.2668    22.4849 -9.990e-29
 279.592193      1.218  37.013900    14.2348    -1.6876      1.208    30.2664    22.4846 -9.990e-29
 279.592199      1.206  37.014972    14.2349    -1.6876      1.196    30.2673    22.4853 -9.990e-29
 279.592205      1.205  37.017323    14.2350    -1.6877      1.195    30.2694    22.4869 -9.990e-29
 279.592211      1.213  37.019051    14.2347    -1.6877      1.203    30.2712    22.4883 -9.990e-29
 279.592216      1.224  37.019104    14.2344    -1.6876      1.214    30.2714    22.4886 -9.990e-29
 279.592222      1.233  37.018116    14.2345    -1.6876      1.223    30.2705    22.4878 -9.990e-29
 279.592228      1.241  37.017013    14.2346    11.2154      1.231    30.2694    22.4869 -9.990e-29
 279.592234      1.249  37.016569    14.2344    14.7701      1.239    30.2691    22.4868 -9.990e-29
 279.592240      1.257  37.017316    14.2334    14.9653      1.247    30.2706    22.4881 -9.990e-29
 279.592245      1.266  37.018574    14.2322    12.0615      1.255    30.2727    22.4900 -9.990e-29
 279.592251      1.276  37.019223    14.2317     5.9845      1.265    30.2736    22.4908 -9.990e-29
 279.592257      1.289  37.019012    14.2318     6.0740      1.278    30.2734    22.4906 -9.990e-29
 279.592263      1.299  37.018223    14.2322     6.2253      1.288    30.2723    22.4897 -9.990e-29
 279.592269      1.300  37.016928    14.2327     6.2605      1.289    30.2708    22.4884 -9.990e-29
 279.592274      1.292  37.016203    14.2336     6.2268      1.281    30.2694    22.4872 -9.990e-29
 279.592280      1.283  37.016768    14.2343     6.1880      1.272    30.2694    22.4870 -9.990e-29
 279.592286      1.275  37.017700    14.2345     6.1286      1.264    30.2701    22.4875 -9.990e-29
 279.592292      1.270  37.018565    14.2345     6.0831      1.259    30.2709    22.4881 -9.990e-29
 279.592297      1.266  37.018281    14.2348     6.0507      1.255    30.2704    22.4877 -9.990e-29
 279.592303      1.259  37.014792    14.2352     6.0368      1.248    30.2669    22.4849 -9.990e-29
 279.592309      1.244  37.011852    14.2355     6.0299      1.234    30.2640    22.4826 -9.990e-29
 279.592315      1.230  37.014502    14.2355     6.0226      1.220    30.2664    22.4845 -9.990e-29
 279.592321      1.227  37.018440    14.2354     6.0160      1.217    30.2701    22.4873 -9.990e-29
 279.592326      1.235  37.019961    14.2354     6.0030      1.225    30.2714    22.4884 -9.990e-29
 279.592332      1.243  37.019978    14.2356     5.9881      1.233    30.2713    22.4882 -9.990e-29
 279.592338      1.243  37.019636    14.2360     5.9886      1.233    30.2707    22.4877 -9.990e-29
 279.592344      1.237  37.020723    14.2373     5.9981      1.227    30.2706    22.4874 -9.990e-29
 279.592350      1.236  37.023573    14.2395     5.9903      1.226    30.2715    22.4876 -9.990e-29
 279.592355      1.242  37.026951    14.2417     5.9924      1.232    30.2729    22.4882 -9.990e-29
 279.592361      1.248  37.028643    14.2433     5.9905      1.238    30.2731    22.4881 -9.990e-29
 279.592367      1.246  37.028111    14.2440     5.9945      1.236    30.2721    22.4871 -9.990e-29
 279.592373      1.239  37.027448    14.2437     5.9835      1.229    30.2717    22.4869 -9.990e-29
 279.592378      1.232  37.028014    14.2435     5.9893      1.222    30.2724    22.4875 -9.990e-29
 279.592384      1.224  37.029448    14.2441     5.9874      1.214    30.2732    22.4880 -9.990e-29
 279.592390      1.219  37.030865    14.2451     5.9797      1.209    30.2738    22.4882 -9.990e-29
 279.592396      1.221  37.030799    14.2460     5.9819      1.211    30.2730    22.4874 -9.990e-29
 279.592402      1.225  37.029727    14.2467     5.9752      1.215    30.2715    22.4861 -9.990e-29
 279.592407      1.228  37.029583    14.2472     5.9625      1.218    30.2709    22.4856 -9.990e-29
 279.592413      1.230  37.030178    14.2475     5.9626      1.220    30.2712    22.4858 -9.990e-29
 279.592419      1.231  37.030631    14.2472     5.9624      1.221    30.2719    22.4863 -9.990e-29
 279.592425      1.231  37.030429    14.2463     5.9586      1.221    30.2724    22.4869 -9.990e-29
 279.592431      1.230  37.029307    14.2457     5.9711      1.220    30.2719    22.4866 -9.990e-29
 279.592436      1.228  37.028012    14.2456     5.9804      1.218    30.2708    22.4858 -9.990e-29
 279.592442      1.225  37.027622    14.2453     5.9763      1.215    30.2706    22.4857 -9.990e-29
 279.592448      1.221  37.027619    14.2436     5.9839      1.211    30.2720    22.4871 -9.990e-29
 279.592454      1.220  37.025765    14.2402     5.9803      1.210    30.2730    22.4886 -9.990e-29
 279.592459      1.225  37.021832    14.2362     5.9860      1.215    30.2725    22.4890 -9.990e-29
 279.592465      1.233  37.019540    14.2338     5.9821      1.223    30.2723    22.4894 -9.990e-29
 279.592471      1.241  37.020876    14.2339     5.9840      1.231    30.2734    22.4902 -9.990e-29
 279.592477      1.248  37.023145    14.2355     5.9915      1.238    30.2742    22.4905 -9.990e-29
 279.592483      1.251  37.024333    14.2373     5.9762      1.241    30.2739    22.4899 -9.990e-29
 279.592488      1.245  37.024909    14.2386     5.9668      1.235    30.2734    22.4892 -9.990e-29
 279.592494      1.236  37.025645    14.2395     5.9519      1.226    30.2734    22.4890 -9.990e-29
 279.592500      1.230  37.026406    14.2402     5.9502      1.220    30.2735    22.4890 -9.990e-29
 279.592506      1.231  37.026533    14.2404     5.9746      1.221    30.2735    22.4889 -9.990e-29
 279.592512      1.236  37.026199    14.2402     5.9837      1.226    30.2733    22.4889 -9.990e-29
 279.592517      1.240  37.026083    14.2402     5.9944      1.230    30.2732    22.4888 -9.990e-29
 279.592523      1.244  37.026593    14.2406     5.9847      1.234    30.2734    22.4888 -9.990e-29
 279.592529      1.248  37.027852    14.2414     5.9827      1.238    30.2739    22.4890 -9.990e-29
 279.592535      1.252  37.029304    14.2426     5.9977      1.242    30.2743    22.4891 -9.990e-29
 279.592541      1.257  37.030087    14.2435     5.9999      1.247    30.2743    22.4889 -9.990e-29
 279.592546      1.262  37.030131    14.2435     6.0090      1.251    30.2743    22.4889 -9.990e-29
 279.592552      1.268  37.030057    14.2430     5.9959      1.257    30.2746    22.4893 -9.990e-29
 279.592558      1.275  37.030331    14.2431     5.9867      1.264    30.2748    22.4894 -9.990e-29
 279.592564      1.280  37.030762    14.2441     5.9775      1.269    30.2744    22.4889 -9.990e-29
 279.592569      1.274  37.031370    14.2460     5.9816      1.263    30.2735    22.4878 -9.990e-29
 279.592575      1.257  37.032407    14.2480     5.9650      1.247    30.2729    22.4869 -9.990e-29
 279.592581      1.237  37.033581    14.2493     5.9688      1.227    30.2729    22.4867 -9.990e-29
 279.592587      1.221  37.034781    14.2500     5.9727      1.211    30.2735    22.4870 -9.990e-29
 279.592593      1.215  37.035931    14.2505     5.9895      1.205    30.2741    22.4874 -9.990e-29
 279.592598      1.221  37.036329    14.2509     5.9872      1.211    30.2742    22.4873 -9.990e-29
 279.592604      1.229  37.036510    14.2512     5.9947      1.219    30.2741    22.4872 -9.990e-29
 279.592610      1.236  37.037281    14.2513     5.9871      1.226    30.2747    22.4877 -9.990e-29
 279.592616      1.242  37.037432    14.2506     5.9963      1.232    30.2754    22.4883 -9.990e-29
 279.592622      1.248  37.036048    14.2488     5.9965      1.238    30.2756    22.4888 -9.990e-29
 279.592627      1.254  37.034089    14.2467     5.9969      1.244    30.2754    22.4891 -9.990e-29
 279.592633      1.261  37.032866    14.2455     5.9840      1.250    30.2752    22.4892 -9.990e-29
 279.592639      1.268  37.032433    14.2450     5.9897      1.257    30.2752    22.4893 -9.990e-29
 279.592645      1.273  37.032216    14.2449     5.9874      1.262    30.2751    22.4893 -9.990e-29
 279.592650      1.271  37.031929    14.2454     5.9781      1.260    30.2745    22.4887 -9.990e-29
 279.592656      1.266  37.031752    14.2464     5.9649      1.255    30.2735    22.4877 -9.990e-29
 279.592662      1.262  37.032014    14.2471     5.9635      1.251    30.2732    22.4874 -9.990e-29
 279.592668      1.260  37.032509    14.2472     5.9857      1.249    30.2736    22.4876 -9.990e-29
 279.592674      1.262  37.032778    14.2465     5.9964      1.251    30.2744    22.4884 -9.990e-29
 279.592679      1.274  37.032625    14.2456     6.0016      1.263    30.2749    22.4890 -9.990e-29
 279.592685      1.293  37.032411    14.2451     5.9868      1.282    30.2751    22.4892 -9.990e-29
 279.592691      1.310  37.032416    14.2452     5.9852      1.299    30.2751    22.4892 -9.990e-29
 279.592697      1.318  37.032646    14.2455     5.9800      1.307    30.2750    22.4891 -9.990e-29
 279.592703      1.317  37.032852    14.2456     5.9797      1.306    30.2751    22.4891 -9.990e-29
 279.592708      1.317  37.032752    14.2455     5.9816      1.306    30.2751    22.4892 -9.990e-29
 279.592714      1.322  37.032778    14.2459     5.9717      1.311    30.2748    22.4888 -9.990e-29
 279.592720      1.327  37.032970    14.2468     5.9666      1.316    30.2743    22.4883 -9.990e-29
 279.592726      1.324  37.033026    14.2480     5.9650      1.313    30.2734    22.4873 -9.990e-29
 279.592731      1.313  37.033585    14.2489     5.9822      1.302    30.2732    22.4870 -9.990e-29
 279.592737      1.302  37.034837    14.2491     5.9915      1.291    30.2742    22.4877 -9.990e-29
 279.592743      1.295  37.035656    14.2484     5.9950      1.284    30.2755    22.4888 -9.990e-29
 279.592749      1.291  37.035458    14.2474     5.9913      1.280    30.2761    22.4895 -9.990e-29
 279.592755      1.286  37.035103    14.2470     5.9697      1.275    30.2761    22.4896 -9.990e-29
 279.592760      1.275  37.035242    14.2472     5.9743      1.264    30.2761    22.4895 -9.990e-29
 279.592766      1.261  37.035503    14.2473     5.9685      1.250    30.2762    22.4896 -9.990e-29
 279.592772      1.252  37.035677    14.2467     5.9629      1.242    30.2769    22.4902 -9.990e-29
 279.592778      1.252  37.034880    14.2450     5.9747      1.242    30.2775    22.4911 -9.990e-29
 279.592784      1.257  37.032616    14.2431     5.9610      1.247    30.2769    22.4910 -9.990e-29
 279.592789      1.263  37.030907    14.2418     5.9778      1.252    30.2764    22.4909 -9.990e-29
 279.592795      1.265  37.030838    14.2407     5.9910      1.254    30.2772    22.4917 -9.990e-29
 279.592801      1.260  37.031201    14.2390     5.9926      1.249    30.2788    22.4933 -9.990e-29
 279.592807      1.256  37.030244    14.2358     5.9960      1.246    30.2805    22.4952 -9.990e-29
 279.592812      1.261  37.027255    14.2324     5.9717      1.250    30.2804    22.4959 -9.990e-29
 279.592818      1.272  37.023854    14.2301     5.9567      1.261    30.2791    22.4954 -9.990e-29
 279.592824      1.279  37.021668    14.2274     5.9548      1.268    30.2792    22.4960 -9.990e-29
 279.592830      1.281  37.020025    14.2226     5.9509      1.270    30.2815    22.4987 -9.990e-29
 279.592836      1.280  37.017299    14.2173     5.9660      1.269    30.2832    22.5011 -9.990e-29
 279.592841      1.281  37.012660    14.2136     5.9865      1.270    30.2819    22.5009 -9.990e-29
