data/oxygen options/OCNMS/OCNMS1/raw_data/2011/CAST_CE015_100611faed.cnv
* Sea-Bird SBE19 Data File:
* FileName = C:\Documents and Settings\OCNMS\Desktop\2011 mooring data\4th service\CAST_CE015_100611.hex
* Software Version 1.24
* Temperature SN = 2997
* Conductivity SN = 2997
* System UpLoad Time = Oct 06 2011 18:30:46
** CAST_CE015_100611
* SEACAT PROFILER V3.1c SN 2997   10/06/11  18:30:18.618
# nquan = 9                                 
# nvalues = 738                         
# units = specified
# name 0 = timeJ: Julian Days
# name 1 = prSM: Pressure, Strain Gauge [db]
# name 2 = c0mS/cm: Conductivity [mS/cm]
# name 3 = t090C: Temperature [ITS-90, deg C]
# name 4 = sbeox0ML/L: Oxygen, SBE 43 [ml/l]
# name 5 = depSM: Depth [salt water, m], lat = 47.5
# name 6 = sal00: Salinity, Practical [PSU]
# name 7 = sigma-é00: Density [sigma-theta, kg/m^3]
# name 8 = flag: flag
# span 0 = 279.507917, 279.512182       
# span 1 =     -2.423,     17.704       
# span 2 =   0.252257,  36.755544       
# span 3 =    13.7657,    14.3879       
# span 4 =    -2.0507,    15.1979       
# span 5 =     -2.403,     17.555       
# span 6 =     0.1530,    29.9956       
# span 7 =    -0.6727,    22.2684       
# span 8 = 0.0000e+00, 0.0000e+00       
# interval = seconds: 0.5
# start_time = Oct 06 2011 12:11:24 [Instrument's time stamp, header]
# bad_flag = -9.990e-29
*END*
[from data line 481]
 279.510700      5.574  36.269842    14.2671     5.9283      5.527    29.5650    21.9376 0.0000e+00
 279.510706      5.867  36.297365    14.2637     5.9310      5.818    29.5924    21.9594 0.0000e+00
 279.510712      6.163  36.310547    14.2579     5.9262      6.111    29.6087    21.9732 0.0000e+00
 279.510718      6.459  36.315193    14.2515     5.9313      6.405    29.6177    21.9814 0.0000e+00
 279.510723      6.748  36.319169    14.2453     5.9231      6.692    29.6260    21.9890 0.0000e+00
 279.510729      7.027  36.323844    14.2402     5.9216      6.968    29.6340    21.9963 0.0000e+00
 279.510735      7.296  36.328720    14.2372     5.9239      7.235    29.6406    22.0020 0.0000e+00
 279.510741      7.556  36.333005    14.2357     5.9016      7.493    29.6456    22.0061 0.0000e+00
 279.510747      7.809  36.336240    14.2341     5.8841      7.744    29.6496    22.0096 0.0000e+00
 279.510752      8.065  36.341046    14.2313     5.8659      7.998    29.6560    22.0151 0.0000e+00
 279.510758      8.330  36.353262    14.2279     5.8681      8.260    29.6696    22.0262 0.0000e+00
 279.510764      8.608  36.377967    14.2245     5.8683      8.536    29.6945    22.0461 0.0000e+00
 279.510770      8.895  36.413932    14.2219     5.8537      8.821    29.7290    22.0733 0.0000e+00
 279.510775      9.185  36.453666    14.2216     5.8490      9.108    29.7652    22.1012 0.0000e+00
 279.510781      9.474  36.490221    14.2248     5.8426      9.395    29.7958    22.1241 0.0000e+00
 279.510787      9.767  36.524170    14.2311     5.8664      9.685    29.8216    22.1427 0.0000e+00
 279.510793     10.067  36.557650    14.2378     5.8890      9.983    29.8467    22.1607 0.0000e+00
 279.510799     10.357  36.588815    14.2431     5.8956     10.270    29.8707    22.1782 0.0000e+00
 279.510804     10.614  36.613851    14.2463     5.8951     10.525    29.8909    22.1931 0.0000e+00
 279.510810     10.820  36.624129    14.2464     5.8702     10.729    29.9000    22.2001 0.0000e+00
 279.510816     10.975  36.618225    14.2444     5.8474     10.883    29.8962    22.1976 0.0000e+00
 279.510822     11.101  36.605614    14.2422     5.8213     11.008    29.8864    22.1905 0.0000e+00
 279.510828     11.233  36.592432    14.2410     5.8046     11.139    29.8753    22.1822 0.0000e+00
 279.510833     11.395  36.580694    14.2409     5.7893     11.300    29.8647    22.1740 0.0000e+00
 279.510839     11.594  36.579939    14.2433     5.7743     11.497    29.8621    22.1715 0.0000e+00
 279.510845     11.825  36.602589    14.2489     5.7613     11.726    29.8782    22.1828 0.0000e+00
 279.510851     12.090  36.639636    14.2554     5.7615     11.989    29.9067    22.2035 0.0000e+00
 279.510856     12.390  36.671029    14.2607     5.7612     12.286    29.9309    22.2211 0.0000e+00
 279.510862     12.716  36.691578    14.2644     5.7667     12.609    29.9466    22.2324 0.0000e+00
 279.510868     13.064  36.707953    14.2677     5.7706     12.955    29.9588    22.2411 0.0000e+00
 279.510874     13.427  36.723499    14.2702     5.7690     13.315    29.9708    22.2499 0.0000e+00
 279.510880     13.794  36.733732    14.2716     5.8069     13.678    29.9788    22.2558 0.0000e+00
 279.510885     14.156  36.737727    14.2725     5.7894     14.037    29.9816    22.2578 0.0000e+00
 279.510891     14.517  36.739120    14.2730     5.7649     14.395    29.9824    22.2583 0.0000e+00
 279.510897     14.882  36.739755    14.2730     5.7255     14.757    29.9828    22.2586 0.0000e+00
 279.510903     15.252  36.740469    14.2730     5.6883     15.124    29.9833    22.2591 0.0000e+00
 279.510909     15.622  36.742202    14.2733     5.6955     15.491    29.9845    22.2599 0.0000e+00
 279.510914     15.980  36.745573    14.2735     5.7124     15.846    29.9873    22.2620 0.0000e+00
 279.510920     16.320  36.749466    14.2734     5.7327     16.183    29.9908    22.2648 0.0000e+00
 279.510926     16.637  36.752342    14.2733     5.7394     16.497    29.9934    22.2668 0.0000e+00
 279.510932     16.921  36.754104    14.2737     5.7319     16.779    29.9946    22.2676 0.0000e+00
 279.510938     17.156  36.754848    14.2740     5.7144     17.012    29.9949    22.2678 0.0000e+00
 279.510943     17.336  36.754994    14.2741     5.7050     17.191    29.9949    22.2678 0.0000e+00
 279.510949     17.472  36.755286    14.2740     5.7235     17.325    29.9952    22.2680 -9.990e-29
 279.510955     17.577  36.755544    14.2738     5.7347     17.430    29.9955    22.2684 -9.990e-29
 279.510961     17.653  36.755541    14.2737     5.7361     17.505    29.9956    22.2684 -9.990e-29
 279.510966     17.697  36.755265    14.2736     5.7270     17.549    29.9954    22.2683 -9.990e-29
 279.510972     17.704  36.754338    14.2735     5.7176     17.555    29.9946    22.2677 -9.990e-29
 279.510978     17.663  36.752074    14.2736     5.7270     17.515    29.9925    22.2661 -9.990e-29
 279.510984     17.570  36.746002    14.2739     5.7418     17.423    29.9868    22.2616 -9.990e-29
 279.510990     17.427  36.741458    14.2740     5.7547     17.281    29.9827    22.2584 0.0000e+00
 279.510995     17.254  36.745812    14.2739     5.7623     17.109    29.9868    22.2616 0.0000e+00
 279.511001     17.074  36.751423    14.2736     5.7510     16.931    29.9921    22.2658 0.0000e+00
 279.511007     16.899  36.752887    14.2733     5.7510     16.757    29.9938    22.2671 0.0000e+00
 279.511013     16.733  36.752708    14.2730     5.7547     16.593    29.9939    22.2672 0.0000e+00
 279.511019     16.578  36.751758    14.2725     5.7621     16.439    29.9935    22.2670 0.0000e+00
 279.511024     16.435  36.750442    14.2723     5.7660     16.297    29.9925    22.2663 0.0000e+00
 279.511030     16.302  36.748676    14.2724     5.7454     16.165    29.9909    22.2650 -9.990e-29
 279.511036     16.179  36.746897    14.2729     5.7363     16.043    29.9889    22.2634 -9.990e-29
 279.511042     16.067  36.745523    14.2734     5.7400     15.932    29.9873    22.2621 -9.990e-29
 279.511047     15.967  36.744953    14.2736     5.7532     15.833    29.9867    22.2615 -9.990e-29
 279.511053     15.878  36.744979    14.2735     5.7624     15.745    29.9868    22.2616 -9.990e-29
 279.511059     15.793  36.745065    14.2732     5.7684     15.661    29.9872    22.2620 -9.990e-29
 279.511065     15.712  36.745316    14.2728     5.7645     15.580    29.9877    22.2625 -9.990e-29
 279.511071     15.643  36.745499    14.2727     5.7609     15.512    29.9880    22.2627 -9.990e-29
 279.511076     15.597  36.745289    14.2728     5.7591     15.466    29.9877    22.2625 -9.990e-29
 279.511082     15.581  36.744956    14.2728     5.7550     15.450    29.9874    22.2623 -9.990e-29
 279.511088     15.586  36.745729    14.2729     5.7700     15.455    29.9881    22.2627 -9.990e-29
 279.511094     15.593  36.747509    14.2729     5.7734     15.462    29.9897    22.2640 -9.990e-29
 279.511100     15.596  36.748178    14.2728     5.7664     15.465    29.9904    22.2645 -9.990e-29
 279.511105     15.599  36.747497    14.2727     5.7610     15.468    29.9898    22.2641 -9.990e-29
 279.511111     15.606  36.746789    14.2726     5.7460     15.475    29.9893    22.2637 -9.990e-29
 279.511117     15.613  36.746780    14.2727     5.7463     15.482    29.9892    22.2636 -9.990e-29
 279.511123     15.613  36.747449    14.2728     5.7500     15.482    29.9897    22.2640 -9.990e-29
 279.511128     15.601  36.747998    14.2730     5.7667     15.470    29.9900    22.2642 -9.990e-29
 279.511134     15.575  36.748028    14.2734     5.7740     15.444    29.9898    22.2639 -9.990e-29
 279.511140     15.540  36.748129    14.2734     5.7740     15.410    29.9899    22.2640 -9.990e-29
 279.511146     15.505  36.748428    14.2732     5.7628     15.375    29.9903    22.2644 -9.990e-29
 279.511152     15.485  36.748196    14.2730     5.7612     15.355    29.9903    22.2644 -9.990e-29
 279.511157     15.488  36.746553    14.2729     5.7706     15.358    29.9888    22.2633 -9.990e-29
 279.511163     15.505  36.744100    14.2728     5.7669     15.375    29.9867    22.2617 -9.990e-29
 279.511169     15.524  36.743156    14.2726     5.7744     15.394    29.9860    22.2612 -9.990e-29
 279.511175     15.539  36.743571    14.2726     5.7707     15.409    29.9864    22.2615 -9.990e-29
 279.511181     15.541  36.743648    14.2725     5.7613     15.411    29.9865    22.2616 -9.990e-29
 279.511186     15.531  36.743480    14.2722     5.7611     15.401    29.9866    22.2617 -9.990e-29
 279.511192     15.521  36.743394    14.2720     5.7577     15.391    29.9867    22.2618 -9.990e-29
 279.511198     15.523  36.743266    14.2722     5.7671     15.393    29.9864    22.2616 -9.990e-29
 279.511204     15.541  36.742918    14.2724     5.7725     15.411    29.9859    22.2612 -9.990e-29
 279.511209     15.573  36.742996    14.2725     5.7796     15.442    29.9859    22.2611 -9.990e-29
 279.511215     15.607  36.744154    14.2725     5.7722     15.476    29.9869    22.2619 -9.990e-29
 279.511221     15.633  36.745126    14.2726     5.7516     15.502    29.9877    22.2625 -9.990e-29
 279.511227     15.648  36.744957    14.2728     5.7460     15.517    29.9874    22.2622 -9.990e-29
 279.511233     15.654  36.744532    14.2730     5.7443     15.523    29.9869    22.2618 -9.990e-29
 279.511238     15.650  36.744394    14.2730     5.7669     15.519    29.9868    22.2617 -9.990e-29
 279.511244     15.640  36.744352    14.2729     5.7781     15.509    29.9868    22.2617 -9.990e-29
 279.511250     15.629  36.744340    14.2729     5.7781     15.498    29.9868    22.2617 -9.990e-29
 279.511256     15.611  36.744333    14.2732     5.7742     15.480    29.9866    22.2615 -9.990e-29
 279.511262     15.581  36.744311    14.2733     5.7743     15.450    29.9865    22.2614 -9.990e-29
 279.511267     15.545  36.744234    14.2730     5.7611     15.415    29.9866    22.2616 -9.990e-29
 279.511273     15.519  36.743991    14.2729     5.7649     15.389    29.9865    22.2615 -9.990e-29
 279.511279     15.509  36.743812    14.2730     5.7649     15.379    29.9863    22.2613 -9.990e-29
 279.511285     15.514  36.744006    14.2730     5.7651     15.384    29.9865    22.2615 -9.990e-29
 279.511291     15.531  36.744262    14.2728     5.7705     15.401    29.9868    22.2618 -9.990e-29
 279.511296     15.552  36.744354    14.2728     5.7670     15.422    29.9869    22.2619 -9.990e-29
 279.511302     15.570  36.744392    14.2729     5.7742     15.439    29.9869    22.2618 -9.990e-29
 279.511308     15.578  36.744418    14.2729     5.7762     15.447    29.9869    22.2618 -9.990e-29
 279.511314     15.575  36.744456    14.2729     5.7762     15.444    29.9869    22.2618 -9.990e-29
 279.511319     15.571  36.744547    14.2730     5.7821     15.440    29.9869    22.2618 -9.990e-29
 279.511325     15.570  36.744803    14.2732     5.7727     15.439    29.9870    22.2618 -9.990e-29
 279.511331     15.571  36.744997    14.2732     5.7631     15.440    29.9872    22.2620 -9.990e-29
 279.511337     15.574  36.744818    14.2730     5.7593     15.443    29.9872    22.2620 -9.990e-29
 279.511343     15.580  36.744576    14.2731     5.7576     15.449    29.9869    22.2618 -9.990e-29
 279.511348     15.589  36.744500    14.2735     5.7556     15.458    29.9865    22.2614 -9.990e-29
 279.511354     15.597  36.744480    14.2736     5.7576     15.466    29.9864    22.2613 -9.990e-29
 279.511360     15.601  36.744480    14.2735     5.7650     15.470    29.9865    22.2614 -9.990e-29
 279.511366     15.604  36.744488    14.2732     5.7687     15.473    29.9867    22.2616 -9.990e-29
 279.511372     15.613  36.744508    14.2730     5.7721     15.482    29.9869    22.2618 -9.990e-29
 279.511377     15.622  36.744556    14.2730     5.7628     15.491    29.9869    22.2618 -9.990e-29
 279.511383     15.624  36.744688    14.2730     5.7575     15.493    29.9870    22.2619 -9.990e-29
 279.511389     15.618  36.745069    14.2730     5.7500     15.487    29.9874    22.2622 -9.990e-29
 279.511395     15.614  36.745636    14.2729     5.7575     15.483    29.9880    22.2627 -9.990e-29
 279.511400     15.615  36.746017    14.2729     5.7553     15.484    29.9883    22.2629 -9.990e-29
 279.511406     15.622  36.746148    14.2732     5.7551     15.491    29.9882    22.2628 -9.990e-29
 279.511412     15.629  36.746196    14.2736     5.7646     15.498    29.9879    22.2625 -9.990e-29
 279.511418     15.630  36.746217    14.2738     5.7644     15.499    29.9878    22.2623 -9.990e-29
 279.511424     15.620  36.746235    14.2738     5.7758     15.489    29.9878    22.2623 -9.990e-29
 279.511429     15.606  36.746272    14.2737     5.7686     15.475    29.9879    22.2625 -9.990e-29
 279.511435     15.602  36.746380    14.2734     5.7706     15.471    29.9883    22.2628 -9.990e-29
 279.511441     15.602  36.746707    14.2731     5.7708     15.471    29.9888    22.2632 -9.990e-29
 279.511447     15.594  36.747130    14.2731     5.7615     15.463    29.9892    22.2635 -9.990e-29
 279.511453     15.572  36.747097    14.2731     5.7689     15.441    29.9892    22.2635 -9.990e-29
 279.511458     15.540  36.746567    14.2729     5.7593     15.410    29.9888    22.2633 -9.990e-29
 279.511464     15.513  36.745956    14.2728     5.7592     15.383    29.9884    22.2630 -9.990e-29
 279.511470     15.505  36.745576    14.2729     5.7535     15.375    29.9880    22.2626 -9.990e-29
 279.511476     15.522  36.745484    14.2729     5.7497     15.392    29.9879    22.2626 -9.990e-29
 279.511481     15.564  36.745560    14.2730     5.7383     15.434    29.9878    22.2625 -9.990e-29
 279.511487     15.620  36.745909    14.2729     5.7289     15.489    29.9882    22.2628 -9.990e-29
 279.511493     15.673  36.746441    14.2726     5.7385     15.542    29.9889    22.2634 -9.990e-29
 279.511499     15.714  36.747305    14.2724     5.7514     15.582    29.9898    22.2642 -9.990e-29
 279.511505     15.736  36.748536    14.2727     5.7778     15.604    29.9907    22.2648 -9.990e-29
 279.511510     15.737  36.749538    14.2732     5.7907     15.605    29.9912    22.2651 -9.990e-29
 279.511516     15.721  36.749969    14.2734     5.7867     15.589    29.9915    22.2653 -9.990e-29
 279.511522     15.695  36.749850    14.2733     5.7716     15.563    29.9915    22.2653 -9.990e-29
 279.511528     15.667  36.749586    14.2733     5.7609     15.536    29.9912    22.2651 -9.990e-29
 279.511534     15.642  36.749389    14.2736     5.7572     15.511    29.9908    22.2647 -9.990e-29
 279.511539     15.625  36.748998    14.2737     5.7667     15.494    29.9904    22.2644 -9.990e-29
 279.511545     15.614  36.748458    14.2736     5.7648     15.483    29.9900    22.2641 -9.990e-29
 279.511551     15.604  36.748170    14.2734     5.7628     15.473    29.9899    22.2640 -9.990e-29
 279.511557     15.589  36.748316    14.2733     5.7459     15.458    29.9901    22.2642 -9.990e-29
 279.511563     15.569  36.748533    14.2734     5.7326     15.438    29.9902    22.2643 -9.990e-29
 279.511568     15.543  36.748552    14.2737     5.7348     15.413    29.9900    22.2641 -9.990e-29
 279.511574     15.518  36.748403    14.2737     5.7462     15.388    29.9899    22.2640 -9.990e-29
 279.511580     15.509  36.747893    14.2736     5.7649     15.379    29.9895    22.2637 -9.990e-29
 279.511586     15.524  36.747464    14.2738     5.7779     15.394    29.9890    22.2632 -9.990e-29
 279.511591     15.556  36.747669    14.2739     5.7778     15.426    29.9891    22.2633 -9.990e-29
 279.511597     15.589  36.748225    14.2737     5.7647     15.458    29.9897    22.2638 -9.990e-29
 279.511603     15.613  36.748755    14.2736     5.7421     15.482    29.9903    22.2643 -9.990e-29
 279.511609     15.629  36.748849    14.2736     5.7269     15.498    29.9903    22.2643 -9.990e-29
 279.511615     15.646  36.748635    14.2737     5.7346     15.515    29.9901    22.2641 -9.990e-29
