data/oxygen options/OCNMS/OCNMS1/raw_data/2011/CAST_CA015_090211faed.cnv
* Sea-Bird SBE19 Data File:
* FileName = C:\Documents and Settings\OCNMS\Desktop\2011 mooring data\3rd service\CAST_CA015_090211.hex
* Software Version 1.24
* Temperature SN = 2997
* Conductivity SN = 2997
* System UpLoad Time = Sep 02 2011 15:38:09
** CAST_CA015_090211
* SEACAT PROFILER V3.1c SN 2997   09/02/11  15:37:32.761
# nquan = 9                                 
# nvalues = 1150                        
# units = specified
# name 0 = timeJ: Julian Days
# name 1 = prSM: Pressure, Strain Gauge [db]
# name 2 = c0mS/cm: Conductivity [mS/cm]
# name 3 = t090C: Temperature [ITS-90, deg C]
# name 4 = sbeox0ML/L: Oxygen, SBE 43 [ml/l]
# name 5 = depSM: Depth [salt water, m], lat = 47.5
# name 6 = sal00: Salinity, Practical [PSU]
# name 7 = sigma-é00: Density [sigma-theta, kg/m^3]
# name 8 = flag: flag
# span 0 = 245.545637, 245.552286       
# span 1 =     -5.700,     16.509       
# span 2 =   0.254866,  37.563205       
# span 3 =     8.1190,    16.2920       
# span 4 =    -2.0037,    16.6807       
# span 5 =     -5.653,     16.371       
# span 6 =     0.1522,    33.2505       
# span 7 =    -0.9757,    25.8701       
# span 8 = 0.0000e+00, 0.0000e+00       
# interval = seconds: 0.5
# start_time = Sep 02 2011 13:05:43 [Instrument's time stamp, header]
# bad_flag = -9.990e-29
*END*
[from data line 1121]
 245.552124      0.902  17.947381    10.8305     6.8467      0.894    14.9563    11.2422 0.0000e+00
 245.552130      0.774  14.384528    10.8781     6.8911      0.768    11.7454     8.7485 -9.990e-29
 245.552135      0.667  17.201942    10.8919     6.8954      0.661    14.2578    10.6928 -9.990e-29
 245.552141      0.579  20.402455    10.8941     6.8833      0.574    17.1698    12.9482 -9.990e-29
 245.552147      0.512  19.957751    10.8922     6.8751      0.508    16.7627    12.6331 -9.990e-29
 245.552153      0.468  14.368097    10.8875     6.9086      0.464    11.7279     8.7338 -9.990e-29
 245.552159      0.438   8.413054    10.8796     6.9298      0.434     6.5831     4.7467 -9.990e-29
 245.552164      0.413   5.611098    10.8685     6.9523      0.410     4.2661     2.9488 -9.990e-29
 245.552170      0.390   4.539462    10.8572     7.0028      0.387     3.4037     2.2793 -9.990e-29
 245.552176      0.372   4.192241    10.8490     7.0286      0.369     3.1278     2.0655 -9.990e-29
 245.552182      0.360   4.105921    10.8460     7.0444      0.357     3.0596     2.0127 -9.990e-29
 245.552188      0.355   3.973911    10.8474     7.0760      0.352     2.9549     1.9311 -9.990e-29
 245.552193      0.357   3.609008    10.8502     7.0727      0.354     2.6672     1.7067 -9.990e-29
 245.552199      0.359   3.288160    10.8528     7.1096      0.356     2.4161     1.5108 -9.990e-29
 245.552205      0.356   3.223889    10.8563     7.1174      0.353     2.3658     1.4712 -9.990e-29
 245.552211      0.347   3.242309    10.8608     7.1236      0.344     2.3798     1.4817 -9.990e-29
 245.552216      0.337   3.257606    10.8646     7.1330      0.334     2.3915     1.4904 -9.990e-29
 245.552222      0.334   3.319018    10.8668     7.1279      0.331     2.4392     1.5273 -9.990e-29
 245.552228      0.336   3.353662    10.8687     7.1318      0.333     2.4661     1.5481 -9.990e-29
 245.552234      0.337   3.272377    10.8728 -9.990e-29      0.334     2.4025     1.4981 -9.990e-29
 245.552240      0.331   3.123217    10.8806 -9.990e-29      0.328     2.2860     1.4065 -9.990e-29
 245.552245      0.318   2.935282    10.8902 -9.990e-29      0.315     2.1400     1.2917 -9.990e-29
 245.552251      0.298   2.701466    10.8986 -9.990e-29      0.296     1.9595     1.1501 -9.990e-29
 245.552257      0.278   2.442179    10.9057 -9.990e-29      0.276     1.7609     0.9944 -9.990e-29
 245.552263      0.264   2.206469    10.9111 -9.990e-29      0.262     1.5817     0.8541 -9.990e-29
 245.552269      0.252   2.026539    10.9136 -9.990e-29      0.250     1.4459     0.7478 -9.990e-29
 245.552274      0.241   1.893617    10.9136 -9.990e-29      0.239     1.3462     0.6699 -9.990e-29
 245.552280      0.235   1.798401    10.9131 -9.990e-29      0.233     1.2750     0.6144 -9.990e-29
 245.552286      0.233   1.738626 -9.990e-29 -9.990e-29      0.231 -9.990e-29 -9.990e-29 -9.990e-29
