data/oxygen options/OCNMS/OCNMS1/raw_data/2011/CAST_CA042_090211faed.cnv
* Sea-Bird SBE19 Data File:
* FileName = C:\Documents and Settings\OCNMS\Desktop\2011 mooring data\3rd service\CAST_CA042_090211.hex
* Software Version 1.24
* Temperature SN = 2997
* Conductivity SN = 2997
* System UpLoad Time = Sep 02 2011 15:36:50
** CAST_CA042_090211
* SEACAT PROFILER V3.1c SN 2997   09/02/11  15:36:06.142
# nquan = 9                                 
# nvalues = 974                         
# units = specified
# name 0 = timeJ: Julian Days
# name 1 = prSM: Pressure, Strain Gauge [db]
# name 2 = c0mS/cm: Conductivity [mS/cm]
# name 3 = t090C: Temperature [ITS-90, deg C]
# name 4 = sbeox0ML/L: Oxygen, SBE 43 [ml/l]
# name 5 = depSM: Depth [salt water, m], lat = 47.5
# name 6 = sal00: Salinity, Practical [PSU]
# name 7 = sigma-é00: Density [sigma-theta, kg/m^3]
# name 8 = flag: flag
# span 0 = 245.472593, 245.478223       
# span 1 =     -5.174,     42.444       
# span 2 =   0.200829,  37.885693       
# span 3 =     7.5420,    16.7892       
# span 4 =   -16.3491,    16.5580       
# span 5 =     -5.131,     42.085       
# span 6 =     0.1161,    33.5001       
# span 7 =    -1.0298,    26.1619       
# span 8 = 0.0000e+00, 0.0000e+00       
# interval = seconds: 0.5
# start_time = Sep 02 2011 11:20:32 [Instrument's time stamp, header]
# bad_flag = -9.990e-29
*END*
[from data line 481]
 245.475376      1.097  37.094128    12.1417     6.6083      1.088    32.0571    24.2780 -9.990e-29
 245.475382      1.108  37.092555    12.1370     6.6095      1.099    32.0596    24.2808 -9.990e-29
 245.475388      1.119  37.090224    12.1329     6.5874      1.110    32.0609    24.2826 -9.990e-29
 245.475394      1.131  37.087937    12.1300     6.5830      1.122    32.0612    24.2833 -9.990e-29
 245.475399      1.143  37.087118    12.1277     6.5920      1.133    32.0623    24.2847 -9.990e-29
 245.475405      1.153  37.087783    12.1262     6.5878      1.143    32.0643    24.2865 -9.990e-29
 245.475411      1.158  37.088548    12.1260     6.5826      1.148    32.0652    24.2872 -9.990e-29
 245.475417      1.157  37.089263    12.1277     6.5661      1.147    32.0644    24.2863 -9.990e-29
 245.475422      1.154  37.090277    12.1312     6.5627      1.144    32.0624    24.2841 -9.990e-29
 245.475428      1.154  37.091219    12.1353     6.5680      1.144    32.0598    24.2813 -9.990e-29
 245.475434      1.157  37.091623    12.1379     6.5662      1.147    32.0579    24.2794 -9.990e-29
 245.475440      1.163  37.092545    12.1378     6.5590      1.153    32.0589    24.2801 -9.990e-29
 245.475446      1.168  37.094053    12.1344     6.5657      1.158    32.0633    24.2841 -9.990e-29
 245.475451      1.168  37.094193    12.1281     6.5696      1.158    32.0688    24.2896 -9.990e-29
 245.475457      1.167  37.093671    12.1236     6.5590      1.157    32.0722    24.2931 -9.990e-29
 245.475463      1.174  37.092308    12.1250     6.5712      1.164    32.0696    24.2909 -9.990e-29
 245.475469      1.189  37.089921    12.1295     6.5768      1.179    32.0635    24.2852 -9.990e-29
 245.475475      1.205  37.085524    12.1319     6.5820      1.195    32.0572    24.2799 -9.990e-29
 245.475480      1.218  37.076012    12.1317     6.5937      1.208    32.0482    24.2730 -9.990e-29
 245.475486      1.230  37.070499    12.1313     6.6010      1.220    32.0432    24.2692 -9.990e-29
 245.475492      1.245  37.075593    12.1316     6.6121      1.235    32.0479    24.2727 -9.990e-29
 245.475498      1.268  37.084604    12.1326     6.6257      1.257    32.0557    24.2786 -9.990e-29
 245.475503      1.297  37.092702    12.1355     6.6289      1.286    32.0610    24.2822 -9.990e-29
 245.475509      1.329  37.096645    12.1420     6.6180      1.318    32.0592    24.2796 -9.990e-29
 245.475515      1.370  37.098847    12.1540     6.6051      1.359    32.0510    24.2710 -9.990e-29
 245.475521      1.428  37.105001    12.1691     6.6071      1.416    32.0439    24.2627 -9.990e-29
 245.475527      1.502  37.112632    12.1808     6.5807      1.489    32.0412    24.2584 -9.990e-29
 245.475532      1.592  37.116193    12.1871     6.5295      1.579    32.0392    24.2556 -9.990e-29
 245.475538      1.704  37.116471    12.1874     6.4804      1.690    32.0391    24.2555 -9.990e-29
 245.475544      1.841  37.113238    12.1749     6.4110      1.826    32.0467    24.2637 0.0000e+00
 245.475550      2.003  37.098222    12.1502     6.3565      1.986    32.0534    24.2735 0.0000e+00
 245.475556      2.187  37.074318    12.1210     6.3370      2.169    32.0554    24.2805 0.0000e+00
 245.475561      2.388  37.051606    12.0774     6.3159      2.368    32.0709    24.3007 0.0000e+00
 245.475567      2.606  37.018796    12.0068     6.2926      2.584    32.0998    24.3363 0.0000e+00
 245.475573      2.842  36.969051    11.9228     6.2599      2.818    32.1241    24.3707 0.0000e+00
 245.475579      3.093  36.919991    11.8463     6.1934      3.067    32.1426    24.3991 0.0000e+00
 245.475584      3.359  36.881184    11.7814     6.0849      3.331    32.1610    24.4253 0.0000e+00
 245.475590      3.640  36.846745    11.7186     5.9843      3.610    32.1818    24.4530 0.0000e+00
 245.475596      3.935  36.808217    11.6516     5.8519      3.902    32.2023    24.4812 0.0000e+00
 245.475602      4.243  36.762894    11.5857     5.7502      4.208    32.2153    24.5033 0.0000e+00
 245.475608      4.553  36.714689    11.5185     5.7039      4.515    32.2267    24.5243 0.0000e+00
 245.475613      4.859  36.654150    11.4249     5.6483      4.818    32.2490    24.5585 0.0000e+00
 245.475619      5.163  36.559859    11.2907     5.6183      5.120    32.2737    24.6018 0.0000e+00
 245.475625      5.468  36.443790    11.1435     5.5895      5.422    32.2884    24.6395 0.0000e+00
 245.475631      5.775  36.342070    11.0235     5.5491      5.727    32.2934    24.6645 0.0000e+00
 245.475637      6.079  36.267386    10.9489     5.5294      6.028    32.2850    24.6711 0.0000e+00
 245.475642      6.373  36.221438    10.9130     5.5187      6.320    32.2710    24.6665 0.0000e+00
 245.475648      6.663  36.202248    10.8886     5.4777      6.607    32.2734    24.6726 0.0000e+00
 245.475654      6.955  36.186416    10.8404     5.4902      6.897    32.3000    24.7018 0.0000e+00
 245.475660      7.250  36.143828    10.7540     5.4896      7.189    32.3339    24.7431 0.0000e+00
 245.475666      7.549  36.075329    10.6558     5.4755      7.486    32.3525    24.7746 0.0000e+00
 245.475671      7.855  36.009922    10.5820     5.4748      7.789    32.3525    24.7873 0.0000e+00
 245.475677      8.170  35.967280    10.5375     5.4399      8.102    32.3493    24.7924 0.0000e+00
 245.475683      8.492  35.944238    10.5035     5.4266      8.421    32.3563    24.8037 0.0000e+00
 245.475689      8.816  35.927375    10.4674     5.4012      8.742    32.3714    24.8216 0.0000e+00
 245.475694      9.142  35.907595    10.4302     5.3501      9.066    32.3845    24.8382 0.0000e+00
 245.475700      9.468  35.885354    10.3979     5.3288      9.389    32.3908    24.8486 0.0000e+00
 245.475706      9.790  35.864542    10.3694     5.2930      9.708    32.3952    24.8569 0.0000e+00
 245.475712     10.107  35.843677    10.3346     5.2858     10.022    32.4052    24.8705 0.0000e+00
 245.475718     10.421  35.815605    10.2866     5.2848     10.334    32.4196    24.8899 0.0000e+00
 245.475723     10.736  35.777565    10.2324     5.2500     10.646    32.4297    24.9069 0.0000e+00
 245.475729     11.050  35.740378    10.1897     5.2576     10.957    32.4302    24.9145 0.0000e+00
 245.475735     11.358  35.715442    10.1668     5.2429     11.263    32.4254    24.9146 0.0000e+00
 245.475741     11.662  35.701928    10.1486     5.2178     11.564    32.4280    24.9196 0.0000e+00
 245.475747     11.977  35.691284    10.1210     5.2124     11.877    32.4418    24.9350 0.0000e+00
 245.475752     12.314  35.678235    10.0903     5.1792     12.211    32.4560    24.9512 0.0000e+00
 245.475758     12.669  35.664375    10.0627     5.1761     12.563    32.4666    24.9641 0.0000e+00
 245.475764     13.030  35.650772    10.0350     5.1569     12.921    32.4776    24.9773 0.0000e+00
 245.475770     13.391  35.633237    10.0061     5.1500     13.279    32.4856    24.9884 0.0000e+00
 245.475775     13.753  35.608497     9.9815     5.1367     13.638    32.4825    24.9900 0.0000e+00
 245.475781     14.108  35.582153     9.9604     5.1134     13.990    32.4746    24.9874 0.0000e+00
 245.475787     14.446  35.561020     9.9358     5.1199     14.325    32.4752    24.9919 0.0000e+00
 245.475793     14.775  35.544870     9.9091     5.1063     14.651    32.4826    25.0021 0.0000e+00
 245.475799     15.098  35.531721     9.8878     5.1156     14.971    32.4883    25.0101 0.0000e+00
 245.475804     15.411  35.521351     9.8730     5.1237     15.282    32.4910    25.0146 0.0000e+00
 245.475810     15.724  35.512764     9.8622     5.1226     15.592    32.4919    25.0170 0.0000e+00
 245.475816     16.041  35.505661     9.8547     5.1357     15.907    32.4913    25.0178 0.0000e+00
 245.475822     16.352  35.500608     9.8508     5.1132     16.215    32.4895    25.0171 0.0000e+00
 245.475828     16.655  35.496980     9.8497     5.1101     16.515    32.4867    25.0151 0.0000e+00
 245.475833     16.948  35.494374     9.8496     5.0942     16.806    32.4840    25.0130 0.0000e+00
 245.475839     17.232  35.492633     9.8485     5.0954     17.087    32.4831    25.0125 0.0000e+00
 245.475845     17.517  35.491073     9.8449     5.0917     17.370    32.4846    25.0143 0.0000e+00
 245.475851     17.808  35.488692     9.8377     5.0734     17.659    32.4885    25.0185 0.0000e+00
 245.475856     18.111  35.484514     9.8258     5.0763     17.959    32.4949    25.0254 0.0000e+00
 245.475862     18.437  35.476844     9.8094     5.0389     18.282    32.5017    25.0335 0.0000e+00
 245.475868     18.788  35.465491     9.7919     5.0216     18.630    32.5058    25.0395 0.0000e+00
 245.475874     19.158  35.454311     9.7771     4.9831     18.997    32.5076    25.0434 0.0000e+00
 245.475880     19.536  35.445708     9.7640     4.9687     19.372    32.5105    25.0478 0.0000e+00
 245.475885     19.911  35.438242     9.7482     4.9598     19.744    32.5170    25.0554 0.0000e+00
 245.475891     20.277  35.429191     9.7273     4.9538     20.107    32.5265    25.0663 0.0000e+00
 245.475897     20.632  35.414840     9.7019     4.9650     20.459    32.5347    25.0768 0.0000e+00
 245.475903     20.968  35.392246     9.6744     4.9000     20.792    32.5364    25.0826 0.0000e+00
 245.475909     21.277  35.364831     9.6528     4.8314     21.098    32.5278    25.0794 0.0000e+00
 245.475914     21.562  35.346381     9.6422     4.7214     21.381    32.5184    25.0738 0.0000e+00
 245.475920     21.831  35.341926     9.6248     4.6330     21.648    32.5295    25.0853 0.0000e+00
 245.475926     22.098  35.328683     9.5736     4.5418     21.912    32.5622    25.1191 0.0000e+00
 245.475932     22.380  35.285595     9.4848     4.4729     22.192    32.5986    25.1619 0.0000e+00
 245.475937     22.681  35.217318     9.3593     4.4479     22.490    32.6426    25.2164 0.0000e+00
 245.475943     22.996  35.120106     9.1874     4.4361     22.803    32.6994    25.2880 0.0000e+00
 245.475949     23.322  34.986895     9.0007     4.4440     23.126    32.7327    25.3433 0.0000e+00
 245.475955     23.654  34.858354     8.8596     4.4395     23.455    32.7288    25.3622 0.0000e+00
 245.475961     23.981  34.778002     8.7812     4.4300     23.779    32.7171    25.3651 0.0000e+00
 245.475966     24.292  34.736597     8.7379     4.4158     24.088    32.7137    25.3690 0.0000e+00
 245.475972     24.585  34.709660     8.6978     4.4085     24.378    32.7224    25.3820 0.0000e+00
 245.475978     24.867  34.684737     8.6487     4.3694     24.658    32.7416    25.4046 0.0000e+00
 245.475984     25.143  34.658785     8.5947     4.3359     24.932    32.7643    25.4305 0.0000e+00
 245.475990     25.416  34.636341     8.5417     4.3053     25.202    32.7898    25.4585 0.0000e+00
 245.475995     25.697  34.617102     8.4852     4.2881     25.481    32.8220    25.4923 0.0000e+00
 245.476001     25.990  34.596641     8.4204     4.2761     25.771    32.8607    25.5323 0.0000e+00
 245.476007     26.292  34.579538     8.3610     4.2685     26.071    32.8980    25.5705 0.0000e+00
 245.476013     26.593  34.570371     8.3249     4.2431     26.369    32.9219    25.5946 0.0000e+00
 245.476019     26.881  34.569740     8.3125     4.1893     26.655    32.9327    25.6050 0.0000e+00
 245.476024     27.159  34.573951     8.3053     4.1498     26.931    32.9438    25.6147 0.0000e+00
 245.476030     27.438  34.572338     8.2878     4.0792     27.207    32.9584    25.6287 0.0000e+00
 245.476036     27.733  34.564391     8.2609     4.0561     27.500    32.9751    25.6458 0.0000e+00
 245.476042     28.049  34.557946     8.2280     4.0301     27.813    32.9990    25.6695 0.0000e+00
 245.476047     28.386  34.553326     8.1885     4.0271     28.147    33.0311    25.7005 0.0000e+00
 245.476053     28.738  34.546564     8.1463     4.0183     28.496    33.0635    25.7322 0.0000e+00
 245.476059     29.099  34.535873     8.1084     3.9972     28.854    33.0877    25.7568 0.0000e+00
 245.476065     29.452  34.523746     8.0783     3.9822     29.204    33.1031    25.7732 0.0000e+00
 245.476071     29.791  34.514116     8.0545     3.9678     29.540    33.1152    25.7862 0.0000e+00
 245.476076     30.119  34.507533     8.0371     3.9441     29.865    33.1245    25.7961 0.0000e+00
 245.476082     30.436  34.503011     8.0272     3.9067     30.180    33.1289    25.8010 0.0000e+00
 245.476088     30.741  34.500076     8.0206     3.8656     30.482    33.1319    25.8043 0.0000e+00
 245.476094     31.040  34.498320     8.0096     3.8046     30.779    33.1403    25.8125 0.0000e+00
 245.476100     31.343  34.497057     7.9899     3.7505     31.079    33.1574    25.8289 0.0000e+00
 245.476105     31.654  34.495325     7.9633     3.6966     31.387    33.1807    25.8510 0.0000e+00
 245.476111     31.965  34.491341     7.9310     3.6783     31.696    33.2069    25.8763 0.0000e+00
 245.476117     32.276  34.484430     7.8891     3.6579     32.004    33.2393    25.9078 0.0000e+00
 245.476123     32.588  34.475431     7.8383     3.6510     32.313    33.2779    25.9455 0.0000e+00
 245.476128     32.905  34.466317     7.7918     3.6319     32.628    33.3123    25.9792 0.0000e+00
 245.476134     33.229  34.460586     7.7616     3.6094     32.949    33.3349    26.0013 0.0000e+00
 245.476140     33.561  34.457843     7.7437     3.5762     33.278    33.3489    26.0149 0.0000e+00
 245.476146     33.894  34.454966     7.7266     3.5580     33.608    33.3621    26.0277 0.0000e+00
 245.476152     34.230  34.450892     7.7032     3.5408     33.942    33.3800    26.0451 0.0000e+00
 245.476157     34.567  34.446327     7.6758     3.5512     34.276    33.4012    26.0657 0.0000e+00
 245.476163     34.898  34.441882     7.6520     3.5527     34.604    33.4191    26.0832 0.0000e+00
 245.476169     35.213  34.438324     7.6396     3.5551     34.916    33.4270    26.0912 0.0000e+00
 245.476175     35.510  34.439278     7.6382     3.5498     35.211    33.4292    26.0932 0.0000e+00
 245.476181     35.797  34.444315     7.6382     3.5399     35.495    33.4345    26.0973 0.0000e+00
 245.476186     36.087  34.445575     7.6316     3.5386     35.783    33.4421    26.1042 0.0000e+00
 245.476192     36.394  34.440241     7.6196     3.5186     36.087    33.4478    26.1104 0.0000e+00
 245.476198     36.720  34.433502     7.6085     3.4989     36.410    33.4510    26.1145 0.0000e+00
 245.476204     37.061  34.429227     7.6004     3.4731     36.748    33.4540    26.1180 0.0000e+00
 245.476209     37.417  34.427292     7.5934     3.4704     37.101    33.4585    26.1226 0.0000e+00
 245.476215     37.788  34.426215     7.5855     3.4589     37.469    33.4648    26.1286 0.0000e+00
 245.476221     38.169  34.425098     7.5759     3.4721     37.847    33.4726    26.1362 0.0000e+00
 245.476227     38.550  34.424112     7.5674     3.4577     38.225    33.4796    26.1428 0.0000e+00
 245.476233     38.924  34.423598     7.5620     3.4591     38.596    33.4841    26.1471 0.0000e+00
 245.476238     39.294  34.423409     7.5583     3.4313     38.962    33.4872    26.1502 0.0000e+00
 245.476244     39.663  34.423273     7.5546     3.4241     39.328    33.4905    26.1532 0.0000e+00
 245.476250     40.027  34.422989     7.5510     3.4168     39.689    33.4935    26.1561 0.0000e+00
 245.476256     40.385  34.422717     7.5486     3.4285     40.044    33.4953    26.1579 0.0000e+00
 245.476262     40.734  34.422634     7.5475     3.4195     40.390    33.4961    26.1587 0.0000e+00
 245.476267     41.069  34.422609     7.5467     3.4122     40.722    33.4967    26.1593 0.0000e+00
 245.476273     41.382  34.422586     7.5456     3.4163     41.033    33.4976    26.1601 0.0000e+00
 245.476279     41.664  34.422516     7.5451     3.4243     41.312    33.4979    26.1604 0.0000e+00
 245.476285     41.906  34.422845     7.5457     3.4396     41.552    33.4975    26.1601 0.0000e+00
 245.476291     42.098  34.423992     7.5477     3.4456     41.742    33.4968    26.1592 0.0000e+00
