data/oxygen options/OCNMS/OCNMS1/raw_data/2011/CAST_KL027_100611faed.cnv
* Sea-Bird SBE19 Data File:
* FileName = C:\Documents and Settings\OCNMS\Desktop\2011 mooring data\4th service\CAST_KL027_100611.hex
* Software Version 1.24
* Temperature SN = 2997
* Conductivity SN = 2997
* System UpLoad Time = Oct 06 2011 18:32:32
** CAST_KL027_100611
* SEACAT PROFILER V3.1c SN 2997   10/06/11  18:32:06.786
# nquan = 9                                 
# nvalues = 936                         
# units = specified
# name 0 = timeJ: Julian Days
# name 1 = prSM: Pressure, Strain Gauge [db]
# name 2 = c0mS/cm: Conductivity [mS/cm]
# name 3 = t090C: Temperature [ITS-90, deg C]
# name 4 = sbeox0ML/L: Oxygen, SBE 43 [ml/l]
# name 5 = depSM: Depth [salt water, m], lat = 47.5
# name 6 = sal00: Salinity, Practical [PSU]
# name 7 = sigma-é00: Density [sigma-theta, kg/m^3]
# name 8 = flag: flag
# span 0 = 279.645613, 279.651024       
# span 1 =     -5.701,     27.266       
# span 2 =   0.133645,  37.989552       
# span 3 =    12.7051,    14.1924       
# span 4 =    -2.0987,    14.7966       
# span 5 =     -5.653,     27.037       
# span 6 =     0.0836,    31.2955       
# span 7 =    -0.5471,    23.3167       
# span 8 = 0.0000e+00, 0.0000e+00       
# interval = seconds: 0.5
# start_time = Oct 06 2011 15:29:41 [Instrument's time stamp, header]
# bad_flag = -9.990e-29
*END*
[from data line 481]
 279.648397      0.632  36.716623    14.1808    -1.6903      0.627    30.0386    22.3200 -9.990e-29
 279.648403      0.636  36.712245    14.1814    -1.6899      0.631    30.0341    22.3164 -9.990e-29
 279.648409      0.644  36.743111    14.1824    -1.6904      0.639    30.0614    22.3372 -9.990e-29
 279.648414      0.652  36.801080    14.1834    -1.6901      0.647    30.1133    22.3771 -9.990e-29
 279.648420      0.657  36.829209    14.1839    -1.6905      0.652    30.1385    22.3964 -9.990e-29
 279.648426      0.659  36.825799    14.1836    -1.6903      0.653    30.1356    22.3942 -9.990e-29
 279.648432      0.658  36.818411    14.1829    -1.6909      0.653    30.1295    22.3896 -9.990e-29
 279.648438      0.653  36.806152    14.1826    -1.6910      0.648    30.1186    22.3812 -9.990e-29
 279.648443      0.645  36.776221    14.1829    -1.6914      0.640    30.0911    22.3600 -9.990e-29
 279.648449      0.638  36.762080    14.1838    -1.6913      0.633    30.0776    22.3494 -9.990e-29
 279.648455      0.634  36.792479    14.1844    -1.6912      0.629    30.1047    22.3702 -9.990e-29
 279.648461      0.631  36.831227    14.1844    -1.6907      0.626    30.1400    22.3974 -9.990e-29
 279.648466      0.622  36.847658    14.1843    -1.6918      0.617    30.1550    22.4090 -9.990e-29
 279.648472      0.613  36.847442    14.1849    -1.6910      0.608    30.1543    22.4084 -9.990e-29
 279.648478      0.610  36.840375    14.1864    -1.6908      0.605    30.1467    22.4022 -9.990e-29
 279.648484      0.618  36.827676    14.1879    -1.6908      0.613    30.1340    22.3921 -9.990e-29
 279.648490      0.633  36.808098    14.1887    -1.6919      0.628    30.1156    22.3777 -9.990e-29
 279.648495      0.648  36.782419    14.1885    -1.6913      0.643    30.0924    22.3599 -9.990e-29
 279.648501      0.659  36.756727    14.1879    -1.6904      0.653    30.0695    22.3424 -9.990e-29
 279.648507      0.667  36.739332    14.1874    -1.6903      0.661    30.0541    22.3306 -9.990e-29
 279.648513      0.672  36.735607    14.1869    -1.6903      0.666    30.0511    22.3284 -9.990e-29
 279.648519      0.676  36.743947    14.1866    -1.6904      0.670    30.0589    22.3344 -9.990e-29
 279.648524      0.677  36.746349    14.1864    -1.6903      0.671    30.0612    22.3363 -9.990e-29
 279.648530      0.676  36.740979    14.1859    -1.6903      0.670    30.0567    22.3329 -9.990e-29
 279.648536      0.673  36.749800    14.1851    -1.6900      0.667    30.0654    22.3397 -9.990e-29
 279.648542      0.669  36.763295    14.1846    -1.6900      0.663    30.0780    22.3496 -9.990e-29
 279.648547      0.661  36.755212    14.1847    10.8287      0.655    30.0706    22.3439 -9.990e-29
 279.648553      0.655  36.740539    14.1853    14.4444      0.650    30.0568    22.3331 -9.990e-29
 279.648559      0.659  36.756839    14.1859    14.7966      0.653    30.0712    22.3440 -9.990e-29
 279.648565      0.673  36.795605    14.1858    12.0577      0.667    30.1065    22.3713 -9.990e-29
 279.648571      0.684  36.822839    14.1856     6.1391      0.678    30.1314    22.3905 -9.990e-29
 279.648576      0.685  36.832851    14.1857     6.1405      0.679    30.1404    22.3975 -9.990e-29
 279.648582      0.681  36.836188    14.1859     6.2409      0.675    30.1433    22.3996 -9.990e-29
 279.648588      0.675  36.841223    14.1861     6.2716      0.669    30.1477    22.4030 -9.990e-29
 279.648594      0.671  36.849631    14.1865     6.2374      0.665    30.1550    22.4086 -9.990e-29
 279.648600      0.673  36.860864    14.1867     6.1728      0.667    30.1651    22.4163 -9.990e-29
 279.648605      0.678  36.875899    14.1866     6.1212      0.672    30.1789    22.4269 -9.990e-29
 279.648611      0.680  36.891822    14.1865     6.0818      0.674    30.1934    22.4382 -9.990e-29
 279.648617      0.681  36.901861    14.1866     6.0623      0.675    30.2025    22.4451 -9.990e-29
 279.648623      0.681  36.905402    14.1867     6.0519      0.675    30.2056    22.4475 -9.990e-29
 279.648628      0.678  36.904928    14.1868     6.0318      0.672    30.2051    22.4471 -9.990e-29
 279.648634      0.674  36.904290    14.1869     6.0118      0.668    30.2044    22.4466 -9.990e-29
 279.648640      0.668  36.906000    14.1871     6.0068      0.662    30.2058    22.4476 -9.990e-29
 279.648646      0.663  36.908980    14.1871     5.9977      0.657    30.2086    22.4497 -9.990e-29
 279.648652      0.665  36.912722    14.1870     5.9910      0.659    30.2120    22.4524 -9.990e-29
 279.648657      0.667  36.914939    14.1868     5.9716      0.661    30.2142    22.4541 -9.990e-29
 279.648663      0.668  36.914106    14.1867     5.9573      0.662    30.2135    22.4536 -9.990e-29
 279.648669      0.666  36.911915    14.1866     5.9585      0.660    30.2116    22.4522 -9.990e-29
 279.648675      0.661  36.911605    14.1866     5.9662      0.655    30.2113    22.4520 -9.990e-29
 279.648681      0.654  36.913885    14.1867     5.9717      0.649    30.2133    22.4535 -9.990e-29
 279.648686      0.647  36.916196    14.1867     5.9701      0.642    30.2154    22.4551 -9.990e-29
 279.648692      0.645  36.917702    14.1868     5.9490      0.640    30.2167    22.4561 -9.990e-29
 279.648698      0.648  36.916492    14.1868     5.9417      0.643    30.2156    22.4552 -9.990e-29
 279.648704      0.655  36.908157    14.1867     5.9498      0.650    30.2081    22.4495 -9.990e-29
 279.648709      0.663  36.901745    14.1866     5.9708      0.657    30.2024    22.4450 -9.990e-29
 279.648715      0.669  36.909433    14.1865     5.9885      0.663    30.2094    22.4505 -9.990e-29
 279.648721      0.672  36.921309    14.1870     5.9809      0.666    30.2198    22.4584 -9.990e-29
 279.648727      0.677  36.928006    14.1877     5.9640      0.671    30.2254    22.4626 -9.990e-29
 279.648733      0.689  36.932296    14.1880     5.9607      0.683    30.2290    22.4653 -9.990e-29
 279.648738      0.704  36.934299    14.1881     5.9684      0.698    30.2308    22.4666 -9.990e-29
 279.648744      0.719  36.934448    14.1888     5.9758      0.713    30.2304    22.4662 -9.990e-29
 279.648750      0.735  36.935183    14.1897     5.9624      0.729    30.2303    22.4660 -9.990e-29
 279.648756      0.748  36.936366    14.1901     5.9457      0.742    30.2311    22.4665 -9.990e-29
 279.648762      0.751  36.933974    14.1899     5.9550      0.745    30.2291    22.4650 -9.990e-29
 279.648767      0.739  36.928180    14.1894     5.9625      0.733    30.2242    22.4613 -9.990e-29
 279.648773      0.717  36.926383    14.1890     5.9639      0.711    30.2229    22.4604 -9.990e-29
 279.648779      0.695  36.930109    14.1889     5.9619      0.689    30.2264    22.4631 -9.990e-29
 279.648785      0.685  36.933689    14.1889     5.9546      0.679    30.2296    22.4656 -9.990e-29
 279.648791      0.687  36.935176    14.1889     5.9565      0.681    30.2310    22.4666 -9.990e-29
 279.648796      0.692  36.934875    14.1887     5.9677      0.686    30.2308    22.4666 -9.990e-29
 279.648802      0.696  36.933506    14.1885     5.9847      0.690    30.2298    22.4658 -9.990e-29
 279.648808      0.699  36.933725    14.1886     5.9885      0.693    30.2299    22.4658 -9.990e-29
 279.648814      0.701  36.935827    14.1889     5.9714      0.695    30.2316    22.4671 -9.990e-29
 279.648819      0.703  36.938133    14.1895     5.9678      0.697    30.2332    22.4682 -9.990e-29
 279.648825      0.705  36.939800    14.1903     5.9622      0.699    30.2341    22.4687 -9.990e-29
 279.648831      0.707  36.940814    14.1908     5.9508      0.701    30.2346    22.4690 -9.990e-29
 279.648837      0.709  36.941969    14.1907     5.9605      0.703    30.2357    22.4699 -9.990e-29
 279.648843      0.711  36.943126    14.1904     5.9735      0.705    30.2370    22.4710 -9.990e-29
 279.648848      0.713  36.943590    14.1903     5.9735      0.707    30.2375    22.4714 -9.990e-29
 279.648854      0.716  36.943419    14.1901     5.9918      0.710    30.2375    22.4714 -9.990e-29
 279.648860      0.719  36.942947    14.1900     5.9882      0.713    30.2372    22.4712 -9.990e-29
 279.648866      0.723  36.942667    14.1904     5.9600      0.717    30.2366    22.4707 -9.990e-29
 279.648872      0.728  36.942770    14.1909     5.9622      0.722    30.2363    22.4703 -9.990e-29
 279.648877      0.734  36.943392    14.1912     5.9646      0.728    30.2366    22.4705 -9.990e-29
 279.648883      0.742  36.944247    14.1914     5.9643      0.736    30.2372    22.4709 -9.990e-29
 279.648889      0.752  36.944794    14.1919     5.9642      0.746    30.2373    22.4709 -9.990e-29
 279.648895      0.761  36.944644    14.1924     5.9503      0.755    30.2368    22.4704 -9.990e-29
 279.648900      0.760  36.943600    14.1924     5.9302      0.754    30.2359    22.4697 -9.990e-29
 279.648906      0.745  36.942510    14.1920     5.9321      0.739    30.2352    22.4692 -9.990e-29
 279.648912      0.725  36.942163    14.1915     5.9375      0.719    30.2353    22.4694 -9.990e-29
 279.648918      0.713  36.942659    14.1913     5.9450      0.707    30.2359    22.4699 -9.990e-29
 279.648924      0.720  36.943543    14.1913     5.9448      0.714    30.2367    22.4705 -9.990e-29
 279.648929      0.740  36.943756    14.1910     5.9282      0.734    30.2371    22.4709 -9.990e-29
 279.648935      0.762  36.943023    14.1909     5.9319      0.756    30.2365    22.4705 -9.990e-29
 279.648941      0.775  36.942048    14.1913     5.9207      0.769    30.2353    22.4695 -9.990e-29
 279.648947      0.775  36.940091    14.1917     5.9394      0.769    30.2332    22.4678 -9.990e-29
 279.648953      0.766  36.933986    14.1919     5.9490      0.760    30.2275    22.4633 -9.990e-29
 279.648958      0.757  36.929595    14.1920     5.9488      0.751    30.2234    22.4602 -9.990e-29
 279.648964      0.751  36.934508    14.1922     5.9526      0.745    30.2277    22.4635 -9.990e-29
 279.648970      0.747  36.940717    14.1922     5.9374      0.741    30.2334    22.4678 -9.990e-29
 279.648976      0.747  36.942500    14.1917     5.9353      0.741    30.2354    22.4695 -9.990e-29
 279.648981      0.748  36.942796    14.1910     5.9350      0.742    30.2362    22.4703 -9.990e-29
 279.648987      0.753  36.942561    14.1905     5.9523      0.747    30.2364    22.4705 -9.990e-29
 279.648993      0.760  36.942043    14.1901     5.9523      0.754    30.2362    22.4704 -9.990e-29
 279.648999      0.771  36.941675    14.1896     5.9655      0.765    30.2363    22.4706 -9.990e-29
 279.649005      0.785  36.941527    14.1893     5.9507      0.778    30.2364    22.4707 -9.990e-29
 279.649010      0.801  36.941404    14.1893     5.9486      0.794    30.2363    22.4706 -9.990e-29
 279.649016      0.809  36.941142    14.1896     5.9427      0.802    30.2358    22.4702 -9.990e-29
 279.649022      0.807  36.940953    14.1901     5.9373      0.800    30.2352    22.4697 -9.990e-29
 279.649028      0.798  36.941147    14.1910     5.9281      0.791    30.2347    22.4691 -9.990e-29
 279.649034      0.791  36.941986    14.1916     5.9226      0.784    30.2350    22.4692 -9.990e-29
 279.649039      0.794  36.942909    14.1912     5.9341      0.787    30.2362    22.4702 -9.990e-29
 279.649045      0.811  36.942909    14.1903     5.9475      0.804    30.2369    22.4709 -9.990e-29
 279.649051      0.838  36.942550    14.1899     5.9642      0.831    30.2368    22.4709 -9.990e-29
 279.649057      0.874  36.942473    14.1901     5.9641      0.867    30.2366    22.4707 -9.990e-29
 279.649063      0.916  36.942578    14.1908     5.9587      0.908    30.2361    22.4702 -9.990e-29
 279.649068      0.962  36.943004    14.1914     5.9610      0.954    30.2360    22.4700 -9.990e-29
 279.649074      1.021  36.943762    14.1913     5.9670      1.012    30.2368    22.4706 -9.990e-29
 279.649080      1.100  36.944185    14.1908     5.9693      1.091    30.2375    22.4713 -9.990e-29
 279.649086      1.199  36.943720    14.1902     5.9452      1.189    30.2375    22.4714 -9.990e-29
 279.649091      1.316  36.942869    14.1896     5.9190      1.305    30.2372    22.4713 -9.990e-29
 279.649097      1.451  36.942177    14.1891     5.8966      1.439    30.2369    22.4712 0.0000e+00
 279.649103      1.599  36.941842    14.1892     5.9061      1.586    30.2365    22.4708 0.0000e+00
 279.649109      1.756  36.941980    14.1897     5.9228      1.741    30.2361    22.4705 0.0000e+00
 279.649115      1.929  36.942213    14.1900     5.9413      1.913    30.2360    22.4704 0.0000e+00
 279.649120      2.124  36.942294    14.1897     5.9415      2.106    30.2363    22.4706 0.0000e+00
 279.649126      2.340  36.942333    14.1891     5.9359      2.320    30.2367    22.4711 0.0000e+00
 279.649132      2.574  36.942383    14.1886     5.9265      2.553    30.2371    22.4714 0.0000e+00
 279.649138      2.819  36.942513    14.1882     5.9383      2.795    30.2374    22.4718 0.0000e+00
 279.649144      3.062  36.942895    14.1881     5.9462      3.036    30.2377    22.4721 0.0000e+00
 279.649149      3.292  36.944037    14.1883     5.9484      3.264    30.2385    22.4727 0.0000e+00
 279.649155      3.510  36.945784    14.1885     5.9708      3.481    30.2399    22.4737 0.0000e+00
 279.649161      3.722  36.947106    14.1888     5.9386      3.691    30.2408    22.4743 0.0000e+00
 279.649167      3.934  36.947525    14.1887     5.9315      3.901    30.2412    22.4746 0.0000e+00
 279.649172      4.149  36.947602    14.1884     5.9107      4.114    30.2414    22.4749 0.0000e+00
 279.649178      4.377  36.948003    14.1885     5.9033      4.340    30.2416    22.4750 0.0000e+00
 279.649184      4.628  36.949261    14.1883     5.9415      4.589    30.2428    22.4760 0.0000e+00
 279.649190      4.902  36.953058    14.1878     5.9286      4.861    30.2465    22.4790 0.0000e+00
 279.649196      5.180  36.959415    14.1873     5.9380      5.137    30.2526    22.4838 0.0000e+00
 279.649201      5.439  36.964487    14.1871     5.9117      5.394    30.2573    22.4874 0.0000e+00
 279.649207      5.665  36.964954    14.1873     5.8935      5.618    30.2575    22.4875 0.0000e+00
 279.649213      5.867  36.961999    14.1876     5.8927      5.818    30.2545    22.4852 0.0000e+00
 279.649219      6.072  36.958963    14.1877     5.8780      6.021    30.2516    22.4829 0.0000e+00
 279.649225      6.300  36.957962    14.1874     5.8875      6.247    30.2508    22.4824 0.0000e+00
 279.649230      6.559  36.960467    14.1861     5.8781      6.504    30.2540    22.4851 0.0000e+00
 279.649236      6.838  36.967577    14.1841     5.8822      6.781    30.2619    22.4917 0.0000e+00
 279.649242      7.117  36.976452    14.1826     5.8982      7.057    30.2711    22.4990 0.0000e+00
 279.649248      7.375  36.981562    14.1819     5.8811      7.313    30.2762    22.5031 0.0000e+00
 279.649253      7.608  36.981878    14.1818     5.8759      7.544    30.2765    22.5033 0.0000e+00
 279.649259      7.829  36.980063    14.1818     5.8571      7.764    30.2747    22.5020 0.0000e+00
 279.649265      8.053  36.978177    14.1815     5.8331      7.986    30.2732    22.5009 0.0000e+00
 279.649271      8.286  36.978750    14.1804     5.8335      8.217    30.2745    22.5021 0.0000e+00
 279.649277      8.533  36.982546    14.1786     5.8247      8.462    30.2793    22.5062 0.0000e+00
 279.649282      8.798  36.986788    14.1761     5.8262      8.724    30.2850    22.5111 0.0000e+00
 279.649288      9.081  36.990974    14.1724     5.8148      9.005    30.2916    22.5169 0.0000e+00
 279.649294      9.377  36.996203    14.1684     5.8090      9.299    30.2994    22.5238 0.0000e+00
 279.649300      9.676  37.001046    14.1655     5.8014      9.595    30.3059    22.5294 0.0000e+00
 279.649306      9.971  37.004120    14.1636     5.7996      9.888    30.3101    22.5331 0.0000e+00
 279.649311     10.264  37.006160    14.1617     5.8029     10.178    30.3134    22.5360 0.0000e+00
