data/oxygen options/ONMS/Olympic_Coast_National_Marine_Sanctuary_CTD_Data_2005_2023/raw_data/2009/CTD_KL015_081209faed.cnv
* Sea-Bird SBE19 Data File:
* FileName = C:\2009_MOORING_DATA\081109_DATA\CTD_KL015_081209.hex
* Software Version 1.24
* Temperature SN = 2997
* Conductivity SN = 2997
* System UpLoad Time = Aug 12 2009 13:13:13
* SEACAT PROFILER V3.1c SN 2997   08/12/09  13:12:31.875
* strain gauge pressure sensor: S/N = 184829,  range = 3000 psia,  tc = 40
# nquan = 9                                 
# nvalues = 1397                        
# units = specified
# name 0 = timeJ: Julian Days
# name 1 = prSM: Pressure, Strain Gauge [db]
# name 2 = c0mS/cm: Conductivity [mS/cm]
# name 3 = t090C: Temperature [ITS-90, deg C]
# name 4 = sbeox0ML/L: Oxygen, SBE 43 [ml/l]
# name 5 = depSM: Depth [salt water, m], lat = 47.5
# name 6 = sal00: Salinity, Practical [PSU]
# name 7 = sigma-é00: Density [sigma-theta, kg/m^3]
# name 8 = flag: flag
# span 0 = 224.518623, 224.526701       
# span 1 =     -5.765,     15.158       
# span 2 =   0.135410,  40.733823       
# span 3 =    13.9310,    15.6443       
# span 4 =    -1.6407,    18.1711       
# span 5 =     -5.717,     15.031       
# span 6 =     0.0815,    32.8174       
# span 7 =    -0.8158,    24.5016       
# span 8 = 0.0000e+00, 0.0000e+00       
# interval = seconds: 0.5
# start_time = Aug 12 2009 12:26:49 [Instrument's time stamp, header]
# bad_flag = -9.990e-29
*END*
[from data line 1281]
 224.526036      8.283  40.114998    14.8131     7.3508      8.214    32.6099    24.1703 -9.990e-29
 224.526042      8.309  40.112345    14.8117     7.3496      8.239    32.6087    24.1696 -9.990e-29
 224.526047      8.343  40.104027    14.8110     7.3595      8.273    32.6017    24.1644 -9.990e-29
 224.526053      8.375  40.099699    14.8108     7.3678      8.305    32.5979    24.1615 -9.990e-29
 224.526059      8.404  40.101998    14.8100     7.3814      8.334    32.6007    24.1638 -9.990e-29
 224.526065      8.426  40.105015    14.8077     7.4009      8.356    32.6053    24.1679 -9.990e-29
 224.526071      8.438  40.100997    14.8028     7.3967      8.367    32.6058    24.1693 -9.990e-29
 224.526076      8.447  40.091313    14.7982     7.4058      8.376    32.6008    24.1665 -9.990e-29
 224.526082      8.452  40.086600    14.7991     7.3746      8.381    32.5958    24.1624 -9.990e-29
 224.526088      8.449  40.092346    14.8040     7.3347      8.378    32.5969    24.1622 -9.990e-29
 224.526094      8.442  40.101070    14.8074     7.2916      8.371    32.6020    24.1654 -9.990e-29
 224.526100      8.436  40.103093    14.8077     7.2484      8.365    32.6036    24.1666 -9.990e-29
 224.526105      8.429  40.101674    14.8059     7.2321      8.358    32.6038    24.1671 -9.990e-29
 224.526111      8.422  40.101090    14.8022     7.2533      8.352    32.6064    24.1699 -9.990e-29
 224.526117      8.418  40.096633    14.7958     7.3180      8.348    32.6077    24.1723 -9.990e-29
 224.526123      8.426  40.086846    14.7863     7.3709      8.356    32.6068    24.1736 -9.990e-29
 224.526128      8.446  40.071014    14.7729     7.3957      8.375    32.6036    24.1740 -9.990e-29
 224.526134      8.471  40.045406    14.7593     7.3832      8.400    32.5918    24.1678 -9.990e-29
 224.526140      8.494  40.022413    14.7545     7.3450      8.423    32.5749    24.1558 -9.990e-29
 224.526146      8.507  40.024641    14.7599     7.3103      8.436    32.5724    24.1527 -9.990e-29
 224.526152      8.512  40.044963    14.7682     7.3079      8.441    32.5839    24.1598 -9.990e-29
 224.526157      8.518  40.059447    14.7746     7.3168      8.447    32.5917    24.1644 -9.990e-29
 224.526163      8.524  40.065539    14.7782     7.3302      8.453    32.5942    24.1656 -9.990e-29
 224.526169      8.523  40.067436    14.7776     7.3400      8.452    32.5964    24.1675 -9.990e-29
 224.526175      8.515  40.062058    14.7690     7.3179      8.444    32.5987    24.1711 -9.990e-29
 224.526181      8.507  40.048401    14.7515     7.2938      8.436    32.6010    24.1766 -9.990e-29
 224.526186      8.503  40.029564    14.7341     7.2863      8.432    32.5985    24.1783 -9.990e-29
 224.526192      8.500  40.014631    14.7288     7.2865      8.429    32.5894    24.1724 -9.990e-29
 224.526198      8.487  40.016206    14.7359     7.3073      8.416    32.5848    24.1674 -9.990e-29
 224.526204      8.465  40.033018    14.7441     7.3224      8.394    32.5932    24.1722 -9.990e-29
 224.526209      8.444  40.048230    14.7450     7.3176      8.373    32.6063    24.1820 -9.990e-29
 224.526215      8.437  40.049607    14.7360     7.2920      8.366    32.6151    24.1907 -9.990e-29
 224.526221      8.443  40.035623    14.7235     7.2706      8.372    32.6129    24.1917 -9.990e-29
 224.526227      8.453  40.021274    14.7189     7.2800      8.382    32.6037    24.1856 -9.990e-29
 224.526233      8.464  40.019944    14.7206     7.2999      8.393    32.6011    24.1832 -9.990e-29
 224.526238      8.477  40.019201    14.7159     7.3240      8.406    32.6043    24.1867 -9.990e-29
 224.526244      8.493  40.001791    14.7002     7.3408      8.422    32.6017    24.1880 -9.990e-29
 224.526250      8.507  39.974778    14.6867     7.3372      8.436    32.5884    24.1807 -9.990e-29
 224.526256      8.513  39.963259    14.6917     7.3345      8.442    32.5738    24.1683 -9.990e-29
 224.526262      8.507  39.974857    14.7110     7.3239      8.436    32.5681    24.1599 -9.990e-29
 224.526267      8.493  39.992510    14.7244     7.2975      8.422    32.5730    24.1607 -9.990e-29
 224.526273      8.477  39.998823    14.7231     7.2716      8.406    32.5798    24.1663 -9.990e-29
 224.526279      8.464  39.994930    14.7129     7.2525      8.393    32.5848    24.1723 -9.990e-29
 224.526285      8.453  39.989098    14.7001     7.2667      8.382    32.5902    24.1792 -9.990e-29
 224.526291      8.443  39.982896    14.6881     7.2824      8.372    32.5947    24.1852 -9.990e-29
 224.526296      8.437  39.977022    14.6787     7.3040      8.366    32.5972    24.1891 -9.990e-29
 224.526302      8.444  39.974109    14.6716     7.3325      8.373    32.6005    24.1932 -9.990e-29
 224.526308      8.465  39.973635    14.6640     7.3379      8.394    32.6064    24.1994 -9.990e-29
 224.526314      8.487  39.969170    14.6566     7.3373      8.416    32.6086    24.2026 -9.990e-29
 224.526319      8.495  39.963731    14.6569     7.3167      8.424    32.6034    24.1985 -9.990e-29
 224.526325      8.486  39.968007    14.6694     7.2886      8.415    32.5968    24.1908 -9.990e-29
 224.526331      8.470  39.982649    14.6904     7.2887      8.399    32.5925    24.1830 -9.990e-29
 224.526337      8.457  40.002510    14.7110     7.3071      8.386    32.5933    24.1792 -9.990e-29
 224.526343      8.446  40.015945    14.7193     7.3243      8.375    32.5985    24.1815 -9.990e-29
 224.526348      8.439  40.011716    14.7083     7.3233      8.368    32.6039    24.1880 -9.990e-29
 224.526354      8.441  39.993162    14.6860     7.3092      8.370    32.6057    24.1942 -9.990e-29
 224.526360      8.447  39.970871    14.6688     7.2893      8.376    32.5999    24.1933 -9.990e-29
 224.526366      8.449  39.958851    14.6641     7.2763      8.378    32.5929    24.1889 -9.990e-29
 224.526372      8.443  39.961818    14.6683     7.2897      8.372    32.5921    24.1874 -9.990e-29
 224.526377      8.434  39.968585    14.6750     7.2980      8.363    32.5926    24.1864 -9.990e-29
 224.526383      8.424  39.974716    14.6782     7.2752      8.354    32.5955    24.1879 -9.990e-29
 224.526389      8.414  39.979979    14.6775     7.2431      8.344    32.6009    24.1922 -9.990e-29
 224.526395      8.401  39.979617    14.6778     7.2063      8.331    32.6003    24.1917 -9.990e-29
 224.526400      8.387  39.978196    14.6802     7.1865      8.317    32.5970    24.1887 -9.990e-29
 224.526406      8.374  39.980547    14.6807     7.2066      8.304    32.5987    24.1899 -9.990e-29
 224.526412      8.369  39.980272    14.6744     7.2392      8.299    32.6038    24.1951 -9.990e-29
 224.526418      8.377  39.970280    14.6583     7.2806      8.307    32.6082    24.2019 -9.990e-29
 224.526424      8.394  39.947900    14.6358     7.2997      8.324    32.6067    24.2056 -9.990e-29
 224.526429      8.413  39.918616    14.6196     7.3089      8.343    32.5937    24.1989 -9.990e-29
 224.526435      8.425  39.903374    14.6203     7.2983      8.355    32.5792    24.1876 -9.990e-29
 224.526441      8.424  39.914365    14.6363     7.2643      8.354    32.5758    24.1816 -9.990e-29
 224.526447      8.410  39.938765    14.6573     7.2540      8.340    32.5804    24.1807 -9.990e-29
 224.526453      8.389  39.962009    14.6716     7.2615      8.319    32.5895    24.1847 -9.990e-29
 224.526458      8.370  39.975284    14.6721     7.2576      8.300    32.6012    24.1936 -9.990e-29
 224.526464      8.359  39.969382    14.6584     7.2704      8.289    32.6073    24.2012 -9.990e-29
 224.526470      8.355  39.947651    14.6408     7.2676      8.285    32.6023    24.2011 -9.990e-29
 224.526476      8.347  39.934384    14.6338     7.2509      8.277    32.5961    24.1978 -9.990e-29
 224.526481      8.325  39.938242    14.6389     7.2448      8.255    32.5954    24.1961 -9.990e-29
 224.526487      8.290  39.946418    14.6474     7.2487      8.221    32.5957    24.1946 -9.990e-29
 224.526493      8.251  39.954114    14.6515     7.2763      8.182    32.5993    24.1965 -9.990e-29
 224.526499      8.209  39.956456    14.6484     7.3058      8.140    32.6040    24.2008 -9.990e-29
 224.526505      8.156  39.947598    14.6426     7.3386      8.088    32.6008    24.1996 -9.990e-29
 224.526510      8.081  39.938158    14.6420     7.3546      8.013    32.5928    24.1935 -9.990e-29
 224.526516      7.975  39.940777    14.6488     7.3789      7.908    32.5895    24.1895 -9.990e-29
 224.526522      7.839  39.952779    14.6593     7.4226      7.773    32.5917    24.1889 0.0000e+00
 224.526528      7.678  39.966058    14.6697     7.4394      7.614    32.5951    24.1894 0.0000e+00
 224.526534      7.490  39.977574    14.6817     7.4584      7.427    32.5955    24.1872 0.0000e+00
 224.526539      7.277  39.992030    14.6997     7.4816      7.216    32.5937    24.1819 0.0000e+00
 224.526545      7.045  40.014127    14.7250     7.5178      6.986    32.5926    24.1757 0.0000e+00
 224.526551      6.806  40.042491    14.7555     7.5690      6.749    32.5929    24.1694 0.0000e+00
 224.526557      6.566  40.080744    14.7872     7.6019      6.511    32.6012    24.1690 0.0000e+00
 224.526563      6.323  40.126065    14.8156     7.6249      6.270    32.6186    24.1764 0.0000e+00
 224.526568      6.069  40.158147    14.8411     7.6027      6.018    32.6264    24.1769 0.0000e+00
 224.526574      5.802  40.174355    14.8756     7.5886      5.753    32.6123    24.1587 0.0000e+00
 224.526580      5.521  40.197428    14.9257     7.6299      5.475    32.5914    24.1318 0.0000e+00
 224.526586      5.231  40.233461    14.9765     7.6664      5.187    32.5817    24.1134 0.0000e+00
 224.526591      4.938  40.268825    15.0154     7.6819      4.897    32.5813    24.1047 0.0000e+00
 224.526597      4.645  40.301903    15.0475     7.6644      4.606    32.5845    24.1002 0.0000e+00
 224.526603      4.351  40.334753    15.0781     7.6273      4.315    32.5887    24.0969 0.0000e+00
 224.526609      4.053  40.366324    15.1076     7.6038      4.019    32.5926    24.0935 0.0000e+00
 224.526615      3.751  40.388251    15.1539     7.5933      3.720    32.5740    24.0691 0.0000e+00
 224.526620      3.443  40.410152    15.2468     8.0610      3.414    32.5166    24.0047 0.0000e+00
 224.526626      3.129  40.467399    15.3707     7.5221      3.103    32.4654    23.9383 0.0000e+00
 224.526632      2.820  40.548290    15.4691     7.4032      2.796    32.4566    23.9100 0.0000e+00
 224.526638      2.527  40.608737    15.5221     7.2644      2.506    32.4669    23.9063 0.0000e+00
 224.526644      2.252  40.637405    15.5480     7.1751      2.233    32.4712    23.9039 0.0000e+00
 224.526649      1.990  40.641697    15.5633 -9.990e-29      1.973    32.4625    23.8938 0.0000e+00
 224.526655      1.738  40.625099    15.5799 -9.990e-29      1.723    32.4342    23.8683 0.0000e+00
 224.526661      1.501  40.571093    15.5967 -9.990e-29      1.488    32.3724    23.8171 0.0000e+00
 224.526667      1.286  40.387487    15.5996 -9.990e-29      1.275    32.2067    23.6891 0.0000e+00
 224.526672      1.095  39.790222    15.5764 -9.990e-29      1.086    31.6950    23.3006 0.0000e+00
 224.526678      0.939  37.954912    15.5211 -9.990e-29      0.931    30.1142    22.0976 -9.990e-29
 224.526684      0.823  36.504599    15.4449 -9.990e-29      0.816    28.8943    21.1767 -9.990e-29
 224.526690      0.742  37.782561    15.3767 -9.990e-29      0.736    30.0723    22.0965 -9.990e-29
 224.526696      0.690  39.629535    15.3486 -9.990e-29      0.684    31.7357    23.3816 -9.990e-29
 224.526701      0.671  40.275966 -9.990e-29 -9.990e-29      0.665 -9.990e-29 -9.990e-29 -9.990e-29
