data/oxygen options/ONMS/Olympic_Coast_National_Marine_Sanctuary_CTD_Data_2005_2023/raw_data/2009/CTD_CE015_060109faed.cnv
* Sea-Bird SBE19 Data File:
* FileName = C:\2009_MOORING_DATA\CTD_CE015_060109.hex
* Software Version 1.59
* Temperature SN = 2997
* Conductivity SN = 2997
* System UpLoad Time = Jun 01 2009 15:45:04
* ds
* SEACAT PROFILER V3.1c SN 2997   06/01/09  15:44:37.284
# nquan = 9                                 
# nvalues = 1406                        
# units = specified
# name 0 = timeJ: Julian Days
# name 1 = prSM: Pressure, Strain Gauge [db]
# name 2 = c0mS/cm: Conductivity [mS/cm]
# name 3 = t090C: Temperature [ITS-90, deg C]
# name 4 = sbeox0ML/L: Oxygen, SBE 43 [ml/l]
# name 5 = depSM: Depth [salt water, m], lat = 47.5
# name 6 = sal00: Salinity, Practical [PSU]
# name 7 = sigma-é00: Density [sigma-theta, kg/m^3]
# name 8 = flag: flag
# span 0 = 152.630833, 152.638964       
# span 1 =     -5.548,     14.755       
# span 2 =   0.032359,  37.235296       
# span 3 =     8.3509,    14.9508       
# span 4 =    -1.6702,    28.8925       
# span 5 =     -5.502,     14.631       
# span 6 =     0.0228,    33.1023       
# span 7 =    -0.8739,    25.7320       
# span 8 = 0.0000e+00, 0.0000e+00       
# interval = seconds: 0.5
# start_time = Jun 01 2009 15:08:24 [Instrument's time stamp, header]
# bad_flag = -9.990e-29
*END*
[from data line 641]
 152.634543     12.298  34.766758     8.4625     3.9114     12.195    33.0071    25.6405 -9.990e-29
 152.634549     12.322  34.765011     8.4574     3.9706     12.219    33.0100    25.6436 -9.990e-29
 152.634554     12.345  34.764023     8.4569     4.0388     12.242    33.0094    25.6432 -9.990e-29
 152.634560     12.364  34.764171     8.4597     4.1082     12.260    33.0069    25.6409 -9.990e-29
 152.634566     12.371  34.765107     8.4635     4.1783     12.267    33.0044    25.6383 -9.990e-29
 152.634572     12.362  34.766416     8.4673     4.2315     12.258    33.0022    25.6360 -9.990e-29
 152.634578     12.338  34.767618     8.4701     4.2466     12.235    33.0008    25.6345 -9.990e-29
 152.634583     12.305  34.768094     8.4720     4.2057     12.202    32.9996    25.6332 -9.990e-29
 152.634589     12.273  34.767375     8.4738     4.1225     12.170    32.9972    25.6311 -9.990e-29
 152.634595     12.250  34.765078     8.4758     4.0281     12.147    32.9929    25.6274 -9.990e-29
 152.634601     12.247  34.762642     8.4777     3.9701     12.144    32.9885    25.6237 -9.990e-29
 152.634606     12.267  34.762439     8.4789     3.9460     12.164    32.9872    25.6225 -9.990e-29
 152.634612     12.299  34.763656     8.4787     3.9482     12.196    32.9886    25.6237 -9.990e-29
 152.634618     12.338  34.765128     8.4768     3.9654     12.235    32.9919    25.6265 -9.990e-29
 152.634624     12.380  34.766595     8.4743     3.9992     12.276    32.9958    25.6299 -9.990e-29
 152.634630     12.416  34.767227     8.4730     4.0220     12.312    32.9977    25.6316 -9.990e-29
 152.634635     12.435  34.767323     8.4731     4.0333     12.331    32.9977    25.6316 -9.990e-29
 152.634641     12.434  34.767584     8.4736     4.0334     12.330    32.9975    25.6314 -9.990e-29
 152.634647     12.418  34.767817     8.4738     4.0243     12.314    32.9976    25.6314 -9.990e-29
 152.634653     12.394  34.767787     8.4740     4.0483     12.290    32.9973    25.6312 -9.990e-29
 152.634659     12.368  34.767470     8.4741     4.0870     12.264    32.9969    25.6308 -9.990e-29
 152.634664     12.349  34.767024     8.4736     4.1200     12.246    32.9969    25.6309 -9.990e-29
 152.634670     12.338  34.766992     8.4732     4.1602     12.235    32.9973    25.6313 -9.990e-29
 152.634676     12.331  34.767346     8.4735     4.1966     12.228    32.9974    25.6313 -9.990e-29
 152.634682     12.323  34.767454     8.4738     4.2094     12.220    32.9972    25.6311 -9.990e-29
 152.634688     12.319  34.766918     8.4742     4.1991     12.216    32.9963    25.6303 -9.990e-29
 152.634693     12.321  34.765599     8.4748     4.1491     12.218    32.9943    25.6287 -9.990e-29
 152.634699     12.331  34.763997     8.4755     4.1184     12.228    32.9920    25.6268 -9.990e-29
 152.634705     12.348  34.762791     8.4764     4.1130     12.245    32.9899    25.6250 -9.990e-29
 152.634711     12.369  34.762072     8.4770     4.1317     12.265    32.9885    25.6238 -9.990e-29
 152.634716     12.388  34.762017     8.4772     4.1589     12.284    32.9883    25.6236 -9.990e-29
 152.634722     12.402  34.762570     8.4770     4.1646     12.298    32.9890    25.6242 -9.990e-29
 152.634728     12.406  34.763364     8.4767     4.1496     12.302    32.9902    25.6251 -9.990e-29
 152.634734     12.397  34.763792     8.4764     4.1175     12.293    32.9909    25.6258 -9.990e-29
 152.634740     12.383  34.763323     8.4768     4.0777     12.279    32.9900    25.6250 -9.990e-29
 152.634745     12.375  34.762469     8.4777     4.0605     12.271    32.9883    25.6235 -9.990e-29
 152.634751     12.378  34.761788     8.4783     4.0676     12.274    32.9870    25.6224 -9.990e-29
 152.634757     12.392  34.761509     8.4777     4.0994     12.288    32.9873    25.6227 -9.990e-29
 152.634763     12.413  34.761838     8.4765     4.1199     12.309    32.9887    25.6241 -9.990e-29
 152.634769     12.431  34.762670     8.4759     4.1406     12.327    32.9902    25.6253 -9.990e-29
 152.634774     12.432  34.763450     8.4761     4.1728     12.328    32.9908    25.6257 -9.990e-29
 152.634780     12.417  34.763551     8.4772     4.2051     12.313    32.9899    25.6248 -9.990e-29
 152.634786     12.395  34.763125     8.4785     4.2093     12.291    32.9882    25.6234 -9.990e-29
 152.634792     12.371  34.762741     8.4789     4.1672     12.267    32.9875    25.6227 -9.990e-29
 152.634797     12.354  34.762464     8.4786     4.1168     12.251    32.9874    25.6227 -9.990e-29
 152.634803     12.350  34.761945     8.4781     4.0782     12.247    32.9874    25.6227 -9.990e-29
 152.634809     12.363  34.761068     8.4778     4.0887     12.259    32.9867    25.6223 -9.990e-29
 152.634815     12.390  34.760360     8.4773     4.1091     12.286    32.9864    25.6221 -9.990e-29
 152.634821     12.425  34.760576     8.4760     4.1545     12.321    32.9879    25.6234 -9.990e-29
 152.634826     12.457  34.761457     8.4740     4.2105     12.353    32.9906    25.6259 -9.990e-29
 152.634832     12.474  34.761955     8.4731     4.2650     12.370    32.9920    25.6271 -9.990e-29
 152.634838     12.473  34.761629     8.4739     4.3015     12.369    32.9909    25.6262 -9.990e-29
 152.634844     12.455  34.760620     8.4754     4.3133     12.351    32.9885    25.6240 -9.990e-29
 152.634850     12.423  34.759279     8.4770     4.3100     12.319    32.9856    25.6215 -9.990e-29
 152.634855     12.388  34.757516     8.4777     4.3048     12.284    32.9831    25.6194 -9.990e-29
 152.634861     12.359  34.755239     8.4773     4.2920     12.255    32.9810    25.6179 -9.990e-29
 152.634867     12.344  34.752790     8.4772     4.2691     12.241    32.9786    25.6160 -9.990e-29
 152.634873     12.347  34.750844     8.4777     4.2331     12.244    32.9760    25.6139 -9.990e-29
 152.634878     12.362  34.750744     8.4786     4.1971     12.258    32.9751    25.6130 -9.990e-29
 152.634884     12.383  34.752374     8.4796     4.1800     12.279    32.9759    25.6135 -9.990e-29
 152.634890     12.402  34.754002     8.4797     4.1827     12.298    32.9775    25.6148 -9.990e-29
 152.634896     12.417  34.755011     8.4791     4.2121     12.313    32.9791    25.6161 -9.990e-29
 152.634902     12.427  34.756203     8.4788     4.2760     12.323    32.9806    25.6174 -9.990e-29
 152.634907     12.430  34.757505     8.4789     4.3182     12.326    32.9819    25.6183 -9.990e-29
 152.634913     12.417  34.757866     8.4796     4.3442     12.313    32.9816    25.6180 -9.990e-29
 152.634919     12.387  34.757223     8.4802     4.3683     12.283    32.9804    25.6170 -9.990e-29
 152.634925     12.356  34.755857     8.4798     4.3613     12.253    32.9794    25.6162 -9.990e-29
 152.634931     12.338  34.752524     8.4779     4.3456     12.235    32.9776    25.6151 -9.990e-29
 152.634936     12.333  34.747280     8.4754     4.3046     12.230    32.9744    25.6130 -9.990e-29
 152.634942     12.335  34.744355     8.4742     4.2569     12.232    32.9725    25.6117 -9.990e-29
 152.634948     12.346  34.743788     8.4738     4.2192     12.243    32.9723    25.6116 -9.990e-29
 152.634954     12.361  34.742595     8.4733     4.2169     12.257    32.9715    25.6110 -9.990e-29
 152.634959     12.377  34.743125     8.4732     4.2068     12.273    32.9721    25.6115 -9.990e-29
 152.634965     12.395  34.745541     8.4736     4.2078     12.291    32.9743    25.6132 -9.990e-29
 152.634971     12.413  34.748038     8.4745     4.2190     12.309    32.9761    25.6144 -9.990e-29
 152.634977     12.426  34.751161     8.4760     4.2418     12.322    32.9779    25.6157 -9.990e-29
 152.634983     12.435  34.753487     8.4769     4.2699     12.331    32.9795    25.6168 -9.990e-29
 152.634988     12.442  34.753652     8.4773     4.2847     12.338    32.9793    25.6166 -9.990e-29
 152.634994     12.447  34.753013     8.4776     4.2984     12.343    32.9784    25.6158 -9.990e-29
 152.635000     12.450  34.752976     8.4781     4.2998     12.346    32.9779    25.6153 -9.990e-29
 152.635006     12.451  34.752948     8.4782     4.2951     12.347    32.9777    25.6152 -9.990e-29
 152.635012     12.451  34.752349     8.4781     4.2784     12.347    32.9772    25.6148 -9.990e-29
 152.635017     12.448  34.751516     8.4783     4.2568     12.344    32.9761    25.6139 -9.990e-29
 152.635023     12.444  34.750476     8.4788     4.2418     12.340    32.9746    25.6126 -9.990e-29
 152.635029     12.438  34.749912     8.4793     4.2336     12.334    32.9735    25.6117 -9.990e-29
 152.635035     12.429  34.750198     8.4795     4.2142     12.325    32.9736    25.6118 -9.990e-29
 152.635041     12.421  34.750972     8.4793     4.1985     12.317    32.9747    25.6126 -9.990e-29
 152.635046     12.423  34.752147     8.4790     4.1849     12.319    32.9762    25.6138 -9.990e-29
 152.635052     12.438  34.753421     8.4791     4.1835     12.334    32.9774    25.6148 -9.990e-29
 152.635058     12.463  34.754249     8.4792     4.1756     12.359    32.9782    25.6154 -9.990e-29
 152.635064     12.491  34.754612     8.4787     4.1665     12.386    32.9790    25.6161 -9.990e-29
 152.635069     12.516  34.754987     8.4786     4.1652     12.411    32.9795    25.6165 -9.990e-29
 152.635075     12.531  34.755312     8.4793     4.1661     12.426    32.9792    25.6161 -9.990e-29
 152.635081     12.536  34.755455     8.4799     4.1580     12.431    32.9788    25.6157 -9.990e-29
 152.635087     12.541  34.755605     8.4796     4.1465     12.436    32.9792    25.6161 -9.990e-29
 152.635093     12.550  34.755959     8.4785     4.1484     12.445    32.9806    25.6174 -9.990e-29
 152.635098     12.559  34.756426     8.4775     4.1600     12.454    32.9820    25.6186 -9.990e-29
 152.635104     12.560  34.756505     8.4768     4.1623     12.455    32.9828    25.6193 -9.990e-29
 152.635110     12.554  34.756295     8.4760     4.1665     12.449    32.9833    25.6199 -9.990e-29
 152.635116     12.543  34.756073     8.4752     4.1749     12.438    32.9838    25.6204 -9.990e-29
 152.635122     12.529  34.755542     8.4754     4.1975     12.424    32.9831    25.6198 -9.990e-29
 152.635127     12.513  34.755111     8.4761     4.2192     12.408    32.9820    25.6188 -9.990e-29
 152.635133     12.500  34.755322     8.4764     4.2113     12.395    32.9819    25.6187 -9.990e-29
 152.635139     12.488  34.755893     8.4770     4.1998     12.383    32.9820    25.6187 -9.990e-29
 152.635145     12.476  34.756462     8.4776     4.1803     12.372    32.9820    25.6186 -9.990e-29
 152.635150     12.469  34.756665     8.4775     4.1521     12.365    32.9823    25.6189 -9.990e-29
 152.635156     12.474  34.756211     8.4776     4.1338     12.370    32.9817    25.6184 -9.990e-29
 152.635162     12.492  34.755611     8.4777     4.1236     12.387    32.9810    25.6178 -9.990e-29
 152.635168     12.515  34.755741     8.4775     4.1406     12.410    32.9813    25.6181 -9.990e-29
 152.635174     12.540  34.756211     8.4775     4.1770     12.435    32.9818    25.6185 -9.990e-29
 152.635179     12.565  34.756525     8.4775     4.2089     12.460    32.9821    25.6187 -9.990e-29
 152.635185     12.583  34.757098     8.4776     4.2158     12.478    32.9826    25.6191 -9.990e-29
 152.635191     12.590  34.757570     8.4781     4.2226     12.485    32.9827    25.6191 -9.990e-29
 152.635197     12.587  34.757445     8.4780     4.2373     12.482    32.9826    25.6190 -9.990e-29
 152.635203     12.578  34.757115     8.4775     4.2510     12.473    32.9827    25.6192 -9.990e-29
 152.635208     12.572  34.756136     8.4771     4.2753     12.467    32.9821    25.6188 -9.990e-29
 152.635214     12.571  34.754322     8.4771     4.3062     12.466    32.9802    25.6173 -9.990e-29
 152.635220     12.576  34.753172     8.4778     4.3232     12.471    32.9783    25.6157 -9.990e-29
 152.635226     12.588  34.752831     8.4787     4.3301     12.483    32.9771    25.6146 -9.990e-29
 152.635231     12.602  34.752280     8.4790     4.2859     12.496    32.9762    25.6139 -9.990e-29
 152.635237     12.611  34.751340     8.4789     4.2576     12.505    32.9753    25.6132 -9.990e-29
 152.635243     12.611  34.750435     8.4792     4.2653     12.505    32.9741    25.6122 -9.990e-29
 152.635249     12.607  34.750037     8.4800     4.2543     12.501    32.9729    25.6111 -9.990e-29
 152.635255     12.606  34.750172     8.4802     4.2692     12.500    32.9729    25.6111 -9.990e-29
 152.635260     12.610  34.751017     8.4796     4.2678     12.504    32.9743    25.6123 -9.990e-29
 152.635266     12.609  34.752016     8.4792     4.2529     12.503    32.9758    25.6135 -9.990e-29
 152.635272     12.600  34.752255     8.4794     4.2336     12.494    32.9758    25.6135 -9.990e-29
 152.635278     12.585  34.752049     8.4794     4.2201     12.480    32.9756    25.6133 -9.990e-29
 152.635284     12.572  34.751681     8.4791     4.2258     12.467    32.9755    25.6133 -9.990e-29
 152.635289     12.566  34.751219     8.4792     4.2395     12.461    32.9749    25.6128 -9.990e-29
 152.635295     12.565  34.751166     8.4794     4.2532     12.460    32.9747    25.6126 -9.990e-29
 152.635301     12.570  34.752008     8.4789     4.2512     12.465    32.9760    25.6138 -9.990e-29
 152.635307     12.577  34.753182     8.4788     4.2465     12.472    32.9774    25.6148 -9.990e-29
 152.635313     12.576  34.753447     8.4795     4.2705     12.471    32.9770    25.6144 -9.990e-29
 152.635318     12.570  34.753155     8.4802     4.2693     12.465    32.9760    25.6136 -9.990e-29
 152.635324     12.564  34.753032     8.4802     4.2747     12.459    32.9759    25.6135 -9.990e-29
 152.635330     12.564  34.752352     8.4800     4.2945     12.459    32.9754    25.6131 -9.990e-29
 152.635336     12.570  34.750766     8.4796     4.3055     12.465    32.9741    25.6121 -9.990e-29
 152.635341     12.582  34.749519     8.4790     4.3205     12.477    32.9733    25.6116 -9.990e-29
 152.635347     12.600  34.749187     8.4784     4.3118     12.494    32.9735    25.6119 -9.990e-29
 152.635353     12.622  34.748761     8.4781     4.2857     12.516    32.9734    25.6118 -9.990e-29
 152.635359     12.640  34.747670     8.4781     4.2720     12.534    32.9722    25.6109 -9.990e-29
 152.635365     12.651  34.746699     8.4784     4.2594     12.545    32.9709    25.6098 -9.990e-29
 152.635370     12.655  34.746790     8.4789     4.2674     12.549    32.9705    25.6094 -9.990e-29
 152.635376     12.654  34.747501     8.4791     4.2904     12.548    32.9711    25.6098 -9.990e-29
 152.635382     12.648  34.748654     8.4789     4.2890     12.542    32.9725    25.6110 -9.990e-29
 152.635388     12.634  34.750104     8.4791     4.2892     12.528    32.9738    25.6120 -9.990e-29
 152.635394     12.618  34.750419     8.4788     4.2877     12.512    32.9744    25.6125 -9.990e-29
 152.635399     12.606  34.748896     8.4776     4.2991     12.500    32.9740    25.6123 -9.990e-29
 152.635405     12.603  34.746303     8.4770     4.3164     12.497    32.9718    25.6107 -9.990e-29
 152.635411     12.607  34.744222     8.4770     4.3244     12.501    32.9696    25.6090 -9.990e-29
 152.635417     12.616  34.744356     8.4768     4.3098     12.510    32.9699    25.6093 -9.990e-29
 152.635422     12.620  34.746320     8.4766     4.3039     12.514    32.9722    25.6111 -9.990e-29
 152.635428     12.621  34.747688     8.4771     4.2916     12.515    32.9732    25.6118 -9.990e-29
 152.635434     12.622  34.747479     8.4776     4.2709     12.516    32.9725    25.6111 -9.990e-29
 152.635440     12.619  34.746532     8.4777     4.2608     12.513    32.9714    25.6103 -9.990e-29
 152.635446     12.612  34.745822     8.4782     4.2639     12.506    32.9702    25.6093 -9.990e-29
 152.635451     12.609  34.746080     8.4786     4.2753     12.503    32.9701    25.6091 -9.990e-29
 152.635457     12.615  34.747646     8.4783     4.2784     12.509    32.9720    25.6107 -9.990e-29
