data/oxygen options/ONMS/Olympic_Coast_National_Marine_Sanctuary_CTD_Data_2005_2023/raw_data/2009/CTD_KL015_081209faed.cnv
* Sea-Bird SBE19 Data File:
* FileName = C:\2009_MOORING_DATA\081109_DATA\CTD_KL015_081209.hex
* Software Version 1.24
* Temperature SN = 2997
* Conductivity SN = 2997
* System UpLoad Time = Aug 12 2009 13:13:13
* SEACAT PROFILER V3.1c SN 2997   08/12/09  13:12:31.875
* strain gauge pressure sensor: S/N = 184829,  range = 3000 psia,  tc = 40
# nquan = 9                                 
# nvalues = 1397                        
# units = specified
# name 0 = timeJ: Julian Days
# name 1 = prSM: Pressure, Strain Gauge [db]
# name 2 = c0mS/cm: Conductivity [mS/cm]
# name 3 = t090C: Temperature [ITS-90, deg C]
# name 4 = sbeox0ML/L: Oxygen, SBE 43 [ml/l]
# name 5 = depSM: Depth [salt water, m], lat = 47.5
# name 6 = sal00: Salinity, Practical [PSU]
# name 7 = sigma-é00: Density [sigma-theta, kg/m^3]
# name 8 = flag: flag
# span 0 = 224.518623, 224.526701       
# span 1 =     -5.765,     15.158       
# span 2 =   0.135410,  40.733823       
# span 3 =    13.9310,    15.6443       
# span 4 =    -1.6407,    18.1711       
# span 5 =     -5.717,     15.031       
# span 6 =     0.0815,    32.8174       
# span 7 =    -0.8158,    24.5016       
# span 8 = 0.0000e+00, 0.0000e+00       
# interval = seconds: 0.5
# start_time = Aug 12 2009 12:26:49 [Instrument's time stamp, header]
# bad_flag = -9.990e-29
*END*
[from data line 641]
 224.522332     13.545  39.568116    14.0135     6.2227     13.432    32.7828    24.4718 -9.990e-29
 224.522338     13.568  39.573132    14.0112     6.2394     13.454    32.7894    24.4773 -9.990e-29
 224.522344     13.596  39.565355    13.9999     6.2439     13.482    32.7918    24.4815 -9.990e-29
 224.522350     13.622  39.550689    13.9910     6.2331     13.508    32.7859    24.4788 -9.990e-29
 224.522355     13.635  39.546034    13.9950     6.2141     13.521    32.7781    24.4720 -9.990e-29
 224.522361     13.628  39.554726    14.0086     6.2141     13.514    32.7746    24.4664 -9.990e-29
 224.522367     13.604  39.567617    14.0212     6.2293     13.490    32.7758    24.4647 -9.990e-29
 224.522373     13.571  39.577243    14.0274     6.2384     13.457    32.7794    24.4663 -9.990e-29
 224.522378     13.534  39.580756    14.0291     6.2554     13.421    32.7812    24.4673 -9.990e-29
 224.522384     13.500  39.580616    14.0298     6.2699     13.387    32.7805    24.4666 -9.990e-29
 224.522390     13.475  39.581137    14.0312     6.2685     13.362    32.7798    24.4658 -9.990e-29
 224.522396     13.466  39.583588    14.0339     6.2500     13.353    32.7798    24.4652 -9.990e-29
 224.522402     13.477  39.586766    14.0370     6.2108     13.364    32.7800    24.4648 -9.990e-29
 224.522407     13.501  39.587073    14.0381     6.1700     13.388    32.7794    24.4640 -9.990e-29
 224.522413     13.525  39.584371    14.0383     6.1721     13.412    32.7767    24.4619 -9.990e-29
 224.522419     13.547  39.584600    14.0404     6.1936     13.433    32.7751    24.4603 -9.990e-29
 224.522425     13.569  39.587519    14.0431     6.2273     13.455    32.7755    24.4600 -9.990e-29
 224.522431     13.591  39.586942    14.0435     6.2164     13.477    32.7746    24.4592 -9.990e-29
 224.522436     13.612  39.579873    14.0422     6.1985     13.498    32.7692    24.4553 -9.990e-29
 224.522442     13.623  39.572038    14.0439     6.1834     13.509    32.7605    24.4483 -9.990e-29
 224.522448     13.621  39.574869    14.0484     6.1621     13.507    32.7593    24.4464 -9.990e-29
 224.522454     13.611  39.583742    14.0487     6.1656     13.497    32.7672    24.4525 -9.990e-29
 224.522459     13.604  39.584710    14.0406     6.1706     13.490    32.7750    24.4602 -9.990e-29
 224.522465     13.609  39.577398    14.0280     6.1846     13.495    32.7790    24.4658 -9.990e-29
 224.522471     13.622  39.568333    14.0169     6.2033     13.508    32.7801    24.4690 -9.990e-29
 224.522477     13.634  39.561138    14.0097     6.2204     13.520    32.7796    24.4700 -9.990e-29
 224.522483     13.639  39.557441    14.0065     6.2149     13.525    32.7789    24.4702 -9.990e-29
 224.522488     13.632  39.557933    14.0075     6.1958     13.518    32.7785    24.4697 -9.990e-29
 224.522494     13.616  39.562160    14.0122     6.1814     13.502    32.7784    24.4686 -9.990e-29
 224.522500     13.605  39.567361    14.0173     6.1759     13.491    32.7789    24.4679 -9.990e-29
 224.522506     13.609  39.569831    14.0181     6.1821     13.495    32.7805    24.4690 -9.990e-29
 224.522512     13.630  39.568394    14.0145     6.1892     13.516    32.7822    24.4711 -9.990e-29
 224.522517     13.655  39.563394    14.0111     6.1916     13.541    32.7805    24.4704 -9.990e-29
 224.522523     13.674  39.559388    14.0105     6.1978     13.559    32.7773    24.4681 -9.990e-29
 224.522529     13.683  39.560578    14.0120     6.2066     13.568    32.7771    24.4676 -9.990e-29
 224.522535     13.683  39.563517    14.0147     6.2033     13.568    32.7775    24.4674 -9.990e-29
 224.522541     13.679  39.565411    14.0162     6.1878     13.564    32.7780    24.4675 -9.990e-29
 224.522546     13.678  39.564873    14.0137     6.1727     13.563    32.7796    24.4692 -9.990e-29
 224.522552     13.684  39.558959    14.0087     6.1682     13.569    32.7784    24.4693 -9.990e-29
 224.522558     13.695  39.552134    14.0062     6.1734     13.580    32.7742    24.4666 -9.990e-29
 224.522564     13.701  39.552688    14.0081     6.1936     13.586    32.7731    24.4654 -9.990e-29
 224.522569     13.700  39.558569    14.0112     6.2256     13.585    32.7759    24.4669 -9.990e-29
 224.522575     13.695  39.563056    14.0122     6.2515     13.580    32.7792    24.4692 -9.990e-29
 224.522581     13.695  39.563734    14.0094     6.2721     13.580    32.7822    24.4721 -9.990e-29
 224.522587     13.699  39.559842    14.0039     6.2571     13.584    32.7833    24.4741 -9.990e-29
 224.522593     13.699  39.553491    14.0007     6.1998     13.584    32.7802    24.4724 -9.990e-29
 224.522598     13.687  39.551365    14.0030     6.1698     13.572    32.7762    24.4689 -9.990e-29
 224.522604     13.658  39.556245    14.0093     6.1668     13.544    32.7754    24.4669 -9.990e-29
 224.522610     13.622  39.562878    14.0157     6.1763     13.508    32.7761    24.4661 -9.990e-29
 224.522616     13.599  39.567788    14.0192     6.2018     13.485    32.7776    24.4666 -9.990e-29
 224.522622     13.596  39.570809    14.0191     6.2103     13.482    32.7805    24.4688 -9.990e-29
 224.522627     13.608  39.570380    14.0169     6.2025     13.494    32.7820    24.4704 -9.990e-29
 224.522633     13.623  39.567624    14.0155     6.1950     13.509    32.7806    24.4697 -9.990e-29
 224.522639     13.630  39.566728    14.0171     6.2078     13.516    32.7784    24.4676 -9.990e-29
 224.522645     13.629  39.569314    14.0210     6.2177     13.515    32.7775    24.4661 -9.990e-29
 224.522650     13.633  39.572674    14.0244     6.2304     13.519    32.7777    24.4656 -9.990e-29
 224.522656     13.650  39.573456    14.0241     6.2492     13.536    32.7787    24.4664 -9.990e-29
 224.522662     13.673  39.571034    14.0199     6.2372     13.558    32.7800    24.4683 -9.990e-29
 224.522668     13.686  39.566680    14.0166     6.2304     13.571    32.7788    24.4680 -9.990e-29
 224.522674     13.678  39.564692    14.0190     6.2290     13.563    32.7749    24.4645 -9.990e-29
 224.522679     13.647  39.568597    14.0258     6.2210     13.533    32.7727    24.4615 -9.990e-29
 224.522685     13.605  39.575204    14.0318     6.2231     13.491    32.7737    24.4610 -9.990e-29
 224.522691     13.566  39.581003    14.0337     6.2285     13.452    32.7775    24.4635 -9.990e-29
 224.522697     13.541  39.583652    14.0319     6.2227     13.428    32.7815    24.4669 -9.990e-29
 224.522703     13.531  39.582772    14.0297     6.2218     13.418    32.7826    24.4682 -9.990e-29
 224.522708     13.537  39.582811    14.0293     6.2257     13.424    32.7829    24.4686 -9.990e-29
 224.522714     13.555  39.584955    14.0305     6.2364     13.441    32.7839    24.4691 -9.990e-29
 224.522720     13.573  39.584787    14.0317     6.2292     13.459    32.7827    24.4679 -9.990e-29
 224.522726     13.583  39.582097    14.0340     6.2247     13.469    32.7782    24.4640 -9.990e-29
 224.522731     13.587  39.583403    14.0397     6.2381     13.473    32.7746    24.4600 -9.990e-29
 224.522737     13.588  39.589339    14.0459     6.2530     13.474    32.7748    24.4589 -9.990e-29
 224.522743     13.596  39.593817    14.0467     6.2876     13.482    32.7782    24.4614 -9.990e-29
 224.522749     13.610  39.591610    14.0409     6.2757     13.496    32.7811    24.4648 -9.990e-29
 224.522755     13.624  39.582594    14.0345     6.2350     13.510    32.7783    24.4639 -9.990e-29
 224.522760     13.624  39.577188    14.0350     6.2096     13.510    32.7728    24.4596 -9.990e-29
 224.522766     13.603  39.582209    14.0415     6.1984     13.489    32.7720    24.4576 -9.990e-29
 224.522772     13.569  39.590348    14.0473     6.2038     13.455    32.7745    24.4584 -9.990e-29
 224.522778     13.539  39.595090    14.0491     6.2088     13.426    32.7774    24.4602 -9.990e-29
 224.522784     13.530  39.596047    14.0469     6.2048     13.417    32.7802    24.4628 -9.990e-29
 224.522789     13.536  39.593390    14.0425     6.2123     13.423    32.7814    24.4647 -9.990e-29
 224.522795     13.545  39.589757    14.0399     6.2275     13.432    32.7803    24.4644 -9.990e-29
 224.522801     13.553  39.589848    14.0407     6.2404     13.439    32.7797    24.4637 -9.990e-29
 224.522807     13.561  39.594357    14.0428     6.2367     13.447    32.7821    24.4651 -9.990e-29
 224.522812     13.565  39.599778    14.0454     6.2111     13.451    32.7849    24.4668 -9.990e-29
 224.522818     13.561  39.602883    14.0495     6.1832     13.447    32.7842    24.4654 -9.990e-29
 224.522824     13.553  39.603896    14.0555     6.1711     13.439    32.7801    24.4610 -9.990e-29
 224.522830     13.546  39.604918    14.0608     6.1780     13.433    32.7765    24.4571 -9.990e-29
 224.522836     13.541  39.606190    14.0612     6.1977     13.428    32.7773    24.4577 -9.990e-29
 224.522841     13.549  39.603429    14.0551     6.2154     13.435    32.7800    24.4610 -9.990e-29
 224.522847     13.569  39.593513    14.0448     6.2134     13.455    32.7796    24.4628 -9.990e-29
 224.522853     13.594  39.579479    14.0360     6.2164     13.480    32.7741    24.4604 -9.990e-29
 224.522859     13.617  39.570641    14.0331     6.2141     13.503    32.7684    24.4566 -9.990e-29
 224.522865     13.636  39.573152    14.0342     6.2257     13.522    32.7698    24.4574 -9.990e-29
 224.522870     13.655  39.578580    14.0355     6.2492     13.541    32.7737    24.4602 -9.990e-29
 224.522876     13.676  39.579020    14.0344     6.2504     13.561    32.7750    24.4614 -9.990e-29
 224.522882     13.692  39.575059    14.0321     6.2346     13.577    32.7733    24.4606 -9.990e-29
 224.522888     13.700  39.572066    14.0335     6.2143     13.585    32.7694    24.4573 -9.990e-29
 224.522894     13.700  39.575576    14.0384     6.2029     13.585    32.7684    24.4555 -9.990e-29
 224.522899     13.692  39.582416    14.0422     6.2059     13.577    32.7715    24.4571 -9.990e-29
 224.522905     13.679  39.586567    14.0421     6.2132     13.564    32.7754    24.4602 -9.990e-29
 224.522911     13.671  39.587394    14.0388     6.1985     13.556    32.7790    24.4636 -9.990e-29
 224.522917     13.669  39.586562    14.0348     6.1686     13.554    32.7817    24.4665 -9.990e-29
 224.522922     13.670  39.585199    14.0326     6.1623     13.555    32.7823    24.4674 -9.990e-29
 224.522928     13.671  39.584849    14.0328     6.1846     13.556    32.7818    24.4670 -9.990e-29
 224.522934     13.674  39.586161    14.0347     6.2172     13.559    32.7814    24.4663 -9.990e-29
 224.522940     13.684  39.587518    14.0370     6.2208     13.569    32.7807    24.4653 -9.990e-29
 224.522946     13.703  39.586803    14.0389     6.2196     13.588    32.7784    24.4631 -9.990e-29
 224.522951     13.726  39.586425    14.0408     6.2216     13.611    32.7764    24.4612 -9.990e-29
 224.522957     13.748  39.589242    14.0430     6.2278     13.633    32.7771    24.4613 -9.990e-29
 224.522963     13.765  39.592279    14.0446     6.2529     13.650    32.7785    24.4621 -9.990e-29
 224.522969     13.773  39.590610    14.0444     6.2635     13.658    32.7772    24.4610 -9.990e-29
 224.522975     13.766  39.585932    14.0443     6.2520     13.651    32.7729    24.4578 -9.990e-29
 224.522980     13.738  39.586022    14.0465     6.2476     13.623    32.7712    24.4560 -9.990e-29
 224.522986     13.695  39.590437    14.0483     6.2304     13.580    32.7737    24.4576 -9.990e-29
 224.522992     13.657  39.592724    14.0474     6.2136     13.543    32.7766    24.4600 -9.990e-29
 224.522998     13.638  39.592009    14.0450     6.2197     13.524    32.7780    24.4615 -9.990e-29
 224.523003     13.638  39.591261    14.0433     6.2198     13.524    32.7788    24.4625 -9.990e-29
 224.523009     13.647  39.591164    14.0429     6.2135     13.533    32.7790    24.4628 -9.990e-29
 224.523015     13.657  39.590461    14.0432     6.2082     13.543    32.7781    24.4620 -9.990e-29
 224.523021     13.661  39.590456    14.0447     6.1982     13.547    32.7768    24.4607 -9.990e-29
 224.523027     13.658  39.592257    14.0482     6.1882     13.544    32.7755    24.4590 -9.990e-29
 224.523032     13.658  39.595460    14.0525     6.1872     13.544    32.7748    24.4575 -9.990e-29
 224.523038     13.665  39.599290    14.0536     6.2034     13.551    32.7774    24.4593 -9.990e-29
 224.523044     13.683  39.598757    14.0483     6.1936     13.568    32.7814    24.4635 -9.990e-29
 224.523050     13.713  39.589786    14.0399     6.1705     13.598    32.7803    24.4644 -9.990e-29
 224.523056     13.744  39.578916    14.0347     6.1571     13.629    32.7746    24.4611 -9.990e-29
 224.523061     13.770  39.574075    14.0339     6.1536     13.655    32.7709    24.4583 -9.990e-29
 224.523067     13.793  39.573288    14.0343     6.1579     13.677    32.7698    24.4574 -9.990e-29
 224.523073     13.813  39.572140    14.0327     6.1953     13.697    32.7701    24.4580 -9.990e-29
 224.523079     13.833  39.567973    14.0285     6.2124     13.717    32.7698    24.4586 -9.990e-29
 224.523084     13.849  39.560277    14.0237     6.2229     13.733    32.7668    24.4573 -9.990e-29
 224.523090     13.854  39.553924    14.0197     6.2296     13.738    32.7643    24.4562 -9.990e-29
 224.523096     13.843  39.551654    14.0186     6.2146     13.727    32.7631    24.4555 -9.990e-29
 224.523102     13.817  39.555481    14.0222     6.1968     13.701    32.7636    24.4552 -9.990e-29
 224.523108     13.777  39.564336    14.0263     6.1965     13.662    32.7683    24.4579 -9.990e-29
 224.523113     13.733  39.569840    14.0265     6.2090     13.618    32.7733    24.4617 -9.990e-29
 224.523119     13.702  39.570920    14.0226     6.2149     13.587    32.7776    24.4659 -9.990e-29
 224.523125     13.687  39.569017    14.0152     6.2119     13.572    32.7821    24.4709 -9.990e-29
 224.523131     13.686  39.562713    14.0080     6.1969     13.571    32.7825    24.4726 -9.990e-29
 224.523137     13.689  39.557053    14.0066     6.1699     13.574    32.7784    24.4698 -9.990e-29
 224.523142     13.687  39.558503    14.0121     6.1871     13.572    32.7751    24.4661 -9.990e-29
 224.523148     13.680  39.566186    14.0217     6.2176     13.565    32.7740    24.4633 -9.990e-29
 224.523154     13.682  39.576329    14.0300     6.2309     13.567    32.7763    24.4633 -9.990e-29
 224.523160     13.700  39.582831    14.0305     6.2419     13.585    32.7819    24.4675 -9.990e-29
 224.523166     13.728  39.578102    14.0254     6.2159     13.613    32.7818    24.4686 -9.990e-29
 224.523171     13.749  39.569854    14.0238     6.1770     13.634    32.7756    24.4640 -9.990e-29
 224.523177     13.752  39.570071    14.0280     6.1443     13.637    32.7722    24.4606 -9.990e-29
 224.523183     13.742  39.575672    14.0330     6.1446     13.627    32.7731    24.4602 -9.990e-29
 224.523189     13.736  39.580106    14.0341     6.1660     13.621    32.7763    24.4625 -9.990e-29
 224.523194     13.740  39.580874    14.0296     6.1929     13.625    32.7808    24.4669 -9.990e-29
 224.523200     13.757  39.575076    14.0209     6.2180     13.642    32.7829    24.4703 -9.990e-29
 224.523206     13.782  39.561708    14.0122     6.2028     13.667    32.7779    24.4683 -9.990e-29
 224.523212     13.804  39.551535    14.0087     6.1813     13.688    32.7715    24.4640 -9.990e-29
 224.523218     13.812  39.552853    14.0104     6.1717     13.696    32.7713    24.4635 -9.990e-29
 224.523223     13.807  39.558443    14.0138     6.1755     13.691    32.7735    24.4645 -9.990e-29
 224.523229     13.800  39.563421    14.0155     6.2062     13.684    32.7767    24.4666 -9.990e-29
 224.523235     13.805  39.566011    14.0142     6.2239     13.689    32.7802    24.4696 -9.990e-29
 224.523241     13.821  39.564621    14.0112     6.2236     13.705    32.7814    24.4712 -9.990e-29
 224.523247     13.836  39.562442    14.0090     6.2145     13.720    32.7813    24.4715 -9.990e-29
