data/oxygen options/ONMS/Olympic_Coast_National_Marine_Sanctuary_CTD_Data_2005_2023/raw_data/2009/CTD_CA065_090209faedb.cnv
* Sea-Bird SBE19 Data File:
* FileName = C:\2009_MOORING_DATA\090209_data\CTD_CA065_090209.hex
* Software Version 1.24
* Temperature SN = 2997
* Conductivity SN = 2997
* System UpLoad Time = Sep 02 2009 17:29:35
* SEACAT PROFILER V3.1c SN 2997   09/02/09  17:28:47.580
* strain gauge pressure sensor: S/N = 184829,  range = 3000 psia,  tc = 40
# nquan = 9
# nvalues = 65                          
# units = specified
# name 0 = timeJ: Julian Days
# name 1 = prSM: Pressure, Strain Gauge [db]
# name 2 = c0mS/cm: Conductivity [mS/cm]
# name 3 = t090C: Temperature [ITS-90, deg C]
# name 4 = sbeox0ML/L: Oxygen, SBE 43 [ml/l]
# name 5 = depSM: Depth [salt water, m], lat = 47.5
# name 6 = sal00: Salinity, Practical [PSU]
# name 7 = sigma-é00: Density [sigma-theta, kg/m^3]
# name 8 = flag: flag
# span 0 = 245.629961, 245.630592       
# span 1 =      2.000,     66.000       
# span 2 =  33.711367,  38.015398       
# span 3 =     7.3531,    12.7929       
# span 4 =     1.0535,     5.9189       
# span 5 =      1.983,     65.438       
# span 6 =    31.8157,    33.8015       
# span 7 =    24.4027,    26.4264       
# span 8 = 0.0000e+00, 0.0000e+00       
# interval = decibars: 1                
# start_time = Sep 02 2009 15:02:18 [Instrument's time stamp, header]
# bad_flag = -9.990e-29
*END*
 245.629961      2.000  38.015398    12.7929     5.9189      1.983    32.3778    24.4027 0.0000e+00
 245.629983      3.000  37.858675    12.5282     5.8556      2.975    32.4560    24.5142 0.0000e+00
 245.629996      4.000  37.787512    12.4365     5.8330      3.967    32.4669    24.5402 0.0000e+00
 245.630008      5.000  37.744701    12.4210     5.7438      4.958    32.4389    24.5214 0.0000e+00
 245.630018      6.000  37.691961    12.4189     5.6483      5.949    32.3899    24.4839 0.0000e+00
 245.630028      7.000  37.609794    12.3563     5.6433      6.942    32.3648    24.4764 0.0000e+00
 245.630037      8.000  37.480546    12.2138     5.7395      7.933    32.3635    24.5023 0.0000e+00
 245.630046      9.000  37.281170    12.0202     5.7363      8.924    32.3387    24.5193 0.0000e+00
 245.630055     10.000  37.060690    11.7712     5.4636      9.916    32.3412    24.5673 0.0000e+00
 245.630064     11.000  36.943549    11.6166     5.0069     10.908    32.3617    24.6115 0.0000e+00
 245.630072     12.000  36.887386    11.5622     4.7550     11.899    32.3540    24.6154 0.0000e+00
 245.630081     13.000  36.786429    11.4719     4.9242     12.891    32.3338    24.6162 0.0000e+00
 245.630089     14.000  36.428241    11.1924     5.2325     13.883    32.2263    24.5825 0.0000e+00
 245.630097     15.000  35.784300    10.7663     5.3961     14.875    31.9624    24.4518 0.0000e+00
 245.630106     16.000  35.039685    10.0830     5.3947     15.866    31.8157    24.4525 0.0000e+00
 245.630115     17.000  34.472691     9.2764     5.3505     16.858    31.9536    24.6905 0.0000e+00
 245.630124     18.000  34.241863     8.8681     5.2796     17.849    32.0816    24.8542 0.0000e+00
 245.630132     19.000  34.148201     8.5625     5.1953     18.841    32.2612    25.0410 0.0000e+00
 245.630141     20.000  34.020392     8.0763     4.9200     19.832    32.5743    25.3583 0.0000e+00
 245.630150     21.000  33.873785     7.7472     4.4475     20.823    32.7246    25.5238 0.0000e+00
 245.630159     22.000  33.761226     7.6373     4.0663     21.815    32.7066    25.5252 0.0000e+00
 245.630168     23.000  33.711367     7.5945     3.8516     22.807    32.6927    25.5203 0.0000e+00
 245.630176     24.000  33.752307     7.5840     3.5542     23.798    32.7462    25.5638 0.0000e+00
 245.630185     25.000  33.843974     7.5992     3.2641     24.790    32.8301    25.6277 0.0000e+00
 245.630194     26.000  33.901037     7.6144     3.3893     25.781    32.8767    25.6621 0.0000e+00
 245.630202     27.000  33.966664     7.6519     3.6886     26.773    32.9114    25.6840 0.0000e+00
 245.630210     28.000  34.060792     7.7177     3.7381     27.764    32.9497    25.7049 0.0000e+00
 245.630219     29.000  34.094842     7.7454     3.5570     28.756    32.9596    25.7087 0.0000e+00
 245.630227     30.000  34.027852     7.7230     3.3050     29.748    32.9084    25.6718 0.0000e+00
 245.630235     31.000  33.975574     7.6781     3.1405     30.739    32.8943    25.6670 0.0000e+00
 245.630243     32.000  33.994825     7.6480     2.9782     31.731    32.9429    25.7095 0.0000e+00
 245.630252     33.000  34.062501     7.6186     2.8465     32.722    33.0432    25.7925 0.0000e+00
 245.630259     34.000  34.115661     7.5792     2.7981     33.713    33.1376    25.8722 0.0000e+00
 245.630267     35.000  34.150706     7.5586     2.8340     34.705    33.1945    25.9200 0.0000e+00
 245.630276     36.000  34.192968     7.5603     2.8460     35.696    33.2381    25.9539 0.0000e+00
 245.630285     37.000  34.232143     7.5490     2.7635     36.687    33.2907    25.9969 0.0000e+00
 245.630292     38.000  34.246171     7.5356     2.6284     37.679    33.3182    26.0204 0.0000e+00
 245.630300     39.000  34.246364     7.5282     2.5323     38.671    33.3251    26.0269 0.0000e+00
 245.630309     40.000  34.263880     7.5206     2.5077     39.662    33.3508    26.0483 0.0000e+00
 245.630316     41.000  34.297086     7.5150     2.4907     40.654    33.3917    26.0812 0.0000e+00
 245.630325     42.000  34.329924     7.5091     2.4695     41.645    33.4323    26.1140 0.0000e+00
 245.630333     43.000  34.347879     7.4992     2.4303     42.637    33.4608    26.1378 0.0000e+00
 245.630341     44.000  34.355207     7.4876     2.3872     43.628    33.4795    26.1541 0.0000e+00
 245.630350     45.000  34.361159     7.4699     2.3485     44.619    33.5024    26.1747 0.0000e+00
 245.630358     46.000  34.366751     7.4545     2.2990     45.611    33.5229    26.1931 0.0000e+00
 245.630367     47.000  34.370906     7.4512     2.2364     46.603    33.5301    26.1992 0.0000e+00
 245.630375     48.000  34.376862     7.4544     2.1638     47.594    33.5331    26.2010 0.0000e+00
 245.630384     49.000  34.386000     7.4579     2.0248     48.585    33.5391    26.2053 0.0000e+00
 245.630393     50.000  34.396776     7.4606     1.7432     49.576    33.5477    26.2117 0.0000e+00
 245.630400     51.000  34.406459     7.4603     1.3889     50.568    33.5580    26.2198 0.0000e+00
 245.630409     52.000  34.416269     7.4508     1.1424     51.559    33.5773    26.2364 0.0000e+00
 245.630417     53.000  34.434073     7.4280     1.0535     52.551    33.6183    26.2718 0.0000e+00
 245.630425     54.000  34.467473     7.3994     1.0721     53.542    33.6818    26.3258 0.0000e+00
 245.630433     55.000  34.496463     7.3801     1.1002     54.534    33.7315    26.3676 0.0000e+00
 245.630442     56.000  34.512657     7.3723     1.1321     55.525    33.7562    26.3882 0.0000e+00
 245.630450     57.000  34.522628     7.3690     1.1544     56.516    33.7698    26.3993 0.0000e+00
 245.630459     58.000  34.526915     7.3655     1.1710     57.508    33.7774    26.4058 0.0000e+00
 245.630468     59.000  34.529414     7.3606     1.1898     58.499    33.7845    26.4121 0.0000e+00
 245.630476     60.000  34.531790     7.3564     1.2038     59.491    33.7906    26.4176 0.0000e+00
 245.630485     61.000  34.533743     7.3540     1.2181     60.482    33.7946    26.4210 0.0000e+00
 245.630495     62.000  34.535267     7.3531     1.2235     61.473    33.7967    26.4228 0.0000e+00
 245.630504     63.000  34.536792     7.3541     1.2362     62.465    33.7969    26.4228 0.0000e+00
 245.630516     64.000  34.538175     7.3553     1.2400     63.456    33.7967    26.4225 0.0000e+00
 245.630529     65.000  34.539817     7.3557     1.2478     64.448    33.7976    26.4232 0.0000e+00
 245.630592     66.000  34.542861     7.3546     1.2273     65.438    33.8015    26.4264 0.0000e+00
