data/oxygen options/ONMS/Olympic_Coast_National_Marine_Sanctuary_CTD_Data_2005_2023/raw_data/2009/CTD_CE065_060109faed.cnv
* Sea-Bird SBE19 Data File:
* FileName = C:\2009_MOORING_DATA\CTD_CE065_060109.hex
* Software Version 1.59
* Temperature SN = 2997
* Conductivity SN = 2997
* System UpLoad Time = Jun 01 2009 15:40:56
* ds
* SEACAT PROFILER V3.1c SN 2997   06/01/09  15:40:34.710
# nquan = 9                                 
# nvalues = 2550                        
# units = specified
# name 0 = timeJ: Julian Days
# name 1 = prSM: Pressure, Strain Gauge [db]
# name 2 = c0mS/cm: Conductivity [mS/cm]
# name 3 = t090C: Temperature [ITS-90, deg C]
# name 4 = sbeox0ML/L: Oxygen, SBE 43 [ml/l]
# name 5 = depSM: Depth [salt water, m], lat = 47.5
# name 6 = sal00: Salinity, Practical [PSU]
# name 7 = sigma-é00: Density [sigma-theta, kg/m^3]
# name 8 = flag: flag
# span 0 = 152.518391, 152.533142       
# span 1 =     -5.550,     65.216       
# span 2 =   0.084024,  37.283191       
# span 3 =     7.0191,    14.5543       
# span 4 =   -16.9076,    30.0717       
# span 5 =     -5.504,     64.661       
# span 6 =     0.0519,    33.7752       
# span 7 =    -0.7697,    26.4520       
# span 8 = 0.0000e+00, 0.0000e+00       
# interval = seconds: 0.5
# start_time = Jun 01 2009 12:26:29 [Instrument's time stamp, header]
# bad_flag = -9.990e-29
*END*
[from data line 1601]
 152.527656     49.168  34.217404     7.0489     1.9783     48.752    33.7535    26.4308 -9.990e-29
 152.527662     49.172  34.217222     7.0488     1.9772     48.756    33.7534    26.4308 -9.990e-29
 152.527668     49.185  34.216981     7.0480     1.9776     48.769    33.7540    26.4313 -9.990e-29
 152.527674     49.202  34.216913     7.0464     1.9877     48.786    33.7554    26.4327 -9.990e-29
 152.527679     49.221  34.216921     7.0444     1.9916     48.804    33.7574    26.4345 -9.990e-29
 152.527685     49.233  34.217010     7.0426     1.9992     48.816    33.7593    26.4362 -9.990e-29
 152.527691     49.231  34.217292     7.0422     2.0093     48.814    33.7600    26.4368 -9.990e-29
 152.527697     49.211  34.217575     7.0433     2.0205     48.794    33.7592    26.4360 -9.990e-29
 152.527703     49.180  34.217669     7.0446     2.0453     48.764    33.7580    26.4350 -9.990e-29
 152.527708     49.149  34.217694     7.0454     2.0503     48.733    33.7573    26.4343 -9.990e-29
 152.527714     49.119  34.217678     7.0458     2.0650     48.703    33.7569    26.4339 -9.990e-29
 152.527720     49.095  34.217592     7.0461     2.0599     48.679    33.7565    26.4336 -9.990e-29
 152.527726     49.082  34.217317     7.0462     2.0670     48.667    33.7561    26.4332 -9.990e-29
 152.527731     49.084  34.217042     7.0461     2.0669     48.669    33.7559    26.4331 -9.990e-29
 152.527737     49.101  34.216954     7.0461     2.0655     48.685    33.7558    26.4330 -9.990e-29
 152.527743     49.134  34.216931     7.0463     2.0717     48.718    33.7556    26.4328 -9.990e-29
 152.527749     49.181  34.216935     7.0467     2.0556     48.765    33.7552    26.4324 -9.990e-29
 152.527755     49.233  34.216964     7.0471     2.0677     48.816    33.7548    26.4321 -9.990e-29
 152.527760     49.275  34.217051     7.0471     2.0651     48.858    33.7549    26.4321 -9.990e-29
 152.527766     49.297  34.217305     7.0469     2.0625     48.880    33.7553    26.4325 -9.990e-29
 152.527772     49.296  34.217497     7.0470     2.0625     48.879    33.7554    26.4326 -9.990e-29
 152.527778     49.277  34.217316     7.0475     2.0525     48.860    33.7548    26.4320 -9.990e-29
 152.527784     49.251  34.217075     7.0479     2.0610     48.834    33.7541    26.4314 -9.990e-29
 152.527789     49.234  34.217006     7.0480     2.0637     48.817    33.7540    26.4313 -9.990e-29
 152.527795     49.232  34.217014     7.0476     2.0636     48.815    33.7544    26.4317 -9.990e-29
 152.527801     49.239  34.217102     7.0473     2.0611     48.822    33.7547    26.4320 -9.990e-29
 152.527807     49.236  34.217380     7.0474     2.0648     48.819    33.7550    26.4321 -9.990e-29
 152.527813     49.214  34.217654     7.0478     2.0674     48.797    33.7549    26.4320 -9.990e-29
 152.527818     49.182  34.217720     7.0481     2.0673     48.766    33.7547    26.4318 -9.990e-29
 152.527824     49.155  34.217662     7.0483     2.0648     48.739    33.7544    26.4316 -9.990e-29
 152.527830     49.142  34.217396     7.0483     2.0770     48.726    33.7541    26.4314 -9.990e-29
 152.527836     49.144  34.217124     7.0480     2.0820     48.728    33.7541    26.4314 -9.990e-29
 152.527841     49.157  34.217037     7.0477     2.0819     48.741    33.7543    26.4316 -9.990e-29
 152.527847     49.181  34.217011     7.0478     2.0940     48.765    33.7542    26.4315 -9.990e-29
 152.527853     49.213  34.217006     7.0478     2.0804     48.796    33.7542    26.4315 -9.990e-29
 152.527859     49.252  34.217007     7.0477     2.0865     48.835    33.7542    26.4315 -9.990e-29
 152.527865     49.295  34.217012     7.0479     2.0840     48.878    33.7540    26.4314 -9.990e-29
 152.527870     49.332  34.217020     7.0482     2.0850     48.914    33.7537    26.4311 -9.990e-29
 152.527876     49.353  34.217034     7.0482     2.0900     48.935    33.7537    26.4311 -9.990e-29
 152.527882     49.354  34.217067     7.0480     2.0763     48.936    33.7540    26.4313 -9.990e-29
 152.527888     49.337  34.217155     7.0481     2.0800     48.919    33.7540    26.4313 -9.990e-29
 152.527894     49.300  34.217408     7.0484     2.0775     48.883    33.7540    26.4312 -9.990e-29
 152.527899     49.248  34.217599     7.0487     2.0715     48.831    33.7539    26.4311 -9.990e-29
 152.527905     49.201  34.217416     7.0489     2.0629     48.785    33.7535    26.4308 -9.990e-29
 152.527911     49.168  34.217171     7.0487     2.0812     48.752    33.7535    26.4308 -9.990e-29
 152.527917     49.143  34.217093     7.0486     2.0826     48.727    33.7535    26.4308 -9.990e-29
 152.527922     49.119  34.217070     7.0488     2.0790     48.703    33.7533    26.4307 -9.990e-29
 152.527928     49.096  34.217065     7.0489     2.0827     48.680    33.7532    26.4306 -9.990e-29
 152.527934     49.075  34.217067     7.0489     2.0726     48.660    33.7532    26.4306 -9.990e-29
 152.527940     49.069  34.217070     7.0487     2.0887     48.654    33.7534    26.4308 -9.990e-29
 152.527946     49.086  34.217074     7.0486     2.0852     48.671    33.7535    26.4308 -9.990e-29
 152.527951     49.123  34.217079     7.0488     2.0862     48.707    33.7533    26.4307 -9.990e-29
 152.527957     49.168  34.217083     7.0488     2.0775     48.752    33.7533    26.4306 -9.990e-29
 152.527963     49.208  34.217085     7.0487     2.0810     48.791    33.7534    26.4307 -9.990e-29
 152.527969     49.237  34.217081     7.0486     2.0860     48.820    33.7534    26.4308 -9.990e-29
 152.527975     49.257  34.217058     7.0485     2.0836     48.840    33.7535    26.4309 -9.990e-29
 152.527980     49.268  34.216979     7.0483     2.0861     48.851    33.7536    26.4310 -9.990e-29
 152.527986     49.272  34.216735     7.0482     2.0811     48.855    33.7534    26.4308 -9.990e-29
 152.527992     49.269  34.216553     7.0481     2.0811     48.852    33.7533    26.4308 -9.990e-29
 152.527998     49.258  34.216743     7.0482     2.0811     48.841    33.7535    26.4309 -9.990e-29
 152.528003     49.240  34.216994     7.0486     2.0811     48.823    33.7534    26.4307 -9.990e-29
 152.528009     49.212  34.217072     7.0491     2.0811     48.795    33.7530    26.4303 -9.990e-29
 152.528015     49.177  34.217076     7.0495     2.0813     48.761    33.7526    26.4300 -9.990e-29
 152.528021     49.147  34.217006     7.0492     2.0726     48.731    33.7528    26.4302 -9.990e-29
 152.528027     49.131  34.216763     7.0487     2.0873     48.715    33.7531    26.4305 -9.990e-29
 152.528032     49.130  34.216578     7.0486     2.1009     48.714    33.7529    26.4304 -9.990e-29
 152.528038     49.133  34.216758     7.0485     2.1060     48.717    33.7532    26.4306 -9.990e-29
 152.528044     49.138  34.216974     7.0483     2.1146     48.722    33.7537    26.4310 -9.990e-29
 152.528050     49.144  34.216948     7.0483     2.0959     48.728    33.7536    26.4310 -9.990e-29
 152.528056     49.152  34.216639     7.0482     2.0969     48.736    33.7534    26.4308 -9.990e-29
 152.528061     49.166  34.216189     7.0479     2.1055     48.750    33.7532    26.4307 -9.990e-29
 152.528067     49.192  34.216113     7.0474     2.1055     48.776    33.7536    26.4311 -9.990e-29
 152.528073     49.223  34.216306     7.0471     2.0994     48.806    33.7541    26.4315 -9.990e-29
 152.528079     49.248  34.216457     7.0472     2.0806     48.831    33.7541    26.4315 -9.990e-29
 152.528084     49.264  34.216759     7.0475     2.0816     48.847    33.7542    26.4315 -9.990e-29
 152.528090     49.273  34.217050     7.0478     2.0781     48.856    33.7542    26.4315 -9.990e-29
 152.528096     49.275  34.217151     7.0480     2.0917     48.858    33.7541    26.4314 -9.990e-29
 152.528102     49.269  34.217188     7.0482     2.0881     48.852    33.7539    26.4312 -9.990e-29
 152.528108     49.257  34.217207     7.0482     2.0918     48.840    33.7540    26.4313 -9.990e-29
 152.528113     49.236  34.217224     7.0482     2.0969     48.819    33.7540    26.4313 -9.990e-29
 152.528119     49.205  34.217258     7.0481     2.1118     48.789    33.7541    26.4314 -9.990e-29
 152.528125     49.164  34.217348     7.0479     2.1365     48.748    33.7545    26.4317 -9.990e-29
 152.528131     49.112  34.217608     7.0479     2.1279     48.696    33.7548    26.4319 -9.990e-29
 152.528137     49.060  34.217817     7.0480     2.1204     48.645    33.7549    26.4320 -9.990e-29
 152.528142     49.022  34.217502     7.0483     2.1052     48.607    33.7543    26.4315 -9.990e-29
 152.528148     49.008  34.216802     7.0488     2.0975     48.593    33.7531    26.4305 -9.990e-29
 152.528154     49.022  34.216270     7.0493     2.0939     48.607    33.7520    26.4295 -9.990e-29
 152.528160     49.064  34.216305     7.0492     2.0912     48.649    33.7521    26.4296 -9.990e-29
 152.528166     49.128  34.216757     7.0484     2.0913     48.712    33.7533    26.4307 -9.990e-29
 152.528171     49.197  34.217099     7.0475     2.0852     48.781    33.7546    26.4318 -9.990e-29
 152.528177     49.254  34.217219     7.0473     2.1049     48.837    33.7549    26.4321 -9.990e-29
 152.528183     49.291  34.217263     7.0475     2.1013     48.874    33.7547    26.4319 -9.990e-29
 152.528189     49.304  34.217282     7.0477     2.1268     48.887    33.7545    26.4318 -9.990e-29
 152.528194     49.295  34.217292     7.0483     2.1259     48.878    33.7539    26.4312 -9.990e-29
 152.528200     49.263  34.217297     7.0494     2.1246     48.846    33.7529    26.4302 -9.990e-29
 152.528206     49.215  34.217294     7.0508     2.1247     48.798    33.7515    26.4290 -9.990e-29
 152.528212     49.164  34.217271     7.0520     2.1122     48.748    33.7504    26.4279 -9.990e-29
 152.528218     49.121  34.217190     7.0527     2.1233     48.705    33.7496    26.4272 -9.990e-29
 152.528223     49.087  34.216937     7.0530     2.1122     48.672    33.7491    26.4267 -9.990e-29
 152.528229     49.055  34.216726     7.0532     2.1184     48.640    33.7486    26.4264 -9.990e-29
 152.528235     49.020  34.216824     7.0531     2.1099     48.605    33.7489    26.4266 -9.990e-29
 152.528241     48.982  34.216794     7.0531     2.1135     48.567    33.7488    26.4266 -9.990e-29
 152.528247     48.962  34.216585     7.0530     2.1184     48.548    33.7487    26.4265 -9.990e-29
 152.528252     48.980  34.216472     7.0523     2.1159     48.565    33.7493    26.4270 -9.990e-29
 152.528258     49.027  34.216298     7.0511     2.1182     48.612    33.7502    26.4279 -9.990e-29
 152.528264     49.085  34.216382     7.0503     2.1044     48.670    33.7511    26.4287 -9.990e-29
 152.528270     49.146  34.216825     7.0503     2.1104     48.730    33.7515    26.4291 -9.990e-29
 152.528275     49.209  34.217088     7.0507     2.1129     48.792    33.7514    26.4289 -9.990e-29
 152.528281     49.274  34.216950     7.0506     2.1327     48.857    33.7513    26.4289 -9.990e-29
 152.528287     49.332  34.216780     7.0502     2.1402     48.914    33.7515    26.4290 -9.990e-29
 152.528293     49.369  34.216903     7.0501     2.1438     48.951    33.7517    26.4292 -9.990e-29
 152.528299     49.375  34.216912     7.0507     2.1499     48.957    33.7511    26.4287 -9.990e-29
 152.528304     49.347  34.216807     7.0517     2.1426     48.929    33.7501    26.4277 -9.990e-29
 152.528310     49.286  34.217000     7.0529     2.1574     48.869    33.7491    26.4268 -9.990e-29
 152.528316     49.206  34.217181     7.0540     2.1549     48.790    33.7483    26.4260 -9.990e-29
 152.528322     49.127  34.217022     7.0545     2.1671     48.711    33.7477    26.4254 -9.990e-29
 152.528328     49.067  34.216865     7.0546     2.1498     48.652    33.7474    26.4252 -9.990e-29
 152.528333     49.033  34.217054     7.0545     2.1431     48.618    33.7477    26.4255 -9.990e-29
 152.528339     49.028  34.217271     7.0550     2.1231     48.613    33.7475    26.4252 -9.990e-29
 152.528345     49.052  34.217239     7.0558     2.1131     48.637    33.7467    26.4245 -9.990e-29
 152.528351     49.102  34.216905     7.0558     2.1205     48.686    33.7463    26.4242 -9.990e-29
 152.528356     49.168  34.216375     7.0548     2.1121     48.752    33.7466    26.4246 -9.990e-29
 152.528362     49.237  34.216054     7.0537     2.1456     48.820    33.7473    26.4253 -9.990e-29
 152.528368     49.293  34.216063     7.0529     2.1704     48.876    33.7481    26.4260 -9.990e-29
 152.528374     49.318  34.216402     7.0529     2.1780     48.901    33.7485    26.4263 -9.990e-29
 152.528380     49.304  34.216952     7.0539     2.1840     48.887    33.7481    26.4258 -9.990e-29
 152.528385     49.255  34.217317     7.0556     2.1577     48.838    33.7468    26.4246 -9.990e-29
 152.528391     49.185  34.217414     7.0573     2.1536     48.769    33.7453    26.4232 -9.990e-29
 152.528397     49.119  34.217368     7.0586     2.1536     48.703    33.7440    26.4220 -9.990e-29
 152.528403     49.080  34.217110     7.0593     2.1683     48.665    33.7431    26.4212 -9.990e-29
 152.528409     49.072  34.216850     7.0589     2.1671     48.657    33.7432    26.4213 -9.990e-29
 152.528414     49.091  34.216792     7.0577     2.1683     48.675    33.7443    26.4223 -9.990e-29
 152.528420     49.122  34.216849     7.0569     2.1660     48.706    33.7451    26.4231 -9.990e-29
 152.528426     49.145  34.217088     7.0568     2.1672     48.729    33.7455    26.4234 -9.990e-29
 152.528432     49.148  34.217257     7.0570     2.1807     48.732    33.7455    26.4234 -9.990e-29
 152.528438     49.127  34.217012     7.0574     2.1694     48.711    33.7448    26.4228 -9.990e-29
 152.528443     49.095  34.216577     7.0580     2.1472     48.679    33.7438    26.4219 -9.990e-29
 152.528449     49.070  34.216483     7.0587     2.1175     48.655    33.7430    26.4212 -9.990e-29
 152.528455     49.058  34.216596     7.0594     2.1013     48.643    33.7424    26.4206 -9.990e-29
 152.528461     49.061  34.216500     7.0599     2.0915     48.646    33.7418    26.4201 -9.990e-29
 152.528466     49.077  34.216618     7.0590     2.1017     48.662    33.7428    26.4210 -9.990e-29
 152.528472     49.103  34.217097     7.0569     2.1058     48.687    33.7454    26.4233 -9.990e-29
 152.528478     49.129  34.217448     7.0556     2.1218     48.713    33.7470    26.4248 -9.990e-29
 152.528484     49.142  34.217569     7.0561     2.1514     48.726    33.7467    26.4244 -9.990e-29
 152.528490     49.145  34.217611     7.0575     2.1589     48.729    33.7454    26.4232 -9.990e-29
 152.528495     49.145  34.217621     7.0583     2.1787     48.729    33.7446    26.4225 -9.990e-29
 152.528501     49.147  34.217604     7.0587     2.1651     48.731    33.7442    26.4221 -9.990e-29
 152.528507     49.151  34.217529     7.0594     2.1782     48.735    33.7434    26.4214 -9.990e-29
 152.528513     49.157  34.217287     7.0600     2.1807     48.741    33.7425    26.4206 -9.990e-29
 152.528519     49.166  34.217106     7.0598     2.1818     48.750    33.7425    26.4207 -9.990e-29
 152.528524     49.174  34.217296     7.0595     2.1821     48.758    33.7430    26.4211 -9.990e-29
 152.528530     49.173  34.217542     7.0603     2.1673     48.757    33.7425    26.4206 -9.990e-29
 152.528536     49.162  34.217600     7.0620     2.1733     48.746    33.7409    26.4191 -9.990e-29
 152.528542     49.151  34.217541     7.0630     2.1534     48.735    33.7399    26.4181 -9.990e-29
 152.528547     49.142  34.217277     7.0628     2.1396     48.726    33.7398    26.4181 -9.990e-29
 152.528553     49.134  34.217008     7.0624     2.1089     48.718    33.7399    26.4182 -9.990e-29
 152.528559     49.127  34.216927     7.0627     2.0844     48.711    33.7395    26.4179 -9.990e-29
 152.528565     49.126  34.216917     7.0629     2.0747     48.710    33.7393    26.4177 -9.990e-29
 152.528571     49.138  34.216956     7.0617     2.0736     48.722    33.7405    26.4188 -9.990e-29
