data/oxygen options/ONMS/Olympic_Coast_National_Marine_Sanctuary_CTD_Data_2005_2023/raw_data/2009/CTD_KL027_060209faedb.cnv
* Sea-Bird SBE19 Data File:
* FileName = C:\2009_MOORING_DATA\CTD_KL027_060209.hex
* Software Version 1.59
* Temperature SN = 2997
* Conductivity SN = 2997
* System UpLoad Time = Jun 02 2009 15:01:52
* ds
* SEACAT PROFILER V3.1c SN 2997   06/02/09  15:01:25.237
# nquan = 9
# nvalues = 26                          
# units = specified
# name 0 = timeJ: Julian Days
# name 1 = prSM: Pressure, Strain Gauge [db]
# name 2 = c0mS/cm: Conductivity [mS/cm]
# name 3 = t090C: Temperature [ITS-90, deg C]
# name 4 = sbeox0ML/L: Oxygen, SBE 43 [ml/l]
# name 5 = depSM: Depth [salt water, m], lat = 47.5
# name 6 = sal00: Salinity, Practical [PSU]
# name 7 = sigma-é00: Density [sigma-theta, kg/m^3]
# name 8 = flag: flag
# span 0 = 153.414389, 153.414673       
# span 1 =      3.000,     28.000       
# span 2 =  33.900313,  36.051068       
# span 3 =     7.2009,    10.3948       
# span 4 =     2.6253,     6.3310       
# span 5 =      2.975,     27.764       
# span 6 =    32.5628,    33.4039       
# span 7 =    24.9830,    26.1222       
# span 8 = 0.0000e+00, 0.0000e+00       
# interval = decibars: 1                
# start_time = Jun 02 2009 09:51:38 [Instrument's time stamp, header]
# bad_flag = -9.990e-29
*END*
 153.414389      3.000  36.051068    10.3948     6.3310      2.975    32.5628    24.9830 0.0000e+00
 153.414405      4.000  35.733645     9.8374     4.4467      3.967    32.7444    25.2178 0.0000e+00
 153.414418      5.000  35.376174     9.3002     4.3016      4.958    32.8686    25.4020 0.0000e+00
 153.414428      6.000  35.033666     8.8825     4.3379      5.950    32.8983    25.4909 0.0000e+00
 153.414438      7.000  34.791899     8.6666     4.2372      6.942    32.8455    25.4829 0.0000e+00
 153.414447      8.000  34.802762     8.6067     4.0369      7.933    32.9122    25.5443 0.0000e+00
 153.414457      9.000  34.747070     8.5359     3.8729      8.924    32.9193    25.5605 0.0000e+00
 153.414466     10.000  34.669409     8.4559     3.8007      9.917    32.9117    25.5667 0.0000e+00
 153.414474     11.000  34.561302     8.3391     3.7884     10.908    32.9063    25.5800 0.0000e+00
 153.414484     12.000  34.412846     8.1830     3.7145     11.900    32.8948    25.5942 0.0000e+00
 153.414493     13.000  34.259584     7.9812     3.5711     12.891    32.9208    25.6440 0.0000e+00
 153.414501     14.000  34.098173     7.7640     3.4776     13.883    32.9527    25.7004 0.0000e+00
 153.414510     15.000  33.991020     7.6085     3.4999     14.874    32.9843    25.7474 0.0000e+00
 153.414520     16.000  33.946117     7.5055     3.5270     15.865    33.0334    25.8004 0.0000e+00
 153.414528     17.000  33.936396     7.4143     3.3232     16.857    33.1094    25.8730 0.0000e+00
 153.414537     18.000  33.921439     7.2977     2.9724     17.849    33.2043    25.9639 0.0000e+00
 153.414547     19.000  33.900313     7.2033     2.7159     18.841    33.2716    26.0299 0.0000e+00
 153.414556     20.000  33.931855     7.2009     2.7023     19.832    33.3079    26.0588 0.0000e+00
 153.414566     21.000  34.004255     7.2306     2.7539     20.823    33.3576    26.0938 0.0000e+00
 153.414576     22.000  34.049737     7.2525     2.8229     21.815    33.3855    26.1127 0.0000e+00
 153.414585     23.000  34.060938     7.2601     2.8274     22.807    33.3899    26.1152 0.0000e+00
 153.414595     24.000  34.065590     7.2659     2.7440     23.798    33.3888    26.1135 0.0000e+00
 153.414605     25.000  34.070179     7.2721     2.6253     24.790    33.3874    26.1116 0.0000e+00
 153.414615     26.000  34.085182     7.2805     2.6263     25.781    33.3951    26.1165 0.0000e+00
 153.414628     27.000  34.101867     7.2896     2.7776     26.773    33.4039    26.1222 0.0000e+00
 153.414673     28.000  34.037511     7.2962     2.8305     27.764    33.3271    26.0608 0.0000e+00
