data/oxygen options/ONMS/Olympic_Coast_National_Marine_Sanctuary_CTD_Data_2005_2023/raw_data/2009/CTD_CA042_072809faedb.cnv
* Sea-Bird SBE19 Data File:
* FileName = C:\2009_MOORING_DATA\072809_DATA\CTD_CA042_072809.hex
* Software Version 1.24
* Temperature SN = 2997
* Conductivity SN = 2997
* System UpLoad Time = Jul 28 2009 17:32:31
* SEACAT PROFILER V3.1c SN 2997   07/28/09  17:31:49.998
* strain gauge pressure sensor: S/N = 184829,  range = 3000 psia,  tc = 40
# nquan = 9
# nvalues = 38                          
# units = specified
# name 0 = timeJ: Julian Days
# name 1 = prSM: Pressure, Strain Gauge [db]
# name 2 = c0mS/cm: Conductivity [mS/cm]
# name 3 = t090C: Temperature [ITS-90, deg C]
# name 4 = sbeox0ML/L: Oxygen, SBE 43 [ml/l]
# name 5 = depSM: Depth [salt water, m], lat = 47.5
# name 6 = sal00: Salinity, Practical [PSU]
# name 7 = sigma-é00: Density [sigma-theta, kg/m^3]
# name 8 = flag: flag
# span 0 = 209.509811, 209.510438       
# span 1 =      3.000,     40.000       
# span 2 =  34.246157,  37.546086       
# span 3 =     7.2839,    12.5274       
# span 4 =     2.6924,     7.8627       
# span 5 =      2.975,     39.662       
# span 6 =    32.1586,    33.5740       
# span 7 =    24.2839,    26.2570       
# span 8 = 0.0000e+00, 0.0000e+00       
# interval = decibars: 1                
# start_time = Jul 28 2009 12:08:08 [Instrument's time stamp, header]
# bad_flag = -9.990e-29
*END*
 209.509811      3.000  37.546086    12.5274     7.8627      2.975    32.1586    24.2839 0.0000e+00
 209.509832      4.000  37.500825    12.4646     7.6133      3.966    32.1688    24.3039 0.0000e+00
 209.509852      5.000  37.491594    12.4256     7.1979      4.958    32.1929    24.3299 0.0000e+00
 209.509873      6.000  37.455405    12.3299     7.2074      5.950    32.2402    24.3847 0.0000e+00
 209.509894      7.000  37.335326    12.1664     6.8764      6.941    32.2654    24.4351 0.0000e+00
 209.509914      8.000  37.330658    12.1188     6.6401      7.933    32.3016    24.4721 0.0000e+00
 209.509932      9.000  37.283289    12.0175     6.5146      8.924    32.3431    24.5232 0.0000e+00
 209.509952     10.000  37.289888    11.9897     6.3217      9.916    32.3733    24.5518 0.0000e+00
 209.509972     11.000  37.274821    11.9069     5.8881     10.908    32.4303    24.6115 0.0000e+00
 209.509991     12.000  37.102759    11.6048     5.6490     11.900    32.5268    24.7419 0.0000e+00
 209.510007     13.000  36.675558    11.0574     5.3958     12.891    32.5898    24.8893 0.0000e+00
 209.510021     14.000  36.339548    10.7240     4.7554     13.883    32.5524    24.9186 0.0000e+00
 209.510036     15.000  36.101556    10.3966     3.9873     14.874    32.6066    25.0171 0.0000e+00
 209.510051     16.000  35.776576     9.9127     3.4270     15.866    32.7143    25.1822 0.0000e+00
 209.510067     17.000  35.536382     9.4377     3.2984     16.857    32.9019    25.4063 0.0000e+00
 209.510082     18.000  35.360784     9.0389     3.2952     17.849    33.0884    25.6157 0.0000e+00
 209.510096     19.000  35.245265     8.7986     3.3627     18.840    33.1918    25.7341 0.0000e+00
 209.510110     20.000  35.087951     8.5741     3.3983     19.832    33.2371    25.8040 0.0000e+00
 209.510122     21.000  35.002289     8.4816     3.3738     20.824    33.2335    25.8153 0.0000e+00
 209.510135     22.000  34.932464     8.4116     3.2676     21.815    33.2254    25.8195 0.0000e+00
 209.510149     23.000  34.893708     8.3490     3.1692     22.807    33.2430    25.8428 0.0000e+00
 209.510162     24.000  34.845521     8.2562     3.1465     23.798    33.2793    25.8851 0.0000e+00
 209.510176     25.000  34.781369     8.1574     3.1278     24.790    33.3044    25.9195 0.0000e+00
 209.510189     26.000  34.738545     8.0865     3.1338     25.781    33.3257    25.9467 0.0000e+00
 209.510204     27.000  34.721914     8.0516     3.0784     26.773    33.3408    25.9637 0.0000e+00
 209.510220     28.000  34.704057     8.0358     3.0089     27.764    33.3363    25.9625 0.0000e+00
 209.510237     29.000  34.655861     7.9472     2.9417     28.756    33.3689    26.0011 0.0000e+00
 209.510254     30.000  34.595698     7.8372     2.9065     29.747    33.4091    26.0486 0.0000e+00
 209.510271     31.000  34.542760     7.7672     2.8747     30.739    33.4189    26.0665 0.0000e+00
 209.510288     32.000  34.500584     7.6970     2.8691     31.731    33.4405    26.0935 0.0000e+00
 209.510306     33.000  34.459177     7.6497     2.8400     32.722    33.4408    26.1006 0.0000e+00
 209.510327     34.000  34.462784     7.6277     2.7848     33.714    33.4654    26.1231 0.0000e+00
 209.510345     35.000  34.376668     7.4653     2.7765     34.705    33.5286    26.1957 0.0000e+00
 209.510361     36.000  34.278331     7.3448     2.7304     35.696    33.5380    26.2201 0.0000e+00
 209.510376     37.000  34.246157     7.3053     2.7183     36.688    33.5409    26.2279 0.0000e+00
 209.510394     38.000  34.255779     7.2951     2.7223     37.679    33.5608    26.2450 0.0000e+00
 209.510414     39.000  34.267935     7.3051     2.7002     38.671    33.5638    26.2459 0.0000e+00
 209.510438     40.000  34.258822     7.2839     2.6924     39.662    33.5740    26.2570 0.0000e+00
