data/oxygen options/ONMS/Olympic_Coast_National_Marine_Sanctuary_CTD_Data_2005_2023/raw_data/2009/CTD_CE065_070709faed.cnv
* Sea-Bird SBE19 Data File:
* FileName = C:\2009_MOORING_DATA\070609_data\CTD_CE065_070609.hex
* Software Version 1.24
* Temperature SN = 2997
* Conductivity SN = 2997
* System UpLoad Time = Jul 07 2009 16:37:02
* SEACAT PROFILER V3.1c SN 2997   07/07/09  16:36:11.324
* strain gauge pressure sensor: S/N = 184829,  range = 3000 psia,  tc = 40
# nquan = 9                                 
# nvalues = 2337                        
# units = specified
# name 0 = timeJ: Julian Days
# name 1 = prSM: Pressure, Strain Gauge [db]
# name 2 = c0mS/cm: Conductivity [mS/cm]
# name 3 = t090C: Temperature [ITS-90, deg C]
# name 4 = sbeox0ML/L: Oxygen, SBE 43 [ml/l]
# name 5 = depSM: Depth [salt water, m], lat = 47.5
# name 6 = sal00: Salinity, Practical [PSU]
# name 7 = sigma-é00: Density [sigma-theta, kg/m^3]
# name 8 = flag: flag
# span 0 = 188.548414, 188.561933       
# span 1 =     -5.588,     66.993       
# span 2 =   0.053857,  38.633457       
# span 3 =     7.1174,    15.3602       
# span 4 =    -1.6321,    22.7147       
# span 5 =     -5.541,     66.423       
# span 6 =     0.0344,    33.7770       
# span 7 =    -0.9275,    26.4398       
# span 8 = 0.0000e+00, 0.0000e+00       
# interval = seconds: 0.5
# start_time = Jul 07 2009 13:09:43 [Instrument's time stamp, header]
# bad_flag = -9.990e-29
*END*
[from data line 2081]
 188.560457     23.631  35.233010     8.9203     4.3586     23.432    33.0632    25.6146 -9.990e-29
 188.560463     23.630  35.234682     8.9219     4.3578     23.431    33.0635    25.6145 -9.990e-29
 188.560469     23.623  35.237099     8.9233     4.3464     23.425    33.0647    25.6153 -9.990e-29
 188.560475     23.617  35.238428     8.9242     4.3436     23.419    33.0652    25.6155 -9.990e-29
 188.560480     23.618  35.239307     8.9244     4.3480     23.420    33.0660    25.6161 -9.990e-29
 188.560486     23.624  35.239776     8.9234     4.3522     23.425    33.0674    25.6174 -9.990e-29
 188.560492     23.637  35.239886     8.9222     4.3689     23.438    33.0686    25.6185 -9.990e-29
 188.560498     23.653  35.239770     8.9209     4.3709     23.454    33.0697    25.6196 -9.990e-29
 188.560503     23.664  35.238697     8.9188     4.3787     23.465    33.0705    25.6205 -9.990e-29
 188.560509     23.668  35.235784     8.9179     4.4018     23.469    33.0683    25.6189 -9.990e-29
 188.560515     23.659  35.233857     8.9197     4.4038     23.460    33.0647    25.6158 -9.990e-29
 188.560521     23.637  35.235937     8.9233     4.4081     23.438    33.0635    25.6143 -9.990e-29
 188.560527     23.614  35.239178     8.9268     4.4152     23.416    33.0636    25.6139 -9.990e-29
 188.560532     23.596  35.241164     8.9293     4.4143     23.398    33.0634    25.6133 -9.990e-29
 188.560538     23.583  35.242852     8.9310     4.4298     23.385    33.0635    25.6132 -9.990e-29
 188.560544     23.574  35.244238     8.9320     4.4413     23.376    33.0641    25.6134 -9.990e-29
 188.560550     23.569  35.245474     8.9333     4.4514     23.371    33.0641    25.6133 -9.990e-29
 188.560556     23.566  35.247634     8.9358     4.4634     23.368    33.0641    25.6128 -9.990e-29
 188.560561     23.566  35.249663     8.9391     4.4548     23.368    33.0631    25.6116 -9.990e-29
 188.560567     23.569  35.250889     8.9437     4.4413     23.371    33.0601    25.6085 -9.990e-29
 188.560573     23.574  35.253494     8.9494     4.4292     23.376    33.0575    25.6056 -9.990e-29
 188.560579     23.583  35.258137     8.9535     4.4136     23.385    33.0585    25.6057 -9.990e-29
 188.560584     23.596  35.261470     8.9554     4.4035     23.398    33.0602    25.6068 -9.990e-29
 188.560590     23.613  35.260639     8.9558     4.3839     23.415    33.0590    25.6057 -9.990e-29
 188.560596     23.631  35.257884     8.9528     4.3645     23.432    33.0589    25.6061 -9.990e-29
 188.560602     23.648  35.254564     8.9463     4.3422     23.449    33.0615    25.6092 -9.990e-29
 188.560608     23.669  35.250159     8.9397     4.3440     23.470    33.0630    25.6114 -9.990e-29
 188.560613     23.695  35.246628     8.9356     4.3585     23.496    33.0631    25.6121 -9.990e-29
 188.560619     23.718  35.244851     8.9332     4.3901     23.519    33.0635    25.6128 -9.990e-29
 188.560625     23.737  35.243003     8.9287     4.4314     23.538    33.0658    25.6153 -9.990e-29
 188.560631     23.748  35.238045     8.9224     4.4449     23.548    33.0665    25.6168 -9.990e-29
 188.560637     23.744  35.231758     8.9210     4.4436     23.544    33.0612    25.6129 -9.990e-29
 188.560642     23.719  35.231995     8.9281     4.4356     23.520    33.0549    25.6068 -9.990e-29
 188.560648     23.681  35.240176     8.9390     4.4218     23.482    33.0533    25.6039 -9.990e-29
 188.560654     23.649  35.250385     8.9491     4.4169     23.450    33.0545    25.6033 -9.990e-29
 188.560660     23.638  35.259412     8.9550     4.4142     23.439    33.0584    25.6054 -9.990e-29
 188.560666     23.647  35.263594     8.9539     4.4176     23.448    33.0638    25.6098 -9.990e-29
 188.560671     23.663  35.259529     8.9490     4.4275     23.464    33.0641    25.6108 -9.990e-29
 188.560677     23.676  35.253551     8.9469     4.4377     23.477    33.0599    25.6078 -9.990e-29
 188.560683     23.681  35.252805     8.9477     4.4534     23.482    33.0583    25.6065 -9.990e-29
 188.560689     23.679  35.254598     8.9483     4.4675     23.480    33.0596    25.6074 -9.990e-29
 188.560694     23.670  35.254585     8.9499     4.4897     23.471    33.0581    25.6060 -9.990e-29
 188.560700     23.653  35.253854     8.9528     4.4954     23.454    33.0547    25.6028 -9.990e-29
 188.560706     23.627  35.255900     8.9554     4.4915     23.428    33.0544    25.6022 -9.990e-29
 188.560712     23.599  35.260635     8.9581     4.4712     23.401    33.0568    25.6037 -9.990e-29
 188.560718     23.584  35.265954     8.9607     4.4391     23.386    33.0600    25.6057 -9.990e-29
 188.560723     23.586  35.269971     8.9620     4.4132     23.388    33.0629    25.6079 -9.990e-29
 188.560729     23.596  35.271307     8.9620     4.3904     23.398    33.0643    25.6089 -9.990e-29
 188.560735     23.611  35.271168     8.9618     4.3859     23.413    33.0644    25.6090 -9.990e-29
 188.560741     23.632  35.269355     8.9597     4.3646     23.433    33.0644    25.6094 -9.990e-29
 188.560747     23.656  35.263437     8.9552     4.3604     23.457    33.0624    25.6085 -9.990e-29
 188.560752     23.679  35.255595     8.9528     4.3608     23.480    33.0565    25.6042 -9.990e-29
 188.560758     23.703  35.252171     8.9526     4.3717     23.504    33.0531    25.6016 -9.990e-29
 188.560764     23.726  35.251945     8.9488     4.4079     23.527    33.0564    25.6048 -9.990e-29
 188.560770     23.745  35.248998     8.9406     4.4442     23.545    33.0609    25.6096 -9.990e-29
 188.560775     23.756  35.244430     8.9342     4.4789     23.556    33.0621    25.6116 -9.990e-29
 188.560781     23.753  35.243346     8.9348     4.4964     23.553    33.0604    25.6101 -9.990e-29
 188.560787     23.729  35.246523     8.9406     4.4766     23.530    33.0584    25.6076 -9.990e-29
 188.560793     23.693  35.250898     8.9474     4.4459     23.494    33.0566    25.6052 -9.990e-29
 188.560799     23.659  35.256689     8.9534     4.4177     23.460    33.0571    25.6046 -9.990e-29
 188.560804     23.639  35.264881     8.9589     4.4082     23.440    33.0605    25.6064 -9.990e-29
 188.560810     23.638  35.272376     8.9629     4.4215     23.439    33.0646    25.6090 -9.990e-29
 188.560816     23.658  35.274024     8.9608     4.4470     23.459    33.0683    25.6122 -9.990e-29
 188.560822     23.686  35.266968     8.9525     4.4732     23.487    33.0686    25.6138 -9.990e-29
 188.560828     23.707  35.257475     8.9466     4.5016     23.508    33.0642    25.6112 -9.990e-29
 188.560833     23.710  35.254726     8.9476     4.5167     23.511    33.0604    25.6081 -9.990e-29
 188.560839     23.696  35.257283     8.9533     4.5080     23.497    33.0578    25.6052 -9.990e-29
 188.560845     23.670  35.260693     8.9601     4.4748     23.471    33.0550    25.6019 -9.990e-29
 188.560851     23.641  35.265009     8.9661     4.4276     23.442    33.0539    25.6002 -9.990e-29
 188.560856     23.620  35.270369     8.9729     4.3645     23.422    33.0532    25.5985 -9.990e-29
 188.560862     23.617  35.276624     8.9778     4.3315     23.419    33.0552    25.5993 -9.990e-29
 188.560868     23.633  35.280335     8.9745     4.3403     23.434    33.0621    25.6052 -9.990e-29
 188.560874     23.661  35.276909     8.9623     4.3673     23.462    33.0699    25.6132 -9.990e-29
 188.560880     23.693  35.265130     8.9447     4.4163     23.494    33.0740    25.6192 -9.990e-29
 188.560885     23.718  35.248329     8.9290     4.4497     23.519    33.0711    25.6193 -9.990e-29
 188.560891     23.726  35.236588     8.9247     4.4620     23.527    33.0628    25.6136 -9.990e-29
 188.560897     23.713  35.236650     8.9326     4.4673     23.514    33.0555    25.6066 -9.990e-29
 188.560903     23.682  35.244097     8.9443     4.4560     23.483    33.0524    25.6024 -9.990e-29
 188.560909     23.644  35.253155     8.9540     4.4530     23.445    33.0528    25.6012 -9.990e-29
 188.560914     23.614  35.261319     8.9605     4.4408     23.416    33.0553    25.6021 -9.990e-29
 188.560920     23.602  35.266577     8.9630     4.4415     23.404    33.0585    25.6042 -9.990e-29
 188.560926     23.608  35.269204     8.9625     4.4482     23.410    33.0617    25.6068 -9.990e-29
 188.560932     23.623  35.268766     8.9609     4.4555     23.425    33.0627    25.6078 -9.990e-29
 188.560937     23.641  35.265227     8.9595     4.4762     23.442    33.0603    25.6062 -9.990e-29
 188.560943     23.653  35.262820     8.9597     4.4832     23.454    33.0576    25.6040 -9.990e-29
 188.560949     23.657  35.262814     8.9611     4.4961     23.458    33.0563    25.6028 -9.990e-29
 188.560955     23.647  35.262957     8.9610     4.5085     23.448    33.0565    25.6030 -9.990e-29
 188.560961     23.624  35.263445     8.9596     4.5095     23.425    33.0584    25.6046 -9.990e-29
 188.560966     23.598  35.266053     8.9599     4.4945     23.400    33.0608    25.6065 -9.990e-29
 188.560972     23.578  35.270343     8.9634     4.4476     23.380    33.0620    25.6069 -9.990e-29
 188.560978     23.561  35.275317     8.9691     4.4036     23.363    33.0619    25.6059 -9.990e-29
 188.560984     23.551  35.280891     8.9738     4.3633     23.353    33.0634    25.6063 -9.990e-29
 188.560990     23.555  35.283856     8.9737     4.3522     23.357    33.0665    25.6088 -9.990e-29
 188.560995     23.574  35.279209     8.9669     4.3716     23.376    33.0680    25.6111 -9.990e-29
 188.561001     23.600  35.266363     8.9551     4.3932     23.402    33.0656    25.6110 -9.990e-29
 188.561007     23.627  35.252292     8.9443     4.4155     23.428    33.0610    25.6091 -9.990e-29
 188.561013     23.644  35.245696     8.9397     4.4170     23.445    33.0584    25.6078 -9.990e-29
 188.561019     23.642  35.246749     8.9400     4.4236     23.443    33.0592    25.6084 -9.990e-29
 188.561024     23.631  35.249575     8.9421     4.4412     23.432    33.0602    25.6088 -9.990e-29
 188.561030     23.623  35.252344     8.9457     4.4475     23.425    33.0597    25.6079 -9.990e-29
 188.561036     23.621  35.256516     8.9500     4.4414     23.423    33.0601    25.6075 -9.990e-29
 188.561042     23.625  35.259252     8.9524     4.4226     23.426    33.0607    25.6076 -9.990e-29
 188.561047     23.627  35.258604     8.9536     4.4026     23.428    33.0589    25.6060 -9.990e-29
 188.561053     23.618  35.259319     8.9553     4.3941     23.420    33.0581    25.6051 -9.990e-29
 188.561059     23.607  35.261795     8.9557     4.4057     23.409    33.0603    25.6068 -9.990e-29
 188.561065     23.601  35.260937     8.9527     4.4237     23.403    33.0622    25.6087 -9.990e-29
 188.561071     23.596  35.255606     8.9474     4.4591     23.398    33.0616    25.6090 -9.990e-29
 188.561076     23.582  35.250469     8.9451     4.4770     23.384    33.0584    25.6069 -9.990e-29
 188.561082     23.564  35.249888     8.9474     4.4796     23.366    33.0556    25.6044 -9.990e-29
 188.561088     23.548  35.251413     8.9501     4.4690     23.350    33.0547    25.6033 -9.990e-29
 188.561094     23.530  35.252601     8.9521     4.4215     23.332    33.0541    25.6025 -9.990e-29
 188.561100     23.508  35.256164     8.9554     4.3991     23.310    33.0547    25.6025 -9.990e-29
 188.561105     23.489  35.264058     8.9602     4.3847     23.292    33.0585    25.6047 -9.990e-29
 188.561111     23.485  35.273366     8.9635     4.3910     23.288    33.0651    25.6093 -9.990e-29
 188.561117     23.508  35.276334     8.9586     4.4111     23.310    33.0728    25.6161 -9.990e-29
 188.561123     23.556  35.266840     8.9441     4.4184     23.358    33.0764    25.6211 -9.990e-29
 188.561128     23.606  35.249603     8.9312     4.4155     23.408    33.0704    25.6185 -9.990e-29
 188.561134     23.636  35.239189     8.9309     4.4205     23.437    33.0598    25.6102 -9.990e-29
 188.561140     23.643  35.241328     8.9395     4.4149     23.444    33.0540    25.6044 -9.990e-29
 188.561146     23.636  35.246545     8.9454     4.3996     23.437    33.0540    25.6034 -9.990e-29
 188.561152     23.624  35.248354     8.9446     4.3907     23.425    33.0566    25.6056 -9.990e-29
 188.561157     23.613  35.248057     8.9426     4.3786     23.415    33.0582    25.6071 -9.990e-29
 188.561163     23.609  35.248628     8.9422     4.3834     23.411    33.0591    25.6080 -9.990e-29
 188.561169     23.610  35.250273     8.9408     4.3850     23.412    33.0621    25.6105 -9.990e-29
 188.561175     23.616  35.249589     8.9371     4.3737     23.418    33.0649    25.6132 -9.990e-29
 188.561181     23.624  35.246229     8.9338     4.3663     23.425    33.0644    25.6134 -9.990e-29
 188.561186     23.626  35.244127     8.9334     4.3748     23.427    33.0626    25.6121 -9.990e-29
 188.561192     23.621  35.244405     8.9332     4.4023     23.423    33.0631    25.6125 -9.990e-29
 188.561198     23.618  35.244077     8.9300     4.4336     23.420    33.0657    25.6150 -9.990e-29
 188.561204     23.617  35.241592     8.9247     4.4485     23.419    33.0681    25.6177 -9.990e-29
 188.561209     23.610  35.238687     8.9241     4.4428     23.412    33.0656    25.6159 -9.990e-29
 188.561215     23.590  35.239339     8.9316     4.4216     23.392    33.0593    25.6098 -9.990e-29
 188.561221     23.562  35.244984     8.9413     4.4001     23.364    33.0562    25.6058 -9.990e-29
 188.561227     23.541  35.252507     8.9474     4.3849     23.343    33.0584    25.6065 -9.990e-29
 188.561233     23.542  35.256818     8.9479     4.3614     23.344    33.0624    25.6096 -9.990e-29
 188.561238     23.562  35.254708     8.9434     4.3620     23.364    33.0644    25.6119 -9.990e-29
 188.561244     23.588  35.249534     8.9373     4.3537     23.390    33.0646    25.6130 -9.990e-29
 188.561250     23.614  35.246172     8.9327     4.3530     23.416    33.0654    25.6144 -9.990e-29
 188.561256     23.633  35.244065     8.9278     4.3642     23.434    33.0678    25.6170 -9.990e-29
 188.561262     23.641  35.240409     8.9222     4.3680     23.442    33.0692    25.6189 -9.990e-29
 188.561267     23.641  35.236499     8.9194     4.3626     23.442    33.0677    25.6182 -9.990e-29
 188.561273     23.630  35.236091     8.9209     4.3619     23.431    33.0659    25.6166 -9.990e-29
 188.561279     23.613  35.238647     8.9239     4.3620     23.415    33.0658    25.6160 -9.990e-29
 188.561285     23.598  35.240856     8.9241     4.3591     23.400    33.0679    25.6176 -9.990e-29
 188.561291     23.588  35.241188     8.9202     4.3673     23.390    33.0719    25.6214 -9.990e-29
 188.561296     23.581  35.239533     8.9148     4.3769     23.383    33.0752    25.6248 -9.990e-29
 188.561302     23.579  35.235934     8.9100     4.3886     23.381    33.0759    25.6261 -9.990e-29
 188.561308     23.575  35.231760     8.9077     4.3863     23.377    33.0737    25.6247 -9.990e-29
 188.561314     23.562  35.230978     8.9098     4.3572     23.364    33.0709    25.6222 -9.990e-29
 188.561319     23.539  35.234230     8.9149     4.3279     23.341    33.0696    25.6204 -9.990e-29
 188.561325     23.517  35.237453     8.9192     4.3055     23.319    33.0689    25.6192 -9.990e-29
 188.561331     23.511  35.239348     8.9205     4.3118     23.313    33.0697    25.6196 -9.990e-29
 188.561337     23.530  35.239651     8.9173     4.3294     23.332    33.0730    25.6227 -9.990e-29
 188.561343     23.567  35.235971     8.9086     4.3588     23.369    33.0772    25.6274 -9.990e-29
 188.561348     23.607  35.227330     8.8989     4.3879     23.409    33.0772    25.6289 -9.990e-29
 188.561354     23.635  35.218460     8.8960     4.4002     23.436    33.0707    25.6242 -9.990e-29
 188.561360     23.639  35.217709     8.9011     4.4054     23.440    33.0651    25.6191 -9.990e-29
 188.561366     23.622  35.224642     8.9085     4.3948     23.424    33.0655    25.6182 -9.990e-29
 188.561372     23.589  35.231698     8.9131     4.3932     23.391    33.0686    25.6199 -9.990e-29
