data/oxygen options/ONMS/Olympic_Coast_National_Marine_Sanctuary_CTD_Data_2005_2023/raw_data/2009/CTD_CA042_090209faedb.cnv
* Sea-Bird SBE19 Data File:
* FileName = C:\2009_MOORING_DATA\090209_data\CTD_CA042_090209.hex
* Software Version 1.24
* Temperature SN = 2997
* Conductivity SN = 2997
* System UpLoad Time = Sep 02 2009 17:31:32
* SEACAT PROFILER V3.1c SN 2997   09/02/09  17:30:49.216
* strain gauge pressure sensor: S/N = 184829,  range = 3000 psia,  tc = 40
# nquan = 9
# nvalues = 41                          
# units = specified
# name 0 = timeJ: Julian Days
# name 1 = prSM: Pressure, Strain Gauge [db]
# name 2 = c0mS/cm: Conductivity [mS/cm]
# name 3 = t090C: Temperature [ITS-90, deg C]
# name 4 = sbeox0ML/L: Oxygen, SBE 43 [ml/l]
# name 5 = depSM: Depth [salt water, m], lat = 47.5
# name 6 = sal00: Salinity, Practical [PSU]
# name 7 = sigma-é00: Density [sigma-theta, kg/m^3]
# name 8 = flag: flag
# span 0 = 245.669960, 245.671560       
# span 1 =      1.000,     41.000       
# span 2 =  34.597854,  38.192917       
# span 3 =     7.5728,    12.7438       
# span 4 =     1.4243,     5.6591       
# span 5 =      0.992,     40.654       
# span 6 =    32.1432,    33.6693       
# span 7 =    24.5568,    26.2913       
# span 8 = 0.0000e+00, 0.0000e+00       
# interval = decibars: 1                
# start_time = Sep 02 2009 16:01:14 [Instrument's time stamp, header]
# bad_flag = -9.990e-29
*END*
 245.669960      1.000  38.192917    12.7438     5.6591      0.992    32.5888    24.5755 0.0000e+00
 245.669987      2.000  38.118891    12.5153     5.6351      1.983    32.7163    24.7183 0.0000e+00
 245.670003      3.000  38.030257    12.2693     5.5821      2.975    32.8458    24.8657 0.0000e+00
 245.670015      4.000  38.037315    12.1949     5.3115      3.966    32.9175    24.9355 0.0000e+00
 245.670026      5.000  38.058835    12.1820     4.7499      4.958    32.9493    24.9626 0.0000e+00
 245.670037      6.000  38.013231    12.1728     4.2468      5.950    32.9130    24.9362 0.0000e+00
 245.670045      7.000  37.932567    12.1394     3.9054      6.942    32.8641    24.9046 0.0000e+00
 245.670055      8.000  37.692630    11.9918     3.6992      7.933    32.7615    24.8526 0.0000e+00
 245.670064      9.000  37.331437    11.7546     3.5074      8.924    32.6192    24.7862 0.0000e+00
 245.670072     10.000  36.993984    11.5841     3.3274      9.916    32.4396    24.6779 0.0000e+00
 245.670081     11.000  36.718171    11.4067     3.1433     10.908    32.3250    24.6210 0.0000e+00
 245.670089     12.000  36.510734    11.2086     2.9967     11.900    32.2944    24.6327 0.0000e+00
 245.670097     13.000  36.326764    11.1062     2.9204     12.891    32.2026    24.5795 0.0000e+00
 245.670106     14.000  36.148107    10.9721     2.9267     13.883    32.1432    24.5568 0.0000e+00
 245.670114     15.000  35.990563    10.7766     2.9513     14.875    32.1584    24.6027 0.0000e+00
 245.670123     16.000  35.906429    10.5473     2.9865     15.866    32.2764    24.7342 0.0000e+00
 245.670130     17.000  35.877840    10.3105     3.0110     16.857    32.4580    24.9159 0.0000e+00
 245.670139     18.000  35.790944    10.1212     2.9908     17.849    32.5397    25.0115 0.0000e+00
 245.670147     19.000  35.731853     9.9538     2.8509     18.840    32.6304    25.1101 0.0000e+00
 245.670156     20.000  35.680966     9.7322     2.6995     19.832    32.7792    25.2628 0.0000e+00
 245.670164     21.000  35.607136     9.4767     2.5771     20.824    32.9370    25.4276 0.0000e+00
 245.670173     22.000  35.539444     9.2719     2.4968     21.815    33.0557    25.5532 0.0000e+00
 245.670181     23.000  35.442233     9.0114     2.4080     22.807    33.1968    25.7047 0.0000e+00
 245.670190     24.000  35.316589     8.7296     2.2483     23.798    33.3291    25.8524 0.0000e+00
 245.670199     25.000  35.233971     8.5703     1.9968     24.790    33.3921    25.9262 0.0000e+00
 245.670207     26.000  35.183798     8.4744     1.7151     25.781    33.4296    25.9702 0.0000e+00
 245.670216     27.000  35.109467     8.3919     1.5221     26.773    33.4289    25.9821 0.0000e+00
 245.670224     28.000  35.007332     8.2999     1.4243     27.764    33.4075    25.9792 0.0000e+00
 245.670232     29.000  34.884224     8.1777     1.4307     28.756    33.3926    25.9858 0.0000e+00
 245.670241     30.000  34.766087     7.9876     1.4401     29.747    33.4477    26.0570 0.0000e+00
 245.670250     31.000  34.696659     7.7875     1.4619     30.739    33.5647    26.1781 0.0000e+00
 245.670259     32.000  34.666261     7.6978     1.4956     31.730    33.6181    26.2329 0.0000e+00
 245.670268     33.000  34.648738     7.6619     1.5168     32.722    33.6334    26.2502 0.0000e+00
 245.670278     34.000  34.633020     7.6307     1.5286     33.713    33.6461    26.2647 0.0000e+00
 245.670288     35.000  34.622202     7.6107     1.5508     34.705    33.6534    26.2733 0.0000e+00
 245.670298     36.000  34.617535     7.6012     1.5534     35.697    33.6571    26.2775 0.0000e+00
 245.670308     37.000  34.615361     7.5918     1.5492     36.688    33.6634    26.2838 0.0000e+00
 245.670319     38.000  34.610222     7.5813     1.5431     37.680    33.6675    26.2885 0.0000e+00
 245.670331     39.000  34.604774     7.5728     1.5544     38.671    33.6693    26.2913 0.0000e+00
 245.670346     40.000  34.607965     7.5809     1.5700     39.662    33.6644    26.2863 0.0000e+00
 245.671560     41.000  34.597854     7.5806     1.4965     40.654    33.6534    26.2776 0.0000e+00
