data/oxygen options/ONMS/Olympic_Coast_National_Marine_Sanctuary_CTD_Data_2005_2023/raw_data/2009/CTD_KL050_070909faed.cnv
* Sea-Bird SBE19 Data File:
* FileName = C:\2009_MOORING_DATA\070709_data\CTD_KL050_070909.hex
* Software Version 1.24
* Temperature SN = 2997
* Conductivity SN = 2997
* System UpLoad Time = Jul 09 2009 11:13:37
* SEACAT PROFILER V3.1c SN 2997   07/09/09  11:12:11.583
* strain gauge pressure sensor: S/N = 184829,  range = 3000 psia,  tc = 40
# nquan = 9                                 
# nvalues = 669                         
# units = specified
# name 0 = timeJ: Julian Days
# name 1 = prSM: Pressure, Strain Gauge [db]
# name 2 = c0mS/cm: Conductivity [mS/cm]
# name 3 = t090C: Temperature [ITS-90, deg C]
# name 4 = sbeox0ML/L: Oxygen, SBE 43 [ml/l]
# name 5 = depSM: Depth [salt water, m], lat = 47.5
# name 6 = sal00: Salinity, Practical [PSU]
# name 7 = sigma-é00: Density [sigma-theta, kg/m^3]
# name 8 = flag: flag
# span 0 = 190.362280, 190.366146       
# span 1 =     -5.368,     49.250       
# span 2 =   0.002132,  38.144093       
# span 3 =     7.2062,    14.0313       
# span 4 =    -1.6591,    16.9593       
# span 5 =     -5.323,     48.833       
# span 6 =     0.0076,    33.5886       
# span 7 =    -0.7490,    26.2788       
# span 8 = 0.0000e+00, 0.0000e+00       
# interval = seconds: 0.5
# start_time = Jul 09 2009 08:41:41 [Instrument's time stamp, header]
# bad_flag = -9.990e-29
*END*
[from data line 481]
 190.365064      4.181  38.123626    12.9357     8.2955      4.146    32.3571    24.3588 0.0000e+00
 190.365069      4.641  38.076804    12.8555     8.1638      4.602    32.3813    24.3932 0.0000e+00
 190.365075      5.133  38.020684    12.7941     8.0277      5.090    32.3805    24.4046 0.0000e+00
 190.365081      5.654  37.975053    12.7523     7.9064      5.607    32.3729    24.4068 0.0000e+00
 190.365087      6.204  37.943058    12.7304     7.6894      6.152    32.3611    24.4019 0.0000e+00
 190.365093      6.784  37.908867    12.7274     7.4546      6.727    32.3310    24.3791 0.0000e+00
 190.365098      7.391  37.843209    12.7117     7.1658      7.329    32.2818    24.3441 0.0000e+00
 190.365104      8.017  37.746905    12.6300     6.7567      7.950    32.2600    24.3429 0.0000e+00
 190.365110      8.654  37.636719    12.4619     6.2560      8.582    32.2990    24.4053 0.0000e+00
 190.365116      9.301  37.510171    12.2376     5.7603      9.223    32.3709    24.5036 0.0000e+00
 190.365122      9.956  37.374325    11.9887     5.2871      9.873    32.4557    24.6160 0.0000e+00
 190.365127     10.618  37.221028    11.7431     4.9306     10.529    32.5213    24.7123 0.0000e+00
 190.365133     11.285  37.042377    11.5436     4.7052     11.191    32.5219    24.7493 0.0000e+00
 190.365139     11.958  36.810662    11.3838     4.4672     11.858    32.4352    24.7108 0.0000e+00
 190.365145     12.637  36.561870    11.1838     4.2390     12.531    32.3663    24.6930 0.0000e+00
 190.365150     13.321  36.369737    10.9228     3.9665     13.209    32.4063    24.7702 0.0000e+00
 190.365156     14.007  36.197553    10.6752     3.6227     13.890    32.4544    24.8507 0.0000e+00
 190.365162     14.692  36.055907    10.4912     3.3450     14.569    32.4764    24.8995 0.0000e+00
 190.365168     15.377  35.953510    10.3630     3.1346     15.248    32.4879    24.9303 0.0000e+00
 190.365174     16.057  35.792314    10.1965     3.0483     15.922    32.4743    24.9479 0.0000e+00
 190.365179     16.730  35.561694     9.8508     3.0555     16.590    32.5515    25.0655 0.0000e+00
 190.365185     17.398  35.314762     9.3613     3.1027     17.252    32.7435    25.2948 0.0000e+00
 190.365191     18.067  35.066624     8.9227     3.1523     17.915    32.8901    25.4786 0.0000e+00
 190.365197     18.732  34.874960     8.6341     3.1775     18.575    32.9576    25.5758 0.0000e+00
 190.365203     19.387  34.769083     8.4691     3.1734     19.224    33.0001    25.6342 0.0000e+00
 190.365208     20.032  34.715159     8.3819     3.1345     19.864    33.0246    25.6665 0.0000e+00
 190.365214     20.665  34.692651     8.3401     3.0899     20.492    33.0398    25.6847 0.0000e+00
 190.365220     21.284  34.693246     8.3216     3.0041     21.105    33.0575    25.7013 0.0000e+00
 190.365226     21.884  34.706963     8.3074     2.8987     21.700    33.0851    25.7251 0.0000e+00
 190.365231     22.461  34.713318     8.2866     2.7628     22.272    33.1111    25.7486 0.0000e+00
 190.365237     23.013  34.703299     8.2558     2.6146     22.820    33.1293    25.7675 0.0000e+00
 190.365243     23.550  34.683583     8.2097     2.4803     23.352    33.1516    25.7919 0.0000e+00
 190.365249     24.085  34.655202     8.1434     2.3851     23.883    33.1839    25.8270 0.0000e+00
 190.365255     24.621  34.613793     8.0610     2.3170     24.414    33.2177    25.8656 0.0000e+00
 190.365260     25.158  34.561701     7.9684     2.2765     24.947    33.2498    25.9044 0.0000e+00
 190.365266     25.697  34.501027     7.8679     2.2591     25.481    33.2803    25.9430 0.0000e+00
 190.365272     26.237  34.432505     7.7657     2.2692     26.016    33.3041    25.9765 0.0000e+00
 190.365278     26.778  34.362647     7.6690     2.3049     26.553    33.3213    26.0038 0.0000e+00
 190.365284     27.320  34.297860     7.5854     2.3685     27.090    33.3313    26.0236 0.0000e+00
 190.365289     27.864  34.246270     7.5185     2.4343     27.630    33.3396    26.0395 0.0000e+00
 190.365295     28.410  34.209521     7.4604     2.4728     28.171    33.3554    26.0602 0.0000e+00
 190.365301     28.959  34.176561     7.4027     2.5096     28.715    33.3750    26.0837 0.0000e+00
 190.365307     29.506  34.139157     7.3474     2.5153     29.258    33.3875    26.1012 0.0000e+00
 190.365312     30.044  34.100510     7.3044     2.4914     29.791    33.3867    26.1066 0.0000e+00
 190.365318     30.568  34.072243     7.2802     2.4634     30.311    33.3791    26.1040 0.0000e+00
 190.365324     31.077  34.057978     7.2686     2.4431     30.815    33.3745    26.1020 0.0000e+00
 190.365330     31.575  34.052008     7.2580     2.3781     31.309    33.3780    26.1062 0.0000e+00
 190.365336     32.070  34.050731     7.2453     2.3372     31.800    33.3887    26.1164 0.0000e+00
 190.365341     32.578  34.053442     7.2353     2.2711     32.304    33.4011    26.1275 0.0000e+00
 190.365347     33.105  34.059716     7.2301     2.1964     32.826    33.4127    26.1374 0.0000e+00
 190.365353     33.647  34.067715     7.2292     2.1610     33.363    33.4220    26.1448 0.0000e+00
 190.365359     34.198  34.076779     7.2316     2.1182     33.910    33.4293    26.1502 0.0000e+00
 190.365365     34.755  34.088233     7.2364     2.0843     34.462    33.4368    26.1555 0.0000e+00
 190.365370     35.311  34.103783     7.2417     2.0648     35.013    33.4484    26.1639 0.0000e+00
 190.365376     35.864  34.122760     7.2451     2.0318     35.562    33.4655    26.1769 0.0000e+00
 190.365382     36.413  34.140662     7.2457     1.9818     36.106    33.4841    26.1915 0.0000e+00
 190.365388     36.959  34.154357     7.2438     1.9354     36.647    33.5006    26.2047 0.0000e+00
 190.365394     37.504  34.165181     7.2393     1.8924     37.188    33.5165    26.2179 0.0000e+00
 190.365399     38.046  34.174563     7.2336     1.8704     37.725    33.5320    26.2309 0.0000e+00
 190.365405     38.587  34.182570     7.2275     1.8668     38.261    33.5464    26.2430 0.0000e+00
 190.365411     39.127  34.189114     7.2211     1.8754     38.797    33.5595    26.2542 0.0000e+00
 190.365417     39.665  34.193837     7.2159     1.8815     39.330    33.5694    26.2628 0.0000e+00
 190.365422     40.202  34.196754     7.2127     1.8888     39.863    33.5754    26.2680 0.0000e+00
 190.365428     40.738  34.198272     7.2108     1.8971     40.394    33.5787    26.2708 0.0000e+00
 190.365434     41.272  34.199169     7.2092     1.8978     40.923    33.5810    26.2728 0.0000e+00
 190.365440     41.804  34.199961     7.2080     1.9131     41.451    33.5827    26.2744 0.0000e+00
 190.365446     42.329  34.200462     7.2075     1.9260     41.971    33.5835    26.2751 0.0000e+00
 190.365451     42.842  34.200656     7.2074     1.9255     42.480    33.5836    26.2751 0.0000e+00
 190.365457     43.346  34.200682     7.2072     1.9175     42.980    33.5835    26.2751 0.0000e+00
 190.365463     43.847  34.200453     7.2070     1.9165     43.476    33.5832    26.2749 0.0000e+00
 190.365469     44.352  34.200102     7.2068     1.9058     43.977    33.5828    26.2746 0.0000e+00
 190.365475     44.858  34.200159     7.2065     1.9207     44.479    33.5829    26.2748 0.0000e+00
 190.365480     45.354  34.200579     7.2064     1.9215     44.971    33.5832    26.2750 0.0000e+00
 190.365486     45.834  34.200680     7.2066     1.9117     45.446    33.5829    26.2748 0.0000e+00
 190.365492     46.298  34.200475     7.2067     1.9042     45.906    33.5824    26.2743 0.0000e+00
 190.365498     46.750  34.200689     7.2067     1.8961     46.355    33.5824    26.2744 0.0000e+00
 190.365503     47.188  34.201487     7.2065     1.8911     46.789    33.5832    26.2751 0.0000e+00
 190.365509     47.607  34.202129     7.2062     1.8839     47.204    33.5840    26.2757 0.0000e+00
 190.365515     47.994  34.202230     7.2066     1.8830     47.588    33.5836    26.2753 0.0000e+00
 190.365521     48.331  34.202364     7.2076     1.8818     47.922    33.5826    26.2744 0.0000e+00
 190.365527     48.606  34.202588     7.2090     1.8858     48.195    33.5813    26.2732 0.0000e+00
 190.365532     48.819  34.201396     7.2104     1.8954     48.406    33.5786    26.2709 0.0000e+00
 190.365538     48.978  34.194841     7.2115     1.8941     48.563    33.5703    26.2642 -9.990e-29
 190.365544     49.094  34.186384     7.2123     1.8990     48.678    33.5602    26.2562 -9.990e-29
 190.365550     49.175  34.186473     7.2128     1.9038     48.759    33.5598    26.2557 -9.990e-29
 190.365556     49.226  34.190068     7.2131     1.8892     48.809    33.5634    26.2585 -9.990e-29
 190.365561     49.250  34.191202     7.2137     1.8720     48.833    33.5640    26.2590 -9.990e-29
 190.365567     49.243  34.195749     7.2147     1.8755     48.826    33.5680    26.2620 -9.990e-29
 190.365573     49.198  34.200128     7.2157     1.8660     48.782    33.5718    26.2648 -9.990e-29
 190.365579     49.110  34.199977     7.2165     1.8758     48.694    33.5709    26.2640 -9.990e-29
 190.365584     48.984  34.199455     7.2177     1.8917     48.569    33.5693    26.2625 0.0000e+00
 190.365590     48.816  34.202791     7.2193     1.8854     48.403    33.5714    26.2640 0.0000e+00
 190.365596     48.594  34.210391     7.2209     1.8928     48.183    33.5783    26.2692 0.0000e+00
 190.365602     48.309  34.217149     7.2222     1.8900     47.900    33.5845    26.2739 0.0000e+00
 190.365608     47.960  34.219633     7.2224     1.8788     47.554    33.5872    26.2760 0.0000e+00
 190.365613     47.551  34.218797     7.2218     1.8726     47.149    33.5871    26.2759 0.0000e+00
 190.365619     47.080  34.216768     7.2200     1.8784     46.682    33.5868    26.2760 0.0000e+00
 190.365625     46.549  34.214644     7.2168     1.8832     46.155    33.5879    26.2773 0.0000e+00
 190.365631     45.958  34.212277     7.2140     1.8905     45.569    33.5883    26.2780 0.0000e+00
 190.365637     45.312  34.210314     7.2121     1.9013     44.929    33.5883    26.2783 0.0000e+00
 190.365642     44.621  34.208821     7.2105     1.8817     44.244    33.5886    26.2787 0.0000e+00
 190.365648     43.892  34.207374     7.2093     1.8766     43.521    33.5885    26.2788 0.0000e+00
 190.365654     43.136  34.206165     7.2090     1.8823     42.772    33.5879    26.2783 0.0000e+00
 190.365660     42.363  34.205148     7.2091     1.8761     42.005    33.5870    26.2776 0.0000e+00
 190.365666     41.585  34.203973     7.2093     1.8832     41.234    33.5859    26.2767 0.0000e+00
 190.365671     40.807  34.202639     7.2096     1.9066     40.462    33.5846    26.2756 0.0000e+00
 190.365677     40.033  34.201490     7.2098     1.9461     39.695    33.5835    26.2747 0.0000e+00
 190.365683     39.263  34.200559     7.2100     2.0037     38.932    33.5827    26.2740 0.0000e+00
 190.365689     38.500  34.199611     7.2107     2.0850     38.175    33.5813    26.2729 0.0000e+00
 190.365694     37.744  34.198385     7.2124     2.1497     37.426    33.5787    26.2705 0.0000e+00
 190.365700     36.984  34.196252     7.2164     2.2293     36.672    33.5729    26.2654 0.0000e+00
 190.365706     36.210  34.191371     7.2230     2.3282     35.905    33.5615    26.2555 0.0000e+00
 190.365712     35.421  34.182159     7.2300     2.4173     35.122    33.5450    26.2416 0.0000e+00
 190.365718     34.617  34.169100     7.2350     2.4731     34.325    33.5263    26.2262 0.0000e+00
 190.365723     33.800  34.153714     7.2362     2.4906     33.515    33.5088    26.2122 0.0000e+00
 190.365729     32.968  34.133294     7.2334     2.4745     32.690    33.4897    26.1975 0.0000e+00
 190.365735     32.120  34.105145     7.2301     2.4380     31.849    33.4626    26.1767 0.0000e+00
 190.365741     31.257  34.078113     7.2315     2.4233     30.994    33.4322    26.1526 0.0000e+00
 190.365747     30.390  34.061970     7.2405     2.4464     30.134    33.4064    26.1309 0.0000e+00
 190.365752     29.531  34.056923     7.2537     2.4773     29.282    33.3885    26.1151 0.0000e+00
 190.365758     28.686  34.060049     7.2682     2.5773     28.445    33.3783    26.1050 0.0000e+00
 190.365764     27.852  34.067002     7.2965     2.7433     27.618    33.3590    26.0859 0.0000e+00
 190.365770     27.028  34.076856     7.3529     2.9640     26.801    33.3157    26.0440 0.0000e+00
 190.365775     26.204  34.100395     7.4343     3.2355     25.984    33.2634    25.9915 0.0000e+00
 190.365781     25.370  34.146335     7.5433     3.4646     25.157    33.2090    25.9334 0.0000e+00
 190.365787     24.526  34.210938     7.6859     3.6392     24.320    33.1429    25.8612 0.0000e+00
 190.365793     23.668  34.296664     7.8456     3.7573     23.469    33.0836    25.7917 0.0000e+00
 190.365799     22.798  34.402377     7.9966     3.8259     22.606    33.0541    25.7466 0.0000e+00
 190.365804     21.920  34.501907     8.1200     3.8601     21.736    33.0440    25.7206 0.0000e+00
 190.365810     21.039  34.568900     8.2060     3.8836     20.862    33.0346    25.7005 0.0000e+00
 190.365816     20.159  34.600275     8.2597     3.9227     19.990    33.0177    25.6794 0.0000e+00
 190.365822     19.283  34.611562     8.3001     3.9809     19.121    32.9922    25.6533 0.0000e+00
 190.365828     18.416  34.622306     8.3458     4.0657     18.261    32.9611    25.6221 0.0000e+00
 190.365833     17.557  34.642923     8.4013     4.1613     17.410    32.9313    25.5904 0.0000e+00
 190.365839     16.705  34.671218     8.4581     4.2396     16.565    32.9084    25.5639 0.0000e+00
 190.365845     15.861  34.701234     8.5105     4.2981     15.728    32.8915    25.5428 0.0000e+00
 190.365851     15.022  34.734350     8.5743     4.5080     14.896    32.8673    25.5141 0.0000e+00
 190.365856     14.177  34.784483     8.6652     4.9974     14.058    32.8358    25.4756 0.0000e+00
 190.365862     13.325  34.855180     8.7744     5.8614     13.213    32.8089    25.4379 0.0000e+00
 190.365868     12.475  34.928111     8.8970     6.9534     12.371    32.7720    25.3901 0.0000e+00
 190.365874     11.638  35.001376     9.0367     8.0622     11.541    32.7199    25.3275 0.0000e+00
 190.365880     10.816  35.084725     9.2171     8.8279     10.725    32.6411    25.2375 0.0000e+00
 190.365885     10.008  35.234408     9.5166     9.1162      9.924    32.5227    25.0972 0.0000e+00
 190.365891      9.214  35.540774    10.0128     9.1302      9.137    32.3878    24.9108 0.0000e+00
 190.365897      8.436  35.985397    10.6348     8.9707      8.365    32.2810    24.7226 0.0000e+00
 190.365903      7.678  36.442262    11.2110     8.8491      7.614    32.2269    24.5796 0.0000e+00
 190.365909      6.958  36.819604    11.6640     8.7006      6.900    32.2014    24.4783 0.0000e+00
 190.365914      6.294  37.087725    11.9795     8.5182      6.241    32.1884    24.4102 0.0000e+00
 190.365920      5.699  37.274691    12.1427     8.3242      5.651    32.2280    24.4105 0.0000e+00
 190.365926      5.186  37.444359    12.1864     8.1635      5.143    32.3537    24.4997 0.0000e+00
 190.365932      4.767  37.557904    12.2105     8.0678      4.727    32.4421    24.5638 0.0000e+00
 190.365938      4.435  37.612050    12.2952     8.0359      4.398    32.4209    24.5313 0.0000e+00
 190.365943      4.174  37.700849    12.4238     8.0509      4.139    32.3949    24.4868 0.0000e+00
 190.365949      3.971  37.808171    12.5208     8.0321      3.938    32.4139    24.4830 0.0000e+00
 190.365955      3.819  37.856850    12.5329     7.9660      3.787    32.4499    24.5086 -9.990e-29
 190.365961      3.698  37.843439    12.4899     7.9353      3.667    32.4743    24.5357 -9.990e-29
 190.365966      3.589  37.811175    12.4424     7.9331      3.559    32.4846    24.5528 -9.990e-29
 190.365972      3.483  37.770289    12.4099     7.9655      3.454    32.4736    24.5505 -9.990e-29
 190.365978      3.388  37.734634    12.4068     8.0349      3.360    32.4422    24.5267 -9.990e-29
