data/oxygen options/ONMS/Olympic_Coast_National_Marine_Sanctuary_CTD_Data_2005_2023/raw_data/2009/CTD_CE042_081109faed.cnv
* Sea-Bird SBE19 Data File:
* FileName = C:\2009_MOORING_DATA\081109\CTD_CE042_081109.hex
* Software Version 1.24
* Temperature SN = 2997
* Conductivity SN = 2997
* System UpLoad Time = Aug 11 2009 15:38:01
* SEACAT PROFILER V3.1c SN 2997   08/11/09  15:37:09.357
* strain gauge pressure sensor: S/N = 184829,  range = 3000 psia,  tc = 40
# nquan = 9                                 
# nvalues = 1854                        
# units = specified
# name 0 = timeJ: Julian Days
# name 1 = prSM: Pressure, Strain Gauge [db]
# name 2 = c0mS/cm: Conductivity [mS/cm]
# name 3 = t090C: Temperature [ITS-90, deg C]
# name 4 = sbeox0ML/L: Oxygen, SBE 43 [ml/l]
# name 5 = depSM: Depth [salt water, m], lat = 47.5
# name 6 = sal00: Salinity, Practical [PSU]
# name 7 = sigma-é00: Density [sigma-theta, kg/m^3]
# name 8 = flag: flag
# span 0 = 223.567650, 223.578374       
# span 1 =     -5.537,     42.854       
# span 2 =   0.266809,  40.454672       
# span 3 =     7.2452,    17.3069       
# span 4 =    -1.5776,    18.0697       
# span 5 =     -5.491,     42.492       
# span 6 =     0.1512,    33.6494       
# span 7 =    -1.1609,    26.3199       
# span 8 = 0.0000e+00, 0.0000e+00       
# interval = seconds: 0.5
# start_time = Aug 11 2009 13:37:25 [Instrument's time stamp, header]
# bad_flag = -9.990e-29
*END*
[from data line 161]
 223.568582      0.202  39.898217    13.9478    -1.3530      0.200    33.1499    24.7684 -9.990e-29
 223.568588      0.208  39.823091    13.9535    -1.3524      0.206    33.0753    24.7097 -9.990e-29
 223.568594      0.214  39.752599    13.9373    -1.3529      0.212    33.0240    24.6733 -9.990e-29
 223.568600      0.219  39.695901    13.9121    -1.3535      0.217    32.9931    24.6547 -9.990e-29
 223.568605      0.228  39.637371    13.8841    -1.3522      0.226    32.9629    24.6371 -9.990e-29
 223.568611      0.246  39.616677    13.8486    -1.3529      0.244    32.9742    24.6531 -9.990e-29
 223.568617      0.270  39.676845    13.8217    -1.3533      0.268    33.0532    24.7197 -9.990e-29
 223.568623      0.293  39.782584    13.8178    -1.3537      0.291    33.1548    24.7990 -9.990e-29
 223.568628      0.311  39.845552    13.8286    -1.3552      0.308    33.2040    24.8348 -9.990e-29
 223.568634      0.327  39.845964    13.8497    -1.3566      0.324    33.1861    24.8166 -9.990e-29
 223.568640      0.341  39.836492    13.8742    -1.3560      0.338    33.1561    24.7884 -9.990e-29
 223.568646      0.354  39.834207    13.8846    -1.3539      0.351    33.1450    24.7777 -9.990e-29
 223.568652      0.367  39.814744    13.8721    -1.3544      0.364    33.1377    24.7746 -9.990e-29
 223.568657      0.381  39.788022    13.8396    -1.3561      0.378    33.1410    24.7838 -9.990e-29
 223.568663      0.396  39.810902    13.8021    -1.3572      0.393    33.1947    24.8330 -9.990e-29
 223.568669      0.410  39.891444    13.7831    -1.3558      0.407    33.2861    24.9076 -9.990e-29
 223.568675      0.414  39.955359    13.7897    -1.3555      0.411    33.3398    24.9477 -9.990e-29
 223.568681      0.409  39.942630    13.8064    -1.3559      0.406    33.3135    24.9239 -9.990e-29
 223.568686      0.403  39.843553    13.8148    -1.3575      0.400    33.2140    24.8454 -9.990e-29
 223.568692      0.400  39.696448    13.8053    -1.3559      0.397    33.0855    24.7480 -9.990e-29
 223.568698      0.400  39.602303    13.7860    -1.3556      0.397    33.0146    24.6972 -9.990e-29
 223.568704      0.403  39.641326    13.7754    -1.3554      0.400    33.0600    24.7345 -9.990e-29
 223.568709      0.408  39.739385    13.7775    -1.3560      0.405    33.1494    24.8031 -9.990e-29
 223.568715      0.417  39.745761    13.7753    -1.3570      0.414    33.1573    24.8096 -9.990e-29
 223.568721      0.430  39.655484    13.7574    -1.3583      0.426    33.0887    24.7603 -9.990e-29
 223.568727      0.448  39.607741    13.7388    -1.3592      0.444    33.0604    24.7422 -9.990e-29
 223.568733      0.467  39.663878    13.7345    -1.3602      0.463    33.1163    24.7863 -9.990e-29
 223.568738      0.480  39.723245    13.7378    -1.3580      0.476    33.1687    24.8262 -9.990e-29
 223.568744      0.488  39.704072    13.7357    -1.3579      0.484    33.1527    24.8142 -9.990e-29
 223.568750      0.496  39.669359    13.7286    -1.3586      0.492    33.1265    24.7954 -9.990e-29
 223.568756      0.501  39.699508    13.7310    -1.3592      0.497    33.1525    24.8150 -9.990e-29
 223.568762      0.497  39.751725    13.7445    -1.3595      0.493    33.1895    24.8408 -9.990e-29
 223.568767      0.490  39.740876    13.7563    -1.3601      0.486    33.1691    24.8227 -9.990e-29
 223.568773      0.491  39.651356    13.7584    -1.3604      0.487    33.0840    24.7565 -9.990e-29
 223.568779      0.509  39.523015    13.7459    -1.3597      0.505    32.9754    24.6751 -9.990e-29
 223.568785      0.537  39.405604    13.7190    -1.3581      0.533    32.8893    24.6140 -9.990e-29
 223.568791      0.564  39.342135    13.6931    -1.3580      0.559    32.8524    24.5908 -9.990e-29
 223.568796      0.582  39.379146    13.6884    -1.3584      0.577    32.8909    24.6215 -9.990e-29
 223.568802      0.585  39.482425    13.7060    -1.3595      0.580    32.9719    24.6806 -9.990e-29
 223.568808      0.577  39.517753    13.7279    -1.3599      0.572    32.9860    24.6869 -9.990e-29
 223.568814      0.574  39.443641    13.7375    -1.3597      0.569    32.9088    24.6253 -9.990e-29
 223.568819      0.585  39.340659    13.7330    -1.3583      0.580    32.8168    24.5552 -9.990e-29
 223.568825      0.606  39.270505    13.7239    -1.3587      0.601    32.7594    24.5127 -9.990e-29
 223.568831      0.631  39.244455    13.7170    -1.3591      0.626    32.7411    24.4999 -9.990e-29
 223.568837      0.651  39.266438    13.7142    -1.3599      0.646    32.7639    24.5181 -9.990e-29
 223.568843      0.661  39.342198    13.7184    -1.3606      0.655    32.8308    24.5689 -9.990e-29
 223.568848      0.659  39.426970    13.7285    -1.3603      0.653    32.9009    24.6211 -9.990e-29
 223.568854      0.656  39.448205    13.7388    -1.3594      0.651    32.9118    24.6274 -9.990e-29
 223.568860      0.655  39.393834    13.7441    -1.3593      0.650    32.8567    24.5838 -9.990e-29
 223.568866      0.655  39.313561    13.7425    -1.3596      0.650    32.7835    24.5275 -9.990e-29
 223.568872      0.658  39.270206    13.7377    -1.3604      0.653    32.7473    24.5005 -9.990e-29
 223.568877      0.662  39.294520    13.7364    -1.3609      0.656    32.7710    24.5191 -9.990e-29
 223.568883      0.669  39.343782    13.7385    -1.3611      0.663    32.8150    24.5527 -9.990e-29
 223.568889      0.678  39.346866    13.7352    -1.3613      0.672    32.8207    24.5577 -9.990e-29
 223.568895      0.691  39.298897    13.7221    -1.3616      0.685    32.7873    24.5346 -9.990e-29
 223.568900      0.709  39.246341    13.7066    13.7081      0.703    32.7517    24.5102 -9.990e-29
 223.568906      0.727  39.235709    13.6975    17.8103      0.721    32.7496    24.5105 -9.990e-29
 223.568912      0.739  39.279712    13.6934    18.0697      0.733    32.7940    24.5456 -9.990e-29
 223.568918      0.741  39.334971    13.6895    14.8202      0.735    32.8488    24.5888 -9.990e-29
 223.568924      0.737  39.355176    13.6871     7.7870      0.731    32.8697    24.6054 -9.990e-29
 223.568929      0.737  39.332490    13.6882     8.1395      0.731    32.8476    24.5881 -9.990e-29
 223.568935      0.743  39.280934    13.6900     8.3455      0.737    32.7981    24.5495 -9.990e-29
 223.568941      0.757  39.223689    13.6874     8.2520      0.751    32.7470    24.5105 -9.990e-29
 223.568947      0.775  39.178592    13.6775     8.0688      0.769    32.7135    24.4867 -9.990e-29
 223.568953      0.790  39.144919    13.6671     7.9281      0.783    32.6911    24.4714 -9.990e-29
 223.568958      0.798  39.109148    13.6676     7.8401      0.791    32.6573    24.4453 -9.990e-29
 223.568964      0.801  39.076261    13.6770     7.7850      0.794    32.6187    24.4135 -9.990e-29
 223.568970      0.801  39.062369    13.6822     7.7326      0.794    32.6014    24.3991 -9.990e-29
 223.568976      0.804  39.053417    13.6761     7.6850      0.797    32.5982    24.3979 -9.990e-29
 223.568981      0.810  39.036893    13.6644     7.6606      0.803    32.5928    24.3961 -9.990e-29
 223.568987      0.823  39.019339    13.6560     7.6822      0.816    32.5836    24.3907 -9.990e-29
 223.568993      0.845  39.003679    13.6531     7.6978      0.838    32.5715    24.3819 -9.990e-29
 223.568999      0.867  38.993115    13.6529     7.6567      0.860    32.5619    24.3745 -9.990e-29
 223.569005      0.888  38.991479    13.6523     7.5787      0.881    32.5608    24.3738 -9.990e-29
 223.569010      0.908  38.992649    13.6510     7.5547      0.900    32.5630    24.3758 -9.990e-29
 223.569016      0.925  38.989198    13.6516     7.5900      0.917    32.5593    24.3728 -9.990e-29
 223.569022      0.931  38.989401    13.6546     7.6424      0.923    32.5569    24.3703 -9.990e-29
 223.569028      0.922  39.000795    13.6586     7.6655      0.914    32.5641    24.3751 -9.990e-29
 223.569034      0.907  39.016694    13.6639     7.6505      0.899    32.5744    24.3819 -9.990e-29
 223.569039      0.896  39.031372    13.6676     7.6258      0.889    32.5849    24.3893 -9.990e-29
 223.569045      0.894  39.035794    13.6642     7.6148      0.887    32.5919    24.3954 -9.990e-29
 223.569051      0.900  39.021823    13.6560     7.6074      0.892    32.5859    24.3924 -9.990e-29
 223.569057      0.912  39.003329    13.6518     7.6189      0.904    32.5723    24.3827 -9.990e-29
 223.569063      0.924  38.997119    13.6524     7.6293      0.916    32.5660    24.3778 -9.990e-29
 223.569068      0.938  39.002743    13.6523     7.6651      0.930    32.5713    24.3819 -9.990e-29
 223.569074      0.954  39.011433    13.6470     7.6808      0.946    32.5839    24.3927 -9.990e-29
 223.569080      0.975  39.012337    13.6342     7.6881      0.967    32.5956    24.4044 -9.990e-29
 223.569086      1.001  38.998226    13.6191     7.6676      0.993    32.5954    24.4072 -9.990e-29
 223.569091      1.029  38.977171    13.6097     7.6518      1.020    32.5837    24.4001 -9.990e-29
 223.569097      1.048  38.967047    13.6075     7.6391      1.039    32.5762    24.3947 -9.990e-29
 223.569103      1.052  38.973394    13.6084     7.6318      1.043    32.5813    24.3985 -9.990e-29
 223.569109      1.044  38.984474    13.6080     7.6429      1.035    32.5920    24.4068 -9.990e-29
 223.569115      1.032  38.988698    13.6046     7.6442      1.023    32.5988    24.4128 -9.990e-29
 223.569120      1.025  38.984953    13.5988     7.6550      1.016    32.6003    24.4151 -9.990e-29
 223.569126      1.027  38.978881    13.5933     7.6673      1.018    32.5993    24.4155 -9.990e-29
 223.569132      1.037  38.974141    13.5905     7.6670      1.028    32.5973    24.4145 -9.990e-29
 223.569138      1.056  38.967760    13.5905     7.6734      1.047    32.5913    24.4099 -9.990e-29
 223.569144      1.080  38.961299    13.5935     7.6702      1.071    32.5828    24.4026 -9.990e-29
 223.569149      1.104  38.962944    13.6006     7.6452      1.095    32.5782    24.3977 -9.990e-29
 223.569155      1.124  38.973752    13.6097     7.6511      1.115    32.5805    24.3976 -9.990e-29
 223.569161      1.141  38.985691    13.6143     7.6386      1.131    32.5877    24.4023 -9.990e-29
 223.569167      1.157  38.991121    13.6124     7.6335      1.147    32.5944    24.4078 -9.990e-29
 223.569172      1.168  38.989417    13.6078     7.6449      1.158    32.5967    24.4105 -9.990e-29
 223.569178      1.171  38.984459    13.6045     7.6496      1.161    32.5949    24.4098 -9.990e-29
 223.569184      1.170  38.981392    13.6028     7.6585      1.160    32.5935    24.4091 -9.990e-29
 223.569190      1.169  38.981151    13.5992     7.6520      1.159    32.5964    24.4120 -9.990e-29
 223.569196      1.169  38.975550    13.5918     7.6462      1.159    32.5974    24.4143 -9.990e-29
 223.569201      1.169  38.963831    13.5841     7.6457      1.159    32.5931    24.4125 -9.990e-29
 223.569207      1.169  38.957819    13.5797     7.6230      1.159    32.5912    24.4120 -9.990e-29
 223.569213      1.170  38.961254    13.5795     7.6194      1.160    32.5946    24.4146 -9.990e-29
 223.569219      1.171  38.966363    13.5817     7.6242      1.161    32.5975    24.4164 -9.990e-29
 223.569225      1.172  38.966488    13.5837     7.6368      1.162    32.5959    24.4148 -9.990e-29
 223.569230      1.174  38.962899    13.5851     7.6640      1.164    32.5914    24.4110 -9.990e-29
 223.569236      1.177  38.960886    13.5882     7.6535      1.167    32.5868    24.4069 -9.990e-29
 223.569242      1.180  38.963914    13.5931     7.6412      1.170    32.5855    24.4048 -9.990e-29
 223.569248      1.185  38.969275    13.5931     7.6272      1.175    32.5905    24.4087 -9.990e-29
 223.569253      1.190  38.967283    13.5851     7.5963      1.180    32.5954    24.4141 -9.990e-29
 223.569259      1.198  38.957511    13.5767     7.5905      1.188    32.5935    24.4143 -9.990e-29
 223.569265      1.203  38.951579    13.5744     7.6052      1.193    32.5899    24.4120 -9.990e-29
 223.569271      1.203  38.953889    13.5786     7.6314      1.193    32.5885    24.4101 -9.990e-29
 223.569277      1.200  38.961334    13.5852     7.6440      1.190    32.5898    24.4098 -9.990e-29
 223.569282      1.200  38.969811    13.5887     7.6300      1.190    32.5947    24.4129 -9.990e-29
 223.569288      1.202  38.974349    13.5874     7.6107      1.192    32.6001    24.4173 -9.990e-29
 223.569294      1.207  38.972014    13.5821     7.6116      1.197    32.6024    24.4201 -9.990e-29
 223.569300      1.214  38.963601    13.5768     7.6329      1.204    32.5991    24.4186 -9.990e-29
 223.569306      1.224  38.956937    13.5764     7.6574      1.214    32.5932    24.4142 -9.990e-29
 223.569311      1.234  38.959935    13.5815     7.6736      1.224    32.5916    24.4119 -9.990e-29
 223.569317      1.240  38.967043    13.5871     7.6629      1.230    32.5935    24.4122 -9.990e-29
 223.569323      1.247  38.969222    13.5884     7.6391      1.237    32.5944    24.4127 -9.990e-29
 223.569329      1.259  38.966560    13.5861     7.6272      1.248    32.5939    24.4127 -9.990e-29
 223.569334      1.272  38.961659    13.5828     7.5919      1.261    32.5921    24.4121 -9.990e-29
 223.569340      1.280  38.956937    13.5794     7.5837      1.269    32.5906    24.4116 -9.990e-29
 223.569346      1.282  38.953928    13.5753     7.5695      1.271    32.5913    24.4129 -9.990e-29
 223.569352      1.283  38.951403    13.5714     7.5596      1.272    32.5923    24.4145 -9.990e-29
 223.569358      1.283  38.949343    13.5703     7.5999      1.272    32.5913    24.4139 -9.990e-29
 223.569363      1.281  38.949469    13.5731     7.6269      1.270    32.5890    24.4116 -9.990e-29
 223.569369      1.279  38.952489    13.5773     7.6425      1.268    32.5883    24.4102 -9.990e-29
 223.569375      1.280  38.956246    13.5782     7.6481      1.269    32.5910    24.4121 -9.990e-29
 223.569381      1.289  38.956206    13.5741     7.6463      1.278    32.5945    24.4156 -9.990e-29
 223.569387      1.305  38.952299    13.5680     7.6503      1.294    32.5960    24.4180 -9.990e-29
 223.569392      1.326  38.949390    13.5640     7.6445      1.315    32.5967    24.4194 -9.990e-29
 223.569398      1.344  38.950310    13.5635     7.6177      1.333    32.5980    24.4205 -9.990e-29
 223.569404      1.357  38.953461    13.5651     7.5918      1.346    32.5996    24.4214 -9.990e-29
 223.569410      1.365  38.954620    13.5664     7.6058      1.354    32.5995    24.4211 -9.990e-29
 223.569416      1.369  38.953071    13.5672     7.6315      1.358    32.5974    24.4193 -9.990e-29
 223.569421      1.369  38.952899    13.5690     7.6538      1.358    32.5957    24.4176 -9.990e-29
 223.569427      1.364  38.956100    13.5712     7.6644      1.353    32.5968    24.4180 -9.990e-29
 223.569433      1.360  38.959639    13.5719     7.6538      1.349    32.5995    24.4200 -9.990e-29
 223.569439      1.364  38.960368    13.5706     7.6270      1.353    32.6013    24.4216 -9.990e-29
 223.569444      1.376  38.958124    13.5681     7.6237      1.365    32.6013    24.4221 -9.990e-29
 223.569450      1.389  38.954381    13.5661     7.6217      1.377    32.5995    24.4212 -9.990e-29
 223.569456      1.399  38.951419    13.5655     7.6267      1.387    32.5973    24.4195 -9.990e-29
 223.569462      1.407  38.950877    13.5664     7.6411      1.395    32.5960    24.4184 -9.990e-29
 223.569468      1.413  38.952013    13.5674     7.6464      1.401    32.5962    24.4183 -9.990e-29
 223.569473      1.418  38.951842    13.5668     7.6543      1.406    32.5966    24.4187 -9.990e-29
 223.569479      1.422  38.949558    13.5635     7.6414      1.410    32.5973    24.4199 -9.990e-29
 223.569485      1.425  38.946586    13.5590     7.6205      1.413    32.5983    24.4216 -9.990e-29
 223.569491      1.428  38.943428    13.5555     7.5866      1.416    32.5984    24.4224 -9.990e-29
 223.569497      1.430  38.941463    13.5538     7.5602      1.418    32.5980    24.4224 -9.990e-29
