data/oxygen options/ONMS/Olympic_Coast_National_Marine_Sanctuary_CTD_Data_2005_2023/raw_data/2009/CTD_CA015_100709faed.cnv
* Sea-Bird SBE19 Data File:
* FileName = C:\2009_MOORING_DATA\100709_DATA\CTD_CA015_100709.hex
* Software Version 1.24
* Temperature SN = 2997
* Conductivity SN = 2997
* System UpLoad Time = Oct 07 2009 13:22:30
* SEACAT PROFILER V3.1c SN 2997   10/07/09  13:21:50.210
* strain gauge pressure sensor: S/N = 184829,  range = 3000 psia,  tc = 40
# nquan = 9                                 
# nvalues = 2019                        
# units = specified
# name 0 = timeJ: Julian Days
# name 1 = prSM: Pressure, Strain Gauge [db]
# name 2 = c0mS/cm: Conductivity [mS/cm]
# name 3 = t090C: Temperature [ITS-90, deg C]
# name 4 = sbeox0ML/L: Oxygen, SBE 43 [ml/l]
# name 5 = depSM: Depth [salt water, m], lat = 47.5
# name 6 = sal00: Salinity, Practical [PSU]
# name 7 = sigma-é00: Density [sigma-theta, kg/m^3]
# name 8 = flag: flag
# span 0 = 280.543125, 280.554803       
# span 1 =     -5.299,     13.320       
# span 2 =   0.159211,  36.445923       
# span 3 =     9.4795,    10.7577       
# span 4 =   -16.7104,    18.3363       
# span 5 =     -5.255,     13.208       
# span 6 =     0.1048,    33.1152       
# span 7 =    -0.2823,    25.5353       
# span 8 = 0.0000e+00, 0.0000e+00       
# interval = seconds: 0.5
# start_time = Oct 07 2009 13:02:06 [Instrument's time stamp, header]
# bad_flag = -9.990e-29
*END*
[from data line 1761]
 280.553316      8.388  36.002119     9.7840     4.9946      8.318    33.0649    25.4772 -9.990e-29
 280.553322      8.388  36.002303     9.7842     4.9831      8.318    33.0649    25.4771 -9.990e-29
 280.553328      8.401  36.002542     9.7842     4.9791      8.331    33.0651    25.4773 -9.990e-29
 280.553333      8.412  36.002596     9.7839     4.9752      8.342    33.0655    25.4776 -9.990e-29
 280.553339      8.409  36.002539     9.7841     4.9621      8.339    33.0652    25.4774 -9.990e-29
 280.553345      8.387  36.002297     9.7847     4.9397      8.317    33.0644    25.4767 -9.990e-29
 280.553351      8.349  36.002111     9.7849     4.9407      8.279    33.0641    25.4764 -9.990e-29
 280.553356      8.306  36.002296     9.7846     4.9469      8.237    33.0646    25.4768 -9.990e-29
 280.553362      8.271  36.002543     9.7845     4.9613      8.202    33.0649    25.4771 -9.990e-29
 280.553368      8.255  36.002624     9.7847     4.9716      8.186    33.0648    25.4770 -9.990e-29
 280.553374      8.262  36.002649     9.7848     4.9825      8.193    33.0648    25.4769 -9.990e-29
 280.553380      8.287  36.002656     9.7847     4.9943      8.218    33.0648    25.4770 -9.990e-29
 280.553385      8.321  36.002656     9.7845     4.9963      8.251    33.0650    25.4772 -9.990e-29
 280.553391      8.346  36.002653     9.7844     5.0074      8.276    33.0651    25.4772 -9.990e-29
 280.553397      8.358  36.002643     9.7847     5.0009      8.288    33.0648    25.4770 -9.990e-29
 280.553403      8.355  36.002614     9.7850     5.0041      8.285    33.0645    25.4767 -9.990e-29
 280.553409      8.339  36.002532     9.7851     5.0022      8.269    33.0643    25.4765 -9.990e-29
 280.553414      8.317  36.002290     9.7854     4.9938      8.247    33.0638    25.4761 -9.990e-29
 280.553420      8.300  36.002128     9.7856     4.9917      8.231    33.0635    25.4758 -9.990e-29
 280.553426      8.291  36.002396     9.7856     4.9954      8.222    33.0637    25.4760 -9.990e-29
 280.553432      8.291  36.002892     9.7858     4.9825      8.222    33.0641    25.4762 -9.990e-29
 280.553437      8.293  36.003160     9.7858     4.9787      8.224    33.0643    25.4764 -9.990e-29
 280.553443      8.291  36.002999     9.7855     4.9761      8.222    33.0645    25.4766 -9.990e-29
 280.553449      8.279  36.002757     9.7855     4.9836      8.210    33.0642    25.4764 -9.990e-29
 280.553455      8.262  36.002676     9.7855     4.9937      8.193    33.0641    25.4763 -9.990e-29
 280.553461      8.250  36.002649     9.7852     5.0013      8.181    33.0644    25.4766 -9.990e-29
 280.553466      8.253  36.002644     9.7852     4.9939      8.184    33.0644    25.4766 -9.990e-29
 280.553472      8.269  36.002659     9.7855     4.9801      8.200    33.0641    25.4763 -9.990e-29
 280.553478      8.300  36.002715     9.7855     4.9683      8.231    33.0642    25.4763 -9.990e-29
 280.553484      8.339  36.002889     9.7853     4.9417      8.269    33.0645    25.4766 -9.990e-29
 280.553490      8.373  36.003417     9.7856     4.9493      8.303    33.0648    25.4768 -9.990e-29
 280.553495      8.385  36.003883     9.7860     4.9651      8.315    33.0649    25.4768 -9.990e-29
 280.553501      8.372  36.003789     9.7864     4.9852      8.302    33.0644    25.4764 -9.990e-29
 280.553507      8.351  36.003572     9.7869     4.9974      8.281    33.0637    25.4758 -9.990e-29
 280.553513      8.337  36.003507     9.7872     4.9834      8.267    33.0634    25.4755 -9.990e-29
 280.553519      8.334  36.003511     9.7875     4.9826      8.264    33.0631    25.4752 -9.990e-29
 280.553524      8.337  36.003594     9.7879     4.9881      8.267    33.0628    25.4749 -9.990e-29
 280.553530      8.338  36.003870     9.7879     5.0000      8.268    33.0631    25.4751 -9.990e-29
 280.553536      8.337  36.004146     9.7880     4.9966      8.267    33.0633    25.4753 -9.990e-29
 280.553542      8.342  36.004235     9.7885     4.9733      8.272    33.0629    25.4749 -9.990e-29
 280.553547      8.354  36.004257     9.7889     4.9480      8.284    33.0626    25.4746 -9.990e-29
 280.553553      8.366  36.004246     9.7893     4.9492      8.296    33.0622    25.4742 -9.990e-29
 280.553559      8.368  36.004189     9.7898     4.9599      8.298    33.0617    25.4737 -9.990e-29
 280.553565      8.357  36.004012     9.7903     4.9722      8.287    33.0610    25.4731 -9.990e-29
 280.553571      8.341  36.003666     9.7902     4.9859      8.271    33.0608    25.4729 -9.990e-29
 280.553576      8.332  36.003255     9.7895     4.9837      8.262    33.0610    25.4732 -9.990e-29
 280.553582      8.338  36.002982     9.7893     4.9987      8.268    33.0609    25.4732 -9.990e-29
 280.553588      8.358  36.003049     9.7897     5.0002      8.288    33.0606    25.4729 -9.990e-29
 280.553594      8.383  36.003177     9.7901     4.9960      8.313    33.0604    25.4726 -9.990e-29
 280.553600      8.403  36.002981     9.7901     4.9992      8.333    33.0602    25.4725 -9.990e-29
 280.553605      8.422  36.002761     9.7898     4.9931      8.352    33.0602    25.4725 -9.990e-29
 280.553611      8.439  36.002788     9.7893     4.9934      8.368    33.0607    25.4730 -9.990e-29
 280.553617      8.453  36.003103     9.7895     4.9840      8.382    33.0608    25.4731 -9.990e-29
 280.553623      8.454  36.003571     9.7901     4.9702      8.383    33.0607    25.4729 -9.990e-29
 280.553628      8.440  36.003698     9.7905     4.9606      8.369    33.0605    25.4727 -9.990e-29
 280.553634      8.408  36.003656     9.7908     4.9682      8.338    33.0602    25.4724 -9.990e-29
 280.553640      8.362  36.003955     9.7914     4.9839      8.292    33.0600    25.4721 -9.990e-29
 280.553646      8.315  36.004437     9.7924     4.9846      8.245    33.0596    25.4716 -9.990e-29
 280.553652      8.286  36.005188     9.7936     4.9771      8.217    33.0592    25.4712 -9.990e-29
 280.553657      8.282  36.006095     9.7944     4.9760      8.213    33.0594    25.4712 -9.990e-29
 280.553663      8.298  36.006131     9.7941     4.9838      8.229    33.0597    25.4715 -9.990e-29
 280.553669      8.322  36.005347     9.7933     4.9845      8.252    33.0597    25.4716 -9.990e-29
 280.553675      8.343  36.004945     9.7931     4.9694      8.273    33.0594    25.4714 -9.990e-29
 280.553681      8.358  36.004951     9.7931     4.9588      8.288    33.0594    25.4714 -9.990e-29
 280.553686      8.368  36.004817     9.7930     4.9644      8.298    33.0594    25.4714 -9.990e-29
 280.553692      8.369  36.004927     9.7927     4.9748      8.299    33.0598    25.4717 -9.990e-29
 280.553698      8.357  36.005431     9.7926     4.9834      8.287    33.0604    25.4722 -9.990e-29
 280.553704      8.340  36.005886     9.7929     4.9660      8.270    33.0606    25.4723 -9.990e-29
 280.553709      8.325  36.006343     9.7932     4.9577      8.255    33.0608    25.4724 -9.990e-29
 280.553715      8.311  36.006854     9.7931     4.9652      8.241    33.0614    25.4729 -9.990e-29
 280.553721      8.303  36.006986     9.7933     4.9790      8.234    33.0614    25.4729 -9.990e-29
 280.553727      8.299  36.006918     9.7938     5.0042      8.230    33.0608    25.4724 -9.990e-29
 280.553733      8.294  36.007123     9.7943     5.0066      8.225    33.0606    25.4721 -9.990e-29
 280.553738      8.297  36.007318     9.7947     5.0003      8.228    33.0604    25.4719 -9.990e-29
 280.553744      8.318  36.007208     9.7950     4.9919      8.248    33.0600    25.4715 -9.990e-29
 280.553750      8.347  36.007210     9.7952     4.9913      8.277    33.0598    25.4714 -9.990e-29
 280.553756      8.371  36.007333     9.7956     5.0082      8.301    33.0596    25.4711 -9.990e-29
 280.553762      8.382  36.007181     9.7960     5.0119      8.312    33.0590    25.4706 -9.990e-29
 280.553767      8.386  36.007116     9.7960     5.0249      8.316    33.0590    25.4706 -9.990e-29
 280.553773      8.386  36.007058     9.7956     5.0205      8.316    33.0593    25.4709 -9.990e-29
 280.553779      8.382  36.006933     9.7951     5.0199      8.312    33.0596    25.4712 -9.990e-29
 280.553785      8.380  36.007139     9.7947     5.0178      8.310    33.0602    25.4717 -9.990e-29
 280.553791      8.382  36.007395     9.7948     5.0095      8.312    33.0604    25.4718 -9.990e-29
 280.553796      8.386  36.007484     9.7953     5.0074      8.316    33.0600    25.4715 -9.990e-29
 280.553802      8.385  36.007531     9.7957     5.0109      8.315    33.0597    25.4712 -9.990e-29
 280.553808      8.377  36.007601     9.7965     5.0128      8.307    33.0590    25.4705 -9.990e-29
 280.553814      8.357  36.007792     9.7978     5.0134      8.287    33.0580    25.4695 -9.990e-29
 280.553819      8.332  36.008362     9.7991     5.0037      8.262    33.0574    25.4688 -9.990e-29
 280.553825      8.312  36.008953     9.7999     4.9902      8.242    33.0573    25.4686 -9.990e-29
 280.553831      8.302  36.009238     9.8001     4.9654      8.233    33.0574    25.4687 -9.990e-29
 280.553837      8.301  36.009602     9.8000     4.9460      8.232    33.0579    25.4690 -9.990e-29
 280.553843      8.304  36.009976     9.7997     4.9482      8.235    33.0585    25.4696 -9.990e-29
 280.553848      8.307  36.010300     9.7994     4.9587      8.238    33.0591    25.4701 -9.990e-29
 280.553854      8.314  36.010451     9.7996     4.9677      8.244    33.0591    25.4701 -9.990e-29
 280.553860      8.330  36.010073     9.7997     4.9666      8.260    33.0586    25.4697 -9.990e-29
 280.553866      8.357  36.009226     9.7993     4.9567      8.287    33.0581    25.4693 -9.990e-29
 280.553872      8.388  36.008467     9.7988     4.9490      8.318    33.0578    25.4692 -9.990e-29
 280.553877      8.406  36.007908     9.7982     4.9609      8.336    33.0577    25.4692 -9.990e-29
 280.553883      8.406  36.007367     9.7978     4.9918      8.336    33.0576    25.4692 -9.990e-29
 280.553889      8.391  36.007247     9.7975     5.0117      8.321    33.0577    25.4693 -9.990e-29
 280.553895      8.372  36.007391     9.7972     5.0008      8.302    33.0582    25.4697 -9.990e-29
 280.553900      8.362  36.007437     9.7971     4.9716      8.292    33.0583    25.4699 -9.990e-29
 280.553906      8.361  36.007450     9.7969     4.9526      8.291    33.0585    25.4700 -9.990e-29
 280.553912      8.359  36.007453     9.7967     4.9601      8.289    33.0587    25.4702 -9.990e-29
 280.553918      8.351  36.007452     9.7972     4.9821      8.281    33.0582    25.4698 -9.990e-29
 280.553924      8.343  36.007449     9.7978     4.9774      8.273    33.0577    25.4693 -9.990e-29
 280.553929      8.341  36.007446     9.7976     4.9633      8.271    33.0579    25.4694 -9.990e-29
 280.553935      8.351  36.007443     9.7974     4.9627      8.281    33.0580    25.4696 -9.990e-29
 280.553941      8.367  36.007441     9.7975     4.9875      8.297    33.0579    25.4695 -9.990e-29
 280.553947      8.384  36.007441     9.7976     5.0117      8.314    33.0578    25.4694 -9.990e-29
 280.553953      8.397  36.007448     9.7982     5.0232      8.327    33.0573    25.4689 -9.990e-29
 280.553958      8.403  36.007472     9.7992     5.0149      8.333    33.0564    25.4680 -9.990e-29
 280.553964      8.394  36.007552     9.7994     5.0079      8.324    33.0563    25.4679 -9.990e-29
 280.553970      8.365  36.007798     9.7989     5.0184      8.295    33.0570    25.4686 -9.990e-29
 280.553976      8.319  36.007981     9.7987     5.0187      8.249    33.0574    25.4689 -9.990e-29
 280.553981      8.265  36.007787     9.7991     5.0089      8.196    33.0569    25.4684 -9.990e-29
 280.553987      8.217  36.007523     9.7990     5.0134      8.148    33.0567    25.4683 -9.990e-29
 280.553993      8.181  36.007402     9.7981     5.0017      8.113    33.0574    25.4690 -9.990e-29
 280.553999      8.149  36.007270     9.7977     5.0016      8.081    33.0577    25.4693 -9.990e-29
 280.554005      8.117  36.006954     9.7981     5.0015      8.049    33.0570    25.4687 -9.990e-29
 280.554010      8.082  36.006595     9.7986     5.0027      8.014    33.0562    25.4680 -9.990e-29
 280.554016      8.036  36.006842     9.7990     5.0090      7.969    33.0561    25.4678 -9.990e-29
 280.554022      7.974  36.007466     9.7989     5.0164      7.907    33.0568    25.4684 -9.990e-29
 280.554028      7.900  36.007621     9.7982     5.0087      7.834    33.0577    25.4692 -9.990e-29
 280.554034      7.821  36.007521     9.7979     5.0097      7.756    33.0579    25.4694 -9.990e-29
 280.554039      7.741  36.007598     9.7983     5.0171      7.676    33.0576    25.4691 -9.990e-29
 280.554045      7.665  36.007957     9.7988     5.0319      7.601    33.0576    25.4690 -9.990e-29
 280.554051      7.590  36.008523     9.7994     5.0382      7.527    33.0576    25.4689 -9.990e-29
 280.554057      7.517  36.008933     9.8005     5.0245      7.454    33.0571    25.4683 -9.990e-29
 280.554062      7.450  36.009179     9.8017     5.0063      7.388    33.0563    25.4675 -9.990e-29
 280.554068      7.385  36.009593     9.8022     4.9956      7.323    33.0563    25.4674 -9.990e-29
 280.554074      7.308  36.010169     9.8021     5.0046      7.247    33.0570    25.4680 -9.990e-29
 280.554080      7.211  36.010558     9.8019     5.0128      7.151    33.0576    25.4685 -9.990e-29
 280.554086      7.096  36.010722     9.8024     5.0245      7.037    33.0573    25.4682 -9.990e-29
 280.554091      6.977  36.010887     9.8035     5.0243      6.919    33.0566    25.4674 -9.990e-29
 280.554097      6.864  36.011276     9.8046     5.0278      6.807    33.0560    25.4668 -9.990e-29
 280.554103      6.753  36.011853     9.8052     5.0202      6.697    33.0561    25.4668 -9.990e-29
 280.554109      6.638  36.012273     9.8057     5.0136      6.582    33.0561    25.4667 -9.990e-29
 280.554115      6.512  36.012538     9.8065     5.0266      6.458    33.0557    25.4662 0.0000e+00
 280.554120      6.370  36.013005     9.8077     5.0436      6.317    33.0551    25.4656 0.0000e+00
 280.554126      6.221  36.013741     9.8093     5.0593      6.169    33.0545    25.4648 0.0000e+00
 280.554132      6.080  36.014613     9.8105     5.0574      6.029    33.0543    25.4645 -9.990e-29
 280.554138      5.957  36.015668     9.8114     5.0521      5.907    33.0546    25.4646 -9.990e-29
 280.554144      5.848  36.016637     9.8121     5.0436      5.799    33.0550    25.4648 -9.990e-29
 280.554149      5.745  36.017137     9.8124     5.0542      5.697    33.0553    25.4650 -9.990e-29
 280.554155      5.642  36.017277     9.8127     5.0637      5.595    33.0552    25.4648 -9.990e-29
 280.554161      5.532  36.017249     9.8130     5.0616      5.486    33.0550    25.4646 -9.990e-29
 280.554167      5.418  36.017019     9.8131     5.0501      5.373    33.0547    25.4644 -9.990e-29
 280.554172      5.308  36.016846     9.8132     5.0375      5.264    33.0545    25.4642 -9.990e-29
 280.554178      5.206  36.017065     9.8132     5.0332      5.162    33.0547    25.4644 -9.990e-29
 280.554184      5.103  36.017412     9.8132     5.0500      5.060    33.0551    25.4647 -9.990e-29
 280.554190      4.994  36.017792     9.8138     5.0729      4.952    33.0550    25.4645 -9.990e-29
 280.554196      4.875  36.018157     9.8145     5.0920      4.834    33.0548    25.4642 -9.990e-29
 280.554201      4.753  36.018437     9.8153     5.0990      4.713    33.0544    25.4638 -9.990e-29
 280.554207      4.637  36.019011     9.8162     5.0885      4.598    33.0542    25.4635 -9.990e-29
 280.554213      4.531  36.019529     9.8164     5.0835      4.493    33.0546    25.4637 -9.990e-29
 280.554219      4.434  36.019564     9.8164     5.0967      4.397    33.0547    25.4638 -9.990e-29
 280.554225      4.339  36.019728     9.8171     5.1133      4.303    33.0543    25.4633 -9.990e-29
 280.554230      4.240  36.020246     9.8185     5.1304      4.205    33.0536    25.4625 -9.990e-29
