data/oxygen options/ONMS/Olympic_Coast_National_Marine_Sanctuary_CTD_Data_2005_2023/raw_data/2009/CTD_CA042_090209faed.cnv
* Sea-Bird SBE19 Data File:
* FileName = C:\2009_MOORING_DATA\090209_data\CTD_CA042_090209.hex
* Software Version 1.24
* Temperature SN = 2997
* Conductivity SN = 2997
* System UpLoad Time = Sep 02 2009 17:31:32
* SEACAT PROFILER V3.1c SN 2997   09/02/09  17:30:49.216
* strain gauge pressure sensor: S/N = 184829,  range = 3000 psia,  tc = 40
# nquan = 9                                 
# nvalues = 1731                        
# units = specified
# name 0 = timeJ: Julian Days
# name 1 = prSM: Pressure, Strain Gauge [db]
# name 2 = c0mS/cm: Conductivity [mS/cm]
# name 3 = t090C: Temperature [ITS-90, deg C]
# name 4 = sbeox0ML/L: Oxygen, SBE 43 [ml/l]
# name 5 = depSM: Depth [salt water, m], lat = 47.5
# name 6 = sal00: Salinity, Practical [PSU]
# name 7 = sigma-é00: Density [sigma-theta, kg/m^3]
# name 8 = flag: flag
# span 0 = 245.667523, 245.677535       
# span 1 =     -5.779,     41.973       
# span 2 =   0.756653,  38.886385       
# span 3 =     7.5630,    14.8881       
# span 4 =    -1.6364,    14.1495       
# span 5 =     -5.731,     41.618       
# span 6 =     0.4700,    33.6696       
# span 7 =    -0.4588,    26.2917       
# span 8 = 0.0000e+00, 0.0000e+00       
# interval = seconds: 0.5
# start_time = Sep 02 2009 16:01:14 [Instrument's time stamp, header]
# bad_flag = -9.990e-29
*END*
[from data line 1121]
 245.674010     29.531  34.626998     7.7003     1.5403     29.282    33.5746    26.1984 -9.990e-29
 245.674016     29.557  34.625392     7.6980     1.5487     29.308    33.5751    26.1991 -9.990e-29
 245.674022     29.576  34.625129     7.6976     1.5320     29.327    33.5752    26.1992 -9.990e-29
 245.674028     29.591  34.625846     7.6980     1.5428     29.342    33.5755    26.1995 -9.990e-29
 245.674034     29.606  34.626247     7.6978     1.5476     29.357    33.5761    26.2000 -9.990e-29
 245.674039     29.618  34.625734     7.6965     1.5559     29.369    33.5768    26.2007 -9.990e-29
 245.674045     29.624  34.624733     7.6955     1.5572     29.375    33.5767    26.2008 -9.990e-29
 245.674051     29.620  34.624700     7.6967     1.5499     29.371    33.5755    26.1997 -9.990e-29
 245.674057     29.601  34.626138     7.6995     1.5475     29.352    33.5744    26.1984 -9.990e-29
 245.674062     29.574  34.627591     7.7017     1.5452     29.325    33.5738    26.1976 -9.990e-29
 245.674068     29.555  34.628185     7.7026     1.5500     29.306    33.5736    26.1973 -9.990e-29
 245.674074     29.551  34.628142     7.7026     1.5500     29.302    33.5736    26.1973 -9.990e-29
 245.674080     29.558  34.627955     7.7020     1.5584     29.309    33.5740    26.1977 -9.990e-29
 245.674086     29.568  34.627926     7.7016     1.5609     29.319    33.5743    26.1980 -9.990e-29
 245.674091     29.577  34.628004     7.7016     1.5526     29.328    33.5744    26.1981 -9.990e-29
 245.674097     29.585  34.628281     7.7017     1.5477     29.336    33.5746    26.1982 -9.990e-29
 245.674103     29.589  34.628554     7.7019     1.5429     29.340    33.5747    26.1983 -9.990e-29
 245.674109     29.589  34.628617     7.7020     1.5454     29.340    33.5747    26.1982 -9.990e-29
 245.674115     29.593  34.628541     7.7019     1.5419     29.344    33.5747    26.1982 -9.990e-29
 245.674120     29.602  34.628215     7.7015     1.5312     29.353    33.5747    26.1983 -9.990e-29
 245.674126     29.608  34.627754     7.7005     1.5289     29.359    33.5752    26.1988 -9.990e-29
 245.674132     29.607  34.627091     7.6982     1.5314     29.358    33.5767    26.2003 -9.990e-29
 245.674138     29.603  34.625891     7.6955     1.5301     29.354    33.5780    26.2018 -9.990e-29
 245.674144     29.600  34.624784     7.6943     1.5324     29.351    33.5780    26.2019 -9.990e-29
 245.674149     29.598  34.624526     7.6951     1.5323     29.349    33.5769    26.2010 -9.990e-29
 245.674155     29.602  34.624760     7.6963     1.5348     29.353    33.5760    26.2001 -9.990e-29
 245.674161     29.610  34.624667     7.6961     1.5397     29.361    33.5761    26.2002 -9.990e-29
 245.674167     29.617  34.624113     7.6948     1.5483     29.368    33.5767    26.2009 -9.990e-29
 245.674172     29.620  34.623468     7.6930     1.5507     29.371    33.5778    26.2020 -9.990e-29
 245.674178     29.627  34.622981     7.6912     1.5507     29.378    33.5790    26.2032 -9.990e-29
 245.674184     29.631  34.623111     7.6904     1.5397     29.382    33.5799    26.2040 -9.990e-29
 245.674190     29.626  34.624021     7.6914     1.5407     29.377    33.5799    26.2039 -9.990e-29
 245.674196     29.610  34.625230     7.6934     1.5431     29.361    33.5793    26.2031 -9.990e-29
 245.674201     29.597  34.626097     7.6945     1.5372     29.348    33.5792    26.2028 -9.990e-29
 245.674207     29.596  34.626089     7.6936     1.5291     29.347    33.5800    26.2037 -9.990e-29
 245.674213     29.614  34.625186     7.6911     1.5302     29.365    33.5815    26.2051 -9.990e-29
 245.674219     29.642  34.623855     7.6878     1.5266     29.392    33.5832    26.2070 -9.990e-29
 245.674225     29.665  34.622548     7.6856     1.5313     29.415    33.5839    26.2078 -9.990e-29
 245.674230     29.672  34.621752     7.6859     1.5337     29.422    33.5828    26.2069 -9.990e-29
 245.674236     29.659  34.622075     7.6882     1.5232     29.409    33.5809    26.2051 -9.990e-29
 245.674242     29.633  34.623375     7.6908     1.5341     29.384    33.5798    26.2039 -9.990e-29
 245.674248     29.610  34.624572     7.6920     1.5283     29.361    33.5799    26.2038 -9.990e-29
 245.674253     29.598  34.625014     7.6920     1.5367     29.349    33.5804    26.2042 -9.990e-29
 245.674259     29.595  34.624720     7.6912     1.5415     29.346    33.5809    26.2047 -9.990e-29
 245.674265     29.597  34.623846     7.6906     1.5392     29.348    33.5805    26.2045 -9.990e-29
 245.674271     29.595  34.623456     7.6910     1.5250     29.346    33.5797    26.2038 -9.990e-29
 245.674277     29.585  34.624139     7.6913     1.5237     29.336    33.5802    26.2041 -9.990e-29
 245.674282     29.572  34.624553     7.6899     1.5176     29.323    33.5820    26.2057 -9.990e-29
 245.674288     29.566  34.623561     7.6864     1.5116     29.317    33.5843    26.2080 -9.990e-29
 245.674294     29.576  34.621510     7.6817     1.5163     29.327    33.5866    26.2105 -9.990e-29
 245.674300     29.598  34.619577     7.6772     1.5056     29.349    33.5888    26.2129 -9.990e-29
 245.674306     29.625  34.618534     7.6741     1.5188     29.376    33.5907    26.2148 -9.990e-29
 245.674311     29.650  34.618099     7.6727     1.5261     29.400    33.5916    26.2157 -9.990e-29
 245.674317     29.672  34.617679     7.6720     1.5201     29.422    33.5918    26.2160 -9.990e-29
 245.674323     29.690  34.617263     7.6717     1.5200     29.440    33.5916    26.2159 -9.990e-29
 245.674329     29.702  34.617405     7.6726     1.5153     29.452    33.5909    26.2152 -9.990e-29
 245.674334     29.700  34.618282     7.6750     1.5179     29.450    33.5895    26.2138 -9.990e-29
 245.674340     29.684  34.619371     7.6776     1.5143     29.434    33.5882    26.2124 -9.990e-29
 245.674346     29.662  34.620434     7.6793     1.5202     29.412    33.5877    26.2117 -9.990e-29
 245.674352     29.640  34.621197     7.6794     1.5225     29.391    33.5884    26.2123 -9.990e-29
 245.674358     29.626  34.620986     7.6780     1.5250     29.377    33.5896    26.2134 -9.990e-29
 245.674363     29.619  34.620070     7.6765     1.5275     29.370    33.5900    26.2140 -9.990e-29
 245.674369     29.610  34.619457     7.6764     1.5228     29.361    33.5895    26.2135 -9.990e-29
 245.674375     29.598  34.619438     7.6769     1.5227     29.349    33.5890    26.2131 -9.990e-29
 245.674381     29.591  34.619416     7.6763     1.5144     29.342    33.5895    26.2136 -9.990e-29
 245.674387     29.593  34.618791     7.6751     1.5037     29.344    33.5900    26.2142 -9.990e-29
 245.674392     29.600  34.617839     7.6746     1.5012     29.351    33.5895    26.2138 -9.990e-29
 245.674398     29.604  34.617520     7.6747     1.5036     29.355    33.5890    26.2134 -9.990e-29
 245.674404     29.605  34.617957     7.6746     1.5191     29.356    33.5896    26.2139 -9.990e-29
 245.674410     29.611  34.618043     7.6735     1.5181     29.362    33.5908    26.2150 -9.990e-29
 245.674416     29.623  34.617322     7.6718     1.5158     29.374    33.5916    26.2159 -9.990e-29
 245.674421     29.634  34.616503     7.6705     1.5135     29.385    33.5920    26.2164 -9.990e-29
 245.674427     29.639  34.616161     7.6700     1.5113     29.390    33.5921    26.2165 -9.990e-29
 245.674433     29.639  34.616390     7.6703     1.5160     29.390    33.5921    26.2164 -9.990e-29
 245.674439     29.634  34.616924     7.6712     1.5159     29.385    33.5918    26.2161 -9.990e-29
 245.674444     29.624  34.617342     7.6722     1.5074     29.375    33.5913    26.2155 -9.990e-29
 245.674450     29.611  34.617631     7.6726     1.4967     29.362    33.5912    26.2154 -9.990e-29
 245.674456     29.605  34.617606     7.6717     1.4942     29.356    33.5920    26.2162 -9.990e-29
 245.674462     29.609  34.616664     7.6694     1.4967     29.360    33.5932    26.2175 -9.990e-29
 245.674468     29.622  34.615217     7.6666     1.4956     29.373    33.5944    26.2188 -9.990e-29
 245.674473     29.643  34.614126     7.6634     1.5062     29.393    33.5963    26.2207 -9.990e-29
 245.674479     29.663  34.613047     7.6612     1.5086     29.413    33.5972    26.2218 -9.990e-29
 245.674485     29.674  34.612209     7.6616     1.5110     29.424    33.5959    26.2207 -9.990e-29
 245.674491     29.671  34.612724     7.6639     1.5300     29.421    33.5943    26.2191 -9.990e-29
 245.674497     29.651  34.614146     7.6662     1.5300     29.401    33.5936    26.2182 -9.990e-29
 245.674502     29.627  34.615568     7.6679     1.5299     29.378    33.5935    26.2179 -9.990e-29
 245.674508     29.610  34.616649     7.6692     1.5334     29.361    33.5934    26.2177 -9.990e-29
 245.674514     29.603  34.617164     7.6698     1.5261     29.354    33.5934    26.2176 -9.990e-29
 245.674520     29.602  34.617255     7.6701     1.5262     29.353    33.5932    26.2174 -9.990e-29
 245.674525     29.597  34.617057     7.6705     1.5239     29.348    33.5926    26.2168 -9.990e-29
 245.674531     29.589  34.616879     7.6711     1.5274     29.340    33.5918    26.2162 -9.990e-29
 245.674537     29.586  34.617058     7.6716     1.5297     29.337    33.5915    26.2159 -9.990e-29
 245.674543     29.591  34.617286     7.6721     1.5214     29.342    33.5913    26.2156 -9.990e-29
 245.674549     29.605  34.617321     7.6733     1.5248     29.356    33.5902    26.2145 -9.990e-29
 245.674554     29.625  34.617784     7.6755     1.5224     29.376    33.5885    26.2129 -9.990e-29
 245.674560     29.643  34.618745     7.6776     1.5248     29.393    33.5875    26.2118 -9.990e-29
 245.674566     29.652  34.619257     7.6782     1.5273     29.402    33.5875    26.2117 -9.990e-29
 245.674572     29.648  34.619456     7.6776     1.5309     29.398    33.5883    26.2124 -9.990e-29
 245.674578     29.635  34.619620     7.6767     1.5333     29.386    33.5894    26.2134 -9.990e-29
 245.674583     29.617  34.619422     7.6763     1.5333     29.368    33.5895    26.2136 -9.990e-29
 245.674589     29.593  34.619173     7.6763     1.5309     29.344    33.5893    26.2134 -9.990e-29
 245.674595     29.564  34.619114     7.6767     1.5178     29.315    33.5888    26.2130 -9.990e-29
 245.674601     29.539  34.619182     7.6774     1.5154     29.290    33.5883    26.2124 -9.990e-29
 245.674606     29.524  34.619481     7.6781     1.5154     29.275    33.5879    26.2121 -9.990e-29
 245.674612     29.526  34.619863     7.6784     1.5094     29.277    33.5880    26.2121 -9.990e-29
 245.674618     29.546  34.619733     7.6782     1.5200     29.297    33.5881    26.2122 -9.990e-29
 245.674624     29.576  34.618932     7.6776     1.5224     29.327    33.5878    26.2120 -9.990e-29
 245.674630     29.610  34.618084     7.6772     1.5249     29.361    33.5872    26.2117 -9.990e-29
 245.674635     29.642  34.617753     7.6772     1.5356     29.392    33.5869    26.2114 -9.990e-29
 245.674641     29.664  34.617508     7.6771     1.5331     29.414    33.5867    26.2112 -9.990e-29
 245.674647     29.674  34.617038     7.6766     1.5332     29.424    33.5867    26.2113 -9.990e-29
 245.674653     29.677  34.616850     7.6764     1.5225     29.427    33.5866    26.2113 -9.990e-29
 245.674659     29.673  34.617266     7.6769     1.5154     29.423    33.5866    26.2112 -9.990e-29
 245.674664     29.658  34.618296     7.6782     1.5155     29.408    33.5865    26.2109 -9.990e-29
 245.674670     29.634  34.619084     7.6795     1.5180     29.385    33.5861    26.2104 -9.990e-29
 245.674676     29.609  34.619015     7.6799     1.5228     29.360    33.5856    26.2100 -9.990e-29
 245.674682     29.590  34.618573     7.6796     1.5144     29.341    33.5855    26.2099 -9.990e-29
 245.674688     29.580  34.618302     7.6794     1.5120     29.331    33.5854    26.2099 -9.990e-29
 245.674693     29.578  34.618416     7.6791     1.5120     29.329    33.5858    26.2102 -9.990e-29
 245.674699     29.585  34.618520     7.6781     1.5227     29.336    33.5868    26.2112 -9.990e-29
 245.674705     29.600  34.618204     7.6766     1.5299     29.351    33.5879    26.2123 -9.990e-29
 245.674711     29.624  34.617624     7.6750     1.5297     29.375    33.5889    26.2133 -9.990e-29
 245.674716     29.656  34.617138     7.6734     1.5107     29.406    33.5899    26.2143 -9.990e-29
 245.674722     29.683  34.616674     7.6720     1.5094     29.433    33.5907    26.2151 -9.990e-29
 245.674728     29.699  34.616185     7.6716     1.5118     29.449    33.5905    26.2151 -9.990e-29
 245.674734     29.706  34.616153     7.6722     1.5082     29.456    33.5899    26.2145 -9.990e-29
 245.674740     29.703  34.616548     7.6726     1.5215     29.453    33.5900    26.2145 -9.990e-29
 245.674745     29.694  34.616790     7.6725     1.5192     29.444    33.5903    26.2148 -9.990e-29
 245.674751     29.680  34.616653     7.6724     1.5301     29.430    33.5903    26.2148 -9.990e-29
 245.674757     29.655  34.616529     7.6731     1.5350     29.405    33.5895    26.2140 -9.990e-29
 245.674763     29.621  34.616827     7.6746     1.5302     29.372    33.5884    26.2129 -9.990e-29
 245.674769     29.586  34.617400     7.6759     1.5276     29.337    33.5878    26.2123 -9.990e-29
 245.674774     29.554  34.617903     7.6767     1.5145     29.305    33.5875    26.2120 -9.990e-29
 245.674780     29.534  34.617901     7.6770     1.5120     29.285    33.5873    26.2117 -9.990e-29
 245.674786     29.532  34.617406     7.6765     1.4952     29.283    33.5872    26.2117 -9.990e-29
 245.674792     29.552  34.616892     7.6749     1.4845     29.303    33.5882    26.2127 -9.990e-29
 245.674797     29.592  34.616250     7.6724     1.4952     29.343    33.5899    26.2144 -9.990e-29
 245.674803     29.641  34.615196     7.6694     1.5025     29.392    33.5916    26.2162 -9.990e-29
 245.674809     29.684  34.614020     7.6673     1.5147     29.434    33.5924    26.2171 -9.990e-29
 245.674815     29.713  34.613407     7.6668     1.5256     29.463    33.5922    26.2170 -9.990e-29
 245.674821     29.719  34.613671     7.6673     1.5232     29.469    33.5920    26.2168 -9.990e-29
 245.674826     29.705  34.614616     7.6687     1.5315     29.455    33.5917    26.2164 -9.990e-29
 245.674832     29.681  34.615834     7.6710     1.5231     29.431    33.5908    26.2153 -9.990e-29
 245.674838     29.654  34.616724     7.6735     1.5075     29.404    33.5893    26.2138 -9.990e-29
 245.674844     29.628  34.617366     7.6752     1.4943     29.379    33.5884    26.2129 -9.990e-29
 245.674850     29.608  34.617511     7.6750     1.4894     29.359    33.5887    26.2132 -9.990e-29
 245.674855     29.599  34.616246     7.6724     1.4883     29.350    33.5899    26.2144 -9.990e-29
 245.674861     29.599  34.614140     7.6682     1.4931     29.350    33.5917    26.2164 -9.990e-29
 245.674867     29.604  34.612319     7.6640     1.5061     29.355    33.5938    26.2187 -9.990e-29
 245.674873     29.606  34.611171     7.6616     1.5109     29.357    33.5948    26.2199 -9.990e-29
 245.674878     29.602  34.611420     7.6616     1.5240     29.353    33.5951    26.2201 -9.990e-29
 245.674884     29.589  34.612849     7.6630     1.5324     29.340    33.5953    26.2200 -9.990e-29
 245.674890     29.569  34.614016     7.6650     1.5299     29.320    33.5946    26.2192 -9.990e-29
 245.674896     29.543  34.614808     7.6673     1.5358     29.294    33.5933    26.2178 -9.990e-29
 245.674902     29.519  34.615735     7.6696     1.5310     29.271    33.5921    26.2166 -9.990e-29
 245.674907     29.503  34.616367     7.6715     1.5261     29.255    33.5909    26.2154 -9.990e-29
 245.674913     29.500  34.616442     7.6730     1.5237     29.252    33.5896    26.2141 -9.990e-29
 245.674919     29.499  34.616633     7.6743     1.5189     29.251    33.5885    26.2131 -9.990e-29
 245.674925     29.489  34.617209     7.6751     1.5188     29.241    33.5884    26.2129 -9.990e-29
