data/oxygen options/ONMS/Olympic_Coast_National_Marine_Sanctuary_CTD_Data_2005_2023/raw_data/2009/CTD_KL015_070909faed.cnv
* Sea-Bird SBE19 Data File:
* FileName = C:\2009_MOORING_DATA\070709_data\CTD_KL015_070909.hex
* Software Version 1.24
* Temperature SN = 2997
* Conductivity SN = 2997
* System UpLoad Time = Jul 09 2009 11:16:16
* SEACAT PROFILER V3.1c SN 2997   07/09/09  11:15:25.322
* strain gauge pressure sensor: S/N = 184829,  range = 3000 psia,  tc = 40
# nquan = 9                                 
# nvalues = 3935                        
# units = specified
# name 0 = timeJ: Julian Days
# name 1 = prSM: Pressure, Strain Gauge [db]
# name 2 = c0mS/cm: Conductivity [mS/cm]
# name 3 = t090C: Temperature [ITS-90, deg C]
# name 4 = sbeox0ML/L: Oxygen, SBE 43 [ml/l]
# name 5 = depSM: Depth [salt water, m], lat = 47.5
# name 6 = sal00: Salinity, Practical [PSU]
# name 7 = sigma-é00: Density [sigma-theta, kg/m^3]
# name 8 = flag: flag
# span 0 = 190.443356, 190.466123       
# span 1 =     -5.531,     13.075       
# span 2 =   0.061832,  36.943665       
# span 3 =    12.7244,    16.4642       
# span 4 =   -14.2678,    17.2522       
# span 5 =     -5.485,     12.965       
# span 6 =     0.0384,    31.4146       
# span 7 =    -1.0568,    23.6698       
# span 8 = 0.0000e+00, 0.0000e+00       
# interval = seconds: 0.5
# start_time = Jul 09 2009 10:38:26 [Instrument's time stamp, header]
# bad_flag = -9.990e-29
*END*
[from data line 2401]
 190.457251      0.354   0.305161    15.5641    -1.5993      0.351     0.1799    -0.8465 -9.990e-29
 190.457257      0.354   0.304625    15.5733    -1.5977      0.351     0.1796    -0.8482 -9.990e-29
 190.457263      0.354   0.303682    15.5828    -1.5974      0.351     0.1790    -0.8502 -9.990e-29
 190.457269      0.354   0.302735    15.5930    -1.5980      0.351     0.1784    -0.8523 -9.990e-29
 190.457274      0.354   0.302187    15.6049    -1.5987      0.351     0.1780    -0.8545 -9.990e-29
 190.457280      0.354   0.301862    15.6219    -1.5992      0.351     0.1777    -0.8574 -9.990e-29
 190.457286      0.353   0.301327    15.6491    -1.5996      0.350     0.1773    -0.8620 -9.990e-29
 190.457292      0.353   0.300422    15.6888    -1.6000      0.350     0.1766    -0.8689 -9.990e-29
 190.457297      0.352   0.299605    15.7355    -1.6005      0.349     0.1759    -0.8768 -9.990e-29
 190.457303      0.351   0.299449    15.7800    -1.6009      0.348     0.1756    -0.8842 -9.990e-29
 190.457309      0.349   0.299746    15.8139    -1.6013      0.346     0.1757    -0.8896 -9.990e-29
 190.457315      0.347   0.299786    15.8281    -1.6016      0.344     0.1757    -0.8919 -9.990e-29
 190.457321      0.345   0.299067    15.8226    -1.6021      0.342     0.1752    -0.8913 -9.990e-29
 190.457326      0.341   0.297739    15.8079    -1.6025      0.338     0.1745    -0.8895 -9.990e-29
 190.457332      0.337   0.296802    15.7924    -1.6022      0.334     0.1740    -0.8874 -9.990e-29
 190.457338      0.332   0.296672    15.7780    -1.6015      0.329     0.1740    -0.8851 -9.990e-29
 190.457344      0.325   0.296620    15.7637    -1.5994      0.322     0.1740    -0.8828 -9.990e-29
 190.457350      0.316   0.296022    15.7493    -1.5986      0.313     0.1737    -0.8807 -9.990e-29
 190.457355      0.309   0.294637    15.7356    -1.5985      0.306     0.1730    -0.8792 -9.990e-29
 190.457361      0.307   0.292836    15.7227    -1.5985      0.304     0.1719    -0.8779 -9.990e-29
 190.457367      0.307   0.291544    15.7107    -1.5988      0.304     0.1712    -0.8765 -9.990e-29
 190.457373      0.307   0.291254    15.7008    -1.5991      0.304     0.1711    -0.8750 -9.990e-29
 190.457378      0.314   0.291583    15.6977    -1.5996      0.311     0.1713    -0.8744 -9.990e-29
 190.457384      0.321   0.291860    15.7073    -1.5994      0.318     0.1714    -0.8758 -9.990e-29
 190.457390      0.327   0.291900    15.7331    -1.5987      0.324     0.1713    -0.8800 -9.990e-29
 190.457396      0.330   0.291755    15.7681    -1.5982      0.327     0.1711    -0.8858 -9.990e-29
 190.457402      0.333   0.291234    15.7951    -1.5978      0.330     0.1707    -0.8904 -9.990e-29
 190.457407      0.333   0.290194    15.8073    -1.5977      0.330     0.1700    -0.8929 -9.990e-29
 190.457413      0.332   0.288913    15.8090    -1.5982      0.329     0.1693    -0.8938 -9.990e-29
 190.457419      0.330   0.287902    15.8040    -1.5984      0.327     0.1687    -0.8934 -9.990e-29
 190.457425      0.326   0.287475    15.7960    -1.5979      0.323     0.1685    -0.8923 -9.990e-29
 190.457431      0.319   0.287620    15.7911    -1.5975      0.316     0.1686    -0.8914 -9.990e-29
 190.457436      0.315   0.287973    15.7956    -1.5975      0.312     0.1688    -0.8920 -9.990e-29
 190.457442      0.317   0.287898    15.8082    -1.5970      0.314     0.1687    -0.8941 -9.990e-29
 190.457448      0.321   0.287296    15.8221    -1.5943      0.318     0.1683    -0.8967 -9.990e-29
 190.457454      0.322   0.286470    15.8319    -1.5928      0.319     0.1677    -0.8986 -9.990e-29
 190.457459      0.321   0.285428    15.8343    -1.5926      0.318     0.1671    -0.8995 -9.990e-29
 190.457465      0.322   0.284445    15.8315    -1.5937      0.319     0.1665    -0.8995 -9.990e-29
 190.457471      0.330   0.283874    15.8318    -1.5954      0.327     0.1662    -0.8998 -9.990e-29
 190.457477      0.340   0.283510    15.8394    -1.5966      0.337     0.1660    -0.9012 -9.990e-29
 190.457483      0.350   0.282865    15.8510    -1.5974      0.347     0.1655    -0.9034 -9.990e-29
 190.457488      0.359   0.281635    15.8674    -1.5985      0.356     0.1647    -0.9067 -9.990e-29
 190.457494      0.368   0.279842    15.8986    -1.5986      0.365     0.1636    -0.9126 -9.990e-29
 190.457500      0.373   0.277869    15.9433    -1.5981      0.370     0.1622    -0.9209 -9.990e-29
 190.457506      0.371   0.276411    15.9786    -1.5980      0.368     0.1612    -0.9274 -9.990e-29
 190.457512      0.366   0.275743    15.9854    -1.5983      0.363     0.1608    -0.9288 -9.990e-29
 190.457517      0.362   0.275531    15.9637    -1.5980      0.359     0.1608    -0.9253 -9.990e-29
 190.457523      0.357   0.275491    15.9268    -1.5973      0.354     0.1609    -0.9193 -9.990e-29
 190.457529      0.353   0.275569    15.8898    -1.5972      0.350     0.1611    -0.9131 -9.990e-29
 190.457535      0.349   0.275871    15.8588    -1.5973      0.346     0.1614    -0.9079 -9.990e-29
 190.457541      0.344   0.276243    15.8363    -1.5974      0.341     0.1617    -0.9040 -9.990e-29
 190.457546      0.339   0.276073    15.8270    -1.5972      0.336     0.1616    -0.9026 -9.990e-29
 190.457552      0.332   0.275134    15.8284    -1.5972      0.329     0.1610    -0.9033 -9.990e-29
 190.457558      0.328   0.273839    15.8314    -1.5975      0.325     0.1603    -0.9043 -9.990e-29
 190.457564      0.331   0.272677    15.8343    -1.5981      0.328     0.1596    -0.9053 -9.990e-29
 190.457569      0.337   0.271764    15.8416    -1.5986      0.334     0.1590    -0.9070 -9.990e-29
 190.457575      0.341   0.270992    15.8516    -1.5990      0.338     0.1585    -0.9089 -9.990e-29
 190.457581      0.344   0.270438    15.8579    -1.5985      0.341     0.1582    -0.9102 -9.990e-29
 190.457587      0.347   0.269920    15.8595    -1.5983      0.344     0.1578    -0.9107 -9.990e-29
 190.457593      0.349   0.269303    15.8597    -1.5979      0.346     0.1575    -0.9110 -9.990e-29
 190.457598      0.350   0.268872    15.8599    -1.5972      0.347     0.1572    -0.9113 -9.990e-29
 190.457604      0.351   0.268606    15.8569    -1.5973      0.348     0.1571    -0.9109 -9.990e-29
 190.457610      0.352   0.268152    15.8476    -1.5974      0.349     0.1568    -0.9096 -9.990e-29
 190.457616      0.353   0.267458    15.8344    -1.5972      0.350     0.1565    -0.9077 -9.990e-29
 190.457622      0.354   0.266709    15.8224    -1.5963      0.351     0.1561    -0.9061 -9.990e-29
 190.457627      0.354   0.266015    15.8174    -1.5957      0.351     0.1557    -0.9056 -9.990e-29
 190.457633      0.354   0.265561    15.8214    -1.5959      0.351     0.1554    -0.9065 -9.990e-29
 190.457639      0.354   0.265296    15.8310    -1.5962      0.351     0.1552    -0.9082 -9.990e-29
 190.457645      0.354   0.264866    15.8434    -1.5967      0.351     0.1549    -0.9104 -9.990e-29
 190.457650      0.353   0.264250    15.8548    -1.5973      0.350     0.1545    -0.9126 -9.990e-29
 190.457656      0.353   0.263738    15.8606    -1.5979      0.350     0.1542    -0.9137 -9.990e-29
 190.457662      0.352   0.263201    15.8645    -1.5983      0.349     0.1539    -0.9146 -9.990e-29
 190.457668      0.351   0.262476    15.8743    -1.5986      0.348     0.1534    -0.9166 -9.990e-29
 190.457674      0.350   0.261707    15.8897    -1.5989      0.347     0.1529    -0.9194 -9.990e-29
 190.457679      0.348   0.260979    15.9009    -1.5995      0.345     0.1524    -0.9216 -9.990e-29
 190.457685      0.346   0.260429    15.9014    -1.6000      0.343     0.1521    -0.9219 -9.990e-29
 190.457691      0.344   0.259879    15.8932    -1.6003      0.341     0.1518    -0.9208 -9.990e-29
 190.457697      0.340   0.259152    15.8793    -1.6003      0.337     0.1514    -0.9189 -9.990e-29
 190.457703      0.335   0.258384    15.8621    -1.5998      0.332     0.1510    -0.9164 -9.990e-29
 190.457708      0.330   0.257660    15.8452    -1.5987      0.327     0.1507    -0.9140 -9.990e-29
 190.457714      0.326   0.257124    15.8310    -1.5973      0.323     0.1504    -0.9119 -9.990e-29
 190.457720      0.330   0.256616    15.8186    -1.5968      0.327     0.1501    -0.9101 -9.990e-29
 190.457726      0.335   0.256015    15.8054    -1.5966      0.332     0.1498    -0.9082 -9.990e-29
 190.457731      0.340   0.255628    15.7909    -1.5962      0.337     0.1496    -0.9060 -9.990e-29
 190.457737      0.344   0.255493    15.7781    -1.5953      0.341     0.1496    -0.9040 -9.990e-29
 190.457743      0.346   0.255430    15.7717    -1.5962      0.343     0.1496    -0.9030 -9.990e-29
 190.457749      0.348   0.255356    15.7753    -1.5973      0.345     0.1495    -0.9036 -9.990e-29
 190.457755      0.350   0.255174    15.7918    -1.5982      0.347     0.1494    -0.9064 -9.990e-29
 190.457760      0.352   0.254638    15.8198    -1.5985      0.349     0.1490    -0.9112 -9.990e-29
 190.457766      0.353   0.253589    15.8498    -1.5986      0.350     0.1482    -0.9166 -9.990e-29
 190.457772      0.353   0.252294    15.8719    -1.5982      0.350     0.1474    -0.9208 -9.990e-29
 190.457778      0.354   0.251242    15.8865    -1.5975      0.351     0.1467    -0.9237 -9.990e-29
 190.457784      0.354   0.250694    15.8988    -1.5966      0.351     0.1464    -0.9259 -9.990e-29
 190.457789      0.355   0.250473    15.9032    -1.5961      0.352     0.1462    -0.9268 -9.990e-29
 190.457795      0.355   0.250285    15.8904    -1.5957      0.352     0.1462    -0.9248 -9.990e-29
 190.457801      0.356   0.249882    15.8667    -1.5955      0.353     0.1460    -0.9210 -9.990e-29
 190.457807      0.356   0.249280    15.8455    -1.5960      0.353     0.1457    -0.9179 -9.990e-29
 190.457812      0.356   0.248785    15.8335    -1.5965      0.353     0.1455    -0.9161 -9.990e-29
 190.457818      0.357   0.248291    15.8325    -1.5958      0.354     0.1452    -0.9162 -9.990e-29
 190.457824      0.357   0.247693    15.8425    -1.5942      0.354     0.1448    -0.9181 -9.990e-29
 190.457830      0.358   0.247305    15.8609    -1.5926      0.355     0.1445    -0.9213 -9.990e-29
 190.457836      0.358   0.247163    15.8814    -1.5914      0.355     0.1444    -0.9247 -9.990e-29
 190.457841      0.359   0.247079    15.8989    -1.5909      0.356     0.1443    -0.9276 -9.990e-29
 190.457847      0.360   0.246941    15.9105    -1.5898      0.357     0.1441    -0.9296 -9.990e-29
 190.457853      0.361   0.246563    15.9140    -1.5903      0.358     0.1439    -0.9303 -9.990e-29
 190.457859      0.362   0.245997    15.9113    -1.5920      0.359     0.1436    -0.9301 -9.990e-29
 190.457865      0.363   0.245597    15.9141    -1.5935      0.360     0.1433    -0.9308 -9.990e-29
 190.457870      0.366   0.245383    15.9348    -1.5946      0.363     0.1431    -0.9343 -9.990e-29
 190.457876      0.368   0.245072    15.9726    -1.5954      0.365     0.1428    -0.9406 -9.990e-29
 190.457882      0.372   0.244249    16.0153    -1.5959      0.369     0.1422    -0.9481 -9.990e-29
 190.457888      0.376   0.242926    16.0508    -1.5964      0.373     0.1413    -0.9545 -9.990e-29
 190.457894      0.378   0.242110    16.0757    -1.5967      0.375     0.1408    -0.9590 -9.990e-29
 190.457899      0.372   0.242377    16.0871    -1.5970      0.369     0.1409    -0.9608 -9.990e-29
 190.457905      0.364   0.242975    16.0751    -1.5970      0.361     0.1413    -0.9586 -9.990e-29
 190.457911      0.355   0.243037    16.0413    -1.5969      0.352     0.1414    -0.9529 -9.990e-29
 190.457917      0.347   0.242646    16.0007    -1.5969      0.344     0.1413    -0.9464 -9.990e-29
 190.457922      0.338   0.242392    15.9649    -1.5967      0.335     0.1413    -0.9406 -9.990e-29
 190.457928      0.333   0.242490    15.9374    -1.5966      0.330     0.1414    -0.9360 -9.990e-29
 190.457934      0.334   0.242516    15.9168    -1.5957      0.331     0.1415    -0.9326 -9.990e-29
 190.457940      0.338   0.241950    15.9008    -1.5924      0.335     0.1412    -0.9302 -9.990e-29
 190.457946      0.341   0.241146    15.8892    -1.5915      0.338     0.1408    -0.9287 -9.990e-29
 190.457951      0.343   0.240696    15.8823    -1.5921      0.340     0.1406    -0.9278 -9.990e-29
 190.457957      0.345   0.240555    15.8797    -1.5920      0.342     0.1405    -0.9274 -9.990e-29
 190.457963      0.345   0.240534    15.8800    -1.5915      0.342     0.1405    -0.9275 -9.990e-29
 190.457969      0.345   0.240791    15.8825    -1.5913      0.342     0.1406    -0.9278 -9.990e-29
 190.457975      0.344   0.242223    15.8874    -1.5917      0.341     0.1414    -0.9279 -9.990e-29
 190.457980      0.343   0.247478    15.8950    -1.5921      0.340     0.1445    -0.9268 -9.990e-29
 190.457986      0.340   0.264672    15.9072    -1.5927      0.337     0.1546    -0.9210 -9.990e-29
 190.457992      0.337   0.318023    15.9261    -1.5924      0.334     0.1861    -0.8997 -9.990e-29
 190.457998      0.332   0.447062    15.9443    -1.5918      0.329     0.2634    -0.8429 -9.990e-29
 190.458003      0.326   0.602037    15.9508    -1.5915      0.323     0.3578    -0.7710 -9.990e-29
 190.458009      0.322   0.678499    15.9480    -1.5911      0.319     0.4049    -0.7342 -9.990e-29
 190.458015      0.324   0.702432    15.9423    -1.5907      0.321     0.4198    -0.7218 -9.990e-29
 190.458021      0.329   0.746232    15.9349    -1.5908      0.326     0.4470    -0.6996 -9.990e-29
 190.458027      0.332   0.808405    15.9262    -1.5913      0.329     0.4858    -0.6682 -9.990e-29
 190.458032      0.334   0.855380    15.9177    -1.5916      0.331     0.5153    -0.6441 -9.990e-29
 190.458038      0.334   0.869924    15.9148    -1.5921      0.331     0.5245    -0.6366 -9.990e-29
 190.458044      0.333   0.862001    15.9224    -1.5926      0.330     0.5194    -0.6417 -9.990e-29
 190.458050      0.330   0.844339    15.9374    -1.5930      0.327     0.5081    -0.6528 -9.990e-29
 190.458056      0.325   0.823339    15.9539    -1.5931      0.322     0.4948    -0.6658 -9.990e-29
 190.458061      0.323   0.800952    15.9689    -1.5931      0.320     0.4807    -0.6792 -9.990e-29
 190.458067      0.327   0.777832    15.9791    -1.5934      0.324     0.4662    -0.6920 -9.990e-29
 190.458073      0.334   0.755873    15.9811    -1.5941      0.331     0.4525    -0.7029 -9.990e-29
 190.458079      0.339   0.736300    15.9756    -1.5946      0.336     0.4404    -0.7113 -9.990e-29
 190.458084      0.344   0.719080    15.9664    -1.5948      0.341     0.4298    -0.7180 -9.990e-29
 190.458090      0.347   0.703438    15.9558    -1.5950      0.344     0.4202    -0.7236 -9.990e-29
 190.458096      0.350   0.687371    15.9455    -1.5952      0.347     0.4104    -0.7296 -9.990e-29
 190.458102      0.353   0.669977    15.9378    -1.5951      0.350     0.3997    -0.7365 -9.990e-29
 190.458108      0.355   0.652461    15.9336    -1.5949      0.352     0.3890    -0.7442 -9.990e-29
 190.458113      0.358   0.635871    15.9294    -1.5950      0.355     0.3788    -0.7514 -9.990e-29
 190.458119      0.360   0.620824    15.9205    -1.5955      0.357     0.3696    -0.7570 -9.990e-29
 190.458125      0.363   0.608330    15.9071    -1.5961      0.360     0.3620    -0.7607 -9.990e-29
 190.458131      0.367   0.598919    15.8942    -1.5966      0.364     0.3564    -0.7630 -9.990e-29
 190.458137      0.371   0.592243    15.8850    -1.5970      0.368     0.3523    -0.7646 -9.990e-29
 190.458142      0.375   0.587718    15.8793    -1.5970      0.372     0.3496    -0.7658 -9.990e-29
 190.458148      0.382   0.584302    15.8764    -1.5968      0.379     0.3475    -0.7669 -9.990e-29
 190.458154      0.385   0.580767    15.8755    -1.5966      0.382     0.3454    -0.7684 -9.990e-29
 190.458160      0.382   0.577389    15.8741    -1.5964      0.379     0.3433    -0.7698 -9.990e-29
 190.458166      0.376   0.575764    15.8682    -1.5954      0.373     0.3423    -0.7696 -9.990e-29
