data/oxygen options/ONMS/Olympic_Coast_National_Marine_Sanctuary_CTD_Data_2005_2023/raw_data/2009/CTD_TH042_100709faed.cnv
* Sea-Bird SBE19 Data File:
* FileName = C:\2009_MOORING_DATA\100709_DATA\CTD_TH042_100709.hex
* Software Version 1.24
* Temperature SN = 2997
* Conductivity SN = 2997
* System UpLoad Time = Oct 07 2009 16:02:02
* SEACAT PROFILER V3.1c SN 2997   10/07/09  16:00:10.531
* strain gauge pressure sensor: S/N = 184829,  range = 3000 psia,  tc = 40
# nquan = 9                                 
# nvalues = 2267                        
# units = specified
# name 0 = timeJ: Julian Days
# name 1 = prSM: Pressure, Strain Gauge [db]
# name 2 = c0mS/cm: Conductivity [mS/cm]
# name 3 = t090C: Temperature [ITS-90, deg C]
# name 4 = sbeox0ML/L: Oxygen, SBE 43 [ml/l]
# name 5 = depSM: Depth [salt water, m], lat = 47.5
# name 6 = sal00: Salinity, Practical [PSU]
# name 7 = sigma-é00: Density [sigma-theta, kg/m^3]
# name 8 = flag: flag
# span 0 = 280.653461, 280.666574       
# span 1 =     -5.223,     44.687       
# span 2 =   0.205050,  37.889199       
# span 3 =     7.6574,    13.0126       
# span 4 =   -16.6980,    26.6761       
# span 5 =     -5.179,     44.309       
# span 6 =     0.1296,    33.4970       
# span 7 =    -0.4453,    26.1435       
# span 8 = 0.0000e+00, 0.0000e+00       
# interval = seconds: 0.5
# start_time = Oct 07 2009 15:40:59 [Instrument's time stamp, header]
# bad_flag = -9.990e-29
*END*
[from data line 2081]
 280.665503      0.816   0.450105    11.1624    -1.7542      0.809     0.2987    -0.1751 -9.990e-29
 280.665509      0.823   0.449920    11.1632    -1.7529      0.816     0.2986    -0.1753 -9.990e-29
 280.665515      0.826   0.448745    11.1610    -1.7512      0.819     0.2978    -0.1757 -9.990e-29
 280.665521      0.824   0.447233    11.1552    -1.7501      0.817     0.2968    -0.1758 -9.990e-29
 280.665527      0.822   0.446693    11.1479    -1.7495      0.815     0.2965    -0.1753 -9.990e-29
 280.665532      0.824   0.446962    11.1395    -1.7494      0.817     0.2967    -0.1742 -9.990e-29
 280.665538      0.826   0.447288    11.1296    -1.7496      0.819     0.2970    -0.1730 -9.990e-29
 280.665544      0.823   0.448105    11.1216    -1.7497      0.816     0.2977    -0.1717 -9.990e-29
 280.665550      0.820   0.451613    11.1194    -1.7500      0.813     0.3001    -0.1695 -9.990e-29
 280.665556      0.820   0.459713    11.1268    -1.7505      0.813     0.3056    -0.1660 -9.990e-29
 280.665561      0.821   0.473224    11.1465    -1.7514      0.814     0.3147    -0.1609 -9.990e-29
 280.665567      0.820   0.492412    11.1723    -1.7520      0.813     0.3277    -0.1534 -9.990e-29
 280.665573      0.824   0.515686    11.1929    -1.7525      0.817     0.3435    -0.1432 -9.990e-29
 280.665579      0.827   0.541912    11.2030    -1.7533      0.820     0.3615    -0.1301 -9.990e-29
 280.665584      0.830   0.571668    11.2045    -1.7538      0.823     0.3821    -0.1141 -9.990e-29
 280.665590      0.838   0.601923    11.2012    -1.7541      0.831     0.4031    -0.0973 -9.990e-29
 280.665596      0.847   0.625318    11.1957    -1.7543      0.840     0.4195    -0.0840 -9.990e-29
 280.665602      0.852   0.638106    11.1873    -1.7543      0.845     0.4285    -0.0760 -9.990e-29
 280.665608      0.855   0.642360    11.1742    -1.7546      0.848     0.4316    -0.0722 -9.990e-29
 280.665613      0.855   0.640978    11.1575    -1.7546      0.848     0.4308    -0.0711 -9.990e-29
 280.665619      0.853   0.637108    11.1402    -1.7548      0.846     0.4283    -0.0712 -9.990e-29
 280.665625      0.848   0.634466    11.1236    -1.7549      0.841     0.4266    -0.0708 -9.990e-29
 280.665631      0.844   0.634521    11.1080    -1.7549      0.837     0.4269    -0.0690 -9.990e-29
 280.665637      0.846   0.635681    11.0949    -1.7549      0.839     0.4278    -0.0669 -9.990e-29
 280.665642      0.849   0.636166    11.0852    -1.7549      0.842     0.4283    -0.0656 -9.990e-29
 280.665648      0.849   0.636623    11.0784    -1.7546      0.842     0.4287    -0.0645 -9.990e-29
 280.665654      0.846   0.638768    11.0734    -1.7544      0.839     0.4302    -0.0628 -9.990e-29
 280.665660      0.844   0.642133    11.0692    -1.7541      0.837     0.4326    -0.0605 -9.990e-29
 280.665666      0.847   0.644550    11.0660    -1.7535      0.840     0.4343    -0.0588 -9.990e-29
 280.665671      0.852   0.645356    11.0638    -1.7532      0.845     0.4349    -0.0581 -9.990e-29
 280.665677      0.853   0.644517    11.0632    -1.7530      0.846     0.4344    -0.0585 -9.990e-29
 280.665683      0.853   0.640916    11.0640    -1.7530      0.846     0.4318    -0.0606 -9.990e-29
 280.665689      0.849   0.634742    11.0657    -1.7530      0.842     0.4275    -0.0642 -9.990e-29
 280.665694      0.847   0.627746    11.0695    -1.7534      0.840     0.4226    -0.0684 -9.990e-29
 280.665700      0.851   0.621138    11.0757    -1.7539      0.844     0.4179    -0.0727 -9.990e-29
 280.665706      0.856   0.614982    11.0833    -1.7542      0.849     0.4135    -0.0769 -9.990e-29
 280.665712      0.858   0.609392    11.0927    -1.7547      0.851     0.4095    -0.0810 -9.990e-29
 280.665718      0.858   0.605231    11.1030    -1.7553      0.851     0.4065    -0.0845 -9.990e-29
 280.665723      0.856   0.602497    11.1115    -1.7555      0.849     0.4045    -0.0869 -9.990e-29
 280.665729      0.851   0.600319    11.1163    -1.7554      0.844     0.4029    -0.0886 -9.990e-29
 280.665735      0.844   0.598012    11.1176    -1.7554      0.837     0.4013    -0.0900 -9.990e-29
 280.665741      0.833   0.595272    11.1149    -1.7551      0.826     0.3994    -0.0912 -9.990e-29
 280.665747      0.819   0.592326    11.1077    -1.7550      0.812     0.3974    -0.0920 -9.990e-29
 280.665752      0.803   0.590240    11.0984    -1.7549      0.796     0.3961    -0.0921 -9.990e-29
 280.665758      0.795   0.589005    11.0889    -1.7547      0.788     0.3953    -0.0917 -9.990e-29
 280.665764      0.793   0.586419    11.0787    -1.7547      0.786     0.3936    -0.0920 -9.990e-29
 280.665770      0.790   0.581254    11.0695    -1.7543      0.783     0.3901    -0.0938 -9.990e-29
 280.665775      0.783   0.574940    11.0645    -1.7540      0.776     0.3858    -0.0967 -9.990e-29
 280.665781      0.779   0.569042    11.0642    -1.7536      0.772     0.3817    -0.0999 -9.990e-29
 280.665787      0.775   0.563462    11.0670    -1.7534      0.769     0.3778    -0.1032 -9.990e-29
 280.665793      0.772   0.557970    11.0715    -1.7532      0.766     0.3739    -0.1067 -9.990e-29
 280.665799      0.775   0.552451    11.0764    -1.7531      0.769     0.3701    -0.1103 -9.990e-29
 280.665804      0.787   0.547868    11.0812    -1.7530      0.780     0.3668    -0.1133 -9.990e-29
 280.665810      0.800   0.544762    11.0862    -1.7529      0.793     0.3646    -0.1155 -9.990e-29
 280.665816      0.812   0.541766    11.0922    -1.7526      0.805     0.3625    -0.1178 -9.990e-29
 280.665822      0.827   0.538214    11.1002    -1.7521      0.820     0.3600    -0.1206 -9.990e-29
 280.665828      0.842   0.533806    11.1091    -1.7516      0.835     0.3568    -0.1240 -9.990e-29
 280.665833      0.854   0.529321    11.1175    -1.7513      0.847     0.3536    -0.1274 -9.990e-29
 280.665839      0.863   0.525988    11.1247    -1.7512      0.856     0.3513    -0.1300 -9.990e-29
 280.665845      0.870   0.523244    11.1304    -1.7519      0.863     0.3493    -0.1321 -9.990e-29
 280.665851      0.875   0.520205    11.1347    -1.7525      0.868     0.3472    -0.1342 -9.990e-29
 280.665856      0.879   0.517255    11.1387    -1.7530      0.872     0.3451    -0.1363 -9.990e-29
 280.665862      0.882   0.515451    11.1441    -1.7534      0.875     0.3438    -0.1378 -9.990e-29
 280.665868      0.885   0.514607    11.1521    -1.7539      0.878     0.3432    -0.1392 -9.990e-29
 280.665874      0.886   0.513598    11.1624    -1.7543      0.879     0.3424    -0.1409 -9.990e-29
 280.665880      0.887   0.512186    11.1722    -1.7545      0.880     0.3413    -0.1427 -9.990e-29
 280.665885      0.888   0.510153    11.1780    -1.7547      0.881     0.3398    -0.1445 -9.990e-29
 280.665891      0.888   0.507562    11.1763    -1.7549      0.881     0.3381    -0.1457 -9.990e-29
 280.665897      0.888   0.505949    11.1665    -1.7546      0.881     0.3371    -0.1455 -9.990e-29
 280.665903      0.887   0.505935    11.1528    -1.7540      0.880     0.3372    -0.1439 -9.990e-29
 280.665909      0.886   0.506391    11.1393    -1.7522      0.879     0.3376    -0.1422 -9.990e-29
 280.665914      0.884   0.506816    11.1270    -1.7505      0.877     0.3380    -0.1406 -9.990e-29
 280.665920      0.881   0.507776    11.1161    -1.7492      0.874     0.3388    -0.1389 -9.990e-29
 280.665926      0.877   0.508332    11.1074    -1.7489      0.870     0.3392    -0.1376 -9.990e-29
 280.665932      0.872   0.507009    11.1013    -1.7484      0.865     0.3384    -0.1377 -9.990e-29
 280.665937      0.866   0.504813    11.0967    -1.7480      0.859     0.3369    -0.1383 -9.990e-29
 280.665943      0.858   0.503808    11.0932    -1.7478      0.851     0.3362    -0.1385 -9.990e-29
 280.665949      0.848   0.508757    11.0927    -1.7466      0.841     0.3396    -0.1358 -9.990e-29
 280.665955      0.835   0.529583    11.0989    -1.7455      0.828     0.3540    -0.1252 -9.990e-29
 280.665961      0.822   0.575752    11.1154    -1.7455      0.815     0.3858    -0.1019 -9.990e-29
 280.665966      0.817   0.648371    11.1395    -1.7453      0.810     0.4362    -0.0650 -9.990e-29
 280.665972      0.821   0.727788    11.1627    -1.7453      0.814     0.4915    -0.0241 -9.990e-29
 280.665978      0.828   0.784555    11.1797    -1.7457      0.821     0.5313     0.0052 -9.990e-29
 280.665984      0.839   0.813376    11.1917    -1.7464      0.832     0.5514     0.0197 -9.990e-29
 280.665990      0.852   0.828458    11.1996    -1.7472      0.845     0.5620     0.0271 -9.990e-29
 280.665995      0.861   0.842145    11.2029    -1.7476      0.854     0.5716     0.0343 -9.990e-29
 280.666001      0.869   0.866769    11.2030    -1.7480      0.862     0.5890     0.0479 -9.990e-29
 280.666007      0.874   0.922959    11.2011    -1.7488      0.867     0.6289     0.0794 -9.990e-29
 280.666013      0.879   1.015921    11.1983    -1.7498      0.872     0.6952     0.1315 -9.990e-29
 280.666019      0.883   1.108723    11.1949    -1.7506      0.876     0.7618     0.1839 -9.990e-29
 280.666024      0.885   1.168096    11.1899    -1.7511      0.878     0.8047     0.2180 -9.990e-29
 280.666030      0.887   1.199417    11.1834    -1.7501      0.880     0.8274     0.2364 -9.990e-29
 280.666036      0.889   1.211154    11.1770    -1.7495      0.882     0.8360     0.2438 -9.990e-29
 280.666042      0.890   1.198430    11.1716    -1.7504      0.883     0.8270     0.2373 -9.990e-29
 280.666047      0.891   1.160922    11.1667    -1.7506      0.884     0.8000     0.2167 -9.990e-29
 280.666053      0.892   1.111315    11.1598    -1.7505      0.885     0.7644     0.1897 -9.990e-29
 280.666059      0.892   1.064470    11.1492    -1.7509      0.885     0.7310     0.1646 -9.990e-29
 280.666065      0.893   1.023395    11.1359    -1.7514      0.886     0.7018     0.1432 -9.990e-29
 280.666071      0.893   0.985471    11.1226    -1.7515      0.886     0.6749     0.1235 -9.990e-29
 280.666076      0.893   0.954502    11.1105    -1.7524      0.886     0.6529     0.1077 -9.990e-29
 280.666082      0.893   0.943007    11.0987    -1.7533      0.886     0.6449     0.1026 -9.990e-29
 280.666088      0.892   0.975044    11.0858    -1.7540      0.885     0.6681     0.1221 -9.990e-29
 280.666094      0.892   1.053941    11.0726    -1.7544      0.885     0.7249     0.1679 -9.990e-29
 280.666100      0.891   1.130113    11.0623    -1.7545      0.884     0.7800     0.2120 -9.990e-29
 280.666105      0.891   1.168642    11.0569    -1.7548      0.884     0.8079     0.2345 -9.990e-29
 280.666111      0.890   1.185393    11.0538    -1.7551      0.883     0.8201     0.2443 -9.990e-29
 280.666117      0.888   1.185502    11.0496    -1.7553      0.881     0.8203     0.2449 -9.990e-29
 280.666123      0.886   1.165784    11.0433    -1.7554      0.879     0.8062     0.2345 -9.990e-29
 280.666128      0.883   1.139895    11.0340    -1.7557      0.876     0.7876     0.2210 -9.990e-29
 280.666134      0.880   1.111599    11.0235    -1.7563      0.873     0.7674     0.2062 -9.990e-29
 280.666140      0.876   1.074237    11.0148    -1.7566      0.869     0.7406     0.1862 -9.990e-29
 280.666146      0.870   1.031256    11.0092    -1.7566      0.863     0.7098     0.1627 -9.990e-29
 280.666152      0.863   0.992477    11.0060    -1.7569      0.856     0.6820     0.1412 -9.990e-29
 280.666157      0.858   0.963890    11.0040    -1.7574      0.851     0.6615     0.1254 -9.990e-29
 280.666163      0.860   0.942884    11.0024    -1.7579      0.853     0.6465     0.1138 -9.990e-29
 280.666169      0.863   0.921423    11.0008    -1.7581      0.856     0.6312     0.1020 -9.990e-29
 280.666175      0.865   0.896964    10.9981    -1.7583      0.858     0.6138     0.0887 -9.990e-29
 280.666181      0.864   0.874063    10.9932    -1.7586      0.857     0.5975     0.0764 -9.990e-29
 280.666186      0.862   0.855469    10.9867    -1.7584      0.855     0.5844     0.0668 -9.990e-29
 280.666192      0.857   0.839134    10.9817    -1.7577      0.850     0.5728     0.0583 -9.990e-29
 280.666198      0.854   0.823247    10.9785    -1.7575      0.847     0.5616     0.0498 -9.990e-29
 280.666204      0.858   0.807704    10.9742    -1.7570      0.851     0.5506     0.0417 -9.990e-29
 280.666209      0.863   0.792307    10.9676    -1.7571      0.856     0.5397     0.0338 -9.990e-29
 280.666215      0.866   0.777049    10.9606    -1.7575      0.859     0.5290     0.0262 -9.990e-29
 280.666221      0.867   0.762666    10.9550    -1.7578      0.860     0.5189     0.0188 -9.990e-29
 280.666227      0.867   0.750503    10.9511    -1.7578      0.860     0.5104     0.0125 -9.990e-29
 280.666233      0.865   0.740983    10.9497    -1.7573      0.858     0.5036     0.0074 -9.990e-29
 280.666238      0.861   0.732507    10.9504    -1.7570      0.854     0.4976     0.0026 -9.990e-29
 280.666244      0.859   0.728195    10.9490    -1.7571      0.852     0.4946     0.0004 -9.990e-29
 280.666250      0.863   0.744486    10.9433    -1.7570      0.856     0.5062     0.0101 -9.990e-29
 280.666256      0.870   0.793117    10.9354    -1.7564      0.863     0.5408     0.0379 -9.990e-29
 280.666262      0.875   0.861271    10.9273    -1.7556      0.868     0.5894     0.0769 -9.990e-29
 280.666267      0.878   0.924440    10.9201    -1.7553      0.871     0.6347     0.1130 -9.990e-29
 280.666273      0.881   0.963115    10.9151    -1.7555      0.874     0.6625     0.1353 -9.990e-29
 280.666279      0.883   0.977272    10.9138    -1.7559      0.876     0.6727     0.1434 -9.990e-29
 280.666285      0.884   0.983567    10.9166    -1.7565      0.877     0.6772     0.1467 -9.990e-29
 280.666291      0.884   0.993721    10.9219    -1.7568      0.877     0.6844     0.1518 -9.990e-29
 280.666296      0.883   1.005739    10.9297    -1.7571      0.876     0.6929     0.1576 -9.990e-29
 280.666302      0.882   1.006799    10.9418    -1.7571      0.875     0.6935     0.1568 -9.990e-29
 280.666308      0.880   0.990545    10.9584    -1.7570      0.873     0.6815     0.1457 -9.990e-29
 280.666314      0.877   0.965264    10.9752    -1.7568      0.870     0.6630     0.1296 -9.990e-29
 280.666319      0.873   0.938854    10.9862    -1.7571      0.866     0.6439     0.1135 -9.990e-29
 280.666325      0.867   0.913271    10.9893    -1.7578      0.860     0.6255     0.0988 -9.990e-29
 280.666331      0.864   0.888245    10.9864    -1.7577      0.857     0.6077     0.0851 -9.990e-29
 280.666337      0.867   0.863691    10.9810    -1.7576      0.860     0.5903     0.0721 -9.990e-29
 280.666343      0.873   0.840709    10.9767    -1.7577      0.866     0.5740     0.0597 -9.990e-29
 280.666348      0.878   0.820276    10.9753    -1.7579      0.871     0.5595     0.0485 -9.990e-29
 280.666354      0.882   0.801218    10.9770    -1.7578      0.875     0.5459     0.0377 -9.990e-29
 280.666360      0.885   0.781977    10.9804    -1.7579      0.878     0.5322     0.0267 -9.990e-29
 280.666366      0.887   0.764079    10.9816    -1.7573      0.880     0.5195     0.0166 -9.990e-29
 280.666372      0.888   0.750286    10.9785    -1.7568      0.881     0.5098     0.0093 -9.990e-29
 280.666377      0.889   0.739957    10.9740    -1.7567      0.882     0.5026     0.0041 -9.990e-29
 280.666383      0.890   0.728751    10.9723    -1.7569      0.883     0.4947    -0.0019 -9.990e-29
 280.666389      0.890   0.717256    10.9731    -1.7570      0.883     0.4866    -0.0084 -9.990e-29
 280.666395      0.891   0.708449    10.9738    -1.7574      0.884     0.4803    -0.0133 -9.990e-29
 280.666400      0.890   0.700573    10.9747    -1.7573      0.883     0.4748    -0.0178 -9.990e-29
 280.666406      0.890   0.691446    10.9771    -1.7572      0.883     0.4683    -0.0231 -9.990e-29
 280.666412      0.889   0.680546    10.9826    -1.7565      0.882     0.4606    -0.0297 -9.990e-29
 280.666418      0.888   0.669428    10.9917    -1.7560      0.881     0.4527    -0.0368 -9.990e-29
