data/oxygen options/ONMS/Olympic_Coast_National_Marine_Sanctuary_CTD_Data_2005_2023/raw_data/2009/CTD_CA015_060309faed.cnv
* Sea-Bird SBE19 Data File:
* FileName = C:\2009_MOORING_DATA\CTD_CA015_060309.hex
* Software Version 1.59
* Temperature SN = 2997
* Conductivity SN = 2997
* System UpLoad Time = Jun 03 2009 15:01:28
* ds
* SEACAT PROFILER V3.1c SN 2997   06/03/09  15:01:02.442
# nquan = 9                                 
# nvalues = 1671                        
# units = specified
# name 0 = timeJ: Julian Days
# name 1 = prSM: Pressure, Strain Gauge [db]
# name 2 = c0mS/cm: Conductivity [mS/cm]
# name 3 = t090C: Temperature [ITS-90, deg C]
# name 4 = sbeox0ML/L: Oxygen, SBE 43 [ml/l]
# name 5 = depSM: Depth [salt water, m], lat = 47.5
# name 6 = sal00: Salinity, Practical [PSU]
# name 7 = sigma-é00: Density [sigma-theta, kg/m^3]
# name 8 = flag: flag
# span 0 = 154.494931, 154.504595       
# span 1 =     -6.302,     13.864       
# span 2 =  34.574101,  53.872242       
# span 3 =     8.0680,    14.9401       
# span 4 =    -1.4263,    22.8675       
# span 5 =     -6.249,     13.748       
# span 6 =    32.3189,    46.9143       
# span 7 =    24.4407,    35.5203       
# span 8 = 0.0000e+00, 0.0000e+00       
# interval = seconds: 0.5
# start_time = Jun 03 2009 11:52:42 [Instrument's time stamp, header]
# bad_flag = -9.990e-29
*END*
 154.494931     -6.302 -9.990e-29    14.9401    -1.4116     -6.249 -9.990e-29 -9.990e-29 -9.990e-29
 154.494936     -6.203  53.872242    13.5901    -1.4124     -6.151    46.9143    35.5203 -9.990e-29
 154.494942     -6.076  44.004521    12.6990    -1.4138     -6.025    38.2275    28.9577 -9.990e-29
 154.494948     -5.921  38.806987    12.2641    -1.4089     -5.872    33.6025    25.4535 -9.990e-29
 154.494954     -5.742  37.803528    12.0080    -1.4069     -5.694    32.8604    24.9261 -9.990e-29
 154.494959     -5.535  37.423434    11.8127    -1.4049     -5.489    32.6637    24.8097 -9.990e-29
 154.494965     -5.304  37.341504    11.6593    -1.4020     -5.260    32.7189    24.8808 -9.990e-29
 154.494971     -5.060  37.359721    11.5561    -1.4017     -5.018    32.8279    24.9844 -9.990e-29
 154.494977     -4.815  37.441482    11.4933    -1.4065     -4.775    32.9637    25.1014 -9.990e-29
 154.494983     -4.581  37.604297    11.4692    -1.4088     -4.543    33.1448    25.2465 -9.990e-29
 154.494988     -4.378  37.777449    11.4937    -1.4097     -4.342    33.2926    25.3570 -9.990e-29
 154.494994     -4.215  37.845166    11.5721    -1.4101     -4.180    33.2884    25.3393 -9.990e-29
 154.495000     -4.085  37.786454    11.6712    -1.4077     -4.051    33.1421    25.2074 -9.990e-29
 154.495006     -3.981  37.695856    11.7356    -1.4089     -3.948    32.9963    25.0822 -9.990e-29
 154.495012     -3.896  37.699944    11.7561    -1.4134     -3.864    32.9820    25.0674 -9.990e-29
 154.495017     -3.824  37.817315    11.7462    -1.4166     -3.792    33.1051    25.1648 -9.990e-29
 154.495023     -3.761  37.997942    11.7121    -1.4166     -3.730    33.3119    25.3317 -9.990e-29
 154.495029     -3.707  38.171892    11.6806    -1.4119     -3.676    33.5102    25.4917 -9.990e-29
 154.495035     -3.667  38.214931    11.6744    -1.4132     -3.636    33.5579    25.5299 -9.990e-29
 154.495041     -3.639  38.073713    11.6633    -1.4179     -3.609    33.4298    25.4324 -9.990e-29
 154.495046     -3.612  37.865582    11.6004    -1.4195     -3.582    33.2827    25.3297 -9.990e-29
 154.495052     -3.581  37.760998    11.4931    -1.4156     -3.551    33.2767    25.3447 -9.990e-29
 154.495058     -3.543  37.863382    11.4128    -1.4147     -3.513    33.4498    25.4939 -9.990e-29
 154.495064     -3.500  38.082525    11.3997    -1.4153     -3.471    33.6775    25.6734 -9.990e-29
 154.495069     -3.459  38.126372    11.4026    -1.4187     -3.430    33.7180    25.7044 -9.990e-29
 154.495075     -3.420  37.903430    11.3698    -1.4212     -3.391    33.5282    25.5627 -9.990e-29
 154.495081     -3.381  37.691038    11.3291    -1.4188     -3.353    33.3558    25.4361 -9.990e-29
 154.495087     -3.341  37.736327    11.3266    -1.4164     -3.313    33.4027    25.4730 -9.990e-29
 154.495093     -3.300  37.889781    11.3469    -1.4157     -3.272    33.5355    25.5726 -9.990e-29
 154.495098     -3.260  37.832888    11.3462    -1.4173     -3.233    33.4800    25.5296 -9.990e-29
 154.495104     -3.219  37.609935    11.3164    -1.4192     -3.192    33.2873    25.3851 -9.990e-29
 154.495110     -3.182  37.537994    11.2862    -1.4193     -3.155    33.2436    25.3566 -9.990e-29
 154.495116     -3.156  37.679945    11.2794    -1.4159     -3.130    33.3897    25.4715 -9.990e-29
 154.495122     -3.135  37.803381    11.2856    -1.4156     -3.109    33.5059    25.5607 -9.990e-29
 154.495127     -3.114  37.743655    11.2828    -1.4159     -3.088    33.4495    25.5174 -9.990e-29
 154.495133     -3.090  37.565922    11.2675    -1.4179     -3.064    33.2880    25.3945 -9.990e-29
 154.495139     -3.063  37.472151    11.2485    -1.4174     -3.037    33.2126    25.3393 -9.990e-29
 154.495145     -3.035  37.564457    11.2401    -1.4146     -3.010    33.3113    25.4176 -9.990e-29
 154.495150     -3.013  37.726908    11.2513    -1.4142     -2.988    33.4615    25.5324 -9.990e-29
 154.495156     -2.995  37.789181    11.2723    -1.4150     -2.970    33.5039    25.5616 -9.990e-29
 154.495162     -2.975  37.706231    11.2824    -1.4130     -2.950    33.4129    25.4889 -9.990e-29
 154.495168     -2.954  37.588449    11.2729    -1.4126     -2.929    33.3053    25.4070 -9.990e-29
 154.495174     -2.929  37.591666    11.2582    -1.4137     -2.905    33.3217    25.4224 -9.990e-29
 154.495179     -2.903  37.719845    11.2556    -1.4143     -2.879    33.4506    25.5231 -9.990e-29
 154.495185     -2.879  37.821966    11.2644    -1.4122     -2.855    33.5435    25.5938 -9.990e-29
 154.495191     -2.855  37.813112    11.2702    -1.4118     -2.831    33.5294    25.5818 -9.990e-29
 154.495197     -2.829  37.761272    11.2691    -1.4120     -2.805    33.4792    25.5430 -9.990e-29
 154.495203     -2.800  37.792537    11.2705    -1.4121     -2.777    33.5088    25.5657 -9.990e-29
 154.495208     -2.767  37.905131    11.2780    -1.4136     -2.744    33.6132    25.6455 -9.990e-29
 154.495214     -2.730  37.983840    11.2837    -1.4190     -2.707    33.6857    25.7009 -9.990e-29
 154.495220     -2.698  38.023473    11.2805    -1.4219     -2.676    33.7278    25.7342 -9.990e-29
 154.495226     -2.671  38.080471    11.2745    -1.4193     -2.649    33.7896    25.7834 -9.990e-29
 154.495231     -2.648  38.123492    11.2758    -1.4156     -2.626    33.8309    25.8154 -9.990e-29
 154.495237     -2.627  38.123288    11.2833    -1.4160     -2.605    33.8238    25.8085 -9.990e-29
 154.495243     -2.608  38.131929    11.2872    -1.4156     -2.586    33.8288    25.8116 -9.990e-29
 154.495249     -2.589  38.177981    11.2827    -1.4167     -2.567    33.8785    25.8511 -9.990e-29
 154.495255     -2.569  38.216071    11.2757    -1.4201     -2.548    33.9226    25.8866 -9.990e-29
 154.495260     -2.547  38.213182    11.2730    -1.4230     -2.526    33.9222    25.8868 -9.990e-29
 154.495266     -2.520  38.139924    11.2718    -1.4245     -2.499    33.8508    25.8315 -9.990e-29
 154.495272     -2.488  37.938632    11.2647    -1.4215     -2.467    33.6583    25.6831 -9.990e-29
 154.495278     -2.453  37.660498    11.2549    -1.4182     -2.433    33.3924    25.4780 -9.990e-29
 154.495284     -2.421  37.515315    11.2532    -1.4181     -2.401    33.2507    25.3681 -9.990e-29
 154.495289     -2.394  37.601053    11.2603    -1.4204     -2.374    33.3288    25.4276 -9.990e-29
 154.495295     -2.370  37.753835    11.2689    -1.4237     -2.350    33.4719    25.5373 -9.990e-29
 154.495301     -2.349  37.812347    11.2738    -1.4247     -2.329    33.5252    25.5779 -9.990e-29
 154.495307     -2.328  37.767445    11.2736    -1.4210     -2.309    33.4810    25.5435 -9.990e-29
 154.495313     -2.307  37.623923    11.2656    -1.4197     -2.288    33.3466    25.4404 -9.990e-29
 154.495318     -2.284  37.401854    11.2497    -1.4196     -2.265    33.1418    25.2840 -9.990e-29
 154.495324     -2.257  37.214875    11.2380    -1.4228     -2.238    32.9679    25.1509 -9.990e-29
 154.495330     -2.230  37.191468    11.2382    -1.4245     -2.211    32.9446    25.1327 -9.990e-29
 154.495336     -2.208  37.332576    11.2444    -1.4232     -2.190    33.0782    25.2355 -9.990e-29
 154.495341     -2.195  37.481511    11.2492    -1.4207     -2.177    33.2208    25.3456 -9.990e-29
 154.495347     -2.186  37.486981    11.2480    -1.4202     -2.168    33.2273    25.3508 -9.990e-29
 154.495353     -2.172  37.344749    11.2408    -1.4223     -2.154    33.0934    25.2480 -9.990e-29
 154.495359     -2.151  37.185823    11.2349    -1.4243     -2.133    32.9420    25.1313 -9.990e-29
 154.495365     -2.131  37.168231    11.2387    -1.4242     -2.113    32.9212    25.1145 -9.990e-29
 154.495370     -2.115  37.287228    11.2485    -1.4215     -2.097    33.0298    25.1971 -9.990e-29
 154.495376     -2.102  37.375145    11.2509    -1.4212     -2.084    33.1143    25.2624 -9.990e-29
 154.495382     -2.087  37.325940    11.2409    -1.4213     -2.070    33.0748    25.2335 -9.990e-29
 154.495388     -2.065  37.195790    11.2293    -1.4229     -2.048    32.9568    25.1438 -9.990e-29
 154.495394     -2.042  37.135153    11.2302    -1.4227     -2.025    32.8962    25.0965 -9.990e-29
 154.495399     -2.026  37.205120    11.2425    -1.4216     -2.009    32.9542    25.1394 -9.990e-29
 154.495405     -2.012  37.298125    11.2567    -1.4215     -1.995    33.0331    25.1982 -9.990e-29
 154.495411     -1.994  37.288027    11.2664    -1.4223     -1.977    33.0145    25.1820 -9.990e-29
 154.495417     -1.972  37.169999    11.2679    -1.4236     -1.956    32.8968    25.0902 -9.990e-29
 154.495422     -1.943  37.057440    11.2632    -1.4263     -1.927    32.7902    25.0081 -9.990e-29
 154.495428     -1.911  37.063756    11.2627    17.2531     -1.895    32.7968    25.0134 -9.990e-29
 154.495434     -1.881  37.161750    11.2695    22.6047     -1.865    32.8872    25.0825 -9.990e-29
 154.495440     -1.857  37.222422    11.2741    22.8675     -1.842    32.9429    25.1249 -9.990e-29
 154.495446     -1.836  37.195276    11.2713    18.7754     -1.821    32.9186    25.1066 -9.990e-29
 154.495451     -1.818  37.143485    11.2666     9.9488     -1.803    32.8718    25.0710 -9.990e-29
 154.495457     -1.800  37.142735    11.2674    10.8426     -1.785    32.8703    25.0697 -9.990e-29
 154.495463     -1.783  37.176013    11.2716    11.4206     -1.768    32.8994    25.0915 -9.990e-29
 154.495469     -1.765  37.162456    11.2678    11.3925     -1.750    32.8894    25.0845 -9.990e-29
 154.495475     -1.745  37.073578    11.2514    11.1539     -1.730    32.8165    25.0307 -9.990e-29
 154.495480     -1.721  36.934488    11.2326    10.9083     -1.707    32.6962    24.9405 -9.990e-29
 154.495486     -1.696  36.784551    11.2236    10.7040     -1.682    32.5565    24.8335 -9.990e-29
 154.495492     -1.678  36.681136    11.2257    10.5639     -1.664    32.4529    24.7525 -9.990e-29
 154.495498     -1.669  36.649554    11.2324    10.4721     -1.655    32.4159    24.7226 -9.990e-29
 154.495503     -1.665  36.649600    11.2349    10.3633     -1.651    32.4137    24.7205 -9.990e-29
 154.495509     -1.656  36.642361    11.2291    10.2636     -1.642    32.4117    24.7199 -9.990e-29
 154.495515     -1.639  36.627377    11.2159    10.1942     -1.625    32.4086    24.7199 -9.990e-29
 154.495521     -1.615  36.612338    11.2000    10.1729     -1.602    32.4077    24.7221 -9.990e-29
 154.495527     -1.593  36.598697    11.1905    10.1834     -1.580    32.4027    24.7198 -9.990e-29
 154.495532     -1.575  36.594811    11.1936    10.1833     -1.562    32.3961    24.7141 -9.990e-29
 154.495538     -1.559  36.606360    11.2050    10.1358     -1.546    32.3974    24.7131 -9.990e-29
 154.495544     -1.546  36.622650    11.2107    10.1023     -1.533    32.4084    24.7207 -9.990e-29
 154.495550     -1.533  36.626428    11.2048    10.1105     -1.520    32.4174    24.7287 -9.990e-29
 154.495556     -1.521  36.617360    11.1977    10.1385     -1.508    32.4147    24.7279 -9.990e-29
 154.495561     -1.508  36.617186    11.1998    10.1644     -1.495    32.4126    24.7259 -9.990e-29
 154.495567     -1.494  36.630937    11.2081    10.1558     -1.482    32.4189    24.7293 -9.990e-29
 154.495573     -1.477  36.639093    11.2117    10.1412     -1.465    32.4237    24.7324 -9.990e-29
 154.495579     -1.457  36.630919    11.2062    10.1499     -1.445    32.4205    24.7309 -9.990e-29
 154.495584     -1.436  36.613664    11.1986    10.1622     -1.424    32.4102    24.7242 -9.990e-29
 154.495590     -1.423  36.604307    11.1991    10.1818     -1.411    32.4006    24.7166 -9.990e-29
 154.495596     -1.415  36.611876    11.2080    10.1817     -1.403    32.4002    24.7147 -9.990e-29
 154.495602     -1.405  36.625969    11.2146    10.1595     -1.393    32.4082    24.7198 -9.990e-29
 154.495608     -1.386  36.629764    11.2101    10.1325     -1.374    32.4159    24.7266 -9.990e-29
 154.495613     -1.363  36.620153    11.2006    10.1356     -1.352    32.4148    24.7274 -9.990e-29
 154.495619     -1.342  36.611428    11.1994    10.1487     -1.331    32.4073    24.7218 -9.990e-29
 154.495625     -1.326  36.617378    11.2096    10.1587     -1.315    32.4041    24.7175 -9.990e-29
 154.495631     -1.314  36.634402    11.2228    10.1541     -1.303    32.4093    24.7192 -9.990e-29
 154.495637     -1.302  36.649028    11.2291    10.1192     -1.291    32.4181    24.7249 -9.990e-29
 154.495642     -1.279  36.652987    11.2258    10.1018     -1.268    32.4249    24.7308 -9.990e-29
 154.495648     -1.245  36.648991    11.2190    10.1021     -1.235    32.4269    24.7336 -9.990e-29
 154.495654     -1.209  36.646088    11.2189    10.1174     -1.199    32.4242    24.7315 -9.990e-29
 154.495660     -1.183  36.646672    11.2290    10.1311     -1.173    32.4158    24.7232 -9.990e-29
 154.495666     -1.170  36.647842    11.2397    10.1234     -1.160    32.4076    24.7148 -9.990e-29
 154.495671     -1.163  36.646705    11.2411    10.0993     -1.153    32.4052    24.7128 -9.990e-29
 154.495677     -1.155  36.638002    11.2324    10.0754     -1.145    32.4043    24.7136 -9.990e-29
 154.495683     -1.140  36.622983    11.2191    10.0805     -1.130    32.4012    24.7136 -9.990e-29
 154.495689     -1.117  36.610151    11.2081    10.1151     -1.108    32.3983    24.7132 -9.990e-29
 154.495694     -1.089  36.604764    11.2031    10.1587     -1.080    32.3973    24.7134 -9.990e-29
 154.495700     -1.064  36.608567    11.2045    10.1799     -1.055    32.3998    24.7151 -9.990e-29
 154.495706     -1.043  36.614838    11.2096    10.1661     -1.034    32.4015    24.7155 -9.990e-29
 154.495712     -1.026  36.614550    11.2116    10.1390     -1.017    32.3995    24.7136 -9.990e-29
 154.495718     -1.010  36.609531    11.2060    10.1238     -1.002    32.3994    24.7145 -9.990e-29
 154.495723     -0.996  36.604260    11.1978    10.1204     -0.988    32.4015    24.7176 -9.990e-29
 154.495729     -0.983  36.600638    11.1950    10.1107     -0.975    32.4004    24.7172 -9.990e-29
 154.495735     -0.969  36.601087    11.1989    10.1006     -0.961    32.3974    24.7142 -9.990e-29
 154.495741     -0.953  36.605054    11.2039    10.0934     -0.945    32.3969    24.7129 -9.990e-29
 154.495747     -0.935  36.607162    11.2027    10.1130     -0.927    32.4000    24.7156 -9.990e-29
 154.495752     -0.918  36.602913    11.1950    10.1271     -0.910    32.4026    24.7189 -9.990e-29
 154.495758     -0.904  36.595571    11.1875    10.1316     -0.896    32.4019    24.7198 -9.990e-29
 154.495764     -0.894  36.593797    11.1844    10.1318     -0.887    32.4029    24.7211 -9.990e-29
 154.495770     -0.886  36.600235    11.1857    10.1391     -0.879    32.4081    24.7249 -9.990e-29
 154.495775     -0.875  36.608879    11.1909    10.1527     -0.868    32.4120    24.7270 -9.990e-29
 154.495781     -0.862  36.616107    11.1992    10.1582     -0.855    32.4118    24.7254 -9.990e-29
 154.495787     -0.853  36.621446    11.2067    10.1539     -0.846    32.4105    24.7230 -9.990e-29
 154.495793     -0.848  36.622470    11.2073    10.1273     -0.841    32.4110    24.7233 -9.990e-29
 154.495799     -0.839  36.616596    11.2010    10.1040     -0.832    32.4107    24.7242 -9.990e-29
 154.495804     -0.824  36.605486    11.1943    10.1288     -0.817    32.4057    24.7215 -9.990e-29
 154.495810     -0.811  36.597814    11.1911    10.1474     -0.804    32.4009    24.7184 -9.990e-29
 154.495816     -0.804  36.598439    11.1901    10.1824     -0.797    32.4024    24.7197 -9.990e-29
 154.495822     -0.797  36.600324    11.1871    10.1810     -0.790    32.4069    24.7237 -9.990e-29
 154.495828     -0.783  36.594753    11.1784    10.1351     -0.776    32.4091    24.7270 -9.990e-29
 154.495833     -0.760  36.584348    11.1679    10.1241     -0.754    32.4081    24.7280 -9.990e-29
 154.495839     -0.735  36.577607    11.1635    10.1301     -0.729    32.4053    24.7267 -9.990e-29
 154.495845     -0.715  36.579508    11.1672    10.1367     -0.709    32.4039    24.7249 -9.990e-29
 154.495851     -0.703  36.589196    11.1735    10.1471     -0.697    32.4079    24.7269 -9.990e-29
