data/oxygen options/ONMS/Olympic_Coast_National_Marine_Sanctuary_CTD_Data_2005_2023/raw_data/2009/CTD_CA042_090209faed.cnv
* Sea-Bird SBE19 Data File:
* FileName = C:\2009_MOORING_DATA\090209_data\CTD_CA042_090209.hex
* Software Version 1.24
* Temperature SN = 2997
* Conductivity SN = 2997
* System UpLoad Time = Sep 02 2009 17:31:32
* SEACAT PROFILER V3.1c SN 2997   09/02/09  17:30:49.216
* strain gauge pressure sensor: S/N = 184829,  range = 3000 psia,  tc = 40
# nquan = 9                                 
# nvalues = 1731                        
# units = specified
# name 0 = timeJ: Julian Days
# name 1 = prSM: Pressure, Strain Gauge [db]
# name 2 = c0mS/cm: Conductivity [mS/cm]
# name 3 = t090C: Temperature [ITS-90, deg C]
# name 4 = sbeox0ML/L: Oxygen, SBE 43 [ml/l]
# name 5 = depSM: Depth [salt water, m], lat = 47.5
# name 6 = sal00: Salinity, Practical [PSU]
# name 7 = sigma-é00: Density [sigma-theta, kg/m^3]
# name 8 = flag: flag
# span 0 = 245.667523, 245.677535       
# span 1 =     -5.779,     41.973       
# span 2 =   0.756653,  38.886385       
# span 3 =     7.5630,    14.8881       
# span 4 =    -1.6364,    14.1495       
# span 5 =     -5.731,     41.618       
# span 6 =     0.4700,    33.6696       
# span 7 =    -0.4588,    26.2917       
# span 8 = 0.0000e+00, 0.0000e+00       
# interval = seconds: 0.5
# start_time = Sep 02 2009 16:01:14 [Instrument's time stamp, header]
# bad_flag = -9.990e-29
*END*
 245.667523     -5.779 -9.990e-29    14.7956    -1.6195     -5.731 -9.990e-29 -9.990e-29 -9.990e-29
 245.667529     -5.761   1.604228    14.7999    -1.6194     -5.713     1.0221    -0.0778 -9.990e-29
 245.667535     -5.739   1.597779    14.8055    -1.6194     -5.691     1.0177    -0.0821 -9.990e-29
 245.667541     -5.714   1.615615    14.8120    -1.6200     -5.666     1.0294    -0.0740 -9.990e-29
 245.667546     -5.690   1.632124    14.8191    -1.6204     -5.643     1.0403    -0.0667 -9.990e-29
 245.667552     -5.665   1.608803    14.8268    -1.6205     -5.618     1.0245    -0.0801 -9.990e-29
 245.667558     -5.642   1.557056    14.8360    -1.6208     -5.595     0.9897    -0.1083 -9.990e-29
 245.667564     -5.623   1.507042    14.8483    -1.6211     -5.576     0.9561    -0.1361 -9.990e-29
 245.667569     -5.607   1.466673    14.8631    -1.6213     -5.560     0.9289    -0.1594 -9.990e-29
 245.667575     -5.590   1.421736    14.8770    -1.6214     -5.543     0.8988    -0.1848 -9.990e-29
 245.667581     -5.565   1.365587    14.8863    -1.6215     -5.519     0.8614    -0.2150 -9.990e-29
 245.667587     -5.536   1.310480    14.8881    -1.6216     -5.490     0.8250    -0.2434 -9.990e-29
 245.667593     -5.508   1.268394    14.8835    -1.6220     -5.462     0.7974    -0.2641 -9.990e-29
 245.667598     -5.486   1.239811    14.8789    -1.6223     -5.440     0.7787    -0.2778 -9.990e-29
 245.667604     -5.466   1.216583    14.8767    -1.6226     -5.420     0.7635    -0.2892 -9.990e-29
 245.667610     -5.448   1.191601    14.8745    -1.6225     -5.403     0.7471    -0.3015 -9.990e-29
 245.667616     -5.427   1.163736    14.8717    -1.6228     -5.382     0.7289    -0.3152 -9.990e-29
 245.667622     -5.396   1.136338    14.8695    -1.6235     -5.351     0.7111    -0.3287 -9.990e-29
 245.667627     -5.359   1.113381    14.8688    -1.6252     -5.314     0.6961    -0.3402 -9.990e-29
 245.667633     -5.321   1.094216    14.8692    -1.6268     -5.277     0.6836    -0.3499 -9.990e-29
 245.667639     -5.284   1.073817    14.8681    -1.6282     -5.240     0.6703    -0.3600 -9.990e-29
 245.667645     -5.247   1.051063    14.8634    -1.6295     -5.203     0.6555    -0.3707 -9.990e-29
 245.667650     -5.210   1.030568    14.8567    -1.6305     -5.167     0.6423    -0.3799 -9.990e-29
 245.667656     -5.175   1.015519    14.8507    -1.6318     -5.132     0.6326    -0.3865 -9.990e-29
 245.667662     -5.142   1.004717    14.8443    -1.6330     -5.099     0.6257    -0.3909 -9.990e-29
 245.667668     -5.111   0.997628    14.8320    -1.6344     -5.068     0.6213    -0.3924 -9.990e-29
 245.667674     -5.085   0.990901    14.8078    -1.6354     -5.043     0.6173    -0.3919 -9.990e-29
 245.667679     -5.062   0.978897    14.7723    -1.6356     -5.020     0.6100    -0.3922 -9.990e-29
 245.667685     -5.042   0.960591    14.7325    -1.6357     -5.000     0.5988    -0.3950 -9.990e-29
 245.667691     -5.022   0.935985    14.6940    -1.6359     -4.980     0.5833    -0.4012 -9.990e-29
 245.667697     -5.001   0.908330    14.6577    -1.6363     -4.959     0.5659    -0.4093 -9.990e-29
 245.667703     -4.978   0.883469    14.6231    -1.6364     -4.937     0.5503    -0.4163 -9.990e-29
 245.667708     -4.952   0.863204    14.5883    -1.6362     -4.911     0.5376    -0.4209 -9.990e-29
 245.667714     -4.925   0.845476    14.5525    -1.6358     -4.884     0.5266    -0.4242 -9.990e-29
 245.667720     -4.900   0.829392    14.5190    -1.6356     -4.859     0.5166    -0.4270 -9.990e-29
 245.667726     -4.875   0.815695    14.4936    -1.6358     -4.834     0.5081    -0.4299 -9.990e-29
 245.667731     -4.853   0.804986    14.4796    -1.6358     -4.813     0.5013    -0.4331 -9.990e-29
 245.667737     -4.833   0.797409    14.4732    -1.6360     -4.793     0.4965    -0.4359 -9.990e-29
 245.667743     -4.809   0.791182    14.4685    -1.6359     -4.769     0.4925    -0.4383 -9.990e-29
 245.667749     -4.783   0.783549    14.4640    -1.6357     -4.743     0.4876    -0.4414 -9.990e-29
 245.667755     -4.759   0.774318    14.4629    -1.6356     -4.719     0.4817    -0.4459 -9.990e-29
 245.667760     -4.734   0.765603    14.4653    -1.6354     -4.695     0.4760    -0.4506 -9.990e-29
 245.667766     -4.708   0.759653    14.4687    -1.6356     -4.669     0.4721    -0.4541 -9.990e-29
 245.667772     -4.678   0.762402    14.4711    -1.6361     -4.639     0.4739    -0.4531 -9.990e-29
 245.667778     -4.643   0.773079    14.4723    -1.6363     -4.604     0.4808    -0.4480 -9.990e-29
 245.667784     -4.604   0.779296    14.4732    -1.4991     -4.566     0.4848    -0.4450 -9.990e-29
 245.667789     -4.565   0.776031    14.4751    -1.3776     -4.527     0.4826    -0.4469 -9.990e-29
 245.667795     -4.521   0.767809    14.4791    -1.3660     -4.483     0.4773    -0.4517 -9.990e-29
 245.667801     -4.474   0.759753    14.4846    -1.3672     -4.437     0.4720    -0.4565 -9.990e-29
 245.667807     -4.427   0.756653    14.4891    -1.3675     -4.390     0.4700    -0.4588 -9.990e-29
 245.667813     -4.375   0.768241    14.4889    -1.3671     -4.339     0.4774    -0.4530 -9.990e-29
 245.667818     -4.316   0.825500    14.4784    -1.3679     -4.280     0.5146    -0.4226 -9.990e-29
 245.667824     -4.245   1.020307    14.4482    -1.3697     -4.210     0.6422    -0.3194 -9.990e-29
 245.667830     -4.164   1.625161    14.3702    -1.3722     -4.129     1.0474     0.0055 -9.990e-29
 245.667836     -4.074   3.457074    14.1752    -1.3742     -4.040     2.3349     1.0282 -9.990e-29
 245.667841     -3.974   8.969136    13.8867    -1.3721     -3.941     6.5128     4.2879 -9.990e-29
 245.667847     -3.859  19.246838    13.6552    -1.3713     -3.827    14.9728    10.8262 -9.990e-29
 245.667853     -3.724  29.644618    13.5296    -1.3725     -3.693    24.1128    17.8798 -9.990e-29
 245.667859     -3.575  35.529756    13.4588    -1.3723     -3.545    29.5135    22.0583 -9.990e-29
 245.667865     -3.419  37.717477    13.4087    -1.3725     -3.390    31.5809    23.6652 -9.990e-29
 245.667870     -3.264  38.484092    13.3522    -1.3706     -3.237    32.3441    24.2665 -9.990e-29
 245.667876     -3.115  38.769389    13.2769    -1.3693     -3.089    32.6759    24.5380 -9.990e-29
 245.667882     -2.982  38.868037    13.2105    -1.3697     -2.957    32.8258    24.6672 -9.990e-29
 245.667888     -2.869  38.886385    13.1966    -1.3703     -2.845    32.8550    24.6926 -9.990e-29
 245.667894     -2.776  38.847817    13.2277    -1.3721     -2.753    32.7918    24.6375 -9.990e-29
 245.667899     -2.703  38.773268    13.2493    -1.3724     -2.680    32.7031    24.5646 -9.990e-29
 245.667905     -2.639  38.719811    13.2335    -1.3734     -2.617    32.6664    24.5394 -9.990e-29
 245.667911     -2.583  38.705937    13.2100    -1.3732     -2.561    32.6735    24.5495 -9.990e-29
 245.667917     -2.537  38.736756    13.2277    -1.3727     -2.516    32.6873    24.5567 -9.990e-29
 245.667922     -2.505  38.792303    13.2847    -1.3730     -2.484    32.6904    24.5478 -9.990e-29
 245.667928     -2.482  38.805412    13.3242    -1.3725     -2.461    32.6688    24.5232 -9.990e-29
 245.667934     -2.465  38.780168    13.3126    -1.3742     -2.444    32.6551    24.5148 -9.990e-29
 245.667940     -2.443  38.773805    13.2586    -1.3769     -2.423    32.6955    24.5569 -9.990e-29
 245.667946     -2.415  38.800334    13.1951    -1.3768     -2.395    32.7751    24.6311 -9.990e-29
 245.667951     -2.387  38.846404    13.1622    -1.3759     -2.367    32.8469    24.6932 -9.990e-29
 245.667957     -2.363  38.880986    13.1681    -1.3753     -2.343    32.8744    24.7133 -9.990e-29
 245.667963     -2.340  38.861089    13.1889    -1.3740     -2.320    32.8376    24.6807 -9.990e-29
 245.667969     -2.317  38.789386    13.1964    -1.3732     -2.298    32.7636    24.6220 -9.990e-29
 245.667975     -2.293  38.725626    13.1769    -1.3734     -2.274    32.7204    24.5924 -9.990e-29
 245.667980     -2.266  38.711559    13.1359    -1.3739     -2.247    32.7425    24.6176 -9.990e-29
 245.667986     -2.234  38.744183    13.0891    -1.3726     -2.215    32.8137    24.6820 -9.990e-29
 245.667992     -2.201  38.781838    13.0596    -1.3740     -2.183    32.8748    24.7351 -9.990e-29
 245.667998     -2.171  38.760975    13.0613    -1.3748     -2.153    32.8536    24.7184 -9.990e-29
 245.668003     -2.148  38.690823    13.0873    -1.3736     -2.130    32.7649    24.6446 -9.990e-29
 245.668009     -2.129  38.640470    13.1291    -1.3724     -2.111    32.6814    24.5716 -9.990e-29
 245.668015     -2.115  38.624125    13.1753    -1.3718     -2.097    32.6262    24.5198 -9.990e-29
 245.668021     -2.103  38.613329    13.2042    -1.3712     -2.085    32.5912    24.4870 -9.990e-29
 245.668027     -2.094  38.604403    13.2065    -1.3709     -2.077    32.5809    24.4786 -9.990e-29
 245.668032     -2.082  38.606816    13.1916    -1.3706     -2.065    32.5959    24.4932 -9.990e-29
 245.668038     -2.062  38.623286    13.1669    -1.3711     -2.045    32.6326    24.5265 -9.990e-29
 245.668044     -2.038  38.665739    13.1409    -1.3712     -2.021    32.6950    24.5798 -9.990e-29
 245.668050     -2.011  38.722440    13.1378    -1.3713     -1.994    32.7510    24.6238 -9.990e-29
 245.668056     -1.985  38.749075    13.1653    -1.3743     -1.968    32.7524    24.6194 -9.990e-29
 245.668061     -1.967  38.743646    13.2016    -1.3731     -1.951    32.7160    24.5841 -9.990e-29
 245.668067     -1.955  38.741574    13.2280    -1.3716     -1.939    32.6913    24.5597 -9.990e-29
 245.668073     -1.940  38.755298    13.2421    -1.3724     -1.924    32.6921    24.5575 -9.990e-29
 245.668079     -1.917  38.781320    13.2520    -1.3719     -1.901    32.7080    24.5679 -9.990e-29
 245.668084     -1.888  38.814034    13.2620    -1.3729     -1.872    32.7301    24.5830 -9.990e-29
 245.668090     -1.861  38.835449    13.2651    -1.3739     -1.845    32.7476    24.5959 -9.990e-29
 245.668096     -1.838  38.826525    13.2465    -1.3741     -1.823    32.7552    24.6055 -9.990e-29
 245.668102     -1.817  38.800651    13.1994    -1.3731     -1.802    32.7715    24.6274 -9.990e-29
 245.668108     -1.797  38.802431    13.1642    -1.3737     -1.782    32.8035    24.6592 -9.990e-29
 245.668113     -1.781  38.829807    13.1862    -1.3743     -1.766    32.8103    24.6601 -9.990e-29
 245.668119     -1.773  38.824583    13.2301    -1.3747     -1.758    32.7675    24.6183 -9.990e-29
 245.668125     -1.764  38.774232    13.2438    -1.3741     -1.749    32.7083    24.5698 -9.990e-29
 245.668131     -1.743  38.721002    13.2212    -1.3743     -1.728    32.6777    24.5506 -9.990e-29
 245.668137     -1.715  38.703306    13.1756    -1.3762     -1.701    32.7003    24.5771 -9.990e-29
 245.668142     -1.685  38.732368    13.1370    -1.3772     -1.671    32.7610    24.6317 -9.990e-29
 245.668148     -1.661  38.777472    13.1254    -1.3771     -1.647    32.8135    24.6746 -9.990e-29
 245.668154     -1.641  38.800140    13.1224    -1.3755     -1.627    32.8374    24.6938 -9.990e-29
 245.668160     -1.620  38.803734    13.1051    -1.3748     -1.606    32.8558    24.7114 -9.990e-29
 245.668166     -1.600  38.812724    13.0833    -1.3757     -1.587    32.8832    24.7369 -9.990e-29
 245.668171     -1.584  38.828507    13.0755    -1.3758     -1.571    32.9048    24.7552 -9.990e-29
 245.668177     -1.572  38.832936    13.0733    -1.3767     -1.559    32.9109    24.7604 -9.990e-29
 245.668183     -1.559  38.820755    13.0454    -1.3774     -1.546    32.9237    24.7757 -9.990e-29
 245.668189     -1.538  38.807734    12.9896    -1.3782     -1.525    32.9599    24.8148 -9.990e-29
 245.668194     -1.514  38.813011    12.9491    -1.3789     -1.501    33.0001    24.8539 -9.990e-29
 245.668200     -1.493  38.834705    12.9559    -1.3793     -1.481    33.0148    24.8639 -9.990e-29
 245.668206     -1.483  38.849647    12.9965    -1.3799     -1.471    32.9935    24.8394 -9.990e-29
 245.668212     -1.482  38.841366    13.0255    -1.3798     -1.470    32.9604    24.8081 -9.990e-29
 245.668218     -1.483  38.813456    13.0159    -1.3793     -1.471    32.9424    24.7960 -9.990e-29
 245.668223     -1.481  38.787636    12.9805    -1.3797     -1.469    32.9487    24.8079 -9.990e-29
 245.668229     -1.475  38.789526    12.9411    -1.3808     -1.463    32.9849    24.8436 -9.990e-29
 245.668235     -1.467  38.814414    12.9085    -1.3813     -1.455    33.0369    24.8904 -9.990e-29
 245.668241     -1.454  38.827701    12.8805    -1.3820     -1.442    33.0740    24.9246 -9.990e-29
 245.668247     -1.436  38.815570    12.8481    -1.3825     -1.424    33.0908    24.9440 -9.990e-29
 245.668252     -1.413  38.795522    12.8101    -1.3822     -1.401    33.1051    24.9624 -9.990e-29
 245.668258     -1.386  38.793935    12.7816    -1.3811     -1.374    33.1286    24.9862 -9.990e-29
 245.668264     -1.363  38.818260    12.7803    -1.3804     -1.352    33.1529    25.0053 -9.990e-29
 245.668270     -1.347  38.840230    12.7976    -1.3808     -1.336    33.1586    25.0063 -9.990e-29
 245.668275     -1.336  38.828627    12.7972    -1.3816     -1.325    33.1479    24.9981 -9.990e-29
 245.668281     -1.326  38.782032    12.7601    -1.3820     -1.315    33.1361    24.9962 -9.990e-29
 245.668287     -1.311  38.742074    12.7089    -1.3820     -1.300    33.1430    25.0116 -9.990e-29
 245.668293     -1.295  38.751934    12.6741    -1.3820     -1.284    33.1831    25.0494 -9.990e-29
 245.668299     -1.282  38.791713    12.6690    -1.3818     -1.271    33.2255    25.0832 -9.990e-29
 245.668304     -1.270  38.809646    12.6902    -1.3814     -1.259    33.2239    25.0779 -9.990e-29
 245.668310     -1.258  38.793799    12.7172    -1.3804     -1.248    33.1850    25.0425 -9.990e-29
 245.668316     -1.246  38.770729    12.7247    -1.3800     -1.236    33.1564    25.0189 -9.990e-29
 245.668322     -1.234  38.768019    12.7103    -1.3806     -1.224    33.1665    25.0295 -9.990e-29
 245.668328     -1.220  38.789949    12.6952    -1.3821     -1.210    33.2007    25.0589 -9.990e-29
 245.668333     -1.203  38.808059    12.6874    10.5503     -1.193    33.2248    25.0792 -9.990e-29
 245.668339     -1.182  38.796076    12.6767    13.9018     -1.172    33.2228    25.0797 -9.990e-29
 245.668345     -1.157  38.777298    12.6670    14.1495     -1.147    33.2135    25.0743 -9.990e-29
 245.668351     -1.129  38.790070    12.6768    11.5750     -1.120    33.2170    25.0751 -9.990e-29
 245.668356     -1.106  38.820062    12.7101     5.9480     -1.097    33.2162    25.0681 -9.990e-29
 245.668362     -1.090  38.823773    12.7432     6.3732     -1.081    33.1906    25.0418 -9.990e-29
 245.668368     -1.077  38.794977    12.7489     6.6495     -1.068    33.1582    25.0155 -9.990e-29
 245.668374     -1.060  38.770444    12.7305     6.6220     -1.051    33.1510    25.0135 -9.990e-29
 245.668380     -1.043  38.762355    12.7109     6.4869     -1.034    33.1605    25.0247 -9.990e-29
 245.668385     -1.030  38.714556    12.6965     6.3432     -1.021    33.1276    25.0020 -9.990e-29
 245.668391     -1.019  38.549893    12.6736     6.2303     -1.010    32.9907    24.9004 -9.990e-29
 245.668397     -1.010  38.317352    12.6394     6.1674     -1.002    32.7988    24.7583 -9.990e-29
 245.668403     -1.002  38.164316    12.6129     6.1172     -0.994    32.6759    24.6683 -9.990e-29
 245.668409     -0.995  38.117709    12.6098     6.0711     -0.987    32.6342    24.6365 -9.990e-29
 245.668414     -0.988  38.118221    12.6274     6.0208     -0.980    32.6194    24.6217 -9.990e-29
 245.668420     -0.980  38.127330    12.6470     5.9926     -0.972    32.6111    24.6115 -9.990e-29
 245.668426     -0.972  38.121906    12.6536     5.9897     -0.964    32.6002    24.6018 -9.990e-29
 245.668432     -0.963  38.110451    12.6552     5.9999     -0.955    32.5879    24.5919 -9.990e-29
 245.668438     -0.952  38.115850    12.6643     5.9940     -0.944    32.5852    24.5880 -9.990e-29
 245.668443     -0.939  38.133006    12.6725     5.9735     -0.931    32.5944    24.5936 -9.990e-29
