data/oxygen options/ONMS/Olympic_Coast_National_Marine_Sanctuary_CTD_Data_2005_2023/raw_data/2009/CTD_CE042_081109faed.cnv
* Sea-Bird SBE19 Data File:
* FileName = C:\2009_MOORING_DATA\081109\CTD_CE042_081109.hex
* Software Version 1.24
* Temperature SN = 2997
* Conductivity SN = 2997
* System UpLoad Time = Aug 11 2009 15:38:01
* SEACAT PROFILER V3.1c SN 2997   08/11/09  15:37:09.357
* strain gauge pressure sensor: S/N = 184829,  range = 3000 psia,  tc = 40
# nquan = 9                                 
# nvalues = 1854                        
# units = specified
# name 0 = timeJ: Julian Days
# name 1 = prSM: Pressure, Strain Gauge [db]
# name 2 = c0mS/cm: Conductivity [mS/cm]
# name 3 = t090C: Temperature [ITS-90, deg C]
# name 4 = sbeox0ML/L: Oxygen, SBE 43 [ml/l]
# name 5 = depSM: Depth [salt water, m], lat = 47.5
# name 6 = sal00: Salinity, Practical [PSU]
# name 7 = sigma-é00: Density [sigma-theta, kg/m^3]
# name 8 = flag: flag
# span 0 = 223.567650, 223.578374       
# span 1 =     -5.537,     42.854       
# span 2 =   0.266809,  40.454672       
# span 3 =     7.2452,    17.3069       
# span 4 =    -1.5776,    18.0697       
# span 5 =     -5.491,     42.492       
# span 6 =     0.1512,    33.6494       
# span 7 =    -1.1609,    26.3199       
# span 8 = 0.0000e+00, 0.0000e+00       
# interval = seconds: 0.5
# start_time = Aug 11 2009 13:37:25 [Instrument's time stamp, header]
# bad_flag = -9.990e-29
*END*
[from data line 1441]
 223.575990     20.317  34.405166     7.8227     2.3528     20.146    33.2232    25.9046 -9.990e-29
 223.575995     20.273  34.406565     7.8241     2.3457     20.103    33.2234    25.9045 -9.990e-29
 223.576001     20.240  34.408112     7.8254     2.3574     20.070    33.2238    25.9047 -9.990e-29
 223.576007     20.221  34.409624     7.8266     2.3616     20.051    33.2243    25.9049 -9.990e-29
 223.576013     20.215  34.410124     7.8270     2.3531     20.045    33.2245    25.9050 -9.990e-29
 223.576019     20.222  34.409717     7.8267     2.3456     20.052    33.2243    25.9049 -9.990e-29
 223.576024     20.241  34.409351     7.8267     2.3362     20.071    33.2239    25.9046 -9.990e-29
 223.576030     20.270  34.408534     7.8268     2.3554     20.100    33.2229    25.9038 -9.990e-29
 223.576036     20.302  34.406547     7.8265     2.3653     20.132    33.2211    25.9024 -9.990e-29
 223.576042     20.330  34.404662     7.8265     2.3655     20.159    33.2190    25.9008 -9.990e-29
 223.576047     20.348  34.404285     7.8272     2.3690     20.177    33.2180    25.8998 -9.990e-29
 223.576053     20.352  34.405470     7.8297     2.3698     20.181    33.2169    25.8986 -9.990e-29
 223.576059     20.344  34.408114     7.8342     2.3726     20.173    33.2154    25.8968 -9.990e-29
 223.576065     20.325  34.412379     7.8393     2.3623     20.154    33.2151    25.8959 -9.990e-29
 223.576071     20.305  34.417229     7.8430     2.3443     20.135    33.2168    25.8966 -9.990e-29
 223.576076     20.290  34.420727     7.8440     2.3369     20.120    33.2196    25.8987 -9.990e-29
 223.576082     20.288  34.421374     7.8418     2.3470     20.118    33.2224    25.9012 -9.990e-29
 223.576088     20.298  34.417792     7.8374     2.3559     20.128    33.2228    25.9021 -9.990e-29
 223.576094     20.313  34.411364     7.8333     2.3524     20.142    33.2198    25.9004 -9.990e-29
 223.576100     20.329  34.406963     7.8317     2.3478     20.158    33.2166    25.8981 -9.990e-29
 223.576105     20.348  34.406562     7.8318     2.3432     20.177    33.2160    25.8976 -9.990e-29
 223.576111     20.370  34.407943     7.8311     2.3703     20.199    33.2182    25.8994 -9.990e-29
 223.576117     20.394  34.407903     7.8299     2.3824     20.223    33.2193    25.9005 -9.990e-29
 223.576123     20.406  34.405827     7.8304     2.3746     20.235    33.2165    25.8983 -9.990e-29
 223.576128     20.396  34.406228     7.8338     2.3653     20.225    33.2137    25.8956 -9.990e-29
 223.576134     20.363  34.411319     7.8395     2.3590     20.192    33.2138    25.8948 -9.990e-29
 223.576140     20.322  34.417801     7.8457     2.3634     20.151    33.2149    25.8947 -9.990e-29
 223.576146     20.291  34.424232     7.8502     2.3679     20.121    33.2175    25.8961 -9.990e-29
 223.576152     20.277  34.427421     7.8511     2.3572     20.107    33.2200    25.8980 -9.990e-29
 223.576157     20.275  34.424899     7.8497     2.3500     20.105    33.2187    25.8971 -9.990e-29
 223.576163     20.281  34.421707     7.8475     2.3581     20.111    33.2173    25.8964 -9.990e-29
 223.576169     20.299  34.419750     7.8448     2.3711     20.129    33.2178    25.8972 -9.990e-29
 223.576175     20.330  34.417535     7.8417     2.3782     20.159    33.2184    25.8981 -9.990e-29
 223.576181     20.364  34.414350     7.8395     2.3676     20.193    33.2170    25.8973 -9.990e-29
 223.576186     20.386  34.411547     7.8402     2.3745     20.215    33.2134    25.8943 -9.990e-29
 223.576192     20.388  34.413229     7.8437     2.3746     20.217    33.2118    25.8926 -9.990e-29
 223.576198     20.374  34.418273     7.8473     2.3690     20.203    33.2138    25.8937 -9.990e-29
 223.576204     20.353  34.422198     7.8496     2.3830     20.182    33.2158    25.8949 -9.990e-29
 223.576209     20.332  34.424634     7.8512     2.3785     20.161    33.2169    25.8956 -9.990e-29
 223.576215     20.318  34.426588     7.8528     2.3895     20.147    33.2175    25.8958 -9.990e-29
 223.576221     20.318  34.427865     7.8541     2.3918     20.147    33.2176    25.8957 -9.990e-29
 223.576227     20.333  34.428486     7.8548     2.3654     20.162    33.2176    25.8956 -9.990e-29
 223.576233     20.355  34.428716     7.8554     2.3577     20.184    33.2173    25.8952 -9.990e-29
 223.576238     20.380  34.429422     7.8564     2.3526     20.209    33.2171    25.8949 -9.990e-29
 223.576244     20.412  34.430420     7.8571     2.3568     20.241    33.2175    25.8951 -9.990e-29
 223.576250     20.451  34.429679     7.8567     2.3580     20.279    33.2170    25.8948 -9.990e-29
 223.576256     20.487  34.427329     7.8553     2.3557     20.315    33.2158    25.8941 -9.990e-29
 223.576262     20.506  34.425279     7.8532     2.3641     20.334    33.2156    25.8942 -9.990e-29
 223.576267     20.513  34.422472     7.8508     2.3854     20.341    33.2149    25.8940 -9.990e-29
 223.576273     20.512  34.418527     7.8503     2.4031     20.340    33.2112    25.8912 -9.990e-29
 223.576279     20.496  34.418264     7.8540     2.4113     20.324    33.2074    25.8876 -9.990e-29
 223.576285     20.459  34.424693     7.8605     2.4042     20.287    33.2081    25.8873 -9.990e-29
 223.576291     20.402  34.433498     7.8671     2.4089     20.231    33.2113    25.8888 -9.990e-29
 223.576296     20.335  34.440169     7.8724     2.4146     20.164    33.2134    25.8897 -9.990e-29
 223.576302     20.276  34.444638     7.8758     2.4121     20.106    33.2150    25.8905 -9.990e-29
 223.576308     20.241  34.447264     7.8769     2.3991     20.071    33.2168    25.8917 -9.990e-29
 223.576314     20.233  34.447626     7.8765     2.3931     20.063    33.2175    25.8924 -9.990e-29
 223.576319     20.243  34.446208     7.8755     2.3908     20.073    33.2170    25.8921 -9.990e-29
 223.576325     20.262  34.444478     7.8748     2.4013     20.092    33.2158    25.8912 -9.990e-29
 223.576331     20.284  34.444046     7.8744     2.3977     20.114    33.2157    25.8912 -9.990e-29
 223.576337     20.305  34.445455     7.8748     2.3824     20.135    33.2168    25.8920 -9.990e-29
 223.576343     20.323  34.447780     7.8760     2.3858     20.152    33.2181    25.8929 -9.990e-29
 223.576348     20.330  34.449077     7.8773     2.3940     20.159    33.2183    25.8928 -9.990e-29
 223.576354     20.327  34.448832     7.8786     2.4033     20.156    33.2168    25.8915 -9.990e-29
 223.576360     20.322  34.448959     7.8800     2.3972     20.151    33.2156    25.8903 -9.990e-29
 223.576366     20.319  34.450185     7.8816     2.3877     20.148    33.2154    25.8899 -9.990e-29
 223.576372     20.318  34.451344     7.8828     2.3996     20.147    33.2155    25.8898 -9.990e-29
 223.576377     20.314  34.451739     7.8836     2.4069     20.143    33.2151    25.8895 -9.990e-29
 223.576383     20.303  34.451893     7.8842     2.4035     20.133    33.2147    25.8891 -9.990e-29
 223.576389     20.288  34.452571     7.8850     2.4046     20.118    33.2147    25.8889 -9.990e-29
 223.576395     20.274  34.453557     7.8859     2.3971     20.104    33.2149    25.8889 -9.990e-29
 223.576400     20.258  34.454482     7.8871     2.3993     20.088    33.2148    25.8887 -9.990e-29
 223.576406     20.240  34.455457     7.8887     2.4099     20.070    33.2143    25.8881 -9.990e-29
 223.576412     20.223  34.456661     7.8906     2.3994     20.053    33.2138    25.8874 -9.990e-29
 223.576418     20.215  34.458015     7.8918     2.3967     20.045    33.2141    25.8874 -9.990e-29
 223.576424     20.223  34.458524     7.8921     2.4023     20.053    33.2144    25.8876 -9.990e-29
 223.576429     20.253  34.457745     7.8916     2.4017     20.083    33.2140    25.8874 -9.990e-29
 223.576435     20.293  34.456320     7.8906     2.4147     20.123    33.2134    25.8871 -9.990e-29
 223.576441     20.325  34.455146     7.8910     2.4061     20.154    33.2117    25.8857 -9.990e-29
 223.576447     20.341  34.456017     7.8939     2.4160     20.170    33.2099    25.8839 -9.990e-29
 223.576453     20.349  34.458973     7.8974     2.4185     20.178    33.2097    25.8832 -9.990e-29
 223.576458     20.351  34.461790     7.8994     2.4243     20.180    33.2108    25.8838 -9.990e-29
 223.576464     20.344  34.463181     7.9008     2.4264     20.173    33.2110    25.8837 -9.990e-29
 223.576470     20.324  34.463878     7.9033     2.4167     20.153    33.2094    25.8821 -9.990e-29
 223.576476     20.292  34.465931     7.9073     2.4226     20.122    33.2078    25.8802 -9.990e-29
 223.576481     20.261  34.469835     7.9123     2.4199     20.091    33.2072    25.8791 -9.990e-29
 223.576487     20.241  34.475750     7.9177     2.4273     20.071    33.2084    25.8792 -9.990e-29
 223.576493     20.235  34.480359     7.9207     2.4104     20.065    33.2105    25.8804 -9.990e-29
 223.576499     20.242  34.479161     7.9192     2.4167     20.072    33.2107    25.8808 -9.990e-29
 223.576505     20.259  34.476162     7.9164     2.4268     20.089    33.2101    25.8807 -9.990e-29
 223.576510     20.279  34.475765     7.9161     2.4291     20.109    33.2100    25.8807 -9.990e-29
 223.576516     20.297  34.477999     7.9186     2.4507     20.127    33.2100    25.8803 -9.990e-29
 223.576522     20.316  34.482479     7.9226     2.4524     20.145    33.2109    25.8805 -9.990e-29
 223.576528     20.332  34.487893     7.9270     2.4667     20.161    33.2125    25.8811 -9.990e-29
 223.576534     20.339  34.491931     7.9338     2.4914     20.168    33.2104    25.8784 -9.990e-29
 223.576539     20.331  34.495495     7.9445     2.4790     20.160    33.2040    25.8719 -9.990e-29
 223.576545     20.312  34.501094     7.9563     2.4598     20.141    33.1988    25.8661 -9.990e-29
 223.576551     20.291  34.506671     7.9659     2.4415     20.121    33.1957    25.8622 -9.990e-29
 223.576557     20.275  34.511258     7.9720     2.4217     20.105    33.1948    25.8606 -9.990e-29
 223.576562     20.270  34.517048     7.9749     2.4097     20.100    33.1982    25.8629 -9.990e-29
 223.576568     20.280  34.521678     7.9734     2.4009     20.110    33.2046    25.8681 -9.990e-29
 223.576574     20.304  34.517875     7.9671     2.3839     20.134    33.2065    25.8705 -9.990e-29
 223.576580     20.332  34.507851     7.9603     2.3799     20.161    33.2022    25.8682 -9.990e-29
 223.576586     20.362  34.501770     7.9549     2.3890     20.191    33.2008    25.8679 -9.990e-29
 223.576591     20.397  34.499363     7.9480     2.3821     20.226    33.2048    25.8720 -9.990e-29
 223.576597     20.435  34.495177     7.9395     2.3976     20.263    33.2084    25.8760 -9.990e-29
 223.576603     20.465  34.488669     7.9320     2.4135     20.293    33.2085    25.8773 -9.990e-29
 223.576609     20.475  34.481243     7.9276     2.4378     20.303    33.2048    25.8749 -9.990e-29
 223.576615     20.464  34.476440     7.9277     2.4494     20.292    33.1996    25.8708 -9.990e-29
 223.576620     20.429  34.478498     7.9324     2.4339     20.257    33.1973    25.8684 -9.990e-29
 223.576626     20.377  34.486235     7.9403     2.4139     20.206    33.1981    25.8678 -9.990e-29
 223.576632     20.327  34.494842     7.9486     2.4020     20.156    33.1994    25.8677 -9.990e-29
 223.576638     20.292  34.501789     7.9546     2.4043     20.122    33.2012    25.8682 -9.990e-29
 223.576644     20.273  34.506254     7.9569     2.4037     20.103    33.2038    25.8699 -9.990e-29
 223.576649     20.271  34.506347     7.9545     2.4067     20.101    33.2062    25.8721 -9.990e-29
 223.576655     20.281  34.501071     7.9474     2.4074     20.111    33.2073    25.8740 -9.990e-29
 223.576661     20.294  34.492355     7.9394     2.4101     20.124    33.2055    25.8738 -9.990e-29
 223.576667     20.303  34.484262     7.9350     2.4160     20.133    33.2011    25.8709 -9.990e-29
 223.576672     20.300  34.481125     7.9338     2.3999     20.130    33.1988    25.8694 -9.990e-29
 223.576678     20.285  34.483239     7.9336     2.3866     20.115    33.2013    25.8713 -9.990e-29
 223.576684     20.265  34.486695     7.9333     2.3761     20.095    33.2053    25.8745 -9.990e-29
 223.576690     20.248  34.488258     7.9309     2.3541     20.078    33.2093    25.8780 -9.990e-29
 223.576696     20.242  34.487208     7.9248     2.3423     20.072    33.2139    25.8825 -9.990e-29
 223.576701     20.249  34.482706     7.9162     2.3282     20.079    33.2173    25.8864 -9.990e-29
 223.576707     20.270  34.473792     7.9072     2.3193     20.100    33.2163    25.8870 -9.990e-29
 223.576713     20.304  34.462023     7.8974     2.3260     20.134    33.2130    25.8858 -9.990e-29
 223.576719     20.337  34.449623     7.8856     2.3384     20.166    33.2110    25.8859 -9.990e-29
 223.576725     20.361  34.436847     7.8752     2.3372     20.190    33.2072    25.8844 -9.990e-29
 223.576730     20.373  34.427931     7.8700     2.3369     20.202    33.2026    25.8815 -9.990e-29
 223.576736     20.372  34.428898     7.8670     2.3388     20.201    33.2064    25.8850 -9.990e-29
 223.576742     20.360  34.433177     7.8628     2.3348     20.189    33.2150    25.8924 -9.990e-29
 223.576748     20.335  34.433573     7.8581     2.3035     20.164    33.2199    25.8969 -9.990e-29
 223.576753     20.295  34.433400     7.8524     2.2724     20.125    33.2252    25.9019 -9.990e-29
 223.576759     20.251  34.432411     7.8439     2.2597     20.081    33.2323    25.9086 -9.990e-29
 223.576765     20.223  34.427594     7.8329     2.2739     20.053    33.2376    25.9144 -9.990e-29
 223.576771     20.215  34.418116     7.8207     2.2876     20.045    33.2391    25.9173 -9.990e-29
 223.576777     20.228  34.405329     7.8068     2.2742     20.058    33.2386    25.9190 -9.990e-29
 223.576782     20.255  34.391215     7.7943     2.2632     20.085    33.2353    25.9182 -9.990e-29
 223.576788     20.279  34.381032     7.7904     2.2657     20.109    33.2281    25.9131 -9.990e-29
 223.576794     20.294  34.381353     7.7915     2.2745     20.124    33.2274    25.9124 -9.990e-29
 223.576800     20.305  34.384745     7.7884     2.2888     20.135    33.2340    25.9180 -9.990e-29
 223.576806     20.316  34.381149     7.7804     2.2852     20.145    33.2378    25.9221 -9.990e-29
 223.576811     20.325  34.371920     7.7726     2.2935     20.154    33.2353    25.9213 -9.990e-29
 223.576817     20.324  34.364907     7.7706     2.3007     20.153    33.2297    25.9172 -9.990e-29
 223.576823     20.307  34.366427     7.7757     2.2946     20.137    33.2264    25.9139 -9.990e-29
 223.576829     20.279  34.374009     7.7835     2.2866     20.109    33.2272    25.9133 -9.990e-29
 223.576834     20.249  34.380942     7.7892     2.2883     20.079    33.2292    25.9141 -9.990e-29
 223.576840     20.230  34.384131     7.7907     2.2937     20.060    33.2312    25.9155 -9.990e-29
 223.576846     20.225  34.383894     7.7891     2.3006     20.055    33.2325    25.9167 -9.990e-29
 223.576852     20.228  34.381021     7.7870     2.2942     20.058    33.2314    25.9162 -9.990e-29
 223.576858     20.231  34.378391     7.7861     2.2702     20.061    33.2294    25.9147 -9.990e-29
 223.576863     20.235  34.377525     7.7854     2.2651     20.065    33.2291    25.9146 -9.990e-29
 223.576869     20.243  34.376690     7.7848     2.2673     20.073    33.2288    25.9145 -9.990e-29
 223.576875     20.253  34.376441     7.7845     2.2772     20.083    33.2288    25.9145 -9.990e-29
 223.576881     20.265  34.376990     7.7824     2.2867     20.095    33.2314    25.9168 -9.990e-29
 223.576887     20.284  34.374573     7.7765     2.2950     20.114    33.2344    25.9201 -9.990e-29
 223.576892     20.306  34.367636     7.7699     2.3055     20.136    33.2333    25.9201 -9.990e-29
 223.576898     20.321  34.360920     7.7678     2.3079     20.150    33.2281    25.9163 -9.990e-29
 223.576904     20.317  34.360580     7.7711     2.3054     20.146    33.2246    25.9131 -9.990e-29
