data/oxygen options/ONMS/Olympic_Coast_National_Marine_Sanctuary_CTD_Data_2005_2023/raw_data/2009/CTD_KL050_070909faedb.cnv
* Sea-Bird SBE19 Data File:
* FileName = C:\2009_MOORING_DATA\070709_data\CTD_KL050_070909.hex
* Software Version 1.24
* Temperature SN = 2997
* Conductivity SN = 2997
* System UpLoad Time = Jul 09 2009 11:13:37
* SEACAT PROFILER V3.1c SN 2997   07/09/09  11:12:11.583
* strain gauge pressure sensor: S/N = 184829,  range = 3000 psia,  tc = 40
# nquan = 9
# nvalues = 47                          
# units = specified
# name 0 = timeJ: Julian Days
# name 1 = prSM: Pressure, Strain Gauge [db]
# name 2 = c0mS/cm: Conductivity [mS/cm]
# name 3 = t090C: Temperature [ITS-90, deg C]
# name 4 = sbeox0ML/L: Oxygen, SBE 43 [ml/l]
# name 5 = depSM: Depth [salt water, m], lat = 47.5
# name 6 = sal00: Salinity, Practical [PSU]
# name 7 = sigma-é00: Density [sigma-theta, kg/m^3]
# name 8 = flag: flag
# span 0 = 190.365044, 190.365568       
# span 1 =      3.000,     49.000       
# span 2 =  34.048930,  38.134040       
# span 3 =     7.2065,    13.1010       
# span 4 =     1.8665,     8.4414       
# span 5 =      2.975,     48.585       
# span 6 =    32.2207,    33.5835       
# span 7 =    24.2209,    26.2751       
# span 8 = 0.0000e+00, 0.0000e+00       
# interval = decibars: 1                
# start_time = Jul 09 2009 08:41:41 [Instrument's time stamp, header]
# bad_flag = -9.990e-29
*END*
 190.365044      3.000  38.127909    13.1010     8.4414      2.975    32.2207    24.2209 0.0000e+00
 190.365062      4.000  38.134040    12.9716     8.3619      3.967    32.3363    24.3357 0.0000e+00
 190.365073      5.000  38.038250    12.8062     8.0626      4.958    32.3868    24.4071 0.0000e+00
 190.365085      6.000  37.952944    12.7357     7.7776      5.950    32.3661    24.4047 0.0000e+00
 190.365095      7.000  37.882308    12.7212     7.3470      6.941    32.3110    24.3648 0.0000e+00
 190.365104      8.000  37.749267    12.6316     6.7668      7.933    32.2608    24.3432 0.0000e+00
 190.365113      9.000  37.569382    12.3432     5.9906      8.925    32.3367    24.4571 0.0000e+00
 190.365122     10.000  37.365371    11.9725     5.2547      9.917    32.4611    24.6233 0.0000e+00
 190.365130     11.000  37.119882    11.6265     4.7950     10.908    32.5248    24.7364 0.0000e+00
 190.365139     12.000  36.797265    11.3730     4.4526     11.900    32.4316    24.7100 0.0000e+00
 190.365148     13.000  36.458710    11.0465     4.0953     12.891    32.3853    24.7320 0.0000e+00
 190.365156     14.000  36.199380    10.6778     3.6260     13.883    32.4539    24.8499 0.0000e+00
 190.365165     15.000  36.011184    10.4354     3.2527     14.874    32.4812    24.9127 0.0000e+00
 190.365173     16.000  35.804154    10.2094     3.0590     15.866    32.4747    24.9461 0.0000e+00
 190.365181     17.000  35.460732     9.6436     3.0771     16.858    32.6365    25.1654 0.0000e+00
 190.365190     18.000  35.091447     8.9683     3.1474     17.849    32.8739    25.4587 0.0000e+00
 190.365199     19.000  34.836685     8.5738     3.1741     18.840    32.9735    25.5974 0.0000e+00
 190.365208     20.000  34.718675     8.3875     3.1358     19.832    33.0231    25.6645 0.0000e+00
 190.365217     21.000  34.692348     8.3295     3.0446     20.824    33.0493    25.6937 0.0000e+00
 190.365227     22.000  34.707665     8.3019     2.8619     21.815    33.0910    25.7305 0.0000e+00
 190.365237     23.000  34.703405     8.2564     2.6179     22.807    33.1288    25.7670 0.0000e+00
 190.365248     24.000  34.661701     8.1586     2.3914     23.798    33.1765    25.8190 0.0000e+00
 190.365259     25.000  34.579331     7.9980     2.2827     24.790    33.2406    25.8928 0.0000e+00
 190.365269     26.000  34.463061     7.8107     2.2632     25.781    33.2940    25.9620 0.0000e+00
 190.365280     27.000  34.336436     7.6358     2.3334     26.773    33.3248    26.0113 0.0000e+00
 190.365291     28.000  34.240784     7.5068     2.4388     27.765    33.3448    26.0453 0.0000e+00
 190.365301     29.000  34.174001     7.3984     2.5124     28.756    33.3764    26.0854 0.0000e+00
 190.365312     30.000  34.104192     7.3047     2.5016     29.748    33.3904    26.1095 0.0000e+00
 190.365323     31.000  34.055838     7.2657     2.4448     30.739    33.3751    26.1028 0.0000e+00
 190.365335     32.000  34.048930     7.2476     2.3407     31.730    33.3845    26.1128 0.0000e+00
 190.365346     33.000  34.057389     7.2298     2.2145     32.722    33.4106    26.1357 0.0000e+00
 190.365357     34.000  34.073370     7.2302     2.1329     33.713    33.4270    26.1486 0.0000e+00
 190.365367     35.000  34.095302     7.2388     2.0765     34.705    33.4421    26.1593 0.0000e+00
 190.365378     36.000  34.127238     7.2446     2.0153     35.697    33.4708    26.1811 0.0000e+00
 190.365388     37.000  34.155489     7.2437     1.9318     36.688    33.5019    26.2057 0.0000e+00
 190.365399     38.000  34.174150     7.2344     1.8665     37.680    33.5308    26.2298 0.0000e+00
 190.365410     39.000  34.187953     7.2227     1.8697     38.671    33.5567    26.2518 0.0000e+00
 190.365420     40.000  34.195879     7.2137     1.8860     39.662    33.5736    26.2664 0.0000e+00
 190.365431     41.000  34.198705     7.2100     1.8974     40.654    33.5798    26.2718 0.0000e+00
 190.365442     42.000  34.200118     7.2079     1.9182     41.645    33.5829    26.2746 0.0000e+00
 190.365453     43.000  34.200627     7.2073     1.9213     42.637    33.5835    26.2751 0.0000e+00
 190.365465     44.000  34.200316     7.2069     1.9122     43.628    33.5831    26.2748 0.0000e+00
 190.365476     45.000  34.200359     7.2065     1.9201     44.620    33.5830    26.2749 0.0000e+00
 190.365488     46.000  34.200563     7.2066     1.9089     45.611    33.5827    26.2746 0.0000e+00
 190.365501     47.000  34.201106     7.2066     1.8931     46.603    33.5828    26.2748 0.0000e+00
 190.365515     48.000  34.202267     7.2068     1.8827     47.594    33.5834    26.2751 0.0000e+00
 190.365568     49.000  34.201398     7.2158     1.8911     48.585    33.5732    26.2659 0.0000e+00
