data/oxygen options/ONMS/Olympic_Coast_National_Marine_Sanctuary_CTD_Data_2005_2023/raw_data/2009/CTD_CE065_070709faed.cnv
* Sea-Bird SBE19 Data File:
* FileName = C:\2009_MOORING_DATA\070609_data\CTD_CE065_070609.hex
* Software Version 1.24
* Temperature SN = 2997
* Conductivity SN = 2997
* System UpLoad Time = Jul 07 2009 16:37:02
* SEACAT PROFILER V3.1c SN 2997   07/07/09  16:36:11.324
* strain gauge pressure sensor: S/N = 184829,  range = 3000 psia,  tc = 40
# nquan = 9                                 
# nvalues = 2337                        
# units = specified
# name 0 = timeJ: Julian Days
# name 1 = prSM: Pressure, Strain Gauge [db]
# name 2 = c0mS/cm: Conductivity [mS/cm]
# name 3 = t090C: Temperature [ITS-90, deg C]
# name 4 = sbeox0ML/L: Oxygen, SBE 43 [ml/l]
# name 5 = depSM: Depth [salt water, m], lat = 47.5
# name 6 = sal00: Salinity, Practical [PSU]
# name 7 = sigma-é00: Density [sigma-theta, kg/m^3]
# name 8 = flag: flag
# span 0 = 188.548414, 188.561933       
# span 1 =     -5.588,     66.993       
# span 2 =   0.053857,  38.633457       
# span 3 =     7.1174,    15.3602       
# span 4 =    -1.6321,    22.7147       
# span 5 =     -5.541,     66.423       
# span 6 =     0.0344,    33.7770       
# span 7 =    -0.9275,    26.4398       
# span 8 = 0.0000e+00, 0.0000e+00       
# interval = seconds: 0.5
# start_time = Jul 07 2009 13:09:43 [Instrument's time stamp, header]
# bad_flag = -9.990e-29
*END*
[from data line 2241]
 188.561383     23.507  35.239960     8.9170     4.4009     23.309    33.0736    25.6232 -9.990e-29
 188.561389     23.483  35.241552     8.9184     4.3866     23.286    33.0740    25.6233 -9.990e-29
 188.561395     23.482  35.241189     8.9177     4.3607     23.285    33.0742    25.6236 -9.990e-29
 188.561400     23.495  35.239515     8.9157     4.3279     23.298    33.0744    25.6240 -9.990e-29
 188.561406     23.511  35.238227     8.9152     4.3099     23.313    33.0735    25.6234 -9.990e-29
 188.561412     23.527  35.238415     8.9154     4.3132     23.329    33.0735    25.6234 -9.990e-29
 188.561418     23.542  35.238092     8.9127     4.3345     23.344    33.0756    25.6255 -9.990e-29
 188.561424     23.559  35.234593     8.9061     4.3596     23.361    33.0781    25.6285 -9.990e-29
 188.561429     23.573  35.226623     8.8985     4.3606     23.375    33.0769    25.6287 -9.990e-29
 188.561435     23.578  35.218129     8.8948     4.3688     23.380    33.0715    25.6250 -9.990e-29
 188.561441     23.570  35.216840     8.8978     4.3664     23.372    33.0673    25.6213 -9.990e-29
 188.561447     23.551  35.222726     8.9047     4.3728     23.353    33.0671    25.6200 -9.990e-29
 188.561453     23.535  35.229069     8.9089     4.3688     23.337    33.0698    25.6215 -9.990e-29
 188.561458     23.532  35.232569     8.9086     4.3536     23.334    33.0737    25.6246 -9.990e-29
 188.561464     23.542  35.232858     8.9064     4.3252     23.344    33.0761    25.6268 -9.990e-29
 188.561470     23.554  35.231447     8.9047     4.3003     23.356    33.0762    25.6271 -9.990e-29
 188.561476     23.558  35.231503     8.9048     4.2872     23.360    33.0761    25.6271 -9.990e-29
 188.561481     23.561  35.232546     8.9050     4.2933     23.363    33.0770    25.6278 -9.990e-29
 188.561487     23.567  35.231489     8.9015     4.3188     23.369    33.0792    25.6300 -9.990e-29
 188.561493     23.575  35.225809     8.8926     4.3344     23.377    33.0815    25.6332 -9.990e-29
 188.561499     23.577  35.215784     8.8837     4.3430     23.379    33.0794    25.6329 -9.990e-29
 188.561505     23.558  35.209348     8.8817     4.3410     23.360    33.0745    25.6294 -9.990e-29
 188.561510     23.510  35.211372     8.8847     4.3440     23.312    33.0739    25.6284 -9.990e-29
 188.561516     23.445  35.215590     8.8882     4.3600     23.248    33.0750    25.6288 -9.990e-29
 188.561522     23.371  35.218668     8.8907     4.3594     23.175    33.0760    25.6291 -9.990e-29
 188.561528     23.286  35.221919     8.8922     4.3548     23.090    33.0780    25.6305 -9.990e-29
 188.561534     23.183  35.224079     8.8934     4.3587     22.988    33.0792    25.6312 -9.990e-29
 188.561539     23.049  35.225235     8.8943     4.4000     22.855    33.0796    25.6314 0.0000e+00
 188.561545     22.881  35.226931     8.8950     4.5269     22.689    33.0808    25.6323 0.0000e+00
 188.561551     22.672  35.228636     8.8965     4.7521     22.482    33.0813    25.6324 0.0000e+00
 188.561557     22.410  35.229827     8.8996     5.0039     22.222    33.0797    25.6307 0.0000e+00
 188.561563     22.076  35.231537     8.9085     5.2499     21.891    33.0734    25.6243 0.0000e+00
 188.561568     21.655  35.237734     8.9317     5.3768     21.473    33.0584    25.6090 0.0000e+00
 188.561574     21.137  35.255566     8.9815     5.4284     20.960    33.0309    25.5797 0.0000e+00
 188.561580     20.526  35.294809     9.0671     5.5170     20.354    32.9926    25.5362 0.0000e+00
 188.561586     19.846  35.360169     9.1757     5.7230     19.679    32.9601    25.4937 0.0000e+00
 188.561591     19.120  35.437382     9.2739     6.1172     18.960    32.9496    25.4699 0.0000e+00
 188.561597     18.367  35.503902     9.3371     6.6881     18.213    32.9603    25.4682 0.0000e+00
 188.561603     17.594  35.543104     9.3801     7.3227     17.446    32.9615    25.4622 0.0000e+00
 188.561609     16.804  35.579266     9.4414     7.8879     16.663    32.9426    25.4376 0.0000e+00
 188.561615     15.998  35.652217     9.5553     8.2618     15.864    32.9133    25.3963 0.0000e+00
 188.561620     15.175  35.755565     9.7806     8.4324     15.048    32.8133    25.2814 0.0000e+00
 188.561626     14.336  35.894869    10.1473     8.5049     14.216    32.6228    25.0719 0.0000e+00
 188.561632     13.482  36.106819    10.5905     8.5566     13.369    32.4394    24.8536 0.0000e+00
 188.561638     12.624  36.395730    11.0231     8.6240     12.518    32.3439    24.7040 0.0000e+00
 188.561644     11.774  36.712582    11.3743     8.6905     11.675    32.3475    24.6444 0.0000e+00
 188.561649     10.944  36.976243    11.6023     8.7346     10.852    32.4061    24.6486 0.0000e+00
 188.561655     10.137  37.138100    11.7336     8.7389     10.052    32.4492    24.6581 0.0000e+00
 188.561661      9.356  37.230341    11.8301     8.6567      9.278    32.4548    24.6447 0.0000e+00
 188.561667      8.616  37.304803    11.9251     8.6159      8.544    32.4444    24.6190 0.0000e+00
 188.561672      7.939  37.374462    12.0116     8.6499      7.873    32.4368    24.5970 0.0000e+00
 188.561678      7.346  37.435237    12.0710     8.7196      7.285    32.4440    24.5915 0.0000e+00
 188.561684      6.850  37.489703    12.1036     8.8019      6.793    32.4684    24.6043 0.0000e+00
 188.561690      6.455  37.543233    12.1407     8.8283      6.401    32.4879    24.6125 0.0000e+00
 188.561696      6.151  37.599382    12.1891     8.8019      6.100    32.5000    24.6128 0.0000e+00
 188.561701      5.921  37.639402    12.2120     8.7376      5.871    32.5187    24.6229 0.0000e+00
 188.561707      5.740  37.644340    12.2108     8.6700      5.692    32.5246    24.6277 0.0000e+00
 188.561713      5.598  37.658915    12.2339     8.6293      5.551    32.5186    24.6187 -9.990e-29
 188.561719      5.493  37.714336    12.2906     8.6278      5.447    32.5226    24.6111 -9.990e-29
 188.561725      5.419  37.765085    12.3412     8.6292      5.374    32.5274    24.6052 -9.990e-29
 188.561730      5.364  37.775121    12.3610     8.6132      5.319    32.5199    24.5956 -9.990e-29
 188.561736      5.314  37.757837    12.3538     8.6027      5.270    32.5096    24.5890 -9.990e-29
 188.561742      5.262  37.740654    12.3322     8.6198      5.218    32.5118    24.5949 -9.990e-29
 188.561748      5.210  37.733737    12.3162     8.6623      5.166    32.5191    24.6035 -9.990e-29
 188.561753      5.154  37.736833    12.3214     8.6951      5.111    32.5176    24.6014 -9.990e-29
 188.561759      5.086  37.746774    12.3409     8.7071      5.043    32.5102    24.5920 -9.990e-29
 188.561765      5.002  37.750464    12.3568     8.6913      4.960    32.5000    24.5810 -9.990e-29
 188.561771      4.896  37.745538    12.3636     8.7027      4.855    32.4895    24.5716 -9.990e-29
 188.561777      4.767  37.740567    12.3697     8.7457      4.727    32.4795    24.5626 0.0000e+00
 188.561782      4.614  37.742944    12.3813     8.7740      4.575    32.4718    24.5545 0.0000e+00
 188.561788      4.441  37.756397    12.3951     8.7959      4.404    32.4728    24.5526 0.0000e+00
 188.561794      4.254  37.777002    12.4072     8.7915      4.218    32.4821    24.5575 0.0000e+00
 188.561800      4.053  37.793554    12.4187     8.7746      4.019    32.4881    24.5600 0.0000e+00
 188.561806      3.834  37.801778    12.4367     8.8016      3.802    32.4804    24.5506 0.0000e+00
 188.561811      3.602  37.818809    12.4728     8.8281      3.572    32.4656    24.5322 0.0000e+00
 188.561817      3.365  37.860070    12.5360     8.8221      3.337    32.4505    24.5085 0.0000e+00
 188.561823      3.132  37.930124    12.6091     8.7674      3.106    32.4543    24.4974 0.0000e+00
 188.561829      2.904  37.999607    12.6584     8.7131      2.880    32.4781    24.5063 0.0000e+00
 188.561834      2.679  38.036160    12.6840     8.6920      2.657    32.4909    24.5113 0.0000e+00
 188.561840      2.453  38.061068    12.7166     8.6428      2.433    32.4866    24.5016 0.0000e+00
 188.561846      2.222  38.107552    12.7870     8.4736      2.203    32.4702    24.4753 0.0000e+00
 188.561852      1.991  38.193300    12.8933     8.2437      1.974    32.4602    24.4469 0.0000e+00
 188.561858      1.765  38.298094    12.9910     8.2642      1.750    32.4755    24.4396 0.0000e+00
 188.561863      1.551  38.372736    13.0471     9.4684      1.538    32.4979    24.4460 0.0000e+00
 188.561869      1.349  38.396793    13.0680     9.0335      1.338    32.5028    24.4456 0.0000e+00
 188.561875      1.159  38.396194    13.0743     7.9847      1.149    32.4969    24.4398 0.0000e+00
 188.561881      0.986  38.395380    13.0820 -9.990e-29      0.978    32.4896    24.4326 0.0000e+00
 188.561887      0.836  38.384298    13.0951 -9.990e-29      0.829    32.4680    24.4133 -9.990e-29
 188.561892      0.712  38.337522    13.1055 -9.990e-29      0.706    32.4151    24.3704 -9.990e-29
 188.561898      0.614  38.204457    13.1077 -9.990e-29      0.609    32.2880    24.2716 -9.990e-29
 188.561904      0.546  37.848617    13.1045 -9.990e-29      0.541    31.9561    24.0154 -9.990e-29
 188.561910      0.503  36.852738    13.1000 -9.990e-29      0.499    31.0260    23.2969 -9.990e-29
 188.561916      0.474  33.931590    13.0960 -9.990e-29      0.470    28.3121    21.2002 -9.990e-29
 188.561921      0.452  26.415497    13.0925 -9.990e-29      0.448    21.4823    15.9318 -9.990e-29
 188.561927      0.436  15.952634    13.0907 -9.990e-29      0.432    12.3875     8.9292 -9.990e-29
 188.561933      0.429   9.134669 -9.990e-29 -9.990e-29      0.425 -9.990e-29 -9.990e-29 -9.990e-29
