data/oxygen options/ONMS/Olympic_Coast_National_Marine_Sanctuary_CTD_Data_2005_2023/raw_data/2009/CTD_KL027_070909faed.cnv
* Sea-Bird SBE19 Data File:
* FileName = C:\2009_MOORING_DATA\070709_data\CTD_KL027_070909.hex
* Software Version 1.24
* Temperature SN = 2997
* Conductivity SN = 2997
* System UpLoad Time = Jul 09 2009 11:14:36
* SEACAT PROFILER V3.1c SN 2997   07/09/09  11:13:43.010
* strain gauge pressure sensor: S/N = 184829,  range = 3000 psia,  tc = 40
# nquan = 9                                 
# nvalues = 1792                        
# units = specified
# name 0 = timeJ: Julian Days
# name 1 = prSM: Pressure, Strain Gauge [db]
# name 2 = c0mS/cm: Conductivity [mS/cm]
# name 3 = t090C: Temperature [ITS-90, deg C]
# name 4 = sbeox0ML/L: Oxygen, SBE 43 [ml/l]
# name 5 = depSM: Depth [salt water, m], lat = 47.5
# name 6 = sal00: Salinity, Practical [PSU]
# name 7 = sigma-é00: Density [sigma-theta, kg/m^3]
# name 8 = flag: flag
# span 0 = 190.389907, 190.400272       
# span 1 =     -5.253,     25.635       
# span 2 =   2.172844,  38.914251       
# span 3 =    12.2069,    15.1715       
# span 4 =    -1.3811,    19.4374       
# span 5 =     -5.209,     25.419       
# span 6 =     1.4025,    33.0108       
# span 7 =     0.1989,    24.8683       
# span 8 = 0.0000e+00, 0.0000e+00       
# interval = seconds: 0.5
# start_time = Jul 09 2009 09:21:28 [Instrument's time stamp, header]
# bad_flag = -9.990e-29
*END*
[from data line 1761]
 190.400098      2.751  38.339785    12.8500     8.2010      2.728    32.6359    24.5914 -9.990e-29
 190.400104      2.743  38.341930    12.8513     8.2173      2.720    32.6368    24.5919 -9.990e-29
 190.400110      2.732  38.342355    12.8510     8.2440      2.709    32.6375    24.5924 -9.990e-29
 190.400116      2.717  38.341627    12.8498     8.2667      2.694    32.6379    24.5929 -9.990e-29
 190.400122      2.699  38.341017    12.8481     8.2731      2.676    32.6388    24.5940 -9.990e-29
 190.400127      2.676  38.339712    12.8457     8.2780      2.654    32.6396    24.5951 -9.990e-29
 190.400133      2.646  38.337094    12.8437     8.3011      2.624    32.6389    24.5949 -9.990e-29
 190.400139      2.608  38.335838    12.8456     8.2934      2.586    32.6360    24.5923 -9.990e-29
 190.400145      2.559  38.339313    12.8522     8.2828      2.538    32.6337    24.5892 -9.990e-29
 190.400150      2.496  38.346548    12.8593     8.2991      2.475    32.6344    24.5884 -9.990e-29
 190.400156      2.419  38.352613    12.8636     8.3180      2.399    32.6365    24.5892 -9.990e-29
 190.400162      2.331  38.356627    12.8670     8.3424      2.312    32.6374    24.5892 -9.990e-29
 190.400168      2.233  38.360582    12.8721     8.3369      2.214    32.6368    24.5877 -9.990e-29
 190.400174      2.117  38.364706    12.8793     8.2846      2.099    32.6345    24.5846 -9.990e-29
 190.400179      1.984  38.369453    12.8878     8.2094      1.967    32.6317    24.5807 0.0000e+00
 190.400185      1.847  38.375548    12.8981     8.1537      1.832    32.6286    24.5764 0.0000e+00
 190.400191      1.716  38.383833    12.9116     8.0917      1.702    32.6249    24.5708 0.0000e+00
 190.400197      1.590  38.394704    12.9277     7.9961      1.577    32.6214    24.5649 -9.990e-29
 190.400203      1.469  38.406404    12.9452     7.9678      1.457    32.6174    24.5584 -9.990e-29
 190.400208      1.355  38.417155    12.9605     9.0034      1.344    32.6144    24.5531 -9.990e-29
 190.400214      1.249  38.426720    12.9697     9.1050      1.239    32.6156    24.5522 -9.990e-29
 190.400220      1.148  38.432162    12.9784 -9.990e-29      1.138    32.6133    24.5487 -9.990e-29
 190.400226      1.050  38.432890    12.9982 -9.990e-29      1.041    32.5969    24.5322 -9.990e-29
 190.400231      0.958  38.433803    13.0331 -9.990e-29      0.950    32.5678    24.5028 -9.990e-29
 190.400237      0.875  38.423783    13.0716 -9.990e-29      0.868    32.5253    24.4623 -9.990e-29
 190.400243      0.803  38.362566    13.1015 -9.990e-29      0.796    32.4421    24.3920 -9.990e-29
 190.400249      0.746  38.165174    13.1228 -9.990e-29      0.740    32.2382    24.2300 -9.990e-29
 190.400255      0.706  37.590291    13.1388 -9.990e-29      0.700    31.6848    23.7988 -9.990e-29
 190.400260      0.675  35.889908    13.1503 -9.990e-29      0.669    30.0868    22.5611 -9.990e-29
 190.400266      0.651  30.805823    13.1548 -9.990e-29      0.646    25.4033    18.9439 -9.990e-29
 190.400272      0.642  22.952361 -9.990e-29 -9.990e-29      0.637 -9.990e-29 -9.990e-29 -9.990e-29
