data/oxygen options/ONMS/Olympic_Coast_National_Marine_Sanctuary_CTD_Data_2005_2023/raw_data/2009/CTD_TH042_081209faed.cnv
* Sea-Bird SBE19 Data File:
* FileName = C:\2009_MOORING_DATA\081109_DATA\CTD_TH042_081209.hex
* Software Version 1.24
* Temperature SN = 2997
* Conductivity SN = 2997
* System UpLoad Time = Aug 12 2009 15:04:48
* SEACAT PROFILER V3.1c SN 2997   08/12/09  15:04:12.859
* strain gauge pressure sensor: S/N = 184829,  range = 3000 psia,  tc = 40
# nquan = 9                                 
# nvalues = 745                         
# units = specified
# name 0 = timeJ: Julian Days
# name 1 = prSM: Pressure, Strain Gauge [db]
# name 2 = c0mS/cm: Conductivity [mS/cm]
# name 3 = t090C: Temperature [ITS-90, deg C]
# name 4 = sbeox0ML/L: Oxygen, SBE 43 [ml/l]
# name 5 = depSM: Depth [salt water, m], lat = 47.5
# name 6 = sal00: Salinity, Practical [PSU]
# name 7 = sigma-é00: Density [sigma-theta, kg/m^3]
# name 8 = flag: flag
# span 0 = 224.622141, 224.626447       
# span 1 =     -5.780,     43.482       
# span 2 =   0.439149,  39.840545       
# span 3 =     7.8218,    15.4017       
# span 4 =    -1.6330,    16.8451       
# span 5 =     -5.732,     43.115       
# span 6 =     0.2638,    33.4535       
# span 7 =    -0.7172,    26.0850       
# span 8 = 0.0000e+00, 0.0000e+00       
# interval = seconds: 0.5
# start_time = Aug 12 2009 14:55:53 [Instrument's time stamp, header]
# bad_flag = -9.990e-29
*END*
[from data line 321]
 224.623999      3.742  38.400735    12.9555     6.8160      3.711    32.6022    24.5447 -9.990e-29
 224.624005      3.745  38.410191    12.9613     6.8435      3.714    32.6062    24.5466 -9.990e-29
 224.624010      3.755  38.414176    12.9645     6.8747      3.724    32.6072    24.5468 -9.990e-29
 224.624016      3.770  38.411277    12.9636     6.8926      3.739    32.6052    24.5454 -9.990e-29
 224.624022      3.784  38.402672    12.9625     6.8928      3.752    32.5980    24.5401 -9.990e-29
 224.624028      3.794  38.395387    12.9637     6.8864      3.762    32.5901    24.5337 -9.990e-29
 224.624034      3.799  38.394841    12.9679     6.8742      3.767    32.5860    24.5297 -9.990e-29
 224.624039      3.801  38.403108    12.9767     6.8709      3.769    32.5862    24.5282 -9.990e-29
 224.624045      3.799  38.416635    12.9878     6.8936      3.767    32.5894    24.5285 -9.990e-29
 224.624051      3.794  38.427669    12.9965     6.9152      3.762    32.5924    24.5290 -9.990e-29
 224.624057      3.788  38.434668    12.9992     6.9065      3.756    32.5966    24.5318 -9.990e-29
 224.624063      3.787  38.435751    12.9945     6.8556      3.755    32.6017    24.5367 -9.990e-29
 224.624068      3.785  38.427320    12.9875     6.8072      3.753    32.5998    24.5366 -9.990e-29
 224.624074      3.779  38.419433    12.9860     6.8035      3.747    32.5936    24.5321 -9.990e-29
 224.624080      3.772  38.421754    12.9902     6.8278      3.740    32.5922    24.5302 -9.990e-29
 224.624086      3.773  38.427845    12.9935     6.8758      3.741    32.5951    24.5318 -9.990e-29
 224.624091      3.785  38.429007    12.9903     6.9055      3.753    32.5990    24.5354 -9.990e-29
 224.624097      3.805  38.424549    12.9760     6.9000      3.773    32.6071    24.5444 -9.990e-29
 224.624103      3.822  38.414133    12.9609     6.8884      3.790    32.6102    24.5498 -9.990e-29
 224.624109      3.824  38.405730    12.9681     6.8782      3.792    32.5961    24.5375 -9.990e-29
 224.624115      3.806  38.415039    12.9957     6.9044      3.774    32.5811    24.5205 -9.990e-29
 224.624120      3.777  38.435403    13.0204     6.9456      3.745    32.5791    24.5141 -9.990e-29
 224.624126      3.755  38.449690    13.0274     6.9769      3.724    32.5866    24.5185 -9.990e-29
 224.624132      3.753  38.452292    13.0139     6.9837      3.722    32.6007    24.5321 -9.990e-29
 224.624138      3.761  38.442760    12.9974     6.9747      3.730    32.6059    24.5393 -9.990e-29
 224.624144      3.763  38.434169    13.0030     6.9824      3.732    32.5929    24.5282 -9.990e-29
 224.624149      3.750  38.441966    13.0287     6.9746      3.719    32.5782    24.5117 -9.990e-29
 224.624155      3.730  38.458041    13.0544     6.9483      3.699    32.5713    24.5013 -9.990e-29
 224.624161      3.715  38.469073    13.0667     6.9232      3.684    32.5711    24.4988 -9.990e-29
 224.624167      3.708  38.474080    13.0661     6.9112      3.677    32.5763    24.5030 -9.990e-29
 224.624172      3.709  38.477503    13.0639     6.9143      3.678    32.5815    24.5074 -9.990e-29
 224.624178      3.717  38.482784    13.0665     6.9296      3.686    32.5842    24.5090 -9.990e-29
 224.624184      3.733  38.490795    13.0727     6.9400      3.702    32.5864    24.5095 -9.990e-29
 224.624190      3.759  38.499881    13.0769     6.9725      3.728    32.5914    24.5125 -9.990e-29
 224.624196      3.791  38.501976    13.0734     7.0200      3.759    32.5963    24.5170 -9.990e-29
 224.624201      3.823  38.495387    13.0711     7.0332      3.791    32.5921    24.5142 -9.990e-29
 224.624207      3.848  38.492072    13.0822     7.0011      3.816    32.5794    24.5022 -9.990e-29
 224.624213      3.865  38.496575    13.1016     6.9447      3.833    32.5670    24.4887 -9.990e-29
 224.624219      3.873  38.501443    13.1183     6.9233      3.841    32.5572    24.4779 -9.990e-29
 224.624225      3.874  38.508124    13.1290     6.9462      3.842    32.5544    24.4736 -9.990e-29
 224.624230      3.871  38.521605    13.1322     6.9823      3.839    32.5643    24.4806 -9.990e-29
 224.624236      3.874  38.530151    13.1267     7.0046      3.842    32.5771    24.4916 -9.990e-29
 224.624242      3.886  38.528899    13.1161     6.9926      3.854    32.5850    24.4998 -9.990e-29
 224.624248      3.904  38.527955    13.1057     6.9572      3.871    32.5930    24.5081 -9.990e-29
 224.624253      3.921  38.526616    13.1011     6.9300      3.888    32.5957    24.5111 -9.990e-29
 224.624259      3.929  38.521975    13.1031     6.9311      3.896    32.5896    24.5060 -9.990e-29
 224.624265      3.928  38.516810    13.1036     6.9427      3.895    32.5843    24.5018 -9.990e-29
 224.624271      3.928  38.509840    13.0995     6.9563      3.895    32.5813    24.5002 -9.990e-29
 224.624277      3.932  38.502985    13.0949     6.9603      3.899    32.5788    24.4992 -9.990e-29
 224.624282      3.941  38.501125    13.0895     6.9554      3.908    32.5816    24.5025 -9.990e-29
 224.624288      3.951  38.498416    13.0816     6.9531      3.918    32.5859    24.5073 -9.990e-29
 224.624294      3.958  38.492930    13.0752     6.9688      3.925    32.5862    24.5088 -9.990e-29
 224.624300      3.963  38.491927    13.0740     6.9881      3.930    32.5863    24.5091 -9.990e-29
 224.624306      3.967  38.495751    13.0769     6.9841      3.934    32.5874    24.5094 -9.990e-29
 224.624311      3.973  38.499972    13.0794     6.9677      3.940    32.5892    24.5103 -9.990e-29
 224.624317      3.986  38.500689    13.0789     6.9448      3.953    32.5903    24.5113 -9.990e-29
 224.624323      4.003  38.496059    13.0775     6.9304      3.970    32.5872    24.5091 -9.990e-29
 224.624329      4.016  38.491685    13.0801     6.9557      3.982    32.5808    24.5037 -9.990e-29
 224.624334      4.023  38.495747    13.0875     6.9922      3.989    32.5783    24.5002 -9.990e-29
 224.624340      4.023  38.505255    13.0943     6.9962      3.989    32.5814    24.5013 -9.990e-29
 224.624346      4.020  38.511585    13.0928     6.9782      3.986    32.5886    24.5072 -9.990e-29
 224.624352      4.019  38.506365    13.0845     6.9543      3.985    32.5909    24.5106 -9.990e-29
 224.624358      4.016  38.493849    13.0855     6.9681      3.982    32.5782    24.5006 -9.990e-29
 224.624363      4.005  38.496031    13.1040     7.0233      3.972    32.5644    24.4862 -9.990e-29
 224.624369      3.987  38.516378    13.1278     7.0578      3.954    32.5631    24.4806 -9.990e-29
 224.624375      3.969  38.537735    13.1440     7.0862      3.936    32.5693    24.4822 -9.990e-29
 224.624381      3.961  38.549343    13.1485     7.0537      3.928    32.5764    24.4868 -9.990e-29
 224.624387      3.961  38.545388    13.1466     6.9919      3.928    32.5743    24.4855 -9.990e-29
 224.624392      3.949  38.537417    13.1493     6.9623      3.916    32.5645    24.4774 -9.990e-29
 224.624398      3.918  38.542831    13.1595     6.9635      3.885    32.5609    24.4725 -9.990e-29
 224.624404      3.878  38.553714    13.1716     7.0012      3.846    32.5607    24.4701 -9.990e-29
 224.624410      3.852  38.563278    13.1771     7.0430      3.820    32.5650    24.4723 -9.990e-29
 224.624416      3.851  38.570824    13.1695     7.0529      3.819    32.5786    24.4843 -9.990e-29
 224.624421      3.867  38.565680    13.1554     7.0548      3.835    32.5859    24.4927 -9.990e-29
 224.624427      3.883  38.551639    13.1528     7.0557      3.851    32.5749    24.4847 -9.990e-29
 224.624433      3.884  38.548662    13.1653     7.0407      3.852    32.5614    24.4718 -9.990e-29
 224.624439      3.865  38.559501    13.1788     7.0263      3.833    32.5600    24.4681 -9.990e-29
 224.624444      3.842  38.571700    13.1829     7.0344      3.810    32.5680    24.4734 -9.990e-29
 224.624450      3.831  38.576866    13.1779     7.0475      3.799    32.5771    24.4815 -9.990e-29
 224.624456      3.832  38.572361    13.1735     7.0687      3.800    32.5767    24.4820 -9.990e-29
 224.624462      3.834  38.568441    13.1762     7.0816      3.802    32.5707    24.4768 -9.990e-29
 224.624468      3.836  38.572771    13.1831     7.0387      3.804    32.5688    24.4740 -9.990e-29
 224.624473      3.836  38.579912    13.1902     7.0328      3.804    32.5694    24.4731 -9.990e-29
 224.624479      3.839  38.585936    13.1951     7.0327      3.807    32.5709    24.4733 -9.990e-29
 224.624485      3.853  38.589347    13.1968     7.0516      3.821    32.5726    24.4743 -9.990e-29
 224.624491      3.880  38.591334    13.1967     7.0910      3.848    32.5746    24.4758 -9.990e-29
 224.624497      3.912  38.593987    13.1970     7.1053      3.879    32.5768    24.4775 -9.990e-29
 224.624502      3.944  38.595239    13.1987     7.1056      3.911    32.5765    24.4769 -9.990e-29
 224.624508      3.969  38.593957    13.2022     7.0642      3.936    32.5723    24.4730 -9.990e-29
 224.624514      3.983  38.591798    13.2073     6.9882      3.950    32.5659    24.4670 -9.990e-29
 224.624520      3.997  38.592049    13.2130     6.9353      3.964    32.5612    24.4623 -9.990e-29
 224.624525      4.020  38.596171    13.2169     6.9223      3.986    32.5618    24.4619 -9.990e-29
 224.624531      4.048  38.598449    13.2153     6.9405      4.014    32.5653    24.4649 -9.990e-29
 224.624537      4.081  38.594076    13.2051     6.9662      4.047    32.5699    24.4705 -9.990e-29
 224.624543      4.114  38.580587    13.1854     6.9694      4.080    32.5741    24.4777 -9.990e-29
 224.624549      4.147  38.557376    13.1598     6.9684      4.112    32.5742    24.4828 -9.990e-29
 224.624554      4.176  38.534421    13.1419     6.9938      4.141    32.5679    24.4815 -9.990e-29
 224.624560      4.196  38.524277    13.1444     7.0337      4.161    32.5562    24.4720 -9.990e-29
 224.624566      4.203  38.531913    13.1601     7.0519      4.168    32.5499    24.4640 -9.990e-29
 224.624572      4.203  38.547886    13.1706     7.0475      4.168    32.5560    24.4666 -9.990e-29
 224.624578      4.202  38.554819    13.1686     7.0069      4.167    32.5642    24.4734 -9.990e-29
 224.624583      4.203  38.551310    13.1620     6.9665      4.168    32.5666    24.4765 -9.990e-29
 224.624589      4.195  38.549503    13.1616     6.9219      4.160    32.5652    24.4755 -9.990e-29
 224.624595      4.178  38.554837    13.1659     6.8976      4.143    32.5666    24.4757 -9.990e-29
 224.624601      4.161  38.560968    13.1641     6.9009      4.126    32.5739    24.4817 -9.990e-29
 224.624606      4.150  38.559258    13.1519     6.9217      4.115    32.5827    24.4910 -9.990e-29
 224.624612      4.154  38.548551    13.1335     6.9656      4.119    32.5885    24.4991 -9.990e-29
 224.624618      4.172  38.534754    13.1120     6.9947      4.137    32.5939    24.5075 -9.990e-29
 224.624624      4.196  38.519654    13.0878     6.9833      4.161    32.6005    24.5174 -9.990e-29
 224.624630      4.221  38.501614    13.0667     6.9523      4.186    32.6016    24.5224 -9.990e-29
 224.624635      4.239  38.487971    13.0593     6.9363      4.204    32.5951    24.5188 -9.990e-29
 224.624641      4.248  38.489119    13.0705     6.9563      4.213    32.5865    24.5100 -9.990e-29
 224.624647      4.246  38.504343    13.0939     6.9795      4.211    32.5808    24.5009 -9.990e-29
 224.624653      4.240  38.521427    13.1140     6.9982      4.205    32.5796    24.4961 -9.990e-29
 224.624659      4.236  38.530082    13.1159     6.9836      4.201    32.5861    24.5007 -9.990e-29
 224.624664      4.235  38.521674    13.0991     6.9274      4.200    32.5927    24.5091 -9.990e-29
 224.624670      4.228  38.498455    13.0866     6.9022      4.193    32.5815    24.5029 -9.990e-29
 224.624676      4.210  38.491132    13.0981     6.9076      4.175    32.5647    24.4877 -9.990e-29
 224.624682      4.185  38.511237    13.1194     6.9293      4.150    32.5654    24.4840 -9.990e-29
 224.624687      4.163  38.531198    13.1284     6.9597      4.128    32.5765    24.4908 -9.990e-29
 224.624693      4.156  38.536715    13.1182     6.9707      4.121    32.5904    24.5036 -9.990e-29
 224.624699      4.164  38.525621    13.0948     6.9460      4.129    32.6001    24.5157 -9.990e-29
 224.624705      4.175  38.500507    13.0795     6.9386      4.140    32.5896    24.5106 -9.990e-29
 224.624711      4.175  38.486748    13.0877     6.9455      4.140    32.5695    24.4935 -9.990e-29
 224.624716      4.161  38.498508    13.1069     6.9630      4.126    32.5642    24.4855 -9.990e-29
 224.624722      4.142  38.518948    13.1162     6.9940      4.107    32.5754    24.4924 -9.990e-29
 224.624728      4.131  38.527117    13.1050     7.0080      4.096    32.5928    24.5080 -9.990e-29
 224.624734      4.138  38.511491    13.0793     7.0106      4.103    32.6001    24.5188 -9.990e-29
 224.624740      4.154  38.484876    13.0622     7.0199      4.119    32.5897    24.5141 -9.990e-29
 224.624745      4.164  38.476812    13.0644     7.0308      4.129    32.5802    24.5063 -9.990e-29
 224.624751      4.162  38.488873    13.0769     7.0036      4.127    32.5808    24.5043 -9.990e-29
 224.624757      4.159  38.505187    13.0905     6.9619      4.124    32.5845    24.5045 -9.990e-29
 224.624763      4.158  38.517797    13.1009     6.9217      4.123    32.5875    24.5047 -9.990e-29
 224.624769      4.158  38.522220    13.1088     6.9115      4.123    32.5849    24.5012 -9.990e-29
 224.624774      4.161  38.524358    13.1159     6.9436      4.126    32.5808    24.4966 -9.990e-29
 224.624780      4.166  38.528745    13.1181     6.9948      4.131    32.5830    24.4979 -9.990e-29
 224.624786      4.177  38.528341    13.1069     7.0328      4.142    32.5923    24.5072 -9.990e-29
 224.624792      4.201  38.514763    13.0840     7.0353      4.166    32.5991    24.5171 -9.990e-29
 224.624797      4.229  38.494577    13.0706     7.0027      4.194    32.5916    24.5139 -9.990e-29
 224.624803      4.246  38.489637    13.0805     6.9643      4.211    32.5784    24.5018 -9.990e-29
 224.624809      4.245  38.504003    13.1029     6.9291      4.210    32.5727    24.4929 -9.990e-29
 224.624815      4.234  38.520389    13.1219     6.8897      4.199    32.5719    24.4885 -9.990e-29
 224.624821      4.226  38.528133    13.1287     6.8476      4.191    32.5733    24.4883 -9.990e-29
 224.624826      4.225  38.525238    13.1194     6.8364      4.190    32.5786    24.4942 -9.990e-29
 224.624832      4.229  38.511772    13.0998     6.8621      4.194    32.5827    24.5013 -9.990e-29
 224.624838      4.240  38.495574    13.0799     6.9134      4.205    32.5845    24.5066 -9.990e-29
 224.624844      4.258  38.483635    13.0579     6.9513      4.222    32.5922    24.5169 -9.990e-29
 224.624850      4.285  38.471805    13.0269     6.9420      4.249    32.6077    24.5349 -9.990e-29
 224.624855      4.317  38.452718    12.9957     6.9030      4.281    32.6165    24.5479 -9.990e-29
 224.624861      4.344  38.432316    12.9907     6.8685      4.308    32.6015    24.5373 -9.990e-29
 224.624867      4.355  38.434404    13.0223     6.8733      4.319    32.5763    24.5116 -9.990e-29
 224.624873      4.351  38.460076    13.0630     6.8821      4.315    32.5655    24.4952 -9.990e-29
 224.624878      4.339  38.480775    13.0809     6.8919      4.303    32.5697    24.4949 -9.990e-29
 224.624884      4.328  38.482630    13.0660     6.8975      4.292    32.5842    24.5091 -9.990e-29
 224.624890      4.326  38.467566    13.0330     6.8879      4.290    32.5984    24.5266 -9.990e-29
 224.624896      4.331  38.446335    13.0124     6.8904      4.295    32.5961    24.5288 -9.990e-29
 224.624902      4.337  38.438838    13.0152     6.8888      4.301    32.5866    24.5209 -9.990e-29
 224.624907      4.339  38.446282    13.0252     6.8728      4.303    32.5850    24.5177 -9.990e-29
 224.624913      4.338  38.453922    13.0273     6.8710      4.302    32.5904    24.5215 -9.990e-29
