data/oxygen options/ONMS/Olympic_Coast_National_Marine_Sanctuary_CTD_Data_2005_2023/raw_data/2009/CTD_KL050_081209faed.cnv
* Sea-Bird SBE19 Data File:
* FileName = C:\2009_MOORING_DATA\081109_DATA\CTD_KL50_081209.hex
* Software Version 1.24
* Temperature SN = 2997
* Conductivity SN = 2997
* System UpLoad Time = Aug 12 2009 13:10:39
* SEACAT PROFILER V3.1c SN 2997   08/12/09  13:09:47.349
* strain gauge pressure sensor: S/N = 184829,  range = 3000 psia,  tc = 40
# nquan = 9                                 
# nvalues = 616                         
# units = specified
# name 0 = timeJ: Julian Days
# name 1 = prSM: Pressure, Strain Gauge [db]
# name 2 = c0mS/cm: Conductivity [mS/cm]
# name 3 = t090C: Temperature [ITS-90, deg C]
# name 4 = sbeox0ML/L: Oxygen, SBE 43 [ml/l]
# name 5 = depSM: Depth [salt water, m], lat = 47.5
# name 6 = sal00: Salinity, Practical [PSU]
# name 7 = sigma-é00: Density [sigma-theta, kg/m^3]
# name 8 = flag: flag
# span 0 = 224.429502, 224.433061       
# span 1 =     -2.518,     49.697       
# span 2 =  34.295629,  39.264411       
# span 3 =     7.1777,    13.9167       
# span 4 =    -1.3585,    18.2772       
# span 5 =     -2.497,     49.276       
# span 6 =    32.0703,    33.7395       
# span 7 =    24.0815,    26.4016       
# span 8 = 0.0000e+00, 0.0000e+00       
# interval = seconds: 0.5
# start_time = Aug 12 2009 10:18:29 [Instrument's time stamp, header]
# bad_flag = -9.990e-29
*END*
[from data line 321]
 224.431360      3.166  39.077363    13.8961     7.0754      3.140    32.4329    24.2254 -9.990e-29
 224.431366      3.157  39.078434    13.8963     7.1042      3.131    32.4337    24.2260 -9.990e-29
 224.431372      3.151  39.079150    13.8960     7.1217      3.125    32.4347    24.2268 -9.990e-29
 224.431377      3.151  39.078754    13.8954     7.1085      3.125    32.4348    24.2270 -9.990e-29
 224.431383      3.157  39.077805    13.8950     7.0876      3.131    32.4343    24.2267 -9.990e-29
 224.431389      3.166  39.077805    13.8951     7.0673      3.140    32.4342    24.2266 -9.990e-29
 224.431395      3.169  39.078721    13.8953     7.0566      3.143    32.4348    24.2271 -9.990e-29
 224.431400      3.168  39.079499    13.8955     7.0763      3.142    32.4354    24.2274 -9.990e-29
 224.431406      3.169  39.080021    13.8959     7.0851      3.143    32.4355    24.2275 -9.990e-29
 224.431412      3.178  39.080390    13.8959     7.0708      3.151    32.4359    24.2277 -9.990e-29
 224.431418      3.191  39.079944    13.8953     7.0210      3.164    32.4360    24.2279 -9.990e-29
 224.431424      3.200  39.078613    13.8951     7.0033      3.173    32.4349    24.2271 -9.990e-29
 224.431429      3.198  39.077952    13.8955     7.0267      3.171    32.4340    24.2263 -9.990e-29
 224.431435      3.179  39.078727    13.8954     7.0773      3.152    32.4348    24.2270 -9.990e-29
 224.431441      3.155  39.079135    13.8944     7.0999      3.129    32.4360    24.2281 -9.990e-29
 224.431447      3.147  39.078007    13.8927     7.1125      3.121    32.4364    24.2288 -9.990e-29
 224.431453      3.158  39.076048    13.8900     7.1074      3.132    32.4369    24.2297 -9.990e-29
 224.431458      3.176  39.073417    13.8870     7.0536      3.149    32.4370    24.2304 -9.990e-29
 224.431464      3.184  39.071057    13.8861     7.0344      3.157    32.4355    24.2295 -9.990e-29
 224.431470      3.171  39.070831    13.8873     7.0468      3.145    32.4343    24.2283 -9.990e-29
 224.431476      3.141  39.072401    13.8889     7.0797      3.115    32.4344    24.2280 -9.990e-29
 224.431481      3.111  39.073904    13.8900     7.1205      3.085    32.4349    24.2282 -9.990e-29
 224.431487      3.099  39.074509    13.8906     7.1203      3.073    32.4350    24.2281 -9.990e-29
 224.431493      3.107  39.074990    13.8910     7.0649      3.081    32.4351    24.2281 -9.990e-29
 224.431499      3.127  39.075957    13.8917     7.0490      3.101    32.4353    24.2282 -9.990e-29
 224.431505      3.143  39.076982    13.8925     7.0507      3.117    32.4356    24.2282 -9.990e-29
 224.431510      3.148  39.077716    13.8933     7.0869      3.122    32.4356    24.2281 -9.990e-29
 224.431516      3.147  39.078541    13.8944     7.1171      3.121    32.4355    24.2277 -9.990e-29
 224.431522      3.147  39.079967    13.8959     7.0633      3.121    32.4355    24.2274 -9.990e-29
 224.431528      3.149  39.082180    13.8977     7.0097      3.123    32.4360    24.2275 -9.990e-29
 224.431534      3.145  39.084732    13.8994     7.0005      3.119    32.4370    24.2278 -9.990e-29
 224.431539      3.130  39.086507    13.9003     7.0455      3.104    32.4378    24.2283 -9.990e-29
 224.431545      3.107  39.087038    13.9005     7.1120      3.081    32.4382    24.2286 -9.990e-29
 224.431551      3.087  39.086998    13.9007     7.1310      3.061    32.4380    24.2284 -9.990e-29
 224.431557      3.083  39.086861    13.9010     7.1107      3.057    32.4376    24.2280 -9.990e-29
 224.431563      3.094  39.086975    13.9017     7.0937      3.068    32.4371    24.2275 -9.990e-29
 224.431568      3.111  39.087457    13.9023     7.0836      3.085    32.4370    24.2273 -9.990e-29
 224.431574      3.129  39.087795    13.9025     7.0917      3.103    32.4372    24.2274 -9.990e-29
 224.431580      3.143  39.087844    13.9022     7.0946      3.117    32.4375    24.2277 -9.990e-29
 224.431586      3.158  39.087077    13.9008     7.0662      3.132    32.4379    24.2283 -9.990e-29
 224.431591      3.181  39.084437    13.8985     7.0577      3.154    32.4374    24.2284 -9.990e-29
 224.431597      3.207  39.080296    13.8963     7.0669      3.180    32.4354    24.2273 -9.990e-29
 224.431603      3.231  39.076944    13.8947     7.0900      3.204    32.4337    24.2263 -9.990e-29
 224.431609      3.253  39.074923    13.8929     7.1123      3.226    32.4333    24.2264 -9.990e-29
 224.431615      3.284  39.072445    13.8898     7.0978      3.257    32.4336    24.2273 -9.990e-29
 224.431620      3.326  39.069534    13.8854     7.0912      3.298    32.4347    24.2289 -9.990e-29
 224.431626      3.368  39.068197    13.8823     7.0785      3.340    32.4360    24.2306 -9.990e-29
 224.431632      3.400  39.069308    13.8818     7.0770      3.372    32.4375    24.2318 -9.990e-29
 224.431638      3.420  39.071221    13.8829     7.0943      3.391    32.4383    24.2323 -9.990e-29
 224.431644      3.429  39.072440    13.8843     7.1020      3.400    32.4382    24.2319 -9.990e-29
 224.431649      3.433  39.072786    13.8845     7.1068      3.404    32.4384    24.2320 -9.990e-29
 224.431655      3.439  39.072599    13.8830     7.0909      3.410    32.4395    24.2332 -9.990e-29
 224.431661      3.448  39.071505    13.8812     7.0793      3.419    32.4400    24.2339 -9.990e-29
 224.431667      3.453  39.070168    13.8807     7.0948      3.424    32.4392    24.2334 -9.990e-29
 224.431672      3.454  39.070605    13.8814     7.1091      3.425    32.4390    24.2331 -9.990e-29
 224.431678      3.459  39.071595    13.8821     7.1231      3.430    32.4393    24.2332 -9.990e-29
 224.431684      3.473  39.072091    13.8828     7.1137      3.444    32.4392    24.2330 -9.990e-29
 224.431690      3.493  39.073193    13.8838     7.1006      3.464    32.4393    24.2329 -9.990e-29
 224.431696      3.510  39.074566    13.8848     7.0833      3.481    32.4397    24.2330 -9.990e-29
 224.431701      3.523  39.075116    13.8853     7.0847      3.494    32.4398    24.2330 -9.990e-29
 224.431707      3.531  39.075453    13.8858     7.1018      3.502    32.4397    24.2328 -9.990e-29
 224.431713      3.536  39.077024    13.8873     7.1018      3.506    32.4399    24.2326 -9.990e-29
 224.431719      3.542  39.079558    13.8894     7.1113      3.512    32.4405    24.2326 -9.990e-29
 224.431725      3.553  39.081828    13.8910     7.1001      3.523    32.4412    24.2329 -9.990e-29
 224.431730      3.562  39.083372    13.8919     7.0937      3.532    32.4419    24.2332 -9.990e-29
 224.431736      3.561  39.083886    13.8924     7.0953      3.531    32.4419    24.2331 -9.990e-29
 224.431742      3.554  39.083370    13.8927     7.1127      3.524    32.4412    24.2325 -9.990e-29
 224.431748      3.548  39.083258    13.8935     7.1143      3.518    32.4404    24.2317 -9.990e-29
 224.431753      3.553  39.084399    13.8952     7.0999      3.523    32.4400    24.2311 -9.990e-29
 224.431759      3.569  39.085950    13.8970     7.0919      3.539    32.4399    24.2307 -9.990e-29
 224.431765      3.588  39.087054    13.8980     7.0909      3.558    32.4401    24.2306 -9.990e-29
 224.431771      3.607  39.087378    13.8980     7.0928      3.577    32.4404    24.2308 -9.990e-29
 224.431777      3.626  39.087230    13.8976     7.0993      3.596    32.4406    24.2310 -9.990e-29
 224.431782      3.653  39.087412    13.8977     7.1112      3.622    32.4407    24.2311 -9.990e-29
 224.431788      3.696  39.088045    13.8982     7.1269      3.665    32.4408    24.2311 -9.990e-29
 224.431794      3.759  39.088730    13.8984     7.1082      3.728    32.4413    24.2314 -9.990e-29
 224.431800      3.837  39.089134    13.8985     7.0572      3.805    32.4415    24.2316 -9.990e-29
 224.431806      3.930  39.089114    13.8983     7.0274      3.897    32.4416    24.2317 -9.990e-29
 224.431811      4.050  39.089080    13.8976     7.0464      4.016    32.4421    24.2322 -9.990e-29
 224.431817      4.212  39.088865    13.8963     7.0783      4.177    32.4430    24.2332 0.0000e+00
 224.431823      4.426  39.087498    13.8937     7.0614      4.389    32.4438    24.2344 0.0000e+00
 224.431829      4.694  39.084716    13.8895     6.9574      4.655    32.4447    24.2359 0.0000e+00
 224.431834      5.006  39.080611    13.8843     6.8096      4.964    32.4452    24.2373 0.0000e+00
 224.431840      5.344  39.074070    13.8764     6.6611      5.299    32.4457    24.2393 0.0000e+00
 224.431846      5.695  39.062410    13.8606     6.5231      5.647    32.4481    24.2445 0.0000e+00
 224.431852      6.056  39.042854    13.8195     6.3636      6.005    32.4646    24.2656 0.0000e+00
 224.431858      6.428  38.998174    13.7157     6.0869      6.374    32.5110    24.3226 0.0000e+00
 224.431863      6.818  38.887170    13.5197     5.6735      6.761    32.5743    24.4111 0.0000e+00
 224.431869      7.229  38.694583    13.2559     5.2274      7.169    32.6195    24.4989 0.0000e+00
 224.431875      7.657  38.467913    12.9846     4.8366      7.593    32.6391    24.5676 0.0000e+00
 224.431881      8.096  38.261883    12.7361     4.5344      8.028    32.6583    24.6310 0.0000e+00
 224.431887      8.543  38.089193    12.4946     4.2410      8.472    32.7031    24.7123 0.0000e+00
 224.431892      8.997  37.927391    12.2373     3.9533      8.922    32.7724    24.8150 0.0000e+00
 224.431898      9.456  37.757335    11.9482     3.6756      9.377    32.8621    24.9389 0.0000e+00
 224.431904      9.925  37.552801    11.5971     3.3820      9.842    32.9739    25.0907 0.0000e+00
 224.431910     10.406  37.258959    11.1896     3.0743     10.319    33.0494    25.2232 0.0000e+00
 224.431916     10.906  36.914878    10.8001     2.7042     10.815    33.0587    25.2995 0.0000e+00
 224.431921     11.425  36.630490    10.4697     2.3105     11.329    33.0734    25.3684 0.0000e+00
 224.431927     11.963  36.410890    10.1675     1.9493     11.863    33.1273    25.4619 0.0000e+00
 224.431933     12.516  36.199030     9.8795     1.6878     12.411    33.1761    25.5483 0.0000e+00
 224.431939     13.075  35.991341     9.6328     1.5483     12.965    33.1911    25.6007 0.0000e+00
 224.431944     13.638  35.812789     9.4234     1.4682     13.524    33.2012    25.6426 0.0000e+00
 224.431950     14.206  35.649288     9.2284     1.4237     14.087    33.2132    25.6833 0.0000e+00
 224.431956     14.777  35.478245     9.0361     1.3885     14.653    33.2147    25.7149 0.0000e+00
 224.431962     15.344  35.312960     8.8339     1.3724     15.215    33.2312    25.7594 0.0000e+00
 224.431968     15.909  35.177772     8.6380     1.4175     15.776    33.2733    25.8226 0.0000e+00
 224.431973     16.478  35.074947     8.4621     1.5278     16.340    33.3307    25.8944 0.0000e+00
 224.431979     17.054  34.983220     8.3037     1.6681     16.911    33.3835    25.9597 0.0000e+00
 224.431985     17.637  34.895005     8.1670     1.7983     17.489    33.4196    26.0084 0.0000e+00
 224.431991     18.227  34.815244     8.0411     1.8993     18.074    33.4545    26.0544 0.0000e+00
 224.431997     18.823  34.734378     7.9179     1.9803     18.665    33.4857    26.0969 0.0000e+00
 224.432002     19.429  34.649224     7.8143     2.0236     19.266    33.4936    26.1182 0.0000e+00
 224.432008     20.044  34.579455     7.7433     2.0372     19.876    33.4865    26.1229 0.0000e+00
 224.432014     20.665  34.541164     7.6922     2.0214     20.492    33.4942    26.1363 0.0000e+00
 224.432020     21.292  34.524064     7.6475     1.9957     21.113    33.5185    26.1618 0.0000e+00
 224.432025     21.932  34.505796     7.6178     1.9875     21.748    33.5271    26.1728 0.0000e+00
 224.432031     22.585  34.480933     7.6122     2.0233     22.395    33.5054    26.1565 0.0000e+00
 224.432037     23.252  34.461027     7.6172     2.0605     23.057    33.4788    26.1349 0.0000e+00
 224.432043     23.932  34.449112     7.6190     2.1383     23.731    33.4639    26.1229 0.0000e+00
 224.432049     24.621  34.440954     7.6210     2.2469     24.414    33.4528    26.1140 0.0000e+00
 224.432054     25.315  34.439014     7.6239     2.3862     25.102    33.4476    26.1095 0.0000e+00
 224.432060     26.016  34.446197     7.6225     2.5277     25.797    33.4563    26.1166 0.0000e+00
 224.432066     26.721  34.453479     7.6213     2.6124     26.496    33.4650    26.1236 0.0000e+00
 224.432072     27.428  34.453652     7.6206     2.6458     27.197    33.4655    26.1241 0.0000e+00
 224.432078     28.140  34.456359     7.6087     2.6173     27.903    33.4796    26.1368 0.0000e+00
 224.432083     28.854  34.463417     7.5865     2.5594     28.611    33.5083    26.1625 0.0000e+00
 224.432089     29.568  34.467877     7.5638     2.4474     29.319    33.5346    26.1865 0.0000e+00
 224.432095     30.286  34.471093     7.5448     2.2933     30.031    33.5561    26.2061 0.0000e+00
 224.432101     31.005  34.474433     7.5285     2.0888     30.744    33.5752    26.2234 0.0000e+00
 224.432106     31.720  34.476633     7.5140     1.8714     31.453    33.5912    26.2381 0.0000e+00
 224.432112     32.430  34.476031     7.5054     1.7005     32.157    33.5986    26.2451 0.0000e+00
 224.432118     33.137  34.470589     7.4991     1.6091     32.858    33.5984    26.2459 0.0000e+00
 224.432124     33.843  34.458542     7.4845     1.5490     33.558    33.5992    26.2486 0.0000e+00
 224.432130     34.550  34.442201     7.4588     1.4598     34.259    33.6061    26.2576 0.0000e+00
 224.432135     35.255  34.422638     7.4283     1.2945     34.958    33.6141    26.2682 0.0000e+00
 224.432141     35.957  34.399430     7.4077     1.1103     35.654    33.6085    26.2668 0.0000e+00
 224.432147     36.658  34.385216     7.3984     0.9705     36.349    33.6018    26.2628 0.0000e+00
 224.432153     37.355  34.383338     7.3758     0.9046     37.040    33.6214    26.2814 0.0000e+00
 224.432159     38.044  34.374368     7.3235     0.9017     37.723    33.6621    26.3207 0.0000e+00
 224.432164     38.727  34.352400     7.2599     0.9391     38.400    33.6998    26.3593 0.0000e+00
 224.432170     39.406  34.332292     7.2147     0.9689     39.073    33.7217    26.3828 0.0000e+00
 224.432176     40.079  34.321847     7.1932     1.0055     39.741    33.7310    26.3931 0.0000e+00
 224.432182     40.747  34.318221     7.1848     1.0503     40.403    33.7349    26.3973 0.0000e+00
 224.432188     41.410  34.318142     7.1819     1.0777     41.060    33.7373    26.3997 0.0000e+00
 224.432193     42.067  34.319150     7.1810     1.0952     41.712    33.7390    26.4011 0.0000e+00
 224.432199     42.721  34.319677     7.1807     1.1110     42.360    33.7395    26.4016 0.0000e+00
 224.432205     43.376  34.319756     7.1818     1.1277     43.009    33.7382    26.4004 0.0000e+00
 224.432211     44.029  34.320500     7.1852     1.1300     43.657    33.7354    26.3977 0.0000e+00
 224.432216     44.680  34.321670     7.1903     1.1453     44.302    33.7314    26.3939 0.0000e+00
 224.432222     45.324  34.321914     7.1956     1.1506     44.941    33.7261    26.3890 0.0000e+00
 224.432228     45.953  34.321446     7.1998     1.1560     45.564    33.7212    26.3846 0.0000e+00
 224.432234     46.561  34.321215     7.2024     1.1467     46.167    33.7181    26.3818 0.0000e+00
 224.432240     47.135  34.320801     7.2028     1.1517     46.736    33.7170    26.3809 0.0000e+00
 224.432245     47.665  34.320103     7.2000     1.1496     47.262    33.7187    26.3826 0.0000e+00
 224.432251     48.141  34.319758     7.1950     1.1388     47.734    33.7230    26.3867 0.0000e+00
 224.432257     48.543  34.319758     7.1889     1.1427     48.132    33.7288    26.3921 0.0000e+00
 224.432263     48.853  34.319991     7.1836     1.1368     48.440    33.7341    26.3969 0.0000e+00
 224.432269     49.086  34.319535     7.1808     1.1261     48.671    33.7362    26.3990 0.0000e+00
 224.432274     49.266  34.318233     7.1799     1.1361     48.849    33.7356    26.3986 0.0000e+00
