data/oxygen options/ONMS/Olympic_Coast_National_Marine_Sanctuary_CTD_Data_2005_2023/raw_data/2009/CTD_KL015_060209faed.cnv
* Sea-Bird SBE19 Data File:
* FileName = C:\2009_MOORING_DATA\CTD_KL015_060209.hex
* Software Version 1.59
* Temperature SN = 2997
* Conductivity SN = 2997
* System UpLoad Time = Jun 02 2009 15:04:59
* ds
* SEACAT PROFILER V3.1c SN 2997   06/02/09  15:04:36.575
# nquan = 9                                 
# nvalues = 6438                        
# units = specified
# name 0 = timeJ: Julian Days
# name 1 = prSM: Pressure, Strain Gauge [db]
# name 2 = c0mS/cm: Conductivity [mS/cm]
# name 3 = t090C: Temperature [ITS-90, deg C]
# name 4 = sbeox0ML/L: Oxygen, SBE 43 [ml/l]
# name 5 = depSM: Depth [salt water, m], lat = 47.5
# name 6 = sal00: Salinity, Practical [PSU]
# name 7 = sigma-é00: Density [sigma-theta, kg/m^3]
# name 8 = flag: flag
# span 0 = 153.453171, 153.490422       
# span 1 =     -5.281,     16.066       
# span 2 =  -0.000837,  37.892937       
# span 3 =     7.6668,    15.2063       
# span 4 =   -17.6238,    24.1697       
# span 5 =     -5.237,     15.931       
# span 6 =     0.0000,    33.4443       
# span 7 =    -0.9304,    26.0953       
# span 8 = 0.0000e+00, 0.0000e+00       
# interval = seconds: 0.5
# start_time = Jun 02 2009 10:52:34 [Instrument's time stamp, header]
# bad_flag = -9.990e-29
*END*
[from data line 6081]
 153.488362      0.931  -0.000643    13.0504    -1.6889      0.923     0.0000    -0.6276 -9.990e-29
 153.488368      0.924  -0.000642    13.0496    -1.6890      0.916     0.0000    -0.6275 -9.990e-29
 153.488374      0.919  -0.000642    13.0488    -1.6892      0.911     0.0000    -0.6274 -9.990e-29
 153.488380      0.915  -0.000641    13.0479    -1.6890      0.907     0.0000    -0.6273 -9.990e-29
 153.488385      0.913  -0.000641    13.0467    -1.6890      0.905     0.0000    -0.6271 -9.990e-29
 153.488391      0.911  -0.000641    13.0453    -1.6891      0.903     0.0000    -0.6269 -9.990e-29
 153.488397      0.911  -0.000640    13.0439    -1.6890      0.903     0.0000    -0.6267 -9.990e-29
 153.488403      0.911  -0.000639    13.0425    -1.6888      0.903     0.0000    -0.6266 -9.990e-29
 153.488409      0.913  -0.000639    13.0408    -1.6888      0.905     0.0000    -0.6264 -9.990e-29
 153.488414      0.916  -0.000639    13.0392    -1.6888      0.908     0.0000    -0.6262 -9.990e-29
 153.488420      0.920  -0.000638    13.0375    -1.6888      0.912     0.0000    -0.6259 -9.990e-29
 153.488426      0.926  -0.000638    13.0361    -1.6887      0.918     0.0000    -0.6258 -9.990e-29
 153.488432      0.929  -0.000637    13.0359    -1.6888      0.921     0.0000    -0.6257 -9.990e-29
 153.488438      0.926  -0.000637    13.0363    -1.6888      0.918     0.0000    -0.6258 -9.990e-29
 153.488443      0.921  -0.000637    13.0370    -1.6888      0.913     0.0000    -0.6259 -9.990e-29
 153.488449      0.917  -0.000636    13.0389    -1.6887      0.909     0.0000    -0.6261 -9.990e-29
 153.488455      0.915  -0.000636    13.0413    -1.6887      0.907     0.0000    -0.6264 -9.990e-29
 153.488461      0.914  -0.000635    13.0430    -1.6887      0.906     0.0000    -0.6266 -9.990e-29
 153.488466      0.914  -0.000635    13.0437    -1.6887      0.906     0.0000    -0.6267 -9.990e-29
 153.488472      0.916  -0.000635    13.0442    -1.6888      0.908     0.0000    -0.6268 -9.990e-29
 153.488478      0.919  -0.000634    13.0443    -1.6889      0.911     0.0000    -0.6268 -9.990e-29
 153.488484      0.923  -0.000634    13.0441    -1.6889      0.915     0.0000    -0.6268 -9.990e-29
 153.488490      0.929  -0.000633    13.0440    -1.6887      0.921     0.0000    -0.6268 -9.990e-29
 153.488495      0.934  -0.000633    13.0446    -1.6887      0.926     0.0000    -0.6268 -9.990e-29
 153.488501      0.932  -0.000633    13.0454    -1.6887      0.924     0.0000    -0.6269 -9.990e-29
 153.488507      0.928  -0.000632    13.0457    -1.6886      0.920     0.0000    -0.6270 -9.990e-29
 153.488513      0.926  -0.000632    13.0454    -1.6885      0.918     0.0000    -0.6269 -9.990e-29
 153.488519      0.926  -0.000631    13.0447    -1.6887      0.918     0.0000    -0.6269 -9.990e-29
 153.488524      0.928  -0.000631    13.0433    -1.6887      0.920     0.0000    -0.6267 -9.990e-29
 153.488530      0.932  -0.000631    13.0422    -1.6887      0.924     0.0000    -0.6265 -9.990e-29
 153.488536      0.939  -0.000630    13.0426    -1.6888      0.931     0.0000    -0.6266 -9.990e-29
 153.488542      0.944  -0.000630    13.0441    -1.6887      0.936     0.0000    -0.6268 -9.990e-29
 153.488547      0.943  -0.000629    13.0455    -1.6888      0.935     0.0000    -0.6270 -9.990e-29
 153.488553      0.941  -0.000629    13.0466    -1.6888      0.933     0.0000    -0.6271 -9.990e-29
 153.488559      0.938  -0.000629    13.0478    -1.6888      0.930     0.0000    -0.6272 -9.990e-29
 153.488565      0.930  -0.000628    13.0483    -1.6888      0.922     0.0000    -0.6273 -9.990e-29
 153.488571      0.919  -0.000628    13.0477    -1.6889      0.911     0.0000    -0.6272 -9.990e-29
 153.488576      0.909  -0.000627    13.0467    -1.6888      0.901     0.0000    -0.6271 -9.990e-29
 153.488582      0.901  -0.000627    13.0456    -1.6889      0.893     0.0000    -0.6270 -9.990e-29
 153.488588      0.893  -0.000627    13.0447    -1.6888      0.886     0.0000    -0.6269 -9.990e-29
 153.488594      0.885  -0.000626    13.0443    -1.6888      0.878     0.0000    -0.6268 -9.990e-29
 153.488600      0.880  -0.000626    13.0438    -1.6888      0.873     0.0000    -0.6267 -9.990e-29
 153.488605      0.883  -0.000625    13.0434    -1.6887      0.876     0.0000    -0.6267 -9.990e-29
 153.488611      0.890  -0.000625    13.0432    -1.6886      0.883     0.0000    -0.6267 -9.990e-29
 153.488617      0.896  -0.000624    13.0426    -1.6884      0.889     0.0000    -0.6266 -9.990e-29
 153.488623      0.902  -0.000624    13.0419    -1.6884      0.894     0.0000    -0.6265 -9.990e-29
 153.488628      0.909  -0.000624    13.0419    -1.6884      0.901     0.0000    -0.6265 -9.990e-29
 153.488634      0.916  -0.000623    13.0422    -1.6884      0.908     0.0000    -0.6265 -9.990e-29
 153.488640      0.921  -0.000623    13.0428    -1.6884      0.913     0.0000    -0.6266 -9.990e-29
 153.488646      0.919  -0.000622    13.0439    -1.6884      0.911     0.0000    -0.6267 -9.990e-29
 153.488652      0.914  -0.000622    13.0453    -1.6884      0.906     0.0000    -0.6269 -9.990e-29
 153.488657      0.910  -0.000622    13.0471    -1.6883      0.902     0.0000    -0.6272 -9.990e-29
 153.488663      0.907  -0.000621    13.0494    -1.6883      0.899     0.0000    -0.6274 -9.990e-29
 153.488669      0.905  -0.000621    13.0520    -1.6883      0.897     0.0000    -0.6278 -9.990e-29
 153.488675      0.903  -0.000620    13.0537    -1.6884      0.895     0.0000    -0.6280 -9.990e-29
 153.488681      0.903  -0.000620    13.0541    -1.6884      0.895     0.0000    -0.6280 -9.990e-29
 153.488686      0.902  -0.000620    13.0541    -1.6884      0.894     0.0000    -0.6280 -9.990e-29
 153.488692      0.902  -0.000619    13.0541    -1.6885      0.894     0.0000    -0.6280 -9.990e-29
 153.488698      0.903  -0.000619    13.0543    -1.6885      0.895     0.0000    -0.6281 -9.990e-29
 153.488704      0.904  -0.000618    13.0551    -1.6886      0.896     0.0000    -0.6282 -9.990e-29
 153.488709      0.905  -0.000618    13.0562    -1.6886      0.897     0.0000    -0.6283 -9.990e-29
 153.488715      0.907  -0.000618    13.0569    -1.6885      0.899     0.0000    -0.6284 -9.990e-29
 153.488721      0.910  -0.000617    13.0565    -1.6887      0.902     0.0000    -0.6284 -9.990e-29
 153.488727      0.914  -0.000617    13.0557    -1.6888      0.906     0.0000    -0.6283 -9.990e-29
 153.488733      0.919  -0.000616    13.0550    -1.6888      0.911     0.0000    -0.6282 -9.990e-29
 153.488738      0.926  -0.000616    13.0543    -1.6887      0.918     0.0000    -0.6281 -9.990e-29
 153.488744      0.935  -0.000616    13.0534    -1.6885      0.927     0.0000    -0.6280 -9.990e-29
 153.488750      0.942  -0.000615    13.0522    -1.6888      0.934     0.0000    -0.6278 -9.990e-29
 153.488756      0.943  -0.000615    13.0513    -1.6887      0.935     0.0000    -0.6277 -9.990e-29
 153.488762      0.943  -0.000614    13.0509    -1.6886      0.935     0.0000    -0.6276 -9.990e-29
 153.488767      0.942  -0.000614    13.0499    -1.6886      0.934     0.0000    -0.6275 -9.990e-29
 153.488773      0.935  -0.000614    13.0479    -1.6887      0.927     0.0000    -0.6273 -9.990e-29
 153.488779      0.927  -0.000613    13.0459    -1.6887      0.919     0.0000    -0.6270 -9.990e-29
 153.488785      0.916  -0.000613    13.0452    -1.6887      0.908     0.0000    -0.6269 -9.990e-29
 153.488791      0.899  -0.000612    13.0455    -1.6887      0.891     0.0000    -0.6270 -9.990e-29
 153.488796      0.877  -0.000612    13.0458    -1.6887      0.870     0.0000    -0.6270 -9.990e-29
 153.488802      0.862  -0.000612    13.0459    -1.6886      0.855     0.0000    -0.6270 -9.990e-29
 153.488808      0.863  -0.000611    13.0469    -1.6886      0.856     0.0000    -0.6271 -9.990e-29
 153.488814      0.870  -0.000611    13.0483    -1.6885      0.863     0.0000    -0.6273 -9.990e-29
 153.488819      0.876  -0.000610    13.0486    -1.6883      0.869     0.0000    -0.6273 -9.990e-29
 153.488825      0.880  -0.000610    13.0480    -1.6882      0.873     0.0000    -0.6273 -9.990e-29
 153.488831      0.884  -0.000610    13.0475    -1.6880      0.877     0.0000    -0.6272 -9.990e-29
 153.488837      0.886  -0.000609    13.0473    -1.6880      0.879     0.0000    -0.6272 -9.990e-29
 153.488843      0.888  -0.000609    13.0472    -1.6880      0.881     0.0000    -0.6272 -9.990e-29
 153.488848      0.890  -0.000608    13.0479    -1.6880      0.883     0.0000    -0.6273 -9.990e-29
 153.488854      0.891  -0.000608    13.0495    -1.6881      0.884     0.0000    -0.6275 -9.990e-29
 153.488860      0.892  -0.000608    13.0514    -1.6881      0.885     0.0000    -0.6277 -9.990e-29
 153.488866      0.893  -0.000607    13.0542    -1.6879      0.886     0.0000    -0.6281 -9.990e-29
 153.488872      0.894  -0.000607    13.0578    -1.6879      0.887     0.0000    -0.6285 -9.990e-29
 153.488877      0.895  -0.000606    13.0612    -1.6879      0.888     0.0000    -0.6290 -9.990e-29
 153.488883      0.895  -0.000606    13.0640    -1.6879      0.888     0.0000    -0.6293 -9.990e-29
 153.488889      0.896  -0.000606    13.0655    -1.6879      0.889     0.0000    -0.6295 -9.990e-29
 153.488895      0.896  -0.000605    13.0656    -1.6880      0.889     0.0000    -0.6295 -9.990e-29
 153.488900      0.897  -0.000605    13.0652    -1.6882      0.890     0.0000    -0.6295 -9.990e-29
 153.488906      0.898  -0.000604    13.0649    -1.6882      0.891     0.0000    -0.6294 -9.990e-29
 153.488912      0.899  -0.000604    13.0656    -1.6881      0.891     0.0000    -0.6295 -9.990e-29
 153.488918      0.901  -0.000604    13.0672    -1.6883      0.893     0.0000    -0.6297 -9.990e-29
 153.488924      0.903  -0.000603    13.0684    -1.6882      0.895     0.0000    -0.6299 -9.990e-29
 153.488929      0.905  -0.000603    13.0686    -1.6882      0.897     0.0000    -0.6299 -9.990e-29
 153.488935      0.907  -0.000602    13.0682    -1.6882      0.899     0.0000    -0.6298 -9.990e-29
 153.488941      0.911  -0.000602    13.0674    -1.6882      0.903     0.0000    -0.6297 -9.990e-29
 153.488947      0.916  -0.000601    13.0658    -1.6883      0.908     0.0000    -0.6295 -9.990e-29
 153.488953      0.921  -0.000601    13.0640    -1.6882      0.913     0.0000    -0.6293 -9.990e-29
 153.488958      0.925  -0.000601    13.0627    -1.6881      0.917     0.0000    -0.6291 -9.990e-29
 153.488964      0.921  -0.000600    13.0618    -1.6881      0.913     0.0000    -0.6290 -9.990e-29
 153.488970      0.916  -0.000600    13.0611    -1.6880      0.908     0.0000    -0.6289 -9.990e-29
 153.488976      0.911  -0.000599    13.0610    -1.6881      0.903     0.0000    -0.6289 -9.990e-29
 153.488981      0.907  -0.000599    13.0611    -1.6881      0.899     0.0000    -0.6289 -9.990e-29
 153.488987      0.905  -0.000599    13.0606    -1.6880      0.897     0.0000    -0.6289 -9.990e-29
 153.488993      0.903  -0.000598    13.0597    -1.6882      0.895     0.0000    -0.6288 -9.990e-29
 153.488999      0.901  -0.000598    13.0596    -1.6882      0.893     0.0000    -0.6287 -9.990e-29
 153.489005      0.900  -0.000597    13.0611    -1.6883      0.892     0.0000    -0.6289 -9.990e-29
 153.489010      0.899  -0.000597    13.0630    -1.6884      0.891     0.0000    -0.6292 -9.990e-29
 153.489016      0.898  -0.000597    13.0641    -1.6884      0.891     0.0000    -0.6293 -9.990e-29
 153.489022      0.897  -0.000596    13.0647    -1.6885      0.890     0.0000    -0.6294 -9.990e-29
 153.489028      0.897  -0.000596    13.0648    -1.6885      0.890     0.0000    -0.6294 -9.990e-29
 153.489034      0.896  -0.000595    13.0646    -1.6885      0.889     0.0000    -0.6294 -9.990e-29
 153.489039      0.896  -0.000595    13.0637    -1.6885      0.889     0.0000    -0.6293 -9.990e-29
 153.489045      0.896  -0.000595    13.0615    -1.6886      0.889     0.0000    -0.6290 -9.990e-29
 153.489051      0.896  -0.000594    13.0591    -1.6886      0.889     0.0000    -0.6287 -9.990e-29
 153.489057      0.895  -0.000594    13.0572    -1.6887      0.888     0.0000    -0.6284 -9.990e-29
 153.489062      0.895  -0.000593    13.0557    -1.6888      0.888     0.0000    -0.6283 -9.990e-29
 153.489068      0.895  -0.000593    13.0545    -1.6888      0.888     0.0000    -0.6281 -9.990e-29
 153.489074      0.895  -0.000593    13.0534    -1.6886      0.888     0.0000    -0.6280 -9.990e-29
 153.489080      0.895  -0.000592    13.0525    -1.6886      0.888     0.0000    -0.6278 -9.990e-29
 153.489086      0.895  -0.000592    13.0519    -1.6885      0.888     0.0000    -0.6278 -9.990e-29
 153.489091      0.895  -0.000592    13.0511    -1.6885      0.888     0.0000    -0.6277 -9.990e-29
 153.489097      0.895  -0.000592    13.0498    -1.6883      0.888     0.0000    -0.6275 -9.990e-29
 153.489103      0.895  -0.000592    13.0482    -1.6885      0.888     0.0000    -0.6273 -9.990e-29
 153.489109      0.899  -0.000592    13.0471    -1.6885      0.891     0.0000    -0.6272 -9.990e-29
 153.489115      0.913  -0.000592    13.0466    -1.6886      0.905     0.0000    -0.6271 -9.990e-29
 153.489120      0.927  -0.000591    13.0470    -1.6886      0.919     0.0000    -0.6271 -9.990e-29
 153.489126      0.931  -0.000591    13.0482    -1.6885      0.923     0.0000    -0.6273 -9.990e-29
 153.489132      0.924  -0.000591    13.0497    -1.6886      0.916     0.0000    -0.6275 -9.990e-29
 153.489138      0.914  -0.000591    13.0513    -1.6884      0.906     0.0000    -0.6277 -9.990e-29
 153.489144      0.906  -0.000591    13.0525    -1.6885      0.898     0.0000    -0.6278 -9.990e-29
 153.489149      0.898  -0.000591    13.0529    -1.6886      0.891     0.0000    -0.6279 -9.990e-29
 153.489155      0.895  -0.000591    13.0523    -1.6886      0.888     0.0000    -0.6278 -9.990e-29
 153.489161      0.901  -0.000591    13.0512    -1.6887      0.893     0.0000    -0.6277 -9.990e-29
 153.489167      0.911  -0.000591    13.0500    -1.6886      0.903     0.0000    -0.6275 -9.990e-29
 153.489172      0.918  -0.000591    13.0496    -1.6886      0.910     0.0000    -0.6275 -9.990e-29
 153.489178      0.918  -0.000590    13.0502    -1.6887      0.910     0.0000    -0.6276 -9.990e-29
 153.489184      0.915  -0.000590    13.0511    -1.6888      0.907     0.0000    -0.6277 -9.990e-29
 153.489190      0.913  -0.000590    13.0516    -1.6889      0.905     0.0000    -0.6277 -9.990e-29
 153.489196      0.912  -0.000590    13.0511    -1.6889      0.904     0.0000    -0.6277 -9.990e-29
 153.489201      0.912  -0.000590    13.0496    -1.6889      0.904     0.0000    -0.6275 -9.990e-29
 153.489207      0.914  -0.000590    13.0482    -1.6890      0.906     0.0000    -0.6273 -9.990e-29
 153.489213      0.917  -0.000590    13.0474    -1.6888      0.909     0.0000    -0.6272 -9.990e-29
 153.489219      0.921  -0.000590    13.0471    -1.6887      0.913     0.0000    -0.6272 -9.990e-29
 153.489225      0.927  -0.000590    13.0466    -1.6887      0.919     0.0000    -0.6271 -9.990e-29
 153.489230      0.934  -0.000590    13.0455    -1.6887      0.926     0.0000    -0.6270 -9.990e-29
 153.489236      0.944  -0.000589    13.0441    -1.6888      0.936     0.0000    -0.6268 -9.990e-29
 153.489242      0.954  -0.000589    13.0424    -1.6888      0.946     0.0000    -0.6266 -9.990e-29
 153.489248      0.954  -0.000589    13.0409    -1.6889      0.946     0.0000    -0.6264 -9.990e-29
 153.489253      0.945  -0.000589    13.0400    -1.6889      0.937     0.0000    -0.6263 -9.990e-29
 153.489259      0.934  -0.000589    13.0405    -1.6888      0.926     0.0000    -0.6263 -9.990e-29
 153.489265      0.926  -0.000589    13.0424    -1.6886      0.918     0.0000    -0.6266 -9.990e-29
 153.489271      0.921  -0.000589    13.0440    -1.6886      0.913     0.0000    -0.6268 -9.990e-29
 153.489277      0.917  -0.000589    13.0443    -1.6885      0.909     0.0000    -0.6268 -9.990e-29
