data/oxygen options/ONMS/Olympic_Coast_National_Marine_Sanctuary_CTD_Data_2005_2023/raw_data/2009/CTD_CE065_060109faed.cnv
* Sea-Bird SBE19 Data File:
* FileName = C:\2009_MOORING_DATA\CTD_CE065_060109.hex
* Software Version 1.59
* Temperature SN = 2997
* Conductivity SN = 2997
* System UpLoad Time = Jun 01 2009 15:40:56
* ds
* SEACAT PROFILER V3.1c SN 2997   06/01/09  15:40:34.710
# nquan = 9                                 
# nvalues = 2550                        
# units = specified
# name 0 = timeJ: Julian Days
# name 1 = prSM: Pressure, Strain Gauge [db]
# name 2 = c0mS/cm: Conductivity [mS/cm]
# name 3 = t090C: Temperature [ITS-90, deg C]
# name 4 = sbeox0ML/L: Oxygen, SBE 43 [ml/l]
# name 5 = depSM: Depth [salt water, m], lat = 47.5
# name 6 = sal00: Salinity, Practical [PSU]
# name 7 = sigma-é00: Density [sigma-theta, kg/m^3]
# name 8 = flag: flag
# span 0 = 152.518391, 152.533142       
# span 1 =     -5.550,     65.216       
# span 2 =   0.084024,  37.283191       
# span 3 =     7.0191,    14.5543       
# span 4 =   -16.9076,    30.0717       
# span 5 =     -5.504,     64.661       
# span 6 =     0.0519,    33.7752       
# span 7 =    -0.7697,    26.4520       
# span 8 = 0.0000e+00, 0.0000e+00       
# interval = seconds: 0.5
# start_time = Jun 01 2009 12:26:29 [Instrument's time stamp, header]
# bad_flag = -9.990e-29
*END*
[from data line 641]
 152.522101      1.384  36.348223    11.3162    11.7314      1.372    32.0455    24.4197 -9.990e-29
 152.522106      1.383  36.362257    11.3247    11.7259      1.371    32.0518    24.4232 -9.990e-29
 152.522112      1.383  36.368961    11.3196    11.7311      1.371    32.0628    24.4326 -9.990e-29
 152.522118      1.388  36.367734    11.3047    11.7187      1.376    32.0746    24.4444 -9.990e-29
 152.522124      1.395  36.361970    11.2890    11.7203      1.383    32.0826    24.4534 -9.990e-29
 152.522130      1.400  36.365816    11.2851    11.7217      1.388    32.0897    24.4597 -9.990e-29
 152.522135      1.402  36.368693    11.2937    11.7063      1.390    32.0851    24.4546 -9.990e-29
 152.522141      1.402  36.364888    11.3061    11.7032      1.390    32.0706    24.4411 -9.990e-29
 152.522147      1.401  36.363321    11.3180    11.7000      1.389    32.0587    24.4297 -9.990e-29
 152.522153      1.402  36.369731    11.3288    11.6923      1.390    32.0556    24.4254 -9.990e-29
 152.522159      1.409  36.385928    11.3374    11.7149      1.397    32.0640    24.4304 -9.990e-29
 152.522164      1.419  36.402114    11.3434    11.7105      1.407    32.0746    24.4375 -9.990e-29
 152.522170      1.428  36.413521    11.3482    11.7171      1.416    32.0816    24.4421 -9.990e-29
 152.522176      1.436  36.429177    11.3561    11.7284      1.424    32.0901    24.4473 -9.990e-29
 152.522182      1.441  36.450331    11.3723    11.7155      1.429    32.0967    24.4495 -9.990e-29
 152.522188      1.437  36.474914    11.3981    11.6950      1.425    32.0983    24.4462 -9.990e-29
 152.522193      1.430  36.509911    11.4364    11.6841      1.418    32.0993    24.4401 -9.990e-29
 152.522199      1.426  36.549298    11.4781    11.6828      1.414    32.1016    24.4343 -9.990e-29
 152.522205      1.431  36.553124    11.4890    11.6957      1.419    32.0959    24.4279 -9.990e-29
 152.522211      1.440  36.499582    11.4602    11.6958      1.428    32.0686    24.4119 -9.990e-29
 152.522216      1.449  36.437190    11.4209    11.6776      1.437    32.0417    24.3981 -9.990e-29
 152.522222      1.455  36.400976    11.3867    11.6844      1.443    32.0359    24.3997 -9.990e-29
 152.522228      1.454  36.391377    11.3691    11.6859      1.442    32.0418    24.4074 -9.990e-29
 152.522234      1.449  36.425828    11.3958    11.7110      1.437    32.0523    24.4108 -9.990e-29
 152.522240      1.446  36.493084    11.4609    11.7343      1.434    32.0616    24.4064 -9.990e-29
 152.522245      1.444  36.546077    11.5180    11.7267      1.432    32.0638    24.3978 -9.990e-29
 152.522251      1.446  36.568040    11.5466    11.7242      1.434    32.0605    24.3900 -9.990e-29
 152.522257      1.458  36.572569    11.5569    11.7202      1.446    32.0560    24.3847 -9.990e-29
 152.522263      1.471  36.552808    11.5584    11.7282      1.459    32.0354    24.3684 -9.990e-29
 152.522269      1.475  36.514335    11.5581    11.7503      1.463    31.9982    24.3396 -9.990e-29
 152.522274      1.467  36.498289    11.5523    11.7500      1.455    31.9876    24.3324 -9.990e-29
 152.522280      1.458  36.497829    11.5206    11.7438      1.446    32.0145    24.3590 -9.990e-29
 152.522286      1.451  36.470300    11.4543    11.7465      1.439    32.0451    24.3947 -9.990e-29
 152.522292      1.444  36.421006    11.3869    11.7357      1.432    32.0553    24.4148 -9.990e-29
 152.522297      1.439  36.393466    11.3627    11.7398      1.427    32.0494    24.4145 -9.990e-29
 152.522303      1.434  36.406403    11.3788    11.7456      1.422    32.0481    24.4106 -9.990e-29
 152.522309      1.428  36.422121    11.3852    11.7362      1.416    32.0579    24.4171 -9.990e-29
 152.522315      1.427  36.404964    11.3524    11.7412      1.415    32.0696    24.4320 -9.990e-29
 152.522321      1.434  36.369030    11.3057    11.7367      1.422    32.0750    24.4445 -9.990e-29
 152.522326      1.445  36.340919    11.2772    11.7281      1.433    32.0722    24.4475 -9.990e-29
 152.522332      1.453  36.331871    11.2731    11.7323      1.441    32.0669    24.4441 -9.990e-29
 152.522338      1.453  36.336516    11.2813    11.7257      1.441    32.0643    24.4406 -9.990e-29
 152.522344      1.451  36.339173    11.2876    11.7220      1.439    32.0614    24.4372 -9.990e-29
 152.522350      1.449  36.337768    11.2903    11.7229      1.437    32.0577    24.4339 -9.990e-29
 152.522355      1.449  36.335455    11.2936    11.7195      1.437    32.0525    24.4293 -9.990e-29
 152.522361      1.449  36.334177    11.2997    11.7213      1.437    32.0460    24.4231 -9.990e-29
 152.522367      1.451  36.345101    11.3115    11.7377      1.439    32.0464    24.4214 -9.990e-29
 152.522373      1.454  36.367087    11.3263    11.7395      1.442    32.0551    24.4255 -9.990e-29
 152.522378      1.458  36.387970    11.3377    11.7432      1.446    32.0657    24.4316 -9.990e-29
 152.522384      1.463  36.409805    11.3477    11.7284      1.451    32.0784    24.4397 -9.990e-29
 152.522390      1.471  36.430874    11.3614    11.7020      1.459    32.0871    24.4440 -9.990e-29
 152.522396      1.477  36.437227    11.3749    11.7073      1.465    32.0816    24.4373 -9.990e-29
 152.522402      1.477  36.430596    11.3835    11.7076      1.465    32.0676    24.4250 -9.990e-29
 152.522407      1.475  36.417253    11.3836    11.7141      1.463    32.0545    24.4147 -9.990e-29
 152.522413      1.477  36.389479    11.3661    11.7251      1.465    32.0425    24.4085 -9.990e-29
 152.522419      1.480  36.353373    11.3340    11.7127      1.468    32.0350    24.4084 -9.990e-29
 152.522425      1.487  36.335860    11.3104    11.7109      1.475    32.0383    24.4152 -9.990e-29
 152.522431      1.494  36.347753    11.3166    11.7241      1.482    32.0446    24.4190 -9.990e-29
 152.522436      1.491  36.381910    11.3512    11.7371      1.479    32.0480    24.4155 -9.990e-29
 152.522442      1.479  36.427257    11.3921    11.7335      1.467    32.0569    24.4151 -9.990e-29
 152.522448      1.469  36.473638    11.4213    11.7377      1.457    32.0769    24.4254 -9.990e-29
 152.522454      1.471  36.502199    11.4286    11.7232      1.459    32.0985    24.4409 -9.990e-29
 152.522459      1.479  36.480409    11.4146    11.7269      1.467    32.0894    24.4363 -9.990e-29
 152.522465      1.486  36.433556    11.4074    11.7312      1.474    32.0498    24.4068 -9.990e-29
 152.522471      1.484  36.421867    11.4194    11.7297      1.472    32.0280    24.3877 -9.990e-29
 152.522477      1.472  36.433097    11.4213    11.7446      1.460    32.0373    24.3946 -9.990e-29
 152.522483      1.462  36.426168    11.3949    11.7533      1.450    32.0534    24.4119 -9.990e-29
 152.522488      1.463  36.401355    11.3566    11.7517      1.451    32.0624    24.4257 -9.990e-29
 152.522494      1.466  36.377113    11.3325    11.7581      1.454    32.0596    24.4278 -9.990e-29
 152.522500      1.462  36.368162    11.3342    11.7443      1.450    32.0493    24.4195 -9.990e-29
 152.522506      1.456  36.374867    11.3492    11.7461      1.444    32.0429    24.4118 -9.990e-29
 152.522512      1.451  36.379252    11.3586    11.7460      1.439    32.0390    24.4072 -9.990e-29
 152.522517      1.448  36.377623    11.3537    11.7315      1.436    32.0417    24.4101 -9.990e-29
 152.522523      1.449  36.375081    11.3333    11.7306      1.437    32.0569    24.4256 -9.990e-29
 152.522529      1.461  36.364300    11.3009    11.7245      1.449    32.0745    24.4450 -9.990e-29
 152.522535      1.478  36.344895    11.2658    11.7213      1.466    32.0860    24.4602 -9.990e-29
 152.522541      1.494  36.327395    11.2415    11.7131      1.482    32.0899    24.4676 -9.990e-29
 152.522546      1.501  36.320941    11.2363    11.7093      1.488    32.0881    24.4671 -9.990e-29
 152.522552      1.495  36.326989    11.2484    11.7178      1.483    32.0835    24.4614 -9.990e-29
 152.522558      1.480  36.338454    11.2687    11.7309      1.468    32.0771    24.4528 -9.990e-29
 152.522564      1.468  36.349312    11.2907    11.7367      1.456    32.0686    24.4423 -9.990e-29
 152.522569      1.467  36.364503    11.3134    11.7400      1.455    32.0638    24.4345 -9.990e-29
 152.522575      1.472  36.395863    11.3362    11.7391      1.460    32.0747    24.4389 -9.990e-29
 152.522581      1.480  36.434203    11.3576    11.7400      1.468    32.0937    24.4498 -9.990e-29
 152.522587      1.486  36.452371    11.3749    11.7294      1.474    32.0964    24.4489 -9.990e-29
 152.522593      1.487  36.449931    11.3845    11.7237      1.475    32.0857    24.4388 -9.990e-29
 152.522598      1.488  36.442298    11.3858    11.7157      1.476    32.0771    24.4319 -9.990e-29
 152.522604      1.491  36.434971    11.3777    11.7211      1.479    32.0770    24.4332 -9.990e-29
 152.522610      1.499  36.416672    11.3583    11.7176      1.486    32.0759    24.4359 -9.990e-29
 152.522616      1.511  36.385405    11.3346    11.7075      1.498    32.0659    24.4323 -9.990e-29
 152.522622      1.523  36.367831    11.3152    11.7237      1.510    32.0655    24.4355 -9.990e-29
 152.522627      1.528  36.375802    11.3029    11.7050      1.515    32.0840    24.4521 -9.990e-29
 152.522633      1.522  36.402561    11.3044    11.7035      1.509    32.1089    24.4712 -9.990e-29
 152.522639      1.509  36.429417    11.3208    11.7098      1.496    32.1210    24.4776 -9.990e-29
 152.522645      1.497  36.438374    11.3408    11.7088      1.485    32.1124    24.4674 -9.990e-29
 152.522650      1.488  36.443605    11.3563    11.7278      1.476    32.1040    24.4581 -9.990e-29
 152.522656      1.483  36.458242    11.3691    11.7392      1.471    32.1072    24.4583 -9.990e-29
 152.522662      1.481  36.476019    11.3860    11.7326      1.469    32.1099    24.4574 -9.990e-29
 152.522668      1.482  36.497093    11.4092    11.7407      1.470    32.1104    24.4536 -9.990e-29
 152.522674      1.486  36.510891    11.4295    11.7349      1.474    32.1062    24.4467 -9.990e-29
 152.522679      1.498  36.502739    11.4371    11.7166      1.485    32.0917    24.4340 -9.990e-29
 152.522685      1.519  36.486418    11.4323    11.7247      1.506    32.0799    24.4257 -9.990e-29
 152.522691      1.540  36.474899    11.4221    11.7184      1.527    32.0774    24.4256 -9.990e-29
 152.522697      1.564  36.462900    11.4037    11.7320      1.551    32.0817    24.4322 -9.990e-29
 152.522703      1.597  36.432731    11.3731    11.7639      1.584    32.0787    24.4354 -9.990e-29
 152.522708      1.640  36.388418    11.3450    11.7709      1.626    32.0597    24.4257 -9.990e-29
 152.522714      1.691  36.363882    11.3313    11.7824      1.677    32.0476    24.4187 -9.990e-29
 152.522720      1.750  36.361691    11.3302    11.8234      1.735    32.0463    24.4179 -9.990e-29
 152.522726      1.821  36.369381    11.3428    11.8856      1.806    32.0429    24.4130 -9.990e-29
 152.522731      1.904  36.389906    11.3652    11.9740      1.888    32.0435    24.4095 -9.990e-29
 152.522737      2.004  36.410279    11.3779    12.0734      1.987    32.0524    24.4141 -9.990e-29
 152.522743      2.140  36.404421    11.3633    12.1469      2.122    32.0593    24.4221 0.0000e+00
 152.522749      2.330  36.372924    11.3151    12.2045      2.311    32.0702    24.4392 0.0000e+00
 152.522755      2.572  36.333743    11.2453    12.2876      2.551    32.0924    24.4689 0.0000e+00
 152.522760      2.857  36.290096    11.1721    11.0020      2.833    32.1132    24.4981 0.0000e+00
 152.522766      3.180  36.243719    11.0740     8.9871      3.153    32.1531    24.5464 0.0000e+00
 152.522772      3.547  36.178137    10.9022     6.6121      3.517    32.2388    24.6433 0.0000e+00
 152.522778      3.957  36.063039    10.6394     4.6086      3.924    32.3563    24.7803 0.0000e+00
 152.522784      4.408  35.887818    10.3186     3.7203      4.371    32.4663    24.9208 0.0000e+00
 152.522789      4.890  35.656375     9.9807     3.3395      4.849    32.5356    25.0314 0.0000e+00
 152.522795      5.394  35.378303     9.6433     3.4014      5.349    32.5572    25.1036 0.0000e+00
 152.522801      5.919  35.096235     9.3348     3.7141      5.870    32.5477    25.1458 0.0000e+00
 152.522807      6.460  34.872670     9.0338     4.1315      6.406    32.5913    25.2272 0.0000e+00
 152.522812      7.011  34.624019     8.6577     4.5259      6.952    32.6778    25.3529 0.0000e+00
 152.522818      7.575  34.251153     8.2432     4.8380      7.512    32.6692    25.4082 0.0000e+00
 152.522824      8.148  33.887028     7.9221     5.0458      8.080    32.5810    25.3858 0.0000e+00
 152.522830      8.724  33.665000     7.7297     5.1862      8.651    32.5229    25.3677 0.0000e+00
 152.522836      9.301  33.553863     7.6204     5.2765      9.223    32.5055    25.3694 0.0000e+00
 152.522841      9.882  33.496101     7.5589     5.3132      9.799    32.5006    25.3742 0.0000e+00
 152.522847     10.469  33.467306     7.5254     5.2752     10.381    32.5007    25.3789 0.0000e+00
 152.522853     11.065  33.453704     7.5076     5.1533     10.972    32.5024    25.3828 0.0000e+00
 152.522859     11.669  33.449460     7.5021     4.9943     11.571    32.5027    25.3838 0.0000e+00
 152.522865     12.278  33.455061     7.5109     4.8810     12.175    32.5002    25.3806 0.0000e+00
 152.522870     12.891  33.473479     7.5389     4.7986     12.783    32.4936    25.3715 0.0000e+00
 152.522876     13.510  33.516935     7.5796     4.7459     13.397    32.5020    25.3724 0.0000e+00
 152.522882     14.129  33.589032     7.6182     4.7839     14.011    32.5431    25.3993 0.0000e+00
 152.522888     14.746  33.669399     7.6548     4.7191     14.622    32.5949    25.4349 0.0000e+00
 152.522894     15.358  33.739170     7.6947     4.7771     15.229    32.6321    25.4585 0.0000e+00
 152.522899     15.964  33.798393     7.7401     4.8664     15.830    32.6528    25.4683 0.0000e+00
 152.522905     16.570  33.861616     7.7939     4.9607     16.431    32.6698    25.4740 0.0000e+00
 152.522911     17.178  33.938076     7.8559     5.0779     17.034    32.6932    25.4836 0.0000e+00
 152.522917     17.790  34.023855     7.9230     5.0850     17.641    32.7217    25.4963 0.0000e+00
 152.522922     18.402  34.115700     7.9903     5.0181     18.248    32.7563    25.5138 0.0000e+00
 152.522928     19.013  34.208361     8.0536     4.8911     18.853    32.7955    25.5353 0.0000e+00
 152.522934     19.629  34.298234     8.1058     4.7415     19.464    32.8419    25.5641 0.0000e+00
 152.522940     20.249  34.375195     8.1345     4.5715     20.079    32.8964    25.6027 0.0000e+00
 152.522946     20.872  34.418625     8.1358     4.4049     20.697    32.9411    25.6375 0.0000e+00
 152.522951     21.496  34.425931     8.1193     4.1603     21.315    32.9641    25.6580 0.0000e+00
 152.522957     22.125  34.418050     8.0968     3.8404     21.939    32.9766    25.6711 0.0000e+00
 152.522963     22.751  34.418069     8.0718     3.4630     22.560    32.9998    25.6931 0.0000e+00
 152.522969     23.366  34.431035     8.0399     3.0624     23.170    33.0434    25.7320 0.0000e+00
 152.522975     23.971  34.445652     7.9959     2.7223     23.770    33.1003    25.7831 0.0000e+00
 152.522980     24.570  34.453944     7.9421     2.4835     24.363    33.1599    25.8377 0.0000e+00
 152.522986     25.168  34.459110     7.8839     2.3595     24.956    33.2205    25.8937 0.0000e+00
 152.522992     25.767  34.459615     7.8120     2.3490     25.550    33.2892    25.9581 0.0000e+00
 152.522998     26.367  34.440426     7.7195     2.3908     26.145    33.3568    26.0245 0.0000e+00
 152.523003     26.965  34.398902     7.6233     2.4318     26.738    33.4041    26.0754 0.0000e+00
 152.523009     27.558  34.352475     7.5409     2.4969     27.326    33.4330    26.1098 0.0000e+00
 152.523015     28.151  34.313152     7.4765     2.5338     27.914    33.4522    26.1340 0.0000e+00
