data/oxygen options/ONMS/Olympic_Coast_National_Marine_Sanctuary_CTD_Data_2005_2023/raw_data/2009/CTD_KL015_060209faed.cnv
* Sea-Bird SBE19 Data File:
* FileName = C:\2009_MOORING_DATA\CTD_KL015_060209.hex
* Software Version 1.59
* Temperature SN = 2997
* Conductivity SN = 2997
* System UpLoad Time = Jun 02 2009 15:04:59
* ds
* SEACAT PROFILER V3.1c SN 2997   06/02/09  15:04:36.575
# nquan = 9                                 
# nvalues = 6438                        
# units = specified
# name 0 = timeJ: Julian Days
# name 1 = prSM: Pressure, Strain Gauge [db]
# name 2 = c0mS/cm: Conductivity [mS/cm]
# name 3 = t090C: Temperature [ITS-90, deg C]
# name 4 = sbeox0ML/L: Oxygen, SBE 43 [ml/l]
# name 5 = depSM: Depth [salt water, m], lat = 47.5
# name 6 = sal00: Salinity, Practical [PSU]
# name 7 = sigma-é00: Density [sigma-theta, kg/m^3]
# name 8 = flag: flag
# span 0 = 153.453171, 153.490422       
# span 1 =     -5.281,     16.066       
# span 2 =  -0.000837,  37.892937       
# span 3 =     7.6668,    15.2063       
# span 4 =   -17.6238,    24.1697       
# span 5 =     -5.237,     15.931       
# span 6 =     0.0000,    33.4443       
# span 7 =    -0.9304,    26.0953       
# span 8 = 0.0000e+00, 0.0000e+00       
# interval = seconds: 0.5
# start_time = Jun 02 2009 10:52:34 [Instrument's time stamp, header]
# bad_flag = -9.990e-29
*END*
[from data line 1441]
 153.461510      0.430  35.406753    11.0700     5.5532      0.426    31.3337    23.9098 -9.990e-29
 153.461516      0.406  33.179042    11.0860     5.7231      0.403    29.1424    22.2040 -9.990e-29
 153.461522      0.385  26.507756    11.1020     5.8837      0.382    22.7409    17.2342 -9.990e-29
 153.461528      0.369  16.387915    11.1179     6.0429      0.366    13.4433    10.0316 -9.990e-29
 153.461534      0.363   9.320728    11.1322     6.1727      0.360     7.3000     5.2727 -9.990e-29
 153.461539      0.362   6.468432    11.1441     6.2974      0.359     4.9300     3.4333 -9.990e-29
 153.461545      0.361   4.955452    11.1558     6.3794      0.358     3.7071     2.4823 -9.990e-29
 153.461551      0.361   3.928277    11.1690   -12.6370      0.358     2.8936     1.8484 -9.990e-29
 153.461557      0.361   3.281706    11.1808   -17.6238      0.358     2.3898     1.4550 -9.990e-29
 153.461563      0.361   2.904168    11.1888   -17.4284      0.358     2.0990     1.2277 -9.990e-29
 153.461568      0.361   2.684893    11.1960   -12.0737      0.358     1.9313     1.0963 -9.990e-29
 153.461574      0.362   2.595828    11.2064    -1.7371      0.359     1.8631     1.0420 -9.990e-29
 153.461580      0.363   2.535432    11.2211    -1.7446      0.360     1.8166     1.0041 -9.990e-29
 153.461586      0.364   2.391527    11.2392    -1.7482      0.361     1.7070     0.9168 -9.990e-29
 153.461591      0.366   2.163775    11.2608    -1.7480      0.363     1.5350     0.7803 -9.990e-29
 153.461597      0.369   1.894370    11.2841    -1.7477      0.366     1.3334     0.6207 -9.990e-29
 153.461603      0.372   1.721958    11.3039    -1.7478      0.369     1.2054     0.5186 -9.990e-29
 153.461609      0.377   2.058167    11.3164    -1.7479      0.374     1.4539     0.7111 -9.990e-29
 153.461615      0.383   2.591998    11.3227    -1.7480      0.380     1.8544     1.0225 -9.990e-29
 153.461620      0.386   2.509556    11.3256    -1.7481      0.383     1.7919     0.9735 -9.990e-29
 153.461626      0.383   2.119427    11.3262    -1.7482      0.380     1.4992     0.7453 -9.990e-29
 153.461632      0.377   1.844424    11.3251    -1.7463      0.374     1.2950     0.5862 -9.990e-29
 153.461638      0.372   1.438884    11.3229    -1.7442      0.369     0.9976     0.3544 -9.990e-29
 153.461644      0.369   0.910328    11.3215    -1.7442      0.366     0.6180     0.0580 -9.990e-29
 153.461649      0.366   0.522166    11.3215    -1.7446      0.363     0.3468    -0.1541 -9.990e-29
 153.461655      0.364   0.358147    11.3221    -1.7448      0.361     0.2351    -0.2418 -9.990e-29
 153.461661      0.362   0.310497    11.3231    -1.7449      0.359     0.2030    -0.2670 -9.990e-29
 153.461667      0.361   0.287405    11.3247    -1.7443      0.358     0.1876    -0.2793 -9.990e-29
 153.461672      0.360   0.266953    11.3276    -1.7431      0.357     0.1739    -0.2903 -9.990e-29
 153.461678      0.359   0.251814    11.3334    -1.7428      0.356     0.1638    -0.2988 -9.990e-29
 153.461684      0.358   0.251193    11.3428    -1.7431      0.355     0.1634    -0.3001 -9.990e-29
 153.461690      0.358   0.291987    11.3530    -1.7437      0.355     0.1905    -0.2800 -9.990e-29
 153.461696      0.357   0.389214    11.3615    -1.7439      0.354     0.2558    -0.2297 -9.990e-29
 153.461701      0.357   0.485627    11.3698    -1.7438      0.354     0.3214    -0.1792 -9.990e-29
 153.461707      0.357   0.512907    11.3810    -1.7437      0.354     0.3399    -0.1659 -9.990e-29
 153.461713      0.357   0.476925    11.3969    -1.7442      0.354     0.3152    -0.1870 -9.990e-29
 153.461719      0.356   0.414005    11.4175    -1.7443      0.353     0.2722    -0.2228 -9.990e-29
 153.461725      0.356   0.353387    11.4385    -1.7443      0.353     0.2312    -0.2573 -9.990e-29
 153.461730      0.356   0.311850    11.4516    -1.7441      0.353     0.2033    -0.2805 -9.990e-29
 153.461736      0.356   0.282256    11.4540    -1.7431      0.353     0.1835    -0.2962 -9.990e-29
 153.461742      0.356   0.255645    11.4511    -1.7423      0.353     0.1659    -0.3098 -9.990e-29
 153.461748      0.356   0.233135    11.4491    -1.7425      0.353     0.1510    -0.3212 -9.990e-29
 153.461753      0.356   0.215209    11.4499    -1.7428      0.353     0.1392    -0.3305 -9.990e-29
 153.461759      0.356   0.199038    11.4503    -1.7431      0.353     0.1286    -0.3389 -9.990e-29
 153.461765      0.356   0.183024    11.4488    -1.7432      0.353     0.1182    -0.3469 -9.990e-29
 153.461771      0.356   0.167995    11.4484    -1.7436      0.353     0.1084    -0.3545 -9.990e-29
 153.461777      0.356   0.154428    11.4523    -1.7438      0.353     0.0996    -0.3618 -9.990e-29
 153.461782      0.356   0.142530    11.4627    -1.7439      0.353     0.0919    -0.3690 -9.990e-29
 153.461788      0.356   0.133072    11.4781    -1.7438      0.353     0.0858    -0.3754 -9.990e-29
 153.461794      0.356   0.126199    11.4903    -1.7436      0.353     0.0814    -0.3802 -9.990e-29
 153.461800      0.356   0.121064    11.4934    -1.7435      0.353     0.0781    -0.3831 -9.990e-29
 153.461806      0.356   0.116919    11.4902    -1.7436      0.353     0.0755    -0.3849 -9.990e-29
 153.461811      0.356   0.113228    11.4852    -1.7440      0.353     0.0732    -0.3861 -9.990e-29
 153.461817      0.356   0.109504    11.4798    -1.7442      0.353     0.0708    -0.3874 -9.990e-29
 153.461823      0.356   0.105773    11.4742    -1.7435      0.353     0.0684    -0.3887 -9.990e-29
 153.461829      0.356   0.102608    11.4697    -1.7430      0.353     0.0664    -0.3898 -9.990e-29
 153.461834      0.356   0.100222    11.4678    -1.7424      0.353     0.0649    -0.3907 -9.990e-29
 153.461840      0.356   0.098208    11.4690    -1.7417      0.353     0.0637    -0.3919 -9.990e-29
 153.461846      0.356   0.096098    11.4718    -1.7407      0.353     0.0623    -0.3932 -9.990e-29
 153.461852      0.356   0.093852    11.4732    -1.7393      0.353     0.0609    -0.3945 -9.990e-29
 153.461858      0.356   0.091802    11.4716    -1.7276      0.353     0.0596    -0.3953 -9.990e-29
 153.461863      0.356   0.089987    11.4689    -1.7309      0.353     0.0585    -0.3959 -9.990e-29
 153.461869      0.356   0.088204    11.4707    -1.7325      0.353     0.0573    -0.3970 -9.990e-29
 153.461875      0.356   0.086297    11.4800    -1.7341      0.353     0.0561    -0.3989 -9.990e-29
 153.461881      0.355   0.084493    11.4944    -1.7351      0.352     0.0550    -0.4014 -9.990e-29
 153.461887      0.355   0.083715    11.5121    -1.7357      0.352     0.0545    -0.4037 -9.990e-29
 153.461892      0.355   0.085699    11.5333    -1.7366      0.352     0.0557    -0.4050 -9.990e-29
 153.461898      0.355   0.095307    11.5576    -1.7376      0.352     0.0617    -0.4030 -9.990e-29
 153.461904      0.354   0.127014    11.5805    -1.7382      0.351     0.0818    -0.3897 -9.990e-29
 153.461910      0.354   0.224759    11.5959    -1.7385      0.351     0.1450    -0.3418 -9.990e-29
 153.461916      0.353   0.518869    11.6027    -1.7391      0.350     0.3421    -0.1883 -9.990e-29
 153.461921      0.352   0.897806    11.6006    -1.7400      0.349     0.6046     0.0172 -9.990e-29
 153.461927      0.351   1.021470    11.5905    -1.7415      0.348     0.6920     0.0865 -9.990e-29
 153.461933      0.350   0.931700    11.5776    -1.7421      0.347     0.6288     0.0386 -9.990e-29
 153.461939      0.348   0.832823    11.5657    -1.7425      0.345     0.5596    -0.0142 -9.990e-29
 153.461944      0.346   0.757764    11.5540    -1.7430      0.343     0.5074    -0.0537 -9.990e-29
 153.461950      0.344   0.699082    11.5425    -1.7436      0.341     0.4667    -0.0842 -9.990e-29
 153.461956      0.340   0.643987    11.5330    -1.7442      0.337     0.4287    -0.1129 -9.990e-29
 153.461962      0.335   0.592792    11.5250    -1.7446      0.332     0.3934    -0.1396 -9.990e-29
 153.461968      0.330   0.550449    11.5163    -1.7446      0.327     0.3644    -0.1613 -9.990e-29
 153.461973      0.326   0.512085    11.5074    -1.7442      0.323     0.3383    -0.1809 -9.990e-29
 153.461979      0.330   0.462598    11.4990    -1.7323      0.327     0.3046    -0.2063 -9.990e-29
 153.461985      0.335   0.387584    11.4908    -1.7331      0.332     0.2539    -0.2451 -9.990e-29
 153.461991      0.340   0.302376    11.4822    -1.7350      0.337     0.1968    -0.2889 -9.990e-29
 153.461997      0.344   0.240879    11.4722    -1.7367      0.341     0.1561    -0.3197 -9.990e-29
 153.462002      0.346   0.205944    11.4610    -1.7379      0.343     0.1331    -0.3365 -9.990e-29
 153.462008      0.348   0.183709    11.4511    -1.7387      0.345     0.1186    -0.3468 -9.990e-29
 153.462014      0.350   0.170034    11.4457    -1.7395      0.347     0.1098    -0.3532 -9.990e-29
 153.462020      0.351   0.167204    11.4474    -1.7403      0.348     0.1079    -0.3548 -9.990e-29
 153.462025      0.352   0.189744    11.4553    -1.7400      0.349     0.1226    -0.3442 -9.990e-29
 153.462031      0.353   0.283787    11.4651    -1.7402      0.350     0.1845    -0.2967 -9.990e-29
 153.462037      0.354   0.586368    11.4723    -1.7406      0.351     0.3896    -0.1369 -9.990e-29
 153.462043      0.354   1.018301    11.4745    -1.7413      0.351     0.6919     0.0992 -9.990e-29
 153.462049      0.355   1.223547    11.4716    -1.7420      0.352     0.8384     0.2139 -9.990e-29
 153.462054      0.355   1.162952    11.4654    -1.7425      0.352     0.7951     0.1808 -9.990e-29
 153.462060      0.355   1.036497    11.4574    -1.7427      0.352     0.7051     0.1114 -9.990e-29
 153.462066      0.356   0.925810    11.4496    -1.7430      0.353     0.6268     0.0511 -9.990e-29
 153.462072      0.356   0.845304    11.4465    -1.7435      0.353     0.5701     0.0071 -9.990e-29
 153.462078      0.356   0.784166    11.4496    -1.7439      0.353     0.5272    -0.0268 -9.990e-29
 153.462083      0.356   0.730773    11.4527    -1.7439      0.353     0.4899    -0.0563 -9.990e-29
 153.462089      0.356   0.680501    11.4508    -1.7443      0.353     0.4549    -0.0835 -9.990e-29
 153.462095      0.357   0.632329    11.4439    -1.7444      0.354     0.4216    -0.1088 -9.990e-29
 153.462101      0.357   0.588590    11.4347    -1.7444      0.354     0.3915    -0.1313 -9.990e-29
 153.462106      0.357   0.551978    11.4266    -1.7436      0.354     0.3664    -0.1501 -9.990e-29
 153.462112      0.357   0.523039    11.4206    -1.7435      0.354     0.3465    -0.1650 -9.990e-29
 153.462118      0.358   0.500350    11.4150    -1.7440      0.355     0.3310    -0.1765 -9.990e-29
 153.462124      0.358   0.480837    11.4087    -1.7446      0.355     0.3178    -0.1862 -9.990e-29
 153.462130      0.359   0.461777    11.4035    -1.7449      0.356     0.3048    -0.1958 -9.990e-29
 153.462135      0.359   0.442713    11.4003    -1.7450      0.356     0.2918    -0.2056 -9.990e-29
 153.462141      0.360   0.424848    11.3982    -1.7451      0.357     0.2797    -0.2149 -9.990e-29
 153.462147      0.362   0.409319    11.3983    -1.7454      0.359     0.2692    -0.2232 -9.990e-29
 153.462153      0.363   0.396495    11.4033    -1.7456      0.360     0.2605    -0.2305 -9.990e-29
 153.462159      0.365   0.385915    11.4113    -1.7458      0.362     0.2533    -0.2370 -9.990e-29
 153.462164      0.368   0.376230    11.4146    -1.7465      0.365     0.2467    -0.2425 -9.990e-29
 153.462170      0.371   0.365617    11.4102    -1.7471      0.368     0.2396    -0.2476 -9.990e-29
 153.462176      0.376   0.353791    11.4024    -1.7477      0.373     0.2317    -0.2530 -9.990e-29
 153.462182      0.377   0.342729    11.3956    -1.7475      0.374     0.2243    -0.2581 -9.990e-29
 153.462188      0.371   0.334322    11.3906    -1.7476      0.368     0.2186    -0.2619 -9.990e-29
 153.462193      0.362   0.328451    11.3861    -1.7478      0.359     0.2147    -0.2645 -9.990e-29
 153.462199      0.353   0.323388    11.3807    -1.7479      0.350     0.2114    -0.2666 -9.990e-29
 153.462205      0.344   0.317927    11.3744    -1.7482      0.341     0.2077    -0.2687 -9.990e-29
 153.462211      0.339   0.312552    11.3678    -1.7482      0.336     0.2042    -0.2708 -9.990e-29
 153.462216      0.340   0.306753    11.3609    -1.7480      0.337     0.2003    -0.2731 -9.990e-29
 153.462222      0.346   0.293353    11.3543    -1.7394      0.343     0.1914    -0.2794 -9.990e-29
 153.462228      0.350   0.266018    11.3501    -1.7399      0.347     0.1732    -0.2932 -9.990e-29
 153.462234      0.355   0.231153    11.3486    -1.7417      0.352     0.1501    -0.3112 -9.990e-29
 153.462240      0.359   0.201424    11.3472    -1.7427      0.356     0.1305    -0.3264 -9.990e-29
 153.462245      0.363   0.183622    11.3448    -1.7432      0.360     0.1189    -0.3353 -9.990e-29
 153.462251      0.368   0.174827    11.3424    -1.7434      0.365     0.1132    -0.3395 -9.990e-29
 153.462257      0.373   0.170520    11.3410    -1.7417      0.370     0.1103    -0.3415 -9.990e-29
 153.462263      0.380   0.172168    11.3421    -1.7401      0.377     0.1114    -0.3408 -9.990e-29
 153.462269      0.384   0.190840    11.3452    -1.7413      0.381     0.1236    -0.3316 -9.990e-29
 153.462274      0.381   0.261968    11.3486    -1.7419      0.378     0.1705    -0.2952 -9.990e-29
 153.462280      0.375   0.490371    11.3505    -1.7380      0.372     0.3248    -0.1745 -9.990e-29
 153.462286      0.371   0.820027    11.3502    -1.7362      0.368     0.5538     0.0047 -9.990e-29
 153.462292      0.368   0.981572    11.3485    -1.7393      0.365     0.6681     0.0942 -9.990e-29
 153.462297      0.365   0.944143    11.3460    -1.7406      0.362     0.6415     0.0738 -9.990e-29
 153.462303      0.363   0.870331    11.3425    -1.7406      0.360     0.5894     0.0334 -9.990e-29
 153.462309      0.362   0.836479    11.3402    -1.7396      0.359     0.5655     0.0150 -9.990e-29
 153.462315      0.360   0.878445    11.3422    -1.7381      0.357     0.5951     0.0379 -9.990e-29
 153.462321      0.359   0.983946    11.3483    -1.7375      0.356     0.6697     0.0956 -9.990e-29
 153.462326      0.358   1.058417    11.3570    -1.7366      0.355     0.7226     0.1360 -9.990e-29
 153.462332      0.358   1.059678    11.3664    -1.7356      0.355     0.7233     0.1355 -9.990e-29
 153.462338      0.357   1.095935    11.3741    -1.7342      0.354     0.7491     0.1548 -9.990e-29
 153.462344      0.357   1.214414    11.3824    -1.7315      0.354     0.8338     0.2201 -9.990e-29
 153.462350      0.357   1.259585    11.3971    -1.7299      0.354     0.8660     0.2436 -9.990e-29
 153.462355      0.357   1.143525    11.4226    -1.7308      0.354     0.7821     0.1753 -9.990e-29
 153.462361      0.357   0.975610    11.4588    -1.7313      0.354     0.6619     0.0775 -9.990e-29
 153.462367      0.357   0.845445    11.4981    -1.7319      0.354     0.5695     0.0010 -9.990e-29
 153.462373      0.356   0.753123    11.5329    -1.7301      0.353     0.5044    -0.0537 -9.990e-29
 153.462378      0.356   0.685944    11.5634    -1.7296      0.353     0.4573    -0.0938 -9.990e-29
 153.462384      0.356   0.640868    11.5899    -1.7303      0.353     0.4259    -0.1214 -9.990e-29
 153.462390      0.356   0.622139    11.6086    -1.7309      0.353     0.4128    -0.1337 -9.990e-29
 153.462396      0.356   0.649160    11.6175    -1.7314      0.353     0.4313    -0.1202 -9.990e-29
 153.462402      0.357   0.755184    11.6215    -1.7315      0.354     0.5047    -0.0633 -9.990e-29
 153.462407      0.357   0.921815    11.6304    -1.7290      0.354     0.6210     0.0267 -9.990e-29
 153.462413      0.357   1.037814    11.6481    -1.7263      0.354     0.7025     0.0883 -9.990e-29
 153.462419      0.357   1.022059    11.6753    -1.7240      0.354     0.6909     0.0762 -9.990e-29
 153.462425      0.358   0.919015    11.7078    -1.7244      0.355     0.6178     0.0155 -9.990e-29
