data/oxygen options/ONMS/Olympic_Coast_National_Marine_Sanctuary_CTD_Data_2005_2023/raw_data/2009/CTD_CA015_072809faed.cnv
* Sea-Bird SBE19 Data File:
* FileName = C:\2009_MOORING_DATA\072809_DATA\CTD_CA015_072809.hex
* Software Version 1.24
* Temperature SN = 2997
* Conductivity SN = 2997
* System UpLoad Time = Jul 28 2009 17:34:11
* SEACAT PROFILER V3.1c SN 2997   07/28/09  17:33:30.309
* strain gauge pressure sensor: S/N = 184829,  range = 3000 psia,  tc = 40
# nquan = 9                                 
# nvalues = 1394                        
# units = specified
# name 0 = timeJ: Julian Days
# name 1 = prSM: Pressure, Strain Gauge [db]
# name 2 = c0mS/cm: Conductivity [mS/cm]
# name 3 = t090C: Temperature [ITS-90, deg C]
# name 4 = sbeox0ML/L: Oxygen, SBE 43 [ml/l]
# name 5 = depSM: Depth [salt water, m], lat = 47.5
# name 6 = sal00: Salinity, Practical [PSU]
# name 7 = sigma-é00: Density [sigma-theta, kg/m^3]
# name 8 = flag: flag
# span 0 = 209.571227, 209.579288       
# span 1 =     -5.806,     12.865       
# span 2 =   0.450073,  39.272257       
# span 3 =     8.0578,    20.8842       
# span 4 =    -1.4770,    14.1875       
# span 5 =     -5.758,     12.757       
# span 6 =     0.2372,    34.0959       
# span 7 =    -1.7977,    26.0306       
# span 8 = 0.0000e+00, 0.0000e+00       
# interval = seconds: 0.5
# start_time = Jul 28 2009 13:42:34 [Instrument's time stamp, header]
# bad_flag = -9.990e-29
*END*
[from data line 1121]
 209.577714      3.742  37.450967    11.5789     5.1051      3.711    32.8932    25.0311 -9.990e-29
 209.577720      3.746  37.459621    11.5785     5.1010      3.715    32.9020    25.0381 -9.990e-29
 209.577726      3.744  37.451466    11.5774     5.0927      3.713    32.8950    25.0328 -9.990e-29
 209.577731      3.738  37.439156    11.5769     5.1037      3.707    32.8834    25.0239 -9.990e-29
 209.577737      3.733  37.430364    11.5764     5.1164      3.702    32.8753    25.0177 -9.990e-29
 209.577743      3.725  37.423443    11.5757     5.1275      3.694    32.8691    25.0130 -9.990e-29
 209.577749      3.713  37.419797    11.5752     5.1248      3.682    32.8660    25.0107 -9.990e-29
 209.577755      3.704  37.422400    11.5762     5.1099      3.673    32.8677    25.0118 -9.990e-29
 209.577760      3.703  37.434147    11.5801     5.1089      3.672    32.8757    25.0173 -9.990e-29
 209.577766      3.704  37.449390    11.5850     5.1099      3.673    32.8862    25.0246 -9.990e-29
 209.577772      3.700  37.455932    11.5860     5.1150      3.669    32.8918    25.0287 -9.990e-29
 209.577778      3.690  37.453515    11.5832     5.1166      3.659    32.8919    25.0293 -9.990e-29
 209.577784      3.683  37.452355    11.5807     5.1202      3.652    32.8930    25.0306 -9.990e-29
 209.577789      3.681  37.452572    11.5795     5.1085      3.650    32.8942    25.0318 -9.990e-29
 209.577795      3.685  37.448837    11.5784     5.1053      3.654    32.8916    25.0300 -9.990e-29
 209.577801      3.695  37.441760    11.5769     5.1035      3.664    32.8860    25.0259 -9.990e-29
 209.577807      3.708  37.435343    11.5756     5.0828      3.677    32.8809    25.0222 -9.990e-29
 209.577812      3.715  37.435026    11.5749     5.0845      3.684    32.8812    25.0225 -9.990e-29
 209.577818      3.718  37.440931    11.5745     5.0835      3.687    32.8873    25.0274 -9.990e-29
 209.577824      3.720  37.444104    11.5744     5.1086      3.689    32.8905    25.0299 -9.990e-29
 209.577830      3.722  37.442037    11.5743     5.1405      3.691    32.8885    25.0284 -9.990e-29
 209.577836      3.724  37.442048    11.5742     5.1582      3.693    32.8886    25.0285 -9.990e-29
 209.577841      3.722  37.443018    11.5738     5.1566      3.691    32.8900    25.0296 -9.990e-29
 209.577847      3.711  37.438940    11.5732     5.1557      3.680    32.8865    25.0270 -9.990e-29
 209.577853      3.696  37.430526    11.5728     5.1546      3.665    32.8786    25.0209 -9.990e-29
 209.577859      3.682  37.422239    11.5729     5.1564      3.651    32.8705    25.0146 -9.990e-29
 209.577865      3.675  37.417587    11.5738     5.1545      3.644    32.8651    25.0102 -9.990e-29
 209.577870      3.678  37.417080    11.5759     5.1380      3.647    32.8627    25.0080 -9.990e-29
 209.577876      3.694  37.423390    11.5791     5.1312      3.663    32.8661    25.0100 -9.990e-29
 209.577882      3.718  37.436511    11.5817     5.1346      3.687    32.8766    25.0177 -9.990e-29
 209.577888      3.736  37.441415    11.5822     5.1451      3.705    32.8809    25.0210 -9.990e-29
 209.577894      3.747  37.431176    11.5816     5.1501      3.716    32.8714    25.0137 -9.990e-29
 209.577899      3.756  37.420151    11.5815     5.1528      3.725    32.8607    25.0055 -9.990e-29
 209.577905      3.770  37.416045    11.5822     5.1566      3.739    32.8561    25.0017 -9.990e-29
 209.577911      3.792  37.417854    11.5829     5.1555      3.760    32.8572    25.0025 -9.990e-29
 209.577917      3.810  37.422370    11.5832     5.1409      3.778    32.8614    25.0056 -9.990e-29
 209.577922      3.816  37.423833    11.5828     5.1116      3.784    32.8632    25.0071 -9.990e-29
 209.577928      3.810  37.424178    11.5821     5.1088      3.778    32.8641    25.0080 -9.990e-29
 209.577934      3.793  37.424411    11.5817     5.1220      3.761    32.8647    25.0085 -9.990e-29
 209.577940      3.772  37.420907    11.5819     5.1432      3.740    32.8611    25.0057 -9.990e-29
 209.577946      3.759  37.418507    11.5829     5.1475      3.728    32.8579    25.0030 -9.990e-29
 209.577951      3.756  37.424649    11.5853     5.1327      3.725    32.8618    25.0056 -9.990e-29
 209.577957      3.760  37.443022    11.5890     5.1182      3.729    32.8764    25.0163 -9.990e-29
 209.577963      3.757  37.462241    11.5904     5.1260      3.726    32.8940    25.0297 -9.990e-29
 209.577969      3.739  37.459718    11.5873     5.1486      3.708    32.8943    25.0304 -9.990e-29
 209.577975      3.714  37.440480    11.5840     5.1673      3.683    32.8784    25.0187 -9.990e-29
 209.577980      3.697  37.423702    11.5822     5.1694      3.666    32.8636    25.0076 -9.990e-29
 209.577986      3.696  37.415022    11.5807     5.1511      3.665    32.8565    25.0023 -9.990e-29
 209.577992      3.705  37.413503    11.5803     5.1548      3.674    32.8553    25.0015 -9.990e-29
 209.577998      3.717  37.415424    11.5809     5.1618      3.686    32.8567    25.0024 -9.990e-29
 209.578003      3.725  37.418846    11.5817     5.1720      3.694    32.8593    25.0043 -9.990e-29
 209.578009      3.729  37.423276    11.5822     5.1729      3.698    32.8632    25.0072 -9.990e-29
 209.578015      3.737  37.431804    11.5831     5.1636      3.706    32.8707    25.0129 -9.990e-29
 209.578021      3.750  37.451863    11.5853     5.1670      3.719    32.8884    25.0262 -9.990e-29
 209.578027      3.761  37.475437    11.5871     5.1583      3.730    32.9098    25.0426 -9.990e-29
 209.578032      3.766  37.475094    11.5869     5.1349      3.735    32.9097    25.0425 -9.990e-29
 209.578038      3.764  37.452042    11.5863     5.1207      3.733    32.8877    25.0255 -9.990e-29
 209.578044      3.757  37.435502    11.5869     5.1102      3.726    32.8710    25.0124 -9.990e-29
 209.578050      3.748  37.426948    11.5876     5.1249      3.717    32.8620    25.0053 -9.990e-29
 209.578056      3.740  37.416642    11.5873     5.1381      3.709    32.8522    24.9977 -9.990e-29
 209.578061      3.733  37.412126    11.5856     5.1511      3.702    32.8493    24.9958 -9.990e-29
 209.578067      3.731  37.418574    11.5820     5.1685      3.700    32.8588    25.0038 -9.990e-29
 209.578073      3.734  37.430560    11.5785     5.1763      3.703    32.8736    25.0160 -9.990e-29
 209.578079      3.734  37.434906    11.5778     5.1556      3.703    32.8785    25.0199 -9.990e-29
 209.578084      3.725  37.426742    11.5796     5.1219      3.694    32.8689    25.0121 -9.990e-29
 209.578090      3.712  37.418707    11.5812     5.0999      3.681    32.8596    25.0046 -9.990e-29
 209.578096      3.703  37.415767    11.5816     5.1068      3.672    32.8564    25.0021 -9.990e-29
 209.578102      3.701  37.413430    11.5815     5.1319      3.670    32.8542    25.0004 -9.990e-29
 209.578108      3.707  37.411930    11.5815     5.1397      3.676    32.8527    24.9992 -9.990e-29
 209.578113      3.719  37.416538    11.5814     5.1401      3.688    32.8573    25.0028 -9.990e-29
 209.578119      3.736  37.426661    11.5813     5.1412      3.705    32.8673    25.0106 -9.990e-29
 209.578125      3.749  37.431681    11.5813     5.1343      3.718    32.8722    25.0144 -9.990e-29
 209.578131      3.755  37.427626    11.5815     5.1363      3.724    32.8681    25.0111 -9.990e-29
 209.578137      3.755  37.419165    11.5821     5.1343      3.724    32.8593    25.0042 -9.990e-29
 209.578142      3.748  37.412936    11.5824     5.1251      3.717    32.8529    24.9992 -9.990e-29
 209.578148      3.735  37.411830    11.5820     5.1128      3.704    32.8522    24.9987 -9.990e-29
 209.578154      3.717  37.413798    11.5815     5.0885      3.686    32.8546    25.0006 -9.990e-29
 209.578160      3.704  37.416968    11.5811     5.0995      3.673    32.8580    25.0034 -9.990e-29
 209.578166      3.698  37.419388    11.5809     5.1103      3.667    32.8606    25.0054 -9.990e-29
 209.578171      3.699  37.419226    11.5808     5.1294      3.668    32.8605    25.0054 -9.990e-29
 209.578177      3.707  37.417933    11.5799     5.1389      3.676    32.8600    25.0052 -9.990e-29
 209.578183      3.723  37.418815    11.5787     5.1386      3.692    32.8619    25.0069 -9.990e-29
 209.578189      3.742  37.423036    11.5791     5.1383      3.711    32.8657    25.0097 -9.990e-29
 209.578194      3.754  37.428922    11.5805     5.1412      3.723    32.8702    25.0130 -9.990e-29
 209.578200      3.751  37.433286    11.5802     5.1351      3.720    32.8747    25.0166 -9.990e-29
 209.578206      3.737  37.435772    11.5785     5.1362      3.706    32.8787    25.0199 -9.990e-29
 209.578212      3.720  37.438190    11.5791     5.1293      3.689    32.8805    25.0213 -9.990e-29
 209.578218      3.707  37.436465    11.5814     5.1392      3.676    32.8768    25.0179 -9.990e-29
 209.578223      3.701  37.428473    11.5829     5.1442      3.670    32.8677    25.0106 -9.990e-29
 209.578229      3.702  37.424285    11.5836     5.1503      3.671    32.8629    25.0068 -9.990e-29
 209.578235      3.711  37.426155    11.5838     5.1448      3.680    32.8646    25.0080 -9.990e-29
 209.578241      3.723  37.427040    11.5837     5.1429      3.692    32.8655    25.0088 -9.990e-29
 209.578247      3.735  37.428108    11.5836     5.1355      3.704    32.8667    25.0097 -9.990e-29
 209.578252      3.748  37.431896    11.5837     5.1256      3.717    32.8703    25.0125 -9.990e-29
 209.578258      3.753  37.433917    11.5840     5.1120      3.722    32.8720    25.0137 -9.990e-29
 209.578264      3.748  37.430688    11.5841     5.0854      3.717    32.8687    25.0112 -9.990e-29
 209.578270      3.744  37.427424    11.5837     5.0848      3.713    32.8659    25.0091 -9.990e-29
 209.578275      3.746  37.429289    11.5828     5.0997      3.715    32.8685    25.0113 -9.990e-29
 209.578281      3.746  37.435961    11.5823     5.1289      3.715    32.8755    25.0168 -9.990e-29
 209.578287      3.738  37.440072    11.5825     5.1368      3.707    32.8793    25.0197 -9.990e-29
 209.578293      3.726  37.436444    11.5825     5.1258      3.695    32.8758    25.0170 -9.990e-29
 209.578299      3.715  37.431437    11.5811     5.1021      3.684    32.8722    25.0144 -9.990e-29
 209.578304      3.703  37.429576    11.5791     5.0930      3.672    32.8721    25.0147 -9.990e-29
 209.578310      3.694  37.428933    11.5786     5.0908      3.663    32.8719    25.0147 -9.990e-29
 209.578316      3.692  37.426398    11.5794     5.0833      3.661    32.8687    25.0120 -9.990e-29
 209.578322      3.697  37.423063    11.5788     5.0875      3.666    32.8660    25.0100 -9.990e-29
 209.578328      3.708  37.423441    11.5755     5.0963      3.677    32.8693    25.0132 -9.990e-29
 209.578333      3.722  37.427465    11.5723     5.0981      3.691    32.8761    25.0190 -9.990e-29
 209.578339      3.733  37.430403    11.5721     5.1099      3.702    32.8791    25.0214 -9.990e-29
 209.578345      3.735  37.429994    11.5749     5.1169      3.704    32.8762    25.0187 -9.990e-29
 209.578351      3.730  37.428485    11.5786     5.1308      3.699    32.8715    25.0143 -9.990e-29
 209.578356      3.720  37.427776    11.5808     5.1568      3.689    32.8688    25.0119 -9.990e-29
 209.578362      3.715  37.427475    11.5804     5.1845      3.684    32.8689    25.0120 -9.990e-29
 209.578368      3.718  37.429415    11.5779     5.2193      3.687    32.8730    25.0156 -9.990e-29
 209.578374      3.720  37.433930    11.5759     5.2295      3.689    32.8792    25.0208 -9.990e-29
 209.578380      3.710  37.434702    11.5774     5.2011      3.679    32.8786    25.0201 -9.990e-29
 209.578385      3.689  37.429945    11.5822     5.1628      3.658    32.8697    25.0123 -9.990e-29
 209.578391      3.671  37.423957    11.5876     5.1492      3.640    32.8591    25.0030 -9.990e-29
 209.578397      3.659  37.419393    11.5913     5.1538      3.628    32.8514    24.9964 -9.990e-29
 209.578403      3.655  37.415764    11.5936     5.1646      3.624    32.8458    24.9916 -9.990e-29
 209.578409      3.663  37.412147    11.5947     5.1738      3.632    32.8413    24.9879 -9.990e-29
 209.578414      3.681  37.410996    11.5949     5.1770      3.650    32.8399    24.9868 -9.990e-29
 209.578420      3.700  37.413568    11.5953     5.1893      3.669    32.8421    24.9884 -9.990e-29
 209.578426      3.714  37.416558    11.5960     5.2038      3.683    32.8444    24.9901 -9.990e-29
 209.578432      3.718  37.417775    11.5971     5.2308      3.687    32.8446    24.9901 -9.990e-29
 209.578438      3.714  37.421076    11.5989     5.2445      3.683    32.8462    24.9910 -9.990e-29
 209.578443      3.700  37.435896    11.6011     5.2162      3.669    32.8588    25.0003 -9.990e-29
 209.578449      3.677  37.447797    11.6031     5.1819      3.646    32.8686    25.0076 -9.990e-29
 209.578455      3.642  37.436207    11.6039     5.1668      3.612    32.8566    24.9981 -9.990e-29
 209.578461      3.601  37.419852    11.6041     5.1729      3.571    32.8405    24.9856 -9.990e-29
 209.578466      3.575  37.411664    11.6052     5.2032      3.545    32.8315    24.9784 -9.990e-29
 209.578472      3.577  37.405203    11.6069     5.2349      3.547    32.8237    24.9720 -9.990e-29
 209.578478      3.604  37.401374    11.6077     5.2414      3.574    32.8192    24.9684 -9.990e-29
 209.578484      3.637  37.404029    11.6075     5.2283      3.607    32.8220    24.9706 -9.990e-29
 209.578490      3.655  37.409971    11.6079     5.2066      3.624    32.8274    24.9747 -9.990e-29
 209.578495      3.653  37.409738    11.6093     5.2115      3.622    32.8260    24.9733 -9.990e-29
 209.578501      3.637  37.405251    11.6108     5.2170      3.607    32.8203    24.9686 -9.990e-29
 209.578507      3.624  37.402289    11.6123     5.2363      3.594    32.8160    24.9651 -9.990e-29
 209.578513      3.626  37.401378    11.6120     5.2300      3.596    32.8154    24.9647 -9.990e-29
 209.578519      3.644  37.404656    11.6086     5.2101      3.614    32.8216    24.9701 -9.990e-29
 209.578524      3.665  37.414245    11.6069     5.1978      3.634    32.8325    24.9789 -9.990e-29
 209.578530      3.678  37.420499    11.6098     5.1915      3.647    32.8360    24.9811 -9.990e-29
 209.578536      3.680  37.414372    11.6143     5.1900      3.649    32.8261    24.9725 -9.990e-29
 209.578542      3.674  37.405618    11.6173     5.1791      3.643    32.8148    24.9632 -9.990e-29
 209.578547      3.670  37.402173    11.6170     5.1656      3.639    32.8118    24.9609 -9.990e-29
 209.578553      3.670  37.403918    11.6142     5.1562      3.639    32.8159    24.9647 -9.990e-29
 209.578559      3.672  37.407568    11.6141     5.1477      3.641    32.8196    24.9675 -9.990e-29
 209.578565      3.671  37.407330    11.6172     5.1764      3.640    32.8166    24.9646 -9.990e-29
 209.578571      3.670  37.406239    11.6185     5.1989      3.639    32.8144    24.9627 -9.990e-29
 209.578576      3.675  37.408434    11.6162     5.2225      3.644    32.8186    24.9663 -9.990e-29
 209.578582      3.680  37.412350    11.6131     5.2415      3.649    32.8251    24.9720 -9.990e-29
 209.578588      3.679  37.414793    11.6129     5.2252      3.648    32.8277    24.9740 -9.990e-29
 209.578594      3.671  37.413403    11.6155     5.1873      3.640    32.8240    24.9707 -9.990e-29
 209.578600      3.663  37.410801    11.6180     5.1342      3.632    32.8193    24.9666 -9.990e-29
 209.578605      3.661  37.408550    11.6186     5.1263      3.630    32.8166    24.9643 -9.990e-29
 209.578611      3.663  37.407566    11.6163     5.1530      3.632    32.8176    24.9656 -9.990e-29
 209.578617      3.669  37.410450    11.6105     5.1945      3.638    32.8256    24.9728 -9.990e-29
 209.578623      3.681  37.414874    11.6036     5.2207      3.650    32.8360    24.9822 -9.990e-29
 209.578628      3.694  37.418319    11.5999     5.2362      3.663    32.8427    24.9880 -9.990e-29
