data/oxygen options/ONMS/Olympic_Coast_National_Marine_Sanctuary_CTD_Data_2005_2023/raw_data/2009/CTD_CE065_081109faed.cnv
* Sea-Bird SBE19 Data File:
* FileName = C:\2009_MOORING_DATA\081109\CTD_CE065_081109.hex
* Software Version 1.24
* Temperature SN = 2997
* Conductivity SN = 2997
* System UpLoad Time = Aug 11 2009 15:41:53
* SEACAT PROFILER V3.1c SN 2997   08/11/09  15:41:07.804
* strain gauge pressure sensor: S/N = 184829,  range = 3000 psia,  tc = 40
# nquan = 9                                 
# nvalues = 2201                        
# units = specified
# name 0 = timeJ: Julian Days
# name 1 = prSM: Pressure, Strain Gauge [db]
# name 2 = c0mS/cm: Conductivity [mS/cm]
# name 3 = t090C: Temperature [ITS-90, deg C]
# name 4 = sbeox0ML/L: Oxygen, SBE 43 [ml/l]
# name 5 = depSM: Depth [salt water, m], lat = 47.5
# name 6 = sal00: Salinity, Practical [PSU]
# name 7 = sigma-é00: Density [sigma-theta, kg/m^3]
# name 8 = flag: flag
# span 0 = 223.517535, 223.530266       
# span 1 =     -4.736,     66.506       
# span 2 =   6.741940,  40.667411       
# span 3 =     7.1338,    14.9453       
# span 4 =    -1.3382,    16.0084       
# span 5 =     -4.697,     65.940       
# span 6 =     7.1101,    33.8496       
# span 7 =     4.6572,    26.4946       
# span 8 = 0.0000e+00, 0.0000e+00       
# interval = seconds: 0.5
# start_time = Aug 11 2009 12:25:15 [Instrument's time stamp, header]
# bad_flag = -9.990e-29
*END*
[from data line 161]
 223.518466      0.092  39.845156    14.5403     7.3768      0.091    32.5965    24.2177 -9.990e-29
 223.518472      0.124  39.857125    14.5442     7.3717      0.123    32.6042    24.2227 -9.990e-29
 223.518478      0.154  39.863189    14.5485     7.3623      0.153    32.6061    24.2233 -9.990e-29
 223.518484      0.175  39.862436    14.5523     7.3440      0.174    32.6022    24.2195 -9.990e-29
 223.518490      0.189  39.866171    14.5584     7.3073      0.187    32.6004    24.2169 -9.990e-29
 223.518495      0.205  39.877665    14.5668     7.2798      0.203    32.6039    24.2177 -9.990e-29
 223.518501      0.225  39.886426    14.5748     7.2897      0.223    32.6051    24.2170 -9.990e-29
 223.518507      0.240  39.886724    14.5808     7.3381      0.238    32.6003    24.2120 -9.990e-29
 223.518513      0.248  39.888465    14.5866     7.3940      0.246    32.5971    24.2083 -9.990e-29
 223.518519      0.254  39.896748    14.5954     7.4301      0.252    32.5972    24.2065 -9.990e-29
 223.518524      0.266  39.908574    14.6072     7.4262      0.264    32.5981    24.2047 -9.990e-29
 223.518530      0.284  39.917819    14.6169     7.4093      0.282    32.5983    24.2029 -9.990e-29
 223.518536      0.303  39.920521    14.6213     7.3720      0.300    32.5971    24.2010 -9.990e-29
 223.518542      0.318  39.923062    14.6233     7.3303      0.315    32.5977    24.2010 -9.990e-29
 223.518547      0.331  39.927684    14.6250     7.3028      0.328    32.6005    24.2028 -9.990e-29
 223.518553      0.343  39.930990    14.6260     7.2989      0.340    32.6027    24.2043 -9.990e-29
 223.518559      0.353  39.935120    14.6270     7.3258      0.350    32.6056    24.2063 -9.990e-29
 223.518565      0.363  39.942190    14.6288     7.3453      0.360    32.6105    24.2097 -9.990e-29
 223.518571      0.374  39.948140    14.6312     7.3671      0.371    32.6139    24.2118 -9.990e-29
 223.518576      0.386  39.950224    14.6341     7.3766      0.383    32.6134    24.2108 -9.990e-29
 223.518582      0.399  39.947829    14.6358     7.3860      0.396    32.6097    24.2076 -9.990e-29
 223.518588      0.416  39.941100    14.6353     7.3812      0.413    32.6040    24.2033 -9.990e-29
 223.518594      0.432  39.937860    14.6371     7.3538      0.428    32.5996    24.1995 -9.990e-29
 223.518600      0.440  39.943857    14.6437     7.3374      0.436    32.5995    24.1981 -9.990e-29
 223.518605      0.441  39.953601    14.6510     7.3111      0.437    32.6022    24.1986 -9.990e-29
 223.518611      0.442  39.959309    14.6545     7.3259      0.438    32.6045    24.1996 -9.990e-29
 223.518617      0.449  39.960156    14.6544     7.3417      0.445    32.6053    24.2003 -9.990e-29
 223.518623      0.462  39.960051    14.6526     7.3621      0.458    32.6067    24.2018 -9.990e-29
 223.518628      0.482  39.955464    14.6483     7.3843      0.478    32.6062    24.2022 -9.990e-29
 223.518634      0.505  39.936325    14.6416     7.3878      0.501    32.5944    24.1946 -9.990e-29
 223.518640      0.526  39.906809    14.6352     7.3974      0.522    32.5729    24.1793 -9.990e-29
 223.518646      0.539  39.883606    14.6310     7.4025      0.535    32.5553    24.1667 -9.990e-29
 223.518652      0.548  39.873318    14.6300     7.4086      0.543    32.5467    24.1603 -9.990e-29
 223.518657      0.551  39.872854    14.6314     7.3939      0.546    32.5451    24.1588 -9.990e-29
 223.518663      0.550  39.878766    14.6297     7.3635      0.545    32.5519    24.1644 -9.990e-29
 223.518669      0.544  39.886012    14.6214     7.3321      0.539    32.5655    24.1766 -9.990e-29
 223.518675      0.537  39.887967    14.6105     7.3060      0.533    32.5764    24.1873 -9.990e-29
 223.518681      0.534  39.887773    14.6024     7.3111      0.530    32.5830    24.1941 -9.990e-29
 223.518686      0.532  39.891870    14.5995     7.3554      0.528    32.5892    24.1995 -9.990e-29
 223.518692      0.534  39.896720    14.6021     7.4000      0.530    32.5914    24.2007 -9.990e-29
 223.518698      0.534  39.902033    14.6083     7.4263      0.530    32.5911    24.1991 -9.990e-29
 223.518704      0.528  39.908696    14.6133     7.4066      0.524    32.5930    24.1995 -9.990e-29
 223.518709      0.525  39.913231    14.6145     7.3570      0.521    32.5961    24.2016 -9.990e-29
 223.518715      0.537  39.916614    14.6139     7.3304      0.533    32.5997    24.2045 -9.990e-29
 223.518721      0.560  39.920526    14.6138     7.3240      0.555    32.6033    24.2073 -9.990e-29
 223.518727      0.583  39.922868    14.6145     7.3482      0.578    32.6048    24.2084 -9.990e-29
 223.518733      0.604  39.922248    14.6148     7.3759      0.599    32.6040    24.2077 -9.990e-29
 223.518738      0.623  39.921736    14.6130     7.4175      0.618    32.6050    24.2089 -9.990e-29
 223.518744      0.642  39.918382    14.6070     7.4393      0.637    32.6070    24.2117 -9.990e-29
 223.518750      0.663  39.897032    14.5936     7.4381      0.657    32.5988    24.2082 -9.990e-29
 223.518756      0.681  39.865080    14.5770     7.4233      0.675    32.5836    24.2000 -9.990e-29
 223.518762      0.690  39.853352    14.5712     7.3778      0.684    32.5778    24.1967 -9.990e-29
 223.518767      0.687  39.866370    14.5814     7.3572      0.681    32.5811    24.1971 -9.990e-29
 223.518773      0.669  39.886132    14.5988     7.3455      0.663    32.5845    24.1960 -9.990e-29
 223.518779      0.642  39.903070    14.6149     7.3318      0.637    32.5864    24.1941 -9.990e-29
 223.518785      0.616  39.919559    14.6258     7.3586      0.611    32.5923    24.1963 -9.990e-29
 223.518791      0.602  39.934010    14.6298     7.3803      0.597    32.6021    24.2030 -9.990e-29
 223.518796      0.608  39.940996    14.6293     7.3903      0.603    32.6089    24.2084 -9.990e-29
 223.518802      0.631  39.939714    14.6294     7.3821      0.626    32.6076    24.2074 -9.990e-29
 223.518808      0.649  39.935720    14.6314     7.3726      0.644    32.6023    24.2029 -9.990e-29
 223.518814      0.660  39.938797    14.6346     7.3732      0.654    32.6024    24.2023 -9.990e-29
 223.518819      0.673  39.947413    14.6391     7.3887      0.667    32.6065    24.2044 -9.990e-29
 223.518825      0.681  39.955087    14.6448     7.4017      0.675    32.6087    24.2049 -9.990e-29
 223.518831      0.687  39.959689    14.6508     7.4047      0.681    32.6078    24.2030 -9.990e-29
 223.518837      0.711  39.959477    14.6544     7.3819      0.705    32.6046    24.1998 -9.990e-29
 223.518843      0.744  39.957511    14.6553     7.3635      0.738    32.6021    24.1976 -9.990e-29
 223.518848      0.772  39.958430    14.6565     7.3506      0.766    32.6019    24.1972 -9.990e-29
 223.518854      0.793  39.962311    14.6593     7.3506      0.786    32.6030    24.1975 -9.990e-29
 223.518860      0.806  39.967574    14.6629     7.3663      0.799    32.6048    24.1981 -9.990e-29
 223.518866      0.819  39.972798    14.6678     7.3538      0.812    32.6054    24.1976 -9.990e-29
 223.518872      0.835  39.979875    14.6747     7.3404      0.828    32.6061    24.1966 -9.990e-29
 223.518877      0.852  39.989244    14.6814     7.3475      0.845    32.6090    24.1974 -9.990e-29
 223.518883      0.865  39.994305    14.6846     7.3773      0.858    32.6109    24.1982 -9.990e-29
 223.518889      0.877  39.993928    14.6851     7.4032      0.870    32.6101    24.1975 -9.990e-29
 223.518895      0.888  39.994875    14.6863     7.4095      0.881    32.6100    24.1971 -9.990e-29
 223.518900      0.898  39.999503    14.6902     7.3688      0.891    32.6109    24.1970 -9.990e-29
 223.518906      0.909  40.004984    14.6957     7.3581      0.901    32.6113    24.1961 -9.990e-29
 223.518912      0.921  40.006826    14.6994     7.3515      0.913    32.6098    24.1942 -9.990e-29
 223.518918      0.929  40.005774    14.7001     7.3370      0.921    32.6083    24.1929 -9.990e-29
 223.518924      0.932  40.008253    14.7004     7.3181      0.924    32.6103    24.1944 -9.990e-29
 223.518929      0.932  40.012494    14.7024     7.3154      0.924    32.6125    24.1956 -9.990e-29
 223.518935      0.935  40.011786    14.7033     7.3362      0.927    32.6111    24.1943 -9.990e-29
 223.518941      0.941  40.000674    14.6988     7.3758      0.933    32.6047    24.1904 -9.990e-29
 223.518947      0.949  39.978896    14.6884     7.3928      0.941    32.5937    24.1841 -9.990e-29
 223.518953      0.961  39.955525    14.6706     7.3702      0.953    32.5873    24.1830 -9.990e-29
 223.518958      0.977  39.936961    14.6474     7.3266      0.969    32.5899    24.1899 -9.990e-29
 223.518964      0.994  39.927598    14.6332     7.3171      0.986    32.5933    24.1955 -9.990e-29
 223.518970      1.005  39.932876    14.6381     7.3304      0.997    32.5940    24.1950 -9.990e-29
 223.518976      1.005  39.948043    14.6539     7.3239      0.997    32.5945    24.1921 -9.990e-29
 223.518981      1.000  39.960792    14.6660     7.3085      0.992    32.5960    24.1906 -9.990e-29
 223.518987      0.997  39.965689    14.6689     7.3027      0.989    32.5980    24.1916 -9.990e-29
 223.518993      1.000  39.964781    14.6647     7.3176      0.992    32.6007    24.1945 -9.990e-29
 223.518999      1.010  39.952931    14.6544     7.3617      1.002    32.5985    24.1951 -9.990e-29
 223.519005      1.028  39.928353    14.6397     7.4017      1.019    32.5885    24.1905 -9.990e-29
 223.519010      1.049  39.908179    14.6256     7.4204      1.040    32.5820    24.1884 -9.990e-29
 223.519016      1.068  39.900272    14.6156     7.4190      1.059    32.5831    24.1914 -9.990e-29
 223.519022      1.080  39.894642    14.6080     7.4025      1.071    32.5844    24.1940 -9.990e-29
 223.519028      1.087  39.887141    14.6000     7.3806      1.078    32.5843    24.1956 -9.990e-29
 223.519034      1.089  39.884023    14.5940     7.3517      1.080    32.5865    24.1986 -9.990e-29
 223.519039      1.087  39.889539    14.5950     7.3483      1.078    32.5907    24.2016 -9.990e-29
 223.519045      1.080  39.900384    14.6031     7.3515      1.071    32.5937    24.2023 -9.990e-29
 223.519051      1.067  39.913069    14.6130     7.3647      1.058    32.5970    24.2027 -9.990e-29
 223.519057      1.052  39.922636    14.6194     7.3805      1.043    32.6003    24.2039 -9.990e-29
 223.519062      1.043  39.926698    14.6218     7.3797      1.034    32.6020    24.2047 -9.990e-29
 223.519068      1.044  39.928426    14.6226     7.3719      1.035    32.6029    24.2052 -9.990e-29
 223.519074      1.054  39.927881    14.6226     7.3531      1.045    32.6024    24.2048 -9.990e-29
 223.519080      1.074  39.924332    14.6220     7.3586      1.065    32.5997    24.2028 -9.990e-29
 223.519086      1.101  39.919211    14.6220     7.3757      1.092    32.5950    24.1992 -9.990e-29
 223.519091      1.124  39.911856    14.6224     7.3972      1.115    32.5880    24.1937 -9.990e-29
 223.519097      1.136  39.907597    14.6231     7.4100      1.127    32.5835    24.1901 -9.990e-29
 223.519103      1.142  39.911963    14.6229     7.3962      1.132    32.5876    24.1934 -9.990e-29
 223.519109      1.146  39.916754    14.6200     7.3727      1.136    32.5944    24.1992 -9.990e-29
 223.519115      1.149  39.917702    14.6159     7.3549      1.139    32.5987    24.2034 -9.990e-29
 223.519120      1.152  39.918871    14.6148     7.3579      1.142    32.6007    24.2052 -9.990e-29
 223.519126      1.153  39.921816    14.6174     7.3770      1.143    32.6012    24.2050 -9.990e-29
 223.519132      1.154  39.924289    14.6203     7.3929      1.144    32.6010    24.2042 -9.990e-29
 223.519138      1.159  39.923977    14.6209     7.3894      1.149    32.6002    24.2035 -9.990e-29
 223.519144      1.172  39.922706    14.6193     7.3876      1.162    32.6004    24.2040 -9.990e-29
 223.519149      1.189  39.922142    14.6171     7.3810      1.179    32.6018    24.2055 -9.990e-29
 223.519155      1.204  39.923213    14.6171     7.3688      1.194    32.6027    24.2062 -9.990e-29
 223.519161      1.209  39.926220    14.6198     7.3441      1.199    32.6032    24.2060 -9.990e-29
 223.519167      1.204  39.929560    14.6236     7.3350      1.194    32.6030    24.2051 -9.990e-29
 223.519172      1.201  39.933195    14.6282     7.3490      1.191    32.6025    24.2037 -9.990e-29
 223.519178      1.209  39.937485    14.6341     7.3878      1.199    32.6014    24.2016 -9.990e-29
 223.519184      1.224  39.940858    14.6402     7.4172      1.214    32.5994    24.1988 -9.990e-29
 223.519190      1.239  39.942761    14.6446     7.3982      1.229    32.5974    24.1963 -9.990e-29
 223.519196      1.245  39.944608    14.6478     7.3502      1.235    32.5964    24.1948 -9.990e-29
 223.519201      1.244  39.945494    14.6480     7.2975      1.234    32.5971    24.1953 -9.990e-29
 223.519207      1.244  39.943793    14.6432     7.2762      1.234    32.5995    24.1982 -9.990e-29
 223.519213      1.249  39.940600    14.6367     7.2957      1.239    32.6021    24.2016 -9.990e-29
 223.519219      1.255  39.938384    14.6335     7.3371      1.245    32.6027    24.2028 -9.990e-29
 223.519225      1.255  39.940913    14.6354     7.3655      1.245    32.6035    24.2029 -9.990e-29
 223.519230      1.247  39.948189    14.6404     7.3862      1.237    32.6059    24.2037 -9.990e-29
 223.519236      1.240  39.955328    14.6461     7.3990      1.230    32.6076    24.2038 -9.990e-29
 223.519242      1.237  39.960632    14.6522     7.3935      1.227    32.6073    24.2023 -9.990e-29
 223.519248      1.240  39.965564    14.6578     7.3607      1.230    32.6071    24.2010 -9.990e-29
 223.519253      1.251  39.968284    14.6607     7.3187      1.241    32.6071    24.2004 -9.990e-29
 223.519259      1.273  39.968492    14.6619     7.3029      1.262    32.6063    24.1995 -9.990e-29
 223.519265      1.293  39.969829    14.6634     7.3385      1.282    32.6062    24.1991 -9.990e-29
 223.519271      1.303  39.972392    14.6655     7.3720      1.292    32.6068    24.1991 -9.990e-29
 223.519277      1.310  39.975107    14.6682     7.3845      1.299    32.6070    24.1987 -9.990e-29
 223.519282      1.322  39.975984    14.6702     7.3351      1.311    32.6061    24.1976 -9.990e-29
 223.519288      1.340  39.966656    14.6688     7.2833      1.329    32.5988    24.1922 -9.990e-29
 223.519294      1.356  39.953187    14.6672     7.2921      1.345    32.5879    24.1842 -9.990e-29
 223.519300      1.363  39.955749    14.6712     7.3479      1.352    32.5869    24.1825 -9.990e-29
 223.519306      1.357  39.972143    14.6786     7.4062      1.346    32.5956    24.1877 -9.990e-29
 223.519311      1.346  39.986094    14.6849     7.4210      1.335    32.6030    24.1920 -9.990e-29
 223.519317      1.342  39.993209    14.6895     7.3938      1.331    32.6056    24.1931 -9.990e-29
 223.519323      1.350  39.996244    14.6913     7.3658      1.339    32.6068    24.1937 -9.990e-29
 223.519329      1.365  39.992515    14.6902     7.3703      1.354    32.6044    24.1920 -9.990e-29
 223.519334      1.380  39.986579    14.6897     7.3777      1.368    32.5994    24.1882 -9.990e-29
 223.519340      1.392  39.986780    14.6910     7.3831      1.380    32.5985    24.1873 -9.990e-29
 223.519346      1.401  39.984971    14.6905     7.3864      1.389    32.5972    24.1864 -9.990e-29
 223.519352      1.408  39.974810    14.6817     7.3699      1.396    32.5954    24.1869 -9.990e-29
 223.519358      1.414  39.950036    14.6621     7.3701      1.402    32.5893    24.1863 -9.990e-29
 223.519363      1.418  39.914625    14.6445     7.3753      1.406    32.5718    24.1766 -9.990e-29
 223.519369      1.422  39.898181    14.6454     7.3706      1.410    32.5561    24.1643 -9.990e-29
 223.519375      1.424  39.909050    14.6579     7.3673      1.412    32.5555    24.1612 -9.990e-29
 223.519381      1.426  39.923026    14.6601     7.3629      1.414    32.5664    24.1691 -9.990e-29
