data/oxygen options/ONMS/Olympic_Coast_National_Marine_Sanctuary_CTD_Data_2005_2023/raw_data/2009/CTD_TH042_100709faed.cnv
* Sea-Bird SBE19 Data File:
* FileName = C:\2009_MOORING_DATA\100709_DATA\CTD_TH042_100709.hex
* Software Version 1.24
* Temperature SN = 2997
* Conductivity SN = 2997
* System UpLoad Time = Oct 07 2009 16:02:02
* SEACAT PROFILER V3.1c SN 2997   10/07/09  16:00:10.531
* strain gauge pressure sensor: S/N = 184829,  range = 3000 psia,  tc = 40
# nquan = 9                                 
# nvalues = 2267                        
# units = specified
# name 0 = timeJ: Julian Days
# name 1 = prSM: Pressure, Strain Gauge [db]
# name 2 = c0mS/cm: Conductivity [mS/cm]
# name 3 = t090C: Temperature [ITS-90, deg C]
# name 4 = sbeox0ML/L: Oxygen, SBE 43 [ml/l]
# name 5 = depSM: Depth [salt water, m], lat = 47.5
# name 6 = sal00: Salinity, Practical [PSU]
# name 7 = sigma-é00: Density [sigma-theta, kg/m^3]
# name 8 = flag: flag
# span 0 = 280.653461, 280.666574       
# span 1 =     -5.223,     44.687       
# span 2 =   0.205050,  37.889199       
# span 3 =     7.6574,    13.0126       
# span 4 =   -16.6980,    26.6761       
# span 5 =     -5.179,     44.309       
# span 6 =     0.1296,    33.4970       
# span 7 =    -0.4453,    26.1435       
# span 8 = 0.0000e+00, 0.0000e+00       
# interval = seconds: 0.5
# start_time = Oct 07 2009 15:40:59 [Instrument's time stamp, header]
# bad_flag = -9.990e-29
*END*
[from data line 161]
 280.654392     -0.273  37.270604    11.2402    -1.4213     -0.271    33.0200    25.1911 -9.990e-29
 280.654398     -0.242  37.305355    11.2266    -1.4221     -0.240    33.0665    25.2297 -9.990e-29
 280.654404     -0.214  37.366405    11.2354    -1.4223     -0.212    33.1188    25.2688 -9.990e-29
 280.654410     -0.198  37.368739    11.2458    -1.4223     -0.196    33.1118    25.2614 -9.990e-29
 280.654416     -0.186  37.311597    11.2425    -1.4207     -0.184    33.0584    25.2205 -9.990e-29
 280.654421     -0.174  37.280264    11.2269    -1.4204     -0.173    33.0414    25.2101 -9.990e-29
 280.654427     -0.158  37.327740    11.2099    -1.4207     -0.157    33.1036    25.2615 -9.990e-29
 280.654433     -0.132  37.394078    11.2033    -1.4223     -0.131    33.1750    25.3182 -9.990e-29
 280.654439     -0.102  37.396275    11.2048    -1.4231     -0.101    33.1758    25.3186 -9.990e-29
 280.654444     -0.080  37.355804    11.2079    -1.4221     -0.079    33.1330    25.2848 -9.990e-29
 280.654450     -0.069  37.349911    11.2179    -1.4206     -0.068    33.1182    25.2714 -9.990e-29
 280.654456     -0.067  37.363507    11.2363    -1.4204     -0.066    33.1151    25.2657 -9.990e-29
 280.654462     -0.072  37.336309    11.2500    -1.4220     -0.071    33.0759    25.2328 -9.990e-29
 280.654468     -0.073  37.289277    11.2476    -1.4223     -0.072    33.0317    25.1988 -9.990e-29
 280.654473     -0.067  37.290911    11.2333    -1.4220     -0.066    33.0462    25.2126 -9.990e-29
 280.654479     -0.054  37.354097    11.2218    -1.4220     -0.054    33.1188    25.2712 -9.990e-29
 280.654485     -0.038  37.414051    11.2221    -1.4208     -0.038    33.1777    25.3170 -9.990e-29
 280.654491     -0.024  37.406722    11.2308    -1.4199     -0.024    33.1627    25.3037 -9.990e-29
 280.654497     -0.014  37.337523    11.2365    -1.4192     -0.014    33.0892    25.2456 -9.990e-29
 280.654502      0.003  37.282945    11.2330    -1.4206      0.003    33.0385    25.2068 -9.990e-29
 280.654508      0.027  37.308709    11.2266    -1.4213      0.027    33.0697    25.2321 -9.990e-29
 280.654514      0.052  37.379726    11.2283    -1.4219      0.052    33.1382    25.2851 -9.990e-29
 280.654520      0.070  37.404104    11.2427    -1.4230      0.069    33.1493    25.2912 -9.990e-29
 280.654525      0.079  37.357232    11.2626    -1.4218      0.078    33.0852    25.2377 -9.990e-29
 280.654531      0.083  37.292123    11.2751    -1.4212      0.082    33.0098    25.1768 -9.990e-29
 280.654537      0.086  37.252051    11.2756    -1.4220      0.085    32.9699    25.1457 -9.990e-29
 280.654543      0.090  37.262668    11.2708    -1.4230      0.089    32.9846    25.1580 -9.990e-29
 280.654549      0.094  37.330904    11.2712    -1.4230      0.093    33.0515    25.2100 -9.990e-29
 280.654554      0.098  37.409360    11.2810    -1.4216      0.097    33.1200    25.2615 -9.990e-29
 280.654560      0.103  37.424470    11.2919    -1.4212      0.102    33.1251    25.2635 -9.990e-29
 280.654566      0.108  37.353838    11.2900    -1.4221      0.107    33.0573    25.2111 -9.990e-29
 280.654572      0.120  37.256912    11.2694    -1.4227      0.119    32.9802    25.1549 -9.990e-29
 280.654578      0.142  37.197313    11.2406    -1.4214      0.141    32.9472    25.1344 -9.990e-29
 280.654583      0.168  37.212764    11.2240    -1.4211      0.167    32.9773    25.1608 -9.990e-29
 280.654589      0.186  37.294213    11.2309    -1.4208      0.184    33.0515    25.2172 -9.990e-29
 280.654595      0.193  37.344619    11.2513    -1.4218      0.191    33.0829    25.2379 -9.990e-29
 280.654601      0.194  37.297294    11.2641    -1.4226      0.192    33.0247    25.1904 -9.990e-29
 280.654606      0.198  37.211932    11.2615    -1.4241      0.196    32.9429    25.1273 -9.990e-29
 280.654612      0.208  37.189990    11.2565    -1.4227      0.206    32.9258    25.1148 -9.990e-29
 280.654618      0.223  37.240941    11.2605    -1.4220      0.221    32.9724    25.1504 -9.990e-29
 280.654624      0.232  37.274727    11.2658    -1.4212      0.230    33.0009    25.1716 -9.990e-29
 280.654630      0.239  37.249018    11.2634    -1.4226      0.237    32.9778    25.1540 -9.990e-29
 280.654635      0.246  37.234395    11.2614    -1.4220      0.244    32.9651    25.1446 -9.990e-29
 280.654641      0.251  37.275309    11.2702    -1.4217      0.249    32.9976    25.1682 -9.990e-29
 280.654647      0.249  37.313155    11.2823    -1.4225      0.247    33.0240    25.1866 -9.990e-29
 280.654653      0.245  37.286920    11.2808    -1.4230      0.243    32.9995    25.1678 -9.990e-29
 280.654659      0.246  37.207635    11.2625    19.9029      0.244    32.9378    25.1231 -9.990e-29
 280.654664      0.253  37.137779    11.2430    26.4638      0.251    32.8864    25.0866 -9.990e-29
 280.654670      0.258  37.138944    11.2374    26.6761      0.256    32.8925    25.0924 -9.990e-29
 280.654676      0.256  37.209368    11.2506    21.1329      0.254    32.9501    25.1348 -9.990e-29
 280.654682      0.249  37.275992    11.2779     9.7223      0.247    32.9913    25.1620 -9.990e-29
 280.654688      0.238  37.267980    11.3051     9.4162      0.236    32.9591    25.1320 -9.990e-29
 280.654693      0.238  37.194879    11.3159     9.5049      0.236    32.8776    25.0667 -9.990e-29
 280.654699      0.255  37.129096    11.3025     9.5117      0.253    32.8248    25.0280 -9.990e-29
 280.654705      0.283  37.097309    11.2794     9.5664      0.281    32.8140    25.0238 -9.990e-29
 280.654711      0.311  37.086333    11.2683     9.5880      0.308    32.8131    25.0251 -9.990e-29
 280.654716      0.332  37.073738    11.2708     9.5545      0.329    32.7985    25.0133 -9.990e-29
 280.654722      0.342  37.046700    11.2781     9.4591      0.339    32.7654    24.9862 -9.990e-29
 280.654728      0.348  37.030866    11.2883     9.3449      0.345    32.7407    24.9652 -9.990e-29
 280.654734      0.353  37.033201    11.3059     9.2600      0.350    32.7274    24.9517 -9.990e-29
 280.654740      0.357  37.045103    11.3293     9.2163      0.354    32.7183    24.9404 -9.990e-29
 280.654745      0.362  37.058401    11.3455     9.2448      0.359    32.7170    24.9365 -9.990e-29
 280.654751      0.371  37.059498    11.3458     9.3038      0.368    32.7178    24.9371 -9.990e-29
 280.654757      0.390  37.045995    11.3354     9.3580      0.387    32.7138    24.9358 -9.990e-29
 280.654763      0.415  37.023485    11.3241     9.3417      0.412    32.7017    24.9284 -9.990e-29
 280.654769      0.439  36.998432    11.3202     9.2921      0.435    32.6805    24.9127 -9.990e-29
 280.654774      0.456  36.990160    11.3282     9.2495      0.452    32.6653    24.8994 -9.990e-29
 280.654780      0.463  37.005625    11.3421     9.2571      0.459    32.6682    24.8991 -9.990e-29
 280.654786      0.463  37.019547    11.3451     9.2812      0.459    32.6792    24.9072 -9.990e-29
 280.654792      0.466  37.016919    11.3270     9.2933      0.462    32.6926    24.9209 -9.990e-29
 280.654797      0.476  37.002143    11.3008     9.2865      0.472    32.7013    24.9323 -9.990e-29
 280.654803      0.494  36.985275    11.2844     9.2998      0.490    32.6993    24.9337 -9.990e-29
 280.654809      0.516  36.977498    11.2831     9.3311      0.512    32.6928    24.9289 -9.990e-29
 280.654815      0.535  36.984742    11.2905     9.3758      0.531    32.6933    24.9280 -9.990e-29
 280.654821      0.549  36.997663    11.2952     9.3780      0.544    32.7019    24.9338 -9.990e-29
 280.654826      0.558  37.003282    11.2930     9.3328      0.553    32.7093    24.9400 -9.990e-29
 280.654832      0.562  37.002981    11.2894     9.2665      0.557    32.7122    24.9429 -9.990e-29
 280.654838      0.563  37.003701    11.2909     9.2254      0.558    32.7116    24.9421 -9.990e-29
 280.654844      0.559  37.007575    11.2995     9.2097      0.554    32.7078    24.9376 -9.990e-29
 280.654850      0.552  37.014219    11.3114     9.1959      0.547    32.7038    24.9323 -9.990e-29
 280.654855      0.544  37.019096    11.3155     9.1576      0.539    32.7049    24.9325 -9.990e-29
 280.654861      0.544  37.009152    11.3067     9.1242      0.539    32.7030    24.9326 -9.990e-29
 280.654867      0.555  36.985755    11.2928     9.1426      0.550    32.6923    24.9267 -9.990e-29
 280.654873      0.575  36.967641    11.2793     9.1934      0.570    32.6864    24.9246 -9.990e-29
 280.654878      0.597  36.960212    11.2659     9.2415      0.592    32.6910    24.9306 -9.990e-29
 280.654884      0.616  36.956383    11.2527     9.2174      0.611    32.6989    24.9391 -9.990e-29
 280.654890      0.635  36.950285    11.2440     9.1188      0.630    32.7006    24.9420 -9.990e-29
 280.654896      0.650  36.947202    11.2486     8.9926      0.645    32.6935    24.9356 -9.990e-29
 280.654902      0.658  36.956802    11.2641     8.9083      0.653    32.6892    24.9295 -9.990e-29
 280.654907      0.663  36.970542    11.2723     8.9179      0.657    32.6954    24.9329 -9.990e-29
 280.654913      0.671  36.971956    11.2598     9.0063      0.665    32.7079    24.9448 -9.990e-29
 280.654919      0.683  36.957289    11.2320     9.1298      0.677    32.7182    24.9578 -9.990e-29
 280.654925      0.698  36.933284    11.2061     9.2402      0.692    32.7175    24.9619 -9.990e-29
 280.654931      0.713  36.911036    11.1968     9.3011      0.707    32.7038    24.9529 -9.990e-29
 280.654936      0.721  36.907344    11.2059     9.2855      0.715    32.6921    24.9422 -9.990e-29
 280.654942      0.718  36.922837    11.2240     9.1804      0.712    32.6913    24.9383 -9.990e-29
 280.654948      0.708  36.941143    11.2374     9.0374      0.702    32.6974    24.9407 -9.990e-29
 280.654954      0.699  36.958051    11.2415     8.9559      0.693    32.7105    24.9501 -9.990e-29
 280.654959      0.694  36.970287    11.2433     9.0221      0.688    32.7209    24.9579 -9.990e-29
 280.654965      0.694  36.972269    11.2447     9.1672      0.688    32.7216    24.9582 -9.990e-29
 280.654971      0.698  36.966598    11.2371     9.2669      0.692    32.7228    24.9605 -9.990e-29
 280.654977      0.707  36.944547    11.2195     9.2494      0.701    32.7167    24.9589 -9.990e-29
 280.654983      0.717  36.909736    11.2121     9.1644      0.711    32.6890    24.9386 -9.990e-29
 280.654988      0.720  36.903128    11.2295     9.1351      0.714    32.6670    24.9185 -9.990e-29
 280.654994      0.712  36.937155    11.2576     9.1432      0.706    32.6756    24.9201 -9.990e-29
 280.655000      0.696  36.975324    11.2773     9.1840      0.690    32.6957    24.9322 -9.990e-29
 280.655006      0.685  36.991155    11.2816     9.2476      0.679    32.7075    24.9406 -9.990e-29
 280.655012      0.686  36.978821    11.2748     9.2819      0.680    32.7014    24.9370 -9.990e-29
 280.655017      0.696  36.950417    11.2711     9.3312      0.690    32.6767    24.9185 -9.990e-29
 280.655023      0.705  36.942002    11.2789     9.3713      0.699    32.6615    24.9053 -9.990e-29
 280.655029      0.711  36.966965    11.2957     9.3785      0.705    32.6712    24.9098 -9.990e-29
 280.655035      0.719  37.002505    11.3107     9.3697      0.713    32.6928    24.9239 -9.990e-29
 280.655041      0.732  37.020313    11.3133     9.3342      0.726    32.7080    24.9353 -9.990e-29
 280.655046      0.748  37.007668    11.3120     9.2773      0.742    32.6967    24.9268 -9.990e-29
 280.655052      0.759  36.995303    11.3164     9.2115      0.753    32.6806    24.9135 -9.990e-29
 280.655058      0.761  37.003674    11.3204     9.1362      0.755    32.6853    24.9164 -9.990e-29
 280.655064      0.759  37.009711    11.3161     9.1097      0.753    32.6951    24.9247 -9.990e-29
 280.655069      0.761  37.002931    11.3028     9.1712      0.755    32.7002    24.9311 -9.990e-29
 280.655075      0.772  36.992745    11.2881     9.2528      0.766    32.7032    24.9361 -9.990e-29
 280.655081      0.788  36.988503    11.2799     9.3109      0.781    32.7063    24.9400 -9.990e-29
 280.655087      0.802  36.987866    11.2756     9.3114      0.795    32.7095    24.9432 -9.990e-29
 280.655093      0.809  36.980410    11.2728     9.2636      0.802    32.7046    24.9400 -9.990e-29
 280.655098      0.812  36.975762    11.2799     9.2208      0.805    32.6938    24.9302 -9.990e-29
 280.655104      0.808  36.987856    11.2967     9.2180      0.801    32.6908    24.9249 -9.990e-29
 280.655110      0.804  37.004192    11.3075     9.2549      0.797    32.6973    24.9280 -9.990e-29
 280.655116      0.807  37.010643    11.3026     9.2976      0.800    32.7079    24.9372 -9.990e-29
 280.655122      0.821  37.005125    11.2880     9.3067      0.814    32.7155    24.9456 -9.990e-29
 280.655127      0.843  36.993690    11.2764     9.3007      0.836    32.7145    24.9470 -9.990e-29
 280.655133      0.862  36.990186    11.2760     9.2572      0.855    32.7114    24.9446 -9.990e-29
 280.655139      0.871  36.997740    11.2853     9.2322      0.864    32.7106    24.9423 -9.990e-29
 280.655145      0.873  37.007324    11.2968     9.2588      0.866    32.7098    24.9397 -9.990e-29
 280.655150      0.875  37.013178    11.3043     9.3235      0.868    32.7089    24.9376 -9.990e-29
 280.655156      0.879  37.015782    11.3045     9.3907      0.872    32.7113    24.9394 -9.990e-29
 280.655162      0.891  37.014083    11.2975     9.4022      0.884    32.7158    24.9442 -9.990e-29
 280.655168      0.907  37.005214    11.2893     9.3349      0.899    32.7144    24.9446 -9.990e-29
 280.655174      0.923  36.995239    11.2871     9.2342      0.915    32.7065    24.9388 -9.990e-29
 280.655179      0.937  36.997152    11.2935     9.1951      0.929    32.7027    24.9347 -9.990e-29
 280.655185      0.946  37.011218    11.3042     9.2483      0.938    32.7070    24.9362 -9.990e-29
 280.655191      0.953  37.023643    11.3113     9.3822      0.945    32.7129    24.9395 -9.990e-29
 280.655197      0.964  37.027414    11.3105     9.5060      0.956    32.7174    24.9431 -9.990e-29
 280.655203      0.979  37.019670    11.3029     9.5029      0.971    32.7165    24.9438 -9.990e-29
 280.655208      0.996  37.000134    11.2971     9.4051      0.988    32.7024    24.9339 -9.990e-29
 280.655214      1.001  36.990348    11.3037     9.2982      0.993    32.6869    24.9206 -9.990e-29
 280.655220      0.988  37.006920    11.3217     9.2869      0.980    32.6873    24.9177 -9.990e-29
 280.655226      0.964  37.032110    11.3401     9.3943      0.956    32.6957    24.9209 -9.990e-29
 280.655231      0.944  37.050147    11.3490     9.4860      0.936    32.7056    24.9270 -9.990e-29
 280.655237      0.940  37.058140    11.3432     9.4994      0.932    32.7186    24.9381 -9.990e-29
 280.655243      0.952  37.048214    11.3304     9.4920      0.944    32.7202    24.9417 -9.990e-29
 280.655249      0.968  37.027268    11.3265     9.5446      0.960    32.7030    24.9291 -9.990e-29
 280.655255      0.975  37.021691    11.3383     9.6448      0.967    32.6871    24.9145 -9.990e-29
 280.655260      0.975  37.043610    11.3605     9.7373      0.967    32.6889    24.9120 -9.990e-29
 280.655266      0.975  37.080735    11.3828     9.7583      0.967    32.7056    24.9209 -9.990e-29
 280.655272      0.980  37.110231    11.3976     9.7281      0.972    32.7215    24.9306 -9.990e-29
 280.655278      0.991  37.116466    11.4062     9.6607      0.983    32.7200    24.9279 -9.990e-29
 280.655284      1.004  37.112758    11.4143     9.5894      0.996    32.7091    24.9180 -9.990e-29
 280.655289      1.011  37.118219    11.4229     9.5643      1.003    32.7069    24.9147 -9.990e-29
 280.655295      1.012  37.130560    11.4303     9.5650      1.004    32.7124    24.9176 -9.990e-29
 280.655301      1.016  37.139854    11.4323     9.5539      1.008    32.7198    24.9230 -9.990e-29
 280.655307      1.029  37.134353    11.4256     9.4613      1.020    32.7203    24.9246 -9.990e-29
