data/oxygen options/ONMS/Olympic_Coast_National_Marine_Sanctuary_CTD_Data_2005_2023/raw_data/2009/CTD_CE042_070709faedb.cnv
* Sea-Bird SBE19 Data File:
* FileName = C:\2009_MOORING_DATA\070609_data\CTD_CE042_070609.hex
* Software Version 1.24
* Temperature SN = 2997
* Conductivity SN = 2997
* System UpLoad Time = Jul 07 2009 16:39:02
* SEACAT PROFILER V3.1c SN 2997   07/07/09  16:38:06.542
* strain gauge pressure sensor: S/N = 184829,  range = 3000 psia,  tc = 40
# nquan = 9
# nvalues = 44                          
# units = specified
# name 0 = timeJ: Julian Days
# name 1 = prSM: Pressure, Strain Gauge [db]
# name 2 = c0mS/cm: Conductivity [mS/cm]
# name 3 = t090C: Temperature [ITS-90, deg C]
# name 4 = sbeox0ML/L: Oxygen, SBE 43 [ml/l]
# name 5 = depSM: Depth [salt water, m], lat = 47.5
# name 6 = sal00: Salinity, Practical [PSU]
# name 7 = sigma-é00: Density [sigma-theta, kg/m^3]
# name 8 = flag: flag
# span 0 = 188.604498, 188.604977       
# span 1 =      3.000,     46.000       
# span 2 =  34.175430,  38.180963       
# span 3 =     7.2961,    12.7790       
# span 4 =     1.8415,     9.7678       
# span 5 =      2.975,     45.611       
# span 6 =    32.5463,    33.4837       
# span 7 =    24.5359,    26.1827       
# span 8 = 0.0000e+00, 0.0000e+00       
# interval = decibars: 1                
# start_time = Jul 07 2009 14:26:43 [Instrument's time stamp, header]
# bad_flag = -9.990e-29
*END*
 188.604498      3.000  38.180963    12.7790     9.7417      2.975    32.5463    24.5359 0.0000e+00
 188.604526      4.000  38.071313    12.5954     9.7678      3.966    32.6004    24.6132 0.0000e+00
 188.604544      5.000  37.884837    12.2431     8.5607      4.958    32.7280    24.7793 0.0000e+00
 188.604558      6.000  37.611790    11.8503     7.3670      5.950    32.8087    24.9156 0.0000e+00
 188.604571      7.000  37.311417    11.4304     6.8327      6.942    32.8871    25.0536 0.0000e+00
 188.604582      8.000  37.001720    11.0558     6.3674      7.933    32.9162    25.1435 0.0000e+00
 188.604592      9.000  36.801237    10.8270     5.7800      8.925    32.9221    25.1884 0.0000e+00
 188.604602     10.000  36.661077    10.6448     5.2249      9.916    32.9461    25.2389 0.0000e+00
 188.604611     11.000  36.524297    10.4536     4.8062     10.908    32.9815    25.2995 0.0000e+00
 188.604620     12.000  36.356235    10.2583     4.5102     11.899    32.9892    25.3388 0.0000e+00
 188.604630     13.000  36.207184    10.0783     4.1771     12.891    33.0021    25.3792 0.0000e+00
 188.604638     14.000  36.073321     9.9231     3.7346     13.883    33.0074    25.4094 0.0000e+00
 188.604648     15.000  35.965668     9.7809     3.2145     14.874    33.0275    25.4486 0.0000e+00
 188.604657     16.000  35.850668     9.6000     2.7482     15.866    33.0758    25.5160 0.0000e+00
 188.604666     17.000  35.674794     9.4095     2.4083     16.858    33.0703    25.5425 0.0000e+00
 188.604675     18.000  35.445460     9.1662     2.2477     17.849    33.0580    25.5718 0.0000e+00
 188.604684     19.000  35.180380     8.7058     2.3357     18.841    33.2111    25.7633 0.0000e+00
 188.604693     20.000  34.867470     8.1776     2.5283     19.832    33.3792    25.9750 0.0000e+00
 188.604702     21.000  34.539480     7.7994     2.5629     20.824    33.3892    26.0383 0.0000e+00
 188.604711     22.000  34.328784     7.5852     2.3486     21.815    33.3675    26.0520 0.0000e+00
 188.604720     23.000  34.242362     7.4729     2.0569     22.807    33.3815    26.0789 0.0000e+00
 188.604729     24.000  34.194282     7.3866     1.8974     23.798    33.4121    26.1150 0.0000e+00
 188.604739     25.000  34.175430     7.3187     1.9117     24.790    33.4568    26.1597 0.0000e+00
 188.604748     26.000  34.175691     7.2986     1.9528     25.782    33.4761    26.1777 0.0000e+00
 188.604758     27.000  34.177482     7.2961     1.9732     26.773    33.4799    26.1811 0.0000e+00
 188.604768     28.000  34.179026     7.2969     1.9799     27.765    33.4803    26.1813 0.0000e+00
 188.604778     29.000  34.179087     7.2987     1.9690     28.756    33.4782    26.1793 0.0000e+00
 188.604788     30.000  34.181697     7.3014     1.9542     29.748    33.4779    26.1788 0.0000e+00
 188.604797     31.000  34.185230     7.3045     1.9541     30.739    33.4782    26.1786 0.0000e+00
 188.604807     32.000  34.188834     7.3067     1.9371     31.731    33.4795    26.1794 0.0000e+00
 188.604817     33.000  34.190631     7.3081     1.9210     32.722    33.4797    26.1793 0.0000e+00
 188.604827     34.000  34.192542     7.3086     1.9083     33.713    33.4808    26.1800 0.0000e+00
 188.604837     35.000  34.194190     7.3090     1.9103     34.705    33.4817    26.1808 0.0000e+00
 188.604848     36.000  34.193998     7.3094     1.9019     35.697    33.4806    26.1799 0.0000e+00
 188.604857     37.000  34.194707     7.3094     1.8873     36.688    33.4809    26.1801 0.0000e+00
 188.604868     38.000  34.195275     7.3093     1.8750     37.679    33.4812    26.1804 0.0000e+00
 188.604877     39.000  34.196385     7.3089     1.8773     38.671    33.4823    26.1814 0.0000e+00
 188.604888     40.000  34.197224     7.3088     1.8703     39.662    33.4827    26.1817 0.0000e+00
 188.604899     41.000  34.197039     7.3079     1.8696     40.654    33.4830    26.1820 0.0000e+00
 188.604909     42.000  34.197559     7.3073     1.8498     41.645    33.4837    26.1826 0.0000e+00
 188.604921     43.000  34.197684     7.3070     1.8415     42.637    33.4836    26.1827 0.0000e+00
 188.604932     44.000  34.197520     7.3070     1.8530     43.628    33.4829    26.1822 0.0000e+00
 188.604945     45.000  34.198732     7.3071     1.8547     44.620    33.4837    26.1827 0.0000e+00
 188.604977     46.000  34.201108     7.3102     1.8419     45.611    33.4828    26.1816 0.0000e+00
