data/oxygen options/ONMS/Olympic_Coast_National_Marine_Sanctuary_CTD_Data_2005_2023/raw_data/2009/CTD_KL050_070909faed.cnv
* Sea-Bird SBE19 Data File:
* FileName = C:\2009_MOORING_DATA\070709_data\CTD_KL050_070909.hex
* Software Version 1.24
* Temperature SN = 2997
* Conductivity SN = 2997
* System UpLoad Time = Jul 09 2009 11:13:37
* SEACAT PROFILER V3.1c SN 2997   07/09/09  11:12:11.583
* strain gauge pressure sensor: S/N = 184829,  range = 3000 psia,  tc = 40
# nquan = 9                                 
# nvalues = 669                         
# units = specified
# name 0 = timeJ: Julian Days
# name 1 = prSM: Pressure, Strain Gauge [db]
# name 2 = c0mS/cm: Conductivity [mS/cm]
# name 3 = t090C: Temperature [ITS-90, deg C]
# name 4 = sbeox0ML/L: Oxygen, SBE 43 [ml/l]
# name 5 = depSM: Depth [salt water, m], lat = 47.5
# name 6 = sal00: Salinity, Practical [PSU]
# name 7 = sigma-é00: Density [sigma-theta, kg/m^3]
# name 8 = flag: flag
# span 0 = 190.362280, 190.366146       
# span 1 =     -5.368,     49.250       
# span 2 =   0.002132,  38.144093       
# span 3 =     7.2062,    14.0313       
# span 4 =    -1.6591,    16.9593       
# span 5 =     -5.323,     48.833       
# span 6 =     0.0076,    33.5886       
# span 7 =    -0.7490,    26.2788       
# span 8 = 0.0000e+00, 0.0000e+00       
# interval = seconds: 0.5
# start_time = Jul 09 2009 08:41:41 [Instrument's time stamp, header]
# bad_flag = -9.990e-29
*END*
[from data line 321]
 190.364138      1.479  38.089343    13.1269     7.4933      1.467    32.1631    24.1712 -9.990e-29
 190.364144      1.495  38.090123    13.1267     7.4917      1.483    32.1640    24.1719 -9.990e-29
 190.364149      1.510  38.091440    13.1267     7.5045      1.497    32.1652    24.1729 -9.990e-29
 190.364155      1.517  38.092117    13.1267     7.5163      1.504    32.1659    24.1734 -9.990e-29
 190.364161      1.517  38.091808    13.1268     7.5084      1.504    32.1655    24.1730 -9.990e-29
 190.364167      1.518  38.091091    13.1268     7.5019      1.505    32.1648    24.1725 -9.990e-29
 190.364172      1.525  38.090558    13.1265     7.4933      1.512    32.1646    24.1724 -9.990e-29
 190.364178      1.537  38.090489    13.1263     7.4866      1.524    32.1647    24.1725 -9.990e-29
 190.364184      1.551  38.091224    13.1263     7.4982      1.538    32.1653    24.1730 -9.990e-29
 190.364190      1.561  38.091930    13.1263     7.4998      1.548    32.1660    24.1735 -9.990e-29
 190.364196      1.565  38.091736    13.1263     7.4948      1.552    32.1658    24.1734 -9.990e-29
 190.364201      1.574  38.091376    13.1262     7.4950      1.561    32.1656    24.1732 -9.990e-29
 190.364207      1.591  38.091920    13.1261     7.4787      1.578    32.1661    24.1737 -9.990e-29
 190.364213      1.615  38.093402    13.1259     7.4833      1.602    32.1677    24.1749 -9.990e-29
 190.364219      1.632  38.094867    13.1259     7.4820      1.618    32.1691    24.1760 -9.990e-29
 190.364225      1.633  38.095334    13.1259     7.4834      1.619    32.1695    24.1763 -9.990e-29
 190.364230      1.616  38.094734    13.1259     7.4950      1.603    32.1690    24.1759 -9.990e-29
 190.364236      1.593  38.093817    13.1259     7.5017      1.580    32.1681    24.1753 -9.990e-29
 190.364242      1.577  38.092912    13.1259     7.5197      1.564    32.1673    24.1746 -9.990e-29
 190.364248      1.569  38.092363    13.1257     7.5280      1.556    32.1669    24.1744 -9.990e-29
 190.364253      1.571  38.092991    13.1255     7.5177      1.558    32.1677    24.1750 -9.990e-29
 190.364259      1.576  38.094941    13.1256     7.5030      1.563    32.1694    24.1763 -9.990e-29
 190.364265      1.578  38.096761    13.1260     7.4859      1.565    32.1708    24.1773 -9.990e-29
 190.364271      1.577  38.096826    13.1264     7.4894      1.564    32.1705    24.1770 -9.990e-29
 190.364277      1.576  38.095650    13.1264     7.5030      1.563    32.1694    24.1762 -9.990e-29
 190.364282      1.575  38.094898    13.1261     7.5222      1.562    32.1690    24.1759 -9.990e-29
 190.364288      1.579  38.095117    13.1260     7.5469      1.566    32.1692    24.1761 -9.990e-29
 190.364294      1.588  38.095908    13.1260     7.5729      1.575    32.1700    24.1767 -9.990e-29
 190.364300      1.594  38.096514    13.1259     7.5789      1.581    32.1706    24.1772 -9.990e-29
 190.364306      1.594  38.096493    13.1258     7.5694      1.581    32.1707    24.1773 -9.990e-29
 190.364311      1.590  38.096807    13.1255     7.5527      1.577    32.1713    24.1778 -9.990e-29
 190.364317      1.592  38.098303    13.1250     7.5439      1.579    32.1731    24.1793 -9.990e-29
 190.364323      1.600  38.102286    13.1247     7.5553      1.587    32.1771    24.1824 -9.990e-29
 190.364329      1.606  38.107212    13.1249     7.5592      1.593    32.1815    24.1858 -9.990e-29
 190.364334      1.606  38.107754    13.1253     7.5711      1.593    32.1817    24.1859 -9.990e-29
 190.364340      1.604  38.105065    13.1253     7.5810      1.591    32.1792    24.1839 -9.990e-29
 190.364346      1.608  38.103833    13.1250     7.5693      1.595    32.1783    24.1833 -9.990e-29
 190.364352      1.620  38.105085    13.1247     7.5510      1.606    32.1797    24.1845 -9.990e-29
 190.364358      1.630  38.108680    13.1245     7.5320      1.616    32.1832    24.1872 -9.990e-29
 190.364363      1.635  38.111436    13.1245     7.5190      1.621    32.1858    24.1892 -9.990e-29
 190.364369      1.637  38.110736    13.1243     7.5175      1.623    32.1853    24.1889 -9.990e-29
 190.364375      1.638  38.109437    13.1232     7.5436      1.624    32.1851    24.1889 -9.990e-29
 190.364381      1.644  38.109599    13.1208     7.5602      1.630    32.1872    24.1911 -9.990e-29
 190.364387      1.650  38.110187    13.1184     7.5727      1.636    32.1898    24.1935 -9.990e-29
 190.364392      1.653  38.110193    13.1190     7.5787      1.639    32.1893    24.1930 -9.990e-29
 190.364398      1.657  38.110108    13.1225     7.5635      1.643    32.1863    24.1900 -9.990e-29
 190.364404      1.667  38.111970    13.1247     7.5306      1.653    32.1862    24.1895 -9.990e-29
 190.364410      1.679  38.116471    13.1249     7.5253      1.665    32.1902    24.1926 -9.990e-29
 190.364416      1.685  38.119440    13.1251     7.5449      1.671    32.1928    24.1945 -9.990e-29
 190.364421      1.682  38.116920    13.1254     7.5792      1.668    32.1902    24.1925 -9.990e-29
 190.364427      1.673  38.111642    13.1254     7.5960      1.659    32.1853    24.1886 -9.990e-29
 190.364433      1.666  38.107706    13.1251     7.5681      1.652    32.1818    24.1860 -9.990e-29
 190.364439      1.669  38.106517    13.1246     7.5207      1.655    32.1811    24.1856 -9.990e-29
 190.364444      1.684  38.110342    13.1243     7.4986      1.670    32.1850    24.1886 -9.990e-29
 190.364450      1.701  38.118607    13.1244     7.4952      1.687    32.1926    24.1945 -9.990e-29
 190.364456      1.714  38.122649    13.1246     7.5038      1.700    32.1963    24.1973 -9.990e-29
 190.364462      1.715  38.119382    13.1247     7.5566      1.701    32.1931    24.1948 -9.990e-29
 190.364468      1.704  38.115582    13.1247     7.6170      1.690    32.1895    24.1921 -9.990e-29
 190.364473      1.689  38.113398    13.1246     7.6532      1.675    32.1876    24.1906 -9.990e-29
 190.364479      1.677  38.112086    13.1246     7.6452      1.663    32.1863    24.1896 -9.990e-29
 190.364485      1.676  38.112069    13.1245     7.5982      1.662    32.1864    24.1897 -9.990e-29
 190.364491      1.686  38.114374    13.1247     7.5475      1.672    32.1884    24.1912 -9.990e-29
 190.364497      1.700  38.121444    13.1252     7.5214      1.686    32.1946    24.1959 -9.990e-29
 190.364502      1.709  38.128068    13.1257     7.5050      1.695    32.2004    24.2003 -9.990e-29
 190.364508      1.710  38.127316    13.1257     7.5052      1.696    32.1997    24.1998 -9.990e-29
 190.364514      1.707  38.123158    13.1253     7.5231      1.693    32.1962    24.1971 -9.990e-29
 190.364520      1.705  38.120066    13.1251     7.5496      1.691    32.1934    24.1950 -9.990e-29
 190.364525      1.702  38.118326    13.1252     7.5579      1.688    32.1917    24.1936 -9.990e-29
 190.364531      1.700  38.117791    13.1255     7.5513      1.686    32.1909    24.1930 -9.990e-29
 190.364537      1.697  38.117115    13.1258     7.5494      1.683    32.1900    24.1923 -9.990e-29
 190.364543      1.698  38.116447    13.1258     7.5526      1.684    32.1894    24.1918 -9.990e-29
 190.364549      1.707  38.115945    13.1254     7.5598      1.693    32.1893    24.1917 -9.990e-29
 190.364554      1.721  38.114870    13.1251     7.5546      1.707    32.1885    24.1912 -9.990e-29
 190.364560      1.737  38.114518    13.1251     7.5610      1.722    32.1882    24.1910 -9.990e-29
 190.364566      1.750  38.116032    13.1252     7.5865      1.735    32.1895    24.1920 -9.990e-29
 190.364572      1.757  38.117997    13.1253     7.6015      1.742    32.1913    24.1933 -9.990e-29
 190.364578      1.764  38.119039    13.1255     7.6036      1.749    32.1921    24.1939 -9.990e-29
 190.364583      1.774  38.119915    13.1256     7.5901      1.759    32.1928    24.1944 -9.990e-29
 190.364589      1.789  38.121722    13.1254     7.5753      1.774    32.1947    24.1959 -9.990e-29
 190.364595      1.805  38.124558    13.1250     7.5719      1.790    32.1977    24.1983 -9.990e-29
 190.364601      1.815  38.127091    13.1247     7.5657      1.800    32.2003    24.2004 -9.990e-29
 190.364606      1.815  38.127023    13.1248     7.5633      1.800    32.2002    24.2003 -9.990e-29
 190.364612      1.809  38.124752    13.1251     7.5557      1.794    32.1978    24.1984 -9.990e-29
 190.364618      1.806  38.123343    13.1252     7.5433      1.791    32.1964    24.1973 -9.990e-29
 190.364624      1.809  38.124771    13.1251     7.5445      1.794    32.1978    24.1984 -9.990e-29
 190.364630      1.814  38.128067    13.1249     7.5719      1.799    32.2011    24.2010 -9.990e-29
 190.364635      1.814  38.129149    13.1247     7.6369      1.799    32.2023    24.2019 -9.990e-29
 190.364641      1.808  38.126588    13.1246     7.6898      1.793    32.1999    24.2001 -9.990e-29
 190.364647      1.805  38.123622    13.1244     7.6912      1.790    32.1973    24.1982 -9.990e-29
 190.364653      1.808  38.121827    13.1240     7.6509      1.793    32.1960    24.1972 -9.990e-29
 190.364659      1.817  38.121542    13.1241     7.5939      1.802    32.1956    24.1969 -9.990e-29
 190.364664      1.834  38.125117    13.1243     7.5526      1.819    32.1988    24.1993 -9.990e-29
 190.364670      1.855  38.133887    13.1239     7.5444      1.840    32.2074    24.2060 -9.990e-29
 190.364676      1.872  38.142103    13.1236     7.5677      1.856    32.2153    24.2123 -9.990e-29
 190.364682      1.880  38.141596    13.1239     7.5924      1.864    32.2146    24.2116 -9.990e-29
 190.364688      1.872  38.134981    13.1244     7.5988      1.856    32.2080    24.2064 -9.990e-29
 190.364693      1.858  38.130179    13.1247     7.5966      1.842    32.2032    24.2027 -9.990e-29
 190.364699      1.850  38.128001    13.1246     7.5750      1.835    32.2012    24.2012 -9.990e-29
 190.364705      1.851  38.127714    13.1245     7.5581      1.836    32.2011    24.2010 -9.990e-29
 190.364711      1.858  38.131104    13.1243     7.5647      1.842    32.2044    24.2037 -9.990e-29
 190.364716      1.861  38.134216    13.1243     7.6083      1.845    32.2073    24.2059 -9.990e-29
 190.364722      1.858  38.132162    13.1241     7.6416      1.842    32.2056    24.2046 -9.990e-29
 190.364728      1.851  38.128296    13.1238     7.6429      1.836    32.2022    24.2021 -9.990e-29
 190.364734      1.850  38.125796    13.1240     7.6149      1.835    32.1997    24.2001 -9.990e-29
 190.364740      1.857  38.125183    13.1246     7.5691      1.841    32.1986    24.1991 -9.990e-29
 190.364745      1.871  38.128370    13.1249     7.5331      1.855    32.2013    24.2012 -9.990e-29
 190.364751      1.882  38.135051    13.1249     7.5460      1.866    32.2076    24.2060 -9.990e-29
 190.364757      1.888  38.141178    13.1247     7.5807      1.872    32.2135    24.2106 -9.990e-29
 190.364763      1.888  38.141398    13.1247     7.6024      1.872    32.2137    24.2108 -9.990e-29
 190.364769      1.882  38.135934    13.1249     7.5993      1.866    32.2084    24.2067 -9.990e-29
 190.364774      1.876  38.131438    13.1249     7.5713      1.860    32.2042    24.2034 -9.990e-29
 190.364780      1.876  38.130250    13.1246     7.5449      1.860    32.2033    24.2028 -9.990e-29
 190.364786      1.883  38.131839    13.1242     7.5515      1.867    32.2052    24.2043 -9.990e-29
 190.364792      1.888  38.136010    13.1238     7.5696      1.872    32.2094    24.2077 -9.990e-29
 190.364797      1.889  38.138165    13.1236     7.5814      1.873    32.2116    24.2094 -9.990e-29
 190.364803      1.884  38.136623    13.1237     7.5866      1.868    32.2101    24.2082 -9.990e-29
 190.364809      1.877  38.134302    13.1239     7.5814      1.861    32.2077    24.2063 -9.990e-29
 190.364815      1.873  38.132518    13.1239     7.5908      1.857    32.2061    24.2050 -9.990e-29
 190.364821      1.867  38.131623    13.1239     7.5872      1.851    32.2052    24.2044 -9.990e-29
 190.364826      1.859  38.130915    13.1239     7.5797      1.843    32.2046    24.2039 -9.990e-29
 190.364832      1.856  38.129937    13.1238     7.5749      1.841    32.2037    24.2032 -9.990e-29
 190.364838      1.862  38.129557    13.1239     7.5572      1.846    32.2033    24.2029 -9.990e-29
 190.364844      1.875  38.130319    13.1241     7.5716      1.859    32.2038    24.2033 -9.990e-29
 190.364850      1.886  38.131487    13.1242     7.5835      1.870    32.2048    24.2040 -9.990e-29
 190.364855      1.892  38.131743    13.1241     7.5895      1.876    32.2052    24.2043 -9.990e-29
 190.364861      1.892  38.130798    13.1243     7.5603      1.876    32.2041    24.2034 -9.990e-29
 190.364867      1.891  38.129562    13.1247     7.5178      1.875    32.2026    24.2022 -9.990e-29
 190.364873      1.898  38.129677    13.1249     7.5207      1.882    32.2025    24.2021 -9.990e-29
 190.364878      1.914  38.132349    13.1247     7.5653      1.898    32.2052    24.2042 -9.990e-29
 190.364884      1.930  38.134346    13.1243     7.6102      1.914    32.2074    24.2060 -9.990e-29
 190.364890      1.943  38.132094    13.1240     7.6234      1.927    32.2056    24.2046 -9.990e-29
 190.364896      1.954  38.128683    13.1238     7.5824      1.938    32.2025    24.2023 -9.990e-29
 190.364902      1.964  38.128460    13.1235     7.5102      1.948    32.2026    24.2024 -9.990e-29
 190.364907      1.973  38.133857    13.1228     7.4718      1.957    32.2082    24.2069 -9.990e-29
 190.364913      1.979  38.140793    13.1225     7.4798      1.962    32.2150    24.2122 -9.990e-29
 190.364919      1.976  38.141633    13.1228     7.5003      1.959    32.2155    24.2126 -9.990e-29
 190.364925      1.969  38.137428    13.1231     7.5206      1.953    32.2113    24.2093 -9.990e-29
 190.364931      1.962  38.132586    13.1232     7.5209      1.946    32.2067    24.2057 -9.990e-29
 190.364936      1.959  38.127863    13.1231     7.5241      1.943    32.2023    24.2023 -9.990e-29
 190.364942      1.963  38.123618    13.1229     7.5566      1.947    32.1985    24.1994 -9.990e-29
 190.364948      1.972  38.121963    13.1227     7.5811      1.956    32.1971    24.1983 -9.990e-29
 190.364954      1.980  38.122864    13.1226     7.5797      1.963    32.1981    24.1991 -9.990e-29
 190.364959      1.988  38.124088    13.1230     7.5554      1.971    32.1989    24.1996 -9.990e-29
 190.364965      1.998  38.126076    13.1236     7.5353      1.981    32.2002    24.2006 -9.990e-29
 190.364971      2.009  38.129164    13.1241     7.5236      1.992    32.2027    24.2024 -9.990e-29
 190.364977      2.023  38.130115    13.1241     7.5222      2.006    32.2036    24.2031 -9.990e-29
 190.364983      2.039  38.127884    13.1238     7.5274      2.022    32.2017    24.2017 -9.990e-29
 190.364988      2.060  38.125592    13.1238     7.5156      2.043    32.1996    24.2000 -9.990e-29
 190.364994      2.087  38.124592    13.1241     7.4891      2.070    32.1984    24.1990 -9.990e-29
 190.365000      2.121  38.124603    13.1242     7.4766      2.103    32.1983    24.1989 -9.990e-29
 190.365006      2.164  38.125566    13.1240     7.4930      2.146    32.1993    24.1998 -9.990e-29
 190.365012      2.220  38.126453    13.1237     7.5546      2.201    32.2004    24.2007 -9.990e-29
 190.365017      2.287  38.126134    13.1235     7.7267      2.268    32.2002    24.2006 -9.990e-29
 190.365023      2.366  38.124675    13.1234     7.9367      2.346    32.1989    24.1996 -9.990e-29
 190.365029      2.469  38.122861    13.1229     8.1521      2.448    32.1976    24.1987 -9.990e-29
 190.365035      2.617  38.121564    13.1213     8.3324      2.595    32.1977    24.1991 0.0000e+00
 190.365041      2.819  38.122347    13.1172     8.4596      2.795    32.2018    24.2031 0.0000e+00
 190.365046      3.075  38.127864    13.1051     8.4954      3.049    32.2172    24.2173 0.0000e+00
 190.365052      3.387  38.139235    13.0736     8.4864      3.359    32.2545    24.2524 0.0000e+00
