data/oxygen options/ONMS/Olympic_Coast_National_Marine_Sanctuary_CTD_Data_2005_2023/raw_data/2009/CTD_KL050_060209faed.cnv
* Sea-Bird SBE19 Data File:
* FileName = C:\2009_MOORING_DATA\CTD_KL050_060209.hex
* Software Version 1.59
* Temperature SN = 2997
* Conductivity SN = 2997
* System UpLoad Time = Jun 02 2009 11:55:40
* ds
* SEACAT PROFILER V3.1c SN 2997   06/02/09  11:55:00.379
# nquan = 9                                 
# nvalues = 357                         
# units = specified
# name 0 = timeJ: Julian Days
# name 1 = prSM: Pressure, Strain Gauge [db]
# name 2 = c0mS/cm: Conductivity [mS/cm]
# name 3 = t090C: Temperature [ITS-90, deg C]
# name 4 = sbeox0ML/L: Oxygen, SBE 43 [ml/l]
# name 5 = depSM: Depth [salt water, m], lat = 47.5
# name 6 = sal00: Salinity, Practical [PSU]
# name 7 = sigma-é00: Density [sigma-theta, kg/m^3]
# name 8 = flag: flag
# span 0 = 153.380324, 153.382384       
# span 1 =     -5.795,      6.357       
# span 2 =  -0.002046,  37.283579       
# span 3 =    11.4206,    13.0492       
# span 4 =    -1.6877,    24.7431       
# span 5 =     -5.747,      6.304       
# span 6 =     0.0000,    32.5068       
# span 7 =    -0.6267,    24.6923       
# span 8 = 0.0000e+00, 0.0000e+00       
# interval = seconds: 0.5
# start_time = Jun 02 2009 09:07:40 [Instrument's time stamp, header]
# bad_flag = -9.990e-29
*END*
[from data line 321]
 153.382182      0.464  37.243268    11.7892    10.6726      0.460    32.5068    24.6923 -9.990e-29
 153.382187      0.469  37.224276    11.7767    10.6930      0.465    32.4993    24.6888 -9.990e-29
 153.382193      0.472  37.199514    11.7629    10.6867      0.468    32.4873    24.6820 -9.990e-29
 153.382199      0.478  37.194769    11.7582    10.6522      0.474    32.4868    24.6825 -9.990e-29
 153.382205      0.488  37.207032    11.7605    10.6138      0.484    32.4967    24.6898 -9.990e-29
 153.382211      0.493  37.214499    11.7658    10.5851      0.489    32.4993    24.6908 -9.990e-29
 153.382216      0.495  37.202423    11.7730    10.5851      0.491    32.4813    24.6755 -9.990e-29
 153.382222      0.501  37.188289    11.7835    10.5961      0.497    32.4584    24.6558 -9.990e-29
 153.382228      0.516  37.195803    11.7968    10.6258      0.512    32.4540    24.6500 -9.990e-29
 153.382234      0.537  37.215328    11.8079    10.6527      0.533    32.4633    24.6551 -9.990e-29
 153.382240      0.556  37.225220    11.8120    10.6416      0.551    32.4693    24.6590 -9.990e-29
 153.382245      0.572  37.220692    11.8054    10.6089      0.567    32.4707    24.6613 -9.990e-29
 153.382251      0.583  37.209678    11.7890    10.5585      0.578    32.4743    24.6672 -9.990e-29
 153.382257      0.593  37.203794    11.7724    10.5524      0.588    32.4831    24.6770 -9.990e-29
 153.382263      0.600  37.208039    11.7665    10.5970      0.595    32.4924    24.6853 -9.990e-29
 153.382269      0.606  37.218501    11.7740    10.6496      0.601    32.4960    24.6867 -9.990e-29
 153.382274      0.610  37.229468    11.7884    10.6551      0.605    32.4940    24.6826 -9.990e-29
 153.382280      0.613  37.237964    11.8017    10.6246      0.608    32.4907    24.6775 -9.990e-29
 153.382286      0.616  37.241290    11.8046    10.5961      0.611    32.4913    24.6775 -9.990e-29
 153.382292      0.618  37.229671    11.7910    10.5835      0.613    32.4920    24.6805 -9.990e-29
 153.382297      0.619  37.210584    11.7746    10.6247      0.614    32.4878    24.6802 -9.990e-29
 153.382303      0.621  37.204908    11.7777    10.6799      0.616    32.4795    24.6733 -9.990e-29
 153.382309      0.622  37.216838    11.7987    10.6845      0.617    32.4728    24.6642 -9.990e-29
 153.382315      0.623  37.238179    11.8173    10.6438      0.618    32.4772    24.6642 -9.990e-29
 153.382321      0.623  37.245263    11.8216    10.5711      0.618    32.4803    24.6658 -9.990e-29
 153.382326      0.624  37.229608    11.8116    10.5399      0.619    32.4739    24.6627 -9.990e-29
 153.382332      0.624  37.208455    11.7962 -9.990e-29      0.619    32.4668    24.6600 -9.990e-29
 153.382338      0.624  37.197317    11.7902 -9.990e-29      0.619    32.4612    24.6568 -9.990e-29
 153.382344      0.624  37.210483    11.8017 -9.990e-29      0.619    32.4640    24.6568 -9.990e-29
 153.382350      0.624  37.242525    11.8219 -9.990e-29      0.619    32.4774    24.6635 -9.990e-29
 153.382355      0.625  37.265548    11.8351 -9.990e-29      0.620    32.4882    24.6695 -9.990e-29
 153.382361      0.625  37.263176    11.8332 -9.990e-29      0.620    32.4876    24.6693 -9.990e-29
 153.382367      0.625  37.243461    11.8214 -9.990e-29      0.620    32.4788    24.6647 -9.990e-29
 153.382373      0.625  37.229437    11.8146 -9.990e-29      0.620    32.4711    24.6599 -9.990e-29
 153.382378      0.625  37.237711    11.8145 -9.990e-29      0.620    32.4792    24.6663 -9.990e-29
 153.382384      0.625  37.259137 -9.990e-29 -9.990e-29      0.620 -9.990e-29 -9.990e-29 -9.990e-29
