data/oxygen options/ONMS/Olympic_Coast_National_Marine_Sanctuary_CTD_Data_2005_2023/raw_data/2009/CTD_CA015_100709faed.cnv
* Sea-Bird SBE19 Data File:
* FileName = C:\2009_MOORING_DATA\100709_DATA\CTD_CA015_100709.hex
* Software Version 1.24
* Temperature SN = 2997
* Conductivity SN = 2997
* System UpLoad Time = Oct 07 2009 13:22:30
* SEACAT PROFILER V3.1c SN 2997   10/07/09  13:21:50.210
* strain gauge pressure sensor: S/N = 184829,  range = 3000 psia,  tc = 40
# nquan = 9                                 
# nvalues = 2019                        
# units = specified
# name 0 = timeJ: Julian Days
# name 1 = prSM: Pressure, Strain Gauge [db]
# name 2 = c0mS/cm: Conductivity [mS/cm]
# name 3 = t090C: Temperature [ITS-90, deg C]
# name 4 = sbeox0ML/L: Oxygen, SBE 43 [ml/l]
# name 5 = depSM: Depth [salt water, m], lat = 47.5
# name 6 = sal00: Salinity, Practical [PSU]
# name 7 = sigma-é00: Density [sigma-theta, kg/m^3]
# name 8 = flag: flag
# span 0 = 280.543125, 280.554803       
# span 1 =     -5.299,     13.320       
# span 2 =   0.159211,  36.445923       
# span 3 =     9.4795,    10.7577       
# span 4 =   -16.7104,    18.3363       
# span 5 =     -5.255,     13.208       
# span 6 =     0.1048,    33.1152       
# span 7 =    -0.2823,    25.5353       
# span 8 = 0.0000e+00, 0.0000e+00       
# interval = seconds: 0.5
# start_time = Oct 07 2009 13:02:06 [Instrument's time stamp, header]
# bad_flag = -9.990e-29
*END*
[from data line 1121]
 280.549612     11.422  35.964352     9.7161     4.8619     11.326    33.0874    25.5059 -9.990e-29
 280.549618     11.451  35.964650     9.7162     4.8461     11.355    33.0876    25.5061 -9.990e-29
 280.549624     11.466  35.965234     9.7166     4.8165     11.370    33.0878    25.5062 -9.990e-29
 280.549630     11.469  35.965763     9.7169     4.8002     11.373    33.0881    25.5063 -9.990e-29
 280.549635     11.458  35.965825     9.7169     4.7865     11.362    33.0881    25.5064 -9.990e-29
 280.549641     11.439  35.965502     9.7169     4.7776     11.343    33.0878    25.5061 -9.990e-29
 280.549647     11.417  35.965488     9.7165     4.7592     11.321    33.0882    25.5065 -9.990e-29
 280.549653     11.397  35.965765     9.7160     4.7474     11.302    33.0889    25.5072 -9.990e-29
 280.549659     11.380  35.966143     9.7162     4.7613     11.285    33.0891    25.5073 -9.990e-29
 280.549664     11.371  35.966568     9.7167     4.7930     11.276    33.0891    25.5072 -9.990e-29
 280.549670     11.369  35.966486     9.7168     4.8191     11.274    33.0889    25.5070 -9.990e-29
 280.549676     11.377  35.965792     9.7162     4.8307     11.282    33.0888    25.5070 -9.990e-29
 280.549682     11.401  35.964681     9.7152     4.8393     11.306    33.0885    25.5070 -9.990e-29
 280.549688     11.438  35.963916     9.7146     4.8333     11.342    33.0883    25.5069 -9.990e-29
 280.549693     11.477  35.964159     9.7147     4.8346     11.381    33.0884    25.5070 -9.990e-29
 280.549699     11.509  35.964615     9.7150     4.8284     11.413    33.0886    25.5071 -9.990e-29
 280.549705     11.530  35.964770     9.7152     4.8051     11.433    33.0886    25.5070 -9.990e-29
 280.549711     11.542  35.964833     9.7153     4.7914     11.445    33.0885    25.5070 -9.990e-29
 280.549716     11.546  35.964887     9.7156     4.7924     11.449    33.0883    25.5068 -9.990e-29
 280.549722     11.542  35.965007     9.7163     4.8060     11.445    33.0878    25.5062 -9.990e-29
 280.549728     11.530  35.965354     9.7168     4.8336     11.433    33.0877    25.5061 -9.990e-29
 280.549734     11.514  35.965831     9.7169     4.8475     11.418    33.0881    25.5064 -9.990e-29
 280.549740     11.504  35.965954     9.7169     4.8358     11.408    33.0882    25.5065 -9.990e-29
 280.549745     11.510  35.965890     9.7172     4.8100     11.414    33.0879    25.5062 -9.990e-29
 280.549751     11.523  35.966117     9.7175     4.7730     11.427    33.0878    25.5061 -9.990e-29
 280.549757     11.530  35.966379     9.7173     4.7723     11.433    33.0883    25.5065 -9.990e-29
 280.549763     11.525  35.966465     9.7167     4.7904     11.428    33.0889    25.5071 -9.990e-29
 280.549769     11.501  35.966490     9.7167     4.8070     11.405    33.0890    25.5071 -9.990e-29
 280.549774     11.467  35.966489     9.7172     4.8023     11.371    33.0885    25.5067 -9.990e-29
 280.549780     11.437  35.966463     9.7177     4.7841     11.341    33.0880    25.5062 -9.990e-29
 280.549786     11.418  35.966378     9.7177     4.7777     11.322    33.0880    25.5062 -9.990e-29
 280.549792     11.404  35.966124     9.7177     4.7971     11.309    33.0877    25.5060 -9.990e-29
 280.549797     11.391  35.965924     9.7178     4.8194     11.296    33.0874    25.5057 -9.990e-29
 280.549803     11.381  35.966073     9.7179     4.8184     11.286    33.0875    25.5057 -9.990e-29
 280.549809     11.383  35.966211     9.7182     4.8046     11.288    33.0874    25.5056 -9.990e-29
 280.549815     11.396  35.965961     9.7184     4.7846     11.301    33.0869    25.5052 -9.990e-29
 280.549821     11.409  35.965552     9.7181     4.7801     11.313    33.0868    25.5051 -9.990e-29
 280.549826     11.410  35.965562     9.7177     4.8011     11.314    33.0871    25.5055 -9.990e-29
 280.549832     11.399  35.966003     9.7177     4.8188     11.304    33.0876    25.5059 -9.990e-29
 280.549838     11.387  35.966344     9.7180     4.8329     11.292    33.0877    25.5059 -9.990e-29
 280.549844     11.392  35.966481     9.7182     4.8458     11.297    33.0876    25.5058 -9.990e-29
 280.549850     11.418  35.966602     9.7181     4.8396     11.322    33.0878    25.5060 -9.990e-29
 280.549855     11.453  35.966867     9.7183     4.8336     11.357    33.0879    25.5060 -9.990e-29
 280.549861     11.483  35.967070     9.7186     4.8178     11.387    33.0878    25.5059 -9.990e-29
 280.549867     11.488  35.966922     9.7183     4.7998     11.392    33.0879    25.5060 -9.990e-29
 280.549873     11.456  35.966784     9.7180     4.7900     11.360    33.0881    25.5062 -9.990e-29
 280.549878     11.398  35.967036     9.7183     4.7973     11.303    33.0881    25.5062 -9.990e-29
 280.549884     11.335  35.967453     9.7187     4.8211     11.240    33.0882    25.5062 -9.990e-29
 280.549890     11.289  35.967475     9.7188     4.8313     11.194    33.0881    25.5061 -9.990e-29
 280.549896     11.270  35.967136     9.7187     4.8334     11.176    33.0879    25.5059 -9.990e-29
 280.549902     11.273  35.967107     9.7189     4.8254     11.179    33.0877    25.5057 -9.990e-29
 280.549907     11.293  35.967348     9.7195     4.8247     11.198    33.0874    25.5054 -9.990e-29
 280.549913     11.324  35.967061     9.7200     4.8266     11.229    33.0866    25.5047 -9.990e-29
 280.549919     11.350  35.966427     9.7201     4.8039     11.255    33.0858    25.5041 -9.990e-29
 280.549925     11.360  35.966279     9.7200     4.7806     11.265    33.0858    25.5041 -9.990e-29
 280.549931     11.359  35.966421     9.7200     4.7571     11.264    33.0859    25.5042 -9.990e-29
 280.549936     11.363  35.966483     9.7199     4.7665     11.268    33.0861    25.5043 -9.990e-29
 280.549942     11.378  35.966552     9.7199     4.7851     11.283    33.0861    25.5044 -9.990e-29
 280.549948     11.396  35.966722     9.7198     4.8052     11.301    33.0864    25.5046 -9.990e-29
 280.549954     11.418  35.966659     9.7195     4.8213     11.322    33.0866    25.5048 -9.990e-29
 280.549959     11.445  35.966281     9.7196     4.8193     11.349    33.0861    25.5044 -9.990e-29
 280.549965     11.467  35.966206     9.7204     4.8018     11.371    33.0853    25.5036 -9.990e-29
 280.549971     11.476  35.966333     9.7213     4.7839     11.380    33.0846    25.5029 -9.990e-29
 280.549977     11.472  35.966272     9.7213     4.7779     11.376    33.0845    25.5029 -9.990e-29
 280.549983     11.456  35.965944     9.7209     4.7894     11.360    33.0846    25.5030 -9.990e-29
 280.549988     11.431  35.965473     9.7209     4.8095     11.335    33.0841    25.5026 -9.990e-29
 280.549994     11.408  35.965353     9.7214     4.8007     11.312    33.0835    25.5021 -9.990e-29
 280.550000     11.397  35.965429     9.7217     4.8018     11.302    33.0833    25.5019 -9.990e-29
 280.550006     11.404  35.965241     9.7219     4.8128     11.309    33.0829    25.5015 -9.990e-29
 280.550012     11.424  35.965102     9.7225     4.8243     11.328    33.0822    25.5009 -9.990e-29
 280.550017     11.446  35.965388     9.7232     4.8325     11.350    33.0819    25.5005 -9.990e-29
 280.550023     11.461  35.965920     9.7234     4.8394     11.365    33.0822    25.5007 -9.990e-29
 280.550029     11.476  35.966287     9.7236     4.8333     11.380    33.0824    25.5008 -9.990e-29
 280.550035     11.492  35.966419     9.7239     4.8216     11.396    33.0823    25.5007 -9.990e-29
 280.550041     11.501  35.966495     9.7236     4.8076     11.405    33.0826    25.5010 -9.990e-29
 280.550046     11.498  35.966618     9.7231     4.7897     11.402    33.0832    25.5015 -9.990e-29
 280.550052     11.485  35.966952     9.7229     4.7898     11.389    33.0837    25.5020 -9.990e-29
 280.550058     11.465  35.967384     9.7231     4.8111     11.369    33.0840    25.5022 -9.990e-29
 280.550064     11.445  35.967369     9.7238     4.8214     11.349    33.0834    25.5015 -9.990e-29
 280.550069     11.431  35.966890     9.7245     4.8254     11.335    33.0822    25.5006 -9.990e-29
 280.550075     11.432  35.966432     9.7249     4.8063     11.336    33.0814    25.4998 -9.990e-29
 280.550081     11.448  35.966506     9.7250     4.8012     11.352    33.0814    25.4998 -9.990e-29
 280.550087     11.467  35.967214     9.7250     4.8106     11.371    33.0821    25.5004 -9.990e-29
 280.550093     11.477  35.967816     9.7249     4.8165     11.381    33.0828    25.5009 -9.990e-29
 280.550098     11.480  35.967997     9.7248     4.8301     11.384    33.0831    25.5012 -9.990e-29
 280.550104     11.483  35.967998     9.7251     4.8263     11.387    33.0828    25.5009 -9.990e-29
 280.550110     11.491  35.967825     9.7258     4.8223     11.395    33.0820    25.5001 -9.990e-29
 280.550116     11.501  35.967812     9.7270     4.8053     11.405    33.0808    25.4991 -9.990e-29
 280.550122     11.505  35.968505     9.7280     4.7893     11.409    33.0806    25.4987 -9.990e-29
 280.550127     11.498  35.969150     9.7281     4.7872     11.402    33.0812    25.4992 -9.990e-29
 280.550133     11.480  35.968932     9.7281     4.8062     11.384    33.0810    25.4990 -9.990e-29
 280.550139     11.454  35.968685     9.7292     4.8284     11.358    33.0797    25.4978 -9.990e-29
 280.550145     11.431  35.969203     9.7311     4.8346     11.335    33.0785    25.4966 -9.990e-29
 280.550150     11.424  35.970063     9.7325     4.8302     11.328    33.0781    25.4960 -9.990e-29
 280.550156     11.435  35.970733     9.7326     4.8272     11.339    33.0787    25.4965 -9.990e-29
 280.550162     11.460  35.970990     9.7321     4.8176     11.364    33.0794    25.4971 -9.990e-29
 280.550168     11.490  35.970623     9.7316     4.8152     11.394    33.0795    25.4972 -9.990e-29
 280.550174     11.513  35.970265     9.7316     4.8282     11.417    33.0791    25.4970 -9.990e-29
 280.550179     11.525  35.970562     9.7319     4.8529     11.428    33.0791    25.4969 -9.990e-29
 280.550185     11.528  35.971354     9.7323     4.8635     11.431    33.0796    25.4972 -9.990e-29
 280.550191     11.527  35.972020     9.7330     4.8520     11.430    33.0796    25.4971 -9.990e-29
 280.550197     11.525  35.972330     9.7338     4.8427     11.428    33.0792    25.4967 -9.990e-29
 280.550203     11.518  35.972703     9.7349     4.8398     11.422    33.0786    25.4960 -9.990e-29
 280.550208     11.506  35.973078     9.7359     4.8590     11.410    33.0780    25.4954 -9.990e-29
 280.550214     11.496  35.973400     9.7369     4.8578     11.400    33.0774    25.4948 -9.990e-29
 280.550220     11.492  35.974102     9.7383     4.8342     11.396    33.0769    25.4941 -9.990e-29
 280.550226     11.494  35.975004     9.7393     4.8067     11.398    33.0769    25.4939 -9.990e-29
 280.550231     11.502  35.975633     9.7393     4.7966     11.406    33.0775    25.4944 -9.990e-29
 280.550237     11.511  35.976269     9.7385     4.8123     11.415    33.0789    25.4957 -9.990e-29
 280.550243     11.515  35.976644     9.7378     4.8268     11.419    33.0799    25.4966 -9.990e-29
 280.550249     11.510  35.976140     9.7375     4.8352     11.414    33.0797    25.4964 -9.990e-29
 280.550255     11.498  35.975209     9.7374     4.8408     11.402    33.0788    25.4958 -9.990e-29
 280.550260     11.488  35.974856     9.7371     4.8386     11.392    33.0788    25.4958 -9.990e-29
 280.550266     11.484  35.975175     9.7371     4.8387     11.388    33.0791    25.4960 -9.990e-29
 280.550272     11.485  35.975475     9.7375     4.8363     11.389    33.0790    25.4959 -9.990e-29
 280.550278     11.491  35.975599     9.7376     4.8397     11.395    33.0791    25.4959 -9.990e-29
 280.550284     11.503  35.975718     9.7375     4.8491     11.407    33.0793    25.4961 -9.990e-29
 280.550289     11.517  35.975993     9.7379     4.8588     11.421    33.0792    25.4960 -9.990e-29
 280.550295     11.526  35.976233     9.7380     4.8668     11.429    33.0793    25.4961 -9.990e-29
 280.550301     11.526  35.976201     9.7374     4.8554     11.429    33.0798    25.4966 -9.990e-29
 280.550307     11.521  35.975860     9.7370     4.8393     11.425    33.0799    25.4967 -9.990e-29
 280.550313     11.515  35.975319     9.7371     4.8230     11.419    33.0792    25.4961 -9.990e-29
 280.550318     11.503  35.974983     9.7369     4.8192     11.407    33.0791    25.4960 -9.990e-29
 280.550324     11.481  35.974968     9.7365     4.8403     11.385    33.0794    25.4964 -9.990e-29
 280.550330     11.455  35.975258     9.7368     4.8578     11.359    33.0795    25.4964 -9.990e-29
 280.550336     11.442  35.975681     9.7379     4.8567     11.346    33.0789    25.4957 -9.990e-29
 280.550341     11.448  35.975686     9.7384     4.8505     11.352    33.0784    25.4953 -9.990e-29
 280.550347     11.470  35.975285     9.7374     4.8332     11.374    33.0789    25.4959 -9.990e-29
 280.550353     11.496  35.975070     9.7367     4.8287     11.400    33.0793    25.4963 -9.990e-29
 280.550359     11.511  35.975315     9.7373     4.8179     11.415    33.0790    25.4960 -9.990e-29
 280.550365     11.504  35.975790     9.7375     4.8008     11.408    33.0793    25.4962 -9.990e-29
 280.550370     11.473  35.976010     9.7366     4.8005     11.377    33.0804    25.4971 -9.990e-29
 280.550376     11.429  35.975712     9.7364     4.8126     11.333    33.0803    25.4971 -9.990e-29
 280.550382     11.387  35.975065     9.7371     4.8347     11.292    33.0790    25.4960 -9.990e-29
 280.550388     11.362  35.974332     9.7373     4.8452     11.267    33.0781    25.4952 -9.990e-29
 280.550394     11.363  35.973662     9.7368     4.8355     11.268    33.0779    25.4951 -9.990e-29
 280.550399     11.393  35.973287     9.7364     4.8197     11.298    33.0778    25.4952 -9.990e-29
 280.550405     11.435  35.973272     9.7365     4.8132     11.339    33.0777    25.4951 -9.990e-29
 280.550411     11.470  35.973597     9.7364     4.8228     11.374    33.0781    25.4954 -9.990e-29
 280.550417     11.493  35.974138     9.7362     4.8309     11.397    33.0788    25.4960 -9.990e-29
 280.550422     11.509  35.974499     9.7363     4.8501     11.413    33.0791    25.4962 -9.990e-29
 280.550428     11.527  35.974605     9.7359     4.8597     11.430    33.0796    25.4966 -9.990e-29
 280.550434     11.549  35.974603     9.7353     4.8575     11.452    33.0801    25.4971 -9.990e-29
 280.550440     11.567  35.974494     9.7355     4.8611     11.470    33.0798    25.4969 -9.990e-29
 280.550446     11.580  35.974136     9.7359     4.8381     11.483    33.0791    25.4962 -9.990e-29
 280.550451     11.582  35.973615     9.7363     4.8295     11.485    33.0782    25.4955 -9.990e-29
 280.550457     11.570  35.973363     9.7369     4.8125     11.473    33.0774    25.4947 -9.990e-29
 280.550463     11.547  35.973606     9.7375     4.8084     11.450    33.0771    25.4944 -9.990e-29
 280.550469     11.516  35.974112     9.7375     4.8240     11.420    33.0776    25.4948 -9.990e-29
 280.550475     11.480  35.974441     9.7372     4.8379     11.384    33.0782    25.4954 -9.990e-29
 280.550480     11.449  35.974475     9.7370     4.8483     11.353    33.0785    25.4956 -9.990e-29
 280.550486     11.434  35.974262     9.7366     4.8461     11.338    33.0786    25.4958 -9.990e-29
 280.550492     11.438  35.974086     9.7359     4.8399     11.342    33.0791    25.4962 -9.990e-29
 280.550498     11.461  35.974274     9.7358     4.8433     11.365    33.0794    25.4965 -9.990e-29
 280.550503     11.497  35.974522     9.7364     4.8530     11.401    33.0791    25.4961 -9.990e-29
 280.550509     11.531  35.974603     9.7366     4.8626     11.434    33.0789    25.4960 -9.990e-29
 280.550515     11.556  35.974628     9.7365     4.8627     11.459    33.0790    25.4961 -9.990e-29
 280.550521     11.573  35.974635     9.7370     4.8409     11.476    33.0786    25.4957 -9.990e-29
 280.550527     11.589  35.974635     9.7380     4.8226     11.492    33.0777    25.4948 -9.990e-29
