data/oxygen options/ONMS/Olympic_Coast_National_Marine_Sanctuary_CTD_Data_2005_2023/raw_data/2009/CTD_CE015_060109faed.cnv
* Sea-Bird SBE19 Data File:
* FileName = C:\2009_MOORING_DATA\CTD_CE015_060109.hex
* Software Version 1.59
* Temperature SN = 2997
* Conductivity SN = 2997
* System UpLoad Time = Jun 01 2009 15:45:04
* ds
* SEACAT PROFILER V3.1c SN 2997   06/01/09  15:44:37.284
# nquan = 9                                 
# nvalues = 1406                        
# units = specified
# name 0 = timeJ: Julian Days
# name 1 = prSM: Pressure, Strain Gauge [db]
# name 2 = c0mS/cm: Conductivity [mS/cm]
# name 3 = t090C: Temperature [ITS-90, deg C]
# name 4 = sbeox0ML/L: Oxygen, SBE 43 [ml/l]
# name 5 = depSM: Depth [salt water, m], lat = 47.5
# name 6 = sal00: Salinity, Practical [PSU]
# name 7 = sigma-é00: Density [sigma-theta, kg/m^3]
# name 8 = flag: flag
# span 0 = 152.630833, 152.638964       
# span 1 =     -5.548,     14.755       
# span 2 =   0.032359,  37.235296       
# span 3 =     8.3509,    14.9508       
# span 4 =    -1.6702,    28.8925       
# span 5 =     -5.502,     14.631       
# span 6 =     0.0228,    33.1023       
# span 7 =    -0.8739,    25.7320       
# span 8 = 0.0000e+00, 0.0000e+00       
# interval = seconds: 0.5
# start_time = Jun 01 2009 15:08:24 [Instrument's time stamp, header]
# bad_flag = -9.990e-29
*END*
[from data line 1281]
 152.638247      4.905  34.956026     8.9658     6.1151      4.864    32.7411    25.3550 -9.990e-29
 152.638252      4.900  34.956065     8.9649     6.1317      4.859    32.7419    25.3558 -9.990e-29
 152.638258      4.894  34.957005     8.9587     6.1272      4.853    32.7486    25.3621 -9.990e-29
 152.638264      4.884  34.960654     8.9547     6.1090      4.843    32.7561    25.3685 -9.990e-29
 152.638270      4.872  34.966265     8.9568     6.0746      4.831    32.7600    25.3713 -9.990e-29
 152.638275      4.860  34.971784     8.9633     6.0611      4.819    32.7598    25.3701 -9.990e-29
 152.638281      4.855  34.976717     8.9713     6.0595      4.814    32.7575    25.3671 -9.990e-29
 152.638287      4.863  34.980351     8.9779     6.0399      4.822    32.7552    25.3642 -9.990e-29
 152.638293      4.879  34.981363     8.9816     6.0297      4.838    32.7529    25.3618 -9.990e-29
 152.638299      4.895  34.979974     8.9829     6.0198      4.854    32.7502    25.3595 -9.990e-29
 152.638304      4.909  34.977687     8.9831     6.0245      4.868    32.7477    25.3575 -9.990e-29
 152.638310      4.921  34.975929     8.9840     6.0460      4.880    32.7450    25.3553 -9.990e-29
 152.638316      4.932  34.974588     8.9841     6.0607      4.891    32.7435    25.3541 -9.990e-29
 152.638322      4.943  34.971869     8.9807     6.0535      4.902    32.7438    25.3548 -9.990e-29
 152.638328      4.950  34.968622     8.9796     6.0360      4.909    32.7414    25.3532 -9.990e-29
 152.638333      4.945  34.968355     8.9862     6.0185      4.904    32.7351    25.3472 -9.990e-29
 152.638339      4.928  34.970700     8.9941     5.9978      4.887    32.7302    25.3422 -9.990e-29
 152.638345      4.906  34.973175     8.9959     6.0077      4.865    32.7312    25.3426 -9.990e-29
 152.638351      4.887  34.975152     8.9906     6.0243      4.846    32.7381    25.3489 -9.990e-29
 152.638356      4.873  34.975899     8.9825     6.0427      4.832    32.7464    25.3566 -9.990e-29
 152.638362      4.863  34.975846     8.9763     6.0682      4.822    32.7520    25.3620 -9.990e-29
 152.638368      4.858  34.975473     8.9726     6.1047      4.817    32.7551    25.3649 -9.990e-29
 152.638374      4.856  34.974273     8.9721     6.1153      4.815    32.7543    25.3644 -9.990e-29
 152.638380      4.858  34.973437     8.9761     6.1164      4.817    32.7497    25.3602 -9.990e-29
 152.638385      4.859  34.974086     8.9820     6.0756      4.818    32.7449    25.3555 -9.990e-29
 152.638391      4.855  34.975394     8.9861     6.0452      4.814    32.7425    25.3530 -9.990e-29
 152.638397      4.851  34.976859     8.9884     6.0144      4.810    32.7419    25.3522 -9.990e-29
 152.638403      4.853  34.979307     8.9911     6.0004      4.812    32.7420    25.3518 -9.990e-29
 152.638409      4.864  34.980953     8.9925     6.0186      4.823    32.7424    25.3519 -9.990e-29
 152.638414      4.874  34.978939     8.9920     6.0444      4.833    32.7408    25.3507 -9.990e-29
 152.638420      4.880  34.975615     8.9943     6.1039      4.839    32.7352    25.3460 -9.990e-29
 152.638426      4.882  34.974388     9.0001     6.1865      4.841    32.7286    25.3399 -9.990e-29
 152.638432      4.881  34.974733     9.0043     6.2265      4.840    32.7251    25.3365 -9.990e-29
 152.638438      4.877  34.974860     9.0056     6.2173      4.836    32.7240    25.3355 -9.990e-29
 152.638443      4.868  34.974934     9.0068     6.2089      4.827    32.7230    25.3345 -9.990e-29
 152.638449      4.856  34.976726     9.0116     6.2103      4.815    32.7204    25.3317 -9.990e-29
 152.638455      4.842  34.980377     9.0191     6.2828      4.802    32.7173    25.3281 -9.990e-29
 152.638461      4.836  34.984583     9.0231     6.3476      4.796    32.7180    25.3281 -9.990e-29
 152.638466      4.836  34.987103     9.0199     6.3096      4.796    32.7236    25.3329 -9.990e-29
 152.638472      4.834  34.986248     9.0152     6.1966      4.794    32.7270    25.3363 -9.990e-29
 152.638478      4.826  34.985353     9.0149     6.0887      4.786    32.7264    25.3359 -9.990e-29
 152.638484      4.815  34.987699     9.0158     6.0323      4.775    32.7280    25.3370 -9.990e-29
 152.638490      4.809  34.991922     9.0117     6.0467      4.769    32.7362    25.3440 -9.990e-29
 152.638495      4.812  34.993560     9.0037     6.0718      4.772    32.7452    25.3524 -9.990e-29
 152.638501      4.820  34.988442     8.9960     6.0978      4.780    32.7470    25.3550 -9.990e-29
 152.638507      4.825  34.979268     8.9946     6.1521      4.785    32.7387    25.3487 -9.990e-29
 152.638513      4.823  34.973222     9.0017     6.2401      4.783    32.7259    25.3376 -9.990e-29
 152.638519      4.813  34.973446     9.0108     6.3675      4.773    32.7178    25.3298 -9.990e-29
 152.638524      4.801  34.977806     9.0173     6.5125      4.761    32.7163    25.3276 -9.990e-29
 152.638530      4.792  34.982593     9.0226     6.6549      4.752    32.7164    25.3269 -9.990e-29
 152.638536      4.792  34.985790     9.0299     6.7385      4.752    32.7130    25.3231 -9.990e-29
 152.638542      4.795  34.988857     9.0402     6.7497      4.755    32.7068    25.3166 -9.990e-29
 152.638547      4.798  34.992524     9.0513     6.7088      4.758    32.7004    25.3098 -9.990e-29
 152.638553      4.800  34.996637     9.0640     6.6308      4.760    32.6930    25.3021 -9.990e-29
 152.638559      4.803  35.001637     9.0787     6.5153      4.763    32.6846    25.2932 -9.990e-29
 152.638565      4.810  35.005790     9.0907     6.3796      4.770    32.6779    25.2861 -9.990e-29
 152.638571      4.826  35.006792     9.0966     6.2918      4.786    32.6735    25.2818 -9.990e-29
 152.638576      4.848  35.005420     9.0990     6.3174      4.807    32.6699    25.2785 -9.990e-29
 152.638582      4.868  35.004331     9.0992     6.4511      4.827    32.6686    25.2775 -9.990e-29
 152.638588      4.885  35.003194     9.0926     6.5969      4.844    32.6735    25.2823 -9.990e-29
 152.638594      4.898  34.999372     9.0816     6.6264      4.857    32.6796    25.2888 -9.990e-29
 152.638600      4.908  34.994492     9.0793     6.4757      4.867    32.6766    25.2869 -9.990e-29
 152.638605      4.913  34.993811     9.0895     6.2607      4.872    32.6666    25.2774 -9.990e-29
 152.638611      4.907  34.997540     9.1026     6.0879      4.866    32.6584    25.2690 -9.990e-29
 152.638617      4.900  35.002243     9.1101     6.0487      4.859    32.6564    25.2662 -9.990e-29
 152.638623      4.903  35.004671     9.1042     6.1710      4.862    32.6643    25.2734 -9.990e-29
 152.638628      4.918  35.001341     9.0803     6.3884      4.877    32.6828    25.2916 -9.990e-29
 152.638634      4.931  34.991738     9.0541     6.5542      4.890    32.6969    25.3067 -9.990e-29
 152.638640      4.930  34.982667     9.0452     6.5881      4.889    32.6957    25.3071 -9.990e-29
 152.638646      4.913  34.981637     9.0510     6.5414      4.872    32.6893    25.3012 -9.990e-29
 152.638652      4.881  34.986147     9.0644     6.4921      4.840    32.6817    25.2932 -9.990e-29
 152.638657      4.846  34.992686     9.0839     6.4844      4.805    32.6706    25.2814 -9.990e-29
 152.638663      4.817  35.001008     9.0979     6.5309      4.777    32.6664    25.2759 -9.990e-29
 152.638669      4.799  35.005405     9.0935     6.5417      4.759    32.6750    25.2834 -9.990e-29
 152.638675      4.785  35.002778     9.0825     6.5359      4.745    32.6823    25.2909 -9.990e-29
 152.638681      4.765  34.999713     9.0826     6.5773      4.725    32.6791    25.2883 -9.990e-29
 152.638686      4.734  35.000528     9.0911     6.6490      4.694    32.6721    25.2815 -9.990e-29
 152.638692      4.691  35.002941     9.0986     6.7747      4.652    32.6678    25.2769 -9.990e-29
 152.638698      4.632  35.004007     9.1001     6.9876      4.593    32.6675    25.2765 -9.990e-29
 152.638704      4.554  35.002910     9.0993     7.3461      4.516    32.6672    25.2763 -9.990e-29
 152.638709      4.451  35.002671     9.1091     7.8944      4.414    32.6580    25.2676 -9.990e-29
 152.638715      4.314  35.006333     9.1347     8.6908      4.278    32.6384    25.2483 0.0000e+00
 152.638721      4.132  35.012612     9.1690     9.6394      4.097    32.6135    25.2234 0.0000e+00
 152.638727      3.917  35.021476     9.2137    10.5757      3.884    32.5819    25.1917 0.0000e+00
 152.638733      3.684  35.039709     9.2971    11.3292      3.653    32.5248    25.1338 0.0000e+00
 152.638738      3.440  35.085463     9.4523    11.7571      3.411    32.4310    25.0358 0.0000e+00
 152.638744      3.191  35.187254     9.6766    11.9352      3.164    32.3329    24.9230 0.0000e+00
 152.638750      2.955  35.363148     9.9506    11.9231      2.930    32.2662    24.8261 0.0000e+00
 152.638756      2.756  35.596670    10.2579    11.8345      2.733    32.2283    24.7454 0.0000e+00
 152.638762      2.602  35.829955    10.5428    11.7543      2.580    32.2097    24.6827 -9.990e-29
 152.638767      2.484  36.000891    10.7356    11.6508      2.463    32.2100    24.6498 -9.990e-29
 152.638773      2.382  36.085273    10.8278    11.5970      2.362    32.2127    24.6359 -9.990e-29
 152.638779      2.275  36.111042    10.8647    11.6144      2.256    32.2058    24.6241 -9.990e-29
 152.638785      2.158  36.130519    10.9003    11.5329      2.140    32.1939    24.6086 -9.990e-29
 152.638791      2.035  36.179212    10.9687    11.4232      2.018    32.1821    24.5875 -9.990e-29
 152.638796      1.917  36.260958    11.0537    11.3083      1.901    32.1884    24.5774 -9.990e-29
 152.638802      1.808  36.335684    11.1223    11.0651      1.793    32.2020    24.5759 -9.990e-29
 152.638808      1.705  36.381985    11.1841    10.8217      1.691    32.1936    24.5584 -9.990e-29
 152.638814      1.607  36.425748    11.2663    10.2644      1.594    32.1649    24.5215 -9.990e-29
 152.638819      1.515  36.469850    11.3642     9.6996      1.502    32.1228    24.4713 -9.990e-29
 152.638825      1.429  36.513135    11.4566     9.2381      1.417    32.0849    24.4253 -9.990e-29
 152.638831      1.342  36.535988    11.5562     8.9907      1.331    32.0210    24.3576 -9.990e-29
 152.638837      1.254  36.482026    11.6988     8.9625      1.244    31.8457    24.1956 -9.990e-29
 152.638843      1.168  36.350491    11.8691     8.9968      1.158    31.5732    23.9530 -9.990e-29
 152.638848      1.082  36.164970    12.0323     8.9654      1.073    31.2570    23.6778 -9.990e-29
 152.638854      0.994  35.959456    12.1824     8.8770      0.986    30.9353    23.4007 -9.990e-29
 152.638860      0.909  35.826461    12.2983     8.8443      0.901    30.7131    23.2070 -9.990e-29
 152.638866      0.825  35.786500    12.3591    10.1458      0.818    30.6254    23.1278 -9.990e-29
 152.638872      0.740  35.776232    12.3819     9.1572      0.734    30.5971    23.1016 -9.990e-29
 152.638877      0.659  35.775264    12.4264     7.7218      0.653    30.5600    23.0645 -9.990e-29
 152.638883      0.584  35.752613    12.5176     6.3833      0.579    30.4645    22.9736 -9.990e-29
 152.638889      0.519  35.692085    12.6100     5.5701      0.515    30.3328    22.8542 -9.990e-29
 152.638895      0.465  35.627856    12.6587     5.4374      0.461    30.2331    22.7679 -9.990e-29
 152.638900      0.418  35.537627    12.6585     5.6036      0.415    30.1483    22.7023 -9.990e-29
 152.638906      0.374  35.294948    12.6280     5.8317      0.371    29.9441    22.5500 -9.990e-29
 152.638912      0.332  34.556644    12.5841 -9.990e-29      0.329    29.2842    22.0476 -9.990e-29
 152.638918      0.292  32.340549    12.5377 -9.990e-29      0.290    27.2455    20.4791 -9.990e-29
 152.638924      0.262  25.721000    12.4922 -9.990e-29      0.260    21.1960    15.8139 -9.990e-29
 152.638929      0.238  15.790437    12.4467 -9.990e-29      0.236    12.4605     9.0835 -9.990e-29
 152.638935      0.215   9.091408    12.4022 -9.990e-29      0.213     6.8695     4.7765 -9.990e-29
 152.638941      0.196   6.506741    12.3617 -9.990e-29      0.194     4.8025     3.1847 -9.990e-29
 152.638947      0.184   4.957126    12.3278 -9.990e-29      0.182     3.5943     2.2541 -9.990e-29
 152.638953      0.178   3.774947    12.3021 -9.990e-29      0.177     2.6912     1.5577 -9.990e-29
 152.638958      0.178   3.067156    12.2915 -9.990e-29      0.177     2.1597     1.1467 -9.990e-29
 152.638964      0.179   2.866566 -9.990e-29 -9.990e-29      0.178 -9.990e-29 -9.990e-29 -9.990e-29
