data/oxygen options/ONMS/Olympic_Coast_National_Marine_Sanctuary_CTD_Data_2005_2023/raw_data/2009/CTD_KL015_070909faed.cnv
* Sea-Bird SBE19 Data File:
* FileName = C:\2009_MOORING_DATA\070709_data\CTD_KL015_070909.hex
* Software Version 1.24
* Temperature SN = 2997
* Conductivity SN = 2997
* System UpLoad Time = Jul 09 2009 11:16:16
* SEACAT PROFILER V3.1c SN 2997   07/09/09  11:15:25.322
* strain gauge pressure sensor: S/N = 184829,  range = 3000 psia,  tc = 40
# nquan = 9                                 
# nvalues = 3935                        
# units = specified
# name 0 = timeJ: Julian Days
# name 1 = prSM: Pressure, Strain Gauge [db]
# name 2 = c0mS/cm: Conductivity [mS/cm]
# name 3 = t090C: Temperature [ITS-90, deg C]
# name 4 = sbeox0ML/L: Oxygen, SBE 43 [ml/l]
# name 5 = depSM: Depth [salt water, m], lat = 47.5
# name 6 = sal00: Salinity, Practical [PSU]
# name 7 = sigma-é00: Density [sigma-theta, kg/m^3]
# name 8 = flag: flag
# span 0 = 190.443356, 190.466123       
# span 1 =     -5.531,     13.075       
# span 2 =   0.061832,  36.943665       
# span 3 =    12.7244,    16.4642       
# span 4 =   -14.2678,    17.2522       
# span 5 =     -5.485,     12.965       
# span 6 =     0.0384,    31.4146       
# span 7 =    -1.0568,    23.6698       
# span 8 = 0.0000e+00, 0.0000e+00       
# interval = seconds: 0.5
# start_time = Jul 09 2009 10:38:26 [Instrument's time stamp, header]
# bad_flag = -9.990e-29
*END*
[from data line 2721]
 190.459103      0.359   0.367341    15.7576    -1.5999      0.356     0.2164    -0.8491 -9.990e-29
 190.459109      0.360   0.365383    15.7503    -1.6003      0.357     0.2152    -0.8488 -9.990e-29
 190.459115      0.361   0.364744    15.7477    -1.6003      0.358     0.2149    -0.8487 -9.990e-29
 190.459120      0.362   0.365125    15.7506    -1.6005      0.359     0.2151    -0.8490 -9.990e-29
 190.459126      0.364   0.365372    15.7567    -1.6008      0.361     0.2152    -0.8499 -9.990e-29
 190.459132      0.366   0.364707    15.7638    -1.6011      0.363     0.2147    -0.8514 -9.990e-29
 190.459138      0.369   0.363354    15.7690    -1.6013      0.366     0.2139    -0.8528 -9.990e-29
 190.459144      0.372   0.362280    15.7687    -1.6014      0.369     0.2133    -0.8533 -9.990e-29
 190.459149      0.373   0.362270    15.7628    -1.6012      0.370     0.2133    -0.8523 -9.990e-29
 190.459155      0.366   0.362757    15.7543    -1.6012      0.363     0.2136    -0.8507 -9.990e-29
 190.459161      0.355   0.362729    15.7463    -1.6013      0.352     0.2136    -0.8494 -9.990e-29
 190.459167      0.344   0.362150    15.7397    -1.6013      0.341     0.2133    -0.8486 -9.990e-29
 190.459172      0.337   0.361357    15.7332    -1.6015      0.334     0.2129    -0.8479 -9.990e-29
 190.459178      0.338   0.360400    15.7257    -1.6014      0.335     0.2124    -0.8471 -9.990e-29
 190.459184      0.341   0.359668    15.7183    -1.6015      0.338     0.2119    -0.8462 -9.990e-29
 190.459190      0.343   0.359295    15.7131    -1.6013      0.340     0.2118    -0.8456 -9.990e-29
 190.459196      0.344   0.358786    15.7114    -1.6015      0.341     0.2115    -0.8455 -9.990e-29
 190.459201      0.345   0.358016    15.7120    -1.6016      0.342     0.2110    -0.8460 -9.990e-29
 190.459207      0.345   0.357066    15.7119    -1.6017      0.342     0.2104    -0.8464 -9.990e-29
 190.459213      0.345   0.356335    15.7103    -1.6018      0.342     0.2100    -0.8465 -9.990e-29
 190.459219      0.343   0.355958    15.7082    -1.6020      0.340     0.2098    -0.8463 -9.990e-29
 190.459225      0.341   0.355432    15.7065    -1.6020      0.338     0.2095    -0.8463 -9.990e-29
 190.459230      0.338   0.354612    15.7058    -1.6020      0.335     0.2090    -0.8465 -9.990e-29
 190.459236      0.334   0.353513    15.7058    -1.6019      0.331     0.2083    -0.8471 -9.990e-29
 190.459242      0.328   0.352331    15.7056    -1.6019      0.325     0.2076    -0.8476 -9.990e-29
 190.459248      0.325   0.351155    15.7041    -1.6023      0.322     0.2069    -0.8479 -9.990e-29
 190.459253      0.329   0.349528    15.7013    -1.6026      0.326     0.2059    -0.8482 -9.990e-29
 190.459259      0.335   0.347498    15.6981    -1.6027      0.332     0.2047    -0.8486 -9.990e-29
 190.459265      0.340   0.345686    15.6949    -1.6028      0.337     0.2037    -0.8489 -9.990e-29
 190.459271      0.343   0.344448    15.6921    -1.6028      0.340     0.2029    -0.8490 -9.990e-29
 190.459277      0.346   0.343797    15.6905    -1.6029      0.343     0.2025    -0.8491 -9.990e-29
 190.459282      0.348   0.343420    15.6902    -1.6033      0.345     0.2023    -0.8492 -9.990e-29
 190.459288      0.350   0.342815    15.6900    -1.6035      0.347     0.2020    -0.8494 -9.990e-29
 190.459294      0.351   0.341732    15.6870    -1.6039      0.348     0.2013    -0.8495 -9.990e-29
 190.459300      0.352   0.340392    15.6800    -1.6043      0.349     0.2006    -0.8489 -9.990e-29
 190.459306      0.353   0.339226    15.6724    -1.6046      0.350     0.1999    -0.8482 -9.990e-29
 190.459311      0.354   0.338342    15.6672    -1.6047      0.351     0.1994    -0.8478 -9.990e-29
 190.459317      0.354   0.337670    15.6639    -1.6047      0.351     0.1990    -0.8476 -9.990e-29
 190.459323      0.354   0.337425    15.6606    -1.6045      0.351     0.1989    -0.8472 -9.990e-29
 190.459329      0.354   0.337282    15.6554    -1.6041      0.351     0.1988    -0.8464 -9.990e-29
 190.459334      0.354   0.336496    15.6478    -1.6037      0.351     0.1984    -0.8455 -9.990e-29
 190.459340      0.354   0.335126    15.6386    -1.6033      0.351     0.1976    -0.8447 -9.990e-29
 190.459346      0.354   0.333566    15.6284    -1.6031      0.351     0.1967    -0.8437 -9.990e-29
 190.459352      0.354   0.331953    15.6182    -1.6029      0.351     0.1958    -0.8428 -9.990e-29
 190.459358      0.353   0.330354    15.6103    -1.6024      0.350     0.1949    -0.8423 -9.990e-29
 190.459363      0.353   0.328857    15.6067    -1.6020      0.350     0.1940    -0.8424 -9.990e-29
 190.459369      0.352   0.327685    15.6076    -1.6021      0.349     0.1933    -0.8431 -9.990e-29
 190.459375      0.350   0.326939    15.6134    -1.6017      0.347     0.1928    -0.8444 -9.990e-29
 190.459381      0.349   0.326178    15.6234    -1.6019      0.346     0.1923    -0.8463 -9.990e-29
 190.459387      0.347   0.324943    15.6354    -1.6020      0.344     0.1915    -0.8489 -9.990e-29
 190.459392      0.344   0.323252    15.6470    -1.6025      0.341     0.1904    -0.8515 -9.990e-29
 190.459398      0.341   0.321622    15.6568    -1.6028      0.338     0.1894    -0.8539 -9.990e-29
 190.459404      0.337   0.320654    15.6669    -1.6030      0.334     0.1888    -0.8560 -9.990e-29
 190.459410      0.331   0.320167    15.6782    -1.6028      0.328     0.1884    -0.8580 -9.990e-29
 190.459416      0.324   0.319512    15.6872    -1.6027      0.321     0.1880    -0.8598 -9.990e-29
 190.459421      0.315   0.318371    15.6923    -1.6025      0.312     0.1873    -0.8612 -9.990e-29
 190.459427      0.303   0.316889    15.6947    -1.6023      0.300     0.1864    -0.8622 -9.990e-29
 190.459433      0.296   0.315306    15.6938    -1.6025      0.294     0.1855    -0.8628 -9.990e-29
 190.459439      0.303   0.313732    15.6885    -1.6032      0.300     0.1845    -0.8627 -9.990e-29
 190.459444      0.315   0.312284    15.6799    -1.6039      0.312     0.1837    -0.8619 -9.990e-29
 190.459450      0.324   0.311253    15.6721    -1.6043      0.321     0.1831    -0.8612 -9.990e-29
 190.459456      0.331   0.310926    15.6689    -1.6046      0.328     0.1830    -0.8608 -9.990e-29
 190.459462      0.337   0.310869    15.6703    -1.6048      0.334     0.1829    -0.8610 -9.990e-29
 190.459468      0.341   0.310452    15.6740    -1.6047      0.338     0.1826    -0.8618 -9.990e-29
 190.459473      0.344   0.309673    15.6774    -1.6051      0.341     0.1822    -0.8628 -9.990e-29
 190.459479      0.347   0.308605    15.6775    -1.6052      0.344     0.1815    -0.8633 -9.990e-29
 190.459485      0.349   0.307488    15.6700    -1.6049      0.346     0.1809    -0.8626 -9.990e-29
 190.459491      0.350   0.306496    15.6546    -1.6050      0.347     0.1804    -0.8605 -9.990e-29
 190.459497      0.352   0.305415    15.6371    -1.6051      0.349     0.1798    -0.8582 -9.990e-29
 190.459502      0.353   0.304470    15.6227    -1.6050      0.350     0.1793    -0.8563 -9.990e-29
 190.459508      0.354   0.304064    15.6126    -1.6052      0.351     0.1791    -0.8548 -9.990e-29
 190.459514      0.354   0.304211    15.6064    -1.6053      0.351     0.1792    -0.8538 -9.990e-29
 190.459520      0.355   0.304552    15.6018    -1.6055      0.352     0.1794    -0.8529 -9.990e-29
 190.459525      0.355   0.304435    15.5975    -1.6056      0.352     0.1794    -0.8522 -9.990e-29
 190.459531      0.355   0.303703    15.5959    -1.6059      0.352     0.1789    -0.8523 -9.990e-29
 190.459537      0.355   0.302491    15.5970    -1.6060      0.352     0.1782    -0.8531 -9.990e-29
 190.459543      0.355   0.300846    15.5972    -1.6061      0.352     0.1772    -0.8538 -9.990e-29
 190.459549      0.356   0.299350    15.5963    -1.6061      0.353     0.1763    -0.8544 -9.990e-29
 190.459554      0.356   0.298226    15.5947    -1.6057      0.353     0.1757    -0.8547 -9.990e-29
 190.459560      0.356   0.297086    15.5916    -1.6056      0.353     0.1750    -0.8547 -9.990e-29
 190.459566      0.356   0.296073    15.5873    -1.6055      0.353     0.1744    -0.8545 -9.990e-29
 190.459572      0.356   0.295501    15.5825    -1.6050      0.353     0.1741    -0.8539 -9.990e-29
 190.459578      0.356   0.295163    15.5773    -1.6044      0.353     0.1739    -0.8533 -9.990e-29
 190.459583      0.356   0.294607    15.5720    -1.6036      0.353     0.1736    -0.8527 -9.990e-29
 190.459589      0.356   0.293648    15.5681    -1.6035      0.353     0.1730    -0.8525 -9.990e-29
 190.459595      0.356   0.292671    15.5668    -1.6039      0.353     0.1725    -0.8527 -9.990e-29
 190.459601      0.356   0.292039    15.5689    -1.6043      0.353     0.1721    -0.8534 -9.990e-29
 190.459606      0.356   0.291465    15.5739    -1.6045      0.353     0.1717    -0.8544 -9.990e-29
 190.459612      0.356   0.290739    15.5803    -1.6046      0.353     0.1713    -0.8558 -9.990e-29
 190.459618      0.356   0.290000    15.5891    -1.6042      0.353     0.1708    -0.8576 -9.990e-29
 190.459624      0.356   0.289373    15.6027    -1.6035      0.353     0.1704    -0.8600 -9.990e-29
 190.459630      0.356   0.289134    15.6197    -1.6032      0.353     0.1701    -0.8629 -9.990e-29
 190.459635      0.356   0.288962    15.6342    -1.6032      0.353     0.1700    -0.8653 -9.990e-29
 190.459641      0.356   0.288077    15.6394    -1.6033      0.353     0.1694    -0.8666 -9.990e-29
 190.459647      0.356   0.286408    15.6352    -1.6033      0.353     0.1685    -0.8667 -9.990e-29
 190.459653      0.357   0.284503    15.6277    -1.6032      0.354     0.1674    -0.8663 -9.990e-29
 190.459659      0.357   0.283150    15.6222    -1.6028      0.354     0.1666    -0.8661 -9.990e-29
 190.459664      0.357   0.282762    15.6229    -1.6025      0.354     0.1663    -0.8663 -9.990e-29
 190.459670      0.357   0.283377    15.6316    -1.6020      0.354     0.1667    -0.8675 -9.990e-29
 190.459676      0.358   0.284708    15.6441    -1.6018      0.355     0.1674    -0.8689 -9.990e-29
 190.459682      0.358   0.285757    15.6535    -1.6016      0.355     0.1680    -0.8699 -9.990e-29
 190.459688      0.359   0.285707    15.6577    -1.6016      0.356     0.1680    -0.8706 -9.990e-29
 190.459693      0.360   0.284491    15.6590    -1.6016      0.357     0.1672    -0.8714 -9.990e-29
 190.459699      0.361   0.282708    15.6607    -1.6012      0.358     0.1662    -0.8725 -9.990e-29
 190.459705      0.362   0.281307    15.6656    -1.6009      0.359     0.1653    -0.8739 -9.990e-29
 190.459711      0.364   0.280639    15.6747    -1.6008      0.361     0.1649    -0.8757 -9.990e-29
 190.459716      0.366   0.280367    15.6861    -1.6012      0.363     0.1647    -0.8777 -9.990e-29
 190.459722      0.368   0.280129    15.6974    -1.6016      0.365     0.1645    -0.8796 -9.990e-29
 190.459728      0.372   0.279611    15.7063    -1.6018      0.369     0.1641    -0.8813 -9.990e-29
 190.459734      0.377   0.278675    15.7121    -1.6018      0.374     0.1636    -0.8827 -9.990e-29
 190.459740      0.382   0.277739    15.7162    -1.6017      0.379     0.1630    -0.8838 -9.990e-29
 190.459745      0.386   0.277217    15.7211    -1.6017      0.383     0.1627    -0.8848 -9.990e-29
 190.459751      0.382   0.276969    15.7280    -1.6016      0.379     0.1625    -0.8860 -9.990e-29
 190.459757      0.377   0.276665    15.7341    -1.6015      0.374     0.1623    -0.8872 -9.990e-29
 190.459763      0.372   0.275902    15.7346    -1.6013      0.369     0.1618    -0.8876 -9.990e-29
 190.459769      0.368   0.274773    15.7284    -1.6012      0.365     0.1612    -0.8871 -9.990e-29
 190.459774      0.366   0.273989    15.7196    -1.6011      0.363     0.1608    -0.8860 -9.990e-29
 190.459780      0.364   0.273616    15.7133    -1.6011      0.361     0.1606    -0.8852 -9.990e-29
 190.459786      0.362   0.273155    15.7110    -1.6007      0.359     0.1603    -0.8850 -9.990e-29
 190.459792      0.360   0.272549    15.7117    -1.6005      0.357     0.1599    -0.8854 -9.990e-29
 190.459797      0.359   0.272099    15.7138    -1.6006      0.356     0.1597    -0.8860 -9.990e-29
 190.459803      0.359   0.271759    15.7173    -1.6005      0.356     0.1594    -0.8867 -9.990e-29
 190.459809      0.358   0.271079    15.7220    -1.6004      0.355     0.1590    -0.8878 -9.990e-29
 190.459815      0.358   0.269706    15.7265    -1.6003      0.355     0.1582    -0.8891 -9.990e-29
 190.459821      0.357   0.268029    15.7301    -1.5999      0.354     0.1572    -0.8905 -9.990e-29
 190.459826      0.357   0.267137    15.7336    -1.5994      0.354     0.1566    -0.8915 -9.990e-29
 190.459832      0.356   0.267507    15.7381    -1.5991      0.353     0.1569    -0.8920 -9.990e-29
 190.459838      0.356   0.268522    15.7442    -1.5987      0.353     0.1574    -0.8925 -9.990e-29
 190.459844      0.356   0.269319    15.7493    -1.5985      0.353     0.1579    -0.8930 -9.990e-29
 190.459850      0.355   0.269298    15.7522    -1.5984      0.352     0.1579    -0.8935 -9.990e-29
 190.459855      0.355   0.268433    15.7552    -1.5983      0.352     0.1573    -0.8944 -9.990e-29
 190.459861      0.354   0.267235    15.7595    -1.5964      0.351     0.1566    -0.8956 -9.990e-29
 190.459867      0.354   0.266325    15.7659    -1.5950      0.351     0.1561    -0.8971 -9.990e-29
 190.459873      0.353   0.266153    15.7762    -1.5941      0.350     0.1559    -0.8988 -9.990e-29
 190.459878      0.352   0.266490    15.7886    -1.5939      0.349     0.1561    -0.9007 -9.990e-29
 190.459884      0.351   0.266679    15.8008    -1.5932      0.348     0.1561    -0.9026 -9.990e-29
 190.459890      0.350   0.266417    15.8122    -1.5927      0.347     0.1559    -0.9046 -9.990e-29
 190.459896      0.348   0.265912    15.8218    -1.5928      0.345     0.1556    -0.9064 -9.990e-29
 190.459902      0.346   0.265598    15.8323    -1.5926      0.343     0.1554    -0.9083 -9.990e-29
 190.459907      0.343   0.265614    15.8532    -1.5919      0.340     0.1553    -0.9117 -9.990e-29
 190.459913      0.339   0.265981    15.8885    -1.5916      0.336     0.1554    -0.9173 -9.990e-29
 190.459919      0.339   0.266634    15.9265    -1.5918      0.336     0.1557    -0.9232 -9.990e-29
 190.459925      0.346   0.267335    15.9557    -1.5923      0.343     0.1560    -0.9277 -9.990e-29
 190.459931      0.357   0.267912    15.9769    -1.5927      0.354     0.1562    -0.9310 -9.990e-29
 190.459936      0.367   0.268025    15.9947    -1.5930      0.364     0.1562    -0.9339 -9.990e-29
 190.459942      0.374   0.267826    16.0077    -1.5936      0.371     0.1561    -0.9361 -9.990e-29
 190.459948      0.374   0.268159    16.0156    -1.5941      0.371     0.1562    -0.9373 -9.990e-29
 190.459954      0.370   0.269468    16.0243    -1.5940      0.367     0.1570    -0.9381 -9.990e-29
 190.459959      0.368   0.271282    16.0348    -1.5938      0.365     0.1580    -0.9390 -9.990e-29
 190.459965      0.366   0.272696    16.0406    -1.5938      0.363     0.1588    -0.9394 -9.990e-29
 190.459971      0.365   0.273379    16.0373    -1.5937      0.362     0.1592    -0.9385 -9.990e-29
 190.459977      0.365   0.273687    16.0273    -1.5937      0.362     0.1595    -0.9367 -9.990e-29
 190.459983      0.365   0.274031    16.0150    -1.5942      0.362     0.1597    -0.9345 -9.990e-29
 190.459988      0.366   0.274317    16.0014    -1.5944      0.363     0.1599    -0.9321 -9.990e-29
 190.459994      0.367   0.274371    15.9870    -1.5946      0.364     0.1600    -0.9297 -9.990e-29
 190.460000      0.368   0.274821    15.9763    -1.5948      0.365     0.1603    -0.9277 -9.990e-29
 190.460006      0.371   0.276267    15.9731    -1.5940      0.368     0.1612    -0.9265 -9.990e-29
 190.460012      0.375   0.278422    15.9747    -1.5925      0.372     0.1624    -0.9258 -9.990e-29
 190.460017      0.379   0.280280    15.9764    -1.5912      0.376     0.1635    -0.9253 -9.990e-29
