data/oxygen options/ONMS/Olympic_Coast_National_Marine_Sanctuary_CTD_Data_2005_2023/raw_data/2009/CTD_CA042_060309faedb.cnv
* Sea-Bird SBE19 Data File:
* FileName = C:\2009_MOORING_DATA\CTD_CA042_060309.hex
* Software Version 1.59
* Temperature SN = 2997
* Conductivity SN = 2997
* System UpLoad Time = Jun 03 2009 15:03:05
* ds
* SEACAT PROFILER V3.1c SN 2997   06/03/09  15:02:40.070
# nquan = 9
# nvalues = 40                          
# units = specified
# name 0 = timeJ: Julian Days
# name 1 = prSM: Pressure, Strain Gauge [db]
# name 2 = c0mS/cm: Conductivity [mS/cm]
# name 3 = t090C: Temperature [ITS-90, deg C]
# name 4 = sbeox0ML/L: Oxygen, SBE 43 [ml/l]
# name 5 = depSM: Depth [salt water, m], lat = 47.5
# name 6 = sal00: Salinity, Practical [PSU]
# name 7 = sigma-é00: Density [sigma-theta, kg/m^3]
# name 8 = flag: flag
# span 0 = 154.544234, 154.544820       
# span 1 =      2.000,     41.000       
# span 2 =  33.887185,  34.789370       
# span 3 =     7.0737,     9.4303       
# span 4 =     3.1913,     6.5464       
# span 5 =      1.983,     40.654       
# span 6 =    32.1476,    33.3764       
# span 7 =    24.8179,    26.1303       
# span 8 = 0.0000e+00, 0.0000e+00       
# interval = decibars: 1                
# start_time = Jun 03 2009 12:59:45 [Instrument's time stamp, header]
# bad_flag = -9.990e-29
*END*
 154.544234      2.000  34.789370     9.4303     6.5464      1.983    32.1476    24.8179 0.0000e+00
 154.544255      3.000  34.703660     9.2494     6.5430      2.975    32.2219    24.9046 0.0000e+00
 154.544269      4.000  34.674899     9.1819     6.1360      3.966    32.2527    24.9392 0.0000e+00
 154.544282      5.000  34.719522     9.1503     5.9507      4.959    32.3271    25.0023 0.0000e+00
 154.544294      6.000  34.727529     9.0199     6.0744      5.950    32.4536    25.1217 0.0000e+00
 154.544306      7.000  34.731004     8.9472     6.1041      6.942    32.5232    25.1874 0.0000e+00
 154.544319      8.000  34.737321     8.9276     5.9853      7.933    32.5472    25.2093 0.0000e+00
 154.544331      9.000  34.742106     8.9101     5.4656      8.925    32.5679    25.2282 0.0000e+00
 154.544343     10.000  34.738535     8.8813     4.4609      9.916    32.5902    25.2501 0.0000e+00
 154.544356     11.000  34.734844     8.7816     3.7161     10.908    32.6776    25.3339 0.0000e+00
 154.544370     12.000  34.618453     8.4427     3.6421     11.899    32.8695    25.5356 0.0000e+00
 154.544384     13.000  34.423958     8.1016     3.5271     12.891    32.9826    25.6750 0.0000e+00
 154.544397     14.000  34.323143     7.9407     3.4230     13.883    33.0264    25.7329 0.0000e+00
 154.544410     15.000  34.229790     7.7778     3.4836     14.874    33.0803    25.7988 0.0000e+00
 154.544424     16.000  34.152601     7.6435     3.5519     15.866    33.1246    25.8527 0.0000e+00
 154.544441     17.000  34.137976     7.6057     3.5365     16.857    33.1444    25.8736 0.0000e+00
 154.544459     18.000  34.137752     7.5761     3.4853     17.849    33.1719    25.8995 0.0000e+00
 154.544475     19.000  34.104656     7.5107     3.4735     18.841    33.1983    25.9294 0.0000e+00
 154.544489     20.000  34.080120     7.4695     3.4553     19.832    33.2106    25.9450 0.0000e+00
 154.544502     21.000  34.052655     7.4262     3.4328     20.824    33.2220    25.9600 0.0000e+00
 154.544515     22.000  34.030205     7.3934     3.4076     21.815    33.2286    25.9698 0.0000e+00
 154.544528     23.000  34.011228     7.3657     3.3810     22.807    33.2341    25.9780 0.0000e+00
 154.544542     24.000  33.992920     7.3354     3.3806     23.798    33.2429    25.9891 0.0000e+00
 154.544558     25.000  33.976038     7.3025     3.3926     24.790    33.2557    26.0037 0.0000e+00
 154.544579     26.000  33.978208     7.3022     3.3352     25.781    33.2579    26.0055 0.0000e+00
 154.544600     27.000  33.973122     7.2698     3.2220     26.773    33.2830    26.0298 0.0000e+00
 154.544616     28.000  33.924948     7.1517     3.2456     27.764    33.3440    26.0941 0.0000e+00
 154.544631     29.000  33.892472     7.0881     3.2504     28.756    33.3696    26.1229 0.0000e+00
 154.544645     30.000  33.887872     7.0764     3.2405     29.748    33.3754    26.1291 0.0000e+00
 154.544659     31.000  33.887212     7.0743     3.2531     30.739    33.3763    26.1301 0.0000e+00
 154.544673     32.000  33.887251     7.0737     3.2571     31.730    33.3764    26.1303 0.0000e+00
 154.544688     33.000  33.887185     7.0741     3.2513     32.722    33.3755    26.1295 0.0000e+00
 154.544702     34.000  33.887607     7.0741     3.2433     33.713    33.3755    26.1295 0.0000e+00
 154.544715     35.000  33.887832     7.0741     3.2401     34.705    33.3752    26.1293 0.0000e+00
 154.544729     36.000  33.888591     7.0746     3.2277     35.696    33.3750    26.1291 0.0000e+00
 154.544744     37.000  33.889673     7.0753     3.2206     36.688    33.3751    26.1291 0.0000e+00
 154.544760     38.000  33.891310     7.0753     3.2096     37.680    33.3764    26.1301 0.0000e+00
 154.544778     39.000  33.891628     7.0763     3.1992     38.671    33.3753    26.1291 0.0000e+00
 154.544796     40.000  33.893077     7.0768     3.2085     39.662    33.3759    26.1295 0.0000e+00
 154.544820     41.000  33.895121     7.0791     3.1913     40.654    33.3754    26.1289 0.0000e+00
