data/oxygen options/ONMS/Olympic_Coast_National_Marine_Sanctuary_CTD_Data_2005_2023/raw_data/2009/CTD_CE015_070709faed.cnv
* Sea-Bird SBE19 Data File:
* FileName = C:\2009_MOORING_DATA\070609_data\CTD_CE015_070609.hex
* Software Version 1.24
* Temperature SN = 2997
* Conductivity SN = 2997
* System UpLoad Time = Jul 07 2009 16:41:04
* SEACAT PROFILER V3.1c SN 2997   07/07/09  16:40:18.774
* strain gauge pressure sensor: S/N = 184829,  range = 3000 psia,  tc = 40
# nquan = 9                                 
# nvalues = 1416                        
# units = specified
# name 0 = timeJ: Julian Days
# name 1 = prSM: Pressure, Strain Gauge [db]
# name 2 = c0mS/cm: Conductivity [mS/cm]
# name 3 = t090C: Temperature [ITS-90, deg C]
# name 4 = sbeox0ML/L: Oxygen, SBE 43 [ml/l]
# name 5 = depSM: Depth [salt water, m], lat = 47.5
# name 6 = sal00: Salinity, Practical [PSU]
# name 7 = sigma-é00: Density [sigma-theta, kg/m^3]
# name 8 = flag: flag
# span 0 = 188.668981, 188.677170       
# span 1 =     -5.554,     16.361       
# span 2 =   0.051431,  38.652282       
# span 3 =    12.7322,    15.5618       
# span 4 =    -1.6116,    21.2318       
# span 5 =     -5.508,     16.224       
# span 6 =     0.0330,    32.8113       
# span 7 =    -0.9598,    24.7470       
# span 8 = 0.0000e+00, 0.0000e+00       
# interval = seconds: 0.5
# start_time = Jul 07 2009 16:03:20 [Instrument's time stamp, header]
# bad_flag = -9.990e-29
*END*
[from data line 161]
 188.669913      0.488  38.564262    13.1527    -1.3765      0.484    32.5882    24.4950 -9.990e-29
 188.669919      0.478  38.571870    13.1558    -1.3766      0.474    32.5927    24.4979 -9.990e-29
 188.669925      0.476  38.548420    13.1542    -1.3771      0.472    32.5720    24.4822 -9.990e-29
 188.669931      0.490  38.488464    13.1491    -1.3773      0.486    32.5200    24.4429 -9.990e-29
 188.669936      0.517  38.421963    13.1439    -1.3774      0.513    32.4618    24.3989 -9.990e-29
 188.669942      0.550  38.393130    13.1414    -1.3774      0.545    32.4368    24.3801 -9.990e-29
 188.669948      0.579  38.399422    13.1432    -1.3773      0.574    32.4412    24.3831 -9.990e-29
 188.669954      0.595  38.404409    13.1469    -1.3773      0.590    32.4427    24.3836 -9.990e-29
 188.669959      0.606  38.393468    13.1497    -1.3774      0.601    32.4300    24.3732 -9.990e-29
 188.669965      0.615  38.386232    13.1522    -1.3773      0.610    32.4211    24.3658 -9.990e-29
 188.669971      0.624  38.396066    13.1546    -1.3771      0.619    32.4283    24.3709 -9.990e-29
 188.669977      0.632  38.405281    13.1548    -1.3770      0.627    32.4368    24.3774 -9.990e-29
 188.669983      0.645  38.391996    13.1515    -1.3771      0.640    32.4271    24.3706 -9.990e-29
 188.669988      0.668  38.365436    13.1454    -1.3773      0.662    32.4073    24.3565 -9.990e-29
 188.669994      0.698  38.350756    13.1390    -1.3775      0.692    32.3990    24.3513 -9.990e-29
 188.670000      0.729  38.355315    13.1371    -1.3773      0.723    32.4049    24.3562 -9.990e-29
 188.670006      0.749  38.369524    13.1405    -1.3774      0.743    32.4153    24.3636 -9.990e-29
 188.670012      0.751  38.377040    13.1456    -1.3773      0.745    32.4180    24.3647 -9.990e-29
 188.670017      0.744  38.369411    13.1489    -1.3772      0.738    32.4080    24.3563 -9.990e-29
 188.670023      0.740  38.356674    13.1497    -1.3774      0.734    32.3954    24.3464 -9.990e-29
 188.670029      0.743  38.354390    13.1490    -1.3775      0.737    32.3938    24.3453 -9.990e-29
 188.670035      0.754  38.363465    13.1478    -1.3774      0.748    32.4034    24.3529 -9.990e-29
 188.670041      0.773  38.370245    13.1456    -1.3775      0.767    32.4116    24.3598 -9.990e-29
 188.670046      0.801  38.366418    13.1411    -1.3775      0.794    32.4119    24.3608 -9.990e-29
 188.670052      0.837  38.359242    13.1359    -1.3774      0.830    32.4095    24.3601 -9.990e-29
 188.670058      0.873  38.362720    13.1333    -1.3772      0.866    32.4150    24.3648 -9.990e-29
 188.670064      0.903  38.376471    13.1339    -1.3772      0.895    32.4274    24.3743 -9.990e-29
 188.670069      0.921  38.386903    13.1357    -1.3772      0.913    32.4357    24.3803 -9.990e-29
 188.670075      0.928  38.388895    13.1376    -1.3773      0.920    32.4359    24.3802 -9.990e-29
 188.670081      0.932  38.383451    13.1391    -1.3774      0.924    32.4295    24.3749 -9.990e-29
 188.670087      0.939  38.372309    13.1400    -1.3775      0.931    32.4183    24.3660 -9.990e-29
 188.670093      0.949  38.361941    13.1405    -1.3776      0.941    32.4081    24.3580 -9.990e-29
 188.670098      0.962  38.356492    13.1405    -1.3772      0.954    32.4030    24.3541 -9.990e-29
 188.670104      0.979  38.354330    13.1398    -1.3772      0.971    32.4015    24.3531 -9.990e-29
 188.670110      0.998  38.357083    13.1392    -1.3771      0.990    32.4046    24.3556 -9.990e-29
 188.670116      1.010  38.369011    13.1403    -1.3773      1.002    32.4149    24.3633 -9.990e-29
 188.670122      1.012  38.383065    13.1430    -1.3773      1.004    32.4258    24.3713 -9.990e-29
 188.670127      1.009  38.386057    13.1452    -1.3774      1.001    32.4267    24.3715 -9.990e-29
 188.670133      1.009  38.376962    13.1462    -1.3776      1.001    32.4173    24.3641 -9.990e-29
 188.670139      1.016  38.363860    13.1459    15.8871      1.008    32.4053    24.3548 -9.990e-29
 188.670145      1.031  38.352855    13.1446    20.9314      1.022    32.3960    24.3479 -9.990e-29
 188.670150      1.050  38.347800    13.1433    21.2318      1.041    32.3924    24.3453 -9.990e-29
 188.670156      1.067  38.353754    13.1430    17.2842      1.058    32.3982    24.3499 -9.990e-29
 188.670162      1.077  38.367473    13.1441     8.8794      1.068    32.4102    24.3589 -9.990e-29
 188.670168      1.081  38.377008    13.1459     9.0542      1.072    32.4176    24.3643 -9.990e-29
 188.670174      1.080  38.376600    13.1472     9.2698      1.071    32.4161    24.3629 -9.990e-29
 188.670179      1.078  38.366857    13.1476     9.2032      1.069    32.4066    24.3555 -9.990e-29
 188.670185      1.084  38.352754    13.1473     9.0733      1.075    32.3936    24.3455 -9.990e-29
 188.670191      1.097  38.339619    13.1461     8.9640      1.088    32.3823    24.3369 -9.990e-29
 188.670197      1.111  38.329584    13.1447     8.8742      1.102    32.3740    24.3308 -9.990e-29
 188.670203      1.121  38.323873    13.1444     8.8040      1.112    32.3689    24.3269 -9.990e-29
 188.670208      1.128  38.322184    13.1454     8.7640      1.119    32.3664    24.3249 -9.990e-29
 188.670214      1.133  38.322292    13.1467     8.7316      1.124    32.3654    24.3238 -9.990e-29
 188.670220      1.140  38.321007    13.1474     8.7157      1.130    32.3636    24.3223 -9.990e-29
 188.670226      1.154  38.318325    13.1473     8.7165      1.144    32.3612    24.3204 -9.990e-29
 188.670231      1.172  38.316866    13.1463     8.7088      1.162    32.3607    24.3202 -9.990e-29
 188.670237      1.190  38.316953    13.1449     8.7069      1.180    32.3619    24.3215 -9.990e-29
 188.670243      1.205  38.317610    13.1449     8.6990      1.195    32.3625    24.3219 -9.990e-29
 188.670249      1.211  38.318059    13.1473     8.6889      1.201    32.3609    24.3202 -9.990e-29
 188.670255      1.206  38.317804    13.1502     8.6805      1.196    32.3582    24.3175 -9.990e-29
 188.670260      1.201  38.317094    13.1518     8.6681      1.191    32.3562    24.3156 -9.990e-29
 188.670266      1.197  38.316133    13.1520     8.6713      1.187    32.3551    24.3148 -9.990e-29
 188.670272      1.195  38.315351    13.1520     8.6664      1.185    32.3544    24.3142 -9.990e-29
 188.670278      1.196  38.315413    13.1522     8.6635      1.186    32.3543    24.3141 -9.990e-29
 188.670284      1.198  38.315871    13.1525     8.6731      1.188    32.3544    24.3142 -9.990e-29
 188.670289      1.207  38.315680    13.1518     8.6827      1.197    32.3548    24.3146 -9.990e-29
 188.670295      1.228  38.315178    13.1500     8.6984      1.218    32.3559    24.3158 -9.990e-29
 188.670301      1.252  38.315405    13.1484     8.6919      1.242    32.3575    24.3173 -9.990e-29
 188.670307      1.269  38.316130    13.1479     8.6736      1.258    32.3586    24.3183 -9.990e-29
 188.670312      1.276  38.316665    13.1483     8.6554      1.265    32.3587    24.3183 -9.990e-29
 188.670318      1.277  38.317188    13.1485     8.6493      1.266    32.3590    24.3185 -9.990e-29
 188.670324      1.281  38.317305    13.1482     8.6754      1.270    32.3594    24.3189 -9.990e-29
 188.670330      1.292  38.316641    13.1481     8.6847      1.281    32.3589    24.3185 -9.990e-29
 188.670336      1.307  38.316020    13.1484     8.7001      1.296    32.3580    24.3177 -9.990e-29
 188.670341      1.319  38.315761    13.1494     8.6984      1.308    32.3569    24.3167 -9.990e-29
 188.670347      1.323  38.315549    13.1508     8.6750      1.312    32.3555    24.3153 -9.990e-29
 188.670353      1.325  38.315128    13.1521     8.6687      1.314    32.3540    24.3139 -9.990e-29
 188.670359      1.332  38.314524    13.1529     8.6685      1.321    32.3528    24.3128 -9.990e-29
 188.670365      1.351  38.314085    13.1519     8.6733      1.340    32.3532    24.3133 -9.990e-29
 188.670370      1.376  38.314375    13.1485     8.6866      1.365    32.3564    24.3164 -9.990e-29
 188.670376      1.403  38.315807    13.1457     8.6927      1.391    32.3601    24.3199 -9.990e-29
 188.670382      1.423  38.316955    13.1462     8.6846      1.411    32.3607    24.3203 -9.990e-29
 188.670388      1.430  38.316573    13.1486     8.6680      1.418    32.3583    24.3179 -9.990e-29
 188.670394      1.428  38.315861    13.1510     8.6658      1.416    32.3556    24.3154 -9.990e-29
 188.670399      1.431  38.315574    13.1526     8.6723      1.419    32.3540    24.3138 -9.990e-29
 188.670405      1.437  38.315344    13.1533     8.6747      1.425    32.3532    24.3130 -9.990e-29
 188.670411      1.443  38.314873    13.1541     8.6596      1.431    32.3520    24.3120 -9.990e-29
 188.670417      1.450  38.314094    13.1553     8.6300      1.438    32.3503    24.3104 -9.990e-29
 188.670422      1.458  38.313088    13.1564     8.6229      1.446    32.3484    24.3087 -9.990e-29
 188.670428      1.464  38.312190    13.1571     8.6436      1.452    32.3469    24.3075 -9.990e-29
 188.670434      1.463  38.311881    13.1579     8.6745      1.451    32.3460    24.3066 -9.990e-29
 188.670440      1.459  38.311744    13.1588     8.7074      1.447    32.3451    24.3057 -9.990e-29
 188.670446      1.457  38.311591    13.1594     8.7091      1.445    32.3444    24.3051 -9.990e-29
 188.670451      1.461  38.311776    13.1586     8.6862      1.449    32.3453    24.3059 -9.990e-29
 188.670457      1.476  38.312540    13.1562     8.6585      1.464    32.3480    24.3085 -9.990e-29
 188.670463      1.497  38.313778    13.1539     8.6460      1.485    32.3512    24.3113 -9.990e-29
 188.670469      1.518  38.314334    13.1539     8.6494      1.505    32.3517    24.3117 -9.990e-29
 188.670475      1.532  38.313822    13.1560     8.6456      1.519    32.3494    24.3096 -9.990e-29
 188.670480      1.535  38.313233    13.1586     8.6420      1.522    32.3466    24.3069 -9.990e-29
 188.670486      1.531  38.312900    13.1607     8.6532      1.518    32.3445    24.3049 -9.990e-29
 188.670492      1.530  38.312376    13.1617     8.6599      1.517    32.3432    24.3036 -9.990e-29
 188.670498      1.534  38.311519    13.1617     8.6808      1.521    32.3424    24.3030 -9.990e-29
 188.670503      1.545  38.310863    13.1608     8.6782      1.532    32.3425    24.3033 -9.990e-29
 188.670509      1.559  38.311212    13.1585     8.6768      1.546    32.3448    24.3055 -9.990e-29
 188.670515      1.568  38.312467    13.1561     8.6752      1.555    32.3480    24.3085 -9.990e-29
 188.670521      1.569  38.313492    13.1558     8.6698      1.556    32.3492    24.3095 -9.990e-29
 188.670527      1.560  38.313407    13.1578     8.6778      1.547    32.3475    24.3077 -9.990e-29
 188.670532      1.548  38.312652    13.1604     8.6694      1.535    32.3445    24.3049 -9.990e-29
 188.670538      1.538  38.311899    13.1621     8.6741      1.525    32.3424    24.3029 -9.990e-29
 188.670544      1.534  38.311262    13.1630     8.6692      1.521    32.3410    24.3017 -9.990e-29
 188.670550      1.537  38.311008    13.1630     8.6590      1.524    32.3408    24.3015 -9.990e-29
 188.670556      1.547  38.311355    13.1617     8.6514      1.534    32.3422    24.3029 -9.990e-29
 188.670561      1.560  38.312201    13.1601     8.6481      1.547    32.3444    24.3049 -9.990e-29
 188.670567      1.568  38.312989    13.1595     8.6588      1.555    32.3456    24.3060 -9.990e-29
 188.670573      1.567  38.313081    13.1602     8.6786      1.554    32.3451    24.3054 -9.990e-29
 188.670579      1.562  38.312594    13.1615     8.6862      1.549    32.3435    24.3040 -9.990e-29
 188.670584      1.560  38.311998    13.1623     8.6906      1.547    32.3423    24.3028 -9.990e-29
 188.670590      1.567  38.311615    13.1612     8.6983      1.554    32.3429    24.3035 -9.990e-29
 188.670596      1.579  38.312052    13.1591     8.7075      1.566    32.3451    24.3056 -9.990e-29
 188.670602      1.586  38.312766    13.1597     8.7098      1.573    32.3452    24.3056 -9.990e-29
 188.670608      1.586  38.312460    13.1629     8.7029      1.573    32.3422    24.3027 -9.990e-29
 188.670613      1.583  38.311282    13.1660     8.6855      1.570    32.3385    24.2991 -9.990e-29
 188.670619      1.586  38.309900    13.1680     8.6904      1.573    32.3355    24.2964 -9.990e-29
 188.670625      1.598  38.309269    13.1681     8.6941      1.585    32.3348    24.2959 -9.990e-29
 188.670631      1.616  38.310225    13.1676     8.7026      1.603    32.3361    24.2970 -9.990e-29
 188.670637      1.633  38.311238    13.1683     8.6922      1.619    32.3364    24.2971 -9.990e-29
 188.670642      1.645  38.310850    13.1698     8.6555      1.631    32.3348    24.2956 -9.990e-29
 188.670648      1.654  38.310218    13.1706     8.6340      1.640    32.3335    24.2944 -9.990e-29
 188.670654      1.660  38.310739    13.1712     8.6441      1.646    32.3335    24.2943 -9.990e-29
 188.670660      1.663  38.311422    13.1726     8.6676      1.649    32.3329    24.2936 -9.990e-29
 188.670666      1.663  38.310371    13.1741     8.6922      1.649    32.3307    24.2915 -9.990e-29
 188.670671      1.665  38.308983    13.1741     8.6840      1.651    32.3294    24.2905 -9.990e-29
 188.670677      1.677  38.308767    13.1725     8.6660      1.663    32.3305    24.2917 -9.990e-29
 188.670683      1.701  38.309433    13.1700     8.6724      1.687    32.3333    24.2943 -9.990e-29
 188.670689      1.724  38.311301    13.1680     8.6889      1.710    32.3367    24.2974 -9.990e-29
 188.670694      1.736  38.312933    13.1675     8.6936      1.722    32.3387    24.2990 -9.990e-29
 188.670700      1.738  38.313135    13.1673     8.6788      1.723    32.3390    24.2993 -9.990e-29
 188.670706      1.737  38.313295    13.1660     8.6657      1.722    32.3403    24.3006 -9.990e-29
 188.670712      1.739  38.313621    13.1648     8.6674      1.724    32.3416    24.3018 -9.990e-29
 188.670718      1.743  38.313422    13.1647     8.6883      1.728    32.3415    24.3018 -9.990e-29
 188.670723      1.749  38.312989    13.1652     8.7045      1.734    32.3407    24.3010 -9.990e-29
 188.670729      1.758  38.312860    13.1656     8.7168      1.743    32.3402    24.3006 -9.990e-29
 188.670735      1.771  38.312859    13.1658     8.7208      1.756    32.3400    24.3004 -9.990e-29
 188.670741      1.784  38.312982    13.1659     8.7276      1.769    32.3401    24.3004 -9.990e-29
 188.670747      1.789  38.313386    13.1662     8.7121      1.774    32.3402    24.3004 -9.990e-29
 188.670752      1.786  38.313484    13.1664     8.6934      1.771    32.3401    24.3003 -9.990e-29
 188.670758      1.785  38.313404    13.1664     8.6785      1.770    32.3400    24.3003 -9.990e-29
 188.670764      1.789  38.313595    13.1670     8.6679      1.774    32.3397    24.2999 -9.990e-29
 188.670770      1.794  38.313748    13.1681     8.6683      1.779    32.3389    24.2991 -9.990e-29
 188.670775      1.796  38.313499    13.1694     8.6764      1.781    32.3376    24.2978 -9.990e-29
 188.670781      1.800  38.313634    13.1696     8.6886      1.785    32.3375    24.2977 -9.990e-29
 188.670787      1.810  38.314890    13.1673     8.6949      1.795    32.3407    24.3006 -9.990e-29
 188.670793      1.823  38.316695    13.1638     8.7090      1.808    32.3453    24.3049 -9.990e-29
 188.670799      1.835  38.318089    13.1619     8.7095      1.820    32.3483    24.3075 -9.990e-29
 188.670804      1.846  38.318120    13.1615     8.6950      1.831    32.3486    24.3079 -9.990e-29
 188.670810      1.854  38.317388    13.1606     8.6607      1.839    32.3487    24.3081 -9.990e-29
 188.670816      1.854  38.317713    13.1596     8.6469      1.839    32.3499    24.3092 -9.990e-29
 188.670822      1.847  38.318402    13.1620     8.6693      1.832    32.3485    24.3077 -9.990e-29
 188.670828      1.832  38.317007    13.1681     8.6867      1.817    32.3420    24.3014 -9.990e-29
