data/oxygen options/ONMS/Olympic_Coast_National_Marine_Sanctuary_CTD_Data_2005_2023/raw_data/2009/CTD_KL050_081209faed.cnv
* Sea-Bird SBE19 Data File:
* FileName = C:\2009_MOORING_DATA\081109_DATA\CTD_KL50_081209.hex
* Software Version 1.24
* Temperature SN = 2997
* Conductivity SN = 2997
* System UpLoad Time = Aug 12 2009 13:10:39
* SEACAT PROFILER V3.1c SN 2997   08/12/09  13:09:47.349
* strain gauge pressure sensor: S/N = 184829,  range = 3000 psia,  tc = 40
# nquan = 9                                 
# nvalues = 616                         
# units = specified
# name 0 = timeJ: Julian Days
# name 1 = prSM: Pressure, Strain Gauge [db]
# name 2 = c0mS/cm: Conductivity [mS/cm]
# name 3 = t090C: Temperature [ITS-90, deg C]
# name 4 = sbeox0ML/L: Oxygen, SBE 43 [ml/l]
# name 5 = depSM: Depth [salt water, m], lat = 47.5
# name 6 = sal00: Salinity, Practical [PSU]
# name 7 = sigma-é00: Density [sigma-theta, kg/m^3]
# name 8 = flag: flag
# span 0 = 224.429502, 224.433061       
# span 1 =     -2.518,     49.697       
# span 2 =  34.295629,  39.264411       
# span 3 =     7.1777,    13.9167       
# span 4 =    -1.3585,    18.2772       
# span 5 =     -2.497,     49.276       
# span 6 =    32.0703,    33.7395       
# span 7 =    24.0815,    26.4016       
# span 8 = 0.0000e+00, 0.0000e+00       
# interval = seconds: 0.5
# start_time = Aug 12 2009 10:18:29 [Instrument's time stamp, header]
# bad_flag = -9.990e-29
*END*
[from data line 481]
 224.432286     49.510  34.317810     7.1791     1.1364     49.091    33.7358    26.3989 -9.990e-29
 224.432292     49.590  34.317911     7.1794     1.1403     49.170    33.7355    26.3987 -9.990e-29
 224.432297     49.648  34.317369     7.1806     1.1318     49.228    33.7337    26.3971 -9.990e-29
 224.432303     49.684  34.316473     7.1819     1.1281     49.263    33.7315    26.3952 -9.990e-29
 224.432309     49.697  34.315994     7.1821     1.1160     49.276    33.7307    26.3946 -9.990e-29
 224.432315     49.691  34.315819     7.1809     1.1184     49.270    33.7317    26.3955 -9.990e-29
 224.432321     49.670  34.315013     7.1795     1.1258     49.250    33.7322    26.3961 -9.990e-29
 224.432326     49.633  34.313722     7.1791     1.1186     49.213    33.7312    26.3954 -9.990e-29
 224.432332     49.578  34.312959     7.1800     1.1235     49.158    33.7295    26.3939 -9.990e-29
 224.432338     49.501  34.312387     7.1815     1.1234     49.082    33.7275    26.3921 -9.990e-29
 224.432344     49.397  34.311361     7.1818     1.1113     48.979    33.7261    26.3910 -9.990e-29
 224.432350     49.260  34.310312     7.1812     1.1162     48.843    33.7256    26.3907 0.0000e+00
 224.432355     49.084  34.310201     7.1818     1.1246     48.669    33.7250    26.3901 0.0000e+00
 224.432361     48.869  34.312119     7.1833     1.1234     48.455    33.7257    26.3905 0.0000e+00
 224.432367     48.603  34.315382     7.1844     1.1138     48.192    33.7284    26.3924 0.0000e+00
 224.432373     48.280  34.317735     7.1849     1.1062     47.871    33.7306    26.3940 0.0000e+00
 224.432378     47.903  34.318515     7.1849     1.1036     47.498    33.7316    26.3949 0.0000e+00
 224.432384     47.483  34.318320     7.1846     1.1049     47.081    33.7319    26.3951 0.0000e+00
 224.432390     47.029  34.317574     7.1842     1.1038     46.631    33.7317    26.3950 0.0000e+00
 224.432396     46.544  34.316523     7.1833     1.1099     46.150    33.7317    26.3951 0.0000e+00
 224.432402     46.034  34.315005     7.1822     1.1063     45.645    33.7314    26.3950 0.0000e+00
 224.432407     45.503  34.313360     7.1820     1.1029     45.118    33.7300    26.3939 0.0000e+00
 224.432413     44.964  34.312317     7.1825     1.1114     44.584    33.7286    26.3928 0.0000e+00
 224.432419     44.436  34.311168     7.1830     1.1029     44.060    33.7272    26.3915 0.0000e+00
 224.432425     43.932  34.309623     7.1834     1.0908     43.561    33.7253    26.3900 0.0000e+00
 224.432431     43.453  34.309105     7.1833     1.0882     43.086    33.7251    26.3899 0.0000e+00
 224.432436     43.000  34.309604     7.1828     1.0943     42.637    33.7263    26.3909 0.0000e+00
 224.432442     42.586  34.309665     7.1821     1.0897     42.226    33.7273    26.3918 0.0000e+00
 224.432448     42.236  34.308373     7.1812     1.1031     41.879    33.7269    26.3916 0.0000e+00
 224.432454     41.967  34.306368     7.1804     1.0946     41.613    33.7257    26.3907 0.0000e+00
 224.432459     41.774  34.305018     7.1799     1.0921     41.421    33.7248    26.3901 0.0000e+00
 224.432465     41.637  34.304325     7.1799     1.0910     41.285    33.7241    26.3895 -9.990e-29
 224.432471     41.525  34.304041     7.1803     1.0862     41.174    33.7234    26.3889 -9.990e-29
 224.432477     41.415  34.304466     7.1805     1.0911     41.065    33.7238    26.3892 -9.990e-29
 224.432483     41.294  34.305164     7.1804     1.0935     40.945    33.7247    26.3899 -9.990e-29
 224.432488     41.161  34.305503     7.1804     1.0898     40.813    33.7251    26.3903 0.0000e+00
 224.432494     41.013  34.305495     7.1807     1.0957     40.667    33.7249    26.3900 0.0000e+00
 224.432500     40.848  34.305249     7.1811     1.0982     40.503    33.7243    26.3895 0.0000e+00
 224.432506     40.662  34.304553     7.1809     1.0921     40.319    33.7238    26.3892 0.0000e+00
 224.432512     40.461  34.303159     7.1801     1.0919     40.119    33.7232    26.3888 0.0000e+00
 224.432517     40.246  34.301570     7.1788     1.0952     39.906    33.7228    26.3887 0.0000e+00
 224.432523     40.010  34.300588     7.1777     1.0996     39.672    33.7229    26.3889 0.0000e+00
 224.432529     39.735  34.300142     7.1777     1.1041     39.400    33.7226    26.3886 0.0000e+00
 224.432535     39.390  34.300317     7.1786     1.1184     39.058    33.7221    26.3881 0.0000e+00
 224.432541     38.962  34.300904     7.1790     1.1690     38.633    33.7225    26.3884 0.0000e+00
 224.432546     38.459  34.300564     7.1784     1.2839     38.134    33.7230    26.3888 0.0000e+00
 224.432552     37.898  34.298963     7.1780     1.4328     37.578    33.7219    26.3880 0.0000e+00
 224.432558     37.306  34.296891     7.1789     1.5616     36.991    33.7190    26.3856 0.0000e+00
 224.432564     36.690  34.295629     7.1823     1.6804     36.381    33.7146    26.3817 0.0000e+00
 224.432569     36.047  34.296979     7.1904     1.8456     35.743    33.7085    26.3757 0.0000e+00
 224.432575     35.374  34.302301     7.2033     2.0625     35.076    33.7021    26.3689 0.0000e+00
 224.432581     34.675  34.310970     7.2173     2.2961     34.383    33.6982    26.3639 0.0000e+00
 224.432587     33.957  34.320661     7.2309     2.4626     33.671    33.6958    26.3601 0.0000e+00
 224.432593     33.222  34.329853     7.2516     2.5468     32.942    33.6860    26.3495 0.0000e+00
 224.432598     32.465  34.342525     7.2883     2.5825     32.192    33.6644    26.3274 0.0000e+00
 224.432604     31.686  34.364492     7.3321     2.5682     31.419    33.6461    26.3069 0.0000e+00
 224.432610     30.895  34.389312     7.3630     2.5533     30.635    33.6434    26.3004 0.0000e+00
 224.432616     30.106  34.407070     7.3759     2.5092     29.853    33.6505    26.3042 0.0000e+00
 224.432622     29.320  34.417487     7.3814     2.4528     29.073    33.6569    26.3084 0.0000e+00
 224.432627     28.530  34.421694     7.3891     2.3622     28.290    33.6544    26.3053 0.0000e+00
 224.432633     27.733  34.419822     7.3999     2.2124     27.500    33.6422    26.2942 0.0000e+00
 224.432639     26.933  34.412857     7.4087     2.0505     26.706    33.6265    26.2806 0.0000e+00
 224.432645     26.141  34.403961     7.4143     1.9056     25.921    33.6118    26.2683 0.0000e+00
 224.432650     25.357  34.397085     7.4189     1.7948     25.144    33.6002    26.2585 0.0000e+00
 224.432656     24.573  34.392150     7.4269     1.7532     24.366    33.5875    26.2474 0.0000e+00
 224.432662     23.784  34.386619     7.4407     1.7491     23.584    33.5685    26.2305 0.0000e+00
 224.432668     22.985  34.380523     7.4563     1.7399     22.792    33.5472    26.2115 0.0000e+00
 224.432674     22.182  34.376500     7.4705     1.7520     21.996    33.5295    26.1956 0.0000e+00
 224.432679     21.380  34.375472     7.4880     1.7665     21.200    33.5118    26.1792 0.0000e+00
 224.432685     20.578  34.378994     7.5198     1.8243     20.405    33.4853    26.1539 0.0000e+00
 224.432691     19.778  34.389087     7.5692     1.9113     19.612    33.4490    26.1183 0.0000e+00
 224.432697     18.983  34.407008     7.6198     2.0116     18.824    33.4200    26.0883 0.0000e+00
 224.432703     18.200  34.433812     7.6629     2.1093     18.047    33.4079    26.0726 0.0000e+00
 224.432708     17.420  34.466715     7.7295     2.2664     17.274    33.3798    26.0409 0.0000e+00
 224.432714     16.630  34.509383     7.8738     2.5797     16.491    33.2879    25.9480 0.0000e+00
 224.432720     15.816  34.595302     8.0934     3.1019     15.683    33.1714    25.8244 0.0000e+00
 224.432726     14.980  34.728794     8.3087     3.6600     14.854    33.1102    25.7445 0.0000e+00
 224.432731     14.135  34.853263     8.4646     4.1440     14.017    33.0955    25.7096 0.0000e+00
 224.432737     13.301  34.946598     8.5991     4.6198     13.190    33.0680    25.6676 0.0000e+00
 224.432743     12.486  35.035928     8.8182     5.2401     12.381    32.9576    25.5475 0.0000e+00
 224.432749     11.688  35.177199     9.1771     6.0940     11.590    32.7730    25.3470 0.0000e+00
 224.432755     10.913  35.416037     9.5744     6.9353     10.822    32.6559    25.1920 0.0000e+00
 224.432760     10.175  35.701264     9.8784     7.5913     10.090    32.6713    25.1544 0.0000e+00
 224.432766      9.491  35.950570    10.1285     7.8061      9.412    32.6982    25.1337 0.0000e+00
 224.432772      8.870  36.183911    10.5507     7.7311      8.796    32.5539    24.9496 0.0000e+00
 224.432778      8.311  36.534951    11.2701     7.5598      8.241    32.2660    24.5995 0.0000e+00
 224.432784      7.821  37.032540    12.0541     7.4013      7.756    32.0703    24.3047 0.0000e+00
 224.432789      7.420  37.571432    12.6192     7.3134      7.358    32.1026    24.2231 0.0000e+00
 224.432795      7.117  38.038695    12.9262     7.2385      7.057    32.2838    24.3040 0.0000e+00
 224.432801      6.902  38.302067    13.0878     7.1238      6.844    32.3944    24.3579 0.0000e+00
 224.432807      6.751  38.415309    13.2014     7.0267      6.695    32.4040    24.3430 -9.990e-29
 224.432813      6.638  38.489775    13.2733     6.9833      6.582    32.4126    24.3354 -9.990e-29
 224.432818      6.548  38.523998    13.3245     6.9754      6.493    32.4011    24.3163 -9.990e-29
 224.432824      6.475  38.571608    13.3965     6.9822      6.421    32.3845    24.2891 -9.990e-29
 224.432830      6.418  38.659232    13.4904     6.9481      6.364    32.3866    24.2720 -9.990e-29
 224.432836      6.379  38.752482    13.5781     6.8825      6.326    32.3992    24.2640 -9.990e-29
 224.432841      6.350  38.813829    13.6239     6.8665      6.297    32.4175    24.2689 -9.990e-29
 224.432847      6.321  38.821514    13.6299     6.8880      6.268    32.4196    24.2693 -9.990e-29
 224.432853      6.286  38.803316    13.6282     6.9202      6.233    32.4041    24.2577 -9.990e-29
 224.432859      6.251  38.796777    13.6357     6.9433      6.199    32.3917    24.2466 -9.990e-29
 224.432865      6.227  38.810128    13.6450     6.8996      6.175    32.3962    24.2482 -9.990e-29
 224.432870      6.216  38.825427    13.6431     6.8523      6.164    32.4121    24.2609 -9.990e-29
 224.432876      6.214  38.821164    13.6342     6.8431      6.162    32.4157    24.2654 -9.990e-29
 224.432882      6.212  38.806928    13.6333     6.8737      6.160    32.4032    24.2560 -9.990e-29
 224.432888      6.206  38.803112    13.6450     6.9054      6.154    32.3897    24.2432 -9.990e-29
 224.432894      6.190  38.817653    13.6617     6.8747      6.138    32.3891    24.2393 -9.990e-29
 224.432899      6.165  38.842603    13.6709     6.8443      6.113    32.4045    24.2494 -9.990e-29
 224.432905      6.136  38.851945    13.6688     6.8625      6.085    32.4150    24.2579 -9.990e-29
 224.432911      6.098  38.834731    13.6621     6.9041      6.047    32.4047    24.2513 -9.990e-29
 224.432917      6.035  38.812991    13.6579     6.9562      5.985    32.3881    24.2393 -9.990e-29
 224.432922      5.944  38.812806    13.6592     6.9737      5.894    32.3868    24.2381 -9.990e-29
 224.432928      5.828  38.831261    13.6649     6.9585      5.779    32.3992    24.2465 -9.990e-29
 224.432934      5.682  38.849932    13.6716     6.9566      5.635    32.4109    24.2542 0.0000e+00
 224.432940      5.499  38.857973    13.6830     6.9524      5.453    32.4088    24.2502 0.0000e+00
 224.432946      5.274  38.863997    13.7045     6.9577      5.230    32.3963    24.2362 0.0000e+00
 224.432951      5.019  38.878974    13.7292     6.9864      4.977    32.3894    24.2259 0.0000e+00
 224.432957      4.752  38.900589    13.7494     7.0108      4.712    32.3925    24.2242 0.0000e+00
 224.432963      4.482  38.924732    13.7682     7.0183      4.445    32.3991    24.2254 0.0000e+00
 224.432969      4.205  38.947300    13.7841     7.0132      4.170    32.4067    24.2281 0.0000e+00
 224.432975      3.916  38.959841    13.7951     7.0276      3.883    32.4092    24.2277 0.0000e+00
 224.432980      3.614  38.964639    13.8076     7.0370      3.584    32.4032    24.2205 0.0000e+00
 224.432986      3.300  38.975519    13.8214     7.0868      3.272    32.4017    24.2166 0.0000e+00
 224.432992      2.981  38.990309    13.8314     7.0142      2.956    32.4071    24.2187 0.0000e+00
 224.432998      2.657  39.002521    13.8379     6.9222      2.635    32.4130    24.2219 0.0000e+00
 224.433003      2.325  39.011740    13.8428     6.7741      2.306    32.4175    24.2244 0.0000e+00
 224.433009      1.986  39.017994    13.8477 -9.990e-29      1.969    32.4193    24.2248 0.0000e+00
 224.433015      1.653  39.022943    13.8549 -9.990e-29      1.639    32.4180    24.2222 0.0000e+00
 224.433021      1.342  39.028179    13.8628 -9.990e-29      1.331    32.4163    24.2193 0.0000e+00
 224.433027      1.059  39.030607    13.8659 -9.990e-29      1.050    32.4160    24.2185 0.0000e+00
 224.433032      0.803  39.017771    13.8620 -9.990e-29      0.796    32.4075    24.2127 0.0000e+00
 224.433038      0.581  38.974243    13.8505 -9.990e-29      0.576    32.3770    24.1915 0.0000e+00
 224.433044      0.406  38.858803    13.8299 -9.990e-29      0.403    32.2876    24.1266 -9.990e-29
 224.433050      0.291  38.766412    13.8054 -9.990e-29      0.289    32.2227    24.0815 -9.990e-29
 224.433056      0.227  38.827243    13.7935 -9.990e-29      0.225    32.2891    24.1352 -9.990e-29
 224.433061      0.206  38.913323 -9.990e-29 -9.990e-29      0.204 -9.990e-29 -9.990e-29 -9.990e-29
