data/oxygen options/ONMS/Olympic_Coast_National_Marine_Sanctuary_CTD_Data_2005_2023/raw_data/2009/CTD_CA015_072809faed.cnv
* Sea-Bird SBE19 Data File:
* FileName = C:\2009_MOORING_DATA\072809_DATA\CTD_CA015_072809.hex
* Software Version 1.24
* Temperature SN = 2997
* Conductivity SN = 2997
* System UpLoad Time = Jul 28 2009 17:34:11
* SEACAT PROFILER V3.1c SN 2997   07/28/09  17:33:30.309
* strain gauge pressure sensor: S/N = 184829,  range = 3000 psia,  tc = 40
# nquan = 9                                 
# nvalues = 1394                        
# units = specified
# name 0 = timeJ: Julian Days
# name 1 = prSM: Pressure, Strain Gauge [db]
# name 2 = c0mS/cm: Conductivity [mS/cm]
# name 3 = t090C: Temperature [ITS-90, deg C]
# name 4 = sbeox0ML/L: Oxygen, SBE 43 [ml/l]
# name 5 = depSM: Depth [salt water, m], lat = 47.5
# name 6 = sal00: Salinity, Practical [PSU]
# name 7 = sigma-é00: Density [sigma-theta, kg/m^3]
# name 8 = flag: flag
# span 0 = 209.571227, 209.579288       
# span 1 =     -5.806,     12.865       
# span 2 =   0.450073,  39.272257       
# span 3 =     8.0578,    20.8842       
# span 4 =    -1.4770,    14.1875       
# span 5 =     -5.758,     12.757       
# span 6 =     0.2372,    34.0959       
# span 7 =    -1.7977,    26.0306       
# span 8 = 0.0000e+00, 0.0000e+00       
# interval = seconds: 0.5
# start_time = Jul 28 2009 13:42:34 [Instrument's time stamp, header]
# bad_flag = -9.990e-29
*END*
[from data line 801]
 209.575862      9.803  35.196348     8.6281     3.1091      9.721    33.3050    25.8488 -9.990e-29
 209.575868      9.784  35.201434     8.6315     3.1252      9.702    33.3071    25.8500 -9.990e-29
 209.575874      9.778  35.204467     8.6334     3.1296      9.696    33.3085    25.8508 -9.990e-29
 209.575880      9.785  35.204440     8.6340     3.1219      9.703    33.3079    25.8502 -9.990e-29
 209.575885      9.795  35.203549     8.6340     3.1241      9.713    33.3070    25.8495 -9.990e-29
 209.575891      9.803  35.203954     8.6356     3.1181      9.721    33.3059    25.8484 -9.990e-29
 209.575897      9.802  35.204505     8.6382     3.1295      9.720    33.3040    25.8465 -9.990e-29
 209.575903      9.794  35.204802     8.6400     3.1262      9.712    33.3027    25.8452 -9.990e-29
 209.575909      9.779  35.205233     8.6415     3.1106      9.697    33.3017    25.8442 -9.990e-29
 209.575914      9.758  35.205240     8.6421     3.0975      9.676    33.3012    25.8437 -9.990e-29
 209.575920      9.741  35.204820     8.6408     3.0928      9.659    33.3019    25.8445 -9.990e-29
 209.575926      9.733  35.204524     8.6387     3.0836      9.652    33.3036    25.8461 -9.990e-29
 209.575932      9.739  35.204509     8.6347     3.0780      9.657    33.3074    25.8497 -9.990e-29
 209.575938      9.759  35.201940     8.6272     3.0803      9.677    33.3117    25.8543 -9.990e-29
 209.575943      9.791  35.194502     8.6163     3.1083      9.709    33.3142    25.8578 -9.990e-29
 209.575949      9.823  35.184592     8.6046     3.1101      9.741    33.3148    25.8601 -9.990e-29
 209.575955      9.840  35.177471     8.5993     3.1097      9.758    33.3123    25.8589 -9.990e-29
 209.575961      9.831  35.177634     8.6028     3.1032      9.749    33.3091    25.8560 -9.990e-29
 209.575966      9.799  35.182485     8.6092     3.0949      9.717    33.3082    25.8543 -9.990e-29
 209.575972      9.764  35.187276     8.6139     3.1045      9.682    33.3088    25.8540 -9.990e-29
 209.575978      9.740  35.191100     8.6167     3.1048      9.658    33.3102    25.8547 -9.990e-29
 209.575984      9.731  35.193446     8.6178     3.1204      9.650    33.3117    25.8556 -9.990e-29
 209.575990      9.731  35.194070     8.6182     3.1008      9.650    33.3120    25.8558 -9.990e-29
 209.575995      9.732  35.194914     8.6201     3.1013      9.651    33.3111    25.8548 -9.990e-29
 209.576001      9.729  35.197090     8.6237     3.0830      9.648    33.3099    25.8534 -9.990e-29
 209.576007      9.728  35.199005     8.6266     3.0926      9.647    33.3092    25.8524 -9.990e-29
 209.576013      9.735  35.199282     8.6257     3.1085      9.654    33.3104    25.8534 -9.990e-29
 209.576019      9.752  35.197721     8.6208     3.1087      9.670    33.3133    25.8565 -9.990e-29
 209.576024      9.772  35.194469     8.6145     3.1130      9.690    33.3158    25.8594 -9.990e-29
 209.576030      9.786  35.189661     8.6096     3.0878      9.704    33.3154    25.8598 -9.990e-29
 209.576036      9.788  35.186400     8.6085     3.0832      9.706    33.3130    25.8581 -9.990e-29
 209.576042      9.772  35.187606     8.6109     3.0831      9.690    33.3120    25.8570 -9.990e-29
 209.576047      9.748  35.190954     8.6155     3.0872      9.666    33.3112    25.8556 -9.990e-29
 209.576053      9.734  35.194733     8.6197     3.0961      9.653    33.3112    25.8550 -9.990e-29
 209.576059      9.742  35.197252     8.6207     3.0959      9.660    33.3129    25.8562 -9.990e-29
 209.576065      9.765  35.195135     8.6186     3.1114      9.683    33.3127    25.8563 -9.990e-29
 209.576071      9.787  35.191152     8.6164     3.1169      9.705    33.3106    25.8550 -9.990e-29
 209.576076      9.796  35.190623     8.6173     3.1183      9.714    33.3091    25.8537 -9.990e-29
 209.576082      9.792  35.192272     8.6209     3.1222      9.710    33.3075    25.8519 -9.990e-29
 209.576088      9.785  35.193242     8.6247     3.0992      9.703    33.3049    25.8493 -9.990e-29
 209.576094      9.778  35.193696     8.6276     3.1019      9.696    33.3027    25.8471 -9.990e-29
 209.576100      9.770  35.194228     8.6302     3.0863      9.688    33.3008    25.8452 -9.990e-29
 209.576105      9.766  35.196099     8.6330     3.0741      9.684    33.3001    25.8443 -9.990e-29
 209.576111      9.770  35.198992     8.6353     3.0787      9.688    33.3010    25.8446 -9.990e-29
 209.576117      9.776  35.200220     8.6344     3.0787      9.694    33.3031    25.8464 -9.990e-29
 209.576123      9.786  35.198612     8.6267     3.0814      9.704    33.3087    25.8519 -9.990e-29
 209.576128      9.805  35.192769     8.6139     3.0749      9.723    33.3146    25.8585 -9.990e-29
 209.576134      9.825  35.184428     8.6044     3.0636      9.743    33.3148    25.8601 -9.990e-29
 209.576140      9.835  35.180580     8.6030     3.0636      9.753    33.3121    25.8582 -9.990e-29
 209.576146      9.835  35.182817     8.6065     3.0863      9.753    33.3111    25.8569 -9.990e-29
 209.576152      9.838  35.186839     8.6092     3.1061      9.756    33.3128    25.8578 -9.990e-29
 209.576157      9.854  35.188490     8.6095     3.1367      9.772    33.3142    25.8589 -9.990e-29
 209.576163      9.873  35.187174     8.6093     3.1399      9.790    33.3130    25.8580 -9.990e-29
 209.576169      9.881  35.186740     8.6108     3.1292      9.798    33.3112    25.8563 -9.990e-29
 209.576175      9.866  35.188852     8.6157     3.1180      9.783    33.3088    25.8537 -9.990e-29
 209.576181      9.825  35.192968     8.6240     3.1195      9.743    33.3053    25.8497 -9.990e-29
 209.576186      9.775  35.198974     8.6331     3.1151      9.693    33.3030    25.8465 -9.990e-29
 209.576192      9.736  35.205920     8.6390     3.1047      9.655    33.3048    25.8470 -9.990e-29
 209.576198      9.725  35.209630     8.6389     3.0904      9.644    33.3088    25.8502 -9.990e-29
 209.576204      9.740  35.207210     8.6347     3.0817      9.658    33.3102    25.8519 -9.990e-29
 209.576209      9.768  35.203283     8.6292     3.0960      9.686    33.3113    25.8536 -9.990e-29
 209.576215      9.801  35.199335     8.6227     3.1200      9.719    33.3132    25.8561 -9.990e-29
 209.576221      9.829  35.192907     8.6171     3.1127      9.747    33.3117    25.8558 -9.990e-29
 209.576227      9.848  35.187192     8.6165     3.1144      9.766    33.3063    25.8516 -9.990e-29
 209.576233      9.854  35.186899     8.6227     3.1161      9.772    33.3001    25.8458 -9.990e-29
 209.576238      9.851  35.192199     8.6318     3.1300      9.769    33.2971    25.8421 -9.990e-29
 209.576244      9.849  35.198957     8.6374     3.1492      9.767    33.2989    25.8427 -9.990e-29
 209.576250      9.846  35.203302     8.6379     3.1369      9.764    33.3030    25.8458 -9.990e-29
 209.576256      9.838  35.204869     8.6373     3.1342      9.756    33.3053    25.8476 -9.990e-29
 209.576262      9.826  35.205189     8.6402     3.1265      9.744    33.3029    25.8453 -9.990e-29
 209.576267      9.807  35.206933     8.6466     3.1082      9.725    33.2987    25.8410 -9.990e-29
 209.576273      9.786  35.209629     8.6508     3.1140      9.704    33.2976    25.8395 -9.990e-29
 209.576279      9.769  35.210151     8.6497     3.1027      9.687    33.2992    25.8409 -9.990e-29
 209.576285      9.763  35.208079     8.6454     3.0965      9.681    33.3010    25.8431 -9.990e-29
 209.576291      9.769  35.204018     8.6397     3.0928      9.687    33.3021    25.8448 -9.990e-29
 209.576296      9.779  35.200400     8.6345     3.0804      9.697    33.3032    25.8465 -9.990e-29
 209.576302      9.792  35.199685     8.6303     3.0847      9.710    33.3064    25.8496 -9.990e-29
 209.576308      9.815  35.199240     8.6242     3.1077      9.733    33.3117    25.8547 -9.990e-29
 209.576314      9.844  35.195112     8.6164     3.1195      9.762    33.3147    25.8582 -9.990e-29
 209.576319      9.867  35.188524     8.6111     3.1330      9.784    33.3128    25.8575 -9.990e-29
 209.576325      9.875  35.185817     8.6122     3.1308      9.792    33.3089    25.8543 -9.990e-29
 209.576331      9.867  35.189548     8.6200     3.1298      9.784    33.3054    25.8504 -9.990e-29
 209.576337      9.852  35.195168     8.6289     3.1216      9.770    33.3030    25.8471 -9.990e-29
 209.576343      9.836  35.198968     8.6339     3.1144      9.754    33.3023    25.8458 -9.990e-29
 209.576348      9.824  35.200978     8.6351     3.1046      9.742    33.3032    25.8464 -9.990e-29
 209.576354      9.814  35.202761     8.6342     3.1000      9.732    33.3060    25.8487 -9.990e-29
 209.576360      9.810  35.203897     8.6309     3.0878      9.728    33.3103    25.8525 -9.990e-29
 209.576366      9.821  35.200864     8.6237     3.0932      9.739    33.3139    25.8565 -9.990e-29
 209.576372      9.843  35.193542     8.6145     3.0916      9.761    33.3148    25.8586 -9.990e-29
 209.576377      9.860  35.186737     8.6079     3.0936      9.777    33.3139    25.8589 -9.990e-29
 209.576383      9.864  35.183700     8.6059     3.0922      9.781    33.3126    25.8582 -9.990e-29
 209.576389      9.861  35.184305     8.6072     3.1036      9.778    33.3120    25.8575 -9.990e-29
 209.576395      9.858  35.186558     8.6093     3.1283      9.775    33.3124    25.8575 -9.990e-29
 209.576400      9.860  35.190105     8.6117     3.1347      9.777    33.3139    25.8583 -9.990e-29
 209.576406      9.862  35.193516     8.6154     3.1428      9.779    33.3140    25.8578 -9.990e-29
 209.576412      9.857  35.194619     8.6208     3.1319      9.775    33.3100    25.8539 -9.990e-29
 209.576418      9.843  35.197128     8.6267     3.1237      9.761    33.3071    25.8507 -9.990e-29
 209.576424      9.829  35.202152     8.6322     3.1222      9.747    33.3072    25.8499 -9.990e-29
 209.576429      9.817  35.206308     8.6368     3.1185      9.735    33.3072    25.8493 -9.990e-29
 209.576435      9.812  35.208981     8.6398     3.1036      9.730    33.3072    25.8488 -9.990e-29
 209.576441      9.817  35.210937     8.6417     3.0986      9.735    33.3075    25.8487 -9.990e-29
 209.576447      9.828  35.212547     8.6436     3.0819      9.746    33.3074    25.8483 -9.990e-29
 209.576453      9.838  35.213160     8.6450     3.0650      9.756    33.3067    25.8476 -9.990e-29
 209.576458      9.843  35.212473     8.6443     3.0529      9.761    33.3066    25.8477 -9.990e-29
 209.576464      9.847  35.210696     8.6405     3.0450      9.765    33.3084    25.8496 -9.990e-29
 209.576470      9.855  35.206022     8.6330     3.0488      9.773    33.3105    25.8524 -9.990e-29
 209.576476      9.868  35.197825     8.6232     3.0760      9.785    33.3111    25.8544 -9.990e-29
 209.576481      9.885  35.189183     8.6139     3.0997      9.802    33.3108    25.8556 -9.990e-29
 209.576487      9.905  35.181462     8.6064     3.1084      9.822    33.3097    25.8559 -9.990e-29
 209.576493      9.915  35.175014     8.6044     3.1086      9.832    33.3048    25.8523 -9.990e-29
 209.576499      9.908  35.176366     8.6116     3.1056      9.825    33.2995    25.8470 -9.990e-29
 209.576505      9.888  35.187321     8.6241     3.1049      9.805    33.2992    25.8449 -9.990e-29
 209.576510      9.861  35.197279     8.6338     3.1132      9.778    33.3006    25.8445 -9.990e-29
 209.576516      9.835  35.201593     8.6370     3.1132      9.753    33.3021    25.8452 -9.990e-29
 209.576522      9.816  35.203222     8.6354     3.1079      9.734    33.3053    25.8480 -9.990e-29
 209.576528      9.808  35.202100     8.6322     3.1052      9.726    33.3072    25.8499 -9.990e-29
 209.576534      9.805  35.198975     8.6297     3.0849      9.723    33.3062    25.8496 -9.990e-29
 209.576539      9.804  35.197526     8.6289     3.0804      9.722    33.3055    25.8491 -9.990e-29
 209.576545      9.804  35.198066     8.6270     3.0729      9.722    33.3078    25.8512 -9.990e-29
 209.576551      9.805  35.196274     8.6210     3.0831      9.723    33.3116    25.8551 -9.990e-29
 209.576557      9.815  35.190325     8.6116     3.0943      9.733    33.3142    25.8586 -9.990e-29
 209.576562      9.841  35.181253     8.6030     3.1043      9.759    33.3128    25.8588 -9.990e-29
 209.576568      9.862  35.174892     8.6004     3.1009      9.779    33.3085    25.8558 -9.990e-29
 209.576574      9.862  35.176766     8.6040     3.0945      9.779    33.3071    25.8542 -9.990e-29
 209.576580      9.850  35.182092     8.6089     3.0929      9.768    33.3081    25.8542 -9.990e-29
 209.576586      9.841  35.185646     8.6119     3.0908      9.759    33.3090    25.8544 -9.990e-29
 209.576591      9.845  35.187132     8.6123     3.0954      9.763    33.3102    25.8553 -9.990e-29
 209.576597      9.857  35.186295     8.6103     3.0870      9.775    33.3112    25.8564 -9.990e-29
 209.576603      9.870  35.184261     8.6087     3.0846      9.787    33.3105    25.8561 -9.990e-29
 209.576609      9.879  35.182803     8.6083     3.0763      9.796    33.3094    25.8553 -9.990e-29
 209.576615      9.886  35.182220     8.6078     3.0760      9.803    33.3092    25.8553 -9.990e-29
 209.576620      9.890  35.182858     8.6066     3.0804      9.807    33.3110    25.8569 -9.990e-29
 209.576626      9.897  35.183330     8.6041     3.0828      9.814    33.3139    25.8595 -9.990e-29
 209.576632      9.907  35.180908     8.5997     3.0872      9.824    33.3155    25.8614 -9.990e-29
 209.576638      9.911  35.175166     8.5950     3.0950      9.828    33.3139    25.8609 -9.990e-29
 209.576644      9.907  35.170773     8.5937     3.0899      9.824    33.3105    25.8584 -9.990e-29
 209.576649      9.893  35.171960     8.5961     3.0962      9.810    33.3095    25.8572 -9.990e-29
 209.576655      9.869  35.175269     8.6000     3.1040      9.786    33.3093    25.8565 -9.990e-29
 209.576661      9.838  35.177831     8.6046     3.1040      9.756    33.3076    25.8545 -9.990e-29
 209.576667      9.806  35.179705     8.6083     3.0982      9.724    33.3061    25.8528 -9.990e-29
 209.576672      9.775  35.180593     8.6092     3.0974      9.693    33.3062    25.8527 -9.990e-29
 209.576678      9.747  35.181682     8.6090     3.0870      9.665    33.3076    25.8538 -9.990e-29
 209.576684      9.726  35.183307     8.6091     3.0862      9.645    33.3092    25.8551 -9.990e-29
 209.576690      9.710  35.183718     8.6077     3.0726      9.629    33.3110    25.8566 -9.990e-29
 209.576696      9.697  35.182344     8.6035     3.0641      9.616    33.3135    25.8593 -9.990e-29
 209.576701      9.683  35.180156     8.5992     3.0750      9.602    33.3153    25.8613 -9.990e-29
 209.576707      9.658  35.177602     8.5973     3.0769      9.577    33.3144    25.8609 -9.990e-29
 209.576713      9.613  35.175758     8.5967     3.0798      9.533    33.3130    25.8599 -9.990e-29
 209.576719      9.539  35.175528     8.5962     3.0899      9.459    33.3133    25.8602 -9.990e-29
 209.576725      9.433  35.176608     8.5963     3.1122      9.354    33.3144    25.8611 -9.990e-29
 209.576730      9.287  35.178761     8.5999     3.2022      9.209    33.3133    25.8597 0.0000e+00
 209.576736      9.093  35.182060     8.6074     3.3804      9.017    33.3098    25.8558 0.0000e+00
 209.576742      8.842  35.186984     8.6196     3.7007      8.768    33.3036    25.8490 0.0000e+00
 209.576748      8.522  35.195618     8.6424     4.1161      8.451    33.2913    25.8359 0.0000e+00
 209.576753      8.127  35.212197     8.6854     4.5218      8.059    33.2684    25.8114 0.0000e+00
 209.576759      7.669  35.245384     8.7761     4.8100      7.605    33.2182    25.7581 0.0000e+00
 209.576765      7.171  35.318148     8.9550     4.9575      7.111    33.1272    25.6589 0.0000e+00
 209.576771      6.657  35.460288     9.2236     4.9843      6.601    33.0254    25.5370 0.0000e+00
 209.576777      6.149  35.663008     9.5432     4.9666      6.098    32.9399    25.4188 0.0000e+00
