data/oxygen options/ONMS/Olympic_Coast_National_Marine_Sanctuary_CTD_Data_2005_2023/raw_data/2009/CTD_KL050_060209faed.cnv
* Sea-Bird SBE19 Data File:
* FileName = C:\2009_MOORING_DATA\CTD_KL050_060209.hex
* Software Version 1.59
* Temperature SN = 2997
* Conductivity SN = 2997
* System UpLoad Time = Jun 02 2009 11:55:40
* ds
* SEACAT PROFILER V3.1c SN 2997   06/02/09  11:55:00.379
# nquan = 9                                 
# nvalues = 357                         
# units = specified
# name 0 = timeJ: Julian Days
# name 1 = prSM: Pressure, Strain Gauge [db]
# name 2 = c0mS/cm: Conductivity [mS/cm]
# name 3 = t090C: Temperature [ITS-90, deg C]
# name 4 = sbeox0ML/L: Oxygen, SBE 43 [ml/l]
# name 5 = depSM: Depth [salt water, m], lat = 47.5
# name 6 = sal00: Salinity, Practical [PSU]
# name 7 = sigma-é00: Density [sigma-theta, kg/m^3]
# name 8 = flag: flag
# span 0 = 153.380324, 153.382384       
# span 1 =     -5.795,      6.357       
# span 2 =  -0.002046,  37.283579       
# span 3 =    11.4206,    13.0492       
# span 4 =    -1.6877,    24.7431       
# span 5 =     -5.747,      6.304       
# span 6 =     0.0000,    32.5068       
# span 7 =    -0.6267,    24.6923       
# span 8 = 0.0000e+00, 0.0000e+00       
# interval = seconds: 0.5
# start_time = Jun 02 2009 09:07:40 [Instrument's time stamp, header]
# bad_flag = -9.990e-29
*END*
 153.380324     -5.795 -9.990e-29    12.9694    -1.6877     -5.747 -9.990e-29 -9.990e-29 -9.990e-29
 153.380330     -5.783  -0.002046    12.9773    -1.6874     -5.735     0.0000    -0.6184 -9.990e-29
 153.380336     -5.766  -0.001943    12.9859    -1.6872     -5.718     0.0000    -0.6195 -9.990e-29
 153.380341     -5.745  -0.001633    12.9938    -1.6874     -5.697     0.0000    -0.6205 -9.990e-29
 153.380347     -5.714  -0.001256    13.0011    -1.6875     -5.666     0.0000    -0.6214 -9.990e-29
 153.380353     -5.670  -0.001234    13.0075    -1.6874     -5.623     0.0000    -0.6222 -9.990e-29
 153.380359     -5.624  -0.001539    13.0138    -1.6873     -5.577     0.0000    -0.6230 -9.990e-29
 153.380365     -5.582  -0.001837    13.0210    -1.6854     -5.535     0.0000    -0.6239 -9.990e-29
 153.380370     -5.540  -0.001974    13.0283    -1.6860     -5.494     0.0000    -0.6248 -9.990e-29
 153.380376     -5.500  -0.001946    13.0345    -1.5710     -5.454     0.0000    -0.6256 -9.990e-29
 153.380382     -5.465  -0.001717    13.0398    -1.4134     -5.419     0.0000    -0.6263 -9.990e-29
 153.380388     -5.427  -0.000982    13.0429    -1.4240     -5.382     0.0000    -0.6267 -9.990e-29
 153.380394     -5.380   0.001240    13.0433    -1.4260     -5.335     0.0069    -0.6214 -9.990e-29
 153.380399     -5.321   0.007909    13.0433    -1.4262     -5.277     0.0097    -0.6191 -9.990e-29
 153.380405     -5.246   0.027917    13.0453    -1.4254     -5.202     0.0204    -0.6110 -9.990e-29
 153.380411     -5.154   0.087940    13.0492    -1.4263     -5.111     0.0555    -0.5841 -9.990e-29
 153.380417     -5.049   0.268009    13.0374    -1.4275     -5.007     0.1675    -0.4953 -9.990e-29
 153.380422     -4.933   0.808217    12.9606    -1.4241     -4.892     0.5231    -0.2085 -9.990e-29
 153.380428     -4.810   2.428839    12.7094    -1.4225     -4.770     1.6690     0.7136 -9.990e-29
 153.380434     -4.681   7.290150    12.2579    -1.4230     -4.642     5.4400     3.6911 -9.990e-29
 153.380440     -4.539  16.959334    11.8167    -1.4239     -4.501    13.6945    10.1280 -9.990e-29
 153.380446     -4.382  27.394279    11.5626    -1.4245     -4.345    23.2884    17.5849 -9.990e-29
 153.380451     -4.219  33.312064    11.4607    -1.4248     -4.184    28.9780    22.0119 -9.990e-29
 153.380457     -4.055  35.334215    11.4401    -1.4233     -4.021    30.9520    23.5480 -9.990e-29
 153.380463     -3.898  36.031441    11.4715    -1.4222     -3.866    31.6042    24.0490 -9.990e-29
 153.380469     -3.754  36.240423    11.5151    -1.4219     -3.723    31.7705    24.1703 -9.990e-29
 153.380475     -3.632  36.214111    11.5242    -1.4235     -3.602    31.7370    24.1427 -9.990e-29
 153.380480     -3.536  36.173107    11.4955    -1.4237     -3.507    31.7216    24.1359 -9.990e-29
 153.380486     -3.465  36.285918    11.4575    -1.4229     -3.436    31.8643    24.2536 -9.990e-29
 153.380492     -3.410  36.464288    11.4314    -1.4216     -3.382    32.0611    24.4111 -9.990e-29
 153.380498     -3.359  36.567803    11.4206    -1.4202     -3.331    32.1717    24.4990 -9.990e-29
 153.380503     -3.309  36.588280    11.4271    -1.4191     -3.281    32.1860    24.5090 -9.990e-29
 153.380509     -3.265  36.578894    11.4494    -1.4191     -3.238    32.1574    24.4828 -9.990e-29
 153.380515     -3.228  36.579353    11.4662    -1.4194     -3.201    32.1432    24.4687 -9.990e-29
 153.380521     -3.196  36.597654    11.4595    -1.4194     -3.169    32.1669    24.4883 -9.990e-29
 153.380527     -3.168  36.629153    11.4431    -1.4200     -3.142    32.2120    24.5263 -9.990e-29
 153.380532     -3.141  36.655973    11.4444    -1.4192     -3.115    32.2371    24.5456 -9.990e-29
 153.380538     -3.114  36.658479    11.4773    -1.4180     -3.088    32.2108    24.5193 -9.990e-29
 153.380544     -3.084  36.649629    11.5295    -1.4182     -3.058    32.1568    24.4678 -9.990e-29
 153.380550     -3.051  36.639018    11.5679    -1.4184     -3.026    32.1131    24.4269 -9.990e-29
 153.380556     -3.016  36.633900    11.5732    -1.4187     -2.991    32.1035    24.4185 -9.990e-29
 153.380561     -2.986  36.668478    11.5583    -1.4200     -2.961    32.1501    24.4574 -9.990e-29
 153.380567     -2.958  36.742998    11.5486    -1.4182     -2.933    32.2312    24.5222 -9.990e-29
 153.380573     -2.922  36.809500    11.5561    -1.4175     -2.898    32.2895    24.5661 -9.990e-29
 153.380579     -2.877  36.832310    11.5781    -1.4181     -2.853    32.2926    24.5645 -9.990e-29
 153.380584     -2.831  36.810545    11.6042    -1.4187     -2.807    32.2486    24.5256 -9.990e-29
 153.380590     -2.796  36.770773    11.6151    -1.4181     -2.773    32.2004    24.4862 -9.990e-29
 153.380596     -2.772  36.756477    11.6032    -1.4182     -2.749    32.1968    24.4855 -9.990e-29
 153.380602     -2.755  36.784569    11.5851    -1.4183     -2.732    32.2399    24.5223 -9.990e-29
 153.380608     -2.734  36.828706    11.5767    -1.4178     -2.711    32.2902    24.5630 -9.990e-29
 153.380613     -2.704  36.855345    11.5867    -1.4178     -2.681    32.3075    24.5745 -9.990e-29
 153.380619     -2.672  36.846289    11.6098    -1.4181     -2.650    32.2785    24.5478 -9.990e-29
 153.380625     -2.648  36.817582    11.6174    -1.4178     -2.626    32.2439    24.5196 -9.990e-29
 153.380631     -2.631  36.808956    11.6009    -1.4179     -2.609    32.2499    24.5272 -9.990e-29
 153.380637     -2.616  36.831996    11.5858    -1.4184     -2.594    32.2855    24.5576 -9.990e-29
 153.380642     -2.601  36.864273    11.5872    -1.4186     -2.579    32.3157    24.5808 -9.990e-29
 153.380648     -2.585  36.884455    11.5949    -1.4184     -2.563    32.3287    24.5895 -9.990e-29
 153.380654     -2.569  36.884792    11.5983    -1.4187     -2.548    32.3260    24.5868 -9.990e-29
 153.380660     -2.550  36.875359    11.5981    -1.4186     -2.529    32.3170    24.5798 -9.990e-29
 153.380666     -2.531  36.878431    11.5960    -1.4185     -2.510    32.3218    24.5840 -9.990e-29
 153.380671     -2.517  36.894836    11.5942    -1.4184     -2.496    32.3394    24.5979 -9.990e-29
 153.380677     -2.505  36.905067    11.5932    -1.4186     -2.484    32.3502    24.6065 -9.990e-29
 153.380683     -2.495  36.906605    11.5894    -1.4187     -2.474    32.3550    24.6110 -9.990e-29
 153.380689     -2.486  36.908325    11.5829    -1.4188     -2.465    32.3624    24.6179 -9.990e-29
 153.380694     -2.474  36.905890    11.5782    -1.4187     -2.453    32.3641    24.6201 -9.990e-29
 153.380700     -2.454  36.896712    11.5769    -1.4190     -2.434    32.3563    24.6142 -9.990e-29
 153.380706     -2.428  36.889389    11.5778    -1.4185     -2.408    32.3483    24.6079 -9.990e-29
 153.380712     -2.399  36.884341    11.5788    -1.4182     -2.379    32.3425    24.6032 -9.990e-29
 153.380718     -2.370  36.878857    11.5779    -1.4181     -2.350    32.3379    24.5998 -9.990e-29
 153.380723     -2.343  36.878612    11.5739    -1.4183     -2.323    32.3412    24.6031 -9.990e-29
 153.380729     -2.317  36.885621    11.5684    -1.4187     -2.298    32.3528    24.6131 -9.990e-29
 153.380735     -2.289  36.894191    11.5646    -1.4189     -2.270    32.3645    24.6228 -9.990e-29
 153.380741     -2.262  36.899030    11.5629    -1.4190     -2.243    32.3707    24.6280 -9.990e-29
 153.380747     -2.239  36.898837    11.5628    -1.4191     -2.220    32.3706    24.6279 -9.990e-29
 153.380752     -2.214  36.896815    11.5666    -1.4190     -2.196    32.3653    24.6231 -9.990e-29
 153.380758     -2.181  36.894288    11.5772    -1.4188     -2.163    32.3535    24.6120 -9.990e-29
 153.380764     -2.142  36.891347    11.5903    -1.4183     -2.124    32.3392    24.5985 -9.990e-29
 153.380770     -2.108  36.888650    11.5961    -1.4179     -2.090    32.3315    24.5915 -9.990e-29
 153.380775     -2.086  36.882700    11.5902    -1.4180     -2.069    32.3308    24.5921 -9.990e-29
 153.380781     -2.068  36.876313    11.5773    -1.4183     -2.051    32.3359    24.5983 -9.990e-29
 153.380787     -2.050  36.875644    11.5653    -1.4183     -2.033    32.3457    24.6081 -9.990e-29
 153.380793     -2.032  36.879896    11.5597    -1.4179     -2.015    32.3547    24.6161 -9.990e-29
 153.380799     -2.010  36.884744    11.5611    -1.4177     -1.993    32.3582    24.6186 -9.990e-29
 153.380804     -1.986  36.883296    11.5677    -1.4178     -1.969    32.3510    24.6118 -9.990e-29
 153.380810     -1.956  36.875398    11.5799    -1.4179     -1.940    32.3327    24.5953 -9.990e-29
 153.380816     -1.923  36.870231    11.5968    -1.4179     -1.907    32.3129    24.5769 -9.990e-29
 153.380822     -1.893  36.869972    11.6108    -1.4179     -1.877    32.3004    24.5647 -9.990e-29
 153.380828     -1.870  36.868210    11.6138    -1.4181     -1.854    32.2960    24.5607 -9.990e-29
 153.380833     -1.851  36.862134    11.6080    -1.4181     -1.836    32.2952    24.5611 -9.990e-29
 153.380839     -1.835  36.858874    11.6046    -1.4180     -1.820    32.2950    24.5616 -9.990e-29
 153.380845     -1.822  36.866514    11.6106    -1.4181     -1.807    32.2972    24.5622 -9.990e-29
 153.380851     -1.810  36.879640    11.6201    -1.4184     -1.795    32.3017    24.5640 -9.990e-29
 153.380856     -1.798  36.883900    11.6223    -1.4184     -1.783    32.3039    24.5653 -9.990e-29
 153.380862     -1.787  36.876668    11.6160    -1.4184     -1.772    32.3023    24.5652 -9.990e-29
 153.380868     -1.775  36.873621    11.6087    -1.4187     -1.760    32.3057    24.5692 -9.990e-29
 153.380874     -1.761  36.883124    11.6051    -1.4186     -1.746    32.3181    24.5795 -9.990e-29
 153.380880     -1.745  36.893845    11.6036    -1.4186     -1.730    32.3299    24.5889 -9.990e-29
 153.380885     -1.726  36.894951    11.6015    -1.4187     -1.712    32.3328    24.5915 -9.990e-29
 153.380891     -1.702  36.890814    11.5982    -1.4189     -1.688    32.3316    24.5912 -9.990e-29
 153.380897     -1.676  36.892268    11.5939    -1.4191     -1.662    32.3368    24.5960 -9.990e-29
 153.380903     -1.650  36.898547    11.5895    -1.4191     -1.636    32.3467    24.6045 -9.990e-29
 153.380909     -1.624  36.900746    11.5862    18.1973     -1.610    32.3517    24.6090 -9.990e-29
 153.380914     -1.600  36.898529    11.5837    24.1852     -1.587    32.3517    24.6095 -9.990e-29
 153.380920     -1.580  36.895760    11.5820    24.7431     -1.567    32.3505    24.6088 -9.990e-29
 153.380926     -1.563  36.890525    11.5812    20.4946     -1.550    32.3461    24.6056 -9.990e-29
 153.380932     -1.548  36.883787    11.5796    11.1002     -1.535    32.3409    24.6018 -9.990e-29
 153.380937     -1.534  36.880112    11.5758    11.7207     -1.521    32.3407    24.6023 -9.990e-29
 153.380943     -1.521  36.878619    11.5715    12.1997     -1.508    32.3429    24.6049 -9.990e-29
 153.380949     -1.507  36.876854    11.5701    12.1138     -1.494    32.3424    24.6047 -9.990e-29
 153.380955     -1.491  36.872559    11.5726    11.8308     -1.479    32.3361    24.5993 -9.990e-29
 153.380961     -1.473  36.865707    11.5759    11.5649     -1.461    32.3265    24.5913 -9.990e-29
 153.380966     -1.456  36.862952    11.5764    11.3879     -1.444    32.3234    24.5888 -9.990e-29
 153.380972     -1.443  36.868002    11.5749    11.3171     -1.431    32.3296    24.5939 -9.990e-29
 153.380978     -1.428  36.876463    11.5743    11.2372     -1.416    32.3384    24.6008 -9.990e-29
 153.380984     -1.407  36.882865    11.5744    11.0947     -1.395    32.3445    24.6056 -9.990e-29
 153.380990     -1.383  36.880131    11.5724    10.9319     -1.371    32.3436    24.6052 -9.990e-29
 153.380995     -1.362  36.864158    11.5687    10.8205     -1.351    32.3312    24.5963 -9.990e-29
 153.381001     -1.347  36.844558    11.5669    10.8222     -1.336    32.3137    24.5830 -9.990e-29
 153.381007     -1.334  36.836180    11.5711    10.9006     -1.323    32.3018    24.5730 -9.990e-29
 153.381013     -1.317  36.851463    11.5852    10.9366     -1.306    32.3044    24.5725 -9.990e-29
 153.381019     -1.299  36.901328    11.6017    10.8965     -1.288    32.3386    24.5960 -9.990e-29
 153.381024     -1.284  36.943047    11.6036    10.8346     -1.273    32.3776    24.6260 -9.990e-29
 153.381030     -1.270  36.919667    11.5914    10.7925     -1.259    32.3655    24.6188 -9.990e-29
 153.381036     -1.257  36.872391    11.5834    10.8143     -1.247    32.3264    24.5898 -9.990e-29
 153.381042     -1.243  36.857073    11.5869    10.8307     -1.233    32.3084    24.5752 -9.990e-29
 153.381047     -1.229  36.870167    11.5968    10.8557     -1.219    32.3125    24.5766 -9.990e-29
 153.381053     -1.213  36.907347    11.6057    10.8743     -1.203    32.3410    24.5971 -9.990e-29
 153.381059     -1.197  36.941476    11.6053    10.8900     -1.187    32.3746    24.6233 -9.990e-29
 153.381065     -1.187  36.930704    11.5951    10.8881     -1.177    32.3730    24.6239 -9.990e-29
 153.381071     -1.180  36.896052    11.5834    10.8365     -1.170    32.3494    24.6077 -9.990e-29
 153.381076     -1.177  36.878257    11.5779    10.7723     -1.167    32.3369    24.5990 -9.990e-29
 153.381082     -1.172  36.881124    11.5797    10.7413     -1.162    32.3381    24.5996 -9.990e-29
 153.381088     -1.163  36.888368    11.5848    10.7526     -1.153    32.3407    24.6007 -9.990e-29
 153.381094     -1.146  36.888983    11.5927    10.7409     -1.136    32.3344    24.5944 -9.990e-29
 153.381100     -1.127  36.895631    11.6069    10.6623     -1.118    32.3285    24.5872 -9.990e-29
 153.381105     -1.113  36.922291    11.6265    10.5775     -1.104    32.3374    24.5905 -9.990e-29
 153.381111     -1.102  36.956947    11.6470    10.5338     -1.093    32.3532    24.5991 -9.990e-29
 153.381117     -1.085  36.981988    11.6657    10.5785     -1.076    32.3613    24.6020 -9.990e-29
 153.381123     -1.061  37.002857    11.6847    10.6698     -1.052    32.3650    24.6014 -9.990e-29
 153.381128     -1.037  37.034565    11.7075    10.7325     -1.028    32.3759    24.6057 -9.990e-29
 153.381134     -1.016  37.083595    11.7313    10.7611     -1.008    32.4028    24.6222 -9.990e-29
 153.381140     -1.002  37.127404    11.7450    10.7435     -0.994    32.4335    24.6435 -9.990e-29
 153.381146     -0.996  37.123040    11.7404    10.7267     -0.988    32.4332    24.6442 -9.990e-29
 153.381152     -0.995  37.076529    11.7255    10.7175     -0.987    32.4010    24.6219 -9.990e-29
 153.381157     -0.994  37.040263    11.7134    10.7402     -0.986    32.3763    24.6049 -9.990e-29
 153.381163     -0.989  37.041060    11.7061    10.8059     -0.981    32.3835    24.6118 -9.990e-29
 153.381169     -0.975  37.059314    11.7026    10.8686     -0.967    32.4043    24.6286 -9.990e-29
 153.381175     -0.960  37.067311    11.7037    10.8711     -0.952    32.4111    24.6337 -9.990e-29
 153.381181     -0.952  37.055610    11.7064    10.7766     -0.944    32.3973    24.6225 -9.990e-29
 153.381186     -0.946  37.032779    11.7076    10.6660     -0.938    32.3741    24.6042 -9.990e-29
 153.381192     -0.937  37.009923    11.7059    10.6079     -0.929    32.3533    24.5884 -9.990e-29
 153.381198     -0.924  36.983540    11.6989    10.6643     -0.916    32.3338    24.5745 -9.990e-29
 153.381204     -0.907  36.966163    11.6905    10.7493     -0.899    32.3242    24.5686 -9.990e-29
 153.381209     -0.885  36.988498    11.6928    10.7652     -0.878    32.3439    24.5835 -9.990e-29
 153.381215     -0.861  37.051250    11.7022    10.7300     -0.854    32.3967    24.6228 -9.990e-29
 153.381221     -0.840  37.096369    11.6990    10.6672     -0.833    32.4434    24.6597 -9.990e-29
 153.381227     -0.828  37.079843    11.6833    10.6353     -0.821    32.4411    24.6607 -9.990e-29
 153.381233     -0.822  37.044163    11.6747    10.6557     -0.815    32.4138    24.6411 -9.990e-29
 153.381238     -0.818  37.025894    11.6857    10.6816     -0.811    32.3864    24.6179 -9.990e-29
 153.381244     -0.807  37.032689    11.7083    10.6821     -0.800    32.3733    24.6035 -9.990e-29
