data/oxygen options/ONMS/Olympic_Coast_National_Marine_Sanctuary_CTD_Data_2005_2023/raw_data/2009/CTD_CE015_070709faed.cnv
* Sea-Bird SBE19 Data File:
* FileName = C:\2009_MOORING_DATA\070609_data\CTD_CE015_070609.hex
* Software Version 1.24
* Temperature SN = 2997
* Conductivity SN = 2997
* System UpLoad Time = Jul 07 2009 16:41:04
* SEACAT PROFILER V3.1c SN 2997   07/07/09  16:40:18.774
* strain gauge pressure sensor: S/N = 184829,  range = 3000 psia,  tc = 40
# nquan = 9                                 
# nvalues = 1416                        
# units = specified
# name 0 = timeJ: Julian Days
# name 1 = prSM: Pressure, Strain Gauge [db]
# name 2 = c0mS/cm: Conductivity [mS/cm]
# name 3 = t090C: Temperature [ITS-90, deg C]
# name 4 = sbeox0ML/L: Oxygen, SBE 43 [ml/l]
# name 5 = depSM: Depth [salt water, m], lat = 47.5
# name 6 = sal00: Salinity, Practical [PSU]
# name 7 = sigma-é00: Density [sigma-theta, kg/m^3]
# name 8 = flag: flag
# span 0 = 188.668981, 188.677170       
# span 1 =     -5.554,     16.361       
# span 2 =   0.051431,  38.652282       
# span 3 =    12.7322,    15.5618       
# span 4 =    -1.6116,    21.2318       
# span 5 =     -5.508,     16.224       
# span 6 =     0.0330,    32.8113       
# span 7 =    -0.9598,    24.7470       
# span 8 = 0.0000e+00, 0.0000e+00       
# interval = seconds: 0.5
# start_time = Jul 07 2009 16:03:20 [Instrument's time stamp, header]
# bad_flag = -9.990e-29
*END*
[from data line 801]
 188.673617     13.696  38.483882    12.8213     8.6322     13.581    32.7930    24.7189 -9.990e-29
 188.673623     13.708  38.481061    12.8199     8.6310     13.593    32.7916    24.7181 -9.990e-29
 188.673628     13.713  38.480307    12.8210     8.6364     13.598    32.7899    24.7166 -9.990e-29
 188.673634     13.707  38.482860    12.8247     8.6717     13.592    32.7891    24.7152 -9.990e-29
 188.673640     13.701  38.488201    12.8302     8.6815     13.586    32.7894    24.7144 -9.990e-29
 188.673646     13.705  38.493924    12.8354     8.6495     13.590    32.7903    24.7141 -9.990e-29
 188.673652     13.713  38.497575    12.8383     8.5989     13.598    32.7913    24.7143 -9.990e-29
 188.673657     13.719  38.498978    12.8396     8.5888     13.604    32.7915    24.7142 -9.990e-29
 188.673663     13.718  38.500010    12.8410     8.6291     13.603    32.7912    24.7137 -9.990e-29
 188.673669     13.711  38.502048    12.8423     8.6914     13.596    32.7920    24.7141 -9.990e-29
 188.673675     13.696  38.503887    12.8425     8.7310     13.581    32.7936    24.7153 -9.990e-29
 188.673681     13.673  38.502939    12.8405     8.7089     13.558    32.7945    24.7163 -9.990e-29
 188.673686     13.640  38.499624    12.8352     8.6455     13.526    32.7959    24.7185 -9.990e-29
 188.673692     13.600  38.495130    12.8274     8.5830     13.486    32.7985    24.7220 -9.990e-29
 188.673698     13.563  38.490195    12.8201     8.5203     13.449    32.8001    24.7247 -9.990e-29
 188.673704     13.539  38.486649    12.8133     8.5380     13.426    32.8027    24.7280 -9.990e-29
 188.673709     13.531  38.482009    12.8057     8.6024     13.418    32.8049    24.7312 -9.990e-29
 188.673715     13.534  38.475133    12.8002     8.6590     13.421    32.8031    24.7309 -9.990e-29
 188.673721     13.540  38.471431    12.7988     8.7052     13.427    32.8008    24.7294 -9.990e-29
 188.673727     13.541  38.472134    12.8000     8.7292     13.428    32.8004    24.7288 -9.990e-29
 188.673733     13.532  38.473695    12.8020     8.7018     13.419    32.8002    24.7282 -9.990e-29
 188.673738     13.517  38.474273    12.8038     8.6761     13.404    32.7992    24.7271 -9.990e-29
 188.673744     13.500  38.474642    12.8065     8.6745     13.387    32.7972    24.7250 -9.990e-29
 188.673750     13.480  38.476980    12.8108     8.6595     13.367    32.7957    24.7230 -9.990e-29
 188.673756     13.459  38.481603    12.8161     8.6537     13.346    32.7955    24.7219 -9.990e-29
 188.673762     13.440  38.486270    12.8215     8.6357     13.327    32.7952    24.7206 -9.990e-29
 188.673767     13.423  38.488238    12.8242     8.6041     13.311    32.7948    24.7197 -9.990e-29
 188.673773     13.410  38.486772    12.8223     8.5674     13.298    32.7950    24.7203 -9.990e-29
 188.673779     13.404  38.483845    12.8185     8.5398     13.292    32.7955    24.7214 -9.990e-29
 188.673785     13.407  38.482286    12.8174     8.5777     13.295    32.7950    24.7212 -9.990e-29
 188.673791     13.416  38.483942    12.8195     8.6134     13.304    32.7948    24.7206 -9.990e-29
 188.673796     13.430  38.488219    12.8230     8.6351     13.317    32.7958    24.7207 -9.990e-29
 188.673802     13.440  38.491852    12.8256     8.6188     13.327    32.7970    24.7212 -9.990e-29
 188.673808     13.442  38.491279    12.8261     8.5890     13.329    32.7960    24.7203 -9.990e-29
 188.673814     13.442  38.485738    12.8240     8.5930     13.329    32.7926    24.7180 -9.990e-29
 188.673819     13.447  38.479058    12.8196     8.6173     13.334    32.7900    24.7169 -9.990e-29
 188.673825     13.462  38.477470    12.8164     8.6521     13.349    32.7913    24.7186 -9.990e-29
 188.673831     13.485  38.482224    12.8179     8.6458     13.372    32.7945    24.7207 -9.990e-29
 188.673837     13.507  38.488447    12.8215     8.6158     13.394    32.7973    24.7222 -9.990e-29
 188.673843     13.526  38.490423    12.8236     8.6043     13.413    32.7973    24.7218 -9.990e-29
 188.673848     13.538  38.488549    12.8237     8.6127     13.425    32.7954    24.7203 -9.990e-29
 188.673854     13.541  38.487616    12.8217     8.6411     13.428    32.7963    24.7214 -9.990e-29
 188.673860     13.544  38.488063    12.8184     8.6531     13.431    32.7996    24.7246 -9.990e-29
 188.673866     13.558  38.488249    12.8151     8.6464     13.444    32.8026    24.7276 -9.990e-29
 188.673872     13.585  38.487490    12.8131     8.6491     13.471    32.8036    24.7287 -9.990e-29
 188.673877     13.613  38.485896    12.8127     8.6583     13.499    32.8024    24.7279 -9.990e-29
 188.673883     13.633  38.484327    12.8128     8.6880     13.519    32.8009    24.7267 -9.990e-29
 188.673889     13.640  38.483487    12.8135     8.6978     13.526    32.7995    24.7254 -9.990e-29
 188.673895     13.636  38.484120    12.8153     8.6708     13.522    32.7985    24.7243 -9.990e-29
 188.673900     13.624  38.485946    12.8171     8.6332     13.510    32.7987    24.7241 -9.990e-29
 188.673906     13.608  38.486911    12.8176     8.5867     13.494    32.7992    24.7244 -9.990e-29
 188.673912     13.582  38.486056    12.8169     8.5680     13.468    32.7990    24.7244 -9.990e-29
 188.673918     13.545  38.485040    12.8166     8.5743     13.432    32.7983    24.7239 -9.990e-29
 188.673924     13.503  38.484746    12.8172     8.5511     13.390    32.7975    24.7232 -9.990e-29
 188.673929     13.458  38.484777    12.8181     8.5517     13.345    32.7968    24.7225 -9.990e-29
 188.673935     13.411  38.485170    12.8187     8.5577     13.299    32.7966    24.7222 -9.990e-29
 188.673941     13.367  38.485325    12.8186     8.5573     13.255    32.7969    24.7224 -9.990e-29
 188.673947     13.329  38.484324    12.8165     8.5688     13.217    32.7978    24.7235 -9.990e-29
 188.673953     13.293  38.479709    12.8123     8.6094     13.182    32.7971    24.7238 -9.990e-29
 188.673958     13.257  38.472607    12.8090     8.6290     13.146    32.7932    24.7215 -9.990e-29
 188.673964     13.220  38.469242    12.8069     8.6125     13.109    32.7918    24.7208 -9.990e-29
 188.673970     13.178  38.468486    12.8028     8.5927     13.068    32.7947    24.7238 -9.990e-29
 188.673976     13.134  38.465963    12.7974     8.5690     13.024    32.7970    24.7267 -9.990e-29
 188.673981     13.093  38.463349    12.7944     8.5463     12.983    32.7971    24.7274 -9.990e-29
 188.673987     13.052  38.463882    12.7949     8.5161     12.943    32.7972    24.7273 -9.990e-29
 188.673993     13.005  38.467145    12.7976     8.4896     12.896    32.7980    24.7274 -9.990e-29
 188.673999     12.957  38.470758    12.8011     8.5110     12.848    32.7984    24.7270 -9.990e-29
 188.674005     12.918  38.473927    12.8047     8.5801     12.810    32.7983    24.7263 -9.990e-29
 188.674010     12.890  38.476952    12.8079     8.6556     12.782    32.7984    24.7257 -9.990e-29
 188.674016     12.871  38.479938    12.8100     8.7041     12.763    32.7994    24.7261 -9.990e-29
 188.674022     12.860  38.481819    12.8106     8.6854     12.752    32.8007    24.7270 -9.990e-29
 188.674028     12.856  38.481735    12.8104     8.6404     12.748    32.8008    24.7271 -9.990e-29
 188.674034     12.859  38.479572    12.8091     8.5885     12.751    32.7999    24.7266 -9.990e-29
 188.674039     12.869  38.476364    12.8070     8.5417     12.761    32.7987    24.7261 -9.990e-29
 188.674045     12.882  38.473997    12.8050     8.5280     12.774    32.7981    24.7261 -9.990e-29
 188.674051     12.891  38.472674    12.8029     8.5299     12.783    32.7987    24.7269 -9.990e-29
 188.674057     12.897  38.471745    12.8006     8.5392     12.789    32.7998    24.7282 -9.990e-29
 188.674062     12.907  38.470529    12.7986     8.5814     12.799    32.8004    24.7290 -9.990e-29
 188.674068     12.928  38.469081    12.7971     8.6305     12.820    32.8003    24.7293 -9.990e-29
 188.674074     12.960  38.468830    12.7964     8.6769     12.851    32.8007    24.7297 -9.990e-29
 188.674080     13.005  38.469997    12.7962     8.6883     12.896    32.8019    24.7307 -9.990e-29
 188.674086     13.058  38.471331    12.7963     8.6524     12.949    32.8031    24.7316 -9.990e-29
 188.674091     13.105  38.471803    12.7969     8.6220     12.995    32.8030    24.7314 -9.990e-29
 188.674097     13.137  38.471475    12.7973     8.6158     13.027    32.8023    24.7308 -9.990e-29
 188.674103     13.150  38.471028    12.7961     8.6586     13.040    32.8029    24.7315 -9.990e-29
 188.674109     13.154  38.469861    12.7930     8.6980     13.044    32.8045    24.7333 -9.990e-29
 188.674115     13.168  38.467534    12.7898     8.7009     13.058    32.8051    24.7344 -9.990e-29
 188.674120     13.203  38.465989    12.7889     8.6505     13.092    32.8044    24.7340 -9.990e-29
 188.674126     13.259  38.466523    12.7908     8.6154     13.148    32.8032    24.7328 -9.990e-29
 188.674132     13.318  38.468161    12.7955     8.6184     13.206    32.8007    24.7299 -9.990e-29
 188.674138     13.361  38.471401    12.8027     8.6438     13.249    32.7975    24.7260 -9.990e-29
 188.674144     13.384  38.476632    12.8099     8.6771     13.272    32.7962    24.7236 -9.990e-29
 188.674149     13.396  38.481855    12.8152     8.6775     13.284    32.7965    24.7228 -9.990e-29
 188.674155     13.410  38.484503    12.8159     8.6471     13.298    32.7984    24.7242 -9.990e-29
 188.674161     13.433  38.481939    12.8102     8.6120     13.320    32.8009    24.7272 -9.990e-29
 188.674167     13.456  38.476348    12.8036     8.6197     13.343    32.8013    24.7288 -9.990e-29
 188.674172     13.468  38.473162    12.8014     8.6562     13.355    32.8002    24.7284 -9.990e-29
 188.674178     13.470  38.473172    12.8022     8.6787     13.357    32.7995    24.7277 -9.990e-29
 188.674184     13.472  38.474706    12.8030     8.6770     13.359    32.8003    24.7281 -9.990e-29
 188.674190     13.481  38.476441    12.8034     8.6383     13.368    32.8016    24.7291 -9.990e-29
 188.674196     13.497  38.477882    12.8041     8.5927     13.384    32.8024    24.7295 -9.990e-29
 188.674201     13.510  38.479827    12.8048     8.5941     13.397    32.8036    24.7303 -9.990e-29
 188.674207     13.508  38.480940    12.8052     8.5842     13.395    32.8043    24.7308 -9.990e-29
 188.674213     13.489  38.479897    12.8052     8.5762     13.376    32.8033    24.7300 -9.990e-29
 188.674219     13.462  38.478667    12.8050     8.5831     13.349    32.8023    24.7293 -9.990e-29
 188.674225     13.433  38.478409    12.8051     8.5845     13.320    32.8020    24.7291 -9.990e-29
 188.674230     13.410  38.478215    12.8051     8.6004     13.298    32.8018    24.7289 -9.990e-29
 188.674236     13.390  38.477821    12.8051     8.6107     13.278    32.8015    24.7286 -9.990e-29
 188.674242     13.367  38.477820    12.8057     8.6110     13.255    32.8010    24.7281 -9.990e-29
 188.674248     13.346  38.478769    12.8071     8.6175     13.234    32.8007    24.7276 -9.990e-29
 188.674253     13.328  38.480805    12.8091     8.6190     13.216    32.8009    24.7274 -9.990e-29
 188.674259     13.313  38.482717    12.8112     8.6184     13.201    32.8009    24.7270 -9.990e-29
 188.674265     13.299  38.483126    12.8125     8.6030     13.188    32.8001    24.7261 -9.990e-29
 188.674271     13.287  38.482572    12.8129     8.5696     13.176    32.7993    24.7254 -9.990e-29
 188.674277     13.274  38.481995    12.8128     8.5501     13.163    32.7988    24.7251 -9.990e-29
 188.674282     13.264  38.481184    12.8118     8.5569     13.153    32.7989    24.7253 -9.990e-29
 188.674288     13.262  38.480173    12.8106     8.5721     13.151    32.7990    24.7256 -9.990e-29
 188.674294     13.263  38.479852    12.8099     8.5682     13.152    32.7993    24.7260 -9.990e-29
 188.674300     13.262  38.479791    12.8099     8.5617     13.151    32.7992    24.7260 -9.990e-29
 188.674306     13.259  38.479340    12.8102     8.5634     13.148    32.7985    24.7254 -9.990e-29
 188.674311     13.255  38.480138    12.8107     8.5772     13.144    32.7989    24.7255 -9.990e-29
 188.674317     13.248  38.483803    12.8111     8.5914     13.137    32.8020    24.7279 -9.990e-29
 188.674323     13.240  38.489614    12.8116     8.5927     13.129    32.8071    24.7317 -9.990e-29
 188.674329     13.232  38.494103    12.8123     8.5940     13.121    32.8107    24.7344 -9.990e-29
 188.674334     13.234  38.494282    12.8139     8.6054     13.123    32.8095    24.7331 -9.990e-29
 188.674340     13.245  38.491507    12.8170     8.6218     13.134    32.8042    24.7284 -9.990e-29
 188.674346     13.258  38.488801    12.8203     8.6103     13.147    32.7987    24.7236 -9.990e-29
 188.674352     13.269  38.487598    12.8219     8.6066     13.158    32.7962    24.7213 -9.990e-29
 188.674358     13.279  38.487409    12.8215     8.5915     13.168    32.7964    24.7215 -9.990e-29
 188.674363     13.288  38.486860    12.8201     8.5666     13.177    32.7971    24.7223 -9.990e-29
 188.674369     13.298  38.485775    12.8187     8.5726     13.187    32.7972    24.7227 -9.990e-29
 188.674375     13.304  38.484945    12.8182     8.5855     13.193    32.7969    24.7225 -9.990e-29
 188.674381     13.303  38.484940    12.8185     8.5898     13.192    32.7966    24.7223 -9.990e-29
 188.674387     13.298  38.485747    12.8191     8.6089     13.187    32.7969    24.7223 -9.990e-29
 188.674392     13.294  38.486757    12.8197     8.6252     13.183    32.7973    24.7226 -9.990e-29
 188.674398     13.290  38.487632    12.8201     8.6382     13.179    32.7978    24.7229 -9.990e-29
 188.674404     13.287  38.488413    12.8205     8.6418     13.176    32.7982    24.7231 -9.990e-29
 188.674410     13.284  38.489015    12.8208     8.6432     13.173    32.7985    24.7233 -9.990e-29
 188.674416     13.280  38.489676    12.8216     8.6344     13.169    32.7984    24.7231 -9.990e-29
 188.674421     13.276  38.490714    12.8233     8.6012     13.165    32.7980    24.7224 -9.990e-29
 188.674427     13.271  38.492948    12.8265     8.5779     13.160    32.7973    24.7212 -9.990e-29
 188.674433     13.266  38.496550    12.8315     8.5614     13.155    32.7964    24.7195 -9.990e-29
 188.674439     13.258  38.499591    12.8363     8.5663     13.147    32.7951    24.7176 -9.990e-29
 188.674444     13.250  38.501077    12.8388     8.5766     13.139    32.7943    24.7165 -9.990e-29
 188.674450     13.238  38.501306    12.8393     8.5899     13.127    32.7941    24.7163 -9.990e-29
 188.674456     13.224  38.501137    12.8387     8.5757     13.113    32.7945    24.7167 -9.990e-29
 188.674462     13.206  38.500902    12.8366     8.5595     13.095    32.7961    24.7183 -9.990e-29
 188.674468     13.186  38.498604    12.8328     8.5511     13.076    32.7972    24.7199 -9.990e-29
 188.674473     13.174  38.493976    12.8293     8.5578     13.064    32.7959    24.7196 -9.990e-29
 188.674479     13.171  38.491495    12.8282     8.5799     13.061    32.7945    24.7187 -9.990e-29
 188.674485     13.178  38.492893    12.8294     8.6035     13.068    32.7948    24.7187 -9.990e-29
 188.674491     13.190  38.493302    12.8311     8.6217     13.079    32.7937    24.7175 -9.990e-29
 188.674497     13.201  38.490462    12.8318     8.6204     13.090    32.7904    24.7148 -9.990e-29
 188.674502     13.211  38.487307    12.8310     8.6204     13.100    32.7881    24.7132 -9.990e-29
 188.674508     13.225  38.486354    12.8290     8.6186     13.114    32.7889    24.7142 -9.990e-29
 188.674514     13.239  38.487447    12.8272     8.6071     13.128    32.7915    24.7166 -9.990e-29
 188.674520     13.250  38.488678    12.8264     8.6227     13.139    32.7933    24.7182 -9.990e-29
 188.674525     13.258  38.488878    12.8259     8.6352     13.147    32.7940    24.7188 -9.990e-29
 188.674531     13.265  38.488312    12.8251     8.6429     13.154    32.7941    24.7190 -9.990e-29
