data/oxygen options/ONMS/Olympic_Coast_National_Marine_Sanctuary_CTD_Data_2005_2023/raw_data/2009/CTD_KL027_070909faed.cnv
* Sea-Bird SBE19 Data File:
* FileName = C:\2009_MOORING_DATA\070709_data\CTD_KL027_070909.hex
* Software Version 1.24
* Temperature SN = 2997
* Conductivity SN = 2997
* System UpLoad Time = Jul 09 2009 11:14:36
* SEACAT PROFILER V3.1c SN 2997   07/09/09  11:13:43.010
* strain gauge pressure sensor: S/N = 184829,  range = 3000 psia,  tc = 40
# nquan = 9                                 
# nvalues = 1792                        
# units = specified
# name 0 = timeJ: Julian Days
# name 1 = prSM: Pressure, Strain Gauge [db]
# name 2 = c0mS/cm: Conductivity [mS/cm]
# name 3 = t090C: Temperature [ITS-90, deg C]
# name 4 = sbeox0ML/L: Oxygen, SBE 43 [ml/l]
# name 5 = depSM: Depth [salt water, m], lat = 47.5
# name 6 = sal00: Salinity, Practical [PSU]
# name 7 = sigma-é00: Density [sigma-theta, kg/m^3]
# name 8 = flag: flag
# span 0 = 190.389907, 190.400272       
# span 1 =     -5.253,     25.635       
# span 2 =   2.172844,  38.914251       
# span 3 =    12.2069,    15.1715       
# span 4 =    -1.3811,    19.4374       
# span 5 =     -5.209,     25.419       
# span 6 =     1.4025,    33.0108       
# span 7 =     0.1989,    24.8683       
# span 8 = 0.0000e+00, 0.0000e+00       
# interval = seconds: 0.5
# start_time = Jul 09 2009 09:21:28 [Instrument's time stamp, header]
# bad_flag = -9.990e-29
*END*
[from data line 1441]
 190.398247      2.689  38.273274    12.7504     8.2048      2.667    32.6589    24.6286 -9.990e-29
 190.398252      2.714  38.278484    12.7562     8.2345      2.691    32.6589    24.6274 -9.990e-29
 190.398258      2.735  38.279938    12.7597     8.2384      2.712    32.6572    24.6255 -9.990e-29
 190.398264      2.744  38.280140    12.7621     8.2542      2.721    32.6553    24.6235 -9.990e-29
 190.398270      2.747  38.281043    12.7642     8.2316      2.724    32.6544    24.6224 -9.990e-29
 190.398275      2.748  38.282173    12.7660     8.1961      2.725    32.6539    24.6216 -9.990e-29
 190.398281      2.746  38.282795    12.7669     8.1925      2.723    32.6537    24.6213 -9.990e-29
 190.398287      2.743  38.282620    12.7669     8.1872      2.720    32.6535    24.6212 -9.990e-29
 190.398293      2.737  38.282538    12.7669     8.1967      2.714    32.6534    24.6211 -9.990e-29
 190.398299      2.729  38.283003    12.7671     8.1985      2.706    32.6537    24.6213 -9.990e-29
 190.398304      2.717  38.282954    12.7664     8.1819      2.694    32.6543    24.6219 -9.990e-29
 190.398310      2.705  38.281766    12.7639     8.2146      2.682    32.6553    24.6232 -9.990e-29
 190.398316      2.702  38.279539    12.7598     8.2444      2.679    32.6568    24.6251 -9.990e-29
 190.398322      2.706  38.277789    12.7563     8.2569      2.683    32.6581    24.6268 -9.990e-29
 190.398328      2.710  38.278108    12.7552     8.2548      2.687    32.6594    24.6280 -9.990e-29
 190.398333      2.710  38.279238    12.7561     8.2200      2.687    32.6597    24.6281 -9.990e-29
 190.398339      2.705  38.279884    12.7579     8.2131      2.682    32.6587    24.6270 -9.990e-29
 190.398345      2.695  38.280349    12.7599     8.2278      2.672    32.6574    24.6256 -9.990e-29
 190.398351      2.684  38.281254    12.7612     8.2344      2.662    32.6572    24.6251 -9.990e-29
 190.398356      2.680  38.282684    12.7623     8.2328      2.658    32.6576    24.6252 -9.990e-29
 190.398362      2.687  38.284308    12.7639     8.2298      2.665    32.6577    24.6251 -9.990e-29
 190.398368      2.701  38.286050    12.7654     8.2253      2.678    32.6581    24.6250 -9.990e-29
 190.398374      2.714  38.286868    12.7660     8.2264      2.691    32.6584    24.6251 -9.990e-29
 190.398380      2.722  38.285052    12.7657     8.2150      2.699    32.6569    24.6240 -9.990e-29
 190.398385      2.727  38.282665    12.7649     8.1883      2.704    32.6553    24.6230 -9.990e-29
 190.398391      2.725  38.282132    12.7637     8.1897      2.702    32.6558    24.6236 -9.990e-29
 190.398397      2.710  38.281624    12.7630     8.1482      2.687    32.6560    24.6239 -9.990e-29
 190.398403      2.691  38.281023    12.7636     8.1477      2.669    32.6549    24.6229 -9.990e-29
 190.398409      2.679  38.281773    12.7655     8.1633      2.657    32.6540    24.6218 -9.990e-29
 190.398414      2.677  38.283194    12.7679     8.1731      2.655    32.6532    24.6208 -9.990e-29
 190.398420      2.686  38.284939    12.7696     8.2218      2.664    32.6534    24.6206 -9.990e-29
 190.398426      2.703  38.287094    12.7709     8.2338      2.680    32.6543    24.6210 -9.990e-29
 190.398432      2.718  38.289171    12.7722     8.2655      2.695    32.6552    24.6214 -9.990e-29
 190.398438      2.729  38.290577    12.7733     8.2984      2.706    32.6556    24.6215 -9.990e-29
 190.398443      2.738  38.290946    12.7747     8.2975      2.715    32.6547    24.6206 -9.990e-29
 190.398449      2.743  38.291332    12.7766     8.2947      2.720    32.6534    24.6192 -9.990e-29
 190.398455      2.747  38.292249    12.7773     8.2715      2.724    32.6537    24.6193 -9.990e-29
 190.398461      2.748  38.293800    12.7769     8.2602      2.725    32.6555    24.6208 -9.990e-29
 190.398466      2.747  38.296935    12.7788     8.2703      2.724    32.6568    24.6214 -9.990e-29
 190.398472      2.744  38.301350    12.7834     8.2634      2.721    32.6570    24.6207 -9.990e-29
 190.398478      2.739  38.305084    12.7869     8.2400      2.716    32.6576    24.6204 -9.990e-29
 190.398484      2.726  38.305828    12.7895     8.2203      2.703    32.6560    24.6187 -9.990e-29
 190.398490      2.702  38.304019    12.7934     8.2119      2.679    32.6509    24.6140 -9.990e-29
 190.398495      2.673  38.302290    12.7961     8.2120      2.651    32.6470    24.6105 -9.990e-29
 190.398501      2.654  38.301142    12.7951     8.2320      2.632    32.6468    24.6105 -9.990e-29
 190.398507      2.653  38.299607    12.7918     8.2518      2.631    32.6482    24.6122 -9.990e-29
 190.398513      2.665  38.298444    12.7888     8.2702      2.643    32.6496    24.6139 -9.990e-29
 190.398519      2.683  38.298346    12.7874     8.2743      2.661    32.6507    24.6151 -9.990e-29
 190.398524      2.694  38.298619    12.7877     8.2775      2.671    32.6507    24.6150 -9.990e-29
 190.398530      2.692  38.299067    12.7895     8.2902      2.670    32.6496    24.6138 -9.990e-29
 190.398536      2.679  38.300850    12.7943     8.2954      2.657    32.6472    24.6109 -9.990e-29
 190.398542      2.664  38.306346    12.8034     8.2939      2.642    32.6445    24.6071 -9.990e-29
 190.398547      2.655  38.315035    12.8157     8.3018      2.633    32.6421    24.6029 -9.990e-29
 190.398553      2.655  38.324492    12.8279     8.2889      2.633    32.6406    24.5993 -9.990e-29
 190.398559      2.660  38.334996    12.8356     8.2835      2.638    32.6439    24.6004 -9.990e-29
 190.398565      2.666  38.343177    12.8381     8.2847      2.644    32.6495    24.6042 -9.990e-29
 190.398571      2.672  38.344252    12.8375     8.2640      2.650    32.6510    24.6055 -9.990e-29
 190.398576      2.677  38.341339    12.8365     8.2565      2.655    32.6491    24.6042 -9.990e-29
 190.398582      2.679  38.338403    12.8361     8.2593      2.657    32.6467    24.6024 -9.990e-29
 190.398588      2.688  38.336014    12.8357     8.2680      2.666    32.6447    24.6010 -9.990e-29
 190.398594      2.703  38.334911    12.8347     8.2846      2.680    32.6445    24.6011 -9.990e-29
 190.398600      2.718  38.334748    12.8334     8.2940      2.695    32.6455    24.6021 -9.990e-29
 190.398605      2.729  38.335307    12.8328     8.2971      2.706    32.6465    24.6030 -9.990e-29
 190.398611      2.733  38.336213    12.8335     8.2937      2.710    32.6468    24.6030 -9.990e-29
 190.398617      2.725  38.336431    12.8354     8.2702      2.702    32.6454    24.6016 -9.990e-29
 190.398623      2.709  38.336813    12.8382     8.2678      2.686    32.6433    24.5994 -9.990e-29
 190.398628      2.693  38.338432    12.8420     8.2657      2.671    32.6416    24.5973 -9.990e-29
 190.398634      2.684  38.341765    12.8458     8.2568      2.662    32.6415    24.5965 -9.990e-29
 190.398640      2.682  38.344533    12.8478     8.2609      2.660    32.6424    24.5968 -9.990e-29
 190.398646      2.678  38.343701    12.8486     8.2511      2.656    32.6409    24.5955 -9.990e-29
 190.398652      2.667  38.342087    12.8496     8.2664      2.645    32.6385    24.5935 -9.990e-29
 190.398657      2.653  38.342023    12.8499     8.2901      2.631    32.6382    24.5932 -9.990e-29
 190.398663      2.645  38.341744    12.8488     8.2948      2.623    32.6389    24.5939 -9.990e-29
 190.398669      2.649  38.340320    12.8455     8.2945      2.627    32.6404    24.5957 -9.990e-29
 190.398675      2.666  38.336976    12.8412     8.2837      2.644    32.6409    24.5970 -9.990e-29
 190.398681      2.684  38.333979    12.8403     8.2699      2.662    32.6388    24.5955 -9.990e-29
 190.398686      2.697  38.335183    12.8431     8.2815      2.674    32.6375    24.5940 -9.990e-29
 190.398692      2.704  38.338267    12.8459     8.2778      2.681    32.6380    24.5938 -9.990e-29
 190.398698      2.710  38.340618    12.8475     8.2649      2.687    32.6389    24.5942 -9.990e-29
 190.398704      2.720  38.342569    12.8480     8.2423      2.697    32.6403    24.5952 -9.990e-29
 190.398709      2.731  38.341679    12.8475     8.2326      2.708    32.6399    24.5950 -9.990e-29
 190.398715      2.739  38.338443    12.8476     8.2590      2.716    32.6367    24.5925 -9.990e-29
 190.398721      2.744  38.338078    12.8494     8.2890      2.721    32.6348    24.5907 -9.990e-29
 190.398727      2.747  38.340659    12.8522     8.3023      2.724    32.6349    24.5901 -9.990e-29
 190.398733      2.748  38.342902    12.8545     8.3106      2.725    32.6350    24.5898 -9.990e-29
 190.398738      2.747  38.344435    12.8556     8.3007      2.724    32.6355    24.5900 -9.990e-29
 190.398744      2.743  38.345622    12.8560     8.2940      2.720    32.6363    24.5905 -9.990e-29
 190.398750      2.742  38.346366    12.8556     8.2972      2.719    32.6373    24.5914 -9.990e-29
 190.398756      2.747  38.346538    12.8540     8.2729      2.724    32.6389    24.5929 -9.990e-29
 190.398762      2.754  38.345810    12.8520     8.2605      2.731    32.6399    24.5941 -9.990e-29
 190.398767      2.759  38.344893    12.8510     8.2633      2.736    32.6399    24.5943 -9.990e-29
 190.398773      2.763  38.344809    12.8511     8.2489      2.740    32.6397    24.5941 -9.990e-29
 190.398779      2.766  38.345445    12.8514     8.2581      2.743    32.6401    24.5943 -9.990e-29
 190.398785      2.768  38.345969    12.8514     8.2535      2.745    32.6406    24.5947 -9.990e-29
 190.398791      2.770  38.345397    12.8509     8.2466      2.747    32.6405    24.5947 -9.990e-29
 190.398796      2.770  38.343530    12.8502     8.2611      2.747    32.6393    24.5940 -9.990e-29
 190.398802      2.771  38.341804    12.8494     8.2632      2.748    32.6383    24.5934 -9.990e-29
 190.398808      2.770  38.341280    12.8486     8.2609      2.747    32.6385    24.5937 -9.990e-29
 190.398814      2.765  38.341263    12.8483     8.2476      2.742    32.6388    24.5940 -9.990e-29
 190.398819      2.754  38.341168    12.8472     8.2295      2.731    32.6397    24.5948 -9.990e-29
 190.398825      2.750  38.339751    12.8422     8.2297      2.727    32.6426    24.5981 -9.990e-29
 190.398831      2.758  38.334002    12.8337     8.2369      2.735    32.6445    24.6012 -9.990e-29
 190.398837      2.768  38.324666    12.8269     8.2520      2.745    32.6415    24.6003 -9.990e-29
 190.398843      2.777  38.320036    12.8256     8.2716      2.754    32.6383    24.5980 -9.990e-29
 190.398848      2.786  38.323468    12.8293     8.2754      2.763    32.6383    24.5973 -9.990e-29
 190.398854      2.791  38.328325    12.8347     8.2822      2.768    32.6383    24.5962 -9.990e-29
 190.398860      2.788  38.330995    12.8386     8.2842      2.765    32.6374    24.5948 -9.990e-29
 190.398866      2.781  38.332238    12.8383     8.2591      2.758    32.6389    24.5960 -9.990e-29
 190.398872      2.779  38.331469    12.8327     8.2321      2.756    32.6430    24.6002 -9.990e-29
 190.398877      2.786  38.327666    12.8250     8.2152      2.763    32.6460    24.6041 -9.990e-29
 190.398883      2.792  38.323610    12.8216     8.2095      2.769    32.6451    24.6041 -9.990e-29
 190.398889      2.787  38.323982    12.8249     8.2045      2.764    32.6426    24.6015 -9.990e-29
 190.398895      2.769  38.327593    12.8299     8.1849      2.746    32.6417    24.5998 -9.990e-29
 190.398900      2.751  38.330848    12.8314     8.1760      2.728    32.6435    24.6009 -9.990e-29
 190.398906      2.743  38.331365    12.8288     8.2018      2.720    32.6463    24.6035 -9.990e-29
 190.398912      2.746  38.326474    12.8249     8.2369      2.723    32.6450    24.6033 -9.990e-29
 190.398918      2.751  38.320866    12.8233     8.2761      2.728    32.6411    24.6006 -9.990e-29
 190.398924      2.754  38.321080    12.8236     8.2792      2.731    32.6410    24.6005 -9.990e-29
 190.398929      2.755  38.323474    12.8226     8.2721      2.732    32.6441    24.6031 -9.990e-29
 190.398935      2.760  38.323955    12.8197     8.2612      2.737    32.6471    24.6060 -9.990e-29
 190.398941      2.771  38.323167    12.8162     8.2575      2.748    32.6494    24.6084 -9.990e-29
 190.398947      2.782  38.321741    12.8145     8.2709      2.759    32.6495    24.6088 -9.990e-29
 190.398953      2.780  38.321699    12.8158     8.2644      2.757    32.6483    24.6077 -9.990e-29
 190.398958      2.765  38.323546    12.8186     8.2533      2.742    32.6477    24.6066 -9.990e-29
 190.398964      2.750  38.324327    12.8200     8.2575      2.727    32.6472    24.6060 -9.990e-29
 190.398970      2.741  38.323403    12.8194     8.2633      2.718    32.6468    24.6058 -9.990e-29
 190.398976      2.734  38.322531    12.8189     8.2576      2.711    32.6464    24.6056 -9.990e-29
 190.398981      2.723  38.322788    12.8197     8.2409      2.700    32.6460    24.6051 -9.990e-29
 190.398987      2.709  38.324140    12.8211     8.2221      2.686    32.6461    24.6049 -9.990e-29
 190.398993      2.695  38.325584    12.8219     8.2331      2.672    32.6468    24.6053 -9.990e-29
 190.398999      2.689  38.326801    12.8223     8.2523      2.667    32.6476    24.6058 -9.990e-29
 190.399005      2.689  38.328289    12.8238     8.2550      2.667    32.6477    24.6056 -9.990e-29
 190.399010      2.688  38.329789    12.8269     8.2533      2.666    32.6464    24.6040 -9.990e-29
 190.399016      2.685  38.330495    12.8291     8.2571      2.663    32.6452    24.6027 -9.990e-29
 190.399022      2.689  38.330224    12.8287     8.2718      2.667    32.6453    24.6028 -9.990e-29
 190.399028      2.700  38.328615    12.8267     8.3045      2.677    32.6455    24.6033 -9.990e-29
 190.399034      2.710  38.326321    12.8261     8.3207      2.687    32.6438    24.6022 -9.990e-29
 190.399039      2.716  38.325888    12.8278     8.3135      2.693    32.6419    24.6004 -9.990e-29
 190.399045      2.718  38.327294    12.8309     8.3062      2.695    32.6406    24.5987 -9.990e-29
 190.399051      2.716  38.329048    12.8344     8.3040      2.693    32.6392    24.5970 -9.990e-29
 190.399057      2.710  38.332365    12.8380     8.3005      2.687    32.6393    24.5963 -9.990e-29
 190.399063      2.703  38.337180    12.8414     8.2796      2.680    32.6409    24.5969 -9.990e-29
 190.399068      2.700  38.340944    12.8447     8.2615      2.677    32.6416    24.5968 -9.990e-29
 190.399074      2.701  38.343627    12.8480     8.2598      2.678    32.6413    24.5960 -9.990e-29
 190.399080      2.706  38.346002    12.8511     8.2600      2.683    32.6409    24.5950 -9.990e-29
 190.399086      2.710  38.347310    12.8538     8.2837      2.687    32.6398    24.5937 -9.990e-29
 190.399091      2.709  38.348171    12.8561     8.2895      2.686    32.6386    24.5923 -9.990e-29
 190.399097      2.704  38.349168    12.8571     8.2623      2.681    32.6387    24.5922 -9.990e-29
 190.399103      2.694  38.349947    12.8570     8.2611      2.671    32.6395    24.5928 -9.990e-29
 190.399109      2.687  38.350424    12.8567     8.2622      2.665    32.6402    24.5934 -9.990e-29
 190.399115      2.696  38.350674    12.8559     8.2903      2.673    32.6412    24.5943 -9.990e-29
 190.399120      2.716  38.351027    12.8549     8.3011      2.693    32.6424    24.5954 -9.990e-29
 190.399126      2.737  38.350829    12.8541     8.2878      2.714    32.6429    24.5960 -9.990e-29
 190.399132      2.755  38.349253    12.8532     8.2718      2.732    32.6421    24.5956 -9.990e-29
 190.399138      2.771  38.346996    12.8514     8.2542      2.748    32.6415    24.5955 -9.990e-29
 190.399144      2.786  38.344972    12.8492     8.2574      2.763    32.6415    24.5959 -9.990e-29
 190.399149      2.798  38.343282    12.8478     8.2832      2.775    32.6411    24.5959 -9.990e-29
 190.399155      2.798  38.341351    12.8481     8.2874      2.775    32.6390    24.5942 -9.990e-29
 190.399161      2.786  38.340523    12.8494     8.2627      2.763    32.6371    24.5925 -9.990e-29
